Time,Iteration,Cost,Parameters
Sat May 25 12:51:04 2024,0,0.8205881808678299,[-2.90860363  2.23201445 -2.12969982 -0.11111084  0.55930727 -2.77552916
  3.07400517  2.18418127  1.19094017 -1.07190327  0.59729492  1.14974464
  1.31571917 -1.86812661  0.73507099  2.89120438 -0.53992316 -0.48064504
 -2.03196259  0.72355351  1.61054682  2.82535088 -1.25914691 -0.24594086
 -2.39821237 -2.27851793  3.13879173  2.55398977 -0.68092806 -2.68460183
  1.52243642 -0.0410521  -2.34813389  2.04585233  1.14674293 -0.6451348
  1.05007388 -1.91513997 -0.31525969  2.31684014 -0.20043074  0.57179452
  2.68441113  1.0781538   2.58644885  2.93712013  2.75972572 -2.94036552
  0.3614204  -0.66267926  1.65701105  2.67500123 -0.24652936 -2.46349925
  2.64112543 -3.08472448  0.78587706 -0.75359752 -1.81234544  2.99326841
 -1.86429188 -1.64276106 -2.54828806  2.30384614 -2.25379305  1.99075571
  1.91423033  1.43059333  2.59388867  2.8660545   1.84190022  1.52679446
 -1.70408552 -2.34973235  1.22750392  0.69301455  1.56942089 -2.85493308
 -0.45809357  2.4164895  -0.90503647  1.42597762  1.70969673  0.56051101
 -0.89718364  1.21395332  0.7202461  -0.36392716  2.68908467 -2.24631627
  1.49975294 -0.53641205  1.07447354 -2.91861997 -2.2888455   0.40152753
 -1.05337141 -0.39552358  0.4171931  -0.07635355 -1.59768561 -0.16491564
 -0.71196459  2.85506545 -1.20876485 -1.14991471 -1.22570103  1.2721886
  1.690227   -0.8076214   1.95289759 -1.9763641  -0.28597906 -0.84749906
 -2.99115992  3.04128553 -1.73124156  3.09702158 -1.31852819 -2.7878063
  3.06753816 -1.2164099  -0.67429538 -3.04387846 -2.49982405  2.80944623
 -2.05126516 -1.96180632 -0.48647496  3.13580058  0.29357567  0.11655297
 -1.54777519 -0.3601039  -1.5255992  -3.10268468  2.81519908  1.07350675
 -0.45022587 -2.22083938  0.99803608 -1.31650473 -0.22678106 -2.31991594
 -1.86713865  1.79365592 -0.99835569  2.66210779 -0.5857908  -3.08446891
 -2.9011537   2.03356778 -3.12423564 -0.27847393 -1.06759144 -0.25708286
  2.48773966  1.85877866  0.03499176 -2.52097151 -2.70974215  0.17463339
 -0.7944296   1.41077271 -2.58231461  0.97225597 -0.09968187  0.33712827
  1.96456783  0.7030834   0.6647687  -1.2807159   1.82570487  2.53593681
  1.12870979  0.30051604 -1.10791585  2.44120739  0.73668725 -2.01846854
  0.07882675  1.92963821  0.99321193 -0.79272303 -2.41723823  2.51084546
  1.99738891  1.74476284  2.22142244  1.68448142 -1.72652375 -2.8706494
  0.6521839   1.4922156  -2.29436876 -1.33386742  2.36168417  1.40546512
 -0.24021711 -1.85492127 -1.57798622  1.92769778  1.51703854 -0.927739
 -0.12768806 -0.46452932 -0.24352104  2.36013872 -0.40814386 -0.78009062
  0.83421501 -2.35535701  0.88932942  2.58561252 -0.49147682  2.25682158
 -1.95102588 -1.08698706 -2.5133959  -2.30787325 -1.49765546 -3.08670479
  1.65561542  1.74347428  1.50267923  1.05842095  1.31625338 -2.19771988
 -2.71755722  1.71517558  1.00342584 -0.34995577 -2.56748178  1.60790224
 -1.18120359 -2.75327261 -0.14656185  2.07160758 -2.74809125 -2.32446207
  1.92294746  0.98861137 -0.60015839 -0.54600646 -0.7481272   2.15142653
  0.63277486 -0.47036603  0.46357202 -2.35081323  1.35847386 -0.2360479
  2.10466356  0.82378606  2.58380711 -1.19188122  2.28268105 -0.35335929
 -3.10415224  2.29983534  0.80963037  2.10802151 -1.30575358  1.29333775
 -1.73782463  0.16924655  0.25914601 -2.7276336  -0.74491618 -2.47578066
  0.27247066 -0.25380335]
Sat May 25 12:51:41 2024,1,0.8199579923587891,[-2.91419493  2.23760575 -2.12410852 -0.11670214  0.55371597 -2.78112046
  3.06841387  2.17858997  1.19653147 -1.06631197  0.60288621  1.15533594
  1.31012787 -1.87371791  0.72947969  2.88561308 -0.53433187 -0.47505374
 -2.03755389  0.72914481  1.61613812  2.81975959 -1.25355561 -0.24034956
 -2.40380366 -2.28410923  3.14438303  2.55958107 -0.67533676 -2.69019313
  1.51684512 -0.0466434  -2.35372519  2.05144362  1.14115164 -0.6507261
  1.05566517 -1.90954867 -0.30966839  2.31124885 -0.19483944  0.57738582
  2.67881983  1.0837451   2.59204015  2.94271143  2.75413442 -2.94595682
  0.35582911 -0.66827055  1.66260235  2.66940993 -0.25212066 -2.45790795
  2.64671673 -3.09031578  0.78028576 -0.75918882 -1.80675414  2.98767711
 -1.85870058 -1.64835236 -2.54269676  2.29825484 -2.25938434  1.996347
  1.90863903  1.43618463  2.58829737  2.8604632   1.84749152  1.52120316
 -1.70967682 -2.34414106  1.23309522  0.68742325  1.56382959 -2.84934179
 -0.46368487  2.4108982  -0.89944517  1.42038632  1.71528803  0.55491971
 -0.90277494  1.20836202  0.7146548  -0.35833586  2.69467597 -2.25190756
  1.49416164 -0.54200335  1.08006484 -2.91302867 -2.2832542   0.40711883
 -1.04778011 -0.40111488  0.4227844  -0.07076225 -1.60327691 -0.17050694
 -0.70637329  2.86065675 -1.21435615 -1.155506   -1.23129233  1.2777799
  1.6846357  -0.80203011  1.95848889 -1.9707728  -0.28038776 -0.84190777
 -2.99675122  3.03569424 -1.72565026  3.09143028 -1.31293689 -2.782215
  3.07312945 -1.2220012  -0.67988668 -3.03828716 -2.49423275  2.80385493
 -2.05685646 -1.96739762 -0.48088366  3.13020928  0.28798437  0.12214427
 -1.54218389 -0.3545126  -1.5311905  -3.09709338  2.82079038  1.07909804
 -0.45581717 -2.21524808  1.00362737 -1.32209603 -0.22118977 -2.32550724
 -1.86154735  1.78806462 -0.9927644   2.66769909 -0.58019951 -3.09006021
 -2.8955624   2.02797649 -3.12982694 -0.27288263 -1.07318274 -0.25149156
  2.49333096  1.85318736  0.04058306 -2.52656281 -2.71533344  0.1690421
 -0.8000209   1.41636401 -2.58790591  0.96666467 -0.09409058  0.33153697
  1.95897653  0.70867469  0.6591774  -1.2863072   1.83129617  2.54152811
  1.12311849  0.30610734 -1.10232455  2.44679869  0.73109595 -2.02405983
  0.07323545  1.92404692  0.98762064 -0.78713173 -2.42282953  2.50525417
  1.99179761  1.73917154  2.22701374  1.69007272 -1.72093245 -2.8650581
  0.65777519  1.4978069  -2.29996005 -1.33945872  2.36727546  1.41105642
 -0.24580841 -1.86051257 -1.57239492  1.92210648  1.51144724 -0.9221477
 -0.13327936 -0.45893802 -0.24911234  2.36573002 -0.40255256 -0.78568192
  0.83980631 -2.34976571  0.88373812  2.59120381 -0.49706812  2.25123029
 -1.94543458 -1.08139576 -2.5078046  -2.30228195 -1.49206416 -3.08111349
  1.66120672  1.73788299  1.50827053  1.05282966  1.32184468 -2.19212859
 -2.71196592  1.72076687  0.99783454 -0.35554707 -2.57307308  1.61349354
 -1.1756123  -2.7588639  -0.15215315  2.07719887 -2.75368255 -2.33005337
  1.92853876  0.98302007 -0.60574969 -0.55159776 -0.7425359   2.14583523
  0.63836616 -0.46477474  0.46916332 -2.34522193  1.36406516 -0.24163919
  2.11025486  0.82937736  2.57821581 -1.19747252  2.27708975 -0.35895059
 -3.10974354  2.29424405  0.80403907  2.10243021 -1.31134487  1.29892905
 -1.74341593  0.16365525  0.25355471 -2.7332249  -0.73932488 -2.48137196
  0.27806195 -0.25939465]
Sat May 25 12:52:04 2024,2,0.8192794706751727,[-2.91997141  2.24338223 -2.12988501 -0.12247862  0.54793949 -2.78689694
  3.07419035  2.18436645  1.20230795 -1.06053549  0.59710973  1.16111242
  1.30435139 -1.87949439  0.73525617  2.8798366  -0.52855538 -0.46927726
 -2.03177741  0.73492129  1.61036164  2.8139831  -1.25933209 -0.24612604
 -2.39802718 -2.28988571  3.13860655  2.56535755 -0.66956028 -2.69596961
  1.51106864 -0.05241988 -2.34794871  2.05722011  1.13537515 -0.64494961
  1.06144166 -1.91532516 -0.30389191  2.31702533 -0.20061592  0.57160934
  2.68459631  1.07796862  2.59781663  2.93693495  2.74835794 -2.9517333
  0.36160559 -0.67404704  1.66837883  2.67518642 -0.24634417 -2.45213147
  2.65249321 -3.09609226  0.77450928 -0.75341234 -1.80097766  2.98190063
 -1.8529241  -1.65412884 -2.54847324  2.30403132 -2.26516083  1.99057052
  1.91441551  1.43040815  2.58252089  2.86623969  1.84171504  1.51542668
 -1.70390033 -2.33836457  1.2388717   0.68164677  1.56960607 -2.8435653
 -0.45790839  2.40512172 -0.89366869  1.4261628   1.70951155  0.56069619
 -0.89699846  1.20258554  0.72043129 -0.35255938  2.68889949 -2.24613108
  1.48838516 -0.53622687  1.08584132 -2.90725219 -2.28903069  0.40134235
 -1.0535566  -0.3953384   0.42856088 -0.07653873 -1.59750042 -0.17628342
 -0.71214978  2.85488027 -1.20857967 -1.14972952 -1.23706881  1.27200342
  1.67885922 -0.79625362  1.96426537 -1.97654928 -0.27461128 -0.84768425
 -2.99097474  3.04147072 -1.73142675  3.09720677 -1.30716041 -2.78799148
  3.06735297 -1.21622472 -0.68566316 -3.03251068 -2.50000923  2.79807845
 -2.06263294 -1.9731741  -0.48666014  3.13598577  0.28220789  0.11636778
 -1.54796037 -0.36028909 -1.53696698 -3.0913169   2.82656687  1.07332156
 -0.46159365 -2.2094716   0.99785089 -1.32787251 -0.22696625 -2.33128372
 -1.86732384  1.7938411  -0.98698791  2.67347557 -0.58597599 -3.09583669
 -2.88978592  2.0222     -3.13560342 -0.26710615 -1.06740626 -0.24571508
  2.48755447  1.85896385  0.04635954 -2.53233929 -2.70955696  0.17481858
 -0.80579738  1.42214049 -2.58212942  0.97244116 -0.09986706  0.33731346
  1.95320005  0.70289821  0.66495388 -1.29208368  1.82551968  2.54730459
  1.12889497  0.30033085 -1.10810103  2.45257517  0.72531947 -2.02983632
  0.07901193  1.91827043  0.98184415 -0.78135525 -2.41705305  2.51103065
  1.98602113  1.74494802  2.22123726  1.6958492  -1.71515597 -2.87083458
  0.65199871  1.50358338 -2.29418357 -1.3452352   2.36149898  1.4168329
 -0.25158489 -1.85473609 -1.56661844  1.92788296  1.50567076 -0.91637122
 -0.12750287 -0.4647145  -0.24333586  2.35995354 -0.40832904 -0.7914584
  0.83402983 -2.34398923  0.8895146   2.58542733 -0.5028446   2.2454538
 -1.95121106 -1.07561928 -2.50202812 -2.30805843 -1.49784064 -3.08688997
  1.6669832   1.7321065   1.50249404  1.05860614  1.3160682  -2.1863521
 -2.70618944  1.71499039  0.99205806 -0.36132355 -2.56729659  1.61927002
 -1.18138878 -2.76464039 -0.14637667  2.07142239 -2.74790607 -2.33582986
  1.92276228  0.97724359 -0.5999732  -0.54582128 -0.73675942  2.15161171
  0.63258968 -0.45899825  0.4749398  -2.35099842  1.36984164 -0.24741568
  2.10447838  0.83515384  2.58399229 -1.203249    2.28286624 -0.36472707
 -3.10396705  2.30002053  0.80981555  2.09665373 -1.30556839  1.29315257
 -1.74919241  0.15787877  0.24777823 -2.73900138 -0.7335484  -2.48714844
  0.27228547 -0.26517113]
Sat May 25 12:52:56 2024,3,0.8185487086800138,[-2.92594232  2.23741132 -2.13585591 -0.12844953  0.55391039 -2.79286785
  3.08016126  2.19033736  1.20827886 -1.0665064   0.60308064  1.16708332
  1.3103223  -1.8854653   0.72928527  2.88580751 -0.52258448 -0.46330635
 -2.0258065   0.72895038  1.60439073  2.81995401 -1.265303   -0.24015514
 -2.40399809 -2.2839148   3.14457746  2.57132846 -0.66358937 -2.70194052
  1.50509773 -0.04644897 -2.3419778   2.06319101  1.12940425 -0.63897871
  1.05547075 -1.90935425 -0.297921    2.32299623 -0.20658683  0.56563843
  2.6786254   1.07199771  2.60378754  2.94290586  2.74238703 -2.9457624
  0.35563468 -0.68001794  1.66240792  2.68115732 -0.24037327 -2.44616056
  2.64652231 -3.10206317  0.76853837 -0.75938324 -1.79500675  2.97592972
 -1.84695319 -1.64815794 -2.55444415  2.31000223 -2.27113173  1.99654143
  1.92038642  1.43637906  2.57654998  2.87221059  1.83574413  1.50945578
 -1.69792943 -2.33239367  1.2329008   0.67567586  1.57557698 -2.8375944
 -0.46387929  2.39915081 -0.88769778  1.43213371  1.70354064  0.5666671
 -0.90296936  1.19661463  0.71446038 -0.34658847  2.6948704  -2.25210199
  1.48241425 -0.54219778  1.07987042 -2.90128128 -2.29500159  0.40731326
 -1.04758569 -0.4013093   0.42258997 -0.07056783 -1.60347133 -0.17031252
 -0.71812068  2.84890936 -1.20260876 -1.15570043 -1.24303972  1.27797432
  1.67288831 -0.80222453  1.97023628 -1.97057837 -0.26864037 -0.85365516
 -2.98500383  3.04744163 -1.72545584  3.10317767 -1.3011895  -2.78202058
  3.06138207 -1.21025381 -0.69163407 -3.03848158 -2.49403832  2.79210754
 -2.05666204 -1.97914501 -0.48068924  3.14195667  0.27623698  0.12233869
 -1.55393128 -0.35431818 -1.54293789 -3.0972878   2.82059596  1.06735065
 -0.45562275 -2.20350069  1.0038218  -1.33384342 -0.23293716 -2.33725463
 -1.86135293  1.78787019 -0.98101701  2.66750466 -0.58000508 -3.1018076
 -2.89575682  2.0162291  -3.12963251 -0.27307705 -1.07337717 -0.23974417
  2.48158357  1.86493475  0.05233045 -2.5383102  -2.71552787  0.16884767
 -0.79982648  1.41616959 -2.58810033  0.96647025 -0.09389615  0.34328436
  1.94722914  0.6969273   0.67092479 -1.29805459  1.81954878  2.5532755
  1.12292407  0.29435995 -1.11407194  2.44660427  0.73129037 -2.03580722
  0.08498284  1.91229953  0.97587325 -0.77538434 -2.42302395  2.50505974
  1.98005022  1.75091893  2.21526635  1.68987829 -1.70918506 -2.87680549
  0.65796962  1.49761247 -2.30015448 -1.3392643   2.35552807  1.42280381
 -0.24561399 -1.860707   -1.56064753  1.93385387  1.49969985 -0.91040031
 -0.12153197 -0.47068541 -0.23736495  2.35398263 -0.41429995 -0.7854875
  0.84000073 -2.34996014  0.8835437   2.59139824 -0.50881551  2.25142471
 -1.95718197 -1.08159018 -2.49605721 -2.31402934 -1.50381155 -3.09286088
  1.67295411  1.73807741  1.50846495  1.05263523  1.32203911 -2.19232301
 -2.71216034  1.70901948  0.98608715 -0.35535264 -2.5732675   1.61329911
 -1.17541787 -2.75866948 -0.14040576  2.06545149 -2.75387697 -2.34180076
  1.92873318  0.9832145  -0.5940023  -0.55179218 -0.74273033  2.15758262
  0.63856058 -0.46496916  0.48091071 -2.34502751  1.36387074 -0.24144477
  2.11044929  0.84112475  2.5899632  -1.20921991  2.28883714 -0.37069798
 -3.09799615  2.30599143  0.80384465  2.10262464 -1.29959749  1.29912348
 -1.75516332  0.16384968  0.24180732 -2.74497229 -0.73951931 -2.49311935
  0.26631456 -0.27114204]
Sat May 25 12:53:21 2024,4,0.817761676140216,[-2.93211564  2.23123801 -2.1296826  -0.12227621  0.56008371 -2.78669453
  3.07398795  2.19651067  1.20210554 -1.06033308  0.60925395  1.16091001
  1.30414898 -1.89163862  0.73545858  2.89198082 -0.52875779 -0.46947967
 -2.03197981  0.7351237   1.61056405  2.82612733 -1.25912969 -0.24632845
 -2.39782477 -2.27774149  3.15075077  2.56515514 -0.66976269 -2.70811383
  1.49892442 -0.04027566 -2.34815111  2.06936433  1.13557756 -0.64515202
  1.06164406 -1.90318093 -0.29174769  2.31682292 -0.20041351  0.57181174
  2.67245209  1.0658244   2.59761423  2.94907917  2.74856035 -2.93958908
  0.34946137 -0.68619126  1.65623461  2.67498401 -0.24654658 -2.45233388
  2.64034899 -3.09588985  0.76236505 -0.75320993 -1.80118006  2.96975641
 -1.85312651 -1.64198462 -2.54827083  2.30382891 -2.26495842  1.99036811
  1.92655973  1.44255237  2.57037667  2.86603728  1.84191745  1.51562909
 -1.70410274 -2.33856698  1.22672748  0.68184918  1.58175029 -2.83142108
 -0.45770598  2.40532413 -0.8938711   1.4259604   1.70971396  0.57284042
 -0.90914268  1.19044132  0.72063369 -0.34041516  2.70104371 -2.24592867
  1.47624094 -0.54837109  1.08604373 -2.89510797 -2.30117491  0.41348657
 -1.053759   -0.40748262  0.42876329 -0.06439451 -1.60964465 -0.1641392
 -0.724294    2.85508268 -1.20878207 -1.14952711 -1.23686641  1.28414764
  1.67906163 -0.79605122  1.96406297 -1.97675169 -0.26246705 -0.85982847
 -2.97883052  3.04126831 -1.73162915  3.10935099 -1.30736281 -2.77584726
  3.05520875 -1.21642713 -0.69780738 -3.03230827 -2.50021164  2.78593422
 -2.06283535 -1.9729717  -0.48686255  3.13578336  0.2824103   0.128512
 -1.5601046  -0.34814486 -1.53676458 -3.10346112  2.82676927  1.06117734
 -0.44944943 -2.20967401  1.00999511 -1.32767011 -0.22676384 -2.34342794
 -1.85517962  1.78169688 -0.98719032  2.67367798 -0.57383177 -3.10798091
 -2.90193014  2.01005578 -3.13580583 -0.27925037 -1.06720385 -0.24591749
  2.48775688  1.85876144  0.05850376 -2.53213689 -2.72170118  0.17502099
 -0.79365316  1.40999627 -2.59427365  0.97264356 -0.10006947  0.34945768
  1.95340246  0.70310062  0.6770981  -1.30422791  1.81337546  2.55944881
  1.12909738  0.30053326 -1.12024526  2.44043095  0.73746369 -2.02963391
  0.09115615  1.90612621  0.98204656 -0.76921102 -2.41685064  2.49888643
  1.97387691  1.74474562  2.22143967  1.68370498 -1.70301175 -2.87063217
  0.6517963   1.49143916 -2.30632779 -1.33309098  2.36170139  1.42897712
 -0.23944067 -1.85453368 -1.55447422  1.92768056  1.49352654 -0.91657363
 -0.11535865 -0.47685872 -0.24353827  2.34780932 -0.40812663 -0.77931418
  0.84617405 -2.35613345  0.87737038  2.59757155 -0.51498882  2.25759803
 -1.95100865 -1.0877635  -2.50223053 -2.32020265 -1.49763823 -3.08668756
  1.66678079  1.7319041   1.51463827  1.05880855  1.32821242 -2.1861497
 -2.70598703  1.7151928   0.97991383 -0.36152596 -2.57944081  1.6071258
 -1.18159119 -2.75249617 -0.14657908  2.0716248  -2.74770366 -2.33562745
  1.92255987  0.98938781 -0.58782898 -0.5579655  -0.74890364  2.16375593
  0.6447339  -0.47114247  0.47473739 -2.35120082  1.35769742 -0.24761808
  2.10427597  0.84729807  2.59613651 -1.21539322  2.29501046 -0.37687129
 -3.10416946  2.29981812  0.81001796  2.09645132 -1.29342417  1.29295016
 -1.76133663  0.17002299  0.24798063 -2.7511456  -0.733346   -2.48694603
  0.27248788 -0.26496873]
Sat May 25 12:53:44 2024,5,0.8169141239481451,[-2.93849892  2.22485472 -2.12329931 -0.1286595   0.56646699 -2.78031125
  3.06760466  2.19012739  1.20848883 -1.0539498   0.60287067  1.16729329
  1.31053227 -1.8980219   0.7290753   2.88559754 -0.53514108 -0.47586295
 -2.02559653  0.74150698  1.60418076  2.81974404 -1.26551297 -0.25271174
 -2.39144149 -2.28412477  3.15713406  2.57153843 -0.6633794  -2.71449712
  1.49254113 -0.03389237 -2.34176783  2.07574761  1.12919428 -0.65153531
  1.06802735 -1.89679765 -0.2853644   2.31043964 -0.19403023  0.57819503
  2.66606881  1.05944111  2.60399751  2.95546246  2.75494363 -2.94597237
  0.35584465 -0.67980797  1.64985132  2.68136729 -0.2401633  -2.44595059
  2.63396571 -3.08950657  0.76874834 -0.74682664 -1.80756335  2.96337312
 -1.85950979 -1.64836791 -2.55465412  2.29744563 -2.2713417   1.9967514
  1.93294302  1.44893565  2.56399338  2.859654    1.84830073  1.52201237
 -1.71048603 -2.34495026  1.2203442   0.68823246  1.57536701 -2.83780437
 -0.46408926  2.39894084 -0.90025438  1.41957711  1.71609724  0.56645713
 -0.91552596  1.1968246   0.72701698 -0.33403188  2.70742699 -2.23954539
  1.46985765 -0.54198781  1.09242702 -2.90149125 -2.29479162  0.40710329
 -1.06014229 -0.40109933  0.42238    -0.05801123 -1.60326136 -0.17052249
 -0.71791071  2.84869939 -1.20239879 -1.14314383 -1.23048312  1.27776435
  1.68544491 -0.78966793  1.97044625 -1.98313497 -0.26885034 -0.86621176
 -2.97244723  3.0476516  -1.72524587  3.11573427 -1.30097953 -2.78223055
  3.06159204 -1.22281041 -0.6914241  -3.02592498 -2.50659492  2.79231751
 -2.05645207 -1.97935498 -0.49324583  3.12940007  0.28879358  0.12212872
 -1.56648788 -0.35452815 -1.53038129 -3.09707783  2.82038599  1.06756062
 -0.45583272 -2.21605729  1.00361183 -1.32128682 -0.23314713 -2.33704466
 -1.84879633  1.78808016 -0.98080704  2.68006126 -0.58021505 -3.1143642
 -2.90831342  2.01643907 -3.14218911 -0.28563365 -1.07358714 -0.25230077
  2.4813736   1.85237815  0.05212048 -2.53852017 -2.7153179   0.18140427
 -0.78726988  1.41637956 -2.60065693  0.96626028 -0.09368618  0.35584096
  1.94701917  0.69671733  0.67071482 -1.31061119  1.80699218  2.56583209
  1.13548066  0.29414998 -1.11386197  2.44681424  0.7310804  -2.02325063
  0.09753944  1.9125095   0.98842984 -0.77559431 -2.41046735  2.50526971
  1.96749362  1.73836233  2.21505638  1.67732169 -1.69662846 -2.87701546
  0.65817959  1.49782244 -2.29994451 -1.3267077   2.3553181   1.43536041
 -0.23305739 -1.86091697 -1.54809094  1.92129727  1.48714326 -0.92295691
 -0.12174194 -0.47047544 -0.24992155  2.34142603 -0.40174335 -0.78569747
  0.85255733 -2.36251674  0.8709871   2.60395484 -0.50860554  2.25121474
 -1.94462537 -1.09414678 -2.49584724 -2.32658594 -1.50402152 -3.09307085
  1.66039751  1.73828738  1.52102155  1.05242526  1.3345957  -2.19253298
 -2.71237031  1.72157608  0.97353055 -0.36790924 -2.57305753  1.60074251
 -1.1752079  -2.74611288 -0.14019579  2.07800808 -2.75408694 -2.32924416
  1.91617658  0.98300453 -0.5814457  -0.55158221 -0.75528693  2.17013922
  0.63835061 -0.47752576  0.46835411 -2.34481754  1.35131414 -0.2412348
  2.11065926  0.85368135  2.6025198  -1.20900994  2.30139374 -0.38325458
 -3.11055275  2.29343484  0.81640125  2.09006804 -1.29980746  1.29933345
 -1.76771992  0.17640628  0.25436392 -2.74476232 -0.72696271 -2.49332932
  0.27887116 -0.25858544]
Sat May 25 12:54:07 2024,6,0.8160015394952943,[-2.94509961  2.23145542 -2.12990001 -0.13526019  0.5598663  -2.77371055
  3.07420536  2.18352669  1.21508952 -1.06055049  0.60947136  1.1606926
  1.30393157 -1.90462259  0.7224746   2.87899684 -0.54174177 -0.48246364
 -2.03219722  0.73490629  1.59758007  2.82634474 -1.25891228 -0.25931243
 -2.38484079 -2.29072547  3.16373475  2.56493773 -0.6699801  -2.70789642
  1.49914183 -0.04049307 -2.33516714  2.06914692  1.12259358 -0.64493461
  1.07462804 -1.90339834 -0.27876371  2.31704033 -0.20063092  0.57159433
  2.6726695   1.05284042  2.6105982   2.96206315  2.74834294 -2.95257306
  0.36244534 -0.67320728  1.65645202  2.6747666  -0.24676399 -2.45255129
  2.6405664  -3.09610726  0.77534903 -0.75342734 -1.81416404  2.96997382
 -1.86611049 -1.6549686  -2.56125481  2.30404632 -2.26474101  1.9901507
  1.93954371  1.44233496  2.57059408  2.86625469  1.85490142  1.51541168
 -1.70388533 -2.33834957  1.22694489  0.69483316  1.5819677  -2.83120367
 -0.45748857  2.40554154 -0.89365369  1.42617781  1.70949655  0.57305783
 -0.90892527  1.2034253   0.72041628 -0.32743118  2.7008263  -2.2329447
  1.46325696 -0.53538711  1.09902771 -2.90809195 -2.30139232  0.40050259
 -1.06674298 -0.40770003  0.4289807  -0.05141053 -1.60986206 -0.17712318
 -0.72451141  2.8420987  -1.1957981  -1.14974452 -1.22388243  1.27116366
  1.69204561 -0.78306724  1.97704695 -1.97653428 -0.27545103 -0.87281245
 -2.97904793  3.05425229 -1.73184656  3.10913358 -1.29437884 -2.78883124
  3.05499134 -1.21620972 -0.6848234  -3.01932429 -2.49999423  2.7989182
 -2.04985137 -1.97275429 -0.48664514  3.12279938  0.29539428  0.12872941
 -1.55988719 -0.34792745 -1.53698199 -3.09047714  2.82698668  1.06095993
 -0.46243341 -2.2094566   1.01021252 -1.32788752 -0.23974782 -2.34364535
 -1.84219564  1.78147947 -0.97420634  2.68666196 -0.57361436 -3.1077635
 -2.90171273  2.02303976 -3.13558842 -0.27903296 -1.06698644 -0.24570008
  2.48797429  1.85897885  0.05872117 -2.54512087 -2.72191859  0.18800497
 -0.79387057  1.40977886 -2.59405624  0.97286097 -0.10028688  0.36244166
  1.94041848  0.70331803  0.67731551 -1.31721188  1.80039148  2.57243279
  1.14208136  0.30075067 -1.12046267  2.45341493  0.72447971 -2.01664993
  0.10414013  1.9059088   0.98182915 -0.782195   -2.41706805  2.49866902
  1.96089293  1.73176164  2.22165708  1.670721   -1.70322916 -2.88361615
  0.66478028  1.49122175 -2.3065452  -1.33330839  2.3619188   1.42875971
 -0.22645669 -1.85431627 -1.55469163  1.91469658  1.49374395 -0.9295576
 -0.12834263 -0.47707613 -0.25652225  2.34802673 -0.39514265 -0.79229816
  0.84595664 -2.35591604  0.8643864   2.59735414 -0.51520623  2.24461405
 -1.93802467 -1.08754609 -2.50244794 -2.31998524 -1.51062221 -3.08647015
  1.65379681  1.74488808  1.52762224  1.05902596  1.3411964  -2.19913368
 -2.71897101  1.71497539  0.98013124 -0.36130855 -2.57965822  1.60734321
 -1.1818086  -2.75271358 -0.14679649  2.07140739 -2.76068764 -2.33584486
  1.92277728  0.97640383 -0.58804639 -0.55818291 -0.74868623  2.16353852
  0.63174992 -0.47092506  0.4749548  -2.35141823  1.34471344 -0.24783549
  2.11725995  0.86028204  2.5959191  -1.21561063  2.30799444 -0.38985527
 -3.10395205  2.30003553  0.82300194  2.08346734 -1.30640815  1.30593414
 -1.77432061  0.16980558  0.24776322 -2.73816162 -0.7335634  -2.49993001
  0.27227047 -0.26518614]
Sat May 25 12:54:42 2024,7,0.8150191170486869,[-2.95192517  2.22462986 -2.13672556 -0.14208574  0.55304074 -2.766885
  3.0673798   2.19035225  1.20826397 -1.06737605  0.60264581  1.16751815
  1.31075713 -1.91144815  0.71564905  2.88582239 -0.54856732 -0.47563809
 -2.02537167  0.72808073  1.60440562  2.81951918 -1.25208672 -0.26613798
 -2.37801524 -2.29755102  3.1569092   2.55811218 -0.66315454 -2.70107087
  1.49231627 -0.04731862 -2.34199269  2.06232136  1.12941914 -0.65176016
  1.06780249 -1.9102239  -0.28558926  2.32386588 -0.19380537  0.57841989
  2.67949505  1.04601486  2.61742376  2.9552376   2.74151738 -2.94574751
  0.35561979 -0.66638173  1.66327757  2.68159215 -0.25358954 -2.44572573
  2.63374085 -3.08928171  0.78217459 -0.76025289 -1.8209896   2.96314826
 -1.87293604 -1.66179415 -2.55442926  2.31087188 -2.25791546  1.98332515
  1.93271816  1.43550941  2.57741963  2.87308024  1.86172698  1.50858613
 -1.69705978 -2.33152402  1.23377045  0.70165871  1.57514215 -2.82437812
 -0.45066302  2.41236709 -0.90047924  1.43300336  1.70267099  0.56623227
 -0.90209971  1.21025085  0.71359073 -0.33425673  2.70765185 -2.23977025
  1.47008251 -0.52856156  1.09220216 -2.90126639 -2.29456676  0.40732814
 -1.05991743 -0.40087448  0.42215514 -0.05823609 -1.6030365  -0.17029763
 -0.71768586  2.84892425 -1.20262365 -1.15657008 -1.21705688  1.26433811
  1.69887116 -0.77624169  1.97022139 -1.96970873 -0.26862548 -0.8659869
 -2.98587348  3.06107784 -1.73867212  3.10230802 -1.28755328 -2.78200569
  3.04816579 -1.22303527 -0.67799785 -3.02614984 -2.50681978  2.79209265
 -2.04302582 -1.96592873 -0.49347069  3.12962493  0.30221983  0.13555497
 -1.55306163 -0.35475301 -1.54380754 -3.09730269  2.82016113  1.05413438
 -0.45560786 -2.20263104  1.00338697 -1.32106196 -0.24657337 -2.3504709
 -1.83537008  1.78830502 -0.96738079  2.6798364  -0.5667888  -3.11458906
 -2.90853828  2.02986531 -3.14241397 -0.2722074  -1.073812   -0.23887452
  2.49479984  1.8658044   0.05189562 -2.55194642 -2.71509304  0.18117941
 -0.78704502  1.41660442 -2.60088179  0.96603542 -0.09346132  0.3556161
  1.93359292  0.69649248  0.67048996 -1.32403744  1.79356593  2.57925834
  1.14890691  0.30757622 -1.11363711  2.46024048  0.71765416 -2.00982438
  0.09731458  1.89908325  0.9750036  -0.77536945 -2.4238936   2.50549457
  1.96771848  1.72493608  2.21483152  1.66389545 -1.71005471 -2.8767906
  0.65795473  1.4980473  -2.29971965 -1.34013394  2.35509325  1.43558527
 -0.23328225 -1.84749072 -1.56151718  1.90787103  1.5005695  -0.93638316
 -0.13516818 -0.47025058 -0.24969669  2.34120118 -0.40196821 -0.78547261
  0.85278219 -2.34909049  0.85756085  2.6041797  -0.50838068  2.23778849
 -1.93119912 -1.09437164 -2.49562238 -2.3268108  -1.50379666 -3.0796446
  1.66062237  1.75171363  1.52079669  1.06585151  1.34802195 -2.19230812
 -2.71214545  1.70814984  0.9869568  -0.3681341  -2.57283267  1.61416876
 -1.18863415 -2.74588802 -0.13997093  2.06458184 -2.75386209 -2.3290193
  1.92960283  0.98322938 -0.59487195 -0.56500846 -0.74186068  2.15671297
  0.62492437 -0.46409951  0.48178035 -2.34459268  1.33788789 -0.24100994
  2.1104344   0.8671076   2.60274466 -1.22243619  2.31481999 -0.38302972
 -3.0971265   2.30686108  0.82982749  2.07664179 -1.2995826   1.29910859
 -1.78114616  0.17663114  0.24093767 -2.73133607 -0.72673785 -2.50675556
  0.26544492 -0.25836058]
Sat May 25 12:55:07 2024,8,0.8139617335324582,[-2.9589831   2.2316878  -2.12966763 -0.13502781  0.54598281 -2.77394294
  3.07443774  2.19741018  1.20120604 -1.06031811  0.59558788  1.17457609
  1.30369919 -1.91850608  0.72270698  2.89288033 -0.55562526 -0.48269603
 -2.01831374  0.7210228   1.61146355  2.81246125 -1.25914466 -0.25908005
 -2.38507318 -2.29049309  3.14985126  2.55105424 -0.67021248 -2.7081288
  1.48525834 -0.04026068 -2.33493475  2.05526343  1.1223612  -0.64470223
  1.07486042 -1.91728183 -0.27853133  2.33092382 -0.18674744  0.58547782
  2.67243712  1.0530728   2.61036582  2.94817966  2.74857532 -2.95280544
  0.34856186 -0.67343966  1.65621964  2.68865009 -0.24653161 -2.45278367
  2.64079878 -3.09633965  0.78923252 -0.75319496 -1.81393166  2.95609033
 -1.87999397 -1.65473622 -2.54737132  2.31792981 -2.25085752  1.97626722
  1.92566023  1.42845147  2.5703617   2.88013818  1.85466904  1.50152819
 -1.69000184 -2.32446608  1.24082838  0.70871664  1.56808422 -2.81732018
 -0.45772095  2.41942503 -0.8934213   1.44006129  1.69561306  0.57329021
 -0.90915765  1.21730878  0.72064867 -0.3271988   2.71470979 -2.23271231
  1.46302458 -0.53561949  1.08514422 -2.89420846 -2.28750883  0.41438608
 -1.0528595  -0.40793241  0.42921308 -0.05117815 -1.61009444 -0.16323969
 -0.71062792  2.85598218 -1.19556571 -1.16362801 -1.22411481  1.27139604
  1.70592909 -0.78329962  1.96316346 -1.96265079 -0.27568341 -0.87304483
 -2.99293142  3.05401991 -1.73161418  3.10936596 -1.28049535 -2.78906362
  3.04110785 -1.21597733 -0.67093992 -3.01909191 -2.49976185  2.78503472
 -2.03596788 -1.97298667 -0.48641276  3.13668287  0.29516189  0.1426129
 -1.56011957 -0.36181094 -1.55086547 -3.09024476  2.82721906  1.06119231
 -0.46266579 -2.19557311  1.0104449  -1.31400403 -0.25363131 -2.35752884
 -1.82831215  1.79536296 -0.96032285  2.67277847 -0.57384674 -3.12164699
 -2.90148035  2.02280738 -3.1494719  -0.26514947 -1.06675406 -0.23181659
  2.50185778  1.87286234  0.04483769 -2.54488848 -2.72215098  0.17412148
 -0.79410295  1.40954648 -2.59382385  0.95897749 -0.08640339  0.34855817
  1.94065086  0.68943454  0.6775479  -1.3169795   1.80062387  2.58631628
  1.15596485  0.30051829 -1.10657918  2.46729842  0.71059622 -2.01688231
  0.09025665  1.90614119  0.98206153 -0.76831152 -2.41683567  2.49843664
  1.97477642  1.71787815  2.20777359  1.67095338 -1.71711264 -2.88384854
  0.66501266  1.49098937 -2.29266172 -1.33307601  2.34803531  1.42852733
 -0.22622431 -1.85454865 -1.56857512  1.90081309  1.50762744 -0.92932522
 -0.14222612 -0.46319264 -0.24263876  2.34825911 -0.40902614 -0.79253054
  0.85984013 -2.34203256  0.85050292  2.59712176 -0.50132274  2.23073056
 -1.93825706 -1.10142958 -2.50268032 -2.31975286 -1.51085459 -3.07258667
  1.65356443  1.75877156  1.52785463  1.07290944  1.34096402 -2.18525019
 -2.70508752  1.71520777  0.99401473 -0.36107617 -2.57989061  1.6212267
 -1.18157621 -2.73883009 -0.14702887  2.0575239  -2.76092002 -2.32196137
  1.9225449   0.99028732 -0.58781401 -0.57206639 -0.74891862  2.16377091
  0.6319823  -0.47115745  0.48883829 -2.35165062  1.34494583 -0.24806787
  2.10337646  0.87416553  2.59568672 -1.21537825  2.30776205 -0.39008765
 -3.10418443  2.29980315  0.82276956  2.08369972 -1.29252466  1.30616652
 -1.7882041   0.18368907  0.23387974 -2.73839401 -0.73379579 -2.5138135
  0.25838698 -0.26541852]
Sat May 25 12:55:29 2024,9,0.8128239264731019,[-2.96628105  2.22438985 -2.12236968 -0.12772986  0.53868486 -2.78124089
  3.06713979  2.19011223  1.20850398 -1.06761606  0.60288583  1.18187404
  1.31099714 -1.91120813  0.71540903  2.88558238 -0.54832731 -0.48999398
 -2.02561169  0.72832075  1.6187615   2.8051633  -1.26644261 -0.2517821
 -2.39237113 -2.28319514  3.15714921  2.55835219 -0.66291453 -2.71542675
  1.49255629 -0.03296273 -2.3276368   2.04796548  1.11506325 -0.63740428
  1.06756247 -1.90998388 -0.27123338  2.33822177 -0.19404538  0.57817987
  2.66513917  1.04577485  2.61766377  2.94088171  2.75587327 -2.94550749
  0.35585981 -0.68073761  1.64892169  2.68135214 -0.25382956 -2.44548572
  2.64809673 -3.10363759  0.78193457 -0.76049291 -1.80663371  2.96338828
 -1.88729192 -1.66203417 -2.54007337  2.32522776 -2.25815547  1.98356517
  1.93295818  1.42115352  2.57765964  2.87284023  1.86196699  1.49423024
 -1.68270389 -2.33176403  1.24812633  0.71601459  1.56078627 -2.82461813
 -0.450423    2.41212708 -0.90071925  1.43276334  1.68831511  0.58058816
 -0.9018597   1.21001083  0.72794662 -0.33449675  2.70741184 -2.24001026
  1.45572663 -0.52832155  1.09244217 -2.88691051 -2.29480678  0.42168403
 -1.06015745 -0.40063446  0.42191513 -0.0438802  -1.61739239 -0.17053764
 -0.71792587  2.84868423 -1.20286366 -1.17092596 -1.21681686  1.27869399
  1.71322704 -0.79059757  1.97046141 -1.95535284 -0.26838546 -0.86574688
 -2.98563347  3.06131786 -1.73891213  3.10206801 -1.2877933  -2.79636157
  3.0338099  -1.20867939 -0.67823787 -3.01179396 -2.5070598   2.79233267
 -2.04326583 -1.98028462 -0.47911481  3.14398082  0.28786394  0.14991085
 -1.55282162 -0.36910889 -1.55816342 -3.08294681  2.81992111  1.06849026
 -0.45536784 -2.20287106  1.01774285 -1.32130198 -0.24633336 -2.36482679
 -1.8356101   1.80266091 -0.9530249   2.68007642 -0.56654879 -3.12894494
 -2.8941824   2.01550943 -3.14217395 -0.27244742 -1.05945611 -0.23911454
  2.50915573  1.88016029  0.03753974 -2.53759053 -2.71485303  0.18141943
 -0.8014009   1.41684443 -2.5865259   0.95167954 -0.09370134  0.35585612
  1.94794881  0.69673249  0.68484585 -1.32427745  1.79332592  2.57901833
  1.1632628   0.30781624 -1.09928123  2.47459637  0.71789417 -2.02418026
  0.0975546   1.91343913  0.97476358 -0.76101357 -2.40953772  2.50573458
  1.98207437  1.7105802   2.21507154  1.66365543 -1.70981469 -2.87655059
  0.65771471  1.48369142 -2.28536377 -1.34037396  2.34073736  1.43582528
 -0.23352226 -1.8618466  -1.56127717  1.90811104  1.51492539 -0.93662317
 -0.13492817 -0.47049059 -0.23534081  2.35555706 -0.41632409 -0.79982849
  0.86713808 -2.3493305   0.85780087  2.58982381 -0.49402479  2.23802851
 -1.93095911 -1.10872753 -2.50997827 -2.32705081 -1.51815254 -3.06528872
  1.66086238  1.75147361  1.53515258  1.06561149  1.34826197 -2.19254814
 -2.71238547  1.72250572  0.98671678 -0.35377822 -2.57259266  1.61392875
 -1.17427826 -2.74612804 -0.13973092  2.05022595 -2.76821797 -2.31466342
  1.92984285  0.99758527 -0.58051606 -0.57936434 -0.75621657  2.15647296
  0.62468435 -0.4638595   0.48154034 -2.35894857  1.33764788 -0.25536582
  2.11067441  0.88146348  2.58838877 -1.2080803   2.31506    -0.3973856
 -3.11148238  2.3071011   0.83006751  2.09099767 -1.28522671  1.31346447
 -1.79550205  0.19098702  0.22658179 -2.74569196 -0.74109374 -2.50651555
  0.26568493 -0.27271647]
Sat May 25 12:55:52 2024,10,0.8115998728647579,[-2.97382678  2.21684412 -2.11482395 -0.12018413  0.54623059 -2.78878661
  3.07468552  2.19765796  1.20095826 -1.07516179  0.5953401   1.17432831
  1.31854287 -1.91875386  0.72295476  2.87803665 -0.55587304 -0.48244825
 -2.03315741  0.72077502  1.62630723  2.79761757 -1.25889688 -0.25932783
 -2.39991685 -2.29074086  3.14960348  2.55080647 -0.6553688  -2.70788103
  1.48501056 -0.04050846 -2.32009108  2.05551121  1.12260898 -0.64495001
  1.0751082  -1.91752961 -0.26368765  2.33067604 -0.20159111  0.5857256
  2.65759344  1.05332058  2.6252095   2.93333598  2.74832754 -2.95305322
  0.36340554 -0.67319188  1.65646742  2.68889786 -0.24628383 -2.43793999
  2.64055101 -3.09609187  0.7894803  -0.76803863 -1.81417944  2.97093401
 -1.89483765 -1.6695799  -2.5476191   2.33277349 -2.25060974  1.99111089
  1.92541245  1.42869925  2.57011392  2.88038596  1.86951272  1.50177597
 -1.67515817 -2.33930976  1.2405806   0.72356032  1.56833199 -2.83216386
 -0.44287727  2.4196728  -0.89317353  1.42521762  1.69586084  0.57304243
 -0.89431397  1.20246511  0.72040089 -0.32695102  2.71495757 -2.24755599
  1.4481809  -0.52077582  1.0999879  -2.89445624 -2.28726105  0.4141383
 -1.06770317 -0.39308873  0.42946086 -0.05142593 -1.60984666 -0.17808337
 -0.7254716   2.85622996 -1.21040939 -1.17847169 -1.20927113  1.27114826
  1.72077277 -0.7981433   1.96291568 -1.94780711 -0.27593119 -0.85820115
 -2.97808774  3.06886359 -1.74645786  3.09452228 -1.29533903 -2.78881584
  3.04135563 -1.21622511 -0.67069214 -3.00424823 -2.51460553  2.78478694
 -2.03572011 -1.97273889 -0.48666054  3.13643509  0.28031822  0.15745658
 -1.56036735 -0.36156316 -1.56570915 -3.07540108  2.81237539  1.06094453
 -0.44782212 -2.21041679  1.01019713 -1.32884771 -0.23878763 -2.35728106
 -1.82806437  1.79511518 -0.96057063  2.68762215 -0.57409452 -3.12139921
 -2.88663667  2.0079637  -3.14971968 -0.26490169 -1.06700184 -0.23156881
  2.51670146  1.87261456  0.04508546 -2.54513626 -2.7073073   0.18896516
 -0.79385517  1.42439016 -2.57898018  0.95922526 -0.08615561  0.36340185
  1.94040308  0.68918676  0.69239157 -1.33182318  1.80087164  2.58656405
  1.15571707  0.30027051 -1.0917355   2.4821421   0.7254399  -2.01663453
  0.10510032  1.92098486  0.96721785 -0.76855929 -2.40199199  2.51328031
  1.97452864  1.70303447  2.22261727  1.6561097  -1.71736042 -2.86900486
  0.65016899  1.47614569 -2.29290949 -1.33282823  2.33319163  1.44337101
 -0.22597653 -1.85430087 -1.55373144  1.90056531  1.52247112 -0.9441689
 -0.1424739  -0.46294487 -0.24288654  2.36310279 -0.42386982 -0.80737422
  0.85959235 -2.34178478  0.86534659  2.59736954 -0.50157052  2.24557424
 -1.92341338 -1.11627325 -2.50243254 -2.33459654 -1.51060681 -3.07283444
  1.65331665  1.75901934  1.5426983   1.07315722  1.35580769 -2.18500241
 -2.7199312   1.71495999  0.97917105 -0.36132394 -2.56504693  1.62147447
 -1.18182399 -2.75367377 -0.13218519  2.04268022 -2.76067224 -2.32220915
  1.92229712  1.005131   -0.57297033 -0.57181862 -0.76376229  2.16401869
  0.63223008 -0.47140522  0.47399461 -2.36649429  1.33010215 -0.2478201
  2.10312868  0.88900921  2.5959345  -1.20053457  2.30751427 -0.38983987
 -3.11902811  2.29955537  0.83761324  2.08345195 -1.27768098  1.3210102
 -1.80304778  0.19853275  0.21903606 -2.75323768 -0.74863946 -2.49896982
  0.27323066 -0.2802622 ]
Sat May 25 12:56:26 2024,11,0.8102833684720194,[-2.98162819  2.22464553 -2.10702254 -0.11238272  0.554032   -2.7809852
  3.06688411  2.18985655  1.19315685 -1.06736038  0.60314151  1.1665269
  1.32634428 -1.91095245  0.73075617  2.88583806 -0.54807163 -0.49024966
 -2.025356    0.72857643  1.61850582  2.80541898 -1.25109547 -0.26712924
 -2.40771826 -2.29854227  3.14180207  2.54300506 -0.66317021 -2.71568244
  1.47720915 -0.03270705 -2.32789249  2.06331262  1.11480757 -0.65275142
  1.06730679 -1.9097282  -0.25588624  2.32287463 -0.20939252  0.59352701
  2.66539485  1.06112199  2.63301091  2.94113739  2.75612895 -2.96085463
  0.35560413 -0.68099329  1.66426883  2.69669927 -0.23848242 -2.4457414
  2.6327496  -3.08829046  0.79728171 -0.77584004 -1.80637803  2.9631326
 -1.90263906 -1.66177849 -2.53981769  2.3405749  -2.25841115  1.98330948
  1.91761104  1.42089784  2.56231251  2.87258455  1.86171131  1.49397456
 -1.66735676 -2.33150835  1.23277919  0.73136173  1.56053058 -2.83996527
 -0.43507586  2.42747421 -0.90097494  1.41741621  1.70366225  0.56524102
 -0.88651256  1.1946637   0.71259948 -0.31914961  2.72275898 -2.23975458
  1.44037949 -0.52857723  1.09218649 -2.90225765 -2.29506246  0.42193971
 -1.05990176 -0.40089014  0.42165945 -0.05922734 -1.60204525 -0.17028196
 -0.71767019  2.84842855 -1.20260798 -1.1862731  -1.20146972  1.27894967
  1.71297136 -0.80594471  1.97071709 -1.95560852 -0.2837326  -0.85039974
 -2.97028633  3.06106218 -1.75425927  3.10232369 -1.30314044 -2.79661725
  3.03355422 -1.22402652 -0.67849355 -2.99644682 -2.52240693  2.79258835
 -2.0279187  -1.96493748 -0.47885913  3.12863368  0.27251681  0.16525799
 -1.56816876 -0.36936457 -1.57351056 -3.06759967  2.8201768   1.06874594
 -0.44002071 -2.2182182   1.01799854 -1.33664912 -0.24658904 -2.34947965
 -1.82026296  1.80291659 -0.95276922  2.67982074 -0.56629311 -3.1135978
 -2.87883526  2.01576511 -3.15752109 -0.25710028 -1.05920043 -0.2237674
  2.52450287  1.88041597  0.05288687 -2.55293767 -2.71510871  0.18116375
 -0.80165658  1.41658875 -2.58678159  0.95142386 -0.09395702  0.37120326
  1.94820449  0.69698817  0.70019298 -1.32402177  1.80867305  2.59436546
  1.14791566  0.2924691  -1.09953691  2.47434069  0.71763849 -2.00883312
  0.09729891  1.92878627  0.95941644 -0.7763607  -2.39419058  2.52108172
  1.98233005  1.69523306  2.21481586  1.64830829 -1.72516183 -2.86120345
  0.64236758  1.4839471  -2.3007109  -1.32502682  2.34099304  1.4355696
 -0.21817512 -1.84649947 -1.54593003  1.90836672  1.51466971 -0.95197031
 -0.15027531 -0.47074628 -0.23508513  2.35530138 -0.41606841 -0.81517563
  0.86739376 -2.33398337  0.85754518  2.60517095 -0.50937193  2.25337565
 -1.91561197 -1.12407466 -2.51023395 -2.32679513 -1.5028054  -3.06503303
  1.64551524  1.76682075  1.55049971  1.08095863  1.3636091  -2.19280382
 -2.72773261  1.7227614   0.98697246 -0.36912535 -2.57284834  1.62927588
 -1.1896254  -2.74587236 -0.1399866   2.03487881 -2.75287083 -2.31440774
  1.93009853  1.01293241 -0.58077174 -0.57962003 -0.75596088  2.15621728
  0.64003149 -0.46360381  0.4661932  -2.3742957   1.32230074 -0.25562151
  2.09532727  0.89681062  2.60373591 -1.19273316  2.29971287 -0.39764128
 -3.1112267   2.29175396  0.84541465  2.09125336 -1.28548239  1.31320879
 -1.79524637  0.19073134  0.22683747 -2.76103909 -0.74083805 -2.50677123
  0.26542925 -0.27246079]
Sat May 25 12:57:47 2024,12,0.8088678074292401,[-2.98969333  2.23271067 -2.11508768 -0.10431758  0.54596686 -2.77292006
  3.05881897  2.19792169  1.20122199 -1.07542552  0.61120665  1.17459204
  1.33440942 -1.91901759  0.72269103  2.8939032  -0.55613676 -0.4983148
 -2.01729087  0.72051129  1.62657096  2.79735384 -1.25916061 -0.2590641
 -2.4157834  -2.30660741  3.13373694  2.53493992 -0.67123535 -2.7076173
  1.46914401 -0.04077219 -2.31982735  2.05524748  1.10674243 -0.64468628
  1.05924165 -1.90166306 -0.2478211   2.33093977 -0.21745766  0.58546187
  2.67345999  1.05305685  2.62494577  2.94920253  2.74806381 -2.95278949
  0.36366926 -0.68905843  1.65620369  2.70476441 -0.24654756 -2.43767626
  2.64081474 -3.0963556   0.80534685 -0.78390518 -1.79831289  2.97119774
 -1.89457392 -1.65371335 -2.54788283  2.34864004 -2.26647629  1.99137462
  1.92567618  1.42896298  2.55424737  2.88064968  1.85364617  1.5020397
 -1.6754219  -2.32344321  1.22471405  0.72329659  1.56859572 -2.84803041
 -0.443141    2.43553935 -0.8929098   1.40935107  1.71172739  0.55717588
 -0.87844742  1.18659856  0.72066462 -0.32721475  2.73082411 -2.23168944
  1.43231435 -0.53664237  1.08412135 -2.89419251 -2.3031276   0.43000485
 -1.05183663 -0.392825    0.41359431 -0.0511622  -1.61011039 -0.16221682
 -0.72573533  2.84036341 -1.19454284 -1.17820796 -1.20953486  1.27088454
  1.7210365  -0.81400985  1.97878223 -1.94754338 -0.27566746 -0.85846488
 -2.96222119  3.05299704 -1.76232441  3.11038883 -1.31120557 -2.78855212
  3.02548908 -1.21596138 -0.67042841 -3.00451196 -2.53047207  2.78452321
 -2.01985356 -1.97300262 -0.48692427  3.12056854  0.28058194  0.17332313
 -1.57623389 -0.37742971 -1.5815757  -3.07566481  2.82824193  1.07681108
 -0.43195557 -2.22628333  1.0099334  -1.34471426 -0.25465418 -2.34141451
 -1.8283281   1.81098173 -0.96083436  2.68788588 -0.57435825 -3.12166294
 -2.8869004   2.00769997 -3.14945595 -0.26516542 -1.06726557 -0.23183254
  2.532568    1.88848111  0.06095201 -2.54487253 -2.70704357  0.18922888
 -0.79359145  1.42465389 -2.57871645  0.95948899 -0.10202216  0.3792684
  1.94013935  0.70505331  0.69212785 -1.31595663  1.81673819  2.6024306
  1.1559808   0.28440396 -1.09147177  2.46627555  0.70957335 -2.01689826
  0.10536405  1.93685141  0.95135131 -0.78442584 -2.40225572  2.51301658
  1.99039519  1.7032982   2.22288099  1.64024316 -1.73322697 -2.85313831
  0.63430244  1.49201224 -2.30877604 -1.31696168  2.34905818  1.42750446
 -0.21010999 -1.8545646  -1.53786489  1.90030158  1.50660457 -0.94390517
 -0.14221017 -0.46268114 -0.22701999  2.34723624 -0.40800327 -0.80711049
  0.8754589  -2.34204851  0.84948005  2.59710581 -0.51743707  2.26144079
 -1.92367711 -1.1321398  -2.50216881 -2.33486027 -1.49474027 -3.0569679
  1.65358038  1.75875561  1.55856485  1.07289349  1.37167424 -2.18473868
 -2.71966747  1.71469626  0.9950376  -0.36106022 -2.5647832   1.63734102
 -1.19769054 -2.75393749 -0.13192146  2.04294395 -2.74480569 -2.3063426
  1.92203339  1.00486727 -0.58883688 -0.57155489 -0.76402602  2.14815214
  0.63196635 -0.47166895  0.47425834 -2.36623056  1.33036588 -0.24755637
  2.10339241  0.90487576  2.61180105 -1.2007983   2.29164773 -0.40570642
 -3.10316156  2.28368882  0.83734951  2.08318822 -1.29354753  1.32127393
 -1.80331151  0.19879648  0.21877233 -2.76910423 -0.74890319 -2.49870609
  0.25736411 -0.28052592]
Sat May 25 12:59:02 2024,13,0.807346162177153,[-2.99803039  2.24104773 -2.12342474 -0.11265464  0.5376298  -2.76458301
  3.06715602  2.18958463  1.20955904 -1.06708846  0.6195437   1.1829291
  1.32607236 -1.92735465  0.73102809  2.88556614 -0.54779971 -0.50665185
 -2.02562792  0.71217423  1.63490802  2.78901678 -1.25082355 -0.26740116
 -2.42412046 -2.29827036  3.12539988  2.54327698 -0.67957241 -2.71595435
  1.46080695 -0.04910925 -2.3281644   2.04691042  1.11507949 -0.65302334
  1.0509046  -1.91000012 -0.23948405  2.33927683 -0.2091206   0.57712481
  2.66512293  1.04471979  2.61660871  2.95753959  2.75640087 -2.96112655
  0.35533221 -0.69739549  1.66454074  2.69642735 -0.2382105  -2.44601332
  2.64915179 -3.08801854  0.79700979 -0.77556813 -1.78997583  2.97953479
 -1.90291098 -1.64537629 -2.55621989  2.35697709 -2.27481335  1.99971168
  1.93401323  1.42062592  2.54591031  2.88898674  1.84530912  1.49370264
 -1.68375895 -2.33178027  1.216377    0.71495954  1.56025867 -2.85636747
 -0.45147806  2.44387641 -0.90124685  1.40101401  1.70339033  0.56551294
 -0.88678448  1.19493561  0.71232756 -0.31887769  2.73916117 -2.2400265
  1.44065141 -0.54497942  1.0757843  -2.88585545 -2.29479054  0.43834191
 -1.06017368 -0.40116206  0.42193137 -0.04282514 -1.61844745 -0.17055388
 -0.71739827  2.83202636 -1.2028799  -1.18654502 -1.2011978   1.26254748
  1.72937356 -0.80567279  1.97044517 -1.93920633 -0.26733041 -0.86680194
 -2.95388413  3.04465998 -1.75398735  3.10205177 -1.31954263 -2.78021506
  3.01715203 -1.22429844 -0.67876547 -2.9961749  -2.53880913  2.79286027
 -2.02819061 -1.98133968 -0.47858721  3.1289056   0.288919    0.16498607
 -1.56789684 -0.38576677 -1.58991276 -3.06732775  2.83657899  1.06847402
 -0.44029262 -2.21794628  1.01827045 -1.3363772  -0.26299124 -2.33307745
 -1.83666516  1.80264467 -0.96917142  2.67954882 -0.5826953  -3.11332588
 -2.89523745  1.99936292 -3.15779301 -0.27350248 -1.05892851 -0.22349548
  2.52423095  1.88014405  0.06928907 -2.53653548 -2.69870651  0.19756594
 -0.78525439  1.41631683 -2.57037939  0.96782605 -0.0936851   0.38760545
  1.93180229  0.71339037  0.7004649  -1.30761958  1.82507525  2.61076766
  1.16431785  0.29274102 -1.09980883  2.47461261  0.71791041 -2.00856121
  0.09702699  1.94518847  0.95968836 -0.7927629  -2.41059277  2.52135364
  1.99873224  1.71163526  2.23121805  1.64858021 -1.74156403 -2.84480125
  0.62596538  1.5003493  -2.3171131  -1.32529874  2.35739524  1.41916741
 -0.20177293 -1.86290166 -1.54620195  1.90863864  1.49826751 -0.95224223
 -0.15054723 -0.47101819 -0.23535705  2.33889918 -0.39966621 -0.81544755
  0.86712184 -2.35038556  0.84114299  2.60544287 -0.52577413  2.25310373
 -1.93201416 -1.14047686 -2.49383175 -2.32652321 -1.48640321 -3.04863084
  1.66191744  1.76709267  1.56690191  1.08123055  1.3800113  -2.19307574
 -2.71133041  1.70635921  0.98670055 -0.36939727 -2.55644614  1.64567808
 -1.18935348 -2.74560044 -0.14025852  2.05128101 -2.73646864 -2.31467966
  1.91369633  1.01320432 -0.58049982 -0.56321783 -0.75568896  2.15648919
  0.62362929 -0.48000601  0.4825954  -2.37456762  1.33870293 -0.23921931
  2.09505536  0.91321282  2.62013811 -1.19246124  2.29998478 -0.39736936
 -3.11149862  2.27535176  0.84568656  2.09152527 -1.30188459  1.31293687
 -1.79497445  0.19045942  0.22710939 -2.77744129 -0.75724025 -2.49036904
  0.26570117 -0.27218887]
Sat May 25 12:59:31 2024,14,0.8057109638938311,[-3.00664769  2.24966503 -2.11480743 -0.10403734  0.54624711 -2.77320031
  3.05853872  2.19820193  1.21817635 -1.05847116  0.62816101  1.1915464
  1.33468967 -1.93597195  0.7396454   2.87694884 -0.55641701 -0.49803455
 -2.01701062  0.70355693  1.64352532  2.78039948 -1.25944086 -0.25878385
 -2.43273776 -2.28965305  3.13401718  2.55189428 -0.68818971 -2.72457166
  1.45218965 -0.05772655 -2.3195471   2.03829312  1.10646218 -0.64440603
  1.04228729 -1.90138281 -0.24810135  2.33065952 -0.21773791  0.58574212
  2.65650563  1.0533371   2.60799141  2.94892229  2.74778356 -2.95250924
  0.36394951 -0.70601279  1.65592344  2.70504466 -0.24682781 -2.43739601
  2.64053449 -3.09663584  0.78839249 -0.76695082 -1.78135853  2.97091749
 -1.89429368 -1.6539936  -2.56483719  2.34835979 -2.28343065  1.99109438
  1.92539593  1.41200862  2.53729301  2.89760405  1.83669181  1.50231995
 -1.69237626 -2.32316297  1.2249943   0.72357684  1.56887597 -2.84775016
 -0.44286075  2.43525911 -0.90986416  1.39239671  1.71200763  0.55689563
 -0.87816718  1.18631831  0.72094486 -0.31026039  2.74777848 -2.2314092
  1.44926871 -0.53636212  1.06716699 -2.87723815 -2.30340785  0.4297246
 -1.05155638 -0.40977937  0.43054867 -0.03420784 -1.62706475 -0.16193658
 -0.70878097  2.82340905 -1.1942626  -1.19516232 -1.1925805   1.25393017
  1.73799086 -0.79705548  1.97906247 -1.94782363 -0.2587131  -0.87541924
 -2.94526683  3.05327728 -1.76260465  3.11066908 -1.31092533 -2.78883236
  3.02576933 -1.23291575 -0.67014816 -2.9875576  -2.54742644  2.78424296
 -2.01957331 -1.98995698 -0.48720451  3.1375229   0.29753631  0.15636877
 -1.57651414 -0.39438407 -1.59853006 -3.05871045  2.8451963   1.05985672
 -0.44890993 -2.20932897  1.00965315 -1.32775989 -0.25437393 -2.32446015
 -1.82804785  1.79402737 -0.97778872  2.68816612 -0.59131261 -3.10470858
 -2.90385476  1.99074561 -3.16641032 -0.28211978 -1.05031121 -0.21487818
  2.51561364  1.88876135  0.07790637 -2.52791817 -2.69008921  0.18894864
 -0.79387169  1.40769953 -2.56176209  0.97644336 -0.10230241  0.39622276
  1.9404196   0.70477306  0.70908221 -1.31623688  1.83369255  2.61938496
  1.15570055  0.30135832 -1.10842613  2.4659953   0.72652771 -1.9999439
  0.08840969  1.93657116  0.96830567 -0.8013802  -2.41921008  2.52997095
  2.00734955  1.70301795  2.23983536  1.65719752 -1.75018133 -2.85341856
  0.61734808  1.49173199 -2.30849579 -1.31668144  2.34877793  1.42778471
 -0.19315562 -1.87151897 -1.53758464  1.90002134  1.48965021 -0.96085953
 -0.15916453 -0.4796355  -0.24397435  2.33028188 -0.40828352 -0.82406485
  0.85850453 -2.35900287  0.83252568  2.59682556 -0.53439143  2.26172103
 -1.92339686 -1.14909416 -2.48521445 -2.33514052 -1.49502051 -3.05724814
  1.67053474  1.77570997  1.5582846   1.08984785  1.371394   -2.18445843
 -2.70271311  1.6977419   0.97808324 -0.37801458 -2.56506345  1.63706078
 -1.18073618 -2.75421774 -0.14887582  2.05989831 -2.72785133 -2.32329696
  1.92231364  1.00458702 -0.57188252 -0.55460052 -0.76430627  2.14787189
  0.61501199 -0.48862331  0.47397809 -2.38318493  1.33008563 -0.24783661
  2.08643805  0.92183012  2.6115208  -1.18384394  2.30860209 -0.40598667
 -3.10288131  2.28396907  0.85430387  2.10014258 -1.31050189  1.30431957
 -1.80359175  0.18184211  0.23572669 -2.76882399 -0.76585755 -2.49898634
  0.27431847 -0.28080617]
Sat May 25 12:59:55 2024,15,0.8039542836660729,[-3.0155537   2.24075902 -2.10590142 -0.09513133  0.55515312 -2.78210632
  3.06744473  2.18929592  1.22708236 -1.04956515  0.63706702  1.18264039
  1.34359568 -1.94487796  0.74855141  2.88585485 -0.56532302 -0.50694056
 -2.02591663  0.69465092  1.65243133  2.77149347 -1.25053485 -0.24987784
 -2.44164377 -2.29855906  3.12511117  2.56080029 -0.6792837  -2.71566565
  1.46109566 -0.06663256 -2.32845311  2.02938711  1.11536819 -0.65331204
  1.0511933  -1.8924768  -0.23919534  2.33956553 -0.22664392  0.57683611
  2.64759962  1.06224311  2.5990854   2.9578283   2.73887755 -2.94360323
  0.37285552 -0.7149188   1.66482945  2.71395067 -0.2379218  -2.42849
  2.63162848 -3.08772983  0.77948648 -0.77585683 -1.79026454  2.9798235
 -1.90319969 -1.66289961 -2.5737432   2.33945378 -2.29233666  1.98218836
  1.91648992  1.40310261  2.528387    2.90651006  1.8277858   1.49341394
 -1.68347025 -2.33206898  1.23390031  0.71467083  1.55996996 -2.85665617
 -0.43395474  2.44416512 -0.90095815  1.3834907   1.72091364  0.56580164
 -0.86926117  1.1774123   0.71203885 -0.3191664   2.75668449 -2.22250319
  1.45817472 -0.54526813  1.076073   -2.86833214 -2.31231386  0.42081859
 -1.04265037 -0.41868538  0.43945468 -0.02530183 -1.63597076 -0.17084259
 -0.71768698  2.81450304 -1.20316861 -1.20406833 -1.20148651  1.26283618
  1.72908485 -0.78814947  1.97015646 -1.95672964 -0.24980709 -0.86651323
 -2.93636082  3.0621833  -1.77151067  3.10176307 -1.30201932 -2.79773837
  3.03467534 -1.24182176 -0.67905417 -2.99646361 -2.53852042  2.79314897
 -2.02847932 -1.99886299 -0.49611052  3.14642891  0.2886303   0.14746276
 -1.56760813 -0.40329008 -1.60743607 -3.04980444  2.85410231  1.05095071
 -0.44000392 -2.21823498  1.01855916 -1.3366659  -0.24546792 -2.33336616
 -1.83695386  1.80293338 -0.96888271  2.69707213 -0.60021862 -3.09580257
 -2.91276077  1.99965162 -3.17531633 -0.29102579 -1.05921722 -0.22378419
  2.52451965  1.89766736  0.06900036 -2.51901216 -2.69899522  0.18004263
 -0.78496568  1.41660554 -2.55285607  0.98534937 -0.0933964   0.40512877
  1.94932561  0.71367907  0.71798822 -1.30733087  1.82478654  2.62829098
  1.14679454  0.31026434 -1.09952012  2.45708929  0.7176217  -1.99103789
  0.0973157   1.92766515  0.95939966 -0.79247419 -2.41030407  2.53887696
  2.01625556  1.71192396  2.24874137  1.66610353 -1.75908734 -2.84451255
  0.62625409  1.48282598 -2.31740181 -1.32558745  2.33987192  1.4188787
 -0.18424961 -1.86261295 -1.54649065  1.90892735  1.49855622 -0.95195352
 -0.15025852 -0.48854151 -0.23506834  2.32137587 -0.41718953 -0.81515884
  0.84959852 -2.35009686  0.8414317   2.60573157 -0.52548542  2.25281502
 -1.93230287 -1.14018815 -2.47630844 -2.32623451 -1.4861145  -3.04834213
  1.67944075  1.76680396  1.56719062  1.08094184  1.38030001 -2.19336444
 -2.71161912  1.70664791  0.96917723 -0.38692059 -2.57396946  1.64596679
 -1.17183017 -2.74531173 -0.15778183  2.0509923  -2.71894532 -2.31439095
  1.91340763  1.01349303 -0.58078853 -0.56350654 -0.75540026  2.1567779
  0.60610598 -0.49752932  0.46507208 -2.39209094  1.32117962 -0.2389306
  2.09534406  0.93073613  2.62042681 -1.19274995  2.3175081  -0.41489268
 -3.0939753   2.29287508  0.86320988  2.09123657 -1.30159588  1.29541356
 -1.81249776  0.1729361   0.2446327  -2.77773    -0.75695154 -2.49008033
  0.26541246 -0.27190016]
Sat May 25 13:00:24 2024,16,0.8020677147267354,[-3.02475699  2.24996232 -2.09669813 -0.08592803  0.54594982 -2.77290303
  3.05824144  2.18009263  1.21787906 -1.05876844  0.64627031  1.19184368
  1.33439238 -1.95408126  0.7577547   2.89505814 -0.57452632 -0.49773726
 -2.03511992  0.68544763  1.66163463  2.78069676 -1.24133155 -0.24067455
 -2.43244048 -2.30776236  3.11590788  2.551597   -0.67008041 -2.70646235
  1.45189237 -0.05742927 -2.33765641  2.0385904   1.12457149 -0.64410875
  1.0603966  -1.88327351 -0.22999204  2.34876883 -0.21744062  0.5860394
  2.63839632  1.0714464   2.60828869  2.948625    2.72967426 -2.93439994
  0.36365223 -0.7241221   1.67403274  2.72315396 -0.2287185  -2.41928671
  2.64083177 -3.09693313  0.77028318 -0.76665354 -1.78106125  2.97062021
 -1.91240298 -1.65369631 -2.56453991  2.33025048 -2.30153996  1.97298507
  1.92569321  1.4123059   2.53759029  2.91571335  1.83698909  1.48421064
 -1.69267354 -2.34127227  1.22469702  0.70546754  1.55076667 -2.84745288
 -0.44315804  2.43496182 -0.91016144  1.3742874   1.71171035  0.55659835
 -0.86005787  1.18661559  0.70283556 -0.3099631   2.76588778 -2.23170648
  1.44897143 -0.53606483  1.0852763  -2.87753543 -2.30311056  0.4116153
 -1.05185366 -0.40948208  0.44865797 -0.01609854 -1.64517405 -0.18004588
 -0.70848368  2.80529975 -1.19396531 -1.19486504 -1.19228321  1.27203948
  1.73828815 -0.77894618  1.96095317 -1.96593294 -0.2406038  -0.87571653
 -2.94556411  3.07138659 -1.78071396  3.09255977 -1.31122261 -2.78853508
  3.02547205 -1.25102505 -0.66985088 -3.0056669  -2.54772372  2.80235227
 -2.03768262 -1.9896597  -0.48690723  3.15563221  0.279427    0.13825946
 -1.55840484 -0.41249338 -1.59823278 -3.05900773  2.84489901  1.060154
 -0.44920721 -2.22743828  1.00935587 -1.32746261 -0.23626463 -2.34256945
 -1.84615716  1.79373008 -0.95967942  2.70627543 -0.59101532 -3.08659927
 -2.90355747  1.99044833 -3.16611303 -0.30022909 -1.06842051 -0.21458089
  2.51531636  1.90687066  0.07820366 -2.50980887 -2.68979192  0.18924592
 -0.77576239  1.40740224 -2.56205937  0.97614607 -0.0841931   0.39592547
  1.94012231  0.72288237  0.70878492 -1.29812757  1.81558325  2.61908768
  1.13759124  0.30106104 -1.10872342  2.46629259  0.726825   -2.00024119
  0.106519    1.91846186  0.95019636 -0.80167749 -2.41950736  2.52967366
  2.00705226  1.70272067  2.25794466  1.67530682 -1.76829064 -2.83530925
  0.63545738  1.47362269 -2.3266051  -1.31638415  2.34907522  1.42808199
 -0.19345291 -1.87181625 -1.53728736  1.91813064  1.50775951 -0.96115682
 -0.15946181 -0.4977448  -0.24427163  2.31217257 -0.42639282 -0.82436214
  0.84039523 -2.35930015  0.85063499  2.61493487 -0.51628213  2.24361173
 -1.94150617 -1.13098486 -2.46710514 -2.3354378  -1.4953178  -3.03913884
  1.68864405  1.75760067  1.55798732  1.07173855  1.3895033  -2.18416115
 -2.72082241  1.69744462  0.97838053 -0.39612388 -2.56476616  1.65517008
 -1.16262687 -2.73610844 -0.16698513  2.0601956  -2.72814862 -2.30518766
  1.90420433  1.02269633 -0.58999182 -0.55430324 -0.76460355  2.16598119
  0.61530927 -0.50673262  0.45586879 -2.38288764  1.33038291 -0.2481339
  2.10454736  0.93993942  2.62963011 -1.18354666  2.3083048  -0.40568938
 -3.1031786   2.28367178  0.85400658  2.08203327 -1.29239259  1.30461685
 -1.82170106  0.16373281  0.253836   -2.7685267  -0.76615484 -2.48087704
  0.27461576 -0.26269687]
Sat May 25 13:00:50 2024,17,0.8000423561612362,[-3.03426626  2.25947158 -2.10620739 -0.09543729  0.53644056 -2.76339377
  3.0677507   2.17058337  1.22738832 -1.04925918  0.65577957  1.20135295
  1.34390164 -1.96359052  0.74824544  2.9045674  -0.56501705 -0.488228
 -2.04462919  0.69495689  1.65212537  2.79020602 -1.23182229 -0.25018381
 -2.42293122 -2.29825309  3.10639862  2.54208773 -0.66057114 -2.71597161
  1.4423831  -0.06693853 -2.34716567  2.02908114  1.11506223 -0.65361801
  1.06990586 -1.89278277 -0.23950131  2.35827809 -0.22694989  0.57653014
  2.64790558  1.08095566  2.59877943  2.95813426  2.73918352 -2.92489068
  0.35414297 -0.71461284  1.68354201  2.7136447  -0.23822776 -2.40977745
  2.65034103 -3.10644239  0.76077392 -0.75714428 -1.77155198  2.98012947
 -1.92191224 -1.64418705 -2.57404917  2.32074122 -2.2920307   1.96347581
  1.91618395  1.40279664  2.54709955  2.92522261  1.82747983  1.4937199
 -1.7021828  -2.35078153  1.23420628  0.7149768   1.56027593 -2.83794362
 -0.43364878  2.44447108 -0.90065218  1.38379666  1.72121961  0.56610761
 -0.86956713  1.17710633  0.6933263  -0.31947237  2.77539704 -2.22219722
  1.45848069 -0.52655557  1.09478556 -2.88704469 -2.31261982  0.40210604
 -1.06136292 -0.41899134  0.43914871 -0.00658927 -1.65468332 -0.18955514
 -0.71799294  2.81480901 -1.18445605 -1.2043743  -1.20179248  1.26253022
  1.74779741 -0.78845544  1.95144391 -1.9754422  -0.25011306 -0.88522579
 -2.93605485  3.08089585 -1.79022322  3.10206903 -1.30171335 -2.79804434
  3.01596279 -1.26053431 -0.67936014 -2.99615764 -2.53821446  2.792843
 -2.02817335 -1.98015043 -0.47739797  3.16514147  0.26991774  0.14776872
 -1.5679141  -0.42200264 -1.58872352 -3.06851699  2.83538975  1.06966327
 -0.43969795 -2.23694754  1.01886513 -1.31795335 -0.24577389 -2.33306019
 -1.8366479   1.80323934 -0.96918868  2.71578469 -0.60052458 -3.07709001
 -2.91306674  1.98093907 -3.17562229 -0.30973835 -1.07792977 -0.22409016
  2.5058071   1.8973614   0.0686944  -2.51931813 -2.69930118  0.19875518
 -0.78527165  1.4169115  -2.57156863  0.96663681 -0.09370236  0.40543473
  1.93061305  0.73239163  0.71829418 -1.30763684  1.82509251  2.62859694
  1.14710051  0.29155178 -1.09921416  2.47580185  0.73633426 -2.00975045
  0.11602826  1.9089526   0.9406871  -0.81118675 -2.4099981   2.5201644
  2.01656152  1.71222993  2.2484354   1.66579756 -1.75878138 -2.84481851
  0.62594812  1.46411343 -2.31709584 -1.30687489  2.33956596  1.41857273
 -0.18394365 -1.86230699 -1.54679662  1.9276399   1.51726877 -0.95164756
 -0.16897108 -0.48823554 -0.2537809   2.30266331 -0.43590208 -0.81485288
  0.83088597 -2.36880941  0.84112573  2.62444413 -0.50677286  2.23410247
 -1.95101543 -1.14049412 -2.47661441 -2.34494706 -1.48580854 -3.0486481
  1.69815331  1.74809141  1.54847806  1.08124781  1.39901256 -2.19367041
 -2.71131315  1.68793536  0.96887126 -0.38661462 -2.57427542  1.64566082
 -1.17213614 -2.72659918 -0.15747587  2.05068634 -2.71863935 -2.2956784
  1.89469507  1.01318706 -0.59950109 -0.5638125  -0.77411281  2.17549046
  0.62481854 -0.49722336  0.44635953 -2.3923969   1.33989217 -0.25764316
  2.0950381   0.94944869  2.63913937 -1.19305592  2.31781407 -0.39618012
 -3.11268786  2.27416252  0.86351585  2.07252401 -1.30190185  1.31412611
 -1.8121918   0.17324207  0.26334526 -2.75901744 -0.7756641  -2.47136777
  0.2651065  -0.2531876 ]
Sat May 25 13:01:14 2024,18,0.7978687985668558,[-3.04409025  2.26929557 -2.09638339 -0.0856133   0.54626456 -2.75356977
  3.0579267   2.16075937  1.23721232 -1.05908318  0.64595558  1.21117694
  1.33407765 -1.97341451  0.75806944  2.89474341 -0.55519306 -0.47840401
 -2.03480519  0.70478088  1.66194936  2.80003002 -1.22199829 -0.2600078
 -2.41310722 -2.30807709  3.11622261  2.53226374 -0.67039514 -2.72579561
  1.43255911 -0.07676253 -2.33734167  2.03890514  1.10523823 -0.64379401
  1.06008186 -1.90260677 -0.22967731  2.34845409 -0.21712589  0.56670614
  2.63808159  1.09077966  2.60860343  2.94831027  2.72935952 -2.91506668
  0.36396696 -0.72443683  1.693366    2.70382071 -0.22840377 -2.41960145
  2.64051704 -3.11626639  0.77059792 -0.74732028 -1.78137598  2.98995346
 -1.93173624 -1.63436305 -2.56422517  2.33056522 -2.30185469  1.95365181
  1.92600795  1.39297264  2.55692355  2.93504661  1.81765584  1.5035439
 -1.7120068  -2.36060553  1.22438228  0.7051528   1.55045193 -2.84776762
 -0.44347277  2.45429508 -0.91047618  1.39362066  1.71139561  0.55628361
 -0.87939113  1.18693033  0.6835023  -0.30964837  2.76557305 -2.23202122
  1.44865669 -0.53637957  1.10460955 -2.89686869 -2.30279583  0.41193003
 -1.05153893 -0.40916735  0.44897271 -0.01641327 -1.64485932 -0.19937914
 -0.70816895  2.82463301 -1.19428005 -1.2141983  -1.19196848  1.27235421
  1.7576214  -0.77863144  1.94161991 -1.9852662  -0.24028906 -0.89504979
 -2.92623085  3.07107185 -1.80004722  3.11189303 -1.29188935 -2.80786834
  3.00613879 -1.25071032 -0.68918414 -3.00598164 -2.54803846  2.78301901
 -2.01834936 -1.98997443 -0.46757397  3.17496547  0.27974174  0.13794473
 -1.5580901  -0.41217864 -1.57889952 -3.07834099  2.82556575  1.07948726
 -0.44952195 -2.22712354  1.00904113 -1.30812935 -0.25559788 -2.34288419
 -1.84647189  1.81306334 -0.97901268  2.70596069 -0.61034858 -3.06726602
 -2.90324274  1.99076306 -3.1657983  -0.31956234 -1.08775377 -0.21426616
  2.4959831   1.90718539  0.07851839 -2.52914213 -2.68947719  0.20857918
 -0.79509565  1.40708751 -2.56174463  0.95681281 -0.10352636  0.39561074
  1.92078906  0.74221563  0.70847019 -1.31746083  1.81526851  2.63842094
  1.13727651  0.30137578 -1.10903815  2.46597785  0.72651026 -1.99992645
  0.10620426  1.8991286   0.9308631  -0.80136275 -2.4198221   2.5103404
  2.00673753  1.72205393  2.2582594   1.67562156 -1.74895738 -2.85464251
  0.63577212  1.45428943 -2.30727184 -1.31669889  2.32974196  1.40874874
 -0.17411965 -1.85248299 -1.53697262  1.9374639   1.50744478 -0.96147155
 -0.15914708 -0.49805954 -0.26360489  2.31248731 -0.44572608 -0.80502888
  0.82106197 -2.35898542  0.83130173  2.63426813 -0.49694887  2.24392646
 -1.96083942 -1.13067012 -2.4864384  -2.33512306 -1.49563253 -3.0388241
  1.70797731  1.7579154   1.55830206  1.09107181  1.40883656 -2.20349441
 -2.70148915  1.67811136  0.95904727 -0.37679062 -2.56445143  1.63583682
 -1.18196013 -2.71677518 -0.14765187  2.06051033 -2.72846335 -2.30550239
  1.88487107  1.02301106 -0.60932508 -0.5539885  -0.78393681  2.18531445
  0.63464253 -0.48739936  0.43653553 -2.4022209   1.33006818 -0.26746716
  2.10486209  0.95927268  2.62931537 -1.20287991  2.30799007 -0.38635613
 -3.12251186  2.26433853  0.87333984  2.06270002 -1.31172585  1.30430212
 -1.8023678   0.16341807  0.27316926 -2.74919344 -0.7658401  -2.48119177
  0.2552825  -0.2630116 ]
Sat May 25 13:01:37 2024,19,0.7955371122334371,[-3.05423782  2.25914801 -2.08623582 -0.09576086  0.55641213 -2.76371734
  3.04777913  2.1506118   1.24735989 -1.04893561  0.63580801  1.20102938
  1.32393008 -1.96326695  0.768217    2.88459584 -0.54504549 -0.46825644
 -2.04495276  0.71492845  1.67209693  2.81017759 -1.21185073 -0.27015537
 -2.42325479 -2.29792952  3.10607505  2.52211617 -0.68054271 -2.73594318
  1.42241154 -0.08691009 -2.34748924  2.04905271  1.09509066 -0.65394158
  1.07022943 -1.91275434 -0.23982488  2.33830652 -0.22727346  0.55655858
  2.62793402  1.10092723  2.59845586  2.9381627   2.71921195 -2.92521425
  0.3538194  -0.7345844   1.70351357  2.69367314 -0.23855133 -2.40945388
  2.6506646  -3.10611882  0.78074548 -0.73717271 -1.77122841  2.9798059
 -1.92158867 -1.64451062 -2.5540776   2.32041765 -2.31200226  1.96379938
  1.91586038  1.40312021  2.56707112  2.94519418  1.8278034   1.49339633
 -1.72215437 -2.3707531   1.21423471  0.71530037  1.5605995  -2.85791518
 -0.43332521  2.44414751 -0.90032861  1.40376823  1.70124805  0.54613605
 -0.8895387   1.17678276  0.67335473 -0.31979594  2.75542548 -2.24216878
  1.43850913 -0.54652714  1.11475712 -2.90701626 -2.31294339  0.40178247
 -1.04139136 -0.41931491  0.43882514 -0.02656084 -1.63471175 -0.20952671
 -0.71831651  2.81448544 -1.20442762 -1.20405073 -1.20211605  1.26220665
  1.74747384 -0.78877901  1.93147234 -1.97511863 -0.25043663 -0.88490222
 -2.93637842  3.08121942 -1.78989965  3.10174546 -1.30203692 -2.8180159
  3.01628636 -1.24056275 -0.67903657 -3.01612921 -2.55818602  2.77287144
 -2.02849692 -1.97982686 -0.47772154  3.1648179   0.2898893   0.14809229
 -1.54794253 -0.40203107 -1.56875195 -3.08848856  2.81541819  1.0693397
 -0.45966952 -2.23727111  1.0191887  -1.31827692 -0.26574545 -2.35303176
 -1.85661946  1.80291577 -0.98916024  2.71610826 -0.60020101 -3.05711845
 -2.91339031  1.9806155  -3.15565073 -0.32970991 -1.0776062  -0.20411859
  2.48583553  1.89703783  0.06837083 -2.53928969 -2.67932962  0.21872675
 -0.78494808  1.39693994 -2.55159707  0.96696038 -0.09337879  0.4057583
  1.93093662  0.7523632   0.69832262 -1.3276084   1.80512095  2.64856851
  1.12712894  0.29122821 -1.11918572  2.47612542  0.73665783 -1.98977888
  0.09605669  1.88898103  0.94101067 -0.79121518 -2.42996967  2.52048797
  1.99658996  1.71190636  2.26840696  1.66547399 -1.75910495 -2.86479008
  0.62562455  1.44414186 -2.31741941 -1.30655132  2.31959439  1.39860117
 -0.18426722 -1.86263056 -1.52682506  1.92731633  1.49729721 -0.97161912
 -0.16929465 -0.50820711 -0.27375246  2.30233974 -0.45587365 -0.81517645
  0.8109144  -2.36913298  0.8414493   2.62412056 -0.50709643  2.2337789
 -1.95069186 -1.14081769 -2.49658597 -2.34527063 -1.48548497 -3.02867653
  1.71812488  1.74776784  1.56844962  1.10121938  1.39868899 -2.19334684
 -2.69134159  1.68825893  0.9488997  -0.38693819 -2.55430386  1.62568925
 -1.1921077  -2.72692275 -0.15779944  2.0706579  -2.71831578 -2.29535483
  1.89501864  1.03315863 -0.61947265 -0.56413607 -0.77378924  2.19546202
  0.62449497 -0.49754693  0.4466831  -2.39207333  1.34021574 -0.27761473
  2.11500966  0.96942025  2.6191678  -1.19273235  2.2978425  -0.39650369
 -3.13265943  2.25419096  0.86319228  2.05255245 -1.30157828  1.29415455
 -1.79222023  0.17356564  0.28331682 -2.73904587 -0.77598767 -2.49133934
  0.24513493 -0.25286403]
Sat May 25 13:02:52 2024,20,0.7930368385050472,[-3.06471783  2.26962802 -2.09671583 -0.10624087  0.54593211 -2.77419735
  3.03729912  2.14013179  1.23687988 -1.05941562  0.625328    1.21150939
  1.33441009 -1.95278694  0.77869702  2.87411583 -0.5555255  -0.47873645
 -2.05543277  0.72540846  1.68257694  2.79969758 -1.22233074 -0.28063538
 -2.4337348  -2.28744951  3.11655506  2.53259618 -0.6700627  -2.74642319
  1.41193153 -0.09739011 -2.35796925  2.05953272  1.10557067 -0.64346157
  1.08070944 -1.92323435 -0.25030489  2.34878653 -0.21679344  0.56703859
  2.61745401  1.11140724  2.58797585  2.94864271  2.72969197 -2.91473424
  0.34333938 -0.74506441  1.71399358  2.70415315 -0.22807132 -2.39897387
  2.66114461 -3.11659883  0.77026547 -0.74765272 -1.7607484   2.96932589
 -1.93206868 -1.65499063 -2.56455762  2.30993764 -2.32248227  1.95331937
  1.90538037  1.41360022  2.57755113  2.93471417  1.83828341  1.50387634
 -1.71167436 -2.38123311  1.2037547   0.70482036  1.57107951 -2.86839519
 -0.44380522  2.45462752 -0.8898486   1.39328822  1.71172806  0.55661606
 -0.87905869  1.16630275  0.66287472 -0.33027595  2.76590549 -2.25264879
  1.44898914 -0.55700715  1.12523713 -2.89653625 -2.32342341  0.41226248
 -1.03091135 -0.42979492  0.42834513 -0.03704085 -1.62423174 -0.1990467
 -0.7078365   2.82496545 -1.1939476  -1.19357072 -1.19163603  1.25172664
  1.75795385 -0.79925902  1.94195235 -1.96463862 -0.23995662 -0.87442221
 -2.94685843  3.09169943 -1.80037966  3.09126545 -1.31251693 -2.80753589
  3.00580634 -1.23008274 -0.68951658 -3.00564919 -2.54770601  2.76239143
 -2.03897694 -1.96934685 -0.46724153  3.15433789  0.30036932  0.13761228
 -1.55842254 -0.41251109 -1.55827194 -3.09896857  2.80493817  1.07981971
 -0.47014953 -2.24775112  1.00870869 -1.32875693 -0.25526544 -2.34255175
 -1.86709947  1.79243576 -0.97868023  2.72658827 -0.61068103 -3.04663844
 -2.92387032  1.99109551 -3.16613074 -0.34018992 -1.06712619 -0.19363858
  2.47535552  1.90751784  0.05789082 -2.52880968 -2.66884961  0.20824674
 -0.79542809  1.38645993 -2.54111705  0.95648037 -0.1038588   0.41623832
  1.94141663  0.76284321  0.70880263 -1.31712839  1.79464093  2.65904852
  1.13760895  0.2807482  -1.12966573  2.46564541  0.74713784 -1.97929887
  0.1065367   1.89946104  0.95149068 -0.78073517 -2.44044968  2.51000796
  2.00706997  1.70142635  2.25792695  1.65499398 -1.74862494 -2.87527009
  0.61514454  1.45462187 -2.32789942 -1.31703133  2.3300744   1.38812116
 -0.17378721 -1.87311057 -1.53730507  1.93779634  1.50777722 -0.98209913
 -0.17977466 -0.51868712 -0.26327245  2.31281975 -0.46635366 -0.80469644
  0.82139441 -2.37961299  0.83096929  2.63460057 -0.49661642  2.24425891
 -1.96117187 -1.1512977  -2.48610596 -2.33479062 -1.49596498 -3.01819652
  1.70764486  1.75824785  1.55796961  1.11169939  1.409169   -2.20382685
 -2.68086158  1.69873894  0.93841969 -0.3974182  -2.56478387  1.61520924
 -1.18162769 -2.71644273 -0.14731942  2.06017789 -2.70783577 -2.30583484
  1.88453863  1.02267862 -0.62995266 -0.55365606 -0.78426926  2.18498201
  0.61401495 -0.48706692  0.45716311 -2.38159332  1.35069576 -0.26713471
  2.12548967  0.97990026  2.62964781 -1.18225234  2.30832251 -0.4069837
 -3.14313944  2.24371095  0.87367229  2.06303246 -1.31205829  1.30463456
 -1.80270024  0.16308563  0.29379683 -2.72856586 -0.78646768 -2.48085933
  0.25561494 -0.26334405]
Sat May 25 13:03:15 2024,21,0.790356985078448,[-3.07553917  2.25880668 -2.10753717 -0.09541954  0.53511078 -2.78501869
  3.04812046  2.15095313  1.24770122 -1.04859428  0.63614934  1.20068805
  1.32358875 -1.96360827  0.78951835  2.88493717 -0.56634684 -0.48955779
 -2.04461143  0.71458712  1.6717556   2.81051892 -1.23315208 -0.26981404
 -2.44455614 -2.27662817  3.10573372  2.52177484 -0.65924136 -2.73560185
  1.40111019 -0.10821144 -2.34714791  2.07035406  1.09474934 -0.65428291
  1.09153078 -1.91241301 -0.23948355  2.35960787 -0.20597211  0.55621725
  2.60663267  1.1005859   2.59879719  2.95946405  2.71887063 -2.92555557
  0.33251805 -0.75588575  1.70317224  2.71497449 -0.23889266 -2.38815253
  2.65032328 -3.10577749  0.78108681 -0.73683138 -1.77156974  2.95850455
 -1.94289002 -1.66581197 -2.55373628  2.2991163  -2.33330361  1.96414071
  1.91620171  1.42442156  2.58837247  2.92389283  1.84910475  1.49305501
 -1.72249569 -2.37041177  1.19293336  0.69399902  1.56025817 -2.87921653
 -0.45462656  2.44380619 -0.87902726  1.38246688  1.7225494   0.5674374
 -0.86823735  1.15548141  0.67369606 -0.31945461  2.77672683 -2.26347013
  1.45981048 -0.54618581  1.11441579 -2.88571491 -2.31260207  0.40144114
 -1.02009001 -0.41897359  0.41752379 -0.02621951 -1.63505308 -0.20986804
 -0.69701516  2.83578679 -1.20476894 -1.18274938 -1.1808147   1.26254797
  1.76877519 -0.78843768  1.95277369 -1.97545996 -0.22913528 -0.86360087
 -2.95767977  3.08087809 -1.811201    3.10208679 -1.32333827 -2.81835723
  2.99498501 -1.2192614  -0.70033792 -2.99482786 -2.53688467  2.77321277
 -2.04979827 -1.95852551 -0.47806286  3.14351655  0.28954798  0.12679094
 -1.56924388 -0.40168975 -1.5474506  -3.10978991  2.81575951  1.06899837
 -0.48097087 -2.23692978  0.99788735 -1.33957827 -0.2444441  -2.33173041
 -1.87792081  1.78161442 -0.98950157  2.73740961 -0.62150236 -3.05745978
 -2.91304898  1.98027417 -3.17695208 -0.35101126 -1.05630485 -0.20445992
  2.46453418  1.8966965   0.06871215 -2.53963102 -2.67967095  0.1974254
 -0.80624943  1.37563859 -2.55193839  0.96730171 -0.11468014  0.42705965
  1.9305953   0.77366455  0.71962397 -1.30630705  1.7838196   2.66986986
  1.12678761  0.26992686 -1.11884439  2.45482407  0.7363165  -1.99012021
  0.09571536  1.88863971  0.96231202 -0.79155651 -2.45127102  2.49918662
  2.01789131  1.69060501  2.26874829  1.64417264 -1.7378036  -2.86444875
  0.6043232   1.44380053 -2.33872076 -1.32785267  2.31925306  1.3989425
 -0.18460854 -1.86228923 -1.54812641  1.92697501  1.49695588 -0.99292047
 -0.190596   -0.50786578 -0.27409379  2.30199841 -0.45553232 -0.81551778
  0.81057308 -2.36879166  0.82014795  2.62377923 -0.48579508  2.23343757
 -1.95035053 -1.16211904 -2.47528462 -2.32396928 -1.48514364 -3.02901786
  1.7184662   1.74742651  1.56879095  1.12252073  1.39834766 -2.19300551
 -2.67004024  1.6879176   0.92759835 -0.40823954 -2.57560521  1.60438791
 -1.19244903 -2.7056214  -0.13649809  2.07099923 -2.69701443 -2.2950135
  1.89535997  1.03349996 -0.640774   -0.5644774  -0.79509059  2.19580335
  0.62483629 -0.49788826  0.44634177 -2.39241466  1.33987442 -0.25631338
  2.13631101  0.9907216   2.64046915 -1.19307367  2.31914385 -0.39616237
 -3.1323181   2.25453229  0.88449363  2.0738538  -1.30123695  1.3154559
 -1.7918789   0.15226429  0.30461817 -2.71774453 -0.77564634 -2.49168067
  0.2447936  -0.27416538]
Sat May 25 13:03:38 2024,22,0.7874860260962755,[-3.0867107   2.24763515 -2.1187087  -0.08424801  0.5462823  -2.77384716
  3.05929199  2.13978161  1.25887274 -1.03742276  0.64732086  1.21185957
  1.31241723 -1.95243675  0.80068988  2.89610869 -0.57751837 -0.47838626
 -2.05578295  0.72575865  1.68292713  2.79934739 -1.2443236  -0.28098557
 -2.45572766 -2.26545665  3.09456219  2.53294637 -0.64806983 -2.72443033
  1.38993866 -0.09703992 -2.33597638  2.08152558  1.10592086 -0.64311138
  1.1027023  -1.92358453 -0.22831202  2.34843635 -0.19480058  0.56738877
  2.61780419  1.08941437  2.58762566  2.97063557  2.73004215 -2.9367271
  0.32134652 -0.76705728  1.69200072  2.72614601 -0.25006419 -2.376981
  2.6614948  -3.09460597  0.76991529 -0.72565986 -1.76039822  2.96967607
 -1.9317185  -1.65464045 -2.54256475  2.28794478 -2.34447514  1.97531223
  1.92737323  1.43559309  2.57720094  2.93506435  1.86027628  1.50422653
 -1.71132417 -2.38158329  1.20410489  0.68282749  1.54908664 -2.86804501
 -0.46579808  2.43263466 -0.89019879  1.37129535  1.71137787  0.57860892
 -0.85706582  1.16665294  0.66252453 -0.30828308  2.78789835 -2.27464166
  1.470982   -0.53501428  1.10324427 -2.87454338 -2.30143054  0.39026961
 -1.00891848 -0.40780206  0.42869532 -0.03739104 -1.62388155 -0.19869651
 -0.70818669  2.84695831 -1.19359742 -1.1939209  -1.16964317  1.25137645
  1.77994671 -0.79960921  1.96394522 -1.98663148 -0.21796375 -0.87477239
 -2.94650825  3.09204962 -1.82237253  3.11325832 -1.33450979 -2.82952876
  3.00615653 -1.23043292 -0.71150944 -2.98365633 -2.5480562   2.76204124
 -2.03862675 -1.96969704 -0.48923439  3.13234502  0.27837645  0.11561942
 -1.55807236 -0.39051822 -1.55862213 -3.12096143  2.80458799  1.08016989
 -0.49214239 -2.22575826  0.98671582 -1.35074979 -0.25561563 -2.34290193
 -1.88909234  1.7704429  -1.0006731   2.74858114 -0.63267389 -3.04628825
 -2.9242205   1.99144569 -3.1881236  -0.33983974 -1.04513333 -0.19328839
  2.45336266  1.88552497  0.05754063 -2.55080255 -2.66849942  0.20859692
 -0.7950779   1.38681011 -2.56310992  0.97847323 -0.10350862  0.43823118
  1.91942377  0.78483607  0.70845244 -1.31747858  1.77264807  2.68104138
  1.13795914  0.28109838 -1.10767287  2.46599559  0.72514498 -2.00129173
  0.10688689  1.89981123  0.97348355 -0.78038499 -2.46244254  2.4880151
  2.02906283  1.70177653  2.25757677  1.65534417 -1.72663207 -2.87562027
  0.59315167  1.43262901 -2.32754923 -1.31668114  2.33042459  1.38777097
 -0.17343702 -1.87346076 -1.55929793  1.91580348  1.50812741 -1.004092
 -0.17942447 -0.5190373  -0.28526531  2.29082689 -0.46670385 -0.80434625
  0.79940155 -2.35762013  0.83131947  2.61260771 -0.49696661  2.24460909
 -1.96152205 -1.17329056 -2.48645615 -2.33514081 -1.47397211 -3.01784634
  1.72963773  1.75859804  1.57996248  1.1113492   1.38717614 -2.18183399
 -2.65886871  1.69908912  0.91642682 -0.41941107 -2.56443368  1.61555943
 -1.1812775  -2.69444987 -0.14766961  2.0598277  -2.68584291 -2.28384197
  1.90653149  1.04467148 -0.65194553 -0.55330587 -0.80626212  2.20697487
  0.63600782 -0.50905978  0.43517024 -2.40358619  1.35104594 -0.24514185
  2.12513948  1.00189313  2.62929763 -1.2042452   2.33031538 -0.40733389
 -3.12114657  2.24336076  0.8733221   2.06268227 -1.29006543  1.32662742
 -1.80305043  0.14109277  0.3157897  -2.72891605 -0.76447482 -2.48050914
  0.23362208 -0.28533691]
Sat May 25 13:04:15 2024,23,0.7844119079982299,[-3.0982412   2.25916566 -2.1302392  -0.09577852  0.53475179 -2.76231665
  3.04776148  2.1282511   1.27040325 -1.04895326  0.63579035  1.22339008
  1.30088672 -1.94090624  0.78915937  2.88457818 -0.58904887 -0.48991677
 -2.04425245  0.71422814  1.69445764  2.8108779  -1.25585411 -0.29251608
 -2.44419716 -2.27698716  3.08303169  2.54447687 -0.63653933 -2.71289982
  1.40146917 -0.08550941 -2.32444588  2.06999507  1.11745137 -0.65464189
  1.11423281 -1.91205403 -0.23984253  2.33690584 -0.18327007  0.57891928
  2.6293347   1.10094488  2.59915617  2.95910507  2.74157266 -2.92519659
  0.30981601 -0.75552677  1.70353123  2.73767652 -0.26159469 -2.3654505
  2.64996429 -3.10613647  0.75838478 -0.73719037 -1.77192872  2.95814556
 -1.943249   -1.64310994 -2.55409526  2.29947529 -2.35600564  1.98684274
  1.91584273  1.44712359  2.58873145  2.94659486  1.87180679  1.49269602
 -1.69979366 -2.37005279  1.19257438  0.694358    1.53755614 -2.87957551
 -0.45426757  2.44416517 -0.90172929  1.35976485  1.72290838  0.56707841
 -0.84553531  1.15512243  0.67405504 -0.31981359  2.79942886 -2.28617217
  1.48251251 -0.54654479  1.09171376 -2.86301288 -2.28990003  0.40180012
 -1.02044899 -0.41933257  0.44022583 -0.04892154 -1.63541206 -0.21022702
 -0.69665618  2.83542781 -1.20512793 -1.20545141 -1.15811266  1.26290696
  1.79147722 -0.81113972  1.97547573 -1.99816199 -0.20643325 -0.86324189
 -2.93497774  3.08051911 -1.81084202  3.10172781 -1.32297929 -2.81799825
  2.99462602 -1.24196343 -0.72303995 -2.99518684 -2.5595867   2.75051074
 -2.02709624 -1.98122755 -0.47770388  3.12081452  0.28990696  0.10408891
 -1.56960287 -0.40204873 -1.57015263 -3.13249194  2.79305748  1.0917004
 -0.48061188 -2.21422775  0.99824633 -1.33921929 -0.26714613 -2.33137142
 -1.87756183  1.78197341 -1.0122036   2.73705063 -0.62114338 -3.05781876
 -2.91269     2.0029762  -3.1765931  -0.32830923 -1.05666383 -0.18175789
  2.44183215  1.89705548  0.06907114 -2.53927204 -2.65696891  0.19706642
 -0.80660841  1.37527961 -2.55157941  0.99000374 -0.09197811  0.44976169
  1.93095428  0.79636658  0.69692194 -1.32900908  1.78417858  2.66951087
  1.12642863  0.29262889 -1.09614236  2.45446509  0.71361447 -1.98976123
  0.1184174   1.91134174  0.96195304 -0.79191549 -2.47397305  2.47648459
  2.01753233  1.71330704  2.24604626  1.64381366 -1.71510156 -2.88715078
  0.60468218  1.44415952 -2.33907974 -1.30515064  2.31889408  1.37624046
 -0.16190651 -1.86193025 -1.54776742  1.92733399  1.4965969  -0.99256149
 -0.19095498 -0.5075068  -0.27373481  2.27929638 -0.45517334 -0.79281574
  0.81093206 -2.36915064  0.81978897  2.6010772  -0.50849712  2.23307859
 -1.94999155 -1.18482107 -2.49798665 -2.34667131 -1.48550262 -3.02937684
  1.71810722  1.77012854  1.59149298  1.12287971  1.37564563 -2.17030348
 -2.67039922  1.68755862  0.90489632 -0.43094157 -2.57596419  1.60402892
 -1.16974699 -2.70598038 -0.1361391   2.0482972  -2.69737342 -2.29537248
  1.89500099  1.03314097 -0.64041502 -0.56483638 -0.79473161  2.21850538
  0.64753833 -0.52059029  0.42363974 -2.39205568  1.36257645 -0.25667236
  2.13666999  1.01342363  2.64082813 -1.19271469  2.31878487 -0.39580338
 -3.13267708  2.25489127  0.88485261  2.07421278 -1.27853492  1.33815793
 -1.81458094  0.12956226  0.30425919 -2.74044656 -0.77600533 -2.46897863
  0.22209157 -0.29686742]
Sat May 25 13:04:38 2024,24,0.7811220622012349,[-3.11013938  2.24726748 -2.11834103 -0.1076767   0.54664997 -2.77421483
  3.05965966  2.14014928  1.28230143 -1.06085144  0.62389218  1.2114919
  1.28898854 -1.92900806  0.80105755  2.87268001 -0.57715069 -0.50181495
 -2.03235427  0.72612632  1.68255946  2.82277608 -1.26775229 -0.30441425
 -2.43229898 -2.28888533  3.09492986  2.55637505 -0.62464115 -2.70100164
  1.38957099 -0.09740759 -2.33634405  2.0580969   1.12934955 -0.64274371
  1.10233463 -1.90015585 -0.22794435  2.32500766 -0.19516825  0.59081746
  2.61743652  1.11284306  2.61105435  2.97100324  2.72967448 -2.91329842
  0.32171419 -0.76742495  1.7154294   2.7495747  -0.24969652 -2.37734867
  2.66186247 -3.09423829  0.7464866  -0.72529219 -1.7838269   2.97004374
 -1.93135083 -1.63121176 -2.54219708  2.28757711 -2.36790382  1.99874092
  1.90394455  1.45902177  2.60062963  2.95849304  1.85990861  1.48079785
 -1.68789548 -2.38195096  1.20447256  0.70625618  1.54945432 -2.89147369
 -0.46616575  2.45606335 -0.88983112  1.34786667  1.73480656  0.55518024
 -0.83363714  1.16702061  0.68595322 -0.33171177  2.78753068 -2.27427399
  1.47061433 -0.53464661  1.10361194 -2.87491105 -2.27800186  0.38990194
 -1.00855081 -0.43123075  0.452124   -0.06081972 -1.62351388 -0.2221252
 -0.684758    2.82352963 -1.2170261  -1.21734959 -1.17001084  1.27480513
  1.77957904 -0.82303789  1.9873739  -2.01006017 -0.21833142 -0.87514006
 -2.94687592  3.06862093 -1.8227402   3.11362599 -1.31108111 -2.82989643
  3.0065242  -1.25386161 -0.71114177 -3.00708502 -2.54768853  2.73861256
 -2.03899442 -1.99312572 -0.48960206  3.13271269  0.27800878  0.09219073
 -1.58150104 -0.41394691 -1.58205081 -3.12059376  2.7811593   1.07980222
 -0.46871371 -2.22612593  0.98634815 -1.32732111 -0.25524796 -2.31947325
 -1.88946001  1.77007523 -1.02410178  2.74894881 -0.63304156 -3.06971694
 -2.92458817  2.01487438 -3.16469492 -0.34020741 -1.06856201 -0.16985971
  2.45373033  1.8851573   0.05717296 -2.55117022 -2.64507074  0.20896459
 -0.79471023  1.36338143 -2.56347759  0.97810556 -0.10387629  0.43786351
  1.9190561   0.7844684   0.70882011 -1.31711091  1.79607676  2.6576127
  1.11453045  0.28073071 -1.10804054  2.46636326  0.70171629 -2.0016594
  0.10651922  1.89944356  0.95005486 -0.78001732 -2.46207487  2.48838277
  2.00563415  1.72520522  2.25794444  1.65571184 -1.72699974 -2.89904896
  0.592784    1.45605769 -2.32718156 -1.31704881  2.30699591  1.38813864
 -0.15000833 -1.87382843 -1.53586925  1.93923217  1.50849508 -1.00445967
 -0.1790568  -0.51940498 -0.26183663  2.29119456 -0.44327516 -0.80471392
  0.79903388 -2.35725246  0.80789079  2.58917902 -0.49659894  2.22118041
 -1.93809337 -1.17292289 -2.50988483 -2.33477314 -1.4974008  -3.04127502
  1.7300054   1.75823036  1.57959481  1.13477789  1.36374745 -2.1584053
 -2.6822974   1.67566044  0.91679449 -0.4190434  -2.56406601  1.59213075
 -1.18164517 -2.6940822  -0.14803728  2.03639902 -2.68547524 -2.30727066
  1.88310281  1.04503915 -0.62851684 -0.5529382  -0.78283343  2.2066072
  0.6594365  -0.50869211  0.41174156 -2.40395386  1.37447463 -0.26857054
  2.12477181  1.00152546  2.65272631 -1.18081651  2.33068305 -0.38390521
 -3.14457526  2.26678945  0.87295443  2.0623146  -1.2904331   1.35005611
 -1.82647911  0.11766408  0.31615737 -2.75234474 -0.76410715 -2.48087681
  0.21019339 -0.28496924]
Sat May 25 13:05:01 2024,25,0.7776034257858642,[-3.12241376  2.25954186 -2.10606665 -0.11995107  0.55892435 -2.78648921
  3.04738528  2.15242366  1.27002705 -1.04857706  0.63616656  1.19921752
  1.30126292 -1.91673369  0.78878317  2.86040563 -0.58942507 -0.48954057
 -2.02007989  0.71385194  1.67028508  2.83505046 -1.28002666 -0.29213988
 -2.44457336 -2.27661096  3.10720424  2.56864943 -0.63691553 -2.68872726
  1.40184537 -0.08513321 -2.32406968  2.04582252  1.11707517 -0.65501809
  1.09006025 -1.88788147 -0.21566997  2.33728204 -0.18289387  0.60309184
  2.6297109   1.12511744  2.62332873  2.95872886  2.74194886 -2.90102404
  0.30943981 -0.75515057  1.72770378  2.73730032 -0.23742214 -2.36507429
  2.67413685 -3.08196392  0.73421222 -0.71301781 -1.79610128  2.95776936
 -1.94362521 -1.61893738 -2.5299227   2.29985149 -2.3801782   2.0110153
  1.91621893  1.44674739  2.58835525  2.94621866  1.84763423  1.49307222
 -1.70016986 -2.36967659  1.21674694  0.6939818   1.53717994 -2.87919931
 -0.47844013  2.46833772 -0.9021055   1.33559229  1.72253218  0.54290586
 -0.82136276  1.15474623  0.67367884 -0.31943739  2.79980506 -2.26199961
  1.45833995 -0.52237224  1.09133756 -2.86263667 -2.26572748  0.40217632
 -0.99627643 -0.41895637  0.43984962 -0.0730941  -1.63578826 -0.23439957
 -0.69703238  2.83580401 -1.22930048 -1.20507521 -1.18228522  1.28707951
  1.79185342 -0.81076351  1.99964828 -2.02233454 -0.20605705 -0.86286569
 -2.93460154  3.05634656 -1.83501458  3.12590036 -1.29880673 -2.84217081
  2.99424982 -1.24158723 -0.72341615 -3.01935939 -2.55996291  2.75088694
 -2.02672004 -2.0054001  -0.47732768  3.14498707  0.2657344   0.07991635
 -1.56922666 -0.40167253 -1.56977643 -3.10831938  2.76888492  1.06752784
 -0.45643933 -2.23840031  0.99862253 -1.33959549 -0.24297358 -2.33174763
 -1.87718563  1.78234961 -1.0118274   2.76122318 -0.62076718 -3.08199131
 -2.91231379  2.02714876 -3.15242054 -0.32793303 -1.08083639 -0.15758533
  2.46600471  1.89743168  0.06944734 -2.53889584 -2.65734512  0.22123897
 -0.78243585  1.35110705 -2.55120321  0.99037994 -0.11615067  0.45013789
  1.90678172  0.79674278  0.72109449 -1.30483653  1.78380238  2.66988708
  1.10225607  0.26845633 -1.12031492  2.47863764  0.71399067 -2.01393378
  0.09424484  1.88716918  0.93778048 -0.7922917  -2.47434925  2.50065715
  2.01790853  1.7374796   2.27021882  1.66798622 -1.71472536 -2.88677458
  0.58050963  1.46833207 -2.31490718 -1.32932319  2.31927028  1.37586426
 -0.13773396 -1.88610281 -1.54814363  1.92695779  1.4962207  -1.01673404
 -0.16678242 -0.53167935 -0.27411101  2.27892018 -0.43100078 -0.8169883
  0.7867595  -2.34497808  0.79561641  2.6014534  -0.50887332  2.20890603
 -1.92581899 -1.18519727 -2.52215921 -2.32249876 -1.48512642 -3.0535494
  1.74227978  1.74595599  1.56732043  1.12250351  1.37602183 -2.14613092
 -2.69457178  1.68793482  0.90452012 -0.40676902 -2.55179163  1.60440512
 -1.19391955 -2.70635658 -0.16031166  2.0486734  -2.69774962 -2.29499628
  1.89537719  1.03276477 -0.61624246 -0.56521258 -0.77055906  2.19433282
  0.67171088 -0.49641773  0.42401594 -2.39167948  1.36220025 -0.28084491
  2.11249744  1.01379983  2.66500069 -1.19309089  2.31840867 -0.39617959
 -3.13230088  2.27906383  0.86068005  2.07458898 -1.30270748  1.36233049
 -1.81420474  0.12993846  0.30388299 -2.74007036 -0.77638153 -2.46860243
  0.22246777 -0.27269486]
Sat May 25 13:05:30 2024,26,0.7738424714676329,[-3.13507266  2.24688296 -2.11872555 -0.13260997  0.57158325 -2.79914811
  3.03472638  2.13976476  1.28268595 -1.06123596  0.64882545  1.21187642
  1.28860402 -1.92939258  0.80144207  2.87306453 -0.60208397 -0.50219947
 -2.00742099  0.70119304  1.68294398  2.82239156 -1.26736777 -0.30479877
 -2.43191446 -2.26395206  3.09454535  2.58130833 -0.64957443 -2.67606836
  1.38918647 -0.07247431 -2.33672857  2.05848141  1.12973406 -0.64235919
  1.07740136 -1.90054037 -0.20301108  2.32462314 -0.19555277  0.59043294
  2.6423698   1.11245854  2.63598763  2.97138776  2.72928996 -2.88836514
  0.32209871 -0.74249167  1.71504488  2.74995922 -0.25008103 -2.3524154
  2.66147795 -3.06930502  0.72155332 -0.72567671 -1.80876018  2.97042826
 -1.93096631 -1.60627848 -2.5172638   2.28719259 -2.3675193   1.9983564
  1.90356003  1.43408849  2.60101415  2.93355976  1.86029313  1.48041333
 -1.68751096 -2.35701769  1.22940584  0.6813229   1.54983883 -2.89185821
 -0.46578123  2.48099662 -0.8894466   1.32293339  1.73519108  0.53024696
 -0.80870386  1.14208733  0.66101994 -0.33209629  2.78714616 -2.24934071
  1.47099885 -0.53503113  1.10399646 -2.87529557 -2.25306858  0.41483522
 -0.98361754 -0.43161527  0.45250852 -0.0604352  -1.62312936 -0.24705847
 -0.68437348  2.84846291 -1.24195938 -1.21773411 -1.19494412  1.29973841
  1.80451232 -0.79810462  1.98698938 -2.00967565 -0.19339815 -0.87552458
 -2.94726044  3.04368766 -1.84767347  3.13855926 -1.28614783 -2.82951191
  3.00690872 -1.22892833 -0.71075725 -3.03201829 -2.54730401  2.73822804
 -2.03937894 -2.018059   -0.48998658  3.13232817  0.2783933   0.09257525
 -1.55656777 -0.38901363 -1.58243533 -3.09566048  2.78154382  1.05486895
 -0.46909823 -2.2510592   0.98596363 -1.32693659 -0.25563248 -2.31908873
 -1.86452673  1.76969071 -0.9991685   2.77388208 -0.63342608 -3.06933242
 -2.92497269  2.01448986 -3.13976164 -0.34059193 -1.09349529 -0.17024423
  2.47866361  1.88477278  0.05678844 -2.55155474 -2.64468622  0.23389787
 -0.76977696  1.33844815 -2.56386211  0.97772104 -0.10349177  0.43747899
  1.91944062  0.80940168  0.73375339 -1.31749543  1.77114348  2.65722818
  1.08959718  0.28111523 -1.13297382  2.49129654  0.70133177 -2.00127489
  0.08158594  1.89982808  0.92512158 -0.80495059 -2.48700815  2.48799825
  2.00524963  1.7248207   2.25755992  1.65532732 -1.72738426 -2.89943348
  0.56785073  1.48099097 -2.32756608 -1.3166643   2.33192918  1.36320536
 -0.12507506 -1.8987617  -1.53548473  1.91429889  1.5088796  -1.02939294
 -0.15412352 -0.54433825 -0.26145211  2.26626128 -0.44365968 -0.8296472
  0.7741006  -2.35763698  0.80827531  2.6141123  -0.52153222  2.22156493
 -1.91316009 -1.19785617 -2.50950031 -2.33515766 -1.47246752 -3.0408905
  1.75493868  1.75861488  1.57997933  1.10984461  1.38868073 -2.15878982
 -2.68191288  1.67527592  0.89186122 -0.39411012 -2.56445053  1.61706402
 -1.18126065 -2.69369768 -0.17297056  2.0360145  -2.68509072 -2.30765518
  1.88271829  1.02010587 -0.60358356 -0.55255368 -0.78321795  2.18167392
  0.65905198 -0.48375883  0.43667484 -2.37902058  1.34954135 -0.29350381
  2.12515633  1.00114094  2.65234179 -1.180432    2.33106757 -0.40883848
 -3.14495978  2.26640493  0.87333895  2.08724788 -1.29004858  1.37498939
 -1.82686363  0.14259736  0.31654189 -2.75272925 -0.78904043 -2.45594353
  0.20980887 -0.28535376]
Sat May 25 13:06:07 2024,27,0.7698252482230166,[-3.14812412  2.2338315  -2.13177701 -0.11955851  0.58463471 -2.78609665
  3.04777784  2.15281622  1.26963448 -1.07428742  0.66187692  1.19882496
  1.27555256 -1.91634112  0.78839061  2.86001306 -0.61513543 -0.48914801
 -1.99436953  0.7142445   1.66989252  2.83544302 -1.2543163  -0.29174731
 -2.418863   -2.2509006   3.08149388  2.59435979 -0.63652296 -2.68911983
  1.37613501 -0.05942285 -2.34978004  2.04542995  1.14278553 -0.62930773
  1.06434989 -1.91359183 -0.21606254  2.31157168 -0.18250131  0.57738148
  2.62931834  1.12551     2.64903909  2.9583363   2.7162385  -2.9014166
  0.30904725 -0.72944021  1.70199342  2.73690776 -0.2631325  -2.33936393
  2.67452941 -3.08235648  0.73460479 -0.71262525 -1.82181164  2.9573768
 -1.94401777 -1.61932994 -2.53031527  2.30024405 -2.35446784  2.01140786
  1.89050857  1.42103703  2.61406561  2.94661122  1.87334459  1.46736186
 -1.70056243 -2.34396623  1.2424573   0.66827144  1.53678737 -2.90490967
 -0.47883269  2.46794516 -0.87639513  1.30988193  1.72213961  0.54329842
 -0.7956524   1.12903587  0.6740714  -0.31904483  2.80019762 -2.23628925
  1.45794739 -0.5480826   1.090945   -2.86224411 -2.26612004  0.42788668
 -0.97056607 -0.4185638   0.43945706 -0.04738374 -1.63618083 -0.23400701
 -0.69742495  2.83541144 -1.25501084 -1.20468265 -1.18189266  1.28668695
  1.79146086 -0.81115608  1.97393792 -1.99662418 -0.20644961 -0.86247312
 -2.9603119   3.05673912 -1.86072494  3.1255078  -1.27309637 -2.84256337
  2.99385726 -1.24197979 -0.69770579 -3.01896683 -2.53425255  2.7512795
 -2.0524304  -2.03111046 -0.47693512  3.11927671  0.29144476  0.10562671
 -1.56961923 -0.40206509 -1.59548679 -3.10871195  2.76849236  1.06792041
 -0.48214969 -2.26411067  0.97291217 -1.33998805 -0.26868394 -2.33214019
 -1.87757819  1.78274217 -1.01221997  2.78693354 -0.62037462 -3.08238388
 -2.93802415  2.02754132 -3.1528131  -0.32754047 -1.10654675 -0.18329569
  2.46561214  1.87172132  0.04373698 -2.5646062  -2.63163476  0.22084641
 -0.78282842  1.32539669 -2.57691357  0.9907725  -0.09044031  0.45053045
  1.90638916  0.82245314  0.74680485 -1.33054689  1.75809202  2.64417672
  1.10264864  0.29416669 -1.11992235  2.47824508  0.71438323 -1.98822342
  0.06853448  1.88677662  0.91207012 -0.81800206 -2.47395669  2.50104971
  2.01830109  1.71176924  2.27061138  1.66837878 -1.74043572 -2.91248494
  0.55479927  1.46793951 -2.34061754 -1.32971576  2.34498064  1.3501539
 -0.13812652 -1.88571024 -1.52243327  1.92735035  1.49582813 -1.01634148
 -0.16717498 -0.55738971 -0.24840065  2.25320982 -0.45671114 -0.81659574
  0.76104914 -2.37068844  0.82132677  2.62716376 -0.53458368  2.20851347
 -1.92621155 -1.18480471 -2.49644885 -2.34820912 -1.48551898 -3.02783904
  1.74188721  1.77166635  1.59303079  1.12289607  1.40173219 -2.17184129
 -2.66886142  1.68832738  0.90491268 -0.38105866 -2.55139907  1.63011548
 -1.16820919 -2.70674914 -0.1599191   2.02296304 -2.67203926 -2.32070664
  1.86966683  1.03315734 -0.5905321  -0.53950222 -0.77016649  2.16862246
  0.64600052 -0.47070737  0.4497263  -2.39207204  1.36259281 -0.28045235
  2.1382078   1.0141924   2.63929033 -1.16738053  2.3180161  -0.39578702
 -3.15801124  2.27945639  0.86028749  2.07419642 -1.30310004  1.36193792
 -1.81381217  0.1295459   0.30349043 -2.76578072 -0.80209189 -2.468995
  0.19675741 -0.2723023 ]
Sat May 25 13:06:31 2024,28,0.7655374340146675,[-3.16157585  2.24728323 -2.11832528 -0.13301024  0.57118298 -2.79954837
  3.06122956  2.13936449  1.28308621 -1.0608357   0.64842519  1.18537323
  1.28900428 -1.9028894   0.80184233  2.84656134 -0.60168371 -0.50259973
 -2.00782125  0.70079278  1.65644079  2.82199129 -1.24086458 -0.30519904
 -2.40541127 -2.26435232  3.09494561  2.60781152 -0.64997469 -2.70257155
  1.36268329 -0.07287458 -2.33632831  2.03197823  1.1293338  -0.64275946
  1.07780162 -1.9001401  -0.22951426  2.29811996 -0.16904958  0.56392975
  2.64277006  1.11205828  2.66249081  2.94488458  2.70278678 -2.88796487
  0.32249897 -0.74289193  1.71544515  2.75035948 -0.24968077 -2.32591221
  2.68798114 -3.06890475  0.72115306 -0.72607697 -1.80835992  2.94392507
 -1.95746949 -1.60587822 -2.54376699  2.28679232 -2.36791957  2.02485958
  1.90396029  1.43448876  2.60061388  2.96006295  1.85989286  1.45391014
 -1.6871107  -2.3305145   1.25590902  0.68172316  1.52333565 -2.89145795
 -0.49228442  2.48139689 -0.86294341  1.32333365  1.73559134  0.55675014
 -0.80910412  1.11558414  0.68752313 -0.33249655  2.81364935 -2.24974097
  1.44449566 -0.56153432  1.07749327 -2.84879239 -2.27957177  0.41443496
 -0.95711435 -0.43201553  0.42600534 -0.06083547 -1.64963255 -0.24745874
 -0.71087667  2.84886317 -1.24155912 -1.21813437 -1.19534438  1.27323522
  1.80491258 -0.8246078   1.9604862  -2.01007591 -0.19299788 -0.8490214
 -2.94686017  3.07019084 -1.87417666  3.13895953 -1.2865481  -2.85601509
  3.00730898 -1.22852807 -0.71115752 -3.00551511 -2.52080082  2.76473123
 -2.03897868 -2.01765874 -0.46348339  3.13272844  0.27799304  0.11907844
 -1.5561675  -0.41551682 -1.60893852 -3.12216367  2.75504064  1.08137213
 -0.46869796 -2.27756239  0.95946045 -1.32653632 -0.28213566 -2.34559191
 -1.89102992  1.7961939  -0.99876824  2.77348182 -0.63382634 -3.06893215
 -2.92457243  2.01408959 -3.16626483 -0.31408874 -1.11999848 -0.16984396
  2.45216042  1.8582696   0.0571887  -2.57805792 -2.61818303  0.20739468
 -0.76937669  1.33884842 -2.5903653   1.00422423 -0.07698858  0.43707873
  1.91984088  0.80900141  0.73335313 -1.31709516  1.77154374  2.65762844
  1.11610036  0.30761842 -1.10647063  2.46479335  0.72783496 -2.00167515
  0.05508275  1.90022834  0.92552185 -0.83145378 -2.48740841  2.48759798
  2.00484937  1.72522096  2.28406311  1.6818305  -1.726984   -2.92593667
  0.54134754  1.45448778 -2.32716582 -1.34316748  2.33152892  1.36360563
 -0.12467479 -1.87225852 -1.53588499  1.94080207  1.50927986 -1.02979321
 -0.18062671 -0.54393799 -0.26185237  2.26666155 -0.44325942 -0.83004746
  0.77450087 -2.35723672  0.8347785   2.64061549 -0.5480354   2.22196519
 -1.91275983 -1.17135299 -2.50990057 -2.33475739 -1.47206726 -3.04129077
  1.72843549  1.78511807  1.57957906  1.10944434  1.41518392 -2.18529301
 -2.65540969  1.67487566  0.9183644  -0.36760693 -2.5648508   1.64356721
 -1.15475747 -2.69329742 -0.17337082  2.00951131 -2.68549098 -2.30725491
  1.88311855  1.04660906 -0.57708038 -0.55295395 -0.75671477  2.18207419
  0.6325488  -0.45725565  0.43627457 -2.37862031  1.34914109 -0.26700063
  2.12475607  1.02764412  2.65274206 -1.15392881  2.33146783 -0.3823353
 -3.14455951  2.26600466  0.84683576  2.08764814 -1.28964832  1.37538965
 -1.8272639   0.11609417  0.2900387  -2.77923244 -0.81554361 -2.45554327
  0.21020914 -0.28575402]
Sat May 25 13:06:54 2024,29,0.760964402110731,[-3.17543512  2.2611425  -2.13218455 -0.11915097  0.55732371 -2.7856891
  3.04737029  2.12550522  1.29694548 -1.04697643  0.63456592  1.17151396
  1.30286356 -1.88903012  0.81570161  2.83270207 -0.61554298 -0.48874046
 -1.99396198  0.68693351  1.64258152  2.83585057 -1.22700531 -0.29133977
 -2.41927054 -2.27821159  3.10880488  2.59395224 -0.63611542 -2.71643082
  1.37654256 -0.08673385 -2.32246904  2.0458375   1.14319307 -0.62890018
  1.09166089 -1.88628083 -0.24337353  2.28426068 -0.18290886  0.57778902
  2.62891079  1.12591755  2.64863154  2.95874385  2.71664605 -2.8741056
  0.3086397  -0.72903266  1.70158588  2.76421875 -0.26354004 -2.31205294
  2.70184041 -3.08276403  0.73501233 -0.73993624 -1.82221919  2.95778435
 -1.94361022 -1.59201895 -2.55762626  2.27293305 -2.35406029  2.03871886
  1.91781956  1.42062948  2.61447315  2.94620367  1.87375214  1.44005087
 -1.70096997 -2.31665523  1.2697683   0.69558243  1.53719492 -2.87759868
 -0.47842515  2.46753761 -0.84908414  1.33719293  1.74945061  0.54289087
 -0.82296339  1.12944342  0.67366386 -0.31863728  2.82750862 -2.26360025
  1.43063639 -0.57539359  1.063634   -2.86265166 -2.26571249  0.40057569
 -0.97097362 -0.4458748   0.41214606 -0.07469474 -1.66349182 -0.23359946
 -0.6970174   2.86272244 -1.25541839 -1.23199364 -1.20920366  1.2870945
  1.81877185 -0.81074853  1.97434547 -1.99621664 -0.20685715 -0.86288067
 -2.96071944  3.08405012 -1.88803593  3.12510026 -1.30040737 -2.86987437
  3.02116826 -1.21466879 -0.69729825 -3.01937438 -2.53466009  2.7785905
 -2.05283795 -2.03151801 -0.44962412  3.14658771  0.29185231  0.13293771
 -1.54230823 -0.42937609 -1.62279779 -3.1083044   2.76889991  1.06751286
 -0.48255723 -2.29142166  0.97331972 -1.3403956  -0.26827639 -2.33173264
 -1.87717064  1.78233462 -1.01262751  2.75962255 -0.61996707 -3.05507288
 -2.91071316  2.02794887 -3.15240555 -0.32794801 -1.13385775 -0.18370324
  2.43830115  1.87212887  0.07104797 -2.59191719 -2.6320423   0.22125396
 -0.75551742  1.32498914 -2.60422457  1.0180835  -0.06312931  0.42321945
  1.90598161  0.82286069  0.71949386 -1.30323589  1.75768447  2.67148771
  1.12995964  0.29375915 -1.1203299   2.47865263  0.71397569 -1.98781588
  0.06894203  1.88636907  0.91166258 -0.81759451 -2.47354914  2.50145726
  2.01870864  1.71136169  2.27020383  1.69568978 -1.71312473 -2.91207739
  0.52748827  1.46834706 -2.31330655 -1.35702675  2.31766965  1.34974635
 -0.13853407 -1.85839925 -1.52202572  1.95466135  1.52313913 -1.04365248
 -0.16676744 -0.53007872 -0.27571164  2.28052082 -0.45711869 -0.81618819
  0.76064159 -2.34337744  0.82091922  2.62675622 -0.56189468  2.20810592
 -1.89890056 -1.15749371 -2.52375985 -2.34861666 -1.45820799 -3.02743149
  1.74229476  1.7712588   1.56571979  1.09558507  1.42904319 -2.19915228
 -2.64155042  1.68873493  0.90450513 -0.35374766 -2.57871007  1.65742648
 -1.14089819 -2.67943814 -0.15951155  2.02337059 -2.69935026 -2.29339564
  1.86925928  1.06046833 -0.5632211  -0.53909468 -0.77057404  2.16821492
  0.64640807 -0.47111492  0.45013385 -2.36476104  1.36300036 -0.25314135
  2.13861534  1.04150339  2.66660133 -1.14006954  2.31760856 -0.39619457
 -3.13070024  2.25214539  0.86069503  2.07378887 -1.30350759  1.38924892
 -1.84112317  0.12995344  0.27617943 -2.79309171 -0.80168434 -2.441684
  0.22406841 -0.27189475]
Sat May 25 13:07:16 2024,30,0.756091302510262,[-3.18970872  2.2468689  -2.11791095 -0.10487736  0.57159731 -2.7999627
  3.03309669  2.11123162  1.31121908 -1.06125003  0.62029232  1.18578756
  1.31713716 -1.90330373  0.801428    2.84697567 -0.62981658 -0.50301406
 -1.97968838  0.70120711  1.65685512  2.82157696 -1.2127317  -0.30561337
 -2.43354415 -2.29248519  3.12307848  2.57967864 -0.62184182 -2.70215722
  1.39081616 -0.10100745 -2.33674264  2.0315639   1.12891947 -0.64317379
  1.10593449 -1.90055443 -0.22909993  2.26998708 -0.19718246  0.59206263
  2.64318439  1.11164395  2.66290514  2.94447025  2.70237245 -2.8883792
  0.3229133  -0.71475906  1.68731227  2.74994515 -0.24926644 -2.32632654
  2.68756681 -3.09703763  0.72073873 -0.72566264 -1.83649279  2.94351074
 -1.95788382 -1.57774534 -2.54335266  2.28720665 -2.33978669  2.02444525
  1.90354596  1.43490309  2.60019955  2.96047728  1.88802574  1.42577727
 -1.71524357 -2.30238163  1.25549469  0.68130883  1.52292132 -2.89187228
 -0.46415155  2.45326401 -0.86335774  1.32291932  1.76372421  0.55716447
 -0.80868979  1.14371702  0.65939025 -0.33291088  2.81323502 -2.24932664
  1.44490999 -0.58966719  1.0493604  -2.84837806 -2.2799861   0.41484929
 -0.98524722 -0.4601484   0.42641967 -0.08896834 -1.67776542 -0.24787307
 -0.6827438   2.87699604 -1.26969199 -1.24626725 -1.22347726  1.27282089
  1.80449825 -0.82502213  1.96007187 -2.01049024 -0.22113076 -0.84860707
 -2.97499305  3.06977651 -1.90230953  3.13937386 -1.31468097 -2.85560076
  3.00689465 -1.20039519 -0.71157185 -3.03364798 -2.54893369  2.7643169
 -2.06711155 -2.04579161 -0.43535052  3.16086131  0.30612591  0.11866411
 -1.55658183 -0.44364969 -1.60852419 -3.122578    2.78317351  1.05323926
 -0.49683084 -2.27714806  0.98759332 -1.3546692  -0.25400279 -2.31745904
 -1.89144425  1.76806102 -1.02690111  2.77389615 -0.63424067 -3.04079928
 -2.92498676  2.04222247 -3.16667916 -0.31367441 -1.14813135 -0.16942963
  2.42402755  1.85785527  0.05677437 -2.6061908  -2.6177687   0.23552756
 -0.74124382  1.33926275 -2.61849817  1.0323571  -0.07740291  0.43749306
  1.89170801  0.83713429  0.70522026 -1.28896229  1.77195807  2.65721411
  1.11568603  0.27948555 -1.1346035   2.49292623  0.72824929 -1.97354227
  0.05466842  1.90064267  0.89738897 -0.80332091 -2.45927554  2.51573086
  2.00443504  1.72563529  2.28447744  1.70996338 -1.72739833 -2.89780379
  0.51321467  1.45407345 -2.29903295 -1.37130036  2.30339605  1.33547275
 -0.15280767 -1.84412564 -1.50775212  1.94038774  1.53741273 -1.05792608
 -0.18104104 -0.54435232 -0.26143804  2.29479442 -0.47139229 -0.83046179
  0.7749152  -2.35765105  0.83519283  2.61248261 -0.57616828  2.22237952
 -1.91317416 -1.17176732 -2.53803345 -2.36289027 -1.47248159 -3.01315789
  1.75656836  1.7569852   1.55144619  1.10985867  1.41476959 -2.21342588
 -2.62727682  1.67446133  0.89023153 -0.33947406 -2.56443647  1.67170008
 -1.12662459 -2.69371175 -0.17378515  2.03764419 -2.71362386 -2.27912204
  1.88353288  1.04619473 -0.57749471 -0.55336828 -0.78484764  2.18248852
  0.63213447 -0.48538852  0.46440745 -2.37903464  1.37727396 -0.26741496
  2.12434174  1.02722979  2.65232773 -1.12579593  2.33188216 -0.38192097
 -3.14497384  2.23787179  0.87496864  2.05951527 -1.28923399  1.37497532
 -1.82684957  0.14422705  0.26190583 -2.80736532 -0.78741074 -2.4274104
  0.20979481 -0.28616835]
Sat May 25 13:07:40 2024,31,0.750903159959701,[-3.20440285  2.23217477 -2.13260508 -0.11957149  0.58629144 -2.81465683
  3.04779082  2.09653749  1.29652496 -1.0465559   0.63498644  1.20048169
  1.33183129 -1.91799785  0.78673388  2.83228154 -0.64451071 -0.51770819
 -1.96499425  0.71590124  1.67154925  2.80688284 -1.19803758 -0.32030749
 -2.41885002 -2.30717932  3.13777261  2.59437277 -0.63653594 -2.68746309
  1.40551029 -0.08631332 -2.35143677  2.01686977  1.1436136  -0.65786791
  1.12062862 -1.88586031 -0.24379406  2.28468121 -0.21187659  0.5773685
  2.62849027  1.12633807  2.64821102  2.95916437  2.68767832 -2.90307333
  0.30821918 -0.70006493  1.7020064   2.73525102 -0.23457231 -2.31163241
  2.67287268 -3.0823435   0.73543286 -0.74035677 -1.82179866  2.95820487
 -1.97257795 -1.59243947 -2.52865853  2.27251253 -2.32509256  2.00975113
  1.91824009  1.42020896  2.58550543  2.9751714   1.87333161  1.41108314
 -1.7299377  -2.31707575  1.24080057  0.69600296  1.50822719 -2.90656641
 -0.47884567  2.46795814 -0.84866361  1.33761345  1.74903009  0.5718586
 -0.82338392  1.15841114  0.64469613 -0.31821675  2.82792915 -2.23463252
  1.45960412 -0.57497307  1.03466627 -2.83368393 -2.29468022  0.40015516
 -0.99994135 -0.44545428  0.44111379 -0.10366247 -1.69245955 -0.26256719
 -0.69743792  2.89169017 -1.28438612 -1.23157312 -1.20878313  1.25812677
  1.81919238 -0.83971626  1.97476599 -2.02518437 -0.23582488 -0.83391294
 -2.98968717  3.05508239 -1.88761541  3.12467973 -1.3293751  -2.84090664
  3.02158878 -1.18570107 -0.72626598 -3.04834211 -2.56362782  2.77901102
 -2.05241742 -2.03109749 -0.42065639  3.14616718  0.29143178  0.10396998
 -1.57127596 -0.42895556 -1.62321831 -3.10788387  2.79786764  1.06793339
 -0.48213671 -2.29184219  1.00228745 -1.36936333 -0.26869692 -2.33215317
 -1.87675012  1.78275515 -1.04159524  2.75920202 -0.61954655 -3.02610515
 -2.93968089  2.0569166  -3.18137328 -0.32836854 -1.16282548 -0.18412376
  2.43872167  1.87254939  0.04208025 -2.59149667 -2.60307457  0.25022168
 -0.72654969  1.35395687 -2.6331923   1.01766298 -0.06270878  0.42279893
  1.90640214  0.82244016  0.71991438 -1.27426816  1.7866522   2.64251998
  1.10099191  0.26479142 -1.14929763  2.4782321   0.74294342 -1.9882364
  0.0399743   1.88594855  0.88269485 -0.81801503 -2.47396967  2.50103673
  1.98974091  1.74032942  2.26978331  1.72465751 -1.74209246 -2.91249792
  0.49852054  1.46876758 -2.28433882 -1.35660623  2.28870192  1.32077863
 -0.16750179 -1.82943152 -1.49305799  1.95508187  1.52271861 -1.04323195
 -0.19573517 -0.55904645 -0.24674391  2.30948855 -0.45669816 -0.84515592
  0.78960932 -2.34295692  0.8204987   2.62717674 -0.56147415  2.20768539
 -1.89848003 -1.15707319 -2.52333932 -2.37758439 -1.45778746 -2.99846377
  1.74187424  1.77167932  1.56614031  1.09516455  1.40007546 -2.22812001
 -2.61258269  1.6597672   0.8755374  -0.32477993 -2.57913059  1.65700596
 -1.14131872 -2.70840587 -0.18847928  2.02295006 -2.72831798 -2.29381617
  1.86883876  1.06088886 -0.56280058 -0.53867415 -0.77015351  2.16779439
  0.64682859 -0.50008265  0.44971332 -2.39372877  1.36257983 -0.25272083
  2.13903587  1.01253567  2.6376336  -1.14049006  2.34657629 -0.39661509
 -3.15966797  2.25256592  0.88966276  2.04482114 -1.27453986  1.38966945
 -1.84154369  0.15892117  0.2472117  -2.79267119 -0.80210487 -2.41271627
  0.22448893 -0.30086248]
Sat May 25 13:08:03 2024,32,0.7453849899627626,[-3.21952301  2.21705461 -2.14772524 -0.10445133  0.57117128 -2.79953667
  3.06291098  2.11165766  1.31164512 -1.03143574  0.61986628  1.18536153
  1.34695145 -1.90287769  0.77161371  2.81716138 -0.65963087 -0.50258802
 -1.94987409  0.70078107  1.68666941  2.822003   -1.18291741 -0.33542766
 -2.43397018 -2.32229949  3.15289277  2.57925261 -0.62141578 -2.70258326
  1.42063045 -0.10143349 -2.3363166   2.03198993  1.12849343 -0.64274775
  1.10550846 -1.87074014 -0.25891422  2.26956105 -0.22699675  0.59248866
  2.64361043  1.11121791  2.63309085  2.97428454  2.67255815 -2.91819349
  0.32333934 -0.68494477  1.71712656  2.72013086 -0.21945215 -2.29651225
  2.65775252 -3.09746366  0.72031269 -0.75547693 -1.8066785   2.94308471
 -1.95745779 -1.57731931 -2.51353837  2.28763269 -2.3099724   1.99463096
  1.93336025  1.4050888   2.57038526  2.96005124  1.85821145  1.4262033
 -1.74505787 -2.33219592  1.25592073  0.71112312  1.52334735 -2.89144624
 -0.46372551  2.4830783  -0.86378378  1.32249329  1.76415025  0.55673844
 -0.83850408  1.14329098  0.65981629 -0.30309659  2.84304931 -2.24975268
  1.47472428 -0.5598529   1.04978644 -2.84880409 -2.30980039  0.385035
 -0.98482119 -0.43033411  0.42599363 -0.11878263 -1.67733939 -0.24744703
 -0.71255809  2.87657001 -1.29950628 -1.21645296 -1.19366297  1.27324693
  1.80407222 -0.85483642  1.95964583 -2.04030453 -0.25094505 -0.81879278
 -3.00480734  3.03996222 -1.90273557  3.10955957 -1.34449526 -2.82578647
  3.00646862 -1.20082123 -0.74138614 -3.06346227 -2.54850766  2.79413119
 -2.03729726 -2.04621765 -0.40553623  3.13104702  0.27631162  0.11909015
 -1.55615579 -0.44407573 -1.63833848 -3.09276371  2.78274747  1.08305355
 -0.46701654 -2.30696235  1.01740761 -1.35424316 -0.25357675 -2.34727333
 -1.89187028  1.79787531 -1.02647508  2.77432219 -0.63466671 -3.04122531
 -2.92456072  2.04179643 -3.19649345 -0.31324837 -1.17794564 -0.1690036
  2.42360151  1.88766956  0.02696008 -2.60661683 -2.61819474  0.26534185
 -0.71142953  1.33883671 -2.61807213  1.00254281 -0.07782895  0.40767876
  1.89128197  0.83756032  0.73503455 -1.28938832  1.80177236  2.65764015
  1.08587174  0.24967126 -1.16441779  2.49335226  0.75806358 -1.97311624
  0.05509446  1.90106871  0.89781501 -0.80289487 -2.4588495   2.51615689
  1.97462074  1.72520926  2.28490347  1.73977767 -1.75721262 -2.89737776
  0.48340037  1.45364742 -2.29945898 -1.34148607  2.30382208  1.30565846
 -0.18262196 -1.81431135 -1.50817815  1.97020204  1.53783877 -1.05835212
 -0.21085533 -0.54392628 -0.26186408  2.32460871 -0.47181833 -0.86027608
  0.80472949 -2.35807708  0.80537853  2.6422969  -0.57659431  2.19256523
 -1.91360019 -1.17219335 -2.53845948 -2.39270456 -1.4426673  -2.9833436
  1.7569944   1.75655916  1.55102015  1.11028471  1.3849553  -2.21299985
 -2.62770285  1.64464703  0.86041724 -0.30965977 -2.59425076  1.64188579
 -1.15643888 -2.72352604 -0.17335912  2.0078299  -2.74343815 -2.278696
  1.88395892  1.07600902 -0.57792074 -0.55379432 -0.75503335  2.15267423
  0.63170843 -0.48496248  0.43459316 -2.37860861  1.3777     -0.23760066
  2.1239157   0.9974155   2.65275376 -1.15561023  2.33145612 -0.41173526
 -3.17478813  2.26768608  0.90478293  2.05994131 -1.28966002  1.40478961
 -1.82642353  0.17404134  0.26233186 -2.80779135 -0.81722503 -2.3975961
  0.20936877 -0.31598264]
Sat May 25 13:08:33 2024,33,0.7395219340345881,[-3.23507394  2.23260553 -2.13217432 -0.0889004   0.5867222  -2.81508759
  3.07846191  2.12720858  1.29609419 -1.04698666  0.63541721  1.1698106
  1.36250238 -1.88732676  0.75606279  2.8327123  -0.64407995 -0.51813895
 -1.96542502  0.68523014  1.70222034  2.83755393 -1.16736649 -0.35097859
 -2.41841926 -2.33785041  3.13734185  2.56370168 -0.60586485 -2.68703233
  1.43618138 -0.08588256 -2.35186753  2.01643901  1.14404436 -0.65829868
  1.12105938 -1.88629107 -0.2433633   2.25401012 -0.24254768  0.57693774
  2.65916136  1.12676884  2.64864178  2.95873361  2.68810908 -2.93374442
  0.33889027 -0.66939384  1.70157564  2.70457993 -0.20390122 -2.28096132
  2.67330344 -3.11301459  0.73586362 -0.73992601 -1.79112757  2.95863563
 -1.94190686 -1.59287023 -2.5290893   2.27208176 -2.29442147  1.97908004
  1.91780933  1.38953787  2.55483433  2.94450031  1.84266052  1.44175423
 -1.72950694 -2.31664499  1.2403698   0.72667405  1.53889828 -2.90699717
 -0.44817458  2.49862923 -0.84823285  1.30694236  1.77970118  0.54118751
 -0.82295316  1.12774005  0.67536722 -0.31864752  2.82749838 -2.26530361
  1.49027521 -0.54430198  1.03423551 -2.83325317 -2.32535131  0.40058592
 -0.96927026 -0.41478319  0.44154456 -0.13433356 -1.69289031 -0.2318961
 -0.72810901  2.89212093 -1.31505721 -1.20090203 -1.17811204  1.28879786
  1.81962314 -0.87038735  1.97519676 -2.05585546 -0.26649597 -0.8343437
 -3.02035826  3.05551315 -1.9182865   3.12511049 -1.32894433 -2.8413374
  2.99091769 -1.1852703  -0.75693707 -3.04791135 -2.56405858  2.77858026
 -2.05284818 -2.06176858 -0.42108715  3.11549609  0.26076069  0.10353922
 -1.57170672 -0.45962665 -1.65388941 -3.07721278  2.76719655  1.06750262
 -0.45146562 -2.32251328  1.03295854 -1.33869224 -0.26912768 -2.33172241
 -1.90742121  1.81342624 -1.01092415  2.78987311 -0.61911578 -3.05677624
 -2.94011165  2.02624551 -3.18094252 -0.3287993  -1.16239472 -0.18455452
  2.40805058  1.90322048  0.04251101 -2.59106591 -2.63374566  0.28089278
 -0.72698045  1.32328578 -2.63362306  1.01809374 -0.09337987  0.39212784
  1.87573105  0.8220094   0.75058547 -1.2738374   1.78622144  2.67319107
  1.10142267  0.23412033 -1.14886687  2.47780134  0.77361451 -1.98866716
  0.07064539  1.91661964  0.91336594 -0.78734394 -2.47440043  2.53170782
  1.95906982  1.74076018  2.26935255  1.72422674 -1.77276355 -2.91292868
  0.4989513   1.43809649 -2.28390806 -1.35703699  2.28827116  1.29010754
 -0.16707103 -1.82986228 -1.49262723  1.98575296  1.5533897  -1.07390304
 -0.22640626 -0.52837536 -0.277415    2.34015964 -0.48736925 -0.84472516
  0.82028041 -2.34252616  0.82092946  2.62674598 -0.56104339  2.20811616
 -1.92915112 -1.18774428 -2.52290856 -2.40825548 -1.42711637 -2.96779267
  1.74144347  1.77211009  1.56657108  1.09473378  1.40050622 -2.22855077
 -2.64325378  1.62909611  0.87596817 -0.32521069 -2.60980168  1.65743672
 -1.14088796 -2.73907696 -0.18891004  1.99227897 -2.75898907 -2.29424693
  1.86840799  1.09155995 -0.56236982 -0.53824339 -0.77058428  2.1371233
  0.6161575  -0.46941156  0.45014408 -2.39415953  1.36214907 -0.22204974
  2.13946663  1.01296643  2.66830469 -1.1400593   2.34700705 -0.39618433
 -3.15923721  2.25213515  0.92033385  2.04439038 -1.30521095  1.38923868
 -1.84197446  0.15849041  0.27788279 -2.79224043 -0.8016741  -2.41314703
  0.19381784 -0.33153357]
Sat May 25 13:08:55 2024,34,0.7332994152176748,[-3.25105946  2.24859105 -2.1161888  -0.07291488  0.60270773 -2.79910207
  3.09444743  2.11122306  1.31207971 -1.03100114  0.65140273  1.18579612
  1.34651686 -1.87134124  0.77204831  2.84869783 -0.66006547 -0.50215343
 -1.9494395   0.70121567  1.71820586  2.85353945 -1.15138097 -0.33499306
 -2.43440478 -2.32186489  3.15332737  2.54771616 -0.62185037 -2.67104681
  1.42019586 -0.06989704 -2.33588201  2.03242453  1.16002988 -0.64231316
  1.10507386 -1.90227659 -0.22737778  2.26999564 -0.2585332   0.59292326
  2.67514688  1.11078332  2.6646273   2.97471913  2.7040946  -2.9177589
  0.32290475 -0.68537936  1.71756116  2.72056545 -0.1879157  -2.2649758
  2.65731792 -3.12900011  0.7198781  -0.72394049 -1.80711309  2.97462115
 -1.92592134 -1.60885576 -2.51310378  2.28806729 -2.27843595  1.96309452
  1.93379485  1.40552339  2.57081986  2.92851479  1.826675    1.45773975
 -1.74549246 -2.30065947  1.22438428  0.74265957  1.5548838  -2.92298269
 -0.43218906  2.51461475 -0.86421837  1.32292788  1.76371566  0.55717303
 -0.80696764  1.11175453  0.69135274 -0.302662    2.81151286 -2.28128913
  1.50626073 -0.5602875   1.05022103 -2.81726765 -2.34133683  0.3846004
 -0.95328474 -0.39879766  0.42555903 -0.15031908 -1.67690479 -0.21591058
 -0.74409453  2.87613541 -1.33104273 -1.18491651 -1.16212652  1.30478338
  1.83560866 -0.85440183  1.99118228 -2.07184098 -0.2824815  -0.81835818
 -3.03634378  3.07149867 -1.90230098  3.10912497 -1.31295881 -2.82535188
  2.97493217 -1.20125582 -0.77292259 -3.03192582 -2.54807306  2.76259474
 -2.03686266 -2.0777541  -0.40510163  3.13148161  0.24477517  0.0875537
 -1.58769224 -0.47561217 -1.63790388 -3.0931983   2.78318207  1.0515171
 -0.4354801  -2.30652776  1.04894406 -1.32270672 -0.2851132  -2.31573688
 -1.92340673  1.82941176 -1.02690967  2.77388759 -0.6351013  -3.04079072
 -2.95609717  2.04223103 -3.19692804 -0.31281378 -1.17838024 -0.168569
  2.39206506  1.91920601  0.05849653 -2.60705143 -2.61776014  0.2968783
 -0.71099493  1.3392713  -2.64960858  1.00210822 -0.10936539  0.40811336
  1.89171657  0.80602388  0.73459995 -1.28982292  1.77023592  2.68917659
  1.11740819  0.21813481 -1.16485239  2.49378686  0.75762899 -1.97268164
  0.05465987  1.93260516  0.92935146 -0.80332946 -2.45841491  2.5157223
  1.97505534  1.72477466  2.28533807  1.70824122 -1.75677802 -2.9289142
  0.48296578  1.45408201 -2.29989358 -1.37302251  2.27228563  1.27412201
 -0.15108551 -1.8458478  -1.47664171  2.00173848  1.53740418 -1.08988856
 -0.21042074 -0.54436088 -0.26142948  2.35614516 -0.47138373 -0.82873964
  0.83626593 -2.35851168  0.80494394  2.61076046 -0.54505787  2.19213064
 -1.94513664 -1.17175876 -2.53889408 -2.39226996 -1.41113085 -2.9837782
  1.72545795  1.78809561  1.5825566   1.11071931  1.41649175 -2.24453629
 -2.62726826  1.61311059  0.85998264 -0.34119621 -2.59381616  1.6414512
 -1.15687348 -2.72309144 -0.17292452  1.97629345 -2.74300355 -2.27826141
  1.88439351  1.07557443 -0.5463843  -0.52225787 -0.75459876  2.15310882
  0.60017198 -0.45342604  0.4661296  -2.41014506  1.34616355 -0.20606422
  2.15545215  0.99698091  2.65231917 -1.15604482  2.36299257 -0.38019881
 -3.14325169  2.23614963  0.90434833  2.02840486 -1.28922543  1.37325316
 -1.85795998  0.17447593  0.26189727 -2.77625491 -0.81765962 -2.42913255
  0.20980337 -0.34751909]
Sat May 25 13:09:18 2024,35,0.7267033145482954,[-3.2674824   2.23216812 -2.09976586 -0.05649194  0.58628479 -2.81552501
  3.11087037  2.127646    1.32850265 -1.0145782   0.63497979  1.16937318
  1.36293979 -1.88776418  0.78847124  2.83227489 -0.64364253 -0.48573049
 -1.96586243  0.68479273  1.70178292  2.86996239 -1.1678039  -0.351416
 -2.41798184 -2.30544195  3.16975031  2.53129322 -0.63827331 -2.68746975
  1.4366188  -0.0534741  -2.35230495  2.01600159  1.17645282 -0.65873609
  1.1214968  -1.88585365 -0.21095484  2.28641858 -0.27495613  0.57650032
  2.65872394  1.12720625  2.64820436  2.95829619  2.72051754 -2.93418184
  0.30648181 -0.66895642  1.70113822  2.73698839 -0.17149276 -2.28139874
  2.64089499 -3.11257717  0.73630104 -0.74036342 -1.79069015  2.95819822
 -1.9094984  -1.62527869 -2.52952671  2.30449022 -2.29485889  1.97951745
  1.95021779  1.38910045  2.58724279  2.91209185  1.81025206  1.44131681
 -1.72906952 -2.31708241  1.20796135  0.75908251  1.57130674 -2.90655975
 -0.448612    2.49819181 -0.84779543  1.30650494  1.74729272  0.54075009
 -0.7905447   1.12817747  0.6749298  -0.28623906  2.79508993 -2.29771207
  1.48983779 -0.54386456  1.06664397 -2.80084471 -2.3249139   0.40102334
 -0.96970768 -0.38237473  0.4091361  -0.13389614 -1.69332773 -0.23233352
 -0.76051747  2.89255835 -1.34746567 -1.20133945 -1.17854946  1.28836044
  1.8520316  -0.87082477  2.00760522 -2.08826392 -0.29890443 -0.80193524
 -3.05276672  3.05507573 -1.88587804  3.12554791 -1.29653588 -2.80892894
  2.95850923 -1.18483289 -0.75649965 -3.01550289 -2.53165013  2.7461718
 -2.02043973 -2.09417703 -0.3886787   3.11505868  0.22835224  0.10397664
 -1.60411518 -0.45918924 -1.65432682 -3.07677537  2.79960501  1.03509416
 -0.45190304 -2.29010482  1.03252112 -1.30628378 -0.30153614 -2.29931395
 -1.90698379  1.8458347  -1.04333261  2.75746465 -0.61867837 -3.02436778
 -2.93967423  2.05865396 -3.1805051  -0.32923672 -1.19480317 -0.15214606
  2.408488    1.90278307  0.04207359 -2.62347437 -2.63418308  0.31330123
 -0.72741787  1.32284837 -2.63318564  1.01853116 -0.12578833  0.39169042
  1.90813951  0.78960094  0.71817701 -1.27339998  1.75381298  2.70559953
  1.10098525  0.20171187 -1.14842945  2.5102098   0.77405193 -1.98910458
  0.03823693  1.91618222  0.9457744  -0.8197524  -2.44199197  2.49929936
  1.9586324   1.70835172  2.26891513  1.69181828 -1.77320096 -2.94533714
  0.49938872  1.43765907 -2.28347064 -1.35659957  2.28870857  1.25769908
 -0.16750845 -1.82942486 -1.49306464  1.98531554  1.55382711 -1.07346563
 -0.22684367 -0.56078381 -0.24500655  2.3725681  -0.48780667 -0.8123167
  0.819843   -2.34208874  0.788521    2.59433752 -0.56148081  2.20855357
 -1.9287137  -1.1881817  -2.55531702 -2.37584703 -1.42755379 -2.96735526
  1.70903501  1.80451855  1.59897954  1.09429637  1.43291468 -2.26095923
 -2.61084532  1.62953353  0.87640558 -0.32477328 -2.6102391   1.65787414
 -1.17329642 -2.73951438 -0.15650158  1.99271639 -2.72658062 -2.26183847
  1.86797058  1.05915149 -0.52996136 -0.50583493 -0.73817582  2.13668588
  0.58374904 -0.46984897  0.44970667 -2.42656799  1.36258649 -0.22248716
  2.13902921  0.98055797  2.63589623 -1.17246776  2.34656963 -0.39662175
 -3.15967463  2.21972669  0.92077127  2.0448278  -1.27280249  1.35683023
 -1.87438292  0.19089887  0.24547433 -2.79267784 -0.83408256 -2.41270961
  0.2262263  -0.36394203]
Sat May 25 13:11:00 2024,36,0.7197201687257035,[-3.28434445  2.21530606 -2.11662791 -0.03962989  0.60314684 -2.79866296
  3.09400832  2.11078395  1.3116406  -1.03144026  0.61811774  1.15251113
  1.34607774 -1.87090213  0.8053333   2.81541284 -0.62678048 -0.46886844
 -1.94900038  0.66793068  1.71864497  2.88682444 -1.18466596 -0.33455395
 -2.40111979 -2.32230401  3.15288825  2.51443117 -0.65513536 -2.7043318
  1.45348085 -0.03661205 -2.3354429   1.99913954  1.15959077 -0.64187404
  1.10463475 -1.9027157  -0.22781689  2.30328063 -0.25809408  0.59336237
  2.64186189  1.1103442   2.63134231  2.94143414  2.73737959 -2.95104389
  0.28961976 -0.68581847  1.71800027  2.75385044 -0.18835482 -2.26453669
  2.62403293 -3.12943923  0.75316309 -0.75722548 -1.80755221  2.94133616
 -1.92636045 -1.60841664 -2.54638877  2.28762817 -2.31172094  1.9626554
  1.93335573  1.4059625   2.60410485  2.8952298   1.79339001  1.45817886
 -1.71220747 -2.33394446  1.2248234   0.77594456  1.55444469 -2.8896977
 -0.43174995  2.48132976 -0.83093338  1.28964289  1.76415477  0.55761215
 -0.77368265  1.14503952  0.65806775 -0.30310111  2.81195198 -2.28085001
  1.50669985 -0.56072661  1.04978192 -2.78398266 -2.30805184  0.38416129
 -0.98656973 -0.36551267  0.42599815 -0.11703409 -1.71018978 -0.24919557
 -0.77737952  2.9094204  -1.36432772 -1.2182015  -1.16168741  1.27149839
  1.83516955 -0.88768682  1.99074316 -2.10512597 -0.31576649 -0.8187973
 -3.03590467  3.03821368 -1.90274009  3.14240996 -1.31339793 -2.82579099
  2.97537128 -1.20169494 -0.7733617  -2.99864083 -2.51478807  2.72930975
 -2.00357767 -2.07731498 -0.37181664  3.09819662  0.24521429  0.12083869
 -1.62097723 -0.47605129 -1.63746477 -3.05991331  2.81646706  1.05195622
 -0.43504098 -2.27324277  1.04938317 -1.28942173 -0.31839819 -2.28245189
 -1.92384584  1.82897265 -1.06019466  2.7406026  -0.63554042 -3.00750573
 -2.92281218  2.07551602 -3.19736716 -0.34609877 -1.21166523 -0.13528401
  2.42535005  1.91964512  0.02521154 -2.64033642 -2.65104513  0.33016329
 -0.74427992  1.30598631 -2.61632359  1.0016691  -0.14265038  0.40855247
  1.92500156  0.80646299  0.73503907 -1.25653793  1.77067503  2.72246158
  1.0841232   0.21857392 -1.1315674   2.49334774  0.75718987 -2.00596663
  0.02137488  1.89932017  0.92891234 -0.83661445 -2.42512992  2.48243731
  1.97549445  1.69148967  2.25205308  1.67495623 -1.79006301 -2.92847509
  0.48252667  1.42079702 -2.30033269 -1.33973752  2.30557062  1.24083702
 -0.1843705  -1.84628691 -1.47620259  1.96845349  1.57068917 -1.05660357
 -0.24370573 -0.54392176 -0.22814449  2.35570604 -0.50466872 -0.82917875
  0.83670505 -2.35895079  0.77165895  2.61119957 -0.57834286  2.22541563
 -1.91185165 -1.17131964 -2.57217907 -2.35898497 -1.41069174 -2.98421731
  1.72589707  1.8213806   1.61584159  1.11115842  1.44977674 -2.27782128
 -2.62770737  1.61267147  0.85954353 -0.34163533 -2.62710115  1.64101208
 -1.15643436 -2.72265233 -0.13963953  2.00957844 -2.74344267 -2.24497642
  1.85110852  1.04228944 -0.54682341 -0.52269698 -0.75503787  2.11982383
  0.56688699 -0.48671103  0.46656872 -2.44343005  1.37944854 -0.23934921
  2.12216716  0.99742002  2.65275828 -1.15560571  2.32970758 -0.4134838
 -3.17653668  2.23658875  0.93763332  2.06168985 -1.25594044  1.33996817
 -1.89124497  0.17403682  0.26233638 -2.77581579 -0.81722051 -2.42957167
  0.20936425 -0.38080408]
Sat May 25 13:11:39 2024,37,0.7123373886826481,[-3.30164606  2.19800445 -2.0993263  -0.0569315   0.58584523 -2.81596457
  3.11130993  2.12808556  1.32894221 -1.01413864  0.60081612  1.13520952
  1.32877613 -1.85360052  0.82263491  2.83271445 -0.64408209 -0.45156683
 -1.93169877  0.65062906  1.73594659  2.90412605 -1.20196757 -0.31725234
 -2.4184214  -2.30500239  3.17018987  2.49712956 -0.67243698 -2.68703019
  1.43617924 -0.05391366 -2.31814128  2.01644115  1.14228916 -0.65917565
  1.12193636 -1.92001732 -0.21051528  2.32058224 -0.24079247  0.61066398
  2.62456028  1.09304259  2.6140407   2.95873575  2.7546812  -2.93374228
  0.30692137 -0.66851686  1.73530188  2.73654883 -0.20565643 -2.24723507
  2.64133455 -3.14674084  0.7704647  -0.73992386 -1.79025059  2.92403455
 -1.90905884 -1.62571825 -2.52908715  2.30492978 -2.32902256  1.94535379
  1.91605412  1.42326412  2.58680323  2.87792819  1.81069162  1.44087725
 -1.69490586 -2.35124607  1.20752179  0.75864295  1.53714308 -2.87239609
 -0.41444834  2.46402815 -0.84823499  1.3069445   1.74685316  0.57491376
 -0.75638103  1.16234114  0.64076614 -0.32040272  2.82925359 -2.29815163
  1.52400146 -0.57802822  1.0324803  -2.76668104 -2.32535346  0.4014629
 -0.96926812 -0.38281429  0.44329976 -0.09973248 -1.7274914  -0.26649718
 -0.76007791  2.92672202 -1.38162933 -1.23550311 -1.17898902  1.2888
  1.81786794 -0.87038521  2.00804478 -2.12242758 -0.3330681  -0.80149568
 -3.05320628  3.02091207 -1.88543848  3.15971157 -1.29609632 -2.80848938
  2.95806967 -1.21899655 -0.79066331 -2.98133922 -2.49748646  2.71200814
 -2.02087929 -2.06001337 -0.38911826  3.08089501  0.22791268  0.1381403
 -1.60367562 -0.4933529  -1.65476638 -3.07721493  2.79916545  1.06925783
 -0.41773937 -2.29054438  1.03208156 -1.30672334 -0.3356998  -2.26515028
 -1.94114745  1.84627426 -1.07749627  2.72330099 -0.65284203 -3.02480734
 -2.90551057  2.0582144  -3.21466877 -0.36340038 -1.19436361 -0.15258562
  2.44265166  1.93694673  0.00790993 -2.62303481 -2.66834675  0.3474649
 -0.72697831  1.2886847  -2.59902198  1.01897072 -0.159952    0.42585408
  1.90769995  0.78916138  0.75234068 -1.27383954  1.75337342  2.7397632
  1.10142481  0.20127231 -1.11426579  2.51064936  0.73988826 -1.98866502
  0.00407327  1.88201856  0.94621396 -0.85391607 -2.40782831  2.4651357
  1.95819284  1.67418806  2.26935469  1.65765462 -1.7727614  -2.9457767
  0.49982828  1.43809863 -2.28303108 -1.32243591  2.28826901  1.22353541
 -0.16706889 -1.8289853  -1.4935042   1.9857551   1.55338755 -1.03930196
 -0.26100734 -0.52662015 -0.24544611  2.33840443 -0.48736711 -0.81187714
  0.85400666 -2.34164918  0.78896056  2.62850118 -0.56104125  2.24271724
 -1.89455004 -1.18862126 -2.55487746 -2.34168336 -1.42799335 -3.00151892
  1.70859545  1.83868221  1.59853998  1.09385681  1.46707835 -2.2951229
 -2.64500898  1.59536986  0.87684514 -0.32433372 -2.64440277  1.6583137
 -1.17373598 -2.73995394 -0.12233792  1.99227683 -2.76074428 -2.22767481
  1.83380691  1.05959105 -0.5295218  -0.50539537 -0.77233948  2.13712544
  0.54958538 -0.46940941  0.44926711 -2.42612843  1.39675015 -0.2220476
  2.10486555  1.01472163  2.63545667 -1.13830409  2.31240597 -0.39618219
 -3.15923507  2.21928713  0.92033171  2.04438824 -1.23863883  1.32266656
 -1.90854658  0.19133843  0.24503477 -2.75851418 -0.7999189  -2.41227005
  0.22666586 -0.39810569]
Sat May 25 13:12:01 2024,38,0.7045434980776275,[-3.3193863   2.18026421 -2.11706654 -0.07467174  0.56810498 -2.79822433
  3.09356968  2.11034532  1.34668246 -0.9963984   0.58307588  1.11746928
  1.31103589 -1.83586027  0.80489467  2.8149742  -0.66182233 -0.43382659
 -1.91395853  0.66836931  1.71820634  2.92186629 -1.18422733 -0.33499258
 -2.40068116 -2.32274264  3.18793011  2.5148698  -0.65469673 -2.66928995
  1.45391948 -0.0716539  -2.30040104  1.99870091  1.1600294  -0.6769159
  1.10419612 -1.93775756 -0.22825552  2.33832248 -0.22305223  0.59292374
  2.60682003  1.11078283  2.63178094  2.976476    2.77242145 -2.91600204
  0.28918113 -0.68625711  1.71756164  2.71880859 -0.22339667 -2.26497532
  2.65907479 -3.16448108  0.78820494 -0.75766411 -1.77251035  2.90629431
 -1.92679909 -1.60797801 -2.51134691  2.28718954 -2.3467628   1.96309403
  1.89831388  1.44100436  2.60454348  2.89566843  1.82843186  1.42313701
 -1.7126461  -2.33350583  1.22526203  0.77638319  1.51940283 -2.89013633
 -0.43218858  2.48176839 -0.86597524  1.32468475  1.72911291  0.55717351
 -0.73864079  1.14460089  0.62302589 -0.30266248  2.81151335 -2.31589187
  1.50626121 -0.59576847  1.05022055 -2.78442129 -2.3430937   0.41920314
 -0.98700836 -0.36507404  0.46104    -0.11747272 -1.74523164 -0.24875694
 -0.74233767  2.90898177 -1.39936957 -1.25324335 -1.19672926  1.30654024
  1.83560818 -0.85264497  2.02578502 -2.14016782 -0.31532785 -0.78375544
 -3.03546604  3.03865231 -1.86769824  3.14197133 -1.31383656 -2.82622962
  2.94032943 -1.20125631 -0.77292307 -2.96359898 -2.5152267   2.72974838
 -2.03861953 -2.04227313 -0.37137801  3.09863526  0.21017243  0.15588054
 -1.58593538 -0.51109314 -1.63702614 -3.09495517  2.81690569  1.08699807
 -0.43547961 -2.27280414  1.01434132 -1.32446358 -0.35344004 -2.24741004
 -1.92340721  1.82853401 -1.05975603  2.74104123 -0.67058227 -3.0070671
 -2.88777032  2.07595465 -3.19692852 -0.34566014 -1.17662337 -0.13484538
  2.46039191  1.95468697 -0.00983032 -2.64077505 -2.68608699  0.32972465
 -0.74471855  1.27094446 -2.61676222  1.00123047 -0.14221175  0.40811384
  1.8899597   0.77142114  0.73460043 -1.29157978  1.73563317  2.75750344
  1.08368457  0.21901255 -1.09652554  2.5283896   0.7576285  -1.97092478
  0.02181351  1.8997588   0.92847371 -0.83617582 -2.39008806  2.44739545
  1.97593308  1.6919283   2.25161444  1.63991438 -1.75502116 -2.96351694
  0.48208804  1.45583888 -2.30077132 -1.34017615  2.30600926  1.24127566
 -0.14932865 -1.84672554 -1.51124445  1.96801486  1.53564731 -1.05704221
 -0.27874758 -0.54436039 -0.22770586  2.35614468 -0.46962687 -0.79413689
  0.8717469  -2.35938942  0.8067008   2.64624143 -0.57878149  2.26045748
 -1.8768098  -1.17088101 -2.5726177  -2.32394312 -1.44573359 -3.01925916
  1.7263357   1.85642245  1.58079973  1.11159705  1.48481859 -2.27738265
 -2.66274923  1.61311011  0.89458539 -0.34207396 -2.62666252  1.67605394
 -1.15599573 -2.7222137  -0.10459768  2.01001707 -2.74300404 -2.20993456
  1.81606667  1.07733129 -0.51178155 -0.52313561 -0.75459924  2.1193852
  0.56732562 -0.45166917  0.43152686 -2.40838819  1.41449039 -0.23978784
  2.12260579  1.03246188  2.61771643 -1.12056385  2.33014621 -0.41392243
 -3.17697531  2.20154689  0.93807195  2.06212848 -1.22089858  1.34040681
 -1.92628682  0.17359819  0.22729453 -2.74077394 -0.78217866 -2.39452981
  0.20892562 -0.38036545]
Sat May 25 13:12:35 2024,39,0.6963283899268845,[-3.33756275  2.16208777 -2.13524299 -0.09284819  0.54992854 -2.81640077
  3.07539324  2.12852176  1.32850601 -0.97822196  0.56489944  1.09929283
  1.32921233 -1.85403672  0.78671822  2.79679776 -0.64364589 -0.41565014
 -1.89578208  0.68654575  1.7000299   2.94004274 -1.20240377 -0.31681614
 -2.38250471 -2.30456619  3.16975367  2.53304624 -0.63652029 -2.6511135
  1.43574304 -0.08983035 -2.2822246   1.98052446  1.17820584 -0.65873945
  1.08601967 -1.955934   -0.24643197  2.35649893 -0.24122867  0.61110018
  2.62499648  1.09260639  2.64995738  2.99465244  2.79059789 -2.89782559
  0.30735757 -0.66808066  1.73573808  2.73698503 -0.20522023 -2.24679887
  2.67725123 -3.14630464  0.80638139 -0.73948766 -1.7906868   2.88811787
 -1.90862264 -1.62615445 -2.49317047  2.30536598 -2.36493924  1.98127048
  1.91649032  1.4591808   2.58636703  2.91384488  1.81025542  1.40496056
 -1.73082254 -2.31532939  1.24343847  0.75820675  1.53757928 -2.90831277
 -0.45036502  2.49994484 -0.88415168  1.3065083   1.71093647  0.53899707
 -0.75681724  1.16277734  0.60484945 -0.32083892  2.7933369  -2.33406831
  1.52443766 -0.57759202  1.0320441  -2.80259773 -2.36127014  0.4010267
 -1.0051848  -0.38325049  0.44286356 -0.09929628 -1.7270552  -0.26693339
 -0.72416123  2.92715822 -1.41754602 -1.2714198  -1.2149057   1.2883638
  1.81743174 -0.87082141  2.04396146 -2.15834427 -0.29715141 -0.765579
 -3.05364248  3.05682875 -1.88587468  3.12379489 -1.29566012 -2.84440607
  2.95850587 -1.18307986 -0.79109951 -2.94542254 -2.49705026  2.74792482
 -2.02044309 -2.02409668 -0.35320157  3.08045881  0.19199599  0.1377041
 -1.60411182 -0.4929167  -1.65520258 -3.11313161  2.79872924  1.10517451
 -0.45365606 -2.25462769  0.99616487 -1.34264002 -0.37161649 -2.26558648
 -1.94158366  1.84671046 -1.04157959  2.72286479 -0.68875872 -3.02524354
 -2.90594677  2.09413109 -3.17875208 -0.36383658 -1.19479982 -0.11666894
  2.47856835  1.97286342  0.00834613 -2.6225986  -2.66791054  0.3479011
 -0.72654211  1.25276801 -2.59858578  1.01940692 -0.12403531  0.42629029
  1.90813615  0.78959758  0.71642399 -1.30975623  1.71745673  2.77567988
  1.10186101  0.20083611 -1.11470199  2.51021316  0.77580495 -1.95274834
  0.00363706  1.88158236  0.94665016 -0.85435227 -2.40826451  2.42921901
  1.99410953  1.71010475  2.233438    1.62173793 -1.73684472 -2.9453405
  0.50026448  1.47401532 -2.31894776 -1.32199971  2.28783281  1.22309921
 -0.1311522  -1.8285491  -1.493068    1.98619131  1.51747087 -1.07521865
 -0.29692402 -0.56253684 -0.24588231  2.33796823 -0.45145043 -0.81231334
  0.88992335 -2.34121298  0.82487725  2.66441787 -0.56060504  2.24228104
 -1.89498624 -1.18905746 -2.59079414 -2.30576668 -1.42755715 -3.00108272
  1.74451214  1.83824601  1.59897618  1.09342061  1.50299503 -2.25920621
 -2.64457278  1.63128655  0.87640894 -0.3602504  -2.60848608  1.6578775
 -1.17417218 -2.70403726 -0.12277412  1.99184063 -2.72482759 -2.19175812
  1.79789023  1.05915485 -0.529958   -0.50495917 -0.77277568  2.13756164
  0.58550207 -0.43349273  0.41335042 -2.42656463  1.39631395 -0.25796428
  2.10442935  1.01428543  2.59953998 -1.10238741  2.31196977 -0.43209888
 -3.19515175  2.21972334  0.91989551  2.04395204 -1.23907503  1.32223036
 -1.90811038  0.19177463  0.24547097 -2.72259749 -0.76400221 -2.37635337
  0.19074918 -0.36218901]
Sat May 25 13:13:23 2024,40,0.6876835986727655,[-3.35617133  2.18069635 -2.15385157 -0.11145677  0.53131995 -2.83500936
  3.09400183  2.10991317  1.30989742 -0.99683054  0.54629085  1.08068425
  1.31060374 -1.83542813  0.76810963  2.81540635 -0.66225448 -0.43425873
 -1.8771735   0.70515434  1.68142131  2.92143415 -1.18379518 -0.29820755
 -2.36389613 -2.32317478  3.18836225  2.55165483 -0.65512888 -2.63250492
  1.41713445 -0.07122176 -2.30083318  1.99913305  1.19681443 -0.67734804
  1.10462826 -1.93732541 -0.22782338  2.33789034 -0.22262008  0.5924916
  2.64360506  1.0739978   2.6313488   2.97604385  2.80920648 -2.879217
  0.28874898 -0.68668925  1.7171295   2.75559362 -0.22382881 -2.26540746
  2.69585982 -3.16491322  0.82498998 -0.75809625 -1.77207821  2.86950928
 -1.89001405 -1.60754587 -2.47456188  2.2867574  -2.38354783  1.99987906
  1.89788174  1.47778939  2.56775845  2.93245346  1.82886401  1.38635198
 -1.74943113 -2.33393797  1.22482988  0.77681534  1.51897069 -2.92692136
 -0.46897361  2.48133625 -0.90276027  1.32511689  1.69232788  0.52038848
 -0.77542582  1.14416875  0.62345804 -0.33944751  2.77472832 -2.31545973
  1.54304625 -0.55898344  1.01343552 -2.82120632 -2.34266156  0.41963529
 -1.02379339 -0.3646419   0.42425497 -0.11790486 -1.74566378 -0.2483248
 -0.70555264  2.90854963 -1.4361546  -1.29002838 -1.23351429  1.30697239
  1.83604032 -0.85221282  2.02535287 -2.17695285 -0.27854282 -0.78418758
 -3.0350339   3.07543734 -1.86726609  3.1051863  -1.3142687  -2.82579748
  2.97711446 -1.20168845 -0.77249093 -2.92681395 -2.51565885  2.76653341
 -2.03905167 -2.0054881  -0.33459298  3.06185022  0.21060458  0.11909551
 -1.58550323 -0.51152529 -1.67381117 -3.09452303  2.81733783  1.08656593
 -0.43504747 -2.27323628  1.01477346 -1.32403144 -0.39022508 -2.28419507
 -1.92297507  1.86531905 -1.022971    2.7042562  -0.67015013 -3.04385213
 -2.88733818  2.11273968 -3.19736067 -0.34522799 -1.17619123 -0.09806035
  2.45995976  1.95425483 -0.01026246 -2.60399002 -2.68651913  0.36650969
 -0.70793352  1.23415943 -2.57997719  1.00079833 -0.1426439   0.4076817
  1.88952756  0.77098899  0.6978154  -1.32836481  1.69884814  2.7570713
  1.08325242  0.2194447  -1.0960934   2.49160457  0.75719636 -1.93413975
 -0.01497152  1.90019094  0.96525874 -0.87296085 -2.42687309  2.41061042
  1.97550094  1.72871333  2.21482941  1.64034652 -1.71823613 -2.96394909
  0.51887307  1.45540673 -2.30033918 -1.30339112  2.26922423  1.2417078
 -0.14976079 -1.84715769 -1.47445942  2.00479989  1.49886228 -1.09382724
 -0.27831544 -0.58114542 -0.26449089  2.31935964 -0.47005901 -0.79370475
  0.87131476 -2.35982156  0.84348584  2.64580928 -0.54199646  2.22367245
 -1.87637765 -1.17044887 -2.57218556 -2.28715809 -1.44616573 -3.01969131
  1.72590355  1.81963742  1.58036759  1.11202919  1.48438645 -2.24059762
 -2.66318137  1.61267796  0.85780036 -0.34164181 -2.62709467  1.63926891
 -1.19278076 -2.72264584 -0.10416553  1.97323204 -2.70621901 -2.21036671
  1.81649881  1.07776344 -0.54856659 -0.52356776 -0.75416709  2.11895306
  0.56689348 -0.45210131  0.39474183 -2.40795605  1.41492254 -0.2393557
  2.08582076  0.99567685  2.5809314  -1.08377882  2.33057835 -0.41349029
 -3.21376034  2.20111475  0.9385041   2.02534345 -1.22046644  1.30362177
 -1.88950179  0.17316604  0.26407956 -2.74120608 -0.7826108  -2.35774478
  0.17214059 -0.34358042]
Sat May 25 13:14:29 2024,41,0.6786025839613734,[-3.37520626  2.19973128 -2.13481665 -0.09242185  0.51228503 -2.81597443
  3.0749669   2.09087825  1.32893235 -0.97779562  0.52725593  1.06164932
  1.32963867 -1.8163932   0.74907471  2.79637142 -0.6812894  -0.4152238
 -1.85813857  0.68611941  1.66238639  2.94046907 -1.16476026 -0.31724248
 -2.3448612  -2.30413985  3.20739718  2.53261991 -0.63609395 -2.65153984
  1.43616937 -0.05218684 -2.31986811  1.98009813  1.1777795  -0.65831311
  1.08559334 -1.95636034 -0.2468583   2.31885542 -0.20358516  0.57345667
  2.66263999  1.05496288  2.61231387  2.99507878  2.8282414  -2.86018208
  0.30778391 -0.66765432  1.73616442  2.77462855 -0.24286374 -2.24637254
  2.67682489 -3.18394815  0.8440249  -0.73906132 -1.79111313  2.85047435
 -1.87097913 -1.58851094 -2.45552695  2.30579232 -2.40258275  1.98084414
  1.91691666  1.49682432  2.58679337  2.91341854  1.84789893  1.4053869
 -1.73039621 -2.3529729   1.20579496  0.79585026  1.49993576 -2.94595629
 -0.48800854  2.46230132 -0.92179519  1.30608196  1.67329296  0.50135356
 -0.7563909   1.16320367  0.60442311 -0.32041258  2.75569339 -2.2964248
  1.56208117 -0.57801836  0.99440059 -2.84024124 -2.36169648  0.40060036
 -1.04282832 -0.38367683  0.40522005 -0.09886994 -1.72662886 -0.26735972
 -0.72458756  2.92758455 -1.41711968 -1.30906331 -1.25254922  1.28793746
  1.8170054  -0.8331779   2.0443878  -2.19598778 -0.29757775 -0.80322251
 -3.01599897  3.09447227 -1.88630102  3.08615137 -1.33330363 -2.84483241
  2.99614939 -1.22072338 -0.753456   -2.90777902 -2.53469377  2.74749849
 -2.0580866  -2.02452302 -0.35362791  3.08088515  0.19156965  0.10006059
 -1.56646831 -0.53056021 -1.65477624 -3.11355795  2.79830291  1.067531
 -0.41601255 -2.29227121  0.99573853 -1.30499651 -0.40926    -2.26516015
 -1.90394014  1.84628412 -1.00393607  2.68522128 -0.6511152  -3.06288706
 -2.86830326  2.1317746  -3.17832574 -0.36426292 -1.1571563  -0.07902543
  2.47899469  1.9352199   0.00877247 -2.62302494 -2.66748421  0.34747476
 -0.72696845  1.2151245  -2.56094226  1.01983326 -0.12360897  0.38864677
  1.90856248  0.75195407  0.67878048 -1.30932989  1.67981322  2.77610622
  1.10228735  0.23847962 -1.07705847  2.51063949  0.77623129 -1.95317467
  0.0040634   1.88115602  0.98429367 -0.89199578 -2.44590802  2.42964535
  1.99453587  1.74774826  2.19579449  1.6213116  -1.73727105 -2.98298401
  0.49983814  1.47444166 -2.28130425 -1.32242605  2.28825915  1.26074272
 -0.13072586 -1.86619261 -1.49349434  2.02383482  1.47982735 -1.07479231
 -0.25928051 -0.60018035 -0.28352582  2.30032472 -0.45102409 -0.81273968
  0.89034969 -2.34078664  0.82445091  2.66484421 -0.52296153  2.20463752
 -1.89541258 -1.15141394 -2.55315063 -2.26812316 -1.46520066 -3.00065638
  1.74493848  1.83867235  1.59940252  1.09299427  1.50342137 -2.2215627
 -2.6822163   1.63171289  0.83876543 -0.36067674 -2.60805974  1.62023398
 -1.21181569 -2.70361092 -0.08513061  1.95419711 -2.68718408 -2.19133178
  1.83553374  1.09679836 -0.52953166 -0.54260268 -0.73513217  2.09991813
  0.58592841 -0.47113624  0.41377676 -2.42699097  1.39588761 -0.25839062
  2.10485569  1.01471177  2.59996632 -1.10281375  2.34961328 -0.43252521
 -3.23279527  2.18207982  0.95753902  2.04437838 -1.20143151  1.3226567
 -1.87046687  0.15413112  0.28311448 -2.72217115 -0.80164572 -2.33870985
  0.19117552 -0.36261534]
Sat May 25 13:15:25 2024,42,0.6690810213017196,[-3.39465985  2.21918487 -2.11536305 -0.11187544  0.53173862 -2.83542803
  3.0944205   2.11033184  1.30947876 -0.99724921  0.54670952  1.04219573
  1.34909226 -1.79693961  0.72962111  2.81582502 -0.700743   -0.4346774
 -1.83868498  0.66666582  1.64293279  2.95992267 -1.18421385 -0.29778888
 -2.32540761 -2.32359345  3.18794358  2.5520735  -0.65554755 -2.63208625
  1.45562297 -0.07164043 -2.3393217   1.96064453  1.1972331  -0.67776671
  1.10504693 -1.97581394 -0.2663119   2.29940182 -0.18413156  0.59291026
  2.6431864   1.07441647  2.59286028  3.01453237  2.847695   -2.84072848
  0.3272375  -0.64820073  1.71671083  2.79408214 -0.22341015 -2.22691894
  2.69627849 -3.16449455  0.82457131 -0.71960773 -1.77165954  2.86992795
 -1.85152553 -1.60796454 -2.47498055  2.32524592 -2.38312916  1.96139054
  1.89746307  1.47737072  2.60624697  2.93287213  1.82844534  1.4248405
 -1.71094261 -2.37242649  1.22524855  0.81530386  1.51938936 -2.96540988
 -0.50746213  2.48175492 -0.94124879  1.28662837  1.65383936  0.52080715
 -0.77584449  1.14375008  0.62387671 -0.30095899  2.7362398  -2.31587839
  1.58153477 -0.55856477  1.01385418 -2.82078765 -2.38115008  0.42005396
 -1.02337472 -0.40313042  0.38576645 -0.11832353 -1.70717526 -0.24790613
 -0.70513397  2.94703815 -1.43657327 -1.3285169  -1.27200281  1.26848387
  1.7975518  -0.8137243   2.02493421 -2.17653418 -0.31703134 -0.8226761
 -2.99654537  3.07501867 -1.86684742  3.10560497 -1.35275722 -2.82537881
  3.01560298 -1.24017697 -0.73400241 -2.92723262 -2.55414737  2.72804489
 -2.038633   -2.04397662 -0.3730815   3.06143156  0.21102325  0.11951418
 -1.5859219  -0.55001381 -1.63532265 -3.13301155  2.8177565   1.0869846
 -0.43546614 -2.27281761  1.01519213 -1.28554292 -0.38980641 -2.28461374
 -1.92339374  1.82683053 -1.02338967  2.70467487 -0.63166161 -3.08234065
 -2.88775685  2.1512282  -3.15887215 -0.34480933 -1.13770271 -0.09847902
  2.45954109  1.9546735   0.02822606 -2.60357135 -2.6869378   0.32802117
 -0.70751485  1.19567091 -2.54148867  1.00037966 -0.14306257  0.40810037
  1.92801608  0.73250047  0.65932688 -1.32878348  1.69926681  2.79555982
  1.12174094  0.25793322 -1.05760488  2.4911859   0.79568488 -1.93372108
  0.023517    1.90060961  0.96484007 -0.91144937 -2.46536161  2.44909894
  2.01398946  1.72829467  2.21524808  1.64076519 -1.75672465 -3.00243761
  0.48038455  1.45498806 -2.26185066 -1.34187964  2.26880556  1.28019632
 -0.11127227 -1.84673902 -1.51294794  2.00438122  1.49928095 -1.05533872
 -0.27873411 -0.61963395 -0.30297941  2.31977831 -0.47047768 -0.83219327
  0.87089609 -2.32133304  0.80499732  2.6842978  -0.50350794  2.22409112
 -1.87595898 -1.13196035 -2.53369704 -2.28757676 -1.44574706 -3.02010998
  1.76439207  1.81921875  1.61885611  1.11244786  1.52287497 -2.2021091
 -2.6627627   1.61225929  0.85821902 -0.34122315 -2.58860615  1.60078039
 -1.19236209 -2.72306451 -0.1045842   1.97365071 -2.70663768 -2.21078538
  1.85498733  1.07734477 -0.54898525 -0.56205628 -0.71567857  2.08046454
  0.56647481 -0.49058983  0.39432316 -2.40753738  1.41534121 -0.27784422
  2.12430928  1.03416537  2.61941992 -1.08336015  2.36906687 -0.41307162
 -3.25224886  2.20153342  0.93808543  2.06383197 -1.22088511  1.34211029
 -1.85101327  0.13467752  0.30256808 -2.74162475 -0.78219213 -2.31925626
  0.17172192 -0.34316175]
Sat May 25 13:16:04 2024,43,0.659117093640947,[-3.41452248  2.19932225 -2.09550043 -0.13173807  0.511876   -2.85529065
  3.07455787  2.13019446  1.32934138 -1.01711184  0.56657214  1.06205835
  1.32922964 -1.81680223  0.70975849  2.79596239 -0.72060562 -0.41481478
 -1.81882235  0.64680319  1.62307017  2.97978529 -1.20407647 -0.27792626
 -2.34527023 -2.34345607  3.16808096  2.53221088 -0.67541017 -2.61222362
  1.47548559 -0.09150305 -2.31945908  1.94078191  1.21709572 -0.65790409
  1.12490955 -1.99567656 -0.28617452  2.2795392  -0.16426894  0.57304764
  2.66304902  1.09427909  2.6127229   2.99466975  2.82783237 -2.82086586
  0.30737488 -0.62833811  1.69684821  2.77421952 -0.24327277 -2.20705632
  2.71614111 -3.14463193  0.80470868 -0.73947035 -1.79152216  2.85006533
 -1.87138816 -1.58810191 -2.45511793  2.30538329 -2.36326654  1.94152792
  1.91732569  1.49723334  2.62610959  2.95273476  1.84830796  1.40497787
 -1.73080523 -2.39228912  1.24511118  0.83516648  1.49952674 -2.9852725
 -0.48759951  2.46189229 -0.92138616  1.26676575  1.63397674  0.54066978
 -0.75598187  1.1636127   0.60401408 -0.28109637  2.71637717 -2.29601577
  1.60139739 -0.57842739  0.99399156 -2.80092503 -2.36128745  0.43991658
 -1.0035121  -0.42299304  0.36590383 -0.13818615 -1.72703788 -0.22804351
 -0.72499659  2.96690077 -1.41671065 -1.34837953 -1.25214019  1.28834649
  1.77768918 -0.83358692  2.04479683 -2.19639681 -0.29716872 -0.80281348
 -2.97668275  3.05515605 -1.8469848   3.08574235 -1.37261985 -2.84524143
  2.99574036 -1.26003959 -0.75386503 -2.90737    -2.57400999  2.70818227
 -2.01877038 -2.02411399 -0.35321888  3.08129418  0.23088587  0.13937681
 -1.56605928 -0.53015118 -1.61546003 -3.15287417  2.83761912  1.06712197
 -0.45532876 -2.29268023  0.99532951 -1.26568029 -0.36994378 -2.30447636
 -1.90353111  1.84669315 -1.04325229  2.68481225 -0.61179899 -3.06247803
 -2.90761947  2.17109082 -3.13900953 -0.3249467  -1.11784009 -0.0786164
  2.47940372  1.97453612  0.00836344 -2.58370873 -2.66707518  0.34788379
 -0.68765223  1.17580828 -2.56135129  1.02024228 -0.16292519  0.42796299
  1.90815346  0.71263785  0.67918951 -1.30892086  1.71912943  2.81542244
  1.14160357  0.23807059 -1.0774675   2.51104852  0.77582226 -1.91385846
  0.00365438  1.92047223  0.9847027  -0.931312   -2.44549899  2.42923632
  2.03385208  1.70843204  2.19538546  1.62090257 -1.77658727 -3.02230023
  0.46052192  1.47485069 -2.28171328 -1.36174227  2.24894293  1.30005894
 -0.09140965 -1.86660164 -1.53281056  1.9845186   1.51914357 -1.03547609
 -0.29859673 -0.63949657 -0.32284204  2.29991569 -0.4903403  -0.81233065
  0.85103347 -2.34119567  0.82485994  2.66443518 -0.48364531  2.24395374
 -1.85609636 -1.11209773 -2.51383441 -2.30743938 -1.42588444 -3.0399726
  1.7842547   1.83908138  1.59899349  1.09258524  1.54273759 -2.22197173
 -2.64290008  1.63212192  0.87808165 -0.32136052 -2.56874352  1.62064301
 -1.17249947 -2.74292713 -0.08472158  1.99351333 -2.68677505 -2.230648
  1.83512471  1.05748214 -0.56884788 -0.5819189  -0.7355412   2.06060191
  0.54661219 -0.47072721  0.37446054 -2.38767476  1.43520383 -0.25798159
  2.1441719   1.05402799  2.5995573  -1.06349753  2.34920425 -0.43293424
 -3.23238624  2.22139604  0.95794805  2.04396935 -1.24074773  1.36197292
 -1.87087589  0.1148149   0.3224307  -2.72176213 -0.80205475 -2.29939364
  0.1518593  -0.36302437]
Sat May 25 13:16:28 2024,44,0.648711776766489,[-3.43478242  2.21958219 -2.07524049 -0.11147812  0.49161606 -2.87555059
  3.09481782  2.10993452  1.34960132 -1.03737178  0.58683209  1.08231829
  1.3089697  -1.79654229  0.73001843  2.81622234 -0.70034568 -0.43507472
 -1.79856241  0.62654325  1.60281023  3.00004523 -1.18381653 -0.2981862
 -2.32501029 -2.36371601  3.1883409   2.51195093 -0.69567011 -2.59196368
  1.49574553 -0.111763   -2.33971902  1.96104185  1.23735566 -0.63764414
  1.1451695  -1.97541662 -0.26591458  2.25927926 -0.18452888  0.59330758
  2.68330896  1.07401915  2.59246296  3.01492969  2.80757243 -2.80060592
  0.32763482 -0.60807816  1.71710815  2.75395958 -0.22301283 -2.18679638
  2.73640105 -3.16489187  0.82496863 -0.7597303  -1.77126222  2.87032527
 -1.85112821 -1.56784197 -2.43485798  2.28512335 -2.34300659  1.92126798
  1.93758563  1.51749329  2.60584965  2.9729947   1.8685679   1.38471793
 -1.71054529 -2.41254906  1.26537112  0.85542642  1.47926679 -3.00553245
 -0.50785945  2.48215224 -0.90112622  1.2465058   1.6137168   0.52040983
 -0.73572193  1.18387265  0.58375414 -0.30135631  2.73663712 -2.31627571
  1.58113745 -0.59868733  1.0142515  -2.82118497 -2.34102751  0.46017652
 -0.98325216 -0.44325299  0.34564389 -0.11792621 -1.74729783 -0.20778356
 -0.70473665  2.98716071 -1.39645071 -1.36863947 -1.23188025  1.30860643
  1.75742924 -0.81332698  2.02453689 -2.17613686 -0.31742866 -0.82307342
 -2.9969427   3.07541599 -1.86724474  3.0654824  -1.3523599  -2.82498149
  3.0160003  -1.23977965 -0.77412497 -2.88711005 -2.59426993  2.72844221
 -1.99851044 -2.04437394 -0.33295894  3.06103424  0.21062592  0.15963675
 -1.54579934 -0.50989124 -1.63571997 -3.17313411  2.81735918  1.08738192
 -0.47558871 -2.27242029  1.01558945 -1.24542035 -0.39020373 -2.32473631
 -1.92379106  1.82643321 -1.02299235  2.70507219 -0.59153904 -3.08273797
 -2.92787942  2.15083088 -3.15926947 -0.30468676 -1.09758014 -0.05835645
  2.45914377  1.95427618  0.02862338 -2.60396867 -2.64681524  0.36814373
 -0.70791217  1.15554834 -2.58161123  1.04050223 -0.18318513  0.40770305
  1.88789351  0.73289779  0.65892956 -1.28866092  1.73938938  2.7951625
  1.16186351  0.25833054 -1.05720756  2.53130847  0.75556232 -1.9341184
  0.02391432  1.90021229  1.00496264 -0.91105205 -2.46575893  2.40897638
  2.01359214  1.6881721   2.2156454   1.64116251 -1.79684721 -3.00204029
  0.44026198  1.49511063 -2.26145334 -1.34148232  2.26920288  1.32031888
 -0.11166959 -1.8463417  -1.5530705   2.00477854  1.53940351 -1.01521615
 -0.27833679 -0.65975651 -0.30258209  2.32017563 -0.51060025 -0.79207071
  0.87129341 -2.32093572  0.8046      2.68469512 -0.46338537  2.26421368
 -1.8763563  -1.09183778 -2.49357447 -2.28717944 -1.44614439 -3.01971266
  1.76399475  1.85934132  1.61925343  1.11284518  1.56299753 -2.24223167
 -2.62264014  1.61186197  0.8578217  -0.30110058 -2.54848358  1.60038307
 -1.19275941 -2.72266719 -0.10498152  2.01377327 -2.66651511 -2.25090794
  1.81486477  1.07774209 -0.54858793 -0.56165896 -0.71528125  2.04034197
  0.56687213 -0.45046727  0.3542006  -2.36741481  1.41494389 -0.27824154
  2.12391196  1.07428793  2.61981724 -1.08375747  2.36946419 -0.45319418
 -3.25264618  2.24165598  0.97820799  2.06422929 -1.22048779  1.34171297
 -1.89113584  0.13507484  0.34269064 -2.70150218 -0.8223147  -2.31965358
  0.13159936 -0.38328431]
Sat May 25 13:17:00 2024,45,0.6378691104014192,[-3.45542583  2.19893879 -2.05459708 -0.09083472  0.47097265 -2.85490719
  3.11546122  2.08929111  1.32895791 -1.01672837  0.56618868  1.06167488
  1.28832629 -1.77589888  0.70937503  2.79557893 -0.72098908 -0.45571813
 -1.777919    0.64718666  1.58216682  2.97940183 -1.20445994 -0.31882961
 -2.30436688 -2.38435942  3.1676975   2.53259434 -0.6750267  -2.61260709
  1.51638894 -0.1324064  -2.36036243  1.98168526  1.25799907 -0.65828755
  1.12452609 -1.95477321 -0.28655799  2.27992266 -0.16388548  0.57266418
  2.66266555  1.09466256  2.57181955  2.99428629  2.78692902 -2.82124933
  0.30699142 -0.62872157  1.69646474  2.77460298 -0.20236942 -2.16615297
  2.71575765 -3.18553528  0.80432522 -0.73908689 -1.79190563  2.84968186
 -1.87177162 -1.58848538 -2.45550139  2.26447994 -2.36365     1.94191139
  1.91694222  1.53813669  2.62649305  2.95235129  1.88921131  1.36407452
 -1.7311887  -2.43319247  1.24472771  0.83478301  1.4999102  -2.98488904
 -0.48721604  2.50279565 -0.88048281  1.2258624   1.63436021  0.49976643
 -0.75636533  1.16322924  0.56311073 -0.32199972  2.71599371 -2.33691912
  1.60178085 -0.57804392  1.03489491 -2.80054156 -2.36167092  0.43953311
 -1.00389556 -0.46389639  0.36628729 -0.13856962 -1.72665442 -0.18714016
 -0.72538006  2.96651731 -1.3758073  -1.34799606 -1.21123684  1.28796302
  1.77807265 -0.79268357  2.04518029 -2.19678027 -0.29678526 -0.80243002
 -2.97629929  3.05477258 -1.84660134  3.044839   -1.3317165  -2.80433808
  3.03664371 -1.26042306 -0.79476838 -2.86646664 -2.61491334  2.7077988
 -2.01915385 -2.06501734 -0.35360234  3.04039083  0.18998252  0.18028016
 -1.52515593 -0.53053465 -1.65636338 -3.1524907   2.83800259  1.06673851
 -0.4549453  -2.2930637   0.99494604 -1.22477694 -0.41084713 -2.3040929
 -1.94443446  1.8057898  -1.00234894  2.68442878 -0.57089564 -3.10338138
 -2.94852282  2.13018747 -3.17991288 -0.28404335 -1.07693673 -0.07899986
  2.43850037  1.97491959  0.04926679 -2.62461208 -2.62617183  0.34750032
 -0.68726877  1.13490493 -2.56096783  1.01985882 -0.20382854  0.38705964
  1.90853692  0.71225438  0.63828616 -1.30930433  1.76003279  2.8158059
  1.1412201   0.23768713 -1.07785097  2.51066506  0.77620572 -1.95476181
  0.04455773  1.9208557   0.98431923 -0.93169546 -2.48640234  2.42961979
  1.99294873  1.66752869  2.195002    1.6205191  -1.77620381 -2.98139688
  0.41961857  1.51575404 -2.28209674 -1.32083892  2.28984628  1.29967548
 -0.09102618 -1.86698511 -1.57371391  2.02542195  1.51876011 -0.99457274
 -0.29898019 -0.6391131  -0.28193869  2.34081904 -0.48995684 -0.81271411
  0.89193682 -2.34157913  0.78395659  2.70533853 -0.48402878  2.24357028
 -1.8557129  -1.07119438 -2.51421788 -2.30782284 -1.42550098 -2.99906925
  1.78463816  1.83869791  1.63989684  1.13348859  1.58364094 -2.26287508
 -2.64328354  1.59121856  0.8371783  -0.32174399 -2.56912699  1.57973966
 -1.17211601 -2.7433106  -0.12562493  1.99312987 -2.6458717  -2.23026453
  1.79422136  1.0983855  -0.52794453 -0.58230236 -0.69463785  2.06098538
  0.58751554 -0.42982386  0.374844   -2.3467714   1.43558729 -0.25759813
  2.10326855  1.09493134  2.64046065 -1.06311406  2.3901076  -0.43255078
 -3.23200277  2.26229939  0.95756459  2.04358588 -1.19984438  1.36235638
 -1.91177924  0.15571825  0.32204724 -2.72214559 -0.8429581  -2.34029699
  0.11095595 -0.40392772]
Sat May 25 13:17:44 2024,46,0.6265964459693218,[-3.47643663  2.21994959 -2.03358627 -0.06982391  0.44996184 -2.87591799
  3.13647203  2.06828031  1.34996872 -0.99571756  0.54517787  1.04066408
  1.26731548 -1.75488807  0.73038583  2.81658974 -0.74199989 -0.47672893
 -1.79892981  0.66819747  1.60317763  2.95839102 -1.18344913 -0.2978188
 -2.28335607 -2.36334861  3.1887083   2.55360515 -0.6540159  -2.59159628
  1.49537813 -0.11139559 -2.38137324  2.00269607  1.27900988 -0.63727674
  1.10351528 -1.97578402 -0.26554718  2.30093347 -0.18489628  0.55165337
  2.68367636  1.07365175  2.55080874  3.01529709  2.76591822 -2.80023852
  0.28598061 -0.64973238  1.67545393  2.79561379 -0.22338023 -2.18716378
  2.73676845 -3.20654609  0.78331441 -0.7600977  -1.77089482  2.87069267
 -1.85076081 -1.60949619 -2.43449058  2.28549075 -2.38466081  1.92090058
  1.93795303  1.5591475   2.60548225  2.93134048  1.8682005   1.34306372
 -1.75219951 -2.45420327  1.26573852  0.81377221  1.47889939 -3.00589985
 -0.46620523  2.48178484 -0.90149362  1.2468732   1.6133494   0.52077723
 -0.77737614  1.18424005  0.58412154 -0.30098891  2.6949829  -2.31590831
  1.62279166 -0.55703312  1.05590572 -2.82155237 -2.38268173  0.41852231
 -0.98288476 -0.4849072   0.3872981  -0.15958043 -1.74766523 -0.20815096
 -0.74639087  2.98752811 -1.35479649 -1.32698525 -1.23224765  1.30897383
  1.79908345 -0.77167277  2.0661911  -2.17576946 -0.27577445 -0.78141921
 -2.9973101   3.07578339 -1.82559053  3.0658498  -1.3527273  -2.78332728
  3.05765452 -1.23941225 -0.77375757 -2.84545584 -2.59390253  2.72880961
 -2.04016465 -2.08602815 -0.33259154  3.01938002  0.21099333  0.15926935
 -1.50414512 -0.55154546 -1.63535257 -3.17350151  2.8590134   1.08774932
 -0.43393449 -2.31407451  1.01595685 -1.20376614 -0.38983633 -2.28308209
 -1.92342366  1.78477899 -0.98133813  2.70543959 -0.54988483 -3.08237057
 -2.92751201  2.15119828 -3.15890207 -0.26303254 -1.05592593 -0.10001067
  2.41748956  1.99593039  0.0702776  -2.60360127 -2.64718264  0.36851113
 -0.66625796  1.15591574 -2.53995702  0.99884801 -0.18281773  0.36604883
  1.88752611  0.73326519  0.65929696 -1.28829352  1.78104359  2.83681671
  1.12020929  0.25869794 -1.09886178  2.48965425  0.79721653 -1.933751
  0.06556853  1.94186651  1.00533004 -0.95270627 -2.46539153  2.45063059
  1.97193792  1.64651789  2.17399119  1.64152991 -1.755193   -3.00240769
  0.39860777  1.53676484 -2.30310755 -1.29982811  2.31085709  1.27866467
 -0.11203699 -1.88799591 -1.59472472  2.04643276  1.4977493  -1.01558355
 -0.27796939 -0.66012391 -0.30294949  2.31980823 -0.46894603 -0.83372492
  0.91294763 -2.32056832  0.76294578  2.72634934 -0.46301797  2.26458109
 -1.83470209 -1.09220518 -2.53522869 -2.28681204 -1.44651179 -2.97805844
  1.80564897  1.8176871   1.61888603  1.1544994   1.56263013 -2.28388588
 -2.66429435  1.61222937  0.81616749 -0.30073318 -2.5901378   1.55872885
 -1.1511052  -2.76432141 -0.14663574  2.01414067 -2.62486089 -2.25127534
  1.81523217  1.1193963  -0.50693372 -0.60331317 -0.71564865  2.03997457
  0.56650473 -0.45083467  0.39585481 -2.3257606   1.41457649 -0.23658732
  2.12427936  1.11594215  2.66147145 -1.08412487  2.36909679 -0.41153997
 -3.25301358  2.2833102   0.9785754   2.06459669 -1.17883357  1.34134557
 -1.89076844  0.17672906  0.30103643 -2.70113478 -0.82194729 -2.31928618
  0.13196676 -0.38291691]
Sat May 25 13:18:07 2024,47,0.6149046613532918,[-3.49779653  2.24130949 -2.05494617 -0.04846401  0.47132174 -2.8545581
  3.11511214  2.04692041  1.37132862 -0.97435767  0.52381798  1.06202397
  1.28867538 -1.77624797  0.75174573  2.83794963 -0.72064    -0.49808883
 -1.8202897   0.68955736  1.58181773  2.93703112 -1.20480902 -0.27645891
 -2.30471596 -2.38470851  3.16734841  2.57496504 -0.632656   -2.61295617
  1.47401824 -0.0900357  -2.40273313  2.02405596  1.30036977 -0.61591685
  1.12487517 -1.99714391 -0.28690707  2.27957358 -0.20625618  0.57301326
  2.70503626  1.05229186  2.57216864  3.03665699  2.74455832 -2.77887863
  0.26462071 -0.62837249  1.65409404  2.7742539  -0.20202033 -2.20852367
  2.75812835 -3.22790598  0.80467431 -0.7387378  -1.74953492  2.89205256
 -1.82940092 -1.58813629 -2.45585048  2.26413086 -2.4060207   1.89954068
  1.91659314  1.53778761  2.58412235  2.95270038  1.84684061  1.32170382
 -1.7735594  -2.43284338  1.28709841  0.79241231  1.50025929 -3.02725974
 -0.44484534  2.46042494 -0.92285352  1.2682331   1.63470929  0.49941734
 -0.75601625  1.16288015  0.60548143 -0.27962901  2.71634279 -2.29454842
  1.60143177 -0.53567322  1.07726561 -2.84291226 -2.36132183  0.4398822
 -0.96152486 -0.46354731  0.408658   -0.13822053 -1.72630533 -0.22951086
 -0.76775076  2.96616822 -1.37615639 -1.34834515 -1.25360754  1.28761394
  1.77772356 -0.79303266  2.087551   -2.15440957 -0.29713434 -0.76005932
 -2.9759502   3.09714329 -1.80423063  3.04448991 -1.3740872  -2.76196738
  3.03629462 -1.21805236 -0.75239768 -2.82409594 -2.57254264  2.7501695
 -2.06152455 -2.10738805 -0.31123164  3.04073991  0.23235322  0.18062924
 -1.48278523 -0.57290535 -1.61399268 -3.15214162  2.88037329  1.10910921
 -0.45529438 -2.29271461  0.99459696 -1.18240624 -0.41119622 -2.2617222
 -1.94478355  1.80613888 -1.00269803  2.6840797  -0.57124472 -3.10373046
 -2.94887191  2.12983838 -3.18026196 -0.24167265 -1.07728582 -0.12137056
  2.43884945  2.01729029  0.09163749 -2.62496116 -2.62582274  0.34715124
 -0.68761785  1.13455585 -2.51859713  0.97748812 -0.20417762  0.38740873
  1.86616622  0.7119053   0.63793707 -1.26693362  1.7596837   2.85817661
  1.14156919  0.23733804 -1.07750188  2.51101414  0.77585664 -1.95511089
  0.04420864  1.92050661  0.98397015 -0.97406616 -2.44403164  2.4292707
  1.95057803  1.66787778  2.15263129  1.6628898  -1.73383311 -3.02376758
  0.37724787  1.51540495 -2.32446745 -1.321188    2.2894972   1.30002456
 -0.0906771  -1.90935581 -1.61608461  2.02507286  1.51910919 -1.03694345
 -0.25660949 -0.6814838  -0.2815896   2.34116813 -0.49030593 -0.85508482
  0.89158773 -2.34192822  0.78430567  2.74770923 -0.44165808  2.24322119
 -1.81334219 -1.11356508 -2.55658858 -2.30817193 -1.46787168 -2.99941834
  1.82700886  1.79632721  1.64024592  1.17585929  1.58399003 -2.30524578
 -2.68565425  1.63358927  0.83752738 -0.27937329 -2.61149769  1.53736896
 -1.17246509 -2.74296151 -0.16799563  2.03550057 -2.64622079 -2.22991545
  1.79387227  1.1407562  -0.52829361 -0.58195328 -0.73700855  2.01861468
  0.54514484 -0.47219456  0.41721471 -2.3044007   1.39321659 -0.25794721
  2.10291947  1.13730204  2.68283135 -1.06276498  2.3477369  -0.43289986
 -3.23165369  2.2619503   0.9572155   2.08595658 -1.20019347  1.36270547
 -1.91212833  0.19808895  0.27967654 -2.67977489 -0.84330719 -2.34064607
  0.11060686 -0.36155702]
Sat May 25 13:19:10 2024,48,0.6028083326467495,[-3.51948493  2.26299789 -2.03325776 -0.07015242  0.44963333 -2.8328697
  3.09342374  2.06860881  1.39301702 -0.99604607  0.54550638  1.08371237
  1.26698698 -1.79793637  0.73005733  2.85963803 -0.6989516  -0.47640043
 -1.84197811  0.71124576  1.56012933  2.91534272 -1.18312062 -0.29814731
 -2.28302756 -2.40639691  3.14566001  2.59665344 -0.6109676  -2.59126777
  1.49570664 -0.0683473  -2.38104473  2.04574436  1.32205817 -0.63760525
  1.14656357 -1.97545551 -0.30859547  2.25788518 -0.18456778  0.59470166
  2.72672466  1.03060346  2.55048024  3.05834539  2.76624672 -2.75719022
  0.28630911 -0.65006089  1.67578244  2.7959423  -0.22370873 -2.18683527
  2.73643995 -3.24959438  0.82636271 -0.7604262  -1.77122333  2.87036416
 -1.80771252 -1.60982469 -2.43416208  2.28581926 -2.3843323   1.87785228
  1.93828154  1.51609921  2.56243395  2.97438878  1.82515221  1.30001542
 -1.751871   -2.41115498  1.30878681  0.77072391  1.52194769 -3.04894814
 -0.42315694  2.43873654 -0.94454192  1.2899215   1.61302089  0.47772894
 -0.73432785  1.14119175  0.62716984 -0.30131742  2.69465439 -2.27286002
  1.57974337 -0.51398482  1.05557721 -2.82122386 -2.33963343  0.4615706
 -0.98321326 -0.44185891  0.4303464  -0.11653213 -1.74799373 -0.20782246
 -0.74606236  2.98785662 -1.35446799 -1.37003355 -1.23191914  1.30930234
  1.75603516 -0.81472106  2.1092394  -2.13272117 -0.27544594 -0.78174772
 -2.9976386   3.11883169 -1.78254223  3.06617831 -1.3523988  -2.78365578
  3.05798302 -1.23974076 -0.73070928 -2.84578434 -2.55085424  2.7284811
 -2.08321295 -2.08569965 -0.33292004  3.06242832  0.25404162  0.20231764
 -1.50447363 -0.55121695 -1.63568108 -3.17383002  2.85868489  1.08742081
 -0.47698278 -2.27102621  1.01628536 -1.16071784 -0.43288462 -2.24003379
 -1.96647195  1.78445048 -0.98100963  2.6623913  -0.54955632 -3.12541887
 -2.92718351  2.15152679 -3.15857356 -0.21998425 -1.05559742 -0.14305896
  2.41716105  2.03897869  0.06994909 -2.60327276 -2.64751114  0.32546284
 -0.70930625  1.15624425 -2.49690872  0.99917652 -0.18248922  0.40909713
  1.84447782  0.6902169   0.61624867 -1.28862202  1.7813721   2.87986501
  1.11988079  0.21564964 -1.05581348  2.53270254  0.75416824 -1.93342249
  0.02252024  1.89881821  0.96228175 -0.99575456 -2.46572004  2.4509591
  1.97226643  1.68956618  2.17431969  1.6845782  -1.7121447  -3.04545598
  0.35555947  1.49371655 -2.30277905 -1.2994996   2.2678088   1.32171296
 -0.1123655  -1.93104421 -1.63777301  2.04676127  1.49742079 -1.01525504
 -0.23492109 -0.70317221 -0.303278    2.36285653 -0.51199433 -0.87677322
  0.86989933 -2.36361662  0.76261727  2.76939763 -0.41996968  2.22153279
 -1.79165379 -1.13525348 -2.53490018 -2.28648353 -1.44618328 -3.02110674
  1.84869726  1.81801561  1.66193432  1.19754769  1.60567843 -2.32693418
 -2.70734265  1.61190087  0.81583898 -0.30106169 -2.63318609  1.51568056
 -1.19415349 -2.76464991 -0.14630723  2.01381217 -2.66790919 -2.20822705
  1.81556067  1.1624446  -0.54998201 -0.60364168 -0.71532015  1.99692628
  0.52345644 -0.45050616  0.39552631 -2.2827123   1.37152819 -0.27963561
  2.08123107  1.15899044  2.70451975 -1.08445338  2.3694253  -0.41121146
 -3.25334209  2.2836387   0.9355271   2.06426818 -1.17850507  1.34101707
 -1.93381673  0.21977735  0.25798813 -2.65808649 -0.86499559 -2.36233447
  0.08891846 -0.38324542]
Sat May 25 13:20:12 2024,49,0.5903258529746133,[-3.541479    2.24100381 -2.05525184 -0.09214649  0.42763926 -2.85486377
  3.07142966  2.04661474  1.41501109 -0.97405199  0.56750045  1.06171829
  1.2449929  -1.81993045  0.7520514   2.83764396 -0.72094567 -0.4983945
 -1.86397218  0.73323984  1.53813526  2.89334865 -1.16112655 -0.27615323
 -2.30502164 -2.42839098  3.12366593  2.61864752 -0.58897352 -2.5692737
  1.47371256 -0.09034138 -2.35905066  2.06773844  1.34405225 -0.61561117
  1.1245695  -1.99744958 -0.2866014   2.27987925 -0.1625737   0.57270759
  2.70473058  1.00860938  2.52848616  3.03635131  2.74425265 -2.73519615
  0.26431504 -0.67205496  1.65378836  2.81793637 -0.24570281 -2.20882935
  2.75843402 -3.27158846  0.80436863 -0.73843213 -1.7932174   2.84837009
 -1.78571844 -1.58783062 -2.412168    2.30781333 -2.40632638  1.89984636
  1.91628746  1.53809328  2.58442803  2.9523947   1.84714629  1.27802135
 -1.72987692 -2.3891609   1.28679274  0.74872984  1.49995361 -3.02695407
 -0.44515102  2.41674247 -0.92254784  1.31191557  1.59102682  0.45573486
 -0.71233377  1.16318583  0.64916391 -0.27932334  2.71664847 -2.2948541
  1.55774929 -0.5359789   1.07757129 -2.79922979 -2.31763936  0.48356468
 -0.96121919 -0.41986483  0.40835232 -0.09453806 -1.76998781 -0.22981653
 -0.72406828  3.0098507  -1.33247391 -1.34803947 -1.20992506  1.28730826
  1.77802923 -0.79272698  2.13123347 -2.15471525 -0.25345187 -0.75975364
 -2.97564453  3.09683761 -1.80453631  3.08817239 -1.37439287 -2.76166171
  3.03598895 -1.26173483 -0.75270335 -2.86777842 -2.57284831  2.70648703
 -2.06121887 -2.06370557 -0.31092597  3.08442239  0.2760357   0.22431172
 -1.5264677  -0.57321103 -1.613687   -3.19582409  2.88067897  1.06542673
 -0.45498871 -2.29302029  1.03827943 -1.13872376 -0.41089055 -2.21803972
 -1.98846603  1.76245641 -0.95901555  2.64039722 -0.5715504  -3.14741294
 -2.90518943  2.12953271 -3.18056764 -0.24197833 -1.03360334 -0.12106489
  2.43915513  2.01698461  0.04795501 -2.58127869 -2.62551707  0.30346876
 -0.68731218  1.13425017 -2.47491465  1.02117059 -0.2044833   0.38710305
  1.86647189  0.66822282  0.63824274 -1.3106161   1.80336618  2.85787093
  1.09788671  0.19365557 -1.0338194   2.55469662  0.77616231 -1.91142842
  0.04451431  1.92081229  0.94028767 -1.01774864 -2.44372596  2.42896503
  1.95027236  1.71156026  2.19631377  1.70657228 -1.69015063 -3.02346191
  0.37755355  1.47172247 -2.32477312 -1.27750552  2.24581472  1.34370704
 -0.13435957 -1.95303828 -1.65976709  2.06875534  1.47542672 -1.03724912
 -0.21292702 -0.68117813 -0.32527208  2.34086245 -0.5339884  -0.89876729
  0.89189341 -2.38561069  0.7406232   2.74740356 -0.44196375  2.24352687
 -1.81364787 -1.15724755 -2.5129061  -2.30847761 -1.46817735 -3.04310081
  1.87069134  1.84000969  1.6839284   1.21954177  1.58368435 -2.3049401
 -2.68534857  1.63389494  0.79384491 -0.27906761 -2.61119202  1.53767463
 -1.17215942 -2.78664399 -0.16830131  2.03580624 -2.68990326 -2.23022112
  1.7935666   1.14045052 -0.52798794 -0.5816476  -0.73731422  2.01892035
  0.54545051 -0.42851209  0.41752038 -2.30470638  1.39352227 -0.25764154
  2.10322514  1.13699637  2.72651382 -1.10644745  2.34743123 -0.43320554
 -3.27533616  2.30563278  0.91353302  2.04227411 -1.15651099  1.36301114
 -1.91182266  0.19778328  0.23599406 -2.68008056 -0.84300151 -2.38432855
  0.11091254 -0.36125135]
Sat May 25 13:20:36 2024,50,0.5774794890230284,[-3.56375371  2.2187291  -2.03297713 -0.1144212   0.40536455 -2.83258906
  3.04915495  2.02434003  1.4372858  -0.95177728  0.54522574  1.083993
  1.22271819 -1.79765574  0.72977669  2.81536925 -0.69867096 -0.47611979
 -1.88624689  0.75551455  1.56040997  2.91562336 -1.18340126 -0.29842794
 -2.32729635 -2.40611627  3.14594064  2.64092223 -0.61124823 -2.59154841
  1.49598727 -0.11261609 -2.38132537  2.09001315  1.32177754 -0.59333646
  1.14684421 -2.01972429 -0.26432669  2.25760454 -0.18484841  0.55043288
  2.72700529  0.98633467  2.55076087  3.0140766   2.72197794 -2.75747086
  0.28658975 -0.69432967  1.63151365  2.79566166 -0.26797752 -2.23110406
  2.73615931 -3.24931375  0.82664334 -0.76070684 -1.77094269  2.82609538
 -1.76344373 -1.56555591 -2.43444271  2.33008804 -2.42860109  1.92212107
  1.93856217  1.56036799  2.56215332  2.97466941  1.82487158  1.30029606
 -1.75215163 -2.41143561  1.26451803  0.72645513  1.4776789  -3.04922878
 -0.42287631  2.39446776 -0.90027313  1.33419028  1.56875211  0.47800957
 -0.69005906  1.14091112  0.67143862 -0.25704863  2.69437376 -2.27257939
  1.53547458 -0.55825361  1.05529658 -2.8215045  -2.33991407  0.46128997
 -0.93894448 -0.44213954  0.38607761 -0.11681277 -1.7477131  -0.20754182
 -0.74634299  3.03212541 -1.35474862 -1.37031418 -1.18765035  1.26503355
  1.80030394 -0.81500169  2.15350818 -2.13244054 -0.23117716 -0.78202835
 -2.95336982  3.0745629  -1.82681102  3.06589768 -1.35211816 -2.739387
  3.05826366 -1.28400954 -0.77497806 -2.89005313 -2.59512302  2.68421232
 -2.08349358 -2.04143086 -0.33320068  3.06214768  0.25376099  0.24658643
 -1.50419299 -0.55093632 -1.59141229 -3.17354938  2.85840426  1.04315202
 -0.47726342 -2.27074558  1.01600472 -1.11644905 -0.43316525 -2.24031443
 -1.96619132  1.78473112 -0.98129026  2.66267193 -0.54927569 -3.12513823
 -2.92746414  2.15180742 -3.15829293 -0.26425304 -1.05587805 -0.1433396
  2.46142984  2.03925932  0.07022972 -2.55900398 -2.64779178  0.28119405
 -0.66503747  1.11197546 -2.45263994  0.99889588 -0.18220859  0.40937776
  1.8887466   0.69049753  0.61596804 -1.33289081  1.78109147  2.88014564
  1.12016142  0.21593028 -1.05609411  2.53242191  0.7538876  -1.88915371
  0.0222396   1.89853758  0.96256238 -0.99547393 -2.46600067  2.40669032
  1.97254707  1.73383497  2.21858848  1.72884699 -1.71242534 -3.04573662
  0.39982826  1.44944776 -2.34704783 -1.25523081  2.26808943  1.36598175
 -0.11208486 -1.93076357 -1.63749238  2.09103005  1.45315201 -1.05952383
 -0.19065231 -0.65890342 -0.30299737  2.31858774 -0.51171369 -0.921042
  0.8696187  -2.36333598  0.71834849  2.76967827 -0.46423846  2.22125216
 -1.79137316 -1.17952226 -2.49063139 -2.33075232 -1.49045206 -3.0208261
  1.84841663  1.8622844   1.66165369  1.24181648  1.60595906 -2.28266539
 -2.70762328  1.61162023  0.7715702  -0.30134232 -2.58891731  1.55994934
 -1.19443413 -2.76436928 -0.19057602  2.05808095 -2.71217797 -2.20794641
  1.77129189  1.16272523 -0.55026265 -0.55937289 -0.75958893  1.99664564
  0.56772522 -0.4507868   0.39524567 -2.28243167  1.41579698 -0.23536683
  2.08095043  1.11472166  2.74878853 -1.08417274  2.32515652 -0.41093083
 -3.29761087  2.28335807  0.89125831  2.0199994  -1.1787857   1.34073643
 -1.93409737  0.17550857  0.25826877 -2.70235527 -0.86527622 -2.40660326
  0.13318725 -0.38352606]
Sat May 25 13:21:07 2024,51,0.5642953670049238,[-3.58628188  2.24125727 -2.01044896 -0.13694937  0.38283638 -2.85511723
  3.07168312  2.0468682   1.41475763 -0.92924912  0.52269757  1.10652117
  1.20019002 -1.77512757  0.75230486  2.79284108 -0.67614279 -0.45359162
 -1.86371872  0.73298638  1.58293813  2.89309519 -1.20592943 -0.32095611
 -2.34982452 -2.38358811  3.12341247  2.61839406 -0.58872007 -2.56902024
  1.51851544 -0.13514426 -2.40385354  2.06748498  1.29924937 -0.5708083
  1.12431604 -2.04225246 -0.24179852  2.28013271 -0.20737658  0.57296105
  2.70447712  0.9638065   2.57328904  2.99154843  2.74450611 -2.77999903
  0.30911792 -0.6718015   1.60898549  2.77313349 -0.24544935 -2.20857589
  2.75868748 -3.22678558  0.80411517 -0.73817867 -1.74841452  2.80356721
 -1.74091556 -1.54302774 -2.41191454  2.30755988 -2.45112926  1.94464924
  1.916034    1.53783982  2.53962515  2.99719758  1.80234341  1.27776789
 -1.7746798  -2.38890744  1.24198986  0.70392696  1.50020707 -3.07175694
 -0.44540447  2.41699593 -0.9228013   1.31166212  1.59128027  0.4554814
 -0.66753089  1.11838295  0.64891045 -0.23452046  2.67184559 -2.25005122
  1.51294641 -0.53572544  1.07782475 -2.84403267 -2.36244223  0.4387618
 -0.96147265 -0.46466771  0.36354944 -0.0942846  -1.77024127 -0.18501365
 -0.76887116  3.00959724 -1.37727679 -1.34778601 -1.16512218  1.24250538
  1.82283211 -0.83752986  2.17603635 -2.1549687  -0.25370532 -0.75950018
 -2.93084165  3.09709107 -1.84933919  3.04336951 -1.37464633 -2.76191517
  3.03573549 -1.30653771 -0.79750623 -2.9125813  -2.57259486  2.66168415
 -2.10602175 -2.06395903 -0.35572885  3.08467585  0.27628915  0.2691146
 -1.48166483 -0.57346449 -1.61394046 -3.19607755  2.88093242  1.06568019
 -0.45473525 -2.29327375  1.03853289 -1.13897722 -0.45569342 -2.2628426
 -1.98871949  1.80725929 -0.95876209  2.6852001  -0.57180386 -3.10261006
 -2.90493597  2.12927925 -3.1808211  -0.28678121 -1.03334989 -0.12081143
  2.48395801  2.01673115  0.09275789 -2.53647581 -2.67031995  0.25866588
 -0.68756564  1.13450363 -2.43011177  1.02142405 -0.20473676  0.38684959
  1.86621844  0.7130257   0.59343987 -1.31036264  1.80361963  2.90267381
  1.09763325  0.19340211 -1.07862228  2.55495008  0.73135943 -1.91168188
  0.04476777  1.87600941  0.98509055 -0.97294576 -2.44347251  2.38416215
  1.99507523  1.75636313  2.19606031  1.75137516 -1.68989717 -3.06826479
  0.37730009  1.4269196  -2.32451966 -1.27775898  2.2906176   1.38850992
 -0.08955669 -1.90823541 -1.61496421  2.06850188  1.43062384 -1.082052
 -0.21318047 -0.68143159 -0.2804692   2.29605957 -0.53424186 -0.89851383
  0.89214687 -2.34080782  0.69582032  2.79220644 -0.44171029  2.24378033
 -1.76884499 -1.20205043 -2.51315956 -2.35328048 -1.51298023 -3.04335427
  1.8709448   1.88481256  1.68418186  1.26434465  1.62848723 -2.26013722
 -2.68509511  1.6341484   0.74904203 -0.27881415 -2.56638914  1.58247751
 -1.17190596 -2.78689745 -0.21310419  2.08060912 -2.73470614 -2.23047458
  1.74876372  1.14019706 -0.52773448 -0.53684472 -0.7821171   1.97411747
  0.59025339 -0.42825863  0.3727175  -2.2599035   1.39326881 -0.21283866
  2.1034786   1.13724982  2.72626036 -1.06164458  2.30262835 -0.38840266
 -3.2750827   2.30588624  0.91378648  2.04252757 -1.15625753  1.3632646
 -1.9115692   0.19803674  0.28079694 -2.67982711 -0.88780439 -2.42913143
  0.11065908 -0.40605422]
Sat May 25 13:21:39 2024,52,0.5508033814285449,[-3.60903431  2.2640097  -2.03320139 -0.11419694  0.40558881 -2.8323648
  3.04893069  2.06962063  1.3920052  -0.95200155  0.54545     1.08376874
  1.17743759 -1.75237514  0.72955243  2.77008865 -0.65339036 -0.47634405
 -1.84096629  0.71023395  1.60569056  2.91584762 -1.22868186 -0.29820368
 -2.32707209 -2.36083568  3.10066005  2.64114649 -0.61147249 -2.59177267
  1.54126787 -0.11239183 -2.42660597  2.09023741  1.27649694 -0.59356073
  1.10156361 -2.01950003 -0.21904609  2.25738028 -0.23012901  0.59571348
  2.72722955  0.94105407  2.59604147  3.01430086  2.76725854 -2.80275146
  0.33187035 -0.69455393  1.63173791  2.75038106 -0.22269692 -2.23132832
  2.73593505 -3.24953801  0.8268676  -0.71542624 -1.72566209  2.82631964
 -1.71816313 -1.52027531 -2.38916211  2.28480745 -2.47388169  1.96740167
  1.93878643  1.51508739  2.51687272  2.97444515  1.77959098  1.25501546
 -1.75192737 -2.36615501  1.26474229  0.68117453  1.47745464 -3.04900451
 -0.42265205  2.43974836 -0.90004887  1.28890969  1.56852785  0.47823383
 -0.64477846  1.09563052  0.62615802 -0.21176803  2.69459802 -2.22729879
  1.53569884 -0.51297301  1.05507232 -2.82128024 -2.38519466  0.46151423
 -0.93872022 -0.44191528  0.38630187 -0.11703703 -1.74748884 -0.16226122
 -0.74611873  2.98684481 -1.40002922 -1.37053844 -1.18787461  1.21975295
  1.80007968 -0.86028229  2.19878878 -2.17772113 -0.27645775 -0.73674775
 -2.90808922  3.1198435  -1.87209162  3.02061708 -1.3518939  -2.73916274
  3.01298306 -1.32929014 -0.82025866 -2.88982887 -2.59534729  2.63893172
 -2.08326932 -2.0412066  -0.37848128  3.10742828  0.29904158  0.24636217
 -1.4589124  -0.59621692 -1.63669289 -3.21882998  2.85818     1.08843262
 -0.43198282 -2.31602618  1.01578046 -1.11622479 -0.43294099 -2.28559503
 -2.01147192  1.78450686 -0.93600966  2.66244767 -0.54905143 -3.07985763
 -2.9276884   2.15203168 -3.15806867 -0.26402878 -1.01059746 -0.14356386
  2.46120558  2.03948358  0.07000546 -2.51372338 -2.64756752  0.23591345
 -0.66481321  1.1117512  -2.4528642   1.04417648 -0.22748919  0.40960202
  1.84346601  0.69027327  0.57068744 -1.28761021  1.78086721  2.92542624
  1.07488082  0.21615454 -1.10137471  2.53219765  0.75411186 -1.88892945
  0.0675202   1.89876184  0.96233812 -0.99569819 -2.46622493  2.36140972
  2.01782766  1.73361071  2.21881274  1.77412759 -1.66714474 -3.09101722
  0.40005252  1.40416717 -2.30176723 -1.25500655  2.31337003  1.36575749
 -0.06680426 -1.88548298 -1.59221178  2.09125431  1.40787141 -1.10480443
 -0.2359329  -0.70418402 -0.30322163  2.318812   -0.55699429 -0.92126626
  0.86939444 -2.36356025  0.67306789  2.81495887 -0.46446272  2.2210279
 -1.79159742 -1.22480286 -2.53591199 -2.33052805 -1.4902278  -3.02060184
  1.84819237  1.86206013  1.66142943  1.28709708  1.6057348  -2.23738479
 -2.66234268  1.65690083  0.77179446 -0.25606172 -2.54363671  1.55972508
 -1.14915353 -2.80964988 -0.19035176  2.05785669 -2.71195371 -2.20772215
  1.77151615  1.11744463 -0.55048691 -0.55959715 -0.80486953  1.95136504
  0.56750096 -0.45101106  0.39546993 -2.23715107  1.41602124 -0.23559109
  2.12623103  1.11449739  2.74901279 -1.03889215  2.32538078 -0.36565023
 -3.29783513  2.28313381  0.93653891  2.06528    -1.17900996  1.38601703
 -1.88881677  0.17528431  0.25804451 -2.65707468 -0.86505196 -2.406379
  0.13341151 -0.3833018 ]
Sat May 25 13:22:04 2024,53,0.5370370222103064,[-3.63197992  2.28695531 -2.01025578 -0.13714255  0.3826432  -2.80941919
  3.02598508  2.09256624  1.41495081 -0.92905593  0.56839561  1.06082313
  1.15449198 -1.72942953  0.75249804  2.74714304 -0.67633598 -0.45339844
 -1.81802068  0.68728834  1.58274495  2.93879323 -1.20573625 -0.32114929
 -2.3500177  -2.38378129  3.07771443  2.61820088 -0.63441811 -2.56882706
  1.56421348 -0.08944621 -2.40366036  2.11318302  1.25355133 -0.57061511
  1.078618   -2.04244564 -0.19610048  2.23443467 -0.2071834   0.57276787
  2.70428394  0.96399968  2.61898708  2.99135525  2.79020415 -2.82569707
  0.30892474 -0.71749954  1.65468353  2.77332668 -0.19975131 -2.25427393
  2.71298944 -3.2265924   0.80392199 -0.73837185 -1.7486077   2.80337403
 -1.69521752 -1.4973297  -2.3662165   2.30775306 -2.45093608  1.99034728
  1.96173204  1.538033    2.53981833  2.95149954  1.80253659  1.23206985
 -1.72898176 -2.3432094   1.2876879   0.65822892  1.45450903 -3.0260589
 -0.39970643  2.46269397 -0.92299448  1.26596407  1.59147346  0.45528822
 -0.62183285  1.11857613  0.64910363 -0.18882242  2.67165241 -2.20435318
  1.51275323 -0.53591862  1.03212671 -2.84422585 -2.40814027  0.48445984
 -0.96166583 -0.46486089  0.40924748 -0.09409142 -1.72454323 -0.13931561
 -0.72317312  3.00979042 -1.37708361 -1.39348405 -1.21082022  1.19680734
  1.77713407 -0.8832279   2.22173439 -2.20066674 -0.29940337 -0.75969336
 -2.88514361  3.14278911 -1.84914601  3.04356269 -1.37483951 -2.71621713
  3.03592867 -1.30634453 -0.79731305 -2.86688326 -2.6182929   2.66187733
 -2.10621493 -2.06415221 -0.35553567  3.08448267  0.3219872   0.26930778
 -1.48185801 -0.61916253 -1.61374728 -3.24177559  2.83523438  1.06548701
 -0.40903721 -2.33897179  1.03872607 -1.13917041 -0.40999538 -2.30854064
 -2.03441753  1.80745247 -0.91306405  2.68539328 -0.52610582 -3.05691202
 -2.90474279  2.17497729 -3.18101428 -0.28697439 -0.98765184 -0.16650947
  2.43825997  2.06242919  0.04705985 -2.53666899 -2.62462191  0.21296784
 -0.6418676   1.08880559 -2.42991859  1.06712209 -0.20454358  0.43254763
  1.86641162  0.66732766  0.54774183 -1.2646646   1.75792159  2.90248063
  1.05193521  0.23910015 -1.0784291   2.55514326  0.77705747 -1.86598384
  0.09046581  1.87581623  0.98528373 -0.97275258 -2.44327932  2.38435533
  2.04077328  1.75655632  2.19586713  1.75118198 -1.69009035 -3.0680716
  0.42299813  1.38122155 -2.27882162 -1.27795217  2.29042442  1.34281188
 -0.04385865 -1.86253737 -1.56926617  2.11419992  1.3849258  -1.12775004
 -0.21298729 -0.68123841 -0.32616724  2.34175761 -0.5799399  -0.94421187
  0.84644883 -2.34061463  0.65012228  2.79201326 -0.44151711  2.24397351
 -1.81454303 -1.20185725 -2.51296638 -2.35347367 -1.51317341 -3.04354745
  1.82524676  1.83911452  1.63848382  1.31004269  1.62868041 -2.2603304
 -2.63939707  1.67984644  0.79474007 -0.23311611 -2.56658232  1.53677947
 -1.12620792 -2.83259549 -0.16740615  2.0808023  -2.73489932 -2.23066776
  1.79446176  1.14039024 -0.57343252 -0.53665154 -0.78192392  1.92841943
  0.59044657 -0.47395667  0.41841554 -2.26009668  1.43896685 -0.2585367
  2.14917664  1.09155178  2.7719584  -1.01594653  2.30243517 -0.38859584
 -3.27488952  2.30607942  0.95948452  2.08822561 -1.15606435  1.40896264
 -1.91176238  0.19822992  0.28099012 -2.63412907 -0.84210635 -2.38343339
  0.1104659  -0.36035618]
Sat May 25 13:22:40 2024,54,0.5230331183237954,[-3.65508593  2.31006132 -1.98714977 -0.16024856  0.35953719 -2.8325252
  3.04909109  2.11567225  1.3918448  -0.90594992  0.59150162  1.08392914
  1.17759799 -1.75253554  0.72939203  2.77024905 -0.65322997 -0.43029243
 -1.79491467  0.71039435  1.55963894  2.96189924 -1.18263024 -0.3442553
 -2.37312371 -2.4068873   3.10082044  2.64130689 -0.6113121  -2.54572105
  1.58731949 -0.11255222 -2.42676637  2.13628903  1.23044532 -0.5475091
  1.05551199 -2.06555165 -0.17299447  2.25754068 -0.18407739  0.54966186
  2.68117793  0.98710569  2.59588107  3.01446126  2.76709814 -2.84880308
  0.28581873 -0.69439353  1.63157752  2.75022067 -0.1766453  -2.23116792
  2.73609545 -3.20348639  0.78081598 -0.76147786 -1.77171371  2.78026802
 -1.71832353 -1.52043571 -2.38932251  2.33085907 -2.42783007  2.01345329
  1.93862603  1.56113901  2.51671232  2.92839353  1.77943058  1.25517586
 -1.75208777 -2.32010339  1.31079391  0.63512291  1.47761504 -3.04916491
 -0.42281244  2.48579998 -0.89988847  1.28907009  1.61457947  0.43218221
 -0.64493886  1.14168214  0.62599762 -0.21192843  2.69475842 -2.18124717
  1.48964722 -0.51281261  1.05523272 -2.86733186 -2.43124628  0.46135383
 -0.98477184 -0.4879669   0.43235349 -0.11719743 -1.70143722 -0.1162096
 -0.74627913  2.98668441 -1.3539776  -1.41659006 -1.18771421  1.17370133
  1.80024008 -0.90633391  2.19862838 -2.22377276 -0.32250938 -0.73658735
 -2.90824962  3.1196831  -1.82604     3.0666687  -1.3517335  -2.69311112
  3.05903468 -1.32945054 -0.82041906 -2.84377725 -2.64139891  2.63877132
 -2.12932094 -2.08725822 -0.37864168  3.06137666  0.29888119  0.24620177
 -1.50496402 -0.64226854 -1.63685329 -3.21866958  2.85834039  1.08859302
 -0.43214322 -2.31586578  1.01562006 -1.11606439 -0.38688937 -2.33164665
 -2.05752354  1.83055848 -0.88995804  2.66228727 -0.5029998  -3.08001803
 -2.88163678  2.1980833  -3.20412029 -0.3100804  -1.01075786 -0.18961548
  2.46136598  2.03932318  0.07016586 -2.51356298 -2.6015159   0.18986183
 -0.61876159  1.1119116  -2.4530246   1.04401608 -0.22764959  0.40944162
  1.84330561  0.69043367  0.52463582 -1.28777061  1.73481558  2.92558664
  1.07504122  0.21599414 -1.10153511  2.53203725  0.80016348 -1.88908985
  0.11357182  1.85271022  0.96217772 -0.94964657 -2.46638533  2.36124932
  2.06387929  1.77966233  2.21897314  1.72807597 -1.71319636 -3.04496559
  0.44610414  1.40432757 -2.30192763 -1.25484615  2.26731841  1.36591789
 -0.02075264 -1.88564338 -1.54616016  2.13730593  1.36181979 -1.10464403
 -0.18988128 -0.6581324  -0.30306123  2.36486362 -0.60304591 -0.92110586
  0.82334282 -2.36372064  0.62701627  2.76890724 -0.4184111   2.2208675
 -1.79143702 -1.22496326 -2.53607239 -2.33036766 -1.53627942 -3.06665346
  1.80214075  1.86222053  1.61537781  1.28693668  1.6055744  -2.28343641
 -2.66250308  1.65674043  0.81784608 -0.25622212 -2.54347631  1.51367346
 -1.10310191 -2.80948948 -0.19051216  2.10390831 -2.71179331 -2.20756175
  1.77135575  1.16349625 -0.59653853 -0.55975755 -0.80502993  1.90531342
  0.61355258 -0.45085066  0.39530953 -2.28320269  1.46207286 -0.23543069
  2.17228265  1.11465779  2.74885239 -1.03905255  2.27932915 -0.41170185
 -3.29799553  2.32918543  0.98259053  2.11133162 -1.17917036  1.38585663
 -1.88865637  0.22133593  0.30409613 -2.65723508 -0.86521236 -2.36032738
  0.13357191 -0.33725017]
Sat May 25 13:23:17 2024,55,0.5088314991998976,[-3.67831807e+00  2.33329346e+00 -1.96391763e+00 -1.37016426e-01
  3.36305052e-01 -2.85575734e+00  3.07232323e+00  2.13890438e+00
  1.41507694e+00 -9.29182060e-01  5.68269488e-01  1.06069701e+00
  1.20083013e+00 -1.77576767e+00  7.52624169e-01  2.74701691e+00
 -6.76462101e-01 -4.53524568e-01 -1.81814681e+00  6.87162212e-01
  1.58287108e+00  2.98513138e+00 -1.15939810e+00 -3.21023167e-01
 -2.39635585e+00 -2.43011943e+00  3.12405258e+00  2.61807475e+00
 -5.88079960e-01 -2.52248891e+00  1.56408736e+00 -8.93200891e-02
 -2.40353423e+00  2.15952116e+00  1.20721318e+00 -5.70741240e-01
  1.07874412e+00 -2.08878379e+00 -1.96226603e-01  2.23430855e+00
 -2.07309525e-01  5.26429720e-01  2.65794579e+00  1.01033783e+00
  2.57264893e+00  3.03769340e+00  2.79033027e+00 -2.87203521e+00
  2.62586590e-01 -7.17625668e-01  1.65480965e+00  2.77345280e+00
 -1.99877435e-01 -2.20793578e+00  2.71286332e+00 -3.18025425e+00
  7.57583843e-01 -7.38245723e-01 -1.74848158e+00  2.75703588e+00
 -1.74155567e+00 -1.49720357e+00 -2.36609038e+00  2.30762693e+00
 -2.40459793e+00  2.03668542e+00  1.91539390e+00  1.53790688e+00
  2.49348018e+00  2.90516139e+00  1.80266271e+00  1.23194372e+00
 -1.72885564e+00 -2.34333553e+00  1.28756177e+00  6.58355042e-01
  1.45438290e+00 -3.07239705e+00 -4.46044581e-01  2.50903211e+00
 -9.23120606e-01  1.31230222e+00  1.59134733e+00  4.55414348e-01
 -6.21706727e-01  1.11845000e+00  6.49229759e-01 -1.88696295e-01
  2.67152628e+00 -2.15801503e+00  1.51287936e+00 -5.36044745e-01
  1.07846485e+00 -2.89056399e+00 -2.45447842e+00  4.84585963e-01
 -1.00800397e+00 -5.11199037e-01  4.09121357e-01 -1.40429562e-01
 -1.67820508e+00 -1.39441739e-01 -7.23046996e-01  2.96345227e+00
 -1.33074546e+00 -1.39335793e+00 -1.21094635e+00  1.15046920e+00
  1.77700795e+00 -9.29566050e-01  2.22186052e+00 -2.20054062e+00
 -3.45741511e-01 -7.59819488e-01 -2.93148175e+00  3.14291524e+00
 -1.84927213e+00  3.08990084e+00 -1.32850137e+00 -2.66987898e+00
  3.03580254e+00 -1.35268268e+00 -8.43651195e-01 -2.86700938e+00
 -2.66463104e+00  2.66200346e+00 -2.15255308e+00 -2.06402608e+00
 -3.55409540e-01  3.03814452e+00  2.75649049e-01  2.69433904e-01
 -1.52819615e+00 -6.19036400e-01 -1.66008543e+00 -3.19543745e+00
  2.83510826e+00  1.06536089e+00 -4.55375355e-01 -2.33909791e+00
  1.03885220e+00 -1.09283226e+00 -3.63657238e-01 -2.35487878e+00
 -2.08075567e+00  1.80732634e+00 -8.66725904e-01  2.68551941e+00
 -4.79767669e-01 -3.10325017e+00 -2.85840465e+00  2.22131544e+00
 -3.22735242e+00 -3.33312532e-01 -9.87525719e-01 -1.66383344e-01
  2.48459811e+00  2.06255532e+00  4.69337262e-02 -2.53679511e+00
 -2.62474803e+00  1.66629695e-01 -6.41993722e-01  1.08867947e+00
 -2.47625673e+00  1.02078395e+00 -2.50881724e-01  4.32673757e-01
  1.86653774e+00  6.67201535e-01  5.47867951e-01 -1.31100275e+00
  1.75804772e+00  2.94881877e+00  1.05180909e+00  1.92762002e-01
 -1.12476725e+00  2.50880511e+00  8.23395620e-01 -1.91232198e+00
  9.03396884e-02  1.87594235e+00  9.38945583e-01 -9.72878706e-01
 -2.44315320e+00  2.33801718e+00  2.04064715e+00  1.80289446e+00
  2.24220528e+00  1.75130810e+00 -1.73642850e+00 -3.02173346e+00
  4.22872002e-01  1.38109543e+00 -2.32515977e+00 -1.27807829e+00
  2.29055054e+00  1.34268575e+00  2.47949258e-03 -1.90887551e+00
 -1.56939229e+00  2.11407380e+00  1.38505192e+00 -1.08141189e+00
 -1.66649147e-01 -6.81364533e-01 -2.79829092e-01  2.34163149e+00
 -6.26278048e-01 -9.44337999e-01  8.00110680e-01 -2.38695278e+00
  6.03784132e-01  2.74567511e+00 -3.95178966e-01  2.19763536e+00
 -1.76820489e+00 -1.20173113e+00 -2.55930453e+00 -2.35359979e+00
 -1.51304729e+00 -3.04342133e+00  1.77890861e+00  1.88545267e+00
  1.63860994e+00  1.31016881e+00  1.58234226e+00 -2.26020428e+00
 -2.63927095e+00  1.63350830e+00  7.94613942e-01 -2.32989986e-01
 -2.56670844e+00  1.49044133e+00 -1.12633404e+00 -2.78625734e+00
 -1.67280020e-01  2.08067618e+00 -2.68856118e+00 -2.23079389e+00
  1.79458789e+00  1.14026412e+00 -5.73306393e-01 -5.36525417e-01
 -8.28262068e-01  1.88208129e+00  5.90320446e-01 -4.27618522e-01
  4.18541669e-01 -2.25997055e+00  1.43884072e+00 -2.58662826e-01
  2.19551479e+00  1.13788993e+00  2.72562026e+00 -1.01582041e+00
  2.25609702e+00 -4.34933987e-01 -3.27476340e+00  2.30595330e+00
  1.00582267e+00  2.08809948e+00 -1.15593822e+00  1.36262450e+00
 -1.91188850e+00  1.98103792e-01  3.27328265e-01 -2.63400294e+00
 -8.88444499e-01 -2.38355951e+00  1.10339771e-01 -3.60482310e-01]
Sat May 25 13:24:06 2024,56,0.4944745783441684,[-3.70164081  2.35661619 -1.98724037 -0.16033916  0.31298232 -2.87908007
  3.04900049  2.16222712  1.3917542  -0.90585932  0.59159222  1.08401974
  1.22415286 -1.79909041  0.72930143  2.72369418 -0.65313937 -0.4768473
 -1.79482407  0.71048495  1.55954834  2.96180864 -1.18272083 -0.29770043
 -2.37303311 -2.4067967   3.14737532  2.64139749 -0.6114027  -2.49916618
  1.58741009 -0.06599735 -2.42685697  2.13619843  1.18389045 -0.59406398
  1.05542139 -2.06546106 -0.21954934  2.21098581 -0.18398679  0.50310698
  2.68126853  0.98701509  2.59597167  3.01437066  2.76700754 -2.89535795
  0.28590933 -0.7409484   1.63148692  2.79677554 -0.22320017 -2.23125852
  2.68954058 -3.20357699  0.78090658 -0.76156846 -1.77180431  2.73371314
 -1.76487841 -1.52052631 -2.34276764  2.2843042  -2.42792067  2.06000816
  1.93871663  1.51458414  2.51680292  2.92848413  1.77933998  1.20862099
 -1.7055329  -2.32001279  1.31088451  0.68167778  1.47770564 -3.04907431
 -0.46936732  2.48570938 -0.89979787  1.33562496  1.61467007  0.47873708
 -0.64502946  1.14177274  0.62590702 -0.21201903  2.64820355 -2.18133777
  1.53620209 -0.55936748  1.05514212 -2.86724126 -2.47780116  0.5079087
 -1.03132671 -0.4878763   0.38579862 -0.11710683 -1.65488235 -0.116119
 -0.74636973  2.94012954 -1.30742273 -1.37003519 -1.18762362  1.17379193
  1.80033068 -0.90624331  2.19853778 -2.17721788 -0.36906425 -0.78314222
 -2.95480449  3.1195925  -1.87259487  3.0665781  -1.3518241  -2.64655624
  3.05912528 -1.32935994 -0.82032846 -2.84368665 -2.68795378  2.68532619
 -2.12923034 -2.04070335 -0.3320868   3.06146726  0.25232631  0.29275664
 -1.50487342 -0.59571366 -1.63676269 -3.21876018  2.81178552  1.04203815
 -0.47869809 -2.31577518  1.01552946 -1.11615499 -0.3403345  -2.37820152
 -2.10407841  1.78400361 -0.89004864  2.66219667 -0.5030904  -3.07992743
 -2.88172738  2.1979927  -3.25067516 -0.35663527 -1.01084845 -0.18970608
  2.46127538  2.03923258  0.07025646 -2.51347238 -2.6014253   0.14330696
 -0.66531646  1.1120022  -2.49957947  1.04410668 -0.27420446  0.40935102
  1.88986048  0.6438788   0.52454522 -1.28768001  1.73472498  2.97214151
  1.02848635  0.16943927 -1.10144451  2.53212785  0.80007288 -1.93564472
  0.11366242  1.85261962  0.91562285 -0.99620144 -2.46647593  2.31469445
  2.06396989  1.8262172   2.21888254  1.77463084 -1.75975123 -3.04505619
  0.44619474  1.35777269 -2.3484825  -1.25475556  2.31387328  1.31936302
 -0.02084324 -1.88555278 -1.54606956  2.09075106  1.36172919 -1.10473463
 -0.18997188 -0.6580418  -0.30315183  2.31830875 -0.64960078 -0.92101526
  0.82343342 -2.41027552  0.5804614   2.72235237 -0.37185623  2.17431263
 -1.79152762 -1.22505386 -2.58262726 -2.37692253 -1.48972455 -3.06674406
  1.80223135  1.86212993  1.61528721  1.28684608  1.55901953 -2.28352701
 -2.61594821  1.65683103  0.81793668 -0.25631272 -2.54338571  1.51376406
 -1.14965678 -2.80958008 -0.14395728  2.05735344 -2.66523844 -2.25411662
  1.77126515  1.16358685 -0.54998366 -0.51320268 -0.80493933  1.90540402
  0.56699771 -0.40429579  0.4418644  -2.23664782  1.41551799 -0.28198556
  2.21883752  1.16121267  2.70229752 -1.03914314  2.23277428 -0.45825672
 -3.25144066  2.32927603  1.02914541  2.11142222 -1.13261549  1.38594723
 -1.93521124  0.17478106  0.30400553 -2.6106802  -0.86512176 -2.36023678
  0.13366251 -0.38380505]
Sat May 25 13:25:00 2024,57,0.48000686693714345,[-3.72501763  2.37999302 -1.96386355 -0.18371598  0.28960549 -2.9024569
  3.02562367  2.13885029  1.36837738 -0.92923615  0.5682154   1.06064292
  1.20077604 -1.77571358  0.70592461  2.747071   -0.62976254 -0.50022413
 -1.77144725  0.68710812  1.58292517  2.93843182 -1.20609766 -0.32107726
 -2.34965629 -2.38341987  3.12399849  2.61802067 -0.58802587 -2.47578935
  1.61078692 -0.08937418 -2.40348014  2.15957525  1.20726727 -0.57068715
  1.07879821 -2.08883788 -0.19617251  2.23436263 -0.16060997  0.52648381
  2.70464535  1.01039192  2.61934849  3.03774749  2.74363071 -2.91873477
  0.2625325  -0.76432523  1.60811009  2.77339871 -0.24657699 -2.20788169
  2.7129174  -3.22695381  0.8042834  -0.73819163 -1.74842749  2.71033632
 -1.74150158 -1.54390313 -2.36614446  2.26092737 -2.40454384  2.03663134
  1.96209346  1.53796097  2.54017974  2.90510731  1.75596315  1.23199781
 -1.68215608 -2.34338962  1.28750769  0.65830095  1.45432882 -3.07245114
 -0.44599049  2.46233255 -0.92317469  1.35900178  1.63804689  0.45536026
 -0.66840629  1.11839591  0.64928385 -0.18864221  2.67158037 -2.20471459
  1.51282527 -0.5827443   1.07851894 -2.84386443 -2.50117798  0.53128552
 -1.05470353 -0.46449948  0.40917545 -0.14048365 -1.63150552 -0.09274218
 -0.72299291  2.91675271 -1.2840459  -1.39341202 -1.16424679  1.15041511
  1.82370751 -0.88286649  2.17516096 -2.20059471 -0.39244107 -0.80651905
 -2.93142766  3.14296933 -1.89597169  3.04320128 -1.32844728 -2.62317942
  3.0825021  -1.30598312 -0.84370528 -2.86706347 -2.7113306   2.66194937
 -2.15260717 -2.01732653 -0.35546363  3.03809043  0.22894949  0.31613346
 -1.48149659 -0.61909049 -1.66013951 -3.24213701  2.7884087   1.06541498
 -0.50207491 -2.29239835  1.03890629 -1.13953182 -0.36371133 -2.40157834
 -2.08070158  1.76062678 -0.86667182  2.63881985 -0.52646723 -3.05655061
 -2.9051042   2.17461588 -3.22729834 -0.33325844 -1.03422528 -0.16632926
  2.43789855  2.06260941  0.04687964 -2.49009555 -2.57804847  0.16668378
 -0.64193963  1.13537903 -2.52295629  1.06748351 -0.25082764  0.3859742
  1.9132373   0.62050198  0.50116839 -1.31105683  1.71134816  2.99551833
  1.05186318  0.14606244 -1.12482134  2.50875103  0.77669606 -1.91226789
  0.0902856   1.87599644  0.93899967 -1.01957826 -2.48985276  2.29131762
  2.04059306  1.84959402  2.24225936  1.75125402 -1.73637441 -3.02167937
  0.42281791  1.38114952 -2.32510568 -1.27813238  2.3372501   1.34273984
 -0.04422007 -1.9089296  -1.56944638  2.11412789  1.33835236 -1.08135781
 -0.21334871 -0.63466497 -0.279775    2.29493193 -0.67297761 -0.94439209
  0.84681024 -2.38689869  0.60383822  2.69897555 -0.34847941  2.1509358
 -1.7681508  -1.20167704 -2.60600409 -2.40029935 -1.51310138 -3.04336724
  1.82560817  1.88550676  1.59191039  1.26346925  1.53564271 -2.30690384
 -2.59257139  1.63345421  0.79455985 -0.27968955 -2.56676253  1.53714089
 -1.12627996 -2.78620325 -0.16733411  2.03397662 -2.64186162 -2.27749345
  1.79464197  1.14021003 -0.52660683 -0.48982586 -0.82831616  1.8820272
  0.54362089 -0.38091896  0.46524123 -2.213271    1.43889481 -0.25860874
  2.24221435  1.13783584  2.72567435 -1.01576632  2.25615111 -0.48163355
 -3.22806384  2.30589921  1.00576858  2.08804539 -1.10923866  1.36257041
 -1.95858806  0.19815788  0.28062871 -2.63405703 -0.88849859 -2.3836136
  0.11028568 -0.40718187]
Sat May 25 13:26:34 2024,58,0.46547442832963426,[-3.74841133  2.40338672 -1.98725725 -0.16032228  0.26621179 -2.87906319
  3.00222996  2.162244    1.34498368 -0.95262985  0.5448217   1.03724922
  1.17738233 -1.75231988  0.68253091  2.7704647  -0.65315625 -0.52361783
 -1.79484095  0.66371442  1.55953146  2.96182552 -1.18270395 -0.34447096
 -2.37304999 -2.36002617  3.10060479  2.59462696 -0.61141958 -2.45239565
  1.58739321 -0.06598047 -2.42687385  2.18296896  1.23066098 -0.59408086
  1.05540451 -2.11223158 -0.21956622  2.25775634 -0.13721626  0.54987751
  2.72803906  0.98699821  2.59595479  3.01435378  2.72023701 -2.94212848
  0.2391388  -0.78771893  1.58471639  2.79679242 -0.2699707  -2.2312754
  2.6895237  -3.20356011  0.82767711 -0.71479793 -1.72503379  2.68694262
 -1.76489529 -1.52050943 -2.34275076  2.23753367 -2.42793755  2.01323763
  1.98548716  1.56135467  2.56357345  2.92850101  1.73256945  1.20860411
 -1.65876237 -2.31999591  1.26411398  0.63490725  1.43093511 -3.09584484
 -0.42259679  2.43893885 -0.9465684   1.38239548  1.61465319  0.43196655
 -0.64501258  1.09500221  0.62589014 -0.21203591  2.69497408 -2.18132088
  1.53621897 -0.60613801  1.10191265 -2.86725814 -2.52457168  0.55467923
 -1.07809724 -0.44110577  0.43256915 -0.11708995 -1.60811182 -0.11613588
 -0.6995992   2.89335901 -1.2606522  -1.41680572 -1.14085309  1.12702141
  1.84710121 -0.85947279  2.15176725 -2.177201   -0.41583478 -0.78312534
 -2.90803396  3.16636303 -1.87257799  3.01980757 -1.30505357 -2.64657313
  3.0591084  -1.28258941 -0.86709899 -2.89045718 -2.6879369   2.63855566
 -2.12921346 -1.99393282 -0.37885733  3.06148414  0.25234319  0.33952717
 -1.45810289 -0.64248419 -1.68353322 -3.2187433   2.765015    1.08880868
 -0.52546862 -2.31579206  1.01551258 -1.16292552 -0.34031762 -2.42497205
 -2.10409529  1.73723308 -0.89006552  2.61542614 -0.54986093 -3.07994431
 -2.8817105   2.15122217 -3.20390463 -0.35665215 -1.01083157 -0.18972296
  2.41450485  2.0392157   0.07027334 -2.51348926 -2.60144218  0.14329008
 -0.66533334  1.15877273 -2.54635     1.0440898  -0.22743393  0.36258049
  1.8898436   0.64389568  0.5245621  -1.28766313  1.68795446  3.01891204
  1.07525688  0.16945615 -1.10142763  2.48535732  0.80008976 -1.88887419
  0.0668919   1.85260274  0.96239338 -1.04297197 -2.46645905  2.26792392
  2.01719936  1.82620032  2.26565307  1.72786031 -1.75976811 -2.99828567
  0.39942421  1.40454322 -2.34849938 -1.30152608  2.3138564   1.31934614
 -0.02082636 -1.8855359  -1.59284009  2.13752159  1.31495866 -1.10475151
 -0.189955   -0.61127127 -0.2563813   2.27153822 -0.6495839  -0.92099838
  0.82341654 -2.4102924   0.58044452  2.72236925 -0.3250857   2.17432951
 -1.74475709 -1.17828333 -2.58261038 -2.37690565 -1.53649508 -3.06676094
  1.84900188  1.86211305  1.61530409  1.24007555  1.55903641 -2.33029754
 -2.56917768  1.65684791  0.81795356 -0.25629584 -2.54336883  1.56053459
 -1.14967366 -2.80959696 -0.1439404   2.05737032 -2.66525532 -2.30088715
  1.77124827  1.16360373 -0.55000054 -0.51321956 -0.80492245  1.9054209
  0.52022718 -0.40431267  0.48863493 -2.18987729  1.46228852 -0.28200244
  2.21882064  1.16122955  2.74906805 -1.03916003  2.2327574  -0.45823984
 -3.20467013  2.2825055   1.02916229  2.1114391  -1.13263237  1.3391767
 -1.98198177  0.22155158  0.30402241 -2.61066332 -0.91189229 -2.3602199
  0.13367939 -0.43057557]
Sat May 25 13:26:57 2024,59,0.4509242871306915,[-3.77178432e+00  2.42675971e+00 -1.96388426e+00 -1.36949295e-01
  2.89584774e-01 -2.90243618e+00  3.02560295e+00  2.18561698e+00
  1.36835666e+00 -9.29256867e-01  5.21448710e-01  1.06062220e+00
  1.20075532e+00 -1.77569286e+00  6.59157920e-01  2.79383769e+00
 -6.76529232e-01 -5.00244846e-01 -1.81821394e+00  6.40341434e-01
  1.58290445e+00  2.98519851e+00 -1.15933097e+00 -3.67843946e-01
 -2.39642298e+00 -2.38339915e+00  3.07723180e+00  2.57125398e+00
 -5.88046590e-01 -2.42902266e+00  1.61076620e+00 -4.26074875e-02
 -2.40350086e+00  2.15959597e+00  1.25403396e+00 -5.70707870e-01
  1.03203152e+00 -2.13560457e+00 -1.96193233e-01  2.23438335e+00
 -1.60589246e-01  5.73250498e-01  2.70466607e+00  9.63625227e-01
  2.57258180e+00  2.99098080e+00  2.74360999e+00 -2.96550146e+00
  2.15765811e-01 -8.11091918e-01  1.60808937e+00  2.77341943e+00
 -2.93343684e-01 -2.20790241e+00  2.66615071e+00 -3.22693309e+00
  8.04304122e-01 -7.38170916e-01 -1.70166080e+00  2.66356963e+00
 -1.78826827e+00 -1.54388241e+00 -2.36612375e+00  2.26090665e+00
 -2.45131053e+00  2.03661062e+00  2.00886015e+00  1.58472766e+00
  2.54020046e+00  2.95187400e+00  1.70919646e+00  1.23197709e+00
 -1.68213536e+00 -2.34336890e+00  1.24074100e+00  6.58280234e-01
  1.45430810e+00 -3.11921783e+00 -4.45969773e-01  2.41556586e+00
 -9.69941385e-01  1.35902250e+00  1.63802617e+00  4.55339540e-01
 -6.68385567e-01  1.07162922e+00  6.49263128e-01 -2.35408897e-01
  2.71834706e+00 -2.15794790e+00  1.55959196e+00 -6.29510995e-01
  1.12528563e+00 -2.84388515e+00 -2.50119870e+00  5.31306241e-01
 -1.10147022e+00 -4.64478759e-01  4.09196164e-01 -1.40462931e-01
 -1.58473883e+00 -1.39508870e-01 -7.22972189e-01  2.91673199e+00
 -1.23727921e+00 -1.39343274e+00 -1.16422607e+00  1.15039439e+00
  1.82372823e+00 -8.82845772e-01  2.12839427e+00 -2.20057399e+00
 -3.92461790e-01 -8.06498328e-01 -2.93140695e+00  3.18973602e+00
 -1.84920500e+00  3.04318056e+00 -1.28168059e+00 -2.62320014e+00
  3.08248138e+00 -1.25921643e+00 -8.90471974e-01 -2.91383016e+00
 -2.71130988e+00  2.61518268e+00 -2.15258645e+00 -2.01730581e+00
 -4.02230318e-01  3.03811115e+00  2.28970209e-01  3.16154182e-01
 -1.43472990e+00 -6.65857179e-01 -1.66016023e+00 -3.19537032e+00
  2.78838798e+00  1.06543569e+00 -5.02095633e-01 -2.29241907e+00
  9.92139597e-01 -1.18629851e+00 -3.16944636e-01 -2.44834503e+00
 -2.12746827e+00  1.71386009e+00 -8.66692535e-01  2.63879913e+00
 -5.73233919e-01 -3.05657133e+00 -2.85833751e+00  2.12784919e+00
 -3.18053165e+00 -3.80025134e-01 -1.03420456e+00 -1.66349975e-01
  2.43787783e+00  2.06258869e+00  9.36463279e-02 -2.49011627e+00
 -2.57806919e+00  1.66663064e-01 -6.88706324e-01  1.13539974e+00
 -2.52297701e+00  1.06746279e+00 -2.50806917e-01  3.39207507e-01
  1.86647061e+00  6.20522695e-01  5.47935082e-01 -1.26429014e+00
  1.71132744e+00  3.04228502e+00  1.05188389e+00  1.92829133e-01
 -1.12480062e+00  2.46198434e+00  8.23462750e-01 -1.91224717e+00
  4.35189099e-02  1.82922975e+00  9.85766362e-01 -1.01959898e+00
 -2.44308607e+00  2.24455093e+00  1.99382637e+00  1.80282733e+00
  2.28902605e+00  1.75123330e+00 -1.78314110e+00 -3.02165865e+00
  3.76051224e-01  1.38117024e+00 -2.32512640e+00 -1.32489907e+00
  2.29048341e+00  1.29597315e+00  2.54662324e-03 -1.90890888e+00
 -1.61621307e+00  2.11414860e+00  1.29158567e+00 -1.08137852e+00
 -1.66582017e-01 -5.87898284e-01 -2.33008314e-01  2.24816524e+00
 -6.26210918e-01 -8.97625397e-01  8.46789521e-01 -2.38691941e+00
  5.57071530e-01  2.74574224e+00 -3.48458688e-01  2.15095652e+00
 -1.76813008e+00 -1.20165632e+00 -2.60598337e+00 -2.40027863e+00
 -1.55986807e+00 -3.09013393e+00  1.82562889e+00  1.83874007e+00
  1.59193110e+00  1.21670256e+00  1.53566342e+00 -2.35367053e+00
 -2.54580470e+00  1.63347493e+00  8.41326543e-01 -2.79668826e-01
 -2.51999584e+00  1.53716160e+00 -1.12630067e+00 -2.83296994e+00
 -1.67313390e-01  2.03399734e+00 -2.68862831e+00 -2.32426014e+00
  1.74787528e+00  1.14023075e+00 -5.73373524e-01 -4.89846577e-01
 -7.81549466e-01  1.88204792e+00  4.96854197e-01 -3.80939682e-01
  4.65261947e-01 -2.16650431e+00  1.43891553e+00 -3.05375427e-01
  2.19544766e+00  1.13785656e+00  2.77244104e+00 -1.06253301e+00
  2.20938442e+00 -4.81612827e-01 -3.18129715e+00  2.30587849e+00
  1.05253527e+00  2.08806611e+00 -1.15600535e+00  1.36254969e+00
 -2.00535475e+00  2.44924571e-01  3.27395396e-01 -2.63403631e+00
 -9.35265277e-01 -2.38359288e+00  1.10306401e-01 -4.53948559e-01]
Sat May 25 13:27:46 2024,60,0.4364038088157637,[-3.79509891  2.4500743  -1.98719886 -0.16026389  0.31289937 -2.87912159
  3.04891754  2.20893158  1.34504207 -0.90594228  0.49813412  1.08393679
  1.17744073 -1.75237827  0.63584333  2.7705231  -0.65321464 -0.52355944
 -1.79489935  0.61702684  1.60621904  3.0085131  -1.13601638 -0.34452935
 -2.37310838 -2.40671375  3.05391721  2.59456857 -0.61136118 -2.40570807
  1.58745161 -0.06592208 -2.42681545  2.18291056  1.27734855 -0.59402246
  1.00871693 -2.11228998 -0.17287864  2.21106876 -0.13727465  0.54993591
  2.68135148  0.94031063  2.54926721  2.9676662   2.76692459 -2.94218687
  0.19245122 -0.83440651  1.58477478  2.79673402 -0.31665828 -2.231217
  2.64283612 -3.25024769  0.78098953 -0.76148551 -1.72497539  2.68688422
 -1.81158286 -1.567197   -2.38943834  2.28422124 -2.42799594  2.01329603
  2.03217474  1.56141307  2.56351505  2.9285594   1.73251106  1.2086625
 -1.70544995 -2.32005431  1.26405559  0.63496564  1.47762269 -3.09590324
 -0.42265518  2.43888045 -0.99325598  1.33570791  1.61471158  0.47865413
 -0.69170016  1.04831463  0.62594854 -0.25872349  2.74166165 -2.13463331
  1.58290655 -0.6061964   1.10197104 -2.86719974 -2.52451329  0.50799165
 -1.12478482 -0.44116417  0.38588157 -0.16377752 -1.56142424 -0.16282346
 -0.74628678  2.94004659 -1.2605938  -1.37011814 -1.18754066  1.17370898
  1.84704282 -0.85953118  2.10507968 -2.1772594  -0.3691472  -0.82981292
 -2.90809235  3.16642142 -1.82589041  3.06649515 -1.30499518 -2.64651473
  3.10579598 -1.23590183 -0.91378657 -2.89051557 -2.68799529  2.63849727
 -2.17590104 -1.99399121 -0.42554491  3.06142575  0.20565562  0.33946877
 -1.45804449 -0.68917177 -1.63684564 -3.21868491  2.81170257  1.08875029
 -0.47878104 -2.31573367  1.01545419 -1.16298392 -0.34025923 -2.47165963
 -2.10415368  1.73717468 -0.84337794  2.66211372 -0.54991933 -3.03325674
 -2.88165211  2.15116378 -3.15721705 -0.40333973 -1.05751915 -0.18966457
  2.41456324  2.0392741   0.07033174 -2.51343086 -2.60138378  0.18997766
 -0.66539173  1.15871434 -2.5462916   1.0441482  -0.27412151  0.31589292
  1.8897852   0.5972081   0.52462049 -1.28760474  1.68801285  3.06559962
  1.0285693   0.21614372 -1.14811521  2.48529893  0.84677734 -1.93556177
  0.02020432  1.80591516  1.00908095 -0.99628439 -2.46640066  2.22123634
  2.01714096  1.82614192  2.26571146  1.77454789 -1.75982651 -2.99834406
  0.39936582  1.40448483 -2.30181181 -1.30158448  2.26716882  1.27265856
 -0.02076797 -1.93222347 -1.59289848  2.1374632   1.31490026 -1.10469312
 -0.18989661 -0.61121288 -0.25632291  2.27147983 -0.60289633 -0.92093999
  0.82347493 -2.410234    0.53375694  2.76905683 -0.3251441   2.17427111
 -1.74481549 -1.22497091 -2.58266878 -2.37696404 -1.53655348 -3.11344852
  1.84894348  1.86205466  1.6152457   1.19338797  1.55897802 -2.33035594
 -2.5224901   1.65678952  0.86464114 -0.30298342 -2.49668125  1.5604762
 -1.10298608 -2.85628454 -0.1439988   2.01068274 -2.66531372 -2.34757473
  1.77118988  1.16354534 -0.55005893 -0.46653199 -0.80486406  1.85873333
  0.47353961 -0.35762509  0.48857654 -2.1898189   1.41560094 -0.28206084
  2.21876225  1.16117115  2.79575563 -1.0858476   2.18606983 -0.45829824
 -3.20461174  2.2825639   1.02922068  2.1113807  -1.17931995  1.38586428
 -1.98204016  0.22160998  0.3040808  -2.6573509  -0.91195069 -2.40690748
  0.08699181 -0.47726315]
Sat May 25 13:28:08 2024,61,0.42196006729302216,[-3.81831768e+00  2.42685553e+00 -2.01041762e+00 -1.83482654e-01
  2.89680599e-01 -2.85590282e+00  3.07213631e+00  2.23215034e+00
  1.32182330e+00 -8.82723508e-01  5.21352885e-01  1.10715556e+00
  1.15422196e+00 -1.72915951e+00  6.59062096e-01  2.74730433e+00
 -6.29995872e-01 -5.00340671e-01 -1.77168058e+00  5.93808075e-01
  1.62943781e+00  3.03173187e+00 -1.15923514e+00 -3.67748121e-01
 -2.39632715e+00 -2.38349498e+00  3.07713598e+00  2.57134980e+00
 -5.88142414e-01 -2.38248930e+00  1.56423284e+00 -4.27033119e-02
 -2.45003422e+00  2.15969180e+00  1.30056732e+00 -5.70803695e-01
  9.85498164e-01 -2.13550874e+00 -1.49659874e-01  2.23428753e+00
 -1.60493422e-01  5.73154674e-01  2.70457025e+00  9.63529402e-01
  2.52604844e+00  2.99088497e+00  2.74370582e+00 -2.91896810e+00
  1.69232452e-01 -8.57625277e-01  1.60799355e+00  2.77351526e+00
 -3.39877043e-01 -2.25443577e+00  2.61961736e+00 -3.27346645e+00
  8.04208297e-01 -7.84704275e-01 -1.70175662e+00  2.71010299e+00
 -1.78836410e+00 -1.54397824e+00 -2.36621957e+00  2.26100248e+00
 -2.40477717e+00  2.03651479e+00  2.05539351e+00  1.58463183e+00
  2.58673382e+00  2.90534064e+00  1.75572982e+00  1.23188127e+00
 -1.68223118e+00 -2.29683554e+00  1.28727435e+00  6.58184410e-01
  1.50084146e+00 -3.11912200e+00 -3.99436414e-01  2.46209922e+00
 -1.01647474e+00  1.35892667e+00  1.59149281e+00  5.01872900e-01
 -7.14918926e-01  1.02509587e+00  6.02729769e-01 -2.81942256e-01
  2.76488042e+00 -2.15785207e+00  1.60612532e+00 -5.82977636e-01
  1.07875227e+00 -2.89041851e+00 -2.50129452e+00  5.31210416e-01
 -1.14800358e+00 -4.17945399e-01  4.09100340e-01 -1.40558756e-01
 -1.58464301e+00 -1.86042229e-01 -7.69505548e-01  2.96326535e+00
 -1.23737504e+00 -1.39333691e+00 -1.21075943e+00  1.15049022e+00
  1.87026159e+00 -8.36312413e-01  2.08186091e+00 -2.20047816e+00
 -3.92365965e-01 -8.53031687e-01 -2.93131112e+00  3.14320266e+00
 -1.84910918e+00  3.08971392e+00 -1.28177641e+00 -2.66973350e+00
  3.08257721e+00 -1.25912060e+00 -9.37005333e-01 -2.86729680e+00
 -2.71121406e+00  2.61527850e+00 -2.15268227e+00 -2.01720998e+00
 -4.02326143e-01  3.08464451e+00  2.28874384e-01  3.16250007e-01
 -1.43482573e+00 -7.12390538e-01 -1.66006441e+00 -3.24190368e+00
  2.78848381e+00  1.06553152e+00 -5.01999809e-01 -2.29251490e+00
  9.92235421e-01 -1.13976515e+00 -3.63477995e-01 -2.44844086e+00
 -2.12737245e+00  1.71395592e+00 -8.66596710e-01  2.63889495e+00
 -5.26700559e-01 -3.01003797e+00 -2.85843334e+00  2.12794501e+00
 -3.18043582e+00 -4.26558493e-01 -1.08073792e+00 -2.12883334e-01
  2.39134447e+00  2.01605533e+00  4.71129687e-02 -2.49021210e+00
 -2.62460255e+00  2.13196424e-01 -6.88610500e-01  1.18193310e+00
 -2.52307284e+00  1.02092943e+00 -2.50902741e-01  3.39111683e-01
  1.91300397e+00  6.20426870e-01  5.47839257e-01 -1.31082350e+00
  1.71123162e+00  3.04238085e+00  1.00535053e+00  2.39362492e-01
 -1.12489644e+00  2.46208016e+00  8.23558575e-01 -1.95878053e+00
 -3.01444926e-03  1.82913393e+00  9.85862186e-01 -1.01950316e+00
 -2.48961943e+00  2.24445511e+00  1.99392220e+00  1.84936069e+00
  2.28893023e+00  1.79776666e+00 -1.73660774e+00 -2.97512529e+00
  4.22584583e-01  1.42770360e+00 -2.27859304e+00 -1.32480324e+00
  2.24395005e+00  1.29587733e+00  2.45079878e-03 -1.95544224e+00
 -1.56967971e+00  2.16068196e+00  1.29168150e+00 -1.12791188e+00
 -2.13115376e-01 -6.34431643e-01 -2.33104138e-01  2.29469860e+00
 -6.26115093e-01 -9.44158756e-01  8.46693696e-01 -2.38701524e+00
  5.10538171e-01  2.74583806e+00 -3.48362864e-01  2.15105234e+00
 -1.76803425e+00 -1.20175214e+00 -2.60588754e+00 -2.40018281e+00
 -1.55977224e+00 -3.09022975e+00  1.87216225e+00  1.83883589e+00
  1.59202693e+00  1.17016920e+00  1.53575925e+00 -2.30713717e+00
 -2.49927134e+00  1.68000828e+00  8.87859903e-01 -3.26202186e-01
 -2.51990002e+00  1.53725743e+00 -1.07976731e+00 -2.83306577e+00
 -1.67217565e-01  2.03390151e+00 -2.64209495e+00 -2.37079350e+00
  1.79440864e+00  1.18676411e+00 -5.73277699e-01 -4.43313218e-01
 -8.28082825e-01  1.88195209e+00  4.96758372e-01 -3.34406322e-01
  4.65357771e-01 -2.16660013e+00  1.43881971e+00 -2.58842068e-01
  2.24198102e+00  1.13795239e+00  2.77253686e+00 -1.10906637e+00
  2.16285106e+00 -4.35079468e-01 -3.22783051e+00  2.25934513e+00
  1.00600191e+00  2.13459947e+00 -1.20253871e+00  1.36264551e+00
 -1.95882139e+00  1.98391211e-01  2.80862036e-01 -2.68056967e+00
 -9.35169453e-01 -2.38368871e+00  6.37730417e-02 -5.00481919e-01]
Sat May 25 13:28:31 2024,62,0.40763921854109075,[-3.84140375  2.40376946 -2.0335037  -0.20656873  0.26659452 -2.83281675
  3.09522238  2.20906427  1.34490938 -0.90580958  0.49826681  1.13024163
  1.17730803 -1.70607343  0.68214817  2.72421826 -0.6069098  -0.4772546
 -1.79476665  0.61689415  1.65252388  3.05481794 -1.18232122 -0.3908342
 -2.41941323 -2.40658105  3.0540499   2.54826373 -0.56505634 -2.40557538
  1.54114677 -0.06578939 -2.42694815  2.18277787  1.27748125 -0.59388977
  0.96241209 -2.15859482 -0.17274595  2.21120145 -0.13740735  0.5500686
  2.68148417  0.98661548  2.50296237  3.01397105  2.76679189 -2.89588203
  0.19231853 -0.88071135  1.63107962  2.75042918 -0.31679097 -2.2313497
  2.59653128 -3.29655253  0.78112222 -0.7616182  -1.7248427   2.73318906
 -1.81145017 -1.52089216 -2.3431335   2.28408855 -2.3816911   2.05960087
  2.03230743  1.56154576  2.56364775  2.88225456  1.7788159   1.25496734
 -1.70531726 -2.27374947  1.26418828  0.68127048  1.47775538 -3.14220808
 -0.42252249  2.43901315 -0.99338867  1.3358406   1.56840674  0.47878683
 -0.69183285  1.00200979  0.62581584 -0.25885618  2.7879665  -2.134766
  1.62921139 -0.60606371  1.10183835 -2.91350459 -2.5243806   0.55429649
 -1.17108966 -0.44103147  0.38601427 -0.16364483 -1.56155694 -0.16295616
 -0.79259162  2.94017928 -1.21428896 -1.41642299 -1.18767336  1.12740414
  1.89334766 -0.81322634  2.05877483 -2.17739209 -0.41545204 -0.82994561
 -2.9543972   3.16628873 -1.8260231   3.06662784 -1.25869034 -2.64664742
  3.05949113 -1.23603453 -0.96009141 -2.84421073 -2.73430013  2.59219243
 -2.1295962  -2.04029606 -0.42541222  3.06155844  0.25196046  0.29316393
 -1.41173965 -0.68930446 -1.63697833 -3.2188176   2.81156988  1.08861759
 -0.52508588 -2.26942882  0.96914935 -1.11667908 -0.38656407 -2.47152693
 -2.15045852  1.73704199 -0.88968278  2.61580888 -0.50361449 -2.98695189
 -2.88151941  2.10485894 -3.20352189 -0.40347242 -1.05765185 -0.18979726
  2.41443055  1.99296926  0.07019904 -2.46712602 -2.64768862  0.19011035
 -0.71169657  1.20501918 -2.54615891  0.99784335 -0.27398882  0.31602561
  1.93609004  0.5973408   0.57092533 -1.28773743  1.73431769  3.01929477
  1.02843661  0.21627642 -1.14798252  2.43899409  0.84664465 -1.93569446
 -0.02610052  1.80604785  1.00894826 -0.99641709 -2.46653335  2.22136903
  1.97083612  1.82627462  2.26584416  1.82085273 -1.75969381 -2.99821137
  0.44567066  1.45078967 -2.30167911 -1.34788932  2.26703613  1.3189634
 -0.02063528 -1.93235617 -1.54659364  2.13759589  1.31476757 -1.10482581
 -0.1900293  -0.61134557 -0.25619021  2.27161252 -0.60302902 -0.92107268
  0.82360762 -2.36392916  0.4874521   2.76892414 -0.37144894  2.17413842
 -1.79112033 -1.22483822 -2.62897362 -2.37709673 -1.58285832 -3.06714368
  1.89524832  1.86192197  1.615113    1.14708313  1.51267317 -2.33022324
 -2.47618526  1.70309436  0.91094598 -0.30311611 -2.49681394  1.51417136
 -1.05668124 -2.85615184 -0.19030364  2.01081544 -2.66518102 -2.34770742
  1.81749472  1.16367803 -0.59636377 -0.46639929 -0.8511689   1.90503817
  0.51984445 -0.3574924   0.48844385 -2.14351406  1.41573363 -0.23575599
  2.26506709  1.16103846  2.74945079 -1.0859803   2.18593713 -0.41199339
 -3.25091658  2.23625906  1.02908799  2.1115134  -1.17945264  1.38573159
 -1.98190747  0.17530514  0.25777596 -2.65748359 -0.91208338 -2.40677478
  0.04068697 -0.52356799]
Sat May 25 13:29:11 2024,63,0.3934858982163173,[-3.86432113e+00  2.42668684e+00 -2.01058632e+00 -1.83651347e-01
  2.89511906e-01 -2.85573413e+00  3.07230500e+00  2.23198165e+00
  1.32199199e+00 -9.28726963e-01  5.21184193e-01  1.15315902e+00
  1.20022542e+00 -1.68315605e+00  7.05065551e-01  2.70130088e+00
 -6.29827180e-01 -5.00171978e-01 -1.77184927e+00  6.39811530e-01
  1.67544126e+00  3.07773532e+00 -1.15940384e+00 -4.13751577e-01
 -2.39649584e+00 -2.42949843e+00  3.07696728e+00  2.57118111e+00
 -5.42138959e-01 -2.42849276e+00  1.51822938e+00 -8.87067673e-02
 -2.40403076e+00  2.15986049e+00  1.25456387e+00 -5.70972387e-01
  9.85329471e-01 -2.18151220e+00 -1.49828566e-01  2.18828407e+00
 -1.60324729e-01  5.27151218e-01  2.70440155e+00  9.63698095e-01
  2.48004499e+00  3.03688843e+00  2.74387451e+00 -2.91879941e+00
  2.15235908e-01 -8.57793970e-01  1.65399700e+00  2.77334656e+00
 -2.93873588e-01 -2.20843231e+00  2.61944866e+00 -3.27363515e+00
  8.04039605e-01 -7.84535582e-01 -1.70192532e+00  2.75610644e+00
 -1.78853279e+00 -1.49797478e+00 -2.32021611e+00  2.30700593e+00
 -2.40460848e+00  2.03668349e+00  2.05522481e+00  1.58446314e+00
  2.58656513e+00  2.85933718e+00  1.75589852e+00  1.23204996e+00
 -1.68239988e+00 -2.25083208e+00  1.24127090e+00  7.04187865e-01
  1.50067276e+00 -3.16512546e+00 -3.99605107e-01  2.41609577e+00
 -1.01630605e+00  1.31292322e+00  1.54548936e+00  4.55869444e-01
 -7.14750234e-01  1.02492717e+00  6.48733225e-01 -2.81773563e-01
  2.81088388e+00 -2.15768338e+00  1.60629401e+00 -6.28981091e-01
  1.07892097e+00 -2.89058720e+00 -2.54729798e+00  5.77213872e-01
 -1.19400704e+00 -4.63948855e-01  4.08931648e-01 -1.86562211e-01
 -1.58447432e+00 -1.40038774e-01 -7.69674241e-01  2.91726190e+00
 -1.19137158e+00 -1.43934037e+00 -1.21059074e+00  1.15032152e+00
  1.87043028e+00 -7.90308957e-01  2.03585745e+00 -2.15447471e+00
 -4.38369421e-01 -8.52862995e-01 -2.93147981e+00  3.18920611e+00
 -1.80310572e+00  3.08954522e+00 -1.23577296e+00 -2.66956481e+00
  3.08240852e+00 -1.21311715e+00 -9.37174025e-01 -2.86712811e+00
 -2.71138275e+00  2.61510981e+00 -2.15251358e+00 -2.01737867e+00
 -4.02494835e-01  3.08447582e+00  2.74877840e-01  3.16081314e-01
 -1.38882227e+00 -6.66387083e-01 -1.61406095e+00 -3.19590022e+00
  2.83448726e+00  1.11153497e+00 -5.48003264e-01 -2.29234621e+00
  9.92066729e-01 -1.13959646e+00 -4.09481451e-01 -2.49444431e+00
 -2.12754114e+00  1.75995937e+00 -8.66765403e-01  2.63872626e+00
 -4.80697104e-01 -2.96403451e+00 -2.90443679e+00  2.08194156e+00
 -3.18060451e+00 -3.80555038e-01 -1.03473446e+00 -1.66879879e-01
  2.39151317e+00  2.01588664e+00  4.72816612e-02 -2.49004340e+00
 -2.62477124e+00  2.13027731e-01 -7.34613955e-01  1.22793656e+00
 -2.52324153e+00  1.02076074e+00 -2.51071434e-01  3.38942990e-01
  1.95900743e+00  5.74423415e-01  5.93842713e-01 -1.26482005e+00
  1.71140031e+00  3.04221216e+00  1.00551923e+00  1.93359036e-01
 -1.12506514e+00  2.46191147e+00  8.23727267e-01 -1.91277708e+00
 -3.18314175e-03  1.82896523e+00  9.86030879e-01 -1.01933447e+00
 -2.48945073e+00  2.19845165e+00  1.94791874e+00  1.80335724e+00
  2.28876154e+00  1.84377011e+00 -1.73677643e+00 -3.02112875e+00
  4.22753275e-01  1.42787229e+00 -2.27876173e+00 -1.32497194e+00
  2.24411875e+00  1.34188078e+00 -4.35526566e-02 -1.90943878e+00
 -1.56951102e+00  2.16051327e+00  1.33768495e+00 -1.08190843e+00
 -2.12946683e-01 -5.88428188e-01 -2.33272831e-01  2.24869514e+00
 -6.25946401e-01 -8.98155301e-01  8.46525004e-01 -2.38684654e+00
  4.64534715e-01  2.74600676e+00 -3.94366319e-01  2.15122104e+00
 -1.76820295e+00 -1.24775560e+00 -2.60605624e+00 -2.40001411e+00
 -1.55994094e+00 -3.04422630e+00  1.91816571e+00  1.83900459e+00
  1.59219562e+00  1.17000051e+00  1.53559056e+00 -2.35314062e+00
 -2.49910265e+00  1.68017698e+00  9.33863358e-01 -3.26033493e-01
 -2.51973132e+00  1.53708874e+00 -1.07959862e+00 -2.87906922e+00
 -1.67386258e-01  1.98789806e+00 -2.68809841e+00 -2.32479004e+00
  1.79457734e+00  1.18659542e+00 -6.19281155e-01 -4.89316673e-01
 -8.28251518e-01  1.92795555e+00  5.42761828e-01 -3.34575015e-01
  5.11361227e-01 -2.16643144e+00  1.43865101e+00 -2.12838613e-01
  2.28798447e+00  1.13812108e+00  2.77236817e+00 -1.10889768e+00
  2.20885451e+00 -3.89076013e-01 -3.22799920e+00  2.25917644e+00
  1.00617061e+00  2.13443078e+00 -1.20237002e+00  1.36281421e+00
 -2.00482485e+00  1.52387756e-01  2.34858581e-01 -2.68040098e+00
 -9.35000760e-01 -2.42969216e+00  6.36043493e-02 -5.46485374e-01]
Sat May 25 13:29:46 2024,64,0.37954266003318116,[-3.88703499  2.44940069 -2.03330017 -0.16093749  0.26679805 -2.87844798
  3.09501885  2.2092678   1.34470585 -0.90601311  0.49847034  1.17587287
  1.22293927 -1.6604422   0.7277794   2.67858702 -0.65254103 -0.47745813
 -1.79456312  0.66252538  1.69815512  3.05502147 -1.18211769 -0.39103772
 -2.4192097  -2.45221229  3.09968114  2.59389496 -0.56485281 -2.45120661
  1.49551553 -0.11142062 -2.42674462  2.13714664  1.27727772 -0.59368624
  0.96261562 -2.15879835 -0.17254242  2.21099792 -0.13761088  0.50443737
  2.6816877   0.98641195  2.50275884  3.01417458  2.76658836 -2.94151326
  0.19252206 -0.88050782  1.63128315  2.79606042 -0.27115974 -2.23114617
  2.64216252 -3.296349    0.78132575 -0.76182173 -1.72463917  2.7788203
 -1.76581894 -1.52068863 -2.29750226  2.28429208 -2.38189463  2.01396963
  2.03251096  1.56174929  2.60927898  2.83662333  1.77861237  1.25476381
 -1.70511373 -2.22811823  1.26398475  0.68147401  1.47795891 -3.14241161
 -0.42231896  2.43880962 -1.0390199   1.29020937  1.5227755   0.43315559
 -0.73746409  1.00221332  0.67144708 -0.30448742  2.83359773 -2.13496953
  1.62900786 -0.60626724  1.10163482 -2.91330106 -2.57001183  0.59992772
 -1.17129319 -0.48666271  0.3862178  -0.20927606 -1.60718817 -0.11732492
 -0.74696039  2.89454805 -1.16865773 -1.41662651 -1.18787689  1.17303538
  1.84771643 -0.7675951   2.0131436  -2.13176086 -0.41565557 -0.87557685
 -2.90876596  3.21191996 -1.78039187  3.06683137 -1.2130591  -2.64685095
  3.10512237 -1.235831   -0.91446017 -2.84441426 -2.6886689   2.59239596
 -2.12979973 -1.99466482 -0.37978098  3.06176197  0.25216399  0.29336746
 -1.41153612 -0.68910094 -1.5913471  -3.21861407  2.85720111  1.13424883
 -0.52528941 -2.31506006  0.96935288 -1.1168826  -0.4321953  -2.47173046
 -2.10482729  1.78267322 -0.88947926  2.61601241 -0.50341096 -2.94132066
 -2.92715065  2.10465541 -3.15789066 -0.40326889 -1.01202061 -0.18959373
  2.36879931  2.03860049  0.06999551 -2.51275726 -2.64748509  0.19031388
 -0.75732781  1.25065041 -2.50052768  1.04347459 -0.27378529  0.31622914
  1.98172128  0.55170956  0.61655657 -1.2875339   1.73411416  3.0194983
  0.98280537  0.17064518 -1.14777899  2.48462532  0.80101341 -1.89006323
 -0.02589699  1.85167909  0.96331703 -1.04204832 -2.46673688  2.2211655
  1.92520489  1.82607109  2.26604768  1.86648396 -1.71406258 -2.9984149
  0.44546713  1.45058614 -2.30147558 -1.30225808  2.22140489  1.36459463
 -0.06626651 -1.93215264 -1.54679717  2.13779942  1.3149711  -1.05919458
 -0.19023283 -0.56571434 -0.25598668  2.27140899 -0.60323255 -0.92086915
  0.82381115 -2.4095604   0.48724857  2.7232929  -0.37165247  2.12850718
 -1.7909168  -1.22504175 -2.62877009 -2.37730026 -1.58265479 -3.06694015
  1.94087956  1.86171844  1.56948177  1.19271436  1.55830441 -2.37585448
 -2.5218165   1.70289083  0.95657721 -0.34874735 -2.49701747  1.55980259
 -1.10231247 -2.90178308 -0.19010011  2.01061191 -2.66538455 -2.3475039
  1.77186348  1.16388156 -0.5965673  -0.51203053 -0.80553767  1.9506694
  0.56547568 -0.31186116  0.48864737 -2.18914529  1.41593716 -0.19012476
  2.26527062  1.16083493  2.79508202 -1.08618383  2.18614066 -0.36636216
 -3.25071305  2.28189029  0.98345675  2.11171693 -1.17965617  1.38552806
 -2.0275387   0.1296739   0.25757243 -2.70311483 -0.91228691 -2.40697831
  0.0863182  -0.52377152]
Sat May 25 13:30:11 2024,65,0.3658494698248111,[-3.90951191e+00  2.42692377e+00 -2.01082325e+00 -1.83414415e-01
  2.44321133e-01 -2.85597106e+00  3.11749577e+00  2.18679088e+00
  1.36718277e+00 -8.83536190e-01  5.20947261e-01  1.15339595e+00
  1.24541619e+00 -1.63796528e+00  7.05302483e-01  2.70106394e+00
 -6.75017953e-01 -4.99935047e-01 -1.81704004e+00  6.40048462e-01
  1.72063204e+00  3.07749839e+00 -1.20459461e+00 -4.13514645e-01
 -2.39673278e+00 -2.42973537e+00  3.07720422e+00  2.61637188e+00
 -5.87329732e-01 -2.42872969e+00  1.51799245e+00 -8.89436990e-02
 -2.40426770e+00  2.11466972e+00  1.25480080e+00 -6.16163160e-01
  9.40138698e-01 -2.18127527e+00 -1.95019340e-01  2.18852100e+00
 -1.60087798e-01  4.81960445e-01  2.65921078e+00  9.63935026e-01
  2.52523576e+00  3.03665150e+00  2.74411144e+00 -2.91903634e+00
  2.14998976e-01 -8.58030901e-01  1.65376007e+00  2.81853734e+00
 -2.93636656e-01 -2.20866925e+00  2.61968559e+00 -3.27387208e+00
  8.03802673e-01 -7.84298651e-01 -1.70216225e+00  2.75634338e+00
 -1.78829586e+00 -1.54316555e+00 -2.31997918e+00  2.30676900e+00
 -2.40437155e+00  2.03644655e+00  2.01003404e+00  1.58422621e+00
  2.63175590e+00  2.85910025e+00  1.75613545e+00  1.27724073e+00
 -1.68263681e+00 -2.25059515e+00  1.24150783e+00  7.03950934e-01
  1.50043583e+00 -3.16488853e+00 -4.44795880e-01  2.46128654e+00
 -1.06149682e+00  1.26773245e+00  1.54525242e+00  4.55632513e-01
 -7.59941007e-01  1.02469024e+00  6.48970156e-01 -2.82010495e-01
  2.85607465e+00 -2.15744645e+00  1.60653094e+00 -6.28744159e-01
  1.07915790e+00 -2.93577798e+00 -2.54753491e+00  5.77450804e-01
 -1.14881627e+00 -5.09139628e-01  3.63740874e-01 -2.31752984e-01
 -1.62966509e+00 -1.39801842e-01 -7.69437309e-01  2.91702497e+00
 -1.19113465e+00 -1.39414959e+00 -1.21035381e+00  1.15055845e+00
  1.87019335e+00 -7.45118184e-01  2.03562052e+00 -2.15423778e+00
 -4.38132489e-01 -8.53099927e-01 -2.93124288e+00  3.18944304e+00
 -1.75791495e+00  3.08930829e+00 -1.19058218e+00 -2.62437403e+00
  3.08264545e+00 -1.25830792e+00 -8.91983252e-01 -2.86689118e+00
 -2.71114582e+00  2.61487288e+00 -2.15227665e+00 -1.97218790e+00
 -3.57304062e-01  3.08423889e+00  2.29687066e-01  3.15844383e-01
 -1.38905920e+00 -6.66624014e-01 -1.56887018e+00 -3.24109099e+00
  2.83472419e+00  1.15672575e+00 -5.02812491e-01 -2.29258314e+00
  9.46875956e-01 -1.13935953e+00 -4.54672224e-01 -2.49420738e+00
 -2.12730421e+00  1.80515015e+00 -9.11956176e-01  2.59353549e+00
 -5.25887877e-01 -2.91884374e+00 -2.94962757e+00  2.08217849e+00
 -3.18036758e+00 -4.25745811e-01 -9.89543690e-01 -1.67116810e-01
  2.34632239e+00  2.01612357e+00  4.75185928e-02 -2.49028034e+00
 -2.66996202e+00  1.67836958e-01 -7.34850887e-01  1.22817349e+00
 -2.47805076e+00  1.02099767e+00 -2.51308366e-01  3.38706059e-01
  2.00419820e+00  5.29232642e-01  5.94079644e-01 -1.31001082e+00
  1.75659108e+00  3.04197522e+00  9.60328454e-01  1.48168263e-01
 -1.17025591e+00  2.50710224e+00  8.23490336e-01 -1.86758631e+00
 -3.42007341e-03  1.82920217e+00  9.40840106e-01 -1.06452524e+00
 -2.44425996e+00  2.24364243e+00  1.94768181e+00  1.80359417e+00
  2.24357076e+00  1.84400704e+00 -1.69158566e+00 -3.02089182e+00
  4.22990207e-01  1.47306306e+00 -2.27899866e+00 -1.27978116e+00
  2.19892797e+00  1.34211771e+00 -4.37895883e-02 -1.95462956e+00
 -1.56927409e+00  2.16027634e+00  1.33744802e+00 -1.08167150e+00
 -1.67755910e-01 -5.43237414e-01 -2.33509762e-01  2.24893207e+00
 -6.25709469e-01 -9.43346074e-01  8.01334231e-01 -2.43203732e+00
  4.64771647e-01  2.74576983e+00 -3.94129387e-01  2.15098411e+00
 -1.76843988e+00 -1.24751867e+00 -2.60629317e+00 -2.39977718e+00
 -1.60513171e+00 -3.08941707e+00  1.96335648e+00  1.88419536e+00
  1.54700485e+00  1.17023744e+00  1.58078133e+00 -2.35337756e+00
 -2.49933958e+00  1.68041391e+00  9.34100290e-01 -3.71224266e-01
 -2.47454055e+00  1.53732567e+00 -1.07983555e+00 -2.92426000e+00
 -1.67623189e-01  2.03308883e+00 -2.68786147e+00 -2.32502697e+00
  1.79434040e+00  1.14140464e+00 -6.19044223e-01 -4.89553605e-01
 -8.28014586e-01  1.92819248e+00  5.87952601e-01 -3.34338083e-01
  4.66170454e-01 -2.16666837e+00  1.39346024e+00 -1.67647840e-01
  2.28774754e+00  1.18331185e+00  2.81755894e+00 -1.10866075e+00
  2.16366374e+00 -3.88839081e-01 -3.22823613e+00  2.25941337e+00
  1.00593367e+00  2.08924001e+00 -1.20213309e+00  1.40800498e+00
 -2.05001562e+00  1.07196983e-01  2.80049354e-01 -2.72559175e+00
 -9.34763828e-01 -2.42945523e+00  1.08795122e-01 -5.46248442e-01]
Sat May 25 13:30:33 2024,66,0.3524432676266894,[-3.93172017  2.40471551 -2.03303151 -0.16120615  0.22211287 -2.87817933
  3.09528751  2.16458261  1.38939103 -0.86132792  0.498739    1.17560421
  1.22320792 -1.66017354  0.72751075  2.72327221 -0.69722622 -0.52214331
 -1.83924831  0.66225673  1.69842377  3.05529012 -1.18238634 -0.39130638
 -2.41894104 -2.45194363  3.09941248  2.59416362 -0.56512147 -2.45093796
  1.54020072 -0.11115196 -2.38205943  2.09246145  1.27700906 -0.63837143
  0.91793043 -2.159067   -0.17281107  2.21072927 -0.18229606  0.45975218
  2.68141905  0.98614329  2.5030275   3.05885976  2.72190318 -2.94124461
  0.19279071 -0.83582264  1.67596834  2.79632907 -0.31584492 -2.23087751
  2.64189386 -3.25166381  0.78159441 -0.76209039 -1.72437051  2.73413511
 -1.81050412 -1.52095729 -2.34218745  2.32897727 -2.38216328  2.05865482
  2.03224231  1.60643447  2.60954764  2.88130851  1.77834371  1.299449
 -1.66042854 -2.27280342  1.2637161   0.7261592   1.5226441  -3.14268026
 -0.46700415  2.48349481 -1.08370509  1.24552418  1.52304416  0.43342425
 -0.78214927  1.04689851  0.67117842 -0.25980223  2.83386638 -2.13523818
  1.58432268 -0.60653589  1.10136616 -2.95798624 -2.52532665  0.59965907
 -1.17102453 -0.53134789  0.38594914 -0.20954472 -1.60745682 -0.11759358
 -0.74722904  2.8948167  -1.21334292 -1.41635786 -1.18814554  1.12835019
  1.89240161 -0.72290992  2.01341226 -2.13202951 -0.41592422 -0.83089166
 -2.90903462  3.16723478 -1.73570668  3.06710003 -1.16837392 -2.6465823
  3.06043718 -1.28051619 -0.91419152 -2.84468291 -2.68893755  2.59266461
 -2.17448491 -1.99439617 -0.3350958   3.06203062  0.2074788   0.29363612
 -1.36685094 -0.64441575 -1.59107844 -3.21888273  2.81251593  1.13451748
 -0.48060423 -2.27037487  0.96908422 -1.11715126 -0.47688049 -2.51641565
 -2.10509595  1.82735841 -0.88974791  2.61574375 -0.50367961 -2.89663547
 -2.97183583  2.10438675 -3.15815932 -0.44795408 -0.96733542 -0.14490854
  2.36853066  2.03833183  0.02531033 -2.5124886  -2.69217028  0.14562869
 -0.75705915  1.20596523 -2.45584249  1.04320593 -0.27351663  0.31649779
  2.02640646  0.50702438  0.61628791 -1.28780256  1.77879935  3.01976696
  0.98253672  0.12596    -1.19246417  2.52931051  0.8456986  -1.88979457
 -0.02562834  1.85141043  0.91863184 -1.08673351 -2.4220517   2.26585069
  1.92547354  1.7813859   2.26577903  1.82179878 -1.66937739 -2.99868355
  0.40078194  1.4508548  -2.2567904  -1.2575729   2.22113624  1.31990945
 -0.02158132 -1.97683782 -1.54706582  2.13806807  1.31523976 -1.10387976
 -0.18996418 -0.56544568 -0.25571803  2.27114034 -0.6035012  -0.92113781
  0.8235425  -2.45424558  0.48697991  2.72356156 -0.41633765  2.12877584
 -1.79064814 -1.26972693 -2.62850143 -2.37756892 -1.58292344 -3.11162534
  1.98556474  1.90640362  1.56921311  1.14802918  1.55857306 -2.37558582
 -2.52154784  1.70262217  0.95630856 -0.349016   -2.45233229  1.55953393
 -1.05762729 -2.90205173 -0.14541492  2.01088056 -2.71006974 -2.34723524
  1.81654867  1.16361291 -0.59683596 -0.51176187 -0.80580632  1.95040074
  0.56574434 -0.35654635  0.44396219 -2.18887663  1.41566851 -0.14543957
  2.26553927  1.16110359  2.83976721 -1.13086901  2.14145547 -0.41104735
 -3.2504444   2.2372051   1.02814194  2.11144827 -1.22434136  1.43021325
 -2.02780736  0.08498872  0.30225762 -2.74780001 -0.91255556 -2.4516635
  0.08658686 -0.56845671]
Sat May 25 13:31:00 2024,67,0.339357607075234,[-3.95362995e+00  2.42662529e+00 -2.05494129e+00 -1.39296370e-01
  2.00203088e-01 -2.90008910e+00  3.07337773e+00  2.14267283e+00
  1.41130081e+00 -8.83237704e-01  4.76829216e-01  1.15369443e+00
  1.24511770e+00 -1.68208332e+00  7.05600968e-01  2.70136243e+00
 -6.75316439e-01 -5.44053091e-01 -1.86115809e+00  6.40346948e-01
  1.67651399e+00  3.07719990e+00 -1.16047657e+00 -3.69396600e-01
 -2.44085082e+00 -2.47385341e+00  3.07750270e+00  2.61607340e+00
 -5.43211687e-01 -2.42902818e+00  1.51829094e+00 -1.33061744e-01
 -2.40396921e+00  2.11437123e+00  1.25509928e+00 -6.16461646e-01
  8.96020653e-01 -2.18097678e+00 -1.50901295e-01  2.18881949e+00
 -2.04205843e-01  4.81661959e-01  2.70332883e+00  1.00805307e+00
  2.52493727e+00  3.08076954e+00  2.69999340e+00 -2.96315439e+00
  1.70880931e-01 -8.13912856e-01  1.69787812e+00  2.81823885e+00
 -2.93935142e-01 -2.25278729e+00  2.66380364e+00 -3.22975403e+00
  8.03504187e-01 -7.40180606e-01 -1.74628029e+00  2.71222533e+00
 -1.78859434e+00 -1.54286707e+00 -2.36409723e+00  2.30706749e+00
 -2.40407306e+00  2.08056460e+00  2.01033253e+00  1.58452469e+00
  2.58763786e+00  2.85939874e+00  1.75643393e+00  1.27753922e+00
 -1.63851876e+00 -2.29471320e+00  1.28562588e+00  7.04249420e-01
  1.54455388e+00 -3.16459004e+00 -4.45094366e-01  2.50540458e+00
 -1.06179531e+00  1.22361440e+00  1.50113438e+00  4.55334027e-01
 -7.60239493e-01  1.06880829e+00  6.93088201e-01 -2.81712009e-01
  2.85577616e+00 -2.15714796e+00  1.56241290e+00 -5.84626114e-01
  1.12327594e+00 -2.97989602e+00 -2.50341687e+00  6.21568848e-01
 -1.14911475e+00 -5.53257673e-01  3.64039360e-01 -1.87634940e-01
 -1.62936660e+00 -9.56837974e-02 -7.69138823e-01  2.91672648e+00
 -1.19143314e+00 -1.43826764e+00 -1.21005532e+00  1.10644041e+00
  1.87049183e+00 -7.44819698e-01  1.99150248e+00 -2.15393929e+00
 -4.37834003e-01 -8.08981882e-01 -2.88712484e+00  3.14532500e+00
 -1.71379690e+00  3.08900981e+00 -1.14646414e+00 -2.66849208e+00
  3.08234696e+00 -1.25860641e+00 -8.92281738e-01 -2.86659269e+00
 -2.71084733e+00  2.57075483e+00 -2.15257513e+00 -2.01630595e+00
 -3.13186017e-01  3.08394040e+00  1.85569021e-01  2.71726338e-01
 -1.38876072e+00 -6.22505970e-01 -1.56916867e+00 -3.19697295e+00
  2.79060615e+00  1.15642726e+00 -5.02514005e-01 -2.24846509e+00
  9.90994000e-01 -1.13906104e+00 -4.98790269e-01 -2.53832543e+00
 -2.08318617e+00  1.84926819e+00 -8.67838131e-01  2.59383397e+00
 -4.81769832e-01 -2.87472569e+00 -2.94992605e+00  2.12629653e+00
 -3.18006910e+00 -4.69863856e-01 -9.89245204e-01 -1.66818324e-01
  2.39044044e+00  2.01642206e+00  3.40054795e-03 -2.53439838e+00
 -2.71408006e+00  1.67538472e-01 -7.78968932e-01  1.22787501e+00
 -2.47775227e+00  1.06511571e+00 -2.51606851e-01  3.38407573e-01
  2.04831624e+00  4.85114597e-01  6.38197689e-01 -1.26589278e+00
  1.80070913e+00  3.04167674e+00  1.00444650e+00  1.47869777e-01
 -1.21437395e+00  2.50740073e+00  8.67608381e-01 -1.91170435e+00
 -4.75381183e-02  1.87332021e+00  9.40541620e-01 -1.06482373e+00
 -2.40014192e+00  2.28776047e+00  1.90356376e+00  1.80329568e+00
  2.24386925e+00  1.84370856e+00 -1.64746761e+00 -3.02059333e+00
  3.78872162e-01  1.42894502e+00 -2.23488062e+00 -1.23566312e+00
  2.19922646e+00  1.29799967e+00 -4.34911024e-02 -1.95492804e+00
 -1.56897560e+00  2.11615829e+00  1.29332998e+00 -1.12578954e+00
 -2.11873955e-01 -5.87355459e-01 -2.77627807e-01  2.29305012e+00
 -6.25410983e-01 -9.43047588e-01  8.01632717e-01 -2.47615536e+00
  5.08889692e-01  2.74547134e+00 -4.38247432e-01  2.15068562e+00
 -1.76873836e+00 -1.24781715e+00 -2.60659165e+00 -2.39947870e+00
 -1.56101366e+00 -3.08971556e+00  2.00747452e+00  1.88449384e+00
  1.54730333e+00  1.16993896e+00  1.53666328e+00 -2.39749560e+00
 -2.49963806e+00  1.72453195e+00  9.78218335e-01 -3.70925781e-01
 -2.47424207e+00  1.58144371e+00 -1.03571751e+00 -2.92396151e+00
 -1.67324703e-01  1.98897079e+00 -2.73197952e+00 -2.32532546e+00
  1.83845845e+00  1.14170313e+00 -6.18745737e-01 -4.89852091e-01
 -8.27716100e-01  1.92849097e+00  5.87654115e-01 -3.78456128e-01
  4.65871968e-01 -2.16696685e+00  1.39375873e+00 -1.67349354e-01
  2.28744905e+00  1.13919381e+00  2.81785743e+00 -1.15277879e+00
  2.16336525e+00 -3.89137567e-01 -3.27235418e+00  2.21529532e+00
  1.00623216e+00  2.08953849e+00 -1.20243158e+00  1.45212302e+00
 -2.00589758e+00  6.30789378e-02  2.80347840e-01 -2.76970979e+00
 -8.90645784e-01 -2.47357328e+00  1.08496637e-01 -5.90366487e-01]
Sat May 25 13:31:36 2024,68,0.3266223780805397,[-3.97521349  2.40504175 -2.03335776 -0.11771283  0.17861955 -2.87850557
  3.05179419  2.1210893   1.43288435 -0.90482124  0.49841275  1.17527797
  1.26670124 -1.66049978  0.72718451  2.72294597 -0.69689998 -0.52246955
 -1.83957455  0.66193049  1.65493045  3.05561637 -1.1820601  -0.34781306
 -2.41926728 -2.45226987  3.09908624  2.63765693 -0.56479522 -2.45061171
  1.4967074  -0.11147821 -2.38238567  2.09278769  1.27668282 -0.63804518
  0.91760419 -2.20256032 -0.12931776  2.21040303 -0.22578938  0.5032455
  2.72491236  0.98646953  2.54652081  3.10235308  2.67840986 -2.94157085
  0.14929739 -0.79232932  1.67629458  2.83982239 -0.31551868 -2.23120375
  2.6422201  -3.2081705   0.82508772 -0.71859707 -1.72469676  2.73380887
 -1.81017788 -1.56445061 -2.38568077  2.28548395 -2.4256566   2.10214814
  2.03191606  1.60610823  2.60922139  2.88098227  1.7348504   1.25595568
 -1.6601023  -2.31629673  1.30720941  0.72583296  1.52297034 -3.18617358
 -0.42351083  2.48382105 -1.04021177  1.24519794  1.47955084  0.47691756
 -0.78182303  1.09039182  0.71467174 -0.26012847  2.8773597  -2.1787315
  1.58399643 -0.56304258  1.10169241 -3.00147956 -2.48183333  0.59998531
 -1.12753121 -0.53167414  0.3856229  -0.1660514  -1.65095014 -0.11726733
 -0.74755529  2.93831002 -1.21301667 -1.45985118 -1.18847178  1.12802395
  1.84890829 -0.72323616  1.96991894 -2.13235575 -0.41625047 -0.83056542
 -2.8655413   3.12374146 -1.69221337  3.11059334 -1.1248806  -2.69007562
  3.06076342 -1.28018994 -0.8706982  -2.88817623 -2.6892638   2.59233837
 -2.17415867 -1.99472241 -0.29160248  3.10552394  0.20715256  0.2501428
 -1.36717718 -0.60092243 -1.5907522  -3.21855649  2.76902261  1.1780108
 -0.52409754 -2.22688155  0.96941046 -1.16064458 -0.47720673 -2.55990896
 -2.1047697   1.87085173 -0.84625459  2.61541751 -0.50335337 -2.85314216
 -2.92834252  2.14788007 -3.15848556 -0.44828032 -0.96766167 -0.18840186
  2.41202398  2.03800559 -0.01818299 -2.55598192 -2.69249652  0.14595493
 -0.75738539  1.20629147 -2.49933581  1.08669925 -0.27319039  0.31682404
  2.02673271  0.46353106  0.65978123 -1.24430924  1.82229267  3.0200932
  1.02603004  0.12628624 -1.19279042  2.48581719  0.84602484 -1.89012081
 -0.06912166  1.85173667  0.96212516 -1.08640726 -2.37855838  2.26617693
  1.88198023  1.82487922  2.26545279  1.82212502 -1.62588408 -3.04217687
  0.4004557   1.40736148 -2.25646416 -1.21407958  2.22081     1.31958321
 -0.06507464 -1.93334451 -1.59055914  2.09457476  1.31491351 -1.14737308
 -0.23345749 -0.608939   -0.25604427  2.27146658 -0.60382745 -0.96463113
  0.82321625 -2.4977389   0.53047323  2.7238878  -0.45983097  2.17226916
 -1.7903219  -1.26940069 -2.58500812 -2.37789516 -1.5825972  -3.06813202
  2.02905806  1.86291031  1.5257198   1.14835542  1.55824682 -2.41907914
 -2.47805453  1.74611549  0.9566348  -0.34934224 -2.4958256   1.55986018
 -1.05730105 -2.90237797 -0.14574117  1.96738725 -2.71039598 -2.346909
  1.86004199  1.16328667 -0.5971622  -0.46826855 -0.80613256  1.90690743
  0.56607058 -0.40003967  0.48745551 -2.14538332  1.41534226 -0.18893289
  2.30903259  1.16077734  2.83944097 -1.17436233  2.14178172 -0.4107211
 -3.25077064  2.19371179  0.98464862  2.06795495 -1.18084804  1.43053949
 -1.98431404  0.08466248  0.30193138 -2.79129333 -0.86906225 -2.49515681
  0.13008017 -0.61195002]
Sat May 25 13:32:07 2024,69,0.3142636153327521,[-3.99644525  2.42627351 -2.012126   -0.13894459  0.15738779 -2.85727381
  3.07302595  2.14232105  1.45411611 -0.88358948  0.51964451  1.19650973
  1.24546948 -1.68173154  0.70595275  2.70171421 -0.67566822 -0.54370131
 -1.86080631  0.64069873  1.67616221  3.03438461 -1.20329186 -0.36904482
 -2.44049904 -2.47350163  3.07785448  2.61642517 -0.58602698 -2.42937995
  1.47547564 -0.13270997 -2.36115391  2.11401945  1.29791458 -0.61681342
  0.93883595 -2.22379208 -0.108086    2.18917127 -0.24702114  0.48201374
  2.7036806   1.00770129  2.56775257  3.08112132  2.69964162 -2.92033909
  0.17052915 -0.81356108  1.69752634  2.86105415 -0.33675044 -2.25243551
  2.66345186 -3.22940225  0.84631948 -0.73982883 -1.74592851  2.71257711
 -1.83140964 -1.54321885 -2.40691252  2.26425219 -2.44688836  2.08091638
  2.01068431  1.58487647  2.58798963  2.85975051  1.75608215  1.23472392
 -1.63887054 -2.33752849  1.28597765  0.7046012   1.50173858 -3.16494182
 -0.40227907  2.46258929 -1.06144353  1.22396618  1.5007826   0.45568581
 -0.80305479  1.11162358  0.7359035  -0.28136023  2.85612794 -2.19996326
  1.56276467 -0.58427434  1.08046065 -2.9802478  -2.46060157  0.62121707
 -1.14876297 -0.55290589  0.36439114 -0.18728316 -1.6721819  -0.09603558
 -0.76878704  2.95954178 -1.19178491 -1.48108293 -1.16724003  1.10679219
  1.87014005 -0.7020044   1.9911507  -2.15358751 -0.39501871 -0.80933366
 -2.88677306  3.1025097  -1.71344513  3.1318251  -1.14611236 -2.71130737
  3.03953167 -1.25895818 -0.84946644 -2.86694447 -2.71049555  2.57110661
 -2.15292691 -2.01595417 -0.27037072  3.08429218  0.1859208   0.22891104
 -1.34594542 -0.62215419 -1.61198396 -3.23978825  2.74779085  1.15677904
 -0.50286578 -2.2056498   0.99064222 -1.13941282 -0.45597497 -2.58114072
 -2.08353794  1.89208349 -0.86748635  2.63664927 -0.48212161 -2.87437392
 -2.90711076  2.16911183 -3.17971732 -0.42704856 -0.98889343 -0.20963362
  2.39079222  2.05923735 -0.03941475 -2.57721368 -2.71372828  0.16718669
 -0.77861715  1.18505971 -2.52056757  1.10793101 -0.29442215  0.29559228
  2.04796447  0.4422993   0.63854947 -1.265541    1.80106091  2.99886144
  1.0472618   0.147518   -1.21402217  2.46458543  0.8672566  -1.91135257
 -0.09035341  1.87296843  0.98335692 -1.10763902 -2.35732662  2.28740869
  1.90321199  1.80364746  2.24422103  1.84335678 -1.60465232 -3.02094511
  0.37922394  1.42859324 -2.2352324  -1.19284782  2.19957824  1.34081497
 -0.0863064  -1.91211275 -1.6117909   2.073343    1.29368175 -1.12614132
 -0.21222573 -0.58770724 -0.23481251  2.29269834 -0.6250592  -0.94339937
  0.8019845  -2.47650714  0.55170499  2.74511956 -0.43859921  2.1510374
 -1.76909014 -1.29063245 -2.56377636 -2.3566634  -1.60382896 -3.08936378
  2.0078263   1.84167855  1.50448804  1.12712366  1.57947858 -2.39784738
 -2.49928628  1.72488373  0.97786656 -0.32811048 -2.51705736  1.58109193
 -1.07853281 -2.92360973 -0.16697292  1.94615549 -2.73162774 -2.36814076
  1.83881023  1.18451842 -0.61839396 -0.44703679 -0.82736432  1.88567567
  0.54483882 -0.37880791  0.46622375 -2.16661508  1.39411051 -0.16770113
  2.28780083  1.1820091   2.86067272 -1.15313057  2.12054996 -0.43195286
 -3.22953888  2.21494354  1.00588038  2.08918671 -1.2020798   1.40930773
 -2.0055458   0.10589423  0.28069962 -2.77006157 -0.890294   -2.47392506
  0.15131193 -0.59071827]
Sat May 25 13:32:31 2024,70,0.302303391936903,[-4.01730202  2.44713028 -1.99126922 -0.11808782  0.17824456 -2.83641704
  3.09388272  2.16317783  1.43325934 -0.90444626  0.54050128  1.2173665
  1.26632625 -1.70258832  0.68509598  2.72257098 -0.69652499 -0.56455808
 -1.83994954  0.6615555   1.69701898  3.05524138 -1.18243509 -0.34818805
 -2.46135581 -2.45264486  3.05699771  2.63728195 -0.56517021 -2.40852318
  1.49633241 -0.11185319 -2.34029714  2.09316268  1.27705781 -0.6376702
  0.91797918 -2.24464885 -0.08722923  2.21002804 -0.26787791  0.50287051
  2.68282383  1.02855806  2.58860934  3.06026455  2.67878485 -2.89948232
  0.19138592 -0.79270431  1.67666957  2.84019737 -0.35760721 -2.27329228
  2.68430863 -3.25025903  0.86717626 -0.7606856  -1.76678529  2.69172034
 -1.85226641 -1.56407562 -2.38605575  2.24339542 -2.42603159  2.10177315
  2.03154108  1.5640197   2.60884641  2.88060729  1.73522538  1.25558069
 -1.61801377 -2.31667172  1.30683443  0.68374443  1.48088181 -3.18579859
 -0.3814223   2.44173252 -1.04058676  1.24482295  1.52163937  0.43482903
 -0.78219802  1.13248035  0.75676027 -0.302217    2.87698471 -2.17910649
  1.58362145 -0.60513111  1.05960387 -2.95939103 -2.48145834  0.6003603
 -1.16961974 -0.57376267  0.34353437 -0.16642639 -1.69303867 -0.11689235
 -0.78964382  2.938685   -1.17092814 -1.46022616 -1.1880968   1.08593542
  1.89099683 -0.68114763  1.97029393 -2.17444428 -0.41587548 -0.78847689
 -2.90762983  3.08165293 -1.7343019   3.11096833 -1.16696913 -2.73216415
  3.06038844 -1.27981496 -0.82860967 -2.88780124 -2.73135233  2.55024984
 -2.13207014 -2.03681094 -0.24951395  3.10514895  0.20677757  0.20805427
 -1.36680219 -0.60129742 -1.59112719 -3.21893147  2.72693408  1.13592227
 -0.52372256 -2.22650657  1.01149899 -1.16026959 -0.47683174 -2.6019975
 -2.06268117  1.91294026 -0.88834312  2.65750604 -0.46126484 -2.85351714
 -2.88625399  2.1899686  -3.15886054 -0.44790533 -0.96803665 -0.23049039
  2.41164899  2.03838058 -0.01855798 -2.55635691 -2.69287151  0.14632992
 -0.75776038  1.20591648 -2.54142434  1.12878778 -0.27356538  0.31644905
  2.02710769  0.46315607  0.6176927  -1.24468423  1.78020413  3.01971821
  1.02640502  0.16837477 -1.1931654   2.44372866  0.84639983 -1.8904958
 -0.11121019  1.85211166  0.96250014 -1.08678225 -2.37818339  2.26655192
  1.88235521  1.82450423  2.22336426  1.86421355 -1.62550909 -3.04180188
  0.40008071  1.44945001 -2.25608917 -1.17199105  2.22043501  1.31995819
 -0.10716317 -1.89125598 -1.63264767  2.05248623  1.31453853 -1.10528455
 -0.19136896 -0.60856401 -0.25566928  2.31355511 -0.64591598 -0.96425614
  0.78112772 -2.45565037  0.57256176  2.76597633 -0.41774244  2.17189417
 -1.78994691 -1.31148922 -2.54291959 -2.37752017 -1.58297219 -3.06850701
  1.98696953  1.82082178  1.48363127  1.14798043  1.55862181 -2.37699061
 -2.52014306  1.7457405   0.95700978 -0.30725371 -2.49620059  1.60194871
 -1.05767603 -2.94446651 -0.1878297   1.96701226 -2.71077097 -2.38899753
  1.859667    1.16366165 -0.59753719 -0.46789357 -0.80650755  1.8648189
  0.56569559 -0.39966468  0.44536697 -2.18747185  1.37325373 -0.1885579
  2.30865761  1.16115233  2.8815295  -1.1322738   2.09969319 -0.41109609
 -3.25039565  2.19408677  0.98502361  2.06832994 -1.22293657  1.4301645
 -2.02640257  0.12675101  0.30155639 -2.7492048  -0.91115078 -2.45306828
  0.13045516 -0.56986149]
Sat May 25 13:32:58 2024,71,0.29075979451625705,[-4.03776300e+00  2.42666930e+00 -1.97080825e+00 -9.76268409e-02
  1.98705542e-01 -2.81595606e+00  3.11434370e+00  2.14271685e+00
  1.45372031e+00 -8.83985277e-01  5.60962263e-01  1.19690552e+00
  1.24586528e+00 -1.68212734e+00  7.05556953e-01  2.74303196e+00
 -6.76064011e-01 -5.85019063e-01 -1.81948856e+00  6.41094520e-01
  1.67655801e+00  3.07570236e+00 -1.20289607e+00 -3.68649028e-01
 -2.44089484e+00 -2.47310584e+00  3.03653673e+00  2.65774292e+00
 -5.85631190e-01 -2.42898416e+00  1.47587144e+00 -9.13922147e-02
 -2.31983616e+00  2.11362366e+00  1.25659683e+00 -6.17209219e-01
  8.97518199e-01 -2.26510983e+00 -1.07690205e-01  2.18956706e+00
 -2.88338889e-01  4.82409531e-01  2.70328481e+00  1.00809709e+00
  2.56814836e+00  3.03980357e+00  2.65832387e+00 -2.87902134e+00
  1.70924946e-01 -8.13165284e-01  1.65620859e+00  2.81973640e+00
 -3.78068189e-01 -2.29375326e+00  2.66384765e+00 -3.22979805e+00
  8.46715277e-01 -7.40224621e-01 -1.78724626e+00  2.71218132e+00
 -1.87272739e+00 -1.54361464e+00 -2.36559477e+00  2.22293444e+00
 -2.44649257e+00  2.12223413e+00  2.05200206e+00  1.58448068e+00
  2.58838543e+00  2.86014631e+00  1.71476440e+00  1.23511972e+00
 -1.63847475e+00 -2.29621074e+00  1.28637345e+00  7.04205405e-01
  1.50134279e+00 -3.16533761e+00 -4.01883276e-01  2.46219350e+00
 -1.06104774e+00  1.26528393e+00  1.54210035e+00  4.14368055e-01
 -8.02658996e-01  1.11201938e+00  7.36299291e-01 -2.81756024e-01
  2.85652374e+00 -2.15864551e+00  1.56316047e+00 -5.84670129e-01
  1.08006485e+00 -2.97985201e+00 -2.46099736e+00  5.79899319e-01
 -1.19008072e+00 -5.53301688e-01  3.63995345e-01 -1.45965410e-01
 -1.71349965e+00 -1.37353327e-01 -7.69182838e-01  2.95914598e+00
 -1.19138912e+00 -1.48068714e+00 -1.16763582e+00  1.06547444e+00
  1.91145780e+00 -7.01608608e-01  1.99075490e+00 -2.15398331e+00
 -4.36336457e-01 -8.08937867e-01 -2.92809081e+00  3.10211391e+00
 -1.71384092e+00  3.13142931e+00 -1.14650815e+00 -2.71170317e+00
  3.08084942e+00 -1.30027594e+00 -8.49070648e-01 -2.90826222e+00
 -2.71089135e+00  2.57071082e+00 -2.11160916e+00 -2.01634996e+00
 -2.29052970e-01  3.12560993e+00  1.86316594e-01  1.87593291e-01
 -1.38726317e+00 -6.21758397e-01 -1.61158817e+00 -3.19847049e+00
  2.74739506e+00  1.15638325e+00 -5.44183534e-01 -2.24696755e+00
  1.03195997e+00 -1.18073057e+00 -4.56370766e-01 -2.62245847e+00
 -2.08314215e+00  1.93340124e+00 -8.67882146e-01  2.67796702e+00
 -4.81725817e-01 -2.83305617e+00 -2.86579301e+00  2.21042958e+00
 -3.17932152e+00 -4.27444353e-01 -9.88497632e-01 -2.50951371e-01
  2.39118801e+00  2.01791960e+00  1.90300223e-03 -2.57681788e+00
 -2.71333249e+00  1.66790900e-01 -7.37299402e-01  1.22637746e+00
 -2.52096336e+00  1.10832680e+00 -2.94026354e-01  3.36910027e-01
  2.04756867e+00  4.42695094e-01  6.38153674e-01 -1.26514520e+00
  1.80066511e+00  3.04017919e+00  1.04686600e+00  1.47913792e-01
 -1.17270442e+00  2.46418964e+00  8.25938851e-01 -1.87003482e+00
 -9.07492081e-02  1.83165068e+00  9.82961122e-01 -1.06632127e+00
 -2.35772241e+00  2.28701290e+00  1.90281619e+00  1.84496521e+00
  2.20290328e+00  1.88467453e+00 -1.60504811e+00 -3.06226286e+00
  3.79619734e-01  1.46991099e+00 -2.27655015e+00 -1.15153007e+00
  2.24089599e+00  1.34041917e+00 -1.27624149e-01 -1.91171695e+00
 -1.65310865e+00  2.03202525e+00  1.33499951e+00 -1.08482357e+00
 -2.11829940e-01 -5.88103031e-01 -2.76130261e-01  2.33401609e+00
 -6.25454998e-01 -9.43795160e-01  8.01588702e-01 -2.47611135e+00
  5.52100782e-01  2.74551535e+00 -4.38203417e-01  2.15143319e+00
 -1.76948594e+00 -1.33195020e+00 -2.52245861e+00 -2.35705919e+00
 -1.60343317e+00 -3.08896798e+00  2.00743051e+00  1.80036080e+00
  1.46317029e+00  1.16844141e+00  1.53816083e+00 -2.39745159e+00
 -2.54060403e+00  1.76620148e+00  9.77470762e-01 -2.86792734e-01
 -2.51666157e+00  1.62240969e+00 -1.07813701e+00 -2.92400553e+00
 -2.08290675e-01  1.94655128e+00 -2.69030999e+00 -2.40945851e+00
  1.83920602e+00  1.18412263e+00 -6.17998165e-01 -4.47432588e-01
 -7.86046571e-01  1.88527988e+00  5.45234613e-01 -4.20125657e-01
  4.65827953e-01 -2.20793283e+00  1.39371471e+00 -1.68096926e-01
  2.32911858e+00  1.14069135e+00  2.90199047e+00 -1.11181282e+00
  2.07923221e+00 -3.90635113e-01 -3.22993467e+00  2.21454775e+00
  1.00548459e+00  2.04786896e+00 -1.20247559e+00  1.45062548e+00
 -2.04686355e+00  1.06290028e-01  2.81095412e-01 -2.76966578e+00
 -9.31611755e-01 -2.43260730e+00  1.09994182e-01 -5.49400515e-01]
Sat May 25 13:33:21 2024,72,0.2796469736152549,[-4.05780982  2.44671612 -1.95076143 -0.11767366  0.17865873 -2.79590924
  3.13439052  2.12267003  1.47376713 -0.86393846  0.54091545  1.17685871
  1.22581846 -1.66208052  0.72560377  2.72298514 -0.65601719 -0.60506588
 -1.83953538  0.66114134  1.69660482  3.09574917 -1.22294288 -0.38869584
 -2.46094165 -2.45305902  3.05658355  2.67778974 -0.60567801 -2.44903098
  1.45582462 -0.11143903 -2.33988298  2.13367047  1.27664365 -0.63725604
  0.87747138 -2.28515665 -0.08764339  2.16952025 -0.30838571  0.46236271
  2.72333163  0.98805027  2.54810155  3.01975675  2.63827705 -2.89906816
  0.19097176 -0.79311847  1.6762554   2.83978321 -0.35802137 -2.31380008
  2.68389447 -3.20975123  0.82666846 -0.7201778  -1.80729308  2.73222813
 -1.85268057 -1.52356782 -2.34554796  2.24298126 -2.46653938  2.14228094
  2.07204887  1.56443386  2.56833861  2.84009949  1.69471759  1.25516653
 -1.65852156 -2.27616393  1.30642026  0.72425222  1.48129597 -3.1452908
 -0.38183646  2.48224031 -1.04100092  1.28533075  1.52205354  0.43441487
 -0.82270581  1.13206619  0.71625247 -0.30180284  2.87657055 -2.13859869
  1.58320728 -0.56462331  1.06001804 -2.95980519 -2.44095055  0.59994614
 -1.17003391 -0.53325487  0.38404216 -0.16601223 -1.69345283 -0.11730651
 -0.78922965  2.9791928  -1.1713423  -1.50073396 -1.147589    1.04542762
  1.89141099 -0.72165542  1.97070809 -2.17403012 -0.41628964 -0.78889105
 -2.94813763  3.12216073 -1.73388774  3.15147613 -1.16655497 -2.73174998
  3.10089623 -1.28022912 -0.82902383 -2.88821541 -2.73093816  2.550664
 -2.13165598 -2.03639678 -0.20900615  3.14565675  0.16626978  0.20764011
 -1.36721636 -0.64180521 -1.63163498 -3.21851731  2.76744187  1.17643006
 -0.52413672 -2.22692073  1.05200679 -1.20077738 -0.43632395 -2.60241166
 -2.10318897  1.95344805 -0.84783533  2.6579202  -0.461679   -2.81300935
 -2.88583982  2.19038276 -3.15927471 -0.44749117 -0.96845082 -0.27099819
  2.37114119  1.99787278  0.02194982 -2.5968647  -2.69328567  0.14674408
 -0.71725259  1.24642428 -2.54101018  1.12837362 -0.31407317  0.35695684
  2.06761549  0.42264828  0.61810686 -1.28519202  1.82071193  3.02013238
  1.06691282  0.16796061 -1.15265761  2.44414282  0.80589203 -1.89008164
 -0.07070239  1.81160387  1.00300794 -1.08636809 -2.37776923  2.30705971
  1.92286301  1.86501203  2.22295009  1.86462771 -1.62509493 -3.08230968
  0.35957292  1.44986417 -2.29659696 -1.13148326  2.26094281  1.32037236
 -0.14767097 -1.89167014 -1.63306183  2.05207206  1.31495269 -1.10487039
 -0.19178312 -0.60814985 -0.25608345  2.35406291 -0.64550181 -0.96384198
  0.78154189 -2.45606453  0.5721476   2.72546854 -0.45825023  2.13138638
 -1.74943912 -1.35199702 -2.54250542 -2.37710601 -1.58338635 -3.06892117
  1.98738369  1.82040761  1.4832171   1.1483946   1.55820765 -2.4174984
 -2.56065085  1.74615467  0.99751758 -0.30683955 -2.49661475  1.6424565
 -1.09818383 -2.94405234 -0.22833749  1.92650447 -2.71035681 -2.38941169
  1.85925284  1.16407581 -0.59795135 -0.4674794  -0.80609339  1.86523306
  0.5251878  -0.44017247  0.48587477 -2.22797964  1.37366789 -0.18814374
  2.3491654   1.16073817  2.88194366 -1.13185964  2.09927902 -0.3705883
 -3.24998149  2.23459457  0.98543777  2.02782215 -1.18242877  1.4706723
 -2.06691037  0.12633684  0.2610486  -2.74961896 -0.95165857 -2.45265412
  0.130041   -0.5293537 ]
Sat May 25 13:34:16 2024,73,0.2689752612599367,[-4.07742654  2.42709939 -1.9311447  -0.09805693  0.159042   -2.77629251
  3.11477379  2.1030533   1.49338386 -0.88355519  0.52129872  1.15724198
  1.24543519 -1.64246379  0.70598704  2.74260187 -0.67563392 -0.58544915
 -1.81991865  0.64152461  1.71622155  3.1153659  -1.20332615 -0.40831257
 -2.48055838 -2.43344229  3.07620028  2.65817301 -0.58606128 -2.46864771
  1.47544135 -0.13105576 -2.35949971  2.1532872   1.29626038 -0.65687276
  0.85785465 -2.30477337 -0.10726012  2.14990352 -0.32800243  0.44274599
  2.74294836  1.007667    2.52848482  3.03937348  2.61866032 -2.91868489
  0.17135503 -0.77350174  1.65663868  2.85939994 -0.3776381  -2.33341681
  2.7035112  -3.22936796  0.84628519 -0.70056108 -1.82690981  2.7126114
 -1.8722973  -1.5039511  -2.36516469  2.26259799 -2.44692265  2.16189767
  2.05243214  1.54481713  2.54872188  2.85971622  1.71433432  1.2355498
 -1.63890484 -2.29578066  1.32603699  0.74386895  1.46167924 -3.16490753
 -0.36221973  2.50185704 -1.02138419  1.30494748  1.50243681  0.4540316
 -0.80308908  1.11244946  0.69663575 -0.32141957  2.85695382 -2.11898196
  1.60282401 -0.54500658  1.07963477 -2.97942192 -2.46056728  0.58032941
 -1.15041718 -0.51363814  0.36442543 -0.18562896 -1.67383611 -0.09768978
 -0.80884638  2.95957607 -1.15172558 -1.48111723 -1.12797227  1.06504435
  1.87179426 -0.7020387   1.95109136 -2.19364685 -0.39667291 -0.76927432
 -2.96775435  3.14177745 -1.75350446  3.1318594  -1.1861717  -2.75136671
  3.12051296 -1.26061239 -0.8094071  -2.86859868 -2.75055489  2.57028073
 -2.11203925 -2.05601351 -0.22862288  3.12604002  0.18588651  0.18802338
 -1.34759963 -0.62218848 -1.61201826 -3.23813404  2.7870586   1.19604679
 -0.54375345 -2.207304    1.07162352 -1.18116066 -0.45594068 -2.62202839
 -2.1228057   1.93383132 -0.86745206  2.63830347 -0.48129573 -2.79339262
 -2.90545655  2.20999949 -3.17889144 -0.42787444 -0.94883409 -0.29061492
  2.35152447  1.97825606  0.04156655 -2.61648143 -2.7129024   0.12712735
 -0.69763586  1.26604101 -2.52139345  1.10875689 -0.3336899   0.37657357
  2.04799876  0.44226501  0.63772359 -1.30480875  1.84032866  3.00051565
  1.08652955  0.18757734 -1.17227434  2.42452609  0.82550876 -1.87046491
 -0.05108566  1.83122059  0.98339121 -1.06675136 -2.3581525   2.32667644
  1.90324628  1.8453953   2.24256682  1.84501098 -1.6054782  -3.06269295
  0.37918965  1.43024744 -2.31621369 -1.15109999  2.28055953  1.33998908
 -0.12805424 -1.87205341 -1.6134451   2.03245534  1.29533596 -1.08525366
 -0.17216639 -0.58853312 -0.27570017  2.33444618 -0.62588509 -0.94422525
  0.80115861 -2.47568126  0.55253087  2.70585181 -0.47786696  2.11176965
 -1.72982239 -1.33238029 -2.52288869 -2.39672274 -1.56376962 -3.04930444
  2.00700042  1.80079089  1.50283383  1.12877787  1.57782438 -2.39788167
 -2.54103412  1.72653794  0.97790085 -0.28722282 -2.51623148  1.62283977
 -1.0785671  -2.92443561 -0.20872076  1.90688774 -2.69074008 -2.40902842
  1.83963611  1.14445908 -0.61756808 -0.48709613 -0.82571012  1.88484979
  0.54480453 -0.4597892   0.5054915  -2.24759637  1.35405117 -0.20776047
  2.36878213  1.1803549   2.90156039 -1.15147636  2.11889575 -0.35097157
 -3.23036476  2.21497784  0.96582104  2.04743888 -1.16281205  1.49028902
 -2.04729364  0.10672012  0.24143187 -2.76923569 -0.9712753  -2.43303739
  0.14965773 -0.54897043]
Sat May 25 13:35:53 2024,74,0.2587513461394163,[-4.09659968  2.40792626 -1.95031783 -0.11723006  0.13986886 -2.79546565
  3.09560066  2.08388017  1.47421073 -0.86438206  0.54047185  1.13806884
  1.26460832 -1.62329066  0.68681391  2.761775   -0.69480706 -0.60462228
 -1.83909178  0.62235147  1.73539469  3.13453904 -1.22249929 -0.38913944
 -2.49973151 -2.45261543  3.05702714  2.67734614 -0.60523441 -2.44947457
  1.49461448 -0.11188263 -2.34032658  2.13411407  1.27708724 -0.63769963
  0.87702779 -2.32394651 -0.08808698  2.13073038 -0.3088293   0.46191912
  2.72377522  0.98849387  2.50931169  3.05854661  2.59948719 -2.89951175
  0.19052817 -0.79267487  1.67581181  2.87857307 -0.35846497 -2.35258994
  2.72268433 -3.24854109  0.82711206 -0.68138794 -1.84608294  2.69343827
 -1.89147044 -1.48477796 -2.34599155  2.24342485 -2.42774952  2.18107081
  2.03325901  1.525644    2.52954875  2.87888935  1.69516118  1.25472294
 -1.6197317  -2.27660752  1.34521013  0.76304208  1.44250611 -3.14573439
 -0.38139286  2.52103017 -1.04055733  1.32412061  1.48326367  0.47320473
 -0.78391595  1.1316226   0.71580888 -0.3405927   2.83778069 -2.1381551
  1.58365088 -0.56417972  1.06046163 -2.96024879 -2.47974041  0.56115627
 -1.13124404 -0.49446501  0.3452523  -0.20480209 -1.65466297 -0.11686291
 -0.78967325  2.9787492  -1.17089871 -1.4619441  -1.14714541  1.08421748
  1.85262113 -0.68286556  1.97026449 -2.17447372 -0.41584604 -0.78844745
 -2.94858122  3.16095059 -1.73433133  3.11268626 -1.20534483 -2.77053985
  3.13968609 -1.24143926 -0.79023397 -2.84942554 -2.76972803  2.5511076
 -2.13121238 -2.07518664 -0.20944975  3.10686689  0.20505964  0.20719651
 -1.32842649 -0.64136162 -1.59284512 -3.21896091  2.80623174  1.21521992
 -0.56292658 -2.18813087  1.09079665 -1.16198752 -0.47511381 -2.64120152
 -2.10363256  1.91465819 -0.84827893  2.61913034 -0.50046886 -2.81256575
 -2.88628342  2.19082636 -3.19806457 -0.44704757 -0.96800722 -0.27144178
  2.3706976   1.95908292  0.02239341 -2.63565456 -2.73207553  0.14630049
 -0.71680899  1.24686787 -2.54056658  1.08958376 -0.31451677  0.35740044
  2.06717189  0.42309187  0.65689672 -1.28563562  1.82115553  3.01968878
  1.10570268  0.1684042  -1.1531012   2.40535296  0.80633563 -1.88963804
 -0.03191253  1.81204746  0.96421808 -1.04757823 -2.33897937  2.30750331
  1.88407315  1.86456843  2.22339369  1.82583785 -1.62465133 -3.04351981
  0.36001651  1.44942058 -2.29704056 -1.13192685  2.2613864   1.32081595
 -0.14722737 -1.85288028 -1.59427197  2.0132822   1.31450909 -1.06608052
 -0.19133953 -0.60770625 -0.25652704  2.31527304 -0.64505822 -0.96339838
  0.78198548 -2.49485439  0.571704    2.68667868 -0.45869383  2.13094278
 -1.74899552 -1.35155342 -2.50371556 -2.37754961 -1.54459649 -3.06847757
  2.02617355  1.78161775  1.4836607   1.147951    1.55865124 -2.41705481
 -2.52186099  1.74571107  0.99707398 -0.26804969 -2.49705835  1.60366664
 -1.05939397 -2.90526248 -0.18954763  1.92606087 -2.67156694 -2.38985529
  1.85880924  1.16363222 -0.63674121 -0.467923   -0.84488325  1.90402292
  0.56397766 -0.44061607  0.52466463 -2.2667695   1.3732243  -0.2269336
  2.38795526  1.16118176  2.92073352 -1.13230323  2.13806889 -0.3701447
 -3.21119163  2.19580471  0.94664791  2.06661201 -1.14363891  1.47111589
 -2.06646677  0.12589325  0.260605   -2.78840882 -0.95210217 -2.41386426
  0.13048459 -0.5297973 ]
Sat May 25 13:36:20 2024,75,0.24897849605594943,[-4.11531807  2.38920786 -1.93159944 -0.13594845  0.12115047 -2.77674725
  3.11431905  2.06516178  1.49292912 -0.84566367  0.52175346  1.15678724
  1.28332671 -1.60457227  0.66809552  2.78049339 -0.67608867 -0.62334067
 -1.82037339  0.60363308  1.71667629  3.15325743 -1.24121768 -0.37042105
 -2.48101312 -2.43389703  3.03830875  2.69606454 -0.58651602 -2.43075618
  1.51333287 -0.09316424 -2.35904497  2.11539568  1.25836885 -0.65641802
  0.89574618 -2.3426649  -0.06936859  2.11201199 -0.29011091  0.44320073
  2.74249361  1.00721226  2.4905933   3.03982822  2.61820558 -2.91823015
  0.20924656 -0.81139326  1.65709342  2.89729147 -0.37718336 -2.33387155
  2.70396594 -3.26725948  0.80839367 -0.70010633 -1.82736455  2.71215666
 -1.87275204 -1.50349635 -2.36470994  2.22470646 -2.40903113  2.16235242
  2.0519774   1.50692561  2.54826714  2.89760774  1.71387957  1.27344133
 -1.60101331 -2.25788913  1.32649174  0.78176047  1.42378772 -3.16445278
 -0.40011125  2.53974856 -1.05927572  1.30540222  1.50198206  0.49192312
 -0.76519756  1.15034099  0.69709049 -0.35931109  2.85649908 -2.11943671
  1.60236927 -0.54546133  1.07918002 -2.9415304  -2.46102202  0.54243788
 -1.14996244 -0.5131834   0.32653391 -0.22352048 -1.67338136 -0.1355813
 -0.77095486  2.96003081 -1.15218032 -1.4432257  -1.12842702  1.06549909
  1.83390273 -0.70158395  1.98898288 -2.15575533 -0.43456444 -0.80716584
 -2.92986283  3.17966898 -1.71561294  3.13140465 -1.22406322 -2.75182146
  3.1209677  -1.22272087 -0.80895236 -2.83070715 -2.75100964  2.56982599
 -2.14993077 -2.09390503 -0.22816814  3.12558528  0.18634125  0.18847812
 -1.34714488 -0.66008001 -1.61156351 -3.20024252  2.82495013  1.23393832
 -0.54420819 -2.20684926  1.07207826 -1.18070591 -0.45639542 -2.65991991
 -2.08491417  1.8959398  -0.86699732  2.60041195 -0.51918725 -2.79384736
 -2.90500181  2.20954475 -3.21678296 -0.42832918 -0.94928883 -0.29016017
  2.35197921  1.94036453  0.04111181 -2.61693617 -2.71335714  0.16501888
 -0.6980906   1.22814948 -2.52184819  1.10830215 -0.33323516  0.37611883
  2.0484535   0.44181026  0.67561511 -1.26691723  1.83987392  3.00097039
  1.08698429  0.14968581 -1.17181959  2.42407135  0.78761724 -1.90835643
 -0.05063092  1.83076585  0.98293647 -1.06629662 -2.35769776  2.28878492
  1.90279154  1.88328682  2.2046753   1.84455624 -1.64336972 -3.0622382
  0.3787349   1.46813897 -2.31575895 -1.11320846  2.28010479  1.30209756
 -0.16594576 -1.87159867 -1.61299036  2.03200059  1.33322748 -1.04736213
 -0.21005792 -0.62642464 -0.27524543  2.33399144 -0.62633983 -0.94467999
  0.76326709 -2.476136    0.59042239  2.66796028 -0.43997544  2.11222439
 -1.73027713 -1.33283503 -2.52243395 -2.35883122 -1.56331488 -3.04975918
  2.04489195  1.80033614  1.46494231  1.16666939  1.57736963 -2.39833642
 -2.5031426   1.76442946  1.01579237 -0.2493313  -2.47833996  1.58494825
 -1.07811236 -2.92398087 -0.17082924  1.94477926 -2.69028534 -2.40857368
  1.84009085  1.14491383 -0.6554596  -0.44920461 -0.82616486  1.88530453
  0.54525927 -0.45933446  0.54338302 -2.24805111  1.39194269 -0.20821521
  2.36923687  1.17990016  2.90201513 -1.15102162  2.15678728 -0.38886309
 -3.19247324  2.2145231   0.92792952  2.04789362 -1.1623573   1.4523975
 -2.04774838  0.14461164  0.24188661 -2.80712722 -0.93338378 -2.43258265
  0.1117662  -0.5110789 ]
Sat May 25 13:36:56 2024,76,0.2396568170154311,[-4.13357286  2.40746265 -1.91334465 -0.11769366  0.10289568 -2.79500204
  3.13257383  2.04690699  1.47467433 -0.82740888  0.54000825  1.17504202
  1.26507192 -1.58631748  0.68635031  2.79874818 -0.69434345 -0.60508589
 -1.8021186   0.62188787  1.69842151  3.13500264 -1.22296289 -0.35216626
 -2.46275833 -2.45215182  3.02005396  2.71431932 -0.60477081 -2.44901097
  1.49507808 -0.11141902 -2.37729976  2.09714089  1.27662364 -0.67467281
  0.91400097 -2.32441011 -0.05111381  2.13026678 -0.27185612  0.42494594
  2.7607484   1.02546705  2.50884808  3.02157344  2.63646037 -2.93648493
  0.19099177 -0.82964805  1.63883863  2.91554625 -0.35892857 -2.35212634
  2.68571115 -3.2490047   0.82664845 -0.68185154 -1.84561934  2.73041145
 -1.85449726 -1.52175114 -2.38296473  2.24296125 -2.39077634  2.1806072
  2.07023219  1.5251804   2.53001235  2.87935296  1.69562479  1.25518654
 -1.6192681  -2.27614392  1.34474652  0.80001526  1.40553293 -3.18270757
 -0.38185647  2.52149378 -1.07753051  1.28714743  1.48372728  0.47366834
 -0.78345235  1.1320862   0.71534528 -0.34105631  2.83824429 -2.1376915
  1.62062406 -0.56371611  1.06092524 -2.95978518 -2.47927681  0.52418309
 -1.13170765 -0.49492861  0.30827912 -0.20526569 -1.69163615 -0.15383609
 -0.78920965  2.94177602 -1.17043511 -1.42497092 -1.11017223  1.0472443
  1.81564795 -0.71983874  1.97072809 -2.17401012 -0.45281922 -0.78891106
 -2.94811762  3.19792377 -1.73386773  3.11314987 -1.24231801 -2.73356667
  3.13922249 -1.20446608 -0.82720715 -2.84896194 -2.76926442  2.5515712
 -2.13167599 -2.07565024 -0.24642293  3.14384007  0.16808646  0.20673291
 -1.3288901  -0.6783348  -1.6298183  -3.18198773  2.80669534  1.21568353
 -0.5259534  -2.22510405  1.05382347 -1.16245113 -0.43814063 -2.64166512
 -2.06665938  1.87768501 -0.88525211  2.61866674 -0.50093247 -2.81210215
 -2.88674702  2.22779954 -3.19852817 -0.41007439 -0.93103404 -0.30841496
  2.33372442  1.92210974  0.02285702 -2.63519096 -2.69510235  0.18327367
 -0.67983581  1.24640427 -2.54010298  1.09004736 -0.35148995  0.35786404
  2.03019871  0.46006505  0.65736032 -1.24866244  1.82161913  2.9827156
  1.10523908  0.13143103 -1.19007438  2.40581656  0.76936245 -1.89010164
 -0.06888571  1.84902064  0.96468168 -1.08455141 -2.33944297  2.27053013
  1.92104633  1.86503203  2.18642051  1.86281103 -1.62511493 -3.08049299
  0.39698969  1.44988418 -2.29750416 -1.13146325  2.29835958  1.32035235
 -0.14769097 -1.88985345 -1.63124515  2.05025538  1.35148227 -1.02910734
 -0.19180313 -0.64467943 -0.29350022  2.31573665 -0.64459462 -0.96293478
  0.7450123  -2.45788121  0.5721676   2.68621507 -0.42172065  2.13047918
 -1.74853192 -1.31458024 -2.54068874 -2.34057643 -1.54506009 -3.06801397
  2.06314673  1.81859093  1.4831971   1.1484146   1.59562442 -2.38008163
 -2.52139739  1.78268425  0.99753758 -0.23107651 -2.49659475  1.60320304
 -1.05985757 -2.94223566 -0.15257445  1.92652447 -2.70854012 -2.42682847
  1.82183606  1.12665904 -0.63720481 -0.43094982 -0.80791007  1.90355932
  0.52700448 -0.44107967  0.52512823 -2.2663059   1.41019748 -0.18996043
  2.35098208  1.16164537  2.92026992 -1.13276683  2.13853249 -0.3706083
 -3.21072802  2.19626831  0.90967473  2.02963883 -1.14410251  1.43414271
 -2.06600317  0.16286643  0.2601414  -2.825382   -0.91512899 -2.41432786
  0.09351142 -0.52933369]
Sat May 25 13:37:33 2024,77,0.23078353852905914,[-4.15135737  2.42524717 -1.93112917 -0.13547818  0.1206802  -2.81278656
  3.11478932  2.0646915   1.45688982 -0.80962436  0.55779276  1.15725751
  1.24728741 -1.56853297  0.70413482  2.78096367 -0.67655894 -0.6228704
 -1.81990311  0.63967239  1.68063699  3.11721813 -1.20517838 -0.36995077
 -2.44497382 -2.43436731  3.00226945  2.69653481 -0.58698629 -2.43122646
  1.47729357 -0.09363451 -2.39508427  2.1149254   1.29440815 -0.69245732
  0.93178548 -2.3066256  -0.06889832  2.11248227 -0.25407161  0.44273045
  2.74296389  1.00768253  2.49106357  3.03935795  2.61867586 -2.91870042
  0.20877628 -0.81186354  1.65662314  2.89776174 -0.34114406 -2.36991085
  2.66792664 -3.23122018  0.80886394 -0.66406703 -1.86340385  2.71262694
 -1.83671274 -1.53953566 -2.40074925  2.22517674 -2.40856085  2.19839172
  2.05244768  1.54296491  2.51222784  2.86156844  1.67784027  1.27297105
 -1.60148359 -2.29392843  1.36253104  0.81779978  1.42331744 -3.16492306
 -0.36407195  2.50370926 -1.09531502  1.26936292  1.46594276  0.49145285
 -0.76566783  1.14987071  0.69756076 -0.35884082  2.85602881 -2.11990698
  1.60283955 -0.5459316   1.07870975 -2.94200067 -2.49706132  0.54196761
 -1.11392313 -0.51271313  0.32606363 -0.18748118 -1.67385164 -0.13605158
 -0.80699416  2.92399151 -1.15265059 -1.4071864  -1.09238771  1.06502882
  1.83343246 -0.70205423  1.95294358 -2.19179463 -0.43503471 -0.80669557
 -2.96590213  3.18013925 -1.71608322  3.13093438 -1.2245335  -2.71578215
  3.15700701 -1.18668156 -0.80942264 -2.86674645 -2.75147991  2.53378669
 -2.11389147 -2.09343476 -0.22863842  3.16162458  0.18587097  0.1889484
 -1.31110558 -0.69611931 -1.61203379 -3.16420321  2.78891083  1.23346804
 -0.54373791 -2.20731953  1.07160798 -1.18023564 -0.45592515 -2.62388061
 -2.0844439   1.8599005  -0.86746759  2.60088223 -0.48314795 -2.79431764
 -2.86896251  2.24558405 -3.18074366 -0.42785891 -0.91324953 -0.29063045
  2.35150893  1.93989426  0.0050725  -2.61740645 -2.67731784  0.16548915
 -0.6620513   1.22861976 -2.55788749  1.10783187 -0.33370543  0.34007953
  2.04798323  0.47784957  0.63957581 -1.26644695  1.83940364  2.96493109
  1.08745456  0.14921554 -1.17228987  2.42360107  0.78714697 -1.90788616
 -0.0511012   1.86680515  0.94689717 -1.06676689 -2.32165846  2.25274562
  1.93883084  1.84724752  2.168636    1.88059554 -1.60733042 -3.06270848
  0.37920518  1.43209966 -2.31528868 -1.11367874  2.31614409  1.33813686
 -0.16547549 -1.90763797 -1.61346064  2.06803989  1.33369776 -1.01132283
 -0.20958764 -0.62689492 -0.27571571  2.33352116 -0.6268101  -0.98071929
  0.76279682 -2.4400967   0.58995212  2.70399959 -0.40393614  2.11269466
 -1.73074741 -1.33236475 -2.55847325 -2.32279191 -1.5628446  -3.08579848
  2.04536222  1.83637544  1.50098161  1.13063009  1.61340894 -2.39786614
 -2.50361287  1.76489974  0.97975307 -0.213292   -2.47881023  1.62098755
 -1.07764208 -2.96002017 -0.13478994  1.94430899 -2.69075561 -2.40904395
  1.80405155  1.10887453 -0.6194203  -0.44873433 -0.82569458  1.88577481
  0.54478899 -0.42329516  0.50734372 -2.24852139  1.39241296 -0.17217591
  2.33319757  1.17942988  2.93805443 -1.11498232  2.156317   -0.38839282
 -3.22851254  2.17848379  0.92745924  2.01185432 -1.16188703  1.4163582
 -2.08378768  0.18065094  0.27792591 -2.84316652 -0.89734448 -2.39654335
  0.0757269  -0.51154918]
Sat May 25 13:37:57 2024,78,0.22235331528599742,[-4.16866701  2.40793753 -1.91381953 -0.15278782  0.10337056 -2.79547692
  3.09747968  2.08200114  1.47419946 -0.826934    0.5751024   1.13994787
  1.22997777 -1.55122333  0.72144446  2.76365403 -0.6592493  -0.64018004
 -1.83721275  0.62236275  1.69794663  3.09990849 -1.22248802 -0.38726041
 -2.42766418 -2.41705767  2.98495981  2.71384445 -0.60429593 -2.4485361
  1.49460321 -0.07632487 -2.41239391  2.09761576  1.27709851 -0.67514768
  0.94909512 -2.32393524 -0.05158868  2.12979191 -0.23676197  0.42542081
  2.72565425  1.02499217  2.47375393  3.05666759  2.60136622 -2.93601006
  0.22608592 -0.7945539   1.67393278  2.8804521  -0.3584537  -2.35260121
  2.68523628 -3.24852982  0.7915543  -0.68137667 -1.84609422  2.72993658
 -1.8194031  -1.55684529 -2.41805888  2.2078671  -2.39125122  2.18108208
  2.06975732  1.56027455  2.4949182   2.8442588   1.69514991  1.25566141
 -1.61879323 -2.27661879  1.37984068  0.80049014  1.4060078  -3.1822327
 -0.38138159  2.5210189  -1.11262466  1.25205328  1.4832524   0.47414321
 -0.7483582   1.16718035  0.7148704  -0.34153118  2.83871917 -2.10259734
  1.62014919 -0.56324124  1.06140011 -2.95931031 -2.51437096  0.55927725
 -1.09661349 -0.53002276  0.30875399 -0.20479082 -1.656542   -0.11874194
 -0.78968452  2.90668187 -1.16996023 -1.42449604 -1.07507807  1.04771918
  1.81612282 -0.71936387  1.97025322 -2.17448499 -0.41772507 -0.78938593
 -2.98321177  3.16282961 -1.73339286  3.11362474 -1.20722386 -2.69847251
  3.17431664 -1.2039912  -0.82673227 -2.84943682 -2.73417027  2.55109633
 -2.09658183 -2.11074439 -0.21132878  3.14431494  0.16856133  0.20625803
 -1.32841522 -0.71342895 -1.59472415 -3.14689358  2.77160119  1.25077768
 -0.56104755 -2.19000989  1.08891762 -1.162926   -0.43861551 -2.64119025
 -2.06713426  1.84259086 -0.85015795  2.61819187 -0.50045759 -2.81162728
 -2.85165287  2.22827441 -3.1980533  -0.41054927 -0.89593989 -0.30794009
  2.36881857  1.92258462  0.02238214 -2.63471609 -2.69462748  0.14817951
 -0.67936094  1.21131012 -2.54057785  1.09052223 -0.31639579  0.32276989
  2.03067359  0.46053993  0.65688545 -1.28375659  1.822094    2.94762145
  1.07014493  0.16652518 -1.15498023  2.40629144  0.76983733 -1.89057652
 -0.06841083  1.84949552  0.9642068  -1.04945725 -2.30434882  2.23543598
  1.95614048  1.86455716  2.15132636  1.89790518 -1.59002078 -3.04539884
  0.39651482  1.41479003 -2.33259831 -1.13098838  2.29883446  1.3554465
 -0.18278512 -1.92494761 -1.63077028  2.05073026  1.31638812 -1.02863247
 -0.22689728 -0.60958528 -0.29302535  2.3508308  -0.64411974 -0.99802893
  0.74548718 -2.45740634  0.57264248  2.72130923 -0.42124578  2.1300043
 -1.74805705 -1.31505512 -2.54116362 -2.30548228 -1.58015424 -3.06848884
  2.06267186  1.81906581  1.51829125  1.14793973  1.63071857 -2.41517578
 -2.48630323  1.7475901   0.99706271 -0.23060163 -2.46150059  1.63829719
 -1.06033244 -2.94271053 -0.1174803   1.92699935 -2.70806525 -2.42635359
  1.82136119  1.09156489 -0.63672994 -0.46604397 -0.84300422  1.90308444
  0.52747935 -0.4406048   0.52465336 -2.23121175  1.4097226  -0.18948555
  2.31588793  1.19673952  2.92074479 -1.13229196  2.17362664 -0.40570245
 -3.2112029   2.19579343  0.9101496   1.99454468 -1.14457739  1.43366784
 -2.06647804  0.19796058  0.26061627 -2.82585688 -0.88003484 -2.41385299
  0.09303654 -0.52885882]
Sat May 25 13:38:20 2024,79,0.2143585362430472,[-4.18549912  2.42476964 -1.93065164 -0.16961993  0.08653845 -2.7786448
  3.08064757  2.06516903  1.45736734 -0.84376612  0.59193451  1.15677998
  1.21314566 -1.56805544  0.73827657  2.78048614 -0.67608141 -0.65701215
 -1.82038064  0.63919486  1.68111452  3.08307637 -1.2056559  -0.40409253
 -2.44449629 -2.43388978  3.00179192  2.73067656 -0.62112805 -2.43170398
  1.51143532 -0.05949276 -2.42922602  2.11444788  1.2602664  -0.6919798
  0.93226301 -2.34076735 -0.06842079  2.11295979 -0.25359408  0.4085887
  2.74248636  1.00816006  2.45692182  3.0734997   2.5845341  -2.95284217
  0.24291803 -0.81138601  1.65710067  2.89728421 -0.37528581 -2.36943333
  2.70206839 -3.26536193  0.77472219 -0.69820878 -1.86292633  2.71310446
 -1.83623522 -1.57367741 -2.434891    2.19103499 -2.3744191   2.19791419
  2.08658943  1.57710666  2.51175031  2.86109092  1.71198202  1.2388293
 -1.60196111 -2.25978668  1.36300856  0.78365802  1.38917569 -3.16540059
 -0.36454948  2.53785101 -1.09579254  1.26888539  1.50008451  0.49097532
 -0.76519031  1.18401246  0.69803829 -0.32469907  2.85555128 -2.11942946
  1.6369813  -0.58007335  1.07823222 -2.9424782  -2.49753885  0.57610936
 -1.11344561 -0.54685488  0.29192188 -0.1879587  -1.63970989 -0.10190983
 -0.80651664  2.88984976 -1.15312812 -1.44132816 -1.05824596  1.06455129
  1.83295493 -0.70253176  1.98708533 -2.1913171  -0.40089296 -0.77255382
 -3.00004388  3.1459975  -1.75022497  3.09679263 -1.22405597 -2.71530463
  3.19114876 -1.22082332 -0.84356439 -2.8326047  -2.75100238  2.53426421
 -2.11341395 -2.12757651 -0.19449666  3.12748283  0.15172922  0.22309015
 -1.34524733 -0.73026106 -1.61155626 -3.13006146  2.7884333   1.26760979
 -0.57787967 -2.20684201  1.07208551 -1.17975811 -0.45544762 -2.65802236
 -2.08396637  1.85942297 -0.83332584  2.60135975 -0.48362548 -2.79479516
 -2.83482076  2.24510653 -3.21488541 -0.42738138 -0.87910778 -0.3247722
  2.35198646  1.93941673  0.00555003 -2.6515482  -2.67779537  0.1313474
 -0.66252882  1.22814223 -2.55740997  1.07369012 -0.29956368  0.339602
  2.0475057   0.47737204  0.64005334 -1.26692448  1.83892611  2.93078934
  1.08697704  0.18335729 -1.13814812  2.42312355  0.75300521 -1.90740863
 -0.05157872  1.86632763  0.94737469 -1.06628937 -2.32118093  2.25226809
  1.93930836  1.88138927  2.13449425  1.91473729 -1.60685289 -3.06223095
  0.41334693  1.39795791 -2.3157662  -1.11415626  2.31566657  1.33861439
 -0.19961724 -1.90811549 -1.61393816  2.06756237  1.33322023 -1.04546458
 -0.21006517 -0.62641739 -0.27619323  2.36766291 -0.62728763 -0.98119682
  0.76231929 -2.47423845  0.58947459  2.73814134 -0.40441366  2.11317219
 -1.76488916 -1.33188723 -2.55799573 -2.32231439 -1.59698636 -3.08532096
  2.07950397  1.80223369  1.53512336  1.16477184  1.61388646 -2.39834367
 -2.50313535  1.76442221  1.01389482 -0.24743375 -2.47833271  1.62146508
 -1.07716456 -2.92587842 -0.13431241  1.91016723 -2.72489736 -2.40952148
  1.8381933   1.108397   -0.61989783 -0.44921186 -0.85983634  1.91991656
  0.54431147 -0.45743691  0.54148547 -2.24804386  1.42655472 -0.17265344
  2.29905582  1.21357163  2.90391268 -1.11545985  2.15679453 -0.38887034
 -3.22803501  2.17896132  0.89331749  1.97771256 -1.1614095   1.45049995
 -2.08331015  0.21479269  0.27744838 -2.80902477 -0.86320272 -2.39702087
  0.10986865 -0.54569093]
Sat May 25 13:38:44 2024,80,0.20678963326685987,[-4.20185287  2.40841589 -1.9142979  -0.15326618  0.10289219 -2.76229106
  3.06429382  2.04881529  1.4410136  -0.86011986  0.60828826  1.14042624
  1.19679191 -1.55170169  0.72192283  2.7641324  -0.69243516 -0.64065841
 -1.8040269   0.62284111  1.69746826  3.06672263 -1.22200965 -0.42044627
 -2.46085004 -2.41753604  3.01814567  2.71432282 -0.6047743  -2.44805773
  1.49508158 -0.0758465  -2.41287228  2.09809413  1.27662015 -0.70833354
  0.91590926 -2.3244136  -0.05206705  2.09660605 -0.26994783  0.39223496
  2.75884011  0.99180631  2.47327556  3.08985345  2.60088785 -2.93648843
  0.25927178 -0.82773976  1.67345441  2.88093047 -0.39163955 -2.35307958
  2.71842214 -3.28171568  0.79107593 -0.71456253 -1.87928007  2.69675072
 -1.81988147 -1.59003115 -2.45124474  2.20738873 -2.39077285  2.21426794
  2.07023568  1.56075292  2.49539657  2.87744466  1.69562828  1.22247555
 -1.58560737 -2.27614043  1.37936231  0.80001177  1.37282195 -3.14904684
 -0.38090322  2.52149727 -1.0794388   1.28523913  1.51643826  0.50732907
 -0.78154405  1.16765872  0.68168454 -0.30834532  2.83919753 -2.10307571
  1.62062755 -0.56371961  1.06187848 -2.95883194 -2.51389259  0.55975561
 -1.09709186 -0.56320862  0.30827563 -0.17160496 -1.65606363 -0.08555608
 -0.82287038  2.9062035  -1.13677437 -1.42497441 -1.04189222  1.08090504
  1.84930868 -0.68617801  2.00343908 -2.17496336 -0.38453921 -0.78890756
 -2.98369014  3.16235125 -1.76657871  3.11314637 -1.24040972 -2.73165837
  3.2075025  -1.23717706 -0.82721064 -2.81625096 -2.73464864  2.51791047
 -2.0970602  -2.14393025 -0.17814292  3.11112908  0.16808297  0.23944389
 -1.32889359 -0.74661481 -1.62791001 -3.11370772  2.80478704  1.25125605
 -0.59423341 -2.19048826  1.05573177 -1.16340437 -0.43909387 -2.67437611
 -2.10032012  1.87577672 -0.84967959  2.6177135  -0.46727173 -2.81114891
 -2.81846701  2.26146027 -3.19853166 -0.44373513 -0.89546152 -0.30841846
  2.3683402   1.92306299  0.02190378 -2.66790194 -2.69414911  0.14770115
 -0.67888257  1.24449598 -2.57376371  1.09004387 -0.28320994  0.35595575
  2.03115195  0.49372579  0.62369959 -1.28327822  1.85527986  2.94714308
  1.10333078  0.16700355 -1.15450186  2.4067698   0.76935896 -1.92376238
 -0.06793247  1.84997388  0.96372844 -1.04993562 -2.33753468  2.23591435
  1.92295462  1.89774302  2.15084799  1.89838355 -1.62320664 -3.04587721
  0.42970068  1.38160417 -2.29941246 -1.13051001  2.29931282  1.35496813
 -0.21597098 -1.89176175 -1.59758442  2.08391611  1.31686649 -1.06181833
 -0.22641891 -0.61006365 -0.29254698  2.38401666 -0.61093388 -0.96484307
  0.77867303 -2.45788471  0.60582834  2.75449508 -0.38805992  2.09681844
 -1.7812429  -1.34824097 -2.54164198 -2.33866813 -1.6133401  -3.06896721
  2.06315023  1.81858744  1.51876962  1.18112559  1.63024021 -2.41469741
 -2.4867816   1.74806846  0.99754108 -0.26378749 -2.49468645  1.60511133
 -1.0935183  -2.94223217 -0.11795867  1.89381349 -2.74125111 -2.39316773
  1.85454705  1.12475074 -0.63625157 -0.46556561 -0.87619008  1.9362703
  0.52795772 -0.44108317  0.52513173 -2.23169012  1.41020097 -0.15629969
  2.28270207  1.19721789  2.92026642 -1.13181359  2.17314827 -0.40522409
 -3.21168127  2.16260758  0.87696375  1.96135882 -1.17776325  1.43414621
 -2.06695641  0.23114644  0.26109464 -2.82537851 -0.87955647 -2.41337462
  0.09351491 -0.56204468]
Sat May 25 13:39:07 2024,81,0.19963538266940645,[-4.21772907  2.39253969 -1.89842169 -0.13738998  0.1187684  -2.74641485
  3.08017003  2.06469149  1.4568898  -0.87599607  0.59241205  1.15630244
  1.18091571 -1.53582549  0.73779903  2.74825619 -0.70831137 -0.65653461
 -1.8199031   0.63871732  1.68159206  3.08259883 -1.20613344 -0.40457007
 -2.44497383 -2.43341224  3.03402187  2.69844661 -0.5888981  -2.43218152
  1.47920537 -0.0599703  -2.39699607  2.08221793  1.29249635 -0.69245734
  0.93178547 -2.3085374  -0.03619084  2.11248225 -0.28582403  0.37635875
  2.7429639   0.97593011  2.48915177  3.10572965  2.61676406 -2.95236463
  0.24339557 -0.81186355  1.65757821  2.89680667 -0.37576335 -2.36895579
  2.73429834 -3.29759189  0.77519973 -0.69868632 -1.86340387  2.71262692
 -1.83575768 -1.60590736 -2.46712095  2.19151253 -2.40664905  2.19839173
  2.05435948  1.54487671  2.47952036  2.86156846  1.71150448  1.20659935
 -1.60148357 -2.26026422  1.39523851  0.78413556  1.35694574 -3.16492305
 -0.36502702  2.50562106 -1.06356259  1.30111534  1.50056205  0.49145286
 -0.79742026  1.15178251  0.69756075 -0.32422153  2.85507374 -2.08719951
  1.60475135 -0.5478434   1.07775468 -2.94295574 -2.5297688   0.54387941
 -1.11296807 -0.54733242  0.29239942 -0.15572875 -1.67193984 -0.06967988
 -0.83874659  2.8903273  -1.15265058 -1.4090982  -1.02601601  1.09678124
  1.86518488 -0.70205422  2.01931528 -2.15908715 -0.36866301 -0.77303136
 -2.96781393  3.14647504 -1.75070251  3.12902258 -1.25628592 -2.74753458
  3.22337871 -1.22130086 -0.84308685 -2.83212716 -2.75052484  2.50203426
 -2.081184   -2.12805405 -0.19401912  3.12700529  0.18395917  0.22356769
 -1.34476979 -0.7307386  -1.64378621 -3.12958392  2.78891084  1.23537984
 -0.57835721 -2.20636447  1.07160797 -1.14752816 -0.45497008 -2.69025231
 -2.08444391  1.85990051 -0.86555579  2.60183729 -0.45139553 -2.7952727
 -2.80259081  2.24558407 -3.18265546 -0.45961133 -0.91133773 -0.32429466
  2.352464    1.90718678  0.03777998 -2.65202574 -2.71002532  0.16357735
 -0.66300636  1.26037218 -2.55788751  1.10592007 -0.29908614  0.34007954
  2.01527575  0.47784958  0.6395758  -1.26740202  1.83940365  2.93126688
  1.08745458  0.18287975 -1.13862566  2.3908936   0.78523516 -1.93963858
 -0.05205626  1.86585009  0.97960464 -1.03405942 -2.35341088  2.25179055
  1.90707841  1.91361922  2.13497179  1.91425976 -1.60733043 -3.06175341
  0.41382447  1.39748037 -2.28353625 -1.14638621  2.28343662  1.33909193
 -0.23184719 -1.87588554 -1.58170821  2.06803991  1.33274269 -1.07769453
 -0.21054271 -0.62593985 -0.30842318  2.39989286 -0.59505768 -0.94896687
  0.76279683 -2.4420085   0.58995213  2.73861888 -0.40393612  2.08094224
 -1.7653667  -1.33236477 -2.55751819 -2.35454434 -1.62921631 -3.05309101
  2.07902643  1.80271123  1.53464582  1.16524938  1.614364   -2.43057362
 -2.50265781  1.73219226  0.98166487 -0.24791129 -2.47881025  1.58923513
 -1.10939451 -2.95810837 -0.10208246  1.90968969 -2.7253749  -2.40904394
  1.87042325  1.10887454 -0.62037537 -0.4496894  -0.89206629  1.95214651
  0.51208152 -0.42520696  0.50925552 -2.21581391  1.39432477 -0.14042349
  2.29857828  1.21309409  2.90439022 -1.11593739  2.15727207 -0.42110029
 -3.22755747  2.14673137  0.86108754  1.97723502 -1.19363945  1.45002241
 -2.0510802   0.24702264  0.24521843 -2.84125472 -0.89543267 -2.39749841
  0.10939111 -0.54616847]
Sat May 25 13:39:32 2024,82,0.19288319422143815,[-4.23313009  2.37713867 -1.88302067 -0.152791    0.13416941 -2.76181587
  3.06476901  2.08009251  1.44148879 -0.86059505  0.60781307  1.17170346
  1.16551469 -1.55122651  0.72239801  2.76365721 -0.72371238 -0.64113359
 -1.80450208  0.6233163   1.66619104  3.09799985 -1.22153446 -0.38916905
 -2.42957282 -2.44881326  3.04942289  2.71384763 -0.57349708 -2.44758254
  1.46380435 -0.07537132 -2.38159505  2.06681691  1.27709533 -0.67705632
  0.94718648 -2.32393842 -0.05159186  2.09708124 -0.27042302  0.39175977
  2.75836492  0.99133113  2.47375075  3.12113067  2.63216507 -2.93696362
  0.25879659 -0.79646253  1.67297923  2.91220769 -0.36036233 -2.3843568
  2.71889733 -3.28219087  0.79060075 -0.68328531 -1.84800285  2.72802794
 -1.82035666 -1.59050634 -2.48252197  2.20691354 -2.39124804  2.18299071
  2.03895846  1.5294757   2.46411935  2.87696947  1.7269055   1.22200037
 -1.61688459 -2.27566524  1.3798375   0.76873455  1.37234676 -3.18032406
 -0.349626    2.52102208 -1.04816158  1.31651636  1.48516104  0.50685388
 -0.81282128  1.1363815   0.71296177 -0.33962254  2.83967272 -2.07179849
  1.58935033 -0.56324442  1.0931557  -2.95835675 -2.54516981  0.55928043
 -1.12836908 -0.56273343  0.30780044 -0.17112977 -1.65653882 -0.08508089
 -0.8541476   2.87492628 -1.13724956 -1.39369719 -1.04141703  1.11218226
  1.8805859  -0.71745523  2.0347163  -2.17448817 -0.38406403 -0.78843238
 -2.95241292  3.16187606 -1.73530149  3.11362156 -1.24088491 -2.73213356
  3.23877972 -1.23670187 -0.82768583 -2.81672615 -2.73512383  2.48663325
 -2.09658501 -2.11265303 -0.20942014  3.11160427  0.19936019  0.2389687
 -1.32936878 -0.71533758 -1.6283852  -3.11418291  2.80431186  1.25078086
 -0.56295619 -2.22176549  1.08700899 -1.13212714 -0.4703711  -2.70565333
 -2.09984493  1.84449949 -0.88095681  2.58643627 -0.43599451 -2.77987169
 -2.81799182  2.26098508 -3.19805648 -0.44421031 -0.89593671 -0.30889364
  2.36786502  1.89178576  0.02237896 -2.66742676 -2.72542633  0.14817633
 -0.67840738  1.2757732  -2.57328852  1.09051905 -0.31448716  0.35548056
  1.99987473  0.46244856  0.65497681 -1.28280303  1.82400264  2.94666789
  1.10285559  0.16747873 -1.12322464  2.37549258  0.76983415 -1.9550396
 -0.06745728  1.85044907  0.96420363 -1.04946043 -2.33800986  2.26719157
  1.8916774   1.8982182   2.1503728   1.92966077 -1.62273145 -3.0463524
  0.42922549  1.41288139 -2.26813523 -1.1309852   2.29883763  1.35449295
 -0.2472482  -1.86048453 -1.59710923  2.05263889  1.31734168 -1.09309555
 -0.19514169 -0.61053883 -0.29302217  2.38449185 -0.57965666 -0.93356585
  0.77819785 -2.42660748  0.60535315  2.7540199  -0.41933714  2.06554122
 -1.78076772 -1.31696375 -2.54211717 -2.33914332 -1.61381529 -3.03768999
  2.06362541  1.78731022  1.51924481  1.14984836  1.59896298 -2.44597463
 -2.48725679  1.74759328  0.99706589 -0.2633123  -2.49421126  1.57383411
 -1.09399349 -2.94270736 -0.08668144  1.89428868 -2.70997388 -2.39364292
  1.85502223  1.12427556 -0.63577638 -0.46509042 -0.9074673   1.93674549
  0.4966805  -0.40980594  0.52465654 -2.23121493  1.37892375 -0.15582451
  2.31397929  1.19769307  2.8889892  -1.1313384   2.14187105 -0.43650131
 -3.21215645  2.16213239  0.84568652  1.96183401 -1.20904047  1.46542343
 -2.06648122  0.23162163  0.22981742 -2.8258537  -0.88003166 -2.41289943
  0.12479213 -0.56156949]
Sat May 25 13:39:58 2024,83,0.18651938344800043,[-4.24805965  2.39206823 -1.86809111 -0.13786144  0.14909897 -2.77674543
  3.07969857  2.09502207  1.45641835 -0.87552461  0.59288351  1.18663302
  1.15058513 -1.53629695  0.73732757  2.77858677 -0.70878282 -0.65606315
 -1.78957252  0.63824586  1.6811206   3.11292941 -1.2066049  -0.40409861
 -2.44450238 -2.46374282  3.03449333  2.72877719 -0.58842664 -2.43265298
  1.47873391 -0.06044176 -2.36666549  2.08174647  1.26216577 -0.66212676
  0.93225692 -2.33886798 -0.06652142  2.1120108  -0.25549346  0.37683021
  2.77329448  1.00626069  2.45882119  3.10620111  2.61723551 -2.95189318
  0.24386703 -0.81139209  1.68790879  2.92713725 -0.37529189 -2.36942724
  2.73382689 -3.26726131  0.80553031 -0.66835575 -1.83307329  2.71309838
 -1.83528622 -1.57557678 -2.46759241  2.2218431  -2.4061776   2.16806115
  2.05388802  1.51454614  2.44918979  2.86203991  1.71197594  1.20707081
 -1.60195503 -2.26073568  1.36490794  0.75380499  1.3574172  -3.1653945
 -0.36455556  2.50609252 -1.03323202  1.33144592  1.47023148  0.52178344
 -0.79789172  1.15131106  0.72789133 -0.3545521   2.82474316 -2.08672805
  1.57442077 -0.57817398  1.07822614 -2.94342719 -2.53024025  0.54435087
 -1.14329864 -0.54780387  0.29287088 -0.18605933 -1.64160926 -0.07015133
 -0.86907716  2.85999672 -1.12232    -1.40862675 -1.02648747  1.0972527
  1.86565634 -0.70252567  2.01978674 -2.15955861 -0.36913447 -0.77350282
 -2.93748336  3.17680562 -1.72037193  3.12855112 -1.25581447 -2.717204
  3.22385016 -1.25163143 -0.84261539 -2.83165571 -2.72019427  2.50156281
 -2.08165545 -2.12758259 -0.19449058  3.12653383  0.18443063  0.22403914
 -1.34429834 -0.70040802 -1.64331476 -3.12911247  2.81924142  1.26571042
 -0.54802663 -2.23669505  1.10193855 -1.11719758 -0.48530066 -2.69072377
 -2.11477449  1.85942906 -0.86602725  2.60136583 -0.45092407 -2.76494213
 -2.80306226  2.27591464 -3.18312692 -0.45913987 -0.88100715 -0.3238232
  2.38279458  1.8768562   0.03730852 -2.6524972  -2.71049677  0.13324677
 -0.69333694  1.26084364 -2.58821808  1.07558949 -0.32941672  0.340551
  2.01480429  0.47737812  0.64004725 -1.26787347  1.80907308  2.93173833
  1.08792603  0.15254917 -1.10829508  2.36056302  0.78476371 -1.94011004
 -0.08238684  1.86537863  0.97913319 -1.06438999 -2.35293942  2.28212113
  1.90660696  1.91314776  2.16530236  1.94459033 -1.63766101 -3.06128196
  0.41429593  1.39795183 -2.28306479 -1.14591476  2.31376719  1.36942251
 -0.23231864 -1.87541409 -1.61203879  2.03770933  1.33227124 -1.07816599
 -0.18021213 -0.59560927 -0.30795173  2.36956229 -0.59458622 -0.94849541
  0.79312741 -2.44153704  0.62028271  2.76894946 -0.4342667   2.08047078
 -1.79569728 -1.30203419 -2.55704673 -2.32421376 -1.62874485 -3.02276043
  2.04869585  1.80223978  1.50431525  1.1349188   1.61389254 -2.46090419
 -2.47232723  1.73266372  0.98213633 -0.27824186 -2.50914082  1.55890455
 -1.07906393 -2.95763692 -0.101611    1.90921824 -2.69504432 -2.40857248
  1.84009267  1.109346   -0.62084682 -0.48001998 -0.92239686  1.95167505
  0.51161006 -0.39487638  0.5395861  -2.24614449  1.36399419 -0.17075407
  2.32890886  1.21262263  2.90391876 -1.11640884  2.12694149 -0.42157175
 -3.22708601  2.17706195  0.83075696  1.94690445 -1.22397003  1.45049387
 -2.08141078  0.21669207  0.21488786 -2.81092414 -0.89496122 -2.39796987
  0.13972169 -0.57649905]
Sat May 25 13:40:24 2024,84,0.18052942415611545,[-4.26252272  2.37760516 -1.85362804 -0.12339837  0.1346359  -2.76228236
  3.0652355   2.10948514  1.47088141 -0.88998768  0.60734658  1.20109609
  1.13612206 -1.55076002  0.75179064  2.7641237  -0.72324589 -0.67052622
 -1.77510945  0.65270893  1.66665753  3.09846634 -1.19214183 -0.41856168
 -2.43003931 -2.44927975  3.0489564   2.74324026 -0.60288971 -2.44711605
  1.49319698 -0.07490483 -2.38112856  2.09620954  1.27662884 -0.67658983
  0.94671999 -2.32440491 -0.05205835  2.12647387 -0.24103039  0.36236714
  2.78775755  0.99179762  2.44435812  3.09173804  2.63169858 -2.93743011
  0.2583301  -0.82585516  1.70237185  2.91267418 -0.38975496 -2.35496417
  2.74828995 -3.28172438  0.81999338 -0.65389268 -1.81861022  2.69863531
 -1.84974929 -1.59003985 -2.45312934  2.23630617 -2.42064066  2.15359808
  2.06835109  1.50008307  2.43472672  2.87650298  1.69751287  1.19260774
 -1.58749196 -2.24627261  1.37937101  0.73934192  1.34295413 -3.15093143
 -0.37901863  2.52055559 -1.01876895  1.34590899  1.45576841  0.53624651
 -0.78342865  1.16577413  0.7423544  -0.36901517  2.83920623 -2.10119112
  1.58888384 -0.59263705  1.09268921 -2.92896413 -2.51577718  0.5298878
 -1.12883558 -0.53334081  0.30733395 -0.17159626 -1.62714619 -0.05568827
 -0.88354023  2.84553365 -1.13678307 -1.39416368 -1.04095054  1.11171577
  1.88011941 -0.6880626   2.00532367 -2.17402168 -0.3546714  -0.75903975
 -2.92302029  3.16234255 -1.734835    3.14301419 -1.2413514  -2.73166707
  3.2093871  -1.2660945  -0.82815232 -2.81719264 -2.7057312   2.51602587
 -2.09611852 -2.14204566 -0.18002751  3.11207076  0.1988937   0.20957608
 -1.32983527 -0.71487109 -1.65777782 -3.1146494   2.80477835  1.28017349
 -0.53356356 -2.25115811  1.11640162 -1.10273452 -0.47083759 -2.70518684
 -2.12923756  1.84496599 -0.88049032  2.6158289  -0.436461   -2.77940519
 -2.7885992   2.29037771 -3.19758999 -0.47360294 -0.86654408 -0.30936014
  2.36833151  1.89131927  0.02284545 -2.66696026 -2.72495984  0.11878371
 -0.67887387  1.27530671 -2.60268115  1.06112642 -0.31495365  0.35501407
  2.02926736  0.49184119  0.62558418 -1.25341041  1.82353615  2.91727526
  1.1023891   0.1380861  -1.12275815  2.34609995  0.77030064 -1.92564697
 -0.06792377  1.8798417   0.99359625 -1.07885306 -2.33847636  2.26765806
  1.89214389  1.92761083  2.15083929  1.9590534  -1.65212408 -3.07574503
  0.39983286  1.38348876 -2.29752786 -1.13145169  2.32823026  1.38388557
 -0.21785558 -1.86095102 -1.62650186  2.02324626  1.31780817 -1.06370292
 -0.1946752  -0.61007234 -0.29348866  2.35509922 -0.58012315 -0.96295848
  0.77866434 -2.45600011  0.63474578  2.75448639 -0.44872977  2.06600771
 -1.81016035 -1.28757112 -2.54258366 -2.30975069 -1.61428178 -3.00829736
  2.03423279  1.78777671  1.51877831  1.14938187  1.59942948 -2.47536726
 -2.4867903   1.71820065  0.9965994  -0.2637788  -2.52360389  1.57336762
 -1.093527   -2.97209998 -0.11607407  1.92368131 -2.70950739 -2.39410941
  1.82562961  1.09488293 -0.60638375 -0.46555691 -0.93685993  1.93721198
  0.52607313 -0.38041331  0.52512303 -2.23168142  1.37845726 -0.156291
  2.31444579  1.19815957  2.88945569 -1.10194578  2.14140456 -0.43603482
 -3.24154908  2.16259888  0.81629389  1.96136752 -1.2384331   1.46495694
 -2.09587385  0.23115513  0.20042479 -2.79646107 -0.90942429 -2.41243294
  0.12525862 -0.59096212]
Sat May 25 13:40:47 2024,85,0.17489817918297415,[-4.27652536  2.36360252 -1.86763068 -0.10939573  0.14863854 -2.74827972
  3.07923814  2.0954825   1.45687878 -0.87598504  0.59334394  1.18709345
  1.1501247  -1.56476265  0.737788    2.77812634 -0.73724853 -0.68452886
 -1.78911209  0.66671157  1.68066017  3.11246898 -1.17813919 -0.43256432
 -2.44404195 -2.46328239  3.03495376  2.7572429  -0.58888707 -2.46111869
  1.47919434 -0.06090219 -2.36712592  2.11021218  1.2626262  -0.69059247
  0.93271735 -2.33840755 -0.06606099  2.11247123 -0.22702775  0.3483645
  2.77375491  0.97779498  2.43035548  3.10574068  2.61769594 -2.92342747
  0.27233274 -0.81185252  1.71637449  2.89867154 -0.4037576  -2.36896681
  2.76229259 -3.26772174  0.80599074 -0.63989004 -1.80460758  2.71263795
 -1.83574665 -1.60404249 -2.4391267   2.22230353 -2.4346433   2.16760072
  2.08235373  1.48608043  2.42072408  2.89050562  1.68351023  1.1786051
 -1.57348932 -2.23226997  1.36536837  0.72533928  1.35695677 -3.1369288
 -0.36501599  2.53455823 -1.03277159  1.33190635  1.44176577  0.55024915
 -0.76942601  1.17977676  0.72835176 -0.38301781  2.82520359 -2.08718848
  1.5748812  -0.60663969  1.07868657 -2.91496149 -2.52977982  0.51588516
 -1.14283822 -0.51933817  0.32133659 -0.15759362 -1.61314355 -0.04168563
 -0.86953759  2.83153101 -1.12278043 -1.38016104 -1.0269479   1.09771313
  1.86611677 -0.67405996  1.99132103 -2.16001904 -0.34066876 -0.74503711
 -2.93702293  3.17634519 -1.72083236  3.15701683 -1.25535404 -2.71766443
  3.22338974 -1.25209186 -0.84215496 -2.83119528 -2.69172856  2.53002851
 -2.11012116 -2.1560483  -0.19403015  3.09806812  0.18489106  0.22357872
 -1.31583263 -0.72887373 -1.64377518 -3.10064676  2.81878099  1.29417613
 -0.51956092 -2.23715547  1.13040426 -1.08873188 -0.48484023 -2.6911842
 -2.11523492  1.83096335 -0.89449296  2.62983154 -0.45046364 -2.79340783
 -2.77459656  2.27637507 -3.18358735 -0.48760558 -0.88054672 -0.32336278
  2.35432887  1.87731663  0.03684809 -2.6809629  -2.7109572   0.10478107
 -0.69287651  1.26130407 -2.61668379  1.04712378 -0.32895629  0.34101143
  2.04327     0.47783855  0.63958682 -1.23940777  1.83753879  2.9312779
  1.08838646  0.15208874 -1.10875551  2.36010259  0.78430328 -1.93964961
 -0.08192641  1.89384434  0.97959361 -1.06485042 -2.35247899  2.25365542
  1.87814125  1.91360819  2.16484193  1.97305604 -1.63812144 -3.08974766
  0.38583022  1.36948612 -2.28352522 -1.11744905  2.3422329   1.39788821
 -0.23185822 -1.84694838 -1.6405045   2.00924362  1.30380553 -1.04970028
 -0.18067256 -0.62407498 -0.3074913   2.34109658 -0.59412579 -0.94895584
  0.7646617  -2.44199747  0.62074314  2.74048375 -0.43472713  2.05200507
 -1.82416298 -1.30157376 -2.5565863  -2.32375333 -1.60027914 -3.0223
  2.04823543  1.77377407  1.53278095  1.16338451  1.58542684 -2.46136462
 -2.50079294  1.70419801  1.01060204 -0.27778144 -2.50960125  1.55936498
 -1.10752964 -2.98610262 -0.13007671  1.90967867 -2.69550475 -2.38010677
  1.83963224  1.08088029 -0.62038639 -0.47955955 -0.95086257  1.95121462
  0.51207049 -0.36641067  0.53912567 -2.24568406  1.36445462 -0.14228836
  2.32844843  1.21216221  2.90345833 -1.08794314  2.12740192 -0.42203218
 -3.25555172  2.14859624  0.83029653  1.94736488 -1.25243574  1.4509543
 -2.10987649  0.21715249  0.18642215 -2.78245843 -0.89542165 -2.3984303
  0.13926126 -0.60496476]
Sat May 25 13:41:10 2024,86,0.16961010826211215,[-4.29007459  2.37715176 -1.85408145 -0.12294496  0.13508931 -2.76182896
  3.06568891  2.08193326  1.47042801 -0.8624358   0.60689317  1.17354422
  1.13657547 -1.55121342  0.75133724  2.79167557 -0.75079776 -0.6980781
 -1.77556286  0.65316234  1.69420941  3.09891975 -1.19168843 -0.41901508
 -2.43049271 -2.47683162  3.02140453  2.77079213 -0.6024363  -2.44756946
  1.46564511 -0.04735295 -2.35357669  2.09666295  1.24907697 -0.67704324
  0.91916812 -2.35195678 -0.05251176  2.09892199 -0.24057698  0.33481527
  2.76020568  0.99134421  2.44390472  3.09219145  2.60414671 -2.90987823
  0.25878351 -0.79830329  1.70282526  2.88512231 -0.41730683 -2.38251605
  2.74874336 -3.28127097  0.7924415  -0.65343927 -1.79105835  2.69908872
 -1.82219742 -1.61759172 -2.42557746  2.2087543  -2.42109407  2.18114996
  2.0688045   1.49962966  2.40717484  2.87695639  1.69705947  1.16505586
 -1.55994009 -2.21872074  1.3789176   0.73888851  1.370506   -3.15047803
 -0.37856522  2.521009   -1.01922235  1.31835711  1.455315    0.56379838
 -0.75587677  1.16622753  0.71480252 -0.36946858  2.83875283 -2.10073771
  1.56133197 -0.62018892  1.06513734 -2.92851072 -2.51623059  0.50233592
 -1.15638745 -0.5328874   0.30778735 -0.17114286 -1.62669278 -0.02813639
 -0.88308683  2.81798178 -1.1092312  -1.36661181 -1.01339866  1.08416389
  1.85256754 -0.6876092   2.00487026 -2.14646981 -0.35421799 -0.73148787
 -2.92347369  3.16279596 -1.70728313  3.17056606 -1.26890327 -2.7041152
  3.23693897 -1.2656411  -0.82860573 -2.84474451 -2.70527779  2.54357775
 -2.09657193 -2.16959753 -0.20757939  3.08451889  0.17134183  0.23712795
 -1.3022834  -0.74242297 -1.63022595 -3.08709752  2.83233022  1.30772536
 -0.50601169 -2.22360624  1.14395349 -1.10228111 -0.47129099 -2.70473343
 -2.10168568  1.81741411 -0.90804219  2.61628231 -0.43691441 -2.80695707
 -2.76104732  2.26282584 -3.17003811 -0.47405635 -0.89409595 -0.30981354
  2.34077963  1.8637674   0.05039733 -2.66741367 -2.69740797  0.09123183
 -0.70642574  1.24775483 -2.63023302  1.06067302 -0.34250552  0.35456066
  2.02972077  0.49138779  0.62603759 -1.252957    1.82398955  2.94482714
  1.07483723  0.16563798 -1.12230474  2.37365182  0.77075404 -1.92610038
 -0.06837718  1.90739357  0.96604438 -1.07839966 -2.33892976  2.24010619
  1.89169048  1.92715743  2.17839117  1.95950681 -1.65167067 -3.07619843
  0.37228099  1.35593689 -2.29707446 -1.10389981  2.35578214  1.41143745
 -0.21830898 -1.83339915 -1.62695527  2.02279286  1.31735476 -1.03615105
 -0.19422179 -0.63762422 -0.32104053  2.32754734 -0.58057656 -0.93540661
  0.75111246 -2.45554671  0.6071939   2.75403298 -0.44827636  2.03845584
 -1.81061375 -1.28802453 -2.57013553 -2.3102041  -1.58672991 -3.03584923
  2.03468619  1.7873233   1.51923172  1.14983528  1.59897607 -2.44781539
 -2.4872437   1.69064878  0.99705281 -0.29133067 -2.49605202  1.54581575
 -1.12107887 -2.97255339 -0.11652748  1.9232279  -2.70905399 -2.39365601
  1.85318148  1.06733105 -0.60683716 -0.49310878 -0.93731334  1.93766539
  0.52561972 -0.37995991  0.5526749  -2.23213483  1.35090539 -0.15583759
  2.34199766  1.22571144  2.8899091  -1.10149237  2.14095115 -0.43558141
 -3.26910096  2.13504701  0.8167473   1.93381564 -1.2388865   1.43740506
 -2.09632726  0.20360326  0.19997138 -2.79600766 -0.90897088 -2.38488107
  0.12571203 -0.61851399]
Sat May 25 13:42:31 2024,87,0.1646494526750757,[-4.30317827  2.36404807 -1.86718513 -0.13604864  0.12198563 -2.74872527
  3.07879259  2.09503695  1.45732433 -0.84933212  0.59378949  1.16044053
  1.14967915 -1.53810974  0.76444092  2.80477926 -0.76390145 -0.68497441
 -1.78866654  0.66626602  1.68110572  3.08581607 -1.20479211 -0.4059114
 -2.4435964  -2.46372794  3.00830085  2.75768845 -0.58933262 -2.46067314
  1.47874879 -0.06045664 -2.36668037  2.08355926  1.23597329 -0.66393955
  0.90606444 -2.3388531  -0.06561544  2.11202568 -0.2274733   0.32171158
  2.77330936  0.97824053  2.4570084   3.10529513  2.61725039 -2.92298192
  0.27188719 -0.78519961  1.68972158  2.89822599 -0.43041052 -2.39561973
  2.73563968 -3.26816729  0.77933782 -0.64033559 -1.77795467  2.7121924
 -1.8353011  -1.6306954  -2.43868115  2.19565062 -2.43419775  2.16804627
  2.05570081  1.51273334  2.39407116  2.86385271  1.71016315  1.17815955
 -1.54683641 -2.20561705  1.39202128  0.75199219  1.38360968 -3.16358171
 -0.39166891  2.53411268 -1.00611867  1.30525343  1.44221132  0.57690206
 -0.74277309  1.15312385  0.70169884 -0.38257226  2.82564914 -2.08763403
  1.57443565 -0.60708524  1.05203365 -2.9416144  -2.50312691  0.48923224
 -1.14328377 -0.51978372  0.29468367 -0.15803917 -1.63979647 -0.04124008
 -0.89619051  2.83108546 -1.09612751 -1.35350812 -1.02650235  1.07106021
  1.83946385 -0.70071288  1.99176658 -2.15957349 -0.34111431 -0.74459156
 -2.91037001  3.17589964 -1.69417944  3.15746238 -1.25579959 -2.69101151
  3.25004265 -1.27874478 -0.84170941 -2.83164083 -2.69217411  2.53047406
 -2.08346825 -2.15649385 -0.22068307  3.07141521  0.18444551  0.22402427
 -1.31538708 -0.75552665 -1.64332963 -3.07399384  2.8454339   1.29462168
 -0.492908   -2.21050256  1.15705717 -1.08917743 -0.45818731 -2.69162975
 -2.088582    1.80431043 -0.92114587  2.60317863 -0.42381073 -2.79385339
 -2.74794364  2.27592952 -3.1831418  -0.46095267 -0.90719963 -0.29670986
  2.35388332  1.87687108  0.03729364 -2.65430999 -2.71051165  0.10433552
 -0.69332206  1.26085852 -2.64333671  1.04756934 -0.3556092   0.34145698
  2.01661708  0.50449147  0.61293391 -1.23985332  1.81088587  2.95793082
  1.06173355  0.17874166 -1.10920106  2.38675551  0.78385773 -1.91299669
 -0.08148086  1.89428989  0.9529407  -1.06529597 -2.32582608  2.2270025
  1.90479416  1.94026111  2.19149485  1.94640313 -1.66477436 -3.08930211
  0.3591773   1.34283321 -2.31017814 -1.09079613  2.36888582  1.42454113
 -0.2052053  -1.84650283 -1.61385158  2.03589654  1.30425108 -1.04925473
 -0.20732548 -0.62452053 -0.33414421  2.34065103 -0.59368024 -0.94851029
  0.73800878 -2.44244302  0.59409022  2.76713666 -0.46138005  2.02535216
 -1.79751007 -1.27492085 -2.58323922 -2.32330778 -1.57362622 -3.04895291
  2.04778988  1.80042698  1.50612804  1.1367316   1.58587239 -2.43471171
 -2.50034739  1.70375246  1.01015649 -0.27822699 -2.5091557   1.53271206
 -1.10797519 -2.98565707 -0.12963116  1.93633158 -2.6959503  -2.40675969
  1.8400778   1.05422737 -0.61994084 -0.50621246 -0.92420966  1.92456171
  0.51251604 -0.39306359  0.53957122 -2.24523851  1.3378017  -0.14273391
  2.32889398  1.23881512  2.90301278 -1.08838869  2.12784747 -0.42247773
 -3.28220464  2.14815069  0.80364362  1.94691933 -1.22578282  1.45050875
 -2.08322357  0.21670694  0.1868677  -2.78290398 -0.8958672  -2.37177739
  0.11260835 -0.63161767]
Sat May 25 13:42:57 2024,88,0.1600003969859202,[-4.31584497  2.35138137 -1.87985183 -0.14871534  0.13465233 -2.73605857
  3.09145929  2.10770365  1.44465763 -0.83666542  0.60645619  1.17310723
  1.13701245 -1.52544304  0.77710762  2.79211256 -0.75123475 -0.67230771
 -1.80133324  0.65359932  1.66843902  3.09848277 -1.19212541 -0.4185781
 -2.4309297  -2.45106124  3.02096755  2.77035515 -0.57666592 -2.47333984
  1.49141549 -0.04778994 -2.37934707  2.09622596  1.24863999 -0.65127285
  0.89339774 -2.3515198  -0.07828214  2.09935898 -0.24014     0.33437828
  2.78597606  0.99090723  2.4443417   3.09262843  2.60458369 -2.93564862
  0.25922049 -0.77253291  1.70238828  2.88555929 -0.44307722 -2.40828643
  2.72297298 -3.28083399  0.76667112 -0.62766889 -1.79062137  2.7248591
 -1.8226344  -1.6180287  -2.42601445  2.18298392 -2.42153105  2.15537957
  2.06836751  1.50006664  2.40673786  2.85118601  1.69749645  1.16549285
 -1.53416971 -2.19295035  1.40468798  0.73932549  1.37094298 -3.15091501
 -0.37900221  2.52144598 -1.01878537  1.29258673  1.42954462  0.56423536
 -0.75543979  1.14045715  0.68903214 -0.36990556  2.81298244 -2.07496733
  1.58710235 -0.59441854  1.06470035 -2.9289477  -2.49046021  0.47656554
 -1.15595047 -0.53245042  0.30735037 -0.17070587 -1.62712977 -0.02857338
 -0.88352381  2.84375216 -1.10879421 -1.36617482 -1.03916905  1.08372691
  1.82679715 -0.68804618  2.00443328 -2.14690679 -0.35378101 -0.73192486
 -2.89770331  3.18856634 -1.70684614  3.17012908 -1.24313289 -2.67834481
  3.23737595 -1.29141148 -0.85437611 -2.84430753 -2.70484081  2.54314076
 -2.07080155 -2.16916055 -0.20801637  3.08408191  0.17177881  0.21135757
 -1.30272038 -0.74285995 -1.65599633 -3.08666054  2.8581006   1.30728838
 -0.5055747  -2.19783586  1.14439047 -1.07651073 -0.44552061 -2.67896305
 -2.1012487   1.81697713 -0.90847917  2.61584533 -0.43647743 -2.80652008
 -2.76061034  2.26326282 -3.1704751  -0.44828597 -0.91986633 -0.30937656
  2.36655002  1.86420438  0.04996034 -2.66697669 -2.72317835  0.09166882
 -0.70598876  1.24819182 -2.63067001  1.06023604 -0.3682759   0.35412368
  2.00395039  0.49182477  0.60026721 -1.22718662  1.79821917  2.94526412
  1.07440025  0.19140836 -1.12186776  2.37408881  0.77119103 -1.92566339
 -0.06881416  1.90695659  0.9656074  -1.07796267 -2.33849278  2.2396692
  1.91746086  1.95292781  2.20416155  1.93373643 -1.65210766 -3.10196881
  0.371844    1.33016651 -2.32284484 -1.10346283  2.38155252  1.41187443
 -0.217872   -1.85916953 -1.62651828  2.02322984  1.31691778 -1.06192143
 -0.21999218 -0.63718723 -0.34681091  2.32798433 -0.60634694 -0.93584359
  0.75067548 -2.42977632  0.58142352  2.77980336 -0.44871335  2.03801886
 -1.78484337 -1.26225415 -2.57057252 -2.33597448 -1.58629292 -3.06161961
  2.06045657  1.78776028  1.51879474  1.1240649   1.57320569 -2.42204501
 -2.51301409  1.69108576  0.99748979 -0.29089369 -2.496489    1.52004536
 -1.12064189 -2.97299037 -0.11696446  1.94899828 -2.6832836  -2.41942639
  1.8527445   1.06689407 -0.60727414 -0.49354576 -0.91154296  1.91189501
  0.49984934 -0.38039689  0.52690452 -2.23257181  1.3504684  -0.15540061
  2.34156068  1.22614842  2.91567948 -1.10105539  2.14051417 -0.40981103
 -3.29487134  2.13548399  0.79097692  1.95958603 -1.23844952  1.46317545
 -2.07055687  0.20404024  0.174201   -2.79557068 -0.9085339  -2.38444409
  0.09994165 -0.64428437]
Sat May 25 13:43:44 2024,89,0.15564720865150963,[-4.32808386  2.36362026 -1.89209072 -0.16095423  0.12241344 -2.72381969
  3.07922041  2.11994253  1.43241874 -0.82442654  0.61869507  1.16086835
  1.14925134 -1.53768192  0.7893465   2.77987367 -0.73899586 -0.66006883
 -1.78909436  0.64136044  1.65620014  3.08624388 -1.17988652 -0.40633922
 -2.44316858 -2.43882236  3.00872866  2.75811626 -0.5889048  -2.46110095
  1.50365438 -0.06002882 -2.36710819  2.10846485  1.26087887 -0.63903397
  0.90563662 -2.33928091 -0.09052102  2.08712009 -0.22790111  0.34661717
  2.79821494  0.97866834  2.43210282  3.10486731  2.61682258 -2.92340973
  0.24698161 -0.78477179  1.69014939  2.89779818 -0.4553161  -2.42052531
  2.73521186 -3.2685951   0.77891    -0.63990777 -1.77838248  2.71262022
 -1.83487328 -1.60578982 -2.41377556  2.17074503 -2.43376994  2.16761846
  2.05612863  1.51230553  2.41897674  2.83894712  1.68525757  1.17773173
 -1.54640859 -2.20518924  1.41692687  0.72708661  1.3587041  -3.13867613
 -0.39124109  2.5092071  -1.00654649  1.28034785  1.4417835   0.55199648
 -0.74320091  1.15269603  0.67679326 -0.38214445  2.82522133 -2.06272844
  1.59934123 -0.60665742  1.05246147 -2.91670882 -2.50269909  0.48880443
 -1.16818935 -0.52021153  0.29511149 -0.18294476 -1.63936865 -0.01633449
 -0.87128492  2.85599105 -1.1210331  -1.35393594 -1.02693016  1.07148803
  1.83903604 -0.6758073   2.01667217 -2.13466791 -0.34154212 -0.71968597
 -2.88546443  3.17632745 -1.69460726  3.1578902  -1.230894   -2.6905837
  3.24961484 -1.27917259 -0.86661499 -2.85654641 -2.69260193  2.55537965
 -2.08304043 -2.15692167 -0.19577748  3.09632079  0.18401769  0.19911868
 -1.29048149 -0.73062107 -1.66823522 -3.07442166  2.87033949  1.29504949
 -0.51781359 -2.18559697  1.13215159 -1.08874961 -0.4577595  -2.69120193
 -2.08900982  1.80473825 -0.89624029  2.60360644 -0.42423854 -2.81875897
 -2.77284922  2.27550171 -3.15823621 -0.46052485 -0.90762745 -0.29713768
  2.35431113  1.8519655   0.06219923 -2.6547378  -2.71093947  0.1039077
 -0.69374988  1.2604307  -2.64290889  1.07247492 -0.38051479  0.36636256
  1.9917115   0.50406365  0.58802832 -1.21494773  1.78598029  2.93302524
  1.06216136  0.17916948 -1.10962888  2.36184992  0.75895214 -1.91342451
 -0.05657528  1.91919547  0.97784628 -1.09020156 -2.35073166  2.25190809
  1.90522198  1.94068893  2.21640043  1.94597531 -1.63986877 -3.1142077
  0.38408289  1.34240539 -2.31060596 -1.11570172  2.36931363  1.39963555
 -0.23011088 -1.87140841 -1.6142794   2.03546872  1.30467889 -1.07416032
 -0.23223106 -0.64942612 -0.33457203  2.34022321 -0.59410806 -0.94808247
  0.7384366  -2.44201521  0.56918464  2.76756448 -0.46095223  2.02577997
 -1.79708225 -1.25001526 -2.5828114  -2.34821337 -1.57405404 -3.04938073
  2.07269546  1.7755214   1.53103362  1.11182601  1.58544457 -2.40980612
 -2.52525297  1.70332464  0.9852509  -0.2786548  -2.48425012  1.50780648
 -1.108403   -2.98522926 -0.12920335  1.9367594  -2.67104472 -2.40718751
  1.86498338  1.07913296 -0.61951303 -0.48130688 -0.92378184  1.89965612
  0.48761045 -0.36815801  0.51466564 -2.24481069  1.33822952 -0.14316172
  2.32932179  1.21390954  2.92791837 -1.0888165   2.12827529 -0.42204991
 -3.28263245  2.12324511  0.8032158   1.94734714 -1.25068841  1.45093656
 -2.08279576  0.21627913  0.16196211 -2.7833318  -0.92077278 -2.39668297
  0.08770276 -0.63204549]
Sat May 25 13:44:08 2024,90,0.15157435667267366,[-4.33990459  2.35179953 -1.88026999 -0.1491335   0.13423417 -2.71199896
  3.06739968  2.1081218   1.42059801 -0.83624727  0.6305158   1.17268908
  1.16107206 -1.54950265  0.80116723  2.7916944  -0.72717513 -0.6482481
 -1.80091509  0.65318116  1.64437941  3.07442315 -1.1680658  -0.39451849
 -2.45498931 -2.42700163  2.99690793  2.74629554 -0.57708407 -2.47292168
  1.51547511 -0.04820809 -2.37892892  2.09664412  1.2726996  -0.62721324
  0.89381589 -2.35110164 -0.10234175  2.09894082 -0.23972184  0.33479644
  2.78639421  0.99048907  2.42028209  3.09304658  2.6286433  -2.93523046
  0.23516088 -0.77295106  1.67832867  2.88597745 -0.44349537 -2.40870458
  2.72339113 -3.25677438  0.79073073 -0.62808704 -1.76656175  2.72444095
 -1.82305255 -1.59396909 -2.40195483  2.1589243  -2.42194921  2.15579773
  2.0443079   1.52412626  2.43079747  2.82712639  1.67343684  1.18955246
 -1.53458786 -2.21700997  1.40510614  0.71526588  1.34688337 -3.1268554
 -0.37942036  2.52102782 -1.01836722  1.26852712  1.42996277  0.54017575
 -0.75502164  1.1408753   0.68861398 -0.39396517  2.83704206 -2.05090772
  1.5875205  -0.59483669  1.04064074 -2.90488809 -2.49087836  0.50062515
 -1.15636862 -0.53203226  0.30693222 -0.17112403 -1.62754792 -0.00451376
 -0.8594642   2.84417032 -1.10921237 -1.34211521 -1.01510943  1.08330876
  1.85085677 -0.68762802  2.00485144 -2.14648863 -0.3297214  -0.7315067
 -2.89728516  3.16450673 -1.70642799  3.14606947 -1.21907327 -2.70240443
  3.26143556 -1.26735187 -0.85479427 -2.84472568 -2.6807812   2.56720038
 -2.09486116 -2.14510094 -0.18395676  3.10814152  0.19583842  0.18729795
 -1.27866077 -0.71880034 -1.65641449 -3.08624239  2.85851876  1.30687022
 -0.50599286 -2.17377625  1.14397232 -1.10057034 -0.44593877 -2.6793812
 -2.10083055  1.81655898 -0.90806102  2.61542717 -0.41241781 -2.80693824
 -2.78466995  2.26368098 -3.17005694 -0.44870412 -0.91944818 -0.28531695
  2.3424904   1.84014477  0.0503785  -2.64291708 -2.7227602   0.11572843
 -0.68192915  1.27225143 -2.65472962  1.06065419 -0.36869406  0.37818329
  2.00353223  0.51588438  0.5762076  -1.203127    1.79780102  2.94484596
  1.07398209  0.1909902  -1.12144961  2.35002919  0.77077287 -1.90160378
 -0.068396    1.9310162   0.98966701 -1.07838083 -2.36255239  2.26372882
  1.91704271  1.95250965  2.20457971  1.95779604 -1.6516895  -3.10238697
  0.39590362  1.33058466 -2.29878523 -1.12752244  2.35749291  1.38781482
 -0.21829015 -1.85958768 -1.60245867  2.02364799  1.31649962 -1.08598104
 -0.22041033 -0.66124685 -0.3227513   2.32840248 -0.60592879 -0.93626174
  0.72661587 -2.43019448  0.58100537  2.75574375 -0.4491315   2.01395925
 -1.80890298 -1.23819453 -2.59463213 -2.33639264 -1.56223331 -3.03756
  2.06087473  1.76370067  1.54285435  1.12364674  1.5972653  -2.42162685
 -2.51343224  1.71514537  0.97343018 -0.29047553 -2.47242939  1.51962721
 -1.09658228 -2.97340853 -0.11738262  1.94858013 -2.68286545 -2.41900823
  1.85316265  1.06731223 -0.63133376 -0.46948615 -0.91196111  1.91147685
  0.49943118 -0.35633728  0.50284491 -2.25663142  1.32640879 -0.13134099
  2.34114252  1.20208881  2.93973909 -1.07699577  2.14009602 -0.41022918
 -3.29445318  2.13506583  0.79139507  1.93552641 -1.26250913  1.43911583
 -2.09461649  0.22809986  0.17378284 -2.77151107 -0.90895205 -2.38486224
  0.09952349 -0.62022476]
Sat May 25 13:44:37 2024,91,0.14776661071352384,[-4.35131722  2.3403869  -1.89168262 -0.13772087  0.12282154 -2.70058633
  3.05598705  2.09670917  1.43201065 -0.8476599   0.61910317  1.16127645
  1.14965943 -1.56091528  0.7897546   2.80310703 -0.73858777 -0.63683547
 -1.78950246  0.64176853  1.63296678  3.06301052 -1.15665316 -0.38310586
 -2.44357668 -2.415589    3.00832056  2.7348829  -0.56567144 -2.46150905
  1.52688774 -0.03679546 -2.36751628  2.10805675  1.28411223 -0.61580061
  0.88240326 -2.36251427 -0.11375438  2.08752819 -0.25113447  0.34620907
  2.79780685  0.97907644  2.40886945  3.10445922  2.61723067 -2.92381783
  0.24657351 -0.78436369  1.6897413   2.87456482 -0.43208274 -2.39729195
  2.73480377 -3.24536174  0.7793181  -0.63949968 -1.77797439  2.71302831
 -1.83446518 -1.58255646 -2.3905422   2.17033694 -2.43336184  2.1443851
  2.03289527  1.53553889  2.41938484  2.81571376  1.68484947  1.20096509
 -1.52317523 -2.2284226   1.39369351  0.70385325  1.358296   -3.11544277
 -0.39083299  2.53244046 -1.00695459  1.27993975  1.44137541  0.52876312
 -0.743609    1.12946267  0.67720135 -0.38255254  2.82562942 -2.03949508
  1.57610787 -0.58342406  1.02922811 -2.91630072 -2.47946573  0.48921252
 -1.16778125 -0.52061963  0.31834485 -0.18253666 -1.61613529  0.00689887
 -0.84805156  2.83275769 -1.120625   -1.33070258 -1.0036968   1.09472139
  1.83944414 -0.69904066  2.01626407 -2.135076   -0.34113403 -0.74291933
 -2.90869779  3.15309409 -1.71784062  3.13465684 -1.23048591 -2.69099179
  3.2728482  -1.25593923 -0.84338163 -2.85613831 -2.66936857  2.55578775
 -2.10627379 -2.1336883  -0.17254412  3.09672889  0.20725105  0.19871058
 -1.26724813 -0.7073877  -1.66782712 -3.07482975  2.84710613  1.29545759
 -0.51740549 -2.16236361  1.15538495 -1.08915771 -0.4573514  -2.69079383
 -2.08941792  1.80514634 -0.89664839  2.6268398  -0.42383044 -2.79552561
 -2.79608258  2.25226834 -3.18146957 -0.46011675 -0.93086081 -0.29672958
  2.33107777  1.8515574   0.03896587 -2.63150444 -2.71134757  0.12714106
 -0.67051652  1.28366406 -2.66614225  1.07206682 -0.38010669  0.38959592
  1.9921196   0.50447175  0.56479496 -1.21453964  1.78638838  2.93343333
  1.06256946  0.17957757 -1.13286224  2.36144183  0.75936024 -1.91301641
 -0.05698337  1.94242883  1.00107964 -1.08979346 -2.37396502  2.27514145
  1.92845534  1.94109702  2.19316707  1.94638341 -1.64027687 -3.1137996
  0.40731625  1.34199729 -2.2873726  -1.13893508  2.34608027  1.37640219
 -0.22970279 -1.84817505 -1.6138713   2.01223536  1.30508699 -1.07456841
 -0.2089977  -0.67265948 -0.31133867  2.33981511 -0.59451615 -0.94767438
  0.7380285  -2.41878185  0.592418    2.74433112 -0.43771887  2.00254661
 -1.82031561 -1.24960716 -2.60604476 -2.34780527 -1.57364594 -3.02614737
  2.07228736  1.75228804  1.53144172  1.13505937  1.58585267 -2.41021422
 -2.52484487  1.726558    0.98484281 -0.2790629  -2.46101676  1.50821458
 -1.08516964 -2.98482116 -0.10596998  1.95999276 -2.67145282 -2.43042087
  1.86457528  1.0558996  -0.61992112 -0.45807352 -0.92337374  1.92288948
  0.48801855 -0.36774991  0.49143228 -2.26804405  1.31499616 -0.11992836
  2.35255515  1.19067618  2.95115173 -1.08840841  2.12868338 -0.39881655
 -3.28304055  2.14647847  0.80280771  1.92411378 -1.2510965   1.45052847
 -2.08320385  0.21668723  0.18519547 -2.76009844 -0.89753942 -2.39627487
  0.11093612 -0.63163739]
Sat May 25 13:47:06 2024,92,0.14420912228387434,[-4.36233212e+00  2.32937200e+00 -1.88066772e+00 -1.26705964e-01
  1.33836444e-01 -2.68957143e+00  3.04497215e+00  2.10772407e+00
  1.42099574e+00 -8.58674801e-01  6.08088269e-01  1.17229135e+00
  1.16067433e+00 -1.54990038e+00  8.00769501e-01  2.81412194e+00
 -7.27572864e-01 -6.47850371e-01 -1.77848755e+00  6.30753631e-01
  1.64398168e+00  3.05199562e+00 -1.16766807e+00 -3.72090956e-01
 -2.45459158e+00 -2.40457410e+00  2.99730566e+00  2.74589781e+00
 -5.54656540e-01 -2.47252395e+00  1.51587284e+00 -4.78103614e-02
 -2.37853119e+00  2.11907165e+00  1.27309733e+00 -6.26815511e-01
  8.93418162e-01 -2.37352918e+00 -1.02739481e-01  2.07651329e+00
 -2.40119572e-01  3.35194168e-01  2.80882175e+00  9.90091342e-01
  2.39785455e+00  3.09344431e+00  2.62824557e+00 -2.91280293e+00
  2.57588410e-01 -7.95378596e-01  1.70075620e+00  2.86354991e+00
 -4.21067838e-01 -2.38627705e+00  2.72378886e+00 -3.25637665e+00
  7.90333003e-01 -6.50514577e-01 -1.76695948e+00  2.70201341e+00
 -1.82345028e+00 -1.59357136e+00 -2.40155710e+00  2.15932203e+00
 -2.44437674e+00  2.15540000e+00  2.04391017e+00  1.54655379e+00
  2.43039974e+00  2.80469886e+00  1.67383457e+00  1.18995019e+00
 -1.51216033e+00 -2.21740770e+00  1.40470841e+00  6.92838348e-01
  1.36931091e+00 -3.10442787e+00 -3.79818091e-01  2.52142555e+00
 -9.95939683e-01  1.26892485e+00  1.43036050e+00  5.39778022e-01
 -7.54623906e-01  1.11844777e+00  6.66186451e-01 -3.71537641e-01
  2.81461452e+00 -2.02848018e+00  1.56509297e+00 -5.72409161e-01
  1.04024301e+00 -2.90528582e+00 -2.46845083e+00  5.00227425e-01
 -1.15676635e+00 -5.09604727e-01  3.29359750e-01 -1.71521758e-01
 -1.62715019e+00 -4.11603395e-03 -8.37036662e-01  2.82174278e+00
 -1.13163990e+00 -1.34171748e+00 -9.92681901e-01  1.08370649e+00
  1.85045904e+00 -6.88025754e-01  2.00524917e+00 -2.14609090e+00
 -3.30119125e-01 -7.53934234e-01 -2.89768289e+00  3.14207919e+00
 -1.70682572e+00  3.12364193e+00 -1.21947100e+00 -2.70200670e+00
  3.26183329e+00 -1.26695414e+00 -8.32366732e-01 -2.84512341e+00
 -2.68038347e+00  2.54477284e+00 -2.09525889e+00 -2.12267340e+00
 -1.61529222e-01  3.10774379e+00  2.18265954e-01  1.87695683e-01
 -1.25623323e+00 -7.18402607e-01 -1.67884202e+00 -3.06381485e+00
  2.83609122e+00  1.28444269e+00 -5.28420393e-01 -2.17337852e+00
  1.14437005e+00 -1.07814281e+00 -4.68366301e-01 -2.70180874e+00
 -2.10043282e+00  1.79413144e+00 -8.85633483e-01  2.63785471e+00
 -4.34845347e-01 -2.78451071e+00 -2.78506768e+00  2.24125344e+00
 -3.17045467e+00 -4.71131656e-01 -9.41875713e-01 -3.07744480e-01
  2.34209267e+00  1.84054250e+00  2.79509663e-02 -2.64251935e+00
 -2.72236247e+00  1.38155962e-01 -6.81531420e-01  1.27264916e+00
 -2.65512735e+00  1.08308172e+00 -3.69091789e-01  3.78581022e-01
  1.98110470e+00  4.93456847e-01  5.75809866e-01 -1.22555454e+00
  1.77537348e+00  2.92241843e+00  1.05155456e+00  1.68562671e-01
 -1.14387714e+00  2.35042692e+00  7.70375142e-01 -1.90200151e+00
 -6.79982746e-02  1.95344374e+00  9.90064741e-01 -1.10080836e+00
 -2.36295012e+00  2.28615635e+00  1.93947024e+00  1.95211192e+00
  2.18215217e+00  1.95739831e+00 -1.65129177e+00 -3.10278470e+00
  3.96301347e-01  1.33098239e+00 -2.29838750e+00 -1.14994998e+00
  2.35709518e+00  1.38741709e+00 -2.18687884e-01 -1.83716015e+00
 -1.60285640e+00  2.00122046e+00  1.31610189e+00 -1.08558331e+00
 -2.20012603e-01 -6.83674379e-01 -3.22353571e-01  2.32880021e+00
 -6.05531056e-01 -9.58689278e-01  7.49043403e-01 -2.42979675e+00
  6.03432901e-01  2.75534602e+00 -4.26703968e-01  2.01356152e+00
 -1.80930071e+00 -1.26062207e+00 -2.61705966e+00 -2.35882017e+00
 -1.56263104e+00 -3.03716227e+00  2.06127246e+00  1.74127314e+00
  1.52042682e+00  1.14607427e+00  1.57483777e+00 -2.39919932e+00
 -2.53585978e+00  1.73757290e+00  9.95857709e-01 -2.68047997e-01
 -2.47203166e+00  1.49719967e+00 -1.09618455e+00 -2.99583606e+00
 -9.49550829e-02  1.94897786e+00 -2.68246772e+00 -2.44143577e+00
  1.87559018e+00  1.06691450e+00 -6.08906222e-01 -4.69088423e-01
 -9.12358841e-01  1.93390438e+00  4.77003649e-01 -3.56735008e-01
  4.80417374e-01 -2.25702915e+00  1.30398126e+00 -1.30943265e-01
  2.36357005e+00  1.20169108e+00  2.94013682e+00 -1.09942331e+00
  2.13969829e+00 -4.09831455e-01 -3.27202565e+00  2.13546356e+00
  8.13822607e-01  1.91309888e+00 -1.26211140e+00  1.46154337e+00
 -2.07218895e+00  2.05672323e-01  1.74180573e-01 -2.77111334e+00
 -8.86524518e-01 -2.38525997e+00  1.21951025e-01 -6.20622490e-01]
Sat May 25 13:47:37 2024,93,0.14088748966827044,[-4.37295989  2.33999976 -1.87003995 -0.1160782   0.14446421 -2.67894366
  3.05559992  2.11835184  1.43162351 -0.84804703  0.61871604  1.16166358
  1.1713021  -1.56052815  0.79014173  2.80349417 -0.71694509 -0.6372226
 -1.78911532  0.6413814   1.65460945  3.04136785 -1.17829583 -0.36146319
 -2.44396381 -2.39394633  2.98667789  2.73527004 -0.54402877 -2.46189618
  1.50524507 -0.05843813 -2.36790342  2.12969942  1.2837251  -0.61618774
  0.90404593 -2.36290141 -0.09211171  2.08714106 -0.2294918   0.34582194
  2.79819398  1.00071911  2.40848232  3.10407208  2.63887334 -2.9234307
  0.26821618 -0.80600637  1.71138397  2.87417768 -0.41044007 -2.39690482
  2.73441663 -3.26700441  0.80096077 -0.63988681 -1.75633171  2.69138564
 -1.81282251 -1.58294359 -2.39092934  2.1699498  -2.45500451  2.14477223
  2.0332824   1.53592602  2.44102751  2.81532663  1.68446234  1.20057796
 -1.50153256 -2.22803547  1.39408064  0.68221058  1.35868314 -3.0938001
 -0.39044586  2.51079778 -0.98531191  1.25829708  1.44098827  0.55040579
 -0.76525168  1.12907554  0.65555868 -0.36090987  2.80398675 -2.01785241
  1.5544652  -0.56178139  1.05087078 -2.91591359 -2.4790786   0.51085519
 -1.16739412 -0.49897696  0.31873198 -0.16089399 -1.61652242 -0.0147438
 -0.82640889  2.81111502 -1.12101213 -1.35234525 -0.98205413  1.07307872
  1.86108681 -0.67739799  2.01587694 -2.15671867 -0.34074689 -0.764562
 -2.88705512  3.15270696 -1.69619795  3.1342697  -1.23009877 -2.69137893
  3.25120552 -1.27758191 -0.8429945  -2.83449564 -2.69101124  2.53414507
 -2.08463112 -2.13330117 -0.17215699  3.11837156  0.20763818  0.19832345
 -1.24560546 -0.72903038 -1.68946979 -3.07444262  2.84671899  1.27381492
 -0.51779262 -2.18400629  1.13374228 -1.06751504 -0.45773853 -2.69118097
 -2.08980505  1.80475921 -0.87500571  2.64848247 -0.44547312 -2.77388294
 -2.77443991  2.23062567 -3.1598269  -0.48175943 -0.95250348 -0.29711671
  2.33146491  1.85117027  0.0173232  -2.63189158 -2.7117347   0.14878373
 -0.69215919  1.26202139 -2.64449958  1.07245395 -0.37971956  0.38920879
  1.97047693  0.48282908  0.5651821  -1.21492677  1.78600125  2.91179066
  1.04092679  0.1579349  -1.13324937  2.33979916  0.78100291 -1.91262928
 -0.07862604  1.94281597  1.00069251 -1.09018059 -2.35232235  2.27552858
  1.92884247  1.96273969  2.19277994  1.94677054 -1.640664   -3.09215693
  0.38567358  1.32035462 -2.30901527 -1.13932221  2.34646741  1.37678932
 -0.22931565 -1.84778792 -1.61348417  1.99059269  1.30547412 -1.09621108
 -0.20938483 -0.67304661 -0.33298134  2.31817244 -0.59490329 -0.94806151
  0.75967117 -2.41916898  0.59280513  2.76597379 -0.4160762   2.00293375
 -1.81992848 -1.2499943  -2.60643189 -2.3481924  -1.57325881 -3.0265345
  2.05064469  1.75190091  1.53105459  1.15670204  1.58546553 -2.40982709
 -2.52523201  1.74820067  1.00648548 -0.27867577 -2.48265943  1.4865719
 -1.08555678 -2.98520829 -0.08432731  1.93835009 -2.69309549 -2.430808
  1.88621795  1.07754227 -0.61953399 -0.47971619 -0.92298661  1.94453215
  0.48763142 -0.36736278  0.46978961 -2.24640138  1.31460903 -0.1203155
  2.37419782  1.19106331  2.92950906 -1.08879554  2.15032605 -0.42045922
 -3.28265342  2.14609133  0.82445038  1.92372665 -1.27273917  1.47217114
 -2.08281672  0.19504455  0.1635528  -2.76048557 -0.89715229 -2.3746322
  0.11132326 -0.60999472]
Sat May 25 13:48:22 2024,94,0.13778780830959372,[-4.38321128  2.32974837 -1.85978856 -0.12632959  0.1547156  -2.66869227
  3.04534853  2.12860323  1.4418749  -0.85829842  0.62896743  1.15141219
  1.16105071 -1.55027676  0.77989034  2.79324278 -0.7066937  -0.64747399
 -1.79936671  0.63113001  1.64435806  3.05161924 -1.16804444 -0.3512118
 -2.43371242 -2.38369494  2.9764265   2.72501865 -0.55428016 -2.45164479
  1.49499368 -0.06868952 -2.35765203  2.11944803  1.27347371 -0.60593635
  0.91429732 -2.3731528  -0.08186032  2.09739245 -0.21924041  0.33557055
  2.78794259  0.99046772  2.41873371  3.11432347  2.64912473 -2.91317931
  0.27846757 -0.81625776  1.72163536  2.88442907 -0.42069146 -2.38665343
  2.74466802 -3.25675302  0.79070938 -0.62963542 -1.7665831   2.70163703
 -1.80257112 -1.5726922  -2.38067795  2.18020119 -2.4652559   2.13452084
  2.04353379  1.52567463  2.43077612  2.82557802  1.67421095  1.21082935
 -1.49128117 -2.21778408  1.40433203  0.69246197  1.34843175 -3.10405149
 -0.40069725  2.52104917 -0.9955633   1.26854847  1.45123966  0.56065718
 -0.77550307  1.13932693  0.64530729 -0.35065848  2.81423814 -2.00760102
  1.54421381 -0.55153     1.06112217 -2.92616498 -2.46882721  0.5006038
 -1.17764551 -0.48872557  0.32898337 -0.1506426  -1.60627103 -0.00449241
 -0.83666028  2.80086363 -1.13126352 -1.36259664 -0.97180274  1.08333011
  1.8713382  -0.6671466   2.02612833 -2.14646728 -0.3304955  -0.77481339
 -2.89730651  3.14245557 -1.68594656  3.12401831 -1.24035016 -2.70163032
  3.26145691 -1.26733052 -0.83274311 -2.84474703 -2.70126263  2.52389368
 -2.09488251 -2.12304978 -0.18240838  3.10812017  0.21788957  0.20857484
 -1.25585685 -0.73928177 -1.69972118 -3.08469401  2.8364676   1.26356353
 -0.50754123 -2.1737549   1.12349089 -1.07776643 -0.44748714 -2.70143236
 -2.10005644  1.79450782 -0.8852571   2.63823108 -0.43522173 -2.76363155
 -2.7846913   2.24087706 -3.17007829 -0.47150804 -0.96275487 -0.3073681
  2.32121352  1.86142166  0.02757459 -2.62164019 -2.72198609  0.15903512
 -0.6819078   1.25177    -2.63424819  1.06220256 -0.38997095  0.39946018
  1.96022554  0.47257769  0.57543349 -1.22517816  1.79625264  2.90153927
  1.05117818  0.16818629 -1.12299798  2.35005055  0.7912543  -1.90237789
 -0.08887743  1.93256458  1.0109439  -1.10043198 -2.34207096  2.26527719
  1.91859108  1.9524883   2.18252855  1.93651915 -1.65091539 -3.08190554
  0.39592497  1.31010323 -2.29876388 -1.1495736   2.3567188   1.36653793
 -0.21906426 -1.85803931 -1.62373556  1.9803413   1.31572551 -1.10646247
 -0.21963622 -0.683298   -0.34323273  2.30792105 -0.60515468 -0.9583129
  0.74941978 -2.40891759  0.58255374  2.77622518 -0.40582481  2.01318514
 -1.80967709 -1.26024569 -2.61668328 -2.35844379 -1.56300742 -3.01628311
  2.06089608  1.7621523   1.54130598  1.16695343  1.57521414 -2.3995757
 -2.51498062  1.75845206  1.01673687 -0.28892716 -2.49291082  1.47632051
 -1.07530539 -2.99545968 -0.0945787   1.94860148 -2.70334688 -2.42055661
  1.87596656  1.06729088 -0.62978538 -0.4694648  -0.933238    1.93428076
  0.49788281 -0.35711139  0.45953822 -2.23614999  1.32486042 -0.13056689
  2.38444921  1.18081192  2.91925767 -1.07854415  2.16057744 -0.41020783
 -3.29290481  2.15634272  0.81419899  1.93397804 -1.26248778  1.48242253
 -2.07256533  0.18479316  0.15330141 -2.77073696 -0.8869009  -2.36438081
  0.10107187 -0.62024611]
Sat May 25 13:49:12 2024,95,0.13489670832950246,[-4.39309714  2.31986252 -1.86967442 -0.13621544  0.16460146 -2.65880641
  3.03546267  2.13848909  1.45176076 -0.86818428  0.63885329  1.14152633
  1.17093657 -1.5403909   0.7897762   2.78335692 -0.71657956 -0.63758813
 -1.80925257  0.64101587  1.65424392  3.04173338 -1.15815859 -0.34132594
 -2.44359828 -2.37380908  2.98631236  2.7349045  -0.56416602 -2.44175894
  1.48510782 -0.07857538 -2.34776617  2.12933389  1.28335957 -0.61582221
  0.90441146 -2.38303865 -0.07197446  2.08750659 -0.20935456  0.3454564
  2.77805673  0.98058186  2.42861957  3.12420933  2.65901059 -2.92306516
  0.28835343 -0.8063719   1.73152122  2.87454322 -0.4108056  -2.37676757
  2.75455388 -3.26663888  0.80059524 -0.63952128 -1.75669725  2.69175118
 -1.81245698 -1.56280635 -2.37079209  2.19008705 -2.45537004  2.1444067
  2.05341965  1.51578877  2.42089027  2.81569216  1.6840968   1.22071521
 -1.50116703 -2.20789822  1.41421789  0.70234783  1.3583176  -3.09416563
 -0.39081139  2.51116332 -1.00544916  1.27843433  1.44135381  0.57054304
 -0.78538892  1.12944107  0.63542143 -0.34077262  2.824124   -2.01748688
  1.53432795 -0.56141586  1.07100803 -2.91627912 -2.47871307  0.49071795
 -1.16775965 -0.47883971  0.31909751 -0.14075674 -1.61615689  0.00539344
 -0.82677443  2.81074948 -1.14114938 -1.3724825  -0.96191688  1.09321596
  1.88122405 -0.67703245  2.03601418 -2.15635314 -0.34038136 -0.76492754
 -2.88742065  3.15234143 -1.69583242  3.13390417 -1.23046431 -2.69174446
  3.27134277 -1.25744466 -0.82285725 -2.85463289 -2.71114848  2.53377954
 -2.08499665 -2.11316392 -0.17252252  3.09823431  0.20800372  0.2184607
 -1.26574271 -0.74916762 -1.68983532 -3.07480815  2.82658175  1.25367767
 -0.49765538 -2.16386904  1.11360503 -1.08765228 -0.457373   -2.71131822
 -2.09017058  1.80439368 -0.87537125  2.62834523 -0.44510758 -2.75374569
 -2.79457716  2.25076292 -3.16019243 -0.46162218 -0.95286901 -0.31725396
  2.33109937  1.87130752  0.01768873 -2.61175433 -2.71210023  0.16892098
 -0.69179366  1.24188414 -2.62436233  1.07208842 -0.39985681  0.38957432
  1.97011139  0.48246355  0.58531934 -1.23506402  1.8061385   2.91142513
  1.04129232  0.17807215 -1.13288384  2.34016469  0.78136844 -1.89249203
 -0.07899158  1.92267872  1.00105804 -1.09054612 -2.3321851   2.27516305
  1.90870523  1.94260245  2.17264269  1.92663329 -1.64102954 -3.0917914
  0.40581083  1.30021737 -2.28887802 -1.15945946  2.34683294  1.37642379
 -0.20917841 -1.86792517 -1.63362142  1.97045544  1.32561137 -1.11634833
 -0.20975037 -0.67341214 -0.33334687  2.29803519 -0.61504053 -0.94842704
  0.75930564 -2.39903173  0.57266788  2.78611104 -0.41571067  2.02307099
 -1.81956295 -1.27013155 -2.60679743 -2.36832965 -1.55312156 -3.00639726
  2.05101022  1.75226644  1.53142012  1.15706758  1.5851     -2.40946156
 -2.50509476  1.76833792  1.00685101 -0.2790413  -2.48302496  1.48620637
 -1.06541953 -3.00534554 -0.08469285  1.93871562 -2.71323274 -2.41067075
  1.88585242  1.07717673 -0.61989952 -0.47935066 -0.92335214  1.94416662
  0.48799695 -0.34722553  0.44965236 -2.22626414  1.31497456 -0.14045274
  2.37456336  1.19069778  2.90937181 -1.08843001  2.15069159 -0.40032198
 -3.28301895  2.16622858  0.82408484  1.9438639  -1.25260193  1.49230838
 -2.06267947  0.19467902  0.14341556 -2.78062282 -0.89678675 -2.35449495
  0.09118601 -0.61036025]
Sat May 25 13:49:48 2024,96,0.13220138080441052,[-4.40262834e+00  2.31033131e+00 -1.87920562e+00 -1.45746650e-01
  1.74132667e-01 -2.66833762e+00  3.02593146e+00  2.12895788e+00
  1.44222955e+00 -8.77715486e-01  6.29322078e-01  1.15105754e+00
  1.18046778e+00 -1.54992211e+00  7.80244993e-01  2.79288813e+00
 -7.26110769e-01 -6.47119342e-01 -1.79972136e+00  6.31484661e-01
  1.66377512e+00  3.05126459e+00 -1.16768979e+00 -3.31794732e-01
 -2.45312949e+00 -2.36427787e+00  2.97678115e+00  2.74443571e+00
 -5.54634812e-01 -2.43222773e+00  1.47557661e+00 -8.81065850e-02
 -2.33823496e+00  2.11980268e+00  1.29289077e+00 -6.06291002e-01
  8.94880257e-01 -2.39256986e+00 -6.24432577e-02  2.09703780e+00
 -1.99823349e-01  3.54987612e-01  2.78758794e+00  9.90113071e-01
  2.41908836e+00  3.11467812e+00  2.64947938e+00 -2.91353396e+00
  2.78822220e-01 -7.96840691e-01  1.74105242e+00  2.88407442e+00
 -4.20336808e-01 -2.36723637e+00  2.76408509e+00 -3.27617009e+00
  7.91064032e-01 -6.29990068e-01 -1.74716604e+00  2.70128238e+00
 -1.82198819e+00 -1.57233755e+00 -2.38032329e+00  2.19961826e+00
 -2.44583884e+00  2.13487549e+00  2.04388844e+00  1.50625757e+00
  2.43042147e+00  2.82522337e+00  1.67456560e+00  1.23024641e+00
 -1.51069823e+00 -2.19836701e+00  1.42374909e+00  6.92816619e-01
  1.36784881e+00 -3.08463442e+00 -3.81280186e-01  2.50163211e+00
 -1.01498037e+00  1.28796553e+00  1.43182260e+00  5.61011832e-01
 -7.94920130e-01  1.13897228e+00  6.44952642e-01 -3.50303831e-01
  2.81459279e+00 -2.02701809e+00  1.52479675e+00 -5.70947066e-01
  1.06147682e+00 -2.90674791e+00 -2.48824427e+00  4.81186740e-01
 -1.15822845e+00 -4.69308504e-01  3.28628720e-01 -1.50287949e-01
 -1.62568810e+00 -4.13776249e-03 -8.36305633e-01  2.80121828e+00
 -1.13161818e+00 -1.38201370e+00 -9.71448092e-01  1.08368476e+00
  1.89075526e+00 -6.86563660e-01  2.02648298e+00 -2.16588435e+00
 -3.49912568e-01 -7.55396329e-01 -2.89695186e+00  3.14281022e+00
 -1.70536362e+00  3.14343538e+00 -1.22093310e+00 -2.70127567e+00
  3.26181156e+00 -1.26697586e+00 -8.13326046e-01 -2.84510168e+00
 -2.70161728e+00  2.52424834e+00 -2.09452786e+00 -2.12269513e+00
 -1.62991317e-01  3.10776552e+00  2.17534924e-01  2.08929493e-01
 -1.25621150e+00 -7.39636416e-01 -1.68030412e+00 -3.06527695e+00
  2.83611295e+00  1.24414647e+00 -5.07186583e-01 -2.15433783e+00
  1.10407382e+00 -1.07812108e+00 -4.47841792e-01 -2.72084942e+00
 -2.08063937e+00  1.81392489e+00 -8.65840040e-01  2.61881402e+00
 -4.35576376e-01 -2.74421448e+00 -2.80410837e+00  2.24123171e+00
 -3.15066123e+00 -4.71153385e-01 -9.43337807e-01 -3.07722752e-01
  2.34063058e+00  1.88083872e+00  8.15752279e-03 -2.60222312e+00
 -2.70256903e+00  1.78452185e-01 -7.01324863e-01  1.23235294e+00
 -2.61483113e+00  1.08161963e+00 -4.09388013e-01  3.80043116e-01
  1.96058019e+00  4.72932338e-01  5.75788137e-01 -1.22553281e+00
  1.81566971e+00  2.92095634e+00  1.03176112e+00  1.87603356e-01
 -1.12335263e+00  2.34969589e+00  7.90899650e-01 -1.90202324e+00
 -6.94603692e-02  1.91314751e+00  1.01058925e+00 -1.08101492e+00
 -2.32265390e+00  2.26563184e+00  1.91823643e+00  1.93307124e+00
  2.18217390e+00  1.91710208e+00 -1.63149833e+00 -3.10132260e+00
  4.15342032e-01  1.30974858e+00 -2.27934681e+00 -1.14992825e+00
  2.35636415e+00  1.38595499e+00 -2.18709613e-01 -1.85839396e+00
 -1.64315262e+00  1.96092424e+00  1.31608016e+00 -1.12587954e+00
 -2.00219159e-01 -6.82943350e-01 -3.23815665e-01  2.30756640e+00
 -6.24571742e-01 -9.38895834e-01  7.68836846e-01 -2.40856294e+00
  5.82199091e-01  2.77657983e+00 -4.06179459e-01  2.01353979e+00
 -1.82909415e+00 -1.27966275e+00 -2.61632863e+00 -2.37786086e+00
 -1.54359036e+00 -2.99686605e+00  2.06054143e+00  1.76179765e+00
  1.52188891e+00  1.16659878e+00  1.57556880e+00 -2.41899276e+00
 -2.51462597e+00  1.75880671e+00  1.01638222e+00 -2.69510092e-01
 -2.49255617e+00  1.47667517e+00 -1.07495074e+00 -3.01487675e+00
 -7.51616394e-02  1.94824683e+00 -2.72276394e+00 -2.40113954e+00
  1.89538363e+00  1.08670794e+00 -6.29430731e-01 -4.88881866e-01
 -9.32883349e-01  1.93463541e+00  4.97528158e-01 -3.56756736e-01
  4.40121151e-01 -2.23579534e+00  1.30544335e+00 -1.30921536e-01
  2.36503215e+00  1.20022898e+00  2.89984060e+00 -1.07889880e+00
  2.14116038e+00 -4.09853184e-01 -3.29255016e+00  2.17575979e+00
  8.14553637e-01  1.95339510e+00 -1.26213313e+00  1.48277718e+00
 -2.07221068e+00  1.85147815e-01  1.52946763e-01 -2.79015402e+00
 -8.87255548e-01 -2.34496375e+00  8.16548015e-02 -6.00829046e-01]
Sat May 25 13:50:11 2024,97,0.12968959432510468,[-4.41181577  2.30114389 -1.88839305 -0.13655923  0.16494524 -2.67752504
  3.01674404  2.13814531  1.45141698 -0.88690291  0.6385095   1.14187012
  1.17128035 -1.54073469  0.77105757  2.80207555 -0.73529819 -0.63793192
 -1.80890879  0.64067208  1.6545877   3.04207717 -1.17687722 -0.32260731
 -2.44394206 -2.3734653   2.96759373  2.73524829 -0.54544739 -2.42304031
  1.48476404 -0.07891916 -2.32904754  2.11061526  1.3020782  -0.61547843
  0.90406768 -2.38338244 -0.05325583  2.10622522 -0.20901077  0.36417504
  2.79677536  0.99930049  2.42827579  3.12386555  2.64029196 -2.90434653
  0.2696348  -0.78765327  1.731865    2.874887   -0.42952423 -2.37642379
  2.75489766 -3.26698267  0.80025146 -0.62080265 -1.75635346  2.69209496
 -1.81280076 -1.58152498 -2.37113587  2.19043083 -2.45502626  2.12568807
  2.03470102  1.49707014  2.4396089   2.83441079  1.66537817  1.22105899
 -1.51988566 -2.20755443  1.43293652  0.70200404  1.35866139 -3.075447
 -0.37209276  2.51081953 -1.00579295  1.29715296  1.44101002  0.57019926
 -0.80410755  1.1481597   0.63576522 -0.34111641  2.80540537 -2.03620551
  1.53398417 -0.56175964  1.07066424 -2.91593534 -2.47905685  0.49037416
 -1.14904102 -0.46012108  0.33781614 -0.14110053 -1.63487552 -0.01332519
 -0.84549306  2.79203085 -1.12243075 -1.37282628 -0.96226067  1.09287218
  1.89994268 -0.69575108  2.01729555 -2.15669692 -0.34072514 -0.76458375
 -2.90613928  3.1336228  -1.6961762   3.13424795 -1.21174567 -2.71046309
  3.25262414 -1.27616329 -0.80413862 -2.83591426 -2.69242985  2.53343576
 -2.10371528 -2.13188255 -0.17217874  3.09857809  0.22672235  0.19974207
 -1.24702408 -0.73044899 -1.67111669 -3.07446437  2.84530038  1.23495904
 -0.49799916 -2.14515041  1.11326125 -1.06893365 -0.45702922 -2.711662
 -2.0898268   1.80473746 -0.87502746  2.62800144 -0.4447638  -2.73502706
 -2.79492094  2.23204429 -3.15984865 -0.46196596 -0.93415038 -0.29853533
  2.349818    1.89002615  0.01734495 -2.5930357  -2.6933816   0.18763961
 -0.69213744  1.22316551 -2.62401855  1.09080705 -0.41857544  0.37085569
  1.96976761  0.48211976  0.58497556 -1.23472023  1.82485713  2.93014376
  1.02257369  0.19679078 -1.11416521  2.35888332  0.78171223 -1.91121066
 -0.06027295  1.90396009  1.00140183 -1.09020234 -2.33184132  2.25644442
  1.92742386  1.92388382  2.19136132  1.90791466 -1.6223109  -3.11051003
  0.40615461  1.31893601 -2.27015939 -1.15911567  2.34717672  1.37676757
 -0.20952219 -1.84920654 -1.6339652   1.97011166  1.32526759 -1.11669211
 -0.20940658 -0.67375593 -0.33300309  2.31675383 -0.61538432 -0.94808326
  0.77802427 -2.41775036  0.57301167  2.76739241 -0.39699204  2.00435236
 -1.83828158 -1.28885018 -2.62551606 -2.36867343 -1.55277778 -3.00605347
  2.05135401  1.75261022  1.53107633  1.17578621  1.56638137 -2.40980534
 -2.50543854  1.74961929  1.02556964 -0.27869751 -2.48336874  1.46748774
 -1.08413816 -3.02406417 -0.08434906  1.9390594  -2.71357652 -2.41032697
  1.90457105  1.07752052 -0.62024331 -0.47969444 -0.94207077  1.92544799
  0.48834073 -0.34756931  0.44930857 -2.24498277  1.29625593 -0.12173411
  2.37421957  1.20941641  2.89065318 -1.06971138  2.1503478  -0.40066576
 -3.30173758  2.16657236  0.80536621  1.96258253 -1.27132056  1.47358975
 -2.0813981   0.19433524  0.14375934 -2.7809666  -0.87806812 -2.35415117
  0.09084222 -0.59164162]
Sat May 25 13:50:36 2024,98,0.12734970325946898,[-4.42067021  2.30999833 -1.8795386  -0.14541367  0.1560908  -2.68637949
  3.00788959  2.12929086  1.44256253 -0.87804846  0.62965505  1.13301567
  1.16242591 -1.53188024  0.76220312  2.7932211  -0.74415264 -0.62907747
 -1.81776323  0.64952653  1.66344215  3.03322272 -1.18573167 -0.31375286
 -2.45279651 -2.36461085  2.97644818  2.72639384 -0.55430184 -2.43189475
  1.49361848 -0.08777361 -2.32019309  2.10176081  1.31093264 -0.62433287
  0.91292213 -2.37452799 -0.06211028  2.11507967 -0.20015632  0.37302948
  2.78792091  0.99044605  2.43713023  3.13271999  2.64914641 -2.89549209
  0.26078035 -0.77879882  1.74071945  2.86603255 -0.43837868 -2.36756934
  2.76375211 -3.27583711  0.79139701 -0.6119482  -1.76520791  2.70094941
 -1.80394632 -1.57267053 -2.36228142  2.18157639 -2.44617181  2.11683362
  2.02584657  1.50592459  2.43075445  2.84326524  1.67423262  1.21220454
 -1.5287401  -2.19869999  1.44179096  0.6931496   1.34980694 -3.06659255
 -0.36323832  2.51967398 -1.01464739  1.28829851  1.44986447  0.5790537
 -0.79525311  1.15701415  0.64461967 -0.33226196  2.81425982 -2.02735106
  1.54283862 -0.5529052   1.0618098  -2.90708089 -2.4702024   0.48151972
 -1.15789547 -0.46897553  0.3289617  -0.14995497 -1.62602107 -0.02217963
 -0.83663861  2.8008853  -1.1312852  -1.36397183 -0.95340622  1.08401773
  1.90879713 -0.70460553  2.00844111 -2.14784248 -0.34957959 -0.7734382
 -2.89728483  3.12476835 -1.68732175  3.12539351 -1.22060012 -2.71931754
  3.26147859 -1.28501774 -0.81299307 -2.84476871 -2.7012843   2.52458131
 -2.11256973 -2.12302811 -0.18103319  3.10743254  0.2355768   0.20859652
 -1.25587853 -0.72159455 -1.67997114 -3.08331882  2.85415482  1.2261046
 -0.50685361 -2.15400486  1.12211569 -1.0777881  -0.44817477 -2.72051645
 -2.08097235  1.79588301 -0.86617302  2.619147   -0.45361825 -2.72617261
 -2.80377539  2.24089874 -3.1509942  -0.45311151 -0.94300483 -0.28968088
  2.34096356  1.8811717   0.0084905  -2.60189015 -2.68452715  0.19649406
 -0.68328299  1.21431106 -2.632873    1.0996615  -0.40972099  0.37971014
  1.96091316  0.47326531  0.59383001 -1.22586579  1.83371158  2.92128931
  1.01371925  0.18793633 -1.12301965  2.35002887  0.77285778 -1.90235621
 -0.0514185   1.89510564  1.01025627 -1.09905679 -2.32298687  2.26529887
  1.9362783   1.93273826  2.20021577  1.91676911 -1.61345646 -3.10165558
  0.39730016  1.31008156 -2.27901384 -1.15026123  2.33832228  1.36791312
 -0.21837664 -1.84035209 -1.64281965  1.97896611  1.33412203 -1.10783767
 -0.20055214 -0.66490148 -0.32414864  2.32560827 -0.62423877 -0.95693771
  0.78687872 -2.40889592  0.58186612  2.77624685 -0.38813759  2.01320681
 -1.84713603 -1.29770462 -2.61666161 -2.37752788 -1.54392333 -2.99719902
  2.04249956  1.76146467  1.53993078  1.16693176  1.55752692 -2.41865979
 -2.51429299  1.75847374  1.03442409 -0.26984307 -2.4745143   1.47634219
 -1.07528371 -3.03291862 -0.07549462  1.94791385 -2.72243097 -2.40147252
  1.8957166   1.06866607 -0.62909775 -0.48854889 -0.95092522  1.93430244
  0.47948629 -0.35642376  0.44045413 -2.25383721  1.28740148 -0.11287967
  2.38307402  1.21827086  2.88179873 -1.06085693  2.14149336 -0.39181131
 -3.29288313  2.15771792  0.81422066  1.97143697 -1.26246611  1.46473531
 -2.09025255  0.18548079  0.15261379 -2.78982105 -0.86921368 -2.34529672
  0.08198778 -0.58278718]
Sat May 25 13:51:54 2024,99,0.12517064901855218,[-4.4292024   2.31853052 -1.87100642 -0.13688149  0.14755862 -2.69491167
  3.01642177  2.12075868  1.43403035 -0.86951628  0.62112287  1.14154785
  1.15389373 -1.52334806  0.7707353   2.78468892 -0.73562046 -0.62054529
 -1.80923105  0.64099435  1.65490997  3.02469054 -1.19426385 -0.32228504
 -2.44426433 -2.35607867  2.98498036  2.73492602 -0.54576965 -2.42336257
  1.4850863  -0.09630579 -2.32872527  2.11029299  1.30240046 -0.61580069
  0.90438995 -2.38306017 -0.0535781   2.12361185 -0.20868851  0.38156166
  2.77938873  0.99897823  2.44566241  3.14125217  2.64061423 -2.90402427
  0.26931253 -0.787331    1.74925163  2.85750037 -0.4298465  -2.35903716
  2.77228429 -3.26730493  0.78286483 -0.60341602 -1.75667573  2.69241723
 -1.8124785  -1.58120271 -2.35374924  2.19010857 -2.45470399  2.1253658
  2.03437875  1.51445677  2.42222227  2.83473306  1.6827648   1.20367236
 -1.52020792 -2.19016781  1.43325878  0.70168178  1.34127476 -3.07512473
 -0.35470613  2.52820616 -1.02317957  1.29683069  1.45839665  0.57052152
 -0.80378529  1.14848197  0.65315185 -0.34079414  2.80572764 -2.01881888
  1.53430644 -0.54437301  1.07034198 -2.89854871 -2.46167022  0.47298753
 -1.14936329 -0.47750771  0.32042952 -0.15848715 -1.61748889 -0.01364745
 -0.84517079  2.79235312 -1.12275302 -1.37250401 -0.94487404  1.09254992
  1.90026495 -0.71313771  2.01697329 -2.15637466 -0.35811177 -0.76490602
 -2.88875265  3.13330053 -1.69585393  3.13392569 -1.2291323  -2.72784972
  3.27001077 -1.27648555 -0.80446089 -2.85330089 -2.70981648  2.53311349
 -2.12110191 -2.11449593 -0.18956537  3.11596472  0.24410898  0.2171287
 -1.26441071 -0.71306236 -1.68850332 -3.07478664  2.862687    1.23463678
 -0.49832143 -2.16253704  1.13064788 -1.08632028 -0.43964259 -2.72904863
 -2.07244017  1.8044152  -0.8747052   2.62767918 -0.44508607 -2.73470479
 -2.79524321  2.23236656 -3.15952638 -0.4616437  -0.93447265 -0.2811487
  2.34949574  1.88970388  0.01702268 -2.61042233 -2.67599497  0.18796187
 -0.69181517  1.22284325 -2.62434082  1.10819368 -0.41825317  0.37117796
  1.95238098  0.4817975   0.60236219 -1.2173336   1.82517939  2.92982149
  1.00518706  0.17940415 -1.11448747  2.35856105  0.7643256  -1.9108884
 -0.05995068  1.90363782  1.00172409 -1.10758897 -2.31445469  2.25676668
  1.94481048  1.92420608  2.20874795  1.90823693 -1.62198864 -3.11018776
  0.40583234  1.31861374 -2.28754602 -1.14172904  2.3297901   1.35938094
 -0.22690882 -1.83181991 -1.63428747  1.98749829  1.32558985 -1.09930549
 -0.19201995 -0.67343366 -0.31561646  2.31707609 -0.61570658 -0.94840552
  0.77834654 -2.40036373  0.57333393  2.78477904 -0.37960541  2.00467463
 -1.83860384 -1.3062368  -2.60812943 -2.38606006 -1.53539115 -3.00573121
  2.03396738  1.76999685  1.54846296  1.17546394  1.54899474 -2.42719197
 -2.52282517  1.76700592  1.04295627 -0.27837525 -2.46598212  1.46781001
 -1.08381589 -3.0414508  -0.0840268   1.95644603 -2.71389879 -2.39294034
  1.90424878  1.06013389 -0.63762994 -0.48001671 -0.94239304  1.92577026
  0.47095411 -0.34789158  0.44898631 -2.26236939  1.2788693  -0.12141185
  2.37454184  1.22680304  2.89033091 -1.05232475  2.13296118 -0.38327913
 -3.30141532  2.1662501   0.80568848  1.96290479 -1.27099829  1.47326749
 -2.08172037  0.19401297  0.14408161 -2.78128887 -0.87774586 -2.33676454
  0.0734556  -0.57425499]
Sat May 25 13:52:18 2024,100,0.12314195550230433,[-4.43742289  2.32675101 -1.86278592 -0.128661    0.15577911 -2.68669118
  3.00820128  2.11253818  1.42580985 -0.87773678  0.61290238  1.14976835
  1.14567323 -1.51512756  0.76251481  2.77646843 -0.72739996 -0.62876578
 -1.80101056  0.63277386  1.64668947  3.03291103 -1.20248434 -0.31406455
 -2.45248482 -2.34785817  2.99320085  2.72670553 -0.53754916 -2.41514208
  1.4933068  -0.0880853  -2.32050478  2.1020725   1.31062096 -0.6075802
  0.89616945 -2.37483968 -0.06179859  2.11539135 -0.216909    0.38978216
  2.78760923  0.99075773  2.45388291  3.14947267  2.64883472 -2.89580377
  0.27753302 -0.7955515   1.74103113  2.84927988 -0.43806699 -2.35081667
  2.7640638  -3.25908444  0.79108532 -0.59519552 -1.76489622  2.68419673
 -1.82069899 -1.57298222 -2.34552875  2.19832906 -2.4464835   2.11714531
  2.04259925  1.52267727  2.41400177  2.84295355  1.6909853   1.19545187
 -1.52842842 -2.18194731  1.42503829  0.69346128  1.33305427 -3.06690424
 -0.36292663  2.51998567 -1.03140007  1.2886102   1.45017616  0.56230103
 -0.81200578  1.14026147  0.64493135 -0.34901464  2.79750714 -2.01059839
  1.54252693 -0.53615252  1.07856247 -2.89032821 -2.46989072  0.46476704
 -1.15758378 -0.4857282   0.32865001 -0.15026666 -1.6092684  -0.00542696
 -0.8369503   2.80057361 -1.11453252 -1.36428352 -0.93665355  1.10077041
  1.90848544 -0.70491722  2.02519378 -2.16459515 -0.36633227 -0.77312651
 -2.89697315  3.14152103 -1.68763344  3.12570519 -1.22091181 -2.73607021
  3.27823126 -1.26826506 -0.81268138 -2.86152138 -2.71803698  2.524893
 -2.11288142 -2.10627543 -0.18134487  3.12418522  0.25232947  0.2089082
 -1.2726312  -0.70484187 -1.69672382 -3.08300713  2.85446651  1.24285727
 -0.50654192 -2.17075753  1.13886837 -1.09454078 -0.44786308 -2.73726912
 -2.08066066  1.81263569 -0.88292569  2.63589967 -0.45330656 -2.7264843
 -2.8034637   2.24058705 -3.16774688 -0.46986419 -0.94269314 -0.27292821
  2.35771623  1.88148339  0.00880219 -2.61864282 -2.68421547  0.17974138
 -0.70003567  1.23106374 -2.61612032  1.09997319 -0.42647366  0.37939845
  1.94416049  0.473577    0.61058268 -1.2255541   1.8169589   2.93804199
  0.99696657  0.17118366 -1.10626698  2.35034056  0.7561051  -1.91910889
 -0.05173019  1.91185832  0.9935036  -1.11580946 -2.32267519  2.26498718
  1.95303098  1.93242658  2.21696845  1.91645742 -1.63020913 -3.11840826
  0.39761185  1.31039324 -2.27932552 -1.13350855  2.33801059  1.36760144
 -0.23512931 -1.8400404  -1.62606697  1.97927779  1.31736936 -1.09108499
 -0.20024045 -0.66521317 -0.30739597  2.3088556  -0.62392708 -0.95662602
  0.77012604 -2.39214324  0.58155443  2.77655854 -0.3878259   1.99645414
 -1.84682434 -1.29801631 -2.61634992 -2.37783957 -1.54361165 -3.0139517
  2.02574688  1.77821734  1.54024247  1.16724345  1.55721524 -2.43541246
 -2.53104567  1.75878542  1.05117676 -0.28659574 -2.47420261  1.45958951
 -1.0755954  -3.04967129 -0.09224729  1.96466653 -2.70567829 -2.38471984
  1.91246928  1.06835438 -0.62940944 -0.4882372  -0.93417254  1.93399075
  0.46273361 -0.35611207  0.44076581 -2.2541489   1.2706488  -0.11319135
  2.36632134  1.21858254  2.88211042 -1.04410425  2.14118167 -0.37505864
 -3.29319482  2.17447059  0.81390897  1.9546843  -1.2627778   1.48148798
 -2.08994086  0.20223347  0.13586111 -2.78950936 -0.88596635 -2.34498504
  0.0652351  -0.5660345 ]
Sat May 25 13:52:42 2024,101,0.12125371977730917,[-4.44534212  2.33467024 -1.8548667  -0.13658023  0.14785988 -2.67877195
  3.00028205  2.10461895  1.41789063 -0.885656    0.62082161  1.14184912
  1.15359246 -1.52304679  0.75459558  2.78438765 -0.73531919 -0.63668501
 -1.79309133  0.62485463  1.6546087   3.0249918  -1.19456511 -0.32198378
 -2.46040405 -2.33993895  3.00112008  2.73462476 -0.52962993 -2.40722285
  1.48538757 -0.08016607 -2.31258555  2.09415327  1.30270173 -0.61549942
  0.88825022 -2.36692045 -0.05387937  2.12331058 -0.20898977  0.39770139
  2.77969     0.99867696  2.44596368  3.14155344  2.64091549 -2.903723
  0.28545225 -0.78763227  1.74895036  2.84136065 -0.44598622 -2.34289744
  2.75614457 -3.25116521  0.78316609 -0.5872763  -1.756977    2.6762775
 -1.81277977 -1.58090144 -2.35344798  2.20624829 -2.43856427  2.10922608
  2.05051847  1.51475804  2.40608255  2.83503432  1.68306607  1.20337109
 -1.53634764 -2.18986654  1.43295752  0.68554205  1.32513504 -3.07482347
 -0.37084586  2.51206644 -1.0393193   1.28069097  1.45809538  0.57022025
 -0.80408655  1.1481807   0.65285058 -0.34109541  2.80542637 -2.00267916
  1.5346077  -0.52823329  1.0864817  -2.88240899 -2.46197149  0.45684781
 -1.14966455 -0.47780898  0.33656924 -0.14234743 -1.61718763 -0.01334619
 -0.84486952  2.80849284 -1.1066133  -1.35636429 -0.94457277  1.10868964
  1.90056622 -0.69699799  2.01727455 -2.17251438 -0.3742515  -0.76520729
 -2.88905392  3.14944025 -1.69555267  3.13362442 -1.21299258 -2.72815099
  3.27031204 -1.26034583 -0.80476216 -2.85360215 -2.71011775  2.51697377
 -2.12080064 -2.11419466 -0.1892641   3.13210444  0.24441024  0.20098898
 -1.28055043 -0.69692264 -1.70464304 -3.09092636  2.86238574  1.23493804
 -0.51446115 -2.17867676  1.13094914 -1.10246    -0.43994385 -2.72934989
 -2.07274144  1.82055492 -0.89084492  2.6438189  -0.44538733 -2.71856507
 -2.81138293  2.23266782 -3.17566611 -0.46194496 -0.95061237 -0.28084743
  2.36563546  1.88940261  0.01672141 -2.61072359 -2.69213469  0.18766061
 -0.69211644  1.23898297 -2.60820109  1.09205396 -0.43439289  0.37147923
  1.93624126  0.46565777  0.61850191 -1.23347333  1.80903967  2.94596121
  0.98904734  0.16326443 -1.09834775  2.35825978  0.76402433 -1.91118966
 -0.04381096  1.90393909  1.00142283 -1.12372869 -2.33059441  2.25706795
  1.94511175  1.9403458   2.22488767  1.90853819 -1.63812836 -3.12632748
  0.40553108  1.31831247 -2.28724475 -1.14142778  2.33009136  1.35968221
 -0.22721008 -1.83212117 -1.61814775  1.97135857  1.32528859 -1.08316576
 -0.19232122 -0.65729394 -0.31531519  2.31677482 -0.63184631 -0.94870679
  0.76220681 -2.38422401  0.58947366  2.76863931 -0.37990667  1.98853491
 -1.85474357 -1.30593554 -2.6084307  -2.38575879 -1.55153087 -3.00603247
  2.03366611  1.77029812  1.5481617   1.15932422  1.54929601 -2.42749323
 -2.52312644  1.7508662   1.05909599 -0.27867652 -2.48212184  1.46750874
 -1.06767617 -3.04175207 -0.08432806  1.97258575 -2.71359752 -2.37680062
  1.92038851  1.07627361 -0.63732867 -0.49615643 -0.94209177  1.92607152
  0.45481438 -0.34819285  0.44868504 -2.24622967  1.26272958 -0.10527213
  2.35840212  1.22650177  2.87419119 -1.03618503  2.13326244 -0.38297787
 -3.28527559  2.18238982  0.8218282   1.94676507 -1.27069702  1.47356875
 -2.09786009  0.21015269  0.14378034 -2.78159013 -0.87804713 -2.35290426
  0.07315433 -0.55811527]
Sat May 25 13:53:05 2024,102,0.11949659891815476,[-4.45297032  2.34229844 -1.86249489 -0.14420842  0.15548808 -2.68640015
  3.00791025  2.09699076  1.41026243 -0.8932842   0.61319341  1.13422092
  1.14596426 -1.53067499  0.74696738  2.79201585 -0.74294739 -0.64431321
 -1.78546313  0.63248283  1.6622369   3.01736361 -1.20219331 -0.31435558
 -2.45277585 -2.33231075  2.99349188  2.74225295 -0.52200174 -2.39959465
  1.47775937 -0.07253787 -2.32021375  2.10178147  1.31032993 -0.62312762
  0.88062203 -2.37454865 -0.04625117  2.11568238 -0.21661797  0.40532958
  2.7720618   1.00630516  2.45359188  3.14918164  2.64854369 -2.9113512
  0.29308045 -0.79526047  1.75657856  2.84898885 -0.45361442 -2.33526924
  2.74851637 -3.24353701  0.7755379  -0.59490449 -1.76460519  2.6839057
 -1.82040796 -1.58852964 -2.34581978  2.19862009 -2.43093607  2.10159788
  2.04289028  1.52238624  2.39845435  2.84266252  1.67543787  1.21099929
 -1.52871945 -2.19749474  1.44058571  0.69317025  1.33276324 -3.06719527
 -0.37847405  2.51969464 -1.0316911   1.27306277  1.46572358  0.56259206
 -0.81171475  1.1405525   0.66047878 -0.34872361  2.81305457 -2.01030736
  1.5422359  -0.53586149  1.0941099  -2.87478079 -2.45434329  0.46447601
 -1.15729275 -0.47018078  0.34419743 -0.13471923 -1.62481582 -0.02097438
 -0.83724132  2.80086464 -1.11424149 -1.36399249 -0.95220097  1.10106144
  1.89293802 -0.70462619  2.00964636 -2.18014258 -0.38187969 -0.75757909
 -2.88142572  3.14181206 -1.68792447  3.14125262 -1.22062078 -2.72052279
  3.27794023 -1.25271763 -0.81239035 -2.86123035 -2.71774595  2.52460197
 -2.12842884 -2.10656646 -0.1968923   3.13973264  0.25203844  0.19336078
 -1.28817863 -0.68929444 -1.71227124 -3.09855456  2.85475754  1.22730984
 -0.50683295 -2.18630496  1.13857734 -1.1100882  -0.44757205 -2.7217217
 -2.08036963  1.82818312 -0.88321672  2.6514471  -0.45301553 -2.71093687
 -2.80375473  2.22503963 -3.16803791 -0.45431676 -0.95824057 -0.28847563
  2.35800726  1.88177441  0.02434961 -2.61835179 -2.69976289  0.18003241
 -0.69974464  1.24661117 -2.61582929  1.09968216 -0.42676469  0.36385103
  1.92861306  0.47328597  0.62613011 -1.24110152  1.80141148  2.93833302
  0.98141914  0.17089263 -1.10597595  2.36588798  0.77165253 -1.90356146
 -0.03618276  1.91156729  0.99379463 -1.11610049 -2.32296622  2.24943975
  1.95273995  1.947974    2.23251587  1.91616639 -1.64575656 -3.11869928
  0.41315927  1.32594067 -2.29487295 -1.14905598  2.32246316  1.35205401
 -0.21958189 -1.83974937 -1.62577594  1.96373037  1.31766039 -1.07553757
 -0.19994942 -0.66492214 -0.32294339  2.30914663 -0.62421811 -0.94107859
  0.76983501 -2.37659581  0.59710185  2.77626751 -0.37227848  1.98090671
 -1.84711537 -1.31356374 -2.6008025  -2.39338699 -1.54390267 -2.99840427
  2.02603791  1.76266992  1.5405335   1.16695242  1.55692421 -2.41986504
 -2.51549824  1.7584944   1.05146779 -0.27104832 -2.48975004  1.45988054
 -1.06004797 -3.03412387 -0.07669987  1.96495756 -2.70596932 -2.38442882
  1.91276031  1.06864541 -0.62970047 -0.48852823 -0.94971997  1.93369972
  0.46244258 -0.35582104  0.45631324 -2.25385787  1.25510138 -0.11290032
  2.36603032  1.21887357  2.88181939 -1.04381322  2.12563424 -0.39060606
 -3.2776474   2.17476162  0.8142      1.95439327 -1.27832522  1.46594056
 -2.09023189  0.2025245   0.15140854 -2.78921833 -0.88567532 -2.36053246
  0.08078253 -0.56574347]
Sat May 25 13:53:30 2024,103,0.117861793829197,[-4.46031752  2.33495123 -1.85514769 -0.15155563  0.14814088 -2.67905294
  3.01525745  2.10433796  1.41760963 -0.9006314   0.62054061  1.12687372
  1.15331146 -1.53802219  0.75431459  2.78466865 -0.75029459 -0.63696601
 -1.77811593  0.62513562  1.6695841   3.0100164  -1.20954052 -0.30700837
 -2.44542865 -2.32496354  2.98614468  2.74960016 -0.51465453 -2.39224745
  1.48510657 -0.07988507 -2.31286655  2.09443426  1.30298272 -0.61578042
  0.87327482 -2.36720144 -0.03890397  2.12302959 -0.20927077  0.39798238
  2.7647146   1.01365236  2.46093908  3.14183444  2.64119649 -2.90400399
  0.30042765 -0.78791326  1.76392576  2.85633605 -0.46096162 -2.32792204
  2.74116917 -3.23618981  0.7828851  -0.6022517  -1.75725799  2.69125291
 -1.81306076 -1.58118244 -2.33847257  2.19127289 -2.42358887  2.10894509
  2.05023748  1.51503903  2.39110714  2.85000973  1.66809067  1.2183465
 -1.53606665 -2.20484194  1.44793292  0.68582305  1.32541603 -3.07454247
 -0.38582126  2.51234743 -1.02434389  1.26571557  1.45837638  0.56993926
 -0.80436755  1.1332053   0.65313157 -0.3413764   2.80570736 -2.00296015
  1.5348887  -0.52851429  1.1014571  -2.86743358 -2.44699609  0.45712881
 -1.14994555 -0.46283357  0.33685023 -0.12737203 -1.63216303 -0.02832159
 -0.84458853  2.79351744 -1.10689429 -1.35664529 -0.94485377  1.10840864
  1.88559082 -0.71197339  2.00229915 -2.18748978 -0.3892269  -0.75023188
 -2.88877292  3.14915926 -1.68057727  3.13390541 -1.22796798 -2.72786999
  3.28528744 -1.26006484 -0.80504315 -2.85388315 -2.72509315  2.53194917
 -2.12108164 -2.09921926 -0.2042395   3.13238544  0.25938565  0.20070798
 -1.29552583 -0.69664165 -1.71961845 -3.09120735  2.86210474  1.21996264
 -0.51418015 -2.17895775  1.13123014 -1.11743541 -0.45491926 -2.7290689
 -2.08771684  1.82083591 -0.87586952  2.64409989 -0.46036273 -2.70358967
 -2.79640753  2.21769242 -3.1606907  -0.46166397 -0.96558777 -0.28112843
  2.35066006  1.87442721  0.03169682 -2.61100459 -2.7071101   0.18737961
 -0.70709184  1.25395837 -2.60848209  1.09233495 -0.4341119   0.37119823
  1.92126586  0.46593877  0.63347731 -1.24844873  1.79406427  2.93098581
  0.97407194  0.17823983 -1.11332315  2.37323519  0.76430533 -1.91090867
 -0.04352996  1.90422008  1.00114183 -1.10875329 -2.33031342  2.25678696
  1.96008715  1.9406268   2.23986308  1.9235136  -1.63840935 -3.12604649
  0.42050648  1.33328787 -2.30222015 -1.15640318  2.31511596  1.35940121
 -0.22692909 -1.83240217 -1.63312315  1.95638316  1.31031318 -1.06819036
 -0.20729662 -0.65757493 -0.31559619  2.30179942 -0.63156531 -0.93373139
  0.76248781 -2.36924861  0.58975465  2.78361472 -0.36493127  1.98825391
 -1.85446257 -1.32091094 -2.6081497  -2.38603979 -1.53655547 -3.00575148
  2.03338512  1.77001712  1.5478807   1.17429962  1.56427141 -2.42721224
 -2.50815104  1.75114719  1.04412059 -0.27839552 -2.48240283  1.45253334
 -1.06739518 -3.04147107 -0.06935266  1.97230476 -2.71331653 -2.37708161
  1.9054131   1.06129821 -0.63704768 -0.48118103 -0.95706717  1.94104692
  0.45509538 -0.36316825  0.44896604 -2.24651067  1.26244858 -0.12024753
  2.37337752  1.22622078  2.87447218 -1.05116043  2.13298145 -0.39795327
 -3.2849946   2.16741442  0.82154721  1.94704606 -1.28567243  1.45859335
 -2.0975791   0.19517729  0.14406133 -2.78187113 -0.87832812 -2.35318526
  0.07343532 -0.57309067]
Sat May 25 13:53:54 2024,104,0.11634103075599607,[-4.46739355  2.34202726 -1.86222372 -0.1444796   0.14106485 -2.68612897
  3.02233348  2.09726193  1.42468566 -0.90770743  0.61346459  1.11979769
  1.14623544 -1.54509822  0.74723856  2.79174467 -0.74321857 -0.64404203
 -1.78519196  0.63221165  1.67666013  3.00294038 -1.20246449 -0.29993235
 -2.45250467 -2.33203957  2.99322071  2.74252413 -0.52173056 -2.39932348
  1.47803055 -0.07280905 -2.31994257  2.08735824  1.2959067  -0.60870439
  0.88035085 -2.36012542 -0.03182794  2.11595356 -0.20219474  0.39090635
  2.77179062  1.02072839  2.45386306  3.14891046  2.64827251 -2.91108002
  0.29335163 -0.79498929  1.75684974  2.84926003 -0.46803765 -2.33499806
  2.74824519 -3.24326583  0.77580907 -0.59517567 -1.76433402  2.68417688
 -1.82013679 -1.57410641 -2.33139655  2.18419686 -2.4306649   2.10186906
  2.04316145  1.52211506  2.39818317  2.8429337   1.67516669  1.22542252
 -1.54314268 -2.19776592  1.45500894  0.69289908  1.31834001 -3.06746644
 -0.39289728  2.50527141 -1.03141992  1.25863954  1.4654524   0.57701529
 -0.79729152  1.14028133  0.6602076  -0.34845243  2.79863134 -2.01003618
  1.52781267 -0.53559031  1.10853313 -2.86035756 -2.45407211  0.46420483
 -1.14286952 -0.4699096   0.34392626 -0.120296   -1.63923905 -0.03539761
 -0.85166456  2.78644141 -1.11397032 -1.34956926 -0.95192979  1.11548467
  1.87851479 -0.71904942  1.99522312 -2.18041376 -0.38215087 -0.74315586
 -2.8816969   3.14208323 -1.67350124  3.14098144 -1.23504401 -2.73494602
  3.29236347 -1.25298881 -0.79796712 -2.84680712 -2.73216918  2.5390252
 -2.12815766 -2.09214323 -0.19716348  3.13946146  0.25230962  0.20778401
 -1.28844981 -0.70371768 -1.71254242 -3.08413133  2.85502872  1.22703867
 -0.50710413 -2.17188173  1.13830616 -1.11035938 -0.46199528 -2.72199287
 -2.08064081  1.82791194 -0.88294554  2.63702387 -0.46743876 -2.7106657
 -2.7893315   2.2106164  -3.15361468 -0.46873999 -0.9726638  -0.2740524
  2.34358403  1.86735118  0.03877284 -2.60392856 -2.70003407  0.19445564
 -0.71416787  1.2610344  -2.61555811  1.08525893 -0.44118792  0.36412221
  1.91418983  0.47301479  0.62640129 -1.2413727   1.78698824  2.92390979
  0.96699591  0.17116381 -1.12039918  2.38031121  0.77138135 -1.91798469
 -0.03645394  1.89714406  0.9940658  -1.10167726 -2.32323739  2.26386298
  1.95301113  1.93355077  2.23278705  1.93058962 -1.63133333 -3.11897046
  0.41343045  1.32621185 -2.29514413 -1.14932715  2.32219199  1.36647724
 -0.23400512 -1.82532614 -1.64019917  1.96345919  1.31738921 -1.06111434
 -0.2002206  -0.66465096 -0.30852016  2.2947234  -0.63864134 -0.94080742
  0.76956383 -2.36217258  0.58267862  2.79069074 -0.3720073   1.99532994
 -1.84738655 -1.31383491 -2.61522573 -2.37896376 -1.5436315  -2.99867545
  2.04046114  1.7629411   1.55495673  1.16722359  1.57134744 -2.43428827
 -2.51522706  1.75822322  1.05119662 -0.28547155 -2.47532681  1.45960937
 -1.06031915 -3.0485471  -0.07642869  1.96522873 -2.7062405  -2.37000558
  1.91248913  1.06837423 -0.62997165 -0.474105   -0.94999115  1.94812295
  0.46217141 -0.37024427  0.44189001 -2.25358669  1.25537256 -0.12732355
  2.36630149  1.2332968   2.86739616 -1.0440844   2.12590542 -0.39087724
 -3.29207063  2.17449044  0.81447118  1.95412209 -1.29274845  1.45151733
 -2.09050307  0.18810127  0.13698531 -2.7747951  -0.87125209 -2.34610923
  0.0663593  -0.56601465]
Sat May 25 13:54:27 2024,105,0.11492654109664342,[-4.47420798  2.33521282 -1.85540928 -0.15129404  0.14787928 -2.67931453
  3.02914791  2.10407637  1.43150009 -0.91452186  0.60665015  1.12661212
  1.139421   -1.53828379  0.74042413  2.78493024 -0.750033   -0.6372276
 -1.77837752  0.62539722  1.66984569  2.99612594 -1.20927892 -0.30674678
 -2.45931911 -2.338854    2.98640627  2.74933856 -0.52854499 -2.40613791
  1.47121611 -0.06599461 -2.31312814  2.09417267  1.30272113 -0.60188996
  0.88716528 -2.35331098 -0.03864237  2.12276799 -0.19538031  0.39772079
  2.76497619  1.02754282  2.46067749  3.1557249   2.64145808 -2.91789445
  0.28653719 -0.80180372  1.76366417  2.85607446 -0.47485208 -2.32818363
  2.75505963 -3.2364514   0.78262351 -0.6019901  -1.77114845  2.69099131
 -1.81332235 -1.58092084 -2.33821098  2.19101129 -2.43747933  2.10868349
  2.03634702  1.52892949  2.39136874  2.83611927  1.66835226  1.23223696
 -1.53632824 -2.20458035  1.46182338  0.68608464  1.31152557 -3.06065201
 -0.38608285  2.51208584 -1.03823435  1.25182511  1.45863797  0.58382972
 -0.80410596  1.13346689  0.66702203 -0.35526686  2.7918169  -2.00322175
  1.52099824 -0.52877588  1.11534756 -2.86717199 -2.44725768  0.4573904
 -1.13605509 -0.47672403  0.35074069 -0.11348157 -1.64605349 -0.02858318
 -0.84485012  2.79325585 -1.10715588 -1.3563837  -0.94511536  1.10867023
  1.88532922 -0.72586385  2.00203756 -2.18722819 -0.37533644 -0.73634142
 -2.88851133  3.14889767 -1.66668681  3.13416701 -1.22822958 -2.72813158
  3.2991779  -1.24617438 -0.79115269 -2.85362156 -2.72535474  2.53221077
 -2.1349721  -2.0853288  -0.19034904  3.13264703  0.25912405  0.20096957
 -1.29526424 -0.71053211 -1.71935685 -3.07731689  2.86184315  1.2338531
 -0.50028969 -2.16506729  1.1451206  -1.10354495 -0.46880972 -2.72880731
 -2.07382638  1.8210975  -0.87613111  2.6438383  -0.47425319 -2.70385126
 -2.79614594  2.21743083 -3.14680024 -0.47555443 -0.97947823 -0.26723797
  2.35039846  1.86053675  0.03195841 -2.59711413 -2.69321964  0.20127007
 -0.7209823   1.25421996 -2.62237255  1.09207336 -0.43437349  0.37093664
  1.9073754   0.46620036  0.63321572 -1.23455827  1.79380268  2.91709535
  0.96018148  0.17797824 -1.12721361  2.38712565  0.76456692 -1.92479913
 -0.0296395   1.89032962  0.98725137 -1.1084917  -2.33005183  2.27067742
  1.94619669  1.94036521  2.22597262  1.93740406 -1.63814776 -3.11215603
  0.42024489  1.33302628 -2.30195856 -1.14251272  2.31537755  1.37329167
 -0.24081955 -1.81851171 -1.64701361  1.95664476  1.31057478 -1.0542999
 -0.20703503 -0.65783653 -0.30170573  2.30153783 -0.64545577 -0.93399298
  0.77637827 -2.35535815  0.58949306  2.79750518 -0.36519286  1.98851551
 -1.85420098 -1.30702048 -2.60841129 -2.3857782  -1.53681706 -3.00548989
  2.04727558  1.75612666  1.56177116  1.17403803  1.57816187 -2.4411027
 -2.5220415   1.75140878  1.05801105 -0.27865711 -2.48214124  1.45279493
 -1.05350472 -3.05536153 -0.06961425  1.9584143  -2.69942606 -2.36319115
  1.9056747   1.07518867 -0.62315721 -0.48091944 -0.94317671  1.95493739
  0.46898584 -0.37705871  0.44870444 -2.26040113  1.24855812 -0.13413799
  2.37311593  1.24011124  2.86058172 -1.05089883  2.11909099 -0.38406281
 -3.29888506  2.18130488  0.82128561  1.96093653 -1.29956289  1.44470289
 -2.08368864  0.18128683  0.13017087 -2.78160953 -0.87806653 -2.35292366
  0.05954486 -0.55920021]
Sat May 25 13:54:51 2024,106,0.11361104003307143,[-4.48077016  2.32865064 -1.86197147 -0.14473185  0.15444147 -2.67275235
  3.02258573  2.11063855  1.42493791 -0.90795968  0.61321234  1.13317431
  1.14598319 -1.54484597  0.74698631  2.77836806 -0.75659519 -0.63066541
 -1.78493971  0.61883503  1.67640788  3.00268813 -1.21584111 -0.3001846
 -2.46588129 -2.34541619  2.99296846  2.75590075 -0.53510718 -2.39957573
  1.4777783  -0.0725568  -2.30656595  2.08761049  1.29615895 -0.59532777
  0.8806031  -2.3467488  -0.04520456  2.12933018 -0.20194249  0.40428297
  2.75841401  1.02098064  2.45411531  3.14916271  2.6348959  -2.91133227
  0.27997501 -0.80836591  1.75710199  2.86263664 -0.48141427 -2.33474581
  2.76162181 -3.24301359  0.78918569 -0.59542792 -1.76458627  2.6975535
 -1.80676017 -1.58748303 -2.3316488   2.18444911 -2.43091715  2.10212131
  2.04290921  1.53549168  2.38480655  2.82955708  1.66179007  1.22567477
 -1.52976606 -2.19801816  1.46838556  0.69264683  1.30496339 -3.05408983
 -0.39264503  2.50552366 -1.03167217  1.24526292  1.46520016  0.57726754
 -0.79754377  1.12690471  0.66045985 -0.34870468  2.79837909 -1.99665956
  1.52756042 -0.52221369  1.12190975 -2.86060981 -2.45381986  0.46395258
 -1.14261727 -0.48328622  0.35730288 -0.10691939 -1.6394913  -0.02202099
 -0.85141231  2.79981803 -1.1005937  -1.36294588 -0.93855317  1.11523242
  1.87876704 -0.71930167  1.99547537 -2.19379037 -0.38189862 -0.74290361
 -2.88194915  3.15545985 -1.66012462  3.12760482 -1.23479176 -2.7215694
  3.30574008 -1.23961219 -0.78459051 -2.84705937 -2.73191693  2.52564858
 -2.14153428 -2.07876661 -0.18378686  3.13920921  0.25256187  0.19440739
 -1.28870206 -0.70396992 -1.72591904 -3.07075471  2.86840534  1.22729092
 -0.50685188 -2.15850511  1.13855841 -1.11010713 -0.4753719  -2.72224512
 -2.06726419  1.82765969 -0.86956892  2.63727612 -0.46769101 -2.69728908
 -2.78958375  2.22399301 -3.14023806 -0.46899224 -0.97291605 -0.26067578
  2.34383628  1.86709894  0.02539622 -2.59055194 -2.68665745  0.20783226
 -0.72754449  1.24765778 -2.62893473  1.09863555 -0.42781131  0.37749882
  1.91393758  0.47276255  0.62665354 -1.24112045  1.78724049  2.92365754
  0.96674367  0.18454042 -1.1337758   2.39368783  0.75800473 -1.91823694
 -0.02307732  1.89689181  0.98068919 -1.10192951 -2.32348964  2.26411523
  1.95275888  1.94692739  2.2325348   1.93084187 -1.64470995 -3.10559384
  0.4136827   1.33958847 -2.30852074 -1.1490749   2.30881537  1.37985386
 -0.24738174 -1.81194952 -1.65357579  1.95008257  1.30401259 -1.04773772
 -0.20047285 -0.66439871 -0.30826791  2.30810001 -0.65201796 -0.94055517
  0.78294045 -2.34879597  0.58293087  2.80406736 -0.35863068  1.99507769
 -1.84763879 -1.31358266 -2.61497348 -2.37921601 -1.54337925 -3.01205207
  2.04071339  1.76268885  1.56833335  1.18060021  1.58472406 -2.44766489
 -2.51547931  1.75797097  1.06457323 -0.27209493 -2.47557905  1.44623275
 -1.0600669  -3.04879935 -0.07617644  1.95185211 -2.69286388 -2.36975334
  1.91223688  1.06862648 -0.61659503 -0.48748162 -0.9497389   1.96149957
  0.46242365 -0.38362089  0.44214226 -2.25383894  1.25512031 -0.1275758
  2.37967811  1.23354905  2.85401954 -1.05746102  2.12565317 -0.39062499
 -3.30544725  2.18786706  0.81472343  1.96749871 -1.30612507  1.45126508
 -2.09025082  0.18784902  0.12360869 -2.77504735 -0.88462871 -2.34636148
  0.06610705 -0.5657624 ]
Sat May 25 13:55:24 2024,107,0.11238770442128945,[-4.48708919  2.32233161 -1.8682905  -0.13841282  0.1607605  -2.66643332
  3.0162667   2.10431952  1.43125694 -0.91427871  0.60689331  1.12685528
  1.13966416 -1.551165    0.74066728  2.78468709 -0.76291422 -0.63698444
 -1.77862068  0.612516    1.67008885  2.9963691  -1.20952208 -0.29386557
 -2.45956226 -2.33909716  2.99928749  2.76221978 -0.54142621 -2.40589476
  1.47145927 -0.07887583 -2.30024692  2.09392952  1.28983992 -0.58900874
  0.87428407 -2.34042977 -0.03888553  2.12301115 -0.20826152  0.39796394
  2.75209498  1.02729967  2.44779628  3.14284368  2.62857687 -2.9176513
  0.27365598 -0.81468494  1.76342102  2.85631761 -0.47509524 -2.32842678
  2.76794084 -3.24933262  0.79550472 -0.58910889 -1.7709053   2.70387253
 -1.80044114 -1.581164   -2.32532977  2.17813008 -2.43723618  2.10844034
  2.04922824  1.52917265  2.39112558  2.83587611  1.65547104  1.2319938
 -1.52344703 -2.20433719  1.47470459  0.6863278   1.31128242 -3.0477708
 -0.386326    2.51184269 -1.02535314  1.25158195  1.45888113  0.58358657
 -0.8038628   1.12058568  0.65414082 -0.35502371  2.80469812 -2.00297859
  1.52124139 -0.51589466  1.11559072 -2.86692884 -2.44750083  0.45763355
 -1.1489363  -0.48960525  0.36362191 -0.10060035 -1.63317227 -0.01570196
 -0.84509328  2.80613706 -1.10691273 -1.36926491 -0.93223414  1.10891339
  1.87244801 -0.7256207   2.0017944  -2.18747134 -0.38821765 -0.73658458
 -2.88826818  3.14914082 -1.66644365  3.13392385 -1.22847273 -2.71525037
  3.31205911 -1.23329316 -0.77827148 -2.8533784  -2.7255979   2.51932955
 -2.13521525 -2.07244758 -0.17746783  3.13289018  0.24624284  0.20072642
 -1.28238303 -0.71028895 -1.73223807 -3.07707374  2.87472437  1.23360995
 -0.51317091 -2.16482414  1.14487744 -1.1037881  -0.48169093 -2.72856415
 -2.06094516  1.82134066 -0.87588795  2.64359515 -0.47401004 -2.70360811
 -2.79590278  2.23031204 -3.13391903 -0.47531127 -0.96659702 -0.25435675
  2.33751725  1.8607799   0.03171525 -2.58423291 -2.69297648  0.21415129
 -0.73386352  1.25397681 -2.63525376  1.09231652 -0.42149228  0.38381785
  1.90761855  0.47908158  0.63297257 -1.24743948  1.78092146  2.92997657
  0.9730627   0.17822139 -1.14009483  2.3873688   0.7516857  -1.92455597
 -0.01675829  1.89057278  0.97437016 -1.10824854 -2.31717061  2.2577962
  1.95907791  1.94060836  2.23885383  1.9371609  -1.65102898 -3.09927481
  0.40736367  1.3459075  -2.30220171 -1.14275587  2.3151344   1.37353483
 -0.25370077 -1.81826855 -1.65989482  1.94376354  1.29769356 -1.04141869
 -0.20679188 -0.65807968 -0.31458694  2.30178098 -0.64569893 -0.9468742
  0.77662142 -2.34247694  0.5892499   2.79774833 -0.36494971  2.00139672
 -1.85395782 -1.30726363 -2.60865445 -2.38553504 -1.53706022 -3.00573304
  2.04703242  1.75636982  1.56201432  1.17428118  1.57840503 -2.45398392
 -2.50916028  1.76429     1.0582542  -0.2657759  -2.48189808  1.43991372
 -1.06638593 -3.05511838 -0.06985741  1.94553308 -2.69918291 -2.36343431
  1.91855591  1.07494551 -0.610276   -0.48116259 -0.95605793  1.9678186
  0.45610462 -0.38993992  0.43582323 -2.24751991  1.26143934 -0.13389483
  2.38599714  1.23986808  2.86033857 -1.05114199  2.11933414 -0.38430596
 -3.29912821  2.19418609  0.82104246  1.97381774 -1.29980604  1.44494605
 -2.09656985  0.19416805  0.12992772 -2.76872832 -0.89094774 -2.35268051
  0.07242608 -0.55944337]
Sat May 25 13:55:49 2024,108,0.11125015030722847,[-4.49317391  2.32841632 -1.86220578 -0.13232811  0.15467578 -2.67251804
  3.01018198  2.09823481  1.43734165 -0.92036343  0.61297802  1.12077056
  1.13357944 -1.54508029  0.746752    2.7907718  -0.76899893 -0.63089973
 -1.78470539  0.61860072  1.67617356  2.99028438 -1.21560679 -0.29995028
 -2.45347755 -2.34518187  3.0053722   2.76830449 -0.54751092 -2.39981004
  1.47754398 -0.07279111 -2.30633164  2.0878448   1.2837552  -0.59509346
  0.88036878 -2.33434505 -0.03280081  2.11692643 -0.21434624  0.40404866
  2.74601026  1.03338438  2.44171156  3.1489284   2.63466158 -2.92373602
  0.27974069 -0.82076965  1.76950573  2.8502329  -0.48117995 -2.32234207
  2.76185613 -3.25541733  0.80158944 -0.5951936  -1.76482058  2.69778781
 -1.80652585 -1.57507928 -2.33141448  2.17204536 -2.43115146  2.11452505
  2.05531295  1.53525736  2.3972103   2.8297914   1.66155576  1.22590909
 -1.51736231 -2.21042191  1.48078931  0.68024308  1.3051977  -3.05385551
 -0.39241072  2.5179274  -1.03143785  1.25766667  1.46496584  0.57750185
 -0.80994752  1.11450096  0.6480561  -0.34893899  2.7986134  -2.00906331
  1.52732611 -0.50980995  1.12167543 -2.87301355 -2.45358555  0.46371827
 -1.14285159 -0.49568996  0.35753719 -0.09451564 -1.63925699 -0.02178668
 -0.83900856  2.80005235 -1.10082801 -1.36318019 -0.92614943  1.10282867
  1.86636329 -0.73170541  1.99570969 -2.19355606 -0.38213294 -0.73049986
 -2.88218346  3.15522554 -1.66035894  3.12783914 -1.23455745 -2.70916565
  3.31814383 -1.22720845 -0.77218676 -2.85946312 -2.71951318  2.51324484
 -2.14129997 -2.06636287 -0.17138311  3.12680547  0.25232755  0.1946417
 -1.27629831 -0.71637367 -1.73832278 -3.07098902  2.88080908  1.23969466
 -0.50708619 -2.17090885  1.13879273 -1.09770339 -0.47560622 -2.72247944
 -2.05486045  1.82742537 -0.88197267  2.63751043 -0.46792532 -2.69752339
 -2.8019875   2.23639676 -3.14000374 -0.46922656 -0.9605123  -0.26044147
  2.34360196  1.86686462  0.02563054 -2.59031763 -2.68689177  0.220236
 -0.7277788   1.24789209 -2.62916905  1.09840123 -0.42757699  0.38990257
  1.91370327  0.47299686  0.63905728 -1.2535242   1.77483675  2.93606128
  0.96697798  0.18430611 -1.13401011  2.38128409  0.75777042 -1.93064069
 -0.022843    1.89665749  0.98045487 -1.10216383 -2.32325533  2.26388092
  1.96516262  1.93452364  2.24493855  1.93107619 -1.64494426 -3.10535953
  0.41344839  1.33982278 -2.296117   -1.13667116  2.30904968  1.37961954
 -0.24761605 -1.82435327 -1.65381011  1.93767883  1.30377828 -1.03533397
 -0.21287659 -0.65199496 -0.32067166  2.3078657  -0.63961421 -0.94078948
  0.77053671 -2.34856165  0.59533462  2.79166362 -0.37103443  1.99531201
 -1.86004254 -1.31334835 -2.60256973 -2.39161976 -1.5309755  -2.99964833
  2.05311714  1.7502851   1.5559296   1.16819647  1.58448974 -2.4478992
 -2.50307557  1.77037471  1.05216949 -0.27186061 -2.4879828   1.44599843
 -1.06030122 -3.04903366 -0.06377269  1.93944837 -2.70526763 -2.36951902
  1.9124712   1.0688608  -0.60419128 -0.48724731 -0.96214264  1.96173388
  0.45001991 -0.38385521  0.42973851 -2.25360463  1.25535462 -0.12781012
  2.37991243  1.23378337  2.86642328 -1.04505727  2.12541886 -0.39039068
 -3.2930435   2.20027081  0.81495774  1.96773302 -1.30589076  1.45103076
 -2.09048514  0.20025276  0.123843   -2.77481304 -0.88486303 -2.35876523
  0.07851079 -0.55335865]
Sat May 25 13:56:20 2024,109,0.11019241037101599,[-4.49903289  2.32255734 -1.8563468  -0.12646912  0.16053477 -2.67837702
  3.004323    2.09237583  1.44320063 -0.92622241  0.618837    1.11491158
  1.13943843 -1.5392213   0.75261098  2.79663078 -0.76313995 -0.63675871
 -1.79056437  0.61274173  1.67031458  2.99614336 -1.20974781 -0.2940913
 -2.45933653 -2.33932289  2.99951322  2.76244551 -0.5533699  -2.40566902
  1.48340297 -0.06693213 -2.30047266  2.08198582  1.28961418 -0.60095244
  0.88622777 -2.34020404 -0.02694183  2.12278542 -0.20848725  0.39818967
  2.74015128  1.03924337  2.43585258  3.15478738  2.64052056 -2.91787703
  0.28559968 -0.82662863  1.76364675  2.85609188 -0.48703893 -2.31648309
  2.76771511 -3.24955835  0.80744842 -0.60105259 -1.7589616   2.7036468
 -1.80066687 -1.58093827 -2.3255555   2.16618638 -2.42529248  2.12038404
  2.06117193  1.52939838  2.39135131  2.82393241  1.65569678  1.2200501
 -1.52322129 -2.21628089  1.48664829  0.68610206  1.31105668 -3.05971449
 -0.38655174  2.52378638 -1.02557887  1.26352565  1.47082482  0.57164287
 -0.8158065   1.12035994  0.65391509 -0.35479798  2.80447239 -2.00320433
  1.53318509 -0.50395097  1.12753441 -2.87887253 -2.44772657  0.45785929
 -1.14871057 -0.50154895  0.36339617 -0.10037462 -1.63339801 -0.02764566
 -0.84486754  2.80591133 -1.09496903 -1.36903918 -0.92029045  1.09696969
  1.86050431 -0.72584643  1.98985071 -2.18769708 -0.37627395 -0.73635884
 -2.87632448  3.14936656 -1.66621792  3.13369812 -1.24041643 -2.70330667
  3.32400281 -1.22134947 -0.77804574 -2.8653221  -2.7136542   2.50738585
 -2.13544099 -2.07222185 -0.1772421   3.13266445  0.24646857  0.18878272
 -1.27043933 -0.71051469 -1.74418177 -3.076848    2.88666806  1.24555364
 -0.50122721 -2.17676783  1.13293374 -1.10356237 -0.4814652  -2.72833842
 -2.06071943  1.83328436 -0.87611369  2.64336941 -0.46206634 -2.69166441
 -2.79612852  2.23053778 -3.14586273 -0.47508554 -0.96637129 -0.25458249
  2.34946095  1.8727236   0.01977156 -2.58445865 -2.68103278  0.22609499
 -0.73363778  1.24203311 -2.62331007  1.10426021 -0.43343597  0.39576155
  1.91956225  0.46713788  0.6331983  -1.25938318  1.78069573  2.94192026
  0.97283696  0.19016509 -1.1398691   2.3754251   0.7636294  -1.93649967
 -0.02870199  1.89079851  0.97459589 -1.10802281 -2.31739635  2.25802194
  1.97102161  1.92866466  2.25079753  1.93693517 -1.65080324 -3.09950055
  0.41930737  1.34568176 -2.29025802 -1.13081218  2.31490866  1.37376056
 -0.25347503 -1.83021225 -1.64795113  1.94353781  1.2979193  -1.02947499
 -0.21873557 -0.64613598 -0.32653064  2.30200672 -0.64547319 -0.94664846
  0.76467773 -2.35442063  0.6011936   2.78580463 -0.37689341  2.00117099
 -1.86590152 -1.31920733 -2.60842872 -2.38576077 -1.52511652 -3.00550731
  2.04725816  1.75614408  1.55007062  1.17405545  1.59034872 -2.44204022
 -2.49721658  1.7762337   1.04631051 -0.2777196  -2.49384178  1.45185741
 -1.0661602  -3.05489264 -0.05791371  1.94530735 -2.69940864 -2.375378
  1.91833018  1.06300182 -0.61005027 -0.48138832 -0.95628366  1.96759287
  0.45587889 -0.38971419  0.43559749 -2.24774565  1.2612136  -0.12195114
  2.38577141  1.23964235  2.87228227 -1.03919829  2.11955988 -0.39624966
 -3.29890248  2.19441183  0.80909876  1.97359201 -1.31174974  1.44517178
 -2.08462616  0.20611174  0.11798402 -2.76895405 -0.89072201 -2.36462421
  0.07265181 -0.54749967]
Sat May 25 13:56:44 2024,110,0.10920891154661642,[-4.50467446  2.31691577 -1.85070523 -0.12082755  0.16617634 -2.68401859
  3.00996457  2.0980174   1.43755906 -0.92058084  0.62447858  1.10927001
  1.14508    -1.54486287  0.74696941  2.79098921 -0.76878152 -0.63111714
 -1.7849228   0.6183833   1.66467301  3.00178494 -1.21538938 -0.29973287
 -2.45369496 -2.33368132  2.99387165  2.75680394 -0.55901147 -2.40002745
  1.48904454 -0.0725737  -2.29483109  2.08762739  1.29525575 -0.60659401
  0.88058619 -2.33456246 -0.0325834   2.11714384 -0.20284568  0.40383125
  2.73450971  1.04488494  2.44149415  3.16042895  2.63487899 -2.9235186
  0.2799581  -0.82098706  1.75800518  2.85045031 -0.48139736 -2.31084152
  2.77335668 -3.25519992  0.80180685 -0.59541102 -1.75332003  2.70928837
 -1.80630844 -1.5752967  -2.31991393  2.17182795 -2.43093405  2.11474247
  2.0668135   1.52375681  2.39699289  2.81829084  1.66133835  1.21440853
 -1.51757972 -2.22192246  1.48100672  0.69174363  1.31669826 -3.05407292
 -0.39219331  2.52942796 -1.0199373   1.26916722  1.46518325  0.5660013
 -0.82144807  1.12600152  0.64827352 -0.36043955  2.81011396 -1.99756275
  1.53882666 -0.4983094   1.13317598 -2.88451411 -2.45336814  0.46350086
 -1.15435214 -0.50719052  0.3577546  -0.09473305 -1.63903958 -0.03328723
 -0.85050911  2.8115529  -1.08932746 -1.37468075 -0.92593202  1.09132812
  1.86614588 -0.72020486  1.99549228 -2.18205551 -0.37063238 -0.73071727
 -2.87068291  3.15500813 -1.66057635  3.12805655 -1.246058   -2.70894824
  3.32964438 -1.22699104 -0.78368731 -2.87096367 -2.71929577  2.51302742
 -2.14108256 -2.07786342 -0.18288367  3.13830602  0.25211014  0.19442429
 -1.2760809  -0.70487312 -1.73854019 -3.07120643  2.88102649  1.23991207
 -0.50686878 -2.18240941  1.13857532 -1.10920394 -0.47582363 -2.73397999
 -2.066361    1.83892593 -0.87047212  2.64901098 -0.46770791 -2.68602284
 -2.79048694  2.23617935 -3.1515043  -0.46944397 -0.97201286 -0.24894091
  2.35510252  1.86708203  0.02541313 -2.57881708 -2.67539121  0.23173656
 -0.73927936  1.24767468 -2.62895164  1.10990178 -0.4277944   0.40140312
  1.92520382  0.46149631  0.63883987 -1.26502475  1.7863373   2.93627869
  0.97847853  0.18452352 -1.13422752  2.38106668  0.75798783 -1.9308581
 -0.03434356  1.88515694  0.98023746 -1.10238124 -2.32303792  2.26366351
  1.97666318  1.92302309  2.2564391   1.9312936  -1.65644482 -3.09385898
  0.42494894  1.34004019 -2.29589959 -1.12517061  2.30926709  1.37940213
 -0.2591166  -1.83585382 -1.6535927   1.94917938  1.29227772 -1.03511656
 -0.22437714 -0.64049441 -0.32088907  2.30764829 -0.63983162 -0.94100689
  0.75903615 -2.3600622   0.59555203  2.78016306 -0.37125184  2.00681256
 -1.87154309 -1.3248489  -2.61407029 -2.3801192  -1.51947495 -3.01114888
  2.04161658  1.75050251  1.55571219  1.16841388  1.5959903  -2.43639865
 -2.50285816  1.77059212  1.04066894 -0.27207803 -2.48820021  1.45749899
 -1.07180177 -3.04925107 -0.05227214  1.93966578 -2.70505021 -2.38101957
  1.91268861  1.06864339 -0.6044087  -0.4870299  -0.95064209  1.9619513
  0.45023732 -0.38407262  0.42995592 -2.24210407  1.26685518 -0.12759271
  2.39141298  1.23400078  2.87792384 -1.04483986  2.1139183  -0.39060809
 -3.29326091  2.18877025  0.80345719  1.96795044 -1.30610817  1.45081335
 -2.09026773  0.20047017  0.11234245 -2.77459562 -0.89636358 -2.37026578
  0.06701024 -0.55314124]
Sat May 25 13:57:19 2024,111,0.1082944530152075,[-4.51010669  2.32234799 -1.84527301 -0.11539533  0.17160856 -2.68945081
  3.00453235  2.09258517  1.43212684 -0.92601306  0.6299108   1.10383779
  1.15051222 -1.53943065  0.74153719  2.79642143 -0.7633493  -0.63654936
 -1.77949058  0.61295108  1.65924079  2.99635271 -1.2208216  -0.30516509
 -2.44826274 -2.3282491   2.98843943  2.76223616 -0.55357925 -2.39459523
  1.48361231 -0.06714148 -2.28939886  2.08219517  1.30068798 -0.61202624
  0.87515397 -2.33999469 -0.02715118  2.11171162 -0.20827791  0.39839902
  2.72907748  1.05031716  2.44692637  3.16586117  2.64031121 -2.92895083
  0.28539033 -0.82641929  1.7634374   2.85588253 -0.48682959 -2.30540929
  2.7787889  -3.2497677   0.79637463 -0.60084324 -1.75875225  2.71472059
 -1.81174066 -1.56986447 -2.32534615  2.17726018 -2.42550183  2.10931024
  2.06138128  1.51832459  2.39156066  2.81285862  1.66677057  1.21984076
 -1.52301195 -2.21649024  1.48643894  0.69717586  1.31126603 -3.0486407
 -0.39762553  2.53486018 -1.01450508  1.27459944  1.45975103  0.56056907
 -0.82688029  1.13143374  0.65370574 -0.36587177  2.80468173 -1.99213053
  1.53339444 -0.49287717  1.12774376 -2.87908188 -2.44793592  0.45806864
 -1.14891992 -0.50175829  0.36318682 -0.10016527 -1.63360735 -0.02785501
 -0.85594134  2.81698512 -1.09475968 -1.36924853 -0.9204998   1.09676034
  1.86071366 -0.71477264  1.99006006 -2.17662328 -0.36520016 -0.7361495
 -2.87611513  3.16044035 -1.65514412  3.12262432 -1.24062578 -2.70351602
  3.33507661 -1.23242326 -0.78911954 -2.87639589 -2.71386355  2.51845965
 -2.14651478 -2.0724312  -0.17745144  3.14373825  0.24667792  0.19985652
 -1.27064868 -0.71030534 -1.74397242 -3.07663866  2.88645871  1.23447985
 -0.50143656 -2.17697718  1.13314309 -1.11463616 -0.4703914  -2.72854777
 -2.07179322  1.8334937  -0.86503989  2.64357876 -0.46227569 -2.68059062
 -2.79591917  2.24161157 -3.15693652 -0.47487619 -0.97744508 -0.24350869
  2.34967029  1.86164981  0.03084535 -2.57338485 -2.66995899  0.22630433
 -0.74471158  1.2531069  -2.62351941  1.10446956 -0.42236218  0.40683535
  1.9197716   0.45606408  0.64427209 -1.25959253  1.78090508  2.93084647
  0.97304631  0.18995574 -1.13965975  2.3864989   0.75255561 -1.93629032
 -0.03977578  1.87972472  0.97480524 -1.09694901 -2.31760569  2.25823128
  1.9820954   1.91759087  2.25100688  1.92586137 -1.66187704 -3.0992912
  0.41951672  1.34547242 -2.29046737 -1.11973838  2.31469932  1.38483436
 -0.26454883 -1.84128604 -1.65902492  1.9546116   1.29770995 -1.02968434
 -0.21894492 -0.63506219 -0.31545685  2.30221607 -0.64526385 -0.94643911
  0.76446838 -2.36549443  0.60098425  2.78559529 -0.36581961  2.01224478
 -1.86611087 -1.31941668 -2.60863806 -2.38555143 -1.52490717 -3.00571666
  2.04704881  1.75593474  1.56114441  1.16298166  1.59055807 -2.44183087
 -2.49742593  1.77602435  1.04610116 -0.27751025 -2.48276799  1.46293121
 -1.07723399 -3.0546833  -0.04683992  1.93423356 -2.71048244 -2.3864518
  1.91812083  1.07407561 -0.60984092 -0.48159767 -0.94520987  1.95651907
  0.45566954 -0.3786404   0.43538815 -2.23667185  1.2722874  -0.13302493
  2.3968452   1.22856855  2.88335606 -1.03940764  2.10848608 -0.39604031
 -3.28782869  2.19420248  0.79802497  1.96251821 -1.30067594  1.45624557
 -2.0848355   0.19503795  0.10691023 -2.78002785 -0.9017958  -2.375698
  0.06157802 -0.55857347]
Sat May 25 13:58:01 2024,112,0.10744418472879377,[-4.51533736  2.32757867 -1.84004233 -0.12062601  0.16637788 -2.69468149
  2.99930167  2.09781585  1.43735752 -0.93124374  0.62468012  1.10906846
  1.14528154 -1.54466133  0.74676786  2.80165211 -0.76857998 -0.64178004
 -1.7742599   0.61818176  1.66447147  2.99112203 -1.22605228 -0.29993442
 -2.44303206 -2.33347978  2.9936701   2.76746684 -0.55880993 -2.38936455
  1.47838164 -0.0619108  -2.29462954  2.08742585  1.2954573  -0.61725691
  0.86992329 -2.33476401 -0.0219205   2.1169423  -0.20304723  0.4036297
  2.72384681  1.05554784  2.45215705  3.17109185  2.63508054 -2.92372015
  0.29062101 -0.83164996  1.76866808  2.86111321 -0.49206026 -2.31063997
  2.78401958 -3.24453702  0.8016053  -0.60607392 -1.76398293  2.70948991
 -1.80650999 -1.56463379 -2.32011547  2.18249085 -2.43073251  2.11454092
  2.06661196  1.52355526  2.39679134  2.8180893   1.66153989  1.21461008
 -1.52824262 -2.21125956  1.48120826  0.69194518  1.31649671 -3.04341002
 -0.39239485  2.5296295  -1.01973576  1.27983012  1.46498171  0.5553384
 -0.82164961  1.13666442  0.65893642 -0.37110245  2.80991241 -1.99736121
  1.53862512 -0.48764649  1.12251308 -2.87385121 -2.45316659  0.46329931
 -1.14368924 -0.50698897  0.3684175  -0.0949346  -1.63883803 -0.03308569
 -0.85071066  2.8222158  -1.089529   -1.3744792  -0.92573047  1.09152967
  1.86594434 -0.72000331  1.98482938 -2.18185396 -0.35996948 -0.73091882
 -2.88134581  3.16567103 -1.64991345  3.127855   -1.2353951  -2.69828534
  3.32984593 -1.23765394 -0.79435021 -2.88162657 -2.70863287  2.52369033
 -2.1412841  -2.06720052 -0.18268212  3.14896892  0.2519086   0.19462584
 -1.27587935 -0.70507466 -1.7492031  -3.07140798  2.88122804  1.22924917
 -0.49620588 -2.18220786  1.13837377 -1.10940548 -0.46516073 -2.72331709
 -2.06656255  1.82826303 -0.87027057  2.63834808 -0.45704501 -2.68582129
 -2.80114984  2.24684225 -3.1621672  -0.48010687 -0.98267576 -0.24873937
  2.34443962  1.86688049  0.03607603 -2.57861553 -2.67518967  0.23153501
 -0.7394809   1.25833758 -2.62875009  1.09923888 -0.4171315   0.41206602
  1.91454092  0.46129476  0.63904141 -1.26482321  1.78613576  2.93607715
  0.97827699  0.19518642 -1.13442907  2.39172958  0.74732493 -1.93105964
 -0.04500646  1.88495539  0.98003592 -1.10217969 -2.32283637  2.25300061
  1.98732608  1.91236019  2.2457762   1.93109205 -1.66710772 -3.09406052
  0.42474739  1.34024174 -2.29569804 -1.12496906  2.30946864  1.37960368
 -0.2697795  -1.83605537 -1.6642556   1.95984228  1.29247927 -1.02445366
 -0.2241756  -0.64029287 -0.31022617  2.29698539 -0.65049452 -0.95166979
  0.76969906 -2.36026375  0.59575357  2.79082596 -0.36058894  2.01747546
 -1.86088019 -1.32464736 -2.61386874 -2.3907821  -1.51967649 -3.01094733
  2.04181813  1.76116541  1.56637509  1.15775098  1.59578875 -2.43660019
 -2.49219525  1.78125503  1.04087048 -0.27227957 -2.47753731  1.45770053
 -1.07200332 -3.04945262 -0.04160924  1.92900288 -2.71571312 -2.38122112
  1.91289015  1.06884493 -0.60461024 -0.48682835 -0.93997919  1.96174975
  0.46090022 -0.38387107  0.44061882 -2.24190253  1.26705672 -0.13825561
  2.40207588  1.22333788  2.88858674 -1.03417696  2.11371676 -0.40127099
 -3.28259801  2.1889718   0.80325565  1.95728753 -1.29544527  1.4510149
 -2.09006618  0.20026863  0.11214091 -2.78525853 -0.90702648 -2.37046732
  0.0668087  -0.56380414]
Sat May 25 13:58:25 2024,113,0.1066535865847305,[-4.52037404  2.32254199 -1.83500565 -0.11558933  0.17141456 -2.68964481
  3.00433835  2.09277917  1.4423942  -0.92620706  0.6297168   1.10403178
  1.14024486 -1.54969801  0.75180454  2.79661543 -0.77361666 -0.63674336
 -1.76922322  0.62321844  1.66950815  2.99615871 -1.2210156  -0.3049711
 -2.43799538 -2.33851646  2.98863342  2.76243016 -0.55377325 -2.38432787
  1.48341832 -0.06694748 -2.28959286  2.09246253  1.29042062 -0.62229359
  0.86488661 -2.33980069 -0.01688382  2.12197898 -0.19801055  0.39859302
  2.72888349  1.06058452  2.45719373  3.16605517  2.64011722 -2.92875683
  0.28558433 -0.83668664  1.7636314   2.86614989 -0.49709694 -2.30560329
  2.78905626 -3.23950034  0.79656862 -0.6111106  -1.75894625  2.70445323
 -1.81154667 -1.56967047 -2.32515215  2.17745417 -2.43576919  2.1195776
  2.07164864  1.52859194  2.39175466  2.82312598  1.65650321  1.2095734
 -1.5332793  -2.20622288  1.47617158  0.69698186  1.31146003 -3.03837334
 -0.39743153  2.53466618 -1.01469908  1.2848668   1.47001839  0.55030172
 -0.82668629  1.1417011   0.65389974 -0.36606577  2.80487573 -1.99232453
  1.5436618  -0.49268317  1.1174764  -2.86881453 -2.45820327  0.46833599
 -1.13865256 -0.51202565  0.36338082 -0.09997128 -1.64387471 -0.02804901
 -0.85574734  2.81717912 -1.08449232 -1.36944252 -0.93076715  1.08649299
  1.86090766 -0.71496663  1.9797927  -2.18689064 -0.36500616 -0.7359555
 -2.87630913  3.17070771 -1.65495013  3.12281832 -1.23035842 -2.70332202
  3.33488261 -1.23261726 -0.78931353 -2.88666325 -2.71366955  2.52872701
 -2.13624742 -2.06216384 -0.17764544  3.14393224  0.25694528  0.19966252
 -1.27084267 -0.70003798 -1.74416642 -3.0663713   2.87619136  1.22421249
 -0.50124256 -2.18724454  1.13333709 -1.1043688  -0.47019741 -2.72835377
 -2.06152587  1.83329971 -0.87530725  2.6333114  -0.46208169 -2.68078461
 -2.80618652  2.25187893 -3.15713052 -0.47507019 -0.98771244 -0.25377605
  2.33940294  1.86184381  0.04111271 -2.57357885 -2.68022635  0.23657169
 -0.74451758  1.26337426 -2.63378677  1.10427556 -0.41209482  0.40702934
  1.9195776   0.46633144  0.64407809 -1.26985989  1.78109908  2.93104047
  0.98331367  0.2002231  -1.13946575  2.39676626  0.74228825 -1.92602296
 -0.05004314  1.87991871  0.97499924 -1.09714301 -2.31779969  2.24796393
  1.9822894   1.91739687  2.25081288  1.93612873 -1.66207104 -3.0990972
  0.41971071  1.33520506 -2.30073472 -1.11993238  2.31450532  1.374567
 -0.26474283 -1.84109205 -1.66929228  1.9548056   1.29751595 -1.02949034
 -0.21913892 -0.63525619 -0.31526285  2.30202207 -0.64545784 -0.95670647
  0.76466238 -2.35522707  0.60079025  2.78578928 -0.36562562  2.02251214
 -1.85584351 -1.32968404 -2.61890542 -2.39581878 -1.52471317 -3.01598401
  2.03678145  1.76620209  1.57141177  1.16278766  1.59075207 -2.43156351
 -2.49723193  1.78629171  1.04590716 -0.27731625 -2.48257399  1.45266385
 -1.06696664 -3.04441594 -0.04664592  1.93403956 -2.7207498  -2.37618444
  1.90785347  1.06380825 -0.60964692 -0.48179167 -0.94501587  1.95671307
  0.4659369  -0.38890775  0.43558214 -2.24693921  1.26202004 -0.13321893
  2.3970392   1.22837456  2.89362342 -1.03921364  2.10868008 -0.40630767
 -3.28763469  2.19400848  0.80829233  1.95225085 -1.29040859  1.45605158
 -2.09510286  0.20530531  0.10710423 -2.78022185 -0.9019898  -2.375504
  0.07184538 -0.56884082]
Sat May 25 13:58:48 2024,114,0.10591844834141688,[-4.52522402  2.32739197 -1.83015567 -0.1204393   0.17626454 -2.68479483
  2.99948838  2.0879292   1.44724417 -0.92135708  0.62486683  1.10888176
  1.13539489 -1.54484803  0.75665452  2.80146541 -0.76876668 -0.64159333
 -1.7740732   0.61836846  1.67435812  2.99130874 -1.21616563 -0.30982107
 -2.44284535 -2.34336643  2.9934834   2.75758019 -0.54892328 -2.3794779
  1.48826829 -0.07179746 -2.29444284  2.08761255  1.28557064 -0.62714357
  0.86003664 -2.33495071 -0.0217338   2.117129   -0.19316057  0.403443
  2.72403351  1.05573454  2.46204371  3.17090515  2.63526724 -2.92390685
  0.28073435 -0.83183667  1.76848137  2.86129992 -0.50194692 -2.30075332
  2.78420629 -3.23465036  0.8014186  -0.61596057 -1.76379622  2.69960326
 -1.81639664 -1.5648205  -2.32030218  2.1726042  -2.43091921  2.12442758
  2.07649861  1.52374197  2.38690469  2.82797595  1.65165324  1.20472342
 -1.52842933 -2.21107286  1.48102156  0.69213188  1.31631001 -3.04322332
 -0.39258156  2.52981621 -1.0098491   1.28971678  1.46516841  0.54545174
 -0.82183632  1.13685112  0.65874971 -0.36121579  2.80972571 -1.9971745
  1.53881182 -0.4878332   1.11262643 -2.86396455 -2.4533533   0.47318597
 -1.14350254 -0.50717568  0.35853085 -0.10482125 -1.64872469 -0.03289898
 -0.86059731  2.81232914 -1.07964235 -1.3742925  -0.93561713  1.09134296
  1.85605768 -0.71011666  1.97494272 -2.18204067 -0.36985614 -0.74080547
 -2.87145915  3.16585773 -1.65010015  3.11796835 -1.22550844 -2.69847205
  3.33973258 -1.23746723 -0.78446356 -2.88181328 -2.70881958  2.52387703
 -2.13139745 -2.06701381 -0.17279547  3.13908227  0.2520953   0.19481254
 -1.2659927  -0.70488796 -1.73931644 -3.06152132  2.87134138  1.22906247
 -0.49639259 -2.19209452  1.12848712 -1.10921878 -0.46534743 -2.7235038
 -2.06637584  1.83814968 -0.87045728  2.63816138 -0.45723172 -2.67593464
 -2.8110365   2.24702895 -3.15228054 -0.47022022 -0.98286246 -0.25862602
  2.34425291  1.85699383  0.04596268 -2.57842883 -2.68507632  0.24142167
 -0.73966761  1.25852429 -2.63863675  1.09942559 -0.40724485  0.41187932
  1.92442758  0.46148147  0.63922812 -1.26500991  1.78594905  2.92619049
  0.98816364  0.20507308 -1.13461577  2.39191628  0.73743827 -1.93087294
 -0.05489311  1.87506874  0.97984921 -1.10199299 -2.31294972  2.2528139
  1.98713937  1.92224685  2.25566285  1.93127876 -1.66692101 -3.09424723
  0.41486074  1.33035508 -2.29588475 -1.12478236  2.31935529  1.37941697
 -0.2695928  -1.84594202 -1.6644423   1.95965558  1.30236592 -1.02464037
 -0.22398889 -0.64010616 -0.31041287  2.29717209 -0.65030782 -0.9518565
  0.76951235 -2.35037709  0.60564023  2.78093931 -0.37047559  2.01766217
 -1.86069349 -1.33453401 -2.6237554  -2.39096881 -1.5198632  -3.01113404
  2.03193147  1.77105207  1.57626175  1.15793768  1.59560205 -2.42671354
 -2.49238196  1.79114168  1.05075714 -0.28216622 -2.47772401  1.45751383
 -1.07181661 -3.04926591 -0.05149589  1.92918958 -2.72559977 -2.38103441
  1.91270345  1.06865823 -0.6144969  -0.4769417  -0.94986584  1.9518631
  0.47078688 -0.38405778  0.43073217 -2.25178918  1.25717007 -0.12836895
  2.39218923  1.22352458  2.88877344 -1.04406362  2.1038301  -0.41115764
 -3.28278471  2.19885845  0.8131423   1.94740088 -1.29525856  1.4512016
 -2.09995284  0.21015528  0.10225425 -2.77537187 -0.90683978 -2.38035398
  0.0669954  -0.5736908 ]
Sat May 25 13:59:12 2024,115,0.10523485033977024,[-4.52989433  2.33206228 -1.83482599 -0.11576899  0.17159422 -2.68012452
  3.00415869  2.09259951  1.45191449 -0.9260274   0.62953714  1.11355207
  1.13072457 -1.54017772  0.76132483  2.79679509 -0.77343699 -0.64626365
 -1.76940288  0.61369815  1.66968781  2.99597905 -1.21149531 -0.30515076
 -2.43817504 -2.33869612  2.98881309  2.75290987 -0.54425296 -2.37480758
  1.48359798 -0.06712714 -2.29911315  2.09228286  1.29024096 -0.62247326
  0.85536633 -2.33962103 -0.02640411  2.12179932 -0.19783089  0.40811331
  2.7193632   1.05106423  2.45737339  3.16623483  2.63993755 -2.92857717
  0.27606404 -0.82716636  1.76381106  2.86597023 -0.50661723 -2.296083
  2.7888766  -3.22998005  0.79674829 -0.61129026 -1.75912591  2.69493294
 -1.82106695 -1.56949081 -2.32497249  2.16793389 -2.43558952  2.12909789
  2.08116893  1.51907166  2.38223437  2.83264627  1.64698293  1.20005311
 -1.53309964 -2.20640254  1.48569187  0.6968022   1.31163969 -3.038553
 -0.38791125  2.52514589 -1.01451941  1.29438709  1.46983872  0.55012205
 -0.82650663  1.13218081  0.66342002 -0.36588611  2.81439602 -2.00184482
  1.53414151 -0.49250351  1.10795612 -2.85929424 -2.44868299  0.47785628
 -1.14817285 -0.50250536  0.35386053 -0.10949156 -1.64405437 -0.0375693
 -0.86526763  2.81699946 -1.07497204 -1.36962219 -0.94028744  1.08667265
  1.85138737 -0.71478697  1.97961304 -2.17737035 -0.37452645 -0.74547579
 -2.87612947  3.17052805 -1.65477046  3.11329804 -1.22083813 -2.69380173
  3.3444029  -1.23279692 -0.78913387 -2.87714296 -2.71348989  2.52854734
 -2.12672713 -2.07168413 -0.16812515  3.14375258  0.25676562  0.19948286
 -1.26132239 -0.70021764 -1.74398675 -3.05685101  2.87601169  1.22439215
 -0.49172227 -2.1874242   1.13315743 -1.10454847 -0.46067712 -2.72817411
 -2.06170553  1.84281999 -0.86578696  2.63349107 -0.45256141 -2.68060495
 -2.81570681  2.25169927 -3.14761023 -0.4655499  -0.97819215 -0.25395571
  2.34892322  1.86166414  0.04129237 -2.57375851 -2.68040601  0.24609198
 -0.74433792  1.25385397 -2.64330706  1.1040959  -0.41191516  0.41654963
  1.91975726  0.45681115  0.63455781 -1.26968022  1.78127874  2.93086081
  0.99283396  0.20974339 -1.12994546  2.38724597  0.73276796 -1.93554325
 -0.0502228   1.87973905  0.98451952 -1.09732267 -2.3082794   2.24814359
  1.99180969  1.91757653  2.26033317  1.92660844 -1.67159132 -3.09891754
  0.41953105  1.3350254  -2.29121444 -1.12945267  2.32402561  1.38408729
 -0.27426311 -1.84127171 -1.65977199  1.96432589  1.30703624 -1.02931068
 -0.22865921 -0.64477647 -0.30574256  2.29250178 -0.64563751 -0.94718618
  0.76484204 -2.35504741  0.61031054  2.78560962 -0.36580528  2.02233248
 -1.8653638  -1.33920433 -2.62842571 -2.39563912 -1.51519289 -3.01580435
  2.02726116  1.76638176  1.58093206  1.15326737  1.60027236 -2.43138385
 -2.49705227  1.79581199  1.04608682 -0.28683654 -2.4730537   1.46218414
 -1.0671463  -3.0445956  -0.05616621  1.92451927 -2.72092946 -2.3763641
  1.90803313  1.06398791 -0.60982658 -0.48161201 -0.95453616  1.95653341
  0.46611656 -0.37938747  0.43540248 -2.24711887  1.25249975 -0.12369864
  2.39685954  1.22819489  2.89344376 -1.04873393  2.09915979 -0.41582796
 -3.28745503  2.19418814  0.81781261  1.94273057 -1.29058825  1.44653129
 -2.09528252  0.2148256   0.10692456 -2.77070156 -0.91151009 -2.38502429
  0.07166571 -0.56902049]
Sat May 25 13:59:41 2024,116,0.10459914507367703,[-4.53439178  2.33655973 -1.83932344 -0.12026644  0.16709678 -2.68462197
  2.99966124  2.08810206  1.44741704 -0.92152995  0.62503969  1.10905462
  1.12622713 -1.54467517  0.76582228  2.80129254 -0.76893955 -0.6507611
 -1.77390033  0.6092007   1.66519036  2.9914816  -1.21599276 -0.30065331
 -2.43367759 -2.34319357  2.98431564  2.75740732 -0.54875041 -2.37031013
  1.47910053 -0.07162459 -2.3036106   2.09678031  1.28574351 -0.61797581
  0.85986377 -2.33512358 -0.02190666  2.12629677 -0.19333344  0.41261076
  2.71486575  1.05556168  2.45287594  3.17073228  2.644435   -2.92407972
  0.28056149 -0.82266891  1.75931361  2.86147278 -0.50211978 -2.29158555
  2.78437915 -3.2254826   0.79225084 -0.61578771 -1.75462846  2.69943039
 -1.81656951 -1.57398826 -2.32047504  2.17243134 -2.44008697  2.12460044
  2.07667148  1.5235691   2.38673182  2.83714371  1.64248548  1.19555566
 -1.52860219 -2.21089999  1.48119442  0.69230475  1.31613714 -3.04305045
 -0.3834138   2.52064844 -1.01901686  1.28988964  1.47433617  0.5546195
 -0.83100408  1.13667826  0.66791747 -0.37038355  2.80989857 -2.00634227
  1.52964406 -0.48800606  1.10345867 -2.86379169 -2.45318043  0.48235373
 -1.1526703  -0.49800792  0.34936309 -0.11398901 -1.64855182 -0.04206675
 -0.86077018  2.81250201 -1.07047459 -1.36512474 -0.94478489  1.0911701
  1.85588482 -0.71028952  1.97511559 -2.1818678  -0.370029   -0.74097834
 -2.87163202  3.1660306  -1.65926791  3.11779548 -1.22533558 -2.68930429
  3.34890034 -1.22829947 -0.79363132 -2.88164041 -2.70899244  2.53304479
 -2.13122458 -2.06718668 -0.1726226   3.13925513  0.25226817  0.20398031
 -1.25682494 -0.69572019 -1.7394893  -3.06134846  2.87151425  1.21989471
 -0.49621972 -2.18292675  1.12865998 -1.10904591 -0.45617967 -2.73267156
 -2.06620298  1.84731744 -0.87028441  2.63798851 -0.45705885 -2.6851024
 -2.82020426  2.24720182 -3.14311278 -0.46105245 -0.9826896  -0.24945826
  2.35342067  1.8571667   0.03679492 -2.56926106 -2.67590856  0.24159453
 -0.73984047  1.24935653 -2.63880961  1.10859335 -0.40741771  0.42104708
  1.91525981  0.45231371  0.63905526 -1.26518278  1.78577619  2.93535826
  0.99733141  0.20524594 -1.12544801  2.39174342  0.72827051 -1.9310458
 -0.05472025  1.8752416   0.98002207 -1.10182012 -2.31277685  2.25264104
  1.99630713  1.92207398  2.26483061  1.93110589 -1.66709388 -3.09442009
  0.4150336   1.33052795 -2.28671699 -1.12495522  2.31952816  1.38858473
 -0.27876056 -1.83677426 -1.66426944  1.96882334  1.31153369 -1.02481323
 -0.23315666 -0.64927392 -0.30124511  2.29699923 -0.65013495 -0.95168363
  0.76034459 -2.35054996  0.61480799  2.79010707 -0.37030273  2.02682993
 -1.86986125 -1.34370177 -2.62392826 -2.40013657 -1.51069544 -3.0113069
  2.02276371  1.76188431  1.58542951  1.14876992  1.59577491 -2.4268864
 -2.50154972  1.80030944  1.05058427 -0.29133399 -2.47755115  1.45768669
 -1.07164375 -3.04909305 -0.06066366  1.92901672 -2.71643201 -2.38086155
  1.90353569  1.06848536 -0.61432403 -0.48610946 -0.95003871  1.96103086
  0.47061401 -0.38388491  0.43090503 -2.25161632  1.2480023  -0.11920119
  2.40135699  1.22369745  2.88894631 -1.05323138  2.10365724 -0.41133051
 -3.28295758  2.18969069  0.81331517  1.93823312 -1.2860908   1.44203384
 -2.09977997  0.21032815  0.10242711 -2.76620411 -0.90701264 -2.38052684
  0.06716826 -0.56452304]
Sat May 25 14:00:09 2024,117,0.10400793963486499,[-4.53872292  2.34089087 -1.83499229 -0.12459758  0.16276563 -2.68895311
  3.00399238  2.0924332   1.4430859  -0.92586109  0.62070855  1.11338577
  1.12189598 -1.54034403  0.77015342  2.80562368 -0.77327069 -0.64642995
 -1.76956919  0.61353184  1.66085922  2.99581275 -1.21166162 -0.30498445
 -2.43800873 -2.34752471  2.98864678  2.76173846 -0.55308155 -2.36597899
  1.48343167 -0.06729345 -2.30794174  2.09244917  1.28141237 -0.62230695
  0.86419492 -2.33079244 -0.0262378   2.12196563 -0.19766458  0.40827962
  2.71919689  1.05123054  2.45720709  3.16640114  2.64876614 -2.92841086
  0.28489263 -0.81833777  1.76364475  2.85714164 -0.49778864 -2.28725441
  2.78004801 -3.22115146  0.79658198 -0.61145657 -1.7589596   2.70376153
 -1.82090065 -1.5783194  -2.3161439   2.16810019 -2.44441811  2.12893158
  2.07234034  1.51923796  2.38240068  2.83281257  1.64681662  1.1998868
 -1.52427105 -2.21523113  1.48552556  0.69663589  1.311806   -3.03871931
 -0.37908266  2.52497959 -1.023348    1.29422078  1.47000503  0.55895064
 -0.83533522  1.1410094   0.67224861 -0.3747147   2.81422971 -2.00201112
  1.52531292 -0.48367492  1.09912753 -2.86812283 -2.45751158  0.48668487
 -1.15700144 -0.50233906  0.34503194 -0.11832015 -1.64422068 -0.04639789
 -0.85643904  2.81683315 -1.06614345 -1.36945588 -0.94911603  1.08683896
  1.86021596 -0.70595838  1.97078445 -2.17753666 -0.36569786 -0.7366472
 -2.87596316  3.16169946 -1.66359905  3.12212663 -1.22966672 -2.68497314
  3.3445692  -1.22396833 -0.78930018 -2.88597155 -2.7046613   2.53737593
 -2.13555572 -2.06285554 -0.17695374  3.13492399  0.24793703  0.19964916
 -1.26115608 -0.69138905 -1.74382045 -3.05701732  2.87584539  1.21556356
 -0.49188858 -2.17859561  1.13299112 -1.10471477 -0.46051081 -2.72834042
 -2.07053412  1.8429863  -0.87461555  2.63365737 -0.46139    -2.68077126
 -2.81587312  2.25153296 -3.14744392 -0.45672131 -0.98702074 -0.24512712
  2.34908953  1.85283555  0.04112606 -2.56492992 -2.6802397   0.24592567
 -0.74417161  1.24502538 -2.64314075  1.11292449 -0.40308657  0.41671594
  1.91092867  0.45664485  0.63472411 -1.26085163  1.78144505  2.9396894
  1.00166255  0.2009148  -1.12111687  2.39607456  0.72393937 -1.92671466
 -0.05038911  1.87957275  0.97569093 -1.10615126 -2.30844571  2.25697218
  2.00063828  1.92640512  2.26049947  1.93543703 -1.66276273 -3.09008895
  0.41070246  1.32619681 -2.28238585 -1.12062408  2.31519702  1.38425359
 -0.27442942 -1.8411054  -1.6599383   1.9644922   1.31586483 -1.02048209
 -0.2374878  -0.64494278 -0.29691397  2.29266809 -0.6544661  -0.94735249
  0.75601345 -2.3548811   0.61047685  2.78577593 -0.36597158  2.03116107
 -1.87419239 -1.34803292 -2.61959712 -2.40446771 -1.5063643  -3.01563804
  2.02709485  1.76621545  1.58109837  1.14443878  1.59144377 -2.42255526
 -2.50588086  1.80464058  1.05491541 -0.28700285 -2.47322001  1.45335555
 -1.0673126  -3.04476191 -0.0649948   1.92468558 -2.71210087 -2.37653041
  1.90786683  1.06415422 -0.61865517 -0.48177832 -0.94570757  1.965362
  0.46628287 -0.38821606  0.43523618 -2.25594746  1.25233345 -0.12353233
  2.40568813  1.2193663   2.88461517 -1.05756252  2.10798838 -0.41566165
 -3.27862644  2.18535955  0.81764631  1.94256426 -1.28175966  1.4377027
 -2.10411111  0.21465929  0.10675826 -2.76187297 -0.91134378 -2.3761957
  0.07149941 -0.5601919 ]
Sat May 25 14:00:40 2024,118,0.10345807904307984,[-4.54289408  2.33671971 -1.83916345 -0.12876873  0.15859448 -2.69312427
  3.00816354  2.09660436  1.44725705 -0.93003224  0.6248797   1.11755692
  1.12606714 -1.54451518  0.77432458  2.80979484 -0.77744184 -0.6422588
 -1.76539804  0.60936069  1.66503037  2.99164159 -1.21583278 -0.30915561
 -2.43383758 -2.35169586  2.98447562  2.76590962 -0.5489104  -2.36180784
  1.48760283 -0.0631223  -2.30377058  2.08827802  1.28558352 -0.6264781
  0.86002376 -2.32662128 -0.03040896  2.11779447 -0.19349342  0.40410846
  2.72336805  1.04705938  2.45303593  3.16222998  2.64459499 -2.93258202
  0.28072147 -0.81416661  1.7594736   2.85297048 -0.5019598  -2.29142557
  2.77587686 -3.22532262  0.80075313 -0.61562772 -1.75478845  2.69959038
 -1.81672949 -1.57414825 -2.32031506  2.17227135 -2.44024696  2.12476043
  2.07651149  1.51506681  2.37822952  2.83698373  1.64264546  1.20405796
 -1.5200999  -2.21940229  1.48969672  0.70080705  1.31597716 -3.04289047
 -0.3749115   2.52080843 -1.02751916  1.29004963  1.47417619  0.55477949
 -0.83116407  1.14518055  0.67641977 -0.37054354  2.81005856 -1.99783997
  1.52114176 -0.48784608  1.09495637 -2.87229398 -2.46168273  0.49085603
 -1.15283028 -0.50651021  0.3492031  -0.114149   -1.64839184 -0.04222673
 -0.85226788  2.82100431 -1.06197229 -1.36528472 -0.94494488  1.09101011
  1.86438711 -0.70178723  1.96661329 -2.18170782 -0.36986902 -0.74081835
 -2.88013432  3.1575283  -1.6594279   3.12629778 -1.22549557 -2.6891443
  3.34874036 -1.21979717 -0.78512902 -2.89014271 -2.70883245  2.53320478
 -2.13138457 -2.05868438 -0.1811249   3.13075284  0.24376587  0.20382032
 -1.26532724 -0.69556021 -1.73964929 -3.05284616  2.87167423  1.21973472
 -0.48771742 -2.17442446  1.12881997 -1.10054362 -0.45633965 -2.73251157
 -2.06636296  1.84715746 -0.87878671  2.63782853 -0.46556115 -2.68494242
 -2.81170196  2.25570412 -3.14327277 -0.45255016 -0.98284958 -0.24929828
  2.34491838  1.85700671  0.03695491 -2.56075877 -2.67606855  0.24175452
 -0.74834277  1.24919654 -2.64731191  1.10875334 -0.39891541  0.41254478
  1.91509983  0.45247369  0.63889527 -1.25668048  1.7856162   2.93551824
  1.0058337   0.20508595 -1.11694572  2.40024571  0.71976822 -1.92254351
 -0.04621795  1.87540159  0.97151978 -1.10198011 -2.31261687  2.25280102
  2.00480943  1.93057628  2.25632832  1.93960819 -1.66693389 -3.08591779
  0.41487362  1.33036796 -2.27821469 -1.12479523  2.31936817  1.38842475
 -0.27860058 -1.84527656 -1.65576714  1.96866335  1.32003598 -1.01631093
 -0.24165895 -0.64911394 -0.29274281  2.29683924 -0.65029494 -0.94318134
  0.75184229 -2.35070994  0.60630569  2.78994708 -0.37014274  2.03533222
 -1.87836355 -1.34386176 -2.61542596 -2.40863887 -1.51053545 -3.01146689
  2.03126601  1.7703866   1.57692721  1.14026762  1.58727261 -2.42672642
 -2.51005202  1.80046943  1.05074426 -0.291174   -2.47739116  1.4575267
 -1.06314145 -3.04893306 -0.06082364  1.92051442 -2.70792971 -2.38070156
  1.91203798  1.06832538 -0.61448402 -0.48594947 -0.94153641  1.96953315
  0.47045403 -0.39238721  0.43106502 -2.25177631  1.2565046  -0.12770349
  2.40985928  1.22353746  2.88044401 -1.06173368  2.11215954 -0.4198328
 -3.27445528  2.18953071  0.82181746  1.9383931  -1.28593081  1.44187385
 -2.10828227  0.21048813  0.1025871  -2.76604412 -0.91551494 -2.37202455
  0.06732825 -0.56436305]
Sat May 25 14:01:10 2024,119,0.10294663046064285,[-4.54691134  2.33270245 -1.84318071 -0.132786    0.16261174 -2.689107
  3.0121808   2.0925871   1.44323979 -0.93404951  0.62889697  1.11353966
  1.12204988 -1.54853245  0.77030731  2.80577758 -0.77342458 -0.63824154
 -1.7694153   0.60534343  1.66904764  2.98762433 -1.21181552 -0.30513834
 -2.43785484 -2.35571313  2.98849288  2.76992688 -0.54489313 -2.35779057
  1.48358556 -0.05910503 -2.30778784  2.09229528  1.28156626 -0.62246084
  0.8560065  -2.32260402 -0.02639169  2.11377721 -0.18947616  0.4000912
  2.72738531  1.05107664  2.45705319  3.16624725  2.64057773 -2.92856475
  0.27670421 -0.81014935  1.76349086  2.85698775 -0.50597706 -2.29544283
  2.77185959 -3.22130536  0.8047704  -0.61964498 -1.75880571  2.69557312
 -1.82074675 -1.57013098 -2.31629779  2.16825409 -2.44426422  2.12074316
  2.07249423  1.51104955  2.38224679  2.83296647  1.64666272  1.2000407
 -1.52411716 -2.21538503  1.49371398  0.69678978  1.31195989 -3.0388732
 -0.37089424  2.52482569 -1.0235019   1.29406689  1.47819345  0.55879675
 -0.83518133  1.14116329  0.67240251 -0.3745608   2.80604129 -1.99382271
  1.5171245  -0.48382882  1.09093911 -2.86827672 -2.45766547  0.49487329
 -1.15684755 -0.51052748  0.34518584 -0.11816626 -1.64437458 -0.03820947
 -0.84825062  2.81698704 -1.05795503 -1.36930198 -0.94896214  1.09502737
  1.86036985 -0.69776996  1.97063055 -2.17769055 -0.37388628 -0.73680109
 -2.87611705  3.16154556 -1.65541064  3.13031504 -1.22951283 -2.68512704
  3.35275762 -1.22381444 -0.78111176 -2.88612545 -2.71284972  2.52918752
 -2.12736731 -2.05466712 -0.17710764  3.1347701   0.23974861  0.20783758
 -1.2693445  -0.69957747 -1.74366655 -3.0488289   2.86765697  1.22375198
 -0.48370016 -2.17844172  1.1248027  -1.09652635 -0.46035692 -2.73652883
 -2.0623457   1.84314019 -0.88280397  2.63381127 -0.46154389 -2.68895968
 -2.81571923  2.25972138 -3.14729003 -0.44853289 -0.98686685 -0.24528101
  2.34893564  1.86102397  0.04097217 -2.56477603 -2.68008581  0.24577178
 -0.75236003  1.2532138  -2.64329465  1.1127706  -0.39489815  0.40852752
  1.91911709  0.44845643  0.63487801 -1.26069774  1.78159894  2.93150098
  1.00181644  0.20910322 -1.12096298  2.40426298  0.71575095 -1.91852624
 -0.05023521  1.87138433  0.97553704 -1.10599737 -2.3085996   2.24878376
  2.00079217  1.92655902  2.26034558  1.93559093 -1.66291663 -3.08190053
  0.41085636  1.33438522 -2.28223195 -1.12077797  2.31535091  1.39244201
 -0.27458331 -1.84929382 -1.65174988  1.96464609  1.32405324 -1.01229367
 -0.23764169 -0.6531312  -0.28872555  2.29282198 -0.64627768 -0.93916407
  0.74782503 -2.35472721  0.60228843  2.78592982 -0.36612548  2.03934949
 -1.87434628 -1.34787902 -2.6114087  -2.4046216  -1.51455271 -3.01548415
  2.02724875  1.77440387  1.58094447  1.13625036  1.59128988 -2.43074368
 -2.50603476  1.80448669  1.04672699 -0.29519126 -2.48140843  1.45350944
 -1.05912419 -3.05295033 -0.05680638  1.91649716 -2.71194697 -2.3766843
  1.90802072  1.06430812 -0.61046675 -0.48996673 -0.93751915  1.97355042
  0.47447129 -0.38836995  0.42704776 -2.25579357  1.25248734 -0.12368623
  2.40584202  1.22755472  2.87642675 -1.06575094  2.10814227 -0.41581554
 -3.27847254  2.19354797  0.82583472  1.94241037 -1.28191355  1.43785659
 -2.11229953  0.21450539  0.09856984 -2.77006139 -0.9195322  -2.37604181
  0.06331099 -0.56034579]
Sat May 25 14:01:36 2024,120,0.10247086828101129,[-4.55078058  2.33657169 -1.83931147 -0.13665523  0.16648098 -2.68523777
  3.00831156  2.09645633  1.43937055 -0.93791874  0.6327662   1.10967042
  1.12591912 -1.55240168  0.77417655  2.80964682 -0.77729382 -0.64211077
 -1.77328454  0.60147419  1.6651784   2.98375509 -1.20794628 -0.30126911
 -2.4339856  -2.35184389  2.98462365  2.76605764 -0.54876237 -2.36165981
  1.47971633 -0.0552358  -2.30391861  2.08842604  1.27769702 -0.6185916
  0.85987573 -2.31873478 -0.03026093  2.11764644 -0.18560692  0.39622196
  2.73125455  1.04720741  2.46092243  3.17011648  2.64444696 -2.92469552
  0.27283497 -0.80628011  1.7673601   2.86085698 -0.50210782 -2.29157359
  2.76799035 -3.22517459  0.80090116 -0.62351422 -1.76267495  2.69944235
 -1.81687752 -1.57400022 -2.32016703  2.16438485 -2.44813346  2.1246124
  2.07636347  1.50718031  2.37837755  2.8368357   1.65053196  1.20390993
 -1.52024792 -2.21925426  1.49758322  0.70065902  1.31582913 -3.04274244
 -0.37476348  2.52869493 -1.01963266  1.29019765  1.47432421  0.55492751
 -0.83131209  1.14503253  0.66853327 -0.37843004  2.80991053 -1.98995347
  1.51325526 -0.48769805  1.09480835 -2.87214596 -2.45379623  0.49100405
 -1.16071678 -0.50665824  0.34905508 -0.1220355  -1.64824381 -0.04207871
 -0.85211986  2.82085628 -1.05408579 -1.37317122 -0.9450929   1.09115814
  1.85650061 -0.7016392   1.97449979 -2.18155979 -0.37001704 -0.74067033
 -2.87998629  3.15767632 -1.65927987  3.12644581 -1.23338207 -2.68899628
  3.34888838 -1.22768367 -0.784981   -2.88225621 -2.70898048  2.53305675
 -2.13123654 -2.05853636 -0.1732384   3.13090086  0.23587937  0.20396834
 -1.26547526 -0.70344671 -1.73979731 -3.05269814  2.87152621  1.22762122
 -0.4875694  -2.18231096  1.12093347 -1.10039559 -0.46422615 -2.74039807
 -2.06621494  1.84700943 -0.87893473  2.62994203 -0.45767465 -2.68509044
 -2.81958846  2.26359062 -3.14342079 -0.45240213 -0.98299761 -0.24915025
  2.35280488  1.85715473  0.03710293 -2.56864527 -2.67621657  0.24964102
 -0.75622927  1.24934456 -2.63942541  1.10890136 -0.39102891  0.40465828
  1.92298633  0.45232567  0.63100877 -1.26456698  1.78546818  2.93537022
  0.9979472   0.20523398 -1.12483222  2.40813221  0.71962019 -1.92239548
 -0.05410445  1.86751509  0.97940628 -1.10212813 -2.31246884  2.24491452
  2.00466141  1.92268978  2.26421482  1.93172169 -1.66678587 -3.08576977
  0.41472559  1.33825446 -2.27836271 -1.11690873  2.31148167  1.38857277
 -0.27845255 -1.84542458 -1.64788064  1.96077685  1.32018401 -1.01616291
 -0.23377245 -0.64926196 -0.28485631  2.28895274 -0.64240844 -0.94303331
  0.75169427 -2.35859644  0.60615767  2.78206058 -0.36225624  2.04321872
 -1.87821552 -1.34400978 -2.60753946 -2.40075237 -1.51842195 -3.01161491
  2.02337951  1.7782731   1.58481371  1.13238112  1.58742064 -2.43461292
 -2.50990399  1.80061745  1.05059623 -0.29132203 -2.47753919  1.4496402
 -1.05525495 -3.05681956 -0.05293714  1.9203664  -2.71581621 -2.38055354
  1.90415148  1.06043888 -0.60659752 -0.4860975  -0.93364991  1.97741965
  0.47060205 -0.38450071  0.43091699 -2.25966281  1.25635658 -0.12755546
  2.40197278  1.23142396  2.88029599 -1.06962018  2.10427304 -0.4119463
 -3.28234178  2.18967873  0.82970396  1.93854113 -1.28578279  1.44172583
 -2.11616877  0.21063616  0.0947006  -2.77393062 -0.91566296 -2.37217257
  0.06718023 -0.56421503]
Sat May 25 14:01:59 2024,121,0.10202826007350278,[-4.55450744  2.34029855 -1.84303834 -0.13292837  0.17020784 -2.68896463
  3.01203843  2.1001832   1.44309742 -0.93419188  0.62903934  1.11339729
  1.12219225 -1.54867482  0.77790342  2.80591995 -0.78102068 -0.64583764
 -1.76955767  0.59774732  1.66890526  2.98002823 -1.20421941 -0.29754224
 -2.43025874 -2.34811702  2.98835051  2.76233078 -0.55248924 -2.35793295
  1.48344319 -0.05150893 -2.30019174  2.0921529   1.28142389 -0.62231847
  0.8636026  -2.32246165 -0.02653407  2.12137331 -0.18188006  0.39994883
  2.72752768  1.05093427  2.46464929  3.16638962  2.64817383 -2.92096865
  0.26910811 -0.81000698  1.77108696  2.86458385 -0.50583469 -2.29530046
  2.77171722 -3.22144773  0.79717429 -0.61978736 -1.75894808  2.70316922
 -1.81315065 -1.57772709 -2.3238939   2.16811171 -2.45186032  2.12088554
  2.0726366   1.51090717  2.38210441  2.83310884  1.6468051   1.20018307
 -1.51652106 -2.2155274   1.49385636  0.70438589  1.319556   -3.04646931
 -0.37849034  2.52496807 -1.01590579  1.29392452  1.47059735  0.55865438
 -0.83503896  1.14130567  0.66480641 -0.37470318  2.8136374  -1.99368033
  1.51698213 -0.48397119  1.09108148 -2.86841909 -2.45006937  0.48727719
 -1.15698992 -0.5103851   0.34532821 -0.11830863 -1.65197068 -0.04580557
 -0.85584672  2.82458315 -1.05035893 -1.37689809 -0.94881976  1.094885
  1.86022748 -0.70536607  1.97822665 -2.18528666 -0.3737439  -0.74439719
 -2.87625943  3.16140319 -1.65555301  3.13017267 -1.23710893 -2.68526941
  3.35261525 -1.23141054 -0.78125413 -2.87852934 -2.71270734  2.53678362
 -2.12750968 -2.06226322 -0.16951154  3.13462773  0.23960623  0.20769521
 -1.2617484  -0.69971984 -1.73607045 -3.056425    2.86779934  1.22389436
 -0.49129626 -2.17858409  1.1172066  -1.10412246 -0.46795302 -2.73667121
 -2.0699418   1.8507363  -0.87520787  2.63366889 -0.46140152 -2.68136358
 -2.82331533  2.25986375 -3.14714766 -0.456129   -0.98672447 -0.24542339
  2.34907801  1.85342787  0.03337607 -2.5649184  -2.67248971  0.24591415
 -0.75995613  1.25307143 -2.63569854  1.11262823 -0.39475578  0.40838515
  1.92671319  0.45605253  0.63473563 -1.26829384  1.78174131  2.93909708
  0.99422034  0.20896084 -1.12855908  2.41185908  0.72334705 -1.91866862
 -0.05783132  1.87124195  0.98313314 -1.09840127 -2.30874198  2.24864139
  2.00093454  1.91896291  2.26794168  1.92799483 -1.663059   -3.08949663
  0.41845246  1.3345276  -2.27463585 -1.11318187  2.31520854  1.38484591
 -0.27472569 -1.84169772 -1.64415378  1.96450372  1.31645714 -1.01988977
 -0.23004559 -0.65298883 -0.28858318  2.28522588 -0.63868158 -0.94676018
  0.75542113 -2.35486958  0.60988453  2.77833372 -0.35852938  2.04694559
 -1.88194239 -1.34028292 -2.6038126  -2.40447923 -1.51469509 -3.00788805
  2.02710637  1.78199997  1.58108685  1.12865426  1.5911475  -2.43833978
 -2.50617713  1.79689059  1.04686937 -0.29504889 -2.47381233  1.45336707
 -1.05152808 -3.0530927  -0.04921028  1.91663953 -2.71208935 -2.37682668
  1.90042462  1.05671201 -0.60287065 -0.48982436 -0.93737678  1.97369279
  0.47432891 -0.38077385  0.43464386 -2.25593594  1.26008344 -0.13128233
  2.40569965  1.23515082  2.87656912 -1.06589331  2.10054617 -0.40821944
 -3.27861492  2.1934056   0.83343083  1.93481426 -1.28950965  1.44545269
 -2.11989563  0.20690929  0.09842746 -2.77765749 -0.9119361  -2.36844571
  0.07090709 -0.56048816]
Sat May 25 14:04:41 2024,122,0.1016164533606018,[-4.55809737  2.33670862 -1.84662827 -0.12933844  0.17379777 -2.6853747
  3.01562836  2.10377313  1.44668735 -0.93778181  0.62544941  1.10980735
  1.12578218 -1.54508489  0.78149335  2.80233002 -0.78461061 -0.64224771
 -1.76596774  0.60133726  1.67249519  2.97643829 -1.20780934 -0.30113217
 -2.43384867 -2.34452709  2.99194044  2.76592071 -0.5488993  -2.35434302
  1.48703312 -0.047919   -2.30378167  2.09574284  1.27783396 -0.61872854
  0.86001267 -2.31887171 -0.02294414  2.11778338 -0.17829013  0.39635889
  2.72393775  1.04734434  2.46823923  3.16279969  2.65176376 -2.92455858
  0.27269804 -0.80641704  1.76749703  2.86817378 -0.50224475 -2.29889039
  2.77530715 -3.2178578   0.79358436 -0.61619743 -1.75535815  2.69957929
 -1.81674058 -1.58131702 -2.32030397  2.16452178 -2.44827039  2.12447547
  2.06904667  1.5144971   2.37851448  2.82951891  1.64321517  1.203773
 -1.52011099 -2.21911733  1.49026642  0.70797582  1.32314593 -3.04287937
 -0.37490041  2.52137813 -1.01949573  1.29751445  1.46700742  0.56224431
 -0.83862889  1.1448956   0.66121647 -0.37829311  2.81004746 -1.99727026
  1.5133922  -0.48038126  1.08749155 -2.86482916 -2.44647944  0.48368726
 -1.16057985 -0.50679517  0.34173828 -0.1147187  -1.65556061 -0.0493955
 -0.85943665  2.82099321 -1.05394886 -1.38048802 -0.9524097   1.09129507
  1.86381741 -0.708956    1.97463672 -2.18169672 -0.37015397 -0.74080726
 -2.87984936  3.15781326 -1.65196308  3.12658274 -1.24069886 -2.68885934
  3.34902532 -1.22782061 -0.78484407 -2.87493941 -2.70911741  2.53319369
 -2.12391975 -2.05867329 -0.17310147  3.13103779  0.2360163   0.21128514
 -1.25815846 -0.69612991 -1.73966038 -3.06001493  2.86420941  1.22748429
 -0.48770633 -2.18217402  1.11361667 -1.10771239 -0.47154295 -2.73308128
 -2.07353173  1.84714637 -0.8787978   2.63007896 -0.46499145 -2.67777364
 -2.8197254   2.26345368 -3.14355772 -0.45253907 -0.9903144  -0.24183346
  2.34548808  1.84983794  0.02978614 -2.56132847 -2.67607964  0.24232422
 -0.7563662   1.2494815  -2.63210861  1.10903829 -0.39834571  0.40479522
  1.93030312  0.4524626   0.6311457  -1.27188377  1.78533124  2.93550715
  0.99063041  0.21255077 -1.12496915  2.40826915  0.71975712 -1.92225855
 -0.05424139  1.86765202  0.97954321 -1.1019912  -2.30515205  2.24505146
  1.99734461  1.91537298  2.27153161  1.92440489 -1.65946907 -3.09308656
  0.42204239  1.33811753 -2.27822578 -1.10959194  2.31161861  1.38843584
 -0.27831562 -1.83810779 -1.64056385  1.96091379  1.32004707 -1.01629984
 -0.23363552 -0.6493989  -0.29217311  2.28163595 -0.64227151 -0.94317024
  0.75901106 -2.35845951  0.6062946   2.77474379 -0.35493944  2.04335566
 -1.88553232 -1.33669299 -2.60740253 -2.4008893  -1.51110516 -3.00429812
  2.02351644  1.77841004  1.57749692  1.12506433  1.59473743 -2.43474985
 -2.5025872   1.79330066  1.04327944 -0.29863882 -2.47022239  1.44977714
 -1.04793815 -3.04950277 -0.04562035  1.9130496  -2.70849942 -2.38041661
  1.89683469  1.05312208 -0.60646058 -0.49341429 -0.94096671  1.97010286
  0.47791885 -0.37718392  0.43105393 -2.25952587  1.25649351 -0.1276924
  2.40928958  1.23874076  2.87297919 -1.06948324  2.09695624 -0.41180937
 -3.28220485  2.18981566  0.8298409   1.9384042  -1.29309958  1.44186276
 -2.12348556  0.21049922  0.09483753 -2.78124742 -0.90834617 -2.36485577
  0.06731716 -0.55689823]
Sat May 25 14:06:46 2024,123,0.10123326319993545,[-4.56155561  2.34016686 -1.84317004 -0.13279667  0.17033954 -2.68191647
  3.01217012  2.10723136  1.45014558 -0.94124004  0.62199118  1.10634912
  1.12232395 -1.54162666  0.77803511  2.79887179 -0.78806885 -0.63878947
 -1.76250951  0.60479549  1.67595343  2.97298006 -1.21126758 -0.29767394
 -2.43039043 -2.34106886  2.98848221  2.76937895 -0.55235754 -2.35780125
  1.49049136 -0.05137723 -2.30032344  2.0922846   1.27437572 -0.62218677
  0.8634709  -2.31541348 -0.02640237  2.12124161 -0.18174836  0.39290066
  2.72047952  1.05080257  2.46478099  3.15934146  2.64830553 -2.92110035
  0.27615627 -0.80295881  1.7640388   2.87163201 -0.50570299 -2.30234862
  2.77876538 -3.21439956  0.7970426  -0.61965566 -1.75189992  2.70303752
 -1.82019882 -1.58477525 -2.31684573  2.16798002 -2.45172862  2.12101723
  2.07250491  1.51795534  2.38197272  2.82606068  1.6466734   1.20031477
 -1.51665276 -2.22257556  1.48680819  0.70451758  1.32660416 -3.03942114
 -0.37835864  2.5179199  -1.02295396  1.29405621  1.47046565  0.55878608
 -0.83517065  1.14835383  0.65775824 -0.37483487  2.8135057  -1.99381203
  1.51685043 -0.48383949  1.08403332 -2.86137093 -2.44993767  0.48022902
 -1.16403808 -0.50333694  0.34519651 -0.11126047 -1.65901884 -0.05285373
 -0.86289489  2.82445145 -1.05740709 -1.38394625 -0.94895146  1.0947533
  1.86035918 -0.70549776  1.97117849 -2.17823849 -0.36669574 -0.74426549
 -2.88330759  3.16127149 -1.64850484  3.13004097 -1.24415709 -2.68540111
  3.34556708 -1.22436237 -0.78138583 -2.87148118 -2.71257565  2.53665192
 -2.12737798 -2.06213152 -0.16964323  3.13449603  0.23947454  0.21474337
 -1.25470023 -0.69958815 -1.74311862 -3.0565567   2.86766764  1.23094252
 -0.49116457 -2.18563226  1.1170749  -1.10425415 -0.47500118 -2.72962304
 -2.0700735   1.84368813 -0.88225603  2.62662073 -0.46844968 -2.68123188
 -2.81626716  2.25999545 -3.14009949 -0.44908083 -0.99377264 -0.23837522
  2.34894631  1.84637971  0.03324437 -2.5647867  -2.67953787  0.23886599
 -0.75982443  1.24602326 -2.63556685  1.11249653 -0.40180394  0.40133698
  1.92684489  0.44900437  0.63460394 -1.26842554  1.78187301  2.93896538
  0.99408864  0.21600901 -1.12151092  2.41172738  0.71629889 -1.91880032
 -0.05078315  1.86419379  0.98300144 -1.10544943 -2.30169381  2.24159322
  1.99388638  1.91191475  2.27498985  1.92094666 -1.65601084 -3.0965448
  0.42550062  1.34157576 -2.27476755 -1.11305017  2.31507684  1.38497761
 -0.28177385 -1.84156602 -1.64402208  1.96437202  1.31658884 -1.01284161
 -0.23709375 -0.64594066 -0.29563134  2.28509418 -0.64572974 -0.94662848
  0.7624693  -2.36191774  0.60975283  2.77820202 -0.35839768  2.04681389
 -1.88207408 -1.34015122 -2.61086076 -2.40434753 -1.51456339 -3.00775635
  2.02005821  1.78186827  1.58095515  1.12852256  1.59819567 -2.43820808
 -2.50604543  1.79675889  1.04673767 -0.29518059 -2.46676416  1.45323537
 -1.04447992 -3.04604453 -0.04907858  1.91650784 -2.71195765 -2.37695837
  1.90029292  1.05658032 -0.60300235 -0.49687252 -0.93750847  1.96664463
  0.47446061 -0.37372568  0.42759569 -2.26298411  1.25995174 -0.13115063
  2.40583135  1.24219899  2.87643742 -1.07294148  2.10041447 -0.4152676
 -3.28566308  2.1932739   0.82638266  1.94186243 -1.29655782  1.445321
 -2.12002733  0.21395746  0.0913793  -2.77778919 -0.9118044  -2.36139754
  0.07077539 -0.56035646]
Sat May 25 14:07:10 2024,124,0.10087666053985807,[-4.56488718  2.33683528 -1.83983846 -0.1294651   0.16700797 -2.68524804
  3.00883855  2.10389979  1.44681401 -0.93790847  0.62532275  1.10968069
  1.12565552 -1.53829508  0.78136669  2.80220336 -0.79140042 -0.6354579
 -1.76584108  0.60812706  1.67262185  2.96964849 -1.21459915 -0.29434237
 -2.42705886 -2.33773729  2.99181378  2.76604737 -0.55568911 -2.36113282
  1.49382293 -0.04804566 -2.30365501  2.08895303  1.2777073  -0.62551834
  0.86680247 -2.31874505 -0.02973394  2.12457318 -0.17841679  0.39623223
  2.71714795  1.047471    2.46811256  3.15600988  2.6516371  -2.91776878
  0.27948784 -0.79962724  1.76737037  2.86830044 -0.50237142 -2.29901705
  2.77543381 -3.21773114  0.80037417 -0.62298723 -1.74856835  2.70636909
 -1.82353039 -1.58144368 -2.3201773   2.17131159 -2.4550602   2.12434881
  2.06917333  1.51462376  2.38530429  2.8227291   1.65000497  1.20364634
 -1.51332118 -2.22590714  1.48347662  0.70784916  1.32327259 -3.03608957
 -0.37502707  2.52125147 -1.01962239  1.29738779  1.46713408  0.5554545
 -0.83183908  1.1516854   0.65442667 -0.3715033   2.81683727 -1.9971436
  1.520182   -0.48050792  1.08070174 -2.8647025  -2.4466061   0.4835606
 -1.16070651 -0.50000537  0.34852809 -0.11459204 -1.66235041 -0.04952216
 -0.86622646  2.82778302 -1.06073866 -1.38727782 -0.95228304  1.09142173
  1.86369075 -0.70882934  1.97451006 -2.18157006 -0.36336417 -0.74759707
 -2.88663916  3.15793992 -1.65183642  3.13337254 -1.24748867 -2.68873268
  3.34889866 -1.2210308  -0.78471741 -2.87481275 -2.70924407  2.53998349
 -2.13070955 -2.05879995 -0.16631166  3.13116446  0.24280611  0.2114118
 -1.2580318  -0.69625657 -1.74645019 -3.05322513  2.87099922  1.23427409
 -0.48783299 -2.18230068  1.12040648 -1.10758573 -0.47833276 -2.73295462
 -2.07340507  1.84035656 -0.88558761  2.6299523  -0.47178125 -2.68456345
 -2.81959874  2.26332702 -3.14343106 -0.44574926 -0.99044107 -0.23504365
  2.35227789  1.84304813  0.0299128  -2.56811828 -2.6762063   0.23553442
 -0.76315601  1.24269169 -2.63889842  1.10916495 -0.39847237  0.40466856
  1.93017646  0.44567279  0.63793551 -1.26509397  1.78520458  2.93563381
  0.99742021  0.21267744 -1.12484249  2.41505895  0.71296732 -1.91546874
 -0.04745158  1.86752536  0.97966987 -1.10211786 -2.30502539  2.23826165
  1.99721795  1.91524632  2.27832142  1.92427823 -1.65267926 -3.09987637
  0.42883219  1.34490733 -2.27143598 -1.11638174  2.31840841  1.38164603
 -0.28510542 -1.83823445 -1.64069051  1.96770359  1.31992041 -1.01617318
 -0.24042533 -0.64927223 -0.29896292  2.28842575 -0.64906131 -0.94996005
  0.76580087 -2.36524932  0.61308441  2.78153359 -0.36172925  2.05014546
 -1.87874251 -1.34348279 -2.61419234 -2.40767911 -1.51123182 -3.01108792
  2.01672664  1.78519984  1.58428672  1.13185413  1.59486409 -2.44153966
 -2.50271386  1.80009046  1.0434061  -0.29184902 -2.47009573  1.4499038
 -1.04114835 -3.04937611 -0.04574701  1.91983941 -2.71528922 -2.3736268
  1.89696135  1.05324874 -0.59967078 -0.49354095 -0.9341769   1.96331305
  0.47779218 -0.37705726  0.42426412 -2.25965253  1.25662017 -0.1344822
  2.40249977  1.23886742  2.87310585 -1.07627305  2.10374605 -0.41859918
 -3.28899465  2.19660547  0.82305109  1.93853086 -1.29988939  1.44865257
 -2.1233589   0.21728903  0.08804773 -2.78112076 -0.91513597 -2.35806597
  0.07410696 -0.55702489]
Sat May 25 14:07:33 2024,125,0.10054476131545358,[-4.56809694  2.34004504 -1.83662871 -0.13267486  0.17021772 -2.68203828
  3.00562879  2.10069003  1.45002377 -0.94111823  0.62211299  1.10647094
  1.12886528 -1.53508533  0.77815693  2.7989936  -0.78819066 -0.63866766
 -1.76263132  0.61133682  1.6694121   2.96643873 -1.21780891 -0.29755212
 -2.42384911 -2.33452753  2.98860402  2.76925713 -0.55247935 -2.35792307
  1.49703268 -0.05125542 -2.30044526  2.08574327  1.28091705 -0.6287281
  0.87001223 -2.3155353  -0.0329437   2.12778294 -0.17520703  0.39302248
  2.71393819  1.04426124  2.46490281  3.15921964  2.64842734 -2.92097853
  0.27627809 -0.80283699  1.76416061  2.86509068 -0.50558117 -2.30222681
  2.77864357 -3.22094089  0.80358393 -0.61977748 -1.74535859  2.70315934
 -1.82032063 -1.58465344 -2.31696755  2.16810183 -2.45185044  2.12755856
  2.06596358  1.51783352  2.38851404  2.81951935  1.65321473  1.20043658
 -1.51011143 -2.22911689  1.48026686  0.71105891  1.32006283 -3.03287981
 -0.37181731  2.52446123 -1.01641263  1.29417803  1.46392432  0.55224475
 -0.83504884  1.14847565  0.65121691 -0.37471306  2.82004703 -2.00035336
  1.52339176 -0.48371768  1.0839115  -2.86149275 -2.44981585  0.48035084
 -1.15749675 -0.50321512  0.34531833 -0.1178018  -1.65914066 -0.04631241
 -0.86943621  2.82457326 -1.06394842 -1.38406807 -0.94907328  1.08821197
  1.86690051 -0.70561958  1.97130031 -2.18477982 -0.36657392 -0.74438731
 -2.88984892  3.15473016 -1.64862666  3.13016279 -1.24427891 -2.68552293
  3.35210841 -1.22424056 -0.78150765 -2.871603   -2.70603432  2.54319325
 -2.13391931 -2.05559019 -0.1631019   3.13437421  0.23959635  0.20820204
 -1.25482205 -0.69304682 -1.74965994 -3.05643488  2.87420897  1.23106434
 -0.48462324 -2.18551044  1.12361623 -1.11079548 -0.48154251 -2.72974486
 -2.07661483  1.84356632 -0.88237785  2.62674254 -0.4685715  -2.68777321
 -2.82280849  2.26011727 -3.14664082 -0.44895902 -0.98723131 -0.23183389
  2.34906813  1.83983838  0.02670304 -2.57132803 -2.67941606  0.23232466
 -0.76636576  1.23948194 -2.64210817  1.11237471 -0.40168213  0.40787831
  1.93338622  0.44888255  0.64114527 -1.26830373  1.78841434  2.93884357
  1.00062997  0.21588719 -1.12163273  2.41826871  0.71617707 -1.91225899
 -0.05066134  1.87073512  0.98287963 -1.0989081  -2.30181563  2.24147141
  1.99400819  1.91845608  2.28153118  1.92748799 -1.65588902 -3.10308613
  0.42562244  1.34811709 -2.26822622 -1.11317199  2.31519865  1.37843628
 -0.28189567 -1.83502469 -1.63748075  1.96449383  1.31671066 -1.01938294
 -0.24363508 -0.65248199 -0.30217267  2.29163551 -0.64585156 -0.94675029
  0.76901063 -2.36845907  0.60987465  2.77832384 -0.35851949  2.04693571
 -1.87553275 -1.34027304 -2.61740209 -2.41088886 -1.50802206 -3.00787817
  2.01993639  1.7884096   1.58749648  1.12864438  1.59165434 -2.4383299
 -2.4995041   1.79688071  1.04661585 -0.29505877 -2.47330549  1.44669404
 -1.03793859 -3.04616635 -0.04895676  1.91662965 -2.71207947 -2.37683656
  1.9001711   1.05003899 -0.59646102 -0.49675071 -0.93738666  1.96652281
  0.47458243 -0.38026701  0.42105437 -2.26286229  1.25982993 -0.13127245
  2.39929002  1.23565766  2.87631561 -1.07306329  2.1069558  -0.42180893
 -3.2857849   2.19981523  0.82626085  1.94174061 -1.29667963  1.44544281
 -2.12014915  0.21407927  0.08483797 -2.78433051 -0.91834573 -2.36127573
  0.07089721 -0.55381514]
Sat May 25 14:07:57 2024,126,0.10023581625040986,[-4.57118954  2.34313764 -1.83353611 -0.12958226  0.16712512 -2.68513088
  3.00872139  2.10378263  1.45311637 -0.93802563  0.62520559  1.10337834
  1.12577268 -1.53817793  0.77506433  2.8020862  -0.78509806 -0.64176026
 -1.76572392  0.61442942  1.6725047   2.96953133 -1.22090151 -0.30064472
 -2.42075651 -2.33762013  2.99169662  2.76616453 -0.54938675 -2.35483047
  1.50012528 -0.04816282 -2.30353786  2.08883587  1.28400965 -0.6256355
  0.87310483 -2.3124427  -0.0360363   2.13087554 -0.17211443  0.39611508
  2.71703079  1.04116864  2.46181021  3.16231224  2.64533474 -2.91788593
  0.27937069 -0.79974439  1.76725321  2.86818328 -0.50248857 -2.30531941
  2.78173617 -3.22403349  0.80049133 -0.62287008 -1.74845119  2.70625194
 -1.82341323 -1.58156083 -2.32006015  2.17119443 -2.44875784  2.13065116
  2.06905618  1.51474092  2.38542144  2.82261195  1.65012213  1.19734398
 -1.50701883 -2.23220949  1.47717426  0.71415151  1.32315543 -3.02978721
 -0.37490991  2.52136863 -1.01950523  1.29108543  1.46701692  0.55533735
 -0.83814144  1.14538305  0.64812431 -0.37780566  2.82313963 -2.00344596
  1.52029916 -0.48681028  1.0808189  -2.85840015 -2.45290845  0.48344344
 -1.15440415 -0.50012252  0.34841093 -0.1147092  -1.66223326 -0.04321981
 -0.86634361  2.82766586 -1.06085582 -1.38097547 -0.94598068  1.08511937
  1.86380791 -0.70252698  1.97439291 -2.18787242 -0.36348132 -0.74129471
 -2.89294152  3.15163756 -1.64553406  3.13325539 -1.24737151 -2.68243032
  3.35520101 -1.22733316 -0.77841505 -2.8685104  -2.70912692  2.54010065
 -2.13701191 -2.05249759 -0.1661945   3.13128161  0.23650375  0.21129464
 -1.25791465 -0.69613942 -1.74656734 -3.05334228  2.87111637  1.23415694
 -0.48153064 -2.18241784  1.12052363 -1.10770288 -0.48463511 -2.73283746
 -2.07352223  1.84665892 -0.87928525  2.62364994 -0.4716641  -2.69086581
 -2.81971589  2.26320987 -3.14973342 -0.45205162 -0.99032391 -0.23492649
  2.34597553  1.83674578  0.02361044 -2.57442063 -2.67632346  0.23541726
 -0.76945836  1.24257454 -2.63901557  1.10928211 -0.39858953  0.41097091
  1.93029362  0.45197515  0.64423787 -1.26521113  1.78532174  2.93575097
  0.99753737  0.21279459 -1.12472533  2.41517611  0.71926967 -1.91535159
 -0.05375394  1.86764252  0.98597223 -1.0958155  -2.30490823  2.23837881
  1.99710079  1.92154868  2.28462378  1.93058059 -1.65279642 -3.10617873
  0.42871504  1.35120969 -2.26513362 -1.11626459  2.31210605  1.38152888
 -0.28498827 -1.83811729 -1.64057335  1.96758643  1.31980326 -1.01629034
 -0.24672768 -0.65557459 -0.30526527  2.28854291 -0.64894416 -0.94984289
  0.77210323 -2.36536647  0.61296725  2.77523124 -0.35542689  2.05002831
 -1.87244015 -1.33718044 -2.61430949 -2.41398146 -1.51111466 -3.00478557
  2.01684379  1.7915022   1.59058908  1.12555178  1.58856174 -2.4352373
 -2.4964115   1.79378811  1.04352325 -0.29196617 -2.47021289  1.44978664
 -1.04103119 -3.04307375 -0.04586416  1.91353705 -2.71517207 -2.37374396
  1.8970785   1.05313159 -0.59955362 -0.49365811 -0.94047926  1.96343021
  0.47767503 -0.37717441  0.41796177 -2.25976969  1.25673733 -0.13436505
  2.39619742  1.23256506  2.87940821 -1.06997069  2.1038632  -0.41871633
 -3.2826923   2.19672263  0.82316825  1.94483321 -1.29358703  1.44853541
 -2.12324175  0.21717187  0.08793057 -2.78123791 -0.92143833 -2.36436833
  0.07398981 -0.55690774]
Sat May 25 14:08:21 2024,127,0.09994820132956524,[-4.57416946  2.34015772 -1.83055618 -0.13256218  0.17010505 -2.68811081
  3.00574147  2.10676256  1.45609629 -0.9350457   0.62818551  1.10039841
  1.1287526  -1.54115785  0.77804425  2.80506613 -0.78211814 -0.63878034
 -1.762744    0.61144949  1.66952477  2.97251126 -1.21792158 -0.30362465
 -2.41777658 -2.33464021  2.9887167   2.76318461 -0.54640683 -2.35781039
  1.49714536 -0.05114274 -2.30651778  2.0918158   1.28102973 -0.62265558
  0.87012491 -2.30946277 -0.03305638  2.12789562 -0.17509436  0.39313515
  2.71405087  1.04414857  2.45883028  3.15933232  2.64235482 -2.92086586
  0.27639076 -0.80272432  1.77023314  2.86520336 -0.5054685  -2.30829933
  2.77875624 -3.22701342  0.7975114  -0.62585    -1.74547127  2.70923186
 -1.82043331 -1.58454076 -2.32304007  2.17417436 -2.44577792  2.13363109
  2.0720361   1.51772084  2.38244152  2.81963202  1.65310205  1.20032391
 -1.5040389  -2.23518942  1.47419434  0.71713144  1.32017551 -3.02680729
 -0.37192999  2.52434855 -1.01652531  1.28810551  1.46999684  0.55235742
 -0.83516151  1.14240312  0.65110424 -0.37482573  2.8201597  -2.00046604
  1.52327908 -0.48383035  1.07783898 -2.85542022 -2.45588838  0.48642336
 -1.15738408 -0.50310245  0.35139085 -0.11768912 -1.66521318 -0.04023988
 -0.86932354  2.83064579 -1.0578759  -1.38395539 -0.9489606   1.0880993
  1.86678783 -0.7055069   1.97737283 -2.1848925  -0.36646125 -0.74427463
 -2.8899616   3.15461749 -1.64255414  3.13623531 -1.24439159 -2.68541025
  3.35818094 -1.23031308 -0.78139497 -2.87149032 -2.71210684  2.54308057
 -2.13999183 -2.04951767 -0.16917443  3.13426154  0.23352383  0.21427457
 -1.26089457 -0.69315949 -1.74954727 -3.05036236  2.86813645  1.23713686
 -0.47855071 -2.17943792  1.11754371 -1.11068281 -0.48165519 -2.73581738
 -2.0705423   1.84963884 -0.88226517  2.62662987 -0.47464402 -2.68788588
 -2.82269582  2.26022994 -3.15271334 -0.44907169 -0.99330383 -0.23194657
  2.34895545  1.8397257   0.02063052 -2.57144071 -2.67334353  0.23243734
 -0.76647844  1.23959461 -2.63603565  1.11226203 -0.3956096   0.40799099
  1.93327354  0.45495507  0.64721779 -1.2622312   1.78234182  2.93873089
  1.00051729  0.20981467 -1.12770526  2.41815603  0.71628975 -1.91833151
 -0.05077401  1.87062244  0.98299231 -1.09283558 -2.30788815  2.24135873
  2.00008072  1.91856875  2.28164385  1.92760067 -1.65577634 -3.1031988
  0.43169496  1.34822977 -2.2621537  -1.11924451  2.31508598  1.3845088
 -0.28796819 -1.83513737 -1.64355327  1.96460651  1.31682333 -1.01927026
 -0.24374776 -0.65855451 -0.3082452   2.28556299 -0.65192408 -0.95282282
  0.7691233  -2.36238655  0.60998733  2.77225131 -0.35244697  2.04704838
 -1.86946023 -1.34016036 -2.61132957 -2.41696139 -1.51409458 -3.00776549
  2.01982372  1.79448212  1.593569    1.1285317   1.58558181 -2.43821722
 -2.49939143  1.79676803  1.04054333 -0.2949461  -2.46723297  1.45276657
 -1.03805127 -3.04009383 -0.04884409  1.91055713 -2.71815199 -2.37076403
  1.89409858  1.05015166 -0.60253354 -0.49067819 -0.94345918  1.96045029
  0.48065495 -0.38015434  0.41498184 -2.26274961  1.2537574  -0.13734497
  2.39917734  1.23554498  2.87642828 -1.06699077  2.10088328 -0.42169626
 -3.27971237  2.19970255  0.82614817  1.94781314 -1.29656696  1.45151534
 -2.12622167  0.2201518   0.09091049 -2.78421784 -0.92441825 -2.36734825
  0.07696973 -0.55988766]
Sat May 25 14:08:45 2024,128,0.09968040890677247,[-4.57704101  2.33728616 -1.83342774 -0.12969063  0.1729766  -2.69098236
  3.00861302  2.10963411  1.45896784 -0.93217415  0.62531396  1.09752686
  1.12588105 -1.5382863   0.78091581  2.80793768 -0.77924658 -0.64165189
 -1.76561555  0.61432105  1.67239633  2.9696397  -1.22079314 -0.3064962
 -2.42064814 -2.33751176  2.99158826  2.76605616 -0.54353528 -2.35493884
  1.49427381 -0.0540143  -2.30938933  2.09468735  1.28390128 -0.62552713
  0.87299646 -2.31233433 -0.03592793  2.13076717 -0.1722228   0.39600671
  2.71117931  1.04127701  2.46170184  3.15646076  2.63948326 -2.92373741
  0.27926232 -0.80559587  1.77310469  2.86233181 -0.50259694 -2.31117088
  2.77588469 -3.22414186  0.80038296 -0.62872155 -1.74259971  2.70636031
 -1.82330486 -1.58741231 -2.32016852  2.17704591 -2.44290636  2.13650264
  2.07490765  1.5205924   2.37956997  2.81676047  1.6502305   1.20319546
 -1.50691046 -2.23806097  1.47132278  0.71425988  1.31730395 -3.02393573
 -0.36905844  2.521477   -1.01365375  1.29097706  1.4728684   0.54948587
 -0.83228996  1.13953157  0.65397579 -0.37769729  2.81728815 -1.99759448
  1.52040753 -0.48670191  1.07496742 -2.85254867 -2.45875993  0.48355181
 -1.15451252 -0.50023089  0.35426241 -0.11481757 -1.66234163 -0.03736833
 -0.86645198  2.82777423 -1.06074745 -1.38108384 -0.94608905  1.08522774
  1.86391628 -0.70837846  1.98024438 -2.18776405 -0.36358969 -0.74714619
 -2.89283315  3.15748904 -1.63968258  3.13910687 -1.24726314 -2.6882818
  3.35530938 -1.23318464 -0.78426653 -2.87436187 -2.71497839  2.54020902
 -2.14286339 -2.05238922 -0.17204598  3.13713309  0.23065227  0.21140301
 -1.26376612 -0.69028794 -1.74667571 -3.04749081  2.871008    1.23426531
 -0.47567916 -2.18230947  1.11467216 -1.10781125 -0.48452674 -2.73868894
 -2.06767075  1.84676729 -0.88513673  2.62375831 -0.47177247 -2.68501433
 -2.81982426  2.2631015  -3.14984179 -0.44620014 -0.99617539 -0.22907502
  2.35182701  1.83685415  0.01775896 -2.56856916 -2.67621509  0.23530889
 -0.76360689  1.24246617 -2.6331641   1.11513359 -0.39273805  0.41086254
  1.9361451   0.45782663  0.65008934 -1.26510276  1.77947026  2.93585934
  1.00338885  0.21268622 -1.1248337   2.42102759  0.7191613  -1.91545996
 -0.04790246  1.86775089  0.98012075 -1.08996403 -2.31075971  2.23848718
  2.00295227  1.92144031  2.28451541  1.92472911 -1.65290479 -3.10607036
  0.42882341  1.34535821 -2.26502525 -1.11637296  2.31221442  1.38738036
 -0.29083975 -1.83226581 -1.64068172  1.96173496  1.31395178 -1.01639871
 -0.2408762  -0.66142607 -0.30537364  2.28843454 -0.65479563 -0.95569437
  0.77199486 -2.3652581   0.60711577  2.77512287 -0.35531852  2.04417683
 -1.87233178 -1.34303192 -2.60845802 -2.41408983 -1.51122303 -3.01063704
  2.01695216  1.79161057  1.59069745  1.12566015  1.58271026 -2.43534567
 -2.49651987  1.79963958  1.04341488 -0.29781765 -2.46436141  1.44989501
 -1.03517971 -3.04296538 -0.05171564  1.90768557 -2.71528044 -2.36789248
  1.89697013  1.04728011 -0.6054051  -0.49354974 -0.94058763  1.95757873
  0.4777834  -0.37728278  0.4178534  -2.25987806  1.25088585 -0.13447342
  2.40204889  1.23267343  2.87355673 -1.06986232  2.10375483 -0.42456781
 -3.27684082  2.196831    0.82901972  1.94494158 -1.29943851  1.44864378
 -2.12335012  0.21728024  0.08803894 -2.78708939 -0.92728981 -2.3702198
  0.07409818 -0.55701611]
Sat May 25 14:09:09 2024,129,0.09943103941303202,[-4.57980834  2.34005349 -1.83619506 -0.1269233   0.17020928 -2.69374968
  3.0058457   2.11240144  1.45620052 -0.93494147  0.62808128  1.09475953
  1.12864837 -1.54105362  0.77814848  2.810705   -0.78201391 -0.63888456
 -1.76284823  0.61155372  1.67516365  2.97240703 -1.21802581 -0.30926353
 -2.42341546 -2.34027908  2.98882093  2.76882348 -0.54076795 -2.35217151
  1.49704113 -0.05678162 -2.31215666  2.09745467  1.28666861 -0.62829445
  0.87022914 -2.31510165 -0.03869525  2.1335345  -0.17499013  0.39323938
  2.71394664  1.04404434  2.45893451  3.15369344  2.64225059 -2.92097009
  0.28202964 -0.80282855  1.77033737  2.86509913 -0.49982962 -2.31393821
  2.77311737 -3.22137454  0.80315028 -0.62595423 -1.73983239  2.70912763
 -1.82053754 -1.58464499 -2.32293584  2.17981323 -2.44013904  2.13926997
  2.07214033  1.51782507  2.38233729  2.81399315  1.65299782  1.20596278
 -1.50414313 -2.23529365  1.46855546  0.71702721  1.31453663 -3.02116841
 -0.36629111  2.51870968 -1.01088643  1.29374438  1.47563572  0.54671854
 -0.83505728  1.13676424  0.65120846 -0.38046461  2.81452083 -2.00036181
  1.5176402  -0.48393458  1.0722001  -2.85531599 -2.46152725  0.48078448
 -1.15727985 -0.50299822  0.35702973 -0.11758489 -1.66510895 -0.034601
 -0.86921931  2.82500691 -1.06351477 -1.38385116 -0.94885637  1.08799507
  1.86114895 -0.70561113  1.97747706 -2.19053138 -0.36635702 -0.74991351
 -2.89006583  3.15472171 -1.63691526  3.13633954 -1.25003046 -2.69104913
  3.35807671 -1.23041731 -0.7814992  -2.87159455 -2.71774572  2.53744169
 -2.14563071 -2.05515655 -0.17481331  3.13990041  0.2334196   0.21417034
 -1.2609988  -0.69305526 -1.74390839 -3.04472348  2.86824068  1.23703263
 -0.47844648 -2.17954215  1.11190483 -1.10504393 -0.48729407 -2.74145626
 -2.07043807  1.84399996 -0.88790405  2.62652564 -0.47453979 -2.68224701
 -2.81705694  2.26586882 -3.14707447 -0.44896746 -0.99340806 -0.23184234
  2.34905968  1.83962147  0.01499164 -2.56580183 -2.67344776  0.23807621
 -0.76637421  1.23969884 -2.63593142  1.11790091 -0.39550537  0.40809522
  1.93337777  0.46059395  0.64732202 -1.26787008  1.78223759  2.93862666
  1.00062152  0.2099189  -1.12760103  2.41826026  0.72192863 -1.91269263
 -0.05066978  1.87051821  0.98288808 -1.0871967  -2.31352703  2.23571985
  2.00018495  1.92420763  2.28728273  1.92196179 -1.65567211 -3.10883768
  0.43159073  1.34812554 -2.26225793 -1.11914028  2.31498175  1.38461303
 -0.28807242 -1.82949849 -1.64344904  1.96450228  1.31118445 -1.01916603
 -0.23810888 -0.66419339 -0.30814097  2.29120186 -0.65756296 -0.95292705
  0.76922753 -2.36802543  0.60434845  2.77235554 -0.3525512   2.04694415
 -1.86956446 -1.34026459 -2.60569069 -2.41685716 -1.51399035 -3.01340437
  2.01418484  1.78884325  1.59346477  1.12842747  1.58547758 -2.43257834
 -2.4992872   1.79687226  1.04618221 -0.29505032 -2.46712874  1.44712769
 -1.03794704 -3.0457327  -0.05448296  1.9104529  -2.71251311 -2.3706598
  1.89420281  1.04451278 -0.60817242 -0.49631706 -0.9378203   1.95481141
  0.48055072 -0.37451546  0.41508607 -2.26264538  1.25365317 -0.13170609
  2.40481622  1.23544075  2.87078941 -1.07262965  2.10652216 -0.42180049
 -3.2740735   2.19959832  0.8262524   1.94217426 -1.30220584  1.45141111
 -2.12058279  0.21451292  0.08527162 -2.78432207 -0.92452248 -2.37298713
  0.07133085 -0.55424878]
Sat May 25 14:09:33 2024,130,0.0991987936304614,[-4.58247541  2.34272056 -1.83352799 -0.12959038  0.17287635 -2.69641676
  3.00851277  2.10973436  1.45886759 -0.9322744   0.62541421  1.09209246
  1.1259813  -1.54372069  0.78081556  2.80803793 -0.77934684 -0.63621749
 -1.76018116  0.6142208   1.67249658  2.9750741  -1.21535874 -0.30659645
 -2.42608253 -2.33761201  2.991488    2.76615641 -0.53810088 -2.35483858
  1.49437406 -0.05944869 -2.31482373  2.10012175  1.28933568 -0.62562738
  0.86756206 -2.31776872 -0.03602818  2.13620157 -0.1776572   0.39590646
  2.71661371  1.04671141  2.45626744  3.15102636  2.64491766 -2.92363716
  0.27936257 -0.80549562  1.76767029  2.8677662  -0.50249669 -2.31127113
  2.77578444 -3.22404161  0.80048321 -0.62328716 -1.73716531  2.7117947
 -1.81787046 -1.58197792 -2.32560292  2.17714616 -2.43747197  2.14193704
  2.06947326  1.515158    2.37967022  2.81666022  1.6556649   1.20329571
 -1.50681021 -2.23262657  1.46588839  0.71969428  1.31186956 -3.02383548
 -0.36362404  2.5160426  -1.0135535   1.29641146  1.47296865  0.54938562
 -0.83239021  1.13409717  0.65387554 -0.37779754  2.8171879  -1.99769473
  1.51497313 -0.48126751  1.06953303 -2.85264892 -2.46419433  0.47811741
 -1.15461277 -0.50033114  0.35436266 -0.12025196 -1.66244188 -0.03726808
 -0.87188638  2.82767398 -1.06618185 -1.38118409 -0.9461893   1.08532799
  1.85848188 -0.70294406  1.97480999 -2.19319845 -0.36368995 -0.74724644
 -2.8927329   3.15738879 -1.63958233  3.13367247 -1.24736339 -2.6937162
  3.36074378 -1.23308439 -0.77883213 -2.87426162 -2.72041279  2.54010877
 -2.14296364 -2.05782362 -0.17748038  3.14256749  0.23608667  0.21150326
 -1.25833173 -0.69572234 -1.74124132 -3.04205641  2.87090775  1.2396997
 -0.48111356 -2.18220922  1.1145719  -1.107711   -0.48996114 -2.74412333
 -2.067771    1.84666704 -0.88523698  2.62385856 -0.47187272 -2.67957993
 -2.81972401  2.26320175 -3.14974154 -0.45163454 -0.99074099 -0.23450941
  2.34639261  1.84228854  0.01232456 -2.56846891 -2.67078069  0.24074329
 -0.76904128  1.24236591 -2.63859849  1.11523384 -0.3928383   0.41076229
  1.9307107   0.46326103  0.64998909 -1.26520301  1.77957051  2.93595959
  1.0032886   0.21258597 -1.1302681   2.42092734  0.7245957  -1.91002556
 -0.05333686  1.86785114  0.98555515 -1.08452963 -2.31085996  2.23305278
  2.00285202  1.92687471  2.2899498   1.91929472 -1.65833919 -3.11150475
  0.42892366  1.34545846 -2.25959085 -1.11647321  2.31764882  1.3872801
 -0.28540535 -1.83216556 -1.64611612  1.96183521  1.30851738 -1.01649896
 -0.23544181 -0.66686047 -0.30547389  2.29386894 -0.65489588 -0.95025997
  0.77189461 -2.3706925   0.60701552  2.77502262 -0.34988413  2.04961123
 -1.86689739 -1.33759752 -2.60302362 -2.41952423 -1.51665743 -3.01607144
  2.01685191  1.78617617  1.5907977   1.13109454  1.58281051 -2.42991127
 -2.49662012  1.79420519  1.04351514 -0.29238325 -2.46979581  1.44446061
 -1.04061411 -3.04306563 -0.05181589  1.90778582 -2.71518018 -2.36799273
  1.89686988  1.04184571 -0.6108395  -0.49364999 -0.93515323  1.95214433
  0.4832178  -0.37718253  0.412419   -2.25997831  1.2509861  -0.12903902
  2.40748329  1.23277368  2.87345648 -1.06996257  2.10918923 -0.42446756
 -3.27140642  2.19693125  0.82358533  1.93950719 -1.29953876  1.44874403
 -2.12324987  0.21184585  0.08793869 -2.78165499 -0.92185541 -2.3756542
  0.07399793 -0.55158171]
Sat May 25 14:09:58 2024,131,0.09898246549856109,[-4.58504606  2.34529121 -1.83095734 -0.13216102  0.175447   -2.69384611
  3.01108342  2.11230501  1.46143824 -0.93484505  0.62284357  1.09466311
  1.12341065 -1.54629134  0.7833862   2.81060858 -0.77677619 -0.63878814
 -1.75761051  0.61165015  1.67506723  2.97764474 -1.21278809 -0.3091671
 -2.42865318 -2.34018266  2.99405865  2.76872706 -0.53553023 -2.35740923
  1.49180341 -0.05687805 -2.31739438  2.0975511   1.29190633 -0.62819803
  0.86499142 -2.32033937 -0.03345753  2.13877221 -0.17508655  0.39333581
  2.71404306  1.04928206  2.45883809  3.15359701  2.64748831 -2.92106651
  0.28193322 -0.80806627  1.76509965  2.86519556 -0.50506734 -2.30870049
  2.77835509 -3.22147097  0.79791256 -0.6258578  -1.73459467  2.70922406
 -1.82044111 -1.58454856 -2.32303227  2.17971681 -2.44004261  2.13936639
  2.06690261  1.51772865  2.37709957  2.81408957  1.65823554  1.20072507
 -1.50938085 -2.23005593  1.46331774  0.71712363  1.3144402  -3.02126484
 -0.36619468  2.51861325 -1.01612415  1.29384081  1.470398    0.55195626
 -0.82981957  1.13152653  0.65644618 -0.37522689  2.81461725 -2.00026538
  1.51754378 -0.48383816  1.07210367 -2.85007827 -2.46162368  0.47554677
 -1.15204213 -0.50290179  0.35179201 -0.12282261 -1.66501252 -0.03983872
 -0.86931574  2.82510334 -1.0636112  -1.38375473 -0.94361865  1.08789864
  1.86105252 -0.70551471  1.97738063 -2.1906278  -0.3611193  -0.74467579
 -2.89016225  3.15481814 -1.64215298  3.13624311 -1.24993404 -2.69628685
  3.36331442 -1.23051374 -0.78140277 -2.87169098 -2.71784215  2.54267941
 -2.14553428 -2.06039427 -0.18005102  3.14513813  0.23865732  0.21407391
 -1.25576108 -0.69315169 -1.73867067 -3.03948576  2.8734784   1.23712906
 -0.4836842  -2.17963857  1.11200126 -1.10514036 -0.48739049 -2.74155269
 -2.06520036  1.84923768 -0.88266633  2.62128792 -0.46930207 -2.67700929
 -2.82229466  2.2606311  -3.15231219 -0.45420518 -0.98817034 -0.23708006
  2.34896326  1.8397179   0.00975392 -2.57103955 -2.67335133  0.23817264
 -0.77161193  1.24493656 -2.64116914  1.11780449 -0.39026765  0.41333294
  1.93328135  0.46583167  0.65255974 -1.26777365  1.78214116  2.93853023
  1.00071795  0.21515662 -1.12769745  2.42349798  0.72716635 -1.91259621
 -0.05076621  1.87042179  0.9829845  -1.08710028 -2.30828931  2.23048213
  2.00542267  1.92430406  2.28737916  1.92186536 -1.65576854 -3.1140754
  0.4314943   1.34288782 -2.2621615  -1.11390256  2.31507818  1.38985075
 -0.28797599 -1.83473621 -1.64868676  1.95926456  1.30594674 -1.0190696
 -0.23287116 -0.66943111 -0.30290325  2.29643958 -0.65746653 -0.95283062
  0.76932396 -2.37326315  0.60958617  2.77245197 -0.35245477  2.04704058
 -1.86946803 -1.34016816 -2.60045297 -2.41695358 -1.51922807 -3.01864209
  2.01942256  1.78874682  1.58822705  1.1285239   1.58023987 -2.43248192
 -2.49919077  1.79677583  1.04094449 -0.28981261 -2.46722516  1.44188997
 -1.04318476 -3.04563628 -0.05438654  1.90521518 -2.71260954 -2.36542208
  1.89429924  1.03927507 -0.60826885 -0.49622064 -0.93258258  1.94957369
  0.48064715 -0.37975318  0.40984835 -2.25740766  1.25355675 -0.13160966
  2.40491265  1.23020303  2.87088583 -1.07253322  2.11175988 -0.42703821
 -3.26883578  2.19950189  0.82615597  1.93693654 -1.29696812  1.45131468
 -2.12582051  0.2092752   0.08536804 -2.78422564 -0.92442605 -2.37822485
  0.07656857 -0.55415235]
Sat May 25 14:10:30 2024,132,0.09878093542031019,[-4.58752395  2.3477691  -1.82847945 -0.12968313  0.17792489 -2.69136822
  3.01356131  2.1147829   1.45896034 -0.93236715  0.62532146  1.09218521
  1.12093276 -1.54876923  0.78090831  2.80813068 -0.77925408 -0.64126603
 -1.75513262  0.60917226  1.67754512  2.98012264 -1.21526599 -0.3066892
 -2.43113107 -2.33770476  2.99158076  2.76624916 -0.53305234 -2.35493134
  1.4942813  -0.05440015 -2.31491648  2.09507321  1.29438422 -0.63067592
  0.86746931 -2.32281726 -0.03593543  2.14125011 -0.17756445  0.3958137
  2.71156517  1.05175995  2.45636019  3.1560749   2.64501041 -2.91858862
  0.27945532 -0.80558837  1.76262176  2.86767345 -0.50258944 -2.31117838
  2.77587719 -3.21899307  0.80039045 -0.62337991 -1.73707256  2.70674616
 -1.822919   -1.58207067 -2.32055438  2.1821947  -2.43756472  2.1368885
  2.06442472  1.52020654  2.37462168  2.81161168  1.66071343  1.19824717
 -1.50690296 -2.22757804  1.46083985  0.71464574  1.31691809 -3.01878694
 -0.36867258  2.51613536 -1.01860204  1.29136292  1.4728759   0.54947837
 -0.83229746  1.13400442  0.65892408 -0.37770479  2.81213936 -1.99778749
  1.52002167 -0.48136026  1.07458156 -2.84760038 -2.46410157  0.47306887
 -1.15452002 -0.5004239   0.35426991 -0.12034472 -1.66749042 -0.04231662
 -0.86683784  2.82262544 -1.06608909 -1.38623263 -0.94114076  1.09037653
  1.86353042 -0.7079926   1.97985852 -2.18814991 -0.36359719 -0.7421979
 -2.88768436  3.15234025 -1.63967508  3.13872101 -1.25241193 -2.69380895
  3.36083653 -1.23299163 -0.77892488 -2.87416887 -2.71536425  2.54020152
 -2.14305639 -2.05791638 -0.17757313  3.14266024  0.24113521  0.21159602
 -1.25823897 -0.69562958 -1.74114856 -3.03700787  2.87595629  1.23960695
 -0.4861621  -2.17716068  1.10952337 -1.10761825 -0.4849126  -2.73907479
 -2.06272246  1.84675979 -0.88018844  2.62376581 -0.46682418 -2.67948718
 -2.81981676  2.25815321 -3.14983429 -0.45668307 -0.98569245 -0.23955795
  2.35144115  1.84219579  0.00727603 -2.56856166 -2.67582923  0.24065053
 -0.77408982  1.24245867 -2.63869125  1.12028238 -0.39274555  0.41581083
  1.93080345  0.46335378  0.65008185 -1.26529576  1.78461905  2.93605234
  1.00319584  0.21267872 -1.13017535  2.42102009  0.72468846 -1.9150741
 -0.0532441   1.87289968  0.98050661 -1.08462238 -2.30581142  2.22800424
  2.00790056  1.92678195  2.28985705  1.91938747 -1.65824643 -3.11655329
  0.42901641  1.34040993 -2.26463939 -1.11142467  2.31260028  1.39232864
 -0.2854981  -1.8372141  -1.65116466  1.96174246  1.30842463 -1.0215475
 -0.23039327 -0.671909   -0.30538114  2.29891748 -0.65498864 -0.95035273
  0.77180185 -2.37078525  0.60710828  2.76997408 -0.35493267  2.04456269
 -1.86699014 -1.34264606 -2.59797508 -2.41447569 -1.51675018 -3.02111998
  2.02190045  1.79122471  1.59070495  1.12604601  1.58271776 -2.43495981
 -2.50166866  1.79429794  1.0384666  -0.28733471 -2.46970306  1.43941208
 -1.04070686 -3.04811417 -0.05190864  1.90273729 -2.71013165 -2.36789998
  1.89677713  1.03679717 -0.60579096 -0.49374274 -0.93010469  1.95205158
  0.47816926 -0.37727528  0.40737046 -2.25988556  1.25603464 -0.13408756
  2.40739054  1.23268093  2.87336373 -1.07005533  2.11423777 -0.4295161
 -3.26635788  2.20197979  0.82367808  1.93941443 -1.29449022  1.44883679
 -2.12334262  0.20679731  0.08784594 -2.78174775 -0.92194816 -2.38070274
  0.07409068 -0.55663025]
Sat May 25 14:11:04 2024,133,0.09859316403685817,[-4.58991262  2.35015777 -1.83086812 -0.12729446  0.18031356 -2.69375689
  3.01594998  2.11239423  1.45657167 -0.92997848  0.62771013  1.08979654
  1.12332143 -1.54638056  0.78329698  2.80574201 -0.78164275 -0.63887736
 -1.75752129  0.61156093  1.67993379  2.98251131 -1.21287732 -0.30907788
 -2.43351974 -2.34009343  2.99396943  2.76386049 -0.53066367 -2.35732001
  1.49189263 -0.05678882 -2.31252781  2.09268454  1.29677289 -0.63306459
  0.86985798 -2.32520593 -0.03354676  2.14363878 -0.17517578  0.39342503
  2.7091765   1.05414862  2.45874886  3.15846357  2.64739908 -2.92097729
  0.27706665 -0.8031997   1.76501043  2.87006212 -0.50497811 -2.31356705
  2.77826586 -3.2166044   0.79800178 -0.62099124 -1.73946123  2.70435749
 -1.82053033 -1.58445934 -2.31816571  2.17980603 -2.43517605  2.13449983
  2.06681339  1.52259521  2.37701035  2.80922301  1.65832476  1.1958585
 -1.50451429 -2.22996671  1.45845118  0.71225707  1.31930676 -3.02117561
 -0.36628391  2.51374669 -1.02099071  1.29375159  1.47048723  0.5470897
 -0.83468613  1.13161575  0.66131275 -0.37531612  2.80975069 -2.00017616
  1.52241034 -0.47897159  1.07697023 -2.84998905 -2.4617129   0.47545754
 -1.15690869 -0.49803523  0.35665858 -0.11795605 -1.66510175 -0.04470529
 -0.86444917  2.82023677 -1.06370042 -1.3886213  -0.94352943  1.08798786
  1.86114175 -0.70560393  1.97746985 -2.19053858 -0.36120852 -0.74458657
 -2.89007303  3.14995158 -1.64206375  3.14110968 -1.2548006  -2.69619762
  3.3632252  -1.2353803  -0.77653621 -2.8717802  -2.71775292  2.54259019
 -2.14066772 -2.06030505 -0.17518446  3.14027157  0.24352388  0.21398469
 -1.2558503  -0.69801825 -1.73875989 -3.0346192   2.87834496  1.23721828
 -0.48377343 -2.17477201  1.1071347  -1.10522958 -0.48252393 -2.73668612
 -2.06033379  1.84914846 -0.88257711  2.62137714 -0.46443551 -2.67709851
 -2.81742809  2.26054188 -3.14744562 -0.45907174 -0.98808112 -0.24194662
  2.34905248  1.83980712  0.0096647  -2.56617299 -2.67344056  0.23826186
 -0.77647849  1.24007    -2.63630258  1.12267105 -0.39035688  0.4181995
  1.92841478  0.46574245  0.65247052 -1.26768443  1.78700772  2.93844101
  1.00080717  0.21506739 -1.13256402  2.42340876  0.72229979 -1.91268543
 -0.05085543  1.87051101  0.98289528 -1.08701105 -2.30342275  2.22561557
  2.01028923  1.92439328  2.29224572  1.9169988  -1.6606351  -3.11894196
  0.43140508  1.3427986  -2.26702806 -1.11381334  2.31498895  1.39471731
 -0.28310943 -1.83960277 -1.64877599  1.95935379  1.30603596 -1.01915883
 -0.23278194 -0.67429767 -0.30776981  2.30130615 -0.65737731 -0.94796406
  0.76941318 -2.36839658  0.6047196   2.77236275 -0.35732134  2.04217402
 -1.86460147 -1.34503473 -2.60036375 -2.41686436 -1.51436151 -3.01873131
  2.01951178  1.78883604  1.58831628  1.12365734  1.58032909 -2.43734848
 -2.50405733  1.79190927  1.03607793 -0.28494604 -2.47209173  1.44180075
 -1.04309553 -3.05050284 -0.04951997  1.90512596 -2.70774298 -2.36551131
  1.89438846  1.0344085  -0.60817963 -0.49613141 -0.93249336  1.94966291
  0.48055793 -0.37966395  0.40975913 -2.26227423  1.25842331 -0.13169889
  2.40977921  1.23029226  2.8757524  -1.06766666  2.1118491  -0.42712743
 -3.26874655  2.19959112  0.82128941  1.93702576 -1.29210155  1.44644812
 -2.12095395  0.20440864  0.09023461 -2.77935908 -0.92433683 -2.37831407
  0.07170201 -0.55901892]
Sat May 25 14:11:30 2024,134,0.09841818644088701,[-4.59221546  2.35246061 -1.82856528 -0.1295973   0.1826164  -2.69605973
  3.01825282  2.11009139  1.45887451 -0.93228132  0.62540729  1.09209938
  1.12101859 -1.54407772  0.78099414  2.80343917 -0.78394559 -0.63657452
 -1.75982413  0.60925809  1.67763095  2.98481415 -1.21057448 -0.31138071
 -2.43582258 -2.3377906   2.99166659  2.76616333 -0.53296651 -2.35501717
  1.49419547 -0.05448598 -2.31022498  2.0903817   1.29447005 -0.63076175
  0.86755514 -2.32290309 -0.03124392  2.14594162 -0.17287294  0.39112219
  2.71147934  1.05184578  2.4610517   3.16076641  2.64970192 -2.92328013
  0.27476381 -0.80550254  1.76731326  2.86775928 -0.50728095 -2.31126421
  2.7805687  -3.21890724  0.79569894 -0.62329408 -1.73715839  2.70666033
 -1.82283317 -1.58676218 -2.31586287  2.17750319 -2.43747889  2.13219699
  2.06911623  1.52029237  2.37931319  2.80692017  1.65602193  1.19816134
 -1.50221145 -2.22766387  1.46075402  0.70995423  1.31700393 -3.01887278
 -0.36398107  2.51604952 -1.01868787  1.29144875  1.46818439  0.54478686
 -0.83238329  1.12931291  0.65900991 -0.37761896  2.80744785 -1.99787332
  1.52471318 -0.47666875  1.07927307 -2.85229189 -2.45941007  0.4731547
 -1.15921153 -0.49573239  0.35435574 -0.11565321 -1.66740459 -0.04240245
 -0.86675201  2.82253961 -1.06139759 -1.38631846 -0.94583227  1.08568502
  1.85883891 -0.70330109  1.97977269 -2.18823574 -0.35890568 -0.74228373
 -2.89237587  3.15225442 -1.63976091  3.14341252 -1.25249776 -2.69389478
  3.36092236 -1.23768314 -0.77883905 -2.86947736 -2.72005576  2.54489303
 -2.13836488 -2.05800221 -0.1774873   3.13796873  0.24582672  0.21168185
 -1.25354746 -0.69571542 -1.73645705 -3.03692204  2.87604212  1.23491544
 -0.48147059 -2.17707485  1.10483186 -1.10753242 -0.48022109 -2.73898896
 -2.05803095  1.8514513  -0.88027427  2.62367998 -0.46213267 -2.67479567
 -2.81973093  2.26284472 -3.14514278 -0.45676891 -0.99038396 -0.24424946
  2.35135532  1.83750428  0.00736186 -2.56847583 -2.67113772  0.2405647
 -0.77417565  1.24237284 -2.63860542  1.12036821 -0.38805404  0.42050234
  1.92611194  0.46804529  0.65016768 -1.26998727  1.78470488  2.93613817
  0.99850433  0.21737023 -1.13486685  2.4257116   0.72460262 -1.91498827
 -0.05315827  1.86820817  0.98059244 -1.08470821 -2.30572559  2.22791841
  2.01259207  1.92669612  2.29454856  1.91930164 -1.66293794 -3.11663912
  0.43370792  1.34510143 -2.26472522 -1.1115105   2.31268611  1.39241447
 -0.28541227 -1.84190561 -1.64647315  1.96165662  1.3083388  -1.01685599
 -0.23508478 -0.67199484 -0.30546697  2.30360899 -0.65507447 -0.9502669
  0.77171602 -2.36609374  0.60241677  2.77005991 -0.3550185   2.04447686
 -1.86690431 -1.34733757 -2.60266659 -2.4191672  -1.51205867 -3.01642847
  2.01720894  1.79113888  1.58601344  1.12596018  1.58263193 -2.43965132
 -2.50636017  1.78960643  1.03377509 -0.2826432  -2.47439457  1.43949791
 -1.04539837 -3.0482     -0.05182281  1.9074288  -2.70544014 -2.36320847
  1.89208562  1.03210566 -0.61048247 -0.49843425 -0.9347962   1.95196575
  0.48286077 -0.37736111  0.40745629 -2.25997139  1.25612047 -0.13400173
  2.40747637  1.2325951   2.87344956 -1.0699695   2.10954626 -0.42482459
 -3.26644372  2.20189396  0.81898657  1.9393286  -1.28979871  1.44414528
 -2.12325679  0.20671148  0.08793177 -2.77705624 -0.92203399 -2.38061691
  0.06939917 -0.56132176]
Sat May 25 14:11:54 2024,135,0.09825510680011873,[-4.59443573  2.35468088 -1.83078555 -0.13181756  0.18483667 -2.69383946
  3.01603255  2.10787112  1.45665425 -0.93006106  0.62318702  1.09431965
  1.11879832 -1.54629799  0.78321441  2.80565944 -0.78616586 -0.63435425
 -1.75760386  0.61147836  1.67985122  2.98703441 -1.21279475 -0.31360098
 -2.43804285 -2.34001086  2.99388686  2.76394307 -0.53518678 -2.35723744
  1.49197521 -0.05670625 -2.31244524  2.09260197  1.29224978 -0.62854148
  0.86533487 -2.32512336 -0.02902365  2.14816188 -0.17065267  0.38890193
  2.70925907  1.05406605  2.46327197  3.16298668  2.64748166 -2.9255004
  0.27254355 -0.80772281  1.765093    2.86997955 -0.50950122 -2.30904394
  2.78278897 -3.21668697  0.79347868 -0.62107381 -1.73493812  2.70444007
 -1.82505344 -1.58454191 -2.31808313  2.17972346 -2.43969915  2.12997672
  2.0713365   1.5180721   2.37709292  2.80914044  1.65824219  1.19594107
 -1.50443172 -2.22988413  1.46297429  0.70773396  1.31478366 -3.01665251
 -0.36620134  2.51382926 -1.02090814  1.28922848  1.46596412  0.54700713
 -0.83460356  1.12709264  0.65678964 -0.37983922  2.80522758 -1.99565305
  1.52693345 -0.47888902  1.08149334 -2.85007162 -2.4571898   0.47093444
 -1.1614318  -0.49795265  0.35213547 -0.11343294 -1.66518432 -0.04462271
 -0.86453174  2.82031935 -1.06361785 -1.38409819 -0.94805254  1.08346476
  1.85661864 -0.70552136  1.97755243 -2.18601547 -0.35668541 -0.74006346
 -2.8901556   3.15447469 -1.63754065  3.14119225 -1.25471803 -2.69167452
  3.36314263 -1.23546287 -0.78105932 -2.87169763 -2.72227603  2.54267276
 -2.13614462 -2.05578194 -0.17526703  3.140189    0.24804699  0.20946158
 -1.25576773 -0.69349515 -1.73867732 -3.03470177  2.87382186  1.23713571
 -0.47925032 -2.17929512  1.10705212 -1.10531215 -0.47800082 -2.74120923
 -2.06025122  1.85367157 -0.878054    2.62145971 -0.46435294 -2.67701594
 -2.81751067  2.26506499 -3.14736305 -0.45454864 -0.98816369 -0.24646973
  2.35357559  1.83528401  0.00958212 -2.5706961  -2.66891745  0.24278497
 -0.77195538  1.24015257 -2.64082568  1.11814794 -0.38583377  0.42272261
  1.92389168  0.46582502  0.65238794 -1.267767    1.78248462  2.93835844
  0.99628407  0.2195905  -1.13264659  2.42793187  0.72238236 -1.91720853
 -0.050938    1.8659879   0.97837217 -1.08692848 -2.30794586  2.22569814
  2.0103718   1.92447585  2.29232829  1.91708137 -1.66071768 -3.11885939
  0.43592819  1.34288117 -2.26250495 -1.11373077  2.31046585  1.39463474
 -0.283192   -1.83968534 -1.64869341  1.96387689  1.31055906 -1.01463572
 -0.23730505 -0.6742151  -0.3032467   2.30138872 -0.65729474 -0.95248716
  0.77393629 -2.36387348  0.6001965   2.77228018 -0.35723876  2.04669712
 -1.86468404 -1.34955783 -2.60488686 -2.41694693 -1.5098384  -3.01864874
  2.01498867  1.78891861  1.58379317  1.12818044  1.58041166 -2.44187159
 -2.5041399   1.7918267   1.03155482 -0.28042294 -2.4721743   1.43727764
 -1.04761864 -3.04597973 -0.05404308  1.90964906 -2.7076604  -2.36542874
  1.88986535  1.0298854  -0.61270273 -0.49621399 -0.93257593  1.95418602
  0.4806405  -0.37958138  0.40523602 -2.26219166  1.2539002  -0.13622199
  2.4052561   1.23037483  2.87122929 -1.06774923  2.10732599 -0.42704486
 -3.26422345  2.20411422  0.8167663   1.94154887 -1.28757845  1.44192501
 -2.12103652  0.20893174  0.09015203 -2.77927651 -0.91981373 -2.38283718
  0.07161944 -0.56354202]
Sat May 25 14:12:17 2024,136,0.0981030933638428,[-4.59657655  2.3568217  -1.83292637 -0.13395839  0.18269584 -2.69169863
  3.01389173  2.1057303   1.45451342 -0.92792023  0.62532785  1.09646048
  1.1166575  -1.54415716  0.78535523  2.80351862 -0.78402503 -0.63649508
 -1.75974469  0.60933753  1.68199204  2.98917524 -1.21493557 -0.31146016
 -2.44018368 -2.34215169  2.99602768  2.76180224 -0.53304595 -2.35937826
  1.48983438 -0.05456543 -2.31030442  2.09046114  1.29439061 -0.62640066
  0.86319405 -2.32298254 -0.02688282  2.15030271 -0.1727935   0.39104275
  2.70711825  1.05192522  2.46113114  3.16084585  2.64534083 -2.92764122
  0.27468437 -0.80558198  1.76295217  2.86783872 -0.51164205 -2.31118477
  2.7849298  -3.21454615  0.79133785 -0.62321464 -1.7327973   2.70658089
 -1.82719427 -1.58240108 -2.31594231  2.18186428 -2.44183998  2.13211755
  2.06919567  1.52021293  2.37923375  2.81128126  1.65610137  1.19380025
 -1.50657254 -2.22774331  1.46083346  0.70559314  1.31264283 -3.01879333
 -0.36406051  2.51597008 -1.02304896  1.28708766  1.46810495  0.54914796
 -0.83674438  1.12495181  0.65893047 -0.3776984   2.80736841 -1.99351222
  1.52907427 -0.48102985  1.08363417 -2.85221245 -2.45933062  0.46879361
 -1.15929097 -0.49581183  0.35427629 -0.11557377 -1.66304349 -0.04676354
 -0.86239092  2.82246017 -1.06147703 -1.38195736 -0.94591171  1.08132393
  1.85875947 -0.70766218  1.9754116  -2.18387465 -0.35882624 -0.74220429
 -2.88801478  3.15661551 -1.63968147  3.13905142 -1.2525772  -2.69381534
  3.36528346 -1.23332205 -0.77891849 -2.87383845 -2.7201352   2.54481359
 -2.13400379 -2.05792276 -0.17740786  3.13804817  0.24590616  0.21160241
 -1.25362691 -0.69563597 -1.74081815 -3.03256095  2.87168103  1.23499488
 -0.47710949 -2.18143595  1.10919295 -1.10745298 -0.48014165 -2.74335006
 -2.06239205  1.85153074 -0.87591318  2.62360054 -0.46649376 -2.67487511
 -2.81536984  2.26292416 -3.14522222 -0.45668946 -0.98602287 -0.2443289
  2.35143476  1.83742484  0.01172295 -2.56855527 -2.66677662  0.2449258
 -0.77409621  1.2422934  -2.64296651  1.12028877 -0.38369294  0.42486343
  1.92175085  0.46796585  0.65452877 -1.26562618  1.78462544  2.94049927
  0.99842489  0.21744968 -1.13050576  2.43007269  0.72452318 -1.91506771
 -0.05307883  1.86384707  0.980513   -1.08478765 -2.31008668  2.22355732
  2.01251263  1.92661668  2.29018747  1.91494054 -1.6628585  -3.11671856
  0.43378736  1.34502199 -2.26036413 -1.11587159  2.31260667  1.39677557
 -0.28533283 -1.84182617 -1.65083424  1.96601772  1.30841824 -1.01249489
 -0.23944587 -0.67635593 -0.30538753  2.30352954 -0.65515391 -0.95034634
  0.77179546 -2.36173265  0.59805567  2.774421   -0.35937959  2.0445563
 -1.86254322 -1.34741701 -2.60274603 -2.41480611 -1.50769758 -3.02078957
  2.01284785  1.78677779  1.585934    1.12603962  1.57827083 -2.43973076
 -2.50628073  1.78968587  1.02941399 -0.28256376 -2.47003347  1.43941846
 -1.04975947 -3.04812056 -0.05190225  1.90750824 -2.70551958 -2.36756956
  1.88772453  1.03202622 -0.61056191 -0.49835481 -0.93043511  1.95632684
  0.48278132 -0.37744056  0.40737685 -2.26433248  1.25604103 -0.13408117
  2.40311528  1.23251566  2.86908846 -1.0656084   2.10946682 -0.42918568
 -3.26636427  2.2019734   0.81890713  1.9436897  -1.28971927  1.44406584
 -2.12317735  0.20679092  0.08801121 -2.77713568 -0.9176729  -2.384978
  0.07376026 -0.5614012 ]
Sat May 25 14:12:41 2024,137,0.0979613738267803,[-4.59864095  2.35475731 -1.83499077 -0.13602278  0.18476023 -2.68963424
  3.01182734  2.1036659   1.45657781 -0.92998462  0.62326346  1.09439608
  1.1145931  -1.54209277  0.78329084  2.80558301 -0.78608943 -0.63855947
 -1.75768029  0.61140192  1.67992765  2.99123963 -1.21699996 -0.31352455
 -2.43811928 -2.34421608  2.99396329  2.76386663 -0.53511034 -2.36144265
  1.48776999 -0.05250103 -2.31236881  2.09252553  1.29232622 -0.62846505
  0.86112965 -2.32504693 -0.02481843  2.1523671  -0.1707291   0.38897836
  2.70918264  1.04986083  2.45906675  3.15878146  2.64740522 -2.92557683
  0.27261998 -0.80351759  1.76088778  2.86990311 -0.50957765 -2.30912038
  2.7828654  -3.21661054  0.79340224 -0.62115024 -1.73073291  2.7045165
 -1.82512987 -1.58446548 -2.31387792  2.18392868 -2.44390437  2.13005316
  2.06713128  1.52227732  2.37716936  2.80921687  1.65403697  1.19586464
 -1.50863694 -2.22567891  1.46289785  0.70352874  1.31470722 -3.02085773
 -0.3661249   2.51803448 -1.02511336  1.28502326  1.47016934  0.55121235
 -0.83880878  1.12701621  0.65686607 -0.37976279  2.80530402 -1.99144783
  1.52700988 -0.47896545  1.08156978 -2.85427684 -2.46139502  0.46672922
 -1.16135537 -0.49374743  0.35634069 -0.11350937 -1.6609791  -0.04882793
 -0.86032653  2.82039578 -1.05941263 -1.38402176 -0.94384732  1.07925954
  1.85669507 -0.70972658  1.97334721 -2.18593904 -0.35676185 -0.74426868
 -2.89007917  3.15867991 -1.64174587  3.13698703 -1.25051281 -2.69587974
  3.36734785 -1.23125766 -0.78098289 -2.87590285 -2.71807081  2.5427492
 -2.1319394  -2.05585837 -0.17947225  3.14011256  0.24384177  0.20953801
 -1.2556913  -0.69770037 -1.73875375 -3.03049655  2.86961664  1.23293049
 -0.4750451  -2.18350034  1.10712856 -1.10951737 -0.48220604 -2.74541445
 -2.06445644  1.84946635 -0.87384878  2.62153615 -0.46855815 -2.67281072
 -2.81743423  2.26085977 -3.14315783 -0.45875386 -0.98808726 -0.2463933
  2.34937037  1.83948923  0.01378734 -2.56649088 -2.66884102  0.24699019
 -0.77203182  1.24435779 -2.64090212  1.12235316 -0.38162855  0.42279904
  1.92381524  0.47003024  0.65659316 -1.26769057  1.78256105  2.93843487
  0.9963605   0.21951407 -1.12844137  2.43213709  0.72245879 -1.9171321
 -0.05514322  1.86591147  0.98257739 -1.08272326 -2.30802229  2.22562171
  2.01044823  1.92455229  2.29225186  1.91700494 -1.66079411 -3.11465417
  0.43172297  1.3429576  -2.26242852 -1.11793599  2.31467106  1.39471118
 -0.28739722 -1.84389056 -1.64876985  1.96395333  1.31048263 -1.0104305
 -0.24151026 -0.67842032 -0.30332314  2.30146515 -0.65308952 -0.94828195
  0.76973107 -2.35966826  0.59599128  2.7764854  -0.36144398  2.04249191
 -1.86047882 -1.3494814  -2.60068164 -2.41274171 -1.50563318 -3.02285396
  2.01491224  1.78471339  1.5838696   1.12810401  1.58033523 -2.44179515
 -2.50421634  1.78762148  1.03147839 -0.28462816 -2.46796908  1.44148286
 -1.04769507 -3.04605617 -0.05396665  1.90544384 -2.70758397 -2.36963395
  1.88566013  1.03409062 -0.6126263  -0.5004192  -0.92837071  1.95426245
  0.48071693 -0.37537616  0.40944124 -2.26226809  1.25810542 -0.13614556
  2.40517967  1.23458005  2.87115286 -1.06767279  2.11153121 -0.42712129
 -3.26842867  2.199909    0.82097152  1.94575409 -1.29178367  1.44200144
 -2.12524174  0.20472652  0.0900756  -2.77920007 -0.91560851 -2.3870424
  0.07582466 -0.56346559]
Sat May 25 14:13:08 2024,138,0.09782923102600756,[-4.60063179  2.35674816 -1.83299992 -0.13801363  0.18276938 -2.68764339
  3.01381818  2.10167506  1.45458696 -0.92799377  0.62127261  1.09638693
  1.11260226 -1.54010192  0.78528169  2.80757386 -0.78409858 -0.63656862
 -1.75967114  0.60941107  1.6819185   2.99323048 -1.21500912 -0.3115337
 -2.44011013 -2.34222523  2.99595414  2.76585748 -0.53710119 -2.3634335
  1.48577914 -0.05051018 -2.31435966  2.09451638  1.29033537 -0.6304559
  0.85913881 -2.32703778 -0.02282758  2.15037625 -0.16873825  0.38698751
  2.71117349  1.05185168  2.4610576   3.15679061  2.64541437 -2.92756768
  0.27461083 -0.80550844  1.76287863  2.86791227 -0.50758681 -2.31111123
  2.78485625 -3.21461969  0.79539309 -0.62314109 -1.72874206  2.70252565
 -1.82712072 -1.58645633 -2.31586876  2.18591953 -2.44589522  2.132044
  2.06912213  1.52426817  2.37517851  2.80722602  1.65602782  1.19387379
 -1.51062778 -2.22368807  1.4648887   0.70551959  1.31271638 -3.01886688
 -0.36811575  2.52002533 -1.02710421  1.28701411  1.47216019  0.5492215
 -0.83681793  1.12502536  0.65885692 -0.37777194  2.80331317 -1.98945698
  1.52900073 -0.4809563   1.08356062 -2.85626769 -2.45940417  0.46473837
 -1.16334621 -0.49175659  0.35434984 -0.11550022 -1.66296995 -0.04683708
 -0.85833568  2.81840493 -1.05742178 -1.38203091 -0.94583817  1.08125038
  1.85868592 -0.70773573  1.97135636 -2.18792989 -0.3587527  -0.74227783
 -2.88808832  3.15668906 -1.63975502  3.13499618 -1.25250366 -2.69787058
  3.3693387  -1.2332485  -0.78297373 -2.8778937  -2.72006166  2.54474004
 -2.12994855 -2.05386752 -0.1774814   3.14210341  0.24583262  0.21152886
 -1.25768215 -0.69570952 -1.7407446  -3.0285057   2.87160748  1.23492134
 -0.47703595 -2.18549119  1.10911941 -1.11150822 -0.4802152  -2.7434236
 -2.06644729  1.8514572  -0.87583963  2.6195453  -0.470549   -2.67081987
 -2.81544338  2.25886892 -3.14514868 -0.46074471 -0.99007811 -0.24838414
  2.34737952  1.83749838  0.01577819 -2.56450003 -2.66685017  0.24898104
 -0.77004097  1.24236694 -2.63891127  1.12434401 -0.3836194   0.42478989
  1.92580609  0.46803939  0.65460231 -1.26968142  1.7845519   2.93644402
  0.99436965  0.21752322 -1.13043222  2.43014624  0.72444964 -1.91912295
 -0.05315237  1.86790232  0.98058654 -1.08471411 -2.30603144  2.22363086
  2.00845739  1.92654314  2.29424271  1.91899579 -1.66278496 -3.11664502
  0.42973212  1.34096675 -2.26441937 -1.11594514  2.31268022  1.39670202
 -0.28540637 -1.84588141 -1.646779    1.96196248  1.30849178 -1.01242135
 -0.23951942 -0.68041117 -0.30133229  2.303456   -0.65508037 -0.9462911
  0.77172192 -2.36165911  0.59798213  2.77847624 -0.36343483  2.04448275
 -1.86246967 -1.34749055 -2.59869079 -2.41473256 -1.50364234 -3.02484481
  2.01690309  1.78272255  1.58586045  1.13009486  1.58232607 -2.4398043
 -2.50620719  1.78961233  1.03346923 -0.28263731 -2.46597823  1.43949201
 -1.04968592 -3.04804702 -0.0559575   1.90743469 -2.70559312 -2.36764311
  1.88366929  1.03209977 -0.61063545 -0.49842836 -0.93036156  1.9522716
  0.47872608 -0.37736701  0.41143209 -2.26027724  1.26009627 -0.13813641
  2.40717052  1.2325892   2.86916201 -1.06966364  2.10954036 -0.42513044
 -3.26643782  2.20189985  0.81898067  1.94774494 -1.28979282  1.44001059
 -2.12325089  0.20273568  0.08808475 -2.78119092 -0.91759935 -2.38903324
  0.07781551 -0.56545644]
Sat May 25 14:13:41 2024,139,0.09770599894806381,[-4.60255187  2.35866824 -1.83492    -0.13993371  0.18468946 -2.68956347
  3.01573826  2.09975498  1.45650704 -0.92607369  0.61935253  1.09830701
  1.11452234 -1.53818184  0.78336161  2.80565378 -0.78601866 -0.63464854
 -1.75775106  0.61133116  1.67999842  2.9913104  -1.21308904 -0.31345378
 -2.43819005 -2.34030515  2.99403406  2.7639374  -0.53902127 -2.36151342
  1.48385906 -0.0485901  -2.31627974  2.0925963   1.29225545 -0.63237598
  0.85721873 -2.3251177  -0.02474766  2.15229634 -0.16681817  0.38506743
  2.71309357  1.0499316   2.45913752  3.15487053  2.64733445 -2.92948776
  0.27269075 -0.80742852  1.76095855  2.86599219 -0.50950689 -2.31303131
  2.78677633 -3.21269961  0.79347301 -0.62506117 -1.73066214  2.70060557
 -1.82520064 -1.58837641 -2.31778884  2.18783961 -2.4478153   2.13396408
  2.07104221  1.52618825  2.37709859  2.80530594  1.6579479   1.19579387
 -1.5087077  -2.22560815  1.46296862  0.70743967  1.31463646 -3.0169468
 -0.37003583  2.51810524 -1.02902429  1.28509403  1.47408027  0.54730142
 -0.83489785  1.12694544  0.660777   -0.37969202  2.80523325 -1.99137706
  1.52708065 -0.48287638  1.0854807  -2.85434761 -2.46132425  0.46281829
 -1.16526629 -0.49367667  0.35626992 -0.11358014 -1.66104987 -0.04875716
 -0.8564156   2.81648485 -1.0555017  -1.38395099 -0.94391809  1.08317047
  1.85676584 -0.70581565  1.97327644 -2.18984997 -0.36067278 -0.74035775
 -2.8900084   3.15860914 -1.63783494  3.13691626 -1.25058358 -2.69979066
  3.36741862 -1.23132842 -0.78489381 -2.87597361 -2.72198174  2.54281996
 -2.12802847 -2.05194744 -0.17940148  3.14402349  0.2477527   0.21344894
 -1.25960223 -0.69378944 -1.73882452 -3.03042578  2.8696874   1.23684142
 -0.47895603 -2.18741127  1.11103949 -1.1134283  -0.47829511 -2.74150352
 -2.06836737  1.85337728 -0.87391955  2.61762522 -0.46862892 -2.67273995
 -2.81736346  2.260789   -3.1432286  -0.45882463 -0.98815803 -0.24646406
  2.3492996   1.8355783   0.01769827 -2.56257995 -2.66877025  0.25090112
 -0.76812089  1.24428702 -2.63699119  1.12626409 -0.38169932  0.42286981
  1.92388601  0.46611931  0.65652239 -1.2716015   1.78647198  2.9383641
  0.99244957  0.2194433  -1.12851214  2.42822616  0.72636972 -1.91720287
 -0.05123229  1.86598224  0.98250662 -1.08663419 -2.30795152  2.22555094
  2.01037747  1.92846322  2.29616279  1.91707571 -1.66086488 -3.11472494
  0.42781204  1.34288683 -2.26633945 -1.11402506  2.31076014  1.39478194
 -0.28348629 -1.84396133 -1.64485892  1.96388256  1.3065717  -1.01050127
 -0.23759934 -0.68233125 -0.30325237  2.30537608 -0.65700045 -0.94437102
  0.76980184 -2.35973903  0.59606205  2.78039632 -0.36151475  2.04256267
 -1.86054959 -1.34941063 -2.59677071 -2.41281248 -1.50172226 -3.02676489
  2.01498301  1.78464263  1.58394037  1.13201494  1.58424616 -2.44172438
 -2.50428711  1.79153241  1.03154915 -0.28455739 -2.46789831  1.44141209
 -1.04776584 -3.04612694 -0.05403742  1.90935477 -2.7075132  -2.36572303
  1.88174921  1.03017969 -0.60871537 -0.50034844 -0.92844148  1.95035152
  0.48064616 -0.37544693  0.40951201 -2.26219732  1.26201635 -0.14005649
  2.40525044  1.23450928  2.86724193 -1.06774356  2.10762028 -0.42705052
 -3.26451774  2.19997977  0.81706059  1.94582486 -1.28787274  1.43809051
 -2.12133081  0.20081559  0.09000483 -2.77927084 -0.91567927 -2.39095332
  0.07589543 -0.56353636]
Sat May 25 14:14:04 2024,140,0.09759105902473326,[-4.60440385  2.35681626 -1.83677198 -0.14178569  0.18283749 -2.69141545
  3.01759024  2.097903    1.45465507 -0.92792567  0.61750055  1.09645504
  1.11637431 -1.53632986  0.78150963  2.80750576 -0.78787064 -0.63650052
 -1.75960304  0.60947918  1.67814644  2.99316238 -1.21494101 -0.31530576
 -2.44004203 -2.33845317  2.99218208  2.76578938 -0.54087325 -2.35966144
  1.48571104 -0.04673813 -2.31813172  2.09444828  1.29040347 -0.63422796
  0.85536675 -2.32326572 -0.02289568  2.15414831 -0.16867015  0.38691941
  2.71494555  1.04807962  2.45728554  3.15301855  2.64548248 -2.92763578
  0.27454273 -0.8092805   1.76281052  2.86784416 -0.51135886 -2.31488329
  2.78492435 -3.21455159  0.79162103 -0.62691315 -1.73251412  2.69875359
 -1.82705262 -1.59022838 -2.31593687  2.18969158 -2.44966728  2.13211211
  2.06919023  1.52804023  2.37524661  2.80715792  1.65979988  1.19764585
 -1.50685573 -2.22375617  1.4648206   0.7055877   1.31278448 -3.01879878
 -0.37188781  2.51625327 -1.03087627  1.28324205  1.47593225  0.54544944
 -0.83304587  1.12509346  0.65892502 -0.37784004  2.80338127 -1.98952508
  1.52893263 -0.4810244   1.08733268 -2.85619959 -2.45947227  0.46467027
 -1.16711827 -0.49552864  0.3581219  -0.11543212 -1.65919789 -0.05060914
 -0.85826757  2.81463287 -1.05735368 -1.38580297 -0.94577006  1.08502244
  1.85861782 -0.70396367  1.97142446 -2.18799799 -0.36252476 -0.74220973
 -2.89186038  3.16046112 -1.63598296  3.13506428 -1.25243556 -2.69793869
  3.3692706  -1.22947645 -0.78304184 -2.87782559 -2.72383372  2.54096799
 -2.12988045 -2.05379942 -0.17754951  3.14587547  0.24590072  0.21530092
 -1.26145421 -0.69193746 -1.73697254 -3.03227776  2.86783543  1.2386934
 -0.48080801 -2.18926325  1.11289146 -1.11528028 -0.48014709 -2.7433555
 -2.06651539  1.85522925 -0.87577153  2.61577324 -0.46677694 -2.67459193
 -2.81551149  2.26264098 -3.14137662 -0.45697265 -0.99001001 -0.24831604
  2.35115158  1.83372633  0.01584629 -2.56443193 -2.67062223  0.24904914
 -0.76626891  1.24243504 -2.63513921  1.12811607 -0.37984734  0.42472179
  1.92573799  0.46426733  0.65837437 -1.27345348  1.78832396  2.93651213
  0.99430155  0.22129528 -1.13036412  2.42637418  0.72451774 -1.91905485
 -0.05308427  1.86783421  0.9843586  -1.08478221 -2.30609954  2.22369896
  2.00852549  1.92661124  2.29801477  1.91522373 -1.66271686 -3.11657692
  0.42966402  1.34103485 -2.26819143 -1.11587704  2.31261211  1.39292997
 -0.28163431 -1.84210935 -1.64300694  1.96203058  1.30471972 -1.00864929
 -0.23945131 -0.68047927 -0.30510435  2.30722806 -0.65885242 -0.94251904
  0.76794986 -2.35788705  0.59421007  2.7822483  -0.35966277  2.04441465
 -1.85869761 -1.35126261 -2.59862269 -2.41466446 -1.49987028 -3.02491291
  2.01683499  1.78279065  1.58579235  1.13016296  1.58609813 -2.44357636
 -2.50613908  1.79338439  1.03340113 -0.28640937 -2.46604633  1.44326407
 -1.04961782 -3.04797891 -0.05588939  1.90750279 -2.70566122 -2.367575
  1.87989723  1.03203166 -0.61056735 -0.49849646 -0.9265895   1.9522035
  0.47879419 -0.37359495  0.41136399 -2.2640493   1.26386833 -0.14190847
  2.40339846  1.23636126  2.86909391 -1.06959554  2.10947226 -0.4289025
 -3.26636972  2.20183175  0.81520861  1.94397288 -1.28602076  1.43994249
 -2.11947883  0.19896362  0.09185681 -2.78112282 -0.91753125 -2.38910135
  0.07404345 -0.56538834]
Sat May 25 14:14:44 2024,141,0.09748383669729212,[-4.60619029  2.3586027  -1.83855842 -0.13999925  0.18105105 -2.69320189
  3.0158038   2.09968944  1.45286863 -0.92613923  0.61928699  1.0946686
  1.11816075 -1.5381163   0.78329607  2.80571932 -0.78965707 -0.63471408
 -1.76138948  0.61126561  1.67636     2.99494882 -1.21315458 -0.3170922
 -2.43825559 -2.34023961  2.99396852  2.76757582 -0.54265969 -2.36144788
  1.4839246  -0.04852456 -2.31991815  2.09266184  1.28861703 -0.63244152
  0.85715319 -2.32505216 -0.02110925  2.15593475 -0.16688371  0.38513297
  2.71673198  1.04629318  2.4554991   3.15480499  2.64369604 -2.92584934
  0.27275629 -0.81106694  1.76459696  2.8696306  -0.50957243 -2.31666972
  2.78313792 -3.21633803  0.79340747 -0.62512671 -1.73430055  2.70054003
 -1.82526618 -1.59201482 -2.31415043  2.18790515 -2.45145372  2.13389854
  2.07097667  1.52982667  2.37703305  2.80537148  1.65801344  1.19585941
 -1.50864216 -2.22554261  1.46660704  0.70380126  1.31457092 -3.01701234
 -0.37367425  2.5180397  -1.0326627   1.28502849  1.47771868  0.54723588
 -0.83483231  1.12330702  0.65713859 -0.37962648  2.80159483 -1.99131152
  1.53071906 -0.47923797  1.08554624 -2.85441315 -2.45768583  0.46288383
 -1.16533183 -0.49374221  0.35990834 -0.11364568 -1.65741145 -0.04882271
 -0.85648114  2.81284643 -1.05914012 -1.38401653 -0.9475565   1.08323601
  1.86040426 -0.70217723  1.96963802 -2.18621155 -0.36073832 -0.74399617
 -2.89364682  3.16224755 -1.6377694   3.13685072 -1.25422199 -2.69972512
  3.37105703 -1.23126288 -0.7812554  -2.87961203 -2.72562016  2.54275442
 -2.12809401 -2.05558586 -0.17576307  3.14408903  0.24768716  0.21351448
 -1.25966777 -0.69015102 -1.73875898 -3.0340642   2.86962186  1.24047983
 -0.48259445 -2.18747681  1.11110503 -1.11706672 -0.47836066 -2.74514194
 -2.06472895  1.85701569 -0.87755797  2.6139868  -0.46856338 -2.67280549
 -2.81729792  2.26085454 -3.13959018 -0.45518621 -0.99179644 -0.25010248
  2.35293801  1.83193989  0.01405986 -2.56264549 -2.66883579  0.2472627
 -0.76805535  1.2406486  -2.63692565  1.12632963 -0.3780609   0.42293535
  1.92752443  0.46248089  0.65658793 -1.27166704  1.78653752  2.93472569
  0.99251511  0.22308172 -1.13215055  2.42458774  0.72630418 -1.91726841
 -0.05129783  1.86962065  0.98614504 -1.08299577 -2.3043131   2.22191252
  2.00673905  1.9248248   2.29622833  1.91343729 -1.66450329 -3.11479048
  0.42787758  1.33924842 -2.26640499 -1.1140906   2.31439855  1.39114353
 -0.28342075 -1.84032291 -1.64479338  1.96381702  1.30650616 -1.00686285
 -0.24123775 -0.67869283 -0.30689078  2.30544162 -0.66063886 -0.9407326
  0.7697363  -2.35610061  0.59242363  2.78403474 -0.36144921  2.04620109
 -1.85691117 -1.35304905 -2.59683625 -2.4164509  -1.50165672 -3.02669935
  2.01862143  1.78100421  1.58757879  1.1319494   1.5843117  -2.4453628
 -2.50435265  1.79159795  1.03161469 -0.28462293 -2.46783277  1.44147763
 -1.05140426 -3.04619248 -0.05767583  1.90571636 -2.70744766 -2.36936144
  1.87811079  1.03024523 -0.61235379 -0.49671002 -0.92480307  1.95398994
  0.47700775 -0.37180851  0.41315043 -2.26583574  1.26565477 -0.14369491
  2.4051849   1.2381477   2.87088034 -1.0678091   2.10768582 -0.43068894
 -3.26815615  2.20004531  0.81699505  1.94218644 -1.2878072   1.44172893
 -2.11769239  0.20075005  0.09007037 -2.78290926 -0.91574481 -2.39088778
  0.07225701 -0.5636019 ]
Sat May 25 14:15:26 2024,142,0.09738379823030106,[-4.60791365  2.35687934 -1.84028177 -0.14172261  0.18277441 -2.69147853
  3.01752716  2.10141279  1.45114527 -0.92441588  0.61756363  1.09639196
  1.11643739 -1.53983966  0.78157271  2.80399596 -0.79138043 -0.63299073
 -1.75966612  0.60954226  1.67808336  2.99667218 -1.21143122 -0.31536884
 -2.43653223 -2.33851625  2.99224516  2.76929918 -0.54438305 -2.35972452
  1.48220124 -0.05024792 -2.3181948   2.0943852   1.28689367 -0.63071816
  0.85887654 -2.3233288  -0.01938589  2.15765811 -0.16516035  0.38340961
  2.71500863  1.04456982  2.45722246  3.15652835  2.64197268 -2.9275727
  0.27447965 -0.8127903   1.76632032  2.86790724 -0.50784907 -2.31839308
  2.78486127 -3.21461467  0.79513083 -0.62340335 -1.73602391  2.69881667
 -1.82354282 -1.59373818 -2.31242707  2.1896285  -2.44973036  2.1356219
  2.07270002  1.53155003  2.37530969  2.80364812  1.65629008  1.19413605
 -1.5069188  -2.22381925  1.46488368  0.70552462  1.31284756 -3.0187357
 -0.37195089  2.51631635 -1.03438606  1.28675185  1.47599533  0.54551252
 -0.83655566  1.12158366  0.65886194 -0.37790312  2.80331819 -1.99303488
  1.52899571 -0.48096132  1.0872696  -2.85268979 -2.45596247  0.46460719
 -1.16705519 -0.49546556  0.35818498 -0.11536904 -1.65913481 -0.04709935
 -0.8582045   2.81456979 -1.06086348 -1.38229317 -0.94927986  1.08495936
  1.86212762 -0.70045387  1.97136138 -2.18793491 -0.35901496 -0.74227281
 -2.89192346  3.16052419 -1.63604604  3.13512736 -1.25249864 -2.69800177
  3.37278039 -1.22953952 -0.78297876 -2.87788867 -2.72734352  2.54447778
 -2.12637065 -2.0538625  -0.17748643  3.14581239  0.2459638   0.21179113
 -1.26139113 -0.68842766 -1.73703562 -3.03234084  2.86789851  1.23875648
 -0.48087109 -2.18575345  1.11282839 -1.11534336 -0.48008401 -2.74341858
 -2.06300559  1.85873905 -0.87583461  2.61226344 -0.46684002 -2.67452885
 -2.81902128  2.2625779  -3.14131354 -0.45346285 -0.9935198  -0.24837912
  2.35121466  1.83021653  0.01578321 -2.56092213 -2.66711243  0.24898606
 -0.76977871  1.24237196 -2.63864901  1.12805299 -0.37978426  0.42465871
  1.92580107  0.46075754  0.65486458 -1.2733904   1.78826088  2.93644905
  0.99423847  0.22480507 -1.13042719  2.42286438  0.72802754 -1.91899177
 -0.04957448  1.86789729  0.9878684  -1.08471913 -2.30603646  2.22363588
  2.00501569  1.92654816  2.29795169  1.91171393 -1.66277994 -3.11306712
  0.42960094  1.34097177 -2.26468163 -1.11236724  2.31612191  1.39286689
 -0.28169739 -1.84204627 -1.64651674  1.96554038  1.3047828  -1.00513949
 -0.23951439 -0.68041619 -0.30516743  2.30716498 -0.66236222 -0.94245596
  0.77145966 -2.35437725  0.59414699  2.78231138 -0.35972585  2.04447773
 -1.85518782 -1.35132569 -2.59511289 -2.41472754 -1.50338007 -3.02842271
  2.01689807  1.78272757  1.58585543  1.13367276  1.58258834 -2.44363944
 -2.506076    1.78987459  1.03333805 -0.28289957 -2.46955613  1.43975427
 -1.0496809  -3.04791583 -0.05595247  1.903993   -2.7057243  -2.3710848
  1.87638743  1.03196859 -0.61407715 -0.49498666 -0.92652643  1.9557133
  0.47873111 -0.37008516  0.41142707 -2.2675591   1.26737813 -0.14541826
  2.40690826  1.23642434  2.86915698 -1.06953246  2.10940918 -0.42896558
 -3.2664328   2.19832195  0.81871841  1.94046308 -1.28953055  1.44345229
 -2.11941575  0.1990267   0.08834701 -2.78463262 -0.91402146 -2.39261114
  0.07398037 -0.56532526]
Sat May 25 14:16:30 2024,143,0.0972904477572234,[-4.60957629  2.35854198 -1.84194442 -0.14005997  0.18111176 -2.68981589
  3.01918981  2.10307544  1.45280791 -0.92607852  0.61590098  1.09472931
  1.11810004 -1.53817702  0.78323535  2.80233332 -0.79304308 -0.63465337
 -1.75800348  0.6112049   1.67642072  2.99500953 -1.21309386 -0.31703148
 -2.43486959 -2.33685361  2.99058251  2.76763653 -0.54604569 -2.35806188
  1.4805386  -0.05191057 -2.31653215  2.09604784  1.28855632 -0.6323808
  0.8572139  -2.32166615 -0.02104853  2.15599547 -0.166823    0.38507226
  2.71667127  1.04290718  2.45888511  3.15819099  2.64031004 -2.92923535
  0.272817   -0.81112765  1.76465768  2.8662446  -0.50951171 -2.31673044
  2.78652392 -3.21627731  0.79679347 -0.62174071 -1.73768656  2.69715403
 -1.82188018 -1.59207554 -2.31076443  2.19129115 -2.451393    2.13728455
  2.07436267  1.52988738  2.37697233  2.80198548  1.65795273  1.1957987
 -1.50858145 -2.22548189  1.46322103  0.70386197  1.31118491 -3.02039834
 -0.37361353  2.51797899 -1.03272342  1.28841449  1.47765797  0.54384988
 -0.83821831  1.11992102  0.66052459 -0.37956577  2.80165555 -1.99137224
  1.53065835 -0.48262397  1.08893225 -2.85102715 -2.45429983  0.46626983
 -1.16539255 -0.49712821  0.35984762 -0.1137064  -1.65747217 -0.0454367
 -0.85986714  2.81623244 -1.06252612 -1.38395581 -0.95094251  1.08329672
  1.86046497 -0.70211652  1.96969874 -2.18627227 -0.35735232 -0.74061017
 -2.89026082  3.16218684 -1.6343834   3.13346472 -1.25416128 -2.69633912
  3.37111775 -1.22787688 -0.78131611 -2.87622603 -2.72568087  2.54614043
 -2.12803329 -2.05552514 -0.17582378  3.14747504  0.24430115  0.21012848
 -1.26305377 -0.68676502 -1.73537298 -3.03400349  2.86956115  1.24041912
 -0.48253373 -2.18409081  1.11449103 -1.11368071 -0.47842137 -2.74175594
 -2.06134295  1.86040169 -0.87417197  2.61392609 -0.46517738 -2.67619149
 -2.82068393  2.26091525 -3.14297619 -0.45180021 -0.99518245 -0.25004177
  2.34955201  1.83187917  0.01744586 -2.56258477 -2.66544979  0.2506487
 -0.76811606  1.24403461 -2.63698636  1.12639035 -0.37812162  0.42632135
  1.92413843  0.45909489  0.65652722 -1.27172775  1.78659823  2.93811169
  0.99257583  0.22646772 -1.13208984  2.42452703  0.72636489 -1.91732913
 -0.04791183  1.86623465  0.98953104 -1.08638178 -2.30769911  2.22529853
  2.00667833  1.9282108   2.29628904  1.91337657 -1.66444258 -3.11472977
  0.43126358  1.34263442 -2.26301899 -1.11402988  2.31778455  1.39452953
 -0.28336004 -1.84370892 -1.64817938  1.96720302  1.30644545 -1.00347685
 -0.23785175 -0.68207884 -0.30683007  2.30882762 -0.66069958 -0.94079331
  0.7731223  -2.35603989  0.59248435  2.78397403 -0.35806321  2.04614038
 -1.85685046 -1.34966305 -2.59677553 -2.41639018 -1.50504272 -3.03008535
  2.01523542  1.78106492  1.58419279  1.13201011  1.58425098 -2.44530209
 -2.50441336  1.79153723  1.03167541 -0.28123692 -2.46789349  1.44141691
 -1.05134354 -3.04957848 -0.05761512  1.90565564 -2.70406166 -2.36942216
  1.87472479  1.03030594 -0.61573979 -0.4966493  -0.92486378  1.95737594
  0.47706846 -0.3717478   0.40976442 -2.26922174  1.26571548 -0.14708091
  2.4085709   1.23476169  2.87081963 -1.06786982  2.10774654 -0.42730294
 -3.26809544  2.1999846   0.81705577  1.93880044 -1.2911932   1.44178965
 -2.1210784   0.20068934  0.09000966 -2.78629526 -0.91235881 -2.3909485
  0.07231772 -0.56366261]
Sat May 25 14:17:04 2024,144,0.09720332454131199,[-4.61118049  2.36014618 -1.84034022 -0.13845577  0.18271596 -2.68821169
  3.01758561  2.10467964  1.45120371 -0.92768272  0.61750518  1.09312511
  1.11649584 -1.53657282  0.78163115  2.80393751 -0.79464728 -0.63304917
 -1.75639928  0.6096007   1.67481652  2.99340533 -1.21469806 -0.31542728
 -2.43326539 -2.33524941  2.99218671  2.76603233 -0.54764989 -2.35645768
  1.4821428  -0.05030637 -2.31492795  2.09444365  1.28695212 -0.633985
  0.8556097  -2.32327035 -0.02265273  2.15439127 -0.1684272   0.38346806
  2.71506707  1.04130298  2.45728091  3.15979519  2.63870584 -2.92763115
  0.2744212  -0.81273185  1.76305348  2.8646404  -0.51111591 -2.31833464
  2.78812812 -3.21788151  0.79839767 -0.62334491 -1.73608236  2.69554983
 -1.82027598 -1.59367974 -2.30916023  2.18968695 -2.4497888   2.13568035
  2.07596687  1.53149158  2.37857653  2.80358968  1.65955693  1.1974029
 -1.51018565 -2.22708609  1.46482523  0.70225777  1.30958071 -3.02200254
 -0.37521773  2.51637479 -1.03432762  1.29001869  1.47605377  0.54224568
 -0.83982251  1.11831682  0.66212879 -0.37796157  2.80325975 -1.99297644
  1.52905415 -0.48422817  1.08732805 -2.85263135 -2.45590403  0.46787403
 -1.16699675 -0.49552401  0.35824342 -0.1121022  -1.65586797 -0.0470409
 -0.86147134  2.81783664 -1.06092192 -1.38556001 -0.9525467   1.08169252
  1.85886077 -0.70051232  1.97130294 -2.18787647 -0.35574812 -0.74221437
 -2.88865662  3.16058264 -1.6327792   3.13186052 -1.25255708 -2.69794332
  3.36951355 -1.22948108 -0.77971191 -2.87783023 -2.72728507  2.54774463
 -2.12963749 -2.05712934 -0.17421958  3.14587084  0.24590535  0.21173268
 -1.26144957 -0.68516082 -1.73697718 -3.03560768  2.86795695  1.24202332
 -0.48413793 -2.18248661  1.11609523 -1.11528491 -0.48002557 -2.74015174
 -2.05973875  1.86200589 -0.87577617  2.61553029 -0.46678158 -2.67458729
 -2.82228813  2.26251945 -3.14458038 -0.45340441 -0.99357825 -0.24843757
  2.35115621  1.83348337  0.01584166 -2.56418897 -2.66384559  0.24904451
 -0.76651186  1.24243041 -2.63538216  1.12478615 -0.37651742  0.42471715
  1.92253423  0.45749069  0.65492302 -1.27012355  1.78499403  2.93650749
  0.99097163  0.22486352 -1.13369404  2.42613123  0.72796909 -1.91893332
 -0.04951603  1.86463045  0.99113524 -1.08798598 -2.30609491  2.22369433
  2.00828253  1.9266066   2.29468484  1.91498077 -1.66283838 -3.11312557
  0.42965938  1.34423862 -2.26141479 -1.11563408  2.31618035  1.39292533
 -0.28175584 -1.84531312 -1.64978358  1.96880722  1.30804965 -1.00508105
 -0.23945595 -0.68047464 -0.30522587  2.31043182 -0.65909538 -0.94239751
  0.7747265  -2.35443569  0.59088015  2.78557823 -0.35645901  2.04453618
 -1.85524626 -1.34805885 -2.59517133 -2.41478598 -1.50343852 -3.03168955
  2.01683962  1.77946072  1.58258859  1.13361431  1.58264678 -2.44369789
 -2.50601756  1.79314143  1.03327961 -0.28284112 -2.46949769  1.43981271
 -1.04973934 -3.04797428 -0.05601092  1.90725984 -2.70245746 -2.37102636
  1.87312059  1.02870174 -0.61413559 -0.4982535  -0.92325958  1.95898014
  0.47867266 -0.373352    0.41136862 -2.27082594  1.26411128 -0.14868511
  2.4069667   1.23636589  2.86921543 -1.06626562  2.10614234 -0.42890714
 -3.26969964  2.1983804   0.81545157  1.94040464 -1.289589    1.44018545
 -2.1226826   0.20229354  0.08840546 -2.78789946 -0.91396301 -2.3893443
  0.07392192 -0.56526681]
Sat May 25 14:17:29 2024,145,0.09712200043631397,[-4.61272843  2.36169412 -1.84188816 -0.13690783  0.1842639  -2.68666375
  3.01603767  2.1031317   1.45275165 -0.92923066  0.61905312  1.09157717
  1.1149479  -1.53502488  0.78008322  2.80238958 -0.79309934 -0.63150123
 -1.75485134  0.60805276  1.67636446  2.99495327 -1.216246   -0.31387934
 -2.43481333 -2.33679735  2.99063878  2.76448439 -0.54610195 -2.35490974
  1.48369073 -0.0518543  -2.31647589  2.09599158  1.28540418 -0.63553294
  0.85715764 -2.32481829 -0.02420067  2.15593921 -0.16997514  0.38192012
  2.71661501  1.03975504  2.45882884  3.16134313  2.64025377 -2.92917908
  0.27287326 -0.81118391  1.76150554  2.86618834 -0.50956797 -2.3167867
  2.78967606 -3.21633358  0.79684973 -0.62179697 -1.73763029  2.69709777
 -1.81872804 -1.59522768 -2.30761229  2.19123489 -2.45133674  2.13722829
  2.07441893  1.52994364  2.38012447  2.80204174  1.66110487  1.19585496
 -1.51173359 -2.22553815  1.46637317  0.70380571  1.31112865 -3.02355048
 -0.37676567  2.51482685 -1.03277968  1.29156663  1.47450583  0.54069774
 -0.83827457  1.11676888  0.66058085 -0.3795095   2.80480768 -1.9914285
  1.52750621 -0.48268023  1.08578011 -2.85108341 -2.45435609  0.46632609
 -1.16854469 -0.49397607  0.35979136 -0.11055426 -1.65741591 -0.04549296
 -0.8599234   2.8162887  -1.05937399 -1.38401207 -0.95409464  1.08324046
  1.86040871 -0.70206025  1.969755   -2.1894244  -0.35729605 -0.74066643
 -2.89020455  3.1590347  -1.63432713  3.13031258 -1.25410502 -2.69949126
  3.37106149 -1.23102902 -0.77816398 -2.87628229 -2.72573713  2.54619669
 -2.13118543 -2.05558141 -0.17267165  3.14741877  0.24435742  0.21018474
 -1.25990163 -0.68361288 -1.73542924 -3.03405975  2.86950489  1.24357126
 -0.48258999 -2.18093867  1.11764317 -1.11373698 -0.47847763 -2.74169967
 -2.06128669  1.86355383 -0.87422823  2.61707822 -0.46523364 -2.67303935
 -2.82383606  2.26097151 -3.14612832 -0.45185647 -0.99203031 -0.2499855
  2.34960827  1.83193543  0.0173896  -2.56264103 -2.66229765  0.24749657
 -0.76496393  1.24397834 -2.63383423  1.12633408 -0.37806536  0.42316921
  1.92098629  0.45903863  0.65647096 -1.27167149  1.78654197  2.93495955
  0.98942369  0.22641146 -1.13524198  2.42767916  0.72951703 -1.91738539
 -0.05106397  1.86308251  0.9895873  -1.08643804 -2.30764285  2.22524226
  2.0067346   1.92815454  2.29313691  1.91652871 -1.66129044 -3.11157763
  0.42811145  1.34578656 -2.25986685 -1.11408614  2.31772829  1.39447327
 -0.2802079  -1.84686105 -1.65133152  1.96725928  1.30959758 -1.00662899
 -0.23790801 -0.68202258 -0.30677381  2.30888389 -0.66064332 -0.94084958
  0.77627444 -2.35288776  0.58933221  2.78712616 -0.35491107  2.04608411
 -1.85369832 -1.34960678 -2.5936234  -2.41633392 -1.50498646 -3.03323749
  2.01529169  1.77791279  1.58413652  1.13206637  1.58419472 -2.44524582
 -2.50446962  1.79159349  1.03482755 -0.28438906 -2.46794975  1.43826478
 -1.04819141 -3.04952222 -0.05446298  1.9057119  -2.7040054  -2.36947842
  1.87466852  1.0271538  -0.61568353 -0.49670557 -0.92480752  1.96052808
  0.47712472 -0.37180406  0.41291656 -2.27237388  1.26565922 -0.15023305
  2.40541876  1.23481796  2.86766749 -1.06781356  2.1045944  -0.4273592
 -3.2681517   2.19683246  0.81390363  1.9388567  -1.28804106  1.44173338
 -2.12423053  0.20384148  0.08685752 -2.7894474  -0.91551095 -2.39089224
  0.07237399 -0.56371888]
Sat May 25 14:17:55 2024,146,0.09704607753257863,[-4.6142222   2.36318789 -1.84338193 -0.13541406  0.18575767 -2.68815752
  3.0145439   2.10462547  1.45424542 -0.92773688  0.61755935  1.0900834
  1.11644167 -1.53651865  0.78157699  2.80388335 -0.79459311 -0.632995
 -1.75335756  0.60655899  1.67785823  2.99644705 -1.21475222 -0.31238557
 -2.43331955 -2.33829112  2.989145    2.76597817 -0.54460818 -2.35640352
  1.48219696 -0.05334808 -2.31796966  2.09449781  1.2839104  -0.63702671
  0.85566387 -2.32332452 -0.0227069   2.15444543 -0.17146891  0.38341389
  2.71810878  1.04124881  2.46032262  3.15984936  2.63876    -2.92768531
  0.27137949 -0.81267769  1.76001177  2.86469457 -0.5080742  -2.31828047
  2.78818228 -3.21782735  0.79535596 -0.62329075 -1.73613652  2.69859154
 -1.81723427 -1.59672145 -2.30611851  2.19272866 -2.45283052  2.13872206
  2.0759127   1.53143742  2.3786307   2.80054797  1.65961109  1.19436119
 -1.51023981 -2.22404438  1.4648794   0.70231194  1.30963488 -3.02205671
 -0.37825944  2.51333308 -1.03427345  1.29007286  1.4759996   0.54219151
 -0.8367808   1.11826266  0.66207462 -0.38100328  2.80331391 -1.99292227
  1.52899998 -0.484174    1.08727388 -2.84958964 -2.45584986  0.46781986
 -1.17003846 -0.4924823   0.35829759 -0.11204803 -1.65592213 -0.04698674
 -0.86141717  2.81479492 -1.06086776 -1.3825183  -0.95260087  1.08473423
  1.85891494 -0.70056648  1.96826123 -2.18793063 -0.35580228 -0.73917266
 -2.88871078  3.15754093 -1.63582091  3.12881881 -1.25559879 -2.70098503
  3.36956771 -1.22953525 -0.7766702  -2.87478852 -2.72424336  2.54470291
 -2.1326792  -2.05408763 -0.17416542  3.14891255  0.24585119  0.20869097
 -1.26139541 -0.68211911 -1.73692302 -3.03555352  2.86801111  1.24506503
 -0.48109622 -2.17944489  1.11614939 -1.11523075 -0.47698386 -2.74319345
 -2.06278046  1.86206006 -0.87273445  2.618572   -0.46373987 -2.67453313
 -2.82532984  2.26246529 -3.14463455 -0.4503627  -0.99352408 -0.24849173
  2.35110205  1.83044166  0.01589582 -2.56114726 -2.66379142  0.24899034
 -0.7664577   1.24248457 -2.635328    1.12484031 -0.37657158  0.42466299
  1.92248006  0.4605324   0.65497718 -1.27017772  1.7850482   2.93346578
  0.99091746  0.22790523 -1.13673575  2.42618539  0.72802326 -1.91589161
 -0.05255774  1.86158874  0.99108108 -1.08494426 -2.30614907  2.22374849
  2.00524082  1.92964831  2.29164313  1.91802248 -1.66278421 -3.1130714
  0.42661767  1.34728033 -2.25837308 -1.11557992  2.31922207  1.39297949
 -0.27871413 -1.84835483 -1.64983774  1.96576551  1.30810381 -1.00812276
 -0.23940178 -0.6805288  -0.30826758  2.30739011 -0.66213709 -0.9393558
  0.77478066 -2.35438153  0.58783844  2.78563239 -0.3534173   2.04459034
 -1.85220455 -1.35110056 -2.59511717 -2.41484015 -1.50349268 -3.03473126
  2.01678546  1.77641901  1.5856303   1.1305726   1.58568849 -2.44375205
 -2.50297585  1.79009972  1.03632132 -0.28588284 -2.46944352  1.436771
 -1.04669763 -3.04802844 -0.05296921  1.90421813 -2.70549917 -2.36798465
  1.87317475  1.02566003 -0.61418976 -0.49521179 -0.92331375  1.96202185
  0.47563095 -0.37031029  0.41441034 -2.27386765  1.26416545 -0.14873927
  2.40392499  1.23631173  2.86916126 -1.06631978  2.10310063 -0.42885297
 -3.26964547  2.19832623  0.8153974   1.93736293 -1.28953483  1.44023961
 -2.12572431  0.20533525  0.08536375 -2.79094117 -0.91700472 -2.38939846
  0.07088021 -0.56521265]
Sat May 25 14:18:18 2024,147,0.09697518597514747,[-4.61566383  2.36462952 -1.84482355 -0.13397244  0.18431605 -2.6867159
  3.01310227  2.10318385  1.45568705 -0.92917851  0.61900097  1.09152502
  1.11788329 -1.53796028  0.78013537  2.80244173 -0.79603473 -0.63443663
 -1.75191594  0.60511737  1.67641661  2.99788867 -1.2133106  -0.31094395
 -2.43476118 -2.33973274  2.99058663  2.76453654 -0.5460498  -2.35784514
  1.48075534 -0.05190645 -2.31941129  2.09305619  1.28246878 -0.63846834
  0.85422224 -2.3218829  -0.02414852  2.15588705 -0.17002729  0.38197227
  2.71666716  1.04269044  2.46176424  3.15840774  2.64020162 -2.92912693
  0.26993787 -0.81411931  1.75857014  2.86325294 -0.50951582 -2.31683885
  2.78674066 -3.21926897  0.79679758 -0.62473237 -1.73757814  2.69714992
 -1.81579265 -1.59527983 -2.30756014  2.19128704 -2.45138889  2.13728044
  2.07447108  1.53287904  2.38007232  2.80198959  1.65816947  1.19580281
 -1.50879819 -2.22260276  1.46632102  0.70087032  1.3110765  -3.02349833
 -0.37681782  2.5147747  -1.03571508  1.28863123  1.47455798  0.54363313
 -0.83533917  1.11970428  0.660633   -0.37956165  2.80187229 -1.99148065
  1.53044161 -0.48561563  1.08583226 -2.84814801 -2.45729149  0.46637824
 -1.16859684 -0.49392392  0.35685596 -0.11060641 -1.65736375 -0.04842836
 -0.85997555  2.8133533  -1.05942614 -1.38395992 -0.95115925  1.08329261
  1.85747332 -0.7020081   1.96970285 -2.18648901 -0.35436066 -0.73773103
 -2.88726916  3.15898255 -1.63437928  3.13026043 -1.25415717 -2.70242666
  3.36812609 -1.22809362 -0.77522858 -2.87623014 -2.72280174  2.54326129
 -2.13412083 -2.05264601 -0.17560704  3.14747092  0.24729281  0.21013259
 -1.26283703 -0.68067749 -1.73548139 -3.0341119   2.86945274  1.24650665
 -0.4796546  -2.18088652  1.11759102 -1.11667237 -0.47842548 -2.74463507
 -2.06133884  1.86350168 -0.87129283  2.62001362 -0.46229825 -2.6730915
 -2.82388821  2.26390691 -3.14319293 -0.44892107 -0.9949657  -0.24705011
  2.35254367  1.83188328  0.01733745 -2.55970564 -2.6623498   0.25043196
 -0.76501608  1.24392619 -2.63388638  1.12628193 -0.3780132   0.42322136
  1.92392168  0.46197403  0.65353556 -1.27161934  1.78360658  2.9349074
  0.98947584  0.22646361 -1.13817737  2.42474377  0.72658164 -1.91733324
 -0.05111612  1.86014712  0.98963945 -1.08350264 -2.30470745  2.22230687
  2.00668245  1.93108994  2.29308476  1.91658086 -1.66134259 -3.11451302
  0.4280593   1.34583871 -2.25693145 -1.11702154  2.31778044  1.39442112
 -0.28015575 -1.8469132  -1.65127937  1.96720713  1.30666219 -1.00956438
 -0.23796016 -0.68197042 -0.3097092   2.30594849 -0.66357871 -0.93791418
  0.77333904 -2.35293991  0.58639681  2.78419077 -0.35485892  2.04603196
 -1.85076293 -1.34965893 -2.59655879 -2.41339853 -1.50205106 -3.03617288
  2.01534384  1.77786064  1.58418867  1.12913098  1.58424687 -2.44231043
 -2.50441747  1.7886581   1.0348797  -0.28732446 -2.4680019   1.43821263
 -1.04813926 -3.04658682 -0.05441083  1.90277651 -2.70405755 -2.36942627
  1.87173313  1.02710165 -0.61563138 -0.49665342 -0.92187212  1.96058023
  0.47418933 -0.37175191  0.41296871 -2.27242603  1.26272383 -0.1501809
  2.40536661  1.23775335  2.87060289 -1.06776141  2.10165901 -0.42741135
 -3.2710871   2.19688461  0.81683903  1.9359213  -1.29097646  1.43879799
 -2.12428269  0.20677687  0.08680537 -2.78949955 -0.9155631  -2.39084009
  0.06943859 -0.56665427]
Sat May 25 14:18:42 2024,148,0.09690898194132255,[-4.61705523  2.36602092 -1.84621496 -0.13258103  0.18570746 -2.68532449
  3.01449368  2.10457526  1.45707845 -0.9277871   0.62039238  1.09291643
  1.1192747  -1.53935168  0.77874396  2.80383314 -0.79464333 -0.63582803
 -1.75052453  0.60650877  1.6750252   2.99649726 -1.21470201 -0.30955254
 -2.43336977 -2.33834134  2.99197803  2.76314514 -0.54465839 -2.35923655
  1.48214675 -0.05051505 -2.31801988  2.09166478  1.28107737 -0.63985974
  0.85283084 -2.32049149 -0.02553993  2.15727846 -0.16863588  0.38336368
  2.71527575  1.04408184  2.46037283  3.15701633  2.63881022 -2.93051834
  0.27132928 -0.81551072  1.75717874  2.86186153 -0.50812441 -2.31823026
  2.78813207 -3.21787756  0.79818899 -0.62612378 -1.73618674  2.69854132
 -1.81718406 -1.59667123 -2.30616873  2.19267844 -2.4527803   2.13588903
  2.07307967  1.53148763  2.37868091  2.803381    1.65677806  1.1944114
 -1.5101896  -2.22399416  1.46771243  0.69947891  1.30968509 -3.02210692
 -0.37820923  2.51616611 -1.03710648  1.28723983  1.47316657  0.54502454
 -0.83673058  1.11831287  0.65924159 -0.38095306  2.80048088 -1.99287206
  1.53183302 -0.48700703  1.08444085 -2.84953942 -2.45868289  0.46776965
 -1.16998825 -0.49531533  0.35824737 -0.11199782 -1.65597235 -0.04981977
 -0.85858414  2.81196189 -1.06081754 -1.38535133 -0.95255066  1.0819012
  1.85886472 -0.7006167   1.97109426 -2.18788042 -0.35296925 -0.73633963
 -2.88866057  3.16037396 -1.63298788  3.13165184 -1.25554858 -2.70381806
  3.36673468 -1.22948503 -0.77661999 -2.87762155 -2.72141033  2.5446527
 -2.13551223 -2.0512546  -0.17421563  3.14886233  0.24868422  0.211524
 -1.26144562 -0.67928608 -1.7368728  -3.03272049  2.87084414  1.24511524
 -0.481046   -2.17949511  1.11619961 -1.11528096 -0.47703407 -2.74324366
 -2.05994743  1.86489309 -0.87268424  2.62140503 -0.46368965 -2.6717001
 -2.82527962  2.26529832 -3.14458433 -0.44752967 -0.99635711 -0.2456587
  2.35115226  1.83327469  0.01872885 -2.56109705 -2.66374121  0.24904055
 -0.76640748  1.24253479 -2.63249497  1.12767334 -0.3766218   0.42182996
  1.92253028  0.46336543  0.65214415 -1.27301075  1.78221517  2.93629881
  0.99086725  0.2250722  -1.13956878  2.42613518  0.72797304 -1.91872464
 -0.04972471  1.86153852  0.99103086 -1.08211123 -2.30609886  2.22091546
  2.00529104  1.92969853  2.29447616  1.91797227 -1.65995118 -3.11312162
  0.42666789  1.3444473  -2.25554005 -1.11841295  2.31638904  1.39302971
 -0.28154716 -1.84830461 -1.65267078  1.96859854  1.3080536  -1.00817298
 -0.23656875 -0.68336183 -0.3083178   2.3073399  -0.66497012 -0.93652277
  0.77194763 -2.35433131  0.58778822  2.78279936 -0.35346751  2.04742337
 -1.84937152 -1.34826753 -2.5979502  -2.41478993 -1.50344247 -3.03756429
  2.01395243  1.77646923  1.58279727  1.12773957  1.58563828 -2.44370184
 -2.50580888  1.78726669  1.03627111 -0.28871587 -2.46661049  1.43960403
 -1.04674785 -3.04797823 -0.05301942  1.9013851  -2.70266614 -2.36803486
  1.87034172  1.02571025 -0.61423997 -0.49526201 -0.92048072  1.96197164
  0.47558074 -0.3703605   0.41157731 -2.27381743  1.26411523 -0.1515723
  2.4039752   1.23914476  2.87199429 -1.06637     2.1002676  -0.42880276
 -3.26969569  2.1954932   0.81544762  1.9345299  -1.28958505  1.4401894
 -2.12289128  0.20538546  0.08819678 -2.79089096 -0.91417169 -2.39223149
  0.06804718 -0.56804568]
Sat May 25 14:19:14 2024,149,0.09684714576609153,[-4.61839829  2.36736398 -1.84755801 -0.13123797  0.18705051 -2.68398144
  3.01583673  2.10591831  1.45842151 -0.92913015  0.61904933  1.09157338
  1.12061776 -1.54069474  0.78008701  2.80517619 -0.79330027 -0.63717109
 -1.74918148  0.60516572  1.67636825  2.99784031 -1.21335896 -0.31089559
 -2.43202672 -2.33699828  2.99332109  2.76448819 -0.54600145 -2.35789349
  1.48080369 -0.04917199 -2.31667683  2.09300783  1.28242043 -0.6412028
  0.85417389 -2.32183454 -0.02688298  2.15862152 -0.16997893  0.38202062
  2.7139327   1.04273879  2.45902978  3.15835938  2.64015327 -2.92917529
  0.26998622 -0.81685377  1.75583568  2.86320459 -0.50946747 -2.31688721
  2.78678901 -3.21653451  0.79684594 -0.62746683 -1.73752979  2.69719827
 -1.815841   -1.59532818 -2.30751178  2.1940215  -2.45412335  2.13454597
  2.07173662  1.53283068  2.38002396  2.80203795  1.65812111  1.19575445
 -1.51153265 -2.22533722  1.46636938  0.69813585  1.31102815 -3.02076387
 -0.37955228  2.51482306 -1.03576343  1.28589677  1.47450963  0.5463676
 -0.83807364  1.11965592  0.66058465 -0.38229611  2.80182393 -1.99421511
  1.53317607 -0.48835009  1.08578391 -2.85088247 -2.45733984  0.4691127
 -1.1713313  -0.49397227  0.35959042 -0.11334087 -1.6573154  -0.04847671
 -0.8599272   2.81330495 -1.0621606  -1.38400828 -0.9512076   1.08055815
  1.85752167 -0.70195975  1.9697512  -2.18922347 -0.3516262  -0.73499657
 -2.89000362  3.1590309  -1.63433093  3.13299489 -1.25689163 -2.70247501
  3.36807774 -1.22814198 -0.77796304 -2.8762785  -2.72275338  2.54330965
 -2.13685529 -2.05259766 -0.17555869  3.14751928  0.24734117  0.21286705
 -1.26278867 -0.68062913 -1.73821585 -3.03137744  2.86950109  1.24377219
 -0.48238906 -2.18083816  1.11754266 -1.11393791 -0.47837713 -2.74458672
 -2.05860438  1.86623614 -0.87402729  2.62274808 -0.4623466  -2.67035704
 -2.82393657  2.26395526 -3.14592739 -0.44887272 -0.99501406 -0.24431565
  2.34980921  1.83193164  0.0173858  -2.5624401  -2.66508426  0.25038361
 -0.76775054  1.24387784 -2.63115192  1.12633029 -0.37796485  0.4204869
  1.92118722  0.46202238  0.65348721 -1.2743538   1.78355822  2.93495576
  0.9922103   0.22641525 -1.13822573  2.42479212  0.72662999 -1.91738159
 -0.04838166  1.86288158  0.98968781 -1.08076818 -2.3047558   2.21957241
  2.00394799  1.92835548  2.29581922  1.91662922 -1.66129424 -3.11177856
  0.42801094  1.34579035 -2.2568831  -1.11706989  2.31504598  1.39168666
 -0.2802041  -1.84964766 -1.65132772  1.96994159  1.30939665 -1.00951603
 -0.23791181 -0.68470489 -0.30697474  2.30599684 -0.66631317 -0.93517972
  0.77329069 -2.35298826  0.58644517  2.78414241 -0.35481057  2.04876642
 -1.85071457 -1.34692447 -2.59660715 -2.41613299 -1.50209941 -3.03622124
  2.01260937  1.77781228  1.58414032  1.12908262  1.58698133 -2.44235878
 -2.50446583  1.78592364  1.03492805 -0.29005892 -2.46526744  1.43826098
 -1.0454048  -3.04663518 -0.05167637  1.90272815 -2.70400919 -2.36669181
  1.86899867  1.0270533  -0.61558302 -0.49660506 -0.91913766  1.96331469
  0.47423768 -0.36901745  0.41023425 -2.27247438  1.26545829 -0.15022925
  2.40263215  1.23780171  2.87333735 -1.06502695  2.10161065 -0.43014581
 -3.26835264  2.19683626  0.81410456  1.93318684 -1.288242    1.43884634
 -2.12154822  0.20672852  0.08685372 -2.7895479  -0.91282864 -2.39088844
  0.06939024 -0.56670263]
Sat May 25 14:19:37 2024,150,0.09678938020460565,[-4.61969477  2.36606749 -1.84626153 -0.13253446  0.188347   -2.68527793
  3.01713322  2.1072148   1.45971799 -0.92783367  0.62034581  1.09286986
  1.11932127 -1.54199122  0.7813835   2.8038797  -0.79200379 -0.6358746
 -1.75047797  0.60646221  1.67766474  2.9991368  -1.21206247 -0.31219208
 -2.43073023 -2.3357018   2.9920246   2.76578468 -0.54470496 -2.35659701
  1.47950721 -0.05046848 -2.31538034  2.09430432  1.28371691 -0.63990631
  0.85547037 -2.32313103 -0.02817946  2.15732503 -0.16868245  0.38072414
  2.71263621  1.04403528  2.45773329  3.1570629   2.64144975 -2.9278788
  0.26868974 -0.81815026  1.7545392   2.8619081  -0.50817098 -2.31818369
  2.78549253 -3.21523802  0.79554945 -0.62617034 -1.7362333   2.69590179
 -1.81454452 -1.59662467 -2.30880827  2.19531798 -2.45282687  2.13584246
  2.0730331   1.53412717  2.38132045  2.80074146  1.65682463  1.19705094
 -1.51282914 -2.2266337   1.46507289  0.69943234  1.30973166 -3.01946738
 -0.38084877  2.51352657 -1.03446694  1.28719326  1.47580611  0.54766408
 -0.83937012  1.11835944  0.66188113 -0.38099963  2.80052745 -1.9955116
  1.53447255 -0.48964657  1.08448742 -2.85217896 -2.45863633  0.47040919
 -1.17003481 -0.49526876  0.35829394 -0.11204439 -1.65601891 -0.04718023
 -0.86122368  2.81460143 -1.06345708 -1.38271179 -0.95250409  1.07926166
  1.85881816 -0.70066326  1.97104769 -2.19051996 -0.35292268 -0.73370009
 -2.89130011  3.16032739 -1.63303444  3.13169841 -1.25818811 -2.70117852
  3.36678125 -1.22943846 -0.77666655 -2.87757498 -2.72404987  2.54201316
 -2.13815177 -2.05130117 -0.17685517  3.14881576  0.24863765  0.21157057
 -1.26408516 -0.67933265 -1.73691937 -3.03267392  2.86820461  1.24506868
 -0.48368554 -2.18213465  1.11883915 -1.11264142 -0.47967361 -2.74329023
 -2.05990086  1.86753263 -0.87273081  2.62404457 -0.46105012 -2.67165353
 -2.82264008  2.26265878 -3.1446309  -0.4501692  -0.99371757 -0.24561213
  2.35110569  1.83322812  0.01868229 -2.56373658 -2.66378777  0.25168009
 -0.76904702  1.24517432 -2.6324484   1.1250338  -0.37666836  0.42178339
  1.92248371  0.46331887  0.65219072 -1.27565029  1.78226174  2.93365927
  0.99350678  0.22511877 -1.13692924  2.42349564  0.72533351 -1.91608511
 -0.04967815  1.86417806  0.98839132 -1.0794717  -2.30605229  2.22086889
  2.00524447  1.92965196  2.2971157   1.9179257  -1.66259072 -3.11307505
  0.42930743  1.34449387 -2.25817959 -1.11836638  2.3137495   1.39298314
 -0.28150059 -1.85094415 -1.65003124  1.97123808  1.30810016 -1.01081251
 -0.23920829 -0.68600137 -0.30827123  2.30470036 -0.66501669 -0.93647621
  0.77458717 -2.35169178  0.58774165  2.78284593 -0.35610705  2.04746994
 -1.85201106 -1.34822096 -2.59531066 -2.41742947 -1.5033959  -3.03492475
  2.01390586  1.77910877  1.58543681  1.13037911  1.58827782 -2.44365527
 -2.50576231  1.78722012  1.03363157 -0.28876243 -2.46656392  1.4369645
 -1.04670128 -3.04793166 -0.05297285  1.90402464 -2.70271271 -2.36798829
  1.87029515  1.02575681 -0.61428654 -0.49530858 -0.92043415  1.9620182
  0.4729412  -0.36772096  0.40893777 -2.2711779   1.26675477 -0.15152574
  2.40133566  1.23909819  2.87204086 -1.06373046  2.10290714 -0.4314423
 -3.26705615  2.19813274  0.81540105  1.93189036 -1.28953848  1.44014283
 -2.12284471  0.208025    0.08815021 -2.78825142 -0.91153215 -2.39218493
  0.06809375 -0.56540614]
Sat May 25 14:20:01 2024,151,0.09673540882167028,[-4.62094641  2.36731913 -1.84751316 -0.13128282  0.18709536 -2.68402629
  3.01588158  2.10846643  1.45846636 -0.92658203  0.62159745  1.09161823
  1.12057291 -1.54324286  0.78013186  2.80262807 -0.79075215 -0.63462297
 -1.74922633  0.60771384  1.67891637  2.99788516 -1.21081083 -0.31344372
 -2.43198187 -2.33445016  2.99327624  2.76703631 -0.54345333 -2.35784864
  1.47825557 -0.04921684 -2.3141287   2.09305268  1.28496855 -0.63865467
  0.85672201 -2.32187939 -0.02692783  2.15857667 -0.16743081  0.38197577
  2.71138457  1.04528691  2.45648166  3.15831453  2.64019812 -2.92662717
  0.2674381  -0.81940189  1.75328756  2.86315974 -0.50691935 -2.31943533
  2.78424089 -3.21648966  0.79680109 -0.62491871 -1.73748494  2.69715342
 -1.81579615 -1.59537303 -2.3100599   2.19406635 -2.4540785   2.13459082
  2.07178147  1.53287553  2.38257209  2.8019931   1.65557299  1.1957993
 -1.51408077 -2.22788534  1.46382125  0.6981807   1.30848002 -3.01821574
 -0.3821004   2.51477821 -1.03321531  1.2884449   1.47455448  0.54891572
 -0.83811848  1.1171078   0.66313277 -0.37974799  2.80177909 -1.99676323
  1.53322092 -0.49089821  1.08323578 -2.85092732 -2.45738469  0.46915755
 -1.16878318 -0.4965204   0.35954557 -0.11079275 -1.65476728 -0.04592859
 -0.85997205  2.81585307 -1.06220545 -1.38146016 -0.95375572  1.0805133
  1.85756652 -0.69941163  1.97229933 -2.19177159 -0.35417432 -0.73244845
 -2.89255174  3.16157903 -1.63178281  3.13295004 -1.25943975 -2.70243016
  3.36552962 -1.2306901  -0.77791819 -2.87882662 -2.72530151  2.54076152
 -2.13690014 -2.05004953 -0.17810681  3.14756413  0.24988929  0.21031893
 -1.26283352 -0.67808101 -1.738171   -3.03142229  2.86945624  1.24381704
 -0.48493718 -2.18088301  1.11758751 -1.11138979 -0.48092525 -2.74454187
 -2.0611525   1.86878426 -0.87147917  2.6252962  -0.45979848 -2.67040189
 -2.82389172  2.26140714 -3.14337927 -0.44891757 -0.99246594 -0.2443605
  2.35235733  1.83197649  0.01743065 -2.56248495 -2.66253614  0.25293173
 -0.76779539  1.24392269 -2.63119677  1.12378217 -0.37792     0.42053175
  1.92123207  0.46206723  0.65344236 -1.27439865  1.78351337  2.93491091
  0.99475842  0.22386713 -1.13818088  2.42474727  0.72658514 -1.91483347
 -0.05092978  1.8654297   0.98713969 -1.07822006 -2.30480065  2.21961726
  2.00649611  1.92840033  2.29836734  1.91917734 -1.66133909 -3.11182341
  0.43055906  1.34324223 -2.25943122 -1.11961802  2.31249786  1.39173151
 -0.28024895 -1.84969251 -1.6487796   1.96998644  1.30684853 -1.01206415
 -0.23795666 -0.68725301 -0.30701959  2.30344872 -0.66376505 -0.93522457
  0.77583881 -2.35294341  0.58649002  2.78409756 -0.35485542  2.04872157
 -1.85326269 -1.3494726  -2.5965623  -2.41868111 -1.50214426 -3.03367311
  2.0151575   1.77785713  1.58668844  1.13163075  1.58952945 -2.44240363
 -2.50701395  1.78596849  1.03237993 -0.2875108  -2.46531229  1.43571286
 -1.04544964 -3.04668002 -0.05422449  1.90527627 -2.70146107 -2.36673666
  1.86904352  1.02700845 -0.61553817 -0.49405694 -0.92168579  1.96326984
  0.47168956 -0.36646933  0.40768613 -2.27242953  1.26800641 -0.15277737
  2.40008403  1.23784656  2.8732925  -1.0649821   2.1016555  -0.43269393
 -3.26580451  2.19938438  0.81665269  1.93063872 -1.28828684  1.43889119
 -2.12159307  0.20927664  0.08940185 -2.78699978 -0.91028052 -2.39343656
  0.06934539 -0.56665778]
Sat May 25 14:20:56 2024,152,0.0966849744989304,[-4.62215485  2.36852756 -1.84630473 -0.13007439  0.1883038  -2.68281785
  3.01467315  2.10725799  1.4596748  -0.92537359  0.62280589  1.09282667
  1.12178134 -1.5444513   0.77892342  2.80141963 -0.78954371 -0.6358314
 -1.74801789  0.60650541  1.68012481  2.99667672 -1.21201927 -0.31223528
 -2.43077343 -2.3356586   2.99448468  2.76824475 -0.54224489 -2.35905708
  1.47946401 -0.05042528 -2.31533714  2.09426112  1.28617699 -0.63744624
  0.85793045 -2.32067095 -0.02571939  2.1597851  -0.16622237  0.38076734
  2.71017614  1.04649535  2.45769009  3.15952297  2.64140656 -2.9278356
  0.26864654 -0.81819345  1.754496    2.8619513  -0.50812778 -2.31822689
  2.78544933 -3.21528122  0.79800953 -0.62612714 -1.7362765   2.69836186
 -1.81700459 -1.59416459 -2.30885147  2.19285791 -2.45287007  2.13338239
  2.07298991  1.5316671   2.38378052  2.80320153  1.65678143  1.19700774
 -1.51528921 -2.2266769   1.46502969  0.69697227  1.30968846 -3.01700731
 -0.38089197  2.51598664 -1.03442375  1.28723646  1.47576291  0.54770728
 -0.83691005  1.11831624  0.66434121 -0.38095643  2.80298752 -1.99555479
  1.53442936 -0.49210665  1.08202734 -2.85213576 -2.45859313  0.47036599
 -1.16999161 -0.49772883  0.36075401 -0.11200119 -1.65355884 -0.04472015
 -0.86118048  2.81464463 -1.06341388 -1.38025172 -0.95254729  1.07930486
  1.85635808 -0.69820319  1.97109089 -2.19298003 -0.35296588 -0.73124001
 -2.8913433   3.16037059 -1.63299125  3.13415848 -1.26064819 -2.7036386
  3.36673805 -1.22948166 -0.77912663 -2.87761818 -2.72409307  2.54196996
 -2.1356917  -2.05125797 -0.17689837  3.14635569  0.24868085  0.20911049
 -1.26162508 -0.67687257 -1.73696257 -3.03021385  2.8682478   1.2426086
 -0.48372874 -2.18209145  1.11879595 -1.11018135 -0.48213369 -2.7457503
 -2.06236094  1.8699927  -0.87268761  2.62650464 -0.45859004 -2.67161033
 -2.82510016  2.26261558 -3.14217083 -0.45012601 -0.99367437 -0.24556894
  2.35114889  1.83318493  0.01622221 -2.56127651 -2.6613277   0.25414017
 -0.76900383  1.24271425 -2.6324052   1.1249906  -0.37912844  0.42174019
  1.92002363  0.46085879  0.6546508  -1.27560709  1.78472181  2.93611934
  0.99354998  0.22507557 -1.13938931  2.42353883  0.7253767  -1.91604191
 -0.05213822  1.86422126  0.98834813 -1.07701162 -2.30359222  2.21840882
  2.00528767  1.92719189  2.2971589   1.9179689  -1.66013065 -3.11061497
  0.42935062  1.34445067 -2.26063966 -1.11840958  2.31128942  1.39052307
 -0.28145739 -1.84848408 -1.64757116  1.968778    1.30564009 -1.01327259
 -0.23916509 -0.68846145 -0.30822803  2.30465716 -0.66255661 -0.93643301
  0.77463037 -2.35173497  0.58769845  2.785306   -0.35364698  2.04993001
 -1.85447113 -1.35068103 -2.59777073 -2.41747267 -1.5033527  -3.03246468
  2.01636593  1.77664869  1.58548     1.13042231  1.59073789 -2.44119519
 -2.50822239  1.78476005  1.03358837 -0.28630236 -2.46652072  1.43450442
 -1.04665808 -3.04788846 -0.05301605  1.90648471 -2.70266951 -2.36552822
  1.87025196  1.02580001 -0.61674661 -0.4928485  -0.92289422  1.96447828
  0.472898   -0.36526089  0.40889457 -2.27122109  1.26921485 -0.15398581
  2.40129247  1.23905499  2.87450094 -1.06377366  2.10044706 -0.43148549
 -3.26701295  2.20059282  0.81544425  1.92943028 -1.28707841  1.43768275
 -2.12280151  0.2080682   0.09061028 -2.78579134 -0.90907208 -2.394645
  0.07055382 -0.56544934]
Sat May 25 14:21:19 2024,153,0.09663783805109348,[-4.62332167  2.36969439 -1.84747155 -0.12890756  0.18713697 -2.68398468
  3.01350632  2.10842482  1.45850797 -0.92420676  0.62397271  1.09165984
  1.12294817 -1.54328447  0.7777566   2.8002528  -0.79071054 -0.63466458
 -1.74918472  0.60767223  1.67895799  2.99784355 -1.21085245 -0.3134021
 -2.4296066  -2.33682543  2.9956515   2.76941158 -0.54341171 -2.36022391
  1.47829718 -0.05159211 -2.31417031  2.09542795  1.28501016 -0.63861306
  0.85909728 -2.32183778 -0.02688622  2.16095193 -0.16505555  0.38193416
  2.70900931  1.04766218  2.45885692  3.1606898   2.64023973 -2.92900243
  0.26981337 -0.81936028  1.75566283  2.86311813 -0.50929461 -2.31939372
  2.78661616 -3.21644805  0.7968427  -0.62729397 -1.73744333  2.69719503
 -1.81817142 -1.59299777 -2.31001829  2.19169108 -2.45403689  2.13221556
  2.07415673  1.53283392  2.3826137   2.80436836  1.6556146   1.19584092
 -1.51412239 -2.22551008  1.46386287  0.69813909  1.31085529 -3.01584048
 -0.38205879  2.51481982 -1.03325692  1.28840328  1.47692974  0.54887411
 -0.83574322  1.11948307  0.66317438 -0.38212326  2.80415435 -1.99438797
  1.53559618 -0.49327347  1.08319417 -2.85330259 -2.45975996  0.46919916
 -1.16882479 -0.49656201  0.35958719 -0.11316801 -1.65239201 -0.04588698
 -0.86001366  2.81581146 -1.06458071 -1.38141854 -0.95138046  1.08047169
  1.85752491 -0.69937001  1.97225771 -2.1918132  -0.35179906 -0.73240684
 -2.89017648  3.16153742 -1.63182442  3.13532531 -1.26181502 -2.70480542
  3.36790488 -1.22831484 -0.78029346 -2.87878501 -2.72292624  2.54313679
 -2.13685852 -2.05009115 -0.1780652   3.14752252  0.24984768  0.21027732
 -1.26045826 -0.6780394  -1.73812939 -3.03138067  2.86708098  1.24144178
 -0.48256191 -2.18325828  1.11762912 -1.10901452 -0.48096686 -2.74691713
 -2.06352776  1.87115953 -0.87152078  2.62533781 -0.45975687 -2.67277716
 -2.82626698  2.26378241 -3.14333765 -0.45129283 -0.9948412  -0.24673576
  2.35231572  1.83435175  0.01505539 -2.56010968 -2.66249453  0.25297334
 -0.767837    1.24388108 -2.63123838  1.12382378 -0.37796161  0.42057336
  1.91885681  0.45969197  0.65581762 -1.27444026  1.78355498  2.93728617
  0.99471681  0.22390874 -1.13822249  2.42237201  0.72420988 -1.91487508
 -0.05330505  1.86538809  0.98951495 -1.07817845 -2.30475904  2.21957565
  2.00412084  1.92602506  2.29832573  1.91913573 -1.65896382 -3.1117818
  0.43051745  1.34561749 -2.26180649 -1.11957641  2.31245625  1.38935624
 -0.28262422 -1.84731725 -1.64873799  1.96994483  1.30447326 -1.01210576
 -0.24033192 -0.68729462 -0.3070612   2.30582399 -0.66138979 -0.93526618
  0.7757972  -2.3529018   0.58886528  2.78647283 -0.35248015  2.05109684
 -1.85330431 -1.35184786 -2.59660391 -2.4186395  -1.50218588 -3.03129785
  2.01519911  1.77548187  1.58664683  1.12925548  1.58957106 -2.44236202
 -2.50938921  1.78359322  1.03475519 -0.28746918 -2.46768755  1.43333759
 -1.04782491 -3.04905529 -0.05184923  1.90765154 -2.70150268 -2.36669505
  1.86908513  1.02463318 -0.61791344 -0.49401533 -0.92406105  1.96331145
  0.47406483 -0.36642772  0.41006139 -2.27005427  1.27038167 -0.15515264
  2.40245929  1.24022182  2.87333411 -1.06260683  2.09928024 -0.43265232
 -3.26817978  2.20175964  0.81427742  1.93059711 -1.28591158  1.43651593
 -2.12396834  0.20690138  0.08944346 -2.78695817 -0.90790525 -2.39581183
  0.069387   -0.56661617]
Sat May 25 14:21:42 2024,154,0.09659377694318177,[-4.62444841  2.37082113 -1.84859829 -0.1300343   0.18826371 -2.68285794
  3.01237958  2.10729808  1.45963471 -0.9253335   0.62284597  1.09278658
  1.12182143 -1.54215773  0.77662986  2.80137954 -0.79183728 -0.63353784
 -1.74805798  0.60654549  1.67783125  2.99897029 -1.20972571 -0.31452884
 -2.42847986 -2.33569869  2.99452476  2.76828484 -0.54228497 -2.35909717
  1.47717044 -0.05271885 -2.31529705  2.09430121  1.2861369  -0.63748632
  0.85797054 -2.32071104 -0.02575948  2.15982519 -0.16618229  0.3830609
  2.70788257  1.04653544  2.45773018  3.16181654  2.63911299 -2.92787569
  0.27094011 -0.82048702  1.75678957  2.86199139 -0.50816787 -2.31826698
  2.78548942 -3.21532131  0.79571596 -0.62842071 -1.73631659  2.69832177
 -1.81704468 -1.59187103 -2.30889155  2.19056434 -2.45291015  2.13108882
  2.07528347  1.53396066  2.38374044  2.80324162  1.65674134  1.19471418
 -1.51524913 -2.22438334  1.46498961  0.69926583  1.30972855 -3.01696722
 -0.38093205  2.51594656 -1.03438366  1.28727654  1.47805648  0.55000085
 -0.83461648  1.12060981  0.66204764 -0.38325     2.80528109 -1.99326123
  1.53446944 -0.49214673  1.08432091 -2.85442933 -2.4608867   0.46807242
 -1.16769805 -0.49543527  0.35846045 -0.11429475 -1.65126527 -0.04476024
 -0.85888692  2.81468472 -1.06570745 -1.3802918  -0.95025372  1.07934495
  1.85639817 -0.69824327  1.97338445 -2.19068646 -0.35067232 -0.73353358
 -2.88904974  3.16266416 -1.63069768  3.13645205 -1.26294176 -2.70593216
  3.36677814 -1.2271881  -0.77916672 -2.87991175 -2.7217995   2.54201005
 -2.13573178 -2.04896441 -0.17693846  3.14639578  0.24872094  0.21140406
 -1.25933152 -0.67916614 -1.73925613 -3.03250741  2.86820772  1.24256852
 -0.48143517 -2.18438502  1.11650238 -1.11014126 -0.4820936  -2.74804387
 -2.0646545   1.87003279 -0.87264752  2.62646455 -0.46088361 -2.6739039
 -2.82739372  2.26265567 -3.14446439 -0.45241957 -0.99371446 -0.24560902
  2.35344246  1.83322501  0.01618213 -2.56123642 -2.66136779  0.2518466
 -0.76671026  1.24275434 -2.63236512  1.12495052 -0.37908835  0.4217001
  1.91773007  0.46081871  0.65694436 -1.27331352  1.78468172  2.93615943
  0.99584355  0.222782   -1.13709575  2.42124527  0.72308314 -1.91374834
 -0.05217831  1.86651483  0.98838821 -1.07930519 -2.3036323   2.22070239
  2.0029941   1.92489832  2.29719899  1.91800899 -1.65783708 -3.11065506
  0.42939071  1.34449075 -2.26067975 -1.12070315  2.31358299  1.39048298
 -0.28149748 -1.84619051 -1.64761125  1.97107157  1.30334652 -1.01097902
 -0.23920518 -0.68842136 -0.30593446  2.30695073 -0.66026305 -0.93639292
  0.77467046 -2.35177506  0.58999202  2.78759957 -0.35135341  2.05222358
 -1.85217757 -1.35072112 -2.59773065 -2.41751276 -1.50331262 -3.03017111
  2.01632585  1.77435513  1.58552009  1.13038222  1.58844432 -2.44348876
 -2.51051595  1.78471996  1.03362845 -0.28634244 -2.46881429  1.43221085
 -1.04895165 -3.04792855 -0.05297597  1.9065248  -2.70262942 -2.36782179
  1.86795839  1.02575992 -0.61904018 -0.49288859 -0.92293431  1.96218471
  0.47519157 -0.36530098  0.40893465 -2.27118101  1.26925493 -0.1540259
  2.40133255  1.23909508  2.87220737 -1.06148009  2.10040698 -0.43377906
 -3.26930652  2.2006329   0.81315068  1.93172385 -1.28703832  1.43764267
 -2.12509508  0.20577464  0.0905702  -2.78808491 -0.90677851 -2.39468509
  0.07051374 -0.56548943]
Sat May 25 14:22:07 2024,155,0.09655258410135299,[-4.62553653  2.36973301 -1.84751017 -0.12894618  0.18717559 -2.68176982
  3.0134677   2.1083862   1.45854659 -0.92424538  0.62175785  1.0938747
  1.12290955 -1.54106961  0.77554174  2.80029142 -0.7929254  -0.63462596
 -1.7491461   0.60545737  1.67891937  2.99788217 -1.20863759 -0.31561696
 -2.42956798 -2.33678681  2.99343664  2.76719672 -0.54337309 -2.36018529
  1.47608232 -0.05380697 -2.31638517  2.09538933  1.28504878 -0.63857444
  0.85688242 -2.31962292 -0.02467136  2.15873707 -0.1672704   0.38414902
  2.70897069  1.04544732  2.45664206  3.16072842  2.64020111 -2.92896381
  0.26985199 -0.8193989   1.75787769  2.86307951 -0.50925599 -2.3193551
  2.7844013  -3.21640943  0.79462784 -0.62733259 -1.73740471  2.69940989
 -1.81595656 -1.59295915 -2.30780343  2.19165246 -2.45399827  2.13217694
  2.07637159  1.53504878  2.38265232  2.80432974  1.65565322  1.1958023
 -1.51416101 -2.22329522  1.46607773  0.70035395  1.31081667 -3.0158791
 -0.37984393  2.51703468 -1.03329554  1.28836466  1.4791446   0.54891273
 -0.8357046   1.11952169  0.66313576 -0.38433812  2.80636921 -1.99217311
  1.53338132 -0.49105861  1.08540903 -2.85334121 -2.45979858  0.4669843
 -1.16660993 -0.49434715  0.35954857 -0.11538287 -1.65235339 -0.04367212
 -0.8577988   2.8135966  -1.06679557 -1.37920368 -0.9491656   1.08043307
  1.85531005 -0.69933139  1.97447257 -2.18959834 -0.3495842  -0.73244546
 -2.88796162  3.16375228 -1.6317858   3.13536393 -1.26402988 -2.70702028
  3.36786626 -1.22827622 -0.78025484 -2.88099987 -2.72071138  2.54092193
 -2.1368199  -2.04787629 -0.17802658  3.14530766  0.24980906  0.21249218
 -1.2582434  -0.68025426 -1.73816801 -3.03141929  2.86929584  1.2414804
 -0.48252329 -2.18547314  1.11541426 -1.11122938 -0.48318172 -2.74695575
 -2.06574262  1.87112091 -0.87373564  2.62537643 -0.45979549 -2.67281578
 -2.8263056   2.26374379 -3.14337627 -0.45350769 -0.99480258 -0.2445209
  2.35235434  1.83213689  0.01509401 -2.5601483  -2.66027967  0.25075848
 -0.76562214  1.24384246 -2.631277    1.1238624  -0.37800023  0.42278822
  1.91881819  0.45973059  0.65585624 -1.27440164  1.78576984  2.93724755
  0.99693167  0.22169388 -1.13818387  2.42233339  0.72417126 -1.91266022
 -0.05326643  1.86760295  0.98730009 -1.08039331 -2.30254418  2.22179051
  2.00190598  1.9238102   2.29828711  1.91692087 -1.65674896 -3.10956694
  0.43047883  1.34340263 -2.25959163 -1.12179127  2.31249487  1.38939486
 -0.2825856  -1.84510239 -1.64652313  1.97215969  1.3022584  -1.01206714
 -0.23811706 -0.68950948 -0.30702258  2.30586261 -0.66135116 -0.93748104
  0.77575858 -2.35286318  0.59108014  2.78651145 -0.35026529  2.0533117
 -1.85326569 -1.35180924 -2.59664253 -2.41860088 -1.5022245  -3.03125923
  2.01523773  1.77544325  1.58660821  1.1292941   1.5873562  -2.44240064
 -2.50942783  1.78580808  1.03254033 -0.28525433 -2.46772617  1.43112273
 -1.05003977 -3.04901667 -0.05188785  1.90543668 -2.7015413  -2.36673367
  1.86904651  1.02684804 -0.6201283  -0.49180047 -0.92402243  1.96327283
  0.47410345 -0.36421286  0.41002277 -2.27226913  1.27034305 -0.15511402
  2.40024443  1.23800696  2.87329549 -1.06256821  2.09931886 -0.43269094
 -3.27039464  2.20172102  0.81206256  1.93281197 -1.2859502   1.43655455
 -2.12400696  0.20686276  0.08948208 -2.78917303 -0.90786663 -2.39359697
  0.06942562 -0.56657754]
Sat May 25 14:22:30 2024,156,0.09651406681041183,[-4.62658744  2.3686821  -1.84645926 -0.12789527  0.18612468 -2.68282073
  3.01241679  2.10943711  1.4595975  -0.92319448  0.62070694  1.09492561
  1.12185864 -1.5400187   0.77659265  2.79924051 -0.79397631 -0.63357505
 -1.74809519  0.60440646  1.67786846  2.99683126 -1.20758668 -0.31456605
 -2.42851707 -2.33783771  2.99238573  2.76824763 -0.544424   -2.3612362
  1.47503141 -0.05275606 -2.31533427  2.09433842  1.28609969 -0.63962535
  0.85583151 -2.32067383 -0.02362045  2.15768616 -0.1662195   0.38309811
  2.7100216   1.04439641  2.45769297  3.15967751  2.64125202 -2.93001472
  0.26880108 -0.81834799  1.7589286   2.8620286  -0.5103069  -2.31830419
  2.78545221 -3.21535852  0.79567875 -0.6283835  -1.7363538   2.7004608
 -1.81490565 -1.59190824 -2.30675252  2.19060155 -2.45504918  2.13322785
  2.0774225   1.53609969  2.38370323  2.80327883  1.65460232  1.19475139
 -1.5131101  -2.22224431  1.46712863  0.70140486  1.30976576 -3.01482819
 -0.37879302  2.51808559 -1.03434645  1.28941557  1.48019551  0.54786182
 -0.83675551  1.11847078  0.66208485 -0.38538903  2.80742012 -1.99322402
  1.53233041 -0.4900077   1.08645994 -2.85439212 -2.46084948  0.4659334
 -1.16555902 -0.49539806  0.36059948 -0.11643378 -1.6534043  -0.04262121
 -0.85674789  2.81254569 -1.06574466 -1.38025459 -0.95021651  1.07938216
  1.85425914 -0.7003823   1.97552348 -2.19064925 -0.34853329 -0.73349637
 -2.88691071  3.16270137 -1.63073489  3.13641484 -1.26508078 -2.70807119
  3.36681535 -1.22932712 -0.77920393 -2.88205077 -2.72176229  2.53987102
 -2.13576899 -2.04892719 -0.17907749  3.14425675  0.24875815  0.21354309
 -1.25719249 -0.67920335 -1.73921892 -3.0324702   2.86824493  1.24042949
 -0.4835742  -2.18652404  1.11436335 -1.11017847 -0.48423263 -2.74590484
 -2.06469172  1.87007    -0.87268473  2.62642734 -0.45874458 -2.67176487
 -2.82735651  2.2647947  -3.14232537 -0.45245678 -0.99585349 -0.24346999
  2.35130343  1.8331878   0.01614492 -2.5590974  -2.65922876  0.24970757
 -0.76667305  1.24489337 -2.63022609  1.12281149 -0.37905114  0.42383913
  1.91776728  0.4607815   0.65690715 -1.27335073  1.78682075  2.93619664
  0.99588076  0.22064297 -1.13923478  2.42128248  0.72522217 -1.91371113
 -0.05431734  1.86865386  0.98624918 -1.08144422 -2.30149327  2.22284141
  2.00085507  1.92486111  2.29933802  1.91797178 -1.65779987 -3.10851603
  0.42942792  1.34445354 -2.26064254 -1.12284217  2.31354578  1.39044577
 -0.28363651 -1.84405148 -1.64757404  1.9732106   1.30120749 -1.01311805
 -0.23706615 -0.68845857 -0.30807349  2.3048117  -0.66240207 -0.93853195
  0.77470767 -2.35391409  0.59213105  2.78756236 -0.3513162   2.05226079
 -1.85431659 -1.35286015 -2.59559162 -2.41965179 -1.50117359 -3.03020832
  2.01418682  1.77439234  1.58765912  1.13034501  1.58840711 -2.44134973
 -2.50837692  1.78475717  1.03359124 -0.28630523 -2.46877708  1.43217364
 -1.05109068 -3.04796576 -0.05293876  1.90438577 -2.70259221 -2.36778457
  1.87009742  1.02579714 -0.61907739 -0.49285138 -0.92297152  1.96222192
  0.47515435 -0.36316195  0.41107368 -2.27121822  1.26929214 -0.15616493
  2.40129534  1.23695605  2.8743464  -1.0615173   2.09826795 -0.43164003
 -3.26934373  2.20067011  0.81101165  1.93176106 -1.28489929  1.43550364
 -2.12295605  0.20791366  0.08843117 -2.78812212 -0.90681572 -2.39254606
  0.06837471 -0.56762845]
Sat May 25 14:22:54 2024,157,0.09647804569160297,[-4.6276025   2.36766705 -1.84544421 -0.12688022  0.18510963 -2.68180567
  3.01343184  2.10842206  1.45858244 -0.92420953  0.61969189  1.09594066
  1.12287369 -1.53900365  0.77557759  2.80025557 -0.79296125 -0.63255999
 -1.74708014  0.60542152  1.67888351  2.99581621 -1.20657162 -0.31558111
 -2.42953213 -2.33682266  2.99137068  2.76723257 -0.54340895 -2.36225125
  1.47401636 -0.05377111 -2.31634932  2.09332336  1.28508464 -0.6386103
  0.85481645 -2.31965878 -0.0246355   2.15667111 -0.16723455  0.38411317
  2.71103665  1.04541146  2.45870802  3.15866245  2.64023697 -2.93102977
  0.26981613 -0.81733294  1.75994365  2.86304365 -0.50929185 -2.31728913
  2.78646726 -3.21434347  0.7946637  -0.62939855 -1.73533874  2.70147586
 -1.81389059 -1.59292329 -2.30776758  2.1895865  -2.45606424  2.1322128
  2.07640745  1.53508464  2.38268817  2.80429389  1.65561737  1.19576644
 -1.51412515 -2.22122925  1.46611358  0.70241991  1.31078081 -3.01381314
 -0.37980808  2.51910064 -1.0353615   1.28840052  1.48121056  0.54684676
 -0.83574046  1.11948583  0.6630999  -0.38437397  2.80640506 -1.99423907
  1.53334547 -0.48899265  1.08544489 -2.85337706 -2.45983443  0.46491834
 -1.16657407 -0.494383    0.36161453 -0.11541873 -1.65441936 -0.04160616
 -0.85573284  2.81153064 -1.06675971 -1.38126965 -0.95123156  1.0783671
  1.85527419 -0.69936725  1.97450843 -2.19166431 -0.34954834 -0.73451142
 -2.88589565  3.16168631 -1.63174994  3.13539978 -1.26609584 -2.70705614
  3.3678304  -1.23034218 -0.77818887 -2.88103572 -2.72074724  2.54088607
 -2.13475394 -2.04994225 -0.17806243  3.1452718   0.2497732   0.21252804
 -1.25617744 -0.6802184  -1.73820387 -3.03145515  2.86925998  1.23941443
 -0.48458926 -2.18550899  1.1133483  -1.10916342 -0.48321758 -2.74488979
 -2.06367666  1.86905495 -0.87369979  2.62541229 -0.45975963 -2.67277992
 -2.82634146  2.26377964 -3.14334042 -0.45144173 -0.99483844 -0.24448505
  2.35028838  1.83420285  0.01715997 -2.55808234 -2.6582137   0.24869252
 -0.7676881   1.24590842 -2.63124114  1.12382654 -0.37803609  0.42485419
  1.91878233  0.45976644  0.6558921  -1.27233568  1.78783581  2.9372117
  0.99486571  0.22165803 -1.14024983  2.42026743  0.72623722 -1.91269608
 -0.05533239  1.8676388   0.98726424 -1.08042916 -2.30047822  2.22385647
  2.00187013  1.92587616  2.29832296  1.91898683 -1.65881493 -3.10953108
  0.43044298  1.34343849 -2.25962748 -1.12182712  2.31253072  1.39146082
 -0.28262145 -1.84506653 -1.64655898  1.97219554  1.30222255 -1.012103
 -0.23808121 -0.68947362 -0.30705844  2.30379664 -0.66341713 -0.9375169
  0.77572272 -2.35492914  0.591116    2.78857741 -0.35233125  2.05327584
 -1.85533165 -1.3518451  -2.59660667 -2.41863673 -1.50015853 -3.02919327
  2.01317177  1.77540739  1.58664407  1.12932996  1.58739206 -2.44236479
 -2.50736187  1.78374212  1.03257619 -0.28529018 -2.46979213  1.43115859
 -1.05007562 -3.04898081 -0.0519237   1.90540082 -2.70157716 -2.36879963
  1.87111247  1.02681219 -0.62009244 -0.49183632 -0.92195647  1.96323698
  0.47616941 -0.36214689  0.41005863 -2.27223327  1.2703072  -0.15514987
  2.4023104   1.2379711   2.87333134 -1.06253236  2.099283   -0.43062498
 -3.27035878  2.19965506  0.81202671  1.93074601 -1.28388424  1.43651869
 -2.121941    0.20689861  0.08741612 -2.78710707 -0.90580067 -2.39153101
  0.06735966 -0.5666134 ]
Sat May 25 14:23:37 2024,158,0.09644435375477158,[-4.628583    2.36668655 -1.84446371 -0.12589972  0.18609013 -2.68278617
  3.01441234  2.10940256  1.45760194 -0.92322903  0.62067239  1.09692116
  1.1238542  -1.53802315  0.77655809  2.80123607 -0.79394176 -0.63354049
 -1.74806064  0.60444102  1.67790301  2.99483571 -1.20559112 -0.31656161
 -2.43051263 -2.33780316  2.99235118  2.76625207 -0.54438945 -2.36323175
  1.47499686 -0.05475161 -2.31536882  2.09234286  1.28606514 -0.6376298
  0.85579695 -2.32063928 -0.023655    2.15765161 -0.16821505  0.38509367
  2.71005615  1.04639196  2.45968852  3.15964295  2.64121747 -2.93201027
  0.26883563 -0.81635244  1.76092415  2.86402415 -0.50831134 -2.31826963
  2.78548676 -3.21532397  0.7936832  -0.63037905 -1.73631925  2.70049535
 -1.81291009 -1.59194279 -2.30678708  2.188606   -2.45508373  2.13123229
  2.07738795  1.53410414  2.38366867  2.80527439  1.65463687  1.19674694
 -1.51314465 -2.22220975  1.46709408  0.70340042  1.30980031 -3.01283264
 -0.38078858  2.51812014 -1.036342    1.28938102  1.48023006  0.54782726
 -0.83475996  1.11850533  0.6640804  -0.38339347  2.80542456 -1.99521957
  1.53236497 -0.48801215  1.08642539 -2.85239656 -2.45885393  0.46589884
 -1.16755457 -0.4934025   0.36259503 -0.11443823 -1.65343886 -0.04258666
 -0.85475233  2.81055013 -1.06577921 -1.38028915 -0.95221206  1.0773866
  1.85625469 -0.69838675  1.97352793 -2.19264481 -0.34856784 -0.73549192
 -2.88491515  3.16070581 -1.63273044  3.13441928 -1.26707634 -2.70803664
  3.3668499  -1.23132268 -0.77720837 -2.88005522 -2.71976674  2.54186657
 -2.13573444 -2.04896175 -0.17904293  3.1462523   0.2487927   0.21350854
 -1.25519694 -0.6811989  -1.73722337 -3.03243565  2.87024048  1.23843393
 -0.48556976 -2.18648949  1.1123678  -1.11014392 -0.48419808 -2.74587029
 -2.06465716  1.86807445 -0.87468029  2.62443179 -0.45877913 -2.67179942
 -2.82732196  2.26279914 -3.14235992 -0.45046123 -0.99581894 -0.24350455
  2.34930788  1.83518335  0.01617947 -2.55906284 -2.6572332   0.24771202
 -0.7667076   1.24492792 -2.63222164  1.12480704 -0.37705559  0.42583469
  1.91780183  0.45878594  0.6568726  -1.27331618  1.78881631  2.9381922
  0.99584621  0.22067753 -1.14123033  2.42124793  0.72721772 -1.91171558
 -0.05631289  1.8686193   0.98824474 -1.07944866 -2.29949772  2.22287597
  2.00088963  1.92685666  2.29734246  1.91800633 -1.65979543 -3.10855058
  0.43142348  1.34441899 -2.26060798 -1.12280762  2.31155022  1.39244133
 -0.28164095 -1.84604703 -1.64753948  1.97121504  1.30124205 -1.0111225
 -0.23710071 -0.68849312 -0.30803894  2.30281614 -0.66243663 -0.9365364
  0.77670322 -2.35590964  0.5920965   2.78759691 -0.35135075  2.05229534
 -1.85631215 -1.3528256  -2.59758717 -2.41961723 -1.50113903 -3.03017377
  2.01415227  1.77442689  1.58566356  1.13031046  1.58641156 -2.44334529
 -2.50834237  1.78276162  1.03159569 -0.28627068 -2.47077263  1.43017809
 -1.04909512 -3.04996131 -0.0529042   1.90442032 -2.70059666 -2.36781913
  1.87209297  1.02779269 -0.61911194 -0.49281682 -0.92293697  1.96421748
  0.47714991 -0.36116639  0.40907813 -2.27125277  1.2712877  -0.15416937
  2.4032909   1.2389516   2.87431185 -1.06155186  2.1002635  -0.42964448
 -3.26937828  2.19867456  0.81104621  1.92976551 -1.28486474  1.43749919
 -2.1229215   0.20787911  0.08643562 -2.78612656 -0.90678117 -2.39055051
  0.06637915 -0.5656329 ]
Sat May 25 14:24:00 2024,159,0.09641283551940427,[-4.6295302   2.36763375 -1.84541091 -0.12495252  0.18703733 -2.68373337
  3.01346514  2.10845536  1.45665474 -0.92417623  0.61972519  1.09597396
  1.1248014  -1.53897035  0.77561089  2.80218327 -0.79488896 -0.6344877
 -1.74900784  0.60349382  1.67885021  2.99578291 -1.20653832 -0.31750881
 -2.42956543 -2.33685596  2.99329838  2.76719927 -0.54344225 -2.36417895
  1.47594406 -0.05380441 -2.31631602  2.09329006  1.28511794 -0.638577
  0.85484975 -2.31969208 -0.0227078   2.15670441 -0.16916225  0.38604087
  2.70910895  1.04544476  2.46063572  3.16059016  2.64216467 -2.93295747
  0.26978283 -0.81729964  1.76187135  2.86307695 -0.50736414 -2.31921684
  2.78643396 -3.21437677  0.792736   -0.63132625 -1.73537204  2.69954815
 -1.81196289 -1.59099559 -2.30583988  2.1895532  -2.45603094  2.13028509
  2.07833515  1.53505134  2.38272147  2.80432719  1.65368967  1.19769414
 -1.51219745 -2.22315695  1.46804128  0.70434762  1.30885311 -3.01188544
 -0.37984138  2.51906734 -1.0372892   1.28843382  1.47928286  0.54688006
 -0.83381275  1.11755813  0.6631332  -0.38434067  2.80637176 -1.99616677
  1.53141777 -0.48706495  1.08547819 -2.85334376 -2.45980113  0.46495164
 -1.16850177 -0.4924553   0.36354223 -0.11349103 -1.65438606 -0.04163946
 -0.85380513  2.81149734 -1.06672641 -1.38123635 -0.95126486  1.0764394
  1.85720189 -0.69743955  1.97258073 -2.19359201 -0.34951504 -0.73454472
 -2.88396795  3.15975861 -1.63178324  3.13347208 -1.26612914 -2.70708944
  3.3659027  -1.23226988 -0.77815557 -2.87910802 -2.71881954  2.54091937
 -2.13478724 -2.04801455 -0.17999013  3.1471995   0.2478455   0.21256134
 -1.25424973 -0.6821461  -1.73627617 -3.03148845  2.86929328  1.23938113
 -0.48462256 -2.18743669  1.113315   -1.10919672 -0.48514528 -2.74492309
 -2.06560436  1.86902165 -0.87562749  2.62537899 -0.45972633 -2.67274662
 -2.82637476  2.26374634 -3.14330712 -0.44951403 -0.99676614 -0.24445175
  2.35025508  1.83423615  0.01712667 -2.55811564 -2.656286    0.24676482
 -0.7657604   1.24587512 -2.63316884  1.12575424 -0.37800279  0.42488749
  1.91874903  0.45973314  0.6559254  -1.27426338  1.78976351  2.9391394
  0.99679341  0.22162473 -1.14217753  2.42219513  0.72816492 -1.91266278
 -0.05536569  1.86956651  0.98729754 -1.08039586 -2.29855052  2.22192877
  2.00183683  1.92590946  2.29828966  1.91895353 -1.66074263 -3.10760338
  0.43047628  1.34536619 -2.26155518 -1.12375482  2.31249742  1.39149412
 -0.28069375 -1.84509983 -1.64659228  1.97026784  1.30029485 -1.0101753
 -0.2361535  -0.68944032 -0.30709174  2.30186894 -0.66148943 -0.9374836
  0.77765042 -2.35685684  0.5911493   2.78664971 -0.35229795  2.05324254
 -1.85725935 -1.3537728  -2.59663997 -2.42056443 -1.50019183 -3.02922657
  2.01509947  1.77347969  1.58661077  1.13125766  1.58735876 -2.44239809
 -2.50928957  1.78181442  1.03064849 -0.28721788 -2.46982543  1.43112529
 -1.04814792 -3.05090851 -0.0538514   1.90347312 -2.70154386 -2.36876633
  1.87304017  1.02873989 -0.62005914 -0.49376402 -0.92388417  1.96516468
  0.47620271 -0.36021919  0.40813093 -2.27030557  1.2703405  -0.15322217
  2.4042381   1.2380044   2.87525905 -1.06060465  2.1012107  -0.43059168
 -3.27032548  2.19962176  0.81009901  1.93071271 -1.28391754  1.43844639
 -2.1238687   0.20693191  0.08738282 -2.78707377 -0.90583397 -2.39149771
  0.06543195 -0.5665801 ]
Sat May 25 14:24:22 2024,160,0.09638334619946695,[-4.6304453   2.36854885 -1.8444958  -0.12586762  0.18795244 -2.68464848
  3.01438025  2.10754025  1.45573964 -0.92509133  0.6206403   1.09505886
  1.1257165  -1.53988545  0.77469579  2.80309837 -0.79397385 -0.63357259
 -1.74809273  0.60440892  1.6779351   2.99669801 -1.20745343 -0.3165937
 -2.42865032 -2.33777107  2.99421349  2.76628417 -0.54435735 -2.36509406
  1.47685917 -0.05288931 -2.31723112  2.09420517  1.28420283 -0.63766189
  0.85393465 -2.32060718 -0.02362291  2.15761951 -0.17007736  0.38695597
  2.71002406  1.04452966  2.46155083  3.16150526  2.64307977 -2.93204237
  0.26886772 -0.81638453  1.76278646  2.86216185 -0.50644904 -2.31830173
  2.78734906 -3.21346166  0.7936511  -0.63224136 -1.73445694  2.70046326
 -1.81104779 -1.59191069 -2.30675498  2.19046831 -2.45511583  2.1312002
  2.07742004  1.53596644  2.38363658  2.80341208  1.65460477  1.19860925
 -1.51128234 -2.22407206  1.46712618  0.70526272  1.30976822 -3.01280054
 -0.38075648  2.51998245 -1.03820431  1.28751871  1.48019797  0.54779517
 -0.83472786  1.11664302  0.66404831 -0.38525578  2.80545666 -1.99525167
  1.53233287 -0.48614984  1.08639329 -2.85425887 -2.45888603  0.46403654
 -1.16758667 -0.49337041  0.36262712 -0.11257592 -1.65347095 -0.04255456
 -0.85472024  2.81058223 -1.06764152 -1.38032124 -0.95034976  1.07735451
  1.858117   -0.69835465  1.97166562 -2.19450711 -0.35043015 -0.73362962
 -2.88488306  3.16067372 -1.63086814  3.13438719 -1.26521403 -2.70800455
  3.36681781 -1.23135477 -0.77724047 -2.87819291 -2.71790443  2.54000427
 -2.13570235 -2.04709944 -0.17907503  3.1462844   0.24693039  0.21347644
 -1.25333463 -0.681231   -1.73536106 -3.03057334  2.86837818  1.24029624
 -0.48553766 -2.1883518   1.11423011 -1.11011183 -0.48606038 -2.74583819
 -2.06468926  1.86993675 -0.87471238  2.62446388 -0.45881123 -2.67366173
 -2.82545966  2.26283124 -3.14422222 -0.44859892 -0.99768124 -0.24536685
  2.34933997  1.83515126  0.01804177 -2.55720054 -2.6553709   0.24584971
 -0.76667551  1.24679022 -2.63408395  1.12666935 -0.37891789  0.42397238
  1.91966414  0.46064825  0.65501029 -1.27334828  1.79067861  2.93822429
  0.99770851  0.22253983 -1.14309264  2.42311023  0.72908003 -1.91174767
 -0.05445058  1.87048161  0.98638243 -1.08131097 -2.29946562  2.22101366
  2.00092172  1.92499436  2.29737456  1.91803842 -1.66165773 -3.10851849
  0.43139138  1.34445109 -2.26064008 -1.12283972  2.31158232  1.39240923
 -0.27977865 -1.84418473 -1.64567718  1.96935274  1.30120995 -1.00926019
 -0.2352384  -0.69035543 -0.30617663  2.30095384 -0.66057432 -0.9383987
  0.77856553 -2.35594174  0.5920644   2.78756482 -0.35138285  2.05232744
 -1.85634424 -1.35285769 -2.59572487 -2.42147954 -1.49927673 -3.03014167
  2.01418436  1.77439479  1.58569566  1.13217276  1.58827386 -2.44148298
 -2.50837447  1.78272952  1.03156359 -0.28813299 -2.47074054  1.43021018
 -1.04906303 -3.04999341 -0.0529363   1.90255802 -2.70245896 -2.36785122
  1.87212507  1.029655   -0.62097425 -0.49284892 -0.92296906  1.96607978
  0.47711781 -0.3611343   0.40721582 -2.27122068  1.26942539 -0.15413728
  2.40332299  1.2370893   2.87434394 -1.06151976  2.10212581 -0.42967657
 -3.26941038  2.20053686  0.81101411  1.9297976  -1.28300243  1.4393615
 -2.12295359  0.20784702  0.08646771 -2.78798887 -0.90491887 -2.3905826
  0.06634706 -0.56749521]
Sat May 25 14:25:03 2024,161,0.09635575094733026,[-4.63132947  2.36766469 -1.84361164 -0.12498345  0.18883661 -2.68553265
  3.01526442  2.10665608  1.45485547 -0.9259755   0.61975613  1.09417469
  1.12660067 -1.53900128  0.77557996  2.80398254 -0.79308968 -0.63268842
 -1.74720856  0.60352475  1.67705094  2.99758218 -1.20656926 -0.31747787
 -2.42776615 -2.3368869   2.99332932  2.7654     -0.54524152 -2.36597823
  1.47774334 -0.05377347 -2.31634696  2.09508934  1.285087   -0.63854606
  0.85305048 -2.31972301 -0.02450707  2.15673534 -0.16919319  0.38784014
  2.71090822  1.04364549  2.462435    3.16062109  2.6421956  -2.93292654
  0.26975189 -0.81550037  1.76367062  2.86304601 -0.50733321 -2.31741756
  2.78823323 -3.21257749  0.79453527 -0.63312553 -1.73357277  2.70134743
 -1.81016362 -1.59102652 -2.30587081  2.19135247 -2.456       2.13208437
  2.07830421  1.53508227  2.38452075  2.80252791  1.65548894  1.19949341
 -1.51039817 -2.22318789  1.46801035  0.70437855  1.31065239 -3.01368471
 -0.37987231  2.51909828 -1.03732014  1.28663455  1.48108214  0.546911
 -0.83561203  1.11752719  0.66493248 -0.38437161  2.80634083 -1.9943675
  1.5314487  -0.48526568  1.08727746 -2.8533747  -2.45977019  0.46315237
 -1.16847084 -0.49425458  0.36351129 -0.11346009 -1.65258678 -0.0416704
 -0.85560441  2.8114664  -1.06675735 -1.38120541 -0.94946559  1.07647034
  1.85723283 -0.69747049  1.97078145 -2.19362294 -0.35131431 -0.73274545
 -2.88576723  3.15978955 -1.63175231  3.13527135 -1.2660982  -2.70888871
  3.36593364 -1.23047061 -0.77812464 -2.87907708 -2.7187886   2.54088844
 -2.13481818 -2.04621527 -0.1799592   3.14716857  0.24781456  0.21436061
 -1.25245046 -0.68034683 -1.73447689 -3.02968918  2.86926235  1.23941207
 -0.48642183 -2.18746763  1.11334594 -1.10922766 -0.48694455 -2.74495402
 -2.06380509  1.86905258 -0.87559655  2.62357972 -0.45792706 -2.67277756
 -2.82457549  2.26194707 -3.14510639 -0.44771475 -0.99856541 -0.24448268
  2.35022414  1.83426709  0.01715761 -2.5580847  -2.65625507  0.24673388
 -0.76755967  1.24590606 -2.63496812  1.12755352 -0.37980206  0.42485655
  1.92054831  0.46153242  0.65589446 -1.27423244  1.79156278  2.93910846
  0.99682434  0.22165566 -1.14397681  2.4239944   0.72819586 -1.9108635
 -0.05356642  1.87136578  0.9872666  -1.0804268  -2.29858146  2.22189783
  2.00180589  1.92587853  2.29825873  1.91892259 -1.66077356 -3.10940266
  0.43050721  1.34533525 -2.26152425 -1.12372389  2.31246649  1.3932934
 -0.27889448 -1.84330056 -1.64656135  1.96846857  1.30209412 -1.01014436
 -0.23612257 -0.6912396  -0.30529246  2.30006967 -0.66145849 -0.93751453
  0.77768136 -2.35505757  0.59294857  2.78668065 -0.35226702  2.05144327
 -1.85722841 -1.35197352 -2.5948407  -2.42059537 -1.5001609  -3.0292575
  2.01506853  1.77527896  1.58657983  1.1312886   1.58915803 -2.44059881
 -2.50925864  1.78184536  1.03244776 -0.28901716 -2.46985637  1.43109435
 -1.04817886 -3.05087758 -0.05205213  1.90167385 -2.70334313 -2.36873539
  1.87300924  1.02877083 -0.62185842 -0.49196475 -0.9220849   1.96519562
  0.47800198 -0.36025013  0.40633165 -2.27033651  1.26854122 -0.15325311
  2.40420716  1.23620513  2.87522811 -1.06240393  2.10300998 -0.43056074
 -3.26852621  2.20142103  0.81012994  1.92891343 -1.2838866   1.44024567
 -2.12206942  0.20873118  0.08558354 -2.78887304 -0.9040347  -2.39146677
  0.06546289 -0.56661104]
Sat May 25 14:25:32 2024,162,0.09632992415243871,[-4.63218382  2.36681034 -1.84446598 -0.12412911  0.18969095 -2.68638699
  3.01441007  2.10580174  1.45400112 -0.92682985  0.62061047  1.09332034
  1.12745502 -1.53985563  0.7764343   2.8031282  -0.79394403 -0.63183408
 -1.74806291  0.6043791   1.67790528  2.99843653 -1.20571492 -0.31662353
 -2.4286205  -2.33603255  2.99418366  2.76454565 -0.54438718 -2.36683257
  1.47859768 -0.05291913 -2.3172013   2.09594368  1.28594135 -0.63940041
  0.85219613 -2.31886867 -0.02536142  2.15758969 -0.17004753  0.3869858
  2.71176257  1.04279114  2.46328934  3.15976675  2.64134126 -2.93378088
  0.26889755 -0.81635471  1.76281628  2.86219167 -0.50818755 -2.31827191
  2.78908758 -3.21172315  0.79368092 -0.63227118 -1.73442712  2.70220177
 -1.81101797 -1.59017218 -2.30672516  2.19049813 -2.45514565  2.13293871
  2.07744987  1.53422793  2.38537509  2.80338226  1.6546346   1.20034776
 -1.50954383 -2.22233355  1.467156    0.70352421  1.31150673 -3.01453906
 -0.37901797  2.51995262 -1.03817449  1.2857802   1.48022779  0.54605665
 -0.83646637  1.11667285  0.66578682 -0.38522596  2.80719517 -1.99351315
  1.53230305 -0.48612002  1.08813181 -2.85252036 -2.46062454  0.46229802
 -1.16932518 -0.49510892  0.36436564 -0.11260575 -1.65344113 -0.04081605
 -0.85645875  2.81232074 -1.0676117  -1.38035106 -0.95031993  1.07732469
  1.85637849 -0.69661614  1.96992711 -2.19447729 -0.35045997 -0.73359979
 -2.88662157  3.1589352  -1.63260665  3.13441701 -1.26695255 -2.70803437
  3.36678799 -1.23132495 -0.77727029 -2.87993143 -2.71964294  2.54003409
 -2.13396383 -2.04536093 -0.18081354  3.14631422  0.24696022  0.21521495
 -1.25330481 -0.67949248 -1.73533124 -3.02883483  2.87011669  1.24026642
 -0.48727618 -2.18661328  1.11420028 -1.10837331 -0.48609021 -2.74580837
 -2.06465944  1.86819824 -0.8747422   2.62272537 -0.4587814  -2.67192321
 -2.82372114  2.26280141 -3.14425205 -0.44686041 -0.99771107 -0.24362834
  2.35107849  1.83512144  0.01630326 -2.55723036 -2.65710941  0.24758823
 -0.76841402  1.24505171 -2.63411377  1.12669917 -0.38065641  0.4257109
  1.91969396  0.46238676  0.65504012 -1.2733781   1.79241713  2.93996281
  0.99597     0.22080132 -1.14483115  2.42484875  0.72734151 -1.91000916
 -0.05271207  1.87051143  0.98812095 -1.07957245 -2.2994358   2.22275218
  2.00095154  1.92673287  2.29740438  1.91977694 -1.65991922 -3.110257
  0.42965287  1.3461896  -2.2606699  -1.12457823  2.31332083  1.39414774
 -0.27804013 -1.84244621 -1.645707    1.96761422  1.30294847 -1.00929001
 -0.23526822 -0.69038525 -0.30443812  2.30092401 -0.66060414 -0.93666019
  0.77682701 -2.35420322  0.59380292  2.78753499 -0.35312136  2.05058892
 -1.85808276 -1.35111918 -2.59569505 -2.41974103 -1.49930655 -3.03011185
  2.01592288  1.77613331  1.58743417  1.13043425  1.59001238 -2.43974447
 -2.51011298  1.7826997   1.03159342 -0.2898715  -2.47071072  1.4319487
 -1.04903321 -3.05173192 -0.05119778  1.9008195  -2.70248879 -2.36958974
  1.87386358  1.02962517 -0.62271276 -0.4928191  -0.92123055  1.96604996
  0.47714764 -0.35939578  0.407186   -2.26948216  1.26768688 -0.15239876
  2.40335281  1.23535078  2.87608245 -1.06154958  2.10386432 -0.42970639
 -3.26767186  2.20227538  0.8092756   1.92805909 -1.28474095  1.44110001
 -2.12121508  0.20787684  0.0847292  -2.78972739 -0.90488904 -2.39232112
  0.06631724 -0.56746538]
Sat May 25 14:25:55 2024,163,0.0963057487906726,[-4.63300941  2.36763593 -1.84529158 -0.1249547   0.18886536 -2.68721259
  3.01523567  2.10662733  1.45482672 -0.92600425  0.61978488  1.09414594
  1.12828061 -1.54068122  0.7772599   2.8023026  -0.79476962 -0.63265967
 -1.7488885   0.60520469  1.67873088  2.99761093 -1.20654051 -0.31744912
 -2.4277949  -2.33520696  2.99335807  2.76537125 -0.54521277 -2.36765817
  1.47942328 -0.05209353 -2.31637571  2.09511809  1.28676694 -0.63857481
  0.85302173 -2.31969426 -0.02453582  2.1567641  -0.16922194  0.3861602
  2.71258817  1.04361674  2.46411494  3.16059234  2.64051566 -2.93295529
  0.26972314 -0.81552912  1.76364187  2.86136607 -0.50901315 -2.31744631
  2.78991317 -3.21254874  0.79450652 -0.63144559 -1.73525271  2.70137618
 -1.81019237 -1.58934658 -2.30589956  2.18967253 -2.45432006  2.13376431
  2.07662427  1.53505352  2.3845495   2.80255666  1.65546019  1.19952217
 -1.51036942 -2.22315914  1.46798159  0.7043498   1.31233233 -3.01536465
 -0.37819237  2.51912703 -1.03734889  1.28495461  1.47940219  0.54523106
 -0.83729197  1.11584725  0.66661242 -0.38605155  2.80802077 -1.99433875
  1.53312864 -0.48694562  1.0889574  -2.85169476 -2.45979895  0.46147243
 -1.16849959 -0.49428333  0.36519123 -0.11178015 -1.65261553 -0.03999045
 -0.85563316  2.81314634 -1.0667861  -1.37952547 -0.94949434  1.07649909
  1.85555289 -0.69579055  1.96910151 -2.19530289 -0.34963437 -0.73442539
 -2.88744717  3.15810961 -1.63343225  3.13359141 -1.26612695 -2.70885996
  3.36761358 -1.23049936 -0.7764447  -2.88075702 -2.72046854  2.54085969
 -2.13478943 -2.04618652 -0.18163914  3.14548863  0.24613462  0.21438936
 -1.2541304  -0.68031808 -1.73450564 -3.02800924  2.87094229  1.24109201
 -0.48810177 -2.18578769  1.11337469 -1.10754772 -0.48526461 -2.74498278
 -2.06548503  1.86737264 -0.8755678   2.62355096 -0.459607   -2.67274881
 -2.82454674  2.26362701 -3.14507764 -0.44603481 -0.99853666 -0.24445393
  2.35190408  1.83429584  0.01547766 -2.55805595 -2.65628382  0.24676263
 -0.76758842  1.24422612 -2.63328818  1.12587358 -0.381482    0.4248853
  1.92051955  0.46156117  0.65421452 -1.2725525   1.79324272  2.93913721
  0.99679559  0.22162691 -1.14400556  2.42567434  0.72816711 -1.90918356
 -0.05188647  1.86968584  0.98729535 -1.07874686 -2.29861021  2.22357777
  2.00177714  1.92590728  2.29657878  1.91895134 -1.65909362 -3.1110826
  0.43047846  1.34701519 -2.25984431 -1.12375264  2.31414643  1.39497334
 -0.27721454 -1.84327181 -1.64488141  1.96843982  1.30377406 -1.01011561
 -0.23444263 -0.69121085 -0.30361252  2.30174961 -0.65977855 -0.93583459
  0.77600142 -2.35337763  0.59297732  2.7867094  -0.35394696  2.04976333
 -1.85890835 -1.35194477 -2.59486945 -2.42056662 -1.50013215 -3.02928626
  2.01674847  1.7769589   1.58825977  1.12960866  1.58918678 -2.44057006
 -2.51093858  1.7835253   1.03076782 -0.2906971  -2.47153631  1.43277429
 -1.04820761 -3.05255752 -0.05037219  1.9016451  -2.70166319 -2.36876414
  1.87468918  1.02879958 -0.62353836 -0.49364469 -0.92205614  1.96687556
  0.47632204 -0.35857019  0.4080116  -2.26865657  1.26851247 -0.15157317
  2.40252722  1.23617638  2.87525686 -1.06072399  2.10468992 -0.4288808
 -3.26684627  2.20310097  0.81010119  1.92888468 -1.28556654  1.44027442
 -2.12204067  0.20870243  0.08555479 -2.79055298 -0.90406345 -2.39149552
  0.06714283 -0.56663979]
Sat May 25 14:26:19 2024,164,0.09628311582067985,[-4.63380729  2.36843381 -1.84608945 -0.12415683  0.18806748 -2.68801046
  3.01603354  2.10742521  1.45562459 -0.92680213  0.62058275  1.09494381
  1.12907849 -1.5414791   0.77805777  2.80310048 -0.79397175 -0.6318618
 -1.74968638  0.60440682  1.67952875  2.99681306 -1.20733838 -0.318247
 -2.42859278 -2.33600483  2.99415594  2.76616912 -0.54601065 -2.36845604
  1.48022115 -0.05289141 -2.31557783  2.09591596  1.28756482 -0.63937269
  0.85222385 -2.32049214 -0.02373795  2.15596622 -0.16842406  0.38536233
  2.71338604  1.04281886  2.46331706  3.15979447  2.63971779 -2.93375316
  0.26892527 -0.81632699  1.76443975  2.86216395 -0.50821527 -2.31824419
  2.79071105 -3.21175087  0.79370864 -0.63224346 -1.73445484  2.7005783
 -1.81099025 -1.58854871 -2.30669744  2.19047041 -2.45352218  2.13456218
  2.0758264   1.5358514   2.38375162  2.80335454  1.65625807  1.20032004
 -1.50957155 -2.22236127  1.46877947  0.70355193  1.31153445 -3.01456678
 -0.37899025  2.51832915 -1.03655102  1.28575248  1.48020007  0.54443319
 -0.83649409  1.11504938  0.66581454 -0.38525368  2.80722289 -1.99354087
  1.53392652 -0.48774349  1.08975528 -2.85089689 -2.46059682  0.4622703
 -1.16770171 -0.49348545  0.36439336 -0.11098228 -1.65181766 -0.03919258
 -0.85643103  2.81394421 -1.06758398 -1.38032334 -0.94869647  1.07729697
  1.85635077 -0.69658842  1.96830364 -2.19610076 -0.3488365  -0.73522326
 -2.88824504  3.15890748 -1.63263437  3.13279354 -1.26692483 -2.70806209
  3.36841145 -1.22970148 -0.77724257 -2.87995915 -2.71967066  2.54006181
 -2.13399155 -2.0469844  -0.18243701  3.1462865   0.2469325   0.21518723
 -1.25333253 -0.68111595 -1.73530352 -3.02880711  2.87174016  1.24188989
 -0.48889965 -2.18658556  1.11417256 -1.10674984 -0.48606249 -2.7441849
 -2.06468716  1.86657477 -0.87636567  2.62275309 -0.45880912 -2.67195093
 -2.82374886  2.26282913 -3.14587552 -0.44523694 -0.99933453 -0.24525181
  2.35270196  1.83509372  0.01627554 -2.55725808 -2.65708169  0.24756051
 -0.7683863   1.24342824 -2.6324903   1.12667145 -0.38227988  0.42408743
  1.92131743  0.46235904  0.65341665 -1.27175463  1.79244485  2.93833934
  0.99599772  0.22242479 -1.14480343  2.42647222  0.72736923 -1.90998144
 -0.05268435  1.87048371  0.98649748 -1.07794898 -2.29940808  2.2227799
  2.00257501  1.92670515  2.29737666  1.91974922 -1.6598915  -3.11028472
  0.42968059  1.34781307 -2.26064218 -1.12295476  2.3149443   1.39417546
 -0.27801241 -1.84247393 -1.64567928  1.96923769  1.30457194 -1.01091348
 -0.23364475 -0.69041297 -0.3044104   2.30254748 -0.66057642 -0.93503672
  0.77679929 -2.3541755   0.59217945  2.78750727 -0.35314908  2.04896545
 -1.85970623 -1.35274265 -2.59566732 -2.4213645  -1.50093002 -3.02848838
  2.01754635  1.77616103  1.58746189  1.12881078  1.58838891 -2.44136794
 -2.5101407   1.78432317  1.0315657  -0.28989922 -2.47233419  1.43357217
 -1.04740974 -3.05175964 -0.04957431  1.90084722 -2.70086532 -2.36956202
  1.87548705  1.0280017  -0.62274048 -0.49284682 -0.92285402  1.96607768
  0.47552417 -0.35936806  0.40880947 -2.26785869  1.2677146  -0.15077529
  2.40172934  1.2353785   2.87605473 -1.05992611  2.10389204 -0.42967867
 -3.26764414  2.2023031   0.80930332  1.92968256 -1.28636442  1.44107229
 -2.12283855  0.20950031  0.08635267 -2.79135085 -0.90326557 -2.39069765
  0.06794071 -0.56743766]
Sat May 25 14:26:42 2024,165,0.09626192362372077,[-4.63457843  2.36920496 -1.8453183  -0.12492797  0.18883863 -2.68878161
  3.01526239  2.10819635  1.45639574 -0.92603098  0.61981161  1.09417267
  1.12984963 -1.54225025  0.77728663  2.80232933 -0.7932006  -0.63263294
 -1.74891523  0.60517796  1.6802999   2.99604191 -1.20810953 -0.31747585
 -2.42782163 -2.33677598  2.99492709  2.76539798 -0.5452395  -2.36768489
  1.47945    -0.05366256 -2.31634898  2.09514482  1.28833596 -0.63860154
  0.85145271 -2.31972099 -0.0245091   2.15673737 -0.16765292  0.38613347
  2.71261489  1.04359001  2.46408821  3.16056561  2.64048893 -2.93452431
  0.26815412 -0.81709814  1.7636686   2.8613928  -0.50898642 -2.31901533
  2.7899399  -3.21252201  0.7929375  -0.63301461 -1.73522598  2.70134945
 -1.8102191  -1.58777756 -2.30746859  2.18969926 -2.45275104  2.13533333
  2.07659754  1.53662255  2.38298048  2.80412568  1.65702921  1.19954889
 -1.5103427  -2.22313241  1.46955062  0.70432307  1.3107633  -3.01533792
 -0.3782191   2.51755801 -1.03732216  1.28652363  1.48097122  0.54520433
 -0.83726524  1.11582052  0.66658569 -0.38448253  2.80799404 -1.99276973
  1.53315537 -0.48697234  1.08898413 -2.85012574 -2.46136797  0.46304145
 -1.16693057 -0.4942566   0.36516451 -0.11175342 -1.65104651 -0.03996373
 -0.85720218  2.81317307 -1.06681283 -1.38109449 -0.94792532  1.07652582
  1.85557962 -0.69735957  1.96907479 -2.19532961 -0.34960764 -0.73445212
 -2.8874739   3.15967863 -1.63186323  3.13202239 -1.26769597 -2.70883323
  3.3691826  -1.23047263 -0.77647142 -2.8807303  -2.71889952  2.54083296
 -2.1347627  -2.04775554 -0.18166587  3.14705765  0.24616135  0.21595838
 -1.25256138 -0.68034481 -1.73453237 -3.02957826  2.87096901  1.24111874
 -0.4881285  -2.18735671  1.11340142 -1.1059787  -0.48683363 -2.74341375
 -2.0654583   1.86580362 -0.87559453  2.62352424 -0.45803798 -2.67272208
 -2.82452001  2.26205799 -3.14664666 -0.44600809 -1.00010568 -0.24602295
  2.35193081  1.83432257  0.01550439 -2.55648693 -2.65631055  0.24833165
 -0.76761515  1.24265709 -2.63326145  1.1274426  -0.38305102  0.42331628
  1.92208858  0.46158789  0.6526455  -1.27252577  1.79321599  2.93756819
  0.99522657  0.22319593 -1.14403228  2.42570107  0.72659809 -1.91075258
 -0.0519132   1.86971257  0.98572633 -1.07872013 -2.30017923  2.22200875
  2.00180387  1.92593401  2.29660551  1.92052036 -1.65912035 -3.11105587
  0.43045173  1.34704192 -2.26141333 -1.12372591  2.31417316  1.39340432
 -0.27878356 -1.84170279 -1.64645043  1.96846655  1.30380079 -1.01168463
 -0.23287361 -0.69118412 -0.30518155  2.30177634 -0.66134757 -0.93580786
  0.77602815 -2.35340436  0.5914083   2.78827842 -0.35392023  2.0497366
 -1.86047737 -1.3519715  -2.59489618 -2.42213564 -1.50170117 -3.02925953
  2.0167752   1.77693218  1.58669075  1.12803963  1.58761776 -2.44213908
 -2.50936956  1.78509432  1.03079455 -0.28912808 -2.47310533  1.43280102
 -1.04663859 -3.05253079 -0.04880317  1.90007608 -2.70163646 -2.37033316
  1.87471591  1.02877285 -0.62196934 -0.49361796 -0.92208287  1.96530653
  0.47475302 -0.35859692  0.40803832 -2.26862984  1.26694345 -0.15000415
  2.4009582   1.23460736  2.87528359 -1.05915497  2.10466319 -0.42890753
 -3.266873    2.20153195  0.81007446  1.92891141 -1.28713556  1.44030115
 -2.12360969  0.21027146  0.08712381 -2.79057971 -0.90249443 -2.3899265
  0.06871185 -0.56820881]
Sat May 25 14:27:06 2024,166,0.0962420774838234,[-4.6353238   2.36845958 -1.84457293 -0.12567335  0.189584   -2.68803624
  3.01600777  2.10745098  1.45714111 -0.92677635  0.61906623  1.09342729
  1.12910426 -1.54150487  0.778032    2.8030747  -0.79394597 -0.63337831
 -1.74966061  0.60592334  1.68104527  2.99529654 -1.20736416 -0.31822122
 -2.428567   -2.33603061  2.99567246  2.76614335 -0.54598487 -2.36693952
  1.48019538 -0.05440793 -2.31709435  2.09589019  1.28908133 -0.63785617
  0.85070734 -2.32046636 -0.02376372  2.155992   -0.16690755  0.38687884
  2.71186952  1.04433538  2.46334284  3.16131098  2.63974356 -2.93526968
  0.26889949 -0.81784351  1.76441397  2.86064743 -0.50973179 -2.31976071
  2.78919453 -3.21326738  0.79219213 -0.63375998 -1.73597136  2.70060408
 -1.81096447 -1.58703219 -2.30672321  2.19044463 -2.45349641  2.13458796
  2.07585217  1.53736792  2.38372585  2.80338031  1.65628384  1.20029427
 -1.50959732 -2.22387778  1.46880524  0.70506845  1.31150868 -3.01608329
 -0.37896447  2.51681264 -1.03806754  1.28577825  1.48171659  0.54445896
 -0.83651987  1.11507515  0.66733106 -0.38373716  2.80724867 -1.99202435
  1.53241    -0.48771772  1.0897295  -2.84938037 -2.46062259  0.46378682
 -1.16618519 -0.49351123  0.36441913 -0.11249879 -1.65030114 -0.03921835
 -0.85645681  2.81391844 -1.0675582  -1.38034912 -0.94717995  1.07578045
  1.85632499 -0.69661419  1.96832941 -2.19607499 -0.34886227 -0.73370674
 -2.88672852  3.15893326 -1.63111785  3.13276776 -1.2669506  -2.70957861
  3.36992797 -1.22972726 -0.77572605 -2.87998492 -2.71815415  2.54008759
 -2.13550807 -2.04701017 -0.18092049  3.14780302  0.24690672  0.21521301
 -1.25181601 -0.67959943 -1.733787   -3.02883288  2.87022364  1.24037337
 -0.48738313 -2.18661134  1.11265604 -1.10523332 -0.487579   -2.74415913
 -2.06471293  1.86505825 -0.87484916  2.62277886 -0.45878335 -2.67346745
 -2.82377464  2.26280336 -3.14739203 -0.44675346 -0.99936031 -0.24676833
  2.35267618  1.8335772   0.01475902 -2.5572323  -2.65705592  0.24758628
 -0.76836053  1.24340247 -2.63251608  1.12818797 -0.3837964   0.42257091
  1.92283395  0.46084252  0.65339087 -1.2717804   1.79247062  2.93682282
  0.99597194  0.22245056 -1.14328691  2.4249557   0.72734346 -1.91000721
 -0.05265857  1.86896719  0.9864717  -1.0794655  -2.3009246   2.22126338
  2.00254924  1.92518863  2.29586014  1.91977499 -1.65986572 -3.1103105
  0.42970636  1.34778729 -2.26066796 -1.12447128  2.31342778  1.39414969
 -0.27803819 -1.84244816 -1.6471958   1.96772117  1.30454616 -1.01243
 -0.23212823 -0.69192949 -0.30443617  2.30103097 -0.6606022  -0.93655324
  0.77528278 -2.35414973  0.59066293  2.78753305 -0.3546656   2.05048197
 -1.859732   -1.35271687 -2.59564155 -2.42139027 -1.50095579 -3.02851416
  2.01752057  1.77767755  1.58594538  1.12878501  1.58836314 -2.44139371
 -2.51011493  1.78583969  1.03004918 -0.2883827  -2.47235996  1.43354639
 -1.04738396 -3.05327616 -0.0480578   1.8993307  -2.70238183 -2.37107854
  1.87546128  1.02802748 -0.62271471 -0.49436333 -0.9213375   1.96605191
  0.47400765 -0.35785154  0.40729295 -2.26788447  1.26619808 -0.15074952
  2.40170357  1.23386199  2.87453822 -1.05990034  2.10540856 -0.42816216
 -3.26612762  2.20227732  0.80932909  1.92816604 -1.28788093  1.43955577
 -2.12435507  0.21101683  0.08786918 -2.78983434 -0.9032398  -2.39067187
  0.06945722 -0.56895418]
Sat May 25 14:27:30 2024,167,0.09622348910528489,[-4.63604432  2.3691801  -1.84385242 -0.12495283  0.18886349 -2.68875675
  3.01672828  2.10673047  1.4564206  -0.92749687  0.61834572  1.09414781
  1.12982478 -1.54222539  0.77875251  2.80379522 -0.79322546 -0.63409883
 -1.74894009  0.60664385  1.68032475  2.99457602 -1.20808467 -0.31750071
 -2.42928752 -2.33675112  2.99639298  2.76686386 -0.54526436 -2.36621901
  1.48091589 -0.05512844 -2.31781487  2.09516967  1.28836082 -0.63857668
  0.84998682 -2.32118688 -0.02304321  2.15671251 -0.16762806  0.38759936
  2.71259004  1.0450559   2.46406335  3.16059047  2.64046408 -2.9359902
  0.26817898 -0.81856402  1.76369346  2.86136795 -0.50901128 -2.31904019
  2.78991505 -3.21254687  0.79291264 -0.63303947 -1.73525084  2.70132459
 -1.81024396 -1.58775271 -2.3060027   2.19116515 -2.45421692  2.13386744
  2.07513166  1.5366474   2.38300533  2.8026598   1.65556332  1.20101478
 -1.51031784 -2.22315727  1.46808473  0.70578896  1.31222919 -3.01680381
 -0.37968499  2.51753315 -1.03734702  1.28505774  1.48099607  0.54373844
 -0.83579935  1.11579567  0.66661055 -0.38445767  2.80796918 -1.99130384
  1.53313051 -0.48843823  1.09045002 -2.84865985 -2.45990208  0.4630663
 -1.16690571 -0.49423174  0.36369862 -0.11177828 -1.65102166 -0.03993887
 -0.85573629  2.81319792 -1.06683769 -1.3796286  -0.94645943  1.07505993
  1.85560448 -0.69733471  1.96904993 -2.1967955  -0.34958279 -0.73298623
 -2.88744904  3.15965377 -1.63039734  3.13348828 -1.26623009 -2.71029912
  3.36920746 -1.23044777 -0.77500554 -2.88070544 -2.71887466  2.5408081
 -2.13622859 -2.04628966 -0.18164101  3.1470825   0.24618621  0.21593352
 -1.25109549 -0.68031995 -1.73450752 -3.0295534   2.87094416  1.23965285
 -0.48810364 -2.18733185  1.11337656 -1.10595384 -0.48829952 -2.74343861
 -2.06399241  1.86433773 -0.87412864  2.62205835 -0.45806283 -2.67418797
 -2.82305412  2.26208284 -3.14811255 -0.44747397 -1.00008082 -0.24604781
  2.35195567  1.83429771  0.01547954 -2.55795282 -2.6563354   0.2483068
 -0.76908104  1.24412298 -2.63179556  1.12746745 -0.38307588  0.42185039
  1.92211343  0.46012201  0.65267036 -1.27105989  1.79319114  2.93754333
  0.99669246  0.22317108 -1.14400743  2.42567621  0.72662294 -1.91072773
 -0.05337909  1.86968771  0.98719222 -1.07874499 -2.30020408  2.22198389
  2.00326976  1.92446812  2.29658066  1.91905448 -1.65914521 -3.10958998
  0.42898585  1.34706678 -2.25994744 -1.1251918   2.3141483   1.39487021
 -0.27731767 -1.84316868 -1.64791632  1.96844169  1.30526668 -1.01315052
 -0.23284875 -0.69265001 -0.30371566  2.30031045 -0.65988168 -0.93727375
  0.77600329 -2.35342921  0.59138344  2.78681253 -0.35538612  2.04976146
 -1.86045252 -1.35199636 -2.59492104 -2.42211079 -1.50023528 -3.02779364
  2.01824109  1.77839806  1.58522486  1.12806449  1.58908365 -2.44211423
 -2.51083544  1.78511917  1.03076969 -0.28910322 -2.47308048  1.43282588
 -1.04666345 -3.05255565 -0.04877831  1.89861019 -2.70310235 -2.37179905
  1.87474076  1.02874799 -0.62199419 -0.49364282 -0.92061699  1.96677242
  0.47328713 -0.35713103  0.40657244 -2.26716395  1.26547756 -0.150029
  2.40098305  1.23314147  2.8738177  -1.06062085  2.10468804 -0.42888267
 -3.26540711  2.20155681  0.81004961  1.92744552 -1.28716042  1.44027629
 -2.12507558  0.21029631  0.08714867 -2.79055485 -0.90251928 -2.39139239
  0.07017774 -0.5696747 ]
Sat May 25 14:27:56 2024,168,0.09620607616478903,[-4.63674086  2.36848356 -1.84454896 -0.12425629  0.18956003 -2.68806021
  3.01742482  2.10742701  1.45711714 -0.92819341  0.61764918  1.09484435
  1.12912823 -1.54152885  0.77805597  2.80449176 -0.793922   -0.63479537
 -1.74963663  0.60734039  1.67962821  2.99527257 -1.20738813 -0.31680416
 -2.42859098 -2.33605458  2.99708952  2.76616732 -0.5459609  -2.36691555
  1.48161243 -0.05582498 -2.31851141  2.09447313  1.28905736 -0.63927323
  0.85068336 -2.32188342 -0.02373975  2.15740905 -0.1683246   0.38690282
  2.7118935   1.04435935  2.4647599   3.15989393  2.64116062 -2.93668674
  0.26748244 -0.81926057  1.76439     2.86206449 -0.50831473 -2.31973673
  2.7892185  -3.21185033  0.7922161  -0.63373601 -1.7345543   2.70202114
 -1.80954741 -1.58844925 -2.30530616  2.19186169 -2.45352038  2.13456398
  2.07443511  1.53595086  2.38370188  2.80196325  1.65486678  1.20171132
 -1.51101438 -2.22385381  1.46738819  0.7064855   1.31153265 -3.01610727
 -0.37898845  2.51822969 -1.03665048  1.28575428  1.48029953  0.54443499
 -0.8364959   1.11509912  0.66730709 -0.38515421  2.80727264 -1.99200038
  1.53382706 -0.48913477  1.09114656 -2.84796331 -2.46059862  0.46236976
 -1.16620917 -0.49492829  0.36300208 -0.11247482 -1.6517182  -0.04063541
 -0.85643283  2.81250138 -1.06614115 -1.38032515 -0.94715597  1.07436339
  1.85490793 -0.69663817  1.96974647 -2.19749204 -0.34888625 -0.73368277
 -2.8867525   3.15895723 -1.6297008   3.13418482 -1.26553354 -2.71099566
  3.36851092 -1.23114431 -0.77430899 -2.88140198 -2.71817812  2.54150464
 -2.13553204 -2.0469862  -0.18233755  3.14638596  0.24548967  0.21663007
 -1.25039895 -0.67962341 -1.73520406 -3.03024994  2.87024762  1.23895631
 -0.4874071  -2.1880284   1.11268002 -1.1052573  -0.48760298 -2.74274207
 -2.06329587  1.86364119 -0.8734321   2.62275489 -0.45736629 -2.67349142
 -2.82375066  2.26277939 -3.14741601 -0.44677743 -1.00077737 -0.24674435
  2.35125912  1.83499426  0.01617608 -2.55725628 -2.65703194  0.24761025
 -0.7683845   1.24481952 -2.63109902  1.128164   -0.38377242  0.42115385
  1.92141689  0.45942547  0.6533669  -1.27175643  1.79249459  2.93823988
  0.99599592  0.22386762 -1.14331089  2.42497967  0.72731948 -1.91003118
 -0.05268255  1.87038425  0.98788876 -1.07944153 -2.29950754  2.22128735
  2.00257321  1.92377158  2.2972772   1.91835794 -1.65984175 -3.10889344
  0.4282893   1.34776332 -2.26064398 -1.12588834  2.31484484  1.39556675
 -0.27662113 -1.84386522 -1.64721977  1.96913823  1.30457013 -1.01245397
 -0.23354529 -0.69195346 -0.3044122   2.29961391 -0.66057822 -0.93657721
  0.77530675 -2.35273267  0.5906869   2.78611599 -0.35608266  2.050458
 -1.86114906 -1.3526929  -2.59561758 -2.42280733 -1.49953874 -3.0270971
  2.01754455  1.77770152  1.58452832  1.12736795  1.58838711 -2.44281077
 -2.51153199  1.78581572  1.03007315 -0.28979976 -2.47377702  1.43212934
 -1.04735999 -3.0518591  -0.04947485  1.89930673 -2.70379889 -2.37249559
  1.8754373   1.02805145 -0.62129765 -0.49433936 -0.92131353  1.96607588
  0.47259059 -0.35643449  0.40726898 -2.26786049  1.26478102 -0.15072554
  2.4016796   1.23244493  2.87451424 -1.0613174   2.1039915  -0.42818613
 -3.26610365  2.20225335  0.81074615  1.92674898 -1.28785696  1.43957975
 -2.12577212  0.21099285  0.08645213 -2.79125139 -0.90182274 -2.39208893
  0.0694812  -0.57037124]
Sat May 25 14:28:32 2024,169,0.0961897618955889,[-4.63741428  2.36781014 -1.84387554 -0.12492971  0.18888661 -2.68873363
  3.01675141  2.10810043  1.45644372 -0.92886683  0.61697576  1.09417093
  1.12980165 -1.54220227  0.77872939  2.80516518 -0.79324858 -0.63546879
 -1.75031005  0.60666697  1.67895479  2.99594599 -1.20806155 -0.31747758
 -2.42791756 -2.336728    2.99776294  2.7654939  -0.54528748 -2.36758897
  1.48228585 -0.0564984  -2.31783799  2.09379971  1.28973078 -0.63994665
  0.85000994 -2.32121    -0.02441317  2.15673563 -0.16765118  0.38757624
  2.71256691  1.04503277  2.46543332  3.16056735  2.64183404 -2.93601332
  0.26815585 -0.81858715  1.76371658  2.86139107 -0.50764131 -2.31906331
  2.78854508 -3.21252375  0.79288952 -0.63306259 -1.73388088  2.70134772
 -1.81022083 -1.58912267 -2.30597957  2.19118827 -2.45284696  2.1352374
  2.07376169  1.53662428  2.38302846  2.80263667  1.6555402   1.2010379
 -1.5116878  -2.22452723  1.4680616   0.70715892  1.31220607 -3.01543385
 -0.37966186  2.51755627 -1.03597706  1.2864277   1.48097295  0.54376157
 -0.83716931  1.11577254  0.66798051 -0.3844808   2.80794606 -1.9926738
  1.53315364 -0.48846136  1.09181998 -2.84728989 -2.4599252   0.46169634
 -1.16688259 -0.49425487  0.36367549 -0.11314824 -1.65104478 -0.03996199
 -0.85710625  2.81182796 -1.06546773 -1.38099856 -0.94782939  1.07503681
  1.85423451 -0.69596475  1.97041989 -2.19681862 -0.34821283 -0.73435619
 -2.88742592  3.15828381 -1.62902738  3.1335114  -1.26620696 -2.71032225
  3.36918433 -1.23181773 -0.77498241 -2.8820754  -2.7175047   2.54217806
 -2.13620546 -2.04765962 -0.18301097  3.14571254  0.24616308  0.21595665
 -1.24972553 -0.68029683 -1.73587748 -3.02957652  2.87092103  1.23962973
 -0.48808052 -2.18870181  1.1120066  -1.10593072 -0.4882764  -2.74341549
 -2.06396929  1.86431461 -0.87410552  2.62208147 -0.45803971 -2.67281801
 -2.82307724  2.26345281 -3.14674259 -0.44745085 -1.00145079 -0.24607093
  2.3505857   1.83566768  0.0168495  -2.55658286 -2.65770536  0.24693684
 -0.76771108  1.2441461  -2.6304256   1.12749058 -0.38444584  0.42182727
  1.92074347  0.46009888  0.65269348 -1.27108301  1.79182118  2.93891329
  0.99666934  0.2231942  -1.14263747  2.42430625  0.72664607 -1.9107046
 -0.05335597  1.87105767  0.98721534 -1.07876811 -2.30018096  2.22196077
  2.00189979  1.924445    2.29660378  1.91768452 -1.65916833 -3.10956686
  0.42896272  1.3470899  -2.25997056 -1.12656176  2.31551826  1.39489333
 -0.27594771 -1.84453864 -1.64789319  1.96846481  1.30524355 -1.01312739
 -0.23421871 -0.69128004 -0.30508562  2.29894049 -0.66125164 -0.93590379
  0.77463333 -2.35340609  0.59001348  2.78678941 -0.35540924  2.04978458
 -1.86182248 -1.35336632 -2.596291   -2.42213391 -1.50021216 -3.02642368
  2.01821796  1.7770281   1.58520174  1.12804137  1.58771369 -2.44348419
 -2.51085857  1.78648913  1.03074657 -0.29047318 -2.4731036   1.43280276
 -1.04668657 -3.05118569 -0.04880143  1.89998015 -2.70447231 -2.37182217
  1.87476389  1.02737803 -0.62197107 -0.49501278 -0.92064011  1.9667493
  0.47191717 -0.35576107  0.40659556 -2.26718707  1.2641076  -0.15005213
  2.40235302  1.23311835  2.87384082 -1.06064398  2.10331808 -0.42885955
 -3.26677707  2.20292677  0.81007273  1.9274224  -1.28718354  1.44025317
 -2.12644554  0.21166627  0.08577871 -2.79057798 -0.90114932 -2.39141551
  0.07015462 -0.56969782]
Sat May 25 14:28:55 2024,170,0.09617447470141921,[-4.6380654   2.36715902 -1.84322443 -0.12427859  0.18823549 -2.68808252
  3.01610029  2.10744931  1.45579261 -0.92951794  0.61632464  1.09351982
  1.12915054 -1.54285338  0.77807828  2.80581629 -0.7938997  -0.6361199
 -1.75096116  0.60731809  1.67960591  2.9965971  -1.20871267 -0.31682647
 -2.42856867 -2.33607688  2.99711182  2.76614502 -0.54463637 -2.36693785
  1.48293697 -0.05714952 -2.31718688  2.0931486   1.29038189 -0.64059776
  0.85066106 -2.32055889 -0.02376206  2.15738675 -0.16700007  0.38822735
  2.71321803  1.04438166  2.4647822   3.16121846  2.64118293 -2.93666443
  0.26750474 -0.81793603  1.76436769  2.86073996 -0.5069902  -2.3184122
  2.78789397 -3.21317486  0.7922384  -0.6337137  -1.73453199  2.7006966
 -1.81087195 -1.58847155 -2.30532846  2.19053716 -2.45219585  2.13458629
  2.07441281  1.53597316  2.38237734  2.80198556  1.65488909  1.20168902
 -1.51103669 -2.22517834  1.46741049  0.70781004  1.31285718 -3.01608496
 -0.37901075  2.51820739 -1.03532594  1.28707881  1.48162406  0.54441268
 -0.83782043  1.11512143  0.66732939 -0.38513191  2.80729495 -1.99332491
  1.53380475 -0.48781024  1.09116886 -2.847941   -2.45927409  0.46234746
 -1.16623147 -0.49490598  0.36302438 -0.11249713 -1.65169589 -0.04061311
 -0.85775737  2.81247908 -1.06481661 -1.38034745 -0.94848051  1.0743857
  1.8535834  -0.69661586  1.971071   -2.19746974 -0.34886394 -0.7350073
 -2.88807703  3.15893492 -1.62837626  3.13416252 -1.26555585 -2.71097336
  3.36853322 -1.23246885 -0.7743313  -2.88142429 -2.71685359  2.54282918
 -2.13555435 -2.0470085  -0.18366208  3.14506143  0.2468142   0.21530553
 -1.24907442 -0.67964571 -1.73522636 -3.03022764  2.87026992  1.23897862
 -0.48873163 -2.1880507   1.11135548 -1.1052796  -0.48762528 -2.74276437
 -2.06462041  1.86496572 -0.8734544   2.62273259 -0.4573886  -2.67346912
 -2.82372836  2.26280169 -3.1473937  -0.44810196 -1.00079967 -0.24541982
  2.35123682  1.83631879  0.01750061 -2.55723397 -2.65705425  0.24758795
 -0.76705997  1.24479722 -2.62977448  1.12814169 -0.38379473  0.42117616
  1.92009236  0.46075     0.65204237 -1.27173412  1.79117006  2.93956441
  0.99732045  0.22254309 -1.14328858  2.42365514  0.72729718 -1.91005349
 -0.05270485  1.87170879  0.98656423 -1.078117   -2.30083207  2.22261188
  2.00124868  1.92509611  2.29725489  1.9170334  -1.65981944 -3.10891574
  0.42831161  1.34643879 -2.26062168 -1.12721287  2.31486715  1.39554444
 -0.27659882 -1.84518975 -1.64724208  1.9678137   1.30589467 -1.01377851
 -0.2335676  -0.69193116 -0.30443451  2.2995916  -0.66060053 -0.9365549
  0.77398222 -2.35405721  0.58936237  2.78744052 -0.35475813  2.04913347
 -1.86117137 -1.35271521 -2.59563988 -2.42148279 -1.49956104 -3.02707479
  2.01756685  1.77637699  1.58455062  1.12869248  1.5883648  -2.4441353
 -2.51150968  1.78714025  1.03009546 -0.29112429 -2.47375471  1.43345387
 -1.04603546 -3.05053457 -0.04945255  1.89932904 -2.7038212  -2.37117106
  1.875415    1.02802915 -0.62262218 -0.49566389 -0.92129122  1.96740041
  0.47126606 -0.35510995  0.40724667 -2.26653596  1.26345649 -0.15070324
  2.4017019   1.23376946  2.87449194 -1.06129509  2.1039692  -0.42820844
 -3.26612596  2.20357788  0.80942162  1.92807351 -1.28653243  1.43960205
 -2.12709666  0.21101516  0.08642982 -2.78992686 -0.90049821 -2.39206662
  0.0695035  -0.56904671]
Sat May 25 14:29:39 2024,171,0.09616014779795641,[-4.63869499  2.36652943 -1.84259483 -0.12490819  0.1876059  -2.68745292
  3.01672989  2.10807891  1.45516301 -0.92888835  0.61569505  1.09289022
  1.12978013 -1.54222378  0.77870787  2.80644589 -0.79452929 -0.6367495
 -1.75159076  0.60668849  1.67897631  2.9959675  -1.20934226 -0.31619687
 -2.42793908 -2.33544729  2.99648223  2.76551542 -0.54400677 -2.36756745
  1.48356656 -0.05777911 -2.31781647  2.09377819  1.2897523  -0.64122736
  0.85129065 -2.32118848 -0.02439165  2.15675715 -0.16637047  0.38885695
  2.71258843  1.04501126  2.46415261  3.16184806  2.64181252 -2.93603484
  0.26813434 -0.81730644  1.7637381   2.86136955 -0.5076198  -2.3177826
  2.78726438 -3.21254526  0.792868   -0.6343433  -1.7339024   2.70006701
 -1.81150154 -1.58910115 -2.30595806  2.19116675 -2.45282544  2.13395669
  2.07378321  1.53660276  2.38300694  2.80261515  1.65425949  1.20231861
 -1.51040709 -2.22580794  1.4667809   0.70843963  1.31348678 -3.01545537
 -0.37838116  2.51757779 -1.03595554  1.28644922  1.48225366  0.54504228
 -0.83845002  1.11449183  0.6666998  -0.38450231  2.80792454 -1.99269532
  1.53443435 -0.48843984  1.09053927 -2.8485706  -2.45990368  0.46171786
 -1.16560188 -0.49553558  0.36239479 -0.11186753 -1.6510663  -0.0412427
 -0.85838696  2.81184948 -1.06544621 -1.37971786 -0.94785091  1.0737561
  1.8529538  -0.69724546  1.9717006  -2.19684014 -0.34949354 -0.73437771
 -2.88870663  3.15956452 -1.62900586  3.13479211 -1.26618544 -2.71160295
  3.36916282 -1.23309844 -0.7737017  -2.88079469 -2.71748318  2.54345877
 -2.13618394 -2.0476381  -0.18303249  3.14443183  0.24744379  0.21467594
 -1.24970401 -0.67901612 -1.73585596 -3.03085723  2.86964033  1.23960821
 -0.48936123 -2.18742111  1.11072589 -1.1059092  -0.48825488 -2.74339397
 -2.06399081  1.86433613 -0.87282481  2.62336218 -0.456759   -2.67409872
 -2.82435795  2.2621721  -3.14676411 -0.44747237 -1.00017008 -0.24604941
  2.35060722  1.83694838  0.01687102 -2.55660438 -2.65642465  0.24821755
 -0.76768956  1.24416762 -2.62914489  1.12877129 -0.38442432  0.42180575
  1.92072195  0.46137959  0.65141277 -1.27110453  1.79054047  2.940194
  0.99795005  0.22191349 -1.14265899  2.42428473  0.72666758 -1.90942389
 -0.05333445  1.87107919  0.98593463 -1.0774874  -2.30146167  2.22324148
  2.00187828  1.9257257   2.29788449  1.91640381 -1.66044904 -3.10828615
  0.4289412   1.34580919 -2.25999208 -1.12658327  2.31549674  1.39491485
 -0.27722842 -1.84456016 -1.64787167  1.9671841   1.30652426 -1.01314891
 -0.232938   -0.69130156 -0.30380491  2.3002212  -0.65997093 -0.9371845
  0.77335262 -2.35342761  0.58873277  2.78681093 -0.35412853  2.04850387
 -1.86054177 -1.3533448  -2.59626948 -2.4208532  -1.50019064 -3.02770439
  2.01693725  1.77700658  1.58392103  1.12806289  1.58773521 -2.4447649
 -2.51213928  1.78776984  1.03072505 -0.29175389 -2.47438431  1.43282427
 -1.04666505 -3.04990498 -0.04882295  1.89869944 -2.7031916  -2.37180066
  1.87604459  1.02865874 -0.62199259 -0.49629349 -0.92192082  1.96803001
  0.47063646 -0.35573955  0.40661708 -2.26590636  1.26282689 -0.15007364
  2.40107231  1.23313987  2.87512153 -1.0606655   2.10459879 -0.42757884
 -3.26675555  2.20294829  0.81005121  1.92744392 -1.28590283  1.44023165
 -2.12772625  0.21164475  0.08580023 -2.78929727 -0.9011278  -2.39269622
  0.06887391 -0.5696763 ]
Sat May 25 14:30:03 2024,172,0.09614671887981767,[-4.63930383  2.36713826 -1.84320367 -0.12429935  0.18699706 -2.68684409
  3.01612105  2.10747007  1.45577185 -0.92827951  0.61508621  1.09228139
  1.13038897 -1.54283262  0.77809904  2.80583705 -0.79513813 -0.63614066
 -1.7521996   0.60729733  1.67958515  2.99535867 -1.20873343 -0.31558804
 -2.42733024 -2.33483845  2.99587339  2.76612426 -0.54461561 -2.36695862
  1.4841754  -0.05838795 -2.31842531  2.09438703  1.28914346 -0.64061852
  0.85068182 -2.32057965 -0.02378282  2.15736599 -0.16697931  0.38946578
  2.7119796   1.04440242  2.46476144  3.16245689  2.64242136 -2.93664367
  0.26874317 -0.81791527  1.76312926  2.86197839 -0.50701096 -2.31717377
  2.78665554 -3.21193643  0.79225916 -0.63495213 -1.73451123  2.70067584
 -1.81089271 -1.58849231 -2.30534922  2.19055792 -2.45221661  2.13334786
  2.07439205  1.53599392  2.38361577  2.80322399  1.65365066  1.20170978
 -1.51101593 -2.22641677  1.46617206  0.70904847  1.31287794 -3.0160642
 -0.37777232  2.51818663 -1.0353467   1.28705805  1.48164482  0.54443344
 -0.83784119  1.11510067  0.66609096 -0.38389348  2.80731571 -1.99330415
  1.53504318 -0.487831    1.08993043 -2.84796176 -2.46051252  0.46110903
 -1.16499304 -0.49492674  0.36300362 -0.11247637 -1.65045746 -0.04063387
 -0.8589958   2.81124065 -1.06483737 -1.38032669 -0.94724208  1.07314726
  1.85356264 -0.69785429  1.97109176 -2.19623131 -0.35010237 -0.73498654
 -2.88931546  3.15895568 -1.62961469  3.13418328 -1.26679428 -2.71099412
  3.36977165 -1.23248961 -0.77431054 -2.88140353 -2.71809202  2.54284994
 -2.13557511 -2.04824693 -0.18364132  3.143823    0.24805263  0.21528477
 -1.25031285 -0.67962495 -1.73524712 -3.03146607  2.87024916  1.23899938
 -0.48875239 -2.18681227  1.11011705 -1.10530036 -0.48764604 -2.74278513
 -2.06459964  1.86372729 -0.87221597  2.62275335 -0.45615017 -2.67348988
 -2.82496679  2.26156326 -3.14737294 -0.4480812  -1.00077891 -0.24544058
  2.35121606  1.83633955  0.01747985 -2.55721321 -2.65581582  0.24760871
 -0.7682984   1.24355879 -2.62975372  1.12816245 -0.38381549  0.42241459
  1.92133079  0.46198843  0.65080393 -1.27171336  1.7911493   2.94080284
  0.99734121  0.22130466 -1.14205015  2.4236759   0.72605875 -1.91003273
 -0.05272561  1.87047035  0.98532579 -1.07687857 -2.30207051  2.22263264
  2.00248711  1.92511687  2.29849332  1.91701264 -1.66105788 -3.10889498
  0.42833237  1.34520036 -2.25938325 -1.12719211  2.31610558  1.39430601
 -0.27661958 -1.84395132 -1.64726284  1.96779294  1.3071331  -1.01375775
 -0.23232917 -0.6919104  -0.30319607  2.29961236 -0.6593621  -0.93657566
  0.77274379 -2.35403645  0.58812394  2.78620209 -0.35473737  2.04789503
 -1.85993293 -1.35395364 -2.59687831 -2.42024436 -1.50079947 -3.02831322
  2.01754609  1.77639775  1.58331219  1.12867172  1.58712637 -2.44537373
 -2.51153044  1.78837868  1.03133389 -0.29114505 -2.47377547  1.43343311
 -1.04605622 -3.05051381 -0.04821412  1.89930828 -2.70258277 -2.37119182
  1.87543576  1.02926758 -0.62260142 -0.49690233 -0.92131198  1.96863884
  0.47002763 -0.35634839  0.40600824 -2.2665152   1.26221806 -0.15068248
  2.40046347  1.2337487   2.87573037 -1.06005666  2.10398996 -0.42818767
 -3.26736439  2.20355712  0.81066005  1.92683508 -1.28651167  1.43962281
 -2.12711742  0.21225359  0.08640906 -2.7899061  -0.90051897 -2.39208738
  0.06948274 -0.57028514]
Sat May 25 14:30:26 2024,173,0.09613412981123529,[-4.63989263  2.36772707 -1.84261486 -0.12488816  0.18640826 -2.68743289
  3.01553225  2.10805888  1.45636065 -0.92769071  0.61567502  1.09287019
  1.12980016 -1.54342142  0.77868784  2.80642586 -0.79572693 -0.63672947
 -1.75161079  0.60670852  1.67899634  2.99476986 -1.20932223 -0.31617684
 -2.42791905 -2.33424965  2.99528459  2.76553545 -0.54520441 -2.36636981
  1.48358659 -0.05779914 -2.3178365   2.09497583  1.28973227 -0.64002972
  0.85009301 -2.32116845 -0.02437162  2.15677718 -0.16639051  0.38887698
  2.7125684   1.04499122  2.46535025  3.16186809  2.64183255 -2.93723248
  0.26815437 -0.81850408  1.76254046  2.86138958 -0.50759977 -2.31776257
  2.78724434 -3.21252523  0.79284797 -0.63436333 -1.73510004  2.70008704
 -1.8103039  -1.58790351 -2.30476042  2.18996911 -2.4516278   2.13275905
  2.07380324  1.53540512  2.38420458  2.80381279  1.65306185  1.20229858
 -1.51160473 -2.22700558  1.46558326  0.70963727  1.31346675 -3.0154754
 -0.37836112  2.51759782 -1.03593551  1.28646925  1.48105602  0.54502225
 -0.83725238  1.11568947  0.66550216 -0.38330467  2.80790451 -1.99389296
  1.53445438 -0.4872422   1.09051924 -2.84737296 -2.45992372  0.46052022
 -1.16440424 -0.49551554  0.36241482 -0.11188756 -1.65104627 -0.04004506
 -0.85840699  2.81182945 -1.06542618 -1.3809155  -0.94783088  1.07373607
  1.85297384 -0.6984431   1.97050296 -2.1956425  -0.34951357 -0.73557535
 -2.88872666  3.15954449 -1.62902589  3.13359447 -1.26620547 -2.71040531
  3.36918285 -1.23307841 -0.77489934 -2.88199233 -2.71750321  2.54343874
 -2.13616391 -2.04765813 -0.18305252  3.14323419  0.24864143  0.21587358
 -1.25090165 -0.67903615 -1.73465832 -3.03205487  2.86966036  1.23841057
 -0.4893412  -2.18740107  1.11070586 -1.10471156 -0.48823485 -2.74337394
 -2.06518845  1.8643161  -0.87280478  2.62216454 -0.45673897 -2.67407868
 -2.82437798  2.26097446 -3.14678414 -0.44867001 -1.00019011 -0.24602938
  2.35180486  1.83692835  0.01689105 -2.55662441 -2.65522701  0.24819751
 -0.7688872   1.24414759 -2.63034253  1.12757365 -0.38440429  0.42300339
  1.92074198  0.46139962  0.65021513 -1.27230217  1.79173811  2.94021403
  0.99793002  0.22189346 -1.14146134  2.4242647   0.72546994 -1.90944392
 -0.05331442  1.87105916  0.98473699 -1.07746737 -2.3014817   2.22322145
  2.00189831  1.92570567  2.29790452  1.91642384 -1.66164668 -3.10830618
  0.42774356  1.34461155 -2.25997205 -1.12660331  2.31551677  1.39371721
 -0.27603078 -1.84454012 -1.64785164  1.96720413  1.30654429 -1.01316894
 -0.23291797 -0.69132159 -0.30260727  2.29902356 -0.65877329 -0.93716447
  0.77333259 -2.35344764  0.58753513  2.7867909  -0.35532617  2.04848384
 -1.86052174 -1.35336483 -2.59628951 -2.41965556 -1.50138828 -3.02772442
  2.01695729  1.77698655  1.58272339  1.12926053  1.58771518 -2.44478493
 -2.51094164  1.78896748  1.03074508 -0.29173386 -2.47436428  1.4328443
 -1.04664502 -3.05110262 -0.04880292  1.89871947 -2.70317157 -2.37060302
  1.87484695  1.02867877 -0.62319023 -0.49631352 -0.92072318  1.96805004
  0.47061643 -0.35575958  0.40541944 -2.2659264   1.26162925 -0.15127128
  2.39987467  1.23433751  2.87514156 -1.05946786  2.10340115 -0.42877648
 -3.26677558  2.20296832  0.81124885  1.92742389 -1.28710047  1.43903401
 -2.12652861  0.21284239  0.08582026 -2.7893173  -0.89993016 -2.39149858
  0.07007155 -0.57087394]
Sat May 25 14:30:57 2024,174,0.09612232633868756,[-4.64046211  2.36715759 -1.84204539 -0.12431868  0.18697774 -2.68686341
  3.01496277  2.1074894   1.45693013 -0.92712123  0.61510554  1.09230072
  1.13036964 -1.5439909   0.77811836  2.80699533 -0.79515745 -0.63615999
 -1.75218027  0.60613905  1.67842687  2.99533934 -1.20989171 -0.31674632
 -2.42848852 -2.33481913  2.99585406  2.76496597 -0.54577389 -2.36580033
  1.48415607 -0.05722967 -2.31726703  2.09440636  1.28916279 -0.63946024
  0.85066249 -2.32059898 -0.02380215  2.15734666 -0.16582103  0.38944645
  2.71199893  1.04442175  2.46591972  3.16243756  2.64126308 -2.93780195
  0.26872384 -0.8179346   1.76310993  2.86082011 -0.50816924 -2.3171931
  2.78781382 -3.21195576  0.79341745 -0.63379385 -1.73566951  2.69951756
 -1.81087338 -1.58733403 -2.30532989  2.19053859 -2.45219728  2.13332853
  2.07437272  1.5359746   2.3836351   2.80324332  1.65249237  1.20172911
 -1.51103525 -2.22757506  1.46615273  0.71020675  1.31403622 -3.01604487
 -0.3789306   2.5181673  -1.03536603  1.28703873  1.48162549  0.54559172
 -0.83668291  1.11625895  0.66493268 -0.38387415  2.80847399 -1.99446243
  1.53502385 -0.48781167  1.09108871 -2.84794244 -2.45935424  0.45995075
 -1.16383476 -0.49608502  0.36184534 -0.11131808 -1.65047679 -0.04061454
 -0.85897647  2.81125997 -1.0648567  -1.38148497 -0.94840036  1.07430554
  1.85354331 -0.69787362  1.96993348 -2.19507303 -0.34894409 -0.73500587
 -2.88929613  3.16011397 -1.62959537  3.133025   -1.265636   -2.70983584
  3.36861337 -1.23250894 -0.77432987 -2.88256181 -2.71693374  2.54400822
 -2.13673339 -2.04822761 -0.18248304  3.14380367  0.24921091  0.2153041
 -1.25147113 -0.67960562 -1.73408884 -3.0314854   2.87022983  1.23784109
 -0.48877172 -2.18797055  1.11127533 -1.10414208 -0.48880432 -2.74280446
 -2.06461897  1.86488557 -0.8722353   2.62159507 -0.45616949 -2.67350921
 -2.82380851  2.26040498 -3.14735361 -0.44923948 -0.99962063 -0.24659886
  2.35237434  1.83749783  0.01746052 -2.55719388 -2.65579649  0.24762804
 -0.76831773  1.24471707 -2.62977305  1.12700417 -0.38497377  0.42357287
  1.92017251  0.46083015  0.65078461 -1.27173269  1.79116863  2.94078351
  0.99736054  0.22132398 -1.14203082  2.42369523  0.72603942 -1.9100134
 -0.05274494  1.87162864  0.98416751 -1.07689789 -2.30091222  2.22265197
  2.00246778  1.92627515  2.29733504  1.91585436 -1.66221616 -3.10887566
  0.42831304  1.34518103 -2.26054153 -1.12603383  2.31608625  1.39428668
 -0.2754613  -1.84397065 -1.64842112  1.96777361  1.30711377 -1.01259947
 -0.23348745 -0.69075212 -0.30203779  2.29959303 -0.65820382 -0.93773395
  0.77390207 -2.35287816  0.58810461  2.78736037 -0.35475669  2.04791436
 -1.86109121 -1.35393431 -2.59685899 -2.42022504 -1.5008188  -3.02715494
  2.01752676  1.77755603  1.58329286  1.12869105  1.58828465 -2.4453544
 -2.51037216  1.78839801  1.03131456 -0.29230334 -2.4737948   1.43341378
 -1.0472145  -3.05053314 -0.04823345  1.89928895 -2.7026021  -2.37003354
  1.87541643  1.02924825 -0.6237597  -0.49574404 -0.9201537   1.96861952
  0.47118591 -0.3551901   0.40484996 -2.26649587  1.26105978 -0.15070181
  2.40044414  1.23376803  2.87457209 -1.06003733  2.10283168 -0.428207
 -3.26620611  2.2035378   0.81181833  1.92685441 -1.28766995  1.43846453
 -2.12595914  0.21227292  0.08525078 -2.78874782 -0.89936069 -2.3909291
  0.06950207 -0.57030447]
Sat May 25 14:31:20 2024,175,0.09611125782388055,[-4.64101293  2.36660677 -1.84149456 -0.12376786  0.18642691 -2.68631259
  3.01441195  2.10693858  1.45748095 -0.92657041  0.61455472  1.09174989
  1.13092046 -1.54344008  0.77866919  2.80644451 -0.79570828 -0.63671082
 -1.75273109  0.60558822  1.67897769  2.99478852 -1.20934088 -0.31729714
 -2.4279377  -2.3342683   2.99530324  2.7655168  -0.54632471 -2.36524951
  1.48360525 -0.05667884 -2.31781785  2.09495718  1.28861197 -0.64001106
  0.85011166 -2.32004815 -0.02325132  2.15679584 -0.16637185  0.38999728
  2.71254975  1.04387092  2.46647055  3.16298839  2.6418139  -2.93725113
  0.26817302 -0.81848543  1.76255911  2.86026928 -0.50872007 -2.31774392
  2.787263   -3.21140493  0.79396827 -0.63324303 -1.73622034  2.69896674
 -1.8114242  -1.58678321 -2.30588072  2.18998777 -2.45164646  2.13277771
  2.0738219   1.53652542  2.38308428  2.80379414  1.65194155  1.20117828
 -1.51158608 -2.22702423  1.46560191  0.71075757  1.31458705 -3.01549405
 -0.37837978  2.51761648 -1.03481521  1.2864879   1.48217632  0.54614255
 -0.83613208  1.11570813  0.66548351 -0.38442497  2.80792316 -1.99501326
  1.53447303 -0.4883625   1.09053789 -2.84849326 -2.45990506  0.46050157
 -1.16328394 -0.49663584  0.36129452 -0.11076726 -1.64992597 -0.04116536
 -0.85952729  2.8118108  -1.06430588 -1.38093415 -0.94784953  1.07485637
  1.85299249 -0.6973228   1.96938266 -2.1945222  -0.34949491 -0.7355567
 -2.88984696  3.16066479 -1.63014619  3.13357582 -1.26508518 -2.71038666
  3.36806255 -1.23195811 -0.77377904 -2.88201098 -2.71748456  2.54345739
 -2.13728421 -2.04767678 -0.18193222  3.14435449  0.24866009  0.21585493
 -1.25202195 -0.6790548  -1.73463967 -3.03093457  2.87078066  1.23839192
 -0.4882209  -2.18741973  1.11072451 -1.10359126 -0.48935515 -2.74225364
 -2.0651698   1.8654364  -0.87278612  2.62104424 -0.45561867 -2.67295838
 -2.82435933  2.25985416 -3.14680279 -0.44868866 -0.99906981 -0.24714968
  2.35182352  1.83694701  0.0169097  -2.55664306 -2.65634731  0.24707721
 -0.7677669   1.24526789 -2.63032388  1.12755499 -0.38442295  0.42302204
  1.92072333  0.46138097  0.65133543 -1.27228352  1.79061781  2.94023269
  0.99791136  0.22077316 -1.14258164  2.42424605  0.72659024 -1.90946258
 -0.05329577  1.87217946  0.98361669 -1.07744872 -2.3003614   2.22210115
  2.00191696  1.92682597  2.29788587  1.91530354 -1.66166533 -3.10832483
  0.42886386  1.34463021 -2.2599907  -1.12548301  2.31553543  1.39373586
 -0.27491048 -1.84452147 -1.6478703   1.96832443  1.30766459 -1.01315029
 -0.23403827 -0.69020129 -0.30148697  2.29904221 -0.65765299 -0.93828477
  0.77335124 -2.35342899  0.58865543  2.7879112  -0.35530752  2.04846519
 -1.86054039 -1.35448513 -2.59630816 -2.41967421 -1.50026798 -3.02770577
  2.01807759  1.77810685  1.58274204  1.12814023  1.58773383 -2.44480358
 -2.51092298  1.78784718  1.03186538 -0.29285416 -2.47434563  1.4339646
 -1.04776532 -3.05108396 -0.04878427  1.89983977 -2.70205127 -2.36948272
  1.87486561  1.02979907 -0.62320888 -0.49629487 -0.91960288  1.96806869
  0.47173673 -0.35574093  0.40429914 -2.26594505  1.26050895 -0.15125263
  2.40099497  1.23321721  2.87512291 -1.06058815  2.10228085 -0.42875783
 -3.26565528  2.20298697  0.8112675   1.92740523 -1.28822077  1.43791371
 -2.12540831  0.2117221   0.08469996 -2.788197   -0.89880986 -2.39147993
  0.06895125 -0.57085529]
Sat May 25 14:31:44 2024,176,0.09610087699561373,[-4.64154575  2.36607395 -1.84096174 -0.12430068  0.18695973 -2.68684541
  3.01494477  2.10640576  1.45694813 -0.92603759  0.61508754  1.09228271
  1.13145329 -1.54290725  0.77920201  2.80697733 -0.7962411  -0.63724364
 -1.75326391  0.6050554   1.67844487  2.99532134 -1.20880806 -0.31782997
 -2.42740488 -2.33480112  2.99583606  2.76498398 -0.54579189 -2.36578233
  1.48307242 -0.05721167 -2.31835067  2.09442436  1.28807915 -0.64054388
  0.84957884 -2.32058097 -0.02378414  2.15626301 -0.16690468  0.38946445
  2.71201693  1.04440375  2.46593772  3.16245556  2.64128108 -2.93778395
  0.26870584 -0.81901825  1.76202629  2.8608021  -0.50925289 -2.3172111
  2.78673017 -3.21193776  0.79343545 -0.63377585 -1.73675316  2.69949956
 -1.81089138 -1.58731603 -2.30641354  2.19052059 -2.45111363  2.13224488
  2.07435472  1.5359926   2.3836171   2.80326132  1.65247437  1.20064546
 -1.5121189  -2.22755705  1.46613473  0.71129039  1.31511987 -3.01602687
 -0.3789126   2.5181493  -1.03428239  1.28595508  1.4816435   0.54667537
 -0.83559926  1.11624095  0.66601633 -0.3849578   2.80739034 -1.99448044
  1.53500585 -0.48782967  1.09107071 -2.84796044 -2.46043788  0.45996875
 -1.16381676 -0.49610302  0.36182734 -0.11130008 -1.65045879 -0.04063254
 -0.85899447  2.81127798 -1.06377306 -1.38040133 -0.94731671  1.07538919
  1.85245967 -0.69785562  1.96991548 -2.19505502 -0.35002774 -0.73502387
 -2.88931413  3.16119761 -1.62961337  3.13410864 -1.265618   -2.71091948
  3.36752973 -1.23142529 -0.77431187 -2.88254381 -2.71801738  2.54399022
 -2.13781704 -2.04714396 -0.18246504  3.14488731  0.24919291  0.2153221
 -1.25255478 -0.67958762 -1.73410684 -3.0314674   2.87131348  1.2378591
 -0.48768808 -2.18688691  1.11019169 -1.10305844 -0.48882232 -2.74172082
 -2.06570262  1.86596922 -0.8722533   2.62051142 -0.45508585 -2.67242556
 -2.82489215  2.25932133 -3.14733561 -0.44922148 -0.99960263 -0.24661686
  2.35129069  1.83641418  0.01744252 -2.55717588 -2.65688014  0.24654439
 -0.76723408  1.24473507 -2.6308567   1.12702217 -0.38495577  0.42248922
  1.92019051  0.46084815  0.65080261 -1.27175069  1.79008498  2.94076551
  0.99737854  0.22024034 -1.14204882  2.42477887  0.72712307 -1.9099954
 -0.05382859  1.87164664  0.98414951 -1.07798154 -2.29982858  2.22263397
  2.00138414  1.9273588   2.29735305  1.91477072 -1.66219816 -3.10779201
  0.42939669  1.34409738 -2.25945788 -1.12601583  2.3150026   1.39426868
 -0.27437766 -1.84398865 -1.64840312  1.96885726  1.30819742 -1.01261747
 -0.23350545 -0.69073412 -0.30201979  2.29957503 -0.65818582 -0.93881759
  0.77388406 -2.35289617  0.58918825  2.78737837 -0.3547747   2.04793236
 -1.86107321 -1.35395231 -2.59577534 -2.41914139 -1.5008008  -3.02823859
  2.01754476  1.77863967  1.58327486  1.1276074   1.58720101 -2.44427076
 -2.51039016  1.78838001  1.03133256 -0.29232134 -2.47487845  1.43343178
 -1.04829814 -3.05055114 -0.04825145  1.90037259 -2.70258409 -2.37001554
  1.87433279  1.03033189 -0.6237417  -0.49682769 -0.91907006  1.96753587
  0.47120391 -0.35520811  0.40376632 -2.26541223  1.25997613 -0.15178545
  2.40046214  1.23268438  2.87565573 -1.06112098  2.10281367 -0.42929065
 -3.2661881   2.20351979  0.81180033  1.92793806 -1.2887536   1.43738089
 -2.12487549  0.21118927  0.08416713 -2.78872982 -0.89934269 -2.3909471
  0.06948407 -0.57032247]
Sat May 25 14:32:07 2024,177,0.09609113971914766,[-4.6420612   2.3655585  -1.84044629 -0.12481613  0.18644429 -2.68736086
  3.01442932  2.1069212   1.45643268 -0.92552214  0.61457209  1.09176727
  1.13093784 -1.5434227   0.77868656  2.80749278 -0.79675655 -0.63672819
 -1.75377936  0.60453995  1.67792942  2.99480589 -1.20829261 -0.31834541
 -2.42792032 -2.33531657  2.99532062  2.76446853 -0.54527644 -2.36526689
  1.48358787 -0.05772711 -2.31783522  2.09493981  1.28859459 -0.64002844
  0.85009429 -2.32109642 -0.02429959  2.15677846 -0.16742012  0.3899799
  2.71253237  1.04491919  2.46542228  3.16194012  2.64076563 -2.9382994
  0.26819039 -0.8185028   1.76254174  2.86028666 -0.50976833 -2.31772655
  2.78724562 -3.21142231  0.79395089 -0.6332604  -1.73623771  2.69898411
 -1.81140683 -1.58783148 -2.30692899  2.19000514 -2.45162908  2.13172944
  2.07487017  1.53547715  2.38310165  2.80274587  1.65195893  1.20013001
 -1.51263435 -2.22704161  1.46665018  0.71180584  1.31563532 -3.01654232
 -0.37839715  2.51763385 -1.03376694  1.28543963  1.48215894  0.54719082
 -0.83508381  1.1167564   0.66550088 -0.38444235  2.80687489 -1.99396499
  1.5355213  -0.48731423  1.09158616 -2.84847588 -2.46095333  0.46048419
 -1.16433221 -0.49661847  0.36234279 -0.11181553 -1.65097424 -0.04011709
 -0.85950992  2.81076253 -1.06325761 -1.37988588 -0.94680126  1.07487374
  1.85194422 -0.69837107  1.97043093 -2.19557047 -0.34951229 -0.73553932
 -2.88879869  3.16171306 -1.63012881  3.1335932  -1.26613344 -2.71040404
  3.36701428 -1.23194074 -0.77379642 -2.88305925 -2.71853283  2.54450566
 -2.13833248 -2.04765941 -0.18298049  3.14540276  0.24867746  0.21480666
 -1.25307022 -0.68010307 -1.7335914  -3.03095195  2.87079803  1.23837454
 -0.48717263 -2.18740235  1.11070714 -1.10357388 -0.48830688 -2.74120537
 -2.06518717  1.86648467 -0.87276875  2.61999597 -0.4545704  -2.67294101
 -2.8254076   2.25880589 -3.14682016 -0.44973693 -1.00011808 -0.24610141
  2.35077525  1.83589874  0.01692707 -2.55666043 -2.65739558  0.24602895
 -0.76671863  1.24525052 -2.63137215  1.12753762 -0.38444032  0.42197377
  1.92070596  0.4603327   0.65131805 -1.27226614  1.79060043  2.94128096
  0.99686309  0.21972489 -1.14256427  2.42426343  0.72660762 -1.91051085
 -0.05434404  1.87113119  0.98466496 -1.07746609 -2.29931313  2.22211852
  2.00189958  1.92684335  2.2968376   1.91528616 -1.66168271 -3.10830746
  0.42888124  1.34461283 -2.25894243 -1.12550038  2.31551805  1.39375323
 -0.2748931  -1.8445041  -1.64891857  1.9693727   1.30768197 -1.01210202
 -0.2340209  -0.69021867 -0.30150434  2.30009048 -0.65870126 -0.93830214
  0.77439951 -2.35238072  0.58867281  2.78789382 -0.35425925  2.04844781
 -1.86158866 -1.35446776 -2.59629079 -2.41862594 -1.50131625 -3.02875404
  2.01806021  1.77915512  1.58275941  1.12709196  1.58668556 -2.44478621
 -2.50987471  1.78889545  1.03184801 -0.29180589 -2.474363    1.43394723
 -1.0477827  -3.05106659 -0.047736    1.89985715 -2.70206865 -2.36950009
  1.87381734  1.03084734 -0.62425715 -0.49631224 -0.9195855   1.96702042
  0.47068846 -0.35572355  0.40428176 -2.26592767  1.25946068 -0.1523009
  2.40097759  1.23319983  2.87617118 -1.06163642  2.10332912 -0.4298061
 -3.26567266  2.20403524  0.81231577  1.9284535  -1.28926904  1.43686544
 -2.12436004  0.21067383  0.08365169 -2.78924527 -0.89882724 -2.39146255
  0.06999952 -0.57083792]
Sat May 25 14:32:41 2024,178,0.0960820047818259,[-4.64255988  2.36605718 -1.84094497 -0.1253148   0.18594561 -2.68785954
  3.01393065  2.10642253  1.45693136 -0.92602082  0.61407342  1.09126859
  1.13143652 -1.54392138  0.77818789  2.8069941  -0.79725522 -0.63622952
 -1.75427804  0.60404128  1.67743074  2.99430721 -1.20779394 -0.31784674
 -2.428419   -2.33581525  2.99482194  2.76496721 -0.54477776 -2.36476821
  1.48408655 -0.05822579 -2.3183339   2.09543848  1.28809592 -0.63952976
  0.85059297 -2.3215951  -0.02479827  2.15627978 -0.16692145  0.38948123
  2.7120337   1.04442052  2.46592095  3.16144144  2.64026695 -2.93780072
  0.26769172 -0.81800412  1.76204306  2.86078533 -0.51026701 -2.31822522
  2.7877443  -3.21192098  0.79345222 -0.63276173 -1.73673639  2.69948279
 -1.81090815 -1.5873328  -2.30643031  2.19050382 -2.45212776  2.13222811
  2.07536884  1.53597583  2.38260298  2.80324455  1.65146025  1.20062869
 -1.51213567 -2.22654293  1.46714885  0.71230452  1.31513664 -3.017041
 -0.37789848  2.51713517 -1.03426562  1.28593831  1.48265762  0.54669214
 -0.83458514  1.11625772  0.66599956 -0.38394367  2.80737357 -1.99446367
  1.53502262 -0.4878129   1.09208484 -2.84797721 -2.46145201  0.46098287
 -1.16383353 -0.49611979  0.36184411 -0.11131685 -1.65147291 -0.04061577
 -0.8600086   2.8112612  -1.06275893 -1.38038455 -0.94729994  1.07537242
  1.85144554 -0.69787239  1.97092961 -2.1950718  -0.35001097 -0.736038
 -2.88929736  3.16221174 -1.63062749  3.13409187 -1.26663212 -2.70990536
  3.3665156  -1.23243941 -0.7742951  -2.88355793 -2.71803415  2.54500434
 -2.13883116 -2.04815808 -0.18248181  3.14590144  0.24817878  0.21430798
 -1.2535689  -0.67960439 -1.73309272 -3.03145062  2.87029935  1.23887322
 -0.48767131 -2.18690368  1.11020846 -1.10307521 -0.48880555 -2.74070669
 -2.0646885   1.86698334 -0.87326743  2.62049465 -0.45506908 -2.67244233
 -2.82490892  2.25830721 -3.14632149 -0.44923825 -0.9996194  -0.24660009
  2.35127392  1.83639741  0.01742575 -2.55616176 -2.65689691  0.24553027
 -0.76621996  1.24574919 -2.63087347  1.12703894 -0.38394164  0.4214751
  1.92020728  0.45983403  0.65181673 -1.27276482  1.79010176  2.94177963
  0.99736177  0.22022357 -1.14206559  2.4247621   0.72710629 -1.91001217
 -0.05484271  1.87063251  0.98416628 -1.07796477 -2.29881446  2.2226172
  2.00239826  1.92634467  2.29733627  1.91478749 -1.66118403 -3.10780878
  0.42937991  1.34411415 -2.25844376 -1.12599906  2.31601673  1.39425191
 -0.27439443 -1.84500277 -1.64841989  1.96987138  1.30718329 -1.0126007
 -0.23352222 -0.68971999 -0.30100567  2.30058916 -0.65919994 -0.93780347
  0.77489819 -2.35287939  0.58917148  2.78739514 -0.35376057  2.04794914
 -1.86208734 -1.35396908 -2.59678946 -2.41912462 -1.50081757 -3.02825536
  2.01855889  1.7796538   1.58325809  1.12659328  1.58718424 -2.44428753
 -2.51037339  1.78839678  1.03134933 -0.29130721 -2.47486168  1.43344855
 -1.04728402 -3.05056791 -0.04723732  1.89935847 -2.70256732 -2.36900141
  1.87331866  1.03134602 -0.62475583 -0.49681092 -0.92008418  1.96652175
  0.47018978 -0.35622223  0.40378309 -2.26642635  1.25995936 -0.15279958
  2.40147627  1.23369851  2.87567251 -1.0621351   2.1038278  -0.43030477
 -3.26617133  2.20353656  0.8118171   1.92895218 -1.28877037  1.43736412
 -2.12485872  0.21017515  0.08415036 -2.78974394 -0.89932591 -2.39096388
  0.06950084 -0.57033924]
Sat May 25 14:33:29 2024,179,0.09607343369375758,[-4.64304236  2.36557469 -1.84142746 -0.12483232  0.18546312 -2.68834202
  3.01441313  2.10594004  1.45644887 -0.92553833  0.61359093  1.0907861
  1.13095403 -1.54440387  0.7777054   2.80651162 -0.79773771 -0.636712
 -1.75476052  0.60355879  1.67694826  2.99382473 -1.20827642 -0.31832922
 -2.42793651 -2.33533276  2.99433945  2.76448472 -0.54429528 -2.3652507
  1.48360406 -0.05870828 -2.31881639  2.09592097  1.28761343 -0.64001225
  0.85107545 -2.32111261 -0.02431578  2.1557973  -0.16740393  0.38899874
  2.71251618  1.04393803  2.46543847  3.16095895  2.63978447 -2.93731824
  0.2681742  -0.81848661  1.76156057  2.86030285 -0.5107495  -2.31774274
  2.78726181 -3.21240347  0.7939347  -0.63324421 -1.73721887  2.6990003
 -1.81139064 -1.58685032 -2.30594782  2.1909863  -2.45261025  2.1327106
  2.07488635  1.53549334  2.38308546  2.80276206  1.65097776  1.20111118
 -1.51165318 -2.22702542  1.46763134  0.712787    1.31561913 -3.01752348
 -0.37838096  2.51761766 -1.0347481   1.28545582  1.48217513  0.54717463
 -0.83410265  1.11577523  0.66551707 -0.38346118  2.80689108 -1.99398118
  1.53454014 -0.48829539  1.09256732 -2.8484597  -2.46096952  0.46146536
 -1.16431602 -0.49563731  0.3623266  -0.11179934 -1.6519554  -0.04109826
 -0.85952611  2.81174369 -1.06324142 -1.38086704 -0.94681745  1.07585491
  1.85096305 -0.69835488  1.97044712 -2.19458931 -0.34952848 -0.73555551
 -2.88977985  3.16172925 -1.63110998  3.13457436 -1.26614963 -2.71038785
  3.36603311 -1.23195693 -0.77477758 -2.88307544 -2.71755167  2.54548683
 -2.13931365 -2.04864057 -0.18199933  3.14638392  0.24866127  0.21479047
 -1.25308641 -0.67912191 -1.73261023 -3.03096814  2.87078184  1.23935571
 -0.48718882 -2.18738616  1.10972597 -1.10355769 -0.48832307 -2.74118918
 -2.06517098  1.86746583 -0.87278494  2.62001216 -0.45555156 -2.67292482
 -2.82442644  2.2587897  -3.145839   -0.44972074 -1.00010189 -0.24708258
  2.35079144  1.83591493  0.01694326 -2.55567927 -2.65737939  0.24504778
 -0.76670244  1.24623168 -2.63135596  1.12655646 -0.38345916  0.42099261
  1.91972479  0.46031651  0.65133424 -1.27228233  1.78961927  2.94129715
  0.99687928  0.22070605 -1.14158311  2.42524459  0.72758878 -1.90952968
 -0.05436023  1.871115    0.98464877 -1.07748228 -2.29929694  2.22309969
  2.00288075  1.92586219  2.29781876  1.91526997 -1.66070154 -3.10732629
  0.42889743  1.34459664 -2.25892624 -1.12648154  2.31553424  1.39376942
 -0.27391194 -1.84548526 -1.64890238  1.96938889  1.30766578 -1.01308318
 -0.23303973 -0.6892375  -0.30148815  2.30010667 -0.65968243 -0.93732098
  0.7744157  -2.35239691  0.58965397  2.78787763 -0.35424306  2.04746665
 -1.86160485 -1.35348659 -2.59630698 -2.41960711 -1.50130006 -3.02873785
  2.0180764   1.78013629  1.58374058  1.12707577  1.58670175 -2.44380504
 -2.5098909   1.78791429  1.03183182 -0.29082473 -2.47534416  1.43296607
 -1.04680153 -3.05008543 -0.04771981  1.89887598 -2.70304981 -2.3694839
  1.87380115  1.03086353 -0.62427334 -0.49632843 -0.92056667  1.96603926
  0.4697073  -0.35670472  0.40426557 -2.26690884  1.26044185 -0.15231709
  2.40195875  1.23321602  2.87519002 -1.06165261  2.10431029 -0.43078726
 -3.26568885  2.20305408  0.81133461  1.92846969 -1.28925285  1.4378466
 -2.12437623  0.21065764  0.08366788 -2.78926146 -0.8998084  -2.39048139
  0.06998333 -0.56985675]
Sat May 25 14:34:29 2024,180,0.09606539050248449,[-4.64350922  2.36510783 -1.84189431 -0.12436546  0.18592998 -2.68787517
  3.01394628  2.10547318  1.45598201 -0.92507147  0.61405779  1.09125296
  1.13142089 -1.54393701  0.77817226  2.80604476 -0.79727085 -0.63717886
 -1.75429367  0.60309193  1.67741511  2.99429158 -1.20874328 -0.31786237
 -2.42746966 -2.33579962  2.9938726   2.76401786 -0.54382842 -2.36478384
  1.48407092 -0.05917513 -2.31928324  2.09638783  1.28808029 -0.64047911
  0.85154231 -2.32064575 -0.02384892  2.15626415 -0.16693708  0.38853188
  2.71298304  1.04440489  2.46497161  3.16142581  2.63931761 -2.93778509
  0.26770735 -0.81801975  1.76109372  2.8607697  -0.51121636 -2.31727588
  2.78772867 -3.21287033  0.79440156 -0.63277736 -1.73768573  2.69946716
 -1.81185749 -1.58638346 -2.30641468  2.19051945 -2.45214339  2.13317746
  2.0744195   1.53502648  2.38355232  2.8022952   1.65051091  1.20157804
 -1.51212004 -2.22655856  1.4680982   0.71232015  1.31515227 -3.01705663
 -0.37884782  2.5171508  -1.03428125  1.28592268  1.48264199  0.54670777
 -0.83363579  1.11530837  0.66505021 -0.38299433  2.80642423 -1.99351432
  1.53500699 -0.48782853  1.09303418 -2.84799284 -2.46050266  0.46193221
 -1.16384916 -0.49517045  0.36279345 -0.1122662  -1.65148854 -0.04156511
 -0.85999297  2.81127683 -1.06277456 -1.3813339  -0.94728431  1.07538805
  1.85142991 -0.69882174  1.96998026 -2.19412245 -0.34906162 -0.73508865
 -2.88931299  3.16219611 -1.63064312  3.13504122 -1.26661649 -2.70992099
  3.36556626 -1.23149007 -0.77431072 -2.8835423  -2.71801852  2.54501997
 -2.1397805  -2.04910743 -0.18246618  3.14685078  0.24819441  0.21432361
 -1.25261956 -0.67958876 -1.73307709 -3.03050128  2.8712487   1.23888885
 -0.48765568 -2.18785302  1.10925911 -1.10402455 -0.48878992 -2.74165604
 -2.06470412  1.86793269 -0.8732518   2.62047902 -0.45508471 -2.67245796
 -2.82395958  2.25925655 -3.14537214 -0.4501876  -1.00056875 -0.24661572
  2.35125829  1.83638178  0.01741012 -2.55521241 -2.65691254  0.24458092
 -0.7671693   1.24669854 -2.6308891   1.12702331 -0.3829923   0.42145947
  1.91925794  0.45984966  0.6518011  -1.27274919  1.79008613  2.94083029
  0.99641243  0.22117291 -1.14111625  2.42571145  0.72805564 -1.90906283
 -0.05482708  1.87064814  0.98511563 -1.07701542 -2.2997638   2.22263283
  2.00241389  1.92539533  2.29828562  1.91480312 -1.6611684  -3.10779315
  0.42936429  1.34412978 -2.2593931  -1.1269484   2.31506738  1.39330257
 -0.2743788  -1.84595212 -1.64936923  1.96892204  1.30813264 -1.01261633
 -0.23257287 -0.68970436 -0.30195501  2.29963981 -0.65921557 -0.93685412
  0.77488256 -2.35193005  0.58918711  2.78741077 -0.3537762   2.04793351
 -1.86207171 -1.35301974 -2.59677383 -2.42007396 -1.50176692 -3.0292047
  2.01760954  1.78060314  1.58327372  1.12660891  1.58623489 -2.4442719
 -2.50942405  1.78744743  1.03229868 -0.29035787 -2.47487731  1.43249921
 -1.04633467 -3.05055228 -0.04725295  1.89840913 -2.70258295 -2.36901704
  1.87333429  1.03039667 -0.62380648 -0.49679529 -0.92009981  1.96650612
  0.47017415 -0.35717157  0.40473243 -2.26644198  1.25997499 -0.15185023
  2.40242561  1.23274916  2.87565688 -1.06118576  2.10384343 -0.4303204
 -3.2661557   2.20352094  0.81180147  1.92893655 -1.288786    1.43831346
 -2.12484309  0.21112449  0.08413473 -2.7887946  -0.89934154 -2.39094825
  0.07045019 -0.57032361]
Sat May 25 14:34:52 2024,181,0.09605784162063122,[-4.64396099  2.36465606 -1.84144255 -0.12481723  0.18547821 -2.6874234
  3.01349451  2.10592495  1.45643378 -0.92552324  0.61360602  1.09080119
  1.13187265 -1.54438878  0.77772049  2.80559299 -0.79772262 -0.63672709
 -1.75474543  0.60264017  1.67696335  2.99383982 -1.20829151 -0.31831413
 -2.42701789 -2.33625139  2.99342083  2.76446963 -0.54337665 -2.36433207
  1.48361915 -0.05872337 -2.31973501  2.0968396   1.28762852 -0.64002734
  0.85109054 -2.32019399 -0.02430069  2.15671592 -0.16648531  0.38808011
  2.71343481  1.04485666  2.46451984  3.16097404  2.63976938 -2.93733333
  0.26815911 -0.81756799  1.76064195  2.86031794 -0.51076459 -2.31772765
  2.7872769  -3.2133221   0.79485333 -0.63232559 -1.7381375   2.69901539
 -1.81140573 -1.58683523 -2.30596291  2.19006768 -2.45169162  2.13272569
  2.07487126  1.53547825  2.38310055  2.80274697  1.65005914  1.20112627
 -1.51166827 -2.22701033  1.46764643  0.71186838  1.3147005  -3.01660486
 -0.37839605  2.51760257 -1.03382948  1.28547091  1.48219022  0.54715954
 -0.83408756  1.11576014  0.66459845 -0.38254256  2.80597246 -1.99306255
  1.53545876 -0.48737677  1.09348595 -2.84754107 -2.4600509   0.46148045
 -1.16339739 -0.49471868  0.36234169 -0.11271797 -1.65194031 -0.04111335
 -0.86044473  2.8117286  -1.06322633 -1.38088213 -0.94773608  1.07493628
  1.85097814 -0.69836997  1.97043203 -2.19457422 -0.34951339 -0.73463689
 -2.88886123  3.16264787 -1.63019135  3.13549298 -1.26706826 -2.70946922
  3.36511449 -1.2310383  -0.77385896 -2.88399407 -2.71847029  2.54547174
 -2.13932874 -2.04865566 -0.18291795  3.14730255  0.24864618  0.21387184
 -1.25307132 -0.68004053 -1.73352886 -3.03095305  2.87170047  1.23843708
 -0.48810744 -2.18830479  1.10880735 -1.10447632 -0.48924169 -2.74120427
 -2.06515589  1.86748092 -0.87280003  2.62002725 -0.45463294 -2.67290973
 -2.82350781  2.25880479 -3.14582391 -0.44973583 -1.00102051 -0.24706749
  2.35080653  1.83683355  0.01695835 -2.55476065 -2.65646077  0.24412916
 -0.76762107  1.24624677 -2.63043733  1.12747508 -0.38344407  0.4210077
  1.91880617  0.46030142  0.65134933 -1.27320096  1.79053789  2.94037852
  0.99596066  0.22162468 -1.14066448  2.42525968  0.72850741 -1.90951459
 -0.05437532  1.87109991  0.98556739 -1.07746719 -2.29931203  2.2230846
  2.00196212  1.92584709  2.29873739  1.91435135 -1.66162017 -3.10734138
  0.42981605  1.34458155 -2.25984487 -1.12649663  2.31461562  1.39375433
 -0.27392703 -1.84640389 -1.64891747  1.96847027  1.30768087 -1.01306809
 -0.23302464 -0.69015613 -0.30240678  2.30009158 -0.6587638  -0.93730589
  0.77443079 -2.35147828  0.58873535  2.78786254 -0.35422797  2.04748174
 -1.86161994 -1.3534715  -2.5972256  -2.4196222  -1.50131515 -3.02965647
  2.01715778  1.78015138  1.58372549  1.12615714  1.58668666 -2.44472367
 -2.50897228  1.7878992   1.03184691 -0.2899061  -2.47442554  1.43204744
 -1.04588291 -3.05100405 -0.04680119  1.89886089 -2.70213119 -2.36856528
  1.87288252  1.03084844 -0.62335471 -0.49724706 -0.92055158  1.96695788
  0.46972239 -0.35762334  0.4051842  -2.26689375  1.26042676 -0.152302
  2.40287738  1.23320093  2.87610864 -1.06073399  2.10339166 -0.43077217
 -3.26660747  2.20306917  0.8113497   1.92848478 -1.28923776  1.43876523
 -2.12439132  0.21067273  0.08368297 -2.78834283 -0.89979331 -2.39140001
  0.07090195 -0.56987184]
Sat May 25 14:35:16 2024,182,0.09605075566558821,[-4.64439819  2.36509326 -1.84100535 -0.12525442  0.18591541 -2.6869862
  3.0139317   2.10548775  1.45687098 -0.92508604  0.61404322  1.09123839
  1.13143546 -1.54482597  0.77815769  2.80603019 -0.79728542 -0.63716429
 -1.75430824  0.60220297  1.67652615  2.99340262 -1.20872871 -0.31787694
 -2.42658069 -2.33668858  2.99385802  2.76490683 -0.54381385 -2.36476927
  1.48405635 -0.05916056 -2.31929782  2.0964024   1.28806572 -0.63959014
  0.85065335 -2.31975679 -0.02473789  2.15627873 -0.16604811  0.38851731
  2.71299761  1.04529385  2.46408264  3.16053685  2.63933218 -2.93777052
  0.26859631 -0.81713079  1.76020475  2.86075513 -0.51032739 -2.31816484
  2.78683971 -3.2128849   0.79529053 -0.63276279 -1.7385747   2.6985782
 -1.81096853 -1.58727242 -2.30552572  2.19050488 -2.45212882  2.13316289
  2.07530846  1.53504105  2.38266336  2.80318417  1.64962194  1.20068907
 -1.51210547 -2.22657313  1.46808363  0.71230558  1.31426331 -3.01616766
 -0.37795886  2.51803977 -1.03339228  1.28503372  1.48175303  0.54759673
 -0.83452476  1.11619734  0.66503564 -0.38297976  2.80553526 -1.99262536
  1.53502156 -0.48693957  1.09304875 -2.84797827 -2.46048809  0.46104325
 -1.16383459 -0.49428149  0.36277888 -0.11315516 -1.65150311 -0.04067615
 -0.86000754  2.8121658  -1.06366352 -1.38044494 -0.94817327  1.07449909
  1.85054095 -0.69880717  1.96999483 -2.19413702 -0.34995059 -0.73419969
 -2.88929842  3.16308507 -1.62975416  3.13505579 -1.26750546 -2.70990642
  3.36467729 -1.2314755  -0.77429615 -2.88443126 -2.71890749  2.54503454
 -2.13889154 -2.04821846 -0.18248075  3.14773975  0.24820898  0.21343465
 -1.25263413 -0.67960333 -1.73309166 -3.03139024  2.87126327  1.23799989
 -0.48767025 -2.18874198  1.10837015 -1.10491352 -0.48967889 -2.74076707
 -2.06559309  1.86704372 -0.87323723  2.61959006 -0.45507014 -2.67334693
 -2.82307062  2.25924198 -3.14538671 -0.45017303 -1.00145771 -0.24750468
  2.35036933  1.83727075  0.01739555 -2.55519784 -2.65602357  0.24369196
 -0.76805826  1.24668397 -2.63000014  1.12703788 -0.38300687  0.4205705
  1.91924337  0.46073862  0.65091214 -1.27276376  1.79097509  2.94081572
  0.99639786  0.22206188 -1.14110168  2.42569688  0.72807021 -1.9090774
 -0.05481251  1.87066271  0.98600459 -1.07790439 -2.29887484  2.22352179
  2.00152493  1.9254099   2.29917458  1.91478855 -1.66118297 -3.10690419
  0.43025325  1.34414435 -2.26028206 -1.12693383  2.31505281  1.39419153
 -0.27348983 -1.84596669 -1.64935466  1.96890747  1.30724367 -1.01350529
 -0.23258745 -0.69059333 -0.30196958  2.30052878 -0.659201   -0.93774309
  0.77486799 -2.35191548  0.58829815  2.78742534 -0.35466517  2.04704454
 -1.86205714 -1.35303431 -2.5976628  -2.42005939 -1.50087795 -3.03009367
  2.01672058  1.78058857  1.58328829  1.12659434  1.58712386 -2.44428647
 -2.50853508  1.787462    1.03228411 -0.2903433  -2.47486274  1.43161024
 -1.0463201  -3.05144125 -0.04636399  1.89929809 -2.70169399 -2.36812808
  1.87331972  1.03041124 -0.62379191 -0.49768425 -0.92011438  1.96652069
  0.47015958 -0.35806054  0.404747   -2.26733094  1.25998956 -0.1527392
  2.40244018  1.23363813  2.87567145 -1.06029679  2.10295446 -0.43120937
 -3.26617027  2.20263197  0.8109125   1.92892198 -1.28967496  1.43920242
 -2.12482852  0.21023553  0.08412016 -2.78790563 -0.90023051 -2.39096282
  0.07133915 -0.57030904]
Sat May 25 14:35:38 2024,183,0.09604410331038349,[-4.64482131  2.36467013 -1.84058222 -0.12567755  0.18549228 -2.68740933
  3.01350858  2.10506463  1.45644785 -0.92466292  0.61446634  1.09166152
  1.13101233 -1.54440285  0.77858081  2.80645331 -0.7968623  -0.63674116
 -1.75388511  0.60177984  1.67610302  2.99297949 -1.20830558 -0.31830006
 -2.42700382 -2.33626546  2.9934349   2.7644837  -0.54423698 -2.36519239
  1.48363322 -0.05873744 -2.31887469  2.09597927  1.28848884 -0.64001327
  0.85023022 -2.31933366 -0.02516101  2.1558556  -0.16647124  0.38894044
  2.71342074  1.04487073  2.46450577  3.16011372  2.63975531 -2.9373474
  0.26817318 -0.81670766  1.76062788  2.86033201 -0.51075052 -2.31774172
  2.78726283 -3.21330803  0.79571365 -0.63318591 -1.73899782  2.69815507
 -1.8105454  -1.58769555 -2.30510259  2.19008175 -2.45170569  2.13358601
  2.07488533  1.53546418  2.38224023  2.8036073   1.64919881  1.2011122
 -1.51168234 -2.22699626  1.46850675  0.7127287   1.31468643 -3.01574454
 -0.37753573  2.51846289 -1.03381541  1.28545684  1.4813299   0.54717361
 -0.83410163  1.11577421  0.66461251 -0.38255663  2.80511214 -1.99304848
  1.53544469 -0.4873627   1.09262562 -2.84840139 -2.46006497  0.46062012
 -1.16425772 -0.49385836  0.36320201 -0.11273204 -1.65192624 -0.04025302
 -0.85958441  2.81258892 -1.06408665 -1.38002181 -0.94775015  1.07492221
  1.85096408 -0.69923029  1.97041796 -2.19456015 -0.35037371 -0.73377656
 -2.88972155  3.1635082  -1.62933103  3.13547891 -1.26792858 -2.71032955
  3.36425417 -1.23189863 -0.77387303 -2.88485439 -2.71933062  2.54545767
 -2.13846841 -2.04779534 -0.18290388  3.14731662  0.24778586  0.21385777
 -1.252211   -0.68002646 -1.73351479 -3.03181337  2.8716864   1.23842301
 -0.48724712 -2.18831886  1.10879328 -1.10533664 -0.49010201 -2.74034395
 -2.06601622  1.8666206  -0.8728141   2.61916693 -0.45464701 -2.67377005
 -2.82264749  2.25881886 -3.14580984 -0.4497499  -1.00188084 -0.24792781
  2.35079246  1.83684762  0.01697242 -2.55477472 -2.6564467   0.24326883
 -0.76763514  1.24626084 -2.62957701  1.12661476 -0.38258374  0.42099363
  1.91882024  0.46116175  0.65133526 -1.27318689  1.79139822  2.94039259
  0.99682098  0.22163875 -1.14067855  2.42527375  0.72764708 -1.90865427
 -0.05438939  1.87108584  0.98642772 -1.07832752 -2.29929796  2.22309867
  2.0011018   1.92498677  2.29875146  1.91436542 -1.6616061  -3.10732731
  0.42983012  1.34456748 -2.26070519 -1.1265107   2.31462969  1.3937684
 -0.27391296 -1.84638982 -1.64977779  1.96848434  1.30682055 -1.01308216
 -0.23216432 -0.6901702  -0.30239271  2.3009519  -0.65962413 -0.93731996
  0.77529112 -2.35149235  0.58787502  2.78700222 -0.35424204  2.04746767
 -1.86163401 -1.35261118 -2.59723967 -2.42048252 -1.50130108 -3.03051679
  2.01629745  1.78016545  1.58286516  1.12701747  1.58754698 -2.4447096
 -2.50811195  1.78788513  1.03270723 -0.29076642 -2.47528586  1.43118712
 -1.04589698 -3.05101812 -0.04594086  1.89887496 -2.70127086 -2.36770495
  1.87374285  1.02998812 -0.62421504 -0.49726113 -0.91969125  1.96609756
  0.47058271 -0.35848366  0.40432387 -2.26775407  1.25956643 -0.15316232
  2.40201706  1.23406125  2.87609457 -1.05987367  2.10337759 -0.43078624
 -3.2665934   2.20220884  0.81133563  1.92849885 -1.28925183  1.4387793
 -2.12525165  0.21065866  0.08369704 -2.78748251 -0.90065364 -2.39053969
  0.07176228 -0.56988591]
Sat May 25 14:36:01 2024,184,0.09603785714492796,[-4.64523085  2.36507967 -1.84017268 -0.12526801  0.18590182 -2.68781887
  3.01309904  2.10547417  1.45603831 -0.92425338  0.6140568   1.09207106
  1.13060279 -1.54399331  0.77899035  2.80604377 -0.79645276 -0.6371507
 -1.75429465  0.60218938  1.67569348  2.99256995 -1.20871512 -0.31789052
 -2.42741336 -2.33667499  2.99384444  2.76489324 -0.54382744 -2.36478286
  1.48404276 -0.0583279  -2.31846515  2.09638881  1.2880793  -0.63960373
  0.84982068 -2.3197432  -0.02475147  2.15544606 -0.16688078  0.3885309
  2.7130112   1.04446119  2.46491531  3.16052326  2.64016485 -2.93693786
  0.26776365 -0.8171172   1.76103742  2.86074155 -0.51116006 -2.31815125
  2.78685329 -3.21289849  0.79530411 -0.63359545 -1.73858828  2.69774553
 -1.81095494 -1.58728601 -2.30551213  2.19049129 -2.45211523  2.13399555
  2.0744758   1.53505464  2.38264977  2.80319776  1.64960835  1.20070266
 -1.51209188 -2.2274058   1.46891629  0.71231916  1.31509597 -3.01615407
 -0.37794527  2.51887243 -1.03422495  1.28586638  1.48092036  0.54758314
 -0.83369209  1.11536467  0.66502205 -0.38214709  2.8047026  -1.99263894
  1.53585423 -0.48695316  1.09221609 -2.84881093 -2.45965543  0.46021058
 -1.16466726 -0.49344882  0.36361155 -0.11314158 -1.6515167  -0.04066256
 -0.85917487  2.81299846 -1.06367711 -1.38043135 -0.94734061  1.07533175
  1.85137361 -0.69882075  1.9708275  -2.19496969 -0.35078325 -0.73336702
 -2.89013109  3.16309866 -1.62974057  3.13588845 -1.26833812 -2.70992001
  3.36384463 -1.23148909 -0.77346349 -2.88526393 -2.71892108  2.54504813
 -2.13805887 -2.04820488 -0.18331342  3.14690708  0.24737632  0.21426731
 -1.25180146 -0.680436   -1.73310525 -3.03222291  2.87127686  1.23801347
 -0.48683758 -2.1887284   1.10920282 -1.10574618 -0.48969248 -2.73993441
 -2.06560668  1.86621106 -0.87322364  2.61875739 -0.45505655 -2.67417959
 -2.82305703  2.25840932 -3.1454003  -0.44934036 -1.0014713  -0.24751827
  2.35038292  1.83725716  0.01656288 -2.55436518 -2.65685624  0.24367837
 -0.7672256   1.2458513  -2.62998655  1.12620522 -0.38299328  0.42140317
  1.91922978  0.46075221  0.65092573 -1.27277735  1.79180776  2.93998305
  0.99641144  0.22122921 -1.14108809  2.42486421  0.72723754 -1.90906381
 -0.05397985  1.87149538  0.98601818 -1.07873705 -2.29888842  2.22268913
  2.00069226  1.92457723  2.29834192  1.91477496 -1.66119656 -3.10691778
  0.42942058  1.34415794 -2.26111473 -1.12610116  2.31503923  1.39417794
 -0.27350342 -1.84598028 -1.64936825  1.96889388  1.30641101 -1.01267262
 -0.23175478 -0.69057974 -0.30280225  2.30136144 -0.66003367 -0.9377295
  0.77570065 -2.35108281  0.58746548  2.78659268 -0.35465158  2.04705813
 -1.86122447 -1.35302072 -2.59764921 -2.42089206 -1.50171062 -3.03092633
  2.01588791  1.78057498  1.5832747   1.12660793  1.58795652 -2.44511914
 -2.50852149  1.78829467  1.03311677 -0.29117596 -2.4756954   1.43159666
 -1.04630652 -3.05060858 -0.0463504   1.89846542 -2.70086132 -2.36811449
  1.87415239  1.02957858 -0.62462458 -0.49685159 -0.91928171  1.9665071
  0.47099225 -0.35807413  0.40391434 -2.26734453  1.25997597 -0.15357186
  2.40160752  1.23365171  2.87650411 -1.06028321  2.10296805 -0.43119578
 -3.26700294  2.20261838  0.81092609  1.92808931 -1.28884229  1.43836976
 -2.12566118  0.21024912  0.0832875  -2.78789205 -0.9002441  -2.39094923
  0.07217182 -0.57029545]
Sat May 25 14:36:24 2024,185,0.09603199154690345,[-4.64562727  2.36468326 -1.83977627 -0.12487159  0.18629824 -2.68742245
  3.01270262  2.10507775  1.45643473 -0.92464979  0.61445322  1.09246747
  1.13020637 -1.54359689  0.77938677  2.80564736 -0.79684918 -0.63675428
 -1.75389823  0.6025858   1.6760899   2.99217354 -1.20911154 -0.31749411
 -2.42701694 -2.33707141  2.99424085  2.76449682 -0.54343102 -2.36438644
  1.48443918 -0.05872431 -2.31886157  2.09599239  1.28768289 -0.63920731
  0.8502171  -2.32013962 -0.02435506  2.15584248 -0.16648436  0.38892731
  2.71340762  1.04406477  2.46451889  3.16091968  2.63976843 -2.93733427
  0.26816006 -0.81672079  1.760641    2.86034513 -0.51155647 -2.31775484
  2.78645688 -3.21250207  0.79570053 -0.63399187 -1.7389847   2.69814195
 -1.81135136 -1.58768243 -2.30511571  2.19009487 -2.45171881  2.13439197
  2.07487221  1.53545106  2.38225335  2.80280134  1.65000477  1.20109908
 -1.51169547 -2.22780221  1.46931271  0.71271558  1.31469956 -3.01575766
 -0.37834168  2.51926885 -1.03382853  1.2862628   1.48052394  0.54718673
 -0.83408851  1.11576109  0.66541847 -0.38254351  2.80430618 -1.99303536
  1.53625065 -0.48734957  1.0926125  -2.84841452 -2.45925901  0.460607
 -1.16427084 -0.49384524  0.36400797 -0.11274516 -1.65112028 -0.04026615
 -0.85957129  2.81260205 -1.0632807  -1.38003493 -0.94694419  1.07572817
  1.8509772  -0.69842434  1.97122391 -2.1953661  -0.35038683 -0.73376344
 -2.88973467  3.16349507 -1.62934415  3.13549204 -1.26794171 -2.70952359
  3.36424104 -1.2318855  -0.7738599  -2.88486751 -2.71931749  2.54544454
 -2.13766246 -2.04780846 -0.18370984  3.14651066  0.2469799   0.21466373
 -1.25219788 -0.68083242 -1.73350167 -3.03182649  2.87088044  1.23761706
 -0.487234   -2.18833198  1.1088064  -1.1061426  -0.49008889 -2.73953799
 -2.06521026  1.86660747 -0.87362006  2.61915381 -0.45545297 -2.67378318
 -2.82266061  2.25880573 -3.14579672 -0.44894394 -1.00186771 -0.24712186
  2.3499865   1.83765358  0.0169593  -2.55476159 -2.65645982  0.24328196
 -0.76682918  1.24545488 -2.63038296  1.12660163 -0.38259687  0.42179959
  1.91962619  0.46114862  0.65132214 -1.27317376  1.79141134  2.94037947
  0.99601503  0.22162563 -1.14069167  2.42446779  0.72763396 -1.90866739
 -0.05358343  1.8718918   0.98562176 -1.07913347 -2.29928484  2.22229271
  2.00029584  1.92497365  2.2979455   1.91517137 -1.66159298 -3.10652136
  0.42902417  1.34455436 -2.26151115 -1.12570475  2.31464281  1.39457436
 -0.27389984 -1.84558386 -1.64897183  1.96849746  1.30680742 -1.01306904
 -0.23135836 -0.69097615 -0.30319867  2.30096503 -0.66043008 -0.93812592
  0.77609707 -2.35147923  0.5878619   2.78619626 -0.35425516  2.04666171
 -1.86082805 -1.35341714 -2.59804563 -2.42128847 -1.5013142  -3.03132275
  2.0154915   1.7809714   1.58287829  1.12621151  1.58756011 -2.44472272
 -2.50812508  1.78789825  1.03351319 -0.29077955 -2.47529898  1.43199307
 -1.04670293 -3.05021216 -0.04674682  1.89806901 -2.70046491 -2.36851091
  1.8745488   1.02918216 -0.62422816 -0.497248   -0.91967813  1.96690352
  0.47138867 -0.35847054  0.40351792 -2.26774095  1.26037239 -0.15396828
  2.4012111   1.23404813  2.87690053 -1.06067962  2.10336447 -0.43079936
 -3.26660652  2.20222197  0.81052968  1.9276929  -1.28923871  1.43797334
 -2.12526477  0.21064553  0.08289108 -2.78828846 -0.89984768 -2.39134565
  0.0717754  -0.57069187]
Sat May 25 14:37:38 2024,186,0.0960264825615953,[-4.64601101  2.365067   -1.83939252 -0.12525534  0.1859145  -2.68780619
  3.01308636  2.10546149  1.45605098 -0.92426605  0.61406948  1.09285122
  1.12982263 -1.54398063  0.77900303  2.8060311  -0.79723292 -0.63713803
 -1.75428197  0.60220206  1.67570616  2.9917898  -1.20949528 -0.31787785
 -2.42740068 -2.33745515  2.9946246   2.76411308 -0.54381476 -2.36477018
  1.48482292 -0.05834057 -2.31924531  2.09637614  1.28729915 -0.63882357
  0.85060084 -2.31975588 -0.0247388   2.15545873 -0.16610062  0.38931106
  2.71302387  1.04444851  2.46490264  3.16053593  2.64015217 -2.93771802
  0.26777632 -0.81633704  1.76102474  2.86072887 -0.51117273 -2.31813858
  2.78607313 -3.21211833  0.79531679 -0.63360813 -1.73860096  2.69852569
 -1.8117351  -1.58806617 -2.30473197  2.18971113 -2.45133507  2.13477571
  2.07525595  1.5358348   2.38186961  2.80318508  1.65038851  1.20148282
 -1.51207921 -2.22818595  1.46892897  0.71233184  1.3150833  -3.0161414
 -0.37872543  2.51888511 -1.03421227  1.28664654  1.48090769  0.54757047
 -0.83370477  1.11614483  0.66580221 -0.38215977  2.80392244 -1.99265162
  1.53663439 -0.48696583  1.09222876 -2.84803078 -2.45887527  0.46022326
 -1.16465458 -0.49346149  0.36439171 -0.11236142 -1.65073654 -0.04064989
 -0.85995503  2.81221831 -1.06289695 -1.38041867 -0.94656045  1.07611191
  1.85059346 -0.69804059  1.97160766 -2.19574985 -0.35000309 -0.7333797
 -2.89011841  3.16311133 -1.62972789  3.13587578 -1.26755796 -2.70913985
  3.36462479 -1.23150176 -0.77424365 -2.88525126 -2.71893375  2.54582829
 -2.1380462  -2.0481922  -0.18409358  3.1468944   0.24659616  0.21427999
 -1.25258162 -0.68044868 -1.73311792 -3.03221024  2.8704967   1.23723331
 -0.48685026 -2.18871572  1.10919014 -1.10652634 -0.48970515 -2.73915425
 -2.06482652  1.86699122 -0.87323631  2.61953755 -0.45506922 -2.67339943
 -2.82304435  2.25918948 -3.14541298 -0.44932769 -1.00225146 -0.24673811
  2.34960276  1.83803732  0.01657556 -2.55437785 -2.65684356  0.24289821
 -0.76644544  1.24583863 -2.62999922  1.12621789 -0.38221312  0.42141585
  1.92000994  0.46076488  0.65170588 -1.27279002  1.7910276   2.94076321
  0.99563128  0.22124188 -1.14030793  2.42408405  0.72725022 -1.90828365
 -0.05319969  1.87150805  0.98523802 -1.07874973 -2.29966858  2.22190897
  2.00067959  1.92535739  2.29756176  1.91478763 -1.66120923 -3.1069051
  0.42940791  1.3449381  -2.26189489 -1.12532101  2.31425907  1.3949581
 -0.27428358 -1.8459676  -1.64858809  1.9688812   1.30719116 -1.0126853
 -0.23097462 -0.6913599  -0.30358241  2.30058128 -0.66004634 -0.93774217
  0.77571333 -2.35109549  0.58824564  2.78658    -0.3546389   2.04704546
 -1.8612118  -1.35303339 -2.59842937 -2.42167222 -1.50093046 -3.03093901
  2.01510775  1.78135514  1.58249455  1.12659525  1.58794385 -2.44510646
 -2.50850882  1.78751451  1.03389693 -0.29039581 -2.47568273  1.43160933
 -1.04708667 -3.04982842 -0.04713056  1.89768526 -2.70008116 -2.36812717
  1.87493254  1.0295659  -0.62384442 -0.49686426 -0.92006187  1.96651977
  0.47100493 -0.3580868   0.40390166 -2.26735721  1.25998865 -0.15435202
  2.40159484  1.23366439  2.87728427 -1.06029588  2.10374821 -0.4311831
 -3.26699027  2.20183823  0.81014593  1.92807664 -1.28885497  1.4375896
 -2.12488103  0.21102928  0.08327482 -2.78867221 -0.90023142 -2.3909619
  0.07139166 -0.57107561]
Sat May 25 14:38:01 2024,187,0.09602130779003894,[-4.64638251  2.3646955  -1.83976402 -0.12488384  0.185543   -2.68817769
  3.01271487  2.10583299  1.45642248 -0.92463755  0.61444098  1.09247972
  1.13019413 -1.54360913  0.77863153  2.8064026  -0.79760442 -0.63750953
 -1.75391048  0.60183056  1.67533466  2.9914183  -1.20986678 -0.31750635
 -2.42777218 -2.33708365  2.9942531   2.76374158 -0.54344326 -2.36514168
  1.48445142 -0.05796907 -2.31961681  2.09600464  1.28767064 -0.63845207
  0.85097234 -2.32012738 -0.0251103   2.15508724 -0.16572912  0.38968255
  2.71339537  1.04482001  2.46453114  3.16090743  2.63978067 -2.93734652
  0.26740482 -0.81596555  1.76139624  2.86110037 -0.51080123 -2.31776708
  2.78644463 -3.21248983  0.79568829 -0.63397963 -1.73897246  2.69815419
 -1.8113636  -1.58843767 -2.30436047  2.18933963 -2.45096357  2.13440421
  2.07488445  1.5354633   2.38149811  2.80355658  1.65076001  1.20111132
 -1.51245071 -2.22781446  1.46930047  0.71270334  1.3154548  -3.0165129
 -0.37909693  2.51851361 -1.03384077  1.28627504  1.48127918  0.54719897
 -0.83407626  1.11651633  0.66617371 -0.38253126  2.80355094 -1.99228012
  1.53700589 -0.48659433  1.09185726 -2.84840227 -2.45850377  0.45985176
 -1.16502608 -0.49309     0.36476321 -0.11198992 -1.65110804 -0.04027839
 -0.86032653  2.8125898  -1.06326845 -1.38004717 -0.94693195  1.07648341
  1.85096495 -0.6976691   1.97197916 -2.19612135 -0.35037459 -0.7337512
 -2.88974692  3.16348283 -1.6293564   3.13550428 -1.26718646 -2.70951135
  3.36499628 -1.23187326 -0.77461515 -2.88487976 -2.71930525  2.54545679
 -2.1376747  -2.0478207  -0.18372208  3.1472659   0.24622466  0.21465149
 -1.25221012 -0.68007718 -1.73348942 -3.03258173  2.8701252   1.23760481
 -0.48647876 -2.18834422  1.10881864 -1.10689784 -0.48933365 -2.73878275
 -2.06519802  1.86661972 -0.87360781  2.61990905 -0.45544072 -2.67302794
 -2.82267285  2.25956098 -3.14578448 -0.44895619 -1.00262295 -0.24636661
  2.34923126  1.83840882  0.01694706 -2.55474935 -2.65721506  0.24326971
 -0.76681694  1.24621013 -2.62962772  1.12584639 -0.38258462  0.42104435
  1.91963844  0.46039338  0.65133438 -1.27316152  1.7913991   2.94113471
  0.99600278  0.22161338 -1.14067943  2.42371255  0.72762172 -1.90865515
 -0.05282819  1.87187955  0.98560952 -1.07912123 -2.29929708  2.22228047
  2.00105108  1.92572889  2.29719026  1.91515913 -1.66083774 -3.1065336
  0.42903641  1.3453096  -2.26226639 -1.1256925   2.31463057  1.3945866
 -0.27391208 -1.8463391  -1.64821659  1.9685097   1.30756266 -1.0123138
 -0.23060312 -0.6917314  -0.30395391  2.30095278 -0.66041784 -0.93737068
  0.77608483 -2.35146699  0.58787414  2.7862085  -0.3542674   2.04741695
 -1.8608403  -1.3526619  -2.59805787 -2.42204372 -1.50055896 -3.03131051
  2.01473626  1.78172664  1.58212305  1.12622375  1.58757235 -2.44473496
 -2.50888032  1.78714301  1.03426843 -0.2907673  -2.47605423  1.43198083
 -1.04671518 -3.05019992 -0.04675906  1.89805676 -2.70045266 -2.36849867
  1.87530404  1.0299374  -0.62347292 -0.49723576 -0.92043337  1.96689127
  0.47063343 -0.3577153   0.40353016 -2.26698571  1.25961715 -0.15398052
  2.40122334  1.23403589  2.87765577 -1.05992438  2.10411971 -0.43081161
 -3.26736176  2.20220972  0.81051743  1.92770514 -1.28922647  1.4372181
 -2.12450953  0.21065778  0.08290332 -2.7890437  -0.89985992 -2.39059041
  0.07176316 -0.57070411]
Sat May 25 14:38:46 2024,188,0.09601644628489135,[-4.64674218  2.36505517 -1.84012369 -0.12524351  0.18518333 -2.68781802
  3.01307454  2.10619266  1.45678216 -0.92499722  0.61480065  1.09212005
  1.12983446 -1.5439688   0.77827186  2.80604293 -0.79796409 -0.6378692
 -1.75427015  0.60147089  1.67497499  2.99177797 -1.20950711 -0.31714668
 -2.42741251 -2.33744333  2.99461277  2.76410125 -0.54308359 -2.36478201
  1.48481109 -0.0576094  -2.31925713  2.09636431  1.28803032 -0.63881174
  0.85061267 -2.3197677  -0.02475063  2.15544691 -0.16608879  0.39004223
  2.71375505  1.04446034  2.46417147  3.16054776  2.639421   -2.93698685
  0.26704515 -0.81632522  1.76103657  2.86146004 -0.51044156 -2.31812675
  2.78608496 -3.21213016  0.79604796 -0.6343393  -1.73933213  2.69779452
 -1.81100393 -1.58879734 -2.30472014  2.18897996 -2.4506039   2.13404454
  2.07524413  1.53510363  2.38185778  2.80391625  1.65040034  1.20075165
 -1.51209104 -2.22745478  1.4689408   0.71234367  1.31509512 -3.01615323
 -0.37873725  2.51815394 -1.03420045  1.28591537  1.48163886  0.5468393
 -0.83443594  1.11615666  0.66653338 -0.38289094  2.80319127 -1.99192045
  1.53664622 -0.486954    1.09149759 -2.84876195 -2.4581441   0.46021143
 -1.16466641 -0.49273032  0.36512288 -0.11163025 -1.65074837 -0.04063806
 -0.8606862   2.81294948 -1.06290878 -1.38040685 -0.94657228  1.07684308
  1.85060528 -0.69730942  1.97233883 -2.19576167 -0.35001492 -0.73411087
 -2.89010659  3.1638425  -1.62971607  3.13586395 -1.26682679 -2.70915168
  3.36463661 -1.23223293 -0.77497482 -2.88523943 -2.71894558  2.54509712
 -2.13731503 -2.04746103 -0.18408175  3.14762558  0.24586499  0.21429181
 -1.25256979 -0.67971751 -1.73312975 -3.03222206  2.86976553  1.23796449
 -0.48683843 -2.18870389  1.10917832 -1.10653817 -0.48969332 -2.73842308
 -2.06483834  1.86697939 -0.87324814  2.62026872 -0.45580039 -2.67266826
 -2.82231318  2.25992065 -3.14614415 -0.44931586 -1.00226328 -0.24672629
  2.34887159  1.83876849  0.01730673 -2.55438968 -2.65757473  0.24291004
 -0.76717661  1.2465698  -2.6299874   1.12548672 -0.38294429  0.42068468
  1.91999811  0.46003371  0.65169406 -1.27352119  1.79175877  2.94149438
  0.99564311  0.22125371 -1.14031976  2.42335288  0.72798139 -1.90901482
 -0.05246852  1.87151988  0.98524985 -1.07876156 -2.29893741  2.22264014
  2.00141076  1.92536922  2.29754993  1.9155188  -1.66047806 -3.10617393
  0.42867674  1.34494993 -2.26262606 -1.12533283  2.31499024  1.39422693
 -0.27427175 -1.84597943 -1.64857626  1.96815003  1.30792233 -1.01195413
 -0.23096279 -0.69137172 -0.30431358  2.30131246 -0.66077751 -0.937011
  0.77572516 -2.35110732  0.58751447  2.78656818 -0.35390773  2.04777663
 -1.86048063 -1.35230222 -2.5976982  -2.42168404 -1.50091863 -3.03095084
  2.01437658  1.78136697  1.58248272  1.12586408  1.58721268 -2.44437529
 -2.50852065  1.78750268  1.03390876 -0.29112698 -2.4764139   1.43162116
 -1.0463555  -3.05055959 -0.04711873  1.89769709 -2.70009299 -2.36885834
  1.87494437  1.02957773 -0.62383259 -0.49687609 -0.92079304  1.9665316
  0.4709931  -0.35735563  0.40388983 -2.26662604  1.25997682 -0.15362085
  2.40086367  1.23367622  2.8772961  -1.05956471  2.10447938 -0.43045193
 -3.26700209  2.2025694   0.81015776  1.92806481 -1.2888668   1.43685843
 -2.12414986  0.21029811  0.083263   -2.78868403 -0.90021959 -2.39095008
  0.07212283 -0.57034444]
Sat May 25 14:39:34 2024,189,0.09601187845347345,[-4.64709043  2.36540342 -1.84047194 -0.12559176  0.18553157 -2.68816627
  3.01342278  2.10584442  1.45643391 -0.92534547  0.6144524   1.09246829
  1.12948621 -1.54362056  0.7786201   2.80639117 -0.79831233 -0.63821744
 -1.75461839  0.60112264  1.67532323  2.99212621 -1.20985535 -0.31679843
 -2.42706426 -2.33779157  2.99426452  2.7644495  -0.54273535 -2.36443376
  1.48515934 -0.05726116 -2.31890889  2.09671255  1.28837856 -0.6384635
  0.85026442 -2.31941946 -0.02440238  2.15579515 -0.16643704  0.38969398
  2.7134068   1.04480858  2.46382322  3.16089601  2.63976925 -2.93733509
  0.2673934  -0.81597697  1.76138482  2.86180829 -0.51009332 -2.318475
  2.78573672 -3.21178191  0.79569971 -0.63468754 -1.73898388  2.69814276
 -1.81135218 -1.58914558 -2.3043719   2.18932821 -2.45095215  2.13439279
  2.07489588  1.53475538  2.38220603  2.80356801  1.65074858  1.20109989
 -1.51174279 -2.22780303  1.46928904  0.71269191  1.31474688 -3.01650147
 -0.37838901  2.51780569 -1.0338522   1.28626362  1.48129061  0.54649105
 -0.83408769  1.11580841  0.66688163 -0.38323918  2.80353951 -1.9915722
  1.53699446 -0.48730225  1.09184584 -2.84911019 -2.45779585  0.45986319
 -1.16431816 -0.49307857  0.36547112 -0.111282   -1.65040012 -0.04028981
 -0.86033795  2.81260123 -1.06325703 -1.3800586  -0.94622403  1.07649483
  1.85025704 -0.69765767  1.97268707 -2.19541343 -0.34966667 -0.73376262
 -2.88975834  3.16349426 -1.63006431  3.13551571 -1.26647855 -2.70949992
  3.36498486 -1.23258118 -0.77462657 -2.88489118 -2.71859733  2.54474887
 -2.13696678 -2.04711279 -0.18443     3.14797382  0.24621324  0.21394357
 -1.25222155 -0.68006575 -1.733478   -3.03257031  2.87011377  1.23761624
 -0.48718667 -2.18835565  1.10952656 -1.10618992 -0.49004157 -2.73877132
 -2.0644901   1.86663114 -0.87359639  2.61992047 -0.45545215 -2.67301651
 -2.82266143  2.26026889 -3.14649239 -0.44896761 -1.00191504 -0.24707453
  2.34921983  1.83842024  0.01765498 -2.55404143 -2.65792298  0.24325829
 -0.76752486  1.24691804 -2.62963915  1.12583497 -0.38259605  0.42033643
  1.91964986  0.46038196  0.65134581 -1.27386944  1.79141052  2.94184263
  0.99599136  0.22090547 -1.13997151  2.42370113  0.72832963 -1.90866658
 -0.05281676  1.87117164  0.98559809 -1.07841331 -2.29858917  2.22298838
  2.001759    1.92502097  2.29720169  1.91586705 -1.66012982 -3.10652218
  0.42832849  1.34529817 -2.26297431 -1.12568108  2.31464199  1.39387868
 -0.27392351 -1.84563118 -1.64822802  1.96780179  1.30757409 -1.01160588
 -0.23131104 -0.69171997 -0.30466182  2.3016607  -0.66042927 -0.93735925
  0.77537691 -2.35075907  0.58786272  2.78621993 -0.35425598  2.04812487
 -1.86082887 -1.35195398 -2.59734995 -2.4213358  -1.50126688 -3.03060259
  2.01402834  1.78171522  1.58213447  1.12551584  1.58686443 -2.44402705
 -2.5081724   1.78715444  1.03356051 -0.29077873 -2.47606565  1.43127291
 -1.04600726 -3.05021135 -0.04677049  1.89734885 -2.69974475 -2.36851009
  1.87529262  1.02922948 -0.62418084 -0.49652784 -0.9204448   1.96618336
  0.47134134 -0.35700738  0.40423808 -2.26627779  1.26032507 -0.15327261
  2.40121192  1.23402446  2.87764434 -1.05921646  2.10413113 -0.43080018
 -3.26735034  2.20291764  0.80980951  1.92841306 -1.28851855  1.43720667
 -2.1244981   0.21064635  0.08361124 -2.78833579 -0.89987135 -2.39129832
  0.07247107 -0.57069268]
Sat May 25 14:40:17 2024,190,0.09600758596747858,[-4.64742763  2.36574062 -1.84080915 -0.12592896  0.18586878 -2.68782906
  3.01308558  2.10618162  1.45677112 -0.92500826  0.6141152   1.0928055
  1.12982342 -1.54328335  0.77895731  2.80605397 -0.79797513 -0.63788024
 -1.7549556   0.60078543  1.67566044  2.99246342 -1.21019256 -0.31646123
 -2.42740147 -2.33812878  2.99460173  2.76411229 -0.54239814 -2.36477097
  1.48482213 -0.05759836 -2.31857168  2.09637535  1.28804136 -0.6388007
  0.84992721 -2.31975666 -0.02406518  2.15545795 -0.16609983  0.39003119
  2.71374401  1.04514579  2.46348601  3.16123321  2.64010645 -2.9376723
  0.26705619 -0.81631418  1.76104761  2.86214549 -0.51043052 -2.3188122
  2.78539951 -3.2114447   0.79536251 -0.63502475 -1.73864668  2.69847997
 -1.81101497 -1.58880838 -2.30403469  2.188991   -2.45128935  2.13405558
  2.07455867  1.53441818  2.38254324  2.8032308   1.65108579  1.20076269
 -1.51208    -2.22814024  1.46895184  0.71302912  1.31440967 -3.01616427
 -0.37872621  2.5181429  -1.03351499  1.28592641  1.48162782  0.54615385
 -0.8344249   1.11614562  0.66721883 -0.38357639  2.80387672 -1.991235
  1.53733167 -0.48696504  1.09150863 -2.84877298 -2.45745865  0.46020039
 -1.16398096 -0.49341578  0.36580833 -0.11094479 -1.65006292 -0.04062702
 -0.86067516  2.81293844 -1.06291982 -1.38039581 -0.94656124  1.07615763
  1.85059424 -0.69799488  1.97302428 -2.19507622 -0.34932947 -0.73409983
 -2.89009555  3.16315705 -1.63040152  3.1351785  -1.26681575 -2.70983713
  3.36464765 -1.23224397 -0.77496378 -2.88455398 -2.71893454  2.54441166
 -2.13662958 -2.04744999 -0.18409279  3.14831103  0.24655044  0.21428077
 -1.25188434 -0.68040296 -1.7338152  -3.0322331   2.86977657  1.23727903
 -0.48684947 -2.18869286  1.10918935 -1.10652713 -0.48970436 -2.73843412
 -2.06415289  1.86696835 -0.87393359  2.62025768 -0.45511494 -2.6726793
 -2.82232422  2.25993169 -3.14615519 -0.44863041 -1.00225224 -0.24673733
  2.34888263  1.83875745  0.01731777 -2.55437864 -2.65826019  0.24359549
 -0.76718765  1.24725525 -2.62930194  1.12549776 -0.38225884  0.41999922
  1.91931266  0.46004475  0.65168302 -1.27420664  1.79107332  2.94150542
  0.99632856  0.22124267 -1.13963431  2.42336392  0.72866684 -1.90832937
 -0.05247956  1.87083443  0.9859353  -1.07875052 -2.29892637  2.22265118
  2.0014218   1.92535818  2.29753889  1.91552984 -1.65979261 -3.10685938
  0.42799129  1.34496097 -2.2626371  -1.12534387  2.3149792   1.39354148
 -0.2735863  -1.84596839 -1.64856522  1.96746458  1.3079113  -1.01126868
 -0.23097383 -0.69138276 -0.30432462  2.30132349 -0.66076647 -0.93769646
  0.77571412 -2.35109628  0.58819992  2.78588272 -0.35391877  2.04846208
 -1.86116608 -1.35161677 -2.59768716 -2.421673   -1.50160408 -3.0309398
  2.01436554  1.78137801  1.58247168  1.12585304  1.58720164 -2.44436425
 -2.50783519  1.78681723  1.03322331 -0.29111594 -2.47640286  1.43161012
 -1.04567005 -3.04987414 -0.04643328  1.89768605 -2.70008195 -2.3688473
  1.87562982  1.02889228 -0.62451804 -0.49686505 -0.92010759  1.96652056
  0.47167855 -0.35734459  0.40390087 -2.26594058  1.25998786 -0.15360981
  2.40154912  1.23436167  2.87730714 -1.05955367  2.10379393 -0.43113739
 -3.26701313  2.20325485  0.81014672  1.92875026 -1.28885576  1.43686947
 -2.1241609   0.21030914  0.08327404 -2.78867299 -0.89953414 -2.39163553
  0.07280828 -0.57035548]
Sat May 25 14:40:54 2024,191,0.09600355167887524,[-4.64775417  2.36606716 -1.84113569 -0.12560242  0.18619532 -2.68750252
  3.01341212  2.10650816  1.45644458 -0.9253348   0.61444174  1.09247896
  1.13014996 -1.54295681  0.77863077  2.80638051 -0.79830167 -0.6375537
 -1.75462906  0.60111197  1.67598698  2.99278996 -1.2105191  -0.31678777
 -2.42707493 -2.33845532  2.99492827  2.76378575 -0.5420716  -2.36509751
  1.48449559 -0.05727182 -2.31824514  2.09604881  1.28836789 -0.63847416
  0.84960068 -2.3200832  -0.02439171  2.15578449 -0.16642637  0.38970465
  2.71341747  1.04481925  2.46315947  3.16090667  2.63977991 -2.93799884
  0.26672965 -0.81664072  1.76072107  2.86247203 -0.51010398 -2.31848566
  2.78572605 -3.21111816  0.79503597 -0.63535129 -1.73897322  2.69815343
 -1.81134151 -1.58913492 -2.30436123  2.18866446 -2.45161589  2.13438212
  2.07488521  1.53474472  2.3822167   2.80355734  1.65075925  1.20043615
 -1.51240654 -2.2278137   1.46927837  0.71270258  1.31408313 -3.01649081
 -0.37839967  2.51846944 -1.03318846  1.28625295  1.48195436  0.54582731
 -0.83475144  1.11647216  0.66754537 -0.38390293  2.80420326 -1.99156154
  1.53700513 -0.4866385   1.09118209 -2.84909952 -2.45778519  0.45987385
 -1.16365442 -0.49374231  0.36548179 -0.11127133 -1.65038946 -0.04095356
 -0.86034862  2.81326498 -1.06324636 -1.38072235 -0.94688778  1.07648417
  1.85092078 -0.69766834  1.97269774 -2.19540276 -0.34900293 -0.73377329
 -2.89042209  3.16283051 -1.63072806  3.13550504 -1.26648921 -2.70951059
  3.36432111 -1.23257051 -0.77529032 -2.88488052 -2.71926108  2.5447382
 -2.13630304 -2.04712345 -0.18376625  3.14863757  0.24687698  0.21395423
 -1.25221088 -0.6807295  -1.73414174 -3.03255964  2.86945003  1.23695249
 -0.48652293 -2.18901939  1.10886282 -1.10685367 -0.4900309  -2.73876066
 -2.06447943  1.86664181 -0.87426013  2.62058422 -0.4547884  -2.67235276
 -2.82199768  2.26025823 -3.14648173 -0.44830387 -1.00257878 -0.24706387
  2.34855609  1.83908399  0.01699123 -2.5540521  -2.65858672  0.24326895
 -0.76686111  1.24692871 -2.6289754   1.12517122 -0.38258538  0.42032576
  1.91898612  0.45971821  0.65135648 -1.2738801   1.79074678  2.94117888
  0.99600202  0.22156921 -1.13996085  2.42303738  0.72899338 -1.90800283
 -0.05215302  1.87116097  0.98560876 -1.07907706 -2.29859983  2.22297772
  2.00174834  1.92503164  2.29786543  1.9152033  -1.66011915 -3.10653284
  0.42766475  1.34528751 -2.26231056 -1.12567041  2.31465266  1.39321494
 -0.27391284 -1.84629493 -1.64889176  1.96779112  1.30758476 -1.01094214
 -0.23064729 -0.6917093  -0.30465116  2.30165003 -0.66043993 -0.93736992
  0.77538758 -2.35142282  0.58852646  2.78620926 -0.35359223  2.04813554
 -1.86149262 -1.35129023 -2.5980137  -2.42199954 -1.50193062 -3.03126634
  2.01469208  1.78170455  1.58279822  1.12617958  1.58752818 -2.44469079
 -2.50816173  1.78714377  1.03354985 -0.29144248 -2.4767294   1.43128358
 -1.04534351 -3.05020068 -0.04675982  1.89735951 -2.70040849 -2.36852076
  1.87595636  1.02921882 -0.62484458 -0.49719159 -0.92043413  1.96619402
  0.47135201 -0.35767113  0.40357433 -2.26626712  1.2603144  -0.15393635
  2.40187566  1.23403513  2.8769806  -1.05922713  2.10346739 -0.43081085
 -3.26733967  2.20292831  0.81047326  1.92842372 -1.2891823   1.43654293
 -2.12448743  0.21063568  0.08360057 -2.78834645 -0.89986068 -2.39130899
  0.07248174 -0.57002894]
Sat May 25 14:41:44 2024,192,0.09599975954157414,[-4.6480704   2.36638339 -1.84081945 -0.12528619  0.18651155 -2.68718629
  3.01309588  2.10619193  1.45676081 -0.92565103  0.6141255   1.09279519
  1.12983373 -1.54327305  0.778947    2.80606427 -0.79798543 -0.63786993
 -1.75431283  0.60079574  1.67567075  2.99247373 -1.21020287 -0.31647153
 -2.4267587  -2.33877155  2.99461204  2.76346952 -0.54238783 -2.36541374
  1.48417936 -0.05758806 -2.31792891  2.09573258  1.28805166 -0.6387904
  0.84991691 -2.31976697 -0.02470795  2.15546825 -0.16611014  0.39002088
  2.7137337   1.04450302  2.46284324  3.16059044  2.63946368 -2.93831507
  0.26641342 -0.81695695  1.76040484  2.86278826 -0.51042022 -2.3188019
  2.78604228 -3.2114344   0.79471974 -0.63503506 -1.73865698  2.6978372
 -1.81102528 -1.58881869 -2.30467746  2.18834823 -2.45193212  2.13406589
  2.07456898  1.53506095  2.38190047  2.80387357  1.65107548  1.20011991
 -1.51272277 -2.22812993  1.46959461  0.71301881  1.31439937 -3.01680704
 -0.37808344  2.51815321 -1.03350469  1.28656918  1.48227059  0.54551108
 -0.83506767  1.11678839  0.66722914 -0.38421916  2.80388703 -1.9912453
  1.53732136 -0.48695474  1.09086586 -2.84941576 -2.45746895  0.45955762
 -1.16333819 -0.49342608  0.36516556 -0.1109551  -1.65070569 -0.04126979
 -0.86003239  2.81294874 -1.06293013 -1.38103858 -0.94657154  1.0768004
  1.85060455 -0.6973521   1.97238151 -2.19571899 -0.3486867  -0.73408952
 -2.89010585  3.16314674 -1.63041183  3.13582127 -1.26617298 -2.70919436
  3.36400488 -1.23225428 -0.77560655 -2.88456428 -2.71894485  2.54505443
 -2.13661927 -2.04680722 -0.18345002  3.14832133  0.24656075  0.21427047
 -1.25252711 -0.68104573 -1.73445797 -3.03224341  2.8691338   1.23663626
 -0.4862067  -2.18933563  1.10854658 -1.10653743 -0.48971467 -2.73907689
 -2.0641632   1.86632558 -0.8739439   2.62090045 -0.45447217 -2.67203653
 -2.82168145  2.26057446 -3.14616549 -0.44798764 -1.00289501 -0.24674763
  2.34823986  1.83940022  0.016675   -2.55373587 -2.65890296  0.24295272
 -0.76717734  1.24661248 -2.62929164  1.12485499 -0.38290161  0.42064199
  1.91930235  0.46003444  0.65167271 -1.27356387  1.79043054  2.94149511
  0.99568579  0.22125298 -1.14027708  2.42272115  0.72867715 -1.9076866
 -0.05246925  1.8714772   0.98592499 -1.07939329 -2.29891606  2.22266149
  2.00206457  1.92534787  2.29818166  1.91551954 -1.66043538 -3.10621661
  0.42798098  1.34497127 -2.26199433 -1.12535418  2.31433643  1.39289871
 -0.27359661 -1.8459787  -1.649208    1.96810735  1.30726852 -1.01125837
 -0.23096353 -0.69139307 -0.30433492  2.30196627 -0.66075616 -0.93705368
  0.77570381 -2.35173905  0.58821023  2.78589303 -0.353276    2.04845177
 -1.86117639 -1.35160646 -2.59769747 -2.42168331 -1.50161439 -3.0309501
  2.01437585  1.78138832  1.58311445  1.12649581  1.58721194 -2.44437456
 -2.5078455   1.78746     1.03386608 -0.29175871 -2.47704563  1.43096735
 -1.04502728 -3.04988445 -0.04707605  1.89767574 -2.70009226 -2.36883699
  1.87627259  1.02953505 -0.62516081 -0.49687536 -0.9201179   1.96587779
  0.47166824 -0.3573549   0.40389057 -2.26658336  1.26063063 -0.15425258
  2.40219189  1.2337189   2.87729683 -1.0589109   2.10315116 -0.43049461
 -3.2676559   2.20324454  0.81078949  1.92810749 -1.28886606  1.43685916
 -2.1241712   0.21031945  0.08391681 -2.78866269 -0.90017691 -2.39162522
  0.07279797 -0.56971271]
Sat May 25 14:42:07 2024,193,0.09599619453843726,[-4.64837667  2.36668967 -1.84051318 -0.12497992  0.18620528 -2.68688002
  3.01278961  2.1064982   1.45645454 -0.92534476  0.61381923  1.09310146
  1.13014    -1.54357932  0.77925327  2.80637054 -0.79767916 -0.6381762
 -1.75400656  0.60110201  1.67536448  2.99278    -1.2098966  -0.31616526
 -2.42645243 -2.33907782  2.99491831  2.76377579 -0.5426941  -2.36510747
  1.48387309 -0.05728178 -2.31823518  2.09603885  1.28835793 -0.63909667
  0.84961064 -2.3194607  -0.02501422  2.15577452 -0.16641641  0.38971461
  2.71403997  1.04480929  2.46253697  3.16028417  2.63976995 -2.93862134
  0.26610715 -0.81665068  1.76071111  2.86248199 -0.51072649 -2.31849563
  2.78634855 -3.21112813  0.79441346 -0.63472879 -1.73835071  2.69753093
 -1.81071901 -1.58912496 -2.30437119  2.18804196 -2.45162585  2.13437216
  2.07487525  1.53536722  2.38220674  2.8035673   1.65076921  1.20042619
 -1.5124165  -2.22782366  1.46990088  0.71271254  1.31409309 -3.01650077
 -0.37838971  2.51784693 -1.03319842  1.28687545  1.48257686  0.54581735
 -0.83537394  1.11648212  0.66753541 -0.38391289  2.8041933  -1.99093903
  1.53762763 -0.48664847  1.09055959 -2.84910949 -2.45777523  0.45986389
 -1.16303191 -0.49311981  0.36547183 -0.11126137 -1.65101196 -0.04157606
 -0.85972612  2.81264247 -1.0632364  -1.38134485 -0.94687782  1.07649413
  1.85091082 -0.69704583  1.97207524 -2.19541272 -0.34838043 -0.73378325
 -2.89041213  3.16345301 -1.6307181   3.135515   -1.26586671 -2.70950063
  3.36431115 -1.23256055 -0.77591282 -2.88425801 -2.71863857  2.54474816
 -2.13692554 -2.04650095 -0.18314375  3.14862761  0.24686702  0.2139642
 -1.25283338 -0.68073946 -1.7341517  -3.03193714  2.86882752  1.23694253
 -0.48651297 -2.18902936  1.10885285 -1.10684371 -0.4894084  -2.73877062
 -2.06446947  1.86601931 -0.87425017  2.62120672 -0.45477844 -2.67173026
 -2.82198772  2.26026819 -3.14585922 -0.44768136 -1.00320129 -0.2470539
  2.34793358  1.83970649  0.01636873 -2.5534296  -2.65920923  0.24325899
 -0.76687107  1.24691875 -2.62898537  1.12516126 -0.38259534  0.42094827
  1.91899608  0.46034071  0.65136644 -1.2732576   1.79073682  2.94118884
  0.99599206  0.22155925 -1.14058335  2.42241488  0.72837088 -1.90738033
 -0.05277552  1.87117093  0.98623126 -1.07908702 -2.29922234  2.22235521
  2.00237084  1.92565414  2.29787539  1.91582581 -1.66012911 -3.10652288
  0.42828725  1.34527755 -2.26168806 -1.12504791  2.3146427   1.39320498
 -0.27390288 -1.84567243 -1.64890173  1.96780108  1.30757479 -1.01156464
 -0.2312698  -0.69169934 -0.3046412   2.30165999 -0.66044989 -0.93674741
  0.77601008 -2.35204532  0.5885165   2.7861993  -0.35296973  2.04875804
 -1.86148266 -1.35191274 -2.5973912  -2.42198958 -1.50192066 -3.03064383
  2.01468212  1.78108205  1.58280818  1.12680208  1.58690567 -2.44468083
 -2.50815177  1.78715373  1.03355981 -0.29206498 -2.47673936  1.43066108
 -1.04472101 -3.04957818 -0.04738232  1.89798202 -2.70039853 -2.36914326
  1.87657887  1.02922878 -0.62485454 -0.49656909 -0.91981163  1.96557152
  0.47197451 -0.35704863  0.40358429 -2.26688963  1.2609369  -0.15394631
  2.40249817  1.23402517  2.8776031  -1.05860463  2.10345743 -0.43018834
 -3.26796217  2.20293827  0.81048322  1.92841376 -1.28855979  1.43716543
 -2.12386493  0.21001318  0.08361054 -2.78896896 -0.90048318 -2.39193149
  0.0724917  -0.57001898]
Sat May 25 14:42:42 2024,194,0.09599284261327568,[-4.64867332  2.36639302 -1.84080983 -0.12527656  0.18650192 -2.68658337
  3.01308626  2.10620156  1.45615789 -0.92504812  0.61411588  1.09280482
  1.13043664 -1.54328267  0.77954992  2.8060739  -0.79738252 -0.63787956
 -1.75370991  0.60139866  1.67506783  2.99307664 -1.20959995 -0.31646191
 -2.42615578 -2.33937446  2.99521495  2.76347915 -0.54299075 -2.36540411
  1.48357644 -0.05757843 -2.31793854  2.09633549  1.28865458 -0.63880002
  0.84990728 -2.31975735 -0.02531086  2.15547788 -0.16611977  0.38941796
  2.71374333  1.04510593  2.46283362  3.15998753  2.6400666  -2.93891798
  0.2658105  -0.81694732  1.76041447  2.86218535 -0.51042984 -2.31819898
  2.78605191 -3.21083148  0.79471011 -0.63443214 -1.73864736  2.69782757
 -1.81042236 -1.5894216  -2.30407455  2.1883386  -2.45132921  2.1346688
  2.0751719   1.53507057  2.38191009  2.80386394  1.65047257  1.20072283
 -1.51271314 -2.2281203   1.46960423  0.7124159   1.31379645 -3.01620412
 -0.37809307  2.51814358 -1.03349506  1.2871721   1.4828735   0.5455207
 -0.8350773   1.11677876  0.66783206 -0.38361624  2.80448994 -1.99064239
  1.53792428 -0.48635182  1.09085623 -2.84940613 -2.45747858  0.45956725
 -1.16273527 -0.49341646  0.36576847 -0.11155802 -1.65071532 -0.04127942
 -0.85942947  2.81234583 -1.06293975 -1.3810482  -0.94717446  1.07679077
  1.85120747 -0.69734248  1.97177859 -2.19511608 -0.34808378 -0.73348661
 -2.89011548  3.16374966 -1.63101474  3.13521836 -1.26616336 -2.70920398
  3.3646078  -1.23226391 -0.77561618 -2.88455466 -2.71893522  2.54504481
 -2.13722218 -2.04620431 -0.18344039  3.14833096  0.24657038  0.21426084
 -1.25253674 -0.68044281 -1.73385506 -3.03164049  2.86912417  1.23664589
 -0.48680961 -2.18873271  1.1091495  -1.10654706 -0.48970504 -2.73906726
 -2.06476612  1.86572266 -0.87454682  2.62150337 -0.45507509 -2.67202691
 -2.82169108  2.26056483 -3.14615587 -0.44738472 -1.00349793 -0.24735055
  2.34823023  1.83940985  0.01607208 -2.55313295 -2.65950587  0.24355564
 -0.76716771  1.2466221  -2.62868872  1.12545791 -0.38289199  0.42065162
  1.91929272  0.46004407  0.65166308 -1.27355425  1.79044017  2.9408922
  0.99569542  0.22185589 -1.14087999  2.42271152  0.72866752 -1.90767697
 -0.05307216  1.87087429  0.98593462 -1.07938366 -2.29892569  2.22205857
  2.00266748  1.92595079  2.29757875  1.91552916 -1.66042576 -3.10622624
  0.42858389  1.3449809  -2.26139141 -1.12475126  2.31434605  1.39350162
 -0.27360624 -1.84596907 -1.64860508  1.96750444  1.30787144 -1.01186128
 -0.23097315 -0.69199599 -0.30434455  2.30195664 -0.66074654 -0.93645077
  0.77571344 -2.35174867  0.58881315  2.78590266 -0.35267309  2.04905469
 -1.8617793  -1.35161609 -2.59768784 -2.42228623 -1.50221731 -3.03034719
  2.01438548  1.78137869  1.58251154  1.12709873  1.58660903 -2.44438419
 -2.50844842  1.78685709  1.03326316 -0.29236162 -2.477036    1.43095772
 -1.04501765 -3.04928153 -0.04708568  1.89768537 -2.70010189 -2.36943991
  1.87687551  1.02952542 -0.62515119 -0.49686573 -0.91951498  1.96586816
  0.47167787 -0.35734527  0.40388094 -2.26659298  1.26064026 -0.15424296
  2.40220152  1.23432181  2.87789975 -1.05830798  2.10316078 -0.43048499
 -3.26766553  2.20264162  0.81077987  1.92871041 -1.28826315  1.43746208
 -2.12416158  0.21030983  0.08390718 -2.7892656  -0.90077983 -2.39222814
  0.07219506 -0.56972233]
Sat May 25 14:44:13 2024,195,0.09598969060746484,[-4.64896066  2.36610568 -1.84052249 -0.12498922  0.18678926 -2.68687071
  3.01279892  2.10591422  1.45587055 -0.92476078  0.61440322  1.09251748
  1.1301493  -1.54299533  0.77983726  2.80578656 -0.79709518 -0.6381669
 -1.75399725  0.60111132  1.67478049  2.9927893  -1.20931261 -0.31674925
 -2.42586844 -2.33908712  2.99550229  2.76376649 -0.54270341 -2.36511677
  1.48328911 -0.05786577 -2.31822588  2.09604815  1.28894192 -0.63851268
  0.84961994 -2.32004468 -0.0255982   2.15519054 -0.16640711  0.3897053
  2.71403066  1.04539327  2.46312096  3.15970019  2.63977926 -2.93863064
  0.26609784 -0.81665998  1.7607018   2.86247269 -0.51071718 -2.31791164
  2.78633925 -3.21111882  0.79499745 -0.6341448  -1.7389347   2.69754023
 -1.8107097  -1.58970894 -2.30378721  2.18805126 -2.45161655  2.13495614
  2.07545924  1.53478324  2.38219743  2.80415128  1.65075991  1.20043549
 -1.51300048 -2.22840764  1.46989157  0.71212856  1.31350911 -3.01591678
 -0.37780573  2.51785624 -1.0337824   1.28745944  1.48258616  0.54523336
 -0.83536463  1.11649142  0.66754472 -0.3833289   2.80477728 -1.99092973
  1.53821162 -0.48606448  1.09056889 -2.84911879 -2.45719124  0.45927991
 -1.16244793 -0.4937038   0.36548113 -0.11184536 -1.65100265 -0.04099208
 -0.85914213  2.81263317 -1.06265242 -1.38076087 -0.9474618   1.07707811
  1.85149481 -0.69705514  1.97149125 -2.19540342 -0.34779644 -0.73319927
 -2.88982814  3.16346232 -1.6307274   3.13493102 -1.26645069 -2.70949132
  3.36432046 -1.23197657 -0.77532884 -2.88426732 -2.71922256  2.54475747
 -2.13693485 -2.04649165 -0.18315305  3.14804362  0.24685772  0.21454818
 -1.25282408 -0.68015547 -1.7341424  -3.03135315  2.86941151  1.23693323
 -0.48709695 -2.18844537  1.10886216 -1.10625972 -0.4894177  -2.7393546
 -2.06505346  1.86601    -0.87483415  2.6217907  -0.45478775 -2.67231425
 -2.82140374  2.26085217 -3.14586853 -0.44767206 -1.00321059 -0.24706321
  2.34794289  1.83969719  0.01635942 -2.55284561 -2.65979321  0.24384298
 -0.76688038  1.24633476 -2.62840138  1.12517057 -0.38317933  0.42093896
  1.91900538  0.45975673  0.65137574 -1.27384158  1.79072751  2.94060486
  0.99598276  0.22214323 -1.14059266  2.42299886  0.72838018 -1.90796431
 -0.05278482  1.87116162  0.98622196 -1.07909632 -2.29921303  2.22234591
  2.00238014  1.92623813  2.29729141  1.91524182 -1.6607131  -3.1059389
  0.42829655  1.34469356 -2.26167875 -1.12446393  2.31405871  1.39378896
 -0.2733189  -1.84625641 -1.64831774  1.9672171   1.30815878 -1.01157395
 -0.23126049 -0.69170865 -0.30463189  2.3016693  -0.66103388 -0.93673811
  0.77600078 -2.35203601  0.58910049  2.78619    -0.35238575  2.04876735
 -1.86206664 -1.35190343 -2.5974005  -2.42257357 -1.50192997 -3.03005985
  2.01467282  1.78166603  1.58279887  1.12738607  1.58689637 -2.44467152
 -2.50816108  1.78714443  1.0335505  -0.29264896 -2.47732334  1.43124506
 -1.04473031 -3.04899419 -0.04737302  1.89797271 -2.69981455 -2.36915257
  1.87658817  1.02923808 -0.62543853 -0.49657839 -0.91922764  1.9661555
  0.47196521 -0.35705793  0.4035936  -2.26688032  1.26035292 -0.1545303
  2.40191418  1.23460915  2.87818708 -1.05859532  2.10287344 -0.43019765
 -3.26737819  2.20292896  0.81049253  1.92899775 -1.28855049  1.43774942
 -2.12387424  0.21059716  0.08419452 -2.78955294 -0.90106717 -2.39251548
  0.0724824  -0.56943499]
Sat May 25 14:44:49 2024,196,0.09598672620087009,[-4.649239    2.36582734 -1.84024414 -0.12526757  0.18651092 -2.68714906
  3.01252057  2.10563587  1.4561489  -0.92448243  0.61468156  1.09279582
  1.13042765 -1.54271699  0.77955891  2.80550822 -0.79737353 -0.63844524
 -1.7542756   0.60083297  1.67505884  2.99251096 -1.20959096 -0.3164709
 -2.4255901  -2.33880878  2.99522395  2.76404483 -0.54242506 -2.36539512
  1.48356745 -0.05814411 -2.31794753  2.09576981  1.28866357 -0.63823434
  0.84989829 -2.31976634 -0.02531986  2.1549122  -0.16668545  0.38942696
  2.71430901  1.04511493  2.4633993   3.15942184  2.63950091 -2.9383523
  0.2658195  -0.81693833  1.76098015  2.86275103 -0.51099553 -2.3176333
  2.78661759 -3.21084048  0.7947191  -0.63386646 -1.73921304  2.69726189
 -1.81043136 -1.5894306  -2.30406555  2.18832961 -2.4513382   2.1346778
  2.07518089  1.53506158  2.38247578  2.80442963  1.65103825  1.20015714
 -1.51327883 -2.22868599  1.46961323  0.71185021  1.31323076 -3.01563844
 -0.37808408  2.51813458 -1.03406075  1.28773778  1.48230782  0.54495502
 -0.83508629  1.11621308  0.66726637 -0.38360725  2.80449894 -1.99120807
  1.53793327 -0.48578614  1.09084724 -2.84939714 -2.45746959  0.45900156
 -1.16216958 -0.49398214  0.36520279 -0.11156701 -1.651281   -0.04127042
 -0.85942048  2.81291151 -1.06293076 -1.38103921 -0.94774014  1.07679977
  1.85177315 -0.69677679  1.9717696  -2.19512507 -0.3475181  -0.73347761
 -2.89010649  3.16374066 -1.63100575  3.13465267 -1.26672904 -2.70976967
  3.36404211 -1.23225491 -0.77505049 -2.88398897 -2.71894421  2.54503581
 -2.13721319 -2.0462133  -0.18287471  3.14832197  0.24657937  0.21426983
 -1.25254573 -0.67987713 -1.73386405 -3.0316315   2.86968985  1.23665488
 -0.48681861 -2.18872372  1.1091405  -1.10598138 -0.48913936 -2.73907626
 -2.0653318   1.86573166 -0.87455581  2.62206905 -0.45506609 -2.6720359
 -2.82168208  2.26057382 -3.14614687 -0.44795041 -1.00348894 -0.24678486
  2.34766454  1.83997553  0.01663777 -2.55256727 -2.65951487  0.24356463
 -0.76660203  1.24605642 -2.62812304  1.12489222 -0.38345767  0.42066062
  1.91928373  0.46003508  0.6510974  -1.27356324  1.79044917  2.94032651
  0.9962611   0.22186489 -1.14031431  2.42327721  0.72865853 -1.90768596
 -0.05250648  1.87143997  0.98594361 -1.07881798 -2.29949138  2.22206756
  2.00265849  1.92651647  2.29756975  1.91496348 -1.66043475 -3.10566055
  0.42801821  1.34497191 -2.2619571  -1.12474227  2.31433706  1.39351062
 -0.27304055 -1.84597806 -1.6480394   1.96693875  1.30788043 -1.01185229
 -0.23098215 -0.69198699 -0.30435355  2.30194765 -0.66131222 -0.93701645
  0.77572243 -2.35231436  0.58937883  2.78646834 -0.35266409  2.048489
 -1.86178829 -1.35162509 -2.59712215 -2.42285191 -1.50165162 -3.0297815
  2.01495116  1.78194438  1.58252053  1.12710772  1.58661802 -2.44439318
 -2.50788273  1.78742277  1.03382885 -0.29237062 -2.477045    1.43096672
 -1.04445197 -3.04871585 -0.04709467  1.89769437 -2.6995362  -2.36887422
  1.87686652  1.02895974 -0.62516018 -0.49685674 -0.91950599  1.96587716
  0.47168686 -0.35677959  0.40331525 -2.26715867  1.26063126 -0.15425195
  2.40219253  1.23433081  2.87846543 -1.05831698  2.1025951  -0.4299193
 -3.26709985  2.20265062  0.81021418  1.92927609 -1.28882883  1.43802776
 -2.12415258  0.21031882  0.08447286 -2.78983129 -0.90078882 -2.39279382
  0.07220405 -0.56971334]
Sat May 25 14:45:56 2024,197,0.09598393785677606,[-4.64950866  2.36555769 -1.84051379 -0.12499792  0.18624127 -2.68687941
  3.01279022  2.10536622  1.45587925 -0.92421278  0.61441191  1.09252617
  1.1306973  -1.54244734  0.77928926  2.80577787 -0.79710387 -0.63817559
 -1.75454525  0.60110262  1.67532849  2.99278061 -1.20932131 -0.31620125
 -2.42532045 -2.33907843  2.9954936   2.76377518 -0.54269471 -2.36566477
  1.4832978  -0.05787446 -2.31767788  2.09603946  1.28893322 -0.63850399
  0.84962863 -2.31949669 -0.0250502   2.15464254 -0.1664158   0.38915731
  2.71403936  1.04484528  2.46366895  3.15969149  2.63977056 -2.93862195
  0.26608915 -0.81720798  1.7607105   2.86248138 -0.51072588 -2.31736364
  2.78634794 -3.21111013  0.79498875 -0.63413611 -1.73948269  2.69753154
 -1.81070101 -1.58916094 -2.3043352   2.18805996 -2.45160785  2.13440815
  2.07491124  1.53533123  2.38274543  2.80469928  1.65130791  1.19988749
 -1.51354848 -2.22895564  1.46988288  0.71211986  1.31296111 -3.01536879
 -0.37835373  2.51786493 -1.0343304   1.28746813  1.48257747  0.54522467
 -0.83535594  1.11594343  0.66753602 -0.3838769   2.80422928 -1.99147773
  1.53820292 -0.48551648  1.09057759 -2.84912748 -2.45719994  0.45927121
 -1.16189993 -0.49425179  0.36547244 -0.11183666 -1.65101135 -0.04100077
 -0.85969013  2.81264186 -1.06320041 -1.38076956 -0.9480098   1.07653012
  1.8515035  -0.69650714  1.97149995 -2.19539472 -0.34778775 -0.73320796
 -2.89037614  3.16401032 -1.6307361   3.13492232 -1.26699869 -2.70950002
  3.36377246 -1.23252456 -0.77478084 -2.88425862 -2.71867456  2.54530547
 -2.13694354 -2.04648295 -0.18314436  3.14859162  0.24630972  0.21400018
 -1.25227608 -0.67960748 -1.7335944  -3.03136185  2.86995951  1.23638523
 -0.48708826 -2.18845407  1.10887085 -1.10625103 -0.48940901 -2.7388066
 -2.06506215  1.86600131 -0.87482546  2.6223387  -0.45533574 -2.67176625
 -2.82141243  2.26084348 -3.14587722 -0.44768075 -1.00321928 -0.24705451
  2.34793419  1.83970588  0.01690742 -2.55229762 -2.65978452  0.24383428
 -0.76633238  1.24632607 -2.62839269  1.12516187 -0.38318802  0.42039096
  1.91901408  0.45976542  0.65082775 -1.27329359  1.79017951  2.94005686
  0.99599145  0.22159524 -1.14058396  2.42300756  0.72892818 -1.90795562
 -0.05223683  1.87170962  0.98621326 -1.07854832 -2.29976103  2.22233722
  2.00292814  1.92678612  2.29783941  1.91523313 -1.6601651  -3.1059302
  0.42828786  1.34524156 -2.26222675 -1.12447262  2.31460671  1.39378027
 -0.2733102  -1.84570841 -1.64776974  1.9672084   1.30761078 -1.01158264
 -0.2312518  -0.69171734 -0.30408389  2.3022173  -0.66158187 -0.9367468
  0.77545278 -2.35204471  0.58910918  2.78619869 -0.35239444  2.04821935
 -1.86205795 -1.35189474 -2.5968525  -2.42258226 -1.50192127 -3.03005115
  2.01468151  1.78167472  1.58225088  1.12683807  1.58688767 -2.44466283
 -2.50815238  1.78769243  1.0340985  -0.29264027 -2.47731465  1.43123637
 -1.04472162 -3.0484462  -0.04682502  1.89742471 -2.69980585 -2.36860457
  1.87713617  1.02922939 -0.62489053 -0.49658709 -0.91977564  1.96560751
  0.47195651 -0.35704924  0.4035849  -2.26688902  1.26090092 -0.1539823
  2.40192288  1.23406115  2.87873508 -1.05858663  2.10286475 -0.43018895
 -3.2673695   2.20292027  0.81048383  1.92954574 -1.28909848  1.43829741
 -2.12388293  0.21058847  0.08474252 -2.78956163 -0.90105847 -2.39306347
  0.0724737  -0.56998299]
Sat May 25 14:46:28 2024,198,0.09598131477053462,[-4.6497699   2.36529644 -1.84077504 -0.12473667  0.18598002 -2.68661816
  3.01252898  2.10562747  1.45614049 -0.92447403  0.61415066  1.09278742
  1.13095855 -1.54218609  0.77902801  2.80551662 -0.79736512 -0.63791434
 -1.7548065   0.60084138  1.67558974  2.99251936 -1.20906006 -0.31594
 -2.4250592  -2.33881718  2.99523235  2.76403643 -0.54243347 -2.36592602
  1.48303655 -0.05813571 -2.31793913  2.09577821  1.28867198 -0.63824274
  0.84936739 -2.31923544 -0.02531145  2.1543813  -0.16615455  0.38941855
  2.71430061  1.04458403  2.4639302   3.15995274  2.64003181 -2.9383607
  0.26635039 -0.81694673  1.76044925  2.86222014 -0.51098712 -2.3171024
  2.78660919 -3.21084888  0.79472751 -0.63387486 -1.73974394  2.69727029
 -1.81096225 -1.5888997  -2.30407396  2.1883212  -2.4518691   2.13466939
  2.07464999  1.53559248  2.38300668  2.80496053  1.65104666  1.20014874
 -1.51380972 -2.22869439  1.47014413  0.71238111  1.31269987 -3.01510754
 -0.37809248  2.51812618 -1.03459164  1.28772938  1.48231622  0.54548592
 -0.83561719  1.11568218  0.66779727 -0.38413815  2.80396804 -1.99173897
  1.53846417 -0.48525524  1.09083883 -2.84938873 -2.45746118  0.45900997
 -1.16163869 -0.49451304  0.36521119 -0.11209791 -1.6512726  -0.04126202
 -0.85942888  2.81238062 -1.06293917 -1.38103081 -0.94774855  1.07626887
  1.85176475 -0.69624589  1.97176119 -2.19565597 -0.34804899 -0.73294671
 -2.89011489  3.16427156 -1.63047485  3.13466108 -1.26725994 -2.70976126
  3.36351121 -1.23278581 -0.77504209 -2.88451987 -2.71841331  2.54504422
 -2.13720479 -2.0462217  -0.18288311  3.14833037  0.24604847  0.21373894
 -1.25253733 -0.67934623 -1.73385565 -3.0311006   2.86969826  1.23664648
 -0.4873495  -2.18871531  1.10860961 -1.10598978 -0.48914776 -2.73906785
 -2.0648009   1.86574006 -0.87508671  2.62259995 -0.4550745  -2.67202749
 -2.82167368  2.26110472 -3.14561598 -0.44741951 -1.00348053 -0.24731576
  2.34767295  1.83944464  0.01716867 -2.55255886 -2.66004576  0.24409553
 -0.76607113  1.24606482 -2.62813144  1.12490063 -0.38292677  0.42012972
  1.91927532  0.45950418  0.6505665  -1.27303234  1.79044076  2.93979561
  0.9962527   0.22185648 -1.14084521  2.4232688   0.72866693 -1.90769437
 -0.05197558  1.87144838  0.98647451 -1.07880957 -2.29949978  2.22207597
  2.00266689  1.92652488  2.29810065  1.91549437 -1.66042635 -3.10566896
  0.42802661  1.34498031 -2.262488   -1.12473387  2.31486796  1.39404151
 -0.27304896 -1.84544717 -1.6475085   1.96694716  1.30734953 -1.01132139
 -0.23151304 -0.69197859 -0.30382265  2.30195605 -0.66132063 -0.93648556
  0.77519153 -2.35178346  0.58937043  2.78593745 -0.35213319  2.04848059
 -1.86231919 -1.35215598 -2.59711375 -2.42232101 -1.50218252 -3.0303124
  2.01442027  1.78193597  1.58251212  1.12657682  1.58714892 -2.44440158
 -2.50789114  1.78743118  1.03435975 -0.29290151 -2.4770534   1.43149761
 -1.04498287 -3.04870744 -0.04656378  1.89716347 -2.69954461 -2.36886582
  1.87687492  1.02949064 -0.62462928 -0.49684833 -0.91951439  1.96534626
  0.47169527 -0.35678799  0.40332366 -2.26662777  1.26063967 -0.15372105
  2.40166163  1.23379991  2.87899633 -1.05832538  2.1026035  -0.4304502
 -3.26710825  2.20318152  0.81074508  1.9292845  -1.28935973  1.43855866
 -2.12362168  0.21032722  0.08448127 -2.78930039 -0.90079723 -2.39280223
  0.07273495 -0.56972175]
Sat May 25 14:47:19 2024,199,0.09597884682168437,[-4.65002302  2.36554956 -1.84052192 -0.12448355  0.1857269  -2.68636504
  3.0127821   2.10537435  1.45588737 -0.92472715  0.61389754  1.0925343
  1.13070543 -1.54193297  0.77877489  2.80576974 -0.79761824 -0.63816746
 -1.75455338  0.6010945   1.67533662  2.99277248 -1.20931318 -0.31568688
 -2.42531232 -2.33856406  2.99548547  2.76428955 -0.54218035 -2.3656729
  1.48328967 -0.05838883 -2.31819225  2.09603133  1.2889251  -0.63798962
  0.84962051 -2.31898232 -0.02505833  2.15463442 -0.16590143  0.38967167
  2.71455373  1.04483715  2.46418332  3.15969962  2.63977869 -2.93861382
  0.26660351 -0.81719985  1.76019613  2.86247326 -0.51124024 -2.31684928
  2.78686231 -3.211102    0.79447439 -0.63412798 -1.73949082  2.69701717
 -1.81070913 -1.58864658 -2.30432708  2.18806808 -2.45161598  2.13441627
  2.07490311  1.53533936  2.38275355  2.80521365  1.65079354  1.20040186
 -1.5135566  -2.22894751  1.469891    0.71212799  1.31244675 -3.01485442
 -0.37783936  2.51787306 -1.03433852  1.28747626  1.4820631   0.5452328
 -0.83536407  1.1159353   0.66805039 -0.38439127  2.80371492 -1.99148585
  1.53871729 -0.48550836  1.09109195 -2.84964185 -2.4577143   0.45875685
 -1.16189181 -0.49425992  0.36495807 -0.11184479 -1.65101947 -0.0410089
 -0.85917576  2.8121275  -1.06268605 -1.38128393 -0.94800167  1.07652199
  1.85201787 -0.69649901  1.97201431 -2.19590909 -0.34779587 -0.73319984
 -2.89036801  3.16452468 -1.63072797  3.1349142  -1.26700682 -2.70950814
  3.36325809 -1.23253269 -0.77529521 -2.88426675 -2.71816019  2.5447911
 -2.13695167 -2.04596858 -0.18313623  3.14858349  0.24630159  0.21348582
 -1.25279045 -0.67959935 -1.73410877 -3.03135372  2.86995138  1.23639336
 -0.48709638 -2.18846219  1.10886273 -1.1062429  -0.48940088 -2.73932097
 -2.06454778  1.86548694 -0.87483359  2.62234683 -0.45482138 -2.67177437
 -2.82142056  2.2608516  -3.1458691  -0.44716639 -1.00322741 -0.24706264
  2.34792607  1.83919151  0.01742179 -2.55230574 -2.66029888  0.24384241
 -0.76632425  1.2458117  -2.62787832  1.12515375 -0.38267365  0.42038284
  1.9190222   0.45925106  0.65081962 -1.27277922  1.79069388  2.94004874
  0.99650582  0.22160336 -1.14109833  2.42301568  0.72841381 -1.90794749
 -0.0522287   1.8717015   0.98622139 -1.07906269 -2.2997529   2.22232909
  2.00292001  1.92627176  2.29835377  1.91524125 -1.66067947 -3.10541584
  0.42777349  1.34523343 -2.26274112 -1.12498699  2.31461484  1.39378839
 -0.27279584 -1.84570029 -1.64776162  1.96720028  1.30760266 -1.01157451
 -0.23176616 -0.69223171 -0.30407577  2.30170293 -0.66106751 -0.93623244
  0.77544465 -2.35153034  0.58962355  2.78568433 -0.35188007  2.04873372
 -1.86257231 -1.3524091  -2.59736687 -2.42257413 -1.5019294  -3.03056552
  2.01467339  1.78168285  1.58276524  1.1263237   1.58740204 -2.4446547
 -2.50814426  1.7876843   1.03461287 -0.29315463 -2.47730652  1.43124449
 -1.04523599 -3.04896056 -0.0468169   1.89741659 -2.69979773 -2.36911894
  1.8766218   1.02974376 -0.6248824  -0.49659521 -0.91976751  1.96509314
  0.47144215 -0.35704111  0.40307054 -2.26637465  1.26038655 -0.15397417
  2.40140851  1.23405303  2.87874321 -1.0585785   2.10235038 -0.43019708
 -3.26736137  2.2029284   0.8109982   1.92903138 -1.28910661  1.43881178
 -2.12336856  0.21058034  0.08422815 -2.78955351 -0.90105035 -2.39254911
  0.07248183 -0.56946862]
Sat May 25 14:47:48 2024,200,0.09597652452929326,[-4.65026828  2.36579482 -1.84076718 -0.12472881  0.18548164 -2.6866103
  3.01302736  2.10561961  1.45564211 -0.92448188  0.61414281  1.09277956
  1.13046016 -1.54168771  0.77852963  2.80552448 -0.7978635  -0.63841273
 -1.75430811  0.60133976  1.67558188  2.99252722 -1.20955844 -0.31544162
 -2.42506706 -2.33880933  2.99524021  2.76404428 -0.54242561 -2.36591816
  1.48353494 -0.05863409 -2.31794698  2.09578607  1.28917036 -0.63823489
  0.84986577 -2.31873706 -0.02481307  2.15438915 -0.1661467   0.38991694
  2.71430846  1.04459189  2.46393806  3.15994488  2.64002395 -2.93885909
  0.26684878 -0.81744512  1.75995087  2.86271852 -0.51148551 -2.31660402
  2.78661705 -3.21134726  0.79471965 -0.63437325 -1.73973608  2.69726243
 -1.81046387 -1.58889184 -2.30408182  2.18782282 -2.45137072  2.13417101
  2.07465785  1.53558462  2.38250829  2.80545891  1.65054828  1.2001566
 -1.51331134 -2.22919278  1.47013627  0.71188272  1.31269201 -3.01460916
 -0.3775941   2.51811832 -1.03409326  1.28772152  1.48230837  0.54547806
 -0.8351188   1.11569004  0.66780513 -0.384146    2.80346965 -1.99173112
  1.53896255 -0.4852631   1.09084669 -2.84939659 -2.45746904  0.45851159
 -1.16213707 -0.49401466  0.36520334 -0.11209005 -1.65126474 -0.04076364
 -0.85942103  2.81237276 -1.06244078 -1.38152919 -0.94775641  1.07627673
  1.8517726  -0.69625375  1.97176905 -2.19566383 -0.34755061 -0.73295457
 -2.89061328  3.16427942 -1.63097323  3.13466893 -1.26725208 -2.70975341
  3.36350336 -1.23228743 -0.77554047 -2.88451201 -2.71840546  2.54454584
 -2.1367064  -2.04621385 -0.18289097  3.14833823  0.24605633  0.21373108
 -1.25254518 -0.67935409 -1.73435403 -3.03110846  2.87019664  1.23614809
 -0.48734165 -2.18821693  1.10861746 -1.10599764 -0.48964615 -2.73907571
 -2.06479305  1.86524168 -0.87458832  2.62259209 -0.45506664 -2.67152911
 -2.82166582  2.26109687 -3.14611436 -0.44741165 -1.00298215 -0.2473079
  2.34768081  1.83943678  0.01717652 -2.55255101 -2.66054415  0.24408767
 -0.76656952  1.24556644 -2.62763306  1.12490848 -0.38242839  0.4206281
  1.91877694  0.45900579  0.65106488 -1.27253396  1.79093914  2.93980347
  0.99675108  0.22184863 -1.14134359  2.42277042  0.72816855 -1.90819275
 -0.05198344  1.87145623  0.98646665 -1.07930795 -2.29999816  2.22208383
  2.00267475  1.92651702  2.29859904  1.91499599 -1.66092473 -3.10517057
  0.42752823  1.3454787  -2.26298638 -1.12474172  2.31436957  1.39403366
 -0.27255057 -1.84545502 -1.64751636  1.96695501  1.30735739 -1.01132925
 -0.23201143 -0.69198644 -0.30432103  2.30194819 -0.66082224 -0.9364777
  0.77519939 -2.35128508  0.58937828  2.78543906 -0.35163481  2.04848845
 -1.86232705 -1.35216384 -2.59761213 -2.4228194  -1.50217466 -3.03081078
  2.01442812  1.78192811  1.58301051  1.12607844  1.5876473  -2.44489997
 -2.50789899  1.78792956  1.03485813 -0.29290937 -2.47706126  1.43148976
 -1.04499072 -3.0487153  -0.04657163  1.89717132 -2.69955246 -2.36887367
  1.87686706  1.02998902 -0.62463714 -0.49634995 -0.92001278  1.9653384
  0.47119689 -0.35679585  0.40282527 -2.26612939  1.26063181 -0.15372891
  2.40165377  1.23429829  2.87849794 -1.05833324  2.10210512 -0.42995182
 -3.26760663  2.20268313  0.81124346  1.92878611 -1.28886135  1.43856652
 -2.1231233   0.21082561  0.08398289 -2.78979877 -0.90129561 -2.39279437
  0.07272709 -0.56922336]
Sat May 25 14:48:11 2024,201,0.09597433901030268,[-4.65050595  2.36555716 -1.84052952 -0.12449115  0.1857193  -2.68637264
  3.01326503  2.10538194  1.45587978 -0.92471955  0.61390514  1.09301723
  1.13069783 -1.54192537  0.77876729  2.80528681 -0.79762584 -0.63817506
 -1.75454578  0.6011021   1.67534421  2.99228955 -1.20979611 -0.31520395
 -2.42482939 -2.33904699  2.99500254  2.76428195 -0.54266328 -2.36568049
  1.4837726  -0.05887176 -2.31770932  2.09602374  1.28940803 -0.63799722
  0.84962811 -2.31897472 -0.02505073  2.15415149 -0.16638436  0.3901546
  2.7140708   1.04482955  2.46370039  3.15970722  2.63978629 -2.93862142
  0.26661111 -0.81720745  1.76018853  2.86248085 -0.51124784 -2.31636635
  2.78637938 -3.2111096   0.79448198 -0.63461091 -1.73949842  2.69702477
 -1.81070154 -1.58912951 -2.30384415  2.18806048 -2.45160838  2.13393334
  2.07442018  1.53534696  2.38227063  2.80569658  1.65031061  1.20039426
 -1.51307368 -2.22895511  1.4698986   0.71212039  1.31245434 -3.01437149
 -0.37783176  2.51788066 -1.03433093  1.28748385  1.4820707   0.54524039
 -0.83535647  1.1159277   0.66756746 -0.38390834  2.80370732 -1.99149345
  1.53872489 -0.48550076  1.09060902 -2.84915892 -2.45770671  0.45874925
 -1.16237474 -0.49377699  0.365441   -0.11185239 -1.65102707 -0.0410013
 -0.85918336  2.81261042 -1.06220312 -1.38129152 -0.94751874  1.07651439
  1.85201027 -0.69649142  1.97200672 -2.19542616 -0.34731295 -0.73271691
 -2.89037561  3.16451709 -1.6312109   3.13443127 -1.26701442 -2.70999107
  3.36326569 -1.23204976 -0.77577813 -2.88427435 -2.71816779  2.5447835
 -2.13694407 -2.04645151 -0.18312864  3.1485759   0.24581866  0.21349341
 -1.25230752 -0.67911642 -1.73411637 -3.03134613  2.87043431  1.23591043
 -0.48710398 -2.18845459  1.10885513 -1.10575997 -0.48940848 -2.73883804
 -2.06455538  1.86500401 -0.87435066  2.62282976 -0.45482897 -2.67129145
 -2.82190349  2.2608592  -3.14587669 -0.44717398 -1.00274448 -0.24707024
  2.34791847  1.83967444  0.01741419 -2.55231334 -2.66030648  0.24385001
 -0.76633185  1.24580411 -2.62739539  1.12467082 -0.38266606  0.42039044
  1.91853927  0.45876813  0.65082722 -1.27277162  1.79070148  2.93956581
  0.99651342  0.22208629 -1.14110593  2.42253275  0.72840621 -1.90843042
 -0.0522211   1.8716939   0.98622899 -1.07954562 -2.30023583  2.22232149
  2.00291242  1.92627935  2.29836137  1.91523366 -1.6611624  -3.10540824
  0.4277659   1.34571636 -2.26322404 -1.12497939  2.31413191  1.39379599
 -0.27278824 -1.84521736 -1.64775402  1.96719268  1.30759506 -1.01109158
 -0.23224909 -0.69222411 -0.3045587   2.30171053 -0.66105991 -0.93671536
  0.77543706 -2.35104741  0.58961595  2.78567673 -0.35187248  2.04872612
 -1.86256471 -1.35192617 -2.5978498  -2.42258173 -1.501937   -3.03057312
  2.01466579  1.78169045  1.58277284  1.12584078  1.58788497 -2.44513763
 -2.50813666  1.78816723  1.03462046 -0.29267171 -2.47682359  1.43172742
 -1.04475306 -3.04847763 -0.0468093   1.89740899 -2.69979013 -2.36863601
  1.8766294   1.03022669 -0.62487481 -0.49658761 -0.92025044  1.96510074
  0.47143455 -0.35655818  0.40258761 -2.26636705  1.26086948 -0.15396658
  2.40141611  1.23453596  2.87826028 -1.05809557  2.10186745 -0.43018948
 -3.26736897  2.2029208   0.8110058   1.92902378 -1.28862368  1.43880418
 -2.12288563  0.21058794  0.08422055 -2.78956111 -0.90153328 -2.39303204
  0.07248943 -0.56946103]
Sat May 25 14:49:09 2024,202,0.09597228194066343,[-4.65073627  2.36578748 -1.84075984 -0.12426083  0.18594962 -2.68614232
  3.01303471  2.10561226  1.45564946 -0.92494987  0.61367482  1.09278691
  1.13046751 -1.54215569  0.77899761  2.80551713 -0.79785616 -0.63794474
 -1.7547761   0.60087178  1.67557453  2.99205924 -1.20956579 -0.31543427
 -2.42505971 -2.33881667  2.99523286  2.76451227 -0.5428936  -2.36545018
  1.48354228 -0.05864144 -2.317479    2.09625405  1.28917771 -0.63822754
  0.84985843 -2.3187444  -0.02528105  2.15392117 -0.16615404  0.38992428
  2.71384048  1.04459923  2.46347007  3.15993753  2.64001661 -2.93885174
  0.26684143 -0.81743777  1.76041885  2.86225054 -0.51147816 -2.31659667
  2.7866097  -3.21133992  0.7947123  -0.63484123 -1.73972874  2.69725509
 -1.81047122 -1.58889919 -2.30361383  2.18783017 -2.4518387   2.13416366
  2.0746505   1.53511664  2.38250094  2.80546626  1.65008029  1.20016394
 -1.51284336 -2.22872479  1.47012892  0.71235071  1.31268466 -3.01460181
 -0.37760144  2.51811098 -1.03456124  1.28771417  1.48230102  0.54547071
 -0.83512615  1.11569738  0.66779778 -0.38367802  2.80393764 -1.99172377
  1.5389552  -0.48573108  1.0903787  -2.84938924 -2.45747639  0.45897957
 -1.16214442 -0.49400731  0.36567132 -0.11208271 -1.65125739 -0.04123162
 -0.85941368  2.81238011 -1.0619728  -1.3810612  -0.94774906  1.07628407
  1.85224059 -0.69672174  1.9717764  -2.19519584 -0.34708263 -0.73294722
 -2.89014529  3.16428677 -1.63098058  3.13466159 -1.2667841  -2.70976075
  3.36349601 -1.23181944 -0.77554782 -2.88450467 -2.71839811  2.54501382
 -2.13671375 -2.04622119 -0.18289832  3.14880621  0.24558834  0.21326309
 -1.25253784 -0.6788861  -1.73388605 -3.03111581  2.87066463  1.23568011
 -0.48687366 -2.18822428  1.10862481 -1.10552965 -0.4896388  -2.73906836
 -2.0647857   1.86523433 -0.87412034  2.62259944 -0.45505929 -2.67106113
 -2.82167317  2.26108952 -3.14610701 -0.4474043  -1.0029748  -0.24730056
  2.34814879  1.83944412  0.01764451 -2.55254366 -2.6605368   0.24408032
 -0.76610153  1.24603443 -2.62762571  1.12490114 -0.38243574  0.42016012
  1.91830896  0.45853781  0.6505969  -1.2725413   1.79047116  2.93979612
  0.99674374  0.22231661 -1.14133624  2.42276307  0.7281759  -1.90866074
 -0.05199079  1.87146358  0.98599867 -1.0793153  -2.30046615  2.22255181
  2.0026821   1.92604903  2.29813105  1.91500334 -1.66093208 -3.10517792
  0.42799621  1.34594668 -2.26345436 -1.12474907  2.31390159  1.39356567
 -0.27301856 -1.84544768 -1.64798434  1.967423    1.30736474 -1.0113219
 -0.23201877 -0.69245443 -0.30478902  2.30148021 -0.66129023 -0.93694568
  0.77566737 -2.35081709  0.58938563  2.78544641 -0.35210279  2.0484958
 -1.8623344  -1.35215649 -2.59808012 -2.42235141 -1.50216732 -3.03080344
  2.01489611  1.78192077  1.58254252  1.12561046  1.58765465 -2.44490731
 -2.50790634  1.78793691  1.03485078 -0.29244139 -2.47659327  1.43195774
 -1.04452274 -3.04870795 -0.04703962  1.89763931 -2.69955981 -2.36840569
  1.87685972  1.030457   -0.62510513 -0.4963573  -0.92048076  1.96533106
  0.47166487 -0.35632786  0.40235729 -2.26613673  1.2610998  -0.15373626
  2.40164643  1.23430564  2.87802996 -1.05786526  2.10209777 -0.4304198
 -3.26759929  2.20315112  0.81077548  1.9292541  -1.28839336  1.43857386
 -2.12265532  0.21035762  0.08399023 -2.78979142 -0.9017636  -2.39280172
  0.07225911 -0.56923071]
Sat May 25 14:49:32 2024,203,0.09597034551907635,[-4.65095948  2.36601069 -1.84053662 -0.12448404  0.18572641 -2.68636553
  3.01325792  2.10583548  1.45542624 -0.92472665  0.61345161  1.09256369
  1.13069072 -1.5423789   0.77922083  2.80574034 -0.79807937 -0.63816796
 -1.75455288  0.60064856  1.67579775  2.99183602 -1.20934258 -0.31565749
 -2.4248365  -2.33859346  2.99500965  2.76428906 -0.54267038 -2.36522696
  1.48331907 -0.05886465 -2.31725579  2.09603084  1.28895449 -0.63800433
  0.85008164 -2.31852119 -0.02550427  2.15414438 -0.16593083  0.38970107
  2.71361726  1.04482245  2.46324686  3.15971432  2.64023982 -2.93907495
  0.26661822 -0.81766098  1.76019564  2.86247375 -0.51125495 -2.31637345
  2.78638648 -3.2111167   0.79448909 -0.63506444 -1.73995195  2.6974783
 -1.81069443 -1.5891224  -2.30339062  2.18760695 -2.45206192  2.13438688
  2.07487372  1.53533985  2.38272416  2.80524304  1.64985708  1.19994073
 -1.51306657 -2.228948    1.46990571  0.71257392  1.31246145 -3.0143786
 -0.37782466  2.51788776 -1.03478446  1.28793739  1.48252423  0.54569393
 -0.83490294  1.1159206   0.66802099 -0.38390123  2.80416085 -1.99194698
  1.53873199 -0.48595429  1.09060192 -2.84961245 -2.45725317  0.45920278
 -1.16236763 -0.49423052  0.36544811 -0.11185949 -1.6514806  -0.04145483
 -0.85919047  2.81215689 -1.06174958 -1.38083799 -0.94797227  1.07650729
  1.8524638  -0.69694495  1.97199961 -2.19497263 -0.34730584 -0.73272401
 -2.89036851  3.16450998 -1.63075737  3.1348848  -1.26656088 -2.70998397
  3.36371922 -1.23159623 -0.7753246  -2.88428145 -2.7181749   2.54523703
 -2.13649054 -2.04644441 -0.1826751   3.14902943  0.24581156  0.21303988
 -1.25276105 -0.67910932 -1.73410926 -3.03089259  2.87088784  1.23590332
 -0.48665045 -2.18844749  1.1084016  -1.10575287 -0.48986201 -2.73884515
 -2.06500891  1.86545755 -0.87434355  2.62237622 -0.45483608 -2.67128434
 -2.82144996  2.26131273 -3.1458838  -0.44718109 -1.00319801 -0.24752377
  2.34792558  1.83966734  0.01742129 -2.55276687 -2.66031359  0.24385711
 -0.76587832  1.24581121 -2.6274025   1.12512435 -0.38265895  0.4199369
  1.91853217  0.45876102  0.65082011 -1.27276452  1.79024795  2.93957291
  0.99652052  0.2220934  -1.14111303  2.42298629  0.72795268 -1.90888395
 -0.05176757  1.87168679  0.98577546 -1.07953852 -2.30068936  2.22277502
  2.00245888  1.92627225  2.29790784  1.91522655 -1.66070886 -3.10540113
  0.427773    1.34616989 -2.26367758 -1.12497228  2.31367838  1.39378889
 -0.27324177 -1.84522446 -1.64820755  1.96719979  1.30714153 -1.01109869
 -0.23179556 -0.69267764 -0.30501223  2.30170342 -0.66151344 -0.93672247
  0.77544416 -2.35104031  0.58916242  2.7852232  -0.35232601  2.04827259
 -1.86211118 -1.35237971 -2.5978569  -2.42257463 -1.5019441  -3.03102665
  2.01511932  1.78169755  1.58231931  1.12538724  1.58787787 -2.44513053
 -2.50768313  1.78816012  1.03462757 -0.29221817 -2.47681649  1.43218095
 -1.04429953 -3.04848474 -0.0468164   1.8974161  -2.6993366  -2.36818247
  1.8766365   1.03023379 -0.62532834 -0.49658051 -0.92025755  1.96510784
  0.47188808 -0.35610465  0.4025805  -2.26635995  1.26132301 -0.15351304
  2.40142321  1.23408243  2.87780675 -1.05764204  2.10187456 -0.43019659
 -3.2678225   2.2029279   0.81099869  1.92947731 -1.28861658  1.43879708
 -2.1224321   0.21013441  0.08376702 -2.79001464 -0.90154038 -2.39302493
  0.07203589 -0.5690075 ]
Sat May 25 14:49:54 2024,204,0.09596852243315225,[-4.65117582  2.36622703 -1.84032028 -0.12470038  0.18594275 -2.68614919
  3.01347426  2.10561913  1.45564259 -0.92451031  0.61323527  1.09278004
  1.13090706 -1.54216256  0.77943717  2.805524   -0.79786303 -0.63795161
 -1.75433654  0.6008649   1.67601409  2.99205236 -1.20955892 -0.31587383
 -2.42462016 -2.3388098   2.99479331  2.76407271 -0.54288672 -2.3654433
  1.48353541 -0.05908099 -2.31703944  2.0958145   1.28917084 -0.63778798
  0.85029798 -2.31873753 -0.02572061  2.15436073 -0.16571449  0.38948473
  2.71383361  1.04503879  2.4634632   3.15993066  2.64045616 -2.93885861
  0.26640188 -0.81744464  1.7599793   2.86269009 -0.5110386  -2.3165898
  2.78617014 -3.21090036  0.79470543 -0.63528078 -1.74016829  2.69726196
 -1.81091077 -1.58933874 -2.30360696  2.18782329 -2.45184557  2.13460322
  2.07465738  1.53555619  2.38250782  2.80545939  1.64964074  1.20015707
 -1.51328291 -2.22873166  1.47012205  0.71235758  1.31267779 -3.01416225
 -0.37760832  2.51767142 -1.0350008   1.28815373  1.48274057  0.54547758
 -0.8346866   1.11570426  0.66780465 -0.38411758  2.80437719 -1.99216332
  1.53894833 -0.48617064  1.09038558 -2.84939611 -2.45703683  0.45898644
 -1.16258397 -0.49401418  0.36566445 -0.11164315 -1.65126426 -0.04167118
 -0.85940681  2.81237323 -1.06196593 -1.38062165 -0.94818861  1.07672363
  1.85224746 -0.69716129  1.97178327 -2.19475629 -0.34752218 -0.73294035
 -2.89015216  3.16472632 -1.63097371  3.13510114 -1.26634454 -2.70976762
  3.36350288 -1.23181257 -0.77510826 -2.88449779 -2.71839124  2.54502069
 -2.13627419 -2.04666075 -0.18245876  3.14924577  0.2460279   0.21325622
 -1.25297739 -0.67889297 -1.7343256  -3.03110893  2.87110418  1.23611966
 -0.48643411 -2.18866383  1.10861794 -1.10553653 -0.48964567 -2.73906149
 -2.06522525  1.8652412  -0.87412721  2.62259257 -0.45505242 -2.671068
 -2.82123361  2.26152907 -3.14566746 -0.44696475 -1.00298167 -0.24730743
  2.34770923  1.83988368  0.01720495 -2.55298321 -2.66009725  0.24407345
 -0.76609466  1.24559487 -2.62718616  1.12534069 -0.38244261  0.41972056
  1.91874851  0.45854468  0.65060377 -1.27254818  1.7900316   2.93935657
  0.99673686  0.22187706 -1.14132937  2.42276994  0.72773634 -1.90910029
 -0.05155123  1.87190313  0.9859918  -1.07975486 -2.30047302  2.22255868
  2.00267523  1.92648859  2.29812418  1.91501021 -1.66049252 -3.10561748
  0.42755666  1.34595355 -2.26389392 -1.12518863  2.31346204  1.39357254
 -0.27345811 -1.8454408  -1.64799121  1.96698344  1.30735787 -1.01131503
 -0.23157922 -0.6924613  -0.30479589  2.30191976 -0.6612971  -0.93650613
  0.77522782 -2.35125665  0.58937876  2.78500685 -0.35254235  2.04805624
 -1.86189484 -1.35216337 -2.59807325 -2.42235829 -1.50172776 -3.03081031
  2.01490298  1.78191389  1.58253565  1.1251709   1.58809421 -2.44491419
 -2.50746679  1.78837646  1.03441123 -0.29200183 -2.47660015  1.4323973
 -1.04408318 -3.04870108 -0.04660006  1.89719975 -2.69955294 -2.36796613
  1.87642016  1.03045013 -0.62554468 -0.49679685 -0.92004121  1.96532418
  0.47210442 -0.35588831  0.40236416 -2.2661436   1.26110667 -0.1532967
  2.40163955  1.23386608  2.87759041 -1.05785838  2.10165822 -0.43041293
 -3.26803884  2.20314425  0.81078235  1.92926097 -1.28883292  1.43858074
 -2.12221576  0.20991807  0.08398336 -2.79023098 -0.90175672 -2.39280859
  0.07225223 -0.56922384]
Sat May 25 14:50:25 2024,205,0.09596680582782958,[-4.65138552  2.36643672 -1.84052998 -0.12491008  0.18615244 -2.68635889
  3.01326457  2.10540944  1.45543289 -0.92430062  0.61302557  1.09257034
  1.13111676 -1.54237226  0.77922747  2.80531431 -0.79807272 -0.63816131
 -1.75454624  0.60065521  1.67580439  2.99226206 -1.20934922 -0.31566413
 -2.42441046 -2.33860011  2.99458361  2.76386302 -0.54267703 -2.36523361
  1.48374511 -0.05929069 -2.31724914  2.0956048   1.28896114 -0.63757829
  0.85008829 -2.31852784 -0.02551091  2.15415103 -0.16592418  0.38927503
  2.71362391  1.04524848  2.4632535   3.15972097  2.64066585 -2.93906831
  0.26619218 -0.81723495  1.7597696   2.8624804  -0.51082891 -2.31679949
  2.78637984 -3.21111006  0.79449574 -0.63549048 -1.74037799  2.69747165
 -1.81112047 -1.58954844 -2.30381665  2.1876136  -2.45205527  2.13481291
  2.07486707  1.5353465   2.38271751  2.80566908  1.64943104  1.19994738
 -1.51349261 -2.22894136  1.46991235  0.71214789  1.3124681  -3.01437195
 -0.37781801  2.51788112 -1.03521049  1.28836342  1.48253088  0.54526789
 -0.83489629  1.11591395  0.66801435 -0.38390788  2.80458689 -1.99195363
  1.53915803 -0.48596094  1.09059527 -2.84918642 -2.45682714  0.45877675
 -1.16237428 -0.49380449  0.36545475 -0.11143346 -1.65105457 -0.04146148
 -0.8596165   2.81258293 -1.06217562 -1.38041195 -0.94839831  1.07651393
  1.85203777 -0.6969516   1.97199296 -2.19496598 -0.34773188 -0.73315005
 -2.89036186  3.16493602 -1.63076401  3.13489145 -1.26655424 -2.70955793
  3.36371258 -1.23160287 -0.77531796 -2.8842881  -2.71818154  2.54523039
 -2.1360645  -2.04687044 -0.18224907  3.14945546  0.24623759  0.21304653
 -1.2527677  -0.67868328 -1.7345353  -3.03089924  2.87131388  1.23632936
 -0.48622441 -2.18887353  1.10882763 -1.10532683 -0.48943598 -2.73927118
 -2.06543495  1.86503151 -0.87391752  2.62238287 -0.45484273 -2.6708583
 -2.82144331  2.26173877 -3.14587715 -0.44675505 -1.00277198 -0.24709773
  2.34749954  1.83967399  0.01699526 -2.55277352 -2.65988755  0.24386376
 -0.76588496  1.24538518 -2.62739585  1.125131   -0.3826523   0.41993026
  1.91895821  0.45875438  0.65039408 -1.27275787  1.78982191  2.93956626
  0.99694656  0.22208675 -1.14153907  2.42297964  0.72752665 -1.90930999
 -0.05134154  1.87169344  0.9857821  -1.07954516 -2.30026333  2.22276838
  2.00246553  1.92669828  2.29791448  1.91480052 -1.66070222 -3.10540778
  0.42776635  1.34574386 -2.26410361 -1.12539832  2.31325234  1.39378224
 -0.27324842 -1.8456505  -1.64778152  1.96677375  1.30756756 -1.01152473
 -0.23178891 -0.692671   -0.30500558  2.30171007 -0.66108741 -0.93671582
  0.77501812 -2.35146634  0.58958845  2.78521655 -0.35275204  2.04826594
 -1.86168515 -1.35237306 -2.59786355 -2.42214859 -1.50193746 -3.03060061
  2.01511267  1.7817042   1.58232596  1.1253806   1.5883039  -2.44470449
 -2.50725709  1.78858616  1.03462092 -0.29179214 -2.47639045  1.43260699
 -1.04387349 -3.04849139 -0.04680976  1.89699006 -2.69934324 -2.36775644
  1.87662986  1.03024044 -0.62533499 -0.49658716 -0.9202509   1.96511449
  0.47231412 -0.356098    0.40215447 -2.2663533   1.26131636 -0.1535064
  2.40184925  1.23407578  2.87738071 -1.05806808  2.10186791 -0.43062262
 -3.26782915  2.20293455  0.81099204  1.92905128 -1.28904261  1.43879043
 -2.12200607  0.20970837  0.08419306 -2.79044067 -0.90196642 -2.39301828
  0.07246193 -0.56943353]
Sat May 25 14:50:52 2024,206,0.09596518927589333,[-4.65158878  2.36623346 -1.84032671 -0.12470681  0.18635571 -2.68656215
  3.01346783  2.1056127   1.45563616 -0.92450388  0.61282231  1.09236708
  1.13132002 -1.54257552  0.77902421  2.80551757 -0.79786946 -0.63795804
 -1.7547495   0.60085847  1.67600766  2.99246532 -1.20914596 -0.3158674
 -2.4242072  -2.33839684  2.99438035  2.76365975 -0.54288029 -2.36503034
  1.48354184 -0.05949395 -2.3174524   2.09540154  1.28875788 -0.63778155
  0.84988502 -2.31832457 -0.02530765  2.15394777 -0.16572092  0.3894783
  2.71342065  1.04545175  2.46305024  3.15992423  2.64046259 -2.93927157
  0.26639545 -0.81703168  1.75997287  2.86268366 -0.51062564 -2.31700276
  2.7865831  -3.21090679  0.794699   -0.63528721 -1.74058125  2.69767492
 -1.8109172  -1.58934517 -2.30401992  2.18741033 -2.451852    2.13501618
  2.07466381  1.53554976  2.38251425  2.80546582  1.64963431  1.20015064
 -1.51328934 -2.22914462  1.46970909  0.71235115  1.31267136 -3.01416868
 -0.37802128  2.51767785 -1.03541376  1.28856669  1.48273414  0.54547115
 -0.83469302  1.11611722  0.66781108 -0.38411115  2.80479015 -1.99215689
  1.53895476 -0.48575767  1.09079854 -2.84898315 -2.45662387  0.45857348
 -1.16217101 -0.49400775  0.36565802 -0.11163672 -1.6508513  -0.04166475
 -0.85941324  2.81237966 -1.06197236 -1.38020869 -0.94819504  1.0767172
  1.8518345  -0.69674833  1.9717897  -2.19516925 -0.34752861 -0.73294678
 -2.89015859  3.16473275 -1.63096728  3.13468818 -1.26635097 -2.70935466
  3.36350931 -1.23180614 -0.77511469 -2.88449136 -2.71838481  2.54543365
 -2.13586123 -2.04707371 -0.18245233  3.14965873  0.24603433  0.21284326
 -1.25297096 -0.67888655 -1.73433203 -3.03069597  2.87151714  1.23653262
 -0.48642768 -2.18867026  1.10862437 -1.10512357 -0.48963924 -2.73906792
 -2.06523168  1.86523477 -0.87371425  2.62258614 -0.45463946 -2.67065504
 -2.82164657  2.26194203 -3.14567389 -0.44655179 -1.00256871 -0.247301
  2.34729627  1.83947072  0.01719852 -2.55257025 -2.65968429  0.24406702
 -0.76608823  1.24518191 -2.62759912  1.12492773 -0.38285557  0.41972699
  1.91916147  0.45855111  0.65019081 -1.27296114  1.79002517  2.93976953
  0.99674329  0.22229002 -1.14174233  2.4231829   0.72772991 -1.90910672
 -0.05113827  1.8718967   0.98557884 -1.0793419  -2.30046659  2.22256511
  2.0026688   1.92690155  2.29811775  1.91459725 -1.66049895 -3.10520452
  0.42796962  1.34594712 -2.26390035 -1.12560159  2.31304908  1.39357897
 -0.27304515 -1.84544723 -1.64757825  1.96657048  1.30777083 -1.01132146
 -0.23199218 -0.69246773 -0.30480232  2.30191333 -0.66088414 -0.93651256
  0.77522139 -2.35166961  0.58938519  2.78501328 -0.35295531  2.0484692
 -1.86148188 -1.35257633 -2.59766029 -2.42235186 -1.50214072 -3.03039735
  2.01531594  1.78150093  1.58212269  1.12558386  1.58850717 -2.44490776
 -2.50705383  1.78838289  1.03482419 -0.29158887 -2.47618719  1.43240373
 -1.04407676 -3.04828812 -0.04660649  1.89719332 -2.69954651 -2.3679597
  1.87642659  1.03003717 -0.62553825 -0.49679042 -0.92045417  1.96491122
  0.47251738 -0.35630127  0.4019512  -2.26615003  1.26151963 -0.15370966
  2.40164598  1.23427904  2.87717745 -1.05786481  2.10166465 -0.43082589
 -3.26762588  2.20273129  0.81078878  1.92925454 -1.28883935  1.43858717
 -2.12220933  0.20991164  0.08398979 -2.79064394 -0.90176315 -2.39281502
  0.07225866 -0.5696368 ]
Sat May 25 14:51:15 2024,207,0.09596366675044747,[-4.65178583  2.36643051 -1.84012966 -0.12490386  0.18655275 -2.6867592
  3.01327079  2.10541566  1.45543911 -0.92470093  0.61262526  1.09217003
  1.13151707 -1.54237848  0.77882716  2.80532053 -0.79767241 -0.637761
 -1.75455246  0.60066143  1.67581061  2.99266237 -1.209343   -0.31606444
 -2.42440424 -2.33859389  2.9941833   2.76346271 -0.54268325 -2.36522739
  1.48373889 -0.05929691 -2.31725536  2.09559858  1.28895492 -0.63758451
  0.85008207 -2.31812753 -0.02550469  2.15414481 -0.16552387  0.38928125
  2.71361769  1.04564879  2.46324729  3.15972719  2.64026554 -2.93946862
  0.2661984  -0.81683464  1.75977582  2.86288071 -0.5104286  -2.3171998
  2.78678015 -3.21070975  0.79450196 -0.63509017 -1.7407783   2.69787197
 -1.81072016 -1.58914813 -2.30382287  2.18760738 -2.45204905  2.13481913
  2.07446676  1.53535272  2.38271129  2.80526877  1.64983135  1.20034769
 -1.51348639 -2.22934167  1.46990613  0.7125482   1.31247432 -3.01436573
 -0.37782423  2.5178749  -1.03561081  1.28876373  1.4825371   0.54527411
 -0.83449598  1.11592017  0.66761404 -0.3839141   2.8049872  -1.99235394
  1.53875772 -0.48556063  1.09060149 -2.84878611 -2.45682092  0.45837644
 -1.16236806 -0.49381071  0.36585506 -0.11143967 -1.65065426 -0.0414677
 -0.85961028  2.81218262 -1.06177531 -1.38040574 -0.94839209  1.07691424
  1.85203155 -0.69655129  1.97159265 -2.19536629 -0.34733157 -0.73314383
 -2.88996155  3.1649298  -1.63116432  3.13488523 -1.26615393 -2.70955171
  3.36331226 -1.23200319 -0.77531174 -2.88429432 -2.71818776  2.5456307
 -2.13605828 -2.04727076 -0.18225529  3.14946168  0.24623137  0.21304031
 -1.25316801 -0.6786895  -1.73413499 -3.03089302  2.87171419  1.23633558
 -0.48623063 -2.18847322  1.10882141 -1.10532061 -0.4894422  -2.73887087
 -2.06503464  1.86503773 -0.8739113   2.62238909 -0.45483651 -2.67085208
 -2.82184362  2.26174499 -3.14547684 -0.44635474 -1.00237167 -0.24749805
  2.34749332  1.83927367  0.01700148 -2.5527673  -2.65988133  0.24386998
 -0.76589118  1.24498486 -2.62740207  1.12512478 -0.38305261  0.41992404
  1.91896443  0.45874816  0.64999377 -1.27276409  1.78982813  2.93996658
  0.99694034  0.22209297 -1.14193938  2.42337995  0.72792696 -1.90930377
 -0.05094122  1.87209375  0.98577588 -1.07914485 -2.30066364  2.22236807
  2.00286584  1.9270986   2.2979207   1.9144002  -1.660696   -3.10500747
  0.42816667  1.34614417 -2.2637033  -1.12579863  2.31285203  1.39338193
 -0.27284811 -1.84525019 -1.6477753   1.96637344  1.30757378 -1.01151851
 -0.23179513 -0.69227068 -0.30499936  2.30211038 -0.66108119 -0.93631551
  0.77541844 -2.35147256  0.58918814  2.78521033 -0.35275826  2.04827216
 -1.86128484 -1.35237928 -2.59785733 -2.4225489  -1.50233777 -3.0302003
  2.01511889  1.78169798  1.58231974  1.12578091  1.58831012 -2.44471071
 -2.50685678  1.78818585  1.03462714 -0.29178592 -2.47638423  1.43260077
 -1.04387971 -3.04809107 -0.04640945  1.89739037 -2.69974355 -2.36815675
  1.87662364  1.02984013 -0.6257353  -0.49659338 -0.92065121  1.96471418
  0.47232034 -0.35649831  0.40175416 -2.26634708  1.26171667 -0.15390671
  2.40144894  1.234082    2.87737449 -1.05766777  2.10186169 -0.43062884
 -3.26782293  2.20253424  0.81098582  1.9290575  -1.2886423   1.43878421
 -2.12201229  0.20971459  0.08379275 -2.79084099 -0.90156611 -2.39261797
  0.07206162 -0.56943975]
Sat May 25 14:51:38 2024,208,0.09596223259921562,[-4.65197686  2.36662153 -1.84032069 -0.12471283  0.18636172 -2.68656817
  3.01307976  2.10522463  1.45524808 -0.92489196  0.61243423  1.09236106
  1.1317081  -1.5425695   0.77863613  2.8051295  -0.79748138 -0.63756997
 -1.75474348  0.60085246  1.67600164  2.99247134 -1.20915198 -0.31587342
 -2.42459527 -2.33840286  2.99437433  2.76365374 -0.54249222 -2.36541842
  1.48354786 -0.05948794 -2.31744639  2.09540756  1.28914595 -0.63777554
  0.84989104 -2.31831856 -0.02531366  2.15395378 -0.16533284  0.38947228
  2.71342666  1.04583982  2.46343831  3.15991822  2.64045657 -2.93927759
  0.26600737 -0.81702566  1.75958479  2.86268968 -0.51023757 -2.31739083
  2.78658912 -3.21090077  0.79469298 -0.63489914 -1.74096933  2.69768094
 -1.81052913 -1.5889571  -2.30363185  2.18779841 -2.45224008  2.13501016
  2.07427573  1.53554375  2.38290232  2.80507774  1.64964032  1.20053872
 -1.51367741 -2.2295327   1.47009716  0.71273923  1.31266534 -3.01455676
 -0.37801526  2.51806592 -1.03580183  1.28895476  1.48272813  0.54546514
 -0.83430495  1.11572914  0.66780506 -0.38410513  2.80479617 -1.99254497
  1.53856669 -0.4853696   1.09079252 -2.84897714 -2.45701195  0.45856746
 -1.16217703 -0.49400173  0.36604609 -0.11124865 -1.65046323 -0.04165873
 -0.85941925  2.81199159 -1.06196634 -1.38059676 -0.94858312  1.07710527
  1.85222257 -0.69636026  1.97140162 -2.19517526 -0.34714054 -0.7329528
 -2.88977052  3.16512083 -1.63135535  3.13507625 -1.26634495 -2.70936068
  3.36312124 -1.23181216 -0.77550276 -2.88410329 -2.71799674  2.54582173
 -2.13586725 -2.04746178 -0.18244632  3.14927066  0.2464224   0.21323134
 -1.25297698 -0.67849847 -1.73432601 -3.03108405  2.87190522  1.23614455
 -0.4860396  -2.18866424  1.10901244 -1.10551164 -0.48925117 -2.73867985
 -2.06484361  1.86522876 -0.87410233  2.62219806 -0.45464548 -2.67104311
 -2.82165259  2.26193602 -3.14566787 -0.44616371 -1.00256269 -0.24768907
  2.34730229  1.8394647   0.01719251 -2.55295833 -2.6596903   0.24367895
 -0.76608221  1.24479384 -2.6275931   1.12493375 -0.38324364  0.41973301
  1.91915545  0.45893919  0.64980274 -1.27257306  1.79001916  2.93977555
  0.99674931  0.22190194 -1.14174835  2.42318892  0.72773593 -1.9094948
 -0.0507502   1.87190272  0.98558485 -1.07933588 -2.30085467  2.2225591
  2.00305687  1.92690757  2.29772968  1.91459123 -1.66088702 -3.10481644
  0.42797564  1.3463352  -2.26351227 -1.12598966  2.31304306  1.3931909
 -0.27265708 -1.84505916 -1.64796633  1.96618241  1.30776481 -1.01132748
 -0.23160411 -0.69246171 -0.30519039  2.30191935 -0.66127221 -0.93612448
  0.77522741 -2.35166359  0.58899711  2.7850193  -0.35256724  2.04808113
 -1.86109381 -1.35218825 -2.5976663  -2.42235787 -1.50252879 -3.03000928
  2.01492787  1.78150695  1.58212871  1.12558988  1.58850115 -2.44490174
 -2.50704781  1.78799482  1.03443611 -0.29159489 -2.4761932   1.4327918
 -1.04407074 -3.04790005 -0.04660047  1.89719934 -2.69993458 -2.36796572
  1.87681467  1.0296491  -0.62554427 -0.49640235 -0.92084224  1.96452315
  0.47251137 -0.35630729  0.40156313 -2.26615605  1.26152565 -0.15371568
  2.40163997  1.23389097  2.87756552 -1.05747674  2.10167067 -0.43081987
 -3.26801396  2.20234321  0.81117685  1.92886647 -1.28883333  1.43897524
 -2.12182126  0.20990562  0.08360172 -2.79103201 -0.90175714 -2.392809
  0.07187059 -0.56924872]
Sat May 25 14:52:28 2024,209,0.09596088152053932,[-4.65216207  2.36680674 -1.8405059  -0.12452762  0.18617652 -2.68638296
  3.01289455  2.10540984  1.45506288 -0.92507716  0.61261944  1.09254626
  1.13189331 -1.54275471  0.77882134  2.80531471 -0.79766659 -0.63738476
 -1.75455828  0.60103766  1.67581643  2.99228613 -1.20896677 -0.31568821
 -2.42441006 -2.33821765  2.99418912  2.76383894 -0.54267743 -2.36523321
  1.48336265 -0.05930273 -2.31763159  2.09559276  1.28896074 -0.63759033
  0.84970583 -2.31850376 -0.02549887  2.15376858 -0.16514764  0.38965749
  2.71361187  1.04602503  2.46362352  3.16010342  2.64027137 -2.9394628
  0.26619258 -0.81684046  1.75977     2.86250447 -0.51005236 -2.31757604
  2.78677433 -3.21071557  0.79487819 -0.63471393 -1.74115453  2.69749573
 -1.81071434 -1.58877189 -2.30381705  2.18798361 -2.45205487  2.13519537
  2.07446094  1.53572895  2.38271711  2.80526295  1.64945512  1.20035351
 -1.51386262 -2.2297179   1.47028237  0.71255402  1.31285055 -3.01437155
 -0.37783005  2.51825113 -1.03598704  1.28876955  1.48254292  0.54565034
 -0.83411974  1.11554394  0.66799027 -0.38391992  2.80461096 -1.99273017
  1.53838148 -0.48555481  1.09060731 -2.84879193 -2.45682674  0.45838226
 -1.16199182 -0.49381653  0.3662313  -0.11106344 -1.65027802 -0.04147352
 -0.85960446  2.81180638 -1.06178113 -1.38078197 -0.94839791  1.07692007
  1.85203737 -0.69617505  1.97121642 -2.19536047 -0.34695533 -0.73276759
 -2.88995573  3.16493562 -1.63154056  3.13489105 -1.26615975 -2.70954589
  3.36330644 -1.23199736 -0.77568797 -2.8842885  -2.71781153  2.54563652
 -2.13605246 -2.04727658 -0.18226111  3.14945586  0.24660761  0.21341654
 -1.25279177 -0.67868368 -1.73414081 -3.03126926  2.87172001  1.23632976
 -0.4858544  -2.18884945  1.10919765 -1.10532643 -0.48943637 -2.73849464
 -2.06502882  1.86541396 -0.87391712  2.62201286 -0.45446027 -2.67122832
 -2.82146738  2.26212122 -3.14585308 -0.44634892 -1.0027479  -0.24750387
  2.3474875   1.83964991  0.01737771 -2.55314353 -2.65987551  0.24386416
 -0.76626742  1.24497904 -2.62777831  1.12511895 -0.38342885  0.41991821
  1.91934066  0.45912439  0.64961753 -1.27275827  1.78983395  2.93996075
  0.9965641   0.22171673 -1.14156314  2.42300371  0.72792113 -1.90930959
 -0.0509354   1.87171752  0.98577006 -1.07915067 -2.30066946  2.22237389
  2.00324208  1.92672236  2.29791488  1.91477644 -1.66107223 -3.10463124
  0.42816084  1.34614999 -2.26369748 -1.12580445  2.31285785  1.39337611
 -0.27247187 -1.84487395 -1.64815153  1.9659972   1.3075796  -1.01151268
 -0.2314189  -0.69227651 -0.30500518  2.30210456 -0.66108701 -0.93593928
  0.77541261 -2.3518488   0.58918232  2.78520451 -0.35275244  2.04789592
 -1.8609086  -1.35237346 -2.5974811  -2.42254308 -1.50234359 -3.02982407
  2.01511307  1.78169216  1.58231391  1.12577509  1.58868636 -2.44508695
 -2.5068626   1.78818003  1.03462132 -0.29140968 -2.47637841  1.43297701
 -1.04388553 -3.04808525 -0.04678568  1.89738455 -2.69974938 -2.36815093
  1.87662946  1.02946389 -0.62535906 -0.49658755 -0.92102745  1.96433794
  0.47232616 -0.35649249  0.40137792 -2.26597084  1.26134044 -0.15353047
  2.40182517  1.23370576  2.87738031 -1.05729153  2.10185587 -0.43100508
 -3.26819916  2.202158    0.81136206  1.92905167 -1.28864812  1.43916045
 -2.12200646  0.20972041  0.08378692 -2.79084681 -0.90194234 -2.39262379
  0.0720558  -0.56943393]
Sat May 25 14:52:53 2024,210,0.09595960854095806,[-4.65234164  2.36662717 -1.84068547 -0.1247072   0.18635609 -2.68620339
  3.01271498  2.10523026  1.4548833  -0.92525674  0.61243987  1.09236669
  1.13207288 -1.54257514  0.77864177  2.80513513 -0.79784616 -0.63720519
 -1.75473785  0.60085809  1.67599601  2.99210656 -1.20914634 -0.31586778
 -2.42458964 -2.33839723  2.9943687   2.76401852 -0.542857   -2.36541278
  1.48354223 -0.05912316 -2.31781117  2.09541319  1.28878117 -0.6377699
  0.84952626 -2.31832419 -0.02567844  2.153589   -0.16496806  0.38947791
  2.71379144  1.0462046   2.46344395  3.160283    2.64045094 -2.93964237
  0.26601301 -0.81702003  1.75959043  2.8623249  -0.51023194 -2.31739646
  2.78659475 -3.21053599  0.79469862 -0.63453436 -1.74097496  2.6976753
 -1.81053476 -1.58859232 -2.30399663  2.18780404 -2.4518753   2.13537494
  2.07428136  1.53590853  2.38253754  2.80508337  1.64963469  1.20053308
 -1.51368305 -2.22989748  1.4701028   0.71273359  1.31303012 -3.01419198
 -0.37800963  2.51807156 -1.03580747  1.28894913  1.48236335  0.54582992
 -0.83394017  1.11536436  0.6678107  -0.38374035  2.80479054 -1.9925506
  1.53820191 -0.48573438  1.09078689 -2.84861235 -2.45700631  0.45820268
 -1.1621714  -0.49363695  0.36641087 -0.11088387 -1.6504576  -0.0416531
 -0.85942489  2.81198596 -1.06160156 -1.3806024  -0.94821834  1.07709964
  1.85221694 -0.69599548  1.97139599 -2.1951809  -0.34677576 -0.73294717
 -2.88977615  3.16475604 -1.63172013  3.13507062 -1.26598017 -2.70936631
  3.36348602 -1.23217694 -0.77586754 -2.88446807 -2.71763196  2.54581609
 -2.13623203 -2.04745615 -0.18208153  3.14963544  0.24642804  0.21359612
 -1.2526122  -0.6785041  -1.73396123 -3.03108968  2.87189958  1.23650933
 -0.48603397 -2.18902902  1.10937722 -1.10550601 -0.48961595 -2.73831506
 -2.06520839  1.86523439 -0.87373754  2.62219243 -0.4542807  -2.67104875
 -2.82128781  2.26194165 -3.1456735  -0.4465285  -1.00256833 -0.24732429
  2.34766707  1.83947034  0.01755729 -2.55296396 -2.66005508  0.24404373
 -0.76608785  1.24515862 -2.62795788  1.12493938 -0.38360842  0.42009779
  1.91916109  0.45894482  0.64943796 -1.2725787   1.78965438  2.93978118
  0.99638453  0.22153716 -1.14138357  2.42282414  0.72810071 -1.90913002
 -0.05111498  1.87189709  0.98559049 -1.0789711  -2.30048989  2.22255346
  2.00342165  1.92690193  2.29773531  1.91459687 -1.66125181 -3.10445166
  0.42834042  1.34597042 -2.26387705 -1.12562488  2.31267828  1.39319653
 -0.2722923  -1.84469438 -1.64797196  1.96581763  1.30740003 -1.01169226
 -0.23159847 -0.69245608 -0.30482561  2.30228413 -0.66126658 -0.9357597
  0.77559219 -2.35166922  0.58936189  2.78502493 -0.35293202  2.0480755
 -1.86108817 -1.35255303 -2.59766067 -2.42236351 -1.50216401 -3.03000364
  2.01529265  1.78151258  1.58213434  1.12595466  1.58886593 -2.44490737
 -2.50704218  1.7883596   1.03444175 -0.29123011 -2.47655798  1.43279743
 -1.04406511 -3.04790568 -0.04696525  1.89720497 -2.69992895 -2.36797135
  1.87680903  1.02928432 -0.62553864 -0.49676713 -0.92084787  1.96451752
  0.47214659 -0.35631292  0.40119835 -2.26579127  1.26152001 -0.15371005
  2.40200475  1.23352619  2.87720074 -1.05747111  2.1016763  -0.43082551
 -3.26801959  2.20197843  0.81154163  1.9288721  -1.28846855  1.43898087
 -2.12182689  0.20954084  0.0839665  -2.79066723 -0.90176277 -2.39244422
  0.07187622 -0.56925436]
Sat May 25 14:53:17 2024,211,0.09595840899426829,[-4.65251576  2.36680129 -1.8408596  -0.12453308  0.18618197 -2.68637751
  3.01254086  2.10505614  1.45505742 -0.92543086  0.61226574  1.09219257
  1.132247   -1.54240101  0.77846764  2.80530926 -0.79767204 -0.63737931
 -1.75456373  0.60103221  1.67617013  2.99193244 -1.20897222 -0.31604191
 -2.42441551 -2.33857135  2.99454282  2.76384439 -0.54303112 -2.36558691
  1.48371635 -0.05894903 -2.31763704  2.09523907  1.28895529 -0.63794403
  0.84935213 -2.31849831 -0.02585257  2.15341488 -0.16479394  0.38965204
  2.71396557  1.04637873  2.46361807  3.16045712  2.64027682 -2.93981649
  0.26618713 -0.81684591  1.75976455  2.86249902 -0.51040606 -2.31757059
  2.78676888 -3.21071012  0.79487274 -0.63470848 -1.74080084  2.69750118
 -1.81036064 -1.58876644 -2.30417075  2.18797816 -2.45204942  2.13554906
  2.07410724  1.53608265  2.38236342  2.8052575   1.64946057  1.20035896
 -1.51385717 -2.22972335  1.47027692  0.71255947  1.31320425 -3.0143661
 -0.37818375  2.51824568 -1.03563334  1.288775    1.48253747  0.54565579
 -0.83376605  1.11553848  0.66798482 -0.38356622  2.80496466 -1.99237648
  1.53802778 -0.4859085   1.09096101 -2.84878648 -2.45718044  0.45802856
 -1.16234552 -0.49381108  0.36623675 -0.11105799 -1.65028347 -0.04182722
 -0.85925076  2.81181183 -1.06177568 -1.38077652 -0.94804421  1.07727376
  1.85204282 -0.69582135  1.97122187 -2.19500677 -0.34660163 -0.73277304
 -2.88995028  3.16493017 -1.63189426  3.1348965  -1.2661543  -2.70954044
  3.36331189 -1.23235106 -0.77569342 -2.88464219 -2.71745783  2.54564197
 -2.13640615 -2.04728203 -0.18190741  3.14980956  0.24625391  0.21377024
 -1.25243808 -0.67832998 -1.73413536 -3.03091556  2.87207371  1.23633521
 -0.48585985 -2.18920315  1.10955135 -1.10568013 -0.48944183 -2.73814094
 -2.06538251  1.86540851 -0.87391167  2.62201831 -0.45445482 -2.67122287
 -2.82111369  2.26176753 -3.14549938 -0.44635437 -1.0023942  -0.24749842
  2.3478412   1.83964446  0.01773141 -2.55313808 -2.65988096  0.24386961
 -0.76591372  1.24533274 -2.62778376  1.12476526 -0.38378255  0.42027191
  1.91933521  0.4587707   0.64961208 -1.27240457  1.7898285   2.9399553
  0.99655865  0.22136304 -1.14155769  2.42265002  0.72827483 -1.90930414
 -0.05094085  1.87172297  0.98541636 -1.07914522 -2.30031576  2.22272759
  2.00359577  1.92707606  2.29756119  1.91477099 -1.66142593 -3.10427754
  0.42851454  1.34579629 -2.26370293 -1.125799    2.3128524   1.39337066
 -0.27246642 -1.84452026 -1.64779784  1.96564351  1.30757415 -1.01186638
 -0.23142435 -0.6926302  -0.30465149  2.30211001 -0.6614407  -0.93593383
  0.77576631 -2.3514951   0.58953602  2.78485081 -0.35310614  2.04790137
 -1.86091405 -1.35272715 -2.59783479 -2.42253763 -1.50198989 -3.03017777
  2.01511852  1.78168671  1.58196022  1.12578054  1.58904005 -2.44473325
 -2.50686805  1.78818548  1.03426762 -0.29105599 -2.47673211  1.43262331
 -1.04423923 -3.04773156 -0.04679113  1.89703085 -2.69975483 -2.36779723
  1.87698316  1.02911019 -0.62571276 -0.496593   -0.921022    1.96469164
  0.47232071 -0.3561388   0.40102422 -2.26596539  1.26169414 -0.15353592
  2.40217887  1.23335207  2.87702662 -1.05729698  2.10150218 -0.43065138
 -3.26819371  2.20215255  0.81136751  1.92904622 -1.28864267  1.439155
 -2.12200101  0.20971496  0.08379237 -2.79049311 -0.90193689 -2.39261834
  0.0717021  -0.56908023]
Sat May 25 14:53:40 2024,212,0.09595727850195607,[-4.65268461  2.36697014 -1.84069075 -0.12470192  0.18635082 -2.68620866
  3.01237201  2.10522499  1.45522627 -0.92559971  0.61243459  1.09236142
  1.13207815 -1.54256986  0.7782988   2.80514041 -0.79784089 -0.63721046
 -1.75439488  0.60120106  1.67600128  2.99176359 -1.20880337 -0.31587306
 -2.42458436 -2.3387402   2.99437397  2.76367555 -0.54319997 -2.36541806
  1.4835475  -0.05878019 -2.3174682   2.09540791  1.28912414 -0.63777518
  0.84952098 -2.31832946 -0.02568372  2.15324603 -0.16462509  0.38948319
  2.71379672  1.04654757  2.46344922  3.16062597  2.64010797 -2.93998534
  0.26601828 -0.81667706  1.7595957   2.86266787 -0.51023721 -2.31740174
  2.78660003 -3.21087897  0.79470389 -0.63487733 -1.74096968  2.69767003
 -1.81019179 -1.58859759 -2.3040019   2.18814701 -2.45221827  2.13538021
  2.07393839  1.5362515   2.38253226  2.80508865  1.64962942  1.20052781
 -1.51368832 -2.22955451  1.47044577  0.71239062  1.3133731  -3.01419725
 -0.3780149   2.51807683 -1.03580219  1.28860616  1.48270632  0.54548695
 -0.8339349   1.11570733  0.66815367 -0.38373507  2.80479581 -1.99220763
  1.53819663 -0.48607735  1.09079216 -2.84895533 -2.45734928  0.45785971
 -1.16217667 -0.49397992  0.3660679  -0.11122684 -1.65045232 -0.04165837
 -0.85908192  2.81164299 -1.06194453 -1.38094537 -0.94821306  1.07744261
  1.85187397 -0.69565251  1.97139072 -2.19483793 -0.34643279 -0.7326042
 -2.89011912  3.16476132 -1.63172541  3.13506535 -1.26598545 -2.70970929
  3.36314305 -1.23251991 -0.77586227 -2.88447335 -2.71762668  2.54547312
 -2.13623731 -2.04745088 -0.18173856  3.14964071  0.24642276  0.21360139
 -1.25260692 -0.67849883 -1.73396651 -3.03074671  2.87224255  1.23616636
 -0.485691   -2.189372    1.1093825  -1.10584898 -0.48961067 -2.73830979
 -2.06521366  1.86523966 -0.87408052  2.62184946 -0.45428597 -2.67139172
 -2.82094484  2.26159868 -3.14533053 -0.44652322 -1.00256305 -0.24766726
  2.34801004  1.83981331  0.01790026 -2.55330693 -2.65971211  0.24370076
 -0.76608257  1.24516389 -2.6279526   1.12493411 -0.3836137   0.42010306
  1.91916636  0.45893954  0.64978093 -1.27223572  1.78999735  2.93978645
  0.9963898   0.22153189 -1.14138884  2.42248117  0.72810598 -1.90913529
 -0.05077201  1.87189181  0.98524752 -1.07897637 -2.30048461  2.22255874
  2.00376462  1.92724491  2.29773003  1.91493984 -1.66125708 -3.10410869
  0.42868339  1.34562744 -2.26353408 -1.12596785  2.31302125  1.39320181
 -0.27229757 -1.8446891  -1.64762899  1.96581235  1.3074053  -1.01169753
 -0.2315932  -0.69279905 -0.30448264  2.30194116 -0.66160955 -0.93576498
  0.77593516 -2.35166395  0.58970487  2.78501966 -0.35293729  2.04807022
 -1.8610829  -1.352896   -2.59800364 -2.42270648 -1.50215874 -3.03000892
  2.01528737  1.78151786  1.58212907  1.12594938  1.5888712  -2.4449021
 -2.5070369   1.78835433  1.03409877 -0.29088714 -2.47690095  1.43245446
 -1.04407038 -3.04756271 -0.04695998  1.8971997  -2.69992367 -2.36796608
  1.87681431  1.02927904 -0.62554391 -0.49676185 -0.92085315  1.96452279
  0.47248956 -0.35630764  0.40085538 -2.26613424  1.26152529 -0.15370477
  2.40234772  1.23352091  2.87719546 -1.05712813  2.10167102 -0.43082023
 -3.26802486  2.20198371  0.81119866  1.92921507 -1.28881152  1.43932384
 -2.12183217  0.20988381  0.08362353 -2.79032426 -0.90176804 -2.39278719
  0.07187095 -0.56924908]
Sat May 25 14:54:13 2024,213,0.09595621295491633,[-4.65284835  2.36713388 -1.840527   -0.12486567  0.18651456 -2.68604492
  3.01220826  2.10538873  1.45539002 -0.92576345  0.61259834  1.09219767
  1.1322419  -1.54273361  0.77813505  2.80530415 -0.79800463 -0.63737421
 -1.75423114  0.60136481  1.67616503  2.99192733 -1.20896712 -0.31570931
 -2.42474811 -2.33857645  2.99421023  2.76383929 -0.54336372 -2.36525432
  1.48338376 -0.05894393 -2.31763194  2.09557166  1.28928788 -0.63793892
  0.84935724 -2.31849321 -0.02584746  2.15340977 -0.16446135  0.38931945
  2.71363297  1.04638383  2.46328548  3.16078971  2.64027171 -2.94014909
  0.26585454 -0.81651332  1.75943196  2.86283161 -0.51040096 -2.31723799
  2.78676377 -3.21104271  0.79486764 -0.63471359 -1.74080594  2.69783377
 -1.81002805 -1.58876134 -2.30383816  2.18798327 -2.45205453  2.13521647
  2.07377465  1.53641524  2.38269601  2.80525239  1.64979316  1.20069155
 -1.51385207 -2.22939076  1.47060951  0.71255436  1.31353684 -3.014361
 -0.37785116  2.51824058 -1.03563845  1.2887699   1.48254257  0.5453232
 -0.83377115  1.11587108  0.66798993 -0.38357133  2.80463207 -1.99204389
  1.53836038 -0.4862411   1.09062842 -2.84879158 -2.45718554  0.45769597
 -1.16234042 -0.49414367  0.36623165 -0.11106309 -1.65028858 -0.04149463
 -0.85924566  2.81180673 -1.06210827 -1.38078162 -0.94804932  1.07760635
  1.85203771 -0.69548876  1.97155446 -2.19467418 -0.34626904 -0.73244045
 -2.88995538  3.16459758 -1.63188915  3.13522909 -1.2658217  -2.70954554
  3.36330679 -1.23235617 -0.77602601 -2.8843096  -2.71779042  2.54563687
 -2.13640105 -2.04761462 -0.18190231  3.14947697  0.2465865   0.21343765
 -1.25244318 -0.67833509 -1.73380276 -3.03058297  2.87207881  1.2363301
 -0.48585474 -2.18920825  1.10921875 -1.10568523 -0.48977442 -2.73814605
 -2.06504992  1.86540341 -0.87424426  2.62168571 -0.45444972 -2.67122797
 -2.82110858  2.26176242 -3.14516679 -0.44635948 -1.0027268  -0.24750352
  2.3478463   1.83964956  0.018064   -2.55314319 -2.65954837  0.2438645
 -0.76591883  1.24532763 -2.62778886  1.12477036 -0.38377744  0.41993932
  1.91933011  0.4587758   0.64994467 -1.27239947  1.7898336   2.9399502
  0.99622606  0.22169563 -1.14155259  2.42264491  0.72794224 -1.90929903
 -0.05093575  1.87172807  0.98541126 -1.07914012 -2.30032087  2.22272248
  2.00392837  1.92740865  2.29756629  1.91510358 -1.66142082 -3.10394495
  0.42851965  1.3454637  -2.26337034 -1.12580411  2.31318499  1.39303806
 -0.27246132 -1.84485285 -1.64779273  1.96564861  1.30756905 -1.01186128
 -0.23142945 -0.6929628  -0.30431889  2.30177742 -0.6617733  -0.93592872
  0.7760989  -2.35182769  0.58986861  2.78485592 -0.35277355  2.04790648
 -1.86091916 -1.35305975 -2.5978399  -2.42287022 -1.50232248 -3.02984517
  2.01545112  1.7816816   1.58196532  1.12578564  1.58903495 -2.44473835
 -2.50720065  1.78851807  1.03393503 -0.29105088 -2.4770647   1.43229072
 -1.04390664 -3.04772645 -0.04712372  1.89736344 -2.70008742 -2.36812982
  1.87697805  1.0291153  -0.62538017 -0.49659811 -0.92101689  1.96435905
  0.47232581 -0.35647139  0.40101912 -2.26629799  1.26168903 -0.15354103
  2.40218397  1.23335717  2.87703172 -1.05696439  2.10183477 -0.43098397
 -3.26786112  2.20181996  0.81136241  1.92905133 -1.28864778  1.4391601
 -2.12199591  0.20972007  0.08345978 -2.79048801 -0.9016043  -2.39262345
  0.07203469 -0.56908534]
Sat May 25 14:54:39 2024,214,0.09595520849636395,[-4.65300716  2.36729269 -1.84068581 -0.12470686  0.18667336 -2.68620372
  3.01236707  2.10522993  1.45523121 -0.92560465  0.61275714  1.09235648
  1.13208309 -1.5425748   0.77797625  2.80514535 -0.79784583 -0.63753301
 -1.75407233  0.60152361  1.67632383  2.99208614 -1.20912592 -0.31555051
 -2.4245893  -2.33873526  2.99405142  2.76368049 -0.54320491 -2.36509551
  1.48322495 -0.05878513 -2.31779074  2.09541285  1.28912908 -0.63809773
  0.84919844 -2.3183344  -0.02600627  2.15356858 -0.16462015  0.38916064
  2.71379178  1.04622503  2.46312667  3.16094852  2.64043051 -2.93999028
  0.26601334 -0.81635451  1.75959076  2.86299042 -0.51055976 -2.31707919
  2.78692257 -3.21088391  0.79502644 -0.63455478 -1.74096474  2.69799258
 -1.81018685 -1.58860253 -2.30367935  2.18782447 -2.45189572  2.13505767
  2.07361585  1.53625644  2.38253721  2.80509359  1.64963436  1.20053275
 -1.51369326 -2.22954957  1.47045071  0.71271317  1.31337804 -3.01420219
 -0.37800996  2.51839938 -1.03547964  1.2886111   1.48270138  0.5451644
 -0.83392996  1.11571227  0.66783112 -0.38341253  2.80479087 -1.99188508
  1.53820157 -0.4863999   1.09046961 -2.84895039 -2.45734434  0.45785477
 -1.16218161 -0.49398487  0.36607284 -0.11090429 -1.65012977 -0.04133582
 -0.85940446  2.81164793 -1.06194947 -1.38062282 -0.94789052  1.07776516
  1.85187891 -0.69564756  1.97171326 -2.19483299 -0.34611024 -0.73259925
 -2.89011418  3.16443877 -1.63173035  3.13538789 -1.2656629  -2.70938674
  3.36314799 -1.23219736 -0.77618482 -2.8844684  -2.71763162  2.54579567
 -2.13624225 -2.04777342 -0.1817435   3.14963577  0.24674531  0.21359645
 -1.25228438 -0.67849389 -1.73396157 -3.03074177  2.87192001  1.23648891
 -0.48569594 -2.18936705  1.10905995 -1.10584404 -0.48993322 -2.73830485
 -2.06520872  1.86556221 -0.87408546  2.62152691 -0.45429091 -2.67106917
 -2.82126739  2.26160362 -3.14500798 -0.44620067 -1.0028856  -0.24734472
  2.3476875   1.83949076  0.0182228  -2.55330199 -2.65938956  0.24402331
 -0.76576002  1.24516883 -2.62763006  1.12492917 -0.38393625  0.42009812
  1.9191713   0.4589346   0.65010347 -1.27255827  1.78999241  2.9397914
  0.99638486  0.22185443 -1.14171139  2.42280372  0.72810104 -1.90914023
 -0.05077695  1.87156927  0.98557006 -1.07929892 -2.30016206  2.22256368
  2.00408717  1.92756745  2.29740749  1.91526238 -1.66126202 -3.10378614
  0.42836084  1.3453049  -2.26352914 -1.12596291  2.31302619  1.39319687
 -0.27230251 -1.84469404 -1.64763393  1.96548981  1.30741024 -1.01170247
 -0.23158826 -0.6931216  -0.3044777   2.30193622 -0.66161449 -0.93576992
  0.7759401  -2.3519865   0.59002741  2.78501472 -0.35293235  2.04774768
 -1.86076035 -1.35290094 -2.5979987  -2.42302902 -1.50248129 -3.03000398
  2.01560992  1.7815228   1.58212413  1.12562684  1.58887615 -2.44457955
 -2.50735945  1.78867687  1.03409383 -0.29120968 -2.4769059   1.43213191
 -1.04374783 -3.04788525 -0.04696492  1.89720464 -2.70024622 -2.36797102
  1.87713685  1.0289565  -0.62522136 -0.49675691 -0.92085809  1.96451785
  0.47248462 -0.35631258  0.40086032 -2.26613918  1.26184783 -0.15369983
  2.40234278  1.23319837  2.87719052 -1.05680559  2.10167596 -0.43082517
 -3.26770232  2.20197877  0.8112036   1.92921013 -1.28880658  1.4393189
 -2.12183711  0.20956127  0.08361859 -2.7903292  -0.9017631  -2.39278225
  0.0721935  -0.56924414]
Sat May 25 14:55:06 2024,215,0.09595426150586617,[-4.65316118  2.36713866 -1.84053179 -0.12455284  0.18651934 -2.68635774
  3.01221304  2.10507591  1.45507719 -0.92575867  0.61260312  1.0925105
  1.13192907 -1.54272882  0.77782223  2.80499133 -0.79799985 -0.63768703
 -1.75422635  0.60136959  1.67616981  2.99193211 -1.20927994 -0.31570453
 -2.42443528 -2.33858124  2.99420544  2.76383451 -0.54335893 -2.36494149
  1.48337897 -0.05893915 -2.31763672  2.09525883  1.28897506 -0.63825175
  0.84935246 -2.31818038 -0.02585225  2.15341456 -0.16446613  0.38900662
  2.7139458   1.04607101  2.46297265  3.16110254  2.64027649 -2.93983626
  0.26585932 -0.81620049  1.75943674  2.86314444 -0.51071378 -2.31692517
  2.7870766  -3.21072988  0.79518046 -0.63470881 -1.74111876  2.6981466
 -1.81003283 -1.58844851 -2.30383337  2.18797849 -2.4517417   2.13490365
  2.07376987  1.53610242  2.38269123  2.80493957  1.64948033  1.20068677
 -1.51353924 -2.22939554  1.47029669  0.71255915  1.31353206 -3.01435621
 -0.37785594  2.51824536 -1.03563367  1.28876512  1.4828554   0.54501038
 -0.83377593  1.11555825  0.6676771  -0.3832585   2.80494489 -1.9920391
  1.53835559 -0.48655392  1.09062364 -2.84910441 -2.45749836  0.45770075
 -1.16202759 -0.49413889  0.36622686 -0.11105831 -1.6502838  -0.04148985
 -0.85925044  2.81180195 -1.06210349 -1.38077684 -0.94804454  1.07791918
  1.85172489 -0.69580159  1.97186729 -2.19498701 -0.34626426 -0.73275328
 -2.88996016  3.16459279 -1.63188437  3.13523387 -1.26581692 -2.70923272
  3.36330201 -1.23204334 -0.77633884 -2.88431438 -2.7174776   2.54564165
 -2.13608823 -2.04792744 -0.18158948  3.14978979  0.24689933  0.21344243
 -1.25213036 -0.67833987 -1.73380755 -3.03058775  2.87176599  1.23633489
 -0.48554192 -2.18921303  1.10921397 -1.10599806 -0.49008724 -2.73845887
 -2.0650547   1.86540819 -0.87393144  2.62168093 -0.45413689 -2.67091515
 -2.82142141  2.26175764 -3.14485396 -0.44604665 -1.00273158 -0.2471907
  2.34784152  1.83964478  0.01806878 -2.55314797 -2.65923554  0.24386928
 -0.76591404  1.24501481 -2.62778408  1.12508319 -0.38409027  0.42025214
  1.91932532  0.45908862  0.6502575  -1.27240425  1.79014643  2.93994542
  0.99623084  0.22200845 -1.14186541  2.42264969  0.72794702 -1.90929425
 -0.05062292  1.87172329  0.98572408 -1.07945294 -2.30031608  2.2227177
  2.00424119  1.92741343  2.29725347  1.91541641 -1.661108   -3.10394016
  0.42851486  1.34545892 -2.26368316 -1.12580889  2.31287217  1.39335089
 -0.27245653 -1.84454002 -1.64778795  1.96533579  1.30725622 -1.01154845
 -0.23143424 -0.69296758 -0.30432368  2.30209024 -0.66176851 -0.93592394
  0.77609412 -2.35183248  0.59018143  2.78516874 -0.35277833  2.0479017
 -1.86091437 -1.35274692 -2.59784468 -2.42318305 -1.50232727 -3.02984996
  2.01576394  1.78167682  1.58227815  1.12547282  1.58872212 -2.44473357
 -2.50720543  1.78852285  1.03393981 -0.29136371 -2.47705992  1.43197789
 -1.04390185 -3.04773123 -0.0468109   1.89735866 -2.70040024 -2.36812504
  1.87698283  1.02880247 -0.62537538 -0.49660289 -0.92070407  1.96436383
  0.4723306  -0.35646661  0.4007063  -2.26598516  1.26169381 -0.15354581
  2.40218876  1.23335239  2.8770365  -1.05665157  2.10182999 -0.43067115
 -3.26785634  2.20213279  0.81135762  1.92936415 -1.2889606   1.43916488
 -2.12199113  0.20971529  0.08377261 -2.79017518 -0.90191712 -2.39293627
  0.07234752 -0.56909012]
Sat May 25 14:55:29 2024,216,0.09595336858440875,[-4.65331057  2.36698927 -1.84068118 -0.12440345  0.18636995 -2.68650714
  3.01206365  2.1052253   1.45522658 -0.92560928  0.61245373  1.09265989
  1.13177968 -1.54257943  0.77767284  2.80484193 -0.79785046 -0.63783642
 -1.75437575  0.6012202   1.6763192   2.99208151 -1.20942933 -0.31555514
 -2.42458467 -2.33843184  2.99435484  2.76368511 -0.54350833 -2.3647921
  1.48322958 -0.05908854 -2.31748733  2.09540823  1.28882567 -0.63840114
  0.84920306 -2.31832977 -0.02570285  2.15326516 -0.16461552  0.38885723
  2.71379641  1.04592161  2.46312205  3.16125193  2.64042589 -2.93968687
  0.26600871 -0.81634988  1.75928735  2.86299504 -0.51086317 -2.31677578
  2.78722599 -3.21087928  0.79503107 -0.63455941 -1.74126816  2.69799721
 -1.80988344 -1.5885979  -2.30398277  2.18782909 -2.45159231  2.13505304
  2.07391926  1.53595302  2.38284062  2.80508896  1.64933094  1.20083616
 -1.51338985 -2.22924615  1.47044608  0.71270854  1.31368145 -3.01420682
 -0.37800533  2.51809596 -1.03548427  1.28861573  1.48270601  0.54486099
 -0.83362654  1.11540886  0.66782649 -0.3834079   2.8047955  -1.99188971
  1.53850499 -0.48670331  1.09077303 -2.8492538  -2.45734897  0.45755136
 -1.16217698 -0.49428828  0.36637626 -0.1112077  -1.6501344  -0.04134045
 -0.85939983  2.81195134 -1.06225288 -1.38062745 -0.94819393  1.07776979
  1.8515755  -0.69565219  1.97171789 -2.19483761 -0.34641365 -0.73290267
 -2.88981077  3.16474219 -1.63203376  3.13508448 -1.26596632 -2.70908333
  3.36315261 -1.23219273 -0.77618945 -2.88416499 -2.71732821  2.54549225
 -2.13593883 -2.04777805 -0.18144009  3.1496404   0.24704872  0.21359182
 -1.25198096 -0.67848926 -1.73395694 -3.03043836  2.87161659  1.23618549
 -0.48569131 -2.18936243  1.10936336 -1.10614745 -0.48993785 -2.73860826
 -2.06490531  1.86555758 -0.87378204  2.62183032 -0.45428628 -2.67106454
 -2.82127201  2.26190703 -3.14500335 -0.44619604 -1.00258219 -0.24734009
  2.34799091  1.83949539  0.01791939 -2.55329736 -2.65908615  0.24371989
 -0.76606344  1.2451642  -2.62793347  1.12523258 -0.38394087  0.42040154
  1.91947472  0.45893923  0.65040689 -1.27225486  1.79029582  2.93979602
  0.99608145  0.22215785 -1.1420148   2.4225003   0.72809641 -1.90944364
 -0.05047353  1.87187268  0.98587348 -1.07930355 -2.30046548  2.22256831
  2.00439058  1.92726404  2.29740286  1.91526701 -1.66095861 -3.10408956
  0.42866426  1.34530953 -2.26383256 -1.1256595   2.31272278  1.3932015
 -0.27260593 -1.84439063 -1.64763856  1.96548518  1.30740562 -1.01169784
 -0.23158363 -0.69311697 -0.30447307  2.30223963 -0.66191791 -0.93607333
  0.77624351 -2.35168308  0.59003204  2.78501935 -0.35262894  2.04805109
 -1.86076498 -1.35289631 -2.59799407 -2.42333244 -1.50247666 -3.02970056
  2.01591333  1.78182621  1.58212875  1.12532342  1.58857273 -2.44488297
 -2.50735482  1.78867224  1.0340892  -0.2915131  -2.47720931  1.4318285
 -1.04405125 -3.04788063 -0.04666151  1.89750805 -2.70054964 -2.36827443
  1.87713223  1.02895187 -0.62522599 -0.4964535  -0.92085346  1.96421444
  0.47247999 -0.356616    0.40085569 -2.26613455  1.26184321 -0.1536952
  2.40203936  1.23350178  2.87718589 -1.05680096  2.10168059 -0.43082054
 -3.26770695  2.20228218  0.81150702  1.92951355 -1.28911     1.43931427
 -2.12214052  0.20986468  0.083922   -2.79002579 -0.90206652 -2.39278688
  0.07219812 -0.56894073]
Sat May 25 14:55:52 2024,217,0.0959525265404428,[-4.65345548  2.36713418 -1.84082609 -0.12454836  0.18622504 -2.68636222
  3.01220856  2.10537021  1.4553715  -0.92546437  0.61259864  1.09251498
  1.13192459 -1.54243452  0.77752792  2.80469702 -0.79770555 -0.63769151
 -1.75452066  0.60136511  1.67617429  2.99222642 -1.20957424 -0.31541023
 -2.42472959 -2.33828693  2.99449975  2.76383003 -0.54336341 -2.36464719
  1.48337449 -0.05923345 -2.31734242  2.09555314  1.28868076 -0.63854605
  0.84905815 -2.31818486 -0.02584776  2.15312025 -0.16447061  0.38900214
  2.71394132  1.04606653  2.46297713  3.16139684  2.6405708  -2.93983178
  0.2658638  -0.81620497  1.75914244  2.86313996 -0.51071826 -2.31692069
  2.7873709  -3.21102419  0.79488616 -0.6344145  -1.74112325  2.69785229
 -1.81002835 -1.58874282 -2.30383786  2.18797401 -2.4514474   2.13519795
  2.07406417  1.53580811  2.38269571  2.80523387  1.64918603  1.20069125
 -1.51324494 -2.22939106  1.47059099  0.71285345  1.31353654 -3.01435173
 -0.37786042  2.51824088 -1.03533936  1.28847081  1.48256109  0.5450059
 -0.83377145  1.11526395  0.66768158 -0.38326299  2.80465059 -1.9917448
  1.53836008 -0.48684823  1.09062812 -2.84939871 -2.45749388  0.45769627
 -1.16203207 -0.49414337  0.36623134 -0.11135262 -1.64998949 -0.04148536
 -0.85954475  2.81180643 -1.0623978  -1.38048254 -0.94804902  1.0779147
  1.85172041 -0.6957971   1.97157298 -2.1946927  -0.34655856 -0.73275776
 -2.88966586  3.16459727 -1.63188885  3.13493957 -1.26611123 -2.70893841
  3.36329753 -1.23233765 -0.77633436 -2.88402008 -2.7171833   2.54563717
 -2.13608374 -2.04792296 -0.18129518  3.14978531  0.24690381  0.21373673
 -1.25183605 -0.67834435 -1.73410185 -3.03029344  2.87147168  1.23604058
 -0.4855464  -2.18921751  1.10950828 -1.10600254 -0.48979294 -2.73875317
 -2.06505022  1.86570249 -0.87392695  2.62168541 -0.45414137 -2.67120945
 -2.82141693  2.26205194 -3.14485844 -0.44634096 -1.0027271  -0.247485
  2.347846    1.8396403   0.0180643  -2.55344227 -2.65923106  0.24357498
 -0.76591853  1.24501929 -2.62807838  1.12537749 -0.38379596  0.42025663
  1.91961963  0.45908414  0.65026198 -1.27239977  1.79044073  2.93965111
  0.99593654  0.22201294 -1.14186989  2.42235539  0.72824133 -1.90929873
 -0.05032862  1.87172777  0.98601839 -1.07915864 -2.30061039  2.22271322
  2.00424567  1.92740895  2.29754777  1.91541192 -1.66081369 -3.10394464
  0.42851934  1.34545444 -2.26368764 -1.12551458  2.31257786  1.39334641
 -0.27246101 -1.84424572 -1.64749364  1.96534027  1.3072607  -1.01155293
 -0.23172854 -0.69297206 -0.30432816  2.30238455 -0.661773   -0.93621824
  0.7760986  -2.351828    0.59017695  2.78487444 -0.35277385  2.04790618
 -1.86090989 -1.3527514  -2.59784916 -2.42318753 -1.50262157 -3.02955565
  2.01576842  1.7816813   1.58198384  1.12546834  1.58871764 -2.44473805
 -2.50720991  1.78881716  1.03423412 -0.29136819 -2.4770644   1.43197341
 -1.04419616 -3.04773571 -0.04680642  1.89736314 -2.70069455 -2.36841934
  1.87698731  1.02909678 -0.62508108 -0.49659841 -0.92099837  1.96435935
  0.4726249  -0.35647109  0.4010006  -2.26598964  1.26198812 -0.15384011
  2.40218427  1.23364669  2.87733081 -1.05665605  2.1018255  -0.43067563
 -3.26756203  2.20242709  0.81165193  1.92965846 -1.28925491  1.43945919
 -2.12199561  0.20971977  0.08406691 -2.7901707  -0.90192161 -2.39293179
  0.07234304 -0.56879582]
Sat May 25 14:57:01 2024,218,0.09595173237682947,[-4.65359606  2.36699361 -1.84068552 -0.12468894  0.18608447 -2.6865028
  3.01234914  2.10522964  1.45523092 -0.92560494  0.61273921  1.09265555
  1.13206517 -1.54257509  0.7776685   2.8048376  -0.79756497 -0.63783209
 -1.75466123  0.60150568  1.67631486  2.99208585 -1.20943367 -0.31526965
 -2.42458901 -2.33814636  2.99435917  2.7639706  -0.54322284 -2.36450661
  1.48323392 -0.05909288 -2.31720184  2.09541256  1.28882133 -0.63868663
  0.84891758 -2.31832544 -0.02598834  2.15326083 -0.16433004  0.38886157
  2.71380074  1.0462071   2.46283656  3.16153741  2.64043022 -2.93997235
  0.26572323 -0.81634555  1.75928301  2.86328053 -0.51085883 -2.31706126
  2.78723033 -3.21116476  0.79474558 -0.63455508 -1.74098267  2.69799287
 -1.80988777 -1.58860224 -2.30397843  2.18783343 -2.45130682  2.13533852
  2.07420474  1.53566754  2.38255513  2.80537445  1.64904546  1.20055068
 -1.51310436 -2.22953164  1.47073156  0.71271288  1.31367711 -3.01421116
 -0.37771985  2.5181003  -1.03547994  1.28833024  1.48270167  0.54514647
 -0.83363088  1.11512337  0.66754101 -0.38340356  2.80451002 -1.99188537
  1.5382195  -0.48670765  1.09048754 -2.84925814 -2.45763446  0.45783684
 -1.16217265 -0.49428394  0.36637192 -0.11149319 -1.65013007 -0.04134479
 -0.85940417  2.81166585 -1.06253837 -1.38034196 -0.94818959  1.07777412
  1.85157983 -0.69593768  1.97143241 -2.19455213 -0.34669914 -0.73261718
 -2.88980643  3.16473785 -1.63174828  3.13508014 -1.2662518  -2.70879784
  3.36315695 -1.23219707 -0.77647493 -2.88387951 -2.71732387  2.54577774
 -2.13622432 -2.04778239 -0.18143575  3.14964474  0.24704438  0.21359616
 -1.25169548 -0.67820377 -1.73396128 -3.03043402  2.87133111  1.23618116
 -0.48540583 -2.18935809  1.10964885 -1.10586197 -0.48965236 -2.7386126
 -2.06490965  1.86584307 -0.87406753  2.62154484 -0.4540008  -2.67106888
 -2.8215575   2.26191137 -3.14471787 -0.44620038 -1.00286767 -0.24734443
  2.34798657  1.83978087  0.01820488 -2.5533017  -2.65909049  0.24371555
 -0.7660591   1.24515986 -2.62793781  1.12523692 -0.38365539  0.4203972
  1.91947905  0.45922472  0.65040255 -1.27254034  1.79058131  2.93951054
  0.99579596  0.22187236 -1.14172932  2.42221482  0.7283819  -1.90943931
 -0.05018805  1.8715872   0.98615896 -1.07901806 -2.30075096  2.22257264
  2.00438625  1.92726838  2.29768834  1.9155525  -1.66067312 -3.10380407
  0.42865992  1.34531386 -2.26382822 -1.12565516  2.31243729  1.39320583
 -0.27232044 -1.84410515 -1.64763422  1.96519969  1.30712013 -1.01141236
 -0.23158797 -0.69283148 -0.30418758  2.30252512 -0.66191357 -0.93607767
  0.77595803 -2.35168742  0.59003638  2.78473386 -0.35263327  2.0477656
 -1.86076932 -1.35289198 -2.59770859 -2.42304695 -1.502481   -3.02969622
  2.01562785  1.78182188  1.58184327  1.12532776  1.58885822 -2.44487863
 -2.50706933  1.78867658  1.03437469 -0.29150876 -2.47720497  1.43183284
 -1.04405558 -3.04759514 -0.04666584  1.89750372 -2.70083512 -2.36827877
  1.87684674  1.02923735 -0.62522165 -0.49645784 -0.92113895  1.96421877
  0.47276547 -0.35661166  0.40114117 -2.26613022  1.26212869 -0.15369954
  2.4020437   1.23378727  2.87747138 -1.05679662  2.10168493 -0.43053506
 -3.26770261  2.20256766  0.8117925   1.92951788 -1.28939548  1.43931861
 -2.12185503  0.20986034  0.08392634 -2.79003013 -0.90178103 -2.39307237
  0.07248361 -0.56893639]
Sat May 25 14:59:06 2024,219,0.09595098327863391,[-4.65373243  2.36685724 -1.84082189 -0.12455256  0.18622084 -2.68663917
  3.01221276  2.10536601  1.45509455 -0.92574131  0.61287558  1.09279193
  1.13220154 -1.54243872  0.77780487  2.80497397 -0.79770135 -0.63769571
 -1.75479761  0.60164205  1.67617849  2.99194947 -1.2092973  -0.31513328
 -2.42472539 -2.33800998  2.99449555  2.76383423 -0.54308647 -2.36464299
  1.48337029 -0.0589565  -2.31706547  2.09527619  1.2889577  -0.638823
  0.8487812  -2.31846181 -0.02612471  2.1533972  -0.16419366  0.38872519
  2.71366437  1.04634347  2.46270019  3.16140104  2.64029385 -2.93983598
  0.26558685 -0.81648192  1.75914664  2.8634169  -0.51072246 -2.31719764
  2.7873667  -3.21130114  0.79460921 -0.63469145 -1.74111905  2.69785649
 -1.8097514  -1.58846587 -2.3041148   2.18796981 -2.45117045  2.1354749
  2.07406837  1.53553117  2.38269151  2.80523807  1.64918183  1.20068705
 -1.51296799 -2.22939526  1.47086794  0.7125765   1.31354074 -3.01407478
 -0.37785622  2.51796393 -1.03534356  1.28819387  1.48283804  0.54528284
 -0.83349451  1.114987    0.66767738 -0.38353993  2.80464639 -1.99202175
  1.53808313 -0.48657128  1.09062392 -2.84939451 -2.45749808  0.45770047
 -1.16203627 -0.49442032  0.36623554 -0.11135682 -1.64999369 -0.04120842
 -0.8592678   2.81180223 -1.06267474 -1.38047834 -0.94832597  1.0779105
  1.85171621 -0.6958013   1.97129603 -2.1946885  -0.34683551 -0.73248081
 -2.88994281  3.16487422 -1.63188465  3.13521652 -1.26638817 -2.70893421
  3.36302058 -1.2320607  -0.7766113  -2.88374313 -2.7171875   2.54564137
 -2.13636069 -2.04764602 -0.18129938  3.14950836  0.24690801  0.21345979
 -1.2515591  -0.6780674  -1.73409765 -3.03029764  2.87146748  1.23631753
 -0.4855422  -2.18922171  1.10978522 -1.10572559 -0.48951599 -2.73847623
 -2.06477327  1.86597944 -0.8742039   2.62168121 -0.45386443 -2.67093251
 -2.82169387  2.26204774 -3.14485424 -0.44633676 -1.0027313  -0.2474808
  2.3478502   1.8396445   0.01834125 -2.55316533 -2.65895411  0.24357918
 -0.76592273  1.24502349 -2.62807418  1.12510054 -0.38351902  0.42026082
  1.91934268  0.45908834  0.65053892 -1.27240397  1.79071768  2.93937416
  0.99593234  0.22173599 -1.14159294  2.42235119  0.72824553 -1.90930293
 -0.05032442  1.87145082  0.98629534 -1.07915444 -2.30061459  2.22243627
  2.00424987  1.92740475  2.29782472  1.91541612 -1.66053675 -3.1036677
  0.42852354  1.34517749 -2.26369184 -1.12551878  2.31257366  1.39306946
 -0.27218407 -1.84396877 -1.64777059  1.96533607  1.30698376 -1.01154873
 -0.23172434 -0.69296786 -0.30405121  2.30266149 -0.66204994 -0.9359413
  0.77582165 -2.3518238   0.59017275  2.78459749 -0.3524969   2.04762923
 -1.86090569 -1.35302835 -2.59784496 -2.42318333 -1.50261737 -3.02955985
  2.01576422  1.78195825  1.58197964  1.12519139  1.58899459 -2.44474225
 -2.50720571  1.78881296  1.03451106 -0.29164513 -2.4770686   1.43196921
 -1.04391921 -3.04745877 -0.04652947  1.89764009 -2.70097149 -2.36841515
  1.87698311  1.02910098 -0.62535803 -0.49659421 -0.92127532  1.9640824
  0.4726291  -0.35674803  0.4010048  -2.26626659  1.26199232 -0.15383591
  2.40190733  1.23365089  2.87760775 -1.05666025  2.10154856 -0.43039868
 -3.26783898  2.20270404  0.81192887  1.92965426 -1.28953185  1.43945499
 -2.12199141  0.20972397  0.08378996 -2.7901665  -0.90164466 -2.39293599
  0.07234724 -0.56907276]
Sat May 25 15:00:03 2024,220,0.0959502766017083,[-4.65386474  2.36698954 -1.8409542  -0.12442025  0.18635315 -2.68677148
  3.01234507  2.10549832  1.45522686 -0.92587362  0.61300789  1.09265962
  1.13206923 -1.54230641  0.77767256  2.80510628 -0.79783366 -0.63756341
 -1.75492991  0.60177436  1.67604618  2.99181716 -1.20916499 -0.31526559
 -2.42459308 -2.33787768  2.99436324  2.76396653 -0.54321877 -2.36477529
  1.48323799 -0.0588242  -2.31719778  2.0954085   1.28909001 -0.63895531
  0.84891351 -2.31859412 -0.02625702  2.15326489 -0.16432597  0.3888575
  2.71353206  1.04647578  2.46256788  3.16126873  2.64042616 -2.93996829
  0.26545454 -0.81634961  1.75927894  2.86354921 -0.51085477 -2.31732994
  2.78723439 -3.21116883  0.7944769  -0.63482376 -1.74098674  2.69772419
 -1.80961909 -1.58859818 -2.30424711  2.1878375  -2.45103814  2.13534259
  2.07393606  1.53539886  2.3825592   2.80510577  1.64931414  1.20055474
 -1.51283568 -2.22952757  1.47100025  0.7124442   1.31340843 -3.01394248
 -0.37772391  2.51809624 -1.03521125  1.28806156  1.48297035  0.54541515
 -0.8333622   1.11485469  0.66780969 -0.38367224  2.8047787  -1.99215405
  1.53795082 -0.48670359  1.09075622 -2.84952682 -2.45763039  0.45756816
 -1.16190396 -0.49455262  0.36610324 -0.11122451 -1.650126   -0.04134072
 -0.85940011  2.81166992 -1.06254244 -1.38034603 -0.94845827  1.07777819
  1.85184852 -0.695669    1.97116373 -2.1945562  -0.3467032  -0.73261312
 -2.8898105   3.16474191 -1.63175234  3.13534882 -1.26625587 -2.70880191
  3.36315289 -1.23192839 -0.77674361 -2.88361082 -2.7173198   2.54577367
 -2.136493   -2.04751371 -0.18143169  3.14964067  0.24704032  0.21359209
 -1.2514268  -0.67793509 -1.73396534 -3.03042995  2.87159979  1.23618522
 -0.48567451 -2.18935402  1.10965292 -1.10559329 -0.4896483  -2.73834392
 -2.06464097  1.86611175 -0.87407159  2.62181352 -0.45373212 -2.6708002
 -2.82156157  2.26191544 -3.14472194 -0.44646906 -1.00286361 -0.24734849
  2.34771789  1.83977681  0.01820894 -2.55329763 -2.65908642  0.24371149
 -0.76579042  1.2451558  -2.62794188  1.12496824 -0.38365132  0.42039313
  1.91947499  0.45895604  0.65067123 -1.27227166  1.79084999  2.93950647
  0.99606465  0.22160368 -1.14146064  2.42221888  0.72811322 -1.90943524
 -0.05019211  1.87131851  0.98642764 -1.07928675 -2.3007469   2.22256858
  2.00438218  1.92753706  2.29795702  1.91554843 -1.66066905 -3.1038
  0.42865585  1.3453098  -2.26382415 -1.12565109  2.31244136  1.39293715
 -0.27231637 -1.84383646 -1.64763828  1.96546837  1.30711606 -1.01141643
 -0.23159203 -0.69310017 -0.3039189   2.3027938  -0.66191764 -0.9360736
  0.77568935 -2.35169149  0.59030506  2.78446518 -0.35262921  2.04749692
 -1.861038   -1.35316066 -2.59771265 -2.42305102 -1.50248506 -3.02969216
  2.01589653  1.78209056  1.58184734  1.1253237   1.58886228 -2.44487456
 -2.5070734   1.78894526  1.03437876 -0.29177744 -2.4772009   1.43210152
 -1.0437869  -3.04759107 -0.04639716  1.89750778 -2.70083919 -2.36854745
  1.87711542  1.02923329 -0.62549034 -0.4964619  -0.92114301  1.96395009
  0.47276141 -0.35661573  0.40113711 -2.26613428  1.26212462 -0.15370361
  2.40203963  1.2337832   2.87774006 -1.05652794  2.10141625 -0.43026638
 -3.26797129  2.20283635  0.81179657  1.92952195 -1.28966416  1.43958729
 -2.12212372  0.20959166  0.08365766 -2.79003419 -0.90151235 -2.3930683
  0.07221493 -0.56920507]
Sat May 25 15:00:29 2024,221,0.09594960986201176,[-4.65399311  2.36686117 -1.84108257 -0.12454862  0.18648152 -2.68689985
  3.0122167   2.10536995  1.45509849 -0.92600199  0.61287952  1.09253125
  1.1321976  -1.54243478  0.77754419  2.80523465 -0.79796202 -0.63769178
 -1.75505828  0.60164599  1.67591781  2.99168879 -1.20929336 -0.31539396
 -2.42472145 -2.33774931  2.99449161  2.76383816 -0.5430904  -2.36490366
  1.48310962 -0.05869583 -2.31706941  2.09528013  1.28921838 -0.63882694
  0.84878514 -2.31872249 -0.02612865  2.15313652 -0.16445434  0.38872913
  2.71366043  1.04634741  2.46243951  3.16114036  2.64029779 -2.93983992
  0.26532617 -0.81647798  1.75940731  2.86367758 -0.5107264  -2.31745831
  2.78736276 -3.2112972   0.79434853 -0.63495213 -1.74111511  2.69785256
 -1.80949072 -1.58846981 -2.30437548  2.18770913 -2.45090977  2.13521422
  2.07406443  1.53552723  2.38243083  2.8049774   1.64918577  1.20068311
 -1.51296405 -2.2293992   1.47112862  0.71231583  1.31328006 -3.01407085
 -0.37759554  2.51822461 -1.03533962  1.28793319  1.48309872  0.54528678
 -0.83349057  1.11498306  0.66793806 -0.38380061  2.80465033 -1.99228242
  1.53807919 -0.48657522  1.09088459 -2.84939845 -2.45775876  0.45769653
 -1.16177559 -0.49442425  0.36597487 -0.11135288 -1.64999763 -0.04121235
 -0.85952848  2.81179829 -1.06241407 -1.38021766 -0.94858664  1.07790656
  1.85197689 -0.69554063  1.9712921  -2.19442783 -0.34683157 -0.73274149
 -2.88993887  3.16487028 -1.63162397  3.13547719 -1.26638424 -2.70893028
  3.36328126 -1.23205676 -0.77687198 -2.88348245 -2.71719143  2.5456453
 -2.13662137 -2.04738534 -0.18156006  3.1495123   0.24691195  0.21346372
 -1.25129843 -0.67780672 -1.73383697 -3.03030158  2.87147142  1.23605685
 -0.48580288 -2.18922565  1.10978129 -1.10546492 -0.48977667 -2.73847229
 -2.06476934  1.86624012 -0.87419996  2.62168515 -0.45360375 -2.67092857
 -2.8214332   2.26204381 -3.14459357 -0.44634069 -1.00273524 -0.24722012
  2.34784626  1.83990518  0.01808057 -2.55316926 -2.65895805  0.24383986
 -0.76591879  1.24528417 -2.62781351  1.12483987 -0.38352295  0.42026476
  1.91934662  0.45882767  0.65054286 -1.27214329  1.79097836  2.93963484
  0.99593628  0.22173205 -1.14158901  2.42234725  0.72824159 -1.90956361
 -0.05006374  1.87144688  0.98655601 -1.07915838 -2.30061853  2.22244021
  2.00451055  1.92766543  2.29782865  1.91542006 -1.66079742 -3.10367163
  0.42852748  1.34518143 -2.26369578 -1.12552272  2.31231299  1.39306552
 -0.272188   -1.84370809 -1.64750991  1.96559674  1.30698769 -1.0115448
 -0.2317204  -0.69322854 -0.30404727  2.30266543 -0.66204601 -0.93594523
  0.77581772 -2.35181986  0.59043343  2.78459355 -0.35250084  2.04762529
 -1.86090963 -1.35303229 -2.59784102 -2.42317939 -1.50235669 -3.02956379
  2.01576816  1.78196219  1.58171897  1.12519533  1.58899065 -2.44474619
 -2.50694503  1.78907363  1.03425039 -0.29164907 -2.47732927  1.43222989
 -1.04391527 -3.0474627  -0.04652553  1.89737941 -2.70071082 -2.36867582
  1.87698705  1.02910492 -0.62561871 -0.49633353 -0.92127138  1.96382172
  0.47288978 -0.3567441   0.40126548 -2.26626265  1.26199625 -0.15383198
  2.40191126  1.23365483  2.87786843 -1.05665631  2.10128788 -0.43013801
 -3.26784292  2.20296472  0.8116682   1.92939358 -1.28979253  1.43971566
 -2.12225209  0.20946329  0.08352929 -2.78990582 -0.90138398 -2.39319667
  0.0723433  -0.56933344]
Sat May 25 15:01:03 2024,222,0.09594898072561711,[-4.65411766  2.36673662 -1.84120712 -0.12467318  0.18635696 -2.68677529
  3.01234126  2.10549451  1.45497393 -0.92612655  0.61300408  1.09240669
  1.13207305 -1.54231023  0.77766875  2.8053592  -0.79783747 -0.63756722
 -1.75493373  0.60177055  1.67579325  2.99181335 -1.2091688  -0.3152694
 -2.42484601 -2.33787386  2.99436705  2.76396272 -0.54321496 -2.36477911
  1.48323417 -0.05857127 -2.31719397  2.09540468  1.28934294 -0.63895149
  0.84866059 -2.31884704 -0.02600409  2.15301197 -0.16432978  0.38885369
  2.71378499  1.04647197  2.46256407  3.16101581  2.64017323 -2.93971536
  0.26545073 -0.81660254  1.75928276  2.86380214 -0.51085096 -2.31758287
  2.78723821 -3.21142176  0.79447309 -0.63482757 -1.74123966  2.697728
 -1.80936617 -1.58859436 -2.30425092  2.18758457 -2.45078521  2.13533878
  2.07418899  1.53540267  2.38255539  2.80510195  1.64906121  1.20055856
 -1.51308861 -2.22952376  1.47100406  0.71244038  1.31340462 -3.01394629
 -0.3777201   2.51834916 -1.03546418  1.28780863  1.48322328  0.54516222
 -0.83336601  1.11510762  0.66806262 -0.38367605  2.80452577 -1.99240698
  1.53795463 -0.48669977  1.09100915 -2.84952301 -2.4576342   0.45782109
 -1.16165104 -0.49454881  0.36609942 -0.11147744 -1.65012219 -0.04133691
 -0.85965303  2.81192285 -1.06228951 -1.38034222 -0.94846209  1.077782
  1.85210144 -0.69566518  1.97116754 -2.19455238 -0.34695613 -0.73286604
 -2.88981431  3.16499484 -1.63174853  3.13560175 -1.26625968 -2.70905483
  3.3631567  -1.23218132 -0.77674743 -2.8833579  -2.71706688  2.54552075
 -2.13674593 -2.04726078 -0.1814355   3.14963686  0.2470365   0.21358828
 -1.25142298 -0.67768217 -1.73371242 -3.03017702  2.87134686  1.23593229
 -0.48567832 -2.18935021  1.10965673 -1.10558947 -0.48965211 -2.73859685
 -2.06489389  1.86611556 -0.87407541  2.62180971 -0.45372831 -2.67105312
 -2.82130864  2.26216836 -3.14446901 -0.44621614 -1.00285979 -0.24709557
  2.34797082  1.84002973  0.01820513 -2.55329382 -2.65908261  0.24396441
 -0.76579423  1.24515961 -2.62793806  1.12496442 -0.3833984   0.42038932
  1.91922206  0.45870311  0.6504183  -1.27201873  1.7908538   2.9397594
  0.99606083  0.22185661 -1.14171356  2.4222227   0.72836614 -1.90968817
 -0.04993919  1.87132233  0.98668057 -1.07928293 -2.30049397  2.22256476
  2.00463511  1.92754087  2.2977041   1.91529551 -1.66067287 -3.10379619
  0.42865204  1.34530598 -2.26357122 -1.12564728  2.31218843  1.39294097
 -0.27206345 -1.84383265 -1.64763447  1.96547219  1.30711225 -1.01166935
 -0.23159585 -0.69335309 -0.30392272  2.30278999 -0.66217056 -0.93582068
  0.77594227 -2.35194441  0.59030887  2.78471811 -0.35237628  2.04750074
 -1.86103419 -1.35290773 -2.59796558 -2.42305483 -1.50223214 -3.02968835
  2.01589272  1.78208674  1.58184352  1.12531988  1.58911521 -2.44462163
 -2.50706959  1.78894908  1.03412583 -0.29177363 -2.47745383  1.43210533
 -1.04403983 -3.04733815 -0.04665009  1.89750397 -2.70058626 -2.36880038
  1.87686249  1.02898036 -0.62549415 -0.49645809 -0.92139594  1.96369717
  0.47276522 -0.35686865  0.40139003 -2.26638721  1.26212081 -0.15395653
  2.40178671  1.23377939  2.87774387 -1.05678087  2.10141244 -0.43001345
 -3.26796748  2.20284016  0.81179275  1.92951814 -1.28966797  1.43984022
 -2.12212753  0.20933873  0.08340473 -2.79003038 -0.90150854 -2.39332123
  0.07221874 -0.569458  ]
Sat May 25 15:01:25 2024,223,0.09594838699936044,[-4.65423853  2.36661575 -1.84108626 -0.12455232  0.18647782 -2.68689616
  3.01246212  2.10537364  1.45485306 -0.92600568  0.61288321  1.09228583
  1.13219391 -1.54243109  0.77754789  2.80548007 -0.79795833 -0.63744635
 -1.75481286  0.60189141  1.67591412  2.99169249 -1.20904794 -0.31539027
 -2.42472514 -2.33799473  2.99448792  2.76408359 -0.54333583 -2.36489997
  1.48311331 -0.0584504  -2.31731483  2.09528382  1.2894638  -0.63907236
  0.84878145 -2.31896791 -0.02612496  2.15313283 -0.16445065  0.38897455
  2.71366413  1.04659283  2.4624432   3.16089494  2.6402941  -2.93983623
  0.2655716  -0.81648167  1.75916189  2.863923   -0.51097182 -2.31746201
  2.78711734 -3.21130089  0.79459395 -0.6347067  -1.74136053  2.69760713
 -1.8092453  -1.5884735  -2.30437179  2.18746371 -2.45090608  2.13545964
  2.07430985  1.53528181  2.38267625  2.80498109  1.64918208  1.20043769
 -1.51320947 -2.22940289  1.47088319  0.71231952  1.31352548 -3.01406715
 -0.37784096  2.5182283  -1.03558505  1.2879295   1.48334414  0.54528309
 -0.83348688  1.11498676  0.66818348 -0.38355519  2.80464664 -1.99252785
  1.53783377 -0.48657891  1.09088829 -2.84964387 -2.45751334  0.45794195
 -1.1617719  -0.49466967  0.36597856 -0.11135657 -1.65024305 -0.04121605
 -0.85953217  2.81180198 -1.06216864 -1.38046308 -0.94858295  1.07766114
  1.85198058 -0.69554432  1.9712884  -2.19443152 -0.347077   -0.73274518
 -2.88993518  3.16511571 -1.63162767  3.13572261 -1.26613882 -2.70893397
  3.36303583 -1.23230218 -0.77686829 -2.88347876 -2.71718774  2.54539988
 -2.13686679 -2.04713992 -0.18155636  3.14975772  0.24691564  0.21370915
 -1.25154385 -0.67780303 -1.73383328 -3.03029789  2.871226    1.23581143
 -0.48555746 -2.18947107  1.10953586 -1.10546861 -0.48977298 -2.73871771
 -2.06477303  1.8659947  -0.87419627  2.62168884 -0.45384917 -2.67093226
 -2.82118778  2.26228923 -3.14458987 -0.44609527 -1.00298066 -0.2469747
  2.34784995  1.8401506   0.01808426 -2.55317296 -2.65896174  0.24384355
 -0.76567337  1.24503875 -2.6278172   1.12508529 -0.38351926  0.42051018
  1.91934292  0.45858224  0.65053917 -1.27189787  1.79097467  2.93963853
  0.9961817   0.22173574 -1.14183443  2.42234356  0.72848701 -1.9095673
 -0.05006005  1.87120146  0.98655971 -1.0794038  -2.30061483  2.2224439
  2.00451424  1.92742001  2.29782496  1.91517464 -1.66079373 -3.10367533
  0.42853117  1.34518512 -2.26369209 -1.12552641  2.31206757  1.3928201
 -0.27194258 -1.84395352 -1.64775534  1.96535132  1.30699139 -1.01154849
 -0.23171671 -0.69323223 -0.30380185  2.30291085 -0.66229143 -0.93569981
  0.77606314 -2.35206528  0.59042974  2.78459724 -0.35249715  2.0476216
 -1.86091332 -1.3530286  -2.59784472 -2.4231757  -1.50211127 -3.02956748
  2.01577185  1.78196588  1.58196439  1.12544075  1.58923607 -2.4447425
 -2.50719045  1.78882821  1.03424669 -0.29165276 -2.47733297  1.43198447
 -1.04391897 -3.04745901 -0.04652923  1.89738311 -2.70070712 -2.36867952
  1.87674163  1.02910122 -0.62537328 -0.49633723 -0.92127507  1.96381803
  0.47264436 -0.35698952  0.40126917 -2.26650807  1.26224168 -0.1540774
  2.40166584  1.23390025  2.87762301 -1.05690173  2.10129157 -0.43013431
 -3.26808834  2.20296102  0.81191362  1.92939727 -1.28978884  1.43971936
 -2.12224839  0.20921787  0.08352559 -2.78990952 -0.90138767 -2.39344209
  0.07233961 -0.56957886]
Sat May 25 15:01:48 2024,224,0.09594782662209081,[-4.65435582  2.36673304 -1.84096897 -0.12443503  0.18659511 -2.68701345
  3.01257941  2.10549093  1.45497035 -0.9258884   0.61276593  1.09216854
  1.1323112  -1.54254838  0.7774306   2.80559736 -0.79807562 -0.63732907
 -1.75469557  0.60177413  1.67603141  2.9915752  -1.20893065 -0.31550755
 -2.42460785 -2.33811202  2.99437063  2.7639663  -0.54345311 -2.36501726
  1.48299602 -0.05833312 -2.31719754  2.09540111  1.28934651 -0.63895507
  0.84866416 -2.3190852  -0.02600767  2.15301554 -0.16433336  0.38909184
  2.71378141  1.04647554  2.46256049  3.16101223  2.64041138 -2.93971894
  0.26568888 -0.81636439  1.75927918  2.86380571 -0.51108911 -2.31757929
  2.78700005 -3.21141818  0.79471124 -0.63482399 -1.74147782  2.69772442
 -1.80936259 -1.58835621 -2.3042545   2.18734642 -2.45078879  2.13534235
  2.07442714  1.53539909  2.38279354  2.80509838  1.64929936  1.2003204
 -1.51332676 -2.22952018  1.47076591  0.71243681  1.31340819 -3.01418444
 -0.37772368  2.51834559 -1.03546776  1.28781221  1.48322685  0.5451658
 -0.83360416  1.11486947  0.66830077 -0.38367248  2.80476392 -1.99264513
  1.53795106 -0.48646162  1.090771   -2.84976116 -2.45739605  0.45805924
 -1.16188919 -0.49478696  0.36586127 -0.11147386 -1.65036034 -0.04109876
 -0.85941488  2.81191927 -1.06205136 -1.38058037 -0.94870024  1.07754385
  1.85186329 -0.69542703  1.97140569 -2.19431423 -0.34695971 -0.73262789
 -2.88981789  3.16499842 -1.63151038  3.1358399  -1.2662561  -2.70881668
  3.36291855 -1.23241947 -0.776751   -2.88336147 -2.71707045  2.54551717
 -2.13698408 -2.04725721 -0.18143907  3.14987501  0.24679835  0.21382643
 -1.25166114 -0.67792032 -1.73395057 -3.03041518  2.87134329  1.23592872
 -0.48567474 -2.18958836  1.10965315 -1.1055859  -0.48989026 -2.738835
 -2.06489032  1.86587741 -0.87431356  2.62180613 -0.45373188 -2.67104955
 -2.82130506  2.26240652 -3.14447258 -0.44621256 -1.00286337 -0.24709199
  2.34773267  1.84003331  0.01820155 -2.55329025 -2.65907903  0.24396084
 -0.76579065  1.24492146 -2.62793449  1.124968   -0.38363655  0.4203929
  1.91922564  0.45846496  0.65042188 -1.27178058  1.79109195  2.93975582
  0.99606441  0.22185303 -1.14171714  2.42222627  0.72836972 -1.90945001
 -0.04994276  1.87131875  0.98667699 -1.07928651 -2.30049755  2.22256119
  2.00439695  1.92753729  2.29770767  1.91529193 -1.66067644 -3.10355804
  0.42864846  1.34506783 -2.2635748  -1.1256437   2.31195028  1.39293739
 -0.27205987 -1.8440708  -1.64787262  1.96546861  1.30710868 -1.0114312
 -0.23159942 -0.69334952 -0.30368456  2.30279356 -0.66217414 -0.93558252
  0.77618043 -2.35194799  0.59054703  2.78471453 -0.35261443  2.04750431
 -1.86079603 -1.35314588 -2.59772743 -2.42329299 -1.50222856 -3.02968477
  2.01565456  1.78184859  1.58208168  1.12532346  1.58911879 -2.44462521
 -2.50707316  1.78871092  1.03436398 -0.29177005 -2.47745026  1.43186718
 -1.04403625 -3.04734172 -0.04664651  1.89750039 -2.70058984 -2.3687968
  1.87685892  1.02898394 -0.62549057 -0.49645451 -0.92115779  1.96370074
  0.47252707 -0.35687223  0.40138646 -2.26662536  1.26212439 -0.15419469
  2.40178313  1.23401754  2.8777403  -1.05701902  2.10140886 -0.4302516
 -3.26820563  2.20307831  0.81179633  1.92927998 -1.28967155  1.43960207
 -2.1221311   0.20933516  0.08364288 -2.7900268  -0.90150496 -2.3933248
  0.07245689 -0.56946157]
Sat May 25 15:02:11 2024,225,0.09594729765647872,[-4.65446964  2.36684686 -1.84085515 -0.12454885  0.18670894 -2.68689962
  3.01269324  2.10560476  1.45508418 -0.92577457  0.61287975  1.09205471
  1.13242502 -1.54243455  0.77754442  2.80548353 -0.7979618  -0.63721524
 -1.75458175  0.60188795  1.67591758  2.99168902 -1.20881682 -0.31562138
 -2.42449403 -2.33822584  2.99448446  2.76385247 -0.54356694 -2.36490344
  1.48310984 -0.05844694 -2.31731137  2.09528728  1.28923269 -0.63884124
  0.84855034 -2.31897137 -0.02612149  2.15312937 -0.16421953  0.38897802
  2.71366759  1.04658937  2.46244666  3.16112605  2.64052521 -2.93983276
  0.26580271 -0.81647821  1.75916536  2.86391954 -0.51120293 -2.31769312
  2.78711388 -3.21130435  0.79459742 -0.63493782 -1.74159164  2.6976106
 -1.80924876 -1.58824238 -2.30436832  2.18746024 -2.45067497  2.13522853
  2.07431332  1.53528527  2.38267972  2.80498455  1.64941319  1.20020658
 -1.51344059 -2.22963401  1.47065208  0.71232298  1.31352202 -3.01407062
 -0.37760985  2.51845941 -1.03535393  1.28792603  1.48311303  0.54505198
 -0.83349034  1.11498329  0.66841459 -0.38355865  2.8046501  -1.99275896
  1.53806488 -0.48634779  1.09065717 -2.84987498 -2.45750988  0.45794542
 -1.16200301 -0.49490079  0.36574745 -0.11136003 -1.65047416 -0.04098493
 -0.8595287   2.81180545 -1.06193753 -1.38046655 -0.94858641  1.07765768
  1.85174946 -0.69531321  1.97129187 -2.1942004  -0.34707353 -0.73274172
 -2.88970406  3.16488459 -1.63139655  3.13572608 -1.26636993 -2.70870286
  3.36303237 -1.23253329 -0.77663718 -2.88324765 -2.71695663  2.54540335
 -2.13687026 -2.04737103 -0.18132525  3.14976119  0.24691218  0.21371261
 -1.25154731 -0.67803414 -1.73383674 -3.03030135  2.87122946  1.23581489
 -0.48578857 -2.18947454  1.10976698 -1.10569972 -0.49000409 -2.73894882
 -2.06477649  1.86599123 -0.87442739  2.62191996 -0.45384571 -2.67093572
 -2.82119124  2.26229269 -3.14458641 -0.44609874 -1.00297719 -0.24697817
  2.34761884  1.84014714  0.01831538 -2.55317642 -2.65896521  0.24384701
 -0.76590448  1.24503528 -2.62804831  1.12485417 -0.38375037  0.42050672
  1.91911181  0.45835113  0.65030806 -1.27166676  1.79120578  2.939642
  0.99617823  0.22196686 -1.14183097  2.4223401   0.7282559  -1.90956384
 -0.05005659  1.87143258  0.98656317 -1.07917268 -2.30038372  2.22244736
  2.00451078  1.92742347  2.29759385  1.91540575 -1.66056262 -3.10367186
  0.42876229  1.34518166 -2.26368863 -1.12575753  2.3120641   1.39282356
 -0.27194605 -1.84418463 -1.6477588   1.96535479  1.3072225  -1.01131738
 -0.2314856  -0.69346334 -0.30357074  2.30267974 -0.66206031 -0.9354687
  0.7760666  -2.35206182  0.59066085  2.78460071 -0.35250061  2.04739049
 -1.86068221 -1.35303206 -2.59784125 -2.42317916 -1.50234238 -3.02957094
  2.01576839  1.78196242  1.5821955   1.12520963  1.58923261 -2.44451139
 -2.50695934  1.7885971   1.03425016 -0.29188388 -2.47756408  1.43175335
 -1.04392243 -3.04745555 -0.04676034  1.89738657 -2.70047601 -2.36868298
  1.87674509  1.02887011 -0.6256044  -0.49656834 -0.92104396  1.96381457
  0.47264089 -0.35698605  0.40127263 -2.26673919  1.26201056 -0.15430851
  2.40189696  1.23390372  2.87762647 -1.05690519  2.10129504 -0.43013778
 -3.26831945  2.20319214  0.81168251  1.92939381 -1.28955773  1.43948824
 -2.12201728  0.20922133  0.08375671 -2.79014063 -0.90161879 -2.39343863
  0.07234307 -0.56934775]
Sat May 25 15:02:42 2024,226,0.09594679828135098,[-4.65458011  2.36673639 -1.84074468 -0.12443838  0.18659847 -2.68701009
  3.01280371  2.10571523  1.45497371 -0.9256641   0.61276928  1.09216518
  1.13231455 -1.54232408  0.77743395  2.80537306 -0.79807227 -0.63710477
 -1.75469222  0.60177748  1.67580711  2.99179949 -1.20892729 -0.31573185
 -2.42438356 -2.33833631  2.99459493  2.76396294 -0.54345647 -2.36501391
  1.48322031 -0.05855741 -2.31742184  2.09517681  1.28912222 -0.63895171
  0.84843987 -2.31908184 -0.02601102  2.15323984 -0.16410906  0.38908849
  2.71377806  1.04669984  2.46255713  3.16101558  2.64041474 -2.93972229
  0.26569224 -0.81658868  1.75905489  2.86380907 -0.51109246 -2.31780359
  2.78722435 -3.21141482  0.79470789 -0.63482735 -1.74148117  2.69750013
 -1.80935923 -1.58813191 -2.30425785  2.18757071 -2.45078544  2.13511806
  2.07420285  1.53539574  2.38279019  2.80509502  1.64952366  1.20031705
 -1.51333012 -2.22952354  1.47076255  0.71221251  1.31341155 -3.01418109
 -0.37749938  2.51856988 -1.0354644   1.2880365   1.4832235   0.54494151
 -0.83360081  1.11487282  0.66852506 -0.38344818  2.80453963 -1.99286943
  1.53817535 -0.48623732  1.09076764 -2.84976451 -2.45762035  0.45805589
 -1.16211348 -0.49501126  0.36563698 -0.1114705  -1.65058463 -0.0410954
 -0.85963917  2.81191592 -1.062048   -1.38035608 -0.94869688  1.07754721
  1.85185993 -0.69542368  1.97140234 -2.19431087 -0.34696306 -0.73285219
 -2.88981453  3.16477412 -1.63150702  3.13561561 -1.26625946 -2.70859239
  3.3629219  -1.23242283 -0.77674765 -2.88313718 -2.7170671   2.54529288
 -2.13698072 -2.04726056 -0.18143572  3.14965072  0.24702265  0.21382308
 -1.25165778 -0.67814461 -1.73372627 -3.03019088  2.87111899  1.23570442
 -0.48589904 -2.18936407  1.10987745 -1.10581019 -0.48989362 -2.73905929
 -2.06488696  1.86588076 -0.87453786  2.62203043 -0.45373524 -2.67082525
 -2.82108077  2.26218222 -3.14469688 -0.44598827 -1.00308766 -0.2468677
  2.34750837  1.84003667  0.01842585 -2.55306595 -2.65885474  0.24373654
 -0.76579401  1.24492481 -2.62815878  1.12496464 -0.38386084  0.42061719
  1.91922228  0.4584616   0.65019759 -1.27177723  1.79109531  2.93953153
  0.99606776  0.22185639 -1.1417205   2.42245057  0.72814543 -1.90967431
 -0.05016706  1.87132211  0.98667364 -1.07906221 -2.30049419  2.22233689
  2.00440031  1.92753394  2.29770432  1.91551622 -1.66067309 -3.10356139
  0.42865182  1.34507119 -2.26357816 -1.12564706  2.31195363  1.39293403
 -0.27183558 -1.8442951  -1.64764833  1.96524432  1.30711203 -1.01142785
 -0.23159607 -0.69335287 -0.30346027  2.30256927 -0.66194984 -0.93535823
  0.77595613 -2.35195135  0.59055038  2.78449024 -0.35239014  2.04728002
 -1.86079268 -1.35292159 -2.59795172 -2.42328963 -1.50223191 -3.02946047
  2.01587886  1.78185195  1.58208503  1.12509916  1.58912214 -2.44462185
 -2.50706981  1.78848663  1.03436063 -0.29199435 -2.47767455  1.43186382
 -1.04381196 -3.04756602 -0.04687081  1.89749704 -2.70058648 -2.36879345
  1.87663462  1.02898058 -0.62571487 -0.49645787 -0.92115443  1.96392504
  0.47275136 -0.35687558  0.40116216 -2.26684966  1.26190009 -0.15419804
  2.40200743  1.23379325  2.877516   -1.05701566  2.10140551 -0.43002731
 -3.26820898  2.20330261  0.81179298  1.92928334 -1.2896682   1.43959871
 -2.12212775  0.2093318   0.08364624 -2.7902511  -0.90172926 -2.3935491
  0.0722326  -0.56923728]
Sat May 25 15:03:06 2024,227,0.0959463267845104,[-4.65468733  2.36662917 -1.8408519  -0.12433116  0.18670569 -2.68690287
  3.01291093  2.10560801  1.45486649 -0.92555688  0.61266206  1.09205796
  1.13220733 -1.54221686  0.77754117  2.80526584 -0.79796505 -0.63721199
 -1.75479944  0.6018847   1.67591433  2.99190671 -1.20903451 -0.31583907
 -2.42427634 -2.33822909  2.99470215  2.76385572 -0.54334925 -2.36490668
  1.48332753 -0.05845019 -2.31752906  2.09506959  1.289015   -0.63884449
  0.84833265 -2.31897462 -0.0259038   2.15313262 -0.16400184  0.38898127
  2.71367084  1.04659262  2.46244991  3.1611228   2.64052196 -2.93961507
  0.26558502 -0.81648146  1.75894767  2.86391629 -0.51098524 -2.31791081
  2.78733157 -3.21152204  0.79460067 -0.63472013 -1.74137395  2.69739291
 -1.80946645 -1.58823913 -2.30415063  2.18767793 -2.45089266  2.13501084
  2.07409563  1.53550296  2.38289741  2.8049878   1.64941644  1.20020983
 -1.5132229  -2.22963076  1.47086977  0.71210529  1.31330433 -3.01407387
 -0.3776066   2.5186771  -1.03557162  1.28792928  1.48333072  0.54483429
 -0.83370803  1.1147656   0.66841784 -0.38334096  2.80464685 -1.99297665
  1.53806813 -0.4861301   1.09066042 -2.84987173 -2.45751313  0.45816311
 -1.1622207  -0.49490404  0.36552976 -0.11136328 -1.65047741 -0.04098818
 -0.85974639  2.8118087  -1.06215522 -1.38024886 -0.94858966  1.07765443
  1.85196715 -0.6955309   1.97150956 -2.19441809 -0.34707028 -0.73274497
 -2.88970731  3.16488134 -1.6313998   3.13572283 -1.26615224 -2.70869961
  3.36281468 -1.23253005 -0.77685487 -2.88302996 -2.71717432  2.5454001
 -2.13708795 -2.04715334 -0.1813285   3.14975794  0.24691543  0.21371586
 -1.25155056 -0.67803739 -1.73383349 -3.03008366  2.87101177  1.2355972
 -0.48579182 -2.18925685  1.10977023 -1.10591741 -0.49000084 -2.73916651
 -2.06477974  1.86577354 -0.87443064  2.62213765 -0.45362802 -2.67093247
 -2.82097355  2.262075   -3.1448041  -0.44588105 -1.00298044 -0.24676048
  2.34740115  1.83992945  0.01831863 -2.55317317 -2.65896196  0.24384376
 -0.76568679  1.24503203 -2.628266    1.12485742 -0.38375362  0.42072441
  1.9193295   0.45835438  0.65009037 -1.27167001  1.79120253  2.93963875
  0.99596054  0.22196361 -1.14182772  2.42234335  0.72803821 -1.90956709
 -0.05027428  1.87121489  0.98678086 -1.07916943 -2.30060141  2.22244411
  2.00429309  1.92764116  2.2975971   1.91562344 -1.66056587 -3.10366861
  0.4285446   1.34496397 -2.26347094 -1.12553984  2.31184641  1.39282681
 -0.2719428  -1.84418788 -1.64775555  1.96535154  1.30721925 -1.01132062
 -0.23148885 -0.69346009 -0.30335305  2.30246205 -0.66205706 -0.93546545
  0.77606335 -2.35205857  0.5906576   2.78459746 -0.35249736  2.04738724
 -1.86068546 -1.35281437 -2.59805894 -2.42339685 -1.50233913 -3.02956769
  2.01598608  1.78174473  1.58219225  1.12499194  1.58922936 -2.44451463
 -2.50717703  1.78859385  1.03446785 -0.29210157 -2.47756733  1.4317566
 -1.04370474 -3.0474588  -0.04697803  1.89760426 -2.70047926 -2.36868623
  1.87674184  1.0290878  -0.62560765 -0.49656509 -0.92104721  1.96381782
  0.47264414 -0.35676836  0.40126938 -2.26674244  1.26179287 -0.15409082
  2.40190021  1.23368603  2.87740878 -1.05690844  2.10151273 -0.43013453
 -3.2683162   2.20319539  0.81168576  1.92917612 -1.28956098  1.43949149
 -2.12223497  0.20943902  0.08375346 -2.79014388 -0.90183648 -2.39365632
  0.07212538 -0.56913006]
Sat May 25 15:03:30 2024,228,0.09594588155601529,[-4.6547914   2.3665251  -1.84095597 -0.12443524  0.18680976 -2.68700694
  3.01280685  2.10550393  1.45497056 -0.92545281  0.61276613  1.09216203
  1.13210326 -1.54211279  0.77764524  2.80536991 -0.79786097 -0.63731606
 -1.75490351  0.60198877  1.6760184   2.99201079 -1.20893044 -0.315735
 -2.42417227 -2.33812502  2.99459807  2.76375165 -0.54345332 -2.36480261
  1.48343161 -0.05834612 -2.31742498  2.09517367  1.28891093 -0.63874042
  0.84822857 -2.31907869 -0.02579973  2.15323669 -0.16389777  0.38908534
  2.71377491  1.04648855  2.46255399  3.16122688  2.64062603 -2.93971914
  0.26568909 -0.81637739  1.75884359  2.86402036 -0.51108932 -2.31780674
  2.78743564 -3.21162612  0.79449659 -0.6348242  -1.74147802  2.69749698
 -1.80957053 -1.58813506 -2.30404656  2.18757386 -2.45078858  2.13511491
  2.07399156  1.53539889  2.38300148  2.80509187  1.64931237  1.20010576
 -1.51332697 -2.22973483  1.47097384  0.71220936  1.3134084  -3.01417794
 -0.37750253  2.51878117 -1.03567569  1.28803335  1.48343479  0.54473021
 -0.83360396  1.11486967  0.66831377 -0.38344503  2.80475092 -1.99287258
  1.53796406 -0.48623418  1.09076449 -2.84976766 -2.4576172   0.45826718
 -1.16211663 -0.49500811  0.36563383 -0.11146736 -1.65058149 -0.04109226
 -0.85964232  2.81191277 -1.06225929 -1.38035293 -0.94848559  1.07755035
  1.85186308 -0.69563497  1.97161363 -2.19431402 -0.34717435 -0.73264089
 -2.88960324  3.16477727 -1.63150387  3.1358269  -1.26625631 -2.70880368
  3.36271061 -1.23242597 -0.77675079 -2.88313403 -2.71727839  2.54550417
 -2.13719202 -2.04704927 -0.18143257  3.14986201  0.24681135  0.21381993
 -1.25165463 -0.67793332 -1.73393757 -3.02997959  2.8709077   1.23570128
 -0.48589589 -2.18915278  1.10966616 -1.10602148 -0.49010491 -2.73906244
 -2.06488381  1.86587762 -0.87432656  2.62224172 -0.45373209 -2.67103655
 -2.82086948  2.26197093 -3.14470003 -0.44577697 -1.00308451 -0.2466564
  2.34729708  1.84003352  0.01821456 -2.5530691  -2.65906603  0.24373969
 -0.76579086  1.24492796 -2.62816193  1.12475335 -0.3838577   0.42062034
  1.91922543  0.45825031  0.64998629 -1.27156593  1.79109846  2.93974282
  0.99585647  0.22185953 -1.14172364  2.42244742  0.72793413 -1.90946302
 -0.05017021  1.87111081  0.98688493 -1.07927351 -2.30049734  2.22234004
  2.00418902  1.92753709  2.29749303  1.91551937 -1.66066994 -3.10356454
  0.42844053  1.34485989 -2.26357501 -1.12564391  2.31195048  1.39272274
 -0.27183872 -1.84429195 -1.64765148  1.96545561  1.30711518 -1.01121655
 -0.23138477 -0.69356416 -0.30324898  2.30235798 -0.66216114 -0.93536138
  0.77595928 -2.35216264  0.59055353  2.78470153 -0.35239329  2.04728316
 -1.86078953 -1.35291844 -2.59816301 -2.42329278 -1.50223506 -3.02946362
  2.01609015  1.7818488   1.58229632  1.12488787  1.58912529 -2.44461871
 -2.5072811   1.78869792  1.03457192 -0.2919975  -2.47746326  1.43165253
 -1.04380881 -3.04735473 -0.0470821   1.89770833 -2.70037519 -2.36858216
  1.87684592  1.02919187 -0.62550357 -0.49646102 -0.92115128  1.96371375
  0.47254007 -0.35666429  0.40137346 -2.26663837  1.2616888  -0.15398675
  2.40179613  1.23358195  2.87730471 -1.05701252  2.1016168  -0.4302386
 -3.26821213  2.20309131  0.81158168  1.92928019 -1.28966505  1.43938742
 -2.1221309   0.20933495  0.08364938 -2.79003981 -0.9017324  -2.39355224
  0.07222945 -0.56902599]
Sat May 25 15:04:03 2024,229,0.09594546108188495,[-4.65489243  2.36642408 -1.84085495 -0.12453626  0.18670874 -2.68710796
  3.01270583  2.10560496  1.45486954 -0.92555383  0.61286715  1.09206101
  1.13220428 -1.54221381  0.77754422  2.80547094 -0.797962   -0.63721504
 -1.75500453  0.60208979  1.67611943  2.99211181 -1.20903146 -0.31583602
 -2.42407124 -2.338024    2.9946991   2.76385267 -0.54355434 -2.36490363
  1.48333058 -0.05844714 -2.31732396  2.09507264  1.28901195 -0.63884144
  0.8483296  -2.31897767 -0.02590075  2.15333771 -0.16399879  0.38918636
  2.71367389  1.04658957  2.46265501  3.1613279   2.64072705 -2.93982017
  0.26558807 -0.81627637  1.75874257  2.86391934 -0.51119034 -2.31790776
  2.78733462 -3.21152509  0.79439557 -0.63472318 -1.74157905  2.69739596
 -1.80967155 -1.58823608 -2.30394554  2.18767488 -2.45088961  2.13501389
  2.07409258  1.53549991  2.38290046  2.80499085  1.64921135  1.20020678
 -1.51342799 -2.22963381  1.47087282  0.71210834  1.31330738 -3.01407692
 -0.37760355  2.5188822  -1.03557467  1.28793233  1.48353581  0.54462919
 -0.83350294  1.11476865  0.66821275 -0.38334401  2.8046499  -1.9929736
  1.53806508 -0.48613315  1.09066347 -2.84986868 -2.45771822  0.4583682
 -1.16221765 -0.49490709  0.36573485 -0.11156838 -1.65068251 -0.04119328
 -0.85974334  2.81201379 -1.06236031 -1.38025191 -0.94838457  1.07765138
  1.85176206 -0.69573599  1.97151261 -2.194213   -0.34707333 -0.73253987
 -2.88950222  3.16467625 -1.63140285  3.13572588 -1.26635733 -2.7089047
  3.36260959 -1.232527   -0.77664977 -2.88323505 -2.71717737  2.54560519
 -2.137091   -2.04715029 -0.18133155  3.14996303  0.24691238  0.21371891
 -1.25155361 -0.6778323  -1.73403859 -3.02987857  2.87080668  1.23560025
 -0.48579487 -2.18905175  1.10976718 -1.10612251 -0.49000389 -2.73916346
 -2.06478279  1.86577659 -0.87422554  2.6221407  -0.45383311 -2.67113757
 -2.82076845  2.26207195 -3.14459901 -0.445878   -1.00298349 -0.24655538
  2.34719606  1.8399325   0.01831558 -2.55296808 -2.65896501  0.24384071
 -0.76589188  1.24482694 -2.62806091  1.12485437 -0.38395872  0.42051932
  1.91912441  0.45814929  0.65008732 -1.27146491  1.79099744  2.9396418
  0.99575545  0.22196056 -1.14182467  2.42254844  0.72783311 -1.90956404
 -0.05027123  1.87100979  0.98678391 -1.07937453 -2.30039632  2.22223902
  2.00408799  1.92763811  2.29759405  1.91541835 -1.66077096 -3.10366556
  0.4283395   1.34475887 -2.26347399 -1.12574493  2.31184946  1.39282376
 -0.2717377  -1.84419093 -1.6477525   1.96555663  1.3072162  -1.01131757
 -0.23128375 -0.69346314 -0.30314795  2.302459   -0.66206011 -0.9354624
  0.77585826 -2.35206162  0.59065455  2.78460051 -0.35229227  2.04738419
 -1.86068851 -1.35301946 -2.59826404 -2.42319176 -1.50233608 -3.02956464
  2.01598913  1.78194982  1.5821953   1.12478685  1.58902427 -2.44451768
 -2.50718008  1.78879894  1.03467294 -0.29189647 -2.47736224  1.43155151
 -1.04390983 -3.04745575 -0.04698108  1.89760731 -2.70047621 -2.36868318
  1.87694694  1.02909085 -0.6256046  -0.49635999 -0.92105026  1.96361272
  0.47243905 -0.35676531  0.40127243 -2.26673939  1.26178982 -0.15408777
  2.40189716  1.23348093  2.87720369 -1.05691149  2.10151578 -0.43013758
 -3.26811111  2.20299029  0.81148066  1.92917917 -1.28956403  1.4392864
 -2.12223192  0.20943597  0.08354836 -2.79014083 -0.90183343 -2.39345122
  0.07212843 -0.56912701]
Sat May 25 15:04:26 2024,230,0.09594506393820387,[-4.65499049  2.36652215 -1.84095301 -0.12443819  0.1868068  -2.6870099
  3.0128039   2.10550689  1.45477147 -0.92545576  0.61276909  1.09196295
  1.13210622 -1.54231188  0.77744616  2.805569   -0.79786393 -0.63731311
 -1.75490647  0.60218786  1.67602136  2.99201374 -1.2089334  -0.31573795
 -2.42397318 -2.33792593  2.99460103  2.7637546  -0.54365241 -2.36480557
  1.48342865 -0.05854521 -2.31722589  2.09497458  1.28891388 -0.63874338
  0.84823153 -2.31887961 -0.02599882  2.15323964 -0.16390073  0.38908829
  2.71357582  1.0464915   2.46255694  3.16142597  2.64082512 -2.93991823
  0.26549    -0.8161783   1.7586445   2.86382127 -0.5112884  -2.31780969
  2.78743268 -3.21162316  0.79429751 -0.63482124 -1.74148098  2.69729789
 -1.80957348 -1.58813802 -2.30404361  2.18777295 -2.45079154  2.13511196
  2.07399451  1.53540184  2.38280239  2.80489278  1.64930941  1.20010871
 -1.51332992 -2.22953574  1.47077475  0.71201027  1.31320931 -3.01417499
 -0.37750548  2.51898026 -1.03547661  1.28783427  1.48363388  0.54453112
 -0.833601    1.11486672  0.66811468 -0.38344208  2.80474797 -1.99307167
  1.53816315 -0.48623122  1.09056541 -2.84996675 -2.45781629  0.45827013
 -1.16211959 -0.49480902  0.36563678 -0.11147031 -1.65058444 -0.04129134
 -0.85984141  2.81191572 -1.06245838 -1.38034997 -0.94848264  1.07774944
  1.85186013 -0.69563792  1.97161067 -2.19431107 -0.3471714  -0.7324418
 -2.88940415  3.16477432 -1.63150092  3.13582395 -1.26625927 -2.70900277
  3.36251152 -1.23262506 -0.77674784 -2.88333312 -2.71727543  2.54550712
 -2.13699293 -2.04705222 -0.18142962  3.1500611   0.24701044  0.21362084
 -1.25145554 -0.67793037 -1.73413666 -3.02997664  2.87090474  1.23550219
 -0.48589294 -2.18895369  1.10986524 -1.10602444 -0.49010196 -2.73926153
 -2.06468473  1.86567853 -0.87432361  2.62223876 -0.45393118 -2.6710395
 -2.82086652  2.26197388 -3.14450094 -0.44597606 -1.00308156 -0.24645731
  2.34709799  1.83983443  0.01841365 -2.55287001 -2.65906308  0.24374265
 -0.76598995  1.24492501 -2.62796284  1.12475631 -0.38405678  0.42061738
  1.91902634  0.45824735  0.64998925 -1.27156298  1.79089937  2.93973987
  0.99585352  0.22205862 -1.1417266   2.42264651  0.72773504 -1.90966211
 -0.05017316  1.87091173  0.98668584 -1.0794726  -2.30029825  2.22233709
  2.00398993  1.92754004  2.29749598  1.91551642 -1.66086903 -3.10376363
  0.42843757  1.34466081 -2.26337592 -1.12564686  2.31194753  1.3927257
 -0.27183577 -1.844289   -1.64765443  1.96545856  1.30711813 -1.01141564
 -0.23118569 -0.69336507 -0.30324602  2.30236093 -0.66196205 -0.93556047
  0.77576019 -2.35215968  0.59055648  2.78450244 -0.35239033  2.04748225
 -1.86078658 -1.3529214  -2.59816597 -2.42309369 -1.50223802 -3.02946658
  2.01589106  1.78204789  1.58209723  1.12488492  1.5889262  -2.44441962
 -2.50727815  1.78870088  1.03457487 -0.29179841 -2.4774603   1.43145344
 -1.0440079  -3.04735768 -0.04688301  1.89770538 -2.70057428 -2.36858511
  1.87684887  1.02899278 -0.62570266 -0.49645806 -0.92095219  1.96351466
  0.47253712 -0.35686338  0.40117437 -2.26664132  1.26169176 -0.1539897
  2.40199522  1.233579    2.87710562 -1.05681343  2.10161384 -0.43023564
 -3.26820918  2.20308836  0.81157873  1.9290811  -1.28966209  1.43918833
 -2.12213385  0.20933791  0.0834503  -2.79004276 -0.90193149 -2.39335316
  0.0722265  -0.56902894]
Sat May 25 15:04:50 2024,231,0.09594468878559845,[-4.6550857   2.36661735 -1.84085781 -0.12453339  0.1867116  -2.6871051
  3.0127087   2.10560209  1.45486667 -0.92536056  0.61286429  1.09186774
  1.13201101 -1.54221668  0.77735095  2.8054738  -0.79795913 -0.6372179
 -1.75481126  0.60209266  1.67611656  2.99191854 -1.20883819 -0.31564275
 -2.42406838 -2.33802113  2.99450582  2.7636594  -0.54374761 -2.36490077
  1.48333345 -0.05864041 -2.31713069  2.09506978  1.28900909 -0.63883858
  0.84832673 -2.31897481 -0.02609402  2.15314444 -0.16399593  0.3891835
  2.71367103  1.0463963   2.46265215  3.16152117  2.64092032 -2.93982303
  0.26558521 -0.8160831   1.75873971  2.86391648 -0.5111932  -2.31771449
  2.78733748 -3.21171837  0.7942023  -0.63472604 -1.74138578  2.69739309
 -1.80947828 -1.58804281 -2.30413881  2.18767775 -2.45088674  2.13520716
  2.07408972  1.53549705  2.38270718  2.80479758  1.64921421  1.20001351
 -1.51323472 -2.22944054  1.47086996  0.71210548  1.31311411 -3.01407978
 -0.37760069  2.51888506 -1.03557181  1.28773906  1.48353868  0.54443592
 -0.8335058   1.11496192  0.66820989 -0.38334688  2.80484317 -1.99316687
  1.53825835 -0.48632643  1.09066061 -2.84987155 -2.45791149  0.45817493
 -1.16221479 -0.49490422  0.36573199 -0.11137511 -1.65048924 -0.04119614
 -0.85993662  2.81182052 -1.06236318 -1.38044518 -0.94857784  1.07784465
  1.85176492 -0.69554272  1.97170588 -2.19421586 -0.3472666  -0.73253701
 -2.88949935  3.16467911 -1.63159612  3.13572874 -1.26635447 -2.70909797
  3.36241632 -1.23272027 -0.77665264 -2.88342832 -2.71718023  2.54560233
 -2.13708813 -2.04714743 -0.18152482  3.1501563   0.24691524  0.21352564
 -1.25136034 -0.67783516 -1.73423186 -3.03007184  2.87099995  1.23540698
 -0.48579773 -2.18885848  1.10996045 -1.10611964 -0.49019716 -2.73935674
 -2.06458952  1.86577373 -0.87441881  2.62214356 -0.45402638 -2.67113471
 -2.82077132  2.26187868 -3.14459614 -0.44588086 -1.00317676 -0.24655252
  2.34719319  1.83992963  0.01850885 -2.55296521 -2.65896787  0.24383785
 -0.76589475  1.24502021 -2.62786764  1.1246611  -0.38415199  0.42052218
  1.91912154  0.45834256  0.65008445 -1.27146778  1.79099457  2.93964466
  0.99575831  0.22196342 -1.14163139  2.4225513   0.72763984 -1.9095669
 -0.05007796  1.87100693  0.98659064 -1.0795678  -2.30039345  2.22224188
  2.00389472  1.92744484  2.29740078  1.91561162 -1.66096423 -3.10366843
  0.42834237  1.34475601 -2.26328071 -1.12574207  2.31185232  1.3928209
 -0.27193097 -1.8443842  -1.64774964  1.96536336  1.30721334 -1.01132044
 -0.23128089 -0.69326987 -0.30334122  2.30226573 -0.66186684 -0.93546526
  0.77566499 -2.35225489  0.59046128  2.78459764 -0.35229513  2.04738705
 -1.86088178 -1.3530166  -2.59826117 -2.42299849 -1.50214281 -3.02937137
  2.01598626  1.78214309  1.58200203  1.12478971  1.5890214  -2.44432441
 -2.50718294  1.78879608  1.03467008 -0.2917032  -2.47755551  1.43154865
 -1.0441031  -3.04745289 -0.04697822  1.89780058 -2.70047907 -2.36848991
  1.87675367  1.02908799 -0.62560746 -0.49655327 -0.9210474   1.96360986
  0.47263232 -0.35676818  0.40126957 -2.26654612  1.26178696 -0.15408491
  2.40190002  1.2336742   2.87701042 -1.05690863  2.10170905 -0.43033085
 -3.26811397  2.20318356  0.81167393  1.92917631 -1.28956689  1.43909313
 -2.12203865  0.20943311  0.0835455  -2.79013797 -0.90183629 -2.39344836
  0.07213129 -0.56893374]
Sat May 25 15:05:38 2024,232,0.0959443343640647,[-4.65517813  2.36670978 -1.84076538 -0.12462582  0.18680403 -2.68719753
  3.01261627  2.10550966  1.45477425 -0.92545299  0.61295672  1.09177531
  1.13210344 -1.54212425  0.77725852  2.80556623 -0.79805156 -0.63731033
 -1.75490369  0.60200023  1.67602413  2.99201097 -1.20874576 -0.31573518
 -2.42416081 -2.33811356  2.99441339  2.76356697 -0.54384004 -2.36480834
  1.48342588 -0.05854798 -2.31703826  2.09516221  1.28910152 -0.63893101
  0.8482343  -2.31888238 -0.02618645  2.15305201 -0.1639035   0.38909107
  2.71376346  1.04648873  2.46255972  3.16142874  2.64101275 -2.93991546
  0.26549278 -0.81599067  1.75883214  2.86382405 -0.51110077 -2.31762206
  2.78724505 -3.21162594  0.79410987 -0.63481847 -1.74129335  2.69730067
 -1.80957071 -1.58795038 -2.30404638  2.18777018 -2.45097917  2.13511473
  2.07418215  1.53540462  2.38261475  2.80470515  1.64930664  1.20010594
 -1.51332715 -2.22953297  1.47077753  0.71219791  1.31320654 -3.01398735
 -0.37769312  2.51879263 -1.03547938  1.28783149  1.48344625  0.54452835
 -0.83359823  1.11505435  0.66830232 -0.38325445  2.8049356  -1.9932593
  1.53835078 -0.48641886  1.09056818 -2.84996398 -2.45781906  0.45826736
 -1.16230722 -0.49499665  0.36582442 -0.11146754 -1.65058167 -0.04128857
 -0.85984419  2.81191295 -1.06227075 -1.38035275 -0.94867027  1.07793708
  1.85185735 -0.69563515  1.97179831 -2.19412343 -0.34735903 -0.73244458
 -2.88959178  3.16477154 -1.63168855  3.13582117 -1.26626204 -2.7091904
  3.36250875 -1.2328127  -0.77656021 -2.88352075 -2.71727266  2.5455099
 -2.1369957  -2.04723986 -0.18143239  3.15024873  0.24682281  0.21343321
 -1.25126791 -0.67774273 -1.73413943 -3.03016427  2.87109238  1.23549941
 -0.4857053  -2.18876605  1.10986802 -1.10621207 -0.49010473 -2.73944917
 -2.06468195  1.8656813  -0.87432638  2.62223599 -0.45411881 -2.67122713
 -2.82067889  2.26178625 -3.14450371 -0.44578843 -1.00308433 -0.24646009
  2.34728562  1.84002206  0.01860128 -2.55287278 -2.6590603   0.24393028
 -0.76598718  1.24492778 -2.62796007  1.12475353 -0.38405956  0.42061461
  1.91921397  0.45843499  0.65017688 -1.27137535  1.79090214  2.93955223
  0.99585074  0.22187099 -1.14153896  2.42264373  0.72754741 -1.90965933
 -0.05017039  1.8709145   0.98649821 -1.07966023 -2.30030102  2.22233431
  2.00398715  1.92735241  2.29730835  1.91570405 -1.6608718  -3.10376086
  0.4284348   1.34466358 -2.26318828 -1.1258345   2.31175989  1.39272847
 -0.2720234  -1.84447663 -1.64784207  1.96545579  1.30712091 -1.01141287
 -0.23137332 -0.69317744 -0.30343365  2.30235816 -0.66177441 -0.93537283
  0.77557256 -2.35216246  0.59055371  2.78450521 -0.35238756  2.04747948
 -1.86097421 -1.35292417 -2.59816874 -2.42309092 -1.50223524 -3.02927894
  2.01589383  1.78223552  1.5819096   1.12469728  1.58892897 -2.44441684
 -2.50727537  1.78888851  1.03476251 -0.29161077 -2.47764794  1.43145622
 -1.04401067 -3.04736046 -0.04707065  1.89789301 -2.7005715  -2.36839748
  1.87666124  1.02899556 -0.62569989 -0.49646084 -0.92113983  1.96351743
  0.47253989 -0.35667575  0.401362   -2.26645369  1.26187939 -0.15399248
  2.40199245  1.23358177  2.87710285 -1.05700106  2.10161662 -0.43023842
 -3.2682064   2.20327599  0.81176636  1.92908388 -1.28947446  1.4390007
 -2.12194622  0.20934068  0.08363793 -2.79004554 -0.90174386 -2.39354079
  0.07203886 -0.56884131]
Sat May 25 15:06:01 2024,233,0.09594399948811887,[-4.65526787  2.36679952 -1.84067564 -0.12453608  0.18689377 -2.68728727
  3.01270601  2.10541992  1.45486399 -0.92536325  0.61286698  1.09186505
  1.1320137  -1.54221399  0.77734826  2.80565597 -0.79796182 -0.63722059
 -1.75481395  0.60208997  1.67611387  2.99192122 -1.20865602 -0.31582492
 -2.42407107 -2.33802382  2.99450314  2.76365671 -0.5437503  -2.3647186
  1.48333614 -0.05863772 -2.317128    2.09525195  1.28919126 -0.63902075
  0.84832405 -2.31879264 -0.02609671  2.15314175 -0.16399324  0.38900132
  2.7138532   1.04657847  2.46264946  3.16151848  2.64092301 -2.93982572
  0.26558252 -0.81590092  1.75892188  2.86391379 -0.51119051 -2.3177118
  2.78733479 -3.21153619  0.79402013 -0.63472873 -1.74138309  2.69739041
 -1.80948097 -1.58786064 -2.30413612  2.18785992 -2.45088943  2.13502499
  2.0740924   1.53549436  2.3827045   2.80461541  1.64939638  1.20019568
 -1.51323741 -2.22944322  1.47068779  0.71210817  1.3131168  -3.01389761
 -0.37778286  2.51870289 -1.03556912  1.28774175  1.4833565   0.54461809
 -0.83350849  1.11514409  0.66821257 -0.3831647   2.80502534 -1.99334904
  1.53826104 -0.4865086   1.09047844 -2.85005372 -2.4579088   0.45817762
 -1.16221748 -0.49490691  0.36573468 -0.1113778  -1.65067141 -0.04119883
 -0.85975444  2.81200269 -1.06218101 -1.38044249 -0.94858053  1.07802682
  1.85194709 -0.69572489  1.97188805 -2.19403369 -0.34726929 -0.73235484
 -2.88968153  3.16486128 -1.63177829  3.13591091 -1.2661723  -2.70928014
  3.362419   -1.23290244 -0.77664995 -2.8836105  -2.71718292  2.54559964
 -2.13708544 -2.04715012 -0.18134265  3.15033847  0.24691255  0.21352295
 -1.25117817 -0.67765299 -1.73404969 -3.03025401  2.87100264  1.23540967
 -0.48579504 -2.18885579  1.10995776 -1.10612233 -0.49019447 -2.73953891
 -2.06477169  1.86577104 -0.87423664  2.62214625 -0.45402907 -2.67113739
 -2.82058915  2.26187599 -3.14441397 -0.44569869 -1.00299459 -0.24637035
  2.34737536  1.83993232  0.01869102 -2.55278304 -2.65897056  0.24402002
 -0.76607692  1.24501752 -2.62804981  1.12484327 -0.38396982  0.42070435
  1.91930372  0.45834525  0.65026662 -1.2712856   1.79099188  2.93946249
  0.99594048  0.22196073 -1.14144922  2.42273348  0.72745767 -1.90974907
 -0.05026013  1.87100424  0.98640847 -1.07974997 -2.30039077  2.22242405
  2.00407689  1.92744215  2.29721861  1.91561431 -1.66096155 -3.1038506
  0.42852454  1.34475332 -2.26309854 -1.12592424  2.31184964  1.39281821
 -0.27193366 -1.84456637 -1.64793181  1.96536605  1.30721065 -1.01150261
 -0.23128358 -0.69326718 -0.3035234   2.3024479  -0.66186415 -0.93546257
  0.7756623  -2.3522522   0.59046397  2.78441547 -0.3524773   2.04756922
 -1.86106395 -1.35301391 -2.598079   -2.42318066 -1.5021455  -3.0291892
  2.01598358  1.78214578  1.58181986  1.12478702  1.58883923 -2.4443271
 -2.50736511  1.78897825  1.03467277 -0.29152103 -2.47773768  1.43136648
 -1.04410042 -3.0474502  -0.04716039  1.89798275 -2.70066125 -2.36848722
  1.87675098  1.02890582 -0.62578963 -0.49637109 -0.92122957  1.96360717
  0.47245015 -0.35658601  0.40127226 -2.26636394  1.26178965 -0.15390274
  2.40190271  1.23349203  2.87719259 -1.0570908   2.10152688 -0.43032816
 -3.26811666  2.20318625  0.8118561   1.92917362 -1.28938472  1.43909044
 -2.12185648  0.20925094  0.08354819 -2.79013528 -0.9018336  -2.39345105
  0.07194912 -0.56875157]
Sat May 25 15:06:24 2024,234,0.09594368304225516,[-4.65535501  2.36688666 -1.84076278 -0.12444895  0.18698091 -2.68737441
  3.01279314  2.10533278  1.45495112 -0.92545038  0.61277984  1.09177792
  1.13192656 -1.54212685  0.77726113  2.80574311 -0.79787468 -0.63730773
 -1.75472681  0.60200283  1.67620101  2.99183409 -1.20856889 -0.31573778
 -2.42398393 -2.33811096  2.99459027  2.76356958 -0.54366317 -2.36463146
  1.483249   -0.05855059 -2.31721514  2.09516482  1.28927839 -0.63893362
  0.84823691 -2.3187055  -0.02618385  2.15322889 -0.16390611  0.38908846
  2.71376606  1.04666561  2.46273659  3.16143135  2.64101015 -2.93973858
  0.26566965 -0.81581379  1.75883474  2.86400092 -0.51127765 -2.31779894
  2.78724766 -3.21144906  0.79410727 -0.63464159 -1.74147022  2.69730327
 -1.80939383 -1.58794778 -2.30422326  2.18777278 -2.4508023   2.13511212
  2.07417954  1.53540722  2.38279163  2.80452827  1.64930924  1.20010854
 -1.51315027 -2.22935609  1.47060065  0.71202103  1.31320393 -3.01381047
 -0.37787     2.51879002 -1.03565626  1.28765461  1.48344364  0.54453096
 -0.83342135  1.11505696  0.66812544 -0.38307757  2.80493821 -1.99326191
  1.53817391 -0.48642146  1.09056557 -2.84996658 -2.45799594  0.45809048
 -1.16213034 -0.49499405  0.36582181 -0.11146493 -1.65075854 -0.04111169
 -0.85984158  2.81191555 -1.06209387 -1.38052963 -0.94866767  1.07811396
  1.85185996 -0.69581203  1.97197519 -2.19394656 -0.34718215 -0.73244197
 -2.88959439  3.16494842 -1.63186543  3.13599805 -1.26625943 -2.70919301
  3.36250614 -1.2328153  -0.77656281 -2.88352336 -2.71709578  2.5455125
 -2.13699831 -2.04706298 -0.18142979  3.15025134  0.24699969  0.21343581
 -1.25109103 -0.67774013 -1.73396255 -3.03034115  2.8709155   1.23549681
 -0.48588218 -2.18876866  1.10987062 -1.10620947 -0.49010734 -2.73962604
 -2.06485883  1.86585818 -0.87432378  2.62223338 -0.45394193 -2.67105026
 -2.82067628  2.26178886 -3.14450111 -0.44578582 -1.00290746 -0.24628321
  2.34728823  1.84001946  0.01860388 -2.55287018 -2.65888342  0.24410716
 -0.76616405  1.24493039 -2.62796267  1.12493041 -0.38388268  0.42079149
  1.91939085  0.45825811  0.65017949 -1.27137274  1.79107902  2.93937535
  0.99585335  0.22187359 -1.14153636  2.42264634  0.72737053 -1.90966194
 -0.05017299  1.8709171   0.98632133 -1.07966283 -2.3004779   2.22251119
  2.00398976  1.92752929  2.29713147  1.91552717 -1.66087441 -3.10393773
  0.4284374   1.34466619 -2.26301141 -1.12601138  2.3117625   1.39290535
 -0.27184653 -1.84447924 -1.64801894  1.96527891  1.30729779 -1.01158975
 -0.23119644 -0.69335432 -0.30343626  2.30236076 -0.66177702 -0.93554971
  0.77574943 -2.35233934  0.59037683  2.78432834 -0.35256444  2.04765636
 -1.86115109 -1.35292678 -2.59799187 -2.42309352 -1.50205837 -3.02927634
  2.01589644  1.78223292  1.58190699  1.12487416  1.5887521  -2.44441424
 -2.50727798  1.78889111  1.03458563 -0.29160817 -2.47782481  1.43127934
 -1.04418755 -3.04753733 -0.04724752  1.89806989 -2.70074838 -2.36840008
  1.87666384  1.02899295 -0.62587677 -0.49645823 -0.92131671  1.96352004
  0.47253728 -0.35649887  0.40135939 -2.26627681  1.26170251 -0.1538156
  2.40198984  1.2334049   2.87710545 -1.05700367  2.10161401 -0.43024102
 -3.26802953  2.20327339  0.81176897  1.92908648 -1.28947185  1.43917758
 -2.12176934  0.2091638   0.08363532 -2.79022241 -0.90174646 -2.39336391
  0.07203626 -0.5688387 ]
Sat May 25 15:06:48 2024,235,0.09594338397668908,[-4.65543962  2.36697127 -1.84084739 -0.12436434  0.1868963  -2.68745902
  3.01270853  2.10524817  1.45486651 -0.925535    0.61286445  1.09186253
  1.13201118 -1.54221146  0.77717652  2.80582772 -0.7979593  -0.63722312
 -1.7546422   0.60208744  1.6761164   2.99174948 -1.2086535  -0.31565317
 -2.42389932 -2.33802635  2.99450566  2.76365419 -0.54357856 -2.36471608
  1.48316439 -0.0586352  -2.31729975  2.09524943  1.28919378 -0.63901823
  0.8481523  -2.31862089 -0.02609924  2.1533135  -0.1638215   0.38917307
  2.71385067  1.04658099  2.4628212   3.16151596  2.64092554 -2.93982319
  0.26558504 -0.8158984   1.75891935  2.86408554 -0.51119304 -2.31771432
  2.78733227 -3.21136445  0.79402266 -0.6347262  -1.74138561  2.69738788
 -1.80947844 -1.58803239 -2.30413865  2.18785739 -2.45071768  2.13502751
  2.07409493  1.53532261  2.38270702  2.80461288  1.64939385  1.20002393
 -1.51306566 -2.22927148  1.47068526  0.71210564  1.31311932 -3.01389508
 -0.37795461  2.51870541 -1.03557165  1.28757     1.48352825  0.54461557
 -0.83350596  1.11497235  0.66821005 -0.38299296  2.80502282 -1.99317729
  1.53808929 -0.48633685  1.09065019 -2.85005119 -2.45808055  0.45800587
 -1.16221496 -0.49507866  0.3657372  -0.11154954 -1.65084316 -0.04102708
 -0.85975697  2.81200017 -1.06200926 -1.38061424 -0.94875228  1.07802934
  1.85177535 -0.69572742  1.9720598  -2.19403117 -0.34726677 -0.73235736
 -2.889679    3.16486381 -1.63195004  3.13608266 -1.26617482 -2.70910839
  3.36259075 -1.23289991 -0.77664742 -2.88343875 -2.71701117  2.54559711
 -2.13708292 -2.04714759 -0.18134517  3.15033595  0.2470843   0.21352042
 -1.25100642 -0.67782474 -1.73387794 -3.03042576  2.87083089  1.23558142
 -0.48596679 -2.18868405  1.10995524 -1.10612486 -0.49019195 -2.73971065
 -2.06477422  1.86577357 -0.87423917  2.62214877 -0.45402654 -2.67113487
 -2.82059167  2.26170424 -3.14458572 -0.44570121 -1.00299207 -0.2461986
  2.34737284  1.83993485  0.0186885  -2.55295479 -2.65896803  0.24419177
 -0.76624867  1.245015   -2.62787806  1.1248458  -0.38379807  0.4208761
  1.91930624  0.45834272  0.6502641  -1.27128813  1.79099441  2.93945997
  0.99576874  0.22195821 -1.14162097  2.42256173  0.72728592 -1.90957733
 -0.0502576   1.87083249  0.98640594 -1.07974745 -2.30056251  2.22242658
  2.00407437  1.92744468  2.29721608  1.91544256 -1.66095902 -3.10385312
  0.42852201  1.34458157 -2.2629268  -1.12609599  2.31184711  1.39282074
 -0.27176191 -1.84439462 -1.64793433  1.96536352  1.30721317 -1.01167436
 -0.23111183 -0.69326971 -0.30352087  2.30227615 -0.66169241 -0.9354651
  0.77566482 -2.35242395  0.59046144  2.78441295 -0.35264905  2.04757175
 -1.8612357  -1.35301139 -2.59790725 -2.42300891 -1.50197375 -3.02919173
  2.01581183  1.78231753  1.58182238  1.12478955  1.58883671 -2.44432963
 -2.50736259  1.7888065   1.03450102 -0.29152356 -2.47790943  1.43136395
 -1.04410294 -3.04745272 -0.04716291  1.8981545  -2.70083299 -2.36831547
  1.87657923  1.02907756 -0.62596138 -0.49637362 -0.92140132  1.96360465
  0.4726219  -0.35658348  0.40127478 -2.26636142  1.2616179  -0.15390021
  2.40207446  1.23332028  2.87719006 -1.05691905  2.10169862 -0.43032563
 -3.26794491  2.20318878  0.81185358  1.92900187 -1.28938724  1.43909296
 -2.12185395  0.20924841  0.08355071 -2.79030702 -0.90183108 -2.3932793
  0.07195165 -0.56875409]
Sat May 25 15:07:13 2024,236,0.09594310130336434,[-4.65552178  2.36705343 -1.84076522 -0.12428217  0.18681413 -2.68737686
  3.01262637  2.10516601  1.45494868 -0.92561716  0.61278229  1.09178036
  1.13192901 -1.54229363  0.77725868  2.80574555 -0.79787713 -0.63714095
 -1.75472437  0.60216961  1.67619856  2.99183164 -1.20857133 -0.31573534
 -2.42381716 -2.33794418  2.99458782  2.76357202 -0.54366072 -2.36479824
  1.48324655 -0.05855303 -2.31738191  2.09533159  1.28911162 -0.63893606
  0.84807013 -2.31853873 -0.0261814   2.15339566 -0.16390366  0.38909091
  2.71376851  1.04666316  2.46273904  3.16159812  2.64084337 -2.93990536
  0.26566721 -0.81581624  1.75883719  2.8641677  -0.5112752  -2.31779649
  2.7872501  -3.21144661  0.79394049 -0.63464404 -1.74146778  2.69747005
 -1.80939628 -1.58811455 -2.30405648  2.18777523 -2.45079985  2.13494535
  2.07417709  1.53524045  2.38278919  2.80469505  1.64931169  1.19994177
 -1.51314783 -2.22935364  1.47076743  0.71202348  1.31320149 -3.01381292
 -0.37803677  2.51862325 -1.03565381  1.28748784  1.48344609  0.54469773
 -0.83358813  1.11505451  0.66829221 -0.38291079  2.80494065 -1.99325946
  1.53800713 -0.48625469  1.09056802 -2.85013336 -2.45816271  0.45792371
 -1.16229712 -0.49516082  0.36565504 -0.11146738 -1.65076099 -0.04094492
 -0.85967481  2.811918   -1.06209142 -1.38053207 -0.94883444  1.07811151
  1.85169318 -0.69564525  1.97197763 -2.193949   -0.34734893 -0.73243953
 -2.88976117  3.16478164 -1.63186788  3.13616482 -1.26625699 -2.70902623
  3.36250859 -1.23298208 -0.77656526 -2.88352091 -2.71709334  2.54551495
 -2.13716508 -2.04706543 -0.18126301  3.15041811  0.24700213  0.21343826
 -1.25092426 -0.6779069  -1.73379578 -3.03034359  2.87074873  1.23566358
 -0.48588463 -2.18860188  1.1100374  -1.10620702 -0.49027411 -2.73962849
 -2.06485638  1.8656914  -0.87432133  2.62223094 -0.45410871 -2.67121703
 -2.82050951  2.26178641 -3.14466788 -0.44561905 -1.00307423 -0.24628076
  2.347455    1.84001701  0.01877066 -2.55303695 -2.6590502   0.24410961
 -0.76633083  1.24509716 -2.6277959   1.12476363 -0.38388023  0.42079393
  1.91922408  0.45826056  0.65034626 -1.27137029  1.79091224  2.9393778
  0.99568657  0.22204037 -1.14153881  2.42247956  0.72720376 -1.90949516
 -0.05033977  1.87091466  0.98648811 -1.07982961 -2.30064468  2.22234442
  2.0039922   1.92752684  2.29729825  1.91552473 -1.66104118 -3.10393529
  0.42843985  1.34449941 -2.26300896 -1.12601382  2.31176495  1.3929029
 -0.27184408 -1.84431246 -1.6480165   1.96528136  1.30729534 -1.01159219
 -0.23102967 -0.69335187 -0.30343871  2.30235832 -0.66177457 -0.93554726
  0.77574699 -2.35250611  0.59037928  2.78449511 -0.35273121  2.04748958
 -1.86131786 -1.35309355 -2.59782509 -2.42309107 -1.50205592 -3.02910956
  2.01589399  1.78223536  1.58174022  1.12487171  1.58875454 -2.44424746
 -2.50728042  1.78888867  1.03441886 -0.29160572 -2.47782726  1.43144611
 -1.04418511 -3.04737056 -0.04724508  1.89807234 -2.70091516 -2.36839764
  1.87666139  1.02915973 -0.62604354 -0.49629146 -0.92148348  1.96352248
  0.47253973 -0.35666565  0.40119262 -2.26627926  1.26153574 -0.15381805
  2.40215662  1.23323812  2.87727223 -1.05700122  2.10178079 -0.43024347
 -3.26786275  2.20327094  0.81177141  1.92908403 -1.28946941  1.4390108
 -2.12177179  0.20916625  0.08363288 -2.79022486 -0.90191324 -2.39319714
  0.07203381 -0.56867193]
Sat May 25 15:07:36 2024,237,0.09594283409221234,[-4.65560157  2.36697364 -1.84084501 -0.12420238  0.18673434 -2.68745665
  3.01254658  2.1052458   1.45486888 -0.92553737  0.61286208  1.09186016
  1.1320088  -1.54221384  0.77733847  2.80582535 -0.79795692 -0.63722074
 -1.75464457  0.60208982  1.67611877  2.99191143 -1.20865112 -0.31581513
 -2.42373736 -2.33802398  2.99450803  2.76365182 -0.54358093 -2.36471845
  1.48316676 -0.05847324 -2.31746171  2.09541138  1.28919141 -0.63885627
  0.84799034 -2.31845893 -0.02610161  2.15331587 -0.16382387  0.3891707
  2.71368872  1.04658337  2.46265925  3.16167791  2.64092317 -2.93982556
  0.265747   -0.81589603  1.75891698  2.86408791 -0.51119541 -2.31787628
  2.7873299  -3.21136682  0.79402028 -0.63456425 -1.74138798  2.69754984
 -1.80931648 -1.58819435 -2.30397669  2.18769544 -2.45072006  2.13502514
  2.0740973   1.53532024  2.38270939  2.80477484  1.6492319   1.20002156
 -1.51322762 -2.22943343  1.47068763  0.71194369  1.31328128 -3.01389271
 -0.37795698  2.51854346 -1.03557402  1.28756763  1.48352588  0.54461794
 -0.83350833  1.11497472  0.66837201 -0.38299058  2.80502044 -1.99333925
  1.53792734 -0.48633448  1.09064781 -2.85005357 -2.45808292  0.4580035
 -1.16221733 -0.49508103  0.36557524 -0.11138759 -1.6506812  -0.04086512
 -0.8597546   2.81199779 -1.06217122 -1.38045228 -0.94875465  1.07803172
  1.85177298 -0.69556546  1.97205743 -2.1940288  -0.34726914 -0.73251932
 -2.88984096  3.16470185 -1.63194767  3.13608503 -1.26617719 -2.70894644
  3.36242879 -1.23290228 -0.77648547 -2.88344112 -2.71717313  2.54559474
 -2.13724488 -2.04714522 -0.1813428   3.1504979   0.24692234  0.21351805
 -1.25084447 -0.6779867  -1.73387557 -3.0302638   2.87066893  1.23574337
 -0.48580483 -2.18868167  1.11011719 -1.10628681 -0.49019432 -2.73970828
 -2.06477659  1.8657712  -0.87440112  2.62215115 -0.4541885  -2.67129682
 -2.82042971  2.2618662  -3.14474768 -0.44553926 -1.00299444 -0.24620097
  2.3475348   1.8400968   0.01869087 -2.55311675 -2.65897041  0.2441894
 -0.76625104  1.24501737 -2.6277161   1.12468384 -0.38396003  0.42071414
  1.91930387  0.45834035  0.65042606 -1.27145009  1.79099204  2.93929801
  0.99560678  0.22196058 -1.1416186   2.42255936  0.72712397 -1.90957495
 -0.05041956  1.87083487  0.9865679  -1.0799094  -2.30056488  2.22242421
  2.00391241  1.92760663  2.29721845  1.91560452 -1.66112098 -3.1038555
  0.42851964  1.34441962 -2.26292917 -1.12593403  2.31168516  1.39282311
 -0.27176429 -1.84423267 -1.64793671  1.96536115  1.30721555 -1.0115124
 -0.23110946 -0.69327208 -0.30335891  2.30227852 -0.66169478 -0.93546747
  0.7756672  -2.3525859   0.59029949  2.78441532 -0.35265142  2.04740979
 -1.86123807 -1.35317334 -2.5977453  -2.42301128 -1.50197613 -3.02902977
  2.01597378  1.78231515  1.58166043  1.12495151  1.58867475 -2.44416767
 -2.50720063  1.78896846  1.03433906 -0.29152593 -2.47790705  1.43152591
 -1.04410531 -3.04729077 -0.04716528  1.89799254 -2.70099495 -2.36831784
  1.8765816   1.02907994 -0.62612333 -0.49637125 -0.92140369  1.96344269
  0.47261952 -0.35674544  0.40111283 -2.26635905  1.26161553 -0.15373826
  2.40223641  1.23315833  2.87735202 -1.05708101  2.101701   -0.43032326
 -3.26794254  2.20335073  0.81169162  1.92916383 -1.2895492   1.43893101
 -2.121692    0.20908646  0.08371267 -2.79014507 -0.90199303 -2.39311734
  0.0721136  -0.56859213]
Sat May 25 15:08:02 2024,238,0.09594258146764424,[-4.65567907  2.36705114 -1.84076752 -0.12412489  0.18681183 -2.68753414
  3.01246908  2.10516831  1.45479139 -0.92561486  0.61278459  1.09193765
  1.1320863  -1.54229133  0.77726098  2.80574785 -0.79803442 -0.63714325
 -1.75456708  0.60201232  1.67619626  2.99198893 -1.20872862 -0.31573763
 -2.42381486 -2.33794648  2.99458553  2.76357432 -0.54365842 -2.36464095
  1.48324425 -0.05855074 -2.3175392   2.09533389  1.28911392 -0.63893376
  0.84806783 -2.31853643 -0.02602412  2.15339336 -0.16374637  0.38909321
  2.71376621  1.04666086  2.46273674  3.16175541  2.64084567 -2.93990306
  0.26566951 -0.81597352  1.75883949  2.86401041 -0.5112729  -2.31779879
  2.7872524  -3.21144431  0.79409778 -0.63464174 -1.74146548  2.69762733
 -1.80923899 -1.58827184 -2.3038992   2.18777293 -2.45079755  2.13510263
  2.07417479  1.53539773  2.3826319   2.80469735  1.64930939  1.20009905
 -1.51315012 -2.22935594  1.47076513  0.71186619  1.31335877 -3.01397021
 -0.37787949  2.51862095 -1.03565151  1.28749014  1.48344839  0.54469543
 -0.83358583  1.11505221  0.6684495  -0.38306808  2.80494295 -1.99326176
  1.53800483 -0.48641197  1.09057032 -2.84997607 -2.45800543  0.45808099
 -1.16213983 -0.49515852  0.36549775 -0.11131009 -1.65060371 -0.04094262
 -0.8596771   2.8119203  -1.06224871 -1.38037479 -0.94883214  1.07795422
  1.85185047 -0.69548797  1.97197993 -2.19410629 -0.34719165 -0.73259681
 -2.88991845  3.16462436 -1.63202516  3.13600754 -1.26625469 -2.70886895
  3.36250629 -1.23282479 -0.77640797 -2.88351861 -2.71709563  2.54551725
 -2.13732237 -2.04722271 -0.1814203   3.15042041  0.24684485  0.21359555
 -1.25076697 -0.6779092  -1.73395306 -3.03034129  2.87059144  1.23582087
 -0.48572734 -2.18860418  1.1100397  -1.10620932 -0.49011683 -2.73963079
 -2.06485408  1.86584869 -0.87432363  2.62222864 -0.45411101 -2.67137432
 -2.82050721  2.26194369 -3.14482517 -0.44546176 -1.00291695 -0.24627846
  2.34761229  1.8401743   0.01861337 -2.55303925 -2.6590479   0.2441119
 -0.76617354  1.24509486 -2.62763861  1.12476134 -0.38388253  0.42079163
  1.91922638  0.45841784  0.65034856 -1.27152758  1.79091454  2.93922052
  0.99568427  0.22188309 -1.14169609  2.42248186  0.72704647 -1.90949746
 -0.05034207  1.87075737  0.98649041 -1.07983191 -2.30064238  2.22234671
  2.00398991  1.92768412  2.29729595  1.91552703 -1.66104348 -3.103778
  0.42859713  1.34434212 -2.26300666 -1.12601152  2.31160766  1.39274562
 -0.27168679 -1.84431016 -1.64785921  1.96528366  1.30713805 -1.01158989
 -0.23103197 -0.69334957 -0.30343641  2.30235602 -0.66177227 -0.93538998
  0.77574469 -2.35250841  0.59022199  2.78433783 -0.35257393  2.04748728
 -1.86116058 -1.35309585 -2.5976678  -2.42293379 -1.50205362 -3.02895228
  2.01589629  1.78223766  1.58173792  1.125029    1.58859726 -2.44424516
 -2.50712314  1.78889097  1.03426157 -0.29144843 -2.47798455  1.4316034
 -1.04418281 -3.04721327 -0.04724278  1.89807004 -2.70091746 -2.36824035
  1.87650411  1.02915743 -0.62604584 -0.49629375 -0.9213262   1.96352018
  0.47269702 -0.35682293  0.40103533 -2.26628156  1.26153804 -0.15366076
  2.40215892  1.23323582  2.87742951 -1.05700352  2.1016235  -0.43024577
 -3.26802003  2.20327324  0.81161413  1.92924132 -1.28947171  1.4390085
 -2.1216145   0.20900896  0.08363518 -2.79022256 -0.90191554 -2.39303985
  0.0721911  -0.56866963]
Sat May 25 15:08:35 2024,239,0.09594234260526253,[-4.65575433  2.3671264  -1.84069226 -0.12404962  0.1868871  -2.68760941
  3.01254435  2.10524357  1.45486665 -0.9255396   0.61270933  1.09201291
  1.13216156 -1.54221606  0.77718571  2.80567259 -0.79810968 -0.63706799
 -1.75464235  0.60193706  1.676121    2.99191366 -1.20880388 -0.3158129
 -2.42373959 -2.33802175  2.99451026  2.76364959 -0.54373368 -2.36456569
  1.48331952 -0.058626   -2.31746394  2.09525863  1.28903865 -0.6388585
  0.84799257 -2.31861169 -0.02609938  2.15346863 -0.16367111  0.38901794
  2.71384147  1.04658559  2.46266148  3.16183067  2.64092094 -2.93982779
  0.26559424 -0.81589826  1.75891475  2.86408568 -0.51119764 -2.31772352
  2.78717714 -3.21136905  0.79402251 -0.63471701 -1.74154074  2.6977026
 -1.80931426 -1.5883471  -2.30397446  2.18769767 -2.45087281  2.1351779
  2.07425006  1.535473    2.38270716  2.80462208  1.64923413  1.20002379
 -1.51307486 -2.2294312   1.47084039  0.71179093  1.31328351 -3.01389494
 -0.37780422  2.51854569 -1.03572678  1.28741487  1.48352365  0.54462017
 -0.83351056  1.11497695  0.66837424 -0.38314334  2.80486769 -1.99318649
  1.53808009 -0.48633671  1.09064559 -2.84990081 -2.45808069  0.45800573
 -1.16206457 -0.49523379  0.36542249 -0.11123483 -1.65052844 -0.04101788
 -0.85975237  2.81184504 -1.06217344 -1.38045005 -0.94890741  1.07802949
  1.85192573 -0.69556323  1.9720552  -2.19403102 -0.34726691 -0.73267208
 -2.88984319  3.16469962 -1.63210043  3.13593228 -1.26617942 -2.70879368
  3.36243102 -1.23290006 -0.77648324 -2.88344335 -2.7171709   2.54544198
 -2.1372471  -2.04729798 -0.18149556  3.15034515  0.24676959  0.21367081
 -1.25069171 -0.67783394 -1.7338778  -3.03026603  2.8706667   1.2357456
 -0.48580261 -2.18867945  1.10996443 -1.10613405 -0.49004156 -2.73955553
 -2.06492935  1.86577342 -0.87424837  2.62215337 -0.45418627 -2.67144958
 -2.82043194  2.26186843 -3.1447499  -0.4453865  -1.00284168 -0.24635373
  2.34768755  1.84024956  0.01868864 -2.55311452 -2.65912316  0.24418717
 -0.76609828  1.24517013 -2.62771387  1.12468607 -0.3839578   0.42071637
  1.91930164  0.45834258  0.65042383 -1.27160284  1.79098981  2.93929578
  0.99575954  0.22180782 -1.14162083  2.4224066   0.72697121 -1.9094222
 -0.05041733  1.87083264  0.98656567 -1.07990717 -2.30071764  2.22242198
  2.00406517  1.92775939  2.29722068  1.91560229 -1.66096822 -3.10370274
  0.4286724   1.34441739 -2.2629314  -1.12608679  2.3115324   1.39282088
 -0.27161153 -1.84438542 -1.64778395  1.96535892  1.30706279 -1.01166516
 -0.2309567  -0.69327431 -0.30351167  2.30228075 -0.66184754 -0.93531471
  0.77581995 -2.35243315  0.59014673  2.78426256 -0.35264919  2.04756255
 -1.86108531 -1.35302059 -2.59774307 -2.42285852 -1.50197835 -3.02902754
  2.01597156  1.7821624   1.58166266  1.12495373  1.58852199 -2.4441699
 -2.5071984   1.7888157   1.03433683 -0.29137317 -2.47790928  1.43152814
 -1.04410754 -3.04728854 -0.04716751  1.89799477 -2.70099272 -2.36816509
  1.87657937  1.02923269 -0.62612111 -0.49621849 -0.92140146  1.96359545
  0.47277228 -0.35674767  0.4011106  -2.26635682  1.2616133  -0.15373603
  2.40223418  1.23316056  2.87750478 -1.05707878  2.10154824 -0.43017051
 -3.2680953   2.2033485   0.81168939  1.92916605 -1.28939644  1.43893324
 -2.12153924  0.2089337   0.08355991 -2.79029783 -0.9019908  -2.39311512
  0.07211583 -0.56874489]
Sat May 25 15:09:09 2024,240,0.09594211672877447,[-4.65582743  2.3670533  -1.84076536 -0.12412272  0.1869602  -2.68768251
  3.01261745  2.10531668  1.45493976 -0.9256127   0.61263622  1.09193981
  1.13208846 -1.54214296  0.77725882  2.80559949 -0.79818279 -0.63699488
 -1.75471545  0.60186396  1.6761941   2.99198677 -1.20873078 -0.3157398
 -2.4238127  -2.33794864  2.99458336  2.76357648 -0.54366058 -2.36449259
  1.48324641 -0.0585529  -2.31739083  2.09518552  1.28911176 -0.6387854
  0.84791947 -2.3186848  -0.02602628  2.15339552 -0.16359801  0.38909105
  2.71391458  1.04651249  2.46273458  3.16190377  2.64084783 -2.9399009
  0.26566734 -0.81582515  1.75884165  2.86401258 -0.51127074 -2.31765042
  2.78710404 -3.21129594  0.79409562 -0.6346439  -1.74161384  2.69762949
 -1.80938736 -1.588274   -2.30404757  2.18762456 -2.45094592  2.135251
  2.07417695  1.5355461   2.38263406  2.80469519  1.64916102  1.20009689
 -1.51300176 -2.22950431  1.47091349  0.71186403  1.31335661 -3.01382184
 -0.37787733  2.51847258 -1.03565367  1.28748798  1.48345055  0.54469327
 -0.83343746  1.11505005  0.66830113 -0.38307024  2.80479458 -1.99311339
  1.5381532  -0.48640981  1.09071869 -2.84997391 -2.45800759  0.45807883
 -1.16199147 -0.49530689  0.36534938 -0.11116173 -1.65045534 -0.04094478
 -0.85982547  2.81191814 -1.06210034 -1.38052315 -0.94898051  1.07795638
  1.85199884 -0.69563633  1.97198209 -2.19410413 -0.34734001 -0.73274518
 -2.88977008  3.16462652 -1.63217353  3.13585917 -1.26610632 -2.70872058
  3.36235792 -1.23297316 -0.77641013 -2.88337024 -2.7170978   2.54536888
 -2.13732021 -2.04722487 -0.18142246  3.15027204  0.24669648  0.21374391
 -1.2506186  -0.67776084 -1.7339509  -3.03033913  2.8705936   1.2356725
 -0.4857295  -2.18860634  1.10989133 -1.10620716 -0.48996846 -2.73962863
 -2.06500245  1.86570032 -0.87417526  2.62222648 -0.45411317 -2.67152269
 -2.82050505  2.26179533 -3.1446768  -0.4453134  -1.00276858 -0.24628062
  2.34761445  1.84017646  0.01861554 -2.55304141 -2.65905006  0.24411407
 -0.76617138  1.24509702 -2.62778698  1.12475917 -0.38388469  0.42064327
  1.91922854  0.45841568  0.65049693 -1.27167595  1.79106291  2.93922268
  0.99583264  0.22173472 -1.14154772  2.4223335   0.72704431 -1.9094953
 -0.05049043  1.87090574  0.98663877 -1.07983407 -2.30079075  2.22234888
  2.00413827  1.92768629  2.29714758  1.91567539 -1.66104132 -3.10362963
  0.42859929  1.34449049 -2.2630045  -1.12601368  2.3116055   1.39289398
 -0.27153843 -1.84445853 -1.64785705  1.96543203  1.30713589 -1.01159205
 -0.2308836  -0.69334741 -0.30343857  2.30235386 -0.66192064 -0.93538782
  0.77574685 -2.35236004  0.59021983  2.78418946 -0.35257609  2.04748944
 -1.86101221 -1.35294748 -2.59766997 -2.42278542 -1.50205146 -3.02910065
  2.01589845  1.7822355   1.58158955  1.12488063  1.58844889 -2.444243
 -2.5071253   1.78888881  1.03440994 -0.29130007 -2.47798239  1.43145503
 -1.04418065 -3.04721543 -0.04724062  1.89792167 -2.70106582 -2.36823819
  1.87650627  1.0293058  -0.62619421 -0.49614539 -0.92132836  1.96366855
  0.47284538 -0.35682077  0.4011837  -2.26642992  1.2615402  -0.15366292
  2.40216108  1.23323366  2.87757788 -1.05700568  2.10162134 -0.43024361
 -3.2680222   2.2032754   0.81161629  1.92923916 -1.28932334  1.43900634
 -2.12161234  0.2090068   0.08348681 -2.79037093 -0.9019177  -2.39318822
  0.07218893 -0.568818  ]
Sat May 25 15:09:33 2024,241,0.09594190310709891,[-4.65589844  2.3671243  -1.84083637 -0.12405172  0.18703121 -2.6876115
  3.01254644  2.10538768  1.45501077 -0.92568371  0.61256521  1.09201082
  1.13201745 -1.54221397  0.77732983  2.80567049 -0.79825379 -0.63692388
 -1.75478646  0.60193496  1.67626511  2.99191576 -1.20865977 -0.31566879
 -2.42374169 -2.33801965  2.99451236  2.76350547 -0.54373159 -2.3645636
  1.48317541 -0.05862391 -2.31746184  2.09525653  1.28904075 -0.63871439
  0.84799048 -2.3187558  -0.02595527  2.15346653 -0.16366902  0.38902004
  2.71398559  1.0465835   2.46266357  3.16197478  2.64091884 -2.9399719
  0.26573835 -0.81575414  1.75891266  2.86394157 -0.51119973 -2.31757941
  2.78717504 -3.21122494  0.79402461 -0.63471491 -1.74154284  2.69755848
 -1.80931635 -1.58820299 -2.30411857  2.18769557 -2.45101692  2.13532201
  2.07424796  1.53561711  2.38256305  2.80462418  1.64923203  1.2001679
 -1.51307277 -2.2294333   1.47084249  0.71179302  1.31342762 -3.01389285
 -0.37794833  2.51854359 -1.03558266  1.28741697  1.48337954  0.54476428
 -0.83336645  1.11497904  0.66837214 -0.38314125  2.80472358 -1.99304238
  1.53808219 -0.4863388   1.0907897  -2.8499029  -2.4580786   0.45814984
 -1.16192046 -0.4953779   0.36527837 -0.11123273 -1.65038433 -0.04101579
 -0.85989648  2.81184713 -1.06217135 -1.38059416 -0.9489095   1.07788537
  1.85206984 -0.69570734  1.9720531  -2.19417514 -0.34741102 -0.73267417
 -2.88984109  3.16469753 -1.63210252  3.13593018 -1.26617733 -2.70879159
  3.36242893 -1.23290215 -0.77648114 -2.88344125 -2.7171688   2.54543989
 -2.1372492  -2.04729588 -0.18135145  3.15034305  0.24662547  0.2136729
 -1.2505476  -0.67783184 -1.73402191 -3.03026813  2.87052259  1.23574351
 -0.48580051 -2.18853533  1.10996234 -1.10613615 -0.48989745 -2.73955762
 -2.06507346  1.86562931 -0.87410425  2.62215547 -0.45404216 -2.67145168
 -2.82057606  2.26172432 -3.14460579 -0.44524239 -1.00283959 -0.24635163
  2.34754344  1.84010545  0.01868654 -2.55297041 -2.65897905  0.24404306
 -0.76624239  1.24502601 -2.62785799  1.12483018 -0.38381369  0.42071428
  1.91929955  0.45848669  0.65056794 -1.27160494  1.7909919   2.93929369
  0.99590365  0.22180573 -1.14161873  2.4224045   0.72711532 -1.90956631
 -0.05056144  1.87097675  0.98670978 -1.07976306 -2.30086175  2.22241988
  2.00420928  1.92775729  2.29721859  1.9157464  -1.66111233 -3.10370064
  0.4286703   1.3445615  -2.26293349 -1.12608469  2.31167651  1.39296499
 -0.27160943 -1.84438752 -1.64792806  1.96536102  1.3072069  -1.01166306
 -0.23081259 -0.6932764  -0.30336756  2.30242486 -0.66199165 -0.93545883
  0.77567584 -2.35228903  0.59014883  2.78411845 -0.3526471   2.04741843
 -1.8609412  -1.35301849 -2.59759896 -2.42285643 -1.50212247 -3.02917165
  2.01596946  1.78216449  1.58151854  1.12495164  1.5885199  -2.44431401
 -2.50719631  1.7888178   1.03433893 -0.29137108 -2.47791138  1.43152604
 -1.04410964 -3.04714442 -0.04716961  1.89785066 -2.70113683 -2.36816718
  1.87657728  1.0293768  -0.6261232  -0.49607438 -0.92139937  1.96359754
  0.47277438 -0.35689178  0.40125471 -2.26650093  1.26146919 -0.15373393
  2.40209007  1.23330467  2.87750687 -1.05693467  2.10169235 -0.4301726
 -3.26795119  2.20334641  0.81154528  1.92931017 -1.28939435  1.43907735
 -2.12154133  0.20907781  0.08355782 -2.79029992 -0.90198871 -2.39325923
  0.07225994 -0.568889  ]
Sat May 25 15:10:01 2024,242,0.09594170105165405,[-4.65596742  2.36705533 -1.84090535 -0.12398274  0.18710019 -2.68768048
  3.01261542  2.10545666  1.45507974 -0.92561473  0.61263419  1.09194184
  1.13208643 -1.54214499  0.77726085  2.80573947 -0.79832277 -0.6368549
 -1.75471748  0.60200394  1.67619614  2.99184678 -1.20859079 -0.31559981
 -2.42381067 -2.33808863  2.99458133  2.76357445 -0.54366261 -2.36463257
  1.48310643 -0.05855493 -2.31753082  2.09532551  1.28897177 -0.63864541
  0.8479215  -2.31868683 -0.02602425  2.15339755 -0.16373799  0.38908902
  2.71391661  1.04651452  2.46273255  3.16190581  2.64098782 -2.94004088
  0.26566938 -0.81568517  1.75898164  2.86387259 -0.51113075 -2.31764839
  2.78724402 -3.21115596  0.79395563 -0.63464593 -1.74161181  2.69748951
 -1.80924737 -1.58813401 -2.30418755  2.18762659 -2.45094795  2.13525303
  2.07431694  1.53568609  2.38263203  2.80469316  1.64930101  1.20023688
 -1.51300379 -2.22936432  1.47077351  0.711862    1.3134966  -3.01396182
 -0.37801731  2.51861257 -1.03565164  1.28734799  1.48344852  0.5446953
 -0.83329747  1.11504802  0.66830316 -0.38321022  2.80479255 -1.9929734
  1.53815117 -0.48640778  1.09072072 -2.84997188 -2.45814758  0.45808086
 -1.16185148 -0.49530892  0.36534735 -0.11130171 -1.65045331 -0.04094681
 -0.8598275   2.81177815 -1.06210237 -1.38052519 -0.94884052  1.0778164
  1.85213882 -0.69577632  1.97212208 -2.19424411 -0.34748    -0.73260519
 -2.88977211  3.16476651 -1.63203355  3.1358612  -1.26624631 -2.70886056
  3.36249791 -1.23283317 -0.77655012 -2.88351023 -2.71723778  2.54550887
 -2.13718022 -2.04736486 -0.18142042  3.15027407  0.24669445  0.21374188
 -1.25061657 -0.67776287 -1.73409089 -3.0303371   2.87059157  1.23581249
 -0.48573153 -2.18846636  1.10989336 -1.10620513 -0.48996643 -2.7396266
 -2.06500448  1.86556033 -0.87417323  2.62208649 -0.45397318 -2.67152065
 -2.82064503  2.2617933  -3.14453681 -0.44517341 -1.00290857 -0.24628266
  2.34761242  1.84003647  0.01875552 -2.55303938 -2.65904803  0.24397408
 -0.76631137  1.24509499 -2.62792696  1.12489916 -0.38388266  0.42078325
  1.91923057  0.45841771  0.65063692 -1.27153596  1.79092293  2.93922471
  0.99597263  0.2218747  -1.14154976  2.42247348  0.7271843  -1.90963529
 -0.05063042  1.87104573  0.9866408  -1.07983204 -2.30079278  2.22248886
  2.0041403   1.92768832  2.29714961  1.91581538 -1.66104335 -3.10363167
  0.42860133  1.34449252 -2.26286451 -1.12615367  2.31160753  1.39303397
 -0.27167841 -1.8444565  -1.64799704  1.96529204  1.30713792 -1.01173204
 -0.23088157 -0.69320742 -0.30329858  2.30235589 -0.66192267 -0.9355278
  0.77574482 -2.35235801  0.5902178   2.78404947 -0.35257812  2.04748741
 -1.86101018 -1.35308747 -2.59766793 -2.42292541 -1.50205349 -3.02910268
  2.01590048  1.78223347  1.58144957  1.12488266  1.58845092 -2.44438299
 -2.50726529  1.78874882  1.03426995 -0.29144005 -2.4778424   1.43159502
 -1.04404066 -3.04707545 -0.04723859  1.89778168 -2.70106786 -2.3680982
  1.8765083   1.02944578 -0.62619218 -0.4960054  -0.92146834  1.96352856
  0.47284335 -0.35696076  0.40132369 -2.26656991  1.26140021 -0.15366495
  2.40215905  1.23337365  2.87757585 -1.05700365  2.10162337 -0.43024158
 -3.26802016  2.20327743  0.81161426  1.92924119 -1.28946332  1.43914633
 -2.12161031  0.20900883  0.08348884 -2.7903689  -0.90205769 -2.39319025
  0.07219097 -0.56882003]
Sat May 25 15:11:09 2024,243,0.09594150991380704,[-4.65603443  2.36698832 -1.84097236 -0.12391573  0.18703318 -2.68761347
  3.01268243  2.10552367  1.45514675 -0.92568174  0.6127012   1.09200885
  1.13215343 -1.54207798  0.77719384  2.80580648 -0.79825576 -0.63678789
 -1.75478449  0.60207095  1.67626314  2.99191379 -1.2086578  -0.3155328
 -2.42374366 -2.33802162  2.99464834  2.76350744 -0.54372962 -2.36456557
  1.48303942 -0.05862194 -2.31759783  2.09539252  1.28890476 -0.63871242
  0.84785449 -2.31875383 -0.02609125  2.15333055 -0.16367099  0.38902201
  2.7138496   1.04644751  2.46266554  3.1618388   2.64092081 -2.93997387
  0.26573638 -0.81561816  1.75904865  2.8639396  -0.51119776 -2.3177154
  2.78731103 -3.21108895  0.79402264 -0.63471294 -1.74167882  2.6974225
 -1.80931438 -1.58806701 -2.30425456  2.18755959 -2.45088094  2.13532004
  2.07438395  1.53561908  2.38256502  2.80476016  1.649234    1.20030389
 -1.51293678 -2.22943133  1.47084052  0.71192901  1.31342959 -3.01402883
 -0.3779503   2.51854556 -1.03571865  1.28728098  1.48338151  0.54476231
 -0.83323046  1.11511503  0.66823615 -0.38327723  2.80472554 -1.9929064
  1.53808416 -0.48647479  1.09065371 -2.84990487 -2.45808057  0.45814787
 -1.16191849 -0.49524192  0.36541436 -0.1112347  -1.6503863  -0.0408798
 -0.85989451  2.81184516 -1.06203536 -1.38059219 -0.94877352  1.07788341
  1.85207181 -0.69570931  1.97218909 -2.19417711 -0.34754701 -0.73253818
 -2.88983912  3.16483351 -1.63196654  3.13579419 -1.26631331 -2.70879356
  3.3624309  -1.23290018 -0.77661713 -2.88357724 -2.71730479  2.54557588
 -2.13711321 -2.04743187 -0.18135342  3.15034108  0.24662744  0.21367487
 -1.25054957 -0.67769586 -1.7341579  -3.03040411  2.87052456  1.23574548
 -0.48579854 -2.18853336  1.10982635 -1.10627214 -0.48989942 -2.73969361
 -2.06507149  1.86562734 -0.87424024  2.6221535  -0.45404019 -2.67158766
 -2.82057803  2.26172629 -3.14460382 -0.4451064  -1.00284156 -0.24621565
  2.34767943  1.83996946  0.01882253 -2.55297237 -2.65898102  0.24404109
 -0.76624436  1.245162   -2.62785996  1.12496617 -0.38394967  0.42085026
  1.91916356  0.45835071  0.65070392 -1.27160297  1.79085592  2.93929172
  0.99603964  0.2218077  -1.14161676  2.42240647  0.72711729 -1.90970229
 -0.05056341  1.87111273  0.9865738  -1.07976503 -2.30072577  2.22242185
  2.0040733   1.92775532  2.29721662  1.91574837 -1.66111036 -3.10356466
  0.42866833  1.34455953 -2.26279751 -1.12608666  2.31167454  1.39310098
 -0.27174542 -1.84452351 -1.64793003  1.96535905  1.30720493 -1.01166503
 -0.23081456 -0.69327443 -0.30336559  2.30242289 -0.66198968 -0.93559481
  0.77567781 -2.352291    0.59015079  2.78411648 -0.35251111  2.04755442
 -1.86107719 -1.35315448 -2.59760093 -2.42299241 -1.5021205  -3.02916968
  2.01596749  1.78216646  1.58151657  1.12494967  1.58838391 -2.44445
 -2.50733229  1.78881583  1.03433696 -0.29150706 -2.47790941  1.43152801
 -1.04410767 -3.04714246 -0.04730559  1.89784869 -2.70113486 -2.36816521
  1.87644129  1.02937877 -0.62625919 -0.49607241 -0.92153535  1.96359557
  0.47277635 -0.35702776  0.4013907  -2.2665029   1.26146722 -0.15359795
  2.40222606  1.23330664  2.87764286 -1.05707066  2.10155636 -0.43017457
 -3.26808717  2.20334444  0.81154725  1.9293082  -1.28953033  1.43921333
 -2.1215433   0.20907584  0.08355585 -2.79030189 -0.90212469 -2.39312324
  0.07225797 -0.56888703]
Sat May 25 15:11:35 2024,244,0.09594132908248945,[-4.65609953  2.36692322 -1.84090726 -0.12398083  0.18696808 -2.68767857
  3.01261733  2.10545857  1.45521185 -0.92574684  0.6126361   1.09194375
  1.13208834 -1.54201289  0.77712874  2.80574138 -0.79819066 -0.63685299
 -1.75471939  0.60213605  1.67632824  2.99184869 -1.2087229  -0.3154677
 -2.42380876 -2.33795652  2.99471344  2.76357254 -0.54379472 -2.36450047
  1.48297432 -0.05855684 -2.31766292  2.09545762  1.28896986 -0.63864732
  0.84778939 -2.31881893 -0.02602616  2.15339565 -0.16360589  0.38895691
  2.7139147   1.04638242  2.46260044  3.1617737   2.64098591 -2.94003897
  0.26580148 -0.81555306  1.75911374  2.8638745  -0.51126286 -2.3176503
  2.78724593 -3.21115405  0.79408774 -0.63464784 -1.74161372  2.6974876
 -1.80937948 -1.5881321  -2.30431966  2.18762468 -2.45094604  2.13525494
  2.07431885  1.53555398  2.38263012  2.80469506  1.6492991   1.20023879
 -1.51287168 -2.22936623  1.47090561  0.71199411  1.31336449 -3.01409393
 -0.3778852   2.51861066 -1.03578375  1.28734608  1.48331641  0.54469721
 -0.83316537  1.11518013  0.66817106 -0.38321213  2.80479064 -1.9928413
  1.53801906 -0.48653989  1.09071881 -2.84996997 -2.45801547  0.45808277
 -1.16185339 -0.49530701  0.36534926 -0.11116961 -1.6504514  -0.0408147
 -0.85982941  2.81178006 -1.06197027 -1.3805271  -0.94870842  1.0779485
  1.85213691 -0.69564421  1.97212399 -2.1942422  -0.34761211 -0.73260328
 -2.88977402  3.16476842 -1.63203164  3.13585929 -1.26637841 -2.70872846
  3.362496   -1.23296528 -0.77668223 -2.88351214 -2.71723969  2.54551078
 -2.13704811 -2.04736677 -0.18141852  3.15040618  0.24669254  0.21360978
 -1.25061466 -0.67776096 -1.7340928  -3.03046921  2.87045946  1.23581058
 -0.48573344 -2.18846827  1.10976126 -1.10633723 -0.48996452 -2.73962851
 -2.06513659  1.86556224 -0.87430534  2.6220884  -0.45410529 -2.67165276
 -2.82051293  2.26179139 -3.14453872 -0.4451715  -1.00290666 -0.24628075
  2.34774453  1.84003456  0.01875743 -2.55290728 -2.65891592  0.24397599
 -0.76617926  1.2450969  -2.62779486  1.12490107 -0.38401477  0.42091536
  1.91909846  0.4584158   0.65063883 -1.27153787  1.79079082  2.93935681
  0.99597454  0.2217426  -1.14155166  2.42247157  0.72705219 -1.9096372
 -0.05049831  1.87104764  0.9865087  -1.07969993 -2.30079087  2.22235675
  2.0040082   1.92782042  2.29728172  1.91581347 -1.66104526 -3.10349956
  0.42873343  1.34462463 -2.2628626  -1.12602156  2.31173964  1.39303588
 -0.27168032 -1.8445886  -1.64799513  1.96529395  1.30727003 -1.01173013
 -0.23074946 -0.69320933 -0.30343069  2.3023578  -0.66205478 -0.93565991
  0.77574291 -2.3523561   0.5900857   2.78418158 -0.35257621  2.04748932
 -1.86114229 -1.35321958 -2.59766602 -2.42292732 -1.5020554  -3.02910459
  2.01603259  1.78223156  1.58145148  1.12501477  1.58844901 -2.4445151
 -2.50739739  1.78875073  1.03440206 -0.29157216 -2.47784431  1.43159311
 -1.04404257 -3.04707736 -0.0472405   1.89791379 -2.70106977 -2.36823031
  1.87650639  1.02944387 -0.62619409 -0.49600731 -0.92160045  1.96353047
  0.47284144 -0.35696267  0.40145579 -2.266568    1.26140212 -0.15353285
  2.40216096  1.23337174  2.87757776 -1.05713575  2.10149127 -0.43023967
 -3.26802207  2.20327934  0.81161235  1.9292431  -1.28959543  1.43914824
 -2.1216084   0.20901074  0.08349075 -2.79036699 -0.90218979 -2.39305814
  0.07232307 -0.56882194]
Sat May 25 15:11:58 2024,245,0.09594115798195023,[-4.65616277  2.36685997 -1.8409705  -0.12404408  0.18690483 -2.68761532
  3.01255408  2.10552182  1.4551486  -0.92568359  0.61269935  1.092007
  1.13215158 -1.54194964  0.7770655   2.80567813 -0.79812742 -0.63678974
 -1.75465614  0.6020728   1.676265    2.99178544 -1.20878615 -0.31540446
 -2.42374551 -2.33789328  2.99465019  2.76363579 -0.54385797 -2.36443722
  1.48303757 -0.05849359 -2.31772617  2.09552086  1.28890661 -0.63871057
  0.84785264 -2.31875569 -0.02596291  2.15345889 -0.16366913  0.38889366
  2.71385145  1.04631917  2.46266369  3.16171045  2.64104916 -2.94010222
  0.26573824 -0.81561631  1.75917699  2.86393775 -0.51119961 -2.31771355
  2.78730918 -3.2110908   0.79402449 -0.63471109 -1.74167697  2.69755084
 -1.80944273 -1.58806886 -2.30425641  2.18768793 -2.45088279  2.1351917
  2.0743821   1.53561723  2.38269337  2.80475831  1.64923585  1.20017554
 -1.51293493 -2.22930298  1.47084237  0.71205735  1.31342774 -3.01415718
 -0.37782196  2.51854741 -1.03584699  1.28728283  1.48337966  0.54476046
 -0.83310212  1.11524337  0.66810781 -0.38327538  2.8047274  -1.99290454
  1.53808231 -0.48647664  1.09065556 -2.84990672 -2.45807872  0.45814602
 -1.16191664 -0.49524377  0.36541251 -0.11110636 -1.65051464 -0.04075146
 -0.85989266  2.81171682 -1.06190702 -1.38046385 -0.94864517  1.07801175
  1.85220016 -0.69570746  1.97218724 -2.19417896 -0.34754886 -0.73266653
 -2.88971078  3.16483166 -1.63209488  3.13592254 -1.26631517 -2.70866521
  3.36255924 -1.23290203 -0.77674547 -2.88357539 -2.71717644  2.54557402
 -2.13698487 -2.04743001 -0.18148176  3.15034293  0.24675579  0.21367302
 -1.25067791 -0.6778242  -1.73402955 -3.03040596  2.87052271  1.23574733
 -0.48579669 -2.18840502  1.10969801 -1.10627399 -0.48990127 -2.73956526
 -2.06519983  1.86562549 -0.87436858  2.62215165 -0.45404204 -2.67171601
 -2.82044968  2.26185463 -3.14460197 -0.44510825 -1.00284341 -0.24634399
  2.34780777  1.83997131  0.01869418 -2.55284403 -2.65897917  0.24403924
 -0.76624251  1.24503365 -2.6278581   1.12496432 -0.38395152  0.42097861
  1.91916171  0.45835256  0.65070207 -1.27147462  1.79085407  2.93942006
  0.99591129  0.22167935 -1.14161491  2.42253482  0.72711544 -1.90970044
 -0.05056156  1.87098439  0.98657194 -1.07963669 -2.30072762  2.22242
  2.00407144  1.92775718  2.29734496  1.91587672 -1.66098202 -3.10356281
  0.42867019  1.34456138 -2.26292585 -1.12608481  2.31167639  1.39297263
 -0.27174357 -1.84452536 -1.64805837  1.9653572   1.30733328 -1.01179338
 -0.23068621 -0.69314609 -0.30336744  2.30242104 -0.66211802 -0.93572316
  0.77567966 -2.35241935  0.59014894  2.78424483 -0.35251296  2.04742608
 -1.86120553 -1.35315633 -2.59760278 -2.42299056 -1.50199215 -3.02904134
  2.01609584  1.78229481  1.58138823  1.12495152  1.58838577 -2.44457834
 -2.50733415  1.78881398  1.03433881 -0.29150891 -2.47778106  1.43165636
 -1.04397932 -3.0471406  -0.04730374  1.89797704 -2.70113301 -2.36829356
  1.87644315  1.02950712 -0.62625733 -0.49607056 -0.9215372   1.96359372
  0.4727782  -0.35689942  0.40151904 -2.26663125  1.26133887 -0.15359609
  2.4022242   1.23330849  2.87764101 -1.05707251  2.10142802 -0.43017642
 -3.26808532  2.20334259  0.8115491   1.92917985 -1.28953218  1.43921148
 -2.12154515  0.20907399  0.0834275  -2.79030374 -0.90212655 -2.39312139
  0.07238632 -0.56875869]
Sat May 25 15:12:21 2024,246,0.09594099606965409,[-4.65622422  2.36679852 -1.84090905 -0.12398263  0.18696628 -2.68755387
  3.01261553  2.10558327  1.45521006 -0.92562214  0.6126379   1.09194555
  1.13209013 -1.54188819  0.77712695  2.80573959 -0.79806597 -0.63672829
 -1.75471759  0.60213425  1.67632645  2.99172399 -1.20872469 -0.315343
 -2.42368406 -2.33783183  2.99471164  2.76357434 -0.54379651 -2.36449867
  1.48297612 -0.05855504 -2.31778762  2.09558231  1.28896806 -0.63864912
  0.84791409 -2.31869424 -0.02602436  2.15339744 -0.16360768  0.38895511
  2.71379     1.04638062  2.46272514  3.161649    2.64111061 -2.94004077
  0.26567679 -0.81567776  1.75911554  2.86387629 -0.51126107 -2.31765209
  2.78737063 -3.21102935  0.79396304 -0.63477254 -1.74161552  2.69748939
 -1.80950418 -1.58813031 -2.30419496  2.18762648 -2.45082134  2.13525315
  2.07444355  1.53567868  2.38263192  2.80481976  1.6492973   1.20011409
 -1.51299638 -2.22924153  1.47090382  0.7119959   1.31348919 -3.01409573
 -0.37788341  2.51860886 -1.03590845  1.28722138  1.48331821  0.54469901
 -0.83316357  1.11518192  0.66816926 -0.38321393  2.80466595 -1.99296599
  1.53802086 -0.48653809  1.09059411 -2.84996818 -2.45801727  0.45808457
 -1.16197809 -0.49518232  0.36535106 -0.11104491 -1.65045319 -0.04081291
 -0.85995411  2.81165537 -1.06196847 -1.3805253  -0.94870662  1.0779503
  1.85226161 -0.69564601  1.97224869 -2.19411751 -0.34761031 -0.73260508
 -2.88964933  3.16477021 -1.63203343  3.13586109 -1.26625372 -2.70860376
  3.36262069 -1.23284058 -0.77680692 -2.88363684 -2.7172379   2.54551257
 -2.13692342 -2.04749147 -0.18154321  3.15028148  0.24669434  0.21373447
 -1.25061646 -0.67776275 -1.734091   -3.03034451  2.87046126  1.23580878
 -0.48585814 -2.18846647  1.10975946 -1.10621254 -0.48996272 -2.73962671
 -2.06526129  1.86568694 -0.87430713  2.6220902  -0.45410349 -2.67165456
 -2.82038823  2.26191608 -3.14466342 -0.4451697  -1.00278196 -0.24640544
  2.34774632  1.84003276  0.01863273 -2.55290548 -2.65891772  0.24410069
 -0.76618106  1.24509511 -2.62779665  1.12502577 -0.38401297  0.42104006
  1.91922316  0.45829111  0.65076352 -1.27141317  1.79091552  2.93935861
  0.99597274  0.2217408  -1.14167636  2.42259627  0.72717689 -1.90976189
 -0.05062301  1.87092294  0.98663339 -1.07969814 -2.30078907  2.22235855
  2.00400999  1.92781863  2.29728351  1.91593817 -1.66104347 -3.10350135
  0.42873164  1.34449993 -2.2629873  -1.12602336  2.31161494  1.39303408
 -0.27180502 -1.84458681 -1.64811983  1.96529575  1.30727183 -1.01185483
 -0.23062476 -0.69308464 -0.30342889  2.30235959 -0.66205657 -0.93566171
  0.77574111 -2.3523579   0.59021039  2.78430628 -0.35245151  2.04736462
 -1.86126698 -1.35321778 -2.59754133 -2.42305201 -1.5019307  -3.02910279
  2.01603439  1.78235626  1.58144968  1.12489007  1.58832431 -2.44463979
 -2.5072727   1.78887543  1.03440026 -0.29157036 -2.47771961  1.4315949
 -1.04391787 -3.04720205 -0.04736519  1.89791558 -2.70119446 -2.36835501
  1.8765046   1.02944567 -0.62631879 -0.49613201 -0.92147575  1.96353227
  0.47283965 -0.35683797  0.40145759 -2.2665698   1.26127742 -0.15353464
  2.40228566  1.23324704  2.87757956 -1.05713396  2.10148947 -0.43011497
 -3.26814677  2.20328114  0.81148765  1.9291184  -1.28959363  1.43927293
 -2.1214837   0.20901254  0.08336605 -2.79036519 -0.902188   -2.39305994
  0.07232487 -0.56869724]
Sat May 25 15:12:47 2024,247,0.09594084283430707,[-4.65628393  2.36685823 -1.84096876 -0.12404233  0.18702599 -2.68761358
  3.01267524  2.10552356  1.45526976 -0.92568185  0.61269761  1.09200526
  1.13203042 -1.54182848  0.77718666  2.80579929 -0.79800626 -0.636788
 -1.75465788  0.60207454  1.67638615  2.99166428 -1.2087844  -0.31540271
 -2.42362435 -2.33789153  2.99477135  2.76363405 -0.54385622 -2.36455838
  1.48303583 -0.05849533 -2.31772791  2.09564202  1.28902777 -0.63870883
  0.84785438 -2.31875394 -0.02608407  2.15333773 -0.16366739  0.3888954
  2.71384971  1.04644033  2.46266543  3.16170871  2.64117032 -2.94010048
  0.26561708 -0.81561805  1.75917525  2.863936   -0.51120136 -2.3177118
  2.78731092 -3.21096964  0.79402275 -0.63471283 -1.74167523  2.6975491
 -1.80956389 -1.58819002 -2.30425467  2.18768619 -2.45088105  2.13519344
  2.07450326  1.53561897  2.38269162  2.80487947  1.64935701  1.2001738
 -1.51293667 -2.22930124  1.47084411  0.71205561  1.3135489  -3.01415544
 -0.3778237   2.51866857 -1.03584874  1.28728109  1.48337791  0.5446393
 -0.83322328  1.11524163  0.66810955 -0.38327364  2.80460624 -1.99290629
  1.53808057 -0.4865978   1.0905344  -2.84990847 -2.45807697  0.45802486
 -1.1620378  -0.49512261  0.36541077 -0.11110462 -1.6505129  -0.04087262
 -0.8598944   2.81171508 -1.06190876 -1.38058501 -0.94864691  1.07801001
  1.85232132 -0.6955863   1.9723084  -2.1940578  -0.34767002 -0.73266479
 -2.88970904  3.1647105  -1.63197372  3.13580138 -1.26631342 -2.70866347
  3.36256099 -1.23290029 -0.77674721 -2.88369655 -2.7172976   2.54545286
 -2.13698313 -2.04743176 -0.1814835   3.15022177  0.24663463  0.21367476
 -1.25067617 -0.67770304 -1.73415071 -3.03040422  2.87040155  1.23574907
 -0.48591785 -2.18840676  1.10969975 -1.10615283 -0.49002243 -2.73968642
 -2.06532099  1.86562723 -0.87424742  2.62203049 -0.4541632  -2.67171427
 -2.82044794  2.26185637 -3.14460371 -0.44510999 -1.00272225 -0.24646515
  2.34780603  1.83997306  0.01869244 -2.55296519 -2.65897743  0.24404098
 -0.76612135  1.24515481 -2.62773694  1.12496606 -0.38395326  0.42109977
  1.91916345  0.45835082  0.65082323 -1.27147288  1.79097523  2.9392989
  0.99603245  0.22168109 -1.14173607  2.42265598  0.7272366  -1.9098216
 -0.0505633   1.87086323  0.98657369 -1.07963843 -2.30084878  2.22241826
  2.00395028  1.92787834  2.29734322  1.91587846 -1.66098376 -3.10356106
  0.42879135  1.34455964 -2.26292759 -1.12608307  2.31167465  1.39309379
 -0.27174531 -1.8445271  -1.64806012  1.96535545  1.30721212 -1.01191454
 -0.23068447 -0.69314435 -0.3034886   2.3024193  -0.66211628 -0.93572141
  0.7756814  -2.35241761  0.5902701   2.78436599 -0.3523918   2.04730492
 -1.86120727 -1.35327749 -2.59760104 -2.4229923  -1.50199041 -3.0291625
  2.01609409  1.78229655  1.58138997  1.12483036  1.58826461 -2.44458008
 -2.50721299  1.78893514  1.03434055 -0.29151065 -2.4776599   1.4315352
 -1.04385816 -3.04726176 -0.0474249   1.89785588 -2.70125417 -2.3682953
  1.87644489  1.02950538 -0.62637849 -0.49619172 -0.92153546  1.96347256
  0.47277994 -0.35677826  0.40139788 -2.26651009  1.26133713 -0.15359435
  2.40234536  1.23318733  2.87751985 -1.05707425  2.10154918 -0.43005526
 -3.26808706  2.20334085  0.81154736  1.92917811 -1.28953393  1.43933264
 -2.12154341  0.20895283  0.08330634 -2.7904249  -0.90212829 -2.39300023
  0.07238458 -0.56875695]
Sat May 25 15:13:10 2024,248,0.09594069779399908,[-4.65634195  2.36680021 -1.84102678 -0.12410035  0.18708401 -2.68755556
  3.01261722  2.10546554  1.45532778 -0.92562383  0.61263959  1.09206328
  1.13208844 -1.5418865   0.77724468  2.80585731 -0.79794824 -0.63672998
 -1.75459987  0.60201652  1.67644417  2.9917223  -1.20872638 -0.31546073
 -2.42356633 -2.33783351  2.99471333  2.76369207 -0.5437982  -2.3646164
  1.48297781 -0.05855335 -2.31778593  2.095584    1.28896975 -0.63865081
  0.8479124  -2.31881196 -0.02614209  2.15327971 -0.16372541  0.38883738
  2.71390773  1.04638231  2.46272345  3.16165069  2.64122834 -2.9401585
  0.2656751  -0.81556003  1.75911723  2.86387798 -0.51125938 -2.31776982
  2.78736894 -3.21091162  0.79408077 -0.63465481 -1.74161721  2.69749108
 -1.80962191 -1.588132   -2.30419665  2.18774421 -2.45093907  2.13513542
  2.07456128  1.53556095  2.38263361  2.80493749  1.64941503  1.20011578
 -1.51299469 -2.22924322  1.47078609  0.71199759  1.31360692 -3.01409742
 -0.37788172  2.51861055 -1.03590676  1.28733911  1.48343593  0.54458128
 -0.83316526  1.11529965  0.66805153 -0.38333166  2.80454822 -1.99284827
  1.53813859 -0.48665582  1.09047638 -2.84985045 -2.45813499  0.45796684
 -1.16197978 -0.49506459  0.36546879 -0.1110466  -1.65045488 -0.0408146
 -0.85983638  2.81165706 -1.06185074 -1.38052699 -0.94870493  1.07795199
  1.85237934 -0.69564432  1.97225038 -2.19411582 -0.347612   -0.73260677
 -2.88965102  3.16476852 -1.63203174  3.13574336 -1.26637144 -2.70872149
  3.36250297 -1.23295831 -0.7766892  -2.88375457 -2.71735562  2.54551088
 -2.13692511 -2.04748978 -0.18142548  3.15016375  0.24669265  0.21361674
 -1.25073419 -0.67764502 -1.73409269 -3.0303462   2.87034353  1.23580709
 -0.48597587 -2.18846478  1.10964173 -1.10609481 -0.49008045 -2.73974444
 -2.06537901  1.86568525 -0.87430544  2.62197247 -0.45422122 -2.67165625
 -2.82050596  2.26191439 -3.14466173 -0.44505198 -1.00278027 -0.24652317
  2.34774801  1.83991504  0.01863442 -2.55290717 -2.65903545  0.244099
 -0.76617937  1.24521283 -2.62779496  1.12502408 -0.38401128  0.42104175
  1.91922147  0.4582928   0.65076521 -1.2715309   1.79103324  2.93924088
  0.99597443  0.22173911 -1.14179409  2.42259796  0.72729462 -1.90987962
 -0.05062132  1.87092125  0.98651567 -1.07969645 -2.3009068   2.22247628
  2.0040083   1.92793636  2.2972852   1.91582044 -1.66104178 -3.10350304
  0.42884936  1.34450162 -2.26286957 -1.12602505  2.31173267  1.39315181
 -0.27180333 -1.84446908 -1.64811814  1.96529743  1.3071541  -1.01197256
 -0.23074249 -0.69308633 -0.30343058  2.30236128 -0.6621743  -0.93577943
  0.77562338 -2.35235959  0.59021208  2.78442401 -0.35244982  2.0472469
 -1.86126529 -1.35333551 -2.59765906 -2.42293428 -1.50193239 -3.02910448
  2.01615211  1.78223853  1.58144799  1.12488838  1.58820659 -2.44452206
 -2.50727101  1.78899316  1.03428253 -0.29145264 -2.47760188  1.43147718
 -1.04391618 -3.04720374 -0.04748292  1.89779786 -2.70131219 -2.36823728
  1.87638687  1.0295634  -0.62632047 -0.49624974 -0.92147744  1.96341454
  0.47283796 -0.35672024  0.4014559  -2.26656811  1.26139515 -0.15353633
  2.40240338  1.23324535  2.87757787 -1.05713227  2.10149116 -0.43011328
 -3.26802904  2.20339887  0.81148934  1.92912009 -1.28959195  1.43939066
 -2.12148539  0.20889481  0.08324832 -2.79036688 -0.90207027 -2.39305825
  0.07232656 -0.56881497]
Sat May 25 15:14:32 2024,249,0.0959405604944651,[-4.65639833  2.36674383 -1.8409704  -0.12404397  0.18702763 -2.68749918
  3.01256084  2.10540916  1.4552714  -0.92568021  0.61258321  1.09200689
  1.13203206 -1.54194288  0.77730106  2.80580093 -0.79789186 -0.6366736
 -1.75454348  0.6020729   1.67650056  2.99177868 -1.20867    -0.31551711
 -2.42350995 -2.33777713  2.99465695  2.76374845 -0.54385459 -2.36467278
  1.48292143 -0.05860973 -2.31784231  2.09552762  1.28902613 -0.63859442
  0.84796878 -2.31886835 -0.02608571  2.15322333 -0.16366903  0.38889377
  2.71385135  1.04643869  2.46277983  3.16170707  2.64128472 -2.94021488
  0.26561871 -0.81561641  1.75906085  2.8638216  -0.511203   -2.31771344
  2.78731256 -3.21085524  0.79413715 -0.63459843 -1.74156083  2.6974347
 -1.80956552 -1.58807562 -2.30425303  2.18768783 -2.45099545  2.1351918
  2.07461766  1.53561733  2.38268999  2.80499387  1.64935865  1.2000594
 -1.51293831 -2.22918684  1.47084247  0.71205397  1.3136633  -3.0141538
 -0.37782534  2.51855417 -1.03585037  1.28728273  1.48337955  0.54463766
 -0.83310888  1.11524327  0.66810791 -0.38327528  2.8046046  -1.99290465
  1.5380822  -0.48659944  1.09053277 -2.84979407 -2.45807861  0.45802322
 -1.16203616 -0.49500821  0.36541241 -0.11110298 -1.6503985  -0.04087098
 -0.85978     2.81160067 -1.06190712 -1.38047061 -0.94876131  1.07789561
  1.85243572 -0.6957007   1.97230676 -2.1941722  -0.34755562 -0.73266315
 -2.88959463  3.1648249  -1.63197536  3.13568698 -1.26631506 -2.70866511
  3.36244658 -1.23290193 -0.77663281 -2.88369819 -2.71729924  2.5454545
 -2.13686873 -2.0474334  -0.18148187  3.15010737  0.24663627  0.21356036
 -1.25067781 -0.67770141 -1.73414907 -3.03028982  2.87028715  1.23575071
 -0.48591949 -2.1884084   1.10969811 -1.10603843 -0.49013683 -2.73980082
 -2.06532263  1.86574163 -0.87424906  2.62202885 -0.45416484 -2.67171263
 -2.82056234  2.26197077 -3.14460535 -0.44510836 -1.00272389 -0.24646679
  2.34769163  1.83997142  0.01857804 -2.55296355 -2.65897907  0.24404262
 -0.76623575  1.24526922 -2.62773858  1.1249677  -0.38406767  0.42098537
  1.91916509  0.45823641  0.65070883 -1.27158728  1.79108963  2.93929726
  0.99603081  0.22168273 -1.14173771  2.42265434  0.727351   -1.909936
 -0.0506777   1.87086487  0.98657205 -1.07975283 -2.30096318  2.2224199
  2.00395192  1.92799274  2.29722882  1.91576406 -1.66109816 -3.10355943
  0.42879298  1.344558   -2.26281319 -1.12608143  2.31178905  1.39309543
 -0.27185971 -1.8444127  -1.64817452  1.96524105  1.30721048 -1.01191618
 -0.23079887 -0.69314271 -0.30348696  2.3023049  -0.66211792 -0.93572305
  0.775567   -2.35230321  0.5901557   2.78448039 -0.35239344  2.04719051
 -1.86120891 -1.35339189 -2.59760267 -2.4228779  -1.50198877 -3.0290481
  2.0162085   1.78229491  1.58139161  1.12494476  1.58815021 -2.44446568
 -2.50721463  1.78904954  1.03422615 -0.29150902 -2.4775455   1.43153356
 -1.04397256 -3.04714736 -0.04742654  1.89785424 -2.70125581 -2.36829366
  1.87633049  1.02950702 -0.62626409 -0.49630612 -0.92142106  1.96335816
  0.47278158 -0.35666386  0.40151228 -2.26662449  1.26133877 -0.15347995
  2.402347    1.23330173  2.87752149 -1.05718865  2.10154754 -0.43016966
 -3.26808542  2.20345525  0.81143296  1.92906371 -1.28953556  1.43944704
 -2.12154177  0.20883843  0.08319194 -2.79042326 -0.90201389 -2.39300187
  0.07238294 -0.56887135]
Sat May 25 15:15:42 2024,250,0.0959404305074499,[-4.65645313  2.36679862 -1.84102519 -0.12398918  0.18708242 -2.68755397
  3.01261563  2.10546395  1.45532619 -0.92562542  0.61252841  1.0919521
  1.13197727 -1.54188809  0.77724626  2.80585572 -0.79794665 -0.63672839
 -1.75459828  0.60201811  1.67655535  2.99183347 -1.20872479 -0.31557191
 -2.42356474 -2.33772234  2.99471174  2.76369366 -0.54390938 -2.36461799
  1.48297622 -0.05855494 -2.31778752  2.09547283  1.28897134 -0.63864922
  0.84802357 -2.31892314 -0.0261405   2.15316854 -0.16361424  0.38883897
  2.71379656  1.0463839   2.46272504  3.16165228  2.64122992 -2.94016009
  0.26556392 -0.8156712   1.75900606  2.86387639 -0.51125779 -2.31776823
  2.78725777 -3.21091003  0.79408236 -0.63465322 -1.74150604  2.69748949
 -1.80962032 -1.58802082 -2.30419824  2.18763304 -2.45094066  2.13513701
  2.07456287  1.53567212  2.38263519  2.80493908  1.64930386  1.20000461
 -1.5129931  -2.22913205  1.47089726  0.71210877  1.31371809 -3.01409901
 -0.37788013  2.51860896 -1.03579558  1.28722794  1.48343434  0.54458287
 -0.83305409  1.11518848  0.66805312 -0.38333007  2.80465939 -1.99284986
  1.53802741 -0.48665423  1.09047797 -2.84973927 -2.45802382  0.45796843
 -1.16198137 -0.495063    0.3654672  -0.11104819 -1.65034371 -0.04092577
 -0.85972521  2.81154588 -1.06196191 -1.3805254  -0.94870652  1.07784082
  1.85238093 -0.69575549  1.97225197 -2.19422699 -0.34761041 -0.73260836
 -2.88953984  3.16487969 -1.63192057  3.13563219 -1.26636985 -2.70861032
  3.36250138 -1.23295672 -0.77657802 -2.88375298 -2.71724445  2.54550929
 -2.13681393 -2.04748819 -0.18142707  3.15016217  0.24669106  0.21350557
 -1.25062302 -0.67764661 -1.73409428 -3.03023503  2.87034194  1.23569592
 -0.48597428 -2.18846319  1.10964332 -1.10598364 -0.49008204 -2.73974603
 -2.06526784  1.86568684 -0.87419427  2.62197406 -0.45421963 -2.67176742
 -2.82050755  2.26202557 -3.14455056 -0.44505356 -1.00277868 -0.246412
  2.34763684  1.84002621  0.01863283 -2.55290876 -2.65892427  0.24398782
 -0.76618096  1.24521442 -2.62768379  1.12502249 -0.38401287  0.42093057
  1.9191103   0.45829121  0.65065404 -1.27164207  1.79103483  2.93924247
  0.9960856   0.22162794 -1.1417925   2.42259955  0.72729621 -1.90988121
 -0.05073249  1.87091966  0.98651726 -1.07980762 -2.30101797  2.22236511
  2.00389713  1.92793795  2.29728361  1.91570927 -1.66104337 -3.10350463
  0.42873819  1.34450321 -2.2627584  -1.12613622  2.31173426  1.39304064
 -0.27180492 -1.84446749 -1.64822931  1.96518626  1.30715569 -1.01186138
 -0.23074408 -0.69308792 -0.30354176  2.30225011 -0.66217271 -0.93566826
  0.77551221 -2.352358    0.59021049  2.7844256  -0.35233865  2.04724531
 -1.86115412 -1.35344668 -2.59754788 -2.42282311 -1.50193398 -3.02899331
  2.0161537   1.78224012  1.58133682  1.12488997  1.58809541 -2.44441089
 -2.50715983  1.78910433  1.03428094 -0.29145422 -2.47760029  1.43158835
 -1.04402735 -3.04709257 -0.04737175  1.89790903 -2.70120102 -2.36823887
  1.87627569  1.02945222 -0.6262093  -0.49625133 -0.92136627  1.96341295
  0.47272679 -0.35671865  0.40156707 -2.26667928  1.26128398 -0.15342516
  2.40240179  1.23324694  2.87757628 -1.05713386  2.10149275 -0.43022445
 -3.26803063  2.20340046  0.81137817  1.9291185  -1.28959036  1.43950183
 -2.12159657  0.20878364  0.08324673 -2.79036847 -0.90206868 -2.39305666
  0.07232815 -0.56881656]
Sat May 25 15:16:05 2024,251,0.09594030742917234,[-4.65650638  2.36674537 -1.84097194 -0.12393593  0.18702917 -2.68750072
  3.01266888  2.1054107   1.45527294 -0.92557217  0.61258166  1.09200535
  1.13203052 -1.54183484  0.77719302  2.80580247 -0.7979999  -0.63667514
 -1.75454503  0.60207136  1.6766086   2.99188672 -1.20877804 -0.31551866
 -2.42361799 -2.33777559  2.99465849  2.76364041 -0.54396263 -2.36467124
  1.48292297 -0.05860819 -2.31773427  2.09541958  1.28891809 -0.63859597
  0.84797032 -2.31886989 -0.02608725  2.15311529 -0.16366749  0.38889222
  2.71384981  1.04633065  2.46277829  3.16159903  2.64117668 -2.94010684
  0.26551067 -0.81561795  1.75895281  2.86382314 -0.51120454 -2.31782148
  2.78720452 -3.21096328  0.79402911 -0.63459997 -1.74155929  2.69754274
 -1.80956707 -1.58796758 -2.30425149  2.18768629 -2.45099391  2.13519026
  2.07450962  1.53572537  2.38268844  2.80488583  1.64925061  1.19995136
 -1.51304635 -2.2291853   1.47095051  0.71205552  1.31366484 -3.01415226
 -0.37782688  2.51866221 -1.03574233  1.28728119  1.48338109  0.54452962
 -0.83310734  1.11513523  0.66810637 -0.38338332  2.80460614 -1.99290311
  1.53808066 -0.48670748  1.09053122 -2.84979252 -2.45807707  0.45791518
 -1.16192812 -0.49500975  0.36541395 -0.11110144 -1.65029046 -0.04097902
 -0.85967196  2.81159913 -1.06201516 -1.38047215 -0.94875977  1.07789407
  1.85243418 -0.69580874  1.97230521 -2.19428024 -0.34766366 -0.73266161
 -2.88959309  3.16482644 -1.63186732  3.13557894 -1.2664231  -2.70855707
  3.36244813 -1.23290347 -0.77663127 -2.88380623 -2.7172977   2.54556254
 -2.13676068 -2.04754144 -0.18148032  3.15010892  0.24674431  0.21355882
 -1.25067627 -0.67759336 -1.73404103 -3.03028828  2.87028869  1.23564267
 -0.48592103 -2.18840994  1.10969657 -1.10603688 -0.49002879 -2.73979928
 -2.06521459  1.86563359 -0.87424752  2.62202731 -0.45427288 -2.67171417
 -2.8204543   2.26207882 -3.14460381 -0.44510681 -1.00272543 -0.24635875
  2.34769009  1.84007946  0.01868608 -2.55285551 -2.65897752  0.24404107
 -0.76612771  1.24516117 -2.62763054  1.12496924 -0.38406612  0.42098382
  1.91905705  0.45834446  0.65070729 -1.27169532  1.79098158  2.93918922
  0.99603235  0.22168119 -1.14173925  2.4225463   0.72724296 -1.90982796
 -0.05067924  1.87097291  0.98646401 -1.07986087 -2.30107122  2.22241836
  2.00395038  1.9279912   2.29733686  1.91565602 -1.66099012 -3.10355788
  0.42879144  1.34444996 -2.26270515 -1.12608297  2.31178751  1.39298739
 -0.27185817 -1.84452074 -1.64817606  1.96523951  1.30720894 -1.01191463
 -0.23079733 -0.69303467 -0.30348851  2.30219686 -0.66211946 -0.93561501
  0.77545896 -2.35241125  0.59015724  2.78437235 -0.3522854   2.04729856
 -1.86120737 -1.35349993 -2.59760113 -2.42276986 -1.50198723 -3.02894006
  2.01620695  1.78218687  1.58128357  1.12483672  1.58814866 -2.44446414
 -2.50721308  1.78915758  1.03422769 -0.29150747 -2.47754704  1.4315351
 -1.0440806  -3.04714582 -0.0473185   1.89785578 -2.70125427 -2.36818562
  1.87622244  1.02939897 -0.62626255 -0.49630458 -0.92131302  1.9634662
  0.47267354 -0.3566654   0.40162032 -2.26673253  1.26123073 -0.15347841
  2.40245504  1.23319369  2.87752303 -1.05718711  2.101546   -0.4302777
 -3.26808388  2.2034537   0.81132492  1.92906525 -1.28953711  1.43944858
 -2.12164982  0.20883689  0.08329998 -2.79042172 -0.90212193 -2.39300341
  0.0722749  -0.56886981]
Sat May 25 15:16:28 2024,252,0.09594019087888409,[-4.65655813  2.36669362 -1.8410237  -0.12388418  0.18697742 -2.68744897
  3.01261713  2.10546246  1.45522119 -0.92562392  0.61263342  1.0919536
  1.13208227 -1.54178308  0.77714126  2.80575072 -0.79805165 -0.6367269
 -1.75459678  0.60201961  1.67666035  2.99183497 -1.2088298  -0.3154669
 -2.42356624 -2.33782735  2.99460674  2.76358865 -0.54391087 -2.36461948
  1.48287121 -0.05855644 -2.31778603  2.09547133  1.28896985 -0.63864772
  0.84791857 -2.31892164 -0.026139    2.15316704 -0.16361573  0.38894398
  2.71379805  1.0463824   2.46283004  3.16154728  2.64112492 -2.94015859
  0.26556243 -0.81566971  1.75890105  2.86377139 -0.51125629 -2.31776973
  2.78715276 -3.21101504  0.79397735 -0.63454822 -1.74161104  2.69749099
 -1.80951531 -1.58801933 -2.30430324  2.18773804 -2.45104566  2.1351385
  2.07445786  1.53577712  2.38263669  2.80483408  1.64919886  1.1998996
 -1.5130981  -2.22913355  1.47100227  0.71200376  1.31361308 -3.01420401
 -0.37777513  2.51861046 -1.03579409  1.28733294  1.48332934  0.54458137
 -0.83305558  1.11508348  0.66805462 -0.38343507  2.80465789 -1.99295486
  1.53802891 -0.48675923  1.09047947 -2.84984428 -2.45802532  0.45786342
 -1.16187636 -0.49495799  0.3654657  -0.11115319 -1.65034221 -0.04092726
 -0.85962021  2.81165089 -1.06196341 -1.3804204  -0.94881152  1.07794582
  1.85238242 -0.6958605   1.97235697 -2.19433199 -0.34771541 -0.73260985
 -2.88964485  3.1648782  -1.63191907  3.13552718 -1.26637135 -2.70860882
  3.36239637 -1.23295523 -0.77668303 -2.88375447 -2.71734945  2.5456143
 -2.13670893 -2.04759319 -0.18153208  3.15005716  0.24669255  0.21350707
 -1.25062451 -0.67754161 -1.73398928 -3.03034003  2.87023694  1.23559091
 -0.48586928 -2.18846169  1.10974832 -1.10598513 -0.49008054 -2.73974753
 -2.06526635  1.86568535 -0.87419577  2.62197555 -0.45422113 -2.67166242
 -2.82050605  2.26202706 -3.14465556 -0.44505506 -1.00267368 -0.246307
  2.34774184  1.8400277   0.01863433 -2.55280376 -2.65902928  0.24398932
 -0.76617946  1.24510942 -2.62757879  1.12502099 -0.38411788  0.42103558
  1.9191088   0.45839621  0.65075904 -1.27174708  1.79103334  2.93924098
  0.9959806   0.22173294 -1.14179101  2.42259805  0.7271912  -1.90987972
 -0.05062749  1.87102466  0.98641225 -1.07991262 -2.30101947  2.22247011
  2.00400213  1.92793944  2.29728511  1.91570777 -1.66104187 -3.10360964
  0.42873969  1.34450172 -2.2627569  -1.12603122  2.31183926  1.39303914
 -0.27190992 -1.84457249 -1.64822781  1.96529127  1.30726069 -1.01186288
 -0.23074558 -0.69298291 -0.30354026  2.30224861 -0.66206771 -0.93556326
  0.77540721 -2.35235949  0.59010549  2.78432059 -0.35233715  2.0472468
 -1.86125913 -1.35344818 -2.59754938 -2.42271811 -1.50193548 -3.02899181
  2.0161552   1.78213511  1.58123181  1.12488848  1.58820042 -2.4445159
 -2.50726484  1.78920933  1.03427945 -0.29155923 -2.47749529  1.43148334
 -1.04413236 -3.04719757 -0.04737025  1.89780402 -2.70130602 -2.36813386
  1.8762742   1.02945073 -0.6262108  -0.49625282 -0.92126126  1.96341445
  0.47262178 -0.35661365  0.40167208 -2.26668077  1.26117897 -0.15342666
  2.40240329  1.23314194  2.87757478 -1.05723886  2.10159775 -0.43022595
 -3.26813564  2.20350546  0.81137667  1.9290135  -1.28948535  1.43939683
 -2.12159806  0.20888864  0.08335174 -2.79036997 -0.90207017 -2.39295166
  0.07232665 -0.56892156]
Sat May 25 15:16:51 2024,253,0.09594008049751515,[-4.65660843  2.36664332 -1.84097339 -0.12393448  0.18692712 -2.68749927
  3.01266743  2.10541215  1.45527149 -0.92557362  0.61268372  1.0919033
  1.13213258 -1.54183339  0.77709096  2.80570042 -0.79800135 -0.6367772
 -1.75454648  0.60196931  1.67661005  2.99178467 -1.2087795  -0.3154166
 -2.42351593 -2.33777704  2.99465704  2.76353835 -0.54396118 -2.36466979
  1.48282091 -0.05850613 -2.31783633  2.09552164  1.28902015 -0.63869802
  0.84786827 -2.31897194 -0.02618931  2.15311674 -0.16366604  0.38889367
  2.71374775  1.0463321   2.46277974  3.16159758  2.64117522 -2.94010829
  0.26551212 -0.8156194   1.75895136  2.86372109 -0.51130659 -2.31782003
  2.78710246 -3.21096473  0.79392705 -0.63449792 -1.74156074  2.69754129
 -1.80956562 -1.58806963 -2.30425294  2.18778834 -2.45109596  2.13518881
  2.07440756  1.53582743  2.38258639  2.80488438  1.64924916  1.19994991
 -1.51314841 -2.22908324  1.47105257  0.71205406  1.31366339 -3.01425431
 -0.37772482  2.51856016 -1.03574378  1.28728264  1.48337964  0.54463168
 -0.83300528  1.11513378  0.66810492 -0.38338477  2.8047082  -1.99300516
  1.53797861 -0.48670893  1.09042917 -2.84979397 -2.45797501  0.45791373
 -1.16182606 -0.49490769  0.3654154  -0.11110289 -1.65029191 -0.04087696
 -0.85967051  2.81160058 -1.06191311 -1.3804707  -0.94876122  1.07799612
  1.85233212 -0.69581019  1.97230667 -2.19428169 -0.34766511 -0.73255955
 -2.88959454  3.1649285  -1.63196938  3.13557749 -1.26632105 -2.70865912
  3.36234607 -1.23300553 -0.77673333 -2.88380478 -2.71739976  2.5456646
 -2.13675923 -2.04764349 -0.18158238  3.15010746  0.24674286  0.21345676
 -1.25057421 -0.67759191 -1.73403958 -3.03039034  2.87028724  1.23554061
 -0.48581897 -2.188512    1.10969802 -1.10603543 -0.49013085 -2.73979783
 -2.06531665  1.86563504 -0.87424607  2.62202586 -0.45427143 -2.67161211
 -2.82055635  2.26197676 -3.14460526 -0.44510536 -1.00262337 -0.24625669
  2.34769154  1.84007801  0.01868463 -2.55285406 -2.65897898  0.24403962
 -0.76612916  1.24505912 -2.62762909  1.1250713  -0.38406757  0.42098528
  1.9190585   0.45834591  0.65080935 -1.27169677  1.79098304  2.93929128
  0.9960309   0.22178325 -1.1417407   2.42264835  0.7271409  -1.90993002
 -0.05057719  1.87107497  0.98636195 -1.07986232 -2.30096917  2.22252041
  2.00405244  1.92798974  2.29733541  1.91575807 -1.66109218 -3.10365994
  0.42878999  1.34455202 -2.26280721 -1.12598092  2.31188957  1.39298884
 -0.27185962 -1.8446228  -1.64827812  1.96534157  1.30721039 -1.01181258
 -0.23069527 -0.69293261 -0.30348996  2.30229892 -0.66201741 -0.93551296
  0.77545751 -2.3524098   0.59005519  2.78437089 -0.35228685  2.0471965
 -1.86130943 -1.35339787 -2.59749908 -2.42276841 -1.50198578 -3.02894151
  2.0162055   1.78218542  1.58128212  1.12493878  1.58825072 -2.4445662
 -2.50721453  1.78915903  1.03432975 -0.29160953 -2.47744499  1.43153365
 -1.04408206 -3.04724788 -0.04731995  1.89775372 -2.70135632 -2.36818417
  1.8763245   1.02950103 -0.6261605  -0.49630312 -0.92121096  1.96346475
  0.47267209 -0.35656334  0.40162177 -2.26663047  1.26122928 -0.15347696
  2.40245359  1.23309163  2.87762508 -1.05718856  2.10164806 -0.43017565
 -3.26818594  2.20345516  0.81132637  1.9289632  -1.28953566  1.43944713
 -2.12164836  0.20883834  0.08340204 -2.79042027 -0.90212048 -2.39290135
  0.07237695 -0.56897186]
Sat May 25 15:17:24 2024,254,0.09593997594639977,[-4.65665733  2.36659442 -1.8409245  -0.12398337  0.18687822 -2.68754816
  3.01271633  2.10536326  1.45532039 -0.92552473  0.61273261  1.0918544
  1.13218147 -1.54188228  0.77713985  2.80565152 -0.79795246 -0.6367283
 -1.75459537  0.60192041  1.67665894  2.99183356 -1.20882839 -0.31546549
 -2.42346704 -2.33782594  2.99460815  2.76348946 -0.54401007 -2.36471868
  1.48286981 -0.05855503 -2.31778743  2.09557053  1.28906904 -0.63864913
  0.84791716 -2.31892305 -0.02614041  2.15306785 -0.16371493  0.38884478
  2.71379664  1.0462832   2.46273085  3.16164647  2.64112633 -2.94005939
  0.26546323 -0.8156683   1.75900025  2.86376998 -0.5112577  -2.31777114
  2.78715135 -3.21091584  0.79397594 -0.63454681 -1.74160963  2.69759019
 -1.80951672 -1.58802074 -2.30420405  2.18773945 -2.45114486  2.1352377
  2.07435866  1.53577853  2.38263528  2.80493327  1.64920026  1.1999988
 -1.51309951 -2.22913214  1.47110146  0.71200517  1.31361449 -3.01420542
 -0.37767593  2.51851126 -1.03579268  1.28723375  1.48333075  0.54468057
 -0.83295639  1.11518267  0.66815381 -0.38333588  2.8046593  -1.99305406
  1.5380275  -0.48666003  1.09047806 -2.84974508 -2.45792612  0.45786483
 -1.16187495 -0.4948588   0.36546429 -0.11105399 -1.65034081 -0.04082807
 -0.8597194   2.81164948 -1.061962   -1.3804218  -0.94881012  1.07794723
  1.85228323 -0.69585909  1.97235556 -2.1942328  -0.34761622 -0.73251066
 -2.88964344  3.1649774  -1.63192048  3.13552859 -1.26627215 -2.70870802
  3.36229717 -1.23295663 -0.77678222 -2.88385367 -2.71744865  2.54561571
 -2.13680813 -2.04769239 -0.18153349  3.15015636  0.24679175  0.21340787
 -1.25052531 -0.67754302 -1.73399068 -3.03034144  2.87023835  1.23549172
 -0.48586787 -2.1884631   1.10974692 -1.10598654 -0.49008195 -2.73974893
 -2.06536554  1.86558615 -0.87419717  2.62207475 -0.45422254 -2.67156322
 -2.82060525  2.26202565 -3.14455637 -0.44515426 -1.00267227 -0.24630559
  2.34774043  1.8401269   0.01873353 -2.55280516 -2.65902787  0.24408852
 -0.76617806  1.24510801 -2.62767799  1.1250224  -0.38411647  0.42093638
  1.91910739  0.45829701  0.65085824 -1.27164788  1.79103193  2.93934017
  0.99598201  0.22183214 -1.14169181  2.42259946  0.72718979 -1.90997891
 -0.05062608  1.87102607  0.98641084 -1.07991122 -2.30101806  2.22256931
  2.00410133  1.92794085  2.29728652  1.91570918 -1.66114107 -3.10361105
  0.4287411   1.34460091 -2.2628561  -1.12602981  2.31184067  1.39293995
 -0.27190852 -1.8445739  -1.64832701  1.96529267  1.30716149 -1.01176368
 -0.23064638 -0.69288371 -0.30344106  2.30234781 -0.66196851 -0.93556185
  0.7755064  -2.35245869  0.59010408  2.78441979 -0.35233575  2.0471476
 -1.86126053 -1.35334898 -2.59754797 -2.42281731 -1.50203467 -3.02889261
  2.0162544   1.78213652  1.58133101  1.12488988  1.58829961 -2.44461509
 -2.50726343  1.78911013  1.03428086 -0.29156064 -2.47749388  1.43158254
 -1.04413095 -3.04729677 -0.04727106  1.89770483 -2.70140522 -2.36813527
  1.8763734   1.02954993 -0.62620939 -0.49635202 -0.92125986  1.96351365
  0.47272098 -0.35651445  0.40157288 -2.26658158  1.26118038 -0.15352585
  2.4024047   1.23304274  2.87767398 -1.05723745  2.10159916 -0.43012675
 -3.26823483  2.20340626  0.81137527  1.9289143  -1.28948676  1.43949603
 -2.12169726  0.20878944  0.08335315 -2.79037137 -0.90216937 -2.39295025
  0.07242585 -0.56902076]
Sat May 25 15:17:47 2024,255,0.09593987690608394,[-4.65670486  2.36654689 -1.84097203 -0.12393585  0.18692575 -2.68759569
  3.0126688   2.10541079  1.45527286 -0.92557225  0.61268509  1.09190193
  1.13213394 -1.54192981  0.77709232  2.80569905 -0.79790493 -0.63677583
 -1.7546429   0.60196794  1.67661141  2.99188109 -1.20887592 -0.31541797
 -2.42351457 -2.33787347  2.99465568  2.76344193 -0.5440576  -2.36476621
  1.48282228 -0.05860256 -2.31773991  2.095523    1.28911657 -0.6386016
  0.84786963 -2.31897058 -0.02609288  2.15311537 -0.16376246  0.38889231
  2.71384417  1.04633073  2.46268332  3.16159894  2.64117386 -2.94010692
  0.26551076 -0.81562077  1.75904778  2.86372245 -0.51121017 -2.31772361
  2.78719888 -3.21086831  0.79392842 -0.63459434 -1.7415621   2.69763771
 -1.80956425 -1.58797321 -2.30415652  2.18778698 -2.45119239  2.13528523
  2.07440619  1.53582606  2.38268281  2.80488575  1.64924779  1.20004633
 -1.51305198 -2.22908461  1.47114899  0.71195764  1.31356696 -3.01415789
 -0.37772346  2.51855879 -1.03584021  1.28718622  1.48328322  0.54463304
 -0.83300391  1.11513514  0.66810629 -0.3833834   2.80461177 -1.99300653
  1.53807503 -0.48661251  1.09052559 -2.84969755 -2.45797365  0.45791236
 -1.16192248 -0.49481127  0.36551182 -0.11110152 -1.65029328 -0.0408756
 -0.85976693  2.81160195 -1.06200953 -1.38037428 -0.94885765  1.0778997
  1.8522357  -0.69590662  1.97230803 -2.19428033 -0.34756869 -0.73246313
 -2.88969097  3.16492987 -1.63196801  3.13557612 -1.26631968 -2.70875555
  3.3623447  -1.23300416 -0.7767347  -2.8839012  -2.71749618  2.54566323
 -2.13685566 -2.04773992 -0.18148596  3.15010883  0.24683928  0.21336034
 -1.25047779 -0.67749549 -1.73394316 -3.03038897  2.87028587  1.23544419
 -0.4859154  -2.18851063  1.10969939 -1.10593901 -0.49012948 -2.73970141
 -2.06531801  1.86553862 -0.8742447   2.62202722 -0.45417501 -2.67161075
 -2.82055772  2.26197813 -3.14450884 -0.44510673 -1.00262474 -0.24635312
  2.34769291  1.84017443  0.018686   -2.55285269 -2.6590754   0.24413605
 -0.76622558  1.24515554 -2.62772551  1.12497487 -0.384164    0.42098391
  1.91905986  0.45824948  0.65081071 -1.27160035  1.7909844   2.9393877
  0.99593448  0.22187967 -1.14173934  2.42264699  0.72723732 -1.90993138
 -0.05057855  1.87097854  0.98645837 -1.07986369 -2.30106559  2.22261684
  2.0040538   1.92789332  2.29723899  1.91566165 -1.66109354 -3.10365857
  0.42869357  1.34464844 -2.26290363 -1.12607734  2.3118882   1.39289242
 -0.27195604 -1.84452637 -1.64827948  1.96524515  1.30711396 -1.01181121
 -0.23069391 -0.69283619 -0.30348859  2.30239534 -0.66192098 -0.93560938
  0.77555393 -2.35241116  0.59015161  2.78446732 -0.35228822  2.04710008
 -1.86130806 -1.35339651 -2.5975955  -2.42276978 -1.50198714 -3.02884508
  2.01620687  1.78218405  1.58137854  1.12493741  1.58825209 -2.44456756
 -2.5072159   1.78906261  1.03432839 -0.29151311 -2.47754141  1.43153501
 -1.04408342 -3.0473443  -0.04722353  1.8976573  -2.70145275 -2.36808774
  1.87632587  1.02959745 -0.62616186 -0.49630449 -0.92121233  1.96346612
  0.47276851 -0.35656198  0.40162041 -2.26653405  1.26122791 -0.15347832
  2.40245223  1.23309027  2.87772151 -1.05718993  2.10155163 -0.43017428
 -3.2681873   2.20345379  0.81142279  1.92886677 -1.28943923  1.4394485
 -2.12174479  0.20874192  0.08340067 -2.79032385 -0.90212184 -2.39299778
  0.07247338 -0.56897323]
Sat May 25 15:18:10 2024,256,0.095939783075199,[-4.65675106  2.3665931  -1.84092582 -0.12398205  0.18697195 -2.6876419
  3.012715    2.10545699  1.45531906 -0.92552605  0.61273129  1.09194813
  1.13208774 -1.54197601  0.77713853  2.80574525 -0.79795113 -0.63672963
 -1.7545967   0.60192174  1.67656521  2.99183489 -1.20892212 -0.31537176
 -2.42356077 -2.33782726  2.99470188  2.76339572 -0.5441038  -2.36481241
  1.48286848 -0.05864876 -2.31778611  2.09556921  1.28916278 -0.6385554
  0.84782343 -2.31892437 -0.02604668  2.15306917 -0.16380866  0.38893851
  2.71379797  1.04628453  2.46272952  3.16164515  2.64112765 -2.94006072
  0.26546456 -0.81566697  1.75900158  2.86376866 -0.51116397 -2.31767741
  2.78724509 -3.21091451  0.79397462 -0.63464054 -1.74160831  2.69768392
 -1.80961045 -1.58801941 -2.30420272  2.18783318 -2.45123859  2.13533143
  2.07435999  1.53587226  2.38272901  2.80483954  1.64920159  1.20000013
 -1.51309819 -2.22913081  1.47110279  0.71200384  1.31361317 -3.01411169
 -0.37776966  2.51851259 -1.03588641  1.28723242  1.48323702  0.54467925
 -0.83305012  1.11518135  0.66815249 -0.38342961  2.80465798 -1.99305273
  1.53812123 -0.4865663   1.09047939 -2.84974375 -2.45801985  0.45795856
 -1.16187628 -0.49476507  0.36555803 -0.11114772 -1.65033948 -0.0409218
 -0.85972073  2.81164815 -1.06205573 -1.38042048 -0.94890385  1.0779459
  1.85218949 -0.69595282  1.97226183 -2.19432653 -0.34761489 -0.73241692
 -2.88973717  3.16488366 -1.63192181  3.13562232 -1.26627348 -2.70870934
  3.36239091 -1.23305037 -0.7767809  -2.883855   -2.71744998  2.54561703
 -2.13690186 -2.04769371 -0.18143975  3.15006263  0.24688548  0.21340654
 -1.25043158 -0.67754169 -1.73398936 -3.03034277  2.87033208  1.23539799
 -0.48586919 -2.18846443  1.10974559 -1.10598521 -0.49017568 -2.73974761
 -2.06536422  1.86549242 -0.8741985   2.62198102 -0.45422121 -2.67165695
 -2.82051152  2.26193192 -3.14446263 -0.44515293 -1.00257854 -0.24639932
  2.34773911  1.84012823  0.0186398  -2.5528989  -2.6590292   0.24418225
 -0.76627179  1.24510934 -2.62777172  1.12502108 -0.3842102   0.42093771
  1.91901366  0.45820328  0.65076451 -1.27155415  1.7910306   2.9394339
  0.99588828  0.22192587 -1.14178554  2.42260079  0.72728353 -1.90988518
 -0.05062476  1.87102475  0.98650458 -1.07981748 -2.30111179  2.22257063
  2.00410001  1.92784712  2.29719278  1.91561545 -1.66104734 -3.10361237
  0.42864736  1.34460224 -2.26285743 -1.12603114  2.311842    1.39293862
 -0.27190984 -1.84457258 -1.64823328  1.96529135  1.30716017 -1.01176501
 -0.2306477  -0.69288239 -0.30353479  2.30244154 -0.66196719 -0.93556318
  0.77550773 -2.35245736  0.59019781  2.78442111 -0.35233442  2.04714628
 -1.86135427 -1.35344271 -2.5975493  -2.42272357 -1.50203335 -3.02889129
  2.01616067  1.78213785  1.58142474  1.12498362  1.58820588 -2.44452136
 -2.5071697   1.78910881  1.03428218 -0.2914669  -2.47749521  1.43158122
 -1.04403722 -3.0472981  -0.04726973  1.8976111  -2.70140655 -2.36813395
  1.87627966  1.02964366 -0.62611566 -0.49625829 -0.92125853  1.96351232
  0.47272231 -0.35651578  0.40166661 -2.26658025  1.26118171 -0.15352453
  2.40240602  1.23304406  2.8776753  -1.05714372  2.10150543 -0.43022048
 -3.2681411   2.20340759  0.811469    1.92891297 -1.28948543  1.4394023
 -2.12179099  0.20878812  0.08335447 -2.79037005 -0.90207564 -2.39304398
  0.07251958 -0.56892703]
Sat May 25 15:18:34 2024,257,0.0959396941694067,[-4.65679597  2.36654818 -1.84088091 -0.12393713  0.18692704 -2.68759698
  3.01267008  2.10550191  1.45536398 -0.92548113  0.61277621  1.09190322
  1.13213266 -1.5419311   0.77718344  2.80579017 -0.79790621 -0.63668471
 -1.75464161  0.60196665  1.67652029  2.99178997 -1.20896704 -0.31532685
 -2.42360569 -2.33778235  2.9947468   2.76335081 -0.54414872 -2.36485733
  1.48282356 -0.05869368 -2.31774119  2.09561412  1.28920769 -0.63851048
  0.84786834 -2.31896929 -0.02600176  2.15311409 -0.16376375  0.3888936
  2.71384289  1.04623961  2.46277444  3.16160023  2.64117257 -2.9400158
  0.26541964 -0.81571189  1.75895666  2.86381357 -0.51120888 -2.31763249
  2.78720017 -3.2108696   0.79401954 -0.63468546 -1.74156339  2.69772883
 -1.80956554 -1.58806433 -2.30424764  2.1878781  -2.45128351  2.13537635
  2.07440491  1.53582735  2.38277393  2.80488446  1.64915667  1.19995521
 -1.5131431  -2.22917573  1.47105787  0.71195893  1.31356825 -3.0141566
 -0.37772474  2.5185575  -1.03584149  1.28727734  1.4831921   0.54463433
 -0.8330052   1.11513643  0.66819741 -0.38347452  2.80470289 -1.99309765
  1.53816615 -0.48661122  1.0905243  -2.84969884 -2.45806477  0.45791365
 -1.16183136 -0.49472015  0.36551311 -0.11110281 -1.6503844  -0.04096672
 -0.85967581  2.81160324 -1.06201082 -1.38037556 -0.94894876  1.07790099
  1.85214458 -0.69599774  1.97230675 -2.19437144 -0.34756997 -0.73246184
 -2.88978209  3.16492858 -1.63196672  3.13557741 -1.2663184  -2.70866443
  3.36243582 -1.23309528 -0.77673598 -2.88381008 -2.71740506  2.54557211
 -2.13685694 -2.0476488  -0.18148467  3.15010754  0.24684057  0.21345146
 -1.25038667 -0.67758661 -1.73394444 -3.03038768  2.87028716  1.2354429
 -0.48582428 -2.18850934  1.10979051 -1.10603013 -0.4902206  -2.73970269
 -2.0653193   1.8654475  -0.87424342  2.62202594 -0.45417629 -2.67161203
 -2.8204666   2.26197684 -3.14450755 -0.44510802 -1.00262345 -0.24644424
  2.34769419  1.84017314  0.01859488 -2.55294381 -2.65907411  0.24422717
 -0.76622687  1.24506442 -2.6277268   1.12497616 -0.38425512  0.42098262
  1.91896874  0.4582482   0.65071959 -1.27159906  1.79098569  2.93938899
  0.99584336  0.22188096 -1.14174062  2.4226457   0.72723861 -1.90984026
 -0.05066967  1.87106966  0.98645966 -1.07977257 -2.30115671  2.22252572
  2.00405509  1.92789203  2.29714787  1.91566036 -1.66109226 -3.10365729
  0.42869228  1.34455732 -2.26290234 -1.12598622  2.31188691  1.39298354
 -0.27195476 -1.84461749 -1.64818836  1.96524643  1.30711525 -1.01172009
 -0.23060279 -0.69283747 -0.30348988  2.30239663 -0.6620121  -0.93551826
  0.77555265 -2.35241245  0.59024273  2.78446603 -0.3522895   2.0471912
 -1.86130935 -1.35348763 -2.59750438 -2.42267866 -1.50198843 -3.0289362
  2.01620558  1.78209293  1.58146966  1.1249387   1.58816097 -2.44456628
 -2.50721461  1.78906389  1.0343271  -0.29151182 -2.47745029  1.4315363
 -1.0439923  -3.04734301 -0.04731465  1.89756618 -2.70145146 -2.36808903
  1.87623475  1.02959874 -0.62616058 -0.49621337 -0.92130345  1.9634674
  0.47267739 -0.35656069  0.40171153 -2.26662517  1.26122663 -0.15347961
  2.40245094  1.23299915  2.87772022 -1.05718864  2.10155035 -0.43017557
 -3.26818602  2.2034525   0.81142408  1.92886806 -1.28944052  1.43935738
 -2.12183591  0.20883304  0.08330955 -2.79041497 -0.90212056 -2.3930889
  0.07247466 -0.56888211]
Sat May 25 15:19:00 2024,258,0.09593960992040813,[-4.65683964  2.36659185 -1.84083724 -0.12389346  0.18697071 -2.68755331
  3.01271375  2.10554557  1.45532031 -0.92543747  0.61281987  1.09194688
  1.13208899 -1.54197477  0.77722711  2.8057465  -0.79786254 -0.63664104
 -1.75468528  0.60201032  1.67647663  2.99183364 -1.20901071 -0.31537051
 -2.42364936 -2.33782602  2.99479047  2.76330714 -0.54419239 -2.36481366
  1.48286723 -0.05873735 -2.31778486  2.09565779  1.28925136 -0.63855415
  0.84791201 -2.31901296 -0.02595809  2.15315776 -0.16380742  0.38884993
  2.71379922  1.04628328  2.46281811  3.16155656  2.64121624 -2.93997213
  0.26546331 -0.81575556  1.75900033  2.86376991 -0.51125255 -2.31767616
  2.78724384 -3.21082593  0.79397587 -0.63472913 -1.74151972  2.6977725
 -1.80952187 -1.588108   -2.30429131  2.18792176 -2.45132718  2.13533268
  2.07444857  1.53578368  2.38273026  2.80484079  1.64911301  1.19991154
 -1.51318677 -2.2292194   1.47110154  0.7120026   1.31352458 -3.01411293
 -0.37776841  2.51851383 -1.03588516  1.28723367  1.48314843  0.544678
 -0.83296153  1.1151801   0.66824107 -0.38351819  2.80474656 -1.99305398
  1.53812248 -0.48665489  1.09048064 -2.84965517 -2.45810844  0.45795732
 -1.16187503 -0.49467648  0.36546944 -0.11114648 -1.65034073 -0.04101038
 -0.85963214  2.81155957 -1.06205448 -1.38033189 -0.9489051   1.07794465
  1.85210091 -0.6960414   1.97235041 -2.19432778 -0.34752631 -0.73241817
 -2.88982576  3.16488491 -1.63201039  3.13553374 -1.26627473 -2.70862076
  3.36239215 -1.23313895 -0.77669231 -2.88385375 -2.71736139  2.54561578
 -2.13690061 -2.04760513 -0.18152834  3.15006388  0.2467969   0.21349513
 -1.250343   -0.67754294 -1.73398811 -3.03034401  2.87024349  1.23539923
 -0.48586794 -2.18846568  1.10983418 -1.10598646 -0.49026427 -2.73965902
 -2.06536297  1.86540383 -0.87419975  2.6220696  -0.45421996 -2.67156836
 -2.82042293  2.26193317 -3.14455122 -0.44506435 -1.00257978 -0.24640057
  2.34765052  1.84012948  0.01855121 -2.55298748 -2.65911778  0.2441835
 -0.76627054  1.24510809 -2.62777047  1.12501983 -0.38421145  0.42102629
  1.91892508  0.45829187  0.65067593 -1.2715554   1.79102936  2.93943266
  0.99579969  0.22192462 -1.14178429  2.42268937  0.72719494 -1.90988393
 -0.050626    1.87102599  0.98650333 -1.07981624 -2.30120038  2.22248205
  2.00409876  1.9279357   2.29719154  1.91561669 -1.66113592 -3.10370096
  0.42864861  1.34460099 -2.26285868 -1.12594255  2.31184325  1.39302721
 -0.27191109 -1.84457382 -1.64823203  1.96520276  1.30707158 -1.01167642
 -0.23064646 -0.6927938  -0.30344621  2.30244029 -0.66196843 -0.93547459
  0.77559632 -2.35245612  0.5902864   2.7845097  -0.35233317  2.04723486
 -1.86135302 -1.35344396 -2.59746071 -2.42263499 -1.50194476 -3.02897987
  2.01624925  1.7821366   1.58142599  1.12498237  1.5881173  -2.44452261
 -2.50717095  1.78910756  1.03437077 -0.29155549 -2.47740662  1.43149263
 -1.04403597 -3.04729935 -0.04735831  1.89760985 -2.70149513 -2.3681327
  1.87619108  1.02964241 -0.62611691 -0.4961697  -0.92125978  1.96342374
  0.47272106 -0.35660436  0.4017552  -2.2665815   1.26118296 -0.15343594
  2.40249461  1.23295548  2.87767655 -1.05723231  2.10150668 -0.43021924
 -3.26814235  2.20340884  0.81146775  1.92891173 -1.28939685  1.43931371
 -2.12187958  0.2088767   0.08326589 -2.79045863 -0.90207689 -2.39304523
  0.07251833 -0.56892578]
Sat May 25 15:19:24 2024,259,0.09593953007501008,[-4.6568821   2.3666343  -1.8408797  -0.12393592  0.18692825 -2.68759577
  3.01275621  2.10558803  1.45536277 -0.92539501  0.61277742  1.09198934
  1.13204653 -1.54193231  0.77726957  2.80570405 -0.797905   -0.63659859
 -1.75472774  0.60205278  1.67643417  2.99179118 -1.20905316 -0.31541297
 -2.4236069  -2.33786847  2.99474801  2.76326468 -0.54423484 -2.36485612
  1.48290969 -0.05869489 -2.3177424   2.09570025  1.2892089  -0.63851169
  0.84795447 -2.3189705  -0.02591564  2.1531153  -0.16384987  0.38889238
  2.71384167  1.04624083  2.46277565  3.16159902  2.64117378 -2.93992968
  0.26550576 -0.8157131   1.75904278  2.86372745 -0.5112101  -2.31771861
  2.78720138 -3.21086839  0.79401832 -0.63477158 -1.74147726  2.69781496
 -1.80956432 -1.58806554 -2.30424885  2.18787931 -2.45128472  2.13529022
  2.07449103  1.53574122  2.38268781  2.80488325  1.64915546  1.199954
 -1.51314431 -2.22917694  1.471144    0.71196014  1.31348213 -3.01407048
 -0.37772596  2.51855629 -1.03584271  1.28727612  1.48319089  0.54463554
 -0.83291908  1.11513764  0.66828353 -0.38356065  2.80478902 -1.99309644
  1.53816494 -0.48661243  1.09043818 -2.84969763 -2.45815089  0.45799977
 -1.16191749 -0.49471894  0.36542698 -0.11110402 -1.65029827 -0.04096793
 -0.8596746   2.81160202 -1.06201203 -1.38028944 -0.94886264  1.07798711
  1.85205845 -0.69608386  1.97230796 -2.19437023 -0.34756876 -0.73246063
 -2.88986821  3.16484246 -1.63205285  3.1355762  -1.26623227 -2.70866322
  3.36243461 -1.23318141 -0.77664986 -2.8838962  -2.71731894  2.54557333
 -2.13685815 -2.04756267 -0.18157079  3.15010633  0.24675444  0.21345267
 -1.25030054 -0.67750048 -1.73403057 -3.03038647  2.87028595  1.23535678
 -0.4859104  -2.18850813  1.10987663 -1.10602892 -0.49022181 -2.73961657
 -2.06532051  1.86536138 -0.87424221  2.62202715 -0.45417751 -2.67161082
 -2.82046539  2.26197563 -3.14450876 -0.4451068  -1.00262224 -0.24644302
  2.34760807  1.84017193  0.01850875 -2.55294502 -2.65907532  0.24414104
 -0.766313    1.24515055 -2.62772801  1.12506228 -0.38416899  0.42098383
  1.91888262  0.45824941  0.65071838 -1.27159785  1.79107181  2.93947511
  0.99575723  0.22196708 -1.14182675  2.42273183  0.7272374  -1.90984148
 -0.05058355  1.87106845  0.98646087 -1.07985869 -2.30124283  2.22243959
  2.00414122  1.92797816  2.29714908  1.91565915 -1.66117838 -3.1036585
  0.42869107  1.34455853 -2.26281622 -1.12598501  2.31180079  1.39306966
 -0.27186863 -1.84461628 -1.64827449  1.96516031  1.30702913 -1.01163397
 -0.23068891 -0.69275135 -0.30348867  2.30248275 -0.66192598 -0.93551705
  0.77563877 -2.35249857  0.59024394  2.78446724 -0.35229071  2.04719241
 -1.86131056 -1.3534015  -2.59750317 -2.42267745 -1.50198722 -3.02902233
  2.01620679  1.78217906  1.58146845  1.12502482  1.58807484 -2.44456507
 -2.5072134   1.78915002  1.03441322 -0.29159795 -2.47744908  1.43145018
 -1.04399351 -3.0473418  -0.04731586  1.89756739 -2.70145267 -2.36817516
  1.87614862  1.02959995 -0.62615936 -0.49621216 -0.92121732  1.96346619
  0.4726786  -0.3565619   0.40171274 -2.26662396  1.2611405  -0.1534784
  2.40253707  1.23299794  2.87771901 -1.05727476  2.10154913 -0.43017678
 -3.26809989  2.20345129  0.81142529  1.92886927 -1.28935439  1.43927125
 -2.12192203  0.20891916  0.08322343 -2.79041618 -0.90203443 -2.39308769
  0.07256079 -0.56888332]
Sat May 25 15:19:47 2024,260,0.09593945439424721,[-4.65692338  2.36659302 -1.84092098 -0.12389464  0.18696953 -2.68755449
  3.01279749  2.10562931  1.45540405 -0.92543629  0.61273614  1.09194806
  1.13200525 -1.54189103  0.77731085  2.80574533 -0.79794628 -0.63663987
 -1.75468646  0.6020115   1.67639289  2.9917499  -1.20901188 -0.31545425
 -2.42364818 -2.33790975  2.99478929  2.76330596 -0.54419356 -2.36481484
  1.48286841 -0.05873617 -2.31778368  2.09565897  1.28925019 -0.63847041
  0.84799575 -2.31901178 -0.02595692  2.15307402 -0.16380859  0.3888511
  2.71380039  1.04628211  2.46281693  3.16155774  2.6411325  -2.9398884
  0.26546448 -0.81567182  1.75908406  2.86376873 -0.51116881 -2.31767733
  2.7871601  -3.2108271   0.79405961 -0.6347303  -1.74143598  2.69785624
 -1.8096056  -1.58802426 -2.30429013  2.18792059 -2.45124344  2.13524894
  2.07444975  1.53569994  2.38264652  2.80484197  1.64919674  1.19991272
 -1.51318559 -2.22921822  1.47110272  0.71200142  1.31344084 -3.01411176
 -0.37776724  2.51859757 -1.03580142  1.28731741  1.48323217  0.54467682
 -0.83296036  1.11517892  0.66832481 -0.38360193  2.80474774 -1.99313772
  1.53812366 -0.48665371  1.09047946 -2.84973891 -2.45819217  0.45795849
 -1.16187621 -0.49476022  0.3653857  -0.11106274 -1.65033955 -0.04100921
 -0.85963332  2.81164331 -1.06205331 -1.38024816 -0.94890392  1.07794583
  1.85209973 -0.69612514  1.97226668 -2.19432895 -0.34752748 -0.73250191
 -2.88990949  3.16480118 -1.63201157  3.13553491 -1.26619099 -2.70862193
  3.36239333 -1.23322269 -0.77660858 -2.88393749 -2.71727766  2.54561461
 -2.13689944 -2.04752139 -0.18161208  3.15014761  0.24679572  0.21349395
 -1.25034182 -0.67754176 -1.73407185 -3.03034519  2.87024467  1.2353155
 -0.48595168 -2.18846685  1.10983535 -1.10598764 -0.49026309 -2.73957529
 -2.06536179  1.86532009 -0.87428349  2.62198587 -0.45421879 -2.6716521
 -2.82050667  2.26201691 -3.14446748 -0.44514808 -1.00266352 -0.24640174
  2.34764935  1.84013065  0.01846747 -2.5529863  -2.6591166   0.24418232
 -0.76635428  1.24519183 -2.62768673  1.12510356 -0.38412771  0.42094255
  1.9189239   0.45829069  0.6506771  -1.27163913  1.79111309  2.93951639
  0.99579851  0.22200836 -1.14178547  2.42277311  0.72719612 -1.9098002
 -0.05054227  1.87102717  0.98641959 -1.07981741 -2.30128411  2.22239831
  2.0041825   1.92793688  2.29719036  1.91561787 -1.6611371  -3.10369978
  0.42864979  1.34451725 -2.2628575  -1.12602629  2.31175951  1.39311094
 -0.27182735 -1.844575   -1.64823321  1.96511903  1.30707041 -1.01159269
 -0.23064763 -0.69279263 -0.30352995  2.30252403 -0.6618847  -0.93547577
  0.77568005 -2.35253985  0.59028522  2.78442596 -0.35224943  2.04723369
 -1.86135184 -1.35336022 -2.59746189 -2.42271873 -1.5020285  -3.02898105
  2.01616551  1.78222034  1.58150973  1.1250661   1.58803356 -2.44460635
 -2.50725468  1.78910874  1.03437194 -0.29155667 -2.4774078   1.43140889
 -1.04403479 -3.04738308 -0.04727458  1.89760867 -2.70141139 -2.36813387
  1.87610734  1.02955867 -0.62611808 -0.49625344 -0.92117604  1.96350747
  0.47271988 -0.35660318  0.40167146 -2.26666524  1.26118178 -0.15343712
  2.40257835  1.23295665  2.87767773 -1.05731605  2.10150785 -0.4301355
 -3.26805861  2.20341001  0.81146657  1.92891055 -1.28931311  1.43931254
 -2.12188075  0.20887788  0.08318215 -2.7903749  -0.90199315 -2.3930464
  0.07260207 -0.5689246 ]
Sat May 25 15:20:11 2024,261,0.09593938265255866,[-4.65696352  2.36655288 -1.84096112 -0.1238545   0.18692939 -2.68751435
  3.01283763  2.10566945  1.45544419 -0.92539615  0.612696    1.0919882
  1.13204539 -1.54185089  0.77727071  2.80570519 -0.79790614 -0.63659973
 -1.75464632  0.60197136  1.67643303  2.99179004 -1.20897174 -0.31549439
 -2.42360804 -2.33794989  2.99474915  2.7633461  -0.54415342 -2.36485498
  1.48282827 -0.05869603 -2.31774355  2.09569911  1.28929032 -0.63843027
  0.84795561 -2.31897164 -0.02599706  2.15303388 -0.16376845  0.38889124
  2.71376025  1.04624197  2.46277679  3.1615176   2.64117264 -2.93984826
  0.26542434 -0.81563168  1.75904393  2.86372859 -0.51120895 -2.31771747
  2.78720024 -3.21078697  0.79409974 -0.63469016 -1.74139584  2.69789638
 -1.80956547 -1.5880644  -2.30433027  2.18796073 -2.4512033   2.13528908
  2.07440961  1.5356598   2.38268666  2.80480183  1.6491566   1.19995286
 -1.51322573 -2.22925836  1.47114286  0.71196128  1.31348098 -3.01407162
 -0.3777271   2.51863771 -1.03576129  1.28735755  1.48327231  0.54471696
 -0.83292022  1.11513878  0.66836495 -0.38356179  2.8047076  -1.99317786
  1.5381638  -0.48669385  1.09043932 -2.84977905 -2.45823231  0.45799863
 -1.16191635 -0.49480036  0.36542584 -0.11110288 -1.65037969 -0.04104935
 -0.85959318  2.81168344 -1.06209345 -1.38020802 -0.94886378  1.07798597
  1.85213987 -0.69616528  1.97222654 -2.19428881 -0.34748734 -0.73254205
 -2.88994963  3.16484132 -1.63197143  3.13557505 -1.26615085 -2.70858179
  3.36235319 -1.23318255 -0.77656844 -2.88397762 -2.71723752  2.54557447
 -2.1368593  -2.04748125 -0.18165222  3.15018775  0.24675558  0.21345381
 -1.25030168 -0.67750163 -1.73411199 -3.03030505  2.87028481  1.23535564
 -0.48591154 -2.18850699  1.10979521 -1.1059475  -0.49022295 -2.73953515
 -2.06532165  1.86527995 -0.87424335  2.62194573 -0.45425893 -2.67169224
 -2.82054681  2.26197677 -3.14450762 -0.44518822 -1.00270366 -0.24644188
  2.34760921  1.84009051  0.01842733 -2.55294616 -2.65907647  0.24414218
 -0.76639442  1.24523197 -2.62764659  1.12506343 -0.38408757  0.42090241
  1.91888376  0.45825055  0.65063696 -1.27159899  1.79115323  2.93947625
  0.99575838  0.22196822 -1.14182561  2.42273297  0.72723626 -1.90976006
 -0.05050213  1.87098703  0.98645973 -1.07985755 -2.30124397  2.22235817
  2.00414236  1.92797702  2.29715022  1.91565801 -1.66109696 -3.10373992
  0.42860965  1.34455739 -2.26289764 -1.12598615  2.31179965  1.39315108
 -0.27186749 -1.84461514 -1.64819307  1.96515917  1.30711055 -1.01163283
 -0.23060749 -0.69283277 -0.30357009  2.30248389 -0.66184456 -0.93551591
  0.77563991 -2.35257999  0.59024508  2.7844661  -0.35220929  2.04727383
 -1.86139198 -1.35340036 -2.59750203 -2.42275887 -1.50206864 -3.02902119
  2.01612537  1.78226048  1.58154987  1.12502597  1.5880737  -2.44456621
 -2.50729482  1.78914888  1.0343318  -0.29159681 -2.47736766  1.43136876
 -1.04407493 -3.04742322 -0.04731472  1.89756853 -2.70137125 -2.36817401
  1.8760672   1.02951853 -0.62607794 -0.49629358 -0.92121618  1.96354761
  0.47276002 -0.35656304  0.40163132 -2.26670538  1.26122192 -0.15347726
  2.40261849  1.23299679  2.87771787 -1.05727591  2.10154799 -0.43009536
 -3.26809875  2.20345015  0.81150671  1.92887041 -1.28927297  1.4392724
 -2.12184061  0.20883774  0.08322229 -2.79041504 -0.90195301 -2.39308654
  0.07264221 -0.56896474]
Sat May 25 15:20:57 2024,262,0.09593931463701295,[-4.65700255  2.36659192 -1.84100015 -0.12389353  0.18689036 -2.68747532
  3.0127986   2.10570848  1.45540516 -0.92535712  0.61265697  1.09194917
  1.13200636 -1.54181186  0.77730974  2.80574422 -0.79794517 -0.63663876
 -1.75460729  0.60201039  1.67647206  2.99182907 -1.20893271 -0.31553342
 -2.42356901 -2.33791086  2.99471012  2.76338513 -0.54419245 -2.36489401
  1.48278924 -0.058657   -2.31778258  2.09566007  1.28932936 -0.6384693
  0.84799464 -2.31901068 -0.02595803  2.15307291 -0.16372942  0.38893027
  2.71379929  1.046281    2.46281582  3.16155663  2.64113361 -2.93980923
  0.26538531 -0.81559265  1.75908296  2.86376762 -0.51116992 -2.31775651
  2.78716121 -3.210826    0.79406071 -0.63472919 -1.74135681  2.69785735
 -1.80952643 -1.58802537 -2.30429124  2.18799976 -2.45124233  2.13532811
  2.07444864  1.53569883  2.3827257   2.80484086  1.64919563  1.19999189
 -1.5131867  -2.22929739  1.47118189  0.71192225  1.31344195 -3.01403259
 -0.37768807  2.51859868 -1.03572225  1.28739658  1.48331134  0.54467793
 -0.83295925  1.11509975  0.66840398 -0.38360082  2.80474663 -1.99321689
  1.53812476 -0.48673288  1.09047835 -2.84981808 -2.45827134  0.4579596
 -1.16187732 -0.49476133  0.36538681 -0.11106385 -1.65034066 -0.04108838
 -0.85955415  2.81172248 -1.06205442 -1.38024705 -0.94890281  1.07794694
  1.85210084 -0.69612625  1.97218751 -2.19432784 -0.34744831 -0.73258108
 -2.88998866  3.16488035 -1.63201046  3.13561409 -1.26611182 -2.70862083
  3.36239222 -1.23322158 -0.77660747 -2.88393859 -2.71727655  2.54553544
 -2.13682026 -2.04752028 -0.18161318  3.15014872  0.24679461  0.21349285
 -1.25026265 -0.67754066 -1.73407296 -3.03026602  2.87024578  1.2353166
 -0.48595057 -2.18854602  1.10983424 -1.10590847 -0.49026198 -2.73957418
 -2.06528262  1.86524092 -0.87420432  2.6219067  -0.45429796 -2.67165321
 -2.82050778  2.2620158  -3.14454665 -0.44514919 -1.00266463 -0.24640285
  2.34764824  1.84012954  0.0183883  -2.5529852  -2.65903743  0.24418121
 -0.76643345  1.245271   -2.62768562  1.12502439 -0.38404854  0.42086338
  1.91884473  0.45821152  0.65067599 -1.27163803  1.79119226  2.93951529
  0.99579741  0.22200725 -1.14186464  2.422772    0.72719723 -1.90972102
 -0.05054116  1.870948    0.98649876 -1.07981852 -2.30128301  2.2223972
  2.00418139  1.92793799  2.29711119  1.91569704 -1.66105793 -3.10377895
  0.42857062  1.34459642 -2.26285861 -1.12602518  2.31176062  1.39319011
 -0.27182846 -1.84465417 -1.6482321   1.9651982   1.30714958 -1.01159379
 -0.23064652 -0.6928718  -0.30353105  2.30244486 -0.66188359 -0.93555494
  0.77560088 -2.35261903  0.59028411  2.78442707 -0.35224833  2.0472348
 -1.86135295 -1.35336133 -2.59754106 -2.4227979  -1.50210767 -3.02906022
  2.01608634  1.78229951  1.58151084  1.125065    1.58811273 -2.44452718
 -2.50725579  1.78918791  1.03429277 -0.29163584 -2.47732863  1.43140779
 -1.04411397 -3.04738419 -0.04727568  1.89760756 -2.70133222 -2.36821305
  1.87610623  1.02955756 -0.62603891 -0.49625455 -0.92125521  1.96358664
  0.47272099 -0.35652401  0.40167035 -2.26666634  1.26118289 -0.15343823
  2.40257945  1.23303583  2.87767884 -1.05731494  2.10150896 -0.43005633
 -3.26805972  2.20348918  0.81146768  1.92883138 -1.289312    1.43923336
 -2.12180158  0.20879871  0.08326132 -2.790376   -0.90191398 -2.39304751
  0.07260318 -0.56900377]
Sat May 25 15:21:35 2024,263,0.0959392501465772,[-4.65704051  2.36662987 -1.84096219 -0.12385558  0.18692832 -2.68751327
  3.01276064  2.10567053  1.4553672  -0.92539508  0.61261901  1.09191121
  1.1319684  -1.54184981  0.77727179  2.80570626 -0.79798313 -0.6366008
 -1.75456933  0.60204835  1.67651002  2.99179112 -1.20889476 -0.31557138
 -2.42353105 -2.3378729   2.99474807  2.76342309 -0.5441545  -2.36493197
  1.48275128 -0.05869495 -2.31774462  2.09569803  1.28936731 -0.63843135
  0.84795669 -2.31897272 -0.02592007  2.15311087 -0.16369146  0.38896823
  2.71383724  1.04631895  2.46285378  3.16151867  2.64117157 -2.93977127
  0.26534736 -0.8156306   1.759045    2.86380558 -0.51113197 -2.31779446
  2.78719916 -3.21078804  0.79409867 -0.63469124 -1.74131886  2.6978953
 -1.80948848 -1.58806332 -2.30425328  2.18803772 -2.45128029  2.13536607
  2.0744866   1.53573679  2.38276365  2.8048029   1.64915768  1.20002984
 -1.51314875 -2.22925944  1.47121984  0.71188429  1.31347991 -3.01407054
 -0.37765011  2.51863664 -1.03576021  1.28743453  1.48327338  0.54463997
 -0.8329972   1.11513771  0.66836603 -0.38363878  2.80470867 -1.99317893
  1.53816272 -0.48677084  1.0904404  -2.84978012 -2.4583093   0.45792164
 -1.16183936 -0.49479928  0.36534885 -0.1111018  -1.6503027  -0.04105042
 -0.8595921   2.81168452 -1.06209237 -1.380285   -0.94894077  1.07798489
  1.85206289 -0.69616421  1.97222546 -2.1943658  -0.34741035 -0.73261904
 -2.89002662  3.16484239 -1.63204842  3.13565204 -1.26607386 -2.70865878
  3.36243018 -1.23318362 -0.77656951 -2.88397655 -2.71723859  2.54557339
 -2.13678231 -2.04748233 -0.18157523  3.15011076  0.24675666  0.2135308
 -1.25022469 -0.67757861 -1.73411091 -3.03022806  2.87028373  1.23535456
 -0.48591262 -2.18850807  1.1098722  -1.10594642 -0.49029994 -2.73953622
 -2.06532058  1.86527888 -0.87416636  2.62194465 -0.45433591 -2.67169117
 -2.82054573  2.26205376 -3.14458461 -0.44518715 -1.00262667 -0.2463649
  2.3476862   1.8401675   0.01835035 -2.55294724 -2.65907539  0.24421917
 -0.76639549  1.24530895 -2.62772358  1.12506235 -0.3840865   0.42082543
  1.91880677  0.45824947  0.65063804 -1.27160007  1.79123022  2.93955324
  0.99583536  0.2219693  -1.14190259  2.42280996  0.72715927 -1.90968307
 -0.05057912  1.87091004  0.98653672 -1.07985648 -2.30124505  2.22235925
  2.00421934  1.92790003  2.29707323  1.91565909 -1.66109588 -3.10381691
  0.42853266  1.34463438 -2.26282065 -1.12606314  2.31179857  1.39322807
 -0.27186642 -1.84461621 -1.64819414  1.96523615  1.30711162 -1.01155584
 -0.23068448 -0.69283384 -0.30356901  2.3024069  -0.66184563 -0.93559289
  0.77563884 -2.35265698  0.59024616  2.78438911 -0.35221037  2.04719684
 -1.86131499 -1.35332337 -2.5975031  -2.42283585 -1.50206972 -3.02909818
  2.0161243   1.78226155  1.58154879  1.12510295  1.58815069 -2.44456513
 -2.50729375  1.78922586  1.03425482 -0.29159788 -2.47729067  1.43136983
 -1.04415192 -3.04742215 -0.04731364  1.89764552 -2.70129427 -2.368251
  1.87614419  1.02959552 -0.62607687 -0.4962925  -0.92129317  1.9636246
  0.47275895 -0.35648606  0.40170831 -2.26662839  1.26114493 -0.15347618
  2.4025415   1.23307378  2.87764088 -1.05727698  2.10154692 -0.43001837
 -3.26802176  2.20345123  0.81142972  1.92879342 -1.28927405  1.43919541
 -2.12176362  0.20883666  0.08322336 -2.79041396 -0.90195194 -2.39300956
  0.07264113 -0.56904173]
Sat May 25 15:22:03 2024,264,0.09593918899143357,[-4.65707742  2.36666678 -1.8409991  -0.12381866  0.1868914  -2.68755018
  3.01279755  2.10570744  1.45533029 -0.92543199  0.6125821   1.0918743
  1.13193149 -1.54188673  0.7773087   2.80574318 -0.79794622 -0.63656389
 -1.75453242  0.60201143  1.67654693  2.99175421 -1.20893167 -0.31560829
 -2.42356796 -2.33783599  2.99471116  2.76338618 -0.54419141 -2.36496888
  1.48271437 -0.05865804 -2.31778153  2.09566112  1.28940423 -0.63846826
  0.84791977 -2.31893581 -0.02595698  2.15307396 -0.16372838  0.38893132
  2.71387416  1.04635587  2.46281687  3.16148176  2.64113465 -2.93973436
  0.26531044 -0.81559369  1.75908191  2.86376867 -0.51109505 -2.31783137
  2.78723608 -3.21082495  0.79406176 -0.63472815 -1.74128194  2.69793222
 -1.80952539 -1.58810024 -2.30421637  2.18807463 -2.45124337  2.13532916
  2.07452351  1.53569988  2.38280056  2.80476599  1.64912077  1.19999293
 -1.51311183 -2.22922252  1.47125676  0.7119212   1.313443   -3.01403363
 -0.3776132   2.51867355 -1.0357233   1.28747145  1.48323647  0.54467688
 -0.83303412  1.1151008   0.66832911 -0.38360187  2.80474559 -1.99321584
  1.53812581 -0.48673393  1.09047731 -2.84974321 -2.45827239  0.45788473
 -1.16180245 -0.49476237  0.36531194 -0.11113872 -1.65026579 -0.04108734
 -0.85955519  2.81164761 -1.06205546 -1.38032192 -0.94897768  1.07802181
  1.8520998  -0.69620112  1.97226237 -2.19432889 -0.34737344 -0.73258213
 -2.88998971  3.16480548 -1.6320115   3.13561513 -1.26611077 -2.70862187
  3.36239327 -1.23322054 -0.7765326  -2.88401346 -2.71720168  2.54553648
 -2.13681922 -2.04744541 -0.18161214  3.15007385  0.24671975  0.21349389
 -1.25018778 -0.6775417  -1.73414782 -3.03026498  2.87024682  1.23531765
 -0.48587571 -2.18854498  1.10983529 -1.10590951 -0.49026303 -2.73957313
 -2.06528367  1.86531579 -0.87412945  2.62190774 -0.454299   -2.67172808
 -2.82050882  2.26209067 -3.1445477  -0.44515024 -1.00258976 -0.24640181
  2.34764928  1.84013059  0.01838726 -2.55291033 -2.6591123   0.24425608
 -0.7664324   1.24534587 -2.62776049  1.12502544 -0.38404958  0.42086234
  1.91876986  0.45821256  0.65060112 -1.27163698  1.79126713  2.93951633
  0.99579845  0.22193238 -1.14186568  2.42277304  0.72712236 -1.90971998
 -0.0505422   1.87087313  0.98657363 -1.07989339 -2.30128196  2.22232233
  2.00418243  1.92793694  2.29703632  1.915696   -1.6611328  -3.10385382
  0.42856957  1.34459747 -2.26285756 -1.12610005  2.31176166  1.39326498
 -0.2718295  -1.8445793  -1.64823105  1.96519924  1.30707471 -1.01159275
 -0.23072139 -0.69287076 -0.3035321   2.30244382 -0.66188254 -0.93562981
  0.77560193 -2.35269389  0.59020925  2.7843522  -0.35224728  2.04723375
 -1.86127808 -1.35328646 -2.59754001 -2.42279894 -1.5020328  -3.02906126
  2.01616121  1.78222464  1.58151188  1.12513987  1.58811378 -2.44452822
 -2.50725684  1.78918895  1.03429173 -0.29163479 -2.47725376  1.43140674
 -1.04411501 -3.04745906 -0.04727673  1.89760861 -2.70133118 -2.36828791
  1.8761811   1.02963243 -0.62603996 -0.49632942 -0.92133008  1.96366151
  0.47272203 -0.35644914  0.40174522 -2.2666653   1.26118184 -0.15343927
  2.40257841  1.23311069  2.87767779 -1.05724007  2.10158383 -0.42998146
 -3.26805868  2.20341431  0.81146664  1.92875651 -1.28931096  1.4391585
 -2.12180054  0.20879975  0.08326028 -2.79045087 -0.90191502 -2.39297264
  0.07260422 -0.56907864]
Sat May 25 15:22:27 2024,265,0.09593913099233235,[-4.65711332  2.36663089 -1.84096321 -0.12385456  0.1868555  -2.68758608
  3.01276165  2.10574334  1.45529439 -0.92539609  0.612618    1.0918384
  1.13189559 -1.54185083  0.7772728   2.80577907 -0.79798212 -0.63652799
 -1.75456832  0.60197553  1.67658283  2.9917901  -1.20889577 -0.31564419
 -2.42353207 -2.33787189  2.99467526  2.76335028 -0.54415551 -2.36493298
  1.48267847 -0.05869394 -2.31781743  2.09562522  1.28936833 -0.63850416
  0.84795567 -2.31897171 -0.02599288  2.15310985 -0.16376427  0.38896722
  2.71383826  1.04631997  2.46278097  3.16144586  2.64117055 -2.93969846
  0.26527454 -0.81562959  1.75911781  2.86380456 -0.51105915 -2.31779547
  2.78720018 -3.21078905  0.79409766 -0.63469225 -1.74131784  2.69796811
 -1.80948949 -1.58813613 -2.30418047  2.18803873 -2.45120748  2.13529326
  2.07448761  1.53566398  2.38276467  2.80473009  1.64908487  1.20002883
 -1.51307593 -2.22918662  1.47122086  0.71188531  1.3134789  -3.01399773
 -0.3775773   2.51863765 -1.0357592   1.28743555  1.48327237  0.54464099
 -0.83307002  1.1150649   0.66836501 -0.38363776  2.80470969 -1.99317995
  1.53808991 -0.48676983  1.09044141 -2.84977911 -2.45830829  0.45792063
 -1.16176655 -0.49472647  0.36534784 -0.11117461 -1.65030169 -0.04112323
 -0.85959109  2.81161171 -1.06201956 -1.38028602 -0.94894178  1.07798591
  1.8521357  -0.69616522  1.97222648 -2.19436479 -0.34733754 -0.73261802
 -2.88995381  3.16484138 -1.63197561  3.13557923 -1.26607488 -2.70858597
  3.36235737 -1.23325643 -0.7765685  -2.88397756 -2.71716578  2.54557238
 -2.13685512 -2.04748131 -0.18164804  3.15010975  0.24668385  0.21345799
 -1.25022368 -0.6775058  -1.73411193 -3.03022908  2.87021092  1.23535355
 -0.4859116  -2.18850908  1.10987119 -1.10587361 -0.49029893 -2.73953724
 -2.06524777  1.86527989 -0.87416535  2.62187184 -0.4543349  -2.67169218
 -2.82047292  2.26205477 -3.1445118  -0.44511434 -1.00255386 -0.24643771
  2.34768518  1.84009469  0.01842316 -2.55287443 -2.6590764   0.24429198
 -0.7664683   1.24530997 -2.62779639  1.12506134 -0.38408548  0.42082644
  1.91880576  0.45817666  0.65056523 -1.27160108  1.79130303  2.93955223
  0.99583435  0.22189649 -1.14182978  2.42280894  0.72708646 -1.90968408
 -0.0505781   1.87083723  0.98660953 -1.07992929 -2.30124606  2.22228644
  2.00414653  1.92797284  2.29700042  1.9157319  -1.6611687  -3.10388972
  0.42853367  1.34463337 -2.26282166 -1.12613595  2.31172576  1.39322908
 -0.2718654  -1.8445434  -1.64826695  1.96516334  1.30711061 -1.01162865
 -0.23068549 -0.69283486 -0.3034962   2.30247971 -0.66191844 -0.93559391
  0.77563782 -2.35272979  0.59024514  2.7843163  -0.35228318  2.04719785
 -1.86131398 -1.35332236 -2.59750412 -2.42276304 -1.5019969  -3.02909716
  2.01619711  1.78218874  1.58147598  1.12517576  1.58807788 -2.44456412
 -2.50722094  1.78915305  1.03425583 -0.29167069 -2.47721786  1.43137084
 -1.04415091 -3.04742316 -0.04731263  1.89764451 -2.70129528 -2.36832381
  1.8761452   1.02966833 -0.62600406 -0.49636532 -0.92136598  1.96362561
  0.47268613 -0.35641325  0.40178112 -2.2666294   1.26121774 -0.15340337
  2.40261431  1.23314659  2.87771369 -1.05720417  2.10154793 -0.43001736
 -3.26802278  2.20337841  0.81143074  1.92879241 -1.28934686  1.43919439
 -2.12176464  0.20883565  0.08322438 -2.79048677 -0.90187913 -2.39300854
  0.07256832 -0.56911454]
Sat May 25 15:22:49 2024,266,0.09593907597998759,[-4.65714823  2.3666658  -1.84099812 -0.12388948  0.18682059 -2.68755117
  3.01279657  2.10570842  1.45525947 -0.925431    0.61265291  1.09180349
  1.13186068 -1.54181591  0.77723788  2.80581399 -0.79801703 -0.63656291
 -1.75460323  0.60194062  1.67654791  2.99182502 -1.20893068 -0.31560928
 -2.42356698 -2.33790681  2.99464035  2.76331536 -0.54419043 -2.36489806
  1.48264355 -0.05872886 -2.31778252  2.09566013  1.28940324 -0.63846924
  0.84792076 -2.31893679 -0.02595797  2.15307494 -0.16372936  0.3889323
  2.71387317  1.04628505  2.46281588  3.16148078  2.64113564 -2.93966354
  0.26530946 -0.81566451  1.75915273  2.86376965 -0.51102424 -2.31776056
  2.78723509 -3.21075414  0.79406274 -0.63472717 -1.74128293  2.69800303
 -1.80952441 -1.58810122 -2.30414555  2.18800381 -2.45117256  2.13525834
  2.0744527   1.53562906  2.38279958  2.80469518  1.64911978  1.20006375
 -1.51311085 -2.22915171  1.47125577  0.71192022  1.31351381 -3.01396282
 -0.37761221  2.51860273 -1.03579411  1.28747046  1.48330729  0.54460607
 -0.8330351   1.11502998  0.6683301  -0.38367268  2.80467477 -1.99321486
  1.53805499 -0.48680474  1.09040649 -2.84974419 -2.45827337  0.45795555
 -1.16180146 -0.49469156  0.36531293 -0.1111397  -1.65026678 -0.04115815
 -0.85962601  2.81157679 -1.06205448 -1.38032093 -0.9489767   1.07802082
  1.85210078 -0.6961303   1.97219156 -2.1943997  -0.34737246 -0.73265294
 -2.88998872  3.16487629 -1.63194069  3.13561415 -1.26603996 -2.70862089
  3.36232245 -1.23322152 -0.77660341 -2.88394265 -2.71713087  2.54553746
 -2.1368202  -2.0474464  -0.18161312  3.15007484  0.24664893  0.21349291
 -1.2502586  -0.67747089 -1.73407701 -3.03019416  2.87024584  1.23531863
 -0.48594652 -2.18847417  1.1099061  -1.1058387  -0.49026401 -2.73950232
 -2.06528268  1.86524498 -0.87413043  2.62190676 -0.45429999 -2.67165726
 -2.82050784  2.26201986 -3.14447688 -0.44507942 -1.00258878 -0.24647262
  2.34765027  1.84005977  0.01845807 -2.55283951 -2.65904149  0.2443269
 -0.76643339  1.24534488 -2.62783131  1.12509625 -0.38405057  0.42079152
  1.91884067  0.45814175  0.65060014 -1.271636    1.79133795  2.93958714
  0.99579943  0.22186157 -1.14179487  2.42277403  0.72705154 -1.909719
 -0.05054319  1.87080232  0.98664444 -1.0799642  -2.30128098  2.22225152
  2.00418145  1.92800776  2.29696551  1.91569698 -1.66113378 -3.10392463
  0.42856859  1.34459845 -2.26285658 -1.12610103  2.31176068  1.39319417
 -0.27190032 -1.84457832 -1.64823204  1.96512843  1.30714552 -1.01166356
 -0.23072041 -0.69286977 -0.30346128  2.30251463 -0.66195336 -0.93555899
  0.77567274 -2.35276471  0.59021023  2.78435122 -0.3523181   2.04723277
 -1.86127906 -1.35335727 -2.59753903 -2.42279796 -1.50196199 -3.02913208
  2.01616219  1.78222366  1.58144107  1.12514085  1.58804296 -2.4445292
 -2.50718602  1.78918797  1.03422091 -0.29163578 -2.47718295  1.43140576
 -1.04418582 -3.04745808 -0.04727771  1.89767942 -2.70126036 -2.3682889
  1.87618012  1.02963342 -0.62603897 -0.49640023 -0.9214009   1.96366053
  0.47265122 -0.35644816  0.40181603 -2.26666432  1.26125266 -0.15343829
  2.40257939  1.23311168  2.87774861 -1.05723908  2.10158285 -0.43005227
 -3.26805769  2.20341333  0.81146565  1.92882732 -1.28931194  1.43915948
 -2.12172972  0.20887057  0.08318946 -2.79052169 -0.90191404 -2.39304346
  0.07253341 -0.56914946]
Sat May 25 15:23:13 2024,267,0.09593902379450053,[-4.65718219  2.36663184 -1.84103208 -0.12385552  0.18678663 -2.68751721
  3.01283053  2.10567446  1.45529343 -0.92546496  0.61261895  1.09183745
  1.13182672 -1.54184987  0.77727184  2.80584795 -0.79805099 -0.63659687
 -1.75456927  0.60197458  1.67651395  2.99185898 -1.20889672 -0.31557532
 -2.42353302 -2.33794077  2.99460639  2.7632814  -0.54422439 -2.3648641
  1.48267751 -0.0586949  -2.31781648  2.09562617  1.28936928 -0.6385032
  0.8478868  -2.31897075 -0.02592401  2.1531089  -0.1636954   0.38889834
  2.71383921  1.04625109  2.46284984  3.16144682  2.64110168 -2.93962958
  0.2652755  -0.81569847  1.75911877  2.86373569 -0.51099028 -2.3177266
  2.78720113 -3.21072018  0.79402878 -0.63476113 -1.74131689  2.69803699
 -1.80955837 -1.58813518 -2.30417951  2.18803777 -2.45120652  2.13522439
  2.07448666  1.5355951   2.38276562  2.80472914  1.64908582  1.20009771
 -1.51307689 -2.22918567  1.47128973  0.71195418  1.31354777 -3.01392886
 -0.37764617  2.51856878 -1.03582807  1.2874365   1.48334125  0.54457211
 -0.83306906  1.11506394  0.66829614 -0.38370664  2.80470873 -1.9931809
  1.53802103 -0.4868387   1.09037253 -2.84977815 -2.45830733  0.45792159
 -1.16183542 -0.49472552  0.36534689 -0.11110574 -1.65030074 -0.04112419
 -0.85959205  2.81154283 -1.06208844 -1.38028697 -0.94894274  1.07798686
  1.85206682 -0.69609635  1.97222552 -2.19436574 -0.3473385  -0.7326869
 -2.89002268  3.16484233 -1.63190673  3.13558019 -1.26607392 -2.70865485
  3.36235641 -1.23325548 -0.77663737 -2.88397661 -2.71716482  2.54557142
 -2.13678624 -2.04741244 -0.18157916  3.1501088   0.24661497  0.21352686
 -1.25022464 -0.67750485 -1.73411097 -3.03022812  2.8702798   1.23535259
 -0.48591256 -2.18850813  1.10987214 -1.10587266 -0.49023005 -2.73953628
 -2.06531664  1.86527894 -0.87409647  2.62194072 -0.45433395 -2.67162331
 -2.82047388  2.2619859  -3.14444292 -0.44511338 -1.00262274 -0.24650658
  2.34761631  1.84009373  0.01842411 -2.55280555 -2.65900753  0.24429294
 -0.76646735  1.24531092 -2.62779735  1.12513021 -0.38401661  0.42075756
  1.91887463  0.45810779  0.6506341  -1.27160204  1.79130399  2.9396211
  0.99583339  0.22189553 -1.14182883  2.42280799  0.72701758 -1.90968504
 -0.05050923  1.87083628  0.98661048 -1.07993024 -2.30131494  2.22221756
  2.00414749  1.9279738   2.29699947  1.91573094 -1.66109982 -3.10395859
  0.42853463  1.34456449 -2.26289054 -1.12613499  2.31172672  1.39316021
 -0.27193428 -1.84454436 -1.64819808  1.96509447  1.30711156 -1.01169752
 -0.23075437 -0.69290373 -0.30342732  2.30248067 -0.66198732 -0.93559295
  0.7757067  -2.35273075  0.59017627  2.78438518 -0.35235206  2.04719881
 -1.86131302 -1.35339123 -2.59757299 -2.42283192 -1.50192803 -3.02916604
  2.01619615  1.78225762  1.58147503  1.12517481  1.58807692 -2.44449524
 -2.50721998  1.78922193  1.03418695 -0.29166974 -2.47714899  1.4313718
 -1.04421978 -3.04749204 -0.04731167  1.89764546 -2.70129432 -2.36825494
  1.87621408  1.02959946 -0.62600501 -0.49636627 -0.92136694  1.96369449
  0.47261726 -0.3564142   0.40184999 -2.26663036  1.26128662 -0.15340433
  2.40254543  1.23314564  2.87778257 -1.05720513  2.10154889 -0.43001831
 -3.26802373  2.20337937  0.81149961  1.92879336 -1.28927798  1.43912552
 -2.12169576  0.20890453  0.0831555  -2.79048773 -0.90188008 -2.39307742
  0.07249945 -0.5691155 ]
Sat May 25 15:23:42 2024,268,0.09593897428482975,[-4.65721523  2.36666487 -1.84106511 -0.12382249  0.1867536  -2.68755024
  3.0127975   2.10564143  1.4552604  -0.925498    0.61258592  1.09180441
  1.13185975 -1.5418829   0.77723881  2.80588098 -0.79808402 -0.6366299
 -1.75453624  0.60200761  1.67648092  2.99182595 -1.20886369 -0.31560835
 -2.42349999 -2.3379738   2.99463942  2.76331444 -0.54425742 -2.36483107
  1.48271055 -0.05866186 -2.31784951  2.09565921  1.28940231 -0.63853623
  0.84791983 -2.31893772 -0.02589098  2.15314193 -0.16372843  0.38886531
  2.71387224  1.04628413  2.46281681  3.16147985  2.64113471 -2.93959655
  0.26530853 -0.81566543  1.75908574  2.86370266 -0.51102331 -2.31775963
  2.78723417 -3.21075321  0.79399575 -0.63479416 -1.74134992  2.69807002
 -1.8095914  -1.58810215 -2.30414648  2.18800474 -2.45117349  2.13525742
  2.07445363  1.53556207  2.38279865  2.80476217  1.64911885  1.20013074
 -1.51310992 -2.2292187   1.47132276  0.71192115  1.3135808  -3.01396189
 -0.3776792   2.51853574 -1.03579504  1.28746953  1.48330821  0.54453908
 -0.83310209  1.11509697  0.66826311 -0.38367361  2.80474176 -1.99314787
  1.53805407 -0.48680567  1.09040557 -2.84981119 -2.4582743   0.45788855
 -1.16180239 -0.49475855  0.36531385 -0.11107271 -1.6502677  -0.04115722
 -0.85955901  2.81157587 -1.0620554  -1.38032001 -0.94890971  1.0780199
  1.85209985 -0.69612938  1.97225855 -2.19433271 -0.34730547 -0.73271993
 -2.88998965  3.1648093  -1.6318737   3.13554715 -1.26604089 -2.70868788
  3.36232338 -1.23328851 -0.77660434 -2.88394358 -2.71719786  2.54560446
 -2.13675321 -2.04737941 -0.1816122   3.15007576  0.246648    0.2135599
 -1.2501916  -0.67747181 -1.73407794 -3.03019509  2.87031283  1.23538562
 -0.48594559 -2.18847509  1.10983911 -1.10590569 -0.49026308 -2.73950325
 -2.06534967  1.86531197 -0.8741295   2.62190768 -0.45436698 -2.67159027
 -2.82044085  2.26195286 -3.14447595 -0.44514641 -1.0025897  -0.24653961
  2.34758328  1.84012677  0.01839108 -2.55277252 -2.6589745   0.2442599
 -0.76650038  1.24527789 -2.62776431  1.12509718 -0.38404964  0.4207906
  1.9188416   0.45807476  0.65066713 -1.27156901  1.79133702  2.93958807
  0.99586643  0.2218625  -1.14186186  2.42284102  0.72698455 -1.909652
 -0.05054226  1.87086931  0.98664352 -1.07989721 -2.30134797  2.22218453
  2.00411446  1.92794076  2.29696643  1.91569791 -1.66113285 -3.10392556
  0.42856766  1.34453146 -2.26285751 -1.12616803  2.31175975  1.39312718
 -0.27190124 -1.84457739 -1.64816505  1.9651275   1.3071446  -1.01173056
 -0.23072134 -0.69293676 -0.30346036  2.3025137  -0.66195429 -0.93555992
  0.77573973 -2.35276378  0.59014324  2.78441821 -0.35231902  2.04716578
 -1.86127999 -1.3533582  -2.59760602 -2.42279889 -1.501895   -3.02919907
  2.01616312  1.78222458  1.58150806  1.12520784  1.58810995 -2.44452828
 -2.50718695  1.7891889   1.03415392 -0.2916367  -2.47718202  1.43133877
 -1.04418675 -3.047459   -0.04727864  1.89761243 -2.70132736 -2.36828797
  1.87624711  1.02963249 -0.62597198 -0.49633324 -0.92139997  1.96366146
  0.47265029 -0.35644723  0.40188303 -2.26659733  1.26131965 -0.15343736
  2.4025124   1.23311261  2.8778156  -1.05717209  2.10151585 -0.43005134
 -3.2679907   2.20334634  0.81153264  1.92876033 -1.28924495  1.43909249
 -2.1217288   0.20893756  0.08318853 -2.7904547  -0.90184705 -2.39304439
  0.07246642 -0.56914853]
Sat May 25 15:24:06 2024,269,0.0959389273082798,[-4.65724736  2.36663274 -1.84109724 -0.12379035  0.18678573 -2.68758237
  3.01276537  2.10567356  1.45522827 -0.92553013  0.61255379  1.09177228
  1.13182762 -1.54191503  0.77720668  2.80584885 -0.79811616 -0.63659777
 -1.75456837  0.60197548  1.67644879  2.99179382 -1.20889582 -0.31564048
 -2.42346786 -2.33794167  2.99460729  2.76328231 -0.54428955 -2.3648632
  1.48274268 -0.05862973 -2.31788164  2.09562707  1.28943445 -0.63856837
  0.8478877  -2.31896985 -0.02592311  2.1531098  -0.1636963   0.38883318
  2.71384011  1.04631626  2.46284894  3.16151198  2.64116684 -2.93956442
  0.26534066 -0.81569757  1.75911787  2.86373479 -0.51099118 -2.3177275
  2.7872663  -3.21072108  0.79396362 -0.63482629 -1.74138205  2.69810215
 -1.80955927 -1.58813428 -2.30417861  2.18797261 -2.45114136  2.13528955
  2.07448576  1.53552994  2.38283078  2.8047943   1.64908672  1.20009861
 -1.51314205 -2.22918657  1.47129063  0.71195328  1.31354867 -3.01392976
 -0.37771134  2.51850361 -1.03582717  1.2874374   1.48327608  0.54457121
 -0.83306996  1.11506484  0.66829524 -0.38364148  2.80470963 -1.99311574
  1.53802193 -0.4868378   1.09037343 -2.84977905 -2.45830643  0.45792068
 -1.16177026 -0.49472642  0.36534598 -0.11110484 -1.65023557 -0.04118935
 -0.85959115  2.811608   -1.06208754 -1.38035214 -0.94894184  1.07798776
  1.85213199 -0.69609725  1.97229068 -2.19430058 -0.3473376  -0.73275206
 -2.89002178  3.16484143 -1.63184157  3.13557929 -1.26600876 -2.70865575
  3.36229125 -1.23332064 -0.77657221 -2.88391144 -2.71722999  2.54563659
 -2.13678534 -2.04734728 -0.18158006  3.15004363  0.24668014  0.21359203
 -1.25015947 -0.67743968 -1.73404581 -3.03022722  2.8702807   1.23535349
 -0.48591346 -2.18850722  1.10980698 -1.10593782 -0.49029522 -2.73947112
 -2.06531754  1.8653441  -0.87416163  2.62187555 -0.45433485 -2.67155814
 -2.82040871  2.261985   -3.14444382 -0.44511428 -1.00255757 -0.24657174
  2.34755114  1.84009463  0.01842321 -2.55274039 -2.65894237  0.24429204
 -0.76646825  1.24524576 -2.62773218  1.12512931 -0.38401751  0.42075847
  1.91887373  0.45810689  0.650635   -1.27160114  1.79136915  2.9396202
  0.9958343   0.22183037 -1.14182973  2.42280889  0.72695242 -1.90968414
 -0.05051013  1.87090144  0.98661138 -1.07992934 -2.3013801   2.22221666
  2.00414659  1.9279729   2.29699857  1.91566578 -1.66116498 -3.10389343
  0.42859979  1.34449933 -2.26288964 -1.12613589  2.31172762  1.39309505
 -0.27186911 -1.84460952 -1.64819718  1.96515963  1.30717673 -1.01169842
 -0.23075347 -0.69290463 -0.30342822  2.30254583 -0.66198642 -0.93552779
  0.7757076  -2.35273165  0.59017537  2.78445034 -0.35228689  2.04719791
 -1.86131212 -1.35332607 -2.59757389 -2.42276675 -1.50192713 -3.02916694
  2.01619525  1.78219245  1.58154019  1.12523997  1.58814209 -2.44449614
 -2.50721908  1.78915676  1.03412179 -0.29166884 -2.47714989  1.43130664
 -1.04415462 -3.04742687 -0.04731077  1.89764456 -2.70129522 -2.36825584
  1.87621498  1.02966462 -0.62600411 -0.49630111 -0.9214321   1.96369359
  0.47261816 -0.3564151   0.40185089 -2.26656519  1.26128752 -0.15346949
  2.40254453  1.23314474  2.87784773 -1.05713996  2.10154799 -0.43008348
 -3.26802283  2.20331421  0.81156478  1.92879246 -1.28927708  1.43906036
 -2.12169666  0.20896969  0.0831564  -2.79048683 -0.90181492 -2.39307652
  0.07243428 -0.5691164 ]
Sat May 25 15:24:33 2024,270,0.09593888273002811,[-4.65727861  2.366664   -1.84106599 -0.12382161  0.18681699 -2.68755112
  3.01273411  2.10570482  1.45519701 -0.92549887  0.61252253  1.09174102
  1.13185887 -1.54188378  0.77723794  2.80588011 -0.7980849  -0.63662902
 -1.75453712  0.60200674  1.67648005  2.99182507 -1.20886457 -0.31567174
 -2.42349911 -2.33797292  2.99457603  2.76331356 -0.54425829 -2.36483195
  1.48277393 -0.05866099 -2.3179129   2.09559582  1.2894657  -0.63853711
  0.84791896 -2.31893859 -0.02589185  2.15307854 -0.16372756  0.38880192
  2.71387137  1.046285    2.46281768  3.16154324  2.6411981  -2.93959568
  0.26537192 -0.81566631  1.75908661  2.86376605 -0.51102244 -2.31769624
  2.78723504 -3.21075234  0.79393236 -0.63485755 -1.74135079  2.6980709
 -1.80952801 -1.58816553 -2.30420987  2.18794135 -2.45117261  2.13532081
  2.0744545   1.53549868  2.38286204  2.80476304  1.64905547  1.20006735
 -1.5131108  -2.22921783  1.47125938  0.71198454  1.31357993 -3.01396102
 -0.37774259  2.51847235 -1.03585843  1.28740615  1.48324483  0.54460247
 -0.83310122  1.11503359  0.66826398 -0.38361022  2.80474089 -1.99308448
  1.53805319 -0.48680654  1.09040469 -2.8497478  -2.45827517  0.45788943
 -1.161739   -0.49469516  0.36537724 -0.1111361  -1.65026683 -0.0411581
 -0.85955989  2.81163925 -1.06205628 -1.38038339 -0.94891058  1.07795651
  1.85210073 -0.69606599  1.97225943 -2.19433184 -0.34730634 -0.73278332
 -2.88999053  3.16487269 -1.63181031  3.13554803 -1.26604001 -2.70862449
  3.36225999 -1.2333519  -0.77654095 -2.88388019 -2.71719873  2.54560533
 -2.13675409 -2.04737853 -0.18154881  3.15001238  0.24671139  0.21356077
 -1.25019073 -0.67747094 -1.73401455 -3.03025848  2.87024944  1.23532224
 -0.48594472 -2.18853848  1.10983823 -1.10596908 -0.49032647 -2.73943986
 -2.0653488   1.86537536 -0.87413038  2.62190681 -0.4543661  -2.67152688
 -2.82037746  2.26195374 -3.14441257 -0.44508303 -1.00252632 -0.246603
  2.3475824   1.84012589  0.01839195 -2.55277165 -2.65891111  0.24432329
 -0.7664995   1.2452145  -2.62770093  1.12509805 -0.38398625  0.42072721
  1.91890499  0.45813815  0.65060374 -1.27163239  1.79140041  2.93965146
  0.99586555  0.22179911 -1.14179847  2.42284015  0.72692116 -1.90965288
 -0.05054138  1.8709327   0.98658013 -1.07989808 -2.30134884  2.2221854
  2.00417784  1.92800415  2.29696731  1.91563452 -1.66119624 -3.10386217
  0.42856854  1.34446807 -2.2629209  -1.12610464  2.31169636  1.39306379
 -0.27183786 -1.84457827 -1.64816592  1.96519089  1.30720798 -1.01166717
 -0.23078473 -0.69287338 -0.30345948  2.30257709 -0.66195516 -0.93549653
  0.77573886 -2.35270039  0.59020663  2.78441908 -0.35231815  2.04722916
 -1.86134338 -1.35335733 -2.59760515 -2.4227355  -1.50195839 -3.02913568
  2.016164    1.7821612   1.58157145  1.12527123  1.58811083 -2.44446489
 -2.50725034  1.78918802  1.03415305 -0.29163758 -2.47718114  1.43127538
 -1.04418588 -3.04745813 -0.04727951  1.8976133  -2.70126397 -2.36822458
  1.87624624  1.02969588 -0.62597285 -0.49633236 -0.92146336  1.96372484
  0.4725869  -0.35644636  0.40188215 -2.26659645  1.26131878 -0.15343823
  2.40251328  1.23317599  2.87787899 -1.05717122  2.10151673 -0.43005222
 -3.26799158  2.20334546  0.81153352  1.92876121 -1.28924583  1.43909161
 -2.12172792  0.20893843  0.08318766 -2.79045557 -0.90178366 -2.39304526
  0.07240303 -0.56908514]
Sat May 25 15:25:08 2024,271,0.09593884042267589,[-4.65730902  2.36669441 -1.84103558 -0.12385202  0.18678658 -2.68752071
  3.0127037   2.10573523  1.45516661 -0.92546846  0.61255294  1.09177143
  1.13182847 -1.54185337  0.77726834  2.8058497  -0.79811531 -0.63659862
 -1.75456752  0.60197633  1.67651045  2.99185548 -1.20883416 -0.31564133
 -2.42346871 -2.33800333  2.99454562  2.76328315 -0.5442887  -2.36486235
  1.48274353 -0.05863058 -2.3179433   2.09556541  1.28943529 -0.63856752
  0.84788855 -2.31890819 -0.02586144  2.15310895 -0.16369715  0.38877151
  2.71390178  1.04625459  2.46284809  3.16151283  2.64116769 -2.93962608
  0.26534151 -0.81569672  1.7590562   2.86373564 -0.51105285 -2.31772665
  2.78720463 -3.21072193  0.79390195 -0.63482714 -1.7413812   2.6981013
 -1.80955842 -1.58813513 -2.30417946  2.18791095 -2.45120302  2.13535121
  2.07448491  1.53546828  2.38289245  2.80473264  1.64902506  1.20003694
 -1.5131412  -2.22924823  1.47128978  0.71195413  1.31354952 -3.01399142
 -0.377773    2.51844195 -1.03582802  1.28743655  1.48327523  0.54463287
 -0.83307081  1.11500318  0.66829439 -0.38364063  2.8047713  -1.99311489
  1.5380836  -0.48683695  1.09037428 -2.8497782  -2.45830558  0.45785902
 -1.16176941 -0.49466475  0.36534683 -0.11110569 -1.65023642 -0.0411885
 -0.8595903   2.81160885 -1.06202587 -1.38035299 -0.94888017  1.0779261
  1.85213114 -0.6960964   1.97228983 -2.19430143 -0.34727593 -0.73275291
 -2.89002093  3.16484228 -1.63184072  3.13557844 -1.26600961 -2.70859408
  3.36222958 -1.23338231 -0.77651055 -2.88384978 -2.71716832  2.54563574
 -2.13672368 -2.04734812 -0.18157922  3.15004278  0.2467418   0.21359118
 -1.25016032 -0.67744053 -1.73404496 -3.03028888  2.87027985  1.23529183
 -0.48591431 -2.18856889  1.10980783 -1.10599948 -0.49029607 -2.73947027
 -2.06531839  1.86540577 -0.87409997  2.6218764  -0.4543357  -2.67155729
 -2.82034705  2.26192333 -3.14438216 -0.44511343 -1.00249591 -0.24663341
  2.34755199  1.8401563   0.01842236 -2.55274124 -2.6588807   0.24429289
 -0.76652991  1.24524491 -2.62773133  1.12512846 -0.38395585  0.42075762
  1.9189354   0.45816855  0.65063415 -1.27160199  1.79143082  2.93968187
  0.99583514  0.22182952 -1.14182888  2.42287055  0.72689076 -1.90968329
 -0.05051098  1.8709631   0.98654972 -1.07992849 -2.30137925  2.222155
  2.00420825  1.92803456  2.29699772  1.91566493 -1.66122665 -3.10383177
  0.42859894  1.34443766 -2.2629513  -1.12607423  2.31172677  1.3930942
 -0.27186826 -1.84454786 -1.64819633  1.9652213   1.30723839 -1.01163676
 -0.23075432 -0.69290378 -0.30342907  2.30254668 -0.66192475 -0.93546612
  0.77576926 -2.35266998  0.59017622  2.78438868 -0.35228774  2.04719876
 -1.86131297 -1.35332692 -2.59757474 -2.42276591 -1.50192798 -3.02910527
  2.0161944   1.78213079  1.58154104  1.12524082  1.58808042 -2.44443448
 -2.50721993  1.78915761  1.03418345 -0.29166799 -2.47721155  1.43130579
 -1.04421628 -3.04748854 -0.04724911  1.89764371 -2.70123356 -2.36825499
  1.87621583  1.02966547 -0.62594245 -0.49636277 -0.92149376  1.96369444
  0.47261731 -0.35641595  0.40185174 -2.26662686  1.26134918 -0.15346864
  2.40248287  1.2332064   2.87784858 -1.05720163  2.10148632 -0.43002181
 -3.26802198  2.20331506  0.81156393  1.9287308  -1.28921542  1.43912202
 -2.12175833  0.20896884  0.08315725 -2.79048598 -0.90175325 -2.39307567
  0.07243343 -0.56905473]
Sat May 25 15:25:51 2024,272,0.09593880026582689,[-4.6573386   2.36666482 -1.84106516 -0.1238816   0.186757   -2.68755029
  3.01267412  2.10570564  1.45519619 -0.92549805  0.61258252  1.09180101
  1.13185805 -1.54188295  0.77723876  2.80582012 -0.79808572 -0.6366282
 -1.75453794  0.60200591  1.67654004  2.9918259  -1.20886374 -0.31567091
 -2.42343912 -2.33797375  2.99451604  2.76331274 -0.54431828 -2.36489194
  1.48277311 -0.058601   -2.31791372  2.09553583  1.28940571 -0.6385971
  0.84791813 -2.3188786  -0.02583186  2.15313853 -0.16372673  0.3888011
  2.71393136  1.04622501  2.46281851  3.16154241  2.64119727 -2.9395965
  0.26537109 -0.81566713  1.75908578  2.86376522 -0.51102326 -2.31769707
  2.78717505 -3.21075151  0.79387237 -0.63485672 -1.74141078  2.69813089
 -1.809588   -1.58810555 -2.30420905  2.18788136 -2.45117344  2.1353808
  2.07451449  1.53549786  2.38286287  2.80476222  1.64905464  1.20000736
 -1.51317079 -2.22921865  1.47131937  0.71198371  1.3135791  -3.014021
 -0.37774342  2.51847153 -1.0358576   1.28746614  1.48330482  0.54460329
 -0.83304123  1.11503276  0.66832397 -0.38367021  2.80474171 -1.99314447
  1.53805402 -0.48686653  1.09040387 -2.84980779 -2.45833516  0.45782944
 -1.16173983 -0.49469433  0.36531725 -0.11113527 -1.650266   -0.04121809
 -0.85961988  2.81163843 -1.06205545 -1.3803234  -0.94885059  1.07795568
  1.85216072 -0.69612598  1.97231942 -2.19427185 -0.34730552 -0.73272333
 -2.88999135  3.16487186 -1.63181113  3.13554885 -1.26598002 -2.7085645
  3.3622     -1.23341189 -0.77648096 -2.88387936 -2.71719791  2.54566532
 -2.1366941  -2.04737771 -0.1816088   3.1500132   0.24677138  0.2135616
 -1.2501899  -0.67747011 -1.73401537 -3.0302593   2.87030943  1.23526225
 -0.48588473 -2.18853931  1.10977824 -1.1059699  -0.49032565 -2.73949985
 -2.06534797  1.86543535 -0.87407039  2.62184682 -0.45436528 -2.67152771
 -2.82031747  2.26189375 -3.14435258 -0.44514302 -1.00246633 -0.24666299
  2.34758158  1.84018588  0.01845194 -2.55277082 -2.65891028  0.2442633
 -0.76655949  1.24521533 -2.62770175  1.12515804 -0.38392626  0.4207872
  1.91896498  0.45819813  0.65066373 -1.27163157  1.7914604   2.93971145
  0.99580556  0.2218591  -1.1417993   2.42284097  0.72692034 -1.90971287
 -0.05054056  1.87099269  0.9865793  -1.07989891 -2.30134967  2.22212541
  2.00423783  1.92806414  2.2970273   1.91569451 -1.66119707 -3.10380218
  0.42862853  1.34440808 -2.26292172 -1.12604465  2.31175635  1.39312378
 -0.27189785 -1.84451828 -1.64822591  1.96525088  1.30726797 -1.01166634
 -0.23072474 -0.69293337 -0.30339949  2.30257627 -0.66189517 -0.93549571
  0.77579885 -2.35269957  0.59014664  2.78435909 -0.35225816  2.04722834
 -1.86134255 -1.3533565  -2.59754516 -2.42279549 -1.5018984  -3.02907569
  2.01616482  1.78210121  1.58151146  1.1252704   1.58811    -2.44446406
 -2.50724951  1.7891872   1.03421304 -0.29169757 -2.47718197  1.4312762
 -1.0441867  -3.04745895 -0.04727869  1.89767329 -2.70126314 -2.36822541
  1.87624541  1.02963589 -0.62591286 -0.49639235 -0.92146418  1.96372402
  0.47264689 -0.35638637  0.40182216 -2.26659728  1.2613196  -0.15343906
  2.40245329  1.23317682  2.87787816 -1.05723121  2.1015159  -0.42999223
 -3.26805157  2.20328547  0.81153434  1.92876038 -1.28918584  1.43909244
 -2.12172875  0.20893926  0.08312767 -2.79051556 -0.90178284 -2.39310525
  0.07240385 -0.56908432]
Sat May 25 15:26:31 2024,273,0.09593876214569054,[-4.65736739  2.3666936  -1.84103638 -0.12391038  0.18672821 -2.68752151
  3.01264534  2.10567686  1.45522497 -0.92546926  0.6126113   1.09177223
  1.13188683 -1.54185417  0.77726754  2.8058489  -0.79805694 -0.63659942
 -1.75450916  0.60203469  1.67656882  2.99179712 -1.20883496 -0.31564213
 -2.42341034 -2.33800253  2.99448726  2.76334152 -0.5442895  -2.36486316
  1.48280189 -0.05857222 -2.31788494  2.09556461  1.28943449 -0.63862588
  0.84788935 -2.31890738 -0.02586064  2.15316731 -0.16369795  0.38877232
  2.71390258  1.04619623  2.46284729  3.1615712   2.64122605 -2.93956772
  0.26534231 -0.81563835  1.75911457  2.863794   -0.51105204 -2.31766829
  2.78720383 -3.21072273  0.79390115 -0.6348855  -1.741382    2.69815967
 -1.80955922 -1.58813433 -2.30418026  2.18791014 -2.45120222  2.13535201
  2.07448571  1.53546908  2.38289165  2.80473344  1.64902586  1.19997858
 -1.51314201 -2.22924743  1.47129059  0.71201249  1.31360788 -3.01404979
 -0.3777722   2.51844275 -1.03588638  1.28749492  1.48327603  0.54463207
 -0.83301245  1.11500398  0.66829519 -0.38364143  2.80471293 -1.99311569
  1.53802524 -0.48683775  1.09043265 -2.84983657 -2.45830638  0.45780066
 -1.16171105 -0.49472312  0.36528847 -0.11116405 -1.65029479 -0.04124687
 -0.8595911   2.81160965 -1.06208423 -1.38035218 -0.94882181  1.07798446
  1.8521895  -0.6960972   1.9723482  -2.19424306 -0.34727673 -0.73275211
 -2.89002013  3.16484308 -1.63178235  3.13552007 -1.2660088  -2.70853572
  3.36217122 -1.23338311 -0.77645218 -2.88390814 -2.71722669  2.5456941
 -2.13672288 -2.04734893 -0.18163758  3.15004198  0.2467426   0.21359038
 -1.25021869 -0.67744133 -1.73398659 -3.03028808  2.87033821  1.23523346
 -0.48585595 -2.18851053  1.10974946 -1.10594112 -0.49035443 -2.73952863
 -2.06537676  1.86546413 -0.87404161  2.62181804 -0.4543365  -2.67149893
 -2.82028869  2.26192253 -3.1443238  -0.4451718  -1.00243755 -0.24663421
  2.34761036  1.84021466  0.01842316 -2.5527996  -2.65893906  0.24429208
 -0.76653071  1.24518655 -2.62773053  1.12512926 -0.38389748  0.42075842
  1.9189362   0.45822692  0.65063495 -1.27166035  1.79148918  2.93974023
  0.99577678  0.22183032 -1.14182808  2.42286975  0.72689156 -1.90974165
 -0.05051178  1.87102147  0.98660808 -1.07987013 -2.30137845  2.22215419
  2.00420905  1.92809292  2.29705608  1.91572329 -1.66122585 -3.1037734
  0.42859975  1.34443686 -2.2629505  -1.12601587  2.31178513  1.393095
 -0.27186907 -1.84448949 -1.64819713  1.9652221   1.30723919 -1.01169512
 -0.23069595 -0.69296215 -0.30342827  2.30254748 -0.66186639 -0.93546693
  0.77582763 -2.35272835  0.59017542  2.78433031 -0.35228694  2.04719956
 -1.86131377 -1.35332772 -2.59751638 -2.42276671 -1.50186961 -3.02910447
  2.01613604  1.78207242  1.58154024  1.12524162  1.58813879 -2.44443528
 -2.50722073  1.78921598  1.03418426 -0.29172635 -2.47715319  1.43130499
 -1.04415792 -3.04748774 -0.04730747  1.89770208 -2.70129192 -2.36825419
  1.87621663  1.02960711 -0.62594165 -0.49642114 -0.92149296  1.9637528
  0.47267567 -0.35635759  0.40185094 -2.26656849  1.26129082 -0.15346784
  2.40248207  1.23314804  2.87790694 -1.05725999  2.10154468 -0.43002101
 -3.26808035  2.20325669  0.81150556  1.92878916 -1.28921462  1.43906366
 -2.12175753  0.20896804  0.08309889 -2.79054434 -0.90175405 -2.39313403
  0.07243263 -0.56905553]
Sat May 25 15:26:56 2024,274,0.09593872595470754,[-4.65739539  2.3666656  -1.84106438 -0.12393839  0.18675622 -2.68754951
  3.01267334  2.10570487  1.45525297 -0.92544126  0.6125833   1.09174423
  1.13191483 -1.54188218  0.77723954  2.8058769  -0.79802894 -0.63662742
 -1.75453716  0.60200669  1.67654081  2.99182512 -1.20880696 -0.31567013
 -2.42338234 -2.33803053  2.99451526  2.76336952 -0.54431751 -2.36483515
  1.48277389 -0.05860022 -2.31785694  2.09553661  1.2894625  -0.63865388
  0.84786135 -2.31893539 -0.02583264  2.15319532 -0.16366995  0.38874431
  2.71387457  1.04616823  2.46281929  3.16154319  2.64119805 -2.93953972
  0.26531431 -0.81561035  1.75908656  2.863766   -0.51102404 -2.31764028
  2.78717583 -3.21069473  0.79392916 -0.6348575  -1.741354    2.69818767
 -1.80958722 -1.58810632 -2.30415226  2.18793815 -2.45117422  2.13538002
  2.07445771  1.53549708  2.38291965  2.80470543  1.64899786  1.19995058
 -1.51317001 -2.22927544  1.47126258  0.7120405   1.31363589 -3.01407779
 -0.3777442   2.51847075 -1.03585838  1.28746691  1.48324803  0.54460407
 -0.83304045  1.11503198  0.66832319 -0.38361342  2.80474094 -1.99314369
  1.53805324 -0.48686576  1.09040464 -2.84980857 -2.45833439  0.45777265
 -1.16173905 -0.49475112  0.36526047 -0.11119206 -1.65032279 -0.04121886
 -0.85956309  2.81158165 -1.06211224 -1.38032418 -0.94879381  1.07801247
  1.8521615  -0.69606919  1.9723762  -2.19421506 -0.34730474 -0.73272411
 -2.89004814  3.16481508 -1.63181036  3.13554808 -1.2659808  -2.70850772
  3.36219922 -1.23335511 -0.77648018 -2.88393615 -2.71719868  2.5457221
 -2.13669487 -2.04732092 -0.18166558  3.15006999  0.2467146   0.21356237
 -1.25019068 -0.67741333 -1.7340146  -3.03026008  2.87036621  1.23526147
 -0.48588395 -2.18853853  1.10977747 -1.10591312 -0.49038243 -2.73955663
 -2.06534875  1.86543613 -0.8740136   2.62184604 -0.45430849 -2.67152693
 -2.82026068  2.26195053 -3.14429579 -0.4451998  -1.00246555 -0.24666221
  2.34763836  1.84024267  0.01839516 -2.55282761 -2.65896707  0.24432009
 -0.76650271  1.24515854 -2.62775854  1.12510126 -0.38392548  0.42078642
  1.9189642   0.45825492  0.65060695 -1.27163235  1.79151718  2.93976823
  0.99580478  0.22185832 -1.14185608  2.42284175  0.72686355 -1.90971365
 -0.05053978  1.87104947  0.98658008 -1.07984213 -2.30140645  2.2221822
  2.00423706  1.92812093  2.29708408  1.91569529 -1.66125385 -3.1037454
  0.42857174  1.34440886 -2.2629225  -1.12604387  2.31175713  1.39306699
 -0.27189707 -1.84446149 -1.64822513  1.96519409  1.3072672  -1.01172313
 -0.23066795 -0.69299015 -0.30345628  2.30251948 -0.66189439 -0.93543892
  0.77585563 -2.35275635  0.59020342  2.78430231 -0.35231494  2.04722756
 -1.86128577 -1.35329972 -2.59748837 -2.42279471 -1.50184161 -3.02907647
  2.01610804  1.78210043  1.58156824  1.12521362  1.58811078 -2.44440728
 -2.50724873  1.78918797  1.03421226 -0.29175435 -2.47718119  1.43127698
 -1.04418592 -3.04745973 -0.04727947  1.89767407 -2.70126392 -2.36828219
  1.87618863  1.02963511 -0.62596965 -0.49639313 -0.92152097  1.9637808
  0.47264767 -0.35638559  0.40182294 -2.26654049  1.26131882 -0.15349584
  2.40245407  1.23317604  2.87793495 -1.05728799  2.10157269 -0.42999301
 -3.26810835  2.2032847   0.81153357  1.92876116 -1.28924262  1.43909166
 -2.12178553  0.20894004  0.08312689 -2.79051634 -0.90178206 -2.39316203
  0.07246064 -0.56902753]
Sat May 25 15:27:23 2024,275,0.09593869159119746,[-4.65742264  2.36669285 -1.84109163 -0.12396563  0.18678346 -2.68757676
  3.01264609  2.10573211  1.45522573 -0.92546851  0.61255605  1.09171698
  1.13188759 -1.54190942  0.77721229  2.80590415 -0.79805619 -0.63665467
 -1.75456441  0.60203394  1.67651357  2.99185237 -1.2088342  -0.31569738
 -2.42335509 -2.33805778  2.99454251  2.76334227 -0.54434475 -2.3648624
  1.48274664 -0.05862747 -2.31788418  2.09556385  1.28943525 -0.63868113
  0.84788859 -2.31896264 -0.02580539  2.15316807 -0.1636972   0.38877156
  2.71390182  1.04614098  2.46284653  3.16157044  2.6412253  -2.93951247
  0.26534156 -0.8156376   1.75905932  2.86379325 -0.51099679 -2.31766753
  2.78720308 -3.21066748  0.79390191 -0.63488475 -1.74138125  2.69821492
 -1.80955997 -1.58813357 -2.30412501  2.1879654  -2.45120146  2.13540726
  2.07443046  1.53546983  2.3829469   2.80473268  1.64897061  1.19992333
 -1.51314276 -2.22924819  1.47123533  0.71206774  1.31360864 -3.01410504
 -0.37777144  2.5184435  -1.03583113  1.28743967  1.48327528  0.54463132
 -0.8330677   1.11500473  0.66835044 -0.38364067  2.80471369 -1.99311644
  1.53808049 -0.486893    1.0903774  -2.84983581 -2.45830714  0.4577999
 -1.1617118  -0.49472387  0.36528771 -0.1112193  -1.65029554 -0.04124611
 -0.85953585  2.8115544  -1.06213949 -1.38035143 -0.94882105  1.07798522
  1.85213425 -0.69609644  1.97240345 -2.19418781 -0.34733198 -0.73269686
 -2.89007538  3.16484233 -1.63178311  3.13552083 -1.26600805 -2.70848047
  3.36222647 -1.23332786 -0.77650743 -2.88396339 -2.71722593  2.54569486
 -2.13666763 -2.04729368 -0.18163833  3.15009723  0.24668735  0.21358962
 -1.25016344 -0.67744058 -1.73398735 -3.03028733  2.87039346  1.23523422
 -0.4859112  -2.18856578  1.10975022 -1.10588587 -0.49040968 -2.73952939
 -2.06532151  1.86546337 -0.87398636  2.62181879 -0.45428125 -2.67149968
 -2.82028793  2.26192329 -3.14426854 -0.44522705 -1.0024383  -0.24663497
  2.34766561  1.84021542  0.01836791 -2.55285485 -2.65899432  0.24434733
 -0.76647546  1.2451313  -2.62773129  1.12512851 -0.38395273  0.42075917
  1.91893695  0.45828217  0.6506342  -1.2716051   1.79154443  2.93974099
  0.99583203  0.22183107 -1.14188333  2.422869    0.7268908  -1.90974089
 -0.05051253  1.87102222  0.98660733 -1.07986937 -2.30137921  2.22215495
  2.0042643   1.92809368  2.29711133  1.91572254 -1.6612811  -3.10371815
  0.42859899  1.34443611 -2.26289525 -1.12601662  2.31178438  1.39303975
 -0.27186982 -1.84443424 -1.64819789  1.96522134  1.30723995 -1.01175037
 -0.2306952  -0.6929629  -0.30348352  2.30249223 -0.66192164 -0.93546617
  0.77588288 -2.3527291   0.59023067  2.78427506 -0.35234219  2.04725481
 -1.86125852 -1.35332697 -2.59746113 -2.42276746 -1.50186886 -3.02904922
  2.01613528  1.78207318  1.58154099  1.12518637  1.58808353 -2.44438003
 -2.50722149  1.78916073  1.03418501 -0.2917816  -2.47715394  1.43124973
 -1.04415868 -3.04743248 -0.04725222  1.89764683 -2.70129117 -2.36830944
  1.87616138  1.02960786 -0.6259969  -0.49642038 -0.92154821  1.96375356
  0.47262042 -0.35641284  0.40179569 -2.26651324  1.26129158 -0.1534686
  2.40248131  1.23320329  2.87796219 -1.05731524  2.10159994 -0.42996576
 -3.2681356   2.20331194  0.81150632  1.92873391 -1.28926987  1.43906441
 -2.12175828  0.20891279  0.08315414 -2.79048909 -0.90175481 -2.39313479
  0.07248788 -0.56900028]
Sat May 25 15:27:53 2024,276,0.09593865895902842,[-4.65744915  2.36666634 -1.84111814 -0.12399215  0.18675695 -2.68760327
  3.01261958  2.1057056   1.45525224 -0.925442    0.61258256  1.09169047
  1.1319141  -1.54188291  0.77723881  2.80593066 -0.79802967 -0.63662816
 -1.7545379   0.60206045  1.67648705  2.99187888 -1.20886072 -0.31572389
 -2.42338161 -2.33803127  2.994516    2.76331576 -0.54431824 -2.36488891
  1.48277315 -0.05860096 -2.31785767  2.09559037  1.28940874 -0.63870764
  0.84786208 -2.31893612 -0.02577888  2.15319458 -0.16367068  0.38874505
  2.71387531  1.04616749  2.46282002  3.16159695  2.64125181 -2.93948596
  0.26536807 -0.81561108  1.7590328   2.86381976 -0.51102331 -2.31769405
  2.78717656 -3.21064097  0.79392842 -0.63491126 -1.74140776  2.69824143
 -1.80958649 -1.58810706 -2.3040985   2.18799191 -2.45122798  2.13543378
  2.07440394  1.53544332  2.38297341  2.80475919  1.6489441   1.19989682
 -1.51316927 -2.22922168  1.47126185  0.71204123  1.31358213 -3.01413155
 -0.37774493  2.51841699 -1.03585765  1.28746618  1.48330179  0.54465783
 -0.83304118  1.11503125  0.66832393 -0.38366718  2.8047402  -1.99308993
  1.538107   -0.48686649  1.09035088 -2.84986233 -2.45828063  0.45777339
 -1.16173831 -0.49469736  0.3652612  -0.11119279 -1.65032205 -0.0412196
 -0.85956236  2.81158091 -1.062166   -1.38032492 -0.94879454  1.07801173
  1.85216076 -0.69606993  1.97237694 -2.19421433 -0.34730547 -0.73267035
 -2.8901019   3.16486884 -1.6317566   3.13549431 -1.26603456 -2.70845395
  3.36219996 -1.23330134 -0.77648092 -2.88398991 -2.71719942  2.54572137
 -2.13664111 -2.04726716 -0.18161182  3.15007072  0.24666084  0.21361614
 -1.25018995 -0.67741406 -1.73396084 -3.03031384  2.87036695  1.23526073
 -0.48588468 -2.18853926  1.10977673 -1.10585936 -0.49038317 -2.73950287
 -2.06529499  1.86548989 -0.87395984  2.62184531 -0.45430776 -2.67147317
 -2.82031444  2.26189677 -3.14429506 -0.44525356 -1.00241179 -0.24666148
  2.3476391   1.8401889   0.0183414  -2.55282834 -2.6589678   0.24432082
 -0.76650198  1.24510478 -2.62770477  1.12515502 -0.38392622  0.42078569
  1.91891044  0.45830868  0.65060768 -1.27163161  1.79151792  2.9397675
  0.99585854  0.22180456 -1.14190984  2.42289551  0.72686429 -1.90976741
 -0.05048602  1.87099571  0.98658081 -1.07989589 -2.30135269  2.22218146
  2.00423779  1.92812019  2.29713784  1.91574905 -1.66125458 -3.10374466
  0.4286255   1.34446262 -2.26292176 -1.12604313  2.31175786  1.39306626
 -0.27184331 -1.84440773 -1.64817137  1.96524785  1.30726646 -1.01177689
 -0.23072171 -0.69298942 -0.30345701  2.30246572 -0.66194815 -0.93549268
  0.77590939 -2.35275562  0.59025718  2.78424855 -0.35231568  2.0472283
 -1.86123201 -1.35330045 -2.59743461 -2.42279398 -1.50184235 -3.02907574
  2.01610877  1.78204667  1.58151448  1.12521289  1.58805702 -2.44435352
 -2.50719497  1.78913421  1.0341585  -0.29180811 -2.47718046  1.43122322
 -1.04418519 -3.047459   -0.04722571  1.89762031 -2.70131768 -2.36828293
  1.87613487  1.02963438 -0.62597038 -0.49639387 -0.9215217   1.96378007
  0.47264694 -0.35643935  0.40176918 -2.26653976  1.26126506 -0.15349511
  2.40250783  1.2332298   2.87793568 -1.05734175  2.10162645 -0.42993925
 -3.26816211  2.20328543  0.81153283  1.92876043 -1.28924336  1.4390379
 -2.12173177  0.2089393   0.08318065 -2.7905156  -0.90178132 -2.3931613
  0.07246137 -0.5690268 ]
Sat May 25 15:28:17 2024,277,0.09593862796730387,[-4.65747495  2.36669214 -1.84109234 -0.12396635  0.18678275 -2.68757747
  3.01259378  2.1057314   1.45527804 -0.9254678   0.61255676  1.09166467
  1.1319399  -1.54185711  0.77726461  2.80590486 -0.79805547 -0.63665396
 -1.7545121   0.60208625  1.67651285  2.99185308 -1.20888652 -0.31569809
 -2.42340741 -2.33800547  2.9945418   2.76328996 -0.54434404 -2.36486311
  1.48279895 -0.05857516 -2.31788347  2.09561617  1.28943454 -0.63868184
  0.84788788 -2.31891032 -0.02575308  2.15322038 -0.16369648  0.38871925
  2.71390111  1.04614169  2.46279422  3.16157115  2.64127761 -2.93951176
  0.26534227 -0.81563688  1.759007    2.86379396 -0.51104911 -2.31766824
  2.78720236 -3.21066677  0.79395422 -0.63488546 -1.74138196  2.69821563
 -1.80961229 -1.58808126 -2.3040727   2.18796611 -2.45120218  2.13545958
  2.07442974  1.53546912  2.38294761  2.80473339  1.6489183   1.19987101
 -1.51319507 -2.22919588  1.47128765  0.71206703  1.31355633 -3.01415735
 -0.37771913  2.51839119 -1.03588345  1.28744038  1.48327599  0.54463203
 -0.83301538  1.11500545  0.66829813 -0.38369298  2.804766   -1.99306413
  1.5380812  -0.48684069  1.09032508 -2.84983653 -2.45830643  0.45779919
 -1.16171251 -0.49467156  0.365287   -0.11116699 -1.65034785 -0.0411938
 -0.85953656  2.81155511 -1.0621918  -1.38029912 -0.94882034  1.07798593
  1.85218656 -0.69609573  1.97240274 -2.19418853 -0.34733127 -0.73269615
 -2.8900761   3.16489464 -1.6317824   3.13552011 -1.26600876 -2.70842815
  3.36217416 -1.23332714 -0.77645512 -2.88401571 -2.71722522  2.54574717
 -2.13661531 -2.04724136 -0.18163762  3.15004492  0.24663504  0.21364194
 -1.25021575 -0.67743986 -1.73393504 -3.03028804  2.87034115  1.23528653
 -0.48591048 -2.18851346  1.10975093 -1.10588516 -0.49040897 -2.73952867
 -2.06526919  1.86546409 -0.87398564  2.62187111 -0.45428196 -2.67149897
 -2.82034024  2.26187097 -3.14432086 -0.44522776 -1.00243759 -0.24663568
  2.3476649   1.8402147   0.0183672  -2.55285414 -2.658942    0.24434662
 -0.76647618  1.24507898 -2.62767897  1.12512922 -0.38395202  0.42081149
  1.91888464  0.45828288  0.65058188 -1.27160581  1.79149212  2.9397933
  0.99588434  0.22183036 -1.14188404  2.42292131  0.72689009 -1.90974161
 -0.05051182  1.87096991  0.98660662 -1.07992169 -2.30132689  2.22220726
  2.00421199  1.92814599  2.29711204  1.91577485 -1.66128038 -3.10377046
  0.4285997   1.34448842 -2.26289596 -1.12601733  2.31178366  1.39304046
 -0.27181751 -1.84438193 -1.64814557  1.96527365  1.30729226 -1.01180269
 -0.23069591 -0.69301522 -0.30343121  2.30243992 -0.66192235 -0.93551848
  0.77593519 -2.35278142  0.59023138  2.78427435 -0.35234148  2.0472541
 -1.86125781 -1.35332625 -2.59740881 -2.42281978 -1.50181655 -3.02904994
  2.01608297  1.78207247  1.58148868  1.12518709  1.58803122 -2.44432772
 -2.50716917  1.78916001  1.0341843  -0.29183391 -2.47720626  1.43119742
 -1.04415939 -3.0474848  -0.04719991  1.89764611 -2.70129188 -2.36830873
  1.87610907  1.02966018 -0.62599618 -0.49636807 -0.9214959   1.96380587
  0.47267274 -0.35641355  0.40174338 -2.26656556  1.26123926 -0.15346931
  2.40253363  1.2332556   2.87796148 -1.05736755  2.10165225 -0.42996505
 -3.26818791  2.20331123  0.81150703  1.92878623 -1.28921756  1.4390121
 -2.12175757  0.2089651   0.08320645 -2.7905414  -0.90180712 -2.3931355
  0.07248717 -0.5690526 ]
Sat May 25 15:28:42 2024,278,0.09593859853006884,[-4.65750006  2.36666703 -1.84106724 -0.12399145  0.18675764 -2.68760258
  3.01261889  2.10570629  1.45530315 -0.92544269  0.61253166  1.09168978
  1.13196501 -1.54188222  0.7772395   2.80592997 -0.79803037 -0.63667906
 -1.75448699  0.60211136  1.67648775  2.99187819 -1.20886141 -0.31567299
 -2.42343251 -2.33798036  2.99456691  2.76326485 -0.54436915 -2.36483801
  1.48277385 -0.05860026 -2.31785836  2.09564127  1.28940943 -0.63865674
  0.84786277 -2.31893543 -0.02577818  2.15324549 -0.16372159  0.38874435
  2.713876    1.0461668   2.46281933  3.16159626  2.64125251 -2.93953686
  0.26531716 -0.81561178  1.7589819   2.86381907 -0.511024   -2.31764314
  2.78722747 -3.21069187  0.79397933 -0.63486035 -1.74135685  2.69824074
 -1.80963739 -1.58805615 -2.30409781  2.18799122 -2.45122728  2.13543447
  2.07440464  1.53544401  2.38297272  2.8047585   1.6489434   1.19989612
 -1.51322018 -2.22922098  1.47131276  0.71204192  1.31358143 -3.01413224
 -0.37769402  2.51836608 -1.03590855  1.28746549  1.4833011   0.54460692
 -0.83299028  1.11503056  0.66827302 -0.38371809  2.80474089 -1.99308924
  1.53810631 -0.48681558  1.09029998 -2.84986163 -2.45828132  0.45782429
 -1.16168741 -0.49469667  0.36526189 -0.1111921  -1.65037296 -0.04121891
 -0.85956167  2.81158022 -1.06221691 -1.38027401 -0.94884545  1.07796083
  1.85216146 -0.69607062  1.97237763 -2.19416342 -0.34735638 -0.73267104
 -2.8901012   3.16486953 -1.6318075   3.13554522 -1.26598366 -2.70840305
  3.36219927 -1.23330204 -0.77648023 -2.88404081 -2.71720011  2.54577228
 -2.13664042 -2.04721625 -0.18161251  3.15001981  0.24660993  0.21366704
 -1.25024086 -0.67741476 -1.73396014 -3.03031315  2.87036626  1.23526143
 -0.48588538 -2.18853857  1.10977604 -1.10586005 -0.49043407 -2.73950357
 -2.06524408  1.86548919 -0.87396054  2.62189621 -0.45425685 -2.67152408
 -2.82031514  2.26189608 -3.14429575 -0.44520265 -1.00241248 -0.24666079
  2.34769     1.8401896   0.01834209 -2.55287925 -2.6589169   0.24437173
 -0.76645107  1.24510409 -2.62770408  1.12510411 -0.38397713  0.42083659
  1.91885953  0.45825777  0.65055678 -1.27163092  1.79146701  2.93976819
  0.99585924  0.22185547 -1.14190915  2.4228962   0.72686498 -1.90976672
 -0.05048671  1.8709448   0.98658151 -1.07989658 -2.301352    2.22218216
  2.00418688  1.9281711   2.29713715  1.91579996 -1.66130549 -3.10379557
  0.4285746   1.34451353 -2.26287086 -1.12604244  2.31180877  1.39301535
 -0.27184261 -1.84440704 -1.64817068  1.96529876  1.30726715 -1.01182779
 -0.2306708  -0.69299011 -0.3034061   2.30246503 -0.66189725 -0.93554359
  0.7759603  -2.35280652  0.59020627  2.78429946 -0.35236659  2.04722899
 -1.8612327  -1.35330115 -2.59743392 -2.42284488 -1.50179144 -3.02907504
  2.01610808  1.78204736  1.58151379  1.12521219  1.58805633 -2.44430261
 -2.50719428  1.78913491  1.03420941 -0.29180881 -2.47723136  1.43117231
 -1.04413428 -3.04745969 -0.0471748   1.89767122 -2.70126677 -2.36828362
  1.87613417  1.02963507 -0.62602129 -0.49639317 -0.92147079  1.96378076
  0.47264763 -0.35638844  0.40171827 -2.26659066  1.26126437 -0.1534442
  2.40250852  1.23323049  2.87798659 -1.05739266  2.10167736 -0.42993994
 -3.2681628   2.20333634  0.81148192  1.92881133 -1.28919245  1.43903721
 -2.12173246  0.20893999  0.08318135 -2.7905163  -0.90183223 -2.39311039
  0.07246206 -0.5690777 ]
Sat May 25 15:29:35 2024,279,0.09593857056603156,[-4.65752449  2.36669146 -1.84109167 -0.12396702  0.18678208 -2.68762701
  3.01264332  2.10568186  1.45527871 -0.92541825  0.61250722  1.09171421
  1.13194057 -1.54185778  0.77726393  2.80590553 -0.7980548  -0.6367035
 -1.75451142  0.60208692  1.67651218  2.99185375 -1.20888584 -0.31564855
 -2.42340808 -2.33800479  2.99459134  2.76324042 -0.54434471 -2.36481357
  1.48274941 -0.0586247  -2.3178828   2.09566571  1.28943386 -0.6386323
  0.84783834 -2.318911   -0.02575375  2.15326992 -0.16374602  0.38876879
  2.71385157  1.04619123  2.46284376  3.16162069  2.64122807 -2.93951243
  0.26529273 -0.81558734  1.75900633  2.86379463 -0.51104843 -2.31766757
  2.7872519  -3.21071631  0.79395489 -0.63483592 -1.74138129  2.69826517
 -1.80961296 -1.58803172 -2.30407337  2.18796678 -2.45120285  2.13541004
  2.07442907  1.53541958  2.38294828  2.80473407  1.64891897  1.19992056
 -1.51324462 -2.22919655  1.47128832  0.71201749  1.31360587 -3.01410781
 -0.37766959  2.51839052 -1.03588412  1.28748992  1.48332553  0.54458249
 -0.83301471  1.11500612  0.66824858 -0.38369366  2.80476533 -1.9930648
  1.53808187 -0.48679115  1.09032441 -2.84988607 -2.45830575  0.45779986
 -1.16171184 -0.49467223  0.36523746 -0.11116766 -1.6503974  -0.04119447
 -0.85953723  2.81160465 -1.06219247 -1.38029844 -0.94882101  1.07793639
  1.85213702 -0.69609506  1.97240206 -2.19418785 -0.34733194 -0.73264661
 -2.89012564  3.1648451  -1.63183194  3.13552079 -1.26595922 -2.70842748
  3.36217483 -1.23332647 -0.77650466 -2.88406525 -2.71722455  2.54579671
 -2.13661599 -2.04724069 -0.18163695  3.15004425  0.24663436  0.21369148
 -1.25021642 -0.67743919 -1.73393571 -3.03033758  2.87039069  1.23528586
 -0.48590981 -2.18851414  1.10975161 -1.10583561 -0.49040964 -2.739528
 -2.06526852  1.86551363 -0.8739361   2.62187178 -0.45428129 -2.67149964
 -2.8202907   2.26187165 -3.14427132 -0.44522709 -1.00243691 -0.24668522
  2.34766557  1.84016516  0.01831766 -2.55290368 -2.65894133  0.24439616
 -0.7664755   1.24512852 -2.62772852  1.12507968 -0.38400156  0.42081216
  1.91888397  0.45828221  0.65058121 -1.27160649  1.79149144  2.93974376
  0.99588367  0.2218799  -1.14193358  2.42287177  0.72684055 -1.90974228
 -0.05046228  1.87096924  0.98655707 -1.07987214 -2.30132757  2.22220659
  2.00421132  1.92819553  2.29711272  1.91577552 -1.66128106 -3.10382001
  0.42859903  1.34453796 -2.26289529 -1.12601801  2.31178434  1.39299092
 -0.27186705 -1.84443147 -1.64819511  1.9653232   1.30729159 -1.01185223
 -0.23064637 -0.69301454 -0.30343054  2.30244059 -0.66187281 -0.93551916
  0.77598473 -2.35278209  0.59018184  2.78432389 -0.35234215  2.04725342
 -1.86125714 -1.35332558 -2.59740949 -2.42286932 -1.501767   -3.02909948
  2.01613251  1.78202293  1.58153822  1.12523663  1.58803189 -2.44427818
 -2.50716985  1.78915934  1.03418497 -0.29178437 -2.4772558   1.43114788
 -1.04415872 -3.04748412 -0.04719923  1.89764679 -2.70129121 -2.36830805
  1.87610974  1.02961063 -0.62599686 -0.49636874 -0.92144636  1.9638052
  0.4726232  -0.35636401  0.40169384 -2.26656623  1.2612888  -0.15341977
  2.40253295  1.23320606  2.87801102 -1.05741709  2.10170179 -0.42991551
 -3.26818724  2.2033119   0.81145749  1.9287869  -1.28921688  1.43901277
 -2.12170803  0.20891556  0.08320578 -2.79054073 -0.90185666 -2.39308596
  0.0724865  -0.56910214]
Sat May 25 15:29:58 2024,280,0.09593854399830448,[-4.65754827  2.36671524 -1.84111545 -0.12394324  0.1867583  -2.68760323
  3.0126671   2.10570564  1.45525493 -0.92544203  0.612531    1.09173799
  1.13196435 -1.54188156  0.77724015  2.80592932 -0.79807858 -0.63672728
 -1.7545352   0.60206314  1.67653596  2.99182997 -1.20886206 -0.31567233
 -2.4233843  -2.33802857  2.99456756  2.7632642  -0.54436849 -2.36483735
  1.48277319 -0.05864848 -2.31790658  2.09564193  1.28941008 -0.63865608
  0.84781456 -2.31888721 -0.02572997  2.15324614 -0.16372224  0.38879257
  2.71387535  1.04616745  2.46286754  3.16159691  2.64120429 -2.93953621
  0.26526895 -0.81561112  1.75898255  2.86377085 -0.51102465 -2.31764379
  2.78727568 -3.21074009  0.79397867 -0.6348597  -1.74135751  2.69824139
 -1.80963674 -1.58800794 -2.30409715  2.18799056 -2.45122663  2.13543382
  2.07440529  1.5353958   2.38297206  2.80475785  1.64894275  1.19994434
 -1.51322084 -2.22917277  1.47126454  0.71199371  1.31358209 -3.01408403
 -0.37764581  2.5184143  -1.0359079   1.28746614  1.48330175  0.54460627
 -0.83303849  1.11498234  0.6682248  -0.38366988  2.80478911 -1.99304102
  1.53805809 -0.48681493  1.09034819 -2.84990985 -2.45828197  0.45782364
 -1.16168806 -0.49469601  0.36521368 -0.11119144 -1.65037362 -0.04117069
 -0.85956101  2.81158087 -1.06221625 -1.38027466 -0.94884479  1.07791261
  1.8521608  -0.69611884  1.97237828 -2.19421163 -0.34735572 -0.73262283
 -2.89010186  3.16482132 -1.63180816  3.13549701 -1.26593544 -2.7084037
  3.36219861 -1.23330269 -0.77652844 -2.88404147 -2.71724833  2.54577293
 -2.13659221 -2.04726447 -0.18166073  3.15002047  0.24665814  0.21371526
 -1.25019264 -0.67746297 -1.73391193 -3.0303138   2.87036691  1.23530964
 -0.48588603 -2.18853792  1.10972783 -1.10585939 -0.49038586 -2.73950422
 -2.0652923   1.86548985 -0.87391232  2.621848   -0.45425751 -2.67152342
 -2.82026692  2.26189543 -3.1442951  -0.44525087 -1.00246069 -0.24666144
  2.34764179  1.84018894  0.01834144 -2.5528799  -2.65891755  0.24437238
 -0.76649928  1.2451523  -2.62770474  1.12510346 -0.38402534  0.42083594
  1.91886019  0.45830599  0.65060499 -1.27158271  1.79146766  2.93976754
  0.99585989  0.22185612 -1.1419098   2.42284799  0.72686433 -1.90976606
 -0.0504385   1.87094546  0.98653329 -1.07989592 -2.30135135  2.22223037
  2.0042351   1.92821931  2.2971365   1.9157993  -1.66130484 -3.10384379
  0.42862281  1.34456174 -2.26287151 -1.12599423  2.31180812  1.39296714
 -0.27189083 -1.84440769 -1.64821889  1.96534698  1.30731537 -1.01187601
 -0.23067015 -0.69299076 -0.30340676  2.30246437 -0.66184903 -0.93554294
  0.77600851 -2.35280587  0.59015806  2.78430011 -0.35236593  2.0472772
 -1.86123336 -1.35334936 -2.59743327 -2.42284554 -1.50174322 -3.02912326
  2.01615629  1.78199915  1.58151444  1.12521285  1.58800811 -2.4442544
 -2.50719363  1.78918312  1.03416119 -0.29176059 -2.47723202  1.43117166
 -1.04413494 -3.0475079  -0.04722301  1.897623   -2.70126743 -2.36828427
  1.87608596  1.02958685 -0.62602064 -0.49634496 -0.92147014  1.96382898
  0.47264698 -0.35634023  0.40167006 -2.26659001  1.26131258 -0.15344355
  2.40250917  1.23322984  2.87798724 -1.05739331  2.10172557 -0.42989173
 -3.26821102  2.20333568  0.81143371  1.92881068 -1.2891931   1.43898899
 -2.12168425  0.20889178  0.083182   -2.79056451 -0.90188045 -2.39306218
  0.07246272 -0.56907836]
Sat May 25 15:30:22 2024,281,0.09593851875415574,[-4.65757142  2.36673839 -1.84109231 -0.12396638  0.18673515 -2.68762638
  3.01269025  2.10572878  1.45523179 -0.92541889  0.61250786  1.09171485
  1.1319875  -1.54190471  0.77721701  2.80595246 -0.79805544 -0.63670413
 -1.75455835  0.60208629  1.67655911  2.99180683 -1.20883892 -0.31569548
 -2.42340744 -2.33800543  2.99454441  2.76324105 -0.54439164 -2.36481421
  1.48279634 -0.05862533 -2.31788343  2.09566507  1.28943323 -0.63863294
  0.84779141 -2.31891036 -0.02570683  2.15326929 -0.16374539  0.38876942
  2.7138522   1.04614431  2.46289069  3.16162006  2.64122744 -2.93951306
  0.2652458  -0.81563427  1.75900569  2.863794   -0.5110478  -2.31766694
  2.78725254 -3.21071694  0.79400182 -0.63483655 -1.74133436  2.69826454
 -1.80965988 -1.58798479 -2.30407401  2.18801371 -2.45124978  2.13545696
  2.07442844  1.53537265  2.38294892  2.80478099  1.6489196   1.19992119
 -1.51324398 -2.22919591  1.4712414   0.71197056  1.31355894 -3.01406088
 -0.37766895  2.51839115 -1.03593104  1.28748929  1.4833249   0.54462941
 -0.83306164  1.1149592   0.66824795 -0.38364673  2.80476596 -1.99306417
  1.53808124 -0.48679178  1.09037134 -2.8498867  -2.45830512  0.4578005
 -1.16171121 -0.49467287  0.36519054 -0.1111683  -1.65035047 -0.04114755
 -0.85958416  2.81160402 -1.0622394  -1.38025152 -0.94882165  1.07793576
  1.85218395 -0.69609569  1.97240143 -2.19423478 -0.34733258 -0.73259968
 -2.89007871  3.16479817 -1.63178501  3.13547386 -1.2659123  -2.70842685
  3.36217547 -1.23332584 -0.7765053  -2.88401832 -2.71727147  2.54574979
 -2.13661535 -2.04728761 -0.18163758  3.14999732  0.246635    0.21369211
 -1.25021579 -0.67748612 -1.73388878 -3.03033695  2.87039005  1.23533279
 -0.48590918 -2.18856106  1.10975097 -1.10583625 -0.490409   -2.73948108
 -2.06526915  1.86551299 -0.87393547  2.62182485 -0.45423436 -2.67154657
 -2.82029007  2.26191857 -3.14431824 -0.44527401 -1.00243755 -0.24668458
  2.34761864  1.8401658   0.01836458 -2.55285676 -2.65894069  0.24439553
 -0.76652243  1.24517545 -2.62772788  1.12508031 -0.3840022   0.42081279
  1.91888333  0.45828284  0.65062814 -1.27160585  1.79144452  2.93979068
  0.99583675  0.22183298 -1.14193295  2.42287113  0.72684118 -1.90978921
 -0.05046164  1.8709686   0.98655644 -1.07991907 -2.3013282   2.22225352
  2.00421195  1.92819617  2.29711335  1.91582245 -1.66128169 -3.10386693
  0.42864595  1.34458489 -2.26284837 -1.12601737  2.31183126  1.39294399
 -0.27186768 -1.84438455 -1.64819575  1.96537012  1.30733851 -1.01185286
 -0.23064701 -0.69301391 -0.30338361  2.30244123 -0.66182589 -0.93551979
  0.77598537 -2.35282902  0.5901812   2.78427696 -0.35238908  2.04725406
 -1.86121021 -1.35332621 -2.59741012 -2.42286868 -1.50172008 -3.02910011
  2.01617944  1.781976    1.58153759  1.1251897   1.58803126 -2.44423125
 -2.50717048  1.78915998  1.03418434 -0.29178374 -2.47725516  1.43114852
 -1.04411179 -3.04753105 -0.04724616  1.89759986 -2.70129057 -2.36826113
  1.8761091   1.02956371 -0.62604378 -0.49632181 -0.92144699  1.96380583
  0.47262383 -0.35631708  0.4016932  -2.26661315  1.26133573 -0.15346669
  2.40253232  1.2332067   2.8779641  -1.05737017  2.10170243 -0.42991487
 -3.26818787  2.20331254  0.81145685  1.92883382 -1.28916996  1.43901214
 -2.12170739  0.20886864  0.08315885 -2.79054137 -0.90190359 -2.39308532
  0.07243957 -0.5691015 ]
Sat May 25 15:30:46 2024,282,0.09593849476477811,[-4.65759394  2.36671586 -1.84106978 -0.12398891  0.18671263 -2.68760385
  3.01271277  2.10570626  1.45520926 -0.92544142  0.61248533  1.09173737
  1.13201002 -1.54192723  0.77723954  2.80597499 -0.79807796 -0.63672666
 -1.75458088  0.60206376  1.67658163  2.9917843  -1.20881639 -0.31571801
 -2.42338492 -2.33802796  2.99456694  2.76326358 -0.54436911 -2.36483673
  1.48277381 -0.05860281 -2.31790596  2.0956876   1.28945575 -0.63861041
  0.84781394 -2.31893289 -0.02572935  2.15329182 -0.16372286  0.3887469
  2.71387473  1.04612178  2.46286816  3.16159753  2.64124996 -2.93949054
  0.26526833 -0.81561174  1.75898317  2.86381653 -0.51107033 -2.31768946
  2.78727507 -3.21073947  0.79402435 -0.63485908 -1.74131183  2.69824201
 -1.80963736 -1.58800732 -2.30409654  2.18799118 -2.4512723   2.13543443
  2.07440591  1.53535013  2.38297145  2.80475846  1.64889708  1.19994372
 -1.51322145 -2.22921844  1.47126392  0.71199309  1.31358147 -3.01403836
 -0.37769148  2.51836863 -1.03590852  1.28746676  1.48330237  0.54460689
 -0.83308416  1.11498172  0.66827048 -0.38366926  2.80478849 -1.99304164
  1.53810376 -0.48676926  1.09039386 -2.84986418 -2.45828259  0.45777797
 -1.16168868 -0.49469539  0.36521306 -0.11114577 -1.65032794 -0.04112502
 -0.85960669  2.81162654 -1.06226192 -1.38022899 -0.94879912  1.07791323
  1.85220647 -0.69611822  1.9723789  -2.19421225 -0.34735511 -0.73257715
 -2.89010124  3.1648207  -1.63180754  3.13549639 -1.26588977 -2.70844937
  3.36219799 -1.23330331 -0.77652782 -2.8839958  -2.71724894  2.54572726
 -2.13663788 -2.04731014 -0.18166011  3.14997479  0.24661247  0.21366958
 -1.25023831 -0.67746359 -1.73386626 -3.03031442  2.87036753  1.23535531
 -0.4859317  -2.18858359  1.1097735  -1.10581372 -0.49043153 -2.7395036
 -2.06524663  1.86549047 -0.87395799  2.62180233 -0.45425689 -2.67152404
 -2.82026754  2.26189604 -3.14429571 -0.44529654 -1.00241502 -0.24666206
  2.34759612  1.84014327  0.01834206 -2.55283423 -2.65896322  0.24441805
 -0.7664999   1.24519798 -2.62770535  1.12505779 -0.38397967  0.42079027
  1.91886081  0.45826032  0.65065066 -1.27162838  1.79142199  2.93981321
  0.99581422  0.22181045 -1.14191042  2.4228486   0.72686371 -1.90981173
 -0.05043912  1.87094607  0.98653391 -1.0799416  -2.30135073  2.22227604
  2.00418943  1.9282187   2.29709082  1.91579992 -1.66125917 -3.10388946
  0.42862343  1.34456236 -2.26287089 -1.1260399   2.31180873  1.39296652
 -0.27184516 -1.84440707 -1.64817322  1.96534759  1.30736104 -1.01187539
 -0.23066953 -0.69303643 -0.30336109  2.30246376 -0.66184841 -0.93549726
  0.77596284 -2.35285154  0.59015868  2.78425444 -0.35236655  2.04727659
 -1.86123274 -1.35330369 -2.59738759 -2.42284615 -1.50174261 -3.02912264
  2.01620196  1.78195347  1.58156011  1.12516717  1.58800873 -2.44425378
 -2.50719301  1.7891825   1.03420686 -0.29176121 -2.47727769  1.43117104
 -1.04408926 -3.04750852 -0.04726869  1.89762239 -2.70126805 -2.36828366
  1.87608658  1.02954118 -0.62606631 -0.49634434 -0.92142447  1.96382836
  0.4726013  -0.35629456  0.40171573 -2.26659063  1.26135826 -0.15344416
  2.40255484  1.23318417  2.87798662 -1.0573927   2.10172495 -0.4299374
 -3.2682104   2.20329001  0.81147938  1.9288113  -1.28914743  1.43903466
 -2.12168487  0.20889116  0.08313633 -2.79056389 -0.90192612 -2.39310785
  0.07241705 -0.56907897]
Sat May 25 15:31:10 2024,283,0.09593847196507255,[-4.65761587  2.36669393 -1.84104785 -0.12396698  0.1866907  -2.68758192
  3.01269085  2.10572818  1.45523119 -0.92546334  0.6124634   1.09171545
  1.1319881  -1.54190531  0.77726146  2.80599691 -0.79805604 -0.63674859
 -1.7546028   0.60208569  1.67655971  2.99176237 -1.20879446 -0.31573993
 -2.42340684 -2.33800603  2.99454501  2.76324165 -0.54434718 -2.36481481
  1.48279574 -0.05862473 -2.31792789  2.09566567  1.28947768 -0.63863234
  0.84783587 -2.31891096 -0.02575128  2.15326989 -0.16370093  0.38872497
  2.71389666  1.04609985  2.46289009  3.16161946  2.64122804 -2.93946861
  0.2652464  -0.81558981  1.75896124  2.86383845 -0.5110484  -2.31766754
  2.78729699 -3.21071754  0.79400242 -0.63488101 -1.74128991  2.69822008
 -1.80961543 -1.58802925 -2.30407461  2.18801311 -2.45129423  2.13545636
  2.07442784  1.53537205  2.38294952  2.80478039  1.648919    1.19996565
 -1.51324338 -2.22924037  1.47128585  0.71197116  1.31355954 -3.01406028
 -0.37771341  2.5183467  -1.03593044  1.28748869  1.4833243   0.54458496
 -0.83306224  1.11500365  0.66824855 -0.38369119  2.80481042 -1.99306357
  1.53812569 -0.48679118  1.09037194 -2.84984225 -2.45830452  0.4577999
 -1.16166675 -0.49467347  0.36523499 -0.1111677  -1.65030602 -0.04114695
 -0.85962861  2.81164847 -1.06224    -1.38020706 -0.94877719  1.0778913
  1.85218455 -0.69609629  1.97235697 -2.19423418 -0.34733318 -0.73259908
 -2.89012317  3.16484263 -1.63182947  3.13551832 -1.2659117  -2.7084713
  3.36221992 -1.23328138 -0.7765059  -2.88397387 -2.71722702  2.54570533
 -2.13661595 -2.04728821 -0.18168204  3.14999672  0.2466344   0.21369151
 -1.25021639 -0.67748552 -1.73384433 -3.03029249  2.8703456   1.23533339
 -0.48590978 -2.18860552  1.10975157 -1.1057918  -0.4904096  -2.73952553
 -2.06526855  1.86551239 -0.87393607  2.62182425 -0.45423496 -2.67154597
 -2.82028947  2.26187412 -3.14427379 -0.44527461 -1.00243695 -0.24668398
  2.34757419  1.84012134  0.01832013 -2.55285616 -2.65898515  0.24439613
 -0.76647797  1.24517605 -2.62768343  1.12507971 -0.38395774  0.42081219
  1.91888273  0.45828224  0.65067259 -1.27160645  1.79144392  2.93979128
  0.99579229  0.22183238 -1.14193235  2.42287053  0.72688564 -1.90983366
 -0.05041719  1.87092415  0.98655584 -1.07996352 -2.30137266  2.22225412
  2.00421135  1.92824062  2.2970689   1.91582185 -1.66123724 -3.10391139
  0.42864535  1.34458429 -2.26284897 -1.12601797  2.31183066  1.39298845
 -0.27186708 -1.844429   -1.64815129  1.96532567  1.30733911 -1.01189732
 -0.23069146 -0.69305836 -0.30333916  2.30244183 -0.66187034 -0.93551919
  0.77598477 -2.35282962  0.59013675  2.78427636 -0.35238848  2.04725466
 -1.86125467 -1.35332561 -2.59736567 -2.42282423 -1.50172068 -3.02910071
  2.01622389  1.7819754   1.58153819  1.12514525  1.58803066 -2.44427571
 -2.50721494  1.78916058  1.03422879 -0.29178314 -2.47725576  1.43114912
 -1.04406734 -3.04753045 -0.04729061  1.89760046 -2.70128997 -2.36826173
  1.87606465  1.02951925 -0.62604438 -0.49632241 -0.92144639  1.96385029
  0.47257938 -0.35627263  0.40173766 -2.26661255  1.26138018 -0.15342224
  2.40253292  1.23316224  2.87800855 -1.05737077  2.10170303 -0.42991547
 -3.26818847  2.20331194  0.81150131  1.92878937 -1.28916936  1.43901274
 -2.12170679  0.20891309  0.08315825 -2.79054197 -0.90190419 -2.39312978
  0.07239512 -0.56905705]
Sat May 25 15:31:34 2024,284,0.09593845029343753,[-4.65763722  2.36671528 -1.8410692  -0.12394564  0.18671204 -2.68760327
  3.01271219  2.10574953  1.45520984 -0.92548469  0.61248475  1.0916941
  1.13196675 -1.54192665  0.77724012  2.80601826 -0.79807738 -0.63676993
 -1.75462415  0.60206434  1.67653836  2.99178372 -1.20877312 -0.31571859
 -2.4233855  -2.33798468  2.99452367  2.763263   -0.54432584 -2.36479346
  1.48281708 -0.05864608 -2.31790654  2.09564433  1.28945634 -0.63865368
  0.84781452 -2.3189323  -0.02577262  2.15329123 -0.16372228  0.38874631
  2.713918    1.04607851  2.46286874  3.1616408   2.64124938 -2.93944727
  0.26526775 -0.81556847  1.75893989  2.8638598  -0.51102705 -2.31768888
  2.78731834 -3.2106962   0.79402376 -0.63490235 -1.74126856  2.69819874
 -1.80963677 -1.58805059 -2.30405326  2.18799176 -2.45131557  2.13543502
  2.07444918  1.53535071  2.38292818  2.80475905  1.64889766  1.1999443
 -1.51326473 -2.22926171  1.4713072   0.71194982  1.31358089 -3.01408163
 -0.37769206  2.51832535 -1.03595179  1.28751003  1.48330295  0.54456362
 -0.83308358  1.115025    0.6682272  -0.38371253  2.80478907 -1.99308491
  1.53810435 -0.48676984  1.09039328 -2.84986359 -2.45828317  0.45777855
 -1.16164541 -0.49469481  0.36525633 -0.11114635 -1.65032736 -0.04116829
 -0.85964996  2.81166982 -1.06221865 -1.38018572 -0.94879854  1.07791265
  1.85220589 -0.69611764  1.97237832 -2.19425552 -0.34735452 -0.73262043
 -2.89014451  3.16482128 -1.63185081  3.13549697 -1.26593304 -2.70849265
  3.36219858 -1.23326004 -0.77652724 -2.88399521 -2.71720567  2.54572668
 -2.13659461 -2.04726687 -0.18166069  3.15001807  0.24661305  0.21367017
 -1.25019504 -0.67746417 -1.73382298 -3.03027115  2.87036694  1.23535473
 -0.48588843 -2.18858417  1.10973023 -1.10581314 -0.49038826 -2.73950419
 -2.06524721  1.86549105 -0.87395741  2.6218456  -0.45425631 -2.67152462
 -2.82031081  2.26185277 -3.14425244 -0.44529596 -1.00245829 -0.24670533
  2.34759553  1.8401      0.01829878 -2.5528775  -2.65900649  0.24437478
 -0.76645663  1.24519739 -2.62766208  1.12505837 -0.3839364   0.42079085
  1.91890408  0.45830359  0.65069393 -1.27158511  1.79142257  2.93976994
  0.99577095  0.22181103 -1.141911    2.42289188  0.72686429 -1.90981232
 -0.05039585  1.87094549  0.98657718 -1.07994218 -2.30135131  2.22227546
  2.00419001  1.92821928  2.29704755  1.91584319 -1.66121589 -3.10389004
  0.4286667   1.34456294 -2.26282762 -1.12599663  2.31180932  1.3929671
 -0.27188843 -1.84440766 -1.64812995  1.96530432  1.30736046 -1.01187597
 -0.23067012 -0.69303702 -0.30331781  2.30246317 -0.661849   -0.93549785
  0.77596342 -2.35285096  0.59011541  2.78425502 -0.35240982  2.04723331
 -1.86127601 -1.35330427 -2.59734432 -2.42284557 -1.50174202 -3.02907937
  2.01624524  1.78195406  1.58155953  1.12516659  1.588052   -2.44425436
 -2.50723628  1.78918192  1.03420745 -0.29180448 -2.47727711  1.43117046
 -1.04404599 -3.04750911 -0.04731196  1.89757912 -2.70126863 -2.36828307
  1.87608599  1.0295406  -0.62606573 -0.49630107 -0.92146774  1.96387163
  0.47260072 -0.35629397  0.401759   -2.2666339   1.26140153 -0.15340089
  2.40251157  1.2331409   2.87798721 -1.05739211  2.10168168 -0.42989413
 -3.26820982  2.20329059  0.81147997  1.92876803 -1.28914801  1.43903408
 -2.12168545  0.20893443  0.08313691 -2.79056331 -0.90192553 -2.39310843
  0.07241646 -0.56907839]
Sat May 25 15:32:03 2024,285,0.0959384296915796,[-4.65765799  2.3666945  -1.84104842 -0.12392486  0.18669126 -2.68762405
  3.01273297  2.10572875  1.45518906 -0.92546391  0.61250553  1.09171488
  1.13198753 -1.54194743  0.7772609   2.80603904 -0.7980566  -0.63679071
 -1.75464493  0.60204357  1.67655914  2.9918045  -1.20875234 -0.31569781
 -2.42340628 -2.33800546  2.99454445  2.76328378 -0.54434662 -2.36477268
  1.48283786 -0.05866686 -2.31788577  2.09566511  1.28947712 -0.63863291
  0.84779375 -2.31895308 -0.0257934   2.15331201 -0.16374306  0.38876709
  2.71393878  1.04609929  2.46284797  3.16166158  2.64127016 -2.93942649
  0.26528853 -0.81558925  1.75896067  2.86383902 -0.51104783 -2.3176681
  2.78733912 -3.21067542  0.79400299 -0.63488158 -1.74128934  2.69817796
 -1.80965755 -1.58807137 -2.30403249  2.18801254 -2.45133635  2.1354558
  2.07446996  1.53532993  2.3829074   2.80473827  1.64887688  1.19996508
 -1.51324395 -2.22928249  1.47132797  0.71192904  1.31356011 -3.01410241
 -0.37771284  2.51834613 -1.03597257  1.28753081  1.48332373  0.54454284
 -0.8330628   1.11500422  0.66824798 -0.38373331  2.80480985 -1.99306414
  1.53808357 -0.48674906  1.0903725  -2.84988437 -2.4582624   0.45775777
 -1.16162463 -0.49467403  0.36527711 -0.11116713 -1.65030658 -0.04114751
 -0.85962918  2.81169059 -1.06223943 -1.38016494 -0.94881932  1.07793342
  1.85218511 -0.69609686  1.97235754 -2.19423475 -0.3473753  -0.73259965
 -2.89012373  3.16480051 -1.63183003  3.1354762  -1.26595382 -2.70851342
  3.3621778  -1.23323926 -0.77654802 -2.88401599 -2.71722645  2.5457059
 -2.13661539 -2.04728765 -0.18163992  3.15003884  0.24663383  0.21369095
 -1.25021582 -0.67748495 -1.73380221 -3.03025037  2.87034617  1.23537551
 -0.48586765 -2.18860495  1.109751   -1.10579236 -0.49036748 -2.73948341
 -2.06526799  1.86551183 -0.87397819  2.62186638 -0.45427708 -2.67150385
 -2.82029003  2.26187355 -3.14423166 -0.44531674 -1.00243752 -0.24668455
  2.34757476  1.84012078  0.01827801 -2.55289828 -2.65902727  0.24439556
 -0.76647741  1.24521817 -2.6276413   1.12507915 -0.38395717  0.42077007
  1.91892486  0.45828281  0.65067316 -1.27160588  1.7914018   2.93979072
  0.99579173  0.22183181 -1.14193178  2.4228711   0.72688507 -1.90983309
 -0.05041662  1.87096627  0.98659796 -1.07996296 -2.30137209  2.22229624
  2.00421079  1.9281985   2.29706833  1.91582241 -1.66123667 -3.10391082
  0.42864592  1.34454216 -2.26280684 -1.12597585  2.31183009  1.39294633
 -0.27186765 -1.84442844 -1.64810917  1.96528354  1.30733968 -1.01189675
 -0.23064934 -0.69301624 -0.30329704  2.3024424  -0.66186978 -0.93551863
  0.77594265 -2.35287174  0.59013618  2.78423424 -0.35238904  2.04725409
 -1.86129679 -1.35328349 -2.59732354 -2.42282479 -1.50172125 -3.02910015
  2.01626601  1.78193328  1.58158031  1.12518737  1.58807278 -2.44427514
 -2.50725706  1.7892027   1.03418667 -0.2917837  -2.47725633  1.43114968
 -1.04402521 -3.04752988 -0.04729118  1.89755834 -2.70124785 -2.36830385
  1.87610677  1.02951982 -0.62604495 -0.49632185 -0.92148852  1.96389241
  0.4726215  -0.3562732   0.40173822 -2.26661312  1.26142231 -0.15338012
  2.40253235  1.23316167  2.87800799 -1.05737134  2.10170246 -0.4299149
 -3.2682306   2.20331137  0.81145919  1.9287888  -1.28912724  1.43905486
 -2.12170623  0.20891366  0.08311613 -2.79054253 -0.90194631 -2.39308766
  0.07243724 -0.56905761]
Sat May 25 15:32:27 2024,286,0.0959384101043271,[-4.65767822  2.36671473 -1.84102819 -0.12394509  0.18667104 -2.68764427
  3.01271274  2.10570852  1.45520929 -0.92548414  0.6124853   1.09173511
  1.13200776 -1.54196766  0.77724067  2.80601881 -0.79807683 -0.63681094
 -1.75466515  0.60202334  1.67653891  2.99178427 -1.20873212 -0.31571804
 -2.42338605 -2.33802569  2.99456468  2.76326355 -0.54436684 -2.36479291
  1.48281763 -0.05864663 -2.31790599  2.09568533  1.28945689 -0.63861268
  0.84777352 -2.31893285 -0.02581363  2.15329178 -0.16376328  0.38874686
  2.71391855  1.04611951  2.46282774  3.16168181  2.64129039 -2.93944671
  0.26530875 -0.81560947  1.75894044  2.86381879 -0.51106806 -2.31768833
  2.78735934 -3.21069565  0.79398276 -0.63486135 -1.74126911  2.69815773
 -1.80967778 -1.5880916  -2.30405271  2.18799231 -2.45135658  2.13547602
  2.07449019  1.5353097   2.38288717  2.8047585   1.64889711  1.19998531
 -1.51326417 -2.22926226  1.47130775  0.71194927  1.31358034 -3.01412263
 -0.37769261  2.51836636 -1.03599279  1.28751058  1.4833035   0.54452261
 -0.83308303  1.11502444  0.66826821 -0.38371308  2.80478962 -1.99308436
  1.53806334 -0.48672883  1.09039273 -2.8499046  -2.45828262  0.457778
 -1.1616044  -0.49465381  0.36525688 -0.11118736 -1.65028636 -0.04112729
 -0.85964941  2.81167037 -1.06225966 -1.38018517 -0.94883954  1.07795365
  1.85220534 -0.69607663  1.97233731 -2.19425497 -0.34735508 -0.73261987
 -2.89010351  3.16482073 -1.63180981  3.13545597 -1.26593359 -2.7084932
  3.36219803 -1.23325949 -0.77656825 -2.88399576 -2.71720622  2.54568567
 -2.13659516 -2.04726742 -0.18166014  3.15001862  0.24665406  0.21371117
 -1.25019559 -0.67746472 -1.73378198 -3.03023014  2.87032594  1.23539574
 -0.48584743 -2.18858472  1.10973078 -1.10581259 -0.49038771 -2.73946318
 -2.06524776  1.86553205 -0.87395796  2.62184615 -0.45425686 -2.67148362
 -2.82026981  2.26189378 -3.14421144 -0.44529651 -1.00241729 -0.24670478
  2.34759498  1.84010055  0.01825778 -2.55287805 -2.65900704  0.24437533
 -0.76645718  1.24519794 -2.62766153  1.12505892 -0.3839774   0.4207903
  1.91894508  0.45826258  0.65069338 -1.27158566  1.79138157  2.93977049
  0.99581195  0.22185204 -1.14191155  2.42289133  0.7269053  -1.90985332
 -0.0503964   1.87094604  0.98657773 -1.07994273 -2.30139232  2.22231647
  2.00423101  1.92821873  2.29708856  1.91580219 -1.66121644 -3.10393105
  0.42862569  1.34456239 -2.26278662 -1.12595562  2.31180987  1.39296655
 -0.27184742 -1.84440821 -1.64808894  1.96530377  1.30731945 -1.01187653
 -0.23066957 -0.69299601 -0.30331726  2.30242217 -0.66189    -0.9354984
  0.77596287 -2.35285151  0.59011596  2.78421402 -0.35236882  2.04727432
 -1.86127656 -1.35326327 -2.59730332 -2.42280457 -1.50170102 -3.02907992
  2.01624579  1.78195351  1.58156008  1.1252076   1.58805255 -2.44429537
 -2.50723683  1.78918247  1.03416644 -0.29176348 -2.47727656  1.43112945
 -1.04400499 -3.04750966 -0.04727095  1.89757857 -2.70122762 -2.36828362
  1.876127    1.02949959 -0.62602472 -0.49630162 -0.92146829  1.96391264
  0.47264173 -0.35629342  0.401718   -2.26663335  1.26144253 -0.15335989
  2.40251212  1.23314145  2.87798776 -1.05735111  2.10168223 -0.42993513
 -3.26825082  2.20329114  0.81143896  1.92876858 -1.28910701  1.43907509
 -2.121686    0.20893388  0.08309591 -2.79056276 -0.90196654 -2.39310788
  0.07241701 -0.56903739]
Sat May 25 15:32:50 2024,287,0.09593839147945825,[-4.65769791  2.36669503 -1.84104788 -0.1239254   0.18669073 -2.68766397
  3.01273243  2.10568883  1.4551896  -0.92546445  0.61250499  1.09171541
  1.13202745 -1.54198735  0.77722098  2.8060385  -0.79809652 -0.63683063
 -1.75468484  0.60200365  1.6765586   2.99176458 -1.20875181 -0.31569835
 -2.42336636 -2.338006    2.99458437  2.76324386 -0.54438654 -2.36477322
  1.48283732 -0.05862694 -2.31792569  2.09566564  1.28947658 -0.63859299
  0.84779321 -2.31891316 -0.02583332  2.15331148 -0.16378298  0.38876656
  2.71393824  1.04613921  2.46280805  3.1617015   2.64127069 -2.93942702
  0.26528906 -0.81558978  1.75896014  2.8637991  -0.51108775 -2.31766864
  2.78737904 -3.21071534  0.79396307 -0.63488104 -1.74128881  2.69817742
 -1.80969747 -1.5880719  -2.30403302  2.188012   -2.45133689  2.13545633
  2.07450988  1.53529001  2.38286748  2.80477819  1.6489168   1.200005
 -1.51324448 -2.22928196  1.47132744  0.71196896  1.31356064 -3.01410294
 -0.37771231  2.51834667 -1.0359731   1.28749089  1.48328381  0.54450292
 -0.83306334  1.11504414  0.66824852 -0.38369339  2.80476993 -1.99310406
  1.53808303 -0.48670914  1.09041242 -2.84988491 -2.45830231  0.45775831
 -1.16158471 -0.49463411  0.36527658 -0.11120705 -1.65030605 -0.04114698
 -0.85962971  2.81169006 -1.06227935 -1.38020486 -0.94885924  1.07797334
  1.85218565 -0.69609632  1.972357   -2.19427467 -0.34737477 -0.73260018
 -2.8901232   3.16480104 -1.6318295   3.13543628 -1.26595328 -2.7084735
  3.36221772 -1.23323979 -0.77654855 -2.88401546 -2.71718653  2.54570536
 -2.13657547 -2.04728711 -0.18164045  3.14999892  0.24663437  0.21373087
 -1.2501759  -0.67744503 -1.73376229 -3.03024983  2.87030625  1.23541543
 -0.48582773 -2.18856503  1.10975047 -1.1057929  -0.4904074  -2.73944349
 -2.06526745  1.86551236 -0.87393827  2.62182646 -0.45427655 -2.67146393
 -2.8202895   2.26191347 -3.14423113 -0.44527682 -1.0023976  -0.24672447
  2.34757529  1.84012024  0.01823809 -2.55289774 -2.65898735  0.24435564
 -0.76647687  1.24517825 -2.62764184  1.12503923 -0.38395771  0.42080999
  1.91896477  0.45824289  0.65067369 -1.27160535  1.79140126  2.93979018
  0.99579226  0.22187173 -1.14189186  2.42291102  0.72692499 -1.90983363
 -0.0503767   1.87092635  0.98659743 -1.07996242 -2.30137263  2.22233616
  2.00421132  1.92823842  2.29710825  1.91578249 -1.66123614 -3.10391135
  0.428606    1.3445427  -2.26280631 -1.12593593  2.31182956  1.39298625
 -0.27182773 -1.8444279  -1.64810864  1.96532346  1.30733914 -1.01185683
 -0.23068926 -0.6930157  -0.30333695  2.30244186 -0.66190969 -0.93551809
  0.77598257 -2.35283182  0.59013565  2.78423371 -0.35238851  2.04729401
 -1.86125687 -1.35328296 -2.59728362 -2.42278487 -1.50168133 -3.02909961
  2.01626548  1.7819732   1.58154039  1.12522729  1.58807225 -2.44431506
 -2.50725652  1.78916278  1.03414675 -0.29178317 -2.47725686  1.43114915
 -1.04398529 -3.04752935 -0.04725126  1.89755887 -2.70124732 -2.36830332
  1.87610731  1.0294799  -0.62604441 -0.49628193 -0.9214486   1.96393233
  0.47262203 -0.35631312  0.40173769 -2.26665304  1.26142284 -0.15337958
  2.40253182  1.23312175  2.87796807 -1.05733142  2.10166254 -0.42991544
 -3.26823113  2.20327145  0.81141927  1.92878827 -1.28908732  1.43909478
 -2.12166631  0.20891419  0.0831156  -2.79054307 -0.90198623 -2.39312758
  0.07239732 -0.56905708]
Sat May 25 15:33:13 2024,288,0.09593837376753893,[-4.65771708  2.36667586 -1.84102871 -0.12390622  0.1867099  -2.68768314
  3.01271326  2.10566966  1.45517043 -0.92544527  0.61248582  1.09173459
  1.13200828 -1.54200652  0.7772018   2.80605767 -0.79807735 -0.63681146
 -1.75466567  0.60198447  1.67653943  2.9917454  -1.20873264 -0.31571752
 -2.42334719 -2.33798683  2.99460354  2.76322469 -0.54440571 -2.36479239
  1.48281815 -0.05860776 -2.31790651  2.09564647  1.28949575 -0.63861216
  0.84777404 -2.31889399 -0.02581415  2.1532923  -0.16380215  0.38874738
  2.71395742  1.04615838  2.46278887  3.16168233  2.64128987 -2.93940785
  0.26526989 -0.81557061  1.75894097  2.86377993 -0.51106858 -2.31768781
  2.78735986 -3.21069617  0.79394389 -0.63490021 -1.74126963  2.69815825
 -1.80971664 -1.58809108 -2.30401385  2.18799283 -2.45135606  2.1354755
  2.07452905  1.53530918  2.38288665  2.80475902  1.64893597  1.20002417
 -1.51326365 -2.22930113  1.47134661  0.71194979  1.31357982 -3.01408377
 -0.37773148  2.51836584 -1.03595393  1.28747172  1.48326464  0.54448375
 -0.83304417  1.11502496  0.66826769 -0.38367422  2.80475076 -1.99312323
  1.53806386 -0.48672831  1.09039325 -2.84986573 -2.45832149  0.45777748
 -1.16160388 -0.49461494  0.36529575 -0.11118788 -1.65032522 -0.04116615
 -0.85961054  2.81167089 -1.06226018 -1.38022403 -0.94887841  1.07795417
  1.85216648 -0.69607715  1.97233783 -2.19425549 -0.34739394 -0.73258101
 -2.89010403  3.16478187 -1.63184867  3.1354171  -1.26593411 -2.70845433
  3.36223689 -1.23325897 -0.77656773 -2.88403463 -2.7172057   2.54568619
 -2.13659464 -2.04726794 -0.18162128  3.14997975  0.24665354  0.21375004
 -1.25015673 -0.6774642  -1.73374311 -3.03023066  2.87028707  1.23539626
 -0.48584691 -2.18854586  1.1097313  -1.10581207 -0.49042657 -2.73942432
 -2.06524828  1.86549319 -0.87395744  2.62184563 -0.45425738 -2.6714831
 -2.82030867  2.2618943  -3.14421196 -0.44525764 -1.00237843 -0.24674364
  2.34759446  1.84013941  0.01821891 -2.55287857 -2.65896818  0.24433647
 -0.76649604  1.24515908 -2.62762267  1.12502006 -0.38393854  0.42082916
  1.91898395  0.45822372  0.65065452 -1.27158618  1.79142043  2.93980935
  0.99577309  0.2218909  -1.14187269  2.42289185  0.72690582 -1.90981446
 -0.05035753  1.87090718  0.9866166  -1.07994325 -2.30135345  2.22235533
  2.00419215  1.92825759  2.29712742  1.91580167 -1.66121696 -3.10393053
  0.42858683  1.34456187 -2.26282548 -1.12591676  2.31181039  1.39300542
 -0.2718469  -1.84440873 -1.64812781  1.96534263  1.30731997 -1.01187601
 -0.23067009 -0.69303488 -0.30335613  2.30246103 -0.66192887 -0.93549892
  0.77596339 -2.35285099  0.59015482  2.78421454 -0.35236934  2.04727484
 -1.86127604 -1.35330213 -2.59726445 -2.42280405 -1.50166215 -3.02908044
  2.01624631  1.78195403  1.58152122  1.12524646  1.58805307 -2.44429589
 -2.5072757   1.78918195  1.03416592 -0.291764   -2.47723769  1.43112997
 -1.04396612 -3.04751018 -0.04723209  1.89757804 -2.70122814 -2.36832249
  1.87608813  1.02946073 -0.62606358 -0.4963011  -0.92146777  1.9639515
  0.47264121 -0.35629394  0.40171852 -2.26667221  1.26144201 -0.15339875
  2.40251264  1.23314093  2.87798724 -1.05735059  2.10164337 -0.42989627
 -3.2682503   2.20329062  0.81143844  1.9287691  -1.28910649  1.43907561
 -2.12168548  0.20889502  0.08309643 -2.79056224 -0.9020054  -2.3931084
  0.07241649 -0.56907625]
Sat May 25 15:34:18 2024,289,0.09593835692176857,[-4.65773575  2.36669453 -1.84101004 -0.12392489  0.18672857 -2.68766447
  3.01269459  2.10568833  1.45515176 -0.92546394  0.61250449  1.09175325
  1.13202694 -1.54198785  0.77722047  2.80607634 -0.79809602 -0.63679279
 -1.75464701  0.60200314  1.6765581   2.99172674 -1.20871397 -0.31573618
 -2.42332852 -2.33800549  2.99462221  2.76324335 -0.54442437 -2.36481106
  1.48279949 -0.05862643 -2.31788785  2.09566514  1.28951442 -0.63859349
  0.84779271 -2.31887532 -0.02579548  2.15327364 -0.16382081  0.38876605
  2.71393875  1.04613971  2.46280754  3.16166366  2.64130853 -2.93938918
  0.26525122 -0.81558927  1.75895963  2.86379859 -0.51104991 -2.31770648
  2.7873412  -3.2106775   0.79396256 -0.63491888 -1.74125097  2.69817692
 -1.80969798 -1.58807241 -2.30399518  2.18797417 -2.45133739  2.13549417
  2.07451038  1.53532785  2.38290532  2.80474035  1.64891731  1.20000551
 -1.51324499 -2.22931979  1.47136528  0.71193112  1.31356115 -3.01410244
 -0.37771281  2.51834717 -1.03593526  1.28749038  1.48328331  0.54450241
 -0.83306283  1.11504363  0.66828636 -0.38369289  2.80476943 -1.99310456
  1.53808253 -0.48674698  1.09041192 -2.8498844  -2.45834015  0.45779615
 -1.16158521 -0.49463361  0.36527708 -0.11120655 -1.65034389 -0.04114748
 -0.85959188  2.81165222 -1.06227884 -1.38020537 -0.94889707  1.07797284
  1.85218514 -0.69605848  1.97231916 -2.19423683 -0.34741261 -0.73259968
 -2.89008536  3.16480054 -1.63183     3.13539844 -1.26595278 -2.70843567
  3.36225556 -1.2332403  -0.77658639 -2.88401596 -2.71718704  2.54566752
 -2.1366133  -2.04724927 -0.18163995  3.14996109  0.24663487  0.2137687
 -1.25017539 -0.67748287 -1.73376178 -3.030212    2.87030574  1.23537759
 -0.48586557 -2.18852719  1.10971263 -1.1057934  -0.49044524 -2.73944298
 -2.06522961  1.86551186 -0.87393877  2.62182696 -0.45423871 -2.67150177
 -2.82029     2.26187563 -3.14423062 -0.44523898 -1.00235976 -0.24672498
  2.34761313  1.84012075  0.01823758 -2.55285991 -2.65898685  0.2443178
 -0.76651471  1.24517775 -2.62764133  1.12503872 -0.3839572   0.4208105
  1.91900261  0.45820505  0.65067319 -1.27160484  1.7914391   2.93979069
  0.99579175  0.22190957 -1.14185402  2.42291051  0.72688715 -1.90983312
 -0.05033886  1.87092584  0.98659793 -1.07996192 -2.30133479  2.22233666
  2.00421082  1.92827626  2.29714609  1.915783   -1.66123563 -3.10391186
  0.42856816  1.34458054 -2.26280681 -1.12589809  2.31182905  1.39302409
 -0.27182824 -1.84439006 -1.64814648  1.9653613   1.30733864 -1.01185734
 -0.23068875 -0.69301621 -0.30337479  2.3024797  -0.66194753 -0.93551758
  0.77594473 -2.35286966  0.59013615  2.78419587 -0.352388    2.04725617
 -1.86125737 -1.3533208  -2.59728312 -2.42282271 -1.50164349 -3.02906177
  2.01626497  1.78197269  1.58150255  1.12526513  1.58803441 -2.44427722
 -2.50729436  1.78916328  1.03414725 -0.29178266 -2.47721903  1.43111131
 -1.04394746 -3.04749151 -0.04725076  1.89755938 -2.70120948 -2.36830382
  1.8761068   1.0294794  -0.62604492 -0.49631977 -0.92148644  1.96397017
  0.47262254 -0.35627528  0.40173718 -2.26669088  1.26146068 -0.15338009
  2.40249398  1.23315959  2.8780059  -1.05733192  2.1016247  -0.4298776
 -3.26826897  2.20327196  0.81145711  1.92878776 -1.28912516  1.43909427
 -2.12170415  0.20891369  0.08311509 -2.79054357 -0.90198674 -2.39308974
  0.07239783 -0.56909492]
Sat May 25 15:34:42 2024,290,0.09593834089783436,[-4.65775393  2.3667127  -1.84102822 -0.12390672  0.18674674 -2.68768265
  3.01271277  2.10567015  1.45513359 -0.92544577  0.61252266  1.09173508
  1.13204512 -1.54200603  0.7772023   2.80609452 -0.79811419 -0.63681097
 -1.75462883  0.60202132  1.67657627  2.99174491 -1.20873214 -0.31575436
 -2.42334669 -2.33798732  2.99464038  2.76326153 -0.5444062  -2.36479288
  1.48281766 -0.05864461 -2.31786967  2.09568331  1.28953259 -0.63861167
  0.84781088 -2.31885715 -0.02577731  2.15329181 -0.16380264  0.38878423
  2.71395693  1.04612154  2.46282572  3.16164549  2.64132671 -2.93940736
  0.2652694  -0.8155711   1.75894146  2.86378042 -0.51106809 -2.31772465
  2.78735937 -3.21065933  0.79398074 -0.6349007  -1.74123279  2.69815874
 -1.80971615 -1.58805423 -2.30397701  2.18795599 -2.45131922  2.13551234
  2.07452856  1.53534603  2.38292349  2.80472218  1.64889913  1.19998733
 -1.51322681 -2.22930162  1.4713471   0.7119493   1.31357933 -3.01412061
 -0.37773099  2.518329   -1.03591709  1.28747221  1.48326513  0.54452059
 -0.83308101  1.11506181  0.66826818 -0.38367471  2.80475125 -1.99312274
  1.5381007  -0.48676516  1.09043009 -2.84986622 -2.45835833  0.45781432
 -1.16160339 -0.49465178  0.36525891 -0.11122472 -1.65032571 -0.04116566
 -0.85961005  2.8116704  -1.06229702 -1.38018719 -0.9488789   1.07795466
  1.85220332 -0.69607666  1.97233734 -2.19421865 -0.34743078 -0.7325815
 -2.89010354  3.16481871 -1.63181183  3.13541661 -1.26597095 -2.70845384
  3.36223738 -1.23322212 -0.77656822 -2.88403414 -2.71716886  2.5456857
 -2.13663148 -2.0472311  -0.18162177  3.14994291  0.24665305  0.21375053
 -1.25019357 -0.67750104 -1.73374361 -3.03023017  2.87028757  1.23539576
 -0.4858474  -2.18850902  1.1097308  -1.10581158 -0.49046342 -2.73946116
 -2.06521144  1.86553003 -0.8739206   2.62184514 -0.45425688 -2.67151994
 -2.82027183  2.26189381 -3.14421245 -0.44525715 -1.00234158 -0.2467068
  2.3476313   1.84013892  0.01825576 -2.55287808 -2.65900502  0.24433598
 -0.76653288  1.24515957 -2.62765951  1.1250569  -0.38397538  0.42082867
  1.91902079  0.45818688  0.65069136 -1.27158667  1.79145728  2.93980886
  0.99580993  0.22192774 -1.14183585  2.42289234  0.72686898 -1.90981495
 -0.05035704  1.87094402  0.98661611 -1.07994374 -2.30131661  2.22235484
  2.00422899  1.92829444  2.29712791  1.91576482 -1.66121746 -3.10393003
  0.42858634  1.34459871 -2.26278864 -1.12591627  2.31184723  1.39300591
 -0.27184641 -1.84437189 -1.6481283   1.96537948  1.30732046 -1.01183916
 -0.23070693 -0.69303439 -0.30339297  2.30249787 -0.66196571 -0.93549941
  0.7759629  -2.35285148  0.59011798  2.78421404 -0.35240618  2.047238
 -1.86127555 -1.35333897 -2.59730129 -2.42284089 -1.50166166 -3.0290436
  2.01628315  1.78195452  1.58148438  1.12524695  1.58805258 -2.4442954
 -2.50731254  1.78914511  1.03416543 -0.29176449 -2.47720085  1.43109313
 -1.04392928 -3.04750968 -0.04723258  1.89757755 -2.7011913  -2.36828565
  1.87608863  1.02946122 -0.62606309 -0.49633794 -0.92150461  1.96395199
  0.47260436 -0.3562571   0.40171901 -2.2666727   1.26147885 -0.15336191
  2.4024758   1.23317777  2.87798773 -1.0573501   2.10164288 -0.42985942
 -3.26825079  2.20325378  0.81143893  1.92880594 -1.28914333  1.43911245
 -2.12168597  0.20889551  0.08309692 -2.7905254  -0.90200491 -2.39310791
  0.07237965 -0.56907674]
Sat May 25 15:35:06 2024,291,0.09593832565377679,[-4.65777162  2.36669501 -1.84101052 -0.12388902  0.18676444 -2.68770034
  3.01269507  2.10565245  1.45515128 -0.92546346  0.61254036  1.09175278
  1.13206282 -1.54198833  0.77721999  2.80611221 -0.79813189 -0.63682866
 -1.75461113  0.60200362  1.67655858  2.99176261 -1.20871445 -0.31577206
 -2.42336439 -2.33800501  2.99462268  2.76324383 -0.5444239  -2.36481058
  1.48283536 -0.05862691 -2.31785197  2.09566561  1.2895149  -0.63862936
  0.84779318 -2.31887485 -0.02579501  2.15327412 -0.16378494  0.38880192
  2.71393923  1.04613923  2.46280802  3.16162779  2.6413444  -2.93942506
  0.2652871  -0.8155888   1.75895915  2.86379812 -0.51105039 -2.31774235
  2.78734167 -3.21064163  0.79396304 -0.6349184  -1.74121509  2.69817644
 -1.80969846 -1.58803654 -2.30395931  2.18797369 -2.45130152  2.13553004
  2.07454626  1.53532833  2.38290579  2.80470448  1.64891683  1.20000503
 -1.51324451 -2.22931932  1.4713648   0.711967    1.31359702 -3.01410291
 -0.37774868  2.51834669 -1.03589939  1.28748991  1.48324743  0.54453828
 -0.83306331  1.11504411  0.66828588 -0.38365701  2.80476895 -1.99314043
  1.53808301 -0.48678285  1.09044779 -2.84988392 -2.45834063  0.45783202
 -1.16158569 -0.49463409  0.36527661 -0.11120702 -1.65030801 -0.04114796
 -0.85959235  2.81168809 -1.06227932 -1.38016949 -0.9488612   1.07793696
  1.85222102 -0.69609436  1.97235504 -2.19423635 -0.34744848 -0.7325638
 -2.89012123  3.16483641 -1.63179413  3.13539891 -1.26598865 -2.70847154
  3.36225508 -1.23323982 -0.77658591 -2.88401644 -2.71718656  2.5457034
 -2.13661378 -2.0472134  -0.18163947  3.14992521  0.24667075  0.21376823
 -1.25021127 -0.67751874 -1.73372591 -3.03021247  2.87030526  1.23537807
 -0.4858297  -2.18849132  1.1097485  -1.10579388 -0.49044572 -2.73944346
 -2.06519374  1.86551233 -0.8739029   2.62186284 -0.45423919 -2.67150224
 -2.82025413  2.2619115  -3.14419475 -0.44523945 -1.00235928 -0.2466891
  2.34761361  1.84015662  0.01827345 -2.55286038 -2.65898732  0.24435368
 -0.76655058  1.24517727 -2.62767721  1.1250392  -0.38399308  0.42081098
  1.91900309  0.45816918  0.65067366 -1.27156897  1.79147497  2.93979116
  0.99582763  0.22191005 -1.14185355  2.42291004  0.72685128 -1.90979725
 -0.05033934  1.87092632  0.9866338  -1.07992604 -2.30129891  2.22233714
  2.00421129  1.92827674  2.29711022  1.91578252 -1.66119976 -3.10394773
  0.42860404  1.34458102 -2.26280634 -1.12593396  2.31186493  1.39298821
 -0.27182871 -1.84435419 -1.6481106   1.96539717  1.30733816 -1.01182147
 -0.23068923 -0.69305208 -0.30337527  2.30251557 -0.66194801 -0.93548171
  0.7759452  -2.35283378  0.59013568  2.78419635 -0.35242387  2.0472203
 -1.86125785 -1.35335667 -2.59731899 -2.42282319 -1.50164396 -3.0290259
  2.01626545  1.78193682  1.58146668  1.12522926  1.58807028 -2.44431309
 -2.50733024  1.78912741  1.03414773 -0.29178219 -2.47721855  1.43111083
 -1.04391158 -3.04749199 -0.04721488  1.89755986 -2.701209   -2.36830334
  1.87610632  1.02947892 -0.62608079 -0.49632024 -0.92148691  1.9639343
  0.47262206 -0.3562748   0.4017367  -2.2666904   1.26149655 -0.15337961
  2.4024581   1.23316007  2.87800543 -1.0573678   2.10166057 -0.42987712
 -3.26826849  2.20323608  0.81142123  1.92878824 -1.28916103  1.43909475
 -2.12170367  0.20887781  0.08311461 -2.7905431  -0.90198721 -2.39309021
  0.07236195 -0.56905904]
Sat May 25 15:35:31 2024,292,0.09593831114985832,[-4.65778886  2.36667777 -1.84102776 -0.12390625  0.18674721 -2.68768311
  3.01271231  2.10566969  1.45516852 -0.9254807   0.61255759  1.09173554
  1.13208005 -1.5419711   0.77720276  2.80612945 -0.79811466 -0.6368459
 -1.7545939   0.60198639  1.67654134  2.99174538 -1.20873168 -0.31575482
 -2.42338162 -2.33802225  2.99460545  2.76326106 -0.54444113 -2.36482781
  1.48281812 -0.05860967 -2.31783474  2.09564838  1.28949766 -0.63861213
  0.84777595 -2.31885761 -0.02581224  2.15325688 -0.16380217  0.38878469
  2.71395646  1.046122    2.46282525  3.16164502  2.64136164 -2.93940782
  0.26526986 -0.81560603  1.75894192  2.86381535 -0.51106762 -2.31775958
  2.78735891 -3.21065886  0.79394581 -0.63493564 -1.74123233  2.69819367
 -1.80968122 -1.58805377 -2.30394208  2.18799092 -2.45128429  2.13554727
  2.07456349  1.5353111   2.38292303  2.80472171  1.6488996   1.20002226
 -1.51322728 -2.22930208  1.47134757  0.71194976  1.31361426 -3.01408568
 -0.37773145  2.51836393 -1.03588216  1.28750714  1.48326467  0.54455552
 -0.83304608  1.11502688  0.66826865 -0.38367425  2.80478618 -1.99315767
  1.53806577 -0.48680009  1.09043056 -2.84986669 -2.45835786  0.45781479
 -1.16156846 -0.49461685  0.36529384 -0.11122426 -1.65032525 -0.04113073
 -0.85957512  2.81167086 -1.06229656 -1.38015226 -0.94887844  1.07791973
  1.85220378 -0.69611159  1.97237227 -2.19421912 -0.34743125 -0.73254657
 -2.89013847  3.16481917 -1.63181136  3.13538168 -1.26597142 -2.70848877
  3.36223785 -1.23322259 -0.77660315 -2.88403367 -2.71720379  2.54572063
 -2.13663102 -2.04719617 -0.18162224  3.14990798  0.24668798  0.21378546
 -1.2502285  -0.67753598 -1.73374314 -3.03022971  2.8703225   1.2353953
 -0.48581247 -2.18850855  1.10976574 -1.10581111 -0.49046295 -2.73942623
 -2.06521097  1.86552957 -0.87388567  2.62188007 -0.45422195 -2.67151948
 -2.82027136  2.26189427 -3.14421198 -0.44525669 -1.00237651 -0.24670634
  2.34763084  1.84013939  0.01825622 -2.55284315 -2.65897009  0.24433644
 -0.76656782  1.2451945  -2.62769444  1.12505643 -0.38401031  0.42082821
  1.91902032  0.45815194  0.65065643 -1.27155174  1.79149221  2.93977393
  0.99584486  0.22189281 -1.14183631  2.4228928   0.72683404 -1.90981448
 -0.05032211  1.87090909  0.98665104 -1.07990881 -2.30128168  2.22235437
  2.00419406  1.92825951  2.29712745  1.91576529 -1.66121699 -3.1039305
  0.4285868   1.34459825 -2.2627891  -1.12591673  2.31188216  1.39300545
 -0.27184595 -1.84433696 -1.64809337  1.96537994  1.30735539 -1.0118387
 -0.23070646 -0.69303485 -0.3033925   2.30249834 -0.66196524 -0.93546448
  0.77596244 -2.35281655  0.59011844  2.78421358 -0.35244111  2.04723753
 -1.86124062 -1.35333944 -2.59730176 -2.42284042 -1.50162673 -3.02900867
  2.01624822  1.78195405  1.58148391  1.12524649  1.58805305 -2.44429586
 -2.507313    1.78911018  1.03416497 -0.29179942 -2.47720131  1.4310936
 -1.04392882 -3.04750922 -0.04723212  1.89757709 -2.70122623 -2.36832058
  1.87608909  1.02946168 -0.62606356 -0.49633748 -0.92146968  1.96395153
  0.47260483 -0.35629203  0.40175394 -2.26667317  1.26147932 -0.15336237
  2.40244087  1.23314284  2.87798819 -1.05735056  2.10167781 -0.42985989
 -3.26828572  2.20321885  0.811404    1.92877101 -1.28917826  1.43911198
 -2.12168643  0.20889505  0.08309738 -2.79056033 -0.90196998 -2.39310745
  0.07237919 -0.56904181]
Sat May 25 15:36:01 2024,293,0.0959382973484435,[-4.65780564  2.36669456 -1.84101097 -0.12392303  0.18673043 -2.68766633
  3.01272909  2.10568647  1.4551853  -0.92546391  0.61254081  1.09175232
  1.13209683 -1.54198788  0.77721954  2.80614623 -0.79809787 -0.63682912
 -1.75461068  0.6019696   1.67652456  2.99176216 -1.20874846 -0.31573804
 -2.42339841 -2.33803903  2.99462223  2.76324428 -0.54442435 -2.36481103
  1.48283491 -0.05859289 -2.31785152  2.0956316   1.28951445 -0.63862891
  0.84779273 -2.31884083 -0.02579546  2.15327366 -0.16381896  0.38876791
  2.71397324  1.04610522  2.46284203  3.1616618   2.64134486 -2.93939104
  0.26525308 -0.81562281  1.75892514  2.86383213 -0.51105084 -2.3177428
  2.78734213 -3.21064208  0.79392902 -0.63495242 -1.74124911  2.69817689
 -1.80966444 -1.58807055 -2.30392529  2.18797414 -2.45126751  2.13556406
  2.07454671  1.53532788  2.38290625  2.80473849  1.64888281  1.20003904
 -1.51324406 -2.22931887  1.47136435  0.71193298  1.31359747 -3.01410246
 -0.37774823  2.51834715 -1.03589894  1.28752392  1.48328145  0.54453874
 -0.83302929  1.11504366  0.66825186 -0.38365746  2.8047694  -1.99314088
  1.53804899 -0.48681687  1.09041377 -2.84984991 -2.45834108  0.45783157
 -1.16158524 -0.49460007  0.36531062 -0.11120747 -1.65034203 -0.04111395
 -0.85955834  2.81165408 -1.06231334 -1.38016904 -0.94889522  1.07793651
  1.85222056 -0.69609481  1.97235549 -2.1942359  -0.34744803 -0.73256335
 -2.89012168  3.16480239 -1.63182815  3.13539846 -1.2659882  -2.70847199
  3.36222106 -1.23323937 -0.77658637 -2.88405045 -2.71718701  2.54570385
 -2.13661423 -2.04717939 -0.18160545  3.1498912   0.2466712   0.21380224
 -1.25021172 -0.67751919 -1.73372636 -3.03024649  2.87030571  1.23541208
 -0.48582925 -2.18849177  1.10974895 -1.1058279  -0.49044617 -2.73944301
 -2.06519419  1.86554635 -0.87386889  2.62186329 -0.45423874 -2.67150269
 -2.82025458  2.26191105 -3.14422877 -0.44527347 -1.00235973 -0.24668956
  2.34761406  1.84015617  0.01823944 -2.55285993 -2.65895331  0.24435322
 -0.7665846   1.24521128 -2.62771122  1.12503965 -0.38402709  0.42081143
  1.91903711  0.45813516  0.65067321 -1.27153496  1.79150899  2.93975715
  0.99582808  0.22187603 -1.14185309  2.42287602  0.72681726 -1.90983127
 -0.05033889  1.87092587  0.98663426 -1.07992559 -2.30129846  2.22237116
  2.00417728  1.92827629  2.29714423  1.91574851 -1.66120021 -3.10391372
  0.42857002  1.34461503 -2.26280589 -1.12589995  2.31186538  1.39298866
 -0.27186273 -1.84435374 -1.64811015  1.96539672  1.30733861 -1.01182192
 -0.23072324 -0.69305163 -0.30337572  2.30251512 -0.66198203 -0.93548126
  0.77597922 -2.35279977  0.59010166  2.78423036 -0.35245789  2.04722075
 -1.8612574  -1.35335622 -2.59731854 -2.4228572  -1.50160995 -3.02899188
  2.016265    1.78193727  1.58150069  1.12526327  1.58803627 -2.44427908
 -2.50732978  1.7890934   1.03414818 -0.2918162  -2.47718453  1.43107682
 -1.0439456  -3.047526   -0.0472489   1.89759387 -2.70120945 -2.36830379
  1.87610587  1.02947847 -0.62604678 -0.4963207  -0.92148646  1.96396831
  0.47262161 -0.35630881  0.40173716 -2.26665639  1.2614961  -0.15334559
  2.40242409  1.23315962  2.87797141 -1.05736734  2.10169459 -0.42987667
 -3.26826894  2.20320207  0.81138722  1.92875423 -1.28919504  1.4390952
 -2.12170322  0.20891183  0.08311416 -2.79057711 -0.9019532  -2.39312423
  0.07236241 -0.56902503]
Sat May 25 15:36:25 2024,294,0.09593828421388284,[-4.65782198  2.36667821 -1.84099463 -0.12393938  0.18671408 -2.68764999
  3.01271274  2.10567012  1.45516895 -0.92548026  0.61255715  1.09173598
  1.13211317 -1.54197154  0.7772032   2.80616257 -0.79811422 -0.63681277
 -1.75459434  0.60198595  1.67650822  2.9917785  -1.2087648  -0.31575438
 -2.42338206 -2.33805537  2.99460589  2.76326062 -0.54440801 -2.36479469
  1.48281856 -0.05857655 -2.31783518  2.09561526  1.28953079 -0.63864526
  0.84777639 -2.31885717 -0.0258118   2.15329001 -0.1638353   0.38878425
  2.7139569   1.04612156  2.46285838  3.16164546  2.6413612  -2.9393747
  0.26526942 -0.81563915  1.7589088   2.86384847 -0.5110345  -2.31772646
  2.78732578 -3.21065842  0.79391268 -0.63493607 -1.74126545  2.69816055
 -1.80968078 -1.58808689 -2.30390895  2.1879578  -2.45128385  2.1355804
  2.07456305  1.53534422  2.3828899   2.80475484  1.64886647  1.20005539
 -1.5132604  -2.22933521  1.47134801  0.71194932  1.31358113 -3.01408612
 -0.37773189  2.5183308  -1.0358826   1.28754026  1.48329779  0.54452239
 -0.83304564  1.11506     0.66823552 -0.38364112  2.80475306 -1.99312454
  1.53803265 -0.48680052  1.09039743 -2.84983356 -2.45832474  0.45781523
 -1.1615689  -0.49461641  0.36532696 -0.11122382 -1.65035837 -0.04113029
 -0.85957468  2.81167042 -1.06232968 -1.3801527  -0.94887887  1.07792017
  1.85220422 -0.69611115  1.97233915 -2.19421955 -0.34743168 -0.73254701
 -2.89010534  3.16478605 -1.63184449  3.13538212 -1.26597186 -2.70848833
  3.36223741 -1.23325571 -0.77660271 -2.8840668  -2.71717067  2.54568751
 -2.13659789 -2.04719573 -0.18158911  3.14990754  0.24665485  0.21381858
 -1.25022806 -0.67753554 -1.73371002 -3.03026283  2.87032206  1.23539574
 -0.48584559 -2.18850811  1.1097653  -1.10584424 -0.49046251 -2.73942667
 -2.06521054  1.86553001 -0.87385254  2.62187963 -0.45422239 -2.67151904
 -2.82023824  2.26189471 -3.14421242 -0.44528981 -1.00234339 -0.24667321
  2.34759772  1.84013983  0.0182231  -2.55284359 -2.65893697  0.24436957
 -0.76660094  1.24522763 -2.62772756  1.12502331 -0.38404343  0.42082777
  1.91902076  0.45815151  0.65065687 -1.27151861  1.79149264  2.93977349
  0.99581174  0.22185969 -1.14183675  2.42285968  0.72680092 -1.90984761
 -0.05035523  1.87090953  0.98661791 -1.07990925 -2.30128212  2.22235481
  2.00416094  1.92829263  2.29716057  1.91576485 -1.66118387 -3.10393006
  0.42855368  1.34459869 -2.26278954 -1.12588361  2.31188172  1.39300501
 -0.27187907 -1.84433739 -1.64812649  1.96538038  1.30735496 -1.01183826
 -0.23073959 -0.69306797 -0.30339207  2.30249878 -0.66199837 -0.93546492
  0.77599556 -2.35278343  0.59008532  2.78421402 -0.35247423  2.04720441
 -1.86127374 -1.35337256 -2.59733488 -2.42284086 -1.50159361 -3.02897554
  2.01624866  1.78192093  1.58151704  1.12527961  1.58805261 -2.44426274
 -2.50731344  1.78907705  1.03413184 -0.29179986 -2.47716819  1.43106047
 -1.04396194 -3.04750966 -0.04723255  1.89757753 -2.70122579 -2.36828745
  1.87612222  1.02946212 -0.62606312 -0.49630435 -0.92150281  1.96398465
  0.47263795 -0.35629247  0.4017535  -2.26664004  1.26147976 -0.15332925
  2.40240775  1.23317596  2.87798775 -1.05738369  2.10171093 -0.42986033
 -3.2682526   2.20321841  0.81140356  1.92873788 -1.2891787   1.43911155
 -2.12168687  0.20889549  0.08309782 -2.79056077 -0.90193686 -2.39310789
  0.07234606 -0.56904137]
Sat May 25 15:36:50 2024,295,0.09593827171240572,[-4.6578379   2.3666623  -1.84101055 -0.12395529  0.18673    -2.6876659
  3.01272866  2.10568604  1.45515304 -0.92546434  0.61254124  1.09172007
  1.13212909 -1.54198745  0.77718728  2.80617849 -0.7980983  -0.63679686
 -1.75457842  0.60200186  1.6764923   2.99179442 -1.20878072 -0.31573847
 -2.42336615 -2.33807129  2.99458997  2.76327654 -0.54442392 -2.3648106
  1.48280265 -0.05856063 -2.3178511   2.09563117  1.2895467  -0.63866117
  0.84779231 -2.31884126 -0.02582772  2.15330592 -0.16385122  0.38876833
  2.71397282  1.04613748  2.46284246  3.16166138  2.64137712 -2.93939061
  0.26528534 -0.81565507  1.75889288  2.86383256 -0.51101858 -2.31774237
  2.7873417  -3.21064251  0.79389676 -0.63492016 -1.74128137  2.69814463
 -1.80966487 -1.58810281 -2.30389304  2.18797371 -2.45126793  2.13559632
  2.07457897  1.53536014  2.38290582  2.80473892  1.64888239  1.20003947
 -1.51327632 -2.22931929  1.47136392  0.71196524  1.31359705 -3.0140702
 -0.37774781  2.51831489 -1.03589851  1.28752435  1.48331371  0.54453831
 -0.83302972  1.11507592  0.66825144 -0.3836252   2.80476897 -1.99310863
  1.53801673 -0.48681644  1.09041335 -2.84984948 -2.45834066  0.45779931
 -1.16155298 -0.4946005   0.36534288 -0.1112079  -1.65034246 -0.04114621
 -0.8595906   2.81168634 -1.0623456  -1.38016861 -0.94889479  1.07793609
  1.8521883  -0.69609523  1.97232323 -2.19420364 -0.34741577 -0.73256293
 -2.89008943  3.16480197 -1.63182857  3.1353662  -1.26598777 -2.70850425
  3.36225332 -1.2332398  -0.77658679 -2.88408271 -2.71718658  2.54570342
 -2.13658197 -2.04717981 -0.18157319  3.14989162  0.24663894  0.2138345
 -1.25024398 -0.67755145 -1.73372593 -3.03027875  2.87033797  1.23541165
 -0.48582967 -2.1884922   1.10974938 -1.10586015 -0.4904466  -2.73941075
 -2.06522645  1.86554592 -0.87383663  2.62189555 -0.45423831 -2.67150312
 -2.82022232  2.26191062 -3.14419651 -0.44530573 -1.00232747 -0.24668913
  2.34761363  1.84015574  0.01823901 -2.55285951 -2.65895288  0.24435365
 -0.76661686  1.24521171 -2.62771165  1.12500739 -0.38402752  0.42084369
  1.91900485  0.45816742  0.65067279 -1.2715027   1.79150856  2.93978941
  0.99582765  0.22184377 -1.14182084  2.42284376  0.726785   -1.90986353
 -0.05033932  1.87089361  0.98663383 -1.07992517 -2.3012662   2.2223389
  2.00417685  1.92827671  2.29717649  1.91574893 -1.66119978 -3.10394598
  0.42853776  1.3446146  -2.26277363 -1.12589952  2.3118658   1.39298909
 -0.27189499 -1.84435331 -1.64814241  1.96536446  1.30737087 -1.01182234
 -0.2307555  -0.69305206 -0.30337615  2.30248286 -0.66198245 -0.935449
  0.77601148 -2.35276751  0.5900694   2.78422993 -0.35249015  2.04718849
 -1.86128966 -1.35335664 -2.59731897 -2.42285678 -1.50160952 -3.02899146
  2.01623274  1.78193684  1.58153295  1.12529553  1.58806852 -2.44424682
 -2.50732936  1.78909297  1.03414776 -0.29181577 -2.47715227  1.43104456
 -1.04397786 -3.04752558 -0.04721664  1.89756161 -2.70124171 -2.36827154
  1.8761063   1.02947804 -0.62607904 -0.49632027 -0.92148689  1.96396874
  0.47262204 -0.35630839  0.40176941 -2.26662413  1.26149567 -0.15331333
  2.40242366  1.23319188  2.87800367 -1.05736777  2.10169502 -0.42984441
 -3.26826852  2.2032025   0.81141948  1.9287538  -1.28916278  1.43909563
 -2.12170279  0.20887957  0.08311374 -2.79054485 -0.90192094 -2.39309197
  0.07236198 -0.56902546]
Sat May 25 15:37:24 2024,296,0.09593825981201778,[-4.6578534   2.36664679 -1.84099505 -0.12397079  0.1867145  -2.6876504
  3.01274416  2.10567054  1.45513754 -0.92544884  0.61252573  1.09173557
  1.13211359 -1.54197195  0.77717178  2.80616299 -0.7981138  -0.63681236
 -1.75459392  0.60201736  1.6765078   2.99180992 -1.20879622 -0.31572297
 -2.42338165 -2.33808679  2.99460548  2.76329204 -0.54443942 -2.3647951
  1.48281815 -0.05857614 -2.3178666   2.09564667  1.28956221 -0.63864567
  0.8477768  -2.31885676 -0.02584322  2.15329042 -0.16386672  0.38878384
  2.71395731  1.04615298  2.46282696  3.16167688  2.64136161 -2.93937511
  0.26530084 -0.81563957  1.75890838  2.86384806 -0.51100308 -2.31772687
  2.7873262  -3.21065801  0.79391227 -0.63493566 -1.74129687  2.69812913
 -1.80964937 -1.58808731 -2.30387753  2.18795821 -2.45128343  2.13561182
  2.07459447  1.53537564  2.38292132  2.80475442  1.64889789  1.20005497
 -1.51326082 -2.22933479  1.47134842  0.71198074  1.31358155 -3.0140547
 -0.37776331  2.51829939 -1.03588301  1.28750885  1.48332921  0.54455381
 -0.83304522  1.11509142  0.66823594 -0.38364071  2.80475347 -1.99309312
  1.53800123 -0.48683194  1.09039785 -2.84983398 -2.45832515  0.45778381
 -1.16153748 -0.494585    0.36532738 -0.1111924  -1.65032695 -0.0411307
 -0.8596061   2.81167084 -1.0623611  -1.38015311 -0.94887929  1.07792059
  1.85220381 -0.69611074  1.97230773 -2.19418814 -0.34743127 -0.73254742
 -2.89007392  3.16481747 -1.63181307  3.1353507  -1.26600327 -2.70848875
  3.36223782 -1.2332553  -0.77657129 -2.88406721 -2.71717108  2.54568792
 -2.13659748 -2.04716431 -0.1815887   3.14990713  0.24662344  0.213819
 -1.25022848 -0.67756695 -1.73371043 -3.03029425  2.87035347  1.23539615
 -0.48584518 -2.18847669  1.10973388 -1.10584465 -0.4904311  -2.73942625
 -2.06521095  1.86556142 -0.87385213  2.62188004 -0.45422281 -2.67148762
 -2.82020682  2.26189512 -3.14421201 -0.44529023 -1.00234297 -0.24670463
  2.34759813  1.84014024  0.01822351 -2.55287501 -2.65896838  0.24433815
 -0.76660136  1.24522721 -2.62769615  1.12502289 -0.38404302  0.42082818
  1.91898935  0.45815192  0.65068829 -1.2714872   1.79152406  2.93977391
  0.99584315  0.22182827 -1.14183634  2.42282826  0.7267695  -1.90987903
 -0.05035482  1.87087811  0.98664933 -1.07994067 -2.3012817   2.2223544
  2.00416135  1.92829221  2.29719199  1.91576444 -1.66118428 -3.10393048
  0.42855326  1.34463011 -2.26278913 -1.12588402  2.31188131  1.39300459
 -0.27187949 -1.84436881 -1.64815791  1.96534896  1.30735537 -1.01183785
 -0.230771   -0.69303656 -0.30336065  2.30249836 -0.66196695 -0.9354335
  0.77599598 -2.35278301  0.5900539   2.78421443 -0.35247465  2.04717299
 -1.86127416 -1.35337215 -2.59733447 -2.42287228 -1.50162502 -3.02900696
  2.01624824  1.78192134  1.58151745  1.12531103  1.58805302 -2.44423132
 -2.50734486  1.78910847  1.03416326 -0.29183128 -2.47716777  1.43102905
 -1.04399336 -3.04751007 -0.04720114  1.89757711 -2.70125721 -2.36825603
  1.8760908   1.02949354 -0.62609454 -0.49633577 -0.92147139  1.96398424
  0.47263754 -0.35629289  0.40178492 -2.26660863  1.26148017 -0.15329783
  2.40240816  1.23317638  2.87798817 -1.05735227  2.10171052 -0.42985991
 -3.26828402  2.203187    0.81143498  1.9287383  -1.28914728  1.43911113
 -2.12171829  0.20886407  0.08312924 -2.79052935 -0.90190544 -2.39310747
  0.07237748 -0.56900996]
Sat May 25 15:37:53 2024,297,0.0959382484824031,[-4.6578685   2.36666189 -1.84101014 -0.1239557   0.1866994  -2.6876655
  3.01275926  2.10568564  1.45515264 -0.92546394  0.61251064  1.09172047
  1.13209849 -1.54198705  0.77718688  2.80614789 -0.7981289  -0.63682746
 -1.75460902  0.60200227  1.6765229   2.99182502 -1.20878112 -0.31570787
 -2.42339675 -2.33807169  2.99462057  2.76327694 -0.54442432 -2.3648102
  1.48283325 -0.05856104 -2.3178515   2.09566177  1.28954711 -0.63863057
  0.84776171 -2.31884166 -0.02585832  2.15330552 -0.16388181  0.38876874
  2.71394222  1.04613788  2.46284206  3.16169198  2.64137671 -2.93936002
  0.26528574 -0.81562447  1.75889328  2.86386316 -0.51098798 -2.31774197
  2.7873413  -3.21064291  0.79392736 -0.63492056 -1.74128177  2.69811403
 -1.80963427 -1.58810241 -2.30386244  2.18794311 -2.45129853  2.13559672
  2.07460957  1.53536054  2.38293642  2.80473932  1.64891299  1.20007007
 -1.51324572 -2.22934989  1.47133332  0.71199584  1.31356645 -3.0140698
 -0.37774821  2.51828429 -1.03586791  1.28752394  1.48331411  0.54453871
 -0.83303013  1.11510652  0.66825103 -0.3836558   2.80476857 -1.99310822
  1.53801633 -0.48681684  1.09038275 -2.84984908 -2.45831006  0.45779891
 -1.16152238 -0.49460009  0.36531228 -0.1112075  -1.65034205 -0.0411458
 -0.859591    2.81165574 -1.0623762  -1.38013802 -0.94886419  1.07790549
  1.85218871 -0.69612583  1.97232283 -2.19420324 -0.34741617 -0.73253233
 -2.89005883  3.16483257 -1.63182817  3.13533561 -1.26598818 -2.70850385
  3.36225292 -1.2332402  -0.77655619 -2.88405211 -2.71715598  2.54567282
 -2.13661257 -2.04714921 -0.1815736   3.14992222  0.24663854  0.2138341
 -1.25024357 -0.67755186 -1.73372553 -3.03027915  2.87033838  1.23538106
 -0.48583008 -2.1884616   1.10971878 -1.10582955 -0.49044619 -2.73941115
 -2.06519585  1.86557652 -0.87383703  2.62186495 -0.45420771 -2.67150272
 -2.82019172  2.26191022 -3.14422711 -0.44530533 -1.00235807 -0.24668953
  2.34758303  1.84015534  0.01820841 -2.5528901  -2.65898348  0.24435325
 -0.76658626  1.24524231 -2.62771124  1.12503799 -0.38402792  0.42084328
  1.91900444  0.45813682  0.65070339 -1.27150229  1.79153916  2.93975881
  0.99585825  0.22184337 -1.14185143  2.42281316  0.7267544  -1.90986393
 -0.05036992  1.87086301  0.98666443 -1.07992557 -2.3012968   2.2223393
  2.00414625  1.92830731  2.29720709  1.91577953 -1.66119938 -3.10394557
  0.42853816  1.3446452  -2.26280423 -1.12586892  2.31186621  1.39298949
 -0.27189459 -1.84438391 -1.64817301  1.96533386  1.30734027 -1.01185294
 -0.2307861  -0.69305165 -0.30337575  2.30248326 -0.66198205 -0.9354486
  0.77601107 -2.35276791  0.590069    2.78422953 -0.35245955  2.04718809
 -1.86128926 -1.35338724 -2.59734957 -2.42285718 -1.50160993 -3.02902206
  2.01623314  1.78190625  1.58150235  1.12529593  1.58806812 -2.44424642
 -2.50732976  1.78912357  1.03417836 -0.29181618 -2.47715268  1.43104415
 -1.04397826 -3.04752517 -0.04718604  1.89756202 -2.70127231 -2.36827113
  1.8760757   1.02950864 -0.62610963 -0.49635087 -0.92148649  1.96399934
  0.47262244 -0.35630798  0.40180001 -2.26659353  1.26146508 -0.15328273
  2.40239306  1.23316128  2.87797307 -1.05733717  2.10169542 -0.42984482
 -3.26829912  2.20320209  0.81141988  1.9287534  -1.28916238  1.43909603
 -2.12173339  0.20887917  0.08311414 -2.79051425 -0.90189034 -2.39309237
  0.07236238 -0.56899486]
Sat May 25 15:38:25 2024,298,0.09593823769483416,[-4.6578832   2.3666766  -1.84102485 -0.1239704   0.18671411 -2.68768021
  3.01277397  2.10567093  1.45513793 -0.92547864  0.61249593  1.09173517
  1.13208379 -1.54200176  0.77720159  2.80613318 -0.79811419 -0.63684216
 -1.75462373  0.60201697  1.6765082   2.99181031 -1.20879583 -0.31572257
 -2.42341145 -2.33805699  2.99460587  2.76329165 -0.54443903 -2.3647955
  1.48284795 -0.05854633 -2.3178662   2.09564707  1.28956181 -0.63864528
  0.84777641 -2.31882696 -0.02587302  2.15329081 -0.16389652  0.38875403
  2.71395692  1.04612318  2.46282735  3.16167727  2.64139142 -2.93934531
  0.26530045 -0.81563918  1.75887858  2.86387786 -0.51097328 -2.31772727
  2.787356   -3.21062821  0.79394207 -0.63493527 -1.74129648  2.69809933
 -1.80964897 -1.58811711 -2.30387714  2.18795782 -2.45128383  2.13558201
  2.07462427  1.53537525  2.38295112  2.80472462  1.64889828  1.20008477
 -1.51323101 -2.2293646   1.47134803  0.71201054  1.31358115 -3.01405509
 -0.3777335   2.51829899 -1.03588262  1.28750924  1.48329941  0.54452401
 -0.83301542  1.11512122  0.66823633 -0.38367051  2.80475386 -1.99312293
  1.53803103 -0.48683155  1.09039745 -2.84983437 -2.45832476  0.4577842
 -1.16153709 -0.4946148   0.36532699 -0.11119279 -1.65035676 -0.04116051
 -0.85960571  2.81167044 -1.06236149 -1.38015272 -0.94884949  1.07792019
  1.852174   -0.69611113  1.97230812 -2.19421794 -0.34740147 -0.73254703
 -2.89004412  3.16484727 -1.63181346  3.1353209  -1.26600288 -2.70851855
  3.36226763 -1.2332255  -0.77654149 -2.88403741 -2.71714128  2.54568753
 -2.13662728 -2.04713451 -0.1815883   3.14993693  0.24662383  0.21381939
 -1.25022887 -0.67753715 -1.73374024 -3.03029386  2.87032367  1.23539576
 -0.48581537 -2.18844689  1.10973349 -1.10584426 -0.49043149 -2.73942586
 -2.06521056  1.86556182 -0.87385174  2.62187965 -0.454193   -2.67148801
 -2.82017702  2.26192493 -3.14424181 -0.44532003 -1.00237278 -0.24667483
  2.34759774  1.84017004  0.01822312 -2.55290481 -2.65899819  0.24436795
 -0.76657155  1.2452276  -2.62769654  1.1250527  -0.38401322  0.42082858
  1.91898974  0.45812212  0.65068868 -1.27148759  1.79152445  2.93977352
  0.99587296  0.22182866 -1.14183673  2.42282787  0.7267397  -1.90984922
 -0.05035521  1.87087772  0.98667913 -1.07991086 -2.30131151  2.22232459
  2.00413155  1.92829261  2.29719238  1.91579424 -1.66118467 -3.10396028
  0.42852346  1.34465991 -2.26278952 -1.12588363  2.3118515   1.3930042
 -0.27187988 -1.84439861 -1.6481583   1.96534857  1.30732557 -1.01183824
 -0.2307714  -0.69303695 -0.30339045  2.30249797 -0.66199676 -0.9354633
  0.77599637 -2.35275321  0.5900837   2.78421483 -0.35244484  2.04720279
 -1.86127455 -1.35337254 -2.59736427 -2.42284248 -1.50162463 -3.02903676
  2.01624785  1.78192095  1.58151706  1.12531064  1.58808283 -2.44423171
 -2.50731506  1.78913827  1.03419306 -0.29183088 -2.47713797  1.43102945
 -1.04396355 -3.04753988 -0.04717133  1.89754731 -2.70128701 -2.36825643
  1.87609041  1.02949393 -0.62612434 -0.49633616 -0.92147178  1.96398463
  0.47260774 -0.35632269  0.40181472 -2.26660823  1.26147978 -0.15326803
  2.40240777  1.23317599  2.87798778 -1.05732247  2.10168071 -0.42983011
 -3.26831382  2.2032168   0.81143459  1.92873869 -1.28917709  1.43908133
 -2.12171868  0.20889387  0.08309943 -2.79052896 -0.90190505 -2.39307767
  0.07234768 -0.56900956]
Sat May 25 15:38:52 2024,299,0.09593822742208803,[-4.65789753  2.36666227 -1.84101052 -0.12398473  0.18672843 -2.68766588
  3.01275964  2.10568526  1.45512361 -0.92546432  0.61251026  1.0917495
  1.13206946 -1.54201608  0.77718726  2.80611886 -0.79809987 -0.63682784
 -1.7546094   0.60200265  1.67652252  2.99182463 -1.20878151 -0.31570825
 -2.42342578 -2.33807131  2.99462019  2.76330597 -0.54445335 -2.36478117
  1.48283363 -0.05856066 -2.31788053  2.09563274  1.28957614 -0.63863095
  0.84779074 -2.31884128 -0.02588734  2.15327649 -0.16391084  0.38876836
  2.71397125  1.0461375   2.46284167  3.16166295  2.64140574 -2.93935963
  0.26528613 -0.8156535   1.7588929   2.86386354 -0.5109876  -2.31771294
  2.78737033 -3.21064253  0.79395639 -0.63494959 -1.7413108   2.69811365
 -1.8096633  -1.58813144 -2.30389147  2.18797214 -2.4512695   2.13556769
  2.0746386   1.53538957  2.38296545  2.80473894  1.64891261  1.2000991
 -1.51324534 -2.22937892  1.47136235  0.71202487  1.31359548 -3.01404077
 -0.37771918  2.51831332 -1.03589694  1.28749491  1.48328508  0.54450968
 -0.83302974  1.11513555  0.66825065 -0.38368483  2.80476819 -1.9931086
  1.53804536 -0.48681723  1.09038313 -2.84982005 -2.45831044  0.45776988
 -1.16152276 -0.49462912  0.36531266 -0.11120712 -1.65037108 -0.04114618
 -0.85959138  2.81165612 -1.06234717 -1.3801384  -0.94883516  1.07793452
  1.85218833 -0.6960968   1.9722938  -2.19420362 -0.34738714 -0.73253271
 -2.89005844  3.16486159 -1.63182779  3.13533522 -1.26598856 -2.70850423
  3.3622533  -1.23321117 -0.77652716 -2.88402309 -2.71712695  2.54570185
 -2.1366416  -2.04714883 -0.18157398  3.1499226   0.24663815  0.21380507
 -1.25021454 -0.67755147 -1.73372591 -3.03027953  2.870338    1.23541009
 -0.48580105 -2.18843257  1.10971916 -1.10582994 -0.49044581 -2.73944018
 -2.06519623  1.86557614 -0.87383741  2.62189398 -0.45417868 -2.67147369
 -2.8201627   2.2619106  -3.14425614 -0.44533435 -1.00235845 -0.2466605
  2.34761206  1.84015572  0.01820879 -2.55289049 -2.65898386  0.24435363
 -0.76655723  1.24521328 -2.62768221  1.12503837 -0.38399889  0.4208429
  1.91900406  0.45810779  0.65067436 -1.27150191  1.79153878  2.93975919
  0.99588728  0.22184299 -1.14185105  2.42281354  0.72672538 -1.9098349
 -0.05034089  1.87089204  0.98666481 -1.07992519 -2.30132583  2.22233892
  2.00411722  1.92827828  2.29720671  1.91577991 -1.661199   -3.10394595
  0.42850914  1.34467423 -2.2627752  -1.12589795  2.31186583  1.39301852
 -0.2718942  -1.84438429 -1.64817263  1.96536289  1.30733989 -1.01182391
 -0.23075707 -0.69305127 -0.30337613  2.30248365 -0.66198243 -0.93544898
  0.77598205 -2.35273888  0.59009803  2.7842005  -0.35245917  2.04721712
 -1.86128888 -1.35335821 -2.59734995 -2.4228568  -1.50163896 -3.02905109
  2.01623353  1.78190663  1.58153138  1.12532496  1.58809715 -2.44424603
 -2.50730073  1.78912395  1.03417874 -0.29184521 -2.47712365  1.43104377
 -1.04397788 -3.0475542  -0.04715701  1.89753299 -2.70130134 -2.3682421
  1.87610473  1.02950826 -0.62613866 -0.49632184 -0.9214861   1.96399895
  0.47262206 -0.35630837  0.40182904 -2.26662256  1.26146546 -0.15325371
  2.40242209  1.23319031  2.8780021  -1.05733679  2.10166639 -0.42984443
 -3.2682995   2.20320247  0.81142026  1.92875301 -1.28919141  1.439067
 -2.12170436  0.2089082   0.08311376 -2.79054328 -0.90191937 -2.39309199
  0.07233335 -0.56902389]
Sat May 25 15:39:16 2024,300,0.09593821763835905,[-4.65791148  2.36667623 -1.84102448 -0.12399868  0.18671448 -2.68767983
  3.01274569  2.1056713   1.45510965 -0.92545037  0.6124963   1.09176345
  1.13205551 -1.54200213  0.77720121  2.80613281 -0.79811382 -0.63684179
 -1.75462336  0.6020166   1.67653647  2.99181068 -1.20879546 -0.3156943
 -2.42343973 -2.33805736  2.99460624  2.76331993 -0.54446731 -2.36479513
  1.48284758 -0.0585467  -2.31786658  2.09564669  1.28956218 -0.638617
  0.84777678 -2.31882733 -0.02587339  2.15329044 -0.1639248   0.38878231
  2.71395729  1.04612355  2.46285563  3.16164899  2.64141969 -2.93937359
  0.26527217 -0.81566745  1.75887895  2.86387749 -0.51100155 -2.31769899
  2.78735637 -3.21062858  0.79394244 -0.63493564 -1.74132475  2.6980997
 -1.80964934 -1.58814539 -2.30387751  2.18795819 -2.45125555  2.13558164
  2.07465255  1.53540352  2.3829794   2.80475289  1.64892656  1.20008514
 -1.51325929 -2.22936497  1.4713763   0.71201091  1.31358152 -3.01402682
 -0.37773313  2.51829936 -1.03588299  1.28750887  1.48329903  0.54452364
 -0.83301579  1.11512159  0.66826461 -0.38369879  2.80475424 -1.99312256
  1.53805931 -0.48683118  1.09036918 -2.84980609 -2.45829649  0.45778383
 -1.16153672 -0.49461517  0.36532661 -0.11122107 -1.65035713 -0.04116014
 -0.85960534  2.81167007 -1.06236112 -1.38012444 -0.94884911  1.07794847
  1.85217437 -0.69611076  1.97227984 -2.19418966 -0.3474011  -0.73251876
 -2.8900724   3.16487555 -1.63184174  3.13532127 -1.26600251 -2.70849027
  3.36223935 -1.23319722 -0.77651321 -2.88400913 -2.717113    2.5456879
 -2.13662765 -2.04716278 -0.18158793  3.14993656  0.2466242   0.21381902
 -1.2502285  -0.67753752 -1.73373986 -3.03029349  2.87032404  1.23539613
 -0.4857871  -2.18841861  1.10970521 -1.10584389 -0.49043186 -2.73945414
 -2.06521019  1.86559009 -0.87385137  2.62190793 -0.45419263 -2.67148764
 -2.82014874  2.26189665 -3.14427009 -0.44534831 -1.0023445  -0.24667446
  2.34759811  1.84016967  0.01819484 -2.55290444 -2.65896991  0.24436758
 -0.76654327  1.24522723 -2.62766826  1.12502442 -0.38401285  0.42082895
  1.91901802  0.45812175  0.65068831 -1.27148796  1.79152483  2.93974524
  0.99587333  0.22185694 -1.14186501  2.42279959  0.72673933 -1.90984885
 -0.05032693  1.87090599  0.98665086 -1.07993914 -2.30133978  2.22235287
  2.00410327  1.92826433  2.29722066  1.91579387 -1.66121295 -3.10395991
  0.42852309  1.34468819 -2.26276124 -1.12591191  2.31185187  1.39303248
 -0.27190816 -1.84439824 -1.64815867  1.96534894  1.30735384 -1.01180996
 -0.23074312 -0.69306523 -0.30339008  2.30246969 -0.66199638 -0.93543503
  0.77596809 -2.35272493  0.59011198  2.78421445 -0.35244522  2.04720316
 -1.86127492 -1.35337217 -2.59733599 -2.42284285 -1.501625   -3.02906504
  2.01624748  1.78189267  1.58151743  1.12533892  1.5881111  -2.44423208
 -2.50731468  1.78911     1.03416478 -0.29185916 -2.47710969  1.43105772
 -1.04399183 -3.04754025 -0.04717096  1.89751903 -2.70131529 -2.36822815
  1.87609078  1.02952221 -0.62615262 -0.49630789 -0.92147215  1.963985
  0.47263601 -0.35632232  0.401843   -2.26660861  1.2614515  -0.15326766
  2.40240814  1.23317636  2.87801605 -1.05732284  2.10168034 -0.42985839
 -3.26831345  2.20321643  0.81143422  1.92873906 -1.28920536  1.43905305
 -2.12171831  0.20892215  0.0830998  -2.79052933 -0.90190542 -2.39310595
  0.0723194  -0.56900993]
Sat May 25 15:39:56 2024,301,0.09593820831919,[-4.65792507  2.36668982 -1.84101089 -0.12398509  0.18672807 -2.68769343
  3.01275928  2.1056849   1.45512325 -0.92543677  0.61248271  1.09174986
  1.1320691  -1.54198854  0.77718762  2.8061464  -0.79812742 -0.6368282
 -1.75463695  0.60203019  1.67652288  2.99182427 -1.20880905 -0.31568071
 -2.42342614 -2.33804376  2.99461983  2.76330633 -0.54445372 -2.36478153
  1.48283399 -0.0585603  -2.31788017  2.09566029  1.28954859 -0.63860341
  0.84776319 -2.31884092 -0.02588698  2.15330404 -0.16393839  0.3887959
  2.7139437   1.04610995  2.46284204  3.16166259  2.64143329 -2.93936
  0.26528576 -0.81568105  1.75889254  2.86389108 -0.51098796 -2.31771258
  2.78734278 -3.21064217  0.79395603 -0.63492205 -1.74131116  2.69811329
 -1.80966294 -1.58815898 -2.30386392  2.18797178 -2.45124196  2.13559523
  2.07463896  1.53541711  2.38296581  2.8047393   1.64891297  1.20007155
 -1.5132457  -2.22935138  1.47136271  0.71202451  1.31359512 -3.01404041
 -0.37774673  2.51831296 -1.0358694   1.28749527  1.48328544  0.54451004
 -0.8330022   1.11513518  0.66825101 -0.38368519  2.80474064 -1.99310896
  1.53804572 -0.48684477  1.09038277 -2.8497925  -2.45831008  0.45777024
 -1.16152313 -0.49462876  0.36531302 -0.11123466 -1.65037072 -0.04114654
 -0.85961893  2.81168366 -1.06234753 -1.38011085 -0.94886271  1.07793488
  1.85216078 -0.69609716  1.97229344 -2.19417607 -0.3473875  -0.73250516
 -2.89008599  3.16488914 -1.63182815  3.13530768 -1.2660161  -2.70850387
  3.36225294 -1.23318363 -0.7765268  -2.88402272 -2.71712659  2.54570149
 -2.13661406 -2.04714919 -0.18160152  3.14992297  0.24663779  0.21380543
 -1.25021491 -0.67755111 -1.73375346 -3.03027989  2.87033763  1.23540972
 -0.4857735  -2.18843221  1.10969162 -1.1058303  -0.49044545 -2.73946773
 -2.06519659  1.8655765  -0.87383777  2.62189434 -0.45417904 -2.67150123
 -2.82016233  2.26188306 -3.14428368 -0.44533472 -1.00233091 -0.24668805
  2.34758452  1.84018327  0.01820843 -2.55291803 -2.65895632  0.24435399
 -0.76655687  1.24521364 -2.62768185  1.12503801 -0.38399925  0.42081536
  1.91903161  0.45810815  0.6507019  -1.27150155  1.79151123  2.93975883
  0.99585974  0.22184335 -1.1418786   2.42281318  0.72672574 -1.90983526
 -0.05034053  1.8708924   0.98663726 -1.07995273 -2.30132619  2.22236646
  2.00408968  1.92827792  2.29723425  1.91578028 -1.66122654 -3.10394632
  0.4285095   1.34470178 -2.26274765 -1.12589831  2.31186547  1.39301888
 -0.27189456 -1.84441184 -1.64814508  1.96533535  1.30734025 -1.01179637
 -0.23075671 -0.69307882 -0.30337649  2.3024561  -0.66198279 -0.93542143
  0.7759545  -2.35273852  0.59012557  2.78422805 -0.35245881  2.04718957
 -1.86126133 -1.35338576 -2.59734959 -2.42282925 -1.50161141 -3.02905145
  2.01623389  1.78187908  1.58150384  1.12532532  1.58809751 -2.44424567
 -2.50732828  1.78912359  1.03417838 -0.29187275 -2.47712329  1.43104413
 -1.04397824 -3.04752666 -0.04718456  1.89753263 -2.7013017  -2.36821456
  1.87610437  1.02950862 -0.62616621 -0.49629429 -0.92148574  1.96397141
  0.4726496  -0.35633591  0.40185659 -2.26659501  1.2614651  -0.15325407
  2.40239455  1.23316276  2.87800246 -1.05730924  2.10169393 -0.42987198
 -3.26832704  2.20320284  0.81144781  1.92875265 -1.28919177  1.43903946
 -2.12170472  0.20893574  0.08308621 -2.79051574 -0.90189183 -2.39311954
  0.07233299 -0.56899634]
Sat May 25 15:40:28 2024,302,0.09593819944139295,[-4.65793831  2.36670306 -1.84099764 -0.12399833  0.18674131 -2.68770667
  3.01277252  2.10567165  1.45511    -0.92542353  0.61249595  1.09173662
  1.13208234 -1.54197529  0.77717438  2.80615965 -0.79811417 -0.63684144
 -1.75465019  0.60204343  1.67650964  2.99181103 -1.20879581 -0.31569395
 -2.42343938 -2.33805701  2.99460659  2.76331958 -0.54446696 -2.36479477
  1.48282075 -0.05857354 -2.31789341  2.09564705  1.28953535 -0.63859017
  0.84777643 -2.31885416 -0.02590023  2.15331728 -0.16392515  0.38878266
  2.71395694  1.0461232   2.46282879  3.16164935  2.64142005 -2.93934675
  0.26527252 -0.81569429  1.75890578  2.86390433 -0.51097472 -2.31772582
  2.78735602 -3.21062893  0.79396927 -0.63493529 -1.7413244   2.69810005
 -1.8096497  -1.58814574 -2.30387716  2.18798502 -2.45122872  2.13560848
  2.0746522   1.53540387  2.38297905  2.80475254  1.64889973  1.20005831
 -1.51323246 -2.22933813  1.47134947  0.71201127  1.31360836 -3.01405365
 -0.37773348  2.5183262  -1.03585616  1.28750852  1.48329868  0.54452329
 -0.83301544  1.11512194  0.66826425 -0.38367195  2.80475388 -1.99309572
  1.53805896 -0.48683153  1.09036953 -2.84980574 -2.45832332  0.45778348
 -1.16150988 -0.494642    0.36532626 -0.1112479  -1.65035748 -0.04115979
 -0.85960569  2.81169691 -1.06236077 -1.38012409 -0.94887595  1.07794812
  1.85214754 -0.69608392  1.97230668 -2.19416283 -0.34737426 -0.7325184
 -2.89007275  3.1648759  -1.63181491  3.13529444 -1.26602934 -2.70851711
  3.3622397  -1.23317038 -0.77651356 -2.88403597 -2.71711335  2.54571473
 -2.13660082 -2.04713595 -0.18161477  3.14993621  0.24665103  0.21381867
 -1.25020166 -0.67756435 -1.73374022 -3.03026665  2.87032439  1.23542297
 -0.48578674 -2.18841897  1.10967838 -1.10581706 -0.49045869 -2.73948097
 -2.06520984  1.86556326 -0.87382453  2.6218811  -0.45419228 -2.67148799
 -2.82017558  2.2618963  -3.14427044 -0.44534796 -1.00234415 -0.24670129
  2.34757128  1.84019651  0.01819519 -2.55290479 -2.65894308  0.24434075
 -0.76657011  1.24522688 -2.62769509  1.12505125 -0.38398601  0.42080211
  1.91904485  0.4581214   0.65071514 -1.27151479  1.79149799  2.93977207
  0.99587298  0.22185659 -1.14189184  2.42282642  0.72671249 -1.90982202
 -0.05032729  1.87090564  0.98665051 -1.07996597 -2.30133943  2.22235322
  2.00407644  1.92829116  2.29722101  1.91579352 -1.66123978 -3.10393307
  0.42852274  1.34468854 -2.26276089 -1.12588507  2.31185222  1.39303213
 -0.27188132 -1.84442508 -1.64815832  1.96534859  1.30735349 -1.01180961
 -0.23074347 -0.69309206 -0.30338973  2.30246934 -0.66196955 -0.93540819
  0.77596774 -2.35275176  0.59011233  2.78424129 -0.35247205  2.04717633
 -1.86127457 -1.353399   -2.59733635 -2.4228425  -1.50162465 -3.0290382
  2.01624713  1.78186584  1.58151708  1.12531208  1.58811075 -2.44423243
 -2.50731504  1.78913683  1.03416514 -0.29185951 -2.47713653  1.43103089
 -1.04399148 -3.0475399  -0.0471978   1.89751938 -2.70131494 -2.3682278
  1.87609113  1.02949538 -0.62617945 -0.49630754 -0.9214725   1.96395817
  0.47266285 -0.35632267  0.40186983 -2.26660825  1.26145185 -0.15324082
  2.40240779  1.23317601  2.8780157  -1.057296    2.10168069 -0.42985874
 -3.26834028  2.20318959  0.81143457  1.92873941 -1.28920501  1.43902622
 -2.12171796  0.20894898  0.08307297 -2.79052898 -0.90190507 -2.3931063
  0.07231975 -0.56900958]
Sat May 25 15:40:53 2024,303,0.0959381909829849,[-4.65795121  2.36669016 -1.84098474 -0.12398543  0.18672841 -2.68769377
  3.01275962  2.10565875  1.4550971  -0.92543643  0.61248305  1.09172372
  1.13209524 -1.54198819  0.77718728  2.80617255 -0.79810127 -0.63685434
 -1.75463729  0.60203053  1.67649674  2.99179813 -1.20878291 -0.31570685
 -2.42342648 -2.33804411  2.99461949  2.76330668 -0.54447986 -2.36478187
  1.48283365 -0.05856064 -2.31790631  2.09565995  1.28954825 -0.63857727
  0.84778933 -2.31884126 -0.02588733  2.15330438 -0.16391225  0.38876976
  2.71396984  1.0461103   2.46281589  3.16166225  2.64140715 -2.93933385
  0.26525962 -0.81568139  1.75889288  2.86391723 -0.51096182 -2.31771292
  2.78734312 -3.21061603  0.79395637 -0.63494819 -1.7413373   2.69811295
 -1.8096368  -1.58815864 -2.30389006  2.18799792 -2.45121582  2.13559558
  2.0746393   1.53539097  2.38299195  2.80473964  1.64888683  1.20007121
 -1.51324536 -2.22935103  1.47133657  0.71202417  1.31359546 -3.01404075
 -0.37772058  2.5183133  -1.03584326  1.28749562  1.48328578  0.54451039
 -0.83302834  1.11513484  0.66825135 -0.38365905  2.80476678 -1.99310862
  1.53804606 -0.48681863  1.09035663 -2.84979284 -2.45833622  0.45779638
 -1.16149698 -0.4946291   0.36531336 -0.1112608  -1.65034458 -0.04117269
 -0.85961859  2.81170981 -1.06234787 -1.38013699 -0.94888885  1.07793522
  1.85216044 -0.69609682  1.97231958 -2.19417573 -0.34736136 -0.7325313
 -2.89005985  3.1648888  -1.63180201  3.13528154 -1.26604224 -2.70853001
  3.3622268  -1.23318328 -0.77650066 -2.88402307 -2.71712625  2.54570183
 -2.13658792 -2.04714885 -0.18162767  3.14994911  0.24663813  0.21383157
 -1.25018876 -0.67755145 -1.73375312 -3.03027955  2.87033729  1.23543587
 -0.48577384 -2.18840607  1.10966548 -1.10582996 -0.49044579 -2.73946807
 -2.06519694  1.86557616 -0.87383743  2.621894   -0.45417938 -2.67147509
 -2.82018848  2.2619092  -3.14425754 -0.44536086 -1.00233125 -0.24671419
  2.34758418  1.84018361  0.01818229 -2.55291769 -2.65895598  0.24435365
 -0.76658301  1.24521398 -2.62770799  1.12503835 -0.38399891  0.42081501
  1.91905775  0.4581343   0.65070224 -1.27150189  1.79151089  2.93975917
  0.99588588  0.22184369 -1.14190474  2.42281352  0.72672539 -1.90983492
 -0.05034019  1.87089274  0.98663761 -1.07995307 -2.30132653  2.22234032
  2.00408934  1.92827826  2.29723391  1.91580642 -1.66122688 -3.10392017
  0.42850984  1.34467564 -2.26277379 -1.12587217  2.31186512  1.39301923
 -0.27189422 -1.84443798 -1.64814542  1.96536149  1.30736639 -1.01179671
 -0.23075637 -0.69310496 -0.30340263  2.30248224 -0.66195665 -0.93542109
  0.77595484 -2.35273886  0.59012523  2.78425419 -0.35245915  2.04716343
 -1.86126167 -1.3533861  -2.59732345 -2.4228296  -1.50161175 -3.0290253
  2.01623423  1.78187874  1.58150418  1.12532498  1.58812365 -2.44424533
 -2.50732794  1.78914973  1.03417804 -0.29187241 -2.47712363  1.43101799
 -1.04397858 -3.047527   -0.0472107   1.89750648 -2.70130204 -2.3682149
  1.87610403  1.02948248 -0.62616655 -0.49629464 -0.9214596   1.96397107
  0.47264995 -0.35633557  0.40185693 -2.26659535  1.26143895 -0.15325372
  2.40239489  1.23318891  2.8780286  -1.0573089   2.10169359 -0.42984584
 -3.26835318  2.20317669  0.81144747  1.92872651 -1.28919211  1.43901332
 -2.12173086  0.20896188  0.08308587 -2.79054188 -0.90191797 -2.3931192
  0.07233265 -0.56902248]
Sat May 25 15:41:21 2024,304,0.095938182923122,[-4.65796378  2.36670273 -1.84097218 -0.12397286  0.18671584 -2.6876812
  3.01274705  2.10567132  1.45508454 -0.92542386  0.61247048  1.09171115
  1.13210781 -1.54200076  0.77717471  2.80618511 -0.79808871 -0.63686691
 -1.75464986  0.60201797  1.67648417  2.9918107  -1.20877034 -0.31569428
 -2.42343905 -2.33803154  2.99460692  2.76329411 -0.54446729 -2.36479444
  1.48284622 -0.05854807 -2.31789374  2.09564738  1.28953568 -0.6385647
  0.84777676 -2.31885383 -0.02587476  2.15331694 -0.16392482  0.38875719
  2.71395727  1.04612286  2.46282846  3.16167481  2.64141971 -2.93932129
  0.26527219 -0.81569396  1.75888031  2.86392979 -0.51094925 -2.31772549
  2.78735569 -3.2106286   0.79396894 -0.63493562 -1.74134987  2.69810038
 -1.80964936 -1.58814607 -2.30390263  2.18801049 -2.45122838  2.13558301
  2.07465187  1.53540354  2.38300452  2.80472708  1.64889939  1.20008378
 -1.51323279 -2.2293636   1.47134914  0.7120116   1.31358289 -3.01405332
 -0.37770802  2.51832587 -1.03585582  1.28748305  1.48327322  0.54452295
 -0.83304091  1.11512228  0.66823879 -0.38367162  2.80475422 -1.99309606
  1.53805863 -0.48680606  1.09034406 -2.84980541 -2.45832365  0.45778381
 -1.16148442 -0.49461654  0.3653008  -0.11124823 -1.65033201 -0.04118525
 -0.85963115  2.81172237 -1.0623353  -1.38012443 -0.94890142  1.07794779
  1.85217301 -0.69610939  1.97230701 -2.19416316 -0.34734879 -0.73254387
 -2.89007242  3.16490137 -1.63181458  3.13529411 -1.26605481 -2.70854258
  3.36221423 -1.23317072 -0.77648809 -2.88403563 -2.71711368  2.5457144
 -2.13657535 -2.04716142 -0.18164023  3.14996168  0.24662557  0.213819
 -1.2501762  -0.67756402 -1.73374055 -3.03026698  2.87032472  1.23544843
 -0.48576128 -2.18841863  1.10965291 -1.10581739 -0.49043322 -2.7394555
 -2.06518437  1.86556359 -0.87382486  2.62190656 -0.45419195 -2.67148766
 -2.82017591  2.26192177 -3.14424497 -0.44534829 -1.00234382 -0.24670162
  2.34759674  1.84019618  0.01816972 -2.55290512 -2.65896854  0.24434108
 -0.76659558  1.24522655 -2.62769543  1.12502579 -0.38398634  0.42080245
  1.91907032  0.45812173  0.65068967 -1.27148932  1.79152346  2.9397466
  0.99589844  0.22183112 -1.14191731  2.42280096  0.72671283 -1.90984749
 -0.05035275  1.87090531  0.98665017 -1.07996564 -2.3013391   2.22232775
  2.0041019   1.92829083  2.29722134  1.91581898 -1.66121432 -3.10393274
  0.42849727  1.34466307 -2.26278636 -1.1258596   2.31185256  1.39300666
 -0.27190679 -1.84445055 -1.64815799  1.96537406  1.30737896 -1.01178414
 -0.23076894 -0.69311753 -0.3034152   2.30249481 -0.66196922 -0.93543366
  0.77596741 -2.3527263   0.5901378   2.78426676 -0.35247172  2.04715086
 -1.86127424 -1.35337353 -2.59733601 -2.42281703 -1.50159918 -3.02903787
  2.0162468   1.78186617  1.58151675  1.12533755  1.58813622 -2.44423276
 -2.50731537  1.7891623   1.0341906  -0.29185984 -2.4771362   1.43100542
 -1.04396601 -3.04753957 -0.04719813  1.89749392 -2.70128947 -2.36820233
  1.87609146  1.02946991 -0.62617912 -0.4963072  -0.92144703  1.96398364
  0.47266251 -0.356323    0.4018695  -2.26658279  1.26142639 -0.15326629
  2.40238232  1.23320147  2.87804117 -1.05732147  2.10168102 -0.42985841
 -3.26836575  2.20318926  0.8114349   1.92871394 -1.28917954  1.43902588
 -2.12171829  0.20894931  0.08309844 -2.79052931 -0.90193054 -2.39313176
  0.07232008 -0.56903505]
Sat May 25 15:41:50 2024,305,0.0959381752420367,[-4.65797603  2.36669048 -1.84098442 -0.12396061  0.18672809 -2.68769344
  3.0127593   2.10568357  1.45507229 -0.92541162  0.61245824  1.0916989
  1.13212006 -1.54201301  0.77718696  2.80617287 -0.79810095 -0.63687915
 -1.7546621   0.60200572  1.67649642  2.99182295 -1.20878259 -0.31570652
 -2.42345129 -2.33801929  2.99459468  2.76330635 -0.54445504 -2.36480669
  1.48285846 -0.05856031 -2.3178815   2.09563513  1.28954793 -0.63855245
  0.84778901 -2.31886607 -0.02586251  2.1533047  -0.16391257  0.38876944
  2.71396952  1.04613511  2.46284071  3.16168706  2.64140747 -2.93930904
  0.26528444 -0.81568171  1.75889256  2.86394204 -0.51093701 -2.31771324
  2.78736793 -3.21061635  0.7939567  -0.63492337 -1.74133763  2.69808814
 -1.80963712 -1.58815832 -2.30391488  2.18802274 -2.45124063  2.13557076
  2.07466411  1.53541579  2.38301676  2.80471483  1.64888715  1.20007153
 -1.51324503 -2.22935136  1.47136138  0.71202384  1.31359514 -3.01404107
 -0.37769577  2.51831362 -1.03584358  1.28749529  1.48326097  0.5445352
 -0.83302866  1.11513452  0.66822654 -0.38368387  2.80476646 -1.99308381
  1.53804638 -0.48679382  1.0903563  -2.84979317 -2.45831141  0.45779606
 -1.16149666 -0.49460429  0.36531304 -0.11126048 -1.65031977 -0.0411975
 -0.85961891  2.81173462 -1.06232305 -1.38011218 -0.94888917  1.07793554
  1.85218525 -0.69612164  1.97229476 -2.19415092 -0.34736104 -0.73255612
 -2.89006017  3.16488912 -1.63182682  3.13528186 -1.26606706 -2.70853033
  3.36220199 -1.23315847 -0.77647585 -2.88402339 -2.71712593  2.54570216
 -2.1365631  -2.04717366 -0.18165248  3.14994943  0.24663781  0.21380676
 -1.25018844 -0.67757627 -1.7337283  -3.03025474  2.87031248  1.23543619
 -0.48577352 -2.18840639  1.10966515 -1.10580514 -0.49044547 -2.73944326
 -2.06517212  1.86555135 -0.87383711  2.62189432 -0.45417971 -2.67147542
 -2.82016366  2.26193401 -3.14423273 -0.44533604 -1.00233157 -0.24668938
  2.3475845   1.84018393  0.01815748 -2.55291737 -2.65898079  0.24435333
 -0.76660782  1.2452143  -2.62770767  1.12501354 -0.38399859  0.42081469
  1.91908256  0.45810948  0.65070192 -1.27147708  1.79153571  2.93975885
  0.99591069  0.22181888 -1.14190506  2.4228132   0.72670058 -1.90983524
 -0.050365    1.87089307  0.98666242 -1.07997789 -2.30135135  2.22234
  2.00408966  1.92827859  2.29723359  1.91580674 -1.66122656 -3.1039205
  0.42850951  1.34465082 -2.26277411 -1.12587185  2.31184031  1.3930189
 -0.27191904 -1.8444383  -1.64817024  1.96536181  1.30736672 -1.01179639
 -0.23078118 -0.69312977 -0.30342744  2.30250706 -0.66195697 -0.93544591
  0.77595516 -2.35271405  0.59015004  2.78425451 -0.35245947  2.04716311
 -1.86128648 -1.35336129 -2.59734826 -2.42280478 -1.50161143 -3.02902563
  2.01623455  1.78187842  1.58152899  1.1253253   1.58814847 -2.44424501
 -2.50730312  1.78915005  1.03420285 -0.29187209 -2.47714844  1.43099318
 -1.04395377 -3.04755181 -0.04721037  1.89748167 -2.70127723 -2.36821458
  1.8761037   1.02948215 -0.62616687 -0.49629496 -0.92143479  1.96397139
  0.47265027 -0.35633525  0.40188174 -2.26659503  1.26141414 -0.15327854
  2.40239457  1.23321372  2.87802893 -1.05733372  2.10169327 -0.42987065
 -3.268378    2.20320151  0.81144714  1.92872619 -1.2891673   1.43901364
 -2.12173054  0.20896156  0.08308619 -2.79051706 -0.90191829 -2.39311952
  0.07230784 -0.5690473 ]
Sat May 25 15:42:14 2024,306,0.09593816792098384,[-4.65798796  2.36670241 -1.84097249 -0.12394868  0.18671616 -2.68768151
  3.01277123  2.10567164  1.45506036 -0.92542355  0.61244631  1.09171084
  1.13213199 -1.54200108  0.77717503  2.8061848  -0.79808902 -0.63689108
 -1.75465017  0.60199379  1.67650835  2.99181101 -1.20877066 -0.31571846
 -2.42346322 -2.33803122  2.99458275  2.76331828 -0.54444311 -2.36481862
  1.48287039 -0.05854838 -2.31786957  2.09564706  1.28955986 -0.63856439
  0.84777708 -2.318878   -0.02585058  2.15331663 -0.16390064  0.38878137
  2.71395759  1.04614704  2.46282878  3.16169899  2.64139554 -2.93929711
  0.26527251 -0.81569364  1.75890449  2.86393011 -0.51092508 -2.31770131
  2.78737987 -3.21060442  0.79396863 -0.6349353  -1.74134956  2.69810007
 -1.80962519 -1.58817025 -2.30390294  2.18801081 -2.4512287   2.13558269
  2.07467604  1.53542772  2.38302869  2.80472676  1.64889908  1.20008347
 -1.5132331  -2.22933943  1.47134945  0.71203577  1.31360707 -3.014053
 -0.37768384  2.51830169 -1.03585551  1.28748336  1.48324904  0.54454713
 -0.83301673  1.11514645  0.66823847 -0.38367193  2.80475453 -1.99309574
  1.53805831 -0.48678189  1.09034437 -2.84978124 -2.45832334  0.45780799
 -1.16150859 -0.49461622  0.36530111 -0.11127241 -1.65030784 -0.04120943
 -0.85963084  2.81172269 -1.06233499 -1.38010025 -0.94887724  1.07792361
  1.85219718 -0.69613357  1.97228283 -2.19416285 -0.34734911 -0.73256805
 -2.89004824  3.16487719 -1.63183875  3.13529379 -1.26605513 -2.70854226
  3.36219006 -1.23314654 -0.77646392 -2.88401146 -2.71713786  2.54569023
 -2.13657503 -2.0471856  -0.18164055  3.14996136  0.24662588  0.21379483
 -1.25020037 -0.6775882  -1.73374023 -3.03026667  2.87030055  1.23544812
 -0.48578545 -2.18839446  1.10965322 -1.10579321 -0.4904574  -2.73943133
 -2.06518405  1.86553941 -0.87382518  2.62190625 -0.45416777 -2.67146348
 -2.82015173  2.26192208 -3.1442208  -0.44532411 -1.0023435  -0.24667744
  2.34757257  1.84019586  0.01816941 -2.55290544 -2.65899272  0.24436526
 -0.76661975  1.24520237 -2.62769574  1.12502547 -0.38398666  0.42080276
  1.91907063  0.45812141  0.65068999 -1.27146515  1.79152377  2.93977078
  0.99592262  0.22180695 -1.14191699  2.42280127  0.72668865 -1.90982331
 -0.05035307  1.870905    0.98665049 -1.07998982 -2.30133942  2.22235193
  2.00407773  1.92829052  2.29722166  1.91579481 -1.66121463 -3.10390857
  0.42852145  1.34466275 -2.26278605 -1.12585992  2.31182838  1.39303083
 -0.27193097 -1.84442637 -1.64815831  1.96537374  1.30735478 -1.01180832
 -0.23076925 -0.69311784 -0.30341551  2.30249512 -0.66194504 -0.93543398
  0.77594323 -2.35272598  0.59016198  2.78424258 -0.35244754  2.04717504
 -1.86127455 -1.35337322 -2.59733633 -2.42279285 -1.50162336 -3.0290137
  2.01622262  1.78189035  1.58154092  1.12531337  1.5881604  -2.44423308
 -2.50729119  1.78916198  1.03421478 -0.29188402 -2.47716037  1.43098125
 -1.0439657  -3.04756374 -0.04719844  1.8974936  -2.7012653  -2.36820264
  1.87609177  1.02949408 -0.6261788  -0.49628303 -0.92142286  1.96398332
  0.47263834 -0.35632332  0.40189367 -2.26660696  1.26142607 -0.15329047
  2.4024065   1.23322565  2.87804086 -1.05734565  2.1017052  -0.42988258
 -3.26836607  2.20318958  0.81145907  1.92873812 -1.28915537  1.43902557
 -2.12171861  0.20894963  0.08309813 -2.790529   -0.90193022 -2.39310759
  0.07229591 -0.56905923]
Sat May 25 15:42:50 2024,307,0.09593816094218313,[-4.65799958  2.36669079 -1.84096086 -0.12396031  0.18670453 -2.68769314
  3.01278286  2.10566001  1.45507199 -0.92543518  0.61243468  1.09169921
  1.13212036 -1.54198945  0.7771634   2.80619642 -0.79807739 -0.63687946
 -1.7546618   0.60198216  1.67649672  2.99182264 -1.20875903 -0.31570683
 -2.4234516  -2.33804285  2.99457112  2.76332991 -0.54445474 -2.36483024
  1.48285877 -0.05853676 -2.31788119  2.09563544  1.28957148 -0.63855276
  0.84776545 -2.31888963 -0.02583896  2.15332826 -0.16391227  0.38876974
  2.71394596  1.04615867  2.4628404   3.16168736  2.64138391 -2.93930874
  0.26528413 -0.81570527  1.75889287  2.86391848 -0.5109367  -2.31768969
  2.78736824 -3.21061604  0.79398025 -0.63492368 -1.74133793  2.69811169
 -1.80961356 -1.58818187 -2.30391457  2.18799918 -2.45121707  2.13559432
  2.07468767  1.53543934  2.38304032  2.80471514  1.6489107   1.20007184
 -1.51324473 -2.2293278   1.47136108  0.71202415  1.31361869 -3.01406463
 -0.37769547  2.51831332 -1.03584388  1.28747174  1.48323741  0.54455875
 -0.83302836  1.11513483  0.66822685 -0.38368356  2.80474291 -1.99310737
  1.53804669 -0.48677026  1.090356   -2.84976961 -2.45831171  0.45779636
 -1.16149697 -0.4946046   0.36528948 -0.11126079 -1.65031946 -0.0411978
 -0.85964247  2.81171106 -1.06232336 -1.38011187 -0.94888887  1.07793524
  1.85220881 -0.69614519  1.97229446 -2.19417447 -0.34733748 -0.73257967
 -2.89005987  3.16486557 -1.63182713  3.13530542 -1.2660435  -2.70855389
  3.36217843 -1.23313492 -0.77647554 -2.88399983 -2.71712623  2.54570185
 -2.13656341 -2.04717397 -0.18162892  3.14997299  0.24661426  0.21380645
 -1.25018875 -0.67759982 -1.73372861 -3.03025504  2.87031217  1.23543649
 -0.48579708 -2.18838283  1.10966485 -1.10580484 -0.49044577 -2.7394197
 -2.06519568  1.86555104 -0.87381355  2.62189462 -0.4541794  -2.67145186
 -2.82016336  2.26191046 -3.14423242 -0.44531249 -1.00233188 -0.24668907
  2.34758419  1.84020749  0.01818104 -2.55291706 -2.65900435  0.24435363
 -0.76663138  1.24519075 -2.62768412  1.12501385 -0.38399828  0.42079113
  1.91908226  0.45810979  0.65070161 -1.27147677  1.7915354   2.93975915
  0.99593425  0.22181857 -1.14192862  2.42278964  0.72667703 -1.90981169
 -0.05034144  1.87089337  0.98666211 -1.07997819 -2.30135104  2.22234031
  2.0040661   1.92827889  2.29723328  1.91578318 -1.66122626 -3.10389694
  0.42853307  1.34467438 -2.26279767 -1.12587154  2.31184001  1.39304246
 -0.27191934 -1.84441474 -1.64814668  1.96536212  1.30734316 -1.01181994
 -0.23075763 -0.69310622 -0.30342714  2.30250675 -0.66195667 -0.93542235
  0.77595486 -2.35271436  0.5901736   2.78423095 -0.35243592  2.04718666
 -1.86126293 -1.35336159 -2.59734795 -2.42278123 -1.50161173 -3.02902532
  2.01623425  1.78187872  1.5815293   1.125325    1.58814877 -2.4442447
 -2.50730282  1.78917361  1.0342264  -0.29189564 -2.477172    1.43096962
 -1.04395407 -3.04757537 -0.04721007  1.89748198 -2.70127692 -2.36819102
  1.87608015  1.02950571 -0.62616718 -0.4962714  -0.92143448  1.96399495
  0.47262671 -0.35631169  0.40188205 -2.26659534  1.26141445 -0.15327884
  2.40239487  1.23321402  2.87802923 -1.05733402  2.10171683 -0.42987096
 -3.26837769  2.2032012   0.8114707   1.92872649 -1.28916699  1.43901395
 -2.12170698  0.20896125  0.08310975 -2.79054062 -0.90194185 -2.39309596
  0.07230753 -0.5690476 ]
Sat May 25 15:43:13 2024,308,0.095938154288769,[-4.65801091  2.36670212 -1.84097219 -0.12397164  0.18671586 -2.68770447
  3.01279418  2.10564868  1.45506066 -0.92542385  0.61242335  1.09168788
  1.13210903 -1.54197812  0.77715207  2.80620775 -0.79808872 -0.63686813
 -1.75467313  0.60199349  1.67648539  2.99181131 -1.20877036 -0.31571816
 -2.42346292 -2.33803152  2.99455979  2.76331858 -0.54444341 -2.36481892
  1.48284744 -0.05852543 -2.31789252  2.09562411  1.28958281 -0.63856409
  0.84777678 -2.3188783  -0.02585028  2.15331693 -0.16390094  0.38878107
  2.71395729  1.04616999  2.46285173  3.16169869  2.64139524 -2.93932006
  0.26529546 -0.8157166   1.75890419  2.86390715 -0.51094803 -2.31767836
  2.78737957 -3.21062737  0.79399158 -0.63491235 -1.74134926  2.69810037
 -1.80960223 -1.5881932  -2.30390324  2.18801051 -2.4512284   2.13558299
  2.074699    1.53542801  2.38305165  2.80472646  1.64889938  1.20008317
 -1.5132334  -2.22933913  1.47134975  0.71201282  1.31360736 -3.0140533
 -0.37768414  2.51832464 -1.03583256  1.28748307  1.48322609  0.54457008
 -0.83301703  1.1151235   0.66823818 -0.38367223  2.80475423 -1.99311869
  1.53803536 -0.48678159  1.09036733 -2.84978094 -2.45832304  0.45778503
 -1.16148564 -0.49461593  0.36527816 -0.11124946 -1.65030813 -0.04120913
 -0.85963114  2.81172239 -1.06233469 -1.38010055 -0.94890019  1.07792391
  1.85222014 -0.69613386  1.97230579 -2.19416315 -0.34732615 -0.732591
 -2.89004854  3.16485424 -1.63183845  3.13529409 -1.26603217 -2.70854256
  3.3621671  -1.23314624 -0.77648687 -2.8839885  -2.71713756  2.54571318
 -2.13657474 -2.0471853  -0.18164025  3.14998431  0.24662558  0.21379512
 -1.25017742 -0.6775885  -1.73371728 -3.03026637  2.8703235   1.23544782
 -0.48580841 -2.1883715   1.10967618 -1.10581617 -0.49043445 -2.73943103
 -2.06520701  1.86553971 -0.87380222  2.62190595 -0.45416807 -2.67146319
 -2.82017469  2.26189913 -3.14422109 -0.44530116 -1.00234321 -0.2467004
  2.34759552  1.84021881  0.01816971 -2.55290573 -2.65899302  0.2443423
 -0.76662005  1.24520208 -2.62769544  1.12502517 -0.38398696  0.42077981
  1.91909358  0.45812112  0.65069029 -1.2714881   1.79154673  2.93977048
  0.99592292  0.2218299  -1.14193995  2.42280097  0.72668835 -1.90982301
 -0.05035277  1.8709047   0.98665078 -1.07996686 -2.30133971  2.22235163
  2.00407743  1.92829022  2.29722196  1.91577186 -1.66123758 -3.10388561
  0.42852174  1.34466305 -2.26278634 -1.12586022  2.31182868  1.39303113
 -0.27193067 -1.84440342 -1.64815801  1.96537345  1.30733183 -1.01183127
 -0.23076896 -0.69311754 -0.30341581  2.30249542 -0.661968   -0.93541102
  0.77594353 -2.35272569  0.59018493  2.78421963 -0.35244724  2.04717534
 -1.86127426 -1.35337292 -2.59733662 -2.42279255 -1.50160041 -3.02903665
  2.01622292  1.78189005  1.58151797  1.12531367  1.5881601  -2.44423338
 -2.50731414  1.78916228  1.03421508 -0.29190697 -2.47716067  1.43098095
 -1.04394274 -3.04758669 -0.04719874  1.89747065 -2.70128825 -2.36817969
  1.87606882  1.02951704 -0.62615585 -0.49626007 -0.92142316  1.96400628
  0.47261538 -0.35630036  0.40189338 -2.26658401  1.26140312 -0.15329017
  2.40238354  1.2332027   2.87804056 -1.05732269  2.1017055  -0.42988228
 -3.26836636  2.20321253  0.81145937  1.92873782 -1.28915567  1.43902527
 -2.12171831  0.20897258  0.08309842 -2.79055195 -0.90195317 -2.39310729
  0.07231886 -0.56903627]
Sat May 25 15:43:51 2024,309,0.09593814794474098,[-4.65802195  2.36669108 -1.84096115 -0.1239606   0.1867269  -2.68769343
  3.01280522  2.10565972  1.4550717  -0.92543489  0.61241232  1.09169892
  1.13209799 -1.54198916  0.77716311  2.80621879 -0.79809976 -0.63687917
 -1.75468416  0.60200453  1.67649643  2.99182235 -1.20875932 -0.31570712
 -2.42345189 -2.33804256  2.99454875  2.76330754 -0.54443237 -2.36482995
  1.48285848 -0.05851439 -2.31790356  2.09563515  1.28957177 -0.63857513
  0.84776574 -2.31886726 -0.02583925  2.15332797 -0.1638899   0.38877003
  2.71396833  1.04615895  2.46286277  3.16170973  2.6413842  -2.9393311
  0.26528442 -0.81570556  1.75889315  2.86391819 -0.51093699 -2.3176894
  2.78739061 -3.21063841  0.79400262 -0.63490131 -1.74133822  2.69811141
 -1.80961327 -1.58818216 -2.3038922   2.18802155 -2.45121736  2.13557195
  2.07471003  1.53543905  2.38304061  2.8047375   1.64891042  1.20007213
 -1.51324444 -2.22935017  1.47133871  0.71202386  1.3136184  -3.01404226
 -0.3776731   2.5183136  -1.03582152  1.2874941   1.48321505  0.54458112
 -0.83300599  1.11513454  0.66822714 -0.38368327  2.80476527 -1.99312973
  1.53802432 -0.48679263  1.09035629 -2.84979198 -2.45833408  0.45777399
 -1.1614746  -0.49460489  0.3652892  -0.11123842 -1.65029709 -0.04119809
 -0.85964218  2.81171135 -1.06234573 -1.38008951 -0.94891123  1.07791287
  1.8522091  -0.6961449   1.97231683 -2.19417418 -0.34733719 -0.73257996
 -2.8900375   3.1648432  -1.63184949  3.13528305 -1.26602113 -2.7085536
  3.36217814 -1.23315728 -0.77649791 -2.88397747 -2.71712652  2.54572422
 -2.13658578 -2.04717426 -0.18162921  3.14999535  0.24663662  0.21380616
 -1.25016638 -0.67759953 -1.73372832 -3.03027741  2.87031246  1.23543678
 -0.48579737 -2.18838254  1.10966514 -1.1058272  -0.49044549 -2.73941999
 -2.06519597  1.86555075 -0.87379119  2.62189491 -0.45417911 -2.67147423
 -2.82016365  2.26191017 -3.14423213 -0.4453122  -1.00233217 -0.24671144
  2.34760656  1.84020778  0.01818075 -2.55289469 -2.65898198  0.24435334
 -0.76660901  1.24521312 -2.62770648  1.12501414 -0.38397592  0.42076877
  1.91908255  0.45813215  0.65067925 -1.27147706  1.79155777  2.93975944
  0.99593396  0.22184094 -1.14192891  2.42278993  0.72669939 -1.90981197
 -0.05036381  1.87091574  0.98663975 -1.07995583 -2.30132867  2.22234059
  2.00408847  1.92827918  2.29723299  1.91576082 -1.66122655 -3.10387457
  0.4285107   1.34467409 -2.2627753  -1.12584918  2.31183972  1.39302009
 -0.27194171 -1.84439238 -1.64816905  1.96536241  1.30732079 -1.01184231
 -0.23077999 -0.69310651 -0.30340477  2.30250646 -0.66197904 -0.93539998
  0.77593249 -2.35273672  0.59017389  2.78423067 -0.3524362   2.0471643
 -1.86128529 -1.35338396 -2.59734766 -2.42278152 -1.50161145 -3.02902561
  2.01623396  1.78190109  1.58150693  1.12530263  1.58817114 -2.44422234
 -2.50732518  1.78915124  1.03422612 -0.29189593 -2.47717171  1.43099199
 -1.04395378 -3.04759773 -0.0471877   1.89745961 -2.70127721 -2.36816865
  1.87607986  1.02952808 -0.62614481 -0.49624903 -0.92141212  1.96401731
  0.47262642 -0.35628932  0.40190442 -2.26659505  1.26139208 -0.15330121
  2.4023725   1.23319166  2.87802952 -1.05733373  2.10171654 -0.42987125
 -3.2683774   2.20322357  0.81144833  1.92874886 -1.2891667   1.43903631
 -2.12170727  0.20898362  0.08308738 -2.79054091 -0.90196421 -2.39311833
  0.0723299  -0.56904731]
Sat May 25 15:44:15 2024,310,0.09593814189491827,[-4.65803271  2.36670184 -1.84097191 -0.12397136  0.18671614 -2.68768267
  3.01279446  2.10567048  1.45508245 -0.92544564  0.61240156  1.09168816
  1.13210875 -1.54199992  0.77715235  2.80620803 -0.79811052 -0.63688993
 -1.75467341  0.60199377  1.67650719  2.99181159 -1.20877008 -0.31569636
 -2.42344113 -2.33805332  2.99455951  2.76329678 -0.54442161 -2.36484071
  1.48286923 -0.05852515 -2.3178928   2.09562439  1.28956102 -0.63856437
  0.8477765  -2.31885651 -0.02585     2.15331721 -0.16387914  0.38878079
  2.71395757  1.0461482   2.46287353  3.16172049  2.64139496 -2.93932034
  0.26529518 -0.8156948   1.75890391  2.86390744 -0.51094775 -2.31767864
  2.78740136 -3.21064917  0.79401338 -0.63489055 -1.74134898  2.69810065
 -1.80960252 -1.58819292 -2.30388145  2.18801079 -2.45122812  2.13556119
  2.07472079  1.5354283   2.38305137  2.80472675  1.64889966  1.20008289
 -1.51323368 -2.22936092  1.47134947  0.71203462  1.31360765 -3.01403151
 -0.37768386  2.51832436 -1.03583228  1.28748335  1.48320429  0.54457036
 -0.83301675  1.11512378  0.66823789 -0.38367251  2.80475452 -1.99311898
  1.53801356 -0.48680339  1.09036705 -2.84978122 -2.45832332  0.45778475
 -1.16146384 -0.49459413  0.36527844 -0.11124918 -1.65030785 -0.04120885
 -0.85965293  2.81172211 -1.06235648 -1.38010027 -0.94892199  1.07792363
  1.85219834 -0.69613415  1.97230607 -2.19418494 -0.34734795 -0.73256921
 -2.89004826  3.16483244 -1.63186025  3.13529381 -1.26601038 -2.70854284
  3.3621889  -1.23314652 -0.77650867 -2.88398822 -2.71713728  2.54571346
 -2.13657502 -2.0471635  -0.18163997  3.1499846   0.24662586  0.2137954
 -1.25017714 -0.67761029 -1.73371756 -3.03026665  2.87030171  1.23544754
 -0.48580812 -2.1883933   1.10967589 -1.10583796 -0.49043473 -2.73940923
 -2.06518521  1.86556151 -0.87380194  2.62190567 -0.45416835 -2.67146347
 -2.8201744   2.26192092 -3.14422137 -0.44532296 -1.00232141 -0.24670068
  2.3475958   1.84021853  0.0181915  -2.55290545 -2.65897122  0.2443641
 -0.76659825  1.24522387 -2.62769573  1.12502489 -0.38398667  0.42075801
  1.9190933   0.4581214   0.65066849 -1.27148782  1.79156852  2.9397702
  0.9959232   0.22183018 -1.14191815  2.42277918  0.72671015 -1.90980122
 -0.05035305  1.87090498  0.9866505  -1.07994507 -2.30133943  2.22232984
  2.00407771  1.92828994  2.29722224  1.91575006 -1.6612373  -3.10388533
  0.42849995  1.34468485 -2.26276455 -1.12583842  2.31185047  1.39300933
 -0.27193095 -1.84440313 -1.64815829  1.96535165  1.30733155 -1.01185307
 -0.23076924 -0.69311726 -0.30341553  2.30251722 -0.66198979 -0.93538923
  0.77592173 -2.35272597  0.59018465  2.78421991 -0.35242545  2.04717506
 -1.86127454 -1.35339472 -2.59733691 -2.42279227 -1.50160069 -3.02901485
  2.0162232   1.78189033  1.58151769  1.12529187  1.58816038 -2.44421158
 -2.50733594  1.78914048  1.03421536 -0.29190669 -2.47716095  1.43100275
 -1.04396454 -3.04760849 -0.04717694  1.89747037 -2.70128797 -2.3681579
  1.8760691   1.02953883 -0.62615557 -0.49625979 -0.92140136  1.96402807
  0.47261567 -0.35627857  0.40191517 -2.26660581  1.26140284 -0.15331197
  2.40236175  1.23320241  2.87804028 -1.05734449  2.10172729 -0.429882
 -3.26838816  2.20321281  0.81145909  1.9287381  -1.28917746  1.43904707
 -2.12171803  0.20899438  0.08309814 -2.79055167 -0.90195346 -2.39312909
  0.07231914 -0.56905807]
Sat May 25 15:44:43 2024,311,0.09593813612489763,[-4.65804319  2.36669135 -1.8409824  -0.12396087  0.18672662 -2.68769315
  3.01280495  2.10568096  1.45509294 -0.92543516  0.61239107  1.09169865
  1.13211924 -1.54198944  0.77714187  2.80621852 -0.798121   -0.63690041
 -1.75468389  0.60198329  1.67651767  2.99182208 -1.20878056 -0.31568588
 -2.42345161 -2.33804283  2.99454903  2.76330727 -0.54441113 -2.3648512
  1.48285875 -0.05851466 -2.31790328  2.09561391  1.2895715  -0.63857485
  0.84776602 -2.31884602 -0.02583952  2.15332769 -0.16386866  0.38879127
  2.71396806  1.04615868  2.46288401  3.16171     2.64138447 -2.93933083
  0.26530566 -0.81568432  1.7589144   2.86391792 -0.51095823 -2.31768913
  2.78741185 -3.21065965  0.79402386 -0.63488007 -1.74133849  2.69809016
 -1.809613   -1.58818244 -2.30389193  2.18802127 -2.45121763  2.13557168
  2.07471031  1.53543878  2.38306185  2.80471626  1.64888917  1.2000724
 -1.51324417 -2.22937141  1.47135995  0.7120451   1.31361813 -3.01404199
 -0.37767337  2.51831388 -1.03582179  1.28747286  1.48321477  0.54458085
 -0.83302723  1.11513426  0.66822741 -0.383683    2.804765   -1.99310849
  1.53800308 -0.48681387  1.09037753 -2.84977074 -2.45831284  0.45779524
 -1.16147433 -0.49460461  0.36526795 -0.11125966 -1.65031834 -0.04121933
 -0.85966342  2.81173259 -1.06236697 -1.38008978 -0.94891151  1.07791314
  1.85220883 -0.69614463  1.97229558 -2.19417446 -0.34733747 -0.73255872
 -2.89003777  3.16482196 -1.63184977  3.13528332 -1.26602086 -2.70855332
  3.36217842 -1.23313604 -0.77651915 -2.88399871 -2.71714776  2.54572394
 -2.1365855  -2.04717399 -0.18162949  3.14997411  0.24663635  0.21378492
 -1.25016665 -0.67759981 -1.73370708 -3.03025617  2.87031219  1.23543706
 -0.48579764 -2.18840378  1.10966541 -1.10584845 -0.49042424 -2.73941972
 -2.06519569  1.86557199 -0.87379146  2.62189519 -0.45417884 -2.67145298
 -2.82018489  2.26191044 -3.14421089 -0.44531247 -1.00231093 -0.2466902
  2.34758532  1.84020805  0.01818102 -2.55289497 -2.6589817   0.24435362
 -0.76660874  1.24521339 -2.62768524  1.12503538 -0.38397619  0.42076849
  1.91910379  0.45811091  0.65067897 -1.27147734  1.79155804  2.93978068
  0.99591272  0.22184066 -1.14190767  2.42278966  0.72669967 -1.90979073
 -0.05034257  1.87091547  0.98664002 -1.07995555 -2.30132895  2.22234032
  2.00406723  1.92827946  2.29723272  1.91576054 -1.66122682 -3.10387485
  0.42848946  1.34467436 -2.26277503 -1.12582794  2.31186096  1.39299885
 -0.27192047 -1.84441362 -1.64816877  1.96534117  1.30734203 -1.01184258
 -0.23075875 -0.69310678 -0.30342601  2.30250673 -0.66200028 -0.93539971
  0.77593222 -2.35271548  0.59017416  2.78420942 -0.35243593  2.04716457
 -1.86126405 -1.35338423 -2.59732642 -2.42280276 -1.5015902  -3.02900437
  2.01621272  1.78187985  1.58152817  1.12530236  1.58817086 -2.4442011
 -2.50732546  1.78913     1.03422584 -0.29189621 -2.47715047  1.43099226
 -1.04395406 -3.04759801 -0.04718743  1.89748085 -2.70127748 -2.36814741
  1.87607958  1.02954932 -0.62616605 -0.49624931 -0.92139087  1.96403856
  0.47262615 -0.35626808  0.40192566 -2.26661629  1.26139235 -0.15332245
  2.40235126  1.2332129   2.87802979 -1.05733401  2.10173778 -0.42987152
 -3.26839864  2.20320233  0.81144861  1.92872762 -1.28918795  1.43903659
 -2.12172851  0.20900486  0.08308766 -2.79054118 -0.90196394 -2.39313957
  0.07230866 -0.56904759]
Sat May 25 15:45:12 2024,312,0.09593813062100934,[-4.65805341  2.36668113 -1.84097218 -0.12397109  0.18673684 -2.68768294
  3.01279473  2.10569118  1.45510315 -0.92542494  0.61240129  1.09168843
  1.13210902 -1.54199965  0.77713165  2.8062083  -0.79813122 -0.63691063
 -1.75469411  0.60199351  1.67650746  2.99181186 -1.20879078 -0.31567566
 -2.42346183 -2.33803262  2.99453881  2.76329705 -0.54440091 -2.36484098
  1.48284853 -0.05850445 -2.31789307  2.09560369  1.28958172 -0.63856464
  0.84777623 -2.3188358  -0.02584974  2.15331748 -0.16387887  0.38878106
  2.71397827  1.0461689   2.46287379  3.16169979  2.64139469 -2.93932061
  0.26529544 -0.8156741   1.75892461  2.8639077  -0.51094802 -2.31769934
  2.78742207 -3.21066987  0.79403408 -0.63486985 -1.74134871  2.69807995
 -1.80962322 -1.58817222 -2.30390215  2.18801106 -2.45122785  2.1355819
  2.07470009  1.53542856  2.38307207  2.80470604  1.64887896  1.20008262
 -1.51325438 -2.22936119  1.47134974  0.71203488  1.31360791 -3.01403177
 -0.37768359  2.5183241  -1.03581157  1.28746265  1.48322499  0.54459107
 -0.83301701  1.11514448  0.66821719 -0.38369321  2.80475478 -1.99309828
  1.53799286 -0.48680365  1.09038775 -2.84978095 -2.45832305  0.45780545
 -1.16146411 -0.49461483  0.36525774 -0.11126988 -1.65030812 -0.04122955
 -0.8596532   2.81172238 -1.06237719 -1.38007956 -0.94890129  1.07790293
  1.85221904 -0.69613441  1.9723058  -2.19416424 -0.34732725 -0.7325485
 -2.89004799  3.16483217 -1.63185998  3.13529354 -1.26603108 -2.70856354
  3.36218863 -1.23314626 -0.77650893 -2.88400892 -2.71715798  2.54571373
 -2.13657529 -2.04716377 -0.18161927  3.14998433  0.24664657  0.21379514
 -1.25015644 -0.67758959 -1.73371729 -3.03026639  2.87032241  1.23542684
 -0.48578742 -2.18839357  1.10965519 -1.10583823 -0.49041403 -2.73942993
 -2.06520591  1.86558221 -0.87380168  2.6219054  -0.45416862 -2.6714632
 -2.82019511  2.26192066 -3.14422111 -0.44532269 -1.00232114 -0.24667998
  2.3475751   1.84021827  0.01819124 -2.55290519 -2.65897149  0.2443434
 -0.76661895  1.24522361 -2.62769546  1.12504559 -0.38396597  0.42077871
  1.91909357  0.4581007   0.65066876 -1.27148755  1.79154782  2.93977047
  0.99592293  0.22185088 -1.14189745  2.42277944  0.72668945 -1.90978052
 -0.05033235  1.87090525  0.9866298  -1.07996577 -2.30131873  2.2223301
  2.00407745  1.92826924  2.29724294  1.91575033 -1.6612166  -3.10386463
  0.42849968  1.34468458 -2.26276481 -1.12581772  2.31187117  1.39298863
 -0.27191025 -1.84442384 -1.64817899  1.96535138  1.30733182 -1.01183237
 -0.23076897 -0.693117   -0.30341579  2.30249652 -0.66201049 -0.93538949
  0.77594244 -2.35270527  0.59018438  2.78421964 -0.35242571  2.04717479
 -1.86125384 -1.35339445 -2.59733664 -2.42279254 -1.50157999 -3.02901459
  2.01622293  1.78186963  1.58151795  1.12529214  1.58816065 -2.44421131
 -2.50731524  1.78914022  1.03423606 -0.29190642 -2.47714025  1.43100248
 -1.04396428 -3.04758779 -0.04717721  1.89747063 -2.70126727 -2.36813719
  1.8760898   1.02955954 -0.62617627 -0.49625953 -0.92138066  1.96404877
  0.47261593 -0.35625786  0.40191544 -2.26660607  1.26140257 -0.15331223
  2.40234105  1.23320268  2.87804001 -1.05732379  2.10172756 -0.42988174
 -3.26840886  2.20319211  0.81145882  1.92873784 -1.28919816  1.4390468
 -2.12171829  0.20899464  0.08307744 -2.7905514  -0.90197416 -2.39314979
  0.07229844 -0.56903737]
Sat May 25 15:45:35 2024,313,0.0959381253702807,[-4.65806337  2.36669109 -1.84098214 -0.12398105  0.18672688 -2.68767298
  3.01280469  2.10570114  1.45511311 -0.92541499  0.61241125  1.09167847
  1.13209906 -1.54198969  0.7771217   2.80621826 -0.79812126 -0.63692059
 -1.75468415  0.60200347  1.67651741  2.9918019  -1.20880074 -0.31568562
 -2.42347179 -2.33804257  2.99454877  2.76328709 -0.54439095 -2.36483102
  1.48283858 -0.0585144  -2.31788311  2.09561365  1.28959168 -0.63857459
  0.84776628 -2.31882585 -0.02583978  2.15330752 -0.16386892  0.38879101
  2.71396832  1.04617886  2.46286383  3.16168983  2.64138473 -2.93931065
  0.2653054  -0.81568406  1.75891465  2.86391766 -0.51095797 -2.31768938
  2.78741211 -3.21067983  0.79402412 -0.6348599  -1.74133875  2.6980899
 -1.80961326 -1.58818218 -2.30389219  2.1880011  -2.45123781  2.13559185
  2.07469013  1.53543852  2.38308203  2.80469609  1.648869    1.20009258
 -1.51326434 -2.22935123  1.47133978  0.71204484  1.31361787 -3.01404173
 -0.37769355  2.51833405 -1.03582153  1.28745269  1.48323495  0.54458111
 -0.83300706  1.11515444  0.66822715 -0.38370317  2.80476474 -1.99310823
  1.53800282 -0.48681361  1.09037779 -2.84977099 -2.45833301  0.4577955
 -1.16145415 -0.49462479  0.36524778 -0.11125992 -1.65031808 -0.04123951
 -0.85966316  2.81173233 -1.06236723 -1.38008952 -0.94891125  1.07789297
  1.852229   -0.69612445  1.97231576 -2.1941742  -0.34731729 -0.73255846
 -2.89003803  3.16484213 -1.63186994  3.13528358 -1.26602112 -2.7085735
  3.36219859 -1.23315622 -0.77651889 -2.88401888 -2.71716794  2.54572368
 -2.13656533 -2.04715381 -0.18162923  3.14999429  0.24663661  0.2138051
 -1.25016639 -0.67757963 -1.73372725 -3.03027635  2.87033237  1.2354368
 -0.48577747 -2.18840352  1.10964524 -1.10584819 -0.49042398 -2.73943989
 -2.06521587  1.86557225 -0.87379172  2.62189545 -0.45417858 -2.67145324
 -2.82018515  2.2619107  -3.14421115 -0.44533265 -1.00231119 -0.24667002
  2.34756514  1.84022822  0.0182012  -2.55289523 -2.65896153  0.24435336
 -0.766609    1.24523356 -2.62770542  1.12505555 -0.38397593  0.42076875
  1.91908361  0.45811065  0.65067871 -1.27149751  1.79153786  2.93976051
  0.99591298  0.22186084 -1.14190741  2.42276948  0.72669941 -1.90977056
 -0.05034231  1.87091521  0.98663976 -1.07997573 -2.30132869  2.22232015
  2.00406749  1.9282792   2.29723298  1.91576028 -1.66120664 -3.10387459
  0.42848972  1.34469454 -2.26275485 -1.12582768  2.31186122  1.39297868
 -0.27192021 -1.84443379 -1.64818895  1.96536134  1.30734177 -1.01184232
 -0.23077893 -0.69310704 -0.30340584  2.30248656 -0.66202045 -0.93537953
  0.77595239 -2.35271522  0.59019434  2.78420968 -0.35241576  2.04716483
 -1.86124388 -1.35338449 -2.5973466  -2.4228025  -1.50157003 -3.02900463
  2.01621297  1.78185967  1.581508    1.1253021   1.58817061 -2.44422127
 -2.50730528  1.78913026  1.03424602 -0.29189647 -2.47715021  1.43101244
 -1.04395432 -3.04757783 -0.04716725  1.89746067 -2.70127722 -2.36814715
  1.87607984  1.02956949 -0.62618623 -0.49626948 -0.92139062  1.96405873
  0.47260597 -0.35624791  0.4019254  -2.26661603  1.26141253 -0.15332219
  2.402351    1.23319272  2.87803005 -1.05733375  2.10173752 -0.42987178
 -3.26841882  2.20320207  0.81144887  1.92872788 -1.28920812  1.43905676
 -2.12170834  0.2090046   0.0830874  -2.79054144 -0.90198412 -2.39313983
  0.0723084  -0.56904733]
Sat May 25 15:46:08 2024,314,0.09593812036039925,[-4.65807307  2.36668139 -1.84097243 -0.12399075  0.18671718 -2.68768268
  3.01279498  2.10571084  1.45512282 -0.92540528  0.61242096  1.09168818
  1.13210877 -1.5419994   0.7771314   2.80620855 -0.79811156 -0.63691088
 -1.75469386  0.60199376  1.67652712  2.99181161 -1.20879103 -0.31569532
 -2.42348149 -2.33805228  2.99455847  2.76327739 -0.54438125 -2.36484073
  1.48282887 -0.05852411 -2.3178734   2.09560394  1.28958197 -0.63856489
  0.84777598 -2.31881614 -0.02584948  2.15329781 -0.16387862  0.38880072
  2.71397802  1.04618856  2.46287354  3.16168012  2.64137503 -2.93932036
  0.26531511 -0.81567435  1.75892436  2.86392737 -0.51094827 -2.31769909
  2.78742181 -3.21067012  0.79401441 -0.63485019 -1.74132905  2.69809961
 -1.80962296 -1.58819188 -2.30390189  2.1880108  -2.4512281   2.13558215
  2.07469984  1.53542881  2.38309173  2.80470579  1.6488787   1.20008287
 -1.51325463 -2.22936094  1.47133007  0.71203514  1.31360816 -3.01403202
 -0.37768384  2.51832435 -1.03583124  1.28746239  1.48322524  0.54459081
 -0.83301676  1.11516414  0.66821744 -0.38371288  2.80477445 -1.99311794
  1.53799312 -0.4868039   1.0903875  -2.84976129 -2.45832331  0.4578052
 -1.16146386 -0.49461508  0.36525748 -0.11126962 -1.65030837 -0.04124922
 -0.85965345  2.81174204 -1.06237693 -1.38009923 -0.94892095  1.07790267
  1.85221929 -0.69613416  1.97232547 -2.1941839  -0.34730759 -0.73256817
 -2.89004774  3.16483243 -1.63187965  3.13527388 -1.26601141 -2.70856379
  3.36218888 -1.23316592 -0.7765286  -2.88402859 -2.71717765  2.54573339
 -2.13655562 -2.0471441  -0.18161952  3.15000399  0.2466269   0.2138148
 -1.2501761  -0.67758934 -1.73371755 -3.03028605  2.87034207  1.2354465
 -0.48578717 -2.18839382  1.10965494 -1.10583848 -0.49041428 -2.7394496
 -2.06520616  1.86558196 -0.87380142  2.62190515 -0.45418828 -2.67146295
 -2.82019485  2.26190099 -3.14420144 -0.44534235 -1.00232089 -0.24666031
  2.34757485  1.84021852  0.0182109  -2.55290493 -2.65897123  0.24436306
 -0.7666187   1.24524327 -2.62769571  1.12504585 -0.38398564  0.42077846
  1.91907391  0.45812036  0.65066901 -1.27150722  1.79154757  2.9397508
  0.99592268  0.22187055 -1.1418977   2.42275978  0.7266897  -1.90978026
 -0.05035201  1.87092491  0.98664947 -1.07998543 -2.30133839  2.22231044
  2.00405778  1.92826949  2.29722327  1.91575058 -1.66119694 -3.10388429
  0.42848002  1.34470425 -2.26276456 -1.12583738  2.31185151  1.39296897
 -0.2719105  -1.84442409 -1.64817924  1.96535164  1.30733207 -1.01183262
 -0.23076922 -0.69309733 -0.30341554  2.30247685 -0.66201075 -0.93538924
  0.77594269 -2.35272493  0.59020405  2.78421939 -0.35242546  2.04717454
 -1.86125358 -1.3533942  -2.5973563  -2.42279279 -1.50156032 -3.02901434
  2.01622268  1.78184997  1.58149829  1.1253118   1.58818031 -2.44423098
 -2.50731499  1.78913997  1.03425572 -0.29188676 -2.47715991  1.43100273
 -1.04396402 -3.04756813 -0.04715755  1.89745097 -2.70128693 -2.36813745
  1.87608955  1.0295792  -0.62617652 -0.49625978 -0.92140032  1.96404903
  0.47261568 -0.35625761  0.40191569 -2.26660632  1.26140282 -0.15331249
  2.40236071  1.23320243  2.87802035 -1.05732404  2.10172781 -0.42988148
 -3.26840911  2.20319236  0.81145857  1.92873759 -1.28921783  1.43904706
 -2.12169863  0.2089949   0.08307769 -2.79053174 -0.90197441 -2.39314954
  0.07229869 -0.56905703]
Sat May 25 15:46:34 2024,315,0.09593811557967626,[-4.65808253  2.36667193 -1.84098189 -0.12398129  0.18672664 -2.68767322
  3.01278552  2.1057203   1.45513228 -0.92539582  0.6124115   1.09169764
  1.13211823 -1.54198994  0.77712194  2.80619909 -0.7981021  -0.63692034
 -1.75470332  0.60200322  1.67653658  2.99182107 -1.20878157 -0.31568586
 -2.42349095 -2.33804282  2.99454901  2.76326793 -0.54439071 -2.36485019
  1.48281941 -0.05851465 -2.31786394  2.0956134   1.28957251 -0.63855543
  0.84778544 -2.31880668 -0.02585894  2.15328835 -0.16388808  0.38881018
  2.71396856  1.04619802  2.46286408  3.16168958  2.64138449 -2.9393109
  0.26532457 -0.81568381  1.7589149   2.86393683 -0.51095773 -2.31768963
  2.78741235 -3.21067958  0.79400495 -0.63484073 -1.74131959  2.69810907
 -1.8096135  -1.58820134 -2.30391135  2.18802026 -2.45123757  2.13557269
  2.0747093   1.53541935  2.38310119  2.80471525  1.64886924  1.20007341
 -1.51324517 -2.22935148  1.47132061  0.71202567  1.31361762 -3.01404148
 -0.3776933   2.51833381 -1.03582178  1.28745293  1.48321578  0.54458135
 -0.8330073   1.11515468  0.66822691 -0.38370342  2.80476499 -1.99310848
  1.53800258 -0.48681336  1.09037803 -2.84977075 -2.45833277  0.45779574
 -1.16147332 -0.49460562  0.36524802 -0.11127909 -1.65031783 -0.04123976
 -0.85964399  2.8117515  -1.06238639 -1.38010869 -0.94891149  1.07789321
  1.85220983 -0.6961247   1.97231601 -2.19419337 -0.34729813 -0.73255871
 -2.8900572   3.16482297 -1.63188911  3.13526442 -1.26602087 -2.70855433
  3.36217942 -1.23317538 -0.77651914 -2.88403805 -2.71718711  2.54572393
 -2.13654616 -2.04713464 -0.18161006  3.14999453  0.24663636  0.21382426
 -1.25018556 -0.6775988  -1.73372701 -3.03029551  2.87033261  1.23543704
 -0.48579663 -2.18838436  1.1096644  -1.10584794 -0.49040482 -2.73945906
 -2.06521562  1.8655725  -0.87379196  2.62191461 -0.45419774 -2.67147241
 -2.82018539  2.26189153 -3.14419198 -0.44533289 -1.00231143 -0.24665085
  2.34758431  1.84022798  0.01820144 -2.55291439 -2.65896177  0.24437252
 -0.76662816  1.24523381 -2.62770517  1.12505531 -0.38397618  0.42078792
  1.91906444  0.4581109   0.65065955 -1.27151668  1.79155703  2.93974134
  0.99593214  0.22186109 -1.14188824  2.42276924  0.72669916 -1.9097708
 -0.05034255  1.87091545  0.98665893 -1.07999489 -2.30134786  2.2223199
  2.00404832  1.92827895  2.29723273  1.91574112 -1.6612064  -3.10389375
  0.42848948  1.34471371 -2.2627551  -1.12584684  2.31186097  1.39295951
 -0.27191996 -1.84443355 -1.6481887   1.9653611   1.30732261 -1.01182316
 -0.23077868 -0.69310679 -0.30340608  2.30248631 -0.66200129 -0.93537978
  0.77595215 -2.35271547  0.59021351  2.78420993 -0.352416    2.04716508
 -1.86126304 -1.35340366 -2.59734684 -2.42280225 -1.50155086 -3.02900487
  2.01623214  1.78185943  1.58150775  1.12532127  1.58818977 -2.44422152
 -2.50730553  1.78913051  1.03426518 -0.29189622 -2.47715045  1.43099327
 -1.04397348 -3.04755867 -0.04716701  1.89744151 -2.70129639 -2.36812799
  1.87608009  1.02958866 -0.62616706 -0.49626924 -0.92140978  1.96405849
  0.47262514 -0.35624815  0.40192515 -2.26659686  1.26139336 -0.15330303
  2.40237017  1.23321189  2.87801089 -1.0573335   2.10171835 -0.42987202
 -3.26839965  2.20320182  0.81144911  1.92874705 -1.28920837  1.43905652
 -2.12168917  0.20898544  0.08308715 -2.7905412  -0.90196495 -2.39314008
  0.07228923 -0.56904757]
Sat May 25 15:46:57 2024,316,0.09593811101701519,[-4.65809175  2.36668115 -1.84097267 -0.12397207  0.18673586 -2.68768245
  3.01279474  2.10571108  1.4551415  -0.9253866   0.61240227  1.09170686
  1.13210901 -1.54199916  0.77711272  2.80618987 -0.79811132 -0.63691112
 -1.75471254  0.601994    1.6765458   2.99183029 -1.20877235 -0.31569509
 -2.42348173 -2.3380336   2.99453979  2.7632587  -0.54439993 -2.36484096
  1.48281019 -0.05850543 -2.31787316  2.09562262  1.28956329 -0.63854621
  0.84777622 -2.31879746 -0.02586817  2.15329757 -0.1638973   0.3888194
  2.71397778  1.0461888   2.46285486  3.16168036  2.64139371 -2.93932012
  0.26533379 -0.81567459  1.75890568  2.86394605 -0.51096695 -2.31769885
  2.78740313 -3.21067036  0.79399573 -0.63484995 -1.74132881  2.69811829
 -1.80962273 -1.58821057 -2.30392058  2.18801104 -2.45124679  2.13558191
  2.07471852  1.53541013  2.38309197  2.80472447  1.64887847  1.20008263
 -1.51323595 -2.2293607   1.47132983  0.71201645  1.3136084  -3.01403226
 -0.37768408  2.51832459 -1.03581256  1.28746215  1.483225    0.54459057
 -0.83299808  1.11514546  0.66821768 -0.3836942   2.80475576 -1.9931177
  1.53799335 -0.48680414  1.09038726 -2.84976153 -2.45832355  0.45780496
 -1.16148254 -0.4945964   0.36525725 -0.11128831 -1.65032705 -0.04123053
 -0.85963477  2.81176072 -1.06237717 -1.38011791 -0.94892071  1.07790243
  1.85220061 -0.69613392  1.97230678 -2.19418414 -0.3472889  -0.73256793
 -2.89006642  3.16483219 -1.63189833  3.13525519 -1.26601165 -2.70856355
  3.3621702  -1.23316616 -0.77650992 -2.88404727 -2.71717789  2.54571471
 -2.13653694 -2.04712542 -0.18160084  3.14998531  0.24662714  0.21381504
 -1.25019478 -0.67760802 -1.73373623 -3.03030473  2.87032339  1.23544626
 -0.48580585 -2.18839358  1.10965518 -1.10583872 -0.49041404 -2.73946828
 -2.0652064   1.86558172 -0.87380119  2.62190539 -0.45418852 -2.67146319
 -2.82017617  2.26188231 -3.1442012  -0.44534211 -1.00232065 -0.24666008
  2.34759353  1.8402372   0.01819222 -2.55290517 -2.65895255  0.24438174
 -0.76661894  1.24524303 -2.62771439  1.12506453 -0.3839854   0.4207787
  1.91905522  0.45810168  0.65066877 -1.2715259   1.79156625  2.93973212
  0.99594136  0.22185186 -1.14189746  2.42277846  0.72668994 -1.90976158
 -0.05035178  1.87090623  0.98664971 -1.07998567 -2.30133863  2.22231068
  2.00405754  1.92826973  2.29724196  1.91575034 -1.66119718 -3.10388453
  0.4284987   1.34472293 -2.26276432 -1.12585606  2.31187019  1.39296873
 -0.27192918 -1.84442433 -1.64819793  1.96535187  1.30731339 -1.01183238
 -0.2307879  -0.69311601 -0.30339686  2.30247709 -0.66199206 -0.935389
  0.77596137 -2.35270625  0.59020428  2.78420071 -0.35240678  2.04715585
 -1.86125382 -1.35341288 -2.59735607 -2.42279303 -1.50156008 -3.02899565
  2.01622292  1.78186865  1.58151697  1.12531204  1.58818055 -2.44421229
 -2.50731475  1.78913973  1.03427441 -0.291887   -2.47715967  1.43100249
 -1.04396426 -3.04756789 -0.04715778  1.89745073 -2.70130561 -2.36813721
  1.87608931  1.02959788 -0.62615784 -0.49626002 -0.921419    1.96404926
  0.47263436 -0.35623893  0.40193437 -2.26660609  1.26140258 -0.1532938
  2.40237939  1.23320267  2.87800167 -1.05732428  2.10172757 -0.42988125
 -3.26840887  2.2031926   0.81145833  1.92875627 -1.28921759  1.43906574
 -2.12169839  0.20897621  0.08307793 -2.79055042 -0.90197417 -2.3931493
  0.07229845 -0.56903835]
Sat May 25 15:47:32 2024,317,0.09593810666188116,[-4.65810074  2.36667216 -1.84098166 -0.12398106  0.18672687 -2.68767346
  3.01280373  2.10570209  1.45515049 -0.92537761  0.61239328  1.09171585
  1.13210002 -1.54199017  0.77710373  2.80619886 -0.79812031 -0.63692011
 -1.75470355  0.60198501  1.67653681  2.99183928 -1.20878134 -0.31570407
 -2.42349072 -2.33802461  2.99454878  2.76324972 -0.54439094 -2.36483198
  1.48281918 -0.05849644 -2.31788215  2.09561364  1.28957228 -0.63853722
  0.84776723 -2.31878847 -0.02587716  2.15330656 -0.16390629  0.38881041
  2.71398677  1.04617981  2.46284587  3.16167137  2.64138472 -2.93931113
  0.26534278 -0.8156656   1.75889669  2.86393706 -0.51095796 -2.31770784
  2.78739414 -3.21067935  0.79400472 -0.63484096 -1.74131982  2.6981093
 -1.80961374 -1.58820158 -2.30392957  2.18802003 -2.45125578  2.1355909
  2.07470953  1.53540114  2.38308298  2.80473346  1.64888745  1.20007364
 -1.51324494 -2.22935171  1.47133882  0.71200746  1.31361739 -3.01404125
 -0.37769307  2.5183156  -1.03582155  1.28745317  1.48323399  0.54459956
 -0.83298909  1.11515445  0.66822667 -0.38370319  2.80474677 -1.99312669
  1.53800234 -0.48681313  1.09037827 -2.84975254 -2.45833253  0.45781395
 -1.16149153 -0.49458741  0.36526623 -0.11127932 -1.65033604 -0.04122154
 -0.85964376  2.81176971 -1.06238616 -1.38010892 -0.94891173  1.07789345
  1.85219162 -0.69614291  1.97231577 -2.19419313 -0.34727991 -0.73257692
 -2.89007541  3.16484118 -1.63188934  3.13526418 -1.26602064 -2.70857254
  3.36216121 -1.23317515 -0.7765189  -2.88405626 -2.7171689   2.54570572
 -2.13652795 -2.04711643 -0.18159185  3.1499943   0.24663613  0.21380605
 -1.25018579 -0.67761701 -1.73372724 -3.03031372  2.8703144   1.23543728
 -0.48579686 -2.18840257  1.10966417 -1.10582973 -0.49042303 -2.73945929
 -2.06521539  1.86559071 -0.87381017  2.6218964  -0.45419751 -2.67147218
 -2.82018516  2.26187332 -3.14419222 -0.4453511  -1.00231166 -0.24666906
  2.34758454  1.84024619  0.01820121 -2.55289618 -2.65896154  0.24439073
 -0.76660995  1.24523404 -2.62772338  1.12507352 -0.38397641  0.42076971
  1.91906421  0.45811067  0.65067776 -1.27153489  1.79157524  2.93972313
  0.99595035  0.22184288 -1.14188847  2.42276947  0.72668095 -1.90975259
 -0.05034279  1.87089724  0.98664072 -1.07997668 -2.30132964  2.22231967
  2.00406653  1.92827872  2.29723297  1.91575933 -1.66118819 -3.10389352
  0.42848971  1.34473192 -2.26277331 -1.12584708  2.3118612   1.39295974
 -0.27193817 -1.84443332 -1.64820691  1.96534289  1.3073044  -1.01184137
 -0.23077892 -0.693125   -0.30338787  2.30248608 -0.66200105 -0.93539799
  0.77597036 -2.35271524  0.5901953   2.7842097  -0.35241577  2.04716484
 -1.86124483 -1.35340389 -2.59734708 -2.42280202 -1.50155109 -3.02898666
  2.01623191  1.78185966  1.58150798  1.12530305  1.58818954 -2.44420331
 -2.50730576  1.78914872  1.03426542 -0.29189599 -2.47715069  1.43101148
 -1.04395527 -3.04757688 -0.04716677  1.89744174 -2.70129662 -2.36812822
  1.8760983   1.02960687 -0.62616683 -0.49626901 -0.92142799  1.96405825
  0.47262537 -0.35624792  0.40192538 -2.26661507  1.26141157 -0.15330279
  2.4023704   1.23321166  2.87799268 -1.05731529  2.10171859 -0.42987226
 -3.26841786  2.20318361  0.81146732  1.92876526 -1.2892086   1.43907473
 -2.1216894   0.2089852   0.08306894 -2.79055941 -0.90196518 -2.39314031
  0.07230744 -0.56902936]
Sat May 25 15:48:07 2024,318,0.09593810250427019,[-4.65810951  2.3666634  -1.84099042 -0.12398982  0.18671811 -2.68768222
  3.01279497  2.10569333  1.45514173 -0.92538637  0.61238452  1.09170709
  1.13210878 -1.54198141  0.77711249  2.80620762 -0.79812907 -0.63691134
 -1.75469479  0.60197625  1.67652805  2.99183052 -1.20877257 -0.31569531
 -2.42349948 -2.33801585  2.99454002  2.76325848 -0.54438218 -2.36484074
  1.48281041 -0.05848768 -2.31789092  2.09560487  1.28956351 -0.63852845
  0.84775847 -2.31877971 -0.02588592  2.1532978  -0.16389753  0.38881918
  2.71397801  1.04618858  2.46285463  3.16168014  2.64137596 -2.93930237
  0.26533402 -0.81565684  1.75890545  2.8639283  -0.5109492  -2.31769908
  2.78738538 -3.21067059  0.79399596 -0.63484972 -1.74132858  2.69811807
 -1.8096225  -1.58819281 -2.3039208   2.18801127 -2.45124701  2.13559966
  2.07471829  1.53540991  2.38309174  2.8047247   1.64889622  1.20006488
 -1.51323618 -2.22934295  1.47133006  0.7119987   1.31362615 -3.01405002
 -0.37768431  2.51830684 -1.03583031  1.28746193  1.48322523  0.5445908
 -0.83298033  1.11514569  0.66823544 -0.38371195  2.80473801 -1.99311793
  1.53799358 -0.48680437  1.0903695  -2.84974378 -2.45832377  0.45782271
 -1.16150029 -0.49457865  0.365275   -0.11127056 -1.65032728 -0.04121278
 -0.85965252  2.81177847 -1.06239492 -1.38010016 -0.94892049  1.07790221
  1.85220039 -0.69613415  1.97230701 -2.19418437 -0.34728868 -0.73256816
 -2.89008417  3.16483241 -1.6318981   3.13527295 -1.2660294  -2.70856378
  3.36216998 -1.23318391 -0.77652767 -2.88406502 -2.71717766  2.54571448
 -2.13653671 -2.04710767 -0.18160061  3.15000306  0.24662737  0.21381481
 -1.25017703 -0.67760825 -1.73371848 -3.03030496  2.87030564  1.23544604
 -0.4857881  -2.18839381  1.10967293 -1.10583849 -0.49043179 -2.73946805
 -2.06520663  1.86558194 -0.87380141  2.62190517 -0.45420627 -2.67146342
 -2.82019392  2.26188208 -3.14420098 -0.44535987 -1.00232043 -0.2466603
  2.3475933   1.84025495  0.01819245 -2.55290495 -2.65895278  0.2443995
 -0.76661871  1.24524281 -2.62773215  1.12508228 -0.38396765  0.42076095
  1.91905545  0.45811943  0.65068652 -1.27154365  1.79156648  2.9397319
  0.99595912  0.22183411 -1.14189724  2.42277823  0.72668971 -1.90976136
 -0.05035155  1.87088848  0.98663195 -1.07998545 -2.30132088  2.22232843
  2.0040753   1.92828748  2.29724173  1.91575056 -1.66119695 -3.10388476
  0.42849847  1.34474068 -2.26278207 -1.12583831  2.31185244  1.3929685
 -0.27194694 -1.84442455 -1.64821568  1.96533412  1.30729563 -1.01185013
 -0.23077015 -0.69313377 -0.30339663  2.30247732 -0.66200982 -0.93540675
  0.7759616  -2.35270647  0.59020406  2.78420093 -0.35242453  2.04715608
 -1.86123607 -1.35339513 -2.59735584 -2.42279326 -1.50155986 -3.0289779
  2.01624067  1.7818509   1.58149922  1.12529429  1.5881983  -2.44419454
 -2.50731452  1.78913995  1.03427418 -0.29188723 -2.47715945  1.43102024
 -1.04394651 -3.04756811 -0.04717554  1.8974505  -2.70130539 -2.36811946
  1.87610706  1.02959811 -0.62615807 -0.49626024 -0.92143676  1.96406702
  0.47261661 -0.35625668  0.40191662 -2.26662384  1.26140281 -0.15331156
  2.40236164  1.23322042  2.87800144 -1.05730653  2.10170982 -0.42988102
 -3.2684091   2.20319237  0.81147608  1.92877402 -1.28921736  1.43908349
 -2.12169817  0.20899397  0.0830777  -2.79056817 -0.90195642 -2.39313155
  0.07231621 -0.56903812]
Sat May 25 15:48:35 2024,319,0.09593809853468224,[-4.65811805  2.36667194 -1.84099896 -0.12399837  0.18672665 -2.68767368
  3.01280351  2.10570187  1.45515027 -0.92539491  0.61237598  1.09171563
  1.13211732 -1.54198995  0.77712104  2.80619908 -0.79812053 -0.6369028
 -1.75470333  0.60198479  1.67651951  2.99182197 -1.20878112 -0.31570385
 -2.42350803 -2.3380073   2.99453147  2.76326702 -0.54439072 -2.3648322
  1.48280187 -0.05849622 -2.31789946  2.09559633  1.28955497 -0.638537
  0.84776701 -2.31877116 -0.02589446  2.15328926 -0.16390607  0.38881063
  2.71398655  1.04619712  2.46284609  3.16168868  2.64136742 -2.93931091
  0.26534256 -0.81564829  1.758914    2.86393684 -0.51095774 -2.31770762
  2.78739392 -3.21067913  0.79398742 -0.63484118 -1.74133713  2.69812661
 -1.80961396 -1.58820136 -2.30391226  2.18801981 -2.45123847  2.13559112
  2.07470975  1.53541845  2.3830832   2.80473324  1.64890476  1.20007342
 -1.51324472 -2.22935149  1.47132152  0.71199016  1.31361761 -3.01404147
 -0.37767576  2.51831538 -1.03582177  1.28747047  1.48323377  0.54458226
 -0.83297178  1.11513715  0.66822689 -0.38370341  2.80474655 -1.99312647
  1.53800212 -0.48681291  1.09037805 -2.84975232 -2.45831523  0.45781417
 -1.16149175 -0.49458719  0.36528354 -0.1112791  -1.65031874 -0.04120424
 -0.85964398  2.81176993 -1.06240347 -1.3801087  -0.94891195  1.07791075
  1.85220893 -0.69614269  1.97231555 -2.19417583 -0.34729722 -0.73255961
 -2.89007563  3.16482387 -1.63190665  3.13528149 -1.26603795 -2.70855524
  3.36217852 -1.23319246 -0.77651913 -2.88405648 -2.7171862   2.54570594
 -2.13654526 -2.04709913 -0.18159207  3.14999452  0.24663591  0.21380627
 -1.25016849 -0.6775997  -1.73372702 -3.03029642  2.87031418  1.2354375
 -0.48577956 -2.18840235  1.10968148 -1.10584704 -0.49042325 -2.73945951
 -2.06519809  1.86559049 -0.87379287  2.62189662 -0.45421482 -2.67145487
 -2.82020247  2.26187354 -3.14419244 -0.44536841 -1.00232897 -0.24665176
  2.34760185  1.84024641  0.01820099 -2.5528964  -2.65896132  0.24439095
 -0.76662726  1.24525135 -2.6277236   1.12507374 -0.3839591   0.42076949
  1.91904691  0.45812797  0.65067798 -1.27153511  1.79155794  2.93974044
  0.99596766  0.22182557 -1.14188869  2.42276969  0.72668117 -1.9097699
 -0.05034301  1.87087994  0.98662341 -1.0799769  -2.30131234  2.22231989
  2.00406675  1.92827894  2.29725027  1.91574202 -1.66120549 -3.10387622
  0.42848993  1.34473214 -2.26279062 -1.12582977  2.31186098  1.39295996
 -0.27193839 -1.84441601 -1.64822422  1.96534267  1.30728709 -1.01185867
 -0.2307787  -0.69312522 -0.30340518  2.30248586 -0.66201836 -0.93539821
  0.77597014 -2.35269793  0.5902126   2.78420948 -0.35243307  2.04716462
 -1.86122753 -1.35338659 -2.5973473  -2.4228018  -1.50155131 -3.02896936
  2.01624921  1.78185944  1.58150776  1.12530283  1.58820684 -2.44420309
 -2.50730598  1.7891485   1.03428272 -0.29187868 -2.47715091  1.43102879
 -1.04393797 -3.04757666 -0.04718408  1.89745905 -2.70131393 -2.36811091
  1.87611561  1.02958957 -0.62616661 -0.49626879 -0.92142821  1.96405847
  0.47260807 -0.35624814  0.40190808 -2.26663238  1.26141135 -0.15330301
  2.4023531   1.23321188  2.8779929  -1.05729799  2.10171837 -0.42988956
 -3.26841764  2.20320092  0.81146754  1.92876548 -1.2892259   1.43909203
 -2.12170671  0.20898542  0.08308625 -2.79057671 -0.90196496 -2.39314009
  0.07230766 -0.56902958]
Sat May 25 15:49:00 2024,320,0.09593809474409407,[-4.65812638  2.36668027 -1.84100729 -0.12400669  0.18671832 -2.68768201
  3.01281184  2.1057102   1.4551586  -0.92538659  0.61238431  1.09172396
  1.13212565 -1.54199828  0.77712936  2.80620741 -0.79812886 -0.63689447
 -1.75471166  0.60199312  1.67652784  2.9918303  -1.20877279 -0.31569553
 -2.42351636 -2.33801563  2.9945398   2.76325869 -0.54438239 -2.36482387
  1.4828102  -0.05848789 -2.31789113  2.095588    1.28954664 -0.63854533
  0.84775868 -2.31876283 -0.02590279  2.15329758 -0.1639144   0.38881896
  2.71397822  1.04618879  2.46285442  3.16169701  2.64135909 -2.93931924
  0.26535089 -0.81563997  1.75890567  2.86394517 -0.51096607 -2.31769929
  2.78740225 -3.21068746  0.79397909 -0.63483285 -1.74134545  2.69811828
 -1.80960563 -1.58819303 -2.30390393  2.18801148 -2.4512468   2.13558279
  2.07470142  1.53541012  2.38307487  2.80472491  1.64891309  1.2000651
 -1.51325305 -2.22935982  1.47132984  0.71198183  1.31362594 -3.01403314
 -0.37768409  2.51830705 -1.03583009  1.28746214  1.4832421   0.54457393
 -0.83296346  1.11514547  0.66821856 -0.38369508  2.80475488 -1.99311814
  1.53801045 -0.48682124  1.09036972 -2.84974399 -2.45832356  0.45780584
 -1.16148342 -0.49457886  0.36529187 -0.11127077 -1.65032706 -0.04119591
 -0.85963565  2.81177826 -1.06239514 -1.38011703 -0.94890362  1.07790242
  1.8522006  -0.69615102  1.97230722 -2.1941675  -0.34728889 -0.73255128
 -2.8900673   3.16481554 -1.63191498  3.13527316 -1.26604627 -2.70854691
  3.36217019 -1.23320078 -0.7765108  -2.88404815 -2.71719453  2.54569761
 -2.13655358 -2.0470908  -0.18158374  3.15000285  0.24664424  0.21379794
 -1.25017682 -0.67760803 -1.73371869 -3.03028809  2.87030585  1.23542917
 -0.48577123 -2.18839402  1.1096898  -1.10585536 -0.49043158 -2.73946784
 -2.06518976  1.86558216 -0.8738012   2.62188829 -0.45422315 -2.6714632
 -2.82019414  2.26186521 -3.14420076 -0.44536008 -1.0023373  -0.24666009
  2.34759352  1.84025474  0.01820932 -2.55288808 -2.65895299  0.24439928
 -0.76661893  1.24525968 -2.62771527  1.12506541 -0.38395077  0.42077782
  1.91905524  0.45811964  0.65066965 -1.27154344  1.79156626  2.93974877
  0.99595933  0.22181724 -1.14188037  2.42277802  0.72667284 -1.90977823
 -0.05035133  1.87087161  0.98663174 -1.07996858 -2.30132067  2.22232822
  2.00405842  1.92828727  2.29724194  1.91575035 -1.66121382 -3.10386789
  0.4284816   1.34474047 -2.26278229 -1.1258381   2.31186931  1.39295163
 -0.27193007 -1.84440768 -1.64823255  1.96533434  1.30727876 -1.01185035
 -0.23077037 -0.6931169  -0.30339685  2.30247753 -0.66201003 -0.93538988
  0.77596181 -2.35270626  0.59020427  2.7842178  -0.35242475  2.04717295
 -1.86123586 -1.35339491 -2.59733897 -2.42279347 -1.50155964 -3.02896103
  2.01624089  1.78185111  1.58149943  1.12529451  1.58821517 -2.44419476
 -2.50731431  1.78915682  1.03429105 -0.29188701 -2.47715923  1.43102046
 -1.0439463  -3.04758498 -0.04717575  1.89746737 -2.7013056  -2.36810258
  1.87612393  1.02959789 -0.62617494 -0.49627711 -0.92141988  1.9640668
  0.47259974 -0.35623981  0.40189975 -2.26664071  1.26141968 -0.15329469
  2.40234477  1.23320355  2.87800123 -1.05730631  2.10171004 -0.42989789
 -3.26840931  2.20320925  0.81147587  1.9287738  -1.28921758  1.43910036
 -2.12171504  0.20899375  0.08307792 -2.79056839 -0.90195663 -2.39314842
  0.07229933 -0.56902125]
Sat May 25 15:49:39 2024,321,0.09593809112393785,[-4.6581345   2.36667215 -1.84099917 -0.12399857  0.18672644 -2.68769013
  3.01280372  2.10571832  1.45515048 -0.92537847  0.61239243  1.09171584
  1.13213377 -1.5420064   0.77712124  2.80621553 -0.79812074 -0.63688635
 -1.75471978  0.60200124  1.67653596  2.99182218 -1.20876467 -0.31568741
 -2.42352447 -2.33802375  2.99454792  2.76325057 -0.54439051 -2.36481575
  1.48281832 -0.05849601 -2.31788301  2.09557988  1.28955476 -0.63855344
  0.84775056 -2.31877095 -0.02589467  2.1533057  -0.16392252  0.38882708
  2.71398634  1.04619691  2.4628463   3.16168889  2.64135097 -2.93931112
  0.26535901 -0.81564809  1.75891379  2.86395329 -0.51095795 -2.31769117
  2.78739413 -3.21067934  0.79397097 -0.63484097 -1.74135357  2.6981264
 -1.80961375 -1.58820115 -2.30391205  2.18800336 -2.45125492  2.13559091
  2.07470954  1.535402    2.38306675  2.80473303  1.64890497  1.20005698
 -1.51324493 -2.22936794  1.47132172  0.71197371  1.31363406 -3.01402502
 -0.37767597  2.51831517 -1.03583821  1.28747026  1.48323398  0.54456581
 -0.83297158  1.11513735  0.66822668 -0.38368696  2.80474676 -1.99312626
  1.53801857 -0.48681312  1.09037784 -2.84973587 -2.45833168  0.45779772
 -1.1614753  -0.49458698  0.36528375 -0.11127889 -1.65031894 -0.04120403
 -0.85962753  2.81178638 -1.06240326 -1.38012515 -0.9488955   1.07791054
  1.85219248 -0.6961429   1.97231534 -2.19417562 -0.34729701 -0.73254317
 -2.89007542  3.16480742 -1.6319231   3.13528128 -1.26603816 -2.70855503
  3.36217831 -1.2332089  -0.77650268 -2.88404003 -2.71718641  2.54570573
 -2.13654546 -2.04709892 -0.18159186  3.14999473  0.24663612  0.21378982
 -1.2501687  -0.67761615 -1.73372681 -3.03027997  2.87029773  1.23542105
 -0.48576311 -2.18840214  1.10968168 -1.10584724 -0.49042346 -2.73947596
 -2.06518164  1.86559028 -0.87379308  2.62189641 -0.45421503 -2.67147132
 -2.82018602  2.26185709 -3.14419264 -0.44535196 -1.00234542 -0.24666821
  2.3475854   1.84024662  0.0182012  -2.55289619 -2.65896111  0.24439116
 -0.76662705  1.2452678  -2.62772339  1.12505729 -0.38394266  0.42078594
  1.91904712  0.45812776  0.65067777 -1.27155156  1.79155815  2.93974065
  0.99596745  0.22182536 -1.14187225  2.42278614  0.72666472 -1.90977011
 -0.05035945  1.87087973  0.98663986 -1.0799767  -2.30132879  2.22233634
  2.0040503   1.92829539  2.29725006  1.91574223 -1.66122194 -3.10387601
  0.42847348  1.34474859 -2.26279041 -1.12584622  2.31186119  1.39295975
 -0.27193819 -1.84439956 -1.64822443  1.96532622  1.30727064 -1.01185847
 -0.23076225 -0.69312502 -0.30338873  2.30246941 -0.66200191 -0.935398
  0.77595369 -2.35269814  0.59021239  2.78420968 -0.35241663  2.04716483
 -1.86124398 -1.35338679 -2.59734709 -2.42278535 -1.50155152 -3.02896915
  2.01624901  1.78184299  1.58150755  1.12528639  1.58820705 -2.44420288
 -2.50732243  1.7891487   1.03428293 -0.29187889 -2.47716735  1.43102858
 -1.04395441 -3.0475931  -0.04716763  1.89747549 -2.70129748 -2.36809446
  1.87611581  1.02960601 -0.62616682 -0.49628523 -0.92141177  1.96405868
  0.47259162 -0.35623169  0.40189163 -2.26663259  1.26141156 -0.15330281
  2.40235289  1.23321167  2.87800934 -1.05731443  2.10171816 -0.42988977
 -3.26841743  2.20320113  0.81148399  1.92878192 -1.28920946  1.43910848
 -2.12172316  0.20898563  0.08308604 -2.79056027 -0.90196475 -2.3931403
  0.07230745 -0.56902937]
Sat May 25 15:50:02 2024,322,0.09593808766607029,[-4.65814241  2.36668006 -1.84100709 -0.12400649  0.18673436 -2.68768221
  3.01281164  2.10572624  1.45514256 -0.92538638  0.61240034  1.09172375
  1.13212585 -1.54201432  0.77712916  2.80620761 -0.79812865 -0.63687844
 -1.75471186  0.60200915  1.67654387  2.9918301  -1.20877259 -0.31569532
 -2.42353239 -2.33801584  2.99454001  2.76325849 -0.5443826  -2.36482366
  1.48282624 -0.05848809 -2.31787509  2.09557197  1.28954685 -0.63854553
  0.84774265 -2.31876304 -0.02590259  2.15331362 -0.16393044  0.388835
  2.71399426  1.04618899  2.46283838  3.1616968   2.64134305 -2.9393032
  0.26536692 -0.815656    1.7589217   2.86394537 -0.51096587 -2.31769909
  2.78738621 -3.21068726  0.79397888 -0.63483306 -1.74134566  2.69813432
 -1.80960583 -1.58820906 -2.30391997  2.18801128 -2.45126283  2.13559883
  2.07471746  1.53540992  2.38305884  2.80474095  1.64891289  1.20004906
 -1.51325285 -2.22936002  1.47131381  0.71198163  1.31364198 -3.01401711
 -0.37768389  2.51830725 -1.0358303   1.28747818  1.48322606  0.54455789
 -0.83297949  1.11514527  0.6682346  -0.38367904  2.80473885 -1.99313418
  1.53801065 -0.4868052   1.09036992 -2.84972795 -2.45832376  0.45778981
 -1.16148322 -0.4945949   0.36529167 -0.11128681 -1.65031103 -0.04119611
 -0.85963545  2.8117943  -1.06239534 -1.38011723 -0.94888758  1.07791846
  1.8522004  -0.69615082  1.97230743 -2.1941677  -0.34728909 -0.73253525
 -2.8900675   3.16479951 -1.63193101  3.1352892  -1.26603024 -2.70856295
  3.36218623 -1.23321682 -0.77649476 -2.88403211 -2.71717849  2.54571365
 -2.13655338 -2.04710684 -0.18158394  3.15000265  0.2466282   0.21379774
 -1.25017661 -0.67762407 -1.73373473 -3.03027205  2.87030565  1.23542896
 -0.48575519 -2.18841006  1.1096896  -1.10583933 -0.49041554 -2.73948387
 -2.06517372  1.8655982  -0.87380099  2.6218885  -0.45420711 -2.67147924
 -2.8201781   2.26184918 -3.14418473 -0.44535988 -1.0023375  -0.24666029
  2.34757748  1.8402387   0.01819328 -2.55288828 -2.6589532   0.24439908
 -0.76663497  1.24525988 -2.62771548  1.12506521 -0.38395057  0.42077802
  1.9190392   0.45813568  0.65068569 -1.27154364  1.79155023  2.93974856
  0.99597537  0.22181744 -1.14188016  2.42279406  0.72665681 -1.90976219
 -0.05035154  1.87087181  0.98664778 -1.07996878 -2.30132087  2.22234425
  2.00405822  1.9283033   2.29725798  1.91573431 -1.66122986 -3.10386809
  0.4284814   1.3447565  -2.26279832 -1.1258383   2.31185328  1.39296767
 -0.2719461  -1.84440748 -1.64823235  1.96533413  1.30727856 -1.01186638
 -0.23077016 -0.6931171  -0.30338081  2.3024615  -0.66199399 -0.93539008
  0.77596161 -2.35270606  0.59022031  2.7842176  -0.35240871  2.04715692
 -1.86125189 -1.35337888 -2.59733917 -2.42277744 -1.50155944 -3.02896123
  2.01624109  1.78183508  1.58149964  1.1252943   1.58821497 -2.44419496
 -2.50731451  1.78914079  1.03427501 -0.29187098 -2.47717527  1.43102066
 -1.04396233 -3.04760102 -0.04717555  1.89748341 -2.70128956 -2.36808655
  1.8761079   1.0295981  -0.6261589  -0.49629315 -0.92141968  1.96405077
  0.47259954 -0.35622378  0.40188371 -2.26664051  1.26140365 -0.15329489
  2.40236081  1.23321958  2.87801726 -1.05730652  2.10171024 -0.42988185
 -3.26842535  2.20319321  0.81149191  1.92878984 -1.28921737  1.43910056
 -2.12171524  0.20899355  0.08307812 -2.79056818 -0.90197267 -2.39313238
  0.07229954 -0.56903729]
Sat May 25 15:50:25 2024,323,0.0959380843627587,[-4.65815013  2.36667235 -1.84099937 -0.12399877  0.18672664 -2.68768993
  3.01280392  2.10573396  1.45513484 -0.92537866  0.61239262  1.09171604
  1.13213357 -1.5420066   0.77712144  2.80621533 -0.79812093 -0.63688616
 -1.75471958  0.60200144  1.67655159  2.99183782 -1.20876487 -0.31570304
 -2.42352467 -2.33800812  2.99453229  2.76325077 -0.54439031 -2.36481595
  1.48283395 -0.05849581 -2.31788281  2.09557968  1.28955456 -0.63855325
  0.84773493 -2.31877076 -0.0259103   2.15332134 -0.16392272  0.38882728
  2.71398654  1.04618127  2.4628461   3.16170452  2.64133533 -2.93931092
  0.26537464 -0.81566372  1.75891398  2.86393765 -0.51095815 -2.31770681
  2.7873785  -3.21069497  0.7939866  -0.63484078 -1.74135338  2.6981266
 -1.80959811 -1.58820134 -2.30391225  2.18800356 -2.45125512  2.13559111
  2.07470974  1.5354022   2.38306656  2.80473323  1.6489206   1.20004134
 -1.51326057 -2.2293523   1.47132153  0.71198935  1.31363426 -3.01400939
 -0.37767617  2.51831497 -1.03583802  1.2874859   1.48323378  0.54455017
 -0.83298721  1.11515299  0.66824232 -0.38367132  2.80473113 -1.99312646
  1.53800294 -0.48679748  1.0903622  -2.84973567 -2.45833148  0.45779753
 -1.16149094 -0.49458718  0.36528395 -0.11129452 -1.65031875 -0.0411884
 -0.85962773  2.81178658 -1.06238762 -1.38012495 -0.9488953   1.07792618
  1.85219268 -0.69615853  1.97231515 -2.19417542 -0.34729681 -0.73254297
 -2.89005979  3.16479179 -1.63193873  3.13528148 -1.26602252 -2.70855523
  3.36217851 -1.2332091  -0.77650248 -2.88403983 -2.71718621  2.54570593
 -2.13654566 -2.04711455 -0.18157623  3.15001036  0.24663592  0.21380546
 -1.25016889 -0.67761635 -1.73374245 -3.03027977  2.87029793  1.23542125
 -0.48574748 -2.18841778  1.10968188 -1.10584705 -0.49040782 -2.73949159
 -2.065166    1.86559048 -0.87379328  2.62188078 -0.45419939 -2.67148696
 -2.82017038  2.26184146 -3.14417701 -0.4453676  -1.00234522 -0.24665257
  2.34756976  1.84024642  0.01818556 -2.55288056 -2.65896092  0.24439136
 -0.76662725  1.2452676  -2.6277232   1.12505749 -0.38394285  0.4207703
  1.91903148  0.45812796  0.6506934  -1.27155136  1.79155795  2.93974084
  0.99596765  0.22180973 -1.14187244  2.42278634  0.72664909 -1.90976991
 -0.05034382  1.87087953  0.98665549 -1.0799765  -2.30132859  2.22233653
  2.0040505   1.92829558  2.2972657   1.91574203 -1.66123758 -3.10386037
  0.42848912  1.34474878 -2.26279061 -1.12583058  2.31184556  1.39297539
 -0.27193838 -1.8444152  -1.64824006  1.96532642  1.30727084 -1.01185866
 -0.23076245 -0.69310938 -0.30338853  2.30245378 -0.66198628 -0.9353978
  0.77595389 -2.35269834  0.59022803  2.78422532 -0.35241643  2.04716463
 -1.86124417 -1.35337116 -2.59733145 -2.42278515 -1.50156716 -3.02895351
  2.01623337  1.78184279  1.58150736  1.12530202  1.58820725 -2.44420268
 -2.50730679  1.78914851  1.03428273 -0.29186326 -2.47716755  1.43101294
 -1.04395461 -3.04760874 -0.04716783  1.89747569 -2.70128185 -2.36809427
  1.87610018  1.02960582 -0.62616662 -0.49630087 -0.92141196  1.96405848
  0.47259182 -0.35621606  0.40189143 -2.26664822  1.26139593 -0.15330261
  2.40235309  1.2332273   2.87802498 -1.05731424  2.10170252 -0.42988957
 -3.26843307  2.20318549  0.81148419  1.92879756 -1.28920965  1.43910828
 -2.12170752  0.20900127  0.0830704  -2.7905759  -0.90196495 -2.39312466
  0.07229182 -0.56902957]
Sat May 25 15:50:48 2024,324,0.09593808120665434,[-4.65815766  2.36667987 -1.8410069  -0.1240063   0.18673417 -2.6876824
  3.01279639  2.10572643  1.45514237 -0.92538619  0.6123851   1.09172356
  1.1321411  -1.54199907  0.77712897  2.80622286 -0.79812846 -0.63689368
 -1.75471205  0.60199391  1.67655912  2.99184534 -1.20875734 -0.31569552
 -2.4235322  -2.33800059  2.99453981  2.76324324 -0.54438279 -2.36482347
  1.48282643 -0.05850334 -2.31789034  2.09558721  1.28954704 -0.63854572
  0.8477274  -2.31877828 -0.02590278  2.15332887 -0.16393025  0.38881975
  2.71397901  1.0461888   2.46285363  3.16171205  2.64134286 -2.9393034
  0.26536712 -0.81567125  1.75890646  2.86394518 -0.51095062 -2.31769928
  2.78737097 -3.2107025   0.79397908 -0.63483325 -1.74134585  2.69813412
 -1.80959059 -1.58820887 -2.30391978  2.18801109 -2.45126264  2.13559863
  2.07470221  1.53540972  2.38307408  2.80474076  1.64891308  1.20004887
 -1.51326809 -2.22934478  1.471314    0.71198182  1.31362673 -3.01400186
 -0.3776837   2.5183225  -1.03583049  1.28749342  1.48324131  0.54454265
 -0.83297969  1.11516052  0.66823479 -0.3836638   2.80473865 -1.99311893
  1.53801046 -0.48680501  1.09036973 -2.84972815 -2.45833901  0.45780505
 -1.16148341 -0.49457965  0.36527642 -0.111287   -1.65031122 -0.04118087
 -0.8596202   2.8117941  -1.06239515 -1.38013248 -0.94888777  1.0779337
  1.85218515 -0.69616606  1.97232267 -2.19416789 -0.34728929 -0.73253544
 -2.89006731  3.16479931 -1.6319312   3.13527395 -1.26601499 -2.7085477
  3.36217098 -1.23320158 -0.77649495 -2.88404736 -2.71719374  2.5456984
 -2.13655319 -2.04712208 -0.18158375  3.15000284  0.24664345  0.21381299
 -1.25016137 -0.67760882 -1.73374997 -3.03027225  2.87030546  1.23541372
 -0.48573995 -2.18841025  1.10967436 -1.10585457 -0.4904003  -2.73949912
 -2.06515848  1.86558295 -0.87378575  2.62188831 -0.45420692 -2.67149448
 -2.82016286  2.26183393 -3.14418454 -0.44537512 -1.00233769 -0.24664505
  2.34756224  1.84023889  0.01819309 -2.55287303 -2.65896844  0.24439889
 -0.76663477  1.24526007 -2.62771567  1.12506501 -0.38393533  0.42076277
  1.91902395  0.45813549  0.65070093 -1.27155889  1.79156547  2.93974837
  0.99596012  0.2218022  -1.14186492  2.42279386  0.72664156 -1.90977744
 -0.05033629  1.87088706  0.98666302 -1.07998402 -2.30132106  2.22234406
  2.00405803  1.92828806  2.29727323  1.91574956 -1.66123005 -3.10385285
  0.42849664  1.34474126 -2.26278308 -1.12582306  2.31183803  1.39298291
 -0.27193086 -1.84442272 -1.64823254  1.96531889  1.30726332 -1.01186619
 -0.23075492 -0.69311691 -0.30339606  2.3024613  -0.66197875 -0.93540533
  0.77596141 -2.35270586  0.59023555  2.78421779 -0.3524089   2.04715711
 -1.86123665 -1.35336363 -2.59733898 -2.42277763 -1.50155963 -3.02894599
  2.01622584  1.78185032  1.58149983  1.12530955  1.58819972 -2.44419515
 -2.50731432  1.78915603  1.03427521 -0.29185573 -2.47717508  1.43100542
 -1.04396214 -3.04761627 -0.04717536  1.89746817 -2.70127432 -2.36810179
  1.87610771  1.02961334 -0.62617415 -0.49629334 -0.92140444  1.96406601
  0.47259934 -0.35622358  0.40188391 -2.2666407   1.26140345 -0.15329508
  2.40236061  1.23321978  2.87803251 -1.05732176  2.10171005 -0.4298971
 -3.26842554  2.20319302  0.81149171  1.92879003 -1.28921718  1.43910076
 -2.12171505  0.20900879  0.08307793 -2.79058343 -0.90195742 -2.39311713
  0.07229934 -0.56902204]
Sat May 25 15:51:16 2024,325,0.09593807819077442,[-4.658165    2.36667253 -1.84099956 -0.12401364  0.18672683 -2.68768974
  3.01280373  2.10571909  1.45514971 -0.92537885  0.61239244  1.09171622
  1.13213376 -1.54200641  0.77713631  2.80621552 -0.79812112 -0.63690102
 -1.75471939  0.60198657  1.67656646  2.99185268 -1.20875    -0.31570285
 -2.42353954 -2.33800793  2.99454715  2.76325058 -0.54437545 -2.36481613
  1.48281909 -0.058496   -2.317883    2.09557987  1.2895397  -0.63853838
  0.84773474 -2.31878562 -0.02591012  2.1533362  -0.16392291  0.38881241
  2.71397168  1.04619614  2.46284629  3.16170471  2.6413502  -2.93931073
  0.26537445 -0.81567859  1.75889912  2.86393784 -0.51095796 -2.31770662
  2.78737831 -3.21070984  0.79397174 -0.63484059 -1.74133851  2.69812679
 -1.80958325 -1.58820153 -2.30391244  2.18800375 -2.45126998  2.1355913
  2.07469488  1.53540239  2.38306674  2.80473342  1.64890574  1.20004153
 -1.51326075 -2.22933744  1.47130666  0.71197448  1.31361939 -3.0140092
 -0.37769104  2.51832984 -1.03582315  1.28748608  1.48324865  0.54454999
 -0.83297235  1.11516786  0.66822745 -0.38367114  2.80474599 -1.99311159
  1.53800312 -0.48681235  1.09036239 -2.84973549 -2.45833167  0.45779771
 -1.16149075 -0.49457231  0.36526908 -0.11129434 -1.65031856 -0.04118821
 -0.85961286  2.81180144 -1.06240249 -1.38013982 -0.94888043  1.07792637
  1.85217781 -0.69615872  1.97233001 -2.19417523 -0.34729663 -0.73254278
 -2.89007465  3.16480665 -1.63192387  3.13528129 -1.26602233 -2.70854036
  3.36217832 -1.23319424 -0.77650229 -2.88404002 -2.71720108  2.54569106
 -2.13654585 -2.04711474 -0.18157641  3.15001018  0.24663611  0.21380565
 -1.25016871 -0.67761616 -1.73374263 -3.03027958  2.87031279  1.23542106
 -0.48574729 -2.18840291  1.10968169 -1.10586191 -0.49040764 -2.73949178
 -2.06516582  1.86557561 -0.87379309  2.62188097 -0.45421426 -2.67150182
 -2.82015552  2.26182659 -3.14419187 -0.44536778 -1.00233035 -0.24663771
  2.34756958  1.84024623  0.01820043 -2.55288037 -2.6589611   0.24439155
 -0.76664211  1.24525273 -2.62770833  1.12507235 -0.38394267  0.42075544
  1.91903129  0.45812815  0.65069359 -1.27156623  1.79157281  2.93975571
  0.99595278  0.22179486 -1.14187226  2.42278653  0.72663422 -1.90978477
 -0.05034363  1.87089439  0.98665568 -1.07999136 -2.30131372  2.2223514
  2.00405069  1.92828072  2.29728056  1.91574222 -1.66122271 -3.10386019
  0.42850398  1.34473392 -2.26277574 -1.1258304   2.31184537  1.39299025
 -0.2719382  -1.84443006 -1.64823988  1.96532623  1.30727065 -1.01187353
 -0.23076226 -0.69310957 -0.3034034   2.30246864 -0.66197141 -0.93541267
  0.77596875 -2.3527132   0.59024289  2.78422513 -0.35241624  2.04716445
 -1.86122931 -1.35335629 -2.59733164 -2.42277029 -1.50155229 -3.02893865
  2.01623318  1.78184298  1.58150717  1.12531689  1.58820706 -2.44420249
 -2.50730698  1.78914869  1.03426787 -0.29184839 -2.47718242  1.43101276
 -1.0439548  -3.04760893 -0.04718269  1.8974755  -2.70126698 -2.36810913
  1.87611504  1.029606   -0.62618149 -0.496286   -0.9213971   1.96407335
  0.47260668 -0.35621624  0.40187657 -2.26664804  1.26139611 -0.15330242
  2.40235327  1.23321244  2.87803985 -1.0573291   2.10170271 -0.42988976
 -3.2684182   2.20318568  0.81149905  1.92879737 -1.28920984  1.43909342
 -2.12172239  0.20900146  0.08308527 -2.79059077 -0.90196476 -2.3931098
  0.07230668 -0.56901471]
Sat May 25 15:52:19 2024,326,0.09593807530848306,[-4.65817215  2.36666538 -1.84100671 -0.12402079  0.18673398 -2.68768258
  3.01279658  2.10572625  1.45515686 -0.92538601  0.61238528  1.09170907
  1.1321266  -1.54201357  0.77712915  2.80620836 -0.79812828 -0.63690818
 -1.75472655  0.60197941  1.67657361  2.99185984 -1.20874284 -0.3156957
 -2.42354669 -2.33800077  2.99455431  2.76324343 -0.54436829 -2.36482329
  1.48282625 -0.05848884 -2.31787584  2.09558703  1.28954686 -0.63853123
  0.8477419  -2.31877847 -0.02590296  2.15332905 -0.16391575  0.38881957
  2.71397883  1.0462033   2.46283913  3.16169755  2.64135735 -2.93930358
  0.2653673  -0.81568574  1.75890628  2.86394499 -0.5109508  -2.31769946
  2.78738546 -3.210717    0.79397889 -0.63483343 -1.74133135  2.69813394
 -1.80957609 -1.58819438 -2.30391959  2.18801091 -2.45127714  2.13558414
  2.07470203  1.53539523  2.38305959  2.80472626  1.64889858  1.20004868
 -1.51326791 -2.22933028  1.47129951  0.71198164  1.31361224 -3.01401636
 -0.37769819  2.51833699 -1.03583031  1.28747893  1.48325581  0.54455714
 -0.8329795   1.1151607   0.66823461 -0.38367829  2.80475315 -1.99311875
  1.53801028 -0.48681951  1.09035523 -2.84974264 -2.45832451  0.45780487
 -1.1614979  -0.49456516  0.36527624 -0.11128718 -1.6503114  -0.04119536
 -0.85962002  2.8118086  -1.06240965 -1.38014697 -0.94887328  1.07793352
  1.85218497 -0.69615157  1.97232286 -2.19416808 -0.34730378 -0.73254994
 -2.89006749  3.1647995  -1.63193102  3.13527413 -1.26602949 -2.7085332
  3.36217116 -1.23318708 -0.77649514 -2.88403286 -2.71719392  2.54568391
 -2.13655301 -2.0471219  -0.18156926  3.15001733  0.24662895  0.2138128
 -1.25016155 -0.67762332 -1.73373548 -3.03027243  2.87031995  1.23542821
 -0.48575444 -2.18839575  1.10967454 -1.10585476 -0.49041479 -2.73948462
 -2.06517297  1.86558277 -0.87380024  2.62188812 -0.4542071  -2.67150898
 -2.82016267  2.26181944 -3.14419903 -0.44537494 -1.0023232  -0.24663055
  2.34757673  1.84025339  0.01819327 -2.55287322 -2.65896826  0.24438439
 -0.76663496  1.24525989 -2.62771549  1.1250652  -0.38393551  0.42076259
  1.91902414  0.45813531  0.65070075 -1.27157338  1.79156566  2.93974855
  0.99594562  0.22180202 -1.1418651   2.42279368  0.72664138 -1.90977762
 -0.05033648  1.87088724  0.98664852 -1.07999852 -2.30130657  2.22235856
  2.00404353  1.92828787  2.29727341  1.91574938 -1.66122987 -3.10386734
  0.42851114  1.34474107 -2.2627829  -1.12582324  2.31185253  1.3929831
 -0.27194535 -1.84442291 -1.64823272  1.96531907  1.3072635  -1.01186637
 -0.2307551  -0.69310241 -0.30341055  2.30246149 -0.66196425 -0.93540551
  0.7759616  -2.35270605  0.59023574  2.78421798 -0.3524234   2.04715729
 -1.86123647 -1.35336345 -2.59732448 -2.42276313 -1.50155945 -3.02893149
  2.01624034  1.78183582  1.58151433  1.12532404  1.58819991 -2.44419534
 -2.50731414  1.78914154  1.03426071 -0.29184123 -2.47717526  1.4310056
 -1.04394764 -3.04761608 -0.04718985  1.89748266 -2.70125982 -2.36811629
  1.8761222   1.02959885 -0.62617433 -0.49627885 -0.92140425  1.96406619
  0.47261384 -0.3562234   0.40186941 -2.26664088  1.26138896 -0.15330958
  2.40236043  1.23321959  2.878047   -1.05732194  2.10169555 -0.42989692
 -3.26841105  2.20319283  0.81150621  1.92880453 -1.28920268  1.43908626
 -2.12171523  0.20900861  0.08307811 -2.79058361 -0.90197192 -2.39311695
  0.07231384 -0.56902186]
Sat May 25 15:52:45 2024,327,0.09593807255347372,[-4.65817913  2.3666584  -1.84101369 -0.12402777  0.18674096 -2.6876756
  3.01280355  2.10571927  1.45516384 -0.92537903  0.61239226  1.09170209
  1.13213358 -1.54200659  0.77712217  2.80620138 -0.79813526 -0.6369012
 -1.75471957  0.60197243  1.67658059  2.99185286 -1.20874982 -0.31568872
 -2.42355367 -2.33800775  2.99454733  2.76325041 -0.54436131 -2.36481631
  1.48281927 -0.05848186 -2.31788282  2.09559401  1.28953988 -0.63852425
  0.84773492 -2.31878544 -0.02590994  2.15332207 -0.16392273  0.38882655
  2.71398581  1.04621027  2.46283215  3.16170453  2.64136433 -2.93931056
  0.26537428 -0.81567876  1.7588993   2.86393802 -0.51094382 -2.31769249
  2.78737849 -3.21072397  0.79398587 -0.63484041 -1.74132437  2.69814092
 -1.80956911 -1.5881874  -2.30392657  2.18801788 -2.45127016  2.13559112
  2.07469505  1.53540221  2.38306657  2.80473324  1.6488916   1.20005566
 -1.51327489 -2.2293233   1.47129253  0.71197466  1.31361921 -3.01402334
 -0.37769121  2.51833001 -1.03582333  1.28748591  1.48326278  0.54456412
 -0.83298648  1.11515372  0.66824159 -0.38367131  2.80474617 -1.99311177
  1.53801726 -0.48682649  1.09034825 -2.84974962 -2.45831753  0.45779789
 -1.16150488 -0.49455818  0.36528322 -0.1112802  -1.65031838 -0.04120234
 -0.85961304  2.81180162 -1.06241662 -1.38013999 -0.9488663   1.07792654
  1.85219195 -0.69614459  1.97232983 -2.19417506 -0.3472968  -0.73255692
 -2.89007447  3.16479252 -1.63192404  3.13528111 -1.26603647 -2.70852623
  3.36217814 -1.2331801  -0.77648816 -2.88403984 -2.71718694  2.54569089
 -2.13654603 -2.04711492 -0.18157624  3.15002431  0.24663593  0.21381978
 -1.25016853 -0.67761634 -1.7337285  -3.03027941  2.87032693  1.23543519
 -0.48574747 -2.18840273  1.10968152 -1.10584778 -0.49042177 -2.73947765
 -2.06516599  1.86557579 -0.87379327  2.6218951  -0.45421408 -2.67151596
 -2.82016965  2.26181246 -3.14419205 -0.44536796 -1.00231622 -0.24663753
  2.34758371  1.84026037  0.01820025 -2.55286624 -2.65897524  0.24437741
 -0.76664193  1.24525291 -2.62772247  1.12505822 -0.38394249  0.42076957
  1.91901716  0.45812833  0.65070773 -1.2715664   1.79157264  2.93975553
  0.9959526   0.22179504 -1.14185812  2.4227867   0.72664836 -1.90977064
 -0.05034345  1.87089422  0.98664155 -1.0800055  -2.30131355  2.22236553
  2.00403655  1.9282809   2.29726643  1.9157424  -1.66123685 -3.10387432
  0.42850416  1.34474805 -2.26277592 -1.12583022  2.31184555  1.39299008
 -0.27193837 -1.84442989 -1.64822574  1.96531209  1.30725652 -1.01185939
 -0.23074812 -0.69310939 -0.30340357  2.30245451 -0.66195727 -0.93541249
  0.77595462 -2.35271303  0.59024272  2.784211   -0.35241642  2.04716427
 -1.86124344 -1.35337043 -2.59733146 -2.42275615 -1.50155247 -3.02893847
  2.01623336  1.7818428   1.5815213   1.12533102  1.58820689 -2.44420231
 -2.50730716  1.78913456  1.03426769 -0.29184821 -2.47718224  1.43099862
 -1.04394066 -3.04762306 -0.04718287  1.89748964 -2.7012668  -2.36810931
  1.87612918  1.02960583 -0.62616735 -0.49628583 -0.92139728  1.96407317
  0.47260686 -0.35623038  0.40186243 -2.2666339   1.26138198 -0.15331656
  2.40235345  1.23321262  2.87804002 -1.05732892  2.10170253 -0.42988994
 -3.26840407  2.20319981  0.81151319  1.92879755 -1.28919571  1.43909324
 -2.12172221  0.20900163  0.08307113 -2.79059059 -0.90196494 -2.39310997
  0.07230686 -0.56901488]
Sat May 25 15:53:11 2024,328,0.09593806991975119,[-4.65818594  2.36665159 -1.8410205  -0.12403458  0.18674777 -2.68768241
  3.01281036  2.10571246  1.45517065 -0.92537222  0.61238545  1.09169528
  1.13214039 -1.54201339  0.77711537  2.80620819 -0.79814206 -0.636908
 -1.75471276  0.60196563  1.6765874   2.99185967 -1.20875663 -0.31569552
 -2.42356048 -2.33800095  2.99454052  2.7632436  -0.54436812 -2.36482312
  1.48282607 -0.05848867 -2.31787602  2.09560081  1.28954668 -0.63853105
  0.84774172 -2.31877864 -0.02591675  2.15331526 -0.16392953  0.38883336
  2.713979    1.04620347  2.46282535  3.16171134  2.64137114 -2.93930375
  0.26538108 -0.81567196  1.75889249  2.86393121 -0.51095063 -2.31769929
  2.78738529 -3.21073078  0.79397907 -0.6348336  -1.74131757  2.69813411
 -1.80956231 -1.58818059 -2.30391977  2.18802469 -2.45126335  2.13559792
  2.07468825  1.5353954   2.38307337  2.80474005  1.64889841  1.20006247
 -1.51328169 -2.2293165   1.47128572  0.71196785  1.31362602 -3.01403014
 -0.37769802  2.51832321 -1.03583013  1.2874791   1.48326959  0.54457093
 -0.83299329  1.11516053  0.66823478 -0.38367812  2.80475298 -1.99310496
  1.53801045 -0.48683329  1.09034145 -2.84975643 -2.45831073  0.4578047
 -1.16149808 -0.49455137  0.36529002 -0.1112734  -1.65032519 -0.04119554
 -0.85961985  2.81180843 -1.06242343 -1.3801468  -0.94885949  1.07791974
  1.85218514 -0.69615139  1.97233664 -2.19416825 -0.34730361 -0.73255011
 -2.89008128  3.16479932 -1.63193085  3.13527431 -1.26602966 -2.70851942
  3.36218495 -1.23318691 -0.77649496 -2.88403304 -2.71718014  2.54568408
 -2.13655283 -2.04712173 -0.18156943  3.15001751  0.24662912  0.21382659
 -1.25017534 -0.67760953 -1.73372169 -3.03028621  2.87032012  1.235442
 -0.48574066 -2.18839593  1.10968832 -1.10585458 -0.49041496 -2.73947084
 -2.06515919  1.86558259 -0.87378646  2.6218883  -0.45420727 -2.67150915
 -2.82017646  2.26180565 -3.14419886 -0.44536116 -1.00230941 -0.24663072
  2.34759052  1.84026718  0.01820706 -2.55285943 -2.65898204  0.24438422
 -0.76664874  1.24525972 -2.62772927  1.12505141 -0.38394929  0.42076277
  1.91901035  0.45813513  0.65071453 -1.2715596   1.79157944  2.93976234
  0.99595941  0.22178823 -1.14185131  2.42279351  0.72664155 -1.90977744
 -0.05033665  1.87090102  0.98663474 -1.07999869 -2.30130674  2.22237234
  2.00404336  1.9282877   2.29725962  1.9157492  -1.66123004 -3.10388113
  0.42849735  1.34474125 -2.26276911 -1.12583702  2.31183874  1.39298327
 -0.27194518 -1.84442308 -1.64821894  1.9653189   1.30724971 -1.0118662
 -0.23075493 -0.69310258 -0.30341038  2.3024477  -0.66196408 -0.9354193
  0.77596142 -2.35270622  0.59023591  2.7842178  -0.35242322  2.04717108
 -1.86123664 -1.35337724 -2.59733827 -2.42276296 -1.50155928 -3.02894528
  2.01622655  1.78184961  1.5815145   1.12532422  1.58820008 -2.44419551
 -2.50730035  1.78912775  1.03426088 -0.29184141 -2.47718905  1.43099181
 -1.04394747 -3.04762987 -0.04717607  1.89749645 -2.70126    -2.36811612
  1.87612237  1.02961263 -0.62616054 -0.49629263 -0.92140408  1.96406637
  0.47260005 -0.35623719  0.40186924 -2.26664071  1.26138878 -0.15330975
  2.40236026  1.23321942  2.87804683 -1.05733573  2.10170934 -0.42988313
 -3.26839726  2.20320662  0.81150638  1.92880436 -1.28920251  1.43908643
 -2.1217154   0.20900844  0.08307794 -2.79058378 -0.90195813 -2.39311678
  0.07230006 -0.56902169]
Sat May 25 15:53:42 2024,329,0.09593806740161695,[-4.65819258  2.36665823 -1.84101386 -0.12404122  0.18675441 -2.68768905
  3.012817    2.10570583  1.45517729 -0.92537886  0.61239209  1.09170192
  1.13214703 -1.54202003  0.777122    2.80620155 -0.79813542 -0.63691464
 -1.7547194   0.60197227  1.67658076  2.9918663  -1.20876327 -0.31570216
 -2.42355384 -2.33800758  2.99454716  2.76323696 -0.54436148 -2.36481648
  1.48283271 -0.05849531 -2.31788265  2.09559418  1.28955332 -0.63853769
  0.84774836 -2.31878528 -0.02592338  2.15330863 -0.1639229   0.38883999
  2.71397237  1.04621011  2.46281871  3.16171798  2.64137778 -2.93931039
  0.26538772 -0.81566532  1.75888585  2.86393785 -0.51094399 -2.31770593
  2.78739193 -3.21073742  0.79398571 -0.63484024 -1.74132421  2.69814075
 -1.80955567 -1.58817395 -2.3039264   2.18801805 -2.45125672  2.13560456
  2.07468161  1.53538876  2.38306673  2.80474669  1.64890505  1.20005583
 -1.51328833 -2.22930986  1.47129236  0.71197449  1.31361938 -3.01402351
 -0.37769138  2.51831657 -1.0358235   1.28747246  1.48327623  0.54457757
 -0.83299993  1.11515389  0.66824142 -0.38367148  2.80475961 -1.99309833
  1.53800381 -0.48682665  1.09033481 -2.84976306 -2.45830409  0.45779806
 -1.16149144 -0.49454474  0.36528338 -0.11126676 -1.65031855 -0.04120217
 -0.85962649  2.81181506 -1.06241679 -1.38014016 -0.94885286  1.07792637
  1.85219178 -0.69614475  1.97233    -2.19417489 -0.34729697 -0.73254347
 -2.89008792  3.16480596 -1.63193749  3.13528094 -1.2660363  -2.70851278
  3.36219159 -1.23318027 -0.77648833 -2.8840264  -2.71718677  2.54569072
 -2.13655947 -2.04712836 -0.18156279  3.15002414  0.24663576  0.21381995
 -1.2501687  -0.67761617 -1.73372833 -3.03029285  2.87031349  1.23543536
 -0.4857473  -2.18840256  1.10969496 -1.10586122 -0.49040833 -2.73947748
 -2.06516583  1.86557596 -0.8737931   2.62188166 -0.45420063 -2.67150251
 -2.82016982  2.26181229 -3.1442055  -0.44535452 -1.00231605 -0.24662409
  2.34758388  1.84027381  0.01820042 -2.55285279 -2.65897541  0.24437758
 -0.76665538  1.24526635 -2.62773591  1.12505805 -0.38395593  0.4207694
  1.91901699  0.45814177  0.65072117 -1.27156623  1.79158608  2.93976898
  0.99596605  0.22178159 -1.14185795  2.42278687  0.72664819 -1.90977081
 -0.05034329  1.87090766  0.98664138 -1.07999205 -2.30131338  2.22237898
  2.00405     1.92829434  2.29726626  1.91575584 -1.6612234  -3.10388776
  0.42849072  1.34473461 -2.26277575 -1.12584366  2.3118321   1.39297663
 -0.27195182 -1.84442972 -1.64822557  1.96532554  1.30725635 -1.01187284
 -0.23074829 -0.69310922 -0.30341702  2.30245434 -0.66197072 -0.93541266
  0.77596806 -2.35271286  0.59024255  2.78421117 -0.35241659  2.04717771
 -1.86124328 -1.3533706  -2.59733163 -2.42275632 -1.50156591 -3.02895192
  2.01621992  1.78185625  1.58152114  1.12533085  1.58819344 -2.44418887
 -2.50730699  1.78912112  1.03426752 -0.29184804 -2.47718241  1.43098518
 -1.04394083 -3.04762323 -0.0471827   1.89750308 -2.70126663 -2.36810948
  1.87612901  1.02960599 -0.62615391 -0.49628599 -0.92141072  1.964073
  0.47259342 -0.35623055  0.4018626  -2.26663407  1.26138215 -0.15331639
  2.40235362  1.23322606  2.87805347 -1.05734237  2.1017027  -0.42988977
 -3.2684039   2.20319998  0.81149975  1.92879772 -1.28919587  1.43909307
 -2.12170877  0.2090018   0.0830713  -2.79059042 -0.9019515  -2.39311014
  0.07230669 -0.56901505]
Sat May 25 15:54:08 2024,330,0.09593806499365334,[-4.65819905  2.36665176 -1.84102033 -0.12403474  0.18674793 -2.68768257
  3.01281052  2.10569935  1.45518376 -0.92538533  0.61238562  1.09169544
  1.13214055 -1.54201356  0.77712848  2.80620802 -0.7981419  -0.63692112
 -1.75472587  0.60197874  1.67657429  2.99187278 -1.20876974 -0.31569569
 -2.42356032 -2.33800111  2.99455364  2.76324344 -0.54435501 -2.36481001
  1.48282624 -0.05850178 -2.31787618  2.0955877   1.28954685 -0.63854416
  0.84775483 -2.31879175 -0.02591691  2.1533151  -0.16391642  0.38884647
  2.71396589  1.04621658  2.46281224  3.16172445  2.64138425 -2.93931686
  0.26539419 -0.81567179  1.75887938  2.86394432 -0.51095047 -2.3177124
  2.78738546 -3.21073094  0.79397923 -0.63484672 -1.74133068  2.69813428
 -1.80956214 -1.58818043 -2.30393288  2.18801158 -2.45126319  2.13559809
  2.07468808  1.53539524  2.38307321  2.80474021  1.64889857  1.20004936
 -1.51328186 -2.22931633  1.47129883  0.71198096  1.31361291 -3.01402998
 -0.37769786  2.51832304 -1.03581702  1.28747894  1.48326975  0.54458404
 -0.8330064   1.11514741  0.6682479  -0.38366501  2.80475314 -1.9931048
  1.53801029 -0.48682018  1.09032834 -2.84976954 -2.45831056  0.45779159
 -1.16148497 -0.49455121  0.36527691 -0.11127323 -1.65032502 -0.0411957
 -0.85963296  2.81180859 -1.06242327 -1.38014664 -0.94885933  1.07793285
  1.85218531 -0.69615123  1.97233648 -2.19418136 -0.3472905  -0.732537
 -2.89008144  3.16481244 -1.63193101  3.13527447 -1.26604277 -2.70850631
  3.36219806 -1.23318674 -0.7764948  -2.88403287 -2.71719325  2.54568424
 -2.136553   -2.04712189 -0.18156927  3.15003062  0.24662929  0.21381348
 -1.25016222 -0.67762265 -1.73372186 -3.03028638  2.87030701  1.23542889
 -0.48574082 -2.18840904  1.10970143 -1.10585475 -0.4904148  -2.73948395
 -2.0651723   1.86558243 -0.87379957  2.62188813 -0.45420711 -2.67149604
 -2.82016335  2.26180582 -3.14419902 -0.44534804 -1.00232252 -0.24661761
  2.34759035  1.84026734  0.01820689 -2.55285927 -2.65896893  0.24437111
 -0.76666185  1.24525988 -2.62772944  1.12505157 -0.38396241  0.42076293
  1.91902346  0.45814824  0.65072764 -1.27155976  1.79159255  2.9397625
  0.99595957  0.22178807 -1.14185148  2.42279334  0.72665466 -1.90976433
 -0.05034976  1.87091413  0.98664785 -1.07998558 -2.3013069   2.22238545
  2.00404352  1.92830081  2.29725979  1.91574937 -1.66121693 -3.10389424
  0.42848424  1.34472814 -2.26278222 -1.12585013  2.31182563  1.39298311
 -0.27194534 -1.84442324 -1.6482191   1.96531906  1.30724988 -1.01187931
 -0.23075476 -0.69311569 -0.30342349  2.30244787 -0.66196424 -0.93540619
  0.77596159 -2.35270638  0.59023607  2.78420469 -0.35242306  2.04718419
 -1.86124975 -1.35337707 -2.5973381  -2.42274985 -1.50155944 -3.02895839
  2.01621344  1.78184977  1.58152761  1.12533733  1.58818697 -2.44419534
 -2.50731346  1.78911464  1.03426105 -0.29184157 -2.47718888  1.4309787
 -1.04393436 -3.0476297  -0.04718918  1.89750956 -2.70126016 -2.36811595
  1.87613549  1.02959952 -0.62614743 -0.49629247 -0.92140425  1.96406653
  0.47258694 -0.35622407  0.40186907 -2.2666276   1.26138862 -0.15330991
  2.40234715  1.23323253  2.87805994 -1.05734884  2.10169623 -0.42989624
 -3.26839743  2.20320646  0.81149327  1.92880419 -1.2891894   1.43909954
 -2.12170229  0.20899533  0.08307778 -2.79058395 -0.90195797 -2.39310367
  0.07230022 -0.56902153]
Sat May 25 15:54:45 2024,331,0.09593806269070793,[-4.65820536  2.36664544 -1.84102665 -0.12404106  0.18675425 -2.68767626
  3.01281684  2.10570567  1.45519007 -0.92539165  0.6123793   1.09170176
  1.13214687 -1.54200724  0.77713479  2.80621434 -0.79813558 -0.6369148
 -1.75471956  0.60198505  1.67656797  2.99186646 -1.20876343 -0.31568937
 -2.42356663 -2.3379948   2.99455995  2.76323712 -0.54436132 -2.36481632
  1.48281992 -0.05849547 -2.31788249  2.09558139  1.28954053 -0.63855048
  0.84774852 -2.31878544 -0.02592322  2.15330879 -0.16391011  0.38884015
  2.71395958  1.04622289  2.46280592  3.16173076  2.64139056 -2.93931055
  0.26540051 -0.81567811  1.75887307  2.86393801 -0.51094415 -2.31770609
  2.78737914 -3.21073726  0.79398555 -0.63485303 -1.74132437  2.69814059
 -1.80955583 -1.58817411 -2.30392656  2.18800527 -2.4512695   2.13559177
  2.0746944   1.53538892  2.38306689  2.8047339   1.64890489  1.20004304
 -1.51327554 -2.22931002  1.47129252  0.71198728  1.3136066  -3.01403629
 -0.37769154  2.51832936 -1.03581071  1.28747262  1.48327607  0.54459035
 -0.83300009  1.1151411   0.66825421 -0.38365869  2.80475945 -1.99309849
  1.53800397 -0.48681387  1.09033465 -2.84976322 -2.45831688  0.4577979
 -1.16149128 -0.49455752  0.36528323 -0.11127955 -1.65033134 -0.04120202
 -0.85962665  2.8118149  -1.06241695 -1.38015295 -0.94885301  1.07793916
  1.85219162 -0.69614491  1.97233016 -2.19418767 -0.34729681 -0.73253068
 -2.89007513  3.16480612 -1.63193733  3.13528079 -1.26604909 -2.70849999
  3.36220437 -1.23318043 -0.77650111 -2.88403919 -2.71719956  2.54567793
 -2.13655931 -2.04711558 -0.18157558  3.1500243   0.2466356   0.21381979
 -1.25015591 -0.67762896 -1.73372817 -3.03028006  2.8703007   1.23542257
 -0.48574714 -2.18840272  1.10970775 -1.10586106 -0.49040849 -2.73949026
 -2.06516599  1.86558874 -0.87380588  2.62188182 -0.45421342 -2.67150235
 -2.82016966  2.26181213 -3.14419271 -0.44534173 -1.00231621 -0.2466113
  2.34758404  1.84026103  0.01821321 -2.55286558 -2.65896262  0.24437742
 -0.76665554  1.24525357 -2.62772312  1.12505789 -0.38396872  0.42075662
  1.91902978  0.45815456  0.65073396 -1.27156608  1.79159887  2.93976882
  0.99595326  0.22179438 -1.14184516  2.42279966  0.72666098 -1.90977065
 -0.05034345  1.87090782  0.98665416 -1.07997927 -2.30130059  2.22237914
  2.00403721  1.92830713  2.2972661   1.91574305 -1.66121062 -3.10388792
  0.42849056  1.34473445 -2.26278854 -1.12585645  2.31183194  1.39298942
 -0.27195166 -1.84441693 -1.64822541  1.96532538  1.30725619 -1.01188562
 -0.23074845 -0.69310938 -0.30341718  2.30245418 -0.66195793 -0.93539987
  0.77595527 -2.35270007  0.59024239  2.78421101 -0.35242937  2.0471905
 -1.86125606 -1.35337076 -2.59734442 -2.42274353 -1.50155313 -3.0289647
  2.01621976  1.78185609  1.58153392  1.12533101  1.58818065 -2.44420166
 -2.50731978  1.78912096  1.03425473 -0.29183526 -2.4771952   1.43097239
 -1.04392805 -3.04763602 -0.04719549  1.89750324 -2.70125385 -2.36810964
  1.8761418   1.02960583 -0.62614112 -0.49629878 -0.92139793  1.96407284
  0.47259326 -0.35621776  0.40187539 -2.26663391  1.26138231 -0.15331623
  2.40234083  1.23323885  2.87806625 -1.05734253  2.10168991 -0.42990256
 -3.26840374  2.20321277  0.81149959  1.92879788 -1.28919571  1.43909323
 -2.12169598  0.20898901  0.08307146 -2.79057763 -0.90195166 -2.39310998
  0.07229391 -0.56901521]
Sat May 25 15:55:09 2024,332,0.09593806048788242,[-4.65821152  2.3666516  -1.84103281 -0.1240349   0.1867604  -2.6876701
  3.012823    2.10569951  1.45518392 -0.92538549  0.61238546  1.0916956
  1.13215302 -1.54200109  0.77712863  2.8062205  -0.79814174 -0.63690864
 -1.7547134   0.6019789   1.67657413  2.99187262 -1.20875727 -0.31569553
 -2.42357279 -2.33798864  2.99456611  2.76323096 -0.54436748 -2.36481016
  1.48282608 -0.05850163 -2.31788865  2.09558755  1.28953437 -0.63854432
  0.84774236 -2.31879159 -0.02592938  2.15330263 -0.16391627  0.38883399
  2.71395342  1.04622905  2.46279976  3.1617246   2.64139672 -2.93931671
  0.26540667 -0.81568427  1.75887922  2.86394417 -0.51095031 -2.31769993
  2.7873853  -3.21074342  0.79397939 -0.63484687 -1.74131821  2.69814675
 -1.80956199 -1.58818027 -2.3039204   2.18801142 -2.45127566  2.13559793
  2.07470056  1.53538277  2.38307305  2.80474006  1.64891105  1.2000492
 -1.51326939 -2.22930386  1.47129868  0.71198112  1.31360044 -3.01403013
 -0.3776977   2.51833552 -1.03581687  1.28747878  1.48326991  0.5445842
 -0.83299393  1.11513494  0.66824805 -0.38365254  2.8047533  -1.99310465
  1.53799782 -0.48680771  1.09032849 -2.84975707 -2.45831072  0.45779174
 -1.16149744 -0.49455136  0.36528938 -0.11127339 -1.65032518 -0.04120817
 -0.8596328   2.81180875 -1.06242311 -1.38015911 -0.94884686  1.077933
  1.85219778 -0.69613876  1.972324   -2.19418152 -0.34730297 -0.73252453
 -2.89006897  3.16479996 -1.63194349  3.13527463 -1.26605525 -2.70850615
  3.36219822 -1.23318659 -0.77650727 -2.88404535 -2.71720572  2.54567177
 -2.13656547 -2.04712173 -0.18156942  3.15003046  0.24662944  0.21381363
 -1.25016207 -0.67763512 -1.73373433 -3.0302739   2.87030686  1.23542873
 -0.48574098 -2.18839657  1.10970159 -1.1058549  -0.49040233 -2.73949642
 -2.06517214  1.86558259 -0.87381204  2.62187566 -0.45420726 -2.67149619
 -2.82017582  2.26181829 -3.14419887 -0.44533557 -1.00231005 -0.24661746
  2.34757788  1.84025487  0.01820705 -2.55287174 -2.65895646  0.24438358
 -0.7666617   1.24524741 -2.62771696  1.12505173 -0.38396256  0.42076277
  1.91902362  0.4581484   0.65074012 -1.27157223  1.79159271  2.93977497
  0.99595942  0.22178822 -1.14185132  2.42280582  0.72666714 -1.90976449
 -0.0503496   1.87091398  0.98666032 -1.07997311 -2.30130675  2.2223853
  2.00404337  1.92831329  2.29725994  1.91574921 -1.66120446 -3.10388177
  0.42849671  1.34472829 -2.2627947  -1.12586261  2.3118381   1.39299558
 -0.2719455  -1.84441077 -1.64821925  1.96531922  1.30725003 -1.01187947
 -0.23075461 -0.69311554 -0.30341102  2.30246034 -0.66196409 -0.93539371
  0.77594912 -2.35270623  0.59023623  2.78420485 -0.35243553  2.04718434
 -1.8612499  -1.3533646  -2.59733826 -2.42273738 -1.50154697 -3.02895854
  2.01622592  1.78186225  1.58154008  1.12532486  1.58818681 -2.4441955
 -2.50732594  1.7891148   1.03426089 -0.2918291  -2.47718904  1.43096623
 -1.0439342  -3.04762986 -0.04720165  1.8975094  -2.70124769 -2.3681158
  1.87614796  1.02961199 -0.62614728 -0.49630494 -0.92139177  1.96406669
  0.47259941 -0.35622392  0.40186923 -2.26662775  1.26138847 -0.15332239
  2.40233467  1.23324501  2.87807241 -1.05733637  2.10169607 -0.4298964
 -3.2684099   2.20320661  0.81149343  1.92880404 -1.28920187  1.43909939
 -2.12170214  0.20898286  0.0830653  -2.79058379 -0.90195782 -2.39311614
  0.07228775 -0.56900905]
Sat May 25 15:55:55 2024,333,0.09593805838051886,[-4.65821753  2.36664559 -1.84103881 -0.12404091  0.1867544  -2.6876641
  3.012829    2.10570551  1.45518992 -0.92537948  0.61237945  1.09170161
  1.13214702 -1.54199508  0.77712263  2.8062265  -0.79814775 -0.63691465
 -1.75471941  0.60197289  1.67656812  2.99186661 -1.20875126 -0.31570154
 -2.42357879 -2.33799464  2.99457212  2.76322496 -0.54436147 -2.36481617
  1.48283209 -0.05850763 -2.31788265  2.09559355  1.28954038 -0.63855033
  0.84774837 -2.31878559 -0.02592337  2.15330863 -0.16391026  0.38884
  2.71394741  1.04623506  2.46280577  3.1617186   2.64140273 -2.93932271
  0.26540066 -0.81567826  1.75888523  2.86395017 -0.51095632 -2.31769392
  2.78737929 -3.21074942  0.79397338 -0.63485288 -1.74132421  2.69815276
 -1.80956799 -1.58817426 -2.3039144   2.18801743 -2.45128167  2.13559193
  2.07469455  1.53537676  2.38306704  2.80474606  1.64891705  1.20005521
 -1.51326338 -2.22929785  1.47129267  0.71198713  1.31360644 -3.01403614
 -0.37769169  2.51832951 -1.03582287  1.28748479  1.48327592  0.5445902
 -0.83298792  1.11514095  0.66824204 -0.38364653  2.80474729 -1.99311065
  1.53800382 -0.4868017   1.0903345  -2.84976307 -2.45831672  0.45779775
 -1.16150345 -0.49455737  0.36528338 -0.11126738 -1.65033119 -0.04121418
 -0.8596268   2.81181475 -1.0624171  -1.38016512 -0.94884085  1.077927
  1.85220379 -0.69613275  1.972318   -2.19418752 -0.34730898 -0.73251852
 -2.89007498  3.16480597 -1.63194949  3.13526862 -1.26604924 -2.70851216
  3.36219221 -1.23319259 -0.77651328 -2.88403934 -2.71721173  2.54566576
 -2.13655946 -2.04711573 -0.18157543  3.15002446  0.24663545  0.21381964
 -1.25016808 -0.67762911 -1.73372832 -3.03027991  2.87031286  1.23543474
 -0.48573497 -2.18839056  1.10969558 -1.10584889 -0.49040834 -2.73950243
 -2.06517815  1.86557658 -0.87380604  2.62188167 -0.45421327 -2.6715022
 -2.82018183  2.2618243  -3.14419286 -0.44532957 -1.00231606 -0.24662346
  2.34758389  1.84026087  0.01821305 -2.55287775 -2.65895045  0.24437757
 -0.7666677   1.2452414  -2.62771096  1.12504572 -0.38396857  0.42075677
  1.91901761  0.45814239  0.65074612 -1.27157824  1.79159871  2.93978098
  0.99595341  0.22178222 -1.14184532  2.42279981  0.72666113 -1.9097705
 -0.0503436   1.87090797  0.98665432 -1.07997912 -2.30131276  2.2223913
  2.00404938  1.92831929  2.29726595  1.91574321 -1.66119845 -3.10388777
  0.42850272  1.3447343  -2.26278869 -1.12586861  2.31184411  1.39298957
 -0.27195151 -1.84441678 -1.64821325  1.96531321  1.30724403 -1.01187346
 -0.23076062 -0.69310953 -0.30341703  2.30246634 -0.6619701  -0.93539972
  0.77594311 -2.35270022  0.59023022  2.78421085 -0.35242953  2.04719035
 -1.86125591 -1.35335859 -2.59734427 -2.42273137 -1.50154096 -3.02895254
  2.01621991  1.78186825  1.58154609  1.12531885  1.58818081 -2.44418949
 -2.50731993  1.78910879  1.0342669  -0.29183511 -2.47719504  1.43097224
 -1.0439282  -3.04762385 -0.04719564  1.8975034  -2.7012537  -2.36810979
  1.87615396  1.02960599 -0.62614127 -0.49629893 -0.92139778  1.96406068
  0.47260542 -0.35621791  0.40186322 -2.26662174  1.26139447 -0.15332839
  2.40234068  1.23325101  2.87806641 -1.05734238  2.10170208 -0.42990241
 -3.26841591  2.20321262  0.81148742  1.92879803 -1.28919587  1.43909338
 -2.12170814  0.20898886  0.08307131 -2.79057778 -0.90195181 -2.39311013
  0.07229375 -0.56901506]
Sat May 25 15:56:28 2024,334,0.09593805636418555,[-4.65822339  2.36665145 -1.84104467 -0.12404676  0.18674854 -2.68766995
  3.01282314  2.10571137  1.45518406 -0.92537362  0.6123736   1.09169575
  1.13214116 -1.54198922  0.77712848  2.80622064 -0.79814189 -0.63692051
 -1.75472527  0.60196703  1.67656226  2.99186076 -1.20875712 -0.3157074
 -2.42357294 -2.3380005   2.99456626  2.76323082 -0.54435561 -2.36481031
  1.48282623 -0.05851349 -2.31787679  2.09558769  1.28953452 -0.63854447
  0.84774251 -2.31877973 -0.02591752  2.15331449 -0.16391612  0.38884586
  2.71394155  1.0462292   2.46281163  3.16171274  2.64140859 -2.93932857
  0.2653948  -0.81568412  1.75887937  2.86395603 -0.51095046 -2.31768806
  2.78737343 -3.21074356  0.79396752 -0.63485874 -1.74131835  2.69815862
 -1.80956213 -1.58818012 -2.30390854  2.18801157 -2.45127581  2.13559778
  2.07470041  1.53538262  2.38306119  2.8047402   1.64892291  1.20006107
 -1.51326924 -2.22929199  1.47129853  0.71198127  1.3136123  -3.01403028
 -0.37769755  2.51833537 -1.03582873  1.28749065  1.48328178  0.54458434
 -0.83299378  1.11513509  0.6682479  -0.38365239  2.80474143 -1.99311651
  1.53800968 -0.48679584  1.09034036 -2.84976893 -2.45832258  0.45779189
 -1.16149759 -0.49456323  0.36527752 -0.11127324 -1.65032533 -0.04120832
 -0.85963266  2.81182061 -1.06241124 -1.38015926 -0.94884671  1.07793286
  1.85220965 -0.69613861  1.97232386 -2.19418166 -0.34730312 -0.73251266
 -2.89006912  3.16480011 -1.63195535  3.13526276 -1.2660551  -2.7085063
  3.36218635 -1.23319845 -0.77650742 -2.88403348 -2.71721759  2.54567162
 -2.1365536  -2.04710987 -0.18156957  3.1500186   0.24662959  0.2138255
 -1.25016222 -0.67763497 -1.73373418 -3.03027405  2.87030701  1.2354406
 -0.48574083 -2.1883847   1.10970144 -1.10585475 -0.49040248 -2.73949657
 -2.06517229  1.86557072 -0.8738119   2.62188753 -0.45421913 -2.67149634
 -2.82017597  2.26183015 -3.144187   -0.44533542 -1.00232192 -0.2466176
  2.34757803  1.84026673  0.01821891 -2.55287189 -2.65895631  0.24438343
 -0.76667356  1.24524726 -2.62771682  1.12503986 -0.38397443  0.42075091
  1.91902347  0.45814825  0.65074026 -1.27157238  1.79160457  2.93978684
  0.99594755  0.22177636 -1.14185118  2.42279395  0.72666699 -1.90976464
 -0.05033774  1.87090211  0.98664846 -1.07997326 -2.3013069   2.22238544
  2.00404352  1.92831343  2.29726009  1.91574907 -1.66120431 -3.10389363
  0.42850858  1.34474016 -2.26278283 -1.12587447  2.31183825  1.39298371
 -0.27195737 -1.84442264 -1.64820739  1.96530735  1.30724988 -1.0118676
 -0.23075476 -0.69310367 -0.30341117  2.30246048 -0.66196424 -0.93539386
  0.77594897 -2.35270608  0.59023608  2.784205   -0.35243539  2.04718449
 -1.86126177 -1.35336445 -2.59733841 -2.42272551 -1.50154682 -3.0289584
  2.01621405  1.78187411  1.58155195  1.12531299  1.58817495 -2.44418363
 -2.50731407  1.78911465  1.03427276 -0.29182925 -2.4772009   1.4309781
 -1.04393406 -3.04762971 -0.04718978  1.89750925 -2.70125956 -2.36811565
  1.87614811  1.02961185 -0.62613541 -0.49629307 -0.92140364  1.96405482
  0.47261128 -0.35621205  0.40186908 -2.26661588  1.26138861 -0.15333425
  2.40234654  1.23324515  2.87806055 -1.05734823  2.10170794 -0.42989655
 -3.26842177  2.20321848  0.81149328  1.92879217 -1.28919001  1.43909924
 -2.121714    0.208983    0.08307717 -2.79058364 -0.90194595 -2.39311599
  0.07228789 -0.56902092]
Sat May 25 15:56:53 2024,335,0.09593805443466794,[-4.65822911  2.36664574 -1.84103896 -0.12405248  0.18674282 -2.68767567
  3.01282886  2.10571709  1.45518978 -0.92537934  0.61236788  1.09170146
  1.13213544 -1.54199493  0.77712277  2.80622636 -0.79813617 -0.63691479
 -1.75473098  0.60197274  1.67656798  2.99185504 -1.20876284 -0.31570168
 -2.42357865 -2.33800622  2.99457197  2.7632251  -0.5443499  -2.36480459
  1.48282051 -0.05850778 -2.31787107  2.09558198  1.28952881 -0.63853875
  0.84774823 -2.31877401 -0.0259118   2.15332021 -0.1639104   0.38884014
  2.71394727  1.04622348  2.46280591  3.16171845  2.6414143  -2.93932286
  0.26538908 -0.8156784   1.75888509  2.86395032 -0.51095617 -2.31768235
  2.78737915 -3.21074928  0.7939618  -0.63486445 -1.74132407  2.69816433
 -1.80956785 -1.58818584 -2.30391425  2.18801729 -2.45128152  2.13559207
  2.07469469  1.53538833  2.3830669   2.80473449  1.64892863  1.20006679
 -1.51327495 -2.22929771  1.47130424  0.71198698  1.31361802 -3.014036
 -0.37770327  2.51832965 -1.03583445  1.28749636  1.48327606  0.54457863
 -0.83298806  1.11514081  0.66825362 -0.3836581   2.80473571 -1.9931108
  1.5380154  -0.48679013  1.09034608 -2.84977465 -2.45831687  0.45778617
 -1.1615033  -0.49455752  0.36528323 -0.11126752 -1.65031961 -0.04121404
 -0.85962694  2.8118149  -1.06241696 -1.38015354 -0.94884099  1.07793857
  1.85221536 -0.69614432  1.97232957 -2.19418738 -0.34730883 -0.73250694
 -2.8900634   3.16479439 -1.63194964  3.13525704 -1.26606081 -2.70850058
  3.36218063 -1.23320417 -0.7765017  -2.8840392  -2.71721187  2.54567734
 -2.13654789 -2.04710415 -0.18156385  3.15001288  0.24663531  0.21381978
 -1.25016793 -0.67762925 -1.7337399  -3.03026834  2.87030129  1.23543488
 -0.48573512 -2.18839041  1.10969573 -1.10584904 -0.49039676 -2.73950229
 -2.06516658  1.86557644 -0.87380618  2.62188181 -0.45421341 -2.67150206
 -2.82017025  2.26183587 -3.14418128 -0.44534114 -1.00232763 -0.24662332
  2.34757231  1.84027245  0.0182132  -2.55286617 -2.6589506   0.24437772
 -0.76666785  1.24524154 -2.6277111   1.12504558 -0.38396871  0.42074519
  1.91901775  0.45815397  0.65074598 -1.27156667  1.79159886  2.93979256
  0.99594184  0.22177064 -1.14184546  2.42278823  0.7266727  -1.90977035
 -0.05034345  1.87090783  0.98664274 -1.07997897 -2.30130118  2.22239116
  2.00404923  1.92830772  2.29725437  1.91574335 -1.66121003 -3.10389935
  0.42850287  1.34474587 -2.26278854 -1.12588019  2.31183253  1.392978
 -0.27195165 -1.84442835 -1.64820167  1.96531307  1.30724417 -1.01187332
 -0.23074904 -0.69310939 -0.30340545  2.3024662  -0.66195852 -0.93539958
  0.77595468 -2.35270036  0.5902418   2.78421071 -0.3524411   2.04719021
 -1.86126749 -1.35335874 -2.59734412 -2.42271979 -1.50154111 -3.02895268
  2.01620833  1.7818684   1.58155766  1.1253187   1.58818066 -2.44417792
 -2.50731978  1.78910893  1.03426704 -0.29183496 -2.47720662  1.43097238
 -1.04392834 -3.047624   -0.0471955   1.89751497 -2.70125384 -2.36812136
  1.87615382  1.02961756 -0.62614113 -0.49628736 -0.92139792  1.96406053
  0.47260557 -0.35620634  0.40186337 -2.2666216   1.26139433 -0.15332854
  2.40235226  1.23323944  2.87806626 -1.05734252  2.10170222 -0.42990226
 -3.26842748  2.20321276  0.811499    1.92879789 -1.28918429  1.43910496
 -2.12170829  0.20898872  0.08307145 -2.79057793 -0.90195166 -2.39311028
  0.07228218 -0.5690152 ]
Sat May 25 15:57:18 2024,336,0.09593805258795615,[-4.65823468  2.36665131 -1.84104453 -0.12405806  0.1867484  -2.68768125
  3.01282328  2.10572267  1.4551842  -0.92537376  0.61237346  1.09170704
  1.13212987 -1.54198936  0.77711719  2.80622078 -0.79814175 -0.63690922
 -1.75473656  0.60197832  1.67657356  2.99186062 -1.20875726 -0.31570726
 -2.42357308 -2.3380118   2.99457755  2.76323068 -0.54434432 -2.36481017
  1.48281494 -0.05851335 -2.31786549  2.0955764   1.28953438 -0.63854433
  0.8477538  -2.31876844 -0.02590622  2.15331463 -0.16390483  0.38883457
  2.71395285  1.04621791  2.46281149  3.16171288  2.64141988 -2.93932843
  0.26538351 -0.81568398  1.75889066  2.86395589 -0.51096175 -2.31767677
  2.78737357 -3.21075486  0.79395623 -0.63485888 -1.74131849  2.69815876
 -1.80957343 -1.58818026 -2.30390868  2.18802286 -2.45127595  2.13558649
  2.07468912  1.53538276  2.38307248  2.80474006  1.64892305  1.20007236
 -1.51326938 -2.22929213  1.47130982  0.71198141  1.31361244 -3.01404157
 -0.37769769  2.51832408 -1.03582887  1.28750194  1.48328164  0.54457305
 -0.83298249  1.11514638  0.66824804 -0.38366368  2.80473014 -1.99310522
  1.53800982 -0.4867957   1.09035165 -2.84976907 -2.45831129  0.45779175
 -1.16150888 -0.49456309  0.36528881 -0.11126195 -1.65031403 -0.04120846
 -0.85963252  2.81182047 -1.06241138 -1.38014796 -0.94883542  1.077933
  1.85222094 -0.6961499   1.972324   -2.19419296 -0.34731441 -0.73251252
 -2.89005783  3.16478882 -1.63194406  3.13525147 -1.26605524 -2.70850616
  3.36217506 -1.23320975 -0.77650728 -2.88404477 -2.71721745  2.54567176
 -2.13655346 -2.04709858 -0.18156943  3.15001846  0.24662973  0.21382536
 -1.25016236 -0.67762368 -1.73374547 -3.03027391  2.87030687  1.23544046
 -0.48572954 -2.18838484  1.1097013  -1.10584346 -0.49039118 -2.73949671
 -2.065161    1.86557086 -0.8738006   2.62187623 -0.45420784 -2.67149648
 -2.82016468  2.26183029 -3.14418686 -0.44533556 -1.00233321 -0.24661774
  2.34757789  1.84027803  0.01820762 -2.55287175 -2.65894502  0.24437214
 -0.76666227  1.24523597 -2.62770552  1.12505116 -0.38397429  0.42075077
  1.91901218  0.45815954  0.6507404  -1.27157224  1.79159328  2.93979813
  0.99594741  0.22177622 -1.14183988  2.42279381  0.72666713 -1.90977593
 -0.05033788  1.8709134   0.98663717 -1.07998455 -2.3012956   2.22239674
  2.00404366  1.92830214  2.29725995  1.91574893 -1.6612156  -3.10389377
  0.42850844  1.34475145 -2.26278297 -1.12587461  2.31183811  1.39297242
 -0.27194607 -1.84443393 -1.64820725  1.96531864  1.30724974 -1.01187889
 -0.23074346 -0.69310381 -0.30339987  2.30247178 -0.6619641  -0.935394
  0.77594911 -2.35269479  0.59024737  2.78421629 -0.35243553  2.04718463
 -1.86127306 -1.35335316 -2.5973497  -2.42271422 -1.50154668 -3.02895826
  2.01621391  1.78187397  1.58156324  1.12532428  1.58818624 -2.44418349
 -2.50732536  1.78911451  1.03426147 -0.29182939 -2.4772122   1.43096681
 -1.04392276 -3.04761842 -0.04720107  1.89750939 -2.70124826 -2.36812694
  1.87614824  1.02961199 -0.6261467  -0.49629293 -0.9214035   1.96406611
  0.47261114 -0.35621191  0.40186894 -2.26662718  1.2613999  -0.15333411
  2.40234668  1.23323386  2.87806069 -1.0573481   2.10169664 -0.42990784
 -3.26842191  2.20320719  0.81149342  1.92880346 -1.28917871  1.43911053
 -2.12171386  0.20898314  0.08306588 -2.7905835  -0.90194609 -2.39311585
  0.0722766  -0.56902078]
Sat May 25 15:57:41 2024,337,0.09593805082023558,[-4.65824012  2.36665675 -1.84104997 -0.1240635   0.18674296 -2.68767581
  3.01282872  2.10571723  1.45518964 -0.9253792   0.6123789   1.09171248
  1.13213531 -1.5419948   0.77712263  2.80621534 -0.79814719 -0.63690378
 -1.75473112  0.60197288  1.676579    2.99186606 -1.20875182 -0.3157127
 -2.42356764 -2.33801724  2.99457211  2.76322524 -0.54434976 -2.36481561
  1.4828095  -0.05850791 -2.31787093  2.09557096  1.28953982 -0.63853889
  0.84775924 -2.31877388 -0.02591166  2.15332007 -0.16391027  0.38884001
  2.71395829  1.04621247  2.46281693  3.16171832  2.64142532 -2.93932299
  0.26538895 -0.81568942  1.75888522  2.86396133 -0.51095631 -2.31767133
  2.78736813 -3.21074942  0.79396167 -0.63486432 -1.74132393  2.69815332
 -1.80956799 -1.5881857  -2.30390324  2.1880283  -2.45128139  2.13559193
  2.07468368  1.5353882   2.38306704  2.80473462  1.64891761  1.2000778
 -1.51327482 -2.22929757  1.47130438  0.71197597  1.31361788 -3.01404701
 -0.37769225  2.51831864 -1.03582343  1.2874965   1.4832762   0.54456761
 -0.83298793  1.11515182  0.6682426  -0.38366912  2.80473558 -1.99311066
  1.53801526 -0.48680114  1.09034621 -2.84977451 -2.45830585  0.45778631
 -1.16150344 -0.49455765  0.36528337 -0.11125651 -1.65031947 -0.0412139
 -0.85962708  2.81182591 -1.06240594 -1.38014252 -0.94884086  1.07793844
  1.85222638 -0.69614446  1.97231856 -2.1941984  -0.34730897 -0.73251796
 -2.89005239  3.16478338 -1.6319495   3.13524603 -1.26606068 -2.7085116
  3.36216962 -1.23321519 -0.77650184 -2.88405021 -2.71722289  2.5456772
 -2.1365589  -2.04710401 -0.18157487  3.1500239   0.24663517  0.2138308
 -1.2501678  -0.67762912 -1.73375091 -3.03027935  2.87030143  1.23543502
 -0.4857241  -2.1883794   1.10970674 -1.1058489  -0.49039662 -2.73950215
 -2.06516644  1.86556542 -0.87380604  2.62187079 -0.45421328 -2.67150192
 -2.82017011  2.26183573 -3.1441923  -0.44533012 -1.00233865 -0.2466123
  2.34757245  1.84028347  0.01820218 -2.55287719 -2.65893958  0.24437758
 -0.76665683  1.24524141 -2.62770008  1.1250566  -0.38397973  0.42074533
  1.91900674  0.45816498  0.65074584 -1.27157768  1.79158784  2.93980357
  0.99595285  0.22177078 -1.14184532  2.42278837  0.72667257 -1.90977049
 -0.05033244  1.87091884  0.98663173 -1.07997911 -2.30130104  2.22240217
  2.00403822  1.9282967   2.29725451  1.91575437 -1.66122104 -3.10388833
  0.428503    1.34474601 -2.26277753 -1.12586917  2.31183267  1.39297786
 -0.27195151 -1.84442849 -1.64821269  1.9653132   1.30724431 -1.01188433
 -0.2307489  -0.69309837 -0.30340531  2.30246634 -0.66195866 -0.93538856
  0.77594367 -2.35268935  0.59024193  2.78421085 -0.35244096  2.04717919
 -1.86126762 -1.3533586  -2.59735514 -2.42271966 -1.50154124 -3.0289637
  2.01621935  1.78187941  1.58156868  1.12532972  1.5881808  -2.44418893
 -2.50731992  1.78911995  1.03426691 -0.29182395 -2.47720676  1.43096137
 -1.0439282  -3.04762386 -0.04720651  1.89750395 -2.70124282 -2.36813238
  1.87614281  1.02960655 -0.62615214 -0.49628749 -0.92140894  1.96406067
  0.4726057  -0.35621735  0.40187438 -2.26662174  1.26140534 -0.15333955
  2.40235212  1.23322842  2.87805525 -1.05734266  2.10169121 -0.42991328
 -3.26842735  2.20320175  0.81148798  1.9288089  -1.28918415  1.43911597
 -2.12170842  0.20898858  0.08306044 -2.79058894 -0.90195153 -2.39311041
  0.07227116 -0.56901534]
Sat May 25 15:58:14 2024,338,0.09593804912787604,[-4.65824543  2.36665144 -1.84104467 -0.1240688   0.18673765 -2.68768111
  3.01283403  2.10572253  1.45519495 -0.9253739   0.61237359  1.09170717
  1.13214061 -1.54200011  0.77712794  2.80621004 -0.7981525  -0.63690909
 -1.75473643  0.60196757  1.6765843   2.99186075 -1.20875713 -0.31570739
 -2.42357294 -2.33801193  2.9945668   2.76323054 -0.54434446 -2.36482092
  1.4828148  -0.05851322 -2.31787624  2.09557627  1.28953452 -0.63853358
  0.84776455 -2.31876857 -0.02590636  2.15331477 -0.16391558  0.38884532
  2.71395298  1.04620716  2.46282224  3.16171301  2.64143063 -2.93931769
  0.26539426 -0.81569473  1.75889053  2.86396664 -0.51096162 -2.31767664
  2.78737344 -3.21074411  0.79396698 -0.63485901 -1.74132924  2.69815862
 -1.80956268 -1.58819101 -2.30389793  2.18803361 -2.4512867   2.13558663
  2.07467837  1.53538289  2.38306173  2.80473993  1.64892292  1.20007249
 -1.51328013 -2.22930288  1.47129907  0.71198127  1.31362319 -3.01404171
 -0.37768695  2.51832394 -1.03582874  1.28750181  1.4832815   0.54457292
 -0.83299323  1.11514651  0.66824791 -0.38366381  2.80473027 -1.99310535
  1.53802057 -0.48680645  1.09035152 -2.84977982 -2.45830054  0.457781
 -1.16150875 -0.49456296  0.36527806 -0.11126181 -1.65031417 -0.04121921
 -0.85963238  2.81183122 -1.06241125 -1.38013722 -0.94884616  1.07794374
  1.85222107 -0.69613915  1.97232386 -2.19419309 -0.34731428 -0.73252327
 -2.89005769  3.16478869 -1.63194419  3.13524072 -1.26606598 -2.70850629
  3.36217492 -1.23320988 -0.77649653 -2.88405552 -2.71721758  2.54568251
 -2.13656421 -2.04709871 -0.18158017  3.15001859  0.24664048  0.21383611
 -1.2501731  -0.67763443 -1.73375622 -3.03027404  2.87030673  1.23542971
 -0.48571879 -2.18837409  1.10970143 -1.1058436  -0.49039132 -2.73950746
 -2.06516113  1.86556011 -0.87381135  2.62186549 -0.45421859 -2.67149662
 -2.82017542  2.26184104 -3.14419761 -0.44533543 -1.00234396 -0.246607
  2.34757776  1.84027816  0.01819687 -2.55288249 -2.65893427  0.24437227
 -0.76665152  1.24524672 -2.62770539  1.12505129 -0.38397442  0.42074002
  1.91900143  0.45815968  0.65075115 -1.27157237  1.79159315  2.93979827
  0.99594754  0.22176547 -1.14185063  2.42278306  0.72667787 -1.90976518
 -0.05033774  1.87092415  0.98662642 -1.07998442 -2.30130635  2.22240748
  2.00403291  1.92830201  2.2972492   1.91575967 -1.66121573 -3.10389364
  0.42849769  1.34475132 -2.26277222 -1.12586387  2.31183798  1.39297255
 -0.27194621 -1.84442318 -1.648218    1.96531851  1.30724961 -1.01188964
 -0.23075421 -0.69310368 -0.30340001  2.30246103 -0.66196396 -0.93539387
  0.77593836 -2.35268404  0.59023663  2.78420554 -0.35244627  2.0471845
 -1.86127293 -1.35336391 -2.59734983 -2.42272496 -1.50154655 -3.028969
  2.01621404  1.78188472  1.58157399  1.12533503  1.58818611 -2.44418363
 -2.50731461  1.78911464  1.03427221 -0.29181864 -2.47721206  1.43096667
 -1.0439229  -3.04761855 -0.04720121  1.89750926 -2.70124813 -2.36813769
  1.87614811  1.02961185 -0.62614684 -0.4962928  -0.92140363  1.96405536
  0.47260039 -0.35621204  0.40186908 -2.26662704  1.26140004 -0.15333425
  2.40235743  1.23322311  2.87806055 -1.05734796  2.10169651 -0.42990797
 -3.26842204  2.20320705  0.81148267  1.92881421 -1.28917885  1.43911067
 -2.12170312  0.20898328  0.08306574 -2.79058364 -0.90195684 -2.39311572
  0.07227647 -0.56901003]
Sat May 25 15:58:46 2024,339,0.09593804750742352,[-4.65825061  2.36664627 -1.84103949 -0.12406363  0.18674283 -2.68767594
  3.01283921  2.10572771  1.45518977 -0.92536872  0.61237877  1.09171235
  1.13213543 -1.54199493  0.77713312  2.80621522 -0.79815767 -0.63690391
 -1.75474161  0.60197275  1.67658948  2.99185557 -1.20876231 -0.31570222
 -2.42356776 -2.33801711  2.99457198  2.76323572 -0.54434963 -2.36481574
  1.48281998 -0.0585184  -2.31788142  2.09558145  1.28953969 -0.63853876
  0.84776973 -2.31877375 -0.02591153  2.15331994 -0.1639104   0.38885049
  2.7139478   1.04620198  2.46281706  3.16171819  2.64142545 -2.93931251
  0.26538908 -0.8156999   1.75888535  2.86397182 -0.51095644 -2.31768182
  2.78737862 -3.21073893  0.79397215 -0.63486419 -1.74132406  2.69815345
 -1.80956786 -1.58818583 -2.30390311  2.18802843 -2.45129187  2.13558145
  2.07467319  1.53537771  2.38305655  2.80473475  1.6489281   1.20007767
 -1.51327495 -2.2292977   1.47130425  0.71198645  1.31361801 -3.01403653
 -0.37769212  2.51832912 -1.03583392  1.28749663  1.48328668  0.5445781
 -0.83299841  1.11514134  0.66824273 -0.38365863  2.80472509 -1.99311053
  1.53801539 -0.48680127  1.0903567  -2.849785   -2.45829537  0.45777582
 -1.16150357 -0.49456814  0.36527288 -0.11125664 -1.65031935 -0.04121403
 -0.85963756  2.81182604 -1.06240607 -1.38013204 -0.94885134  1.07794892
  1.85222625 -0.69614433  1.97232904 -2.19418791 -0.3473091  -0.73252844
 -2.89006287  3.16479386 -1.63193901  3.1352459  -1.26606081 -2.70851147
  3.36216975 -1.2332047  -0.77650171 -2.88405034 -2.7172124   2.54567733
 -2.13655903 -2.04709353 -0.181575    3.15001341  0.24664566  0.21384128
 -1.25017828 -0.6776396  -1.7337614  -3.03027922  2.87031191  1.23542454
 -0.48571362 -2.18837927  1.10969626 -1.10584877 -0.49039649 -2.73951263
 -2.06516631  1.86555494 -0.87381653  2.62186031 -0.45421341 -2.67149144
 -2.8201806   2.26184622 -3.14420278 -0.44533025 -1.00233878 -0.24661217
  2.34758293  1.84027298  0.0181917  -2.55287732 -2.65893945  0.24437745
 -0.76664635  1.24524154 -2.62770021  1.12504611 -0.38396924  0.4207452
  1.91900661  0.4581545   0.65074597 -1.27157755  1.79158797  2.93979309
  0.99595272  0.22176029 -1.14185581  2.42277789  0.7266727  -1.90977036
 -0.05033257  1.87092933  0.98662124 -1.07998959 -2.30131153  2.22241266
  2.00402773  1.92830719  2.29725438  1.91576485 -1.66121056 -3.10388846
  0.42850287  1.34475649 -2.2627774  -1.12585869  2.3118328   1.39297773
 -0.27194103 -1.84442836 -1.64822317  1.96531333  1.30724443 -1.01188446
 -0.23075939 -0.69310886 -0.30339483  2.30246621 -0.66196914 -0.93538869
  0.77593318 -2.35267886  0.5902418   2.78421072 -0.35244109  2.04718967
 -1.86126775 -1.35336908 -2.59735501 -2.42273014 -1.50154137 -3.02897418
  2.01621922  1.78187954  1.58156881  1.12534021  1.58818093 -2.44417845
 -2.50730944  1.78911982  1.03427739 -0.29182382 -2.47720688  1.43097185
 -1.04391772 -3.04761338 -0.04719603  1.89750408 -2.70125331 -2.36814287
  1.87615329  1.02961703 -0.62615201 -0.49628762 -0.92140881  1.96405019
  0.47260557 -0.35621722  0.4018639  -2.26663222  1.26139486 -0.15333942
  2.40235225  1.23321794  2.87806573 -1.05734278  2.10169133 -0.42990279
 -3.26841686  2.20321223  0.81147749  1.92880903 -1.28918403  1.43911584
 -2.12169794  0.20898845  0.08306057 -2.79058881 -0.90195166 -2.3931209
  0.07228165 -0.56901521]
Sat May 25 15:59:10 2024,340,0.09593804595559087,[-4.65825566  2.36665132 -1.84104454 -0.12405857  0.18673778 -2.68767088
  3.01284426  2.10573276  1.45519482 -0.92536367  0.61237371  1.0917073
  1.13213038 -1.54198988  0.77713817  2.80621016 -0.79815262 -0.63690896
 -1.75473655  0.6019778   1.67658443  2.99186062 -1.20875725 -0.31570727
 -2.42356271 -2.33802216  2.99457703  2.76323067 -0.54435468 -2.36481069
  1.48281493 -0.05851335 -2.31787637  2.0955764   1.28953464 -0.63854381
  0.84776467 -2.3187788  -0.02590648  2.15331489 -0.16391545  0.38884544
  2.71394275  1.04620704  2.46282211  3.16171314  2.6414204  -2.93930746
  0.26539413 -0.81570496  1.7588904   2.86396676 -0.51095139 -2.31768687
  2.78737357 -3.21074398  0.7939671  -0.63485914 -1.74132912  2.6981484
 -1.80957291 -1.58818078 -2.30389806  2.18802338 -2.45129692  2.1355865
  2.07466814  1.53537266  2.3830515   2.80473981  1.64892305  1.20008272
 -1.51328    -2.22930275  1.4713093   0.7119814   1.31362306 -3.01404158
 -0.37769718  2.51833417 -1.03583897  1.28749158  1.48329173  0.54457304
 -0.83300346  1.11513628  0.66823768 -0.38365358  2.80473014 -1.99310548
  1.53802044 -0.48680632  1.09035164 -2.84979005 -2.45829032  0.45777077
 -1.16149852 -0.49457319  0.36527794 -0.11126169 -1.65031429 -0.04120898
 -0.85963251  2.81182099 -1.06241113 -1.38012699 -0.94884629  1.07794387
  1.8522212  -0.69614938  1.97232399 -2.19419296 -0.34730405 -0.73252339
 -2.89006792  3.16479892 -1.63194407  3.13525095 -1.26605576 -2.70850642
  3.3621647  -1.23319965 -0.77649666 -2.88404529 -2.71721745  2.54567228
 -2.13655398 -2.04708848 -0.18156995  3.15001846  0.24665071  0.21383623
 -1.25017323 -0.67764466 -1.73376645 -3.03027417  2.87031696  1.23542959
 -0.48570856 -2.18837422  1.10970131 -1.10585382 -0.49040155 -2.73951769
 -2.06517136  1.86555999 -0.87382158  2.62186536 -0.45420836 -2.67149649
 -2.82018565  2.26184117 -3.14419773 -0.4453252  -1.00234383 -0.24661723
  2.34758799  1.84026793  0.01818665 -2.55287226 -2.6589344   0.2443825
 -0.7666514   1.24523649 -2.62769516  1.12504106 -0.38397429  0.42074015
  1.91901166  0.45814945  0.65074092 -1.2715725   1.79159302  2.93978804
  0.99594767  0.22175524 -1.14185076  2.42278294  0.72667775 -1.90977541
 -0.05032752  1.87093438  0.98662629 -1.07998454 -2.30131658  2.22240761
  2.00402268  1.92831224  2.29724933  1.9157699  -1.66121561 -3.10388341
  0.42850792  1.34476155 -2.26278245 -1.12585364  2.31183785  1.39298278
 -0.27193598 -1.84442331 -1.64821812  1.96531838  1.30723938 -1.01187941
 -0.23076444 -0.69311391 -0.30339988  2.30247126 -0.66196409 -0.93539374
  0.77592813 -2.35267381  0.59024686  2.78420567 -0.35243604  2.04718462
 -1.8612627  -1.35336403 -2.59734996 -2.42273519 -1.50153632 -3.02896913
  2.01621417  1.78187449  1.58156376  1.12533515  1.58817588 -2.4441835
 -2.50731449  1.78911477  1.03428244 -0.29181877 -2.47721194  1.4309769
 -1.04392277 -3.04760832 -0.04719098  1.89750914 -2.70125836 -2.36814792
  1.87614824  1.02962208 -0.62614696 -0.49629268 -0.92140376  1.96405524
  0.47261062 -0.35621217  0.40185885 -2.26662717  1.26139991 -0.15333437
  2.4023472   1.23322299  2.87807078 -1.05733773  2.10169639 -0.42990784
 -3.26841181  2.20320718  0.81148255  1.92880398 -1.28917897  1.43911079
 -2.12169289  0.2089834   0.08305552 -2.79059387 -0.90194661 -2.39311585
  0.0722867  -0.56901016]
Sat May 25 15:59:42 2024,341,0.09593804446924811,[-4.65826059  2.36664639 -1.84104947 -0.1240635   0.18673285 -2.68767581
  3.01283933  2.10572783  1.4551899  -0.92536859  0.61237864  1.09171223
  1.13213531 -1.54198495  0.77713324  2.80621509 -0.79815755 -0.63690403
 -1.75474148  0.60198273  1.6765795   2.99185569 -1.20876218 -0.3157122
 -2.42355778 -2.33801723  2.99458196  2.7632356  -0.54434976 -2.36481561
  1.48281986 -0.05850842 -2.31787144  2.09557147  1.28952971 -0.63854874
  0.84775975 -2.31877387 -0.02590155  2.15331982 -0.16392038  0.38885037
  2.71393782  1.04620211  2.46282704  3.16171807  2.64141547 -2.93931239
  0.26539906 -0.81570988  1.75888548  2.86396184 -0.51095632 -2.31768194
  2.7873785  -3.21073905  0.79396217 -0.63486407 -1.74133404  2.69815332
 -1.80957784 -1.58817585 -2.30390299  2.18802831 -2.45130185  2.13558157
  2.07466321  1.53537759  2.38304657  2.80473488  1.64891812  1.20007779
 -1.51327507 -2.22929783  1.47131423  0.71198633  1.31361814 -3.01403665
 -0.37769225  2.51832925 -1.0358439   1.28749651  1.4832868   0.54457797
 -0.83300839  1.11514121  0.66824261 -0.38364865  2.80472522 -1.99311041
  1.53801551 -0.48681125  1.09035657 -2.84979498 -2.45829524  0.45776584
 -1.16149359 -0.49456826  0.36528287 -0.11125676 -1.65031922 -0.04121391
 -0.85963744  2.81182592 -1.0624062  -1.38013192 -0.94884136  1.0779488
  1.85222613 -0.69614445  1.97232892 -2.19419789 -0.34729912 -0.73251846
 -2.89007285  3.16479399 -1.63193914  3.13525588 -1.26605083 -2.70850149
  3.36216962 -1.23319472 -0.77649173 -2.88405022 -2.71722238  2.54566735
 -2.13654905 -2.04709341 -0.18156502  3.15001353  0.24664578  0.2138313
 -1.2501683  -0.67763973 -1.73377138 -3.0302791   2.87032189  1.23543452
 -0.48571349 -2.18836929  1.10970624 -1.1058489  -0.49040648 -2.73952262
 -2.06516643  1.86555506 -0.87381665  2.62186043 -0.45421328 -2.67149156
 -2.82019058  2.2618461  -3.1441928  -0.44533013 -1.0023389  -0.24662216
  2.34758306  1.840263    0.01819157 -2.55287719 -2.65892947  0.24437757
 -0.76664647  1.24523156 -2.62769023  1.12503613 -0.38397922  0.42074508
  1.91900673  0.45815438  0.65074585 -1.27157743  1.79158809  2.93979296
  0.9959526   0.22175031 -1.14184583  2.42277801  0.72668268 -1.90978034
 -0.05033244  1.87093931  0.98663122 -1.07997961 -2.30131165  2.22240268
  2.00401775  1.92830731  2.2972444   1.91577483 -1.66122054 -3.10388834
  0.42851285  1.34475662 -2.26277752 -1.12584871  2.31183292  1.39298771
 -0.27193105 -1.84442824 -1.64821319  1.96531346  1.30723445 -1.01187448
 -0.23076937 -0.69310898 -0.30340481  2.30246633 -0.66196902 -0.93538881
  0.77593306 -2.35267874  0.59025179  2.7842106  -0.35244097  2.04718955
 -1.86126763 -1.3533591  -2.59734503 -2.42273026 -1.50154125 -3.0289642
  2.01620924  1.78186956  1.58155883  1.12534008  1.58818081 -2.44418843
 -2.50731942  1.7891197   1.03428737 -0.29181384 -2.47720701  1.43097197
 -1.0439277  -3.04760339 -0.04719591  1.89751406 -2.70125343 -2.36815285
  1.87614331  1.02961715 -0.62615189 -0.4962976  -0.92140869  1.96405031
  0.47261555 -0.3562171   0.40186378 -2.26662224  1.26139498 -0.1533393
  2.40235213  1.23322792  2.87806585 -1.0573328   2.10170132 -0.42990292
 -3.26841674  2.20320225  0.81148748  1.92879905 -1.2891839   1.43911572
 -2.12169782  0.20898833  0.08305059 -2.7905988  -0.90195153 -2.39311092
  0.07228177 -0.56901509]
Sat May 25 16:00:06 2024,342,0.09593804304541782,[-4.6582654   2.36664158 -1.84105428 -0.12405869  0.18673766 -2.687671
  3.01283452  2.10573264  1.45519471 -0.92536379  0.61237383  1.09171704
  1.1321305  -1.54198014  0.77712843  2.8062199  -0.79816236 -0.63689922
 -1.75474629  0.60197792  1.67658431  2.99185088 -1.20875737 -0.31571701
 -2.42356259 -2.33801242  2.99458677  2.76323079 -0.54435456 -2.36482042
  1.48281505 -0.05850361 -2.31786663  2.09556666  1.2895249  -0.63855355
  0.84775494 -2.31877868 -0.02590636  2.15331501 -0.16392519  0.38885518
  2.71393301  1.04620692  2.46282223  3.16172288  2.64142028 -2.93930758
  0.26539425 -0.81570507  1.75889028  2.86396665 -0.51095151 -2.31768675
  2.78737369 -3.21074386  0.79396698 -0.63486887 -1.74132924  2.69815813
 -1.80958265 -1.58817104 -2.3039078   2.1880235  -2.45129704  2.13558638
  2.07466802  1.5353824   2.38305138  2.80473007  1.64891331  1.2000826
 -1.51327026 -2.22930263  1.47131904  0.71198152  1.31361333 -3.01403184
 -0.37769706  2.51833405 -1.03584871  1.28750132  1.48328199  0.54457316
 -0.83300358  1.11514602  0.6682378  -0.38365346  2.80473002 -1.9931056
  1.5380107  -0.48680644  1.09035176 -2.84979017 -2.45830005  0.45776103
 -1.1614984  -0.49457307  0.36527806 -0.11125195 -1.65031441 -0.0412091
 -0.85963263  2.81183073 -1.06240139 -1.38013673 -0.94884617  1.07794399
  1.85222132 -0.69613964  1.97232411 -2.19419308 -0.34730393 -0.73251365
 -2.89007766  3.16478918 -1.63193433  3.13525107 -1.26604602 -2.70849668
  3.36217443 -1.23319953 -0.77648692 -2.88405503 -2.71722719  2.54566254
 -2.13654424 -2.04709822 -0.18156983  3.15000872  0.24664097  0.21382649
 -1.25017311 -0.67763492 -1.73377619 -3.03028391  2.8703267   1.23542971
 -0.4857183  -2.18836448  1.10970143 -1.10585371 -0.49040167 -2.73951781
 -2.06516162  1.86555987 -0.87381184  2.62186524 -0.45420848 -2.67149637
 -2.82019539  2.26185091 -3.14419761 -0.44533494 -1.00234371 -0.24661735
  2.34757825  1.84026781  0.01818676 -2.552882   -2.65893428  0.24438238
 -0.76665128  1.24523637 -2.62769504  1.12503132 -0.38397441  0.42074989
  1.91900192  0.45814957  0.65075066 -1.27157262  1.7915929   2.93978816
  0.99595741  0.22175512 -1.14184102  2.42278282  0.72668749 -1.90977553
 -0.05032763  1.87094412  0.98663603 -1.07998442 -2.30130684  2.22239787
  2.00401294  1.92831212  2.29723959  1.91577002 -1.66122535 -3.10389315
  0.42851766  1.34476143 -2.26278233 -1.1258439   2.31183773  1.39299252
 -0.27192624 -1.84443305 -1.648218    1.96530865  1.30722964 -1.01187929
 -0.23076456 -0.69311379 -0.3034      2.30246152 -0.66196421 -0.935384
  0.77592825 -2.35267393  0.59024698  2.7842154  -0.35243616  2.04719436
 -1.86126282 -1.35336391 -2.59734022 -2.42273507 -1.50154606 -3.02896901
  2.01621405  1.78187437  1.58155402  1.12534489  1.588176   -2.44418362
 -2.50732423  1.78912451  1.03429218 -0.29181865 -2.47721182  1.43096716
 -1.04393251 -3.0476082  -0.04720072  1.89750926 -2.70124862 -2.36815766
  1.8761385   1.02962196 -0.6261567  -0.49630241 -0.9214135   1.96405512
  0.47262036 -0.35622191  0.40185897 -2.26661743  1.26139979 -0.15334411
  2.40234732  1.23323273  2.87807066 -1.05733761  2.10170612 -0.42990773
 -3.26842155  2.20319744  0.81148267  1.92879424 -1.28917909  1.43911091
 -2.12169301  0.20898352  0.0830554  -2.79060361 -0.90194673 -2.39310611
  0.07227696 -0.5690199 ]
Sat May 25 16:00:29 2024,343,0.09593804168126345,[-4.65827009  2.36664627 -1.84105897 -0.12406339  0.18673297 -2.68766631
  3.01283922  2.10572795  1.4551994  -0.92536848  0.61237853  1.09171234
  1.1321352  -1.54197544  0.77712374  2.80621521 -0.79816705 -0.63690391
 -1.75475098  0.60198262  1.676589    2.99185558 -1.20875268 -0.3157217
 -2.42356729 -2.33801711  2.99458208  2.7632261  -0.54435926 -2.36482512
  1.48281974 -0.0585083  -2.31786194  2.09556196  1.28952021 -0.63855824
  0.84775963 -2.31878337 -0.02590167  2.15331032 -0.16392049  0.38885049
  2.7139377   1.04620222  2.46281754  3.16171818  2.64141559 -2.93931227
  0.26538956 -0.81570977  1.75889498  2.86397134 -0.5109562  -2.31768206
  2.78736899 -3.21074856  0.79397167 -0.63487357 -1.74132454  2.69816283
 -1.80957795 -1.58816635 -2.3039031   2.18801881 -2.45129235  2.13558169
  2.07466333  1.53538709  2.38304669  2.80473476  1.648918    1.20007791
 -1.51326557 -2.22930733  1.47131435  0.71198621  1.31361802 -3.01402715
 -0.37770175  2.51832936 -1.03584402  1.28750601  1.4832773   0.54457786
 -0.83300828  1.11514133  0.66824249 -0.38365816  2.80472533 -1.99311029
  1.5380154  -0.48680175  1.09035646 -2.84978547 -2.45830475  0.45775634
 -1.16150309 -0.49456838  0.36528275 -0.11125664 -1.65030972 -0.0412044
 -0.85963732  2.81182603 -1.06240608 -1.38013203 -0.94885086  1.07794868
  1.85222601 -0.69614434  1.9723288  -2.19418839 -0.34730862 -0.73251835
 -2.89008235  3.16478448 -1.63192964  3.13525576 -1.26605071 -2.70849199
  3.36216974 -1.23320422 -0.77648223 -2.88405972 -2.7172225   2.54565785
 -2.13653955 -2.04710291 -0.18156513  3.15000403  0.24664566  0.21383119
 -1.2501778  -0.67763022 -1.73377149 -3.03027922  2.87033139  1.2354344
 -0.48571361 -2.18835979  1.10969673 -1.1058584  -0.49039697 -2.7395225
 -2.06516632  1.86555517 -0.87381653  2.62186055 -0.45421317 -2.67150106
 -2.8201907   2.2618556  -3.14420231 -0.44533963 -1.00233902 -0.24661265
  2.34757355  1.8402725   0.01819146 -2.5528867  -2.65893897  0.24438708
 -0.76665597  1.24523167 -2.62769974  1.12503601 -0.38397911  0.42075458
  1.91900662  0.45815426  0.65075535 -1.27157731  1.79158821  2.93979285
  0.99595272  0.22175981 -1.14183632  2.42278751  0.72668279 -1.90978022
 -0.05033233  1.87094881  0.98664072 -1.07998911 -2.30130215  2.22239318
  2.00400825  1.92831681  2.29724428  1.91576533 -1.66123004 -3.10389784
  0.42852236  1.34476612 -2.26277764 -1.12583921  2.31183304  1.39298783
 -0.27192154 -1.84442835 -1.64822269  1.96530395  1.30723434 -1.0118746
 -0.23075987 -0.69311848 -0.30339531  2.30246621 -0.66195952 -0.93537931
  0.77593294 -2.35266924  0.59025167  2.7842201  -0.35244085  2.04718967
 -1.86126751 -1.35335922 -2.59734491 -2.42273038 -1.50154136 -3.02896432
  2.01621874  1.78187906  1.58154933  1.1253402   1.58818069 -2.44418831
 -2.50732892  1.78911981  1.03429687 -0.29182334 -2.47721651  1.43097186
 -1.04392782 -3.0476129  -0.04720541  1.89750456 -2.70125331 -2.36816235
  1.87613381  1.02961727 -0.62616139 -0.49630711 -0.92141819  1.96405981
  0.47262506 -0.35621722  0.40185427 -2.26662212  1.26140448 -0.15333942
  2.40234262  1.23322803  2.87807536 -1.05733292  2.10171082 -0.42990303
 -3.26842624  2.20320213  0.81147797  1.92879893 -1.2891744   1.43911561
 -2.12168831  0.20898821  0.08306009 -2.79059891 -0.90194203 -2.3931108
  0.07227227 -0.56902459]
Sat May 25 16:01:03 2024,344,0.0959380403740848,[-4.65827467  2.36664169 -1.84105439 -0.12406797  0.18673754 -2.68767089
  3.01284379  2.10573253  1.45519482 -0.92537306  0.61237395  1.09171692
  1.13213062 -1.54197086  0.77711916  2.80621063 -0.79816247 -0.63689933
 -1.75474641  0.6019872   1.67658442  2.99186016 -1.20875726 -0.31572628
 -2.42357187 -2.33801253  2.99458666  2.76323068 -0.54436384 -2.3648297
  1.48281516 -0.05850372 -2.31785736  2.09555738  1.28951563 -0.63856282
  0.84775505 -2.31878795 -0.02589709  2.15330574 -0.16391592  0.38885507
  2.71394228  1.04619764  2.46282212  3.1617136   2.64142017 -2.93930769
  0.26539414 -0.81570519  1.7588904   2.86396676 -0.51095162 -2.31767748
  2.78736441 -3.21075314  0.7939671  -0.63486899 -1.74132912  2.69816741
 -1.80958253 -1.58817093 -2.30389852  2.18801423 -2.45129693  2.13557711
  2.07466791  1.53538251  2.38305127  2.80473018  1.64892258  1.20008249
 -1.51326099 -2.22930275  1.47130977  0.71199079  1.3136226  -3.01402257
 -0.37769717  2.51832478 -1.03583944  1.28751059  1.48328188  0.54457328
 -0.8330037   1.11513675  0.66824707 -0.38365358  2.80472991 -1.99311487
  1.53801998 -0.48680633  1.09035188 -2.8497809  -2.45830933  0.45775176
 -1.16149851 -0.49457295  0.36528733 -0.11126122 -1.65030514 -0.04120898
 -0.85963274  2.81182146 -1.0624015  -1.38012745 -0.94885544  1.07795326
  1.85222143 -0.69614892  1.97233338 -2.19418381 -0.34730404 -0.73251377
 -2.89008693  3.1647799  -1.63193421  3.13526034 -1.26604613 -2.70849657
  3.36217432 -1.2332088  -0.77647765 -2.8840643  -2.71722708  2.54565327
 -2.13654413 -2.04710749 -0.18156971  3.14999945  0.24665024  0.21383577
 -1.25018238 -0.6776348  -1.73377607 -3.0302838   2.87032681  1.23543898
 -0.48571819 -2.18836437  1.10969216 -1.10586298 -0.49040155 -2.73951792
 -2.06516174  1.86555059 -0.87382111  2.62185597 -0.45420859 -2.67149648
 -2.82018612  2.26186018 -3.14420689 -0.44533505 -1.0023436  -0.24660807
  2.34757813  1.84026792  0.01818688 -2.55288212 -2.65893439  0.2443825
 -0.76665139  1.24523625 -2.62770432  1.12504059 -0.38398369  0.42075
  1.9190112   0.45814968  0.65075077 -1.27157273  1.79159279  2.93978827
  0.99594814  0.22176439 -1.14183174  2.42278293  0.72668737 -1.90977564
 -0.05033691  1.87094423  0.98663614 -1.07998454 -2.30129757  2.2223886
  2.00400367  1.92832139  2.29724886  1.91576075 -1.66123462 -3.10390242
  0.42852694  1.34476154 -2.26277306 -1.12583463  2.31182846  1.39299241
 -0.27192612 -1.84443293 -1.64822727  1.96529937  1.30722976 -1.01187918
 -0.23075529 -0.69312306 -0.30339073  2.30247079 -0.6619641  -0.93538389
  0.77592837 -2.35267382  0.59024709  2.78421552 -0.35244543  2.04719425
 -1.86127209 -1.3533638  -2.59734949 -2.42273496 -1.50154594 -3.0289689
  2.01621416  1.78188364  1.58154475  1.12534478  1.58818527 -2.44418373
 -2.5073335   1.78912439  1.03430145 -0.29181876 -2.47722109  1.43097644
 -1.04392324 -3.04761748 -0.04720999  1.89749998 -2.70125789 -2.36816693
  1.87612923  1.02962185 -0.62615681 -0.49631169 -0.92141361  1.96405523
  0.47262048 -0.3562218   0.40184969 -2.2666267   1.26140906 -0.15333484
  2.40233804  1.23323261  2.87807994 -1.0573375   2.1017154  -0.42990761
 -3.26843082  2.20320671  0.81147339  1.92880351 -1.28917898  1.43911103
 -2.12169289  0.20899279  0.08306467 -2.79060349 -0.90194661 -2.39311538
  0.07227685 -0.56902001]
Sat May 25 16:01:26 2024,345,0.09593803912131164,[-4.65827914  2.36663722 -1.84104992 -0.1240635   0.18674201 -2.68766642
  3.01284826  2.10572806  1.45519035 -0.92537753  0.61236948  1.09171245
  1.13212615 -1.54197533  0.77711469  2.8062151  -0.79815801 -0.6369038
 -1.75474194  0.60198273  1.67657995  2.99185569 -1.20875279 -0.31573075
 -2.4235674  -2.338017    2.99459112  2.76322621 -0.54435937 -2.36483417
  1.48281069 -0.05850819 -2.31786182  2.09555291  1.2895201  -0.63855835
  0.84775058 -2.31879242 -0.02590156  2.15330127 -0.16391145  0.38885954
  2.71394675  1.04620211  2.46282659  3.16170913  2.6414157  -2.93931216
  0.26538967 -0.81570966  1.75888593  2.86397123 -0.51095609 -2.31767301
  2.78735994 -3.21075761  0.79396263 -0.63486452 -1.74133359  2.69816294
 -1.809587   -1.58816646 -2.30389405  2.1880187  -2.45129246  2.13557264
  2.07466344  1.53538698  2.38305574  2.80473465  1.64892705  1.20008696
 -1.51325652 -2.22930722  1.47131424  0.71199526  1.31361813 -3.01402704
 -0.3776927   2.51832031 -1.03584391  1.28750612  1.48327741  0.54456881
 -0.83300817  1.11513228  0.66825154 -0.38365805  2.80473438 -1.99311934
  1.53802445 -0.48680186  1.09034741 -2.84978536 -2.4583138   0.45774729
 -1.16149404 -0.49456849  0.36528286 -0.11125675 -1.65030961 -0.04120452
 -0.85963721  2.81181699 -1.06240597 -1.38012298 -0.94885097  1.07794879
  1.8522259  -0.69614445  1.97233785 -2.19417934 -0.34729957 -0.73251824
 -2.8900914   3.16477543 -1.63192975  3.13526481 -1.2660506  -2.7084921
  3.36216985 -1.23321327 -0.77648212 -2.88406877 -2.71723155  2.54565774
 -2.13653966 -2.04711196 -0.18157418  3.15000392  0.24665471  0.2138313
 -1.25018685 -0.67763927 -1.73378054 -3.03028826  2.87033128  1.23544345
 -0.48571372 -2.18836883  1.10968769 -1.10586745 -0.49040602 -2.73951345
 -2.06515727  1.86555506 -0.87381664  2.62186044 -0.45421306 -2.67149201
 -2.82019059  2.26186465 -3.14420242 -0.44533952 -1.00234807 -0.2466036
  2.34757366  1.84026345  0.01818241 -2.55287765 -2.65892993  0.24437803
 -0.76664692  1.24523178 -2.62770878  1.12503612 -0.38398816  0.42075447
  1.91901566  0.45814521  0.65075524 -1.27156826  1.79158832  2.93979274
  0.99595261  0.22176886 -1.14182728  2.42277846  0.72669184 -1.90978011
 -0.05034138  1.87093976  0.98664061 -1.07998007 -2.30130204  2.22238413
  2.0039992   1.92831692  2.29724439  1.91575628 -1.66123015 -3.10389795
  0.42852247  1.34475707 -2.26276859 -1.1258391   2.31183293  1.39299688
 -0.27193059 -1.84442846 -1.64822281  1.96530384  1.30723423 -1.01187471
 -0.23075976 -0.69311859 -0.3033952   2.30247526 -0.66195963 -0.93537942
  0.77593283 -2.35266935  0.59025156  2.78421999 -0.35244097  2.04719872
 -1.86126762 -1.35336827 -2.59735396 -2.42273943 -1.50154148 -3.02896443
  2.01620969  1.78188811  1.58154028  1.12534031  1.5881808  -2.4441882
 -2.50733797  1.78911992  1.03429699 -0.29182323 -2.47721662  1.43097197
 -1.04392771 -3.04761301 -0.04721446  1.89750445 -2.70126236 -2.3681714
  1.8761337   1.02961738 -0.62616128 -0.49631616 -0.92140914  1.9640597
  0.47261601 -0.35621733  0.40185416 -2.26663117  1.2614046  -0.15333037
  2.40233358  1.23323708  2.87808441 -1.05734197  2.10171987 -0.42990314
 -3.26842635  2.20321118  0.81146892  1.92880798 -1.28918345  1.43910656
 -2.12168842  0.20898832  0.0830602  -2.79060796 -0.90194214 -2.39311985
  0.07227238 -0.56901554]
Sat May 25 16:01:51 2024,346,0.09593803792049543,[-4.6582835   2.36663286 -1.84105429 -0.12406786  0.18673765 -2.68766206
  3.0128439   2.1057237   1.45519471 -0.92537317  0.61237384  1.09171682
  1.13213051 -1.5419797   0.77711033  2.80621074 -0.79816237 -0.63689944
 -1.75473757  0.60197837  1.67657559  2.99185133 -1.20875715 -0.31572639
 -2.42357176 -2.33801264  2.99459549  2.76322184 -0.54435501 -2.36483853
  1.48280633 -0.05851255 -2.31786619  2.09554855  1.28951574 -0.63856271
  0.84774622 -2.31879678 -0.02590592  2.15330563 -0.16391581  0.3888639
  2.71394239  1.04620647  2.46283095  3.16170477  2.64142006 -2.93931652
  0.26539403 -0.81571402  1.75888157  2.86397559 -0.51095173 -2.31766865
  2.78735558 -3.21075324  0.79395826 -0.63486888 -1.74133795  2.6981673
 -1.80958264 -1.58817082 -2.30389842  2.18802306 -2.45129682  2.135577
  2.07465908  1.53539134  2.3830601   2.80473901  1.64893141  1.20009132
 -1.51325216 -2.22930286  1.4713186   0.71199962  1.31361377 -3.0140314
 -0.37769706  2.51831595 -1.03584827  1.28750176  1.48328177  0.54457317
 -0.83301253  1.11513664  0.6682559  -0.38366241  2.80473874 -1.9931237
  1.53802881 -0.48680622  1.09034305 -2.849781   -2.45830943  0.45775165
 -1.16148968 -0.49456412  0.3652785  -0.11125239 -1.65030525 -0.04120015
 -0.85964157  2.81182135 -1.06241033 -1.38012735 -0.94884661  1.07795315
  1.85222154 -0.69614881  1.97234221 -2.19417498 -0.34729521 -0.7325226
 -2.89009576  3.1647798  -1.63192538  3.13526045 -1.26605496 -2.70848774
  3.36216549 -1.23321763 -0.77648648 -2.88407313 -2.71723591  2.5456621
 -2.1365353  -2.0471076  -0.18156982  3.14999956  0.24665907  0.21383566
 -1.25018249 -0.67764363 -1.73377618 -3.0302839   2.87032692  1.23544781
 -0.48570936 -2.18836447  1.10968332 -1.10586309 -0.49041038 -2.73951781
 -2.06515291  1.86555942 -0.87382101  2.6218648  -0.4542087  -2.67149638
 -2.82018622  2.26186029 -3.14419806 -0.44534388 -1.0023437  -0.24659924
  2.3475693   1.84025909  0.01818677 -2.55288201 -2.65892556  0.24437367
 -0.76664256  1.24522742 -2.62771315  1.12504049 -0.38399252  0.42075011
  1.9190113   0.45814085  0.6507596  -1.27157263  1.79159268  2.93978838
  0.99594824  0.22177322 -1.14182291  2.42278282  0.7266962  -1.90978447
 -0.05034574  1.8709354   0.98664497 -1.07998443 -2.3013064   2.22237977
  2.00400356  1.92831256  2.29724003  1.91576064 -1.66123451 -3.10390231
  0.4285181   1.34476143 -2.26277295 -1.12583473  2.31182857  1.39299251
 -0.27192623 -1.84443283 -1.64822717  1.9653082   1.30722987 -1.01187907
 -0.23076412 -0.69312295 -0.30339956  2.3024709  -0.66195527 -0.93537506
  0.7759372  -2.35267371  0.5902472   2.78421563 -0.3524366   2.04719436
 -1.86127199 -1.35337263 -2.59735832 -2.42273507 -1.50153711 -3.02896879
  2.01620533  1.78188375  1.58153592  1.12534467  1.58818516 -2.44419256
 -2.50733361  1.78912429  1.03429262 -0.29182759 -2.47722098  1.43096761
 -1.04392334 -3.04760865 -0.04721882  1.89750009 -2.70126672 -2.36817576
  1.87612933  1.02962174 -0.62615692 -0.49632052 -0.9214135   1.96406406
  0.47262037 -0.35622169  0.4018498  -2.26662681  1.26140023 -0.15332601
  2.40233794  1.23323272  2.87808877 -1.05734633  2.10171551 -0.4299075
 -3.26843071  2.20321554  0.81146456  1.92881234 -1.28918781  1.4391022
 -2.12169278  0.20898396  0.08305584 -2.7906036  -0.90193778 -2.39311549
  0.07227674 -0.5690199 ]
Sat May 25 16:02:22 2024,347,0.09593803676930432,[-4.65828776  2.36663712 -1.84105003 -0.12407211  0.1867334  -2.6876578
  3.01283965  2.10572796  1.45519897 -0.92536891  0.6123781   1.09171256
  1.13213476 -1.54198395  0.77710607  2.80621499 -0.79816662 -0.63689519
 -1.75473332  0.60197411  1.67657985  2.99185558 -1.2087529  -0.31572213
 -2.4235675  -2.3380169   2.99459123  2.7632261  -0.54435926 -2.36484278
  1.48281059 -0.05851681 -2.31786193  2.0955443   1.28951999 -0.63855846
  0.84775048 -2.31880104 -0.02590166  2.15330137 -0.16391155  0.38886815
  2.71394665  1.04620222  2.46282669  3.16170903  2.64142431 -2.93932078
  0.26538977 -0.81571827  1.75887731  2.86397985 -0.51094747 -2.31766439
  2.78735984 -3.2107575   0.79396252 -0.63487314 -1.7413337   2.69817156
 -1.80957838 -1.58816657 -2.30389416  2.18802731 -2.45129257  2.13557274
  2.07466333  1.5353956   2.38306435  2.80473475  1.64892715  1.20009558
 -1.51325641 -2.2292986   1.47132286  0.71199537  1.31361802 -3.01403566
 -0.37769281  2.51832021 -1.03584401  1.28750602  1.48327752  0.54456891
 -0.83301678  1.11513239  0.66826016 -0.38366666  2.80473449 -1.99311944
  1.53803306 -0.48681048  1.0903473  -2.84977675 -2.45831369  0.4577474
 -1.16148542 -0.49456838  0.36527424 -0.11125665 -1.6503095  -0.0411959
 -0.85964583  2.8118256  -1.06240607 -1.38012309 -0.94884236  1.07795741
  1.85221728 -0.69615307  1.97234647 -2.19417072 -0.34729947 -0.73251834
 -2.89009151  3.16478405 -1.63192113  3.13526471 -1.2660507  -2.70849199
  3.36216975 -1.23321338 -0.77649073 -2.88406887 -2.71724017  2.54565784
 -2.13653955 -2.04711185 -0.18156556  3.15000382  0.24666333  0.2138314
 -1.25018675 -0.67764789 -1.73378044 -3.03028816  2.87033118  1.23545207
 -0.4857051  -2.18836873  1.10967907 -1.10586734 -0.49040613 -2.73952207
 -2.06515716  1.86555517 -0.87381675  2.62186054 -0.45421295 -2.67150063
 -2.82018197  2.26185603 -3.14420231 -0.44533963 -1.00233945 -0.24659499
  2.34756505  1.84026335  0.01818251 -2.55288626 -2.65892982  0.24436941
 -0.76664682  1.24523168 -2.62770889  1.12503623 -0.38398826  0.42075436
  1.91901556  0.45813659  0.65076386 -1.27156837  1.79158843  2.93979263
  0.99594399  0.22177748 -1.14182717  2.42277857  0.72670046 -1.90978873
 -0.05034148  1.87093966  0.98664923 -1.07998017 -2.30131066  2.22237551
  2.0039993   1.92831682  2.29723578  1.9157649  -1.66123877 -3.10389806
  0.42852236  1.34475718 -2.2627687  -1.12583899  2.31183282  1.39298826
 -0.27193049 -1.84442857 -1.64823142  1.96531246  1.30723412 -1.01188332
 -0.23075986 -0.6931187  -0.30340381  2.30247516 -0.66195101 -0.93537932
  0.77594145 -2.35267797  0.59025145  2.78421988 -0.35244086  2.0471901
 -1.86126773 -1.35337689 -2.59735407 -2.42273932 -1.50154137 -3.02897305
  2.01620959  1.78187949  1.58154017  1.12534041  1.5881809  -2.44419682
 -2.50733786  1.78912854  1.03429688 -0.29183185 -2.47722524  1.43097186
 -1.04391909 -3.0476129  -0.04722308  1.89750435 -2.70127098 -2.36818002
  1.87613359  1.029626   -0.62615266 -0.49632477 -0.92141776  1.96406832
  0.47261611 -0.35621743  0.40185406 -2.26662256  1.26139598 -0.15332175
  2.40233368  1.23323698  2.87808451 -1.05734207  2.10171125 -0.42991176
 -3.26842646  2.20321129  0.81146882  1.92880809 -1.28918355  1.43909794
 -2.12169704  0.20898822  0.08305158 -2.79059934 -0.90193353 -2.39311123
  0.072281   -0.56901565]
Sat May 25 16:02:47 2024,348,0.09593803566551633,[-4.65829191  2.36663297 -1.84104587 -0.12407627  0.18672924 -2.68766196
  3.01283549  2.1057238   1.45520312 -0.92537306  0.61238225  1.09170841
  1.13213892 -1.5419798   0.77711023  2.80621084 -0.79816247 -0.63689934
 -1.75472916  0.60197826  1.6765757   2.99185143 -1.20875705 -0.31572628
 -2.42356335 -2.33802105  2.99459538  2.76323026 -0.54436342 -2.36483863
  1.48281474 -0.05851265 -2.31786608  2.09554014  1.28952415 -0.63856261
  0.84775463 -2.31879688 -0.02589751  2.15330553 -0.16391571  0.388864
  2.7139508   1.04620637  2.46282254  3.16170487  2.64142016 -2.93931662
  0.26538562 -0.81572243  1.75888147  2.863984   -0.51094332 -2.31766024
  2.78736399 -3.21076166  0.79396668 -0.63487729 -1.74132954  2.69817571
 -1.80957423 -1.58816241 -2.30389001  2.18802316 -2.45128841  2.1355769
  2.07465918  1.53539975  2.3830602   2.80473891  1.648923    1.20009142
 -1.51326057 -2.22929445  1.4713187   0.71199952  1.31361387 -3.0140315
 -0.37769696  2.51831605 -1.03583986  1.28751017  1.48327336  0.54456476
 -0.83301263  1.11513654  0.66825601 -0.38367082  2.80473033 -1.99311529
  1.53803722 -0.48681463  1.09035146 -2.8497809  -2.45830954  0.45775155
 -1.16148958 -0.49456423  0.3652784  -0.1112608  -1.65031366 -0.04120005
 -0.85964998  2.81182145 -1.06241023 -1.38011894 -0.9488382   1.07796156
  1.85222143 -0.69614891  1.97234231 -2.19416657 -0.34729531 -0.7325225
 -2.89009566  3.16478821 -1.63192528  3.13526055 -1.26604655 -2.70849615
  3.3621739  -1.23320922 -0.77649489 -2.88407303 -2.71723601  2.54565369
 -2.1365354  -2.04711601 -0.18156141  3.14999966  0.24666748  0.21382725
 -1.2501909  -0.67764374 -1.73377628 -3.03028401  2.87033533  1.23545622
 -0.48570095 -2.18837288  1.10967491 -1.10586319 -0.49040197 -2.73951791
 -2.06515301  1.86555101 -0.8738126   2.62185639 -0.4542088  -2.67150479
 -2.82018612  2.26186018 -3.14420647 -0.44534378 -1.00233529 -0.24659914
  2.34756089  1.84025919  0.01818667 -2.55289042 -2.65892567  0.24436525
 -0.76665097  1.24522752 -2.62771304  1.12504038 -0.38398411  0.42075021
  1.91901971  0.45813244  0.65076801 -1.27157252  1.79158427  2.93979679
  0.99594814  0.22178163 -1.14183132  2.42277441  0.72670461 -1.90979288
 -0.05033733  1.87094381  0.98664508 -1.07998433 -2.3013065   2.22237136
  2.00399515  1.92831266  2.29723162  1.91576074 -1.66124292 -3.10390221
  0.42852652  1.34476133 -2.26276454 -1.12583484  2.31182867  1.3929841
 -0.27192633 -1.84443272 -1.64823558  1.96531661  1.30722997 -1.01188748
 -0.23075571 -0.69311454 -0.30339966  2.302471   -0.66195516 -0.93537516
  0.7759373  -2.35268212  0.59025561  2.78422404 -0.35244501  2.04719425
 -1.86127188 -1.35338104 -2.59735822 -2.42273517 -1.50154552 -3.02896889
  2.01620543  1.78187534  1.58154433  1.12533626  1.58818506 -2.44419267
 -2.50734202  1.78912439  1.03430103 -0.29182769 -2.47722108  1.43096771
 -1.04392324 -3.04760875 -0.04721892  1.89750019 -2.70127513 -2.36817586
  1.87613775  1.02963015 -0.62614851 -0.49632062 -0.92142191  1.96406416
  0.47262027 -0.35621328  0.40185821 -2.26662671  1.26139182 -0.1533176
  2.40233783  1.23324113  2.87808036 -1.05733792  2.1017154  -0.42991591
 -3.2684223   2.20320713  0.81146467  1.92880393 -1.2891794   1.43910209
 -2.12169289  0.20898407  0.08304743 -2.79059519 -0.90192937 -2.39310708
  0.07227684 -0.56901149]
Sat May 25 16:03:10 2024,349,0.09593803460701586,[-4.65829596  2.36662891 -1.84104182 -0.12407221  0.18672519 -2.6876579
  3.01283144  2.10572786  1.45520718 -0.92537712  0.6123863   1.09170435
  1.13213486 -1.54197574  0.77710617  2.80621489 -0.79816652 -0.63689529
 -1.75473322  0.60198232  1.67657975  2.99185548 -1.2087611  -0.31572223
 -2.42355929 -2.338017    2.99459133  2.7632262  -0.54436747 -2.36484268
  1.4828188  -0.0585086  -2.31787014  2.09553609  1.2895282  -0.63855856
  0.84775868 -2.31880094 -0.02589346  2.15330958 -0.16391165  0.38885994
  2.71395486  1.04621043  2.46282659  3.16170893  2.64141611 -2.93931257
  0.26538156 -0.81572648  1.75887741  2.86397995 -0.51093926 -2.31765618
  2.78736805 -3.21076571  0.79397073 -0.63488135 -1.7413336   2.69817976
 -1.80957829 -1.58816647 -2.30388595  2.18801911 -2.45128436  2.13558095
  2.07465512  1.5353957   2.38306425  2.80473485  1.64891894  1.20008737
 -1.51325651 -2.22929039  1.47131465  0.71199547  1.31361792 -3.01403556
 -0.3776929   2.51832011 -1.03584391  1.28751422  1.48326931  0.54456881
 -0.83301668  1.1151406   0.66825195 -0.38367487  2.80473439 -1.99311124
  1.53804127 -0.48681869  1.0903474  -2.84978496 -2.45830548  0.4577475
 -1.16149363 -0.49456017  0.36528245 -0.11125675 -1.6503096  -0.04120411
 -0.85964593  2.8118255  -1.06240617 -1.38012299 -0.94884226  1.07796562
  1.85222549 -0.69615297  1.97233826 -2.19417062 -0.34729126 -0.73251844
 -2.89009972  3.16479226 -1.63192123  3.1352565  -1.2660425  -2.70849209
  3.36216985 -1.23321328 -0.77649083 -2.88406897 -2.71723196  2.54565774
 -2.13653945 -2.04712006 -0.18156546  3.14999561  0.24666343  0.2138313
 -1.25019495 -0.67763968 -1.73378034 -3.03027995  2.87033939  1.23546027
 -0.485705   -2.18836883  1.10967897 -1.10586724 -0.49040603 -2.73952197
 -2.06515706  1.86554696 -0.87380854  2.62186044 -0.45420474 -2.67150073
 -2.82018207  2.26186424 -3.14421052 -0.44534784 -1.00233935 -0.24659509
  2.34756495  1.84026325  0.01819072 -2.55289447 -2.65892972  0.2443612
 -0.76665503  1.24523158 -2.6277171   1.12503633 -0.38398005  0.42074615
  1.91901566  0.45813649  0.65076396 -1.27156847  1.79158022  2.93980084
  0.99594409  0.22177758 -1.14183538  2.42277847  0.72670867 -1.90979694
 -0.05033327  1.87094787  0.98664102 -1.07998838 -2.30131056  2.2223673
  2.0039911   1.92831672  2.29723568  1.91575669 -1.66123887 -3.10389816
  0.42853057  1.34476538 -2.2627686  -1.12583889  2.31182461  1.39298816
 -0.27193039 -1.84442867 -1.64823963  1.96531256  1.30723402 -1.01189153
 -0.23075976 -0.69311049 -0.30339561  2.30247506 -0.66195111 -0.93537922
  0.77594135 -2.35267807  0.59025966  2.78421998 -0.35244096  2.04719831
 -1.86127594 -1.35337699 -2.59736227 -2.42273922 -1.50154958 -3.02896484
  2.01620138  1.78187939  1.58154838  1.12534031  1.58818911 -2.44419672
 -2.50734607  1.78912033  1.03429698 -0.29183175 -2.47721703  1.43097176
 -1.0439273  -3.0476128  -0.04722298  1.89749614 -2.70127108 -2.36817181
  1.8761418   1.02963421 -0.62615257 -0.49631656 -0.92141786  1.96406011
  0.47261621 -0.35621733  0.40185416 -2.26662266  1.26139588 -0.15332165
  2.40233378  1.23323708  2.87808441 -1.05734197  2.10171135 -0.42991997
 -3.26841825  2.20321119  0.81146061  1.92879988 -1.28917534  1.43909804
 -2.12168883  0.20898812  0.08305148 -2.79059113 -0.90192532 -2.39310302
  0.0722809  -0.56901555]
Sat May 25 16:03:39 2024,350,0.09593803359178726,[-4.65829992  2.36663287 -1.84104578 -0.12407617  0.18672914 -2.68766186
  3.01282748  2.1057239   1.45520322 -0.92538107  0.61239026  1.09170039
  1.13213091 -1.54197179  0.77711013  2.80621885 -0.79816257 -0.63689924
 -1.75473718  0.60197836  1.67657579  2.99185944 -1.20875715 -0.31572619
 -2.42355534 -2.33802095  2.99459529  2.76322224 -0.54436351 -2.36483873
  1.48281484 -0.05851256 -2.31786618  2.09554005  1.28953216 -0.6385546
  0.84775473 -2.31879698 -0.02589741  2.15330563 -0.16390769  0.3888639
  2.71395881  1.04621438  2.46283055  3.16171289  2.64141215 -2.93930861
  0.26538552 -0.81573044  1.75888137  2.8639839  -0.51094322 -2.31766014
  2.78736409 -3.21076967  0.79396677 -0.6348853  -1.74132964  2.69817581
 -1.80957433 -1.58817042 -2.30388199  2.18801515 -2.45128832  2.13558491
  2.07465908  1.53539966  2.3830603   2.80473881  1.64891499  1.20008341
 -1.51325256 -2.22928643  1.47131069  0.71199151  1.31361397 -3.01403951
 -0.37769686  2.51831615 -1.03584787  1.28751027  1.48327327  0.54457277
 -0.83302064  1.11513664  0.66825591 -0.38367883  2.80473043 -1.99310728
  1.53804523 -0.48682264  1.09034345 -2.849781   -2.45830944  0.45775145
 -1.16148967 -0.49456413  0.36528641 -0.11126071 -1.65031356 -0.04120015
 -0.85964989  2.81182946 -1.06240222 -1.38012695 -0.9488383   1.07796958
  1.85222945 -0.69615692  1.97234222 -2.19416667 -0.34729522 -0.7325224
 -2.89010367  3.1647883  -1.63191727  3.13526046 -1.26604645 -2.70849605
  3.36216589 -1.23320932 -0.77649479 -2.88406502 -2.717228    2.54565379
 -2.13654341 -2.04711611 -0.18156942  3.14999165  0.24666738  0.21383526
 -1.25019891 -0.67764364 -1.7337843  -3.03027599  2.87034334  1.23546423
 -0.48570896 -2.18837279  1.10968293 -1.10586329 -0.49040998 -2.73952593
 -2.06516102  1.86555092 -0.8738125   2.6218644  -0.45420079 -2.67150469
 -2.82017811  2.26186028 -3.14421448 -0.44534388 -1.00234331 -0.24659113
  2.3475689   1.84026721  0.01818677 -2.55289052 -2.65893368  0.24435724
 -0.76665107  1.24522762 -2.62772106  1.12504029 -0.38398401  0.4207422
  1.91901962  0.45813254  0.65076    -1.27156451  1.79157626  2.9398048
  0.99594804  0.22178154 -1.14183142  2.42278243  0.72671263 -1.90979298
 -0.05033723  1.87095182  0.98664498 -1.07998442 -2.3013066   2.22237126
  2.00398714  1.92832067  2.29723963  1.91575273 -1.66124283 -3.1038942
  0.42852661  1.34476934 -2.26277255 -1.12583493  2.31182857  1.3929842
 -0.27193435 -1.84443263 -1.64823567  1.9653086   1.30723006 -1.01188758
 -0.2307558  -0.69310653 -0.30339956  2.3024711  -0.66194715 -0.93537526
  0.77593739 -2.35267411  0.59026362  2.78421602 -0.35244492  2.04720227
 -1.86127989 -1.35337303 -2.59735832 -2.42274318 -1.50155354 -3.02896088
  2.01619742  1.78187544  1.58155234  1.12533636  1.58819307 -2.44419276
 -2.50734211  1.78911638  1.03430094 -0.2918357  -2.47722099  1.43097572
 -1.04393125 -3.04761676 -0.04721902  1.89749218 -2.70126712 -2.36816785
  1.87613784  1.02963816 -0.62615652 -0.49632052 -0.92142182  1.96405615
  0.47262017 -0.35621337  0.40185811 -2.2666187   1.26139192 -0.15331769
  2.40233774  1.23323312  2.87808837 -1.05734593  2.10170739 -0.42992393
 -3.2684222   2.20320723  0.81145665  1.92879592 -1.2891793   1.43909408
 -2.12169279  0.20899208  0.08304752 -2.79058718 -0.90192927 -2.39309907
  0.07227694 -0.5690195 ]
Sat May 25 16:04:08 2024,351,0.09593803261790891,[-4.65830378  2.36663673 -1.84104191 -0.12408003  0.18672528 -2.68766572
  3.01282362  2.10572776  1.45520708 -0.92537721  0.61239412  1.09169653
  1.13213477 -1.54197565  0.77710627  2.80621499 -0.79816643 -0.63690311
 -1.75473331  0.6019745   1.67657966  2.99185558 -1.20875328 -0.31572232
 -2.4235592  -2.33801709  2.99459142  2.76322611 -0.54436738 -2.36483486
  1.48281098 -0.05850869 -2.31786232  2.09553618  1.2895283  -0.63855074
  0.84775859 -2.31880084 -0.02590128  2.15330176 -0.16390383  0.38886776
  2.71395495  1.04621052  2.46283441  3.16171675  2.64141601 -2.93930475
  0.26538166 -0.8157343   1.75888523  2.86398004 -0.51093936 -2.31765628
  2.78736023 -3.21077353  0.79396291 -0.63488144 -1.74132578  2.69817967
 -1.80957047 -1.58816656 -2.30387813  2.18801901 -2.45129218  2.13558105
  2.07466294  1.53539579  2.38306416  2.80474267  1.64891112  1.20008727
 -1.51324869 -2.22928257  1.47131455  0.71198765  1.31361783 -3.01404338
 -0.37770072  2.51832001 -1.03584401  1.28751413  1.4832694   0.54457663
 -0.83301678  1.11513278  0.66825205 -0.38368269  2.80472657 -1.99311114
  1.53804137 -0.48681878  1.09033958 -2.84977714 -2.4583133   0.45774759
 -1.16149354 -0.49456027  0.36529027 -0.11126457 -1.65031742 -0.04120401
 -0.85965375  2.81183332 -1.06240608 -1.38012308 -0.94883444  1.07796571
  1.85223331 -0.69616079  1.97234608 -2.19417053 -0.34729135 -0.73251854
 -2.89009981  3.16478444 -1.63192113  3.13525659 -1.26605032 -2.70849219
  3.36216975 -1.23321318 -0.77649865 -2.88406888 -2.71722414  2.54565765
 -2.13653955 -2.04711224 -0.18157328  3.14999551  0.24666352  0.2138314
 -1.25020277 -0.6776475  -1.73378816 -3.03027213  2.87033948  1.23546809
 -0.4857051  -2.18837665  1.10967906 -1.10585942 -0.49041385 -2.73952979
 -2.06516488  1.86554705 -0.87381636  2.62186054 -0.45419692 -2.67150083
 -2.82017425  2.26185642 -3.14421834 -0.44534774 -1.00233944 -0.24658727
  2.34756504  1.84026334  0.01819063 -2.55288665 -2.65892982  0.24436111
 -0.76664721  1.24523148 -2.62771719  1.12503642 -0.38398015  0.42073833
  1.91901575  0.45812867  0.65076387 -1.27156837  1.7915724   2.93980094
  0.99594418  0.2217854  -1.14182756  2.42278629  0.72671649 -1.90979684
 -0.05034109  1.87094796  0.98664112 -1.07998828 -2.30131046  2.22237512
  2.003991    1.92831681  2.29723577  1.91574887 -1.66123896 -3.10389034
  0.42853048  1.34477321 -2.26277642 -1.1258388   2.31182471  1.39298034
 -0.27193821 -1.84442876 -1.64823954  1.96530474  1.30723393 -1.01189144
 -0.23075967 -0.69310267 -0.3033957   2.30247496 -0.66194329 -0.9353714
  0.77593353 -2.35267797  0.59026748  2.78421216 -0.35244105  2.04720613
 -1.86128376 -1.35337689 -2.59735445 -2.42273932 -1.5015574  -3.02895702
  2.01619356  1.7818793   1.5815562   1.12534022  1.58819693 -2.44419663
 -2.50734598  1.78911251  1.03429707 -0.29183184 -2.47721712  1.43097186
 -1.04393512 -3.0476129  -0.04722288  1.89748832 -2.70126326 -2.36816399
  1.87613398  1.0296343  -0.62616039 -0.49632438 -0.92141795  1.96405229
  0.47262403 -0.35621724  0.40186198 -2.26661484  1.26138806 -0.15331383
  2.40233387  1.23322926  2.87808451 -1.05734979  2.10171125 -0.42992779
 -3.26841834  2.20321109  0.81146052  1.92879206 -1.28918316  1.43909794
 -2.12168893  0.20899594  0.08304366 -2.79059104 -0.90192541 -2.3930952
  0.0722808  -0.56901564]
Sat May 25 16:04:31 2024,352,0.09593803168355072,[-4.65830755  2.3666405  -1.84104569 -0.12407626  0.18672151 -2.68766195
  3.01282739  2.10572399  1.45521085 -0.92538098  0.61239035  1.0917003
  1.132131   -1.54197188  0.77711004  2.80621876 -0.79816266 -0.63690688
 -1.75472954  0.60197073  1.67658343  2.99185181 -1.20875706 -0.31571855
 -2.42355543 -2.33801332  2.99459519  2.76322234 -0.54436361 -2.36483863
  1.48280721 -0.05851246 -2.31786609  2.09553241  1.28952453 -0.63855451
  0.84775482 -2.31880461 -0.02590505  2.15330553 -0.1639076   0.38886399
  2.71395872  1.04621429  2.46283818  3.16172052  2.64141224 -2.93930098
  0.26537789 -0.81573053  1.75888146  2.86398381 -0.51094313 -2.3176525
  2.78735646 -3.2107773   0.79395914 -0.63488521 -1.74132955  2.6981759
 -1.80957424 -1.58816279 -2.30387436  2.18802278 -2.45129595  2.13558482
  2.07465917  1.53539957  2.38306793  2.8047389   1.64890735  1.20009104
 -1.51324492 -2.2292788   1.47131078  0.71198388  1.3136216  -3.01403961
 -0.3777045   2.51831624 -1.03584024  1.2875179   1.48326563  0.54457286
 -0.83302055  1.115129    0.66825582 -0.38367892  2.80473034 -1.99311491
  1.5380376  -0.48682255  1.09033581 -2.84978091 -2.45831707  0.45774382
 -1.16149731 -0.4945565   0.36529404 -0.11126834 -1.65032119 -0.04120024
 -0.85965752  2.81183709 -1.06240231 -1.38012686 -0.94883067  1.07796194
  1.85223708 -0.69616456  1.97234231 -2.19416676 -0.34728758 -0.73251477
 -2.89010358  3.16478067 -1.6319249   3.13525282 -1.26605409 -2.70849596
  3.36216598 -1.23320941 -0.77650242 -2.88406511 -2.71722037  2.54565388
 -2.13653578 -2.04711601 -0.18156951  3.14999174  0.24665975  0.21383517
 -1.25020654 -0.67764373 -1.73378439 -3.0302759   2.87034325  1.23546432
 -0.48570887 -2.18838042  1.10968283 -1.10586319 -0.49041762 -2.73952602
 -2.06516865  1.86555083 -0.87381259  2.62185677 -0.45420069 -2.6715046
 -2.82017802  2.26185265 -3.14422211 -0.44535151 -1.00233567 -0.24659104
  2.34756881  1.84025957  0.0181944  -2.55289042 -2.65893359  0.24435734
 -0.76665098  1.24523525 -2.62771342  1.12503265 -0.38397638  0.4207421
  1.91901952  0.4581249   0.6507601  -1.27157214  1.79157617  2.93979717
  0.99594041  0.22178917 -1.14183133  2.42278252  0.72672026 -1.90979307
 -0.05033732  1.87094419  0.98663735 -1.07999206 -2.30130669  2.22237135
  2.00399477  1.92832058  2.297232    1.91575264 -1.66123519 -3.10389411
  0.4285267   1.34476943 -2.26278019 -1.12584257  2.31182848  1.39297657
 -0.27194198 -1.84442499 -1.64824331  1.96530851  1.3072377  -1.01188767
 -0.2307559  -0.69310644 -0.30339947  2.30247119 -0.66194706 -0.93536763
  0.7759373  -2.3526742   0.59026371  2.78420839 -0.35244483  2.04720236
 -1.86127999 -1.35338066 -2.59735822 -2.42273555 -1.50155363 -3.02896079
  2.01618979  1.78187553  1.58155243  1.12533645  1.58819316 -2.44419286
 -2.50734975  1.78911628  1.03430084 -0.29183561 -2.47721335  1.43096809
 -1.04393889 -3.04760913 -0.04721911  1.89749209 -2.70126703 -2.36816022
  1.87613021  1.02963807 -0.62616416 -0.49632816 -0.92142172  1.96405606
  0.4726278  -0.35622101  0.40185821 -2.26661106  1.26139183 -0.15331006
  2.4023301   1.23323303  2.87808073 -1.05734602  2.10170748 -0.42992402
 -3.26842211  2.20320732  0.81145675  1.92879583 -1.28918694  1.43910171
 -2.1216927   0.20899217  0.08303989 -2.79059481 -0.90192164 -2.39309897
  0.07227703 -0.56901187]
Sat May 25 16:04:55 2024,353,0.0959380307869675,[-4.65831123  2.36664418 -1.841042   -0.12407994  0.18672519 -2.68765827
  3.01283107  2.10572031  1.45520717 -0.9253773   0.61239403  1.09170398
  1.13213468 -1.5419682   0.77711372  2.80621508 -0.79816634 -0.63691056
 -1.75472586  0.60196705  1.67657974  2.99185549 -1.20875337 -0.31572223
 -2.42355911 -2.33800964  2.99459887  2.76322602 -0.54436729 -2.36484232
  1.48280353 -0.05850878 -2.31786977  2.09553609  1.28952821 -0.63855083
  0.8477585  -2.31880829 -0.02590137  2.15330185 -0.16391128  0.38886031
  2.7139624   1.04621797  2.46284186  3.1617242   2.64141592 -2.9392973
  0.26537421 -0.81572685  1.75888514  2.86398013 -0.51093945 -2.31764882
  2.78736014 -3.21078098  0.79396282 -0.63488889 -1.74133323  2.69817222
 -1.80957792 -1.58815911 -2.30387804  2.1880191  -2.45129227  2.13558114
  2.07465549  1.53540325  2.38307161  2.80473522  1.64890367  1.20009473
 -1.51324124 -2.22927512  1.47131446  0.71198019  1.31362528 -3.01404329
 -0.37770081  2.51831256 -1.03583655  1.28751422  1.48326931  0.54456918
 -0.83302423  1.11512532  0.6682595  -0.38367524  2.80472666 -1.99311123
  1.53803392 -0.48681887  1.09033949 -2.84977723 -2.45831339  0.4577475
 -1.16150099 -0.49456018  0.36529036 -0.11127202 -1.65032488 -0.04120392
 -0.85965384  2.81183341 -1.06240599 -1.38013054 -0.94882699  1.07796562
  1.85224076 -0.69616088  1.97233863 -2.19417044 -0.34729126 -0.73251845
 -2.8900999   3.16478435 -1.63192858  3.1352565  -1.26605777 -2.70849228
  3.36216966 -1.23320573 -0.77649874 -2.88406143 -2.71722405  2.54565756
 -2.13653946 -2.04711969 -0.18157319  3.14999542  0.24666343  0.21383149
 -1.25020286 -0.67764741 -1.73378071 -3.03027222  2.87033957  1.235468
 -0.48570519 -2.1883841   1.10968651 -1.10586687 -0.4904213  -2.7395297
 -2.06516497  1.86554714 -0.87381627  2.62186045 -0.45419701 -2.67150828
 -2.82017434  2.26185633 -3.14421843 -0.44534783 -1.00233199 -0.24659472
  2.34756513  1.84025589  0.01819072 -2.5528941  -2.65893727  0.24436102
 -0.7666473   1.24523894 -2.6277171   1.12502897 -0.38398006  0.42074579
  1.9190232   0.45812122  0.65075641 -1.27157582  1.79157985  2.93980085
  0.99594409  0.22178549 -1.14182765  2.4227862   0.72672394 -1.90979675
 -0.05033364  1.87094051  0.98663367 -1.07999574 -2.30130301  2.22237503
  2.00399109  1.92832426  2.29723568  1.91574896 -1.66123151 -3.10389779
  0.42853039  1.34476575 -2.26277651 -1.12583889  2.31183216  1.39297289
 -0.27194566 -1.84442131 -1.64824699  1.96531219  1.30723402 -1.01189135
 -0.23075222 -0.69310276 -0.30339579  2.30246751 -0.66194338 -0.93536395
  0.77593362 -2.35267788  0.59026003  2.78420471 -0.35244114  2.04720604
 -1.86127631 -1.35338434 -2.59736191 -2.42273187 -1.50154995 -3.02896447
  2.01618611  1.78187185  1.58154875  1.12534013  1.58818948 -2.44419654
 -2.50735343  1.7891126   1.03429716 -0.29183929 -2.47721703  1.43097177
 -1.04394257 -3.04760545 -0.04721543  1.89748841 -2.70127071 -2.3681639
  1.87612653  1.02964175 -0.62616784 -0.49633184 -0.9214254   1.96405238
  0.47263148 -0.35621733  0.40185453 -2.26661475  1.26138815 -0.15331374
  2.40233378  1.23322935  2.87807705 -1.05734234  2.10171116 -0.42992034
 -3.26841843  2.20320364  0.81146043  1.92879951 -1.28919062  1.43909803
 -2.12169638  0.20898849  0.08304357 -2.79059113 -0.90191796 -2.39310265
  0.07227335 -0.56901555]
Sat May 25 16:05:26 2024,354,0.09593802992649773,[-4.65831483  2.36664059 -1.84103841 -0.12408354  0.18672879 -2.68765468
  3.01283466  2.1057239   1.45520358 -0.92537371  0.61239763  1.09170039
  1.13213109 -1.54197179  0.77711012  2.80621867 -0.79816993 -0.63691415
 -1.75472946  0.60196345  1.67658334  2.99185908 -1.20874978 -0.31572583
 -2.42355552 -2.33801323  2.99459528  2.76322242 -0.54436369 -2.36484591
  1.48280712 -0.05851238 -2.31787336  2.09553969  1.2895318  -0.63854723
  0.84775491 -2.31881189 -0.02590496  2.15330545 -0.16391487  0.38885672
  2.71395881  1.04621438  2.46284545  3.16172061  2.64141951 -2.93930089
  0.26537061 -0.81573045  1.75888873  2.86397654 -0.51094304 -2.31764523
  2.78736373 -3.21077739  0.79396641 -0.63489248 -1.74133682  2.69817581
 -1.80957432 -1.5881627  -2.30388163  2.18802269 -2.45128868  2.13558473
  2.0746519   1.53539965  2.3830752   2.80473882  1.64890008  1.20009832
 -1.51324484 -2.22927153  1.47131087  0.7119766   1.31362169 -3.01403969
 -0.37770441  2.51830897 -1.03584015  1.28751781  1.48327291  0.54457278
 -0.83302064  1.11512892  0.6682559  -0.38367883  2.80472306 -1.99310764
  1.53803032 -0.48681528  1.09034309 -2.84977363 -2.45831698  0.45774391
 -1.16149739 -0.49456377  0.36529395 -0.11126843 -1.65032847 -0.04120033
 -0.85965743  2.81183701 -1.0624024  -1.38013413 -0.94882339  1.07796922
  1.85223717 -0.69615728  1.97233504 -2.19416685 -0.34728767 -0.73251485
 -2.89010349  3.16478794 -1.63192499  3.13525291 -1.26605417 -2.70848868
  3.36216607 -1.23320932 -0.77650234 -2.88406502 -2.71722045  2.54565397
 -2.13654305 -2.0471161  -0.1815696   3.14999183  0.24665984  0.21383508
 -1.25019927 -0.677651   -1.73377711 -3.03026863  2.87033598  1.2354716
 -0.48570878 -2.18838769  1.10969011 -1.10587047 -0.4904177  -2.73953329
 -2.06516857  1.86554355 -0.87381986  2.62186404 -0.45419342 -2.67151187
 -2.82017793  2.26185274 -3.14421484 -0.44534424 -1.0023284  -0.24659112
  2.34756154  1.8402523   0.01819431 -2.55289051 -2.65893367  0.24435742
 -0.76665089  1.24524253 -2.62771351  1.12503257 -0.38398365  0.42074219
  1.91901961  0.45812482  0.65076001 -1.27157223  1.79157626  2.93980444
  0.9959405   0.22178908 -1.14182406  2.42278979  0.72672035 -1.90979316
 -0.05033723  1.87093692  0.98663007 -1.07999933 -2.3013066   2.22237862
  2.00399468  1.92832067  2.29723927  1.91574537 -1.6612351  -3.10390138
  0.42853398  1.34476935 -2.26277291 -1.12584248  2.31183575  1.3929693
 -0.27194207 -1.84442491 -1.64824339  1.96531578  1.30723761 -1.01188776
 -0.23075581 -0.69309917 -0.3033922   2.30246392 -0.66193979 -0.93536035
  0.77593003 -2.35267429  0.59026362  2.78420112 -0.35243755  2.04720245
 -1.8612799  -1.35338794 -2.59735831 -2.42272828 -1.50155354 -3.02896806
  2.0161897   1.78187544  1.58155234  1.12534372  1.58819308 -2.44419294
 -2.50734984  1.7891162   1.03430076 -0.2918357  -2.47721344  1.43096817
 -1.04394616 -3.04760904 -0.04721184  1.89748482 -2.70126712 -2.36816749
  1.87612294  1.02964534 -0.62617143 -0.49633543 -0.92142181  1.96405597
  0.47263508 -0.35621373  0.40185093 -2.26661115  1.26138455 -0.15331733
  2.40233019  1.23322575  2.87808065 -1.05734594  2.10171476 -0.42991675
 -3.26842202  2.20320005  0.81145683  1.92879592 -1.28919421  1.43910163
 -2.12169279  0.20899208  0.08304717 -2.79059472 -0.90191437 -2.39309906
  0.07226976 -0.56901914]
Sat May 25 16:05:49 2024,355,0.09593802910055411,[-4.65831834  2.36663708 -1.84104192 -0.12408705  0.18672528 -2.68765819
  3.01283817  2.1057204   1.45520007 -0.92537722  0.61240113  1.0917039
  1.13212758 -1.54196828  0.77711363  2.80622218 -0.79816642 -0.63691064
 -1.75473296  0.60196696  1.67657983  2.99185557 -1.20874627 -0.31572232
 -2.42355902 -2.33800973  2.99459879  2.76322593 -0.54436019 -2.3648424
  1.48281063 -0.05851588 -2.31786985  2.09553618  1.28952829 -0.63855074
  0.8477514  -2.31880838 -0.02590145  2.15330194 -0.16391838  0.38886023
  2.7139553   1.04621087  2.46284896  3.16172411  2.64142302 -2.9393044
  0.26536711 -0.81573395  1.75888523  2.86397303 -0.51094655 -2.31764172
  2.78736724 -3.21077388  0.79396291 -0.63489599 -1.74134033  2.6981723
 -1.80957082 -1.58815919 -2.30388514  2.18801919 -2.45128517  2.13558824
  2.07464839  1.53540316  2.3830717   2.80473531  1.64890359  1.20010183
 -1.51324133 -2.22926802  1.47130736  0.71197309  1.3136252  -3.01403619
 -0.37770792  2.51831248 -1.03584365  1.28752132  1.4832694   0.54456927
 -0.83301713  1.11512541  0.6682524  -0.38367533  2.80471956 -1.99310413
  1.53803383 -0.48681177  1.09034659 -2.84977012 -2.45832049  0.45774742
 -1.16149389 -0.49456728  0.36529045 -0.11126492 -1.65033198 -0.04119682
 -0.85966094  2.8118335  -1.0624059  -1.38013764 -0.9488269   1.07796571
  1.85223366 -0.69615378  1.97233153 -2.19416334 -0.34728416 -0.73251135
 -2.890107    3.16479145 -1.6319285   3.1352494  -1.26605067 -2.70849219
  3.36216958 -1.23321283 -0.77649883 -2.88406151 -2.71721695  2.54565747
 -2.13653954 -2.04711259 -0.18157311  3.14998832  0.24666335  0.21383859
 -1.25020278 -0.6776475  -1.73377361 -3.03027214  2.87033247  1.23547511
 -0.48571229 -2.1883912   1.10969361 -1.10587397 -0.4904142  -2.7395368
 -2.06516506  1.86554706 -0.87382337  2.62186053 -0.45419693 -2.67151538
 -2.82017442  2.26184923 -3.14421133 -0.44534073 -1.00232489 -0.24659463
  2.34755803  1.84024879  0.01819782 -2.552887   -2.65893017  0.24436093
 -0.7666544   1.24523902 -2.62771     1.12502906 -0.38398716  0.4207457
  1.91902312  0.45812832  0.65076352 -1.27156872  1.79157976  2.93980795
  0.99593699  0.22179259 -1.14182055  2.4227933   0.72672385 -1.90978965
 -0.05034074  1.87094042  0.98663358 -1.08000284 -2.3013031   2.22237512
  2.00399819  1.92831716  2.29724278  1.91574887 -1.6612316  -3.10390489
  0.42853047  1.34477285 -2.2627694  -1.12583897  2.31183926  1.39296579
 -0.27193856 -1.84442841 -1.64823989  1.96531929  1.30724112 -1.01188425
 -0.23075932 -0.69310267 -0.3033957   2.30246743 -0.66194329 -0.93535685
  0.77593354 -2.3526778   0.59026713  2.78420463 -0.35243404  2.04719894
 -1.86127639 -1.35339144 -2.5973548  -2.42273178 -1.50155705 -3.02897157
  2.01618619  1.78187895  1.58154884  1.12534022  1.58819658 -2.44419645
 -2.50735334  1.78911269  1.03430426 -0.29183921 -2.47721695  1.43097168
 -1.04394967 -3.04760553 -0.04721535  1.89748131 -2.70127063 -2.36816398
  1.87612644  1.02964885 -0.62617494 -0.49633192 -0.92142532  1.96405247
  0.47263157 -0.35621724  0.40184743 -2.26661466  1.26138806 -0.15331383
  2.4023337   1.23322225  2.87808415 -1.05734243  2.10171826 -0.42991324
 -3.26841852  2.20320356  0.81146034  1.92879241 -1.2891907   1.43910513
 -2.12169629  0.20899559  0.08304366 -2.79059122 -0.90191086 -2.39309555
  0.07227327 -0.56902265]
Sat May 25 16:06:14 2024,356,0.09593802830762699,[-4.65832176  2.36664051 -1.84104534 -0.12408362  0.1867287  -2.68766161
  3.01283474  2.10572382  1.45520349 -0.92538064  0.61240456  1.09170732
  1.13212415 -1.54197171  0.77711706  2.8062256  -0.79816985 -0.63691407
 -1.75472954  0.60196354  1.67657641  2.991859   -1.20874285 -0.31572574
 -2.4235556  -2.3380063   2.99459536  2.76322936 -0.54435676 -2.36483898
  1.4828072  -0.05851931 -2.31787328  2.0955396   1.28952487 -0.63855416
  0.84774797 -2.3188118  -0.02590488  2.15330536 -0.16391496  0.38886365
  2.71395873  1.04620745  2.46284554  3.16172754  2.6414196  -2.93930097
  0.26536368 -0.81573738  1.7588818   2.86397645 -0.51094997 -2.31764515
  2.78736381 -3.2107773   0.79396633 -0.63489257 -1.74134375  2.69817573
 -1.80956739 -1.58816262 -2.30388857  2.18802261 -2.45128174  2.13559166
  2.07465182  1.53539974  2.38306827  2.80473873  1.64890701  1.20010525
 -1.51324475 -2.22927144  1.47130394  0.71196967  1.31362177 -3.01403961
 -0.37771134  2.5183159  -1.03584708  1.28752474  1.48326597  0.54456584
 -0.8330137   1.11512199  0.66824897 -0.3836719   2.80471613 -1.99310071
  1.53803726 -0.48680835  1.09034317 -2.8497667  -2.45832392  0.45774399
 -1.16149731 -0.49456385  0.36529387 -0.11126834 -1.65032855 -0.04120025
 -0.85965751  2.81183008 -1.06240933 -1.38014106 -0.94883032  1.07796228
  1.85223708 -0.6961572   1.9723281  -2.19416676 -0.34728759 -0.73250792
 -2.89011043  3.16479488 -1.63193192  3.13524598 -1.26604724 -2.70849562
  3.36216615 -1.23320941 -0.7764954  -2.88405809 -2.71722037  2.5456609
 -2.13654297 -2.04711602 -0.18156968  3.14999175  0.24665992  0.21384201
 -1.25019935 -0.67765092 -1.73377018 -3.03027556  2.87032905  1.23547853
 -0.48571571 -2.18839463  1.10969019 -1.10587055 -0.49041077 -2.73954022
 -2.06516848  1.86555048 -0.8738268   2.62185711 -0.45420035 -2.67151195
 -2.82017785  2.26185265 -3.14420791 -0.44533731 -1.00232832 -0.24659121
  2.34755461  1.84025222  0.01820124 -2.55288358 -2.65892674  0.24436435
 -0.76665782  1.2452356  -2.62770658  1.12502563 -0.38398373  0.42074912
  1.91902654  0.45813175  0.65076694 -1.27157215  1.79157634  2.93981137
  0.99594042  0.22178917 -1.14181712  2.42279672  0.72672043 -1.90978623
 -0.05034417  1.870937    0.98663701 -1.08000626 -2.30129967  2.22237854
  2.00399477  1.92831374  2.29724621  1.91574545 -1.66123502 -3.10390831
  0.42853389  1.34477628 -2.26276598 -1.1258424   2.31183584  1.39296236
 -0.27194198 -1.84443184 -1.64823646  1.96531587  1.30724454 -1.01188082
 -0.23076274 -0.6931061  -0.30339228  2.30247085 -0.66193987 -0.93535342
  0.77593011 -2.35267437  0.59026371  2.7842012  -0.35243747  2.04720236
 -1.86127297 -1.35339487 -2.59735823 -2.42272836 -1.50155362 -3.02896814
  2.01618277  1.78187553  1.58154541  1.12533679  1.58819316 -2.44419303
 -2.50734992  1.78910926  1.03430084 -0.29184263 -2.47722037  1.43097511
 -1.04395309 -3.04760211 -0.04721877  1.89747788 -2.70127405 -2.36816056
  1.87612302  1.02965228 -0.62617836 -0.49633535 -0.92142189  1.96404904
  0.47262814 -0.35621382  0.401844   -2.26661124  1.26138464 -0.1533104
  2.40233712  1.23322567  2.87808758 -1.05734585  2.10172169 -0.42990981
 -3.26842194  2.20320698  0.81145692  1.92879583 -1.28919413  1.43910856
 -2.12169287  0.20899901  0.08304023 -2.79058779 -0.90191428 -2.39309213
  0.07227669 -0.56901923]
Sat May 25 16:06:40 2024,357,0.09593802754627508,[-4.6583251   2.36664385 -1.84104869 -0.12408696  0.18673205 -2.68765827
  3.0128314   2.10572716  1.45520015 -0.9253773   0.6124079   1.09170398
  1.13212081 -1.54196836  0.7771204   2.80622226 -0.79817319 -0.63691072
 -1.7547262   0.60196688  1.67657306  2.99185565 -1.20874619 -0.3157224
 -2.42355894 -2.33800964  2.99459202  2.7632327  -0.54436011 -2.36483563
  1.48280386 -0.05852265 -2.31787662  2.09553626  1.28952153 -0.63855082
  0.84775132 -2.31881515 -0.02590153  2.15330202 -0.1639183   0.388867
  2.71395538  1.04621079  2.46284888  3.16173088  2.64141625 -2.93930432
  0.26536702 -0.81573403  1.75888515  2.86397311 -0.51095332 -2.31764849
  2.78736716 -3.21077396  0.79396967 -0.63488922 -1.74134709  2.69817238
 -1.80956405 -1.58815928 -2.30389191  2.18801927 -2.4512784   2.13558832
  2.07464847  1.53539639  2.38306493  2.80473539  1.64891036  1.20010191
 -1.51324141 -2.22927479  1.47130728  0.71196633  1.31361843 -3.01403627
 -0.377708    2.51831924 -1.03585042  1.2875214   1.48326932  0.54456919
 -0.83301036  1.11512533  0.66824563 -0.38367525  2.80471947 -1.99309736
  1.53803391 -0.486805    1.09034651 -2.84977004 -2.45832057  0.45774734
 -1.16149397 -0.4945672   0.36529721 -0.11127169 -1.65032521 -0.0411969
 -0.85966086  2.81182673 -1.06240598 -1.3801444  -0.94882698  1.07796563
  1.85224043 -0.69616054  1.97232476 -2.19416342 -0.34728425 -0.73250458
 -2.89010708  3.16479822 -1.63192858  3.13524932 -1.2660439  -2.70849896
  3.36216949 -1.23321275 -0.77649875 -2.88405475 -2.71721703  2.54565756
 -2.13654631 -2.04711267 -0.18156634  3.1499884   0.24665658  0.21384535
 -1.2502027  -0.67765426 -1.73377353 -3.0302789   2.87033239  1.23547519
 -0.48571237 -2.18839797  1.10968685 -1.10587389 -0.49041412 -2.73954357
 -2.06516514  1.86554714 -0.87383014  2.62186045 -0.45419701 -2.6715153
 -2.8201745   2.26184931 -3.14421125 -0.44534065 -1.00233166 -0.24658786
  2.34755795  1.84024887  0.01820459 -2.55288692 -2.6589234   0.2443677
 -0.76665448  1.24523894 -2.62770992  1.12502898 -0.38398039  0.42074578
  1.9190232   0.45813509  0.6507636  -1.27157549  1.79157968  2.93980803
  0.99594376  0.22179251 -1.14181378  2.42280007  0.72672377 -1.90978289
 -0.05034751  1.87093366  0.98664035 -1.0800096  -2.30129633  2.22238188
  2.00399811  1.92831708  2.29724286  1.91574879 -1.66123836 -3.10390497
  0.42853055  1.34477294 -2.26276932 -1.12584574  2.31183249  1.39296571
 -0.27194533 -1.84442849 -1.64823312  1.96531252  1.3072412  -1.01188417
 -0.2307594  -0.69310944 -0.30339562  2.30246751 -0.66194321 -0.93535676
  0.77592677 -2.35267772  0.59026036  2.78419786 -0.35243413  2.0472057
 -1.86127631 -1.35339152 -2.59735489 -2.42272502 -1.50155028 -3.0289648
  2.01618611  1.78187218  1.58154207  1.12534013  1.5881965  -2.44418968
 -2.50734658  1.78910592  1.0342975  -0.29184597 -2.47721703  1.43097845
 -1.04395644 -3.04759876 -0.04722211  1.89748123 -2.70127739 -2.36815721
  1.87611968  1.02965562 -0.62617502 -0.496332   -0.92141855  1.9640457
  0.47263149 -0.35621047  0.40184734 -2.26660789  1.2613813  -0.15331375
  2.40233378  1.23322233  2.87809092 -1.05734251  2.10171835 -0.42990647
 -3.26842528  2.20320364  0.81146026  1.92879918 -1.28919078  1.43910522
 -2.12169621  0.20899567  0.08303689 -2.79059113 -0.90191763 -2.39308879
  0.07228003 -0.56901589]
Sat May 25 16:07:11 2024,358,0.09593802681512377,[-4.65832837  2.36664711 -1.84105195 -0.1240837   0.18673531 -2.687655
  3.01282814  2.10573043  1.45520342 -0.92537403  0.61241117  1.09170724
  1.13211755 -1.5419651   0.77711713  2.80622552 -0.79817646 -0.63691399
 -1.75472293  0.60197014  1.6765698   2.99185239 -1.20874946 -0.31571914
 -2.42355568 -2.33800638  2.99458876  2.76323596 -0.54435684 -2.36483237
  1.4828006  -0.05851939 -2.31787989  2.09553952  1.28952479 -0.63854756
  0.84774805 -2.31881841 -0.02589827  2.15330528 -0.16392156  0.38886373
  2.71395212  1.04621405  2.46284562  3.16173415  2.64141952 -2.93930758
  0.26537029 -0.81573077  1.75888188  2.86397637 -0.51095005 -2.31765176
  2.78737042 -3.21077723  0.79397294 -0.63489249 -1.74135036  2.69817565
 -1.80956731 -1.58815601 -2.30389517  2.18802253 -2.45128166  2.13559158
  2.07465174  1.53539966  2.38306819  2.80473865  1.64890709  1.20009864
 -1.51323815 -2.22927152  1.47131055  0.71196959  1.31361516 -3.01403953
 -0.37770473  2.51832251 -1.03585369  1.28752466  1.48326605  0.54456592
 -0.8330071   1.11512859  0.66824889 -0.38367851  2.80472274 -1.9930941
  1.53803065 -0.48680174  1.09034325 -2.84977331 -2.45832384  0.4577506
 -1.16149723 -0.49456393  0.36529395 -0.11127495 -1.65032847 -0.04120017
 -0.85966412  2.81182347 -1.06240272 -1.38014767 -0.94882372  1.07796889
  1.85223716 -0.69615728  1.9723215  -2.19416016 -0.34728098 -0.73250784
 -2.89011035  3.16479496 -1.63193184  3.13524606 -1.26604063 -2.7084957
  3.36217276 -1.23320949 -0.77649548 -2.88405148 -2.71721376  2.54565429
 -2.13654958 -2.04711594 -0.18156308  3.14998514  0.24665332  0.21384209
 -1.25020596 -0.67765753 -1.73377026 -3.03027564  2.87033565  1.23547845
 -0.48571563 -2.1883947   1.10969011 -1.10587063 -0.49041085 -2.7395403
 -2.0651684   1.8655504  -0.87382688  2.62186372 -0.45419375 -2.67151856
 -2.82017777  2.26184605 -3.14421451 -0.44533739 -1.00233492 -0.2465846
  2.34755469  1.84024561  0.01820785 -2.55289019 -2.65892013  0.24436443
 -0.76665774  1.24523568 -2.62770666  1.12503224 -0.38397713  0.42074252
  1.91902646  0.45813183  0.65076033 -1.27157876  1.79158295  2.93981129
  0.9959405   0.22179577 -1.14181052  2.4227968   0.72672704 -1.90977962
 -0.05035077  1.87093039  0.98664361 -1.08000634 -2.30129959  2.22237862
  2.00399485  1.92832035  2.2972396   1.91574553 -1.6612351  -3.10390171
  0.42853382  1.34476967 -2.26276606 -1.12584247  2.31183576  1.39296244
 -0.27194859 -1.84442523 -1.64822986  1.96530926  1.30724446 -1.0118809
 -0.23075613 -0.69310618 -0.30339889  2.30246424 -0.66194648 -0.93536003
  0.77592351 -2.35267445  0.5902571   2.78419459 -0.35243739  2.04720244
 -1.86127957 -1.35338826 -2.59735815 -2.42272828 -1.50155354 -3.02896154
  2.01618285  1.78187545  1.5815388   1.1253434   1.58819324 -2.44419295
 -2.50734984  1.78910266  1.03430076 -0.29184924 -2.47721377  1.43098171
 -1.04395317 -3.04760203 -0.04722538  1.89747796 -2.70128066 -2.36816048
  1.87611641  1.02965236 -0.62617828 -0.49633527 -0.92141529  1.96404896
  0.47262822 -0.35621374  0.40185061 -2.26661116  1.26137803 -0.15331048
  2.40233052  1.23321906  2.87808766 -1.05734577  2.10172161 -0.42990321
 -3.26842202  2.20320037  0.811457    1.92880244 -1.28919405  1.43910848
 -2.12169948  0.20899893  0.08303363 -2.7905944  -0.90192089 -2.39308552
  0.07227677 -0.56901262]
Sat May 25 16:07:49 2024,359,0.09593802611286324,[-4.65833155  2.36664393 -1.84104876 -0.12408689  0.1867385  -2.68765819
  3.01282495  2.10572724  1.45520023 -0.92537722  0.61241435  1.09171043
  1.13211436 -1.54196829  0.77711395  2.80622871 -0.79817327 -0.6369108
 -1.75472612  0.60196696  1.67657299  2.9918492  -1.20875264 -0.31571595
 -2.42355887 -2.33800957  2.99459194  2.76323915 -0.54436003 -2.36482918
  1.48279741 -0.05852257 -2.31788307  2.09554271  1.28952798 -0.63855074
  0.84775124 -2.31881522 -0.02589508  2.15330847 -0.16392475  0.38886054
  2.71395531  1.04621724  2.4628488   3.16173096  2.6414227  -2.93931077
  0.26537348 -0.81572758  1.75888507  2.86397956 -0.51094687 -2.31764857
  2.78736723 -3.21077404  0.79396975 -0.63489568 -1.74134717  2.69817884
 -1.80956413 -1.58815282 -2.30389836  2.18802572 -2.45128485  2.13559477
  2.07464855  1.53539647  2.38306501  2.80473547  1.6489039   1.20009546
 -1.51323496 -2.22927471  1.47131373  0.7119664   1.31361198 -3.01404272
 -0.37770792  2.5183257  -1.03585687  1.28752785  1.48326924  0.54456274
 -0.83300391  1.11512541  0.66824571 -0.38367532  2.80472592 -1.99309091
  1.53803384 -0.48680493  1.09034006 -2.84977012 -2.45832065  0.45775379
 -1.16150042 -0.49456712  0.36529076 -0.11127176 -1.65032529 -0.04119698
 -0.85966731  2.81182028 -1.06240591 -1.38015085 -0.9488269   1.07797208
  1.85223398 -0.69616047  1.97231831 -2.19416334 -0.34727779 -0.73250465
 -2.89010716  3.16479814 -1.63192866  3.13524924 -1.26603745 -2.70849888
  3.36216957 -1.23321267 -0.7764923  -2.88405467 -2.71721695  2.54565748
 -2.13655276 -2.04711275 -0.18155989  3.14998195  0.2466565   0.21384528
 -1.25020277 -0.67765434 -1.73377345 -3.03027883  2.87033247  1.23548164
 -0.48571882 -2.18839789  1.1096933  -1.10586744 -0.49041404 -2.73953712
 -2.06516522  1.86554722 -0.87382369  2.6218669  -0.45419056 -2.67151537
 -2.82018096  2.26184923 -3.14421133 -0.44534057 -1.00233811 -0.24658779
  2.3475515   1.84024242  0.01821104 -2.552887   -2.65892332  0.24436125
 -0.76666093  1.24523886 -2.62770347  1.12502905 -0.38397394  0.4207457
  1.91902328  0.45813501  0.65075715 -1.27157557  1.79158613  2.9398081
  0.99594368  0.22179896 -1.14180733  2.42279362  0.72672385 -1.90978281
 -0.05035396  1.87093358  0.9866468  -1.08000953 -2.30129641  2.22238181
  2.00399166  1.92831716  2.29723641  1.91574871 -1.66123191 -3.10389852
  0.428537    1.34477286 -2.26276287 -1.12583929  2.31183257  1.39295926
 -0.27195178 -1.84442842 -1.64822667  1.96530607  1.30724765 -1.01188409
 -0.23075932 -0.69310936 -0.30340207  2.30246106 -0.66194329 -0.93536321
  0.77592032 -2.35267764  0.59025391  2.78419778 -0.35244058  2.04719925
 -1.86127639 -1.35338507 -2.59736134 -2.42273147 -1.50155673 -3.02896472
  2.01618603  1.78187863  1.58154199  1.12534021  1.58819005 -2.44418976
 -2.50734665  1.78910584  1.03430395 -0.29185243 -2.47721695  1.4309849
 -1.04395636 -3.04760522 -0.04722219  1.89748115 -2.70127747 -2.36816367
  1.87611322  1.02965554 -0.62618147 -0.49633208 -0.92141847  1.96404578
  0.47263141 -0.35621693  0.40184742 -2.26661434  1.26138122 -0.15330729
  2.40232733  1.23322225  2.87808447 -1.05734259  2.10171842 -0.42990639
 -3.26841883  2.20320356  0.81145381  1.92880563 -1.28919086  1.43910529
 -2.12169629  0.20899575  0.08303681 -2.79059121 -0.9019177  -2.39308234
  0.07227996 -0.56900943]
Sat May 25 16:08:26 2024,360,0.09593802543824319,[-4.65833467  2.36664704 -1.84105188 -0.12409     0.18673538 -2.6876613
  3.01282184  2.10573035  1.45519712 -0.92537411  0.61241124  1.09170732
  1.13211125 -1.5419714   0.77711084  2.8062256  -0.79817016 -0.63691391
 -1.75472923  0.60197007  1.67656987  2.99185231 -1.20875576 -0.31571906
 -2.42355575 -2.33800646  2.99458883  2.76323604 -0.54436314 -2.36483229
  1.4827943  -0.05852569 -2.31787996  2.0955396   1.28952486 -0.63854763
  0.84775435 -2.31881211 -0.02589819  2.15331158 -0.16392164  0.38886366
  2.71395842  1.04621413  2.46284569  3.16173407  2.64141959 -2.93931388
  0.26537659 -0.81572447  1.75888196  2.86398267 -0.51094375 -2.31764546
  2.78736412 -3.21077093  0.79396664 -0.63489879 -1.74134406  2.69818195
 -1.80956724 -1.58815594 -2.30389525  2.18802261 -2.45128174  2.13559788
  2.07465166  1.53539336  2.38306812  2.80473858  1.64890079  1.20009234
 -1.51323807 -2.2292716   1.47131684  0.71196952  1.31361509 -3.01404583
 -0.37770481  2.51832881 -1.03585376  1.28753096  1.48327235  0.54456585
 -0.83300702  1.11512229  0.66824882 -0.38367843  2.80472904 -1.9930878
  1.53803072 -0.48680804  1.09033695 -2.84976701 -2.45832376  0.45775067
 -1.16150353 -0.49456401  0.36529387 -0.11126865 -1.65032217 -0.04119387
 -0.85967042  2.81182339 -1.06240902 -1.38014774 -0.94883002  1.07797519
  1.85223709 -0.69615735  1.97232142 -2.19416023 -0.34728091 -0.73250154
 -2.89010405  3.16480125 -1.63193177  3.13525236 -1.26603434 -2.70850199
  3.36217268 -1.23320956 -0.77649541 -2.88405156 -2.71721384  2.54566059
 -2.13654965 -2.04711586 -0.18155678  3.14998506  0.24665961  0.21384839
 -1.25020589 -0.67765745 -1.73377034 -3.03027571  2.87032936  1.23548475
 -0.48572193 -2.188401    1.10969641 -1.10587055 -0.49041715 -2.73954023
 -2.06516833  1.86555033 -0.87382058  2.62187001 -0.45419367 -2.67151849
 -2.82018407  2.26185234 -3.14420821 -0.44533746 -1.00234122 -0.2465909
  2.34754839  1.84024553  0.01821415 -2.55289011 -2.65892021  0.24436436
 -0.76665782  1.24524197 -2.62770036  1.12503217 -0.38397083  0.42074259
  1.91902639  0.4581319   0.65075403 -1.27157246  1.79158925  2.93981122
  0.99594057  0.22180207 -1.14181044  2.42279673  0.72672074 -1.9097797
 -0.05035707  1.87093669  0.98664991 -1.08000641 -2.30129329  2.2223787
  2.00398855  1.92832027  2.29723952  1.91575183 -1.66123503 -3.10390163
  0.42853389  1.34476975 -2.26276598 -1.1258424   2.31182946  1.39296237
 -0.27194867 -1.84443153 -1.64822978  1.96530918  1.30724454 -1.01188098
 -0.23076243 -0.69310625 -0.30339896  2.30246417 -0.66194018 -0.9353601
  0.77591721 -2.35268075  0.59025702  2.78420089 -0.35244369  2.04720237
 -1.8612795  -1.35338196 -2.59736445 -2.42273458 -1.50155362 -3.02896784
  2.01618292  1.78188175  1.58153888  1.1253371   1.58819316 -2.44419287
 -2.50734976  1.78910273  1.03430084 -0.29184931 -2.47721384  1.43098801
 -1.04395325 -3.0476021  -0.04721908  1.89748426 -2.70128058 -2.36816055
  1.87611011  1.02965243 -0.62618458 -0.49632897 -0.92142159  1.96404889
  0.4726283  -0.35622004  0.40184431 -2.26661123  1.26138433 -0.15330418
  2.40233044  1.23322536  2.87808758 -1.05733948  2.10172153 -0.42990328
 -3.26842195  2.20320667  0.8114507   1.92880252 -1.28919397  1.43910218
 -2.12169318  0.20899886  0.0830337  -2.79059432 -0.90191459 -2.39307922
  0.07227684 -0.56901255]
Sat May 25 16:08:51 2024,361,0.09593802479007144,[-4.6583377   2.36665008 -1.84105491 -0.12408696  0.18673235 -2.68765826
  3.0128188   2.10572731  1.45520016 -0.92537107  0.61241428  1.09170428
  1.13211429 -1.54197444  0.7771078   2.80622256 -0.7981732  -0.63691695
 -1.75473227  0.60196703  1.67657291  2.99184928 -1.20875879 -0.3157221
 -2.42355272 -2.33800949  2.99458579  2.76323908 -0.5443601  -2.36482926
  1.48279126 -0.05852872 -2.317883    2.09554264  1.28952183 -0.63855067
  0.84775739 -2.31881515 -0.02590123  2.15330854 -0.16392468  0.3888667
  2.71396146  1.04621717  2.46284873  3.16173711  2.64142263 -2.93931692
  0.26537355 -0.81572143  1.758885    2.86397963 -0.51094072 -2.3176485
  2.78736108 -3.21076789  0.7939636  -0.63489575 -1.74134102  2.69818499
 -1.80957028 -1.5881529  -2.30389221  2.18802565 -2.45128478  2.13559484
  2.0746547   1.53539032  2.38306508  2.80473554  1.64889775  1.20009538
 -1.51324111 -2.22927464  1.47131381  0.71196648  1.31361813 -3.01404279
 -0.37770785  2.51833185 -1.0358568   1.28752792  1.48327539  0.54456281
 -0.83301006  1.11512533  0.66824578 -0.38368147  2.80473207 -1.99309084
  1.53803376 -0.486805    1.09033999 -2.84976397 -2.45832072  0.45774764
 -1.16150657 -0.49456097  0.36529084 -0.11127169 -1.65031914 -0.04119083
 -0.85967346  2.81182035 -1.06241206 -1.3801447  -0.94883305  1.07797215
  1.85224013 -0.69615432  1.97231838 -2.19415719 -0.34728394 -0.73250458
 -2.89010101  3.16479822 -1.63192873  3.13524932 -1.2660313  -2.70849896
  3.36216965 -1.23320652 -0.77649845 -2.8840546  -2.7172108   2.54566363
 -2.13655269 -2.04711282 -0.18155374  3.14998203  0.24666265  0.21385143
 -1.25020285 -0.67765441 -1.73377338 -3.03027268  2.87032632  1.23548779
 -0.48571889 -2.18840404  1.10969945 -1.10587359 -0.49041411 -2.73953719
 -2.06517137  1.86555337 -0.87382362  2.62186698 -0.45419671 -2.67151545
 -2.82018103  2.26184931 -3.14420518 -0.4453405  -1.00234426 -0.24659394
  2.34754535  1.8402425   0.01821719 -2.55288707 -2.65892325  0.2443674
 -0.76666086  1.24524501 -2.62769732  1.12502913 -0.38397387  0.42073955
  1.91902335  0.45812886  0.65075707 -1.27156942  1.79159228  2.93980818
  0.99593753  0.22179903 -1.14181348  2.42279977  0.72672378 -1.90978274
 -0.05036011  1.87093365  0.98665295 -1.08000945 -2.30129633  2.22238173
  2.00399159  1.92831723  2.29723649  1.91575486 -1.66123199 -3.10390467
  0.42853085  1.34477279 -2.26276902 -1.12584544  2.3118325   1.39295933
 -0.2719517  -1.84443457 -1.64823282  1.96530615  1.3072415  -1.01187794
 -0.23075939 -0.69310321 -0.303402    2.30246113 -0.66193714 -0.93535706
  0.77591417 -2.35268379  0.59025399  2.78419785 -0.35244065  2.04719933
 -1.86127646 -1.353385   -2.59736141 -2.42273154 -1.50155058 -3.0289648
  2.01618596  1.78188478  1.58153584  1.12533406  1.58819012 -2.44419591
 -2.50734673  1.78909969  1.03430388 -0.29184627 -2.47721688  1.43098497
 -1.04395021 -3.04759907 -0.04721604  1.89748122 -2.70128362 -2.36815752
  1.87611315  1.02965547 -0.62618762 -0.49632593 -0.92141855  1.96404585
  0.47262526 -0.35622308  0.40184127 -2.26660819  1.26138129 -0.15330722
  2.4023274   1.2332284   2.87808454 -1.05734251  2.10172457 -0.42990632
 -3.26841891  2.20320971  0.81145374  1.92880555 -1.28919093  1.43909914
 -2.12169622  0.20899582  0.08303674 -2.79059736 -0.90191763 -2.39308226
  0.07227381 -0.56901558]
Sat May 25 16:09:15 2024,362,0.09593802416721098,[-4.65834067  2.36664711 -1.84105195 -0.12408993  0.18673531 -2.6876553
  3.01281583  2.10572435  1.45519719 -0.92537404  0.61241131  1.09170131
  1.13211132 -1.5419774   0.77711076  2.80621959 -0.79817616 -0.63691992
 -1.7547293   0.60197     1.67657588  2.99184631 -1.20875583 -0.31571913
 -2.42355568 -2.33801246  2.99458283  2.76323611 -0.54435714 -2.36483222
  1.48278829 -0.05853169 -2.31788003  2.0955456   1.28952479 -0.6385477
  0.84776036 -2.31881812 -0.0259042   2.15331151 -0.16392765  0.38886373
  2.71396442  1.0462142   2.4628517   3.16174008  2.64141966 -2.93931395
  0.26537652 -0.81571847  1.75888796  2.86397667 -0.51094368 -2.31764553
  2.78735812 -3.21077086  0.79396063 -0.63489278 -1.74134399  2.69818202
 -1.80956731 -1.58815586 -2.30388924  2.18802268 -2.45128181  2.13559188
  2.07465767  1.53539329  2.38306211  2.80473257  1.64890072  1.20009835
 -1.51323814 -2.22927167  1.47131084  0.71196351  1.31362109 -3.01403982
 -0.37771081  2.51833481 -1.03585977  1.28752496  1.48327836  0.54455984
 -0.83301303  1.1151283   0.66824281 -0.38367851  2.80473504 -1.99308787
  1.53803673 -0.48680797  1.09034296 -2.84976694 -2.45831776  0.4577506
 -1.16150954 -0.494558    0.3652938  -0.11127466 -1.6503221  -0.04118786
 -0.85967643  2.81181739 -1.06240909 -1.38014174 -0.94883602  1.07796918
  1.85223716 -0.69615728  1.97232135 -2.19415422 -0.34728098 -0.73250161
 -2.89009804  3.16480118 -1.6319317   3.13524635 -1.26603426 -2.70849599
  3.36216668 -1.23320356 -0.77649548 -2.88405756 -2.71720783  2.5456666
 -2.13654972 -2.04710986 -0.18155077  3.14997906  0.24665969  0.21384846
 -1.25020582 -0.67765145 -1.73377634 -3.03027564  2.87032928  1.23549075
 -0.48571593 -2.18840701  1.10969648 -1.10587062 -0.49041115 -2.73953422
 -2.06517433  1.86555633 -0.87382658  2.62186401 -0.45419374 -2.67151248
 -2.820184    2.26184634 -3.14420814 -0.44533753 -1.00234129 -0.24659097
  2.34754238  1.84024546  0.01821422 -2.55289004 -2.65892622  0.24437036
 -0.76666382  1.24524205 -2.62770029  1.12502616 -0.3839709   0.42074252
  1.91902632  0.45813183  0.65076004 -1.27156645  1.79159525  2.93981115
  0.9959405   0.221802   -1.14181645  2.42280273  0.72672081 -1.90977977
 -0.05036308  1.87093662  0.98665592 -1.08001242 -2.3012993   2.2223847
  2.00399455  1.92831426  2.29723945  1.9157519  -1.66122902 -3.1039017
  0.42853382  1.34476982 -2.26277199 -1.12584247  2.31182953  1.39295636
 -0.27194874 -1.8444316  -1.64822985  1.96530318  1.30723853 -1.01187497
 -0.23076236 -0.69310025 -0.30340497  2.30245816 -0.66194011 -0.93536003
  0.7759112  -2.35268082  0.59025695  2.78420082 -0.35244362  2.04720229
 -1.86127349 -1.35338797 -2.59735844 -2.42272857 -1.50155355 -3.02896183
  2.01618893  1.78188775  1.58153287  1.12533703  1.58819309 -2.44419888
 -2.50734376  1.78910266  1.03430684 -0.29184924 -2.47721391  1.43098201
 -1.04395318 -3.04760203 -0.04721307  1.89748419 -2.70128065 -2.36816048
  1.87611018  1.0296525  -0.62619059 -0.4963289  -0.92142151  1.96404882
  0.47262823 -0.35622604  0.4018383  -2.26660523  1.26137832 -0.15330425
  2.40233037  1.23323137  2.87808751 -1.05733955  2.10172754 -0.42990335
 -3.26841594  2.20321268  0.81145077  1.92880259 -1.28918797  1.43909618
 -2.12169918  0.20899285  0.08303971 -2.79059439 -0.90191466 -2.3930793
  0.07227084 -0.56901262]
Sat May 25 16:09:39 2024,363,0.09593802356857636,[-4.65834357  2.36664421 -1.84105484 -0.12408703  0.18673242 -2.68765819
  3.01281873  2.10572145  1.45519429 -0.92537114  0.61240842  1.09169841
  1.13211422 -1.54197451  0.77711366  2.80622249 -0.79817327 -0.63691702
 -1.7547264   0.6019671   1.67657878  2.99184341 -1.20875293 -0.31572203
 -2.42355278 -2.33800956  2.99457993  2.76323901 -0.54435424 -2.36483512
  1.48278539 -0.05852879 -2.31788293  2.0955485   1.28952769 -0.63854481
  0.84775746 -2.31882102 -0.0259013   2.15331441 -0.16393054  0.38886663
  2.71396732  1.0462171   2.46285459  3.16174297  2.64141677 -2.93931105
  0.26537362 -0.81571557  1.75888506  2.86397377 -0.51094658 -2.31764843
  2.78736102 -3.21077375  0.79396353 -0.63488988 -1.74134109  2.69817912
 -1.80956441 -1.58815876 -2.30388634  2.18802558 -2.45128471  2.13559477
  2.07466057  1.53539618  2.38306501  2.80473547  1.64889782  1.20010125
 -1.51323524 -2.22927457  1.47131374  0.71196061  1.3136182  -3.01403693
 -0.37770792  2.51833192 -1.03585687  1.28752206  1.48328125  0.54455694
 -0.83301013  1.1151254   0.66823992 -0.3836814   2.80473214 -1.99309077
  1.53803383 -0.48680507  1.09034585 -2.84976983 -2.45832065  0.45774771
 -1.16151243 -0.4945609   0.36529091 -0.11127755 -1.6503192  -0.04118497
 -0.85967932  2.81181449 -1.06240619 -1.38013884 -0.94883312  1.07797208
  1.85224006 -0.69615439  1.97232425 -2.19415712 -0.34727808 -0.73250451
 -2.89009515  3.16479828 -1.63193459  3.13524345 -1.26603137 -2.70849889
  3.36216958 -1.23320645 -0.77649258 -2.88406046 -2.71720494  2.5456637
 -2.13655262 -2.04710696 -0.18154788  3.14997616  0.24665679  0.21384556
 -1.25020292 -0.67764855 -1.73377345 -3.03027854  2.87033218  1.23549365
 -0.48571882 -2.18840411  1.10969938 -1.10586773 -0.49041404 -2.73953712
 -2.06517144  1.86555344 -0.87382368  2.62186691 -0.45419084 -2.67151538
 -2.82018689  2.26184924 -3.14421104 -0.44534043 -1.00234419 -0.24658807
  2.34753949  1.84024257  0.01821132 -2.55289294 -2.65892911  0.24437326
 -0.76666093  1.24524494 -2.62770318  1.12502326 -0.3839738   0.42074542
  1.91902342  0.45812893  0.65075714 -1.27156935  1.79159815  2.93981404
  0.9959376   0.2217991  -1.14181355  2.42280563  0.72672371 -1.90977687
 -0.05036597  1.87093952  0.98665881 -1.08000952 -2.3013022   2.2223818
  2.00399745  1.92831716  2.29723655  1.9157548  -1.66122612 -3.1038988
  0.42853092  1.34477272 -2.26276909 -1.12583957  2.31182663  1.39295346
 -0.27195163 -1.8444287  -1.64822695  1.96530608  1.30724143 -1.01187208
 -0.23076526 -0.69310314 -0.30340207  2.30246106 -0.661943   -0.93535713
  0.7759141  -2.35267792  0.59025406  2.78419792 -0.35244072  2.04720519
 -1.8612706  -1.35339086 -2.59735555 -2.42272568 -1.50155065 -3.02895893
  2.01618603  1.78188485  1.58153577  1.12533413  1.58819599 -2.44420177
 -2.50734666  1.78909976  1.03430974 -0.29185214 -2.47721681  1.43097911
 -1.04395028 -3.04760493 -0.04721597  1.89748709 -2.70128355 -2.36815759
  1.87610729  1.0296496  -0.62618769 -0.496326   -0.92141862  1.96405171
  0.47262533 -0.35622894  0.40183541 -2.26660812  1.26137543 -0.15330715
  2.40233327  1.23322847  2.87809041 -1.05733665  2.10172464 -0.42990625
 -3.26841304  2.20320978  0.81145367  1.92880548 -1.28918507  1.43909328
 -2.12169629  0.20898996  0.08303681 -2.79059729 -0.90191177 -2.3930764
  0.07227374 -0.56900972]
Sat May 25 16:10:07 2024,364,0.09593802299313155,[-4.6583464   2.36664138 -1.84105767 -0.12408986  0.18673524 -2.68766102
  3.0128159   2.10571862  1.45519146 -0.92536831  0.61241125  1.09170124
  1.13211139 -1.54197168  0.77711083  2.80621966 -0.79817044 -0.63691419
 -1.75472358  0.60196427  1.67658161  2.99184624 -1.20875576 -0.3157192
 -2.42354996 -2.33801239  2.9945771   2.76323618 -0.54435707 -2.36483795
  1.48278822 -0.05852596 -2.3178801   2.09555133  1.28952486 -0.63854764
  0.84775463 -2.31881819 -0.02589847  2.15331724 -0.16393337  0.3888638
  2.71396449  1.04621993  2.46285742  3.16174014  2.6414196  -2.93930822
  0.26537079 -0.81571274  1.75888789  2.8639766  -0.51094941 -2.31765125
  2.78735819 -3.21077092  0.79396636 -0.63488705 -1.74134392  2.69818195
 -1.80956158 -1.58815593 -2.30388917  2.1880284  -2.45128188  2.13559194
  2.07465774  1.53539335  2.38306218  2.8047383   1.64890065  1.20010408
 -1.51323241 -2.22927174  1.47131657  0.71195778  1.31362103 -3.0140341
 -0.37771074  2.51832909 -1.03585404  1.28751923  1.48328408  0.54455412
 -0.8330073   1.11512823  0.66823709 -0.38367857  2.80473497 -1.9930936
  1.53803666 -0.4868079   1.09034302 -2.84977266 -2.45832348  0.45774488
 -1.16151526 -0.49456373  0.36529373 -0.11127473 -1.65031638 -0.04118779
 -0.85968215  2.81181166 -1.06240336 -1.38014167 -0.94883029  1.07796925
  1.85223723 -0.69615721  1.97232708 -2.19415429 -0.34727525 -0.73250734
 -2.89009797  3.16480111 -1.63193742  3.13524062 -1.26602854 -2.70850172
  3.3621724  -1.23320928 -0.77649541 -2.88405763 -2.71720211  2.54566653
 -2.13655545 -2.04710413 -0.18154505  3.14997333  0.24665962  0.21384273
 -1.25020575 -0.67764572 -1.73377062 -3.03027571  2.87032935  1.23549082
 -0.48571599 -2.18840128  1.10970221 -1.10587056 -0.49041121 -2.73953995
 -2.06517427  1.86555061 -0.87382651  2.62186408 -0.45418802 -2.67151255
 -2.82018972  2.26185207 -3.14420821 -0.44534326 -1.00234136 -0.2465909
  2.34753666  1.84024539  0.01820849 -2.55289577 -2.65893194  0.24437609
 -0.7666581   1.24524777 -2.62770601  1.12502043 -0.38397663  0.42074825
  1.91902625  0.4581261   0.65075431 -1.27157218  1.79160098  2.93981121
  0.99593477  0.22179627 -1.14181638  2.4228028   0.72672654 -1.90977404
 -0.05036315  1.87093669  0.98665598 -1.08001235 -2.30129937  2.22238463
  2.00399462  1.92831433  2.29723938  1.91575762 -1.66122329 -3.10389597
  0.42853375  1.34476989 -2.26277192 -1.12583674  2.3118238   1.39295064
 -0.27195446 -1.84442587 -1.64822413  1.96530325  1.30724426 -1.0118749
 -0.23076809 -0.69310597 -0.3034049   2.30246389 -0.66194583 -0.93535996
  0.77591127 -2.35268075  0.59025123  2.78419509 -0.35243789  2.04720802
 -1.86127343 -1.35339369 -2.59735272 -2.42272851 -1.50155348 -3.0289561
  2.0161832   1.78188768  1.5815386   1.12533696  1.58819882 -2.4442046
 -2.50734383  1.78910259  1.03431257 -0.29185497 -2.47721964  1.43097628
 -1.04395311 -3.04760776 -0.0472188   1.89748992 -2.70128638 -2.36816041
  1.87611012  1.02965243 -0.62618486 -0.49632317 -0.92141579  1.96405454
  0.47262816 -0.35623177  0.40183258 -2.26661095  1.2613726  -0.15330432
  2.4023361   1.23322564  2.87809324 -1.05733948  2.10172747 -0.42990908
 -3.26841587  2.20321261  0.8114565   1.92880266 -1.2891879   1.43909045
 -2.12169911  0.20898713  0.08303398 -2.79059446 -0.9019146  -2.39307923
  0.07227657 -0.56900689]
Sat May 25 16:10:31 2024,365,0.09593802243988894,[-4.65834916  2.36664415 -1.84106044 -0.1240871   0.18673801 -2.68765826
  3.01281314  2.10571586  1.45519422 -0.92536555  0.61241401  1.09169848
  1.13211415 -1.54196891  0.77710807  2.8062169  -0.7981732  -0.63691695
 -1.75472081  0.60196151  1.67657884  2.991849   -1.20875852 -0.31572196
 -2.42355272 -2.33801516  2.99457434  2.76323341 -0.5443543  -2.36483519
  1.48278546 -0.0585232  -2.31787734  2.09555409  1.2895221  -0.6385504
  0.84775739 -2.31881542 -0.02590123  2.15332    -0.16393061  0.38886656
  2.71396173  1.04622269  2.46285466  3.16173738  2.64141683 -2.93931099
  0.26537355 -0.8157155   1.75888513  2.86397936 -0.51094665 -2.31764849
  2.78735542 -3.21076816  0.79396912 -0.63488429 -1.74134668  2.69817919
 -1.80955882 -1.58815317 -2.30389194  2.18802564 -2.45128464  2.13558918
  2.0746605   1.53539612  2.38306494  2.80474106  1.64890342  1.20010684
 -1.51323518 -2.22926897  1.4713138   0.71195502  1.31362379 -3.01403133
 -0.37771351  2.51832632 -1.03585128  1.28752199  1.48328132  0.54455688
 -0.83301006  1.11513099  0.66823985 -0.38368134  2.80473774 -1.99309084
  1.5380339  -0.48681066  1.09034579 -2.84977543 -2.45832072  0.45774211
 -1.16151803 -0.49456097  0.36529097 -0.11127749 -1.65031914 -0.04118503
 -0.85967939  2.8118089  -1.0624006  -1.38013891 -0.94882753  1.07796649
  1.85223446 -0.69615998  1.97232431 -2.19415706 -0.34727801 -0.7325101
 -2.89009521  3.16480388 -1.63193466  3.13523786 -1.26602577 -2.70849895
  3.36216964 -1.23320652 -0.77649265 -2.88406039 -2.71720487  2.54566376
 -2.13655269 -2.04710137 -0.18154228  3.1499761   0.24665685  0.2138455
 -1.25020298 -0.67764296 -1.73377338 -3.03027847  2.87033211  1.23549359
 -0.48571876 -2.18840404  1.10969945 -1.10587332 -0.49041398 -2.73953719
 -2.0651715   1.86554784 -0.87382375  2.62186131 -0.45418525 -2.67151531
 -2.82019249  2.26185483 -3.14421097 -0.44534602 -1.00234412 -0.24658814
  2.34753942  1.84024816  0.01821126 -2.55289853 -2.65892918  0.24437333
 -0.76666086  1.24525054 -2.62770325  1.1250232  -0.38397386  0.42075101
  1.91902901  0.45812887  0.65075155 -1.27157494  1.79160374  2.93980845
  0.99593201  0.22179904 -1.14181914  2.42280004  0.72672377 -1.90977128
 -0.05036038  1.87093393  0.98665322 -1.08001512 -2.3012966   2.22238187
  2.00399186  1.9283171   2.29723662  1.91576039 -1.66122606 -3.10389874
  0.42853099  1.34476712 -2.26276916 -1.12583951  2.31182104  1.3929534
 -0.2719517  -1.84442864 -1.64822689  1.96530048  1.30724702 -1.01187214
 -0.23077085 -0.69310874 -0.30340214  2.30246113 -0.66194307 -0.9353572
  0.77590851 -2.35268352  0.59025399  2.78419786 -0.35243513  2.04721078
 -1.86127619 -1.35339093 -2.59735548 -2.42273127 -1.50155072 -3.02895887
  2.01618044  1.78189045  1.58153584  1.1253342   1.58819605 -2.44420737
 -2.50734659  1.78909983  1.03430981 -0.29185773 -2.4772224   1.43097904
 -1.04395034 -3.04761052 -0.04722156  1.89749268 -2.70128362 -2.36815765
  1.87610735  1.0296552  -0.6261821  -0.49632593 -0.92141302  1.96405178
  0.47263092 -0.35622901  0.40182981 -2.26661372  1.26136983 -0.15330709
  2.40233333  1.2332284   2.878096   -1.05734224  2.10172471 -0.42991184
 -3.26841311  2.20321537  0.81145926  1.92880542 -1.28919066  1.43909321
 -2.12169635  0.20898989  0.08303674 -2.7905917  -0.90191183 -2.39307646
  0.0722738  -0.56900965]
Sat May 25 16:10:57 2024,366,0.0959380219079045,[-4.65835186  2.36664145 -1.84106314 -0.1240844   0.18673531 -2.68765556
  3.01281584  2.10571316  1.45519153 -0.92536285  0.61241671  1.09169578
  1.13211685 -1.54197161  0.77711077  2.8062142  -0.7981705  -0.63691965
 -1.75472351  0.60195881  1.67657614  2.99184631 -1.20875582 -0.31572466
 -2.42355002 -2.33801785  2.99457164  2.76323611 -0.544357   -2.36483788
  1.48278276 -0.0585205  -2.31787464  2.09555679  1.2895194  -0.6385531
  0.8477547  -2.31881272 -0.02589854  2.1533173  -0.16392791  0.38886386
  2.71395903  1.04621999  2.46285196  3.16174008  2.64141413 -2.93930829
  0.26537085 -0.8157182   1.75888783  2.86397666 -0.51094934 -2.31764579
  2.78735272 -3.21076546  0.79396642 -0.63488699 -1.74134399  2.69818189
 -1.80955612 -1.58815047 -2.30388924  2.18802834 -2.45128734  2.13558648
  2.0746632   1.53539342  2.38306225  2.80474376  1.64890072  1.20010954
 -1.51323248 -2.22926628  1.4713111   0.71195232  1.31362109 -3.01402864
 -0.37771081  2.51832362 -1.03584858  1.28752469  1.48328402  0.54455418
 -0.83301276  1.11513369  0.66823715 -0.38368404  2.80474044 -1.99309353
  1.5380312  -0.48681336  1.09034849 -2.84977813 -2.45831802  0.45773941
 -1.16151533 -0.49455827  0.36529367 -0.11128019 -1.65031644 -0.04118773
 -0.85968209  2.8118062  -1.0624033  -1.38013621 -0.94882483  1.07796379
  1.85223177 -0.69615728  1.97232701 -2.19415436 -0.34728071 -0.73250741
 -2.89009251  3.16480118 -1.63193736  3.13523516 -1.26602308 -2.70850165
  3.36217234 -1.23320922 -0.77649535 -2.88405769 -2.71720217  2.54566646
 -2.13654999 -2.04709867 -0.18153958  3.14997879  0.24665955  0.2138482
 -1.25020029 -0.67764026 -1.73377608 -3.03027578  2.87032942  1.23549628
 -0.48572146 -2.18840135  1.10970214 -1.10587602 -0.49041667 -2.73953449
 -2.0651742   1.86554515 -0.87382105  2.62185862 -0.45418255 -2.67151261
 -2.82019518  2.26185753 -3.14421367 -0.44534872 -1.00234143 -0.24659084
  2.34754212  1.84025086  0.01820856 -2.55289583 -2.65893188  0.24437603
 -0.76666356  1.24524784 -2.62770595  1.1250259  -0.38397656  0.42075371
  1.91903171  0.45812617  0.65074885 -1.27157764  1.79160644  2.93980575
  0.99593471  0.22179634 -1.14181644  2.42279734  0.72672647 -1.90977398
 -0.05036308  1.87093123  0.98665052 -1.08001242 -2.3012993   2.22237917
  2.00398916  1.9283144   2.29723932  1.91576309 -1.66122875 -3.10390144
  0.42853369  1.34476982 -2.26276646 -1.12583681  2.31182374  1.3929507
 -0.2719544  -1.84442594 -1.64822959  1.96529779  1.30724432 -1.01187484
 -0.23076815 -0.69311144 -0.30339944  2.30246383 -0.66194577 -0.9353545
  0.7759112  -2.35268082  0.59025129  2.78419516 -0.35243243  2.04721348
 -1.86127889 -1.35338823 -2.59735278 -2.42273397 -1.50154802 -3.02896157
  2.01618314  1.78188775  1.58153854  1.1253369   1.58819336 -2.44420467
 -2.50734929  1.78909713  1.03430711 -0.29185503 -2.4772197   1.43098174
 -1.04395304 -3.04760782 -0.04722426  1.89748998 -2.70128632 -2.36815495
  1.87611005  1.0296579  -0.6261794  -0.49632323 -0.92141572  1.96404908
  0.47262822 -0.35622631  0.40182712 -2.26661102  1.26137253 -0.15330439
  2.40233603  1.2332311   2.8780933  -1.05733954  2.10172201 -0.42991454
 -3.26841581  2.20321807  0.81146196  1.92880272 -1.28919336  1.43909591
 -2.12169905  0.20898719  0.08303944 -2.7905944  -0.90191453 -2.39307377
  0.0722711  -0.56900696]
Sat May 25 16:11:27 2024,367,0.09593802139627942,[-4.65835449  2.36663881 -1.8410605  -0.12408703  0.18673267 -2.6876582
  3.0128132   2.10571579  1.45518889 -0.92536548  0.61241407  1.09169315
  1.13211949 -1.54197425  0.7771134   2.80621684 -0.79816787 -0.63692229
 -1.75472615  0.60195617  1.67657351  2.99184367 -1.20875846 -0.31572203
 -2.42355266 -2.33802049  2.994569    2.76323348 -0.54435964 -2.36484052
  1.4827854  -0.05851787 -2.31787727  2.09555416  1.28952203 -0.63855573
  0.84775733 -2.31881536 -0.0258959   2.15331994 -0.16392527  0.3888665
  2.71395639  1.04622263  2.4628546   3.16174272  2.6414115  -2.93931092
  0.26536822 -0.81572084  1.75889047  2.8639793  -0.51095198 -2.31764843
  2.78735009 -3.21076283  0.79396906 -0.63488435 -1.74134662  2.69818452
 -1.80955876 -1.58815311 -2.30389187  2.1880257  -2.45128471  2.13558912
  2.07466056  1.53539078  2.38305961  2.80474113  1.64889808  1.2001069
 -1.51323512 -2.22926364  1.47130847  0.71194969  1.31362373 -3.014026
 -0.37771345  2.51832626 -1.03585121  1.28752206  1.48328138  0.54455682
 -0.8330154   1.11513633  0.66823979 -0.38368667  2.80474307 -1.9930909
  1.53802856 -0.48681072  1.09035112 -2.84977549 -2.45831539  0.45774205
 -1.16151796 -0.4945609   0.36529103 -0.11128282 -1.65031908 -0.04118509
 -0.85968472  2.81180356 -1.06240594 -1.38013884 -0.9488222   1.07796643
  1.8522344  -0.69615464  1.97232438 -2.19415699 -0.34728335 -0.73250477
 -2.89008988  3.16480381 -1.63193999  3.13523253 -1.26602571 -2.70849902
  3.3621697  -1.23321185 -0.77649798 -2.88406033 -2.71720481  2.54566383
 -2.13655262 -2.04709603 -0.18154222  3.14997616  0.24665692  0.21385083
 -1.25019765 -0.67764289 -1.73377871 -3.03027314  2.87033205  1.23549365
 -0.48571882 -2.18839871  1.10969951 -1.10587865 -0.49041931 -2.73953712
 -2.06517684  1.86554778 -0.87381842  2.62186125 -0.45418519 -2.67150998
 -2.82019782  2.26185489 -3.14421104 -0.44534609 -1.00233879 -0.24659347
  2.34753948  1.84024822  0.01821119 -2.5528932  -2.65892924  0.24437339
 -0.76666092  1.2452452  -2.62770858  1.12502853 -0.3839792   0.42075634
  1.91902908  0.45812353  0.65075149 -1.271575    1.7916038   2.93980839
  0.99593734  0.22179897 -1.14181381  2.4227947   0.72672384 -1.90977134
 -0.05036572  1.87092859  0.98664789 -1.08001505 -2.30130194  2.22238181
  2.0039918   1.92831176  2.29723668  1.91576572 -1.66122612 -3.1038988
  0.42853105  1.34476719 -2.2627691  -1.12583417  2.31182637  1.39294806
 -0.27195176 -1.84442857 -1.64822695  1.96529515  1.30724696 -1.01187748
 -0.23077079 -0.6931088  -0.3033968   2.30246119 -0.66194313 -0.93535187
  0.77590857 -2.35268345  0.59025393  2.78419779 -0.35242979  2.04721085
 -1.86128152 -1.3533856  -2.59735542 -2.4227366  -1.50154538 -3.02895893
  2.0161805   1.78189038  1.5815359   1.12533426  1.58819072 -2.4442073
 -2.50734665  1.7890945   1.03430974 -0.29185767 -2.47722234  1.43098438
 -1.04395568 -3.04761046 -0.0472269   1.89748735 -2.70128895 -2.36815232
  1.87610742  1.02966053 -0.62618203 -0.4963206  -0.92141309  1.96405172
  0.47263086 -0.35622367  0.40182448 -2.26660838  1.2613699  -0.15330175
  2.4023334   1.23323374  2.87809594 -1.05733691  2.10171937 -0.42991191
 -3.26841844  2.20321544  0.81146459  1.92880536 -1.289196    1.43909855
 -2.12170169  0.20898983  0.08304208 -2.79059176 -0.90191717 -2.39307113
  0.07226847 -0.56900432]
Sat May 25 16:11:51 2024,368,0.09593802090415209,[-4.65835707  2.36664139 -1.84106307 -0.12408446  0.1867301  -2.68766077
  3.01281063  2.10571837  1.45519146 -0.92536291  0.61241665  1.09169572
  1.13212206 -1.54197167  0.77711598  2.80621941 -0.79817044 -0.63692486
 -1.75472357  0.6019536   1.67657093  2.9918411  -1.20875589 -0.3157246
 -2.42355008 -2.33802306  2.99457158  2.7632309  -0.54435706 -2.36484309
  1.48278797 -0.05852044 -2.3178747   2.09555158  1.28951946 -0.63855316
  0.84775991 -2.31881793 -0.02589847  2.15331736 -0.1639227   0.38886907
  2.71395897  1.0462252   2.46285717  3.16174529  2.64141407 -2.9393135
  0.26536564 -0.81572341  1.75888789  2.86397673 -0.51095455 -2.31764585
  2.78735266 -3.21076025  0.79396649 -0.63488178 -1.7413492   2.6981871
 -1.80955618 -1.58815568 -2.3038893   2.18802313 -2.45128213  2.13558654
  2.07465799  1.53539336  2.38306218  2.8047437   1.64890066  1.20010948
 -1.51323769 -2.22926621  1.47130589  0.71194711  1.31362115 -3.01402857
 -0.37771087  2.51832883 -1.03585379  1.28751948  1.48327881  0.54455939
 -0.83301282  1.11513375  0.66823721 -0.38368925  2.80474565 -1.99308832
  1.53802599 -0.48680815  1.09035369 -2.84977292 -2.45831281  0.45773948
 -1.16151539 -0.49456348  0.36529361 -0.1112854  -1.6503165  -0.04118767
 -0.8596873   2.81180614 -1.06240851 -1.38013627 -0.94882477  1.07796385
  1.85223698 -0.69615207  1.9723218  -2.19415442 -0.34728077 -0.73250734
 -2.8900873   3.16480124 -1.63194257  3.1352351  -1.26602829 -2.70849644
  3.36217228 -1.23321443 -0.77650056 -2.8840629  -2.71720738  2.54566125
 -2.1365552  -2.04709861 -0.18153965  3.14997873  0.24665949  0.21384826
 -1.25020022 -0.67764032 -1.73378129 -3.03027057  2.87033463  1.23549622
 -0.48571625 -2.18839614  1.10970208 -1.10588123 -0.49042188 -2.7395397
 -2.06517941  1.86555036 -0.87382099  2.62186383 -0.45418776 -2.67151255
 -2.82020039  2.26185232 -3.14421361 -0.44534351 -1.00234136 -0.24659605
  2.34753691  1.84024565  0.01820862 -2.55289062 -2.65893182  0.24437596
 -0.7666635   1.24524778 -2.62771116  1.1250311  -0.38397662  0.42075892
  1.9190265   0.45812611  0.65075406 -1.27157758  1.79160638  2.93981096
  0.99593992  0.2217964  -1.14181123  2.42279728  0.72672641 -1.90976877
 -0.05036829  1.87093117  0.98664531 -1.08001248 -2.30130451  2.22238438
  2.00399437  1.92831434  2.29723411  1.9157683  -1.66122869 -3.10389623
  0.42852848  1.34476976 -2.26277167 -1.1258316   2.31182895  1.39294549
 -0.27194919 -1.844426   -1.64822953  1.96529772  1.30724439 -1.01188005
 -0.23077336 -0.69311137 -0.30339938  2.30245862 -0.66194056 -0.93534929
  0.77590599 -2.35268603  0.5902565   2.78420037 -0.35242722  2.04720827
 -1.86127895 -1.35338302 -2.59735799 -2.42273918 -1.50154796 -3.0289615
  2.01617793  1.78188781  1.58153847  1.12533169  1.58819329 -2.44420988
 -2.50734923  1.78909707  1.03430717 -0.29186024 -2.47722491  1.43098695
 -1.04395825 -3.04761303 -0.04722432  1.89748477 -2.70128638 -2.36814974
  1.87610999  1.02965796 -0.62617946 -0.49632317 -0.92141051  1.96405429
  0.47262828 -0.3562211   0.40182705 -2.26661096  1.26136732 -0.15330433
  2.40233597  1.23323631  2.87809851 -1.05733948  2.10172195 -0.42990933
 -3.26842102  2.20321801  0.81146202  1.92880278 -1.28919857  1.43910112
 -2.12169911  0.20898725  0.08304465 -2.79059434 -0.90191974 -2.39306856
  0.07227104 -0.56900175]
Sat May 25 16:12:16 2024,369,0.09593802043070296,[-4.65835958  2.36663887 -1.84106559 -0.12408194  0.18673261 -2.68765826
  3.01280811  2.10572088  1.45518895 -0.9253604   0.61241413  1.09169321
  1.13212457 -1.54197419  0.77711346  2.80622192 -0.79816793 -0.63692235
 -1.75472106  0.60195108  1.67657345  2.99184361 -1.20875337 -0.31572209
 -2.4235526  -2.33802558  2.99457409  2.76323342 -0.54435455 -2.36484561
  1.48279049 -0.05851793 -2.31787219  2.09554907  1.28952197 -0.63855567
  0.84776242 -2.31882045 -0.02589596  2.15331485 -0.16392521  0.38887158
  2.71395645  1.04622772  2.46285969  3.16174278  2.64141156 -2.93931601
  0.26536816 -0.81572593  1.75888538  2.86397924 -0.51095707 -2.31764334
  2.78735015 -3.21076277  0.793969   -0.63488429 -1.74135171  2.69818961
 -1.8095587  -1.58815317 -2.30389181  2.18802062 -2.45128465  2.13558906
  2.07465547  1.53539587  2.3830647   2.80474621  1.64889814  1.20011199
 -1.51323517 -2.22926873  1.47130338  0.71194963  1.31361864 -3.01403109
 -0.37770836  2.51832632 -1.0358563   1.28751697  1.4832763   0.54455688
 -0.83301031  1.11513124  0.6682347  -0.38368673  2.80474313 -1.99308581
  1.53802347 -0.48680564  1.09035118 -2.84977543 -2.4583103   0.45773696
 -1.1615179  -0.49456096  0.36529612 -0.11128288 -1.65031902 -0.04118515
 -0.85968981  2.81180362 -1.06241102 -1.38013878 -0.94882226  1.07796134
  1.85223949 -0.69614956  1.97231929 -2.1941519  -0.34728329 -0.73250986
 -2.89008982  3.16479873 -1.63194005  3.13523259 -1.26602577 -2.70849896
  3.36216976 -1.23321694 -0.77650307 -2.88406542 -2.71720487  2.54566377
 -2.13655268 -2.04710112 -0.18153713  3.14998125  0.24665698  0.21384574
 -1.25019771 -0.67764283 -1.73377877 -3.03026805  2.87033714  1.23549874
 -0.48571373 -2.18839865  1.1097046  -1.10588374 -0.49041937 -2.73953718
 -2.06518192  1.86554784 -0.87381848  2.62186131 -0.45418525 -2.67151004
 -2.82019788  2.2618498  -3.1442111  -0.44534603 -1.00233885 -0.24659856
  2.34753942  1.84024313  0.01821113 -2.55289314 -2.65893433  0.24437848
 -0.76666601  1.24524526 -2.62771367  1.12503362 -0.38397914  0.42076143
  1.91902902  0.45812359  0.65075155 -1.27158009  1.79160386  2.93980845
  0.9959374   0.22179891 -1.14181375  2.42279979  0.72672893 -1.90976625
 -0.05037081  1.87092865  0.98664783 -1.08001499 -2.301302    2.22238187
  2.00399186  1.92831685  2.29723662  1.91576578 -1.66123121 -3.10389874
  0.42852596  1.34476725 -2.26276916 -1.12583411  2.31183146  1.39294298
 -0.2719517  -1.84442851 -1.64823204  1.96529521  1.3072469  -1.01187754
 -0.23077588 -0.69311389 -0.30339686  2.30246113 -0.66193804 -0.93535181
  0.77590348 -2.35268351  0.59025902  2.78420288 -0.3524247   2.04720576
 -1.86127644 -1.35338051 -2.59735548 -2.42274169 -1.50155047 -3.02895899
  2.01617541  1.78189032  1.58153596  1.1253342   1.58819581 -2.44421239
 -2.50735174  1.78909456  1.03430465 -0.29186276 -2.4772224   1.43098947
 -1.04395574 -3.04761555 -0.04722181  1.89748729 -2.70128386 -2.36815226
  1.87611251  1.02965544 -0.62618197 -0.49632066 -0.92141303  1.96405178
  0.47262577 -0.35622361  0.40182454 -2.26660844  1.26136984 -0.15330181
  2.40233346  1.2332338   2.87810103 -1.05733697  2.10171943 -0.42991185
 -3.2684185   2.20322052  0.81146453  1.9288053  -1.28920108  1.43909861
 -2.12170163  0.20898474  0.08304717 -2.79059685 -0.90192226 -2.39307107
  0.07226853 -0.56899923]
Sat May 25 16:12:40 2024,370,0.09593801997514864,[-4.65836204  2.36664133 -1.84106313 -0.1240844   0.18673507 -2.68766071
  3.01281057  2.10571843  1.45519141 -0.92535794  0.61241168  1.09169566
  1.13212212 -1.54197173  0.77711592  2.80622438 -0.79817038 -0.6369248
 -1.7547186   0.60195354  1.6765759   2.99184115 -1.20875583 -0.31572454
 -2.42355505 -2.33802803  2.99457655  2.76323587 -0.54435209 -2.36484315
  1.48279294 -0.05852038 -2.31786973  2.09555152  1.28952443 -0.63855322
  0.84776488 -2.31881799 -0.02589842  2.15331731 -0.16392767  0.38886913
  2.71395891  1.04622526  2.46285723  3.16174523  2.64141401 -2.93931356
  0.26537061 -0.81572347  1.75888292  2.8639817  -0.51095461 -2.31764088
  2.78734769 -3.21076522  0.79396654 -0.63488184 -1.74134925  2.69818715
 -1.80955624 -1.58815071 -2.30389427  2.18801816 -2.4512871   2.13559151
  2.07465793  1.53539342  2.38306715  2.80474867  1.64889569  1.20011445
 -1.51323763 -2.22927118  1.47130092  0.71195208  1.31362109 -3.01403355
 -0.3777059   2.51832386 -1.03585876  1.28751942  1.48327875  0.54455933
 -0.83301277  1.1151337   0.66823715 -0.38368428  2.80474068 -1.99308335
  1.53802102 -0.48680809  1.09034872 -2.84977297 -2.45830784  0.45773451
 -1.16152036 -0.49455851  0.36529858 -0.11128043 -1.65032147 -0.04118761
 -0.85969227  2.81180117 -1.06241348 -1.38014124 -0.94882471  1.07795888
  1.85223703 -0.6961471   1.97231683 -2.19414945 -0.34728083 -0.73251231
 -2.89008736  3.16479627 -1.6319376   3.13523504 -1.26602332 -2.7084965
  3.36217222 -1.23321449 -0.77650553 -2.88406787 -2.71720732  2.54566131
 -2.13655514 -2.04710358 -0.18153468  3.14997879  0.24665452  0.2138482
 -1.25020017 -0.67764038 -1.73378123 -3.0302656   2.8703396   1.23549628
 -0.48571128 -2.18839619  1.10970705 -1.10588129 -0.49042183 -2.73953964
 -2.06517947  1.8655503  -0.87381602  2.62185886 -0.45418771 -2.67151249
 -2.82019542  2.26184735 -3.14421355 -0.44534848 -1.00234131 -0.24659611
  2.34754188  1.84024068  0.01820868 -2.55289559 -2.65893187  0.24438093
 -0.76666355  1.24524281 -2.62771122  1.12503116 -0.38397668  0.42076389
  1.91902656  0.45812605  0.650754   -1.27158255  1.79160632  2.9398109
  0.99593495  0.22179646 -1.14181129  2.42279734  0.72673138 -1.90976871
 -0.05036835  1.87092619  0.98665028 -1.08001745 -2.30129954  2.22238432
  2.0039894   1.92831931  2.29723908  1.91576824 -1.66122875 -3.1039012
  0.42852351  1.3447697  -2.26277161 -1.12583166  2.31182901  1.39294543
 -0.27195416 -1.84443097 -1.6482345   1.96529275  1.30724936 -1.01187999
 -0.23077342 -0.69311143 -0.30339932  2.30246359 -0.6619405  -0.93534935
  0.77590102 -2.35268106  0.59025656  2.78420534 -0.35242716  2.04720821
 -1.86127889 -1.35338296 -2.59735302 -2.42273924 -1.50155293 -3.02896145
  2.01617787  1.78189278  1.58153842  1.12533174  1.58819826 -2.44420994
 -2.50734929  1.78909701  1.0343022  -0.2918603  -2.47721994  1.43098701
 -1.04395328 -3.04761309 -0.04721935  1.89748974 -2.70128632 -2.36815471
  1.87611005  1.0296579  -0.62617952 -0.4963182  -0.92141057  1.96404932
  0.47262331 -0.35622116  0.40182208 -2.26660599  1.26136738 -0.15329935
  2.40233591  1.23323134  2.87809857 -1.05733942  2.10172189 -0.42990939
 -3.26841605  2.20322298  0.81146699  1.92880775 -1.28920354  1.43909615
 -2.12169917  0.20898228  0.08304471 -2.79059439 -0.9019198  -2.39306861
  0.07227098 -0.56899678]
Sat May 25 16:13:10 2024,371,0.09593801953674,[-4.65836444  2.36664373 -1.84106553 -0.124082    0.18673267 -2.68765831
  3.01280817  2.10572083  1.45519381 -0.92536034  0.61241407  1.09169806
  1.13211972 -1.54196933  0.77711832  2.80622678 -0.79816798 -0.6369272
 -1.7547162   0.60195594  1.67657351  2.99184355 -1.20875343 -0.31572214
 -2.42355745 -2.33802564  2.99457895  2.76323347 -0.54434969 -2.36484075
  1.48279054 -0.05852278 -2.31787213  2.09554913  1.28952683 -0.63855562
  0.84776727 -2.31881559 -0.02590082  2.1533197  -0.16393007  0.38887153
  2.71396131  1.04622286  2.46285483  3.16174763  2.64141641 -2.93931596
  0.26537301 -0.81572587  1.75888532  2.8639841  -0.51095221 -2.31763849
  2.78735009 -3.21076762  0.79396414 -0.63487944 -1.74134685  2.69818955
 -1.80955384 -1.58815311 -2.30389667  2.18801576 -2.4512895   2.13558911
  2.07465553  1.53539582  2.38306955  2.80475107  1.64889329  1.20011685
 -1.51324003 -2.22926879  1.47129852  0.71195448  1.3136187  -3.01403115
 -0.3777083   2.51832626 -1.03586116  1.28751703  1.48328115  0.54456173
 -0.83301516  1.1151313   0.66823955 -0.38368667  2.80474307 -1.99308096
  1.53802342 -0.48680569  1.09034633 -2.84977537 -2.45831024  0.45773211
 -1.16152276 -0.49456091  0.36530098 -0.11128283 -1.65032387 -0.04118521
 -0.85969467  2.81179877 -1.06241588 -1.38014364 -0.94882231  1.07796128
  1.85223943 -0.6961495   1.97231923 -2.19414705 -0.34727843 -0.73250992
 -2.89008976  3.16479867 -1.63194     3.13523264 -1.26602571 -2.7084941
  3.36216982 -1.23321689 -0.77650313 -2.88407027 -2.71720492  2.54566371
 -2.13655274 -2.04710118 -0.18153708  3.14998119  0.24665212  0.2138458
 -1.25019777 -0.67764278 -1.73378363 -3.0302632   2.870342    1.23549868
 -0.48570888 -2.18839859  1.10970465 -1.10587889 -0.49042423 -2.73953724
 -2.06517707  1.8655527  -0.87381362  2.62186125 -0.45418531 -2.67151489
 -2.82019302  2.26184495 -3.14421595 -0.44535088 -1.00234371 -0.24659851
  2.34753948  1.84024308  0.01821108 -2.55289799 -2.65892948  0.24437854
 -0.76666595  1.2452452  -2.62770882  1.12503356 -0.38397428  0.42076149
  1.91902896  0.45812365  0.6507516  -1.27158015  1.79160872  2.9398085
  0.99593255  0.22179406 -1.14180889  2.42279494  0.72672898 -1.90977111
 -0.05037075  1.8709238   0.98665268 -1.08001505 -2.30130194  2.22238672
  2.003987    1.92832171  2.29723668  1.91576584 -1.66122635 -3.1039036
  0.42852591  1.3447673  -2.26276921 -1.12583406  2.31183141  1.39294303
 -0.27195656 -1.84443337 -1.6482321   1.96529515  1.30725175 -1.01187759
 -0.23077582 -0.69310903 -0.30340172  2.30246599 -0.6619429  -0.93535175
  0.77589863 -2.35267866  0.59025896  2.78420774 -0.35242956  2.04721061
 -1.86128129 -1.35338536 -2.59735542 -2.42274163 -1.50155053 -3.02895905
  2.01618027  1.78189038  1.58154082  1.12533414  1.58819587 -2.44421234
 -2.50735168  1.78909941  1.0342998  -0.2918627  -2.47722234  1.43098461
 -1.04395088 -3.04761549 -0.04722175  1.89748734 -2.70128392 -2.36815711
  1.87610765  1.0296555  -0.62617712 -0.4963158  -0.92141297  1.96404692
  0.47262571 -0.35622355  0.40182448 -2.26660838  1.26136978 -0.15329696
  2.40233831  1.23322894  2.87810097 -1.05733702  2.10171949 -0.42991179
 -3.26841845  2.20322058  0.81146939  1.92880535 -1.28920594  1.43909375
 -2.12169677  0.20897988  0.08304231 -2.790592   -0.9019174  -2.39307101
  0.07226858 -0.56899917]
Sat May 25 16:13:45 2024,372,0.09593801911476257,[-4.65836678  2.36664138 -1.84106787 -0.12408434  0.18673033 -2.68765597
  3.01281051  2.10571848  1.45519146 -0.925358    0.61241642  1.0917004
  1.13211738 -1.54196699  0.77711597  2.80622444 -0.79817033 -0.63692486
 -1.75471386  0.6019536   1.67657585  2.99184121 -1.20875577 -0.31572449
 -2.42355511 -2.33802329  2.99458129  2.76323113 -0.54435204 -2.36483841
  1.4827882  -0.05852513 -2.31787447  2.09554678  1.28952917 -0.63855796
  0.84776962 -2.31881794 -0.02589847  2.15331736 -0.16393241  0.38887387
  2.71395897  1.0462252   2.46285249  3.16174529  2.64141407 -2.93931361
  0.26537536 -0.81572821  1.75888766  2.86398644 -0.51094987 -2.31763614
  2.78734775 -3.21076996  0.7939618  -0.6348771  -1.7413492   2.69818721
 -1.80955618 -1.58815545 -2.30389433  2.18801342 -2.45129184  2.13559146
  2.07465319  1.53539816  2.38306721  2.80475341  1.64889094  1.2001145
 -1.51324237 -2.22927113  1.47129618  0.71195214  1.31361635 -3.0140288
 -0.37770596  2.51832392 -1.0358635   1.28751937  1.48328349  0.54455939
 -0.83301751  1.11513364  0.6682419  -0.38368902  2.80474542 -1.99307861
  1.53802576 -0.48680804  1.09034867 -2.84977303 -2.45831258  0.45772976
 -1.1615251  -0.49455856  0.36530332 -0.11128048 -1.65032621 -0.04118287
 -0.85969701  2.81180111 -1.06241354 -1.38014598 -0.94882466  1.07795894
  1.85223709 -0.69615184  1.97232157 -2.19414939 -0.34727609 -0.73251226
 -2.89008742  3.16480101 -1.63194234  3.1352303  -1.26602806 -2.70849176
  3.36217216 -1.23321923 -0.77650078 -2.88407262 -2.71720258  2.54566137
 -2.1365504  -2.04709884 -0.18153473  3.14998353  0.24665447  0.21384346
 -1.25019542 -0.67764043 -1.73378597 -3.03026554  2.87033965  1.23550102
 -0.48570653 -2.18839625  1.10970231 -1.10588123 -0.49042188 -2.73953958
 -2.06517473  1.86555035 -0.87381128  2.6218636  -0.45418296 -2.67151723
 -2.82019068  2.2618426  -3.14421829 -0.44535322 -1.00234605 -0.24659616
  2.34753714  1.84024542  0.01820873 -2.55290033 -2.65892713  0.24437619
 -0.76666361  1.24524286 -2.62771116  1.12503122 -0.38397194  0.42076383
  1.9190313   0.45812599  0.65075395 -1.27157781  1.79160637  2.93981085
  0.9959302   0.2217964  -1.14181124  2.42279259  0.72672664 -1.90976877
 -0.05037309  1.87092614  0.98665034 -1.08001271 -2.3012996   2.22238438
  2.00398466  1.92831936  2.29723434  1.91576818 -1.66122401 -3.10390125
  0.42852356  1.34476496 -2.26276687 -1.12583171  2.31183375  1.39294069
 -0.2719589  -1.84443103 -1.64823444  1.9652975   1.30724941 -1.01187994
 -0.23077816 -0.69311138 -0.30339937  2.30246364 -0.66194524 -0.93534941
  0.77590097 -2.35267632  0.5902613   2.78420539 -0.35242722  2.04721296
 -1.86128363 -1.35338302 -2.59735308 -2.42274398 -1.50155287 -3.02896139
  2.01617792  1.78188804  1.58154316  1.12533649  1.58819352 -2.44421468
 -2.50734934  1.78909707  1.03430214 -0.29186504 -2.47722     1.43098695
 -1.04394854 -3.04761315 -0.04721941  1.897485   -2.70128158 -2.36815946
  1.87610531  1.02965784 -0.62617946 -0.49631346 -0.92141063  1.96404458
  0.47262337 -0.3562259   0.40182683 -2.26661073  1.26137212 -0.15329461
  2.40233597  1.2332266   2.87810331 -1.05733468  2.10171715 -0.42990945
 -3.26842079  2.20322292  0.81146704  1.9288077  -1.28920828  1.43909609
 -2.12169911  0.20897754  0.08304465 -2.79059434 -0.90191506 -2.39306867
  0.07227093 -0.56900152]
Sat May 25 16:14:08 2024,373,0.09593801870853386,[-4.65836907  2.36664367 -1.84107016 -0.12408663  0.18673262 -2.68765368
  3.0128128   2.10572077  1.45519375 -0.92536029  0.61241413  1.09170269
  1.13211509 -1.54196928  0.77711826  2.80622215 -0.79816804 -0.63692715
 -1.75471157  0.60195589  1.67657814  2.9918435  -1.20875348 -0.31572678
 -2.4235574  -2.338021    2.99458358  2.76322884 -0.54434975 -2.36483612
  1.48279049 -0.05852284 -2.31787218  2.09554907  1.28952688 -0.63855567
  0.84777191 -2.31882023 -0.02590076  2.15331965 -0.1639347   0.38887158
  2.71396125  1.04622292  2.4628502   3.161743    2.64141636 -2.93931132
  0.26537765 -0.8157305   1.75888537  2.86398415 -0.51095216 -2.31763385
  2.78735004 -3.21077225  0.79395951 -0.63487481 -1.74134691  2.6981895
 -1.8095539  -1.58815774 -2.30389204  2.18801571 -2.45129413  2.13558917
  2.07465548  1.53540045  2.3830695   2.80475112  1.64888866  1.20011221
 -1.51324466 -2.22926884  1.47129389  0.71195443  1.31361406 -3.01403109
 -0.37770367  2.51832621 -1.03586121  1.28752166  1.4832812   0.5445571
 -0.8330198   1.11513593  0.66823961 -0.38369131  2.80474313 -1.99307632
  1.53802347 -0.48680575  1.09035096 -2.84977074 -2.45831487  0.45773205
 -1.16152739 -0.49456085  0.36530561 -0.11128277 -1.6503285  -0.04118516
 -0.85969472  2.8118034  -1.06241125 -1.38014827 -0.94882695  1.07796123
  1.85223938 -0.69614955  1.97232386 -2.19415168 -0.34727838 -0.73251455
 -2.89008513  3.16479872 -1.63194005  3.13522801 -1.26603035 -2.70848947
  3.36216988 -1.23321694 -0.7764985  -2.88407491 -2.71720487  2.54565908
 -2.13655269 -2.04710112 -0.18153702  3.14998124  0.24665218  0.21384575
 -1.25019771 -0.67764272 -1.73378368 -3.03026325  2.87033736  1.23549873
 -0.48570424 -2.18839396  1.1097046  -1.10587894 -0.49042417 -2.73954187
 -2.06517702  1.86555264 -0.87381357  2.62186131 -0.45418525 -2.67151952
 -2.82019297  2.26184489 -3.14422058 -0.44535551 -1.00234376 -0.24659845
  2.34753942  1.84024313  0.01820644 -2.55290262 -2.65892942  0.24437848
 -0.7666659   1.24524057 -2.62771345  1.12503351 -0.38396965  0.42076154
  1.91902901  0.4581237   0.65075166 -1.2715801   1.79160409  2.93981314
  0.99593249  0.22179869 -1.14180895  2.42279488  0.72672893 -1.90977105
 -0.0503708   1.87092843  0.98664805 -1.080015   -2.30130189  2.22238667
  2.00398695  1.92831707  2.29723663  1.91577047 -1.6612263  -3.10390354
  0.42852127  1.34476267 -2.26276458 -1.125834    2.31183604  1.39294298
 -0.27196119 -1.84443331 -1.64823673  1.96529521  1.30724712 -1.01188223
 -0.23078045 -0.69311367 -0.30339709  2.30246593 -0.66194295 -0.9353517
  0.77590326 -2.35267403  0.59026359  2.78420311 -0.3524295   2.04721067
 -1.86128134 -1.35338073 -2.59735537 -2.42274169 -1.50155058 -3.02896368
  2.01617564  1.78189033  1.58154087  1.1253342   1.58819123 -2.44421239
 -2.50735163  1.78909936  1.03429985 -0.29186275 -2.47721771  1.43098467
 -1.04394625 -3.04761544 -0.0472217   1.89748729 -2.70128387 -2.36816174
  1.87610302  1.02966013 -0.62617717 -0.49631575 -0.92140834  1.96404687
  0.47262566 -0.35622361  0.40182454 -2.26660844  1.26137441 -0.15329232
  2.40233826  1.23322431  2.87810102 -1.05733239  2.10171944 -0.42990716
 -3.26842308  2.20322521  0.81146476  1.92880999 -1.28920599  1.43909838
 -2.1217014   0.20897525  0.08304694 -2.79059205 -0.90191735 -2.39307096
  0.07227322 -0.56899923]
Sat May 25 16:15:12 2024,374,0.0959380183174011,[-4.65837131  2.36664144 -1.84106793 -0.12408887  0.18673485 -2.68765145
  3.01281057  2.10571853  1.45519599 -0.92536252  0.61241636  1.09170046
  1.13211285 -1.54197152  0.77711603  2.80621991 -0.79817027 -0.63692491
 -1.75471381  0.60195812  1.6765759   2.99184574 -1.20875572 -0.31572454
 -2.42355963 -2.33802324  2.99458134  2.76323108 -0.54434751 -2.36483388
  1.48278825 -0.0585206  -2.31786995  2.09554684  1.28952465 -0.63855343
  0.84776967 -2.31882246 -0.025903    2.15332189 -0.16393694  0.38887382
  2.71396349  1.04622515  2.46284796  3.16174076  2.64141412 -2.93930909
  0.26537541 -0.81573274  1.75888761  2.86398639 -0.51094992 -2.31763162
  2.7873478  -3.21077449  0.79395728 -0.63487704 -1.74134915  2.69818726
 -1.80955613 -1.58815551 -2.3038898   2.18801347 -2.4512919   2.13558693
  2.07465771  1.53539821  2.38307174  2.80474889  1.64888642  1.20011445
 -1.51324243 -2.2292666   1.47129613  0.71195219  1.3136163  -3.01402886
 -0.37770143  2.51832397 -1.03585898  1.28752389  1.48327897  0.54455933
 -0.83301756  1.11513817  0.66823737 -0.38369354  2.80474536 -1.99307856
  1.53802124 -0.48680351  1.09035319 -2.8497685  -2.45831711  0.45772982
 -1.16152515 -0.49456309  0.36530337 -0.11128054 -1.65033074 -0.04118292
 -0.85969249  2.81180116 -1.06240901 -1.38014603 -0.94882918  1.07796346
  1.85224162 -0.69615179  1.97232163 -2.19415392 -0.34728062 -0.73251678
 -2.89008736  3.16479649 -1.63194229  3.13522577 -1.26603258 -2.70848723
  3.36216764 -1.2332147  -0.77650073 -2.88407267 -2.71720263  2.54565684
 -2.13655045 -2.04710336 -0.18153926  3.14998348  0.24664994  0.21384798
 -1.25019995 -0.67764049 -1.73378592 -3.03026101  2.8703396   1.23550097
 -0.48570648 -2.18839172  1.10970236 -1.10588118 -0.49042193 -2.73953964
 -2.06517925  1.86555041 -0.8738158   2.62185907 -0.45418302 -2.67151729
 -2.82019073  2.26184266 -3.14422282 -0.44535775 -1.002346   -0.24660069
  2.34753719  1.84024089  0.01820868 -2.55290039 -2.65892718  0.24437625
 -0.76666814  1.24523834 -2.62771121  1.12503574 -0.38397188  0.42076378
  1.91902678  0.45812594  0.65075389 -1.27158233  1.79160632  2.93981537
  0.99593473  0.22179646 -1.14181118  2.42279265  0.72672669 -1.90976882
 -0.05037304  1.87092619  0.98665029 -1.08001723 -2.30129965  2.22238443
  2.00398471  1.92831931  2.29723886  1.91577271 -1.66122406 -3.10390131
  0.42852351  1.34476491 -2.26276234 -1.12583177  2.3118338   1.39294521
 -0.27196343 -1.84443108 -1.64823449  1.96529744  1.30724936 -1.01188446
 -0.23078269 -0.69311143 -0.30339932  2.30246817 -0.66194072 -0.93535393
  0.77590102 -2.35267626  0.59026583  2.78420534 -0.35242727  2.0472129
 -1.86128358 -1.35337849 -2.59735313 -2.42273945 -1.50154835 -3.02896144
  2.01617787  1.78189256  1.58153863  1.12533643  1.58819347 -2.44421015
 -2.50734939  1.78909712  1.03429762 -0.29186052 -2.47721547  1.4309869
 -1.04394401 -3.0476132  -0.04721946  1.89748952 -2.70128163 -2.36816398
  1.87610525  1.0296579  -0.62617941 -0.49631351 -0.9214061   1.96404463
  0.4726279  -0.35622585  0.40182677 -2.26661068  1.26137665 -0.15329456
  2.40234049  1.23322207  2.87809879 -1.05733463  2.10172167 -0.42990939
 -3.26842084  2.20322298  0.81146699  1.92880775 -1.28920376  1.43909615
 -2.12170364  0.20897301  0.08304918 -2.79059429 -0.90191511 -2.3930732
  0.07227545 -0.56900146]
Sat May 25 16:15:34 2024,375,0.09593801794074149,[-4.65837349  2.36664362 -1.84107011 -0.12409106  0.18673704 -2.68764926
  3.01280838  2.10572072  1.45519817 -0.92536471  0.61241418  1.09169827
  1.13211067 -1.5419737   0.77711821  2.80621772 -0.79816809 -0.6369271
 -1.75471162  0.60195594  1.67657372  2.99184792 -1.20875353 -0.31572672
 -2.42356182 -2.33802542  2.99457916  2.76323326 -0.54434533 -2.36483607
  1.48279044 -0.05852279 -2.31787213  2.09554902  1.28952683 -0.63855125
  0.84776749 -2.31882028 -0.02590518  2.1533197  -0.16393475  0.388876
  2.71396131  1.04622297  2.46284578  3.16173858  2.64141194 -2.93931127
  0.26537322 -0.81573055  1.7588898   2.8639842  -0.51094774 -2.3176338
  2.78734999 -3.21077231  0.79395509 -0.63487923 -1.74135133  2.69818945
 -1.80955832 -1.58815332 -2.30389199  2.18801129 -2.45129408  2.13558912
  2.0746599   1.5354004   2.38307392  2.8047467   1.64888423  1.20011226
 -1.51324024 -2.22926442  1.47129831  0.71195001  1.31361411 -3.01402667
 -0.37769925  2.51832179 -1.03585679  1.28752171  1.48328115  0.54456152
 -0.83301975  1.11514035  0.66823956 -0.38369136  2.80474318 -1.99307637
  1.53802342 -0.48680133  1.09035101 -2.84976632 -2.45831929  0.457732
 -1.16152297 -0.49456527  0.36530556 -0.11127835 -1.65032855 -0.04118074
 -0.8596903   2.81179898 -1.06240682 -1.38014385 -0.94883137  1.07796565
  1.8522438  -0.69615397  1.97231944 -2.1941561  -0.34727843 -0.73251897
 -2.89008955  3.1647943  -1.63194447  3.13522359 -1.26603477 -2.70848505
  3.36216982 -1.23321689 -0.77649855 -2.88407049 -2.71720045  2.54565466
 -2.13654826 -2.04710555 -0.18154144  3.1499813   0.24664776  0.21385017
 -1.25020213 -0.67764267 -1.73378373 -3.0302632   2.87034178  1.23550316
 -0.48570866 -2.18838954  1.10970455 -1.10588336 -0.49041975 -2.73953745
 -2.06517707  1.86555259 -0.87381799  2.62185689 -0.45418083 -2.6715151
 -2.82019292  2.26184047 -3.14422064 -0.44535557 -1.00234818 -0.24660287
  2.34753937  1.84023871  0.0182065  -2.5528982  -2.658925    0.24437843
 -0.76666595  1.24524052 -2.6277134   1.12503793 -0.38397407  0.42076597
  1.91902459  0.45812812  0.65075171 -1.27158015  1.79160851  2.93981319
  0.99593692  0.22179864 -1.141809    2.42279483  0.72672451 -1.909771
 -0.05037085  1.87092838  0.98665247 -1.08001505 -2.30129747  2.22238225
  2.00398252  1.92831712  2.29724105  1.91577052 -1.66122188 -3.10389912
  0.42852132  1.34476272 -2.26276016 -1.12583395  2.31183599  1.39294303
 -0.27196124 -1.84442889 -1.64823231  1.96529526  1.30724717 -1.01188665
 -0.23078487 -0.69311362 -0.30340151  2.30247035 -0.6619429  -0.93535175
  0.77589884 -2.35267845  0.59026801  2.78420753 -0.35242945  2.04721072
 -1.8612814  -1.35338068 -2.59735531 -2.42273727 -1.50155053 -3.02896363
  2.01618006  1.78189475  1.58153645  1.12533862  1.58819565 -2.44421234
 -2.50734721  1.78909494  1.03429543 -0.2918627  -2.47721329  1.43098472
 -1.0439462  -3.04761539 -0.04721728  1.89749171 -2.70128381 -2.36816617
  1.87610744  1.02966008 -0.62618159 -0.4963157  -0.92140392  1.96404682
  0.47262571 -0.35622366  0.40182896 -2.26661286  1.26137883 -0.15329674
  2.40234268  1.23321989  2.8780966  -1.05733244  2.10171949 -0.42990721
 -3.26841866  2.20322516  0.81146918  1.92880993 -1.28920157  1.43909396
 -2.12170582  0.20897083  0.083047   -2.79059647 -0.90191293 -2.39307538
  0.07227327 -0.56899928]
Sat May 25 16:15:58 2024,376,0.09593801757795868,[-4.65837563  2.36664576 -1.84106798 -0.12408892  0.1867349  -2.6876514
  3.01281052  2.10571858  1.45520031 -0.92536684  0.61241205  1.09170041
  1.13210853 -1.54197584  0.77712035  2.80621986 -0.79816595 -0.63692496
 -1.75470949  0.60195807  1.67657585  2.99185006 -1.2087514  -0.31572459
 -2.42356395 -2.33802756  2.99457702  2.7632354  -0.54434746 -2.3648382
  1.4827883  -0.05852492 -2.31787427  2.09554689  1.28952897 -0.63855338
  0.84776962 -2.31882241 -0.02590732  2.15332184 -0.16393689  0.38887387
  2.71396344  1.0462251   2.46284791  3.16173644  2.6414098  -2.93931341
  0.26537109 -0.81573269  1.75888766  2.86398634 -0.51094987 -2.31763594
  2.78734785 -3.21077017  0.79395296 -0.63487709 -1.74135346  2.69819158
 -1.80955618 -1.58815546 -2.30389412  2.18800915 -2.45129622  2.13559125
  2.07465776  1.53539826  2.38307605  2.80474457  1.6488821   1.2001144
 -1.51323811 -2.22926655  1.47130045  0.71194787  1.31361198 -3.01402881
 -0.37770138  2.51832392 -1.03585466  1.28751958  1.48328329  0.54455938
 -0.83301761  1.11514249  0.66824169 -0.38369349  2.80474105 -1.99307851
  1.53802129 -0.48680346  1.09034888 -2.84976418 -2.45831716  0.45772987
 -1.16152084 -0.49456314  0.36530342 -0.11127622 -1.65033069 -0.0411786
 -0.85968817  2.81179685 -1.06240896 -1.38014598 -0.9488335   1.07796351
  1.85224593 -0.69615184  1.97231731 -2.19415397 -0.34728057 -0.7325211
 -2.89008741  3.16479644 -1.63194234  3.13522146 -1.2660369  -2.70848718
  3.36217196 -1.23321475 -0.77650068 -2.88406835 -2.71719831  2.54565252
 -2.1365504  -2.04710768 -0.18154358  3.14998343  0.24664989  0.2138523
 -1.2502     -0.67764481 -1.7337816  -3.03026533  2.87034392  1.23550102
 -0.4857108  -2.18839167  1.10970668 -1.10588123 -0.49041762 -2.73953532
 -2.0651792   1.86555046 -0.87381585  2.62185902 -0.45418297 -2.67151724
 -2.82019078  2.26183834 -3.14422277 -0.44535343 -1.00235032 -0.24660074
  2.34753724  1.84024084  0.01820863 -2.55289607 -2.65892713  0.24438056
 -0.76666382  1.24523839 -2.62771126  1.12504006 -0.3839762   0.4207681
  1.91902673  0.45812599  0.65075384 -1.27157801  1.79160637  2.93981532
  0.99593905  0.22179651 -1.14180687  2.42279697  0.72672664 -1.90976887
 -0.05037299  1.87092624  0.98665461 -1.08001718 -2.3012996   2.22238438
  2.00398039  1.92831499  2.29723891  1.91576839 -1.66122401 -3.10389699
  0.42851919  1.34476486 -2.26275802 -1.12583609  2.31183812  1.3929409
 -0.27196338 -1.84442676 -1.64823444  1.96529312  1.30724504 -1.01188878
 -0.23078274 -0.69311148 -0.30339937  2.30246822 -0.66194077 -0.93534961
  0.7758967  -2.35267631  0.59026588  2.78420966 -0.35242732  2.04720858
 -1.86127926 -1.35338281 -2.59735745 -2.42273513 -1.5015484  -3.02896149
  2.01618219  1.78189261  1.58153431  1.12533648  1.58819352 -2.44421447
 -2.50734934  1.7890928   1.0342933  -0.29186057 -2.47721542  1.43098685
 -1.04394833 -3.04761752 -0.04721514  1.89748957 -2.70128595 -2.36816403
  1.8761053   1.02966222 -0.62617946 -0.49631356 -0.92140178  1.96404895
  0.47262785 -0.3562258   0.40182682 -2.26661073  1.2613767  -0.15329461
  2.40234054  1.23322202  2.87809447 -1.05733031  2.10172162 -0.42990507
 -3.26842079  2.2032273   0.81147131  1.9288078  -1.28919944  1.4390961
 -2.12170796  0.20897296  0.08304913 -2.79059434 -0.90191079 -2.39307325
  0.07227113 -0.56900141]
Sat May 25 16:16:40 2024,377,0.09593801722848487,[-4.65837771  2.36664784 -1.84106589 -0.12409101  0.18673282 -2.68764931
  3.0128126   2.1057165   1.45519822 -0.92536476  0.61241413  1.09170249
  1.13211062 -1.54197375  0.77711826  2.80621777 -0.79816804 -0.63692705
 -1.7547074   0.60195599  1.67657794  2.99185214 -1.20875348 -0.3157225
 -2.42356604 -2.33802964  2.99457494  2.76323331 -0.54434538 -2.36484029
  1.48278622 -0.05852701 -2.31787635  2.09554897  1.28953105 -0.6385513
  0.84776753 -2.31882033 -0.02590523  2.15331975 -0.16393897  0.38887595
  2.71396135  1.04622302  2.46284583  3.16173436  2.64141189 -2.93931132
  0.265369   -0.81573477  1.75888558  2.86398842 -0.51095196 -2.31763385
  2.78734994 -3.21076809  0.79395087 -0.63487918 -1.74135555  2.6981895
 -1.8095541  -1.58815754 -2.30389621  2.18800707 -2.45129413  2.13559334
  2.07465568  1.53539618  2.38307814  2.80474665  1.64888418  1.20011648
 -1.51324019 -2.22926864  1.47129836  0.71194996  1.31361406 -3.01402672
 -0.37769929  2.51832184 -1.03585257  1.28752166  1.4832812   0.54456147
 -0.8330197   1.1151404   0.6682396  -0.38369141  2.80473896 -1.99308059
  1.53802337 -0.48680555  1.09035096 -2.84976627 -2.45831925  0.45772778
 -1.16151875 -0.49456522  0.36530134 -0.11127413 -1.65033277 -0.04117652
 -0.85969025  2.81179893 -1.06240687 -1.3801439  -0.94883142  1.07796143
  1.85224802 -0.69615392  1.97231939 -2.19415605 -0.34727848 -0.73252319
 -2.89008533  3.16479435 -1.63194442  3.13522354 -1.26603482 -2.70848927
  3.36217404 -1.23321267 -0.7764986  -2.88407044 -2.71719623  2.54565461
 -2.13655248 -2.04710977 -0.18154566  3.14998134  0.24665198  0.21385439
 -1.25020208 -0.67764272 -1.73377951 -3.03026325  2.87034183  1.23550311
 -0.48570871 -2.18838959  1.10970877 -1.10588331 -0.4904197  -2.73953323
 -2.06518129  1.86555254 -0.87381377  2.62186111 -0.45418505 -2.67151515
 -2.82019287  2.26184042 -3.14422486 -0.44535135 -1.0023524  -0.24659865
  2.34753515  1.84024293  0.01821072 -2.55289398 -2.65892505  0.24437848
 -0.7666659   1.2452363  -2.62770918  1.12504215 -0.38397412  0.42076601
  1.91902464  0.4581239   0.65075176 -1.2715801   1.79160846  2.93981741
  0.99594114  0.22179859 -1.14180895  2.42279488  0.72672873 -1.90976678
 -0.0503709   1.87092833  0.98665252 -1.0800151  -2.30130169  2.22238647
  2.0039783   1.92831708  2.29723683  1.91577047 -1.66122193 -3.1038949
  0.4285171   1.34476277 -2.26275594 -1.125834    2.31183604  1.39293881
 -0.27196546 -1.84442884 -1.64823653  1.96529104  1.30724712 -1.0118867
 -0.23078065 -0.6931094  -0.30340146  2.30246613 -0.66193868 -0.93534753
  0.77589462 -2.3526784   0.59026379  2.78421175 -0.3524294   2.04721067
 -1.86127718 -1.3533849  -2.59735953 -2.42273305 -1.50154631 -3.02896358
  2.01618011  1.7818947   1.58153223  1.1253344   1.58819561 -2.44421656
 -2.50735143  1.78909489  1.03429121 -0.29185848 -2.47721334  1.43098894
 -1.04394625 -3.04761543 -0.04721306  1.89749166 -2.70128386 -2.36816612
  1.87610322  1.02966013 -0.62618154 -0.49631565 -0.9213997   1.96404686
  0.47262576 -0.35622371  0.40182891 -2.26661281  1.26137461 -0.1532967
  2.40234263  1.23321994  2.87809238 -1.05732822  2.10171954 -0.42990299
 -3.26841871  2.20322938  0.8114734   1.92880988 -1.28920152  1.43909818
 -2.12171004  0.20897505  0.08304704 -2.79059225 -0.90190871 -2.39307116
  0.07226905 -0.5690035 ]
Sat May 25 16:17:03 2024,378,0.0959380168917752,[-4.65837975  2.3666458  -1.84106793 -0.12408897  0.18673078 -2.68764727
  3.01281464  2.10571446  1.45520026 -0.92536679  0.61241209  1.09170045
  1.13210858 -1.54197171  0.7771203   2.80621981 -0.798166   -0.63692909
 -1.75470944  0.60195802  1.6765759   2.9918501  -1.20875145 -0.31572047
 -2.42356808 -2.33803168  2.99457698  2.76323127 -0.54434334 -2.36483825
  1.48278825 -0.05852497 -2.31787839  2.09554693  1.28952901 -0.63854926
  0.8477655  -2.31882236 -0.02590319  2.15331771 -0.16393694  0.38887392
  2.71396339  1.04622098  2.46284786  3.16173232  2.64140985 -2.93930928
  0.26537104 -0.81573273  1.75888761  2.86399046 -0.510954   -2.31763181
  2.7873479  -3.21076605  0.79394883 -0.63487714 -1.74135351  2.69818746
 -1.80955206 -1.5881555  -2.30389824  2.1880091  -2.45129617  2.13559537
  2.07465364  1.53539414  2.38308018  2.80474869  1.64888215  1.20011445
 -1.51323815 -2.22927068  1.47129632  0.71194792  1.31361203 -3.01402468
 -0.37769726  2.5183198  -1.03585461  1.2875237   1.48328324  0.54455943
 -0.83302173  1.11513836  0.66823757 -0.38369345  2.804741   -1.99308263
  1.53802541 -0.48680758  1.09034892 -2.84976423 -2.45832128  0.45772982
 -1.16151671 -0.49456726  0.36530338 -0.11127209 -1.65033074 -0.04117855
 -0.85968821  2.81180097 -1.06240891 -1.38014594 -0.94883345  1.07795939
  1.85224598 -0.69615189  1.97231736 -2.19415809 -0.34728052 -0.73252115
 -2.89008737  3.16479639 -1.63194646  3.13522558 -1.26603686 -2.70848723
  3.36217201 -1.23321063 -0.77649656 -2.8840684  -2.71719827  2.54565257
 -2.13655452 -2.04710773 -0.1815477   3.14997931  0.24664994  0.21385642
 -1.25020412 -0.67764068 -1.73377748 -3.03026121  2.8703398   1.23550107
 -0.48570668 -2.18839163  1.10970673 -1.10588535 -0.49042174 -2.73953527
 -2.06518333  1.86555458 -0.87381173  2.62185907 -0.45418301 -2.67151719
 -2.82019083  2.26183839 -3.14422282 -0.44535338 -1.00235444 -0.24660069
  2.34753312  1.84024089  0.01820868 -2.55289602 -2.65892301  0.24437644
 -0.76666386  1.24523834 -2.62771122  1.12504419 -0.38397616  0.42076805
  1.91902668  0.45812187  0.65074972 -1.27158214  1.7916105   2.93981537
  0.99594317  0.22180063 -1.14181099  2.42279284  0.72672669 -1.90976882
 -0.05037294  1.87093037  0.98665456 -1.08001713 -2.30130372  2.22238443
  2.00397627  1.92831504  2.29723479  1.91577251 -1.66121989 -3.10389286
  0.42851914  1.34476481 -2.26275798 -1.12583604  2.31183807  1.39294085
 -0.27196343 -1.84442681 -1.64823857  1.96529308  1.30724509 -1.01188466
 -0.23077862 -0.69310736 -0.30339942  2.30246817 -0.66193664 -0.93534956
  0.77589665 -2.35268044  0.59026583  2.78421378 -0.35243144  2.04720863
 -1.86127514 -1.35338286 -2.5973575  -2.42273508 -1.50154835 -3.02896154
  2.01618214  1.78189674  1.58153019  1.12533236  1.58819357 -2.4442186
 -2.50734939  1.78909285  1.03428917 -0.29185645 -2.47721538  1.43099097
 -1.04394829 -3.04761747 -0.04721102  1.8974937  -2.70128183 -2.36816815
  1.87610526  1.02966217 -0.62617951 -0.49631361 -0.92139766  1.9640489
  0.4726278  -0.35622575  0.40182687 -2.26661485  1.26137258 -0.15329873
  2.40234467  1.2332179   2.87809442 -1.05733026  2.10172158 -0.42990095
 -3.26842074  2.20322734  0.81147136  1.92881192 -1.28919948  1.43910022
 -2.12170801  0.20897301  0.08304501 -2.79059021 -0.90191074 -2.3930732
  0.07227109 -0.56900146]
Sat May 25 16:18:05 2024,379,0.09593801656730945,[-4.65838174  2.36664779 -1.84106594 -0.12408698  0.18673277 -2.68764926
  3.01281663  2.10571247  1.45519827 -0.92536878  0.6124101   1.09170245
  1.13211057 -1.54196972  0.77712229  2.8062218  -0.79816401 -0.63693108
 -1.75471143  0.60195603  1.67657789  2.99185209 -1.20875344 -0.31571848
 -2.42356608 -2.33802969  2.99457498  2.76323326 -0.54434533 -2.36483626
  1.48279025 -0.05852298 -2.3178764   2.09554892  1.28952702 -0.63854727
  0.84776749 -2.31882037 -0.0259012   2.1533197  -0.16393893  0.38887591
  2.7139614   1.04621899  2.46284986  3.16173033  2.64141184 -2.93930729
  0.26536905 -0.81573473  1.75888562  2.86399245 -0.510952   -2.3176338
  2.78734591 -3.21076406  0.79395082 -0.63487913 -1.74135152  2.69818945
 -1.80955007 -1.58815749 -2.30390023  2.18800711 -2.45129418  2.13559737
  2.07465563  1.53539613  2.38307819  2.80475068  1.64888016  1.20011644
 -1.51323616 -2.22927267  1.47129832  0.71194991  1.31361402 -3.01402269
 -0.37769925  2.51832179 -1.0358566   1.28752171  1.48328125  0.54455744
 -0.83302373  1.11513637  0.66823956 -0.38369145  2.80473901 -1.99308064
  1.5380274  -0.48680559  1.09035091 -2.84976622 -2.45831929  0.45772783
 -1.1615187  -0.49456527  0.36530139 -0.1112701  -1.65032875 -0.04118054
 -0.85968622  2.81180296 -1.06240692 -1.38014395 -0.94883146  1.0779574
  1.85224797 -0.69615388  1.97231537 -2.19416008 -0.34727853 -0.73252314
 -2.89008936  3.1647944  -1.63194447  3.13522359 -1.26603885 -2.70848524
  3.362174   -1.23321262 -0.77649855 -2.88407039 -2.71719627  2.54565058
 -2.13655253 -2.04710972 -0.18154969  3.14997732  0.24664795  0.21385842
 -1.25020611 -0.67764267 -1.73377549 -3.0302632   2.87034179  1.23549908
 -0.48570867 -2.18839362  1.10970872 -1.10588336 -0.49042373 -2.73953726
 -2.06518133  1.86555259 -0.87380974  2.62186106 -0.45418102 -2.67151918
 -2.82018884  2.26183639 -3.14422083 -0.44535537 -1.00235245 -0.24660268
  2.34753511  1.84024288  0.01821067 -2.55289403 -2.65892102  0.24437445
 -0.76666586  1.24524033 -2.62771321  1.1250422  -0.38397417  0.42076606
  1.91902469  0.45811988  0.65075171 -1.27158015  1.7916085   2.93981338
  0.99594118  0.22180262 -1.141809    2.42279483  0.7267247  -1.90977081
 -0.05037095  1.87093236  0.98665655 -1.08001912 -2.30130571  2.22238244
  2.00397428  1.92831305  2.2972328   1.9157745  -1.6612179  -3.10389087
  0.42852113  1.3447668  -2.26275599 -1.12583803  2.31183608  1.39294284
 -0.27196143 -1.8444288  -1.64824056  1.96529507  1.30724708 -1.01188267
 -0.23077662 -0.69310935 -0.30339743  2.30247016 -0.66193863 -0.93535156
  0.77589466 -2.35268243  0.59026384  2.78421578 -0.35243343  2.04720664
 -1.86127315 -1.35338485 -2.59735551 -2.42273708 -1.50155034 -3.02896353
  2.01618413  1.78189474  1.5815282   1.12533435  1.58819556 -2.44422059
 -2.50735138  1.78909086  1.03428718 -0.29185844 -2.47721338  1.43099297
 -1.0439463  -3.04761946 -0.04721301  1.89749171 -2.70128382 -2.36816616
  1.87610327  1.02966416 -0.62617752 -0.49631162 -0.92139567  1.96405089
  0.47262979 -0.35622774  0.40182488 -2.26661286  1.26137457 -0.15329674
  2.40234666  1.23321989  2.87809641 -1.05732827  2.10171958 -0.42989896
 -3.26842274  2.20322934  0.81147335  1.92880993 -1.28919749  1.43910221
 -2.12171     0.208975    0.08304302 -2.7905922  -0.90190875 -2.39307121
  0.07227308 -0.56899947]
Sat May 25 16:18:36 2024,380,0.09593801625459115,[-4.65838369  2.36664974 -1.84106788 -0.12408892  0.18673472 -2.68765121
  3.01281858  2.10571442  1.45519632 -0.92537073  0.61240816  1.0917005
  1.13210862 -1.54196778  0.77712034  2.80621986 -0.79816206 -0.63693302
 -1.75471338  0.60195409  1.67657984  2.99185015 -1.20875149 -0.31572042
 -2.42356803 -2.33802775  2.99457304  2.76323521 -0.54434728 -2.36483821
  1.4827883  -0.05852492 -2.31787834  2.09555087  1.28952508 -0.63854532
  0.84776554 -2.31881843 -0.02590315  2.15331776 -0.16393698  0.38887396
  2.71395946  1.04621704  2.46284791  3.16173227  2.64141379 -2.93930924
  0.265371   -0.81573278  1.75888368  2.8639905  -0.51095395 -2.31763575
  2.78734785 -3.210766    0.79395277 -0.63487719 -1.74135347  2.6981914
 -1.80955201 -1.58815555 -2.30390218  2.18800517 -2.45129223  2.13559542
  2.07465369  1.53539418  2.38308013  2.80474874  1.64887821  1.20011838
 -1.51323811 -2.22927461  1.47129637  0.71194796  1.31361207 -3.01402464
 -0.37770119  2.51831984 -1.03585854  1.28751976  1.4832793   0.54455939
 -0.83302178  1.11513832  0.6682415  -0.38368951  2.80474095 -1.9930787
  1.53802935 -0.48680365  1.09034897 -2.84976428 -2.45831735  0.45772977
 -1.16151676 -0.49456722  0.36530333 -0.11127205 -1.6503268  -0.0411786
 -0.85968817  2.81180101 -1.06240497 -1.38014589 -0.94883341  1.07795545
  1.85224992 -0.69615582  1.97231731 -2.19416203 -0.34727658 -0.73252509
 -2.8900913   3.16479634 -1.63194642  3.13522164 -1.2660369  -2.70848718
  3.36217205 -1.23321068 -0.7764966  -2.88407234 -2.71719822  2.54564863
 -2.13655059 -2.04711166 -0.18154775  3.14997537  0.24664989  0.21385647
 -1.25020806 -0.67764462 -1.73377743 -3.03026126  2.87033984  1.23549713
 -0.48570672 -2.18839556  1.10971067 -1.10588142 -0.49042568 -2.7395392
 -2.06518328  1.86555453 -0.87381169  2.62186301 -0.45417908 -2.67152113
 -2.82019079  2.26183445 -3.14422277 -0.44535732 -1.0023505  -0.24660074
  2.34753316  1.84024094  0.01821261 -2.55289208 -2.65892297  0.2443725
 -0.76666391  1.24523838 -2.62771126  1.12504414 -0.38397611  0.42076412
  1.91902663  0.45812182  0.65075366 -1.27158209  1.79160656  2.93981532
  0.99593924  0.22180067 -1.14180705  2.42279289  0.72672664 -1.90977276
 -0.0503729   1.87093041  0.9866546  -1.08001718 -2.30130766  2.22238438
  2.00397233  1.9283111   2.29723474  1.91577256 -1.66121984 -3.10389282
  0.42851919  1.34476874 -2.26275793 -1.12583608  2.31183803  1.39294089
 -0.27196338 -1.84442685 -1.6482425   1.96529312  1.30724902 -1.01188072
 -0.23077468 -0.6931074  -0.30339548  2.30246822 -0.66193669 -0.9353535
  0.77589661 -2.35268437  0.59026578  2.78421772 -0.35243149  2.04720859
 -1.86127509 -1.35338291 -2.59735745 -2.42273513 -1.50155229 -3.02896159
  2.01618608  1.78189669  1.58152625  1.1253363   1.58819361 -2.44421864
 -2.50734944  1.7890928   1.03428524 -0.29186038 -2.47721144  1.43099102
 -1.04394435 -3.04762141 -0.04721106  1.89748976 -2.70128576 -2.36816422
  1.87610521  1.02966221 -0.62617557 -0.49630967 -0.92139372  1.96405284
  0.47263173 -0.35622968  0.40182683 -2.26661091  1.26137651 -0.15329869
  2.4023486   1.23321795  2.87809836 -1.05733022  2.10172153 -0.4299009
 -3.26842079  2.20323128  0.8114714   1.92881188 -1.28919555  1.43910416
 -2.12171194  0.20897695  0.08304107 -2.79059026 -0.90190681 -2.39306926
  0.07227502 -0.56899753]
Sat May 25 16:19:04 2024,381,0.09593801595314486,[-4.65838559  2.36664784 -1.84106598 -0.12409082  0.18673282 -2.68765311
  3.01282048  2.10571252  1.45519822 -0.92536883  0.61240626  1.0917024
  1.13211053 -1.54196968  0.77711844  2.80621796 -0.79816016 -0.63693112
 -1.75471147  0.60195599  1.67657794  2.99185205 -1.20875339 -0.31572232
 -2.42356613 -2.33802965  2.99457114  2.76323331 -0.54434918 -2.36484011
  1.4827902  -0.05852302 -2.31787644  2.09554897  1.28952698 -0.63854342
  0.84776744 -2.31881653 -0.02590125  2.15331966 -0.16393888  0.38887206
  2.71395755  1.04621894  2.46284601  3.16173417  2.64141569 -2.93931114
  0.2653729  -0.81573088  1.75888558  2.86399241 -0.51095205 -2.31763385
  2.78734975 -3.2107679   0.79395467 -0.63487909 -1.74135157  2.6981933
 -1.80955011 -1.58815365 -2.30390408  2.18800327 -2.45129033  2.13559732
  2.07465178  1.53539228  2.38307823  2.80474683  1.64888011  1.20012028
 -1.51323621 -2.22927651  1.47129827  0.71194987  1.31361017 -3.01402274
 -0.37770309  2.51832175 -1.03586045  1.28751786  1.4832812   0.54456129
 -0.83302368  1.11514022  0.6682434  -0.38369141  2.80473905 -1.9930806
  1.53803125 -0.48680175  1.09034707 -2.84976618 -2.45831545  0.45773167
 -1.16151486 -0.49456912  0.36530523 -0.11127015 -1.6503249  -0.0411767
 -0.85969007  2.81179911 -1.06240688 -1.38014779 -0.94883531  1.07795355
  1.85224802 -0.69615772  1.97231921 -2.19416393 -0.34727848 -0.73252319
 -2.8900894   3.16479824 -1.63194452  3.13521974 -1.2660388  -2.70848908
  3.36217015 -1.23320877 -0.7764947  -2.88407043 -2.71720012  2.54565053
 -2.13655249 -2.04711357 -0.18154965  3.14997727  0.24664799  0.21385457
 -1.25020616 -0.67764652 -1.73377553 -3.03025935  2.87033794  1.23549903
 -0.48570862 -2.18839366  1.10970877 -1.10587951 -0.49042758 -2.73954111
 -2.06518518  1.86555644 -0.87380978  2.62186111 -0.45418098 -2.67151922
 -2.82019269  2.26183255 -3.14422467 -0.44535542 -1.0023486  -0.24660264
  2.34753506  1.84023904  0.01821452 -2.55289018 -2.65892106  0.2443706
 -0.76666581  1.24523648 -2.62770936  1.12504224 -0.38397801  0.42076602
  1.91902473  0.45812372  0.65075176 -1.27158019  1.79160846  2.93981723
  0.99593734  0.22179877 -1.14180515  2.42279479  0.72672854 -1.90977086
 -0.0503748   1.87093231  0.9866527  -1.08001908 -2.30130956  2.22238248
  2.00397423  1.928313    2.29723665  1.91577066 -1.66122174 -3.10389092
  0.42851729  1.34476684 -2.26275983 -1.12583418  2.31183613  1.39293899
 -0.27196148 -1.84442495 -1.6482444   1.96529122  1.30724712 -1.01187882
 -0.23077278 -0.6931093  -0.30339738  2.30246631 -0.66193479 -0.9353516
  0.77589851 -2.35268247  0.59026769  2.78421962 -0.35243339  2.04720669
 -1.86127319 -1.35338101 -2.59735935 -2.42273703 -1.50155038 -3.02895969
  2.01618798  1.78189859  1.58152815  1.1253344   1.58819551 -2.44422054
 -2.50735134  1.7890909   1.03428714 -0.29185848 -2.47721334  1.43099292
 -1.04394245 -3.04761951 -0.04720916  1.89749166 -2.70128766 -2.36816612
  1.87610711  1.02966031 -0.62617747 -0.49631158 -0.92139562  1.96405094
  0.47262983 -0.35622778  0.40182493 -2.26660901  1.26137461 -0.15330059
  2.4023505   1.23321605  2.87809646 -1.05733212  2.10171963 -0.42990281
 -3.26842269  2.20322938  0.81147331  1.92881378 -1.28919365  1.43910226
 -2.12171384  0.20897505  0.08304297 -2.79059216 -0.90190491 -2.39306736
  0.07227312 -0.56899943]
Sat May 25 16:19:27 2024,382,0.0959380156625162,[-4.65838745  2.3666497  -1.84106413 -0.12409268  0.18673467 -2.68765497
  3.01282233  2.10571066  1.45520008 -0.92536697  0.6124044   1.09170426
  1.13210867 -1.54196782  0.7771203   2.80621981 -0.79815831 -0.63693298
 -1.75470962  0.60195413  1.67657608  2.99185019 -1.20875525 -0.31572046
 -2.42356799 -2.3380315   2.994573    2.76323517 -0.54434732 -2.36483825
  1.48279206 -0.05852116 -2.31787458  2.09555083  1.28952512 -0.63854528
  0.8477693  -2.31881467 -0.0259031   2.1533178  -0.16393703  0.38887392
  2.71395941  1.0462208   2.46284787  3.16173603  2.64141383 -2.939313
  0.26537476 -0.81573274  1.75888744  2.86399426 -0.51095391 -2.31763199
  2.78735161 -3.21076976  0.79395281 -0.63488095 -1.74135342  2.69819515
 -1.80954825 -1.58815551 -2.30390594  2.18800141 -2.45129219  2.13559918
  2.07465364  1.53539414  2.38308009  2.80474498  1.64887825  1.20011843
 -1.51323807 -2.22927466  1.47130013  0.71194801  1.31360831 -3.01402088
 -0.37770495  2.5183236  -1.03585859  1.28751972  1.48328306  0.54456315
 -0.83302554  1.11514208  0.66824155 -0.38369327  2.80474091 -1.99308245
  1.5380331  -0.4868036   1.09034521 -2.84976432 -2.45831359  0.45772982
 -1.161513   -0.49456726  0.36530709 -0.111272   -1.65032304 -0.04117856
 -0.85968821  2.81180097 -1.06240502 -1.38014965 -0.94883717  1.07795541
  1.85224988 -0.69615958  1.97232107 -2.19416579 -0.34728034 -0.73252133
 -2.89008754  3.1648001  -1.63194637  3.1352216  -1.26604066 -2.70849094
  3.36217201 -1.23321063 -0.77649285 -2.88406858 -2.71719826  2.54564868
 -2.13655063 -2.04711542 -0.18154779  3.14997913  0.24664985  0.21385271
 -1.2502043  -0.67764466 -1.73377739 -3.03026121  2.87033608  1.23550089
 -0.48571048 -2.18839552  1.10971062 -1.10587766 -0.49042572 -2.73954296
 -2.06518332  1.86555458 -0.87381164  2.62186296 -0.45418284 -2.67152108
 -2.82019455  2.26183069 -3.14422653 -0.44535728 -1.00234674 -0.24660078
  2.34753692  1.84023718  0.01821266 -2.55288832 -2.65892292  0.24437246
 -0.76666767  1.24523834 -2.6277075   1.12504038 -0.38397615  0.42076787
  1.91902287  0.45812558  0.65075361 -1.27157833  1.79161032  2.93981908
  0.99593548  0.22179692 -1.14180701  2.42279293  0.7267304  -1.909769
 -0.05037294  1.87093417  0.98665084 -1.08002094 -2.30131142  2.22238062
  2.00397609  1.92831486  2.2972385   1.91577251 -1.66121989 -3.10389277
  0.42851543  1.3447687  -2.26275797 -1.12583604  2.31183798  1.39293713
 -0.27195962 -1.84442681 -1.64824626  1.96528936  1.30724898 -1.01188068
 -0.23077092 -0.69310745 -0.30339924  2.30246817 -0.66193293 -0.93534974
  0.77590037 -2.35268433  0.59026583  2.78422148 -0.35243525  2.04720483
 -1.86127133 -1.35337915 -2.59736121 -2.42273889 -1.50154853 -3.02896154
  2.01618984  1.78190045  1.58153001  1.12533625  1.58819366 -2.44421869
 -2.5073532   1.78909276  1.034289   -0.29186034 -2.47721148  1.43099478
 -1.04394431 -3.04761765 -0.0472073   1.89749352 -2.70128581 -2.36816426
  1.87610897  1.02966217 -0.62617561 -0.49631343 -0.92139377  1.9640528
  0.47263169 -0.35622593  0.40182678 -2.26660715  1.26137275 -0.15330245
  2.40234865  1.23321419  2.8780946  -1.05733026  2.10171777 -0.42990095
 -3.26842083  2.20322752  0.81147145  1.92881564 -1.28919179  1.4391004
 -2.1217157   0.20897691  0.08304483 -2.7905903  -0.90190676 -2.39306922
  0.07227498 -0.56899757]
Sat May 25 16:19:51 2024,383,0.09593801538226994,[-4.65838926  2.36665151 -1.84106594 -0.1240945   0.18673286 -2.68765678
  3.01282415  2.10570884  1.45519827 -0.92536516  0.61240258  1.09170607
  1.13211048 -1.541966    0.77711849  2.806218   -0.79816012 -0.63693116
 -1.7547078   0.60195595  1.67657426  2.99184838 -1.20875707 -0.31571865
 -2.4235698  -2.33803332  2.99457481  2.76323335 -0.5443455  -2.36484007
  1.48279024 -0.05851935 -2.31787277  2.09554901  1.28952331 -0.63854347
  0.84777112 -2.31881285 -0.02590129  2.15331962 -0.16393884  0.3888721
  2.7139576   1.04621898  2.46284605  3.16173785  2.64141565 -2.93931118
  0.26537294 -0.81573092  1.75888562  2.86399245 -0.51095209 -2.31763381
  2.7873498  -3.21077158  0.79395463 -0.63488276 -1.74135524  2.69819697
 -1.80954644 -1.58815369 -2.30390775  2.18800322 -2.451294    2.13560099
  2.07465546  1.53539596  2.3830819   2.80474679  1.64887644  1.20012024
 -1.51323988 -2.22927284  1.47129831  0.71194982  1.3136065  -3.01402269
 -0.37770314  2.51832542 -1.03585677  1.2875179   1.48328125  0.54456133
 -0.83302735  1.11514389  0.66823973 -0.38369508  2.80473909 -1.99308064
  1.53803129 -0.48680542  1.09034703 -2.84976251 -2.4583154   0.45773163
 -1.16151118 -0.49456907  0.36530891 -0.11127382 -1.65032486 -0.04118037
 -0.85969003  2.81179916 -1.0624032  -1.38015147 -0.94883898  1.07795723
  1.85224806 -0.6961614   1.97231925 -2.1941676  -0.34728216 -0.73251951
 -2.89008936  3.16479829 -1.63194819  3.13522341 -1.26603884 -2.70848913
  3.36217382 -1.23320882 -0.77649466 -2.88407039 -2.71719645  2.54564686
 -2.13654881 -2.04711361 -0.18154597  3.14997731  0.24664803  0.2138509
 -1.25020612 -0.67764285 -1.7337792  -3.03026303  2.8703379   1.23550271
 -0.48570866 -2.18839734  1.10970881 -1.10587584 -0.4904239  -2.73954115
 -2.06518151  1.86555276 -0.87381346  2.62186478 -0.45418102 -2.67151927
 -2.82019636  2.26183251 -3.14422472 -0.44535546 -1.00234856 -0.24660259
  2.3475351   1.84023899  0.01821447 -2.55288651 -2.65892474  0.24437428
 -0.76666948  1.24524016 -2.62770932  1.12503857 -0.38397797  0.42076606
  1.91902106  0.4581274   0.6507518  -1.27158015  1.79161213  2.9398209
  0.99593366  0.2217951  -1.14180882  2.42279112  0.72673222 -1.90977081
 -0.05037112  1.87093599  0.98664903 -1.08002275 -2.3013096   2.22238244
  2.0039779   1.92831668  2.29723669  1.91577433 -1.66121807 -3.10389459
  0.42851361  1.34476689 -2.26275616 -1.12583422  2.3118398   1.39293532
 -0.27195781 -1.84442499 -1.64824808  1.96528755  1.30724716 -1.01187886
 -0.2307691  -0.69310563 -0.30339743  2.30246636 -0.66193475 -0.93535156
  0.77589855 -2.35268614  0.59026401  2.78421966 -0.35243343  2.04720664
 -1.86126952 -1.35337733 -2.59735939 -2.42273707 -1.50155034 -3.02896336
  2.01619165  1.78190226  1.5815282   1.12533444  1.58819184 -2.4442205
 -2.50735138  1.78909094  1.03428718 -0.29186215 -2.47720967  1.43099659
 -1.04394612 -3.04761583 -0.04720912  1.89749534 -2.70128399 -2.36816608
  1.87610715  1.02966035 -0.62617743 -0.49631525 -0.92139558  1.96405461
  0.47262988 -0.35622411  0.40182497 -2.26660897  1.26137094 -0.15330063
  2.40235046  1.233216    2.87809278 -1.05732844  2.10171959 -0.42989913
 -3.26841902  2.20322934  0.81147326  1.92881382 -1.28918997  1.43909858
 -2.12171389  0.20897509  0.08304664 -2.79059212 -0.90190495 -2.39307103
  0.07227316 -0.56899575]
Sat May 25 16:20:39 2024,384,0.09593801511199078,[-4.65839104  2.36664974 -1.84106417 -0.12409627  0.18673463 -2.68765856
  3.01282592  2.10570707  1.45520004 -0.92536693  0.61240436  1.09170785
  1.13210871 -1.54196778  0.77711671  2.80621622 -0.79815835 -0.63692939
 -1.75470958  0.60195772  1.67657249  2.9918466  -1.20875884 -0.31571687
 -2.42357158 -2.33803155  2.99457304  2.76323513 -0.54434373 -2.36483829
  1.48279202 -0.05852112 -2.317871    2.09554724  1.28952508 -0.63854169
  0.84777289 -2.31881463 -0.02589952  2.15331784 -0.16393707  0.38887033
  2.71395582  1.04622076  2.46284428  3.16173962  2.64141742 -2.93930941
  0.26537117 -0.81572915  1.75888385  2.86399422 -0.51095387 -2.31763558
  2.78735157 -3.21077335  0.79395285 -0.63488454 -1.74135701  2.6981952
 -1.80954821 -1.58815192 -2.30390598  2.18800145 -2.45129578  2.13559922
  2.07465368  1.53539773  2.38308013  2.80474502  1.64887466  1.20012202
 -1.51323811 -2.22927462  1.47129654  0.7119516   1.31360827 -3.01402092
 -0.37770136  2.51832719 -1.035855    1.28751613  1.48328302  0.5445631
 -0.83302558  1.11514212  0.66824151 -0.38369331  2.80474087 -1.99307886
  1.53803306 -0.48680364  1.09034525 -2.84976073 -2.45831363  0.45772986
 -1.16150941 -0.4945673   0.36530713 -0.11127559 -1.65032663 -0.04118215
 -0.85968825  2.81180093 -1.06240498 -1.38014969 -0.94884076  1.077959
  1.85224983 -0.69615962  1.97232103 -2.19416938 -0.34728038 -0.73251774
 -2.89009113  3.16479651 -1.63194641  3.13522519 -1.26603707 -2.70848735
  3.36217205 -1.23321059 -0.77649289 -2.88407217 -2.71719467  2.54564509
 -2.13654704 -2.04711538 -0.18154775  3.14997909  0.24664981  0.21385267
 -1.25020434 -0.67764107 -1.73377743 -3.03026125  2.87033612  1.23550093
 -0.48571044 -2.18839556  1.10971058 -1.10587762 -0.49042213 -2.73954292
 -2.06517973  1.86555454 -0.87381523  2.62186655 -0.45418279 -2.67151749
 -2.82019459  2.26183073 -3.14422294 -0.44535369 -1.00234678 -0.24660082
  2.34753688  1.84023722  0.0182127  -2.55288473 -2.65892296  0.2443725
 -0.76666771  1.24524193 -2.62771109  1.12504034 -0.38397974  0.42076429
  1.91901928  0.45812562  0.65075002 -1.27158192  1.79161036  2.93982267
  0.99593544  0.22179687 -1.1418106   2.42279289  0.72673044 -1.90977259
 -0.05036935  1.87093776  0.98664725 -1.08002453 -2.30130783  2.22238067
  2.00397968  1.9283149   2.29723491  1.91577256 -1.66121985 -3.10389636
  0.42851539  1.34476511 -2.26275438 -1.125836    2.31184157  1.39293709
 -0.27195603 -1.84442322 -1.64824985  1.96528932  1.30724894 -1.01188064
 -0.23076733 -0.69310386 -0.3033992   2.30246458 -0.66193652 -0.93535333
  0.77590033 -2.35268437  0.59026224  2.78421789 -0.35243166  2.04720842
 -1.86126774 -1.35337556 -2.59735762 -2.4227353  -1.50155212 -3.02896513
  2.01618988  1.78190404  1.58152997  1.12533621  1.58819362 -2.44422227
 -2.50735315  1.78908917  1.03428541 -0.29186393 -2.47721144  1.43099837
 -1.0439479  -3.04761406 -0.04721089  1.89749356 -2.70128576 -2.36816785
  1.87610893  1.02966213 -0.62617565 -0.49631347 -0.92139736  1.96405639
  0.47263165 -0.35622588  0.40182674 -2.26661074  1.26136916 -0.15330241
  2.40234869  1.23321778  2.87809456 -1.05733022  2.10171781 -0.42990091
 -3.26842079  2.20323111  0.81147504  1.92881205 -1.28919175  1.43910036
 -2.12171566  0.20897332  0.08304487 -2.79059034 -0.90190317 -2.39306926
  0.07227494 -0.56899398]
Sat May 25 16:21:09 2024,385,0.09593801485128053,[-4.65839277  2.36665147 -1.8410659  -0.12409801  0.1867329  -2.68765682
  3.01282419  2.1057088   1.45519831 -0.9253652   0.61240262  1.09170958
  1.13211044 -1.54196604  0.77711498  2.80621796 -0.79815661 -0.63692766
 -1.75471131  0.60195599  1.67657075  2.99184487 -1.20875711 -0.31571861
 -2.42356984 -2.33802981  2.99457477  2.76323339 -0.544342   -2.36483656
  1.48279028 -0.05851939 -2.31787273  2.0955455   1.28952335 -0.63853996
  0.84777116 -2.31881289 -0.02589778  2.15331958 -0.1639388   0.38887206
  2.71395756  1.04621902  2.46284254  3.16173789  2.64141569 -2.93931114
  0.26536943 -0.81572741  1.75888558  2.86399249 -0.5109556  -2.31763731
  2.78734984 -3.21077508  0.79395112 -0.6348828  -1.74135875  2.69819693
 -1.80954995 -1.58815018 -2.30390425  2.18800318 -2.45129404  2.13560095
  2.07465542  1.53539946  2.38308186  2.80474675  1.64887293  1.20012028
 -1.51323984 -2.22927635  1.47129827  0.71194986  1.31360654 -3.01402265
 -0.37769963  2.51832546 -1.03585326  1.28751439  1.48328475  0.54456137
 -0.83302731  1.11514038  0.66823977 -0.38369157  2.80473913 -1.99307713
  1.5380348  -0.48680191  1.09034699 -2.849759   -2.45831536  0.45772812
 -1.16151114 -0.49456903  0.36530886 -0.11127386 -1.65032837 -0.04118041
 -0.85968999  2.8117992  -1.06240324 -1.38014796 -0.94883902  1.07796073
  1.8522481  -0.69615789  1.97231929 -2.19416764 -0.34728211 -0.73251601
 -2.89009287  3.16479478 -1.63194815  3.13522345 -1.26603534 -2.70848562
  3.36217378 -1.23320886 -0.77649462 -2.88407043 -2.71719641  2.54564682
 -2.13654531 -2.04711712 -0.18154601  3.14998082  0.24665154  0.21385094
 -1.25020608 -0.67764281 -1.73377569 -3.03025952  2.87033439  1.23550267
 -0.48571217 -2.18839383  1.10971232 -1.10587588 -0.49042039 -2.73954119
 -2.06518147  1.8655528  -0.87381697  2.62186482 -0.45418453 -2.67151576
 -2.82019632  2.261829   -3.14422468 -0.44535542 -1.00234505 -0.24660255
  2.34753861  1.84023895  0.01821096 -2.552883   -2.65892123  0.24437077
 -0.76666598  1.24524366 -2.62770936  1.12504208 -0.38398148  0.42076255
  1.91902102  0.45812389  0.65075176 -1.27158366  1.79161209  2.93982094
  0.99593717  0.22179861 -1.14180886  2.42279462  0.72673218 -1.90977432
 -0.05037108  1.87093949  0.98664899 -1.08002279 -2.30130956  2.22237893
  2.00397795  1.92831663  2.29723665  1.91577429 -1.66122158 -3.1038981
  0.42851712  1.34476685 -2.26275265 -1.12583426  2.31183984  1.39293536
 -0.2719543  -1.84442495 -1.64824812  1.96528759  1.30725067 -1.0118789
 -0.23076906 -0.69310559 -0.30339747  2.30246632 -0.66193479 -0.9353516
  0.77590206 -2.3526861   0.5902605   2.78421616 -0.35243339  2.04721015
 -1.86126601 -1.35337382 -2.59735935 -2.42273703 -1.50155038 -3.0289634
  2.01619161  1.7819023   1.58152824  1.12533795  1.58819535 -2.44422401
 -2.50735489  1.78908744  1.03428367 -0.29186566 -2.47720971  1.43099663
 -1.04394616 -3.04761579 -0.04721263  1.8974953  -2.70128403 -2.36816612
  1.87610719  1.02966386 -0.62617739 -0.49631174 -0.92139909  1.96405465
  0.47262992 -0.35622415  0.40182501 -2.26661248  1.2613709  -0.15330067
  2.40234695  1.23321604  2.87809629 -1.05732848  2.10171955 -0.42989917
 -3.26841906  2.20322938  0.8114733   1.92881031 -1.28919001  1.43910209
 -2.1217174   0.20897505  0.08304314 -2.79059208 -0.90190491 -2.39307099
  0.07227667 -0.56899225]
Sat May 25 16:21:49 2024,386,0.09593801459975956,[-4.65839446  2.36665317 -1.84106421 -0.1240997   0.18673459 -2.68765852
  3.01282588  2.1057105   1.45519661 -0.9253635   0.61240093  1.09171128
  1.13210875 -1.54196774  0.77711667  2.80621965 -0.79815492 -0.63692596
 -1.75470961  0.60195429  1.67657245  2.99184656 -1.20875541 -0.31571691
 -2.42357154 -2.33803151  2.99457647  2.7632317  -0.54434369 -2.36483486
  1.48279198 -0.05852108 -2.31787103  2.09554381  1.28952165 -0.63854165
  0.84776946 -2.3188112  -0.02589609  2.15332127 -0.1639405   0.38887037
  2.71395586  1.04621733  2.46284085  3.16173958  2.64141738 -2.93931283
  0.26537113 -0.81572911  1.75888388  2.86399418 -0.51095391 -2.31763901
  2.78735153 -3.21077339  0.79394943 -0.63488111 -1.74135705  2.69819524
 -1.80955164 -1.58815188 -2.30390255  2.18800149 -2.45129574  2.13560265
  2.07465372  1.53540116  2.38308356  2.80474506  1.64887462  1.20012198
 -1.51323815 -2.22927804  1.47129997  0.71195156  1.31360823 -3.01402096
 -0.37769793  2.51832376 -1.03585496  1.2875127   1.48328645  0.54456307
 -0.83302562  1.11514208  0.66824147 -0.38368988  2.80473744 -1.99307544
  1.5380331  -0.4868036   1.09034529 -2.84976069 -2.45831706  0.45772982
 -1.16151284 -0.49456734  0.36531056 -0.11127216 -1.65033006 -0.04117872
 -0.85969168  2.81180089 -1.06240155 -1.38014626 -0.94884072  1.07796243
  1.85224979 -0.69615619  1.9723176  -2.19416934 -0.34728042 -0.7325177
 -2.89009117  3.16479647 -1.63194645  3.13522515 -1.26603364 -2.70848392
  3.36217209 -1.23321055 -0.77649631 -2.88407213 -2.7171981   2.54564513
 -2.136547   -2.04711881 -0.18154771  3.14997913  0.24665324  0.21385263
 -1.25020438 -0.67764111 -1.733774   -3.03025782  2.87033269  1.23550097
 -0.48571387 -2.18839552  1.10971062 -1.10587758 -0.4904187  -2.73954288
 -2.06517977  1.86555111 -0.87381527  2.62186312 -0.45418622 -2.67151745
 -2.82019463  2.2618273  -3.14422637 -0.44535373 -1.00234675 -0.24660086
  2.34753692  1.84024065  0.01820927 -2.55288131 -2.65892292  0.24436907
 -0.76666428  1.24524536 -2.62771105  1.12504038 -0.38397978  0.42076425
  1.91902271  0.45812558  0.65075006 -1.27158196  1.79161379  2.93981924
  0.99593887  0.2218003  -1.14180717  2.42279632  0.72673387 -1.90977602
 -0.05037278  1.8709378   0.98665068 -1.0800211  -2.30130787  2.22238063
  2.00397625  1.92831494  2.29723495  1.91577598 -1.66121988 -3.1038964
  0.42851882  1.34476854 -2.26275096 -1.12583257  2.31183815  1.39293366
 -0.27195599 -1.84442665 -1.64824981  1.96528589  1.30724898 -1.0118806
 -0.23076737 -0.6931039  -0.30339577  2.30246462 -0.66193309 -0.9353499
  0.77590037 -2.3526878   0.5902622   2.78421785 -0.35243509  2.04721185
 -1.86126432 -1.35337213 -2.59735766 -2.42273873 -1.50154869 -3.0289617
  2.01619331  1.78190061  1.58152654  1.12533964  1.58819704 -2.4442257
 -2.50735658  1.78908913  1.03428198 -0.29186397 -2.47720801  1.43099494
 -1.04394786 -3.0476141  -0.04721432  1.8974936  -2.70128572 -2.36816442
  1.87610889  1.02966556 -0.62617569 -0.49631005 -0.92140078  1.96405635
  0.47262822 -0.35622246  0.4018267  -2.26661078  1.26137259 -0.15329898
  2.40234865  1.23321435  2.87809799 -1.05732679  2.10171785 -0.42989748
 -3.26841736  2.20323107  0.811475    1.92880862 -1.28918832  1.4391004
 -2.12171909  0.20897336  0.08304144 -2.79059377 -0.9019066  -2.39307269
  0.07227498 -0.56899055]
Sat May 25 16:22:14 2024,387,0.09593801435706291,[-4.65839612  2.36665482 -1.84106586 -0.12410136  0.18673625 -2.68766017
  3.01282754  2.10570884  1.45519827 -0.92536516  0.61240258  1.09170962
  1.13210709 -1.54196939  0.77711833  2.80622131 -0.79815326 -0.6369243
 -1.75471127  0.60195264  1.6765741   2.99184822 -1.20875707 -0.31571857
 -2.42356988 -2.33803316  2.99457481  2.76323335 -0.54434203 -2.36483652
  1.48279363 -0.05851943 -2.31786938  2.09554546  1.28952331 -0.63854331
  0.84777112 -2.31881286 -0.02589443  2.15332293 -0.16394215  0.38887202
  2.71395752  1.04621567  2.4628425   3.16173793  2.64141573 -2.93931449
  0.26537278 -0.81573076  1.75888223  2.86399253 -0.51095225 -2.31764066
  2.78735319 -3.21077173  0.79394777 -0.63488276 -1.7413554   2.69819689
 -1.8095533  -1.58815022 -2.30390089  2.18799983 -2.45129739  2.13560099
  2.07465538  1.53540282  2.3830819   2.8047434   1.64887297  1.20012363
 -1.5132398  -2.2292797   1.47130162  0.71195321  1.31360658 -3.0140193
 -0.37769959  2.51832211 -1.0358533   1.28751436  1.48328479  0.54456141
 -0.83302396  1.11514373  0.66823981 -0.38369154  2.80473578 -1.99307378
  1.53803145 -0.48680195  1.09034695 -2.84975904 -2.4583154   0.45772816
 -1.16151449 -0.494569    0.3653089  -0.11127382 -1.6503284  -0.04118037
 -0.85969334  2.81180255 -1.0624032  -1.38014461 -0.94883906  1.07796077
  1.85225145 -0.69615454  1.97231594 -2.19416768 -0.34727876 -0.73251604
 -2.89008952  3.16479813 -1.6319448   3.13522349 -1.2660353  -2.70848558
  3.36217043 -1.23321221 -0.77649466 -2.88407378 -2.71719976  2.54564678
 -2.13654866 -2.04711715 -0.18154936  3.14998078  0.24665158  0.21385097
 -1.25020604 -0.67764277 -1.73377566 -3.03025617  2.87033104  1.23549932
 -0.48571221 -2.18839387  1.10971228 -1.10587592 -0.49042036 -2.73954454
 -2.06518143  1.86554945 -0.87381361  2.62186147 -0.45418788 -2.67151911
 -2.82019297  2.26182565 -3.14422803 -0.44535207 -1.00234509 -0.24660252
  2.34753857  1.8402423   0.01820761 -2.55288296 -2.65892127  0.24437073
 -0.76666262  1.24524701 -2.6277094   1.12504204 -0.38397813  0.4207659
  1.91902437  0.45812393  0.65075172 -1.2715803   1.79161544  2.9398209
  0.99594052  0.22179865 -1.14180883  2.42279466  0.72673553 -1.90977767
 -0.05037443  1.87093946  0.98664903 -1.08002276 -2.30130953  2.22238228
  2.00397791  1.9283166   2.2972333   1.91577764 -1.66122154 -3.10389806
  0.42851716  1.34476688 -2.2627493  -1.12583091  2.31183649  1.39293532
 -0.27195765 -1.84442499 -1.64824816  1.96528755  1.30724732 -1.01188225
 -0.23076903 -0.69310555 -0.30339412  2.30246628 -0.66193475 -0.93534825
  0.77590202 -2.35268614  0.59026054  2.78421951 -0.35243674  2.04721019
 -1.86126266 -1.35337379 -2.597356   -2.42274038 -1.50154703 -3.02896336
  2.01619165  1.78189895  1.58152489  1.12533799  1.5881987  -2.44422736
 -2.50735824  1.78909079  1.03428032 -0.29186562 -2.47720636  1.4309966
 -1.0439462  -3.04761244 -0.04721598  1.89749526 -2.70128738 -2.36816608
  1.87610723  1.0296639  -0.62617404 -0.49630839 -0.92139913  1.96405469
  0.47262988 -0.35622411  0.40182836 -2.26661244  1.26137425 -0.15329732
  2.40234699  1.23321269  2.87809964 -1.05732845  2.10171951 -0.42989582
 -3.26841571  2.20323273  0.81147334  1.92881027 -1.28918998  1.43909874
 -2.12172075  0.20897501  0.08303979 -2.79059212 -0.90190826 -2.39307434
  0.07227663 -0.56899221]
Sat May 25 16:22:41 2024,388,0.09593801412284267,[-4.65839774  2.3666532  -1.84106748 -0.12410298  0.18673787 -2.68766179
  3.01282916  2.10571046  1.45519665 -0.92536678  0.61240097  1.09171124
  1.13210547 -1.54197101  0.77711995  2.80621969 -0.79815488 -0.63692592
 -1.75471289  0.60195425  1.67657249  2.99184984 -1.20875545 -0.31571695
 -2.42356826 -2.33803154  2.99457319  2.76323173 -0.54434041 -2.3648349
  1.48279525 -0.05851781 -2.31786776  2.09554708  1.28952169 -0.63854169
  0.84777274 -2.31881124 -0.02589605  2.15332131 -0.16394377  0.38887364
  2.7139559   1.04621729  2.46284412  3.16173954  2.64141411 -2.93931611
  0.26537116 -0.81573238  1.75888385  2.86399091 -0.51095063 -2.31764228
  2.78735157 -3.21077011  0.79394939 -0.63488438 -1.74135702  2.69819851
 -1.80955492 -1.5881486  -2.30390251  2.18800145 -2.45129578  2.13559937
  2.07465376  1.5354012   2.38308028  2.80474178  1.64887135  1.20012525
 -1.51323818 -2.22928132  1.47130001  0.7119516   1.3136082  -3.01401768
 -0.37770121  2.51832373 -1.03585492  1.28751274  1.48328317  0.54456303
 -0.83302234  1.11514535  0.66823819 -0.38368992  2.8047374  -1.9930754
  1.53803307 -0.48680357  1.09034533 -2.84975742 -2.45831378  0.45772978
 -1.16151611 -0.49457062  0.36530728 -0.11127544 -1.65033002 -0.04118199
 -0.85969496  2.81180093 -1.06240159 -1.38014622 -0.94884068  1.07795915
  1.85224983 -0.69615616  1.97231432 -2.19416606 -0.34728038 -0.73251766
 -2.89009114  3.16479975 -1.63194642  3.13522187 -1.26603692 -2.7084872
  3.36216881 -1.23321383 -0.77649304 -2.8840754  -2.71720138  2.5456484
 -2.13655028 -2.04711554 -0.18155098  3.14997916  0.24664996  0.21384936
 -1.25020766 -0.67764115 -1.73377728 -3.03025455  2.87032942  1.23550093
 -0.48571059 -2.18839225  1.10971066 -1.1058743  -0.49041874 -2.73954616
 -2.06518305  1.86554783 -0.87381523  2.62185985 -0.45418626 -2.67152073
 -2.82019135  2.26182403 -3.14422965 -0.44535369 -1.00234671 -0.24660413
  2.34753696  1.84024392  0.01820599 -2.55288458 -2.65892289  0.24436911
 -0.76666424  1.2452454  -2.62770778  1.12504366 -0.38397651  0.42076752
  1.91902275  0.45812231  0.65075334 -1.27158192  1.79161706  2.93981928
  0.9959389   0.22180027 -1.14180721  2.42279628  0.72673391 -1.90977929
 -0.05037281  1.87093784  0.98665065 -1.08002437 -2.30130791  2.2223839
  2.00397953  1.92831822  2.29723492  1.91577926 -1.66122316 -3.10389644
  0.42851878  1.34476527 -2.26274768 -1.12582929  2.31183487  1.39293694
 -0.27195927 -1.84442337 -1.64824654  1.96528593  1.3072457  -1.01188387
 -0.23076741 -0.69310717 -0.3033925   2.3024679  -0.66193637 -0.93534663
  0.77590364 -2.35268776  0.59025892  2.78422113 -0.35243836  2.04721181
 -1.86126428 -1.3533754  -2.59735438 -2.422742   -1.50154541 -3.02896498
  2.01619327  1.78189733  1.58152651  1.1253396   1.58819708 -2.44422574
 -2.50735986  1.78909241  1.0342787  -0.29186724 -2.47720474  1.43099498
 -1.04394782 -3.04761406 -0.04721436  1.89749688 -2.701289   -2.3681677
  1.87610561  1.02966552 -0.62617242 -0.49630677 -0.92140075  1.96405307
  0.4726315  -0.35622573  0.40182674 -2.26661406  1.26137263 -0.15329894
  2.40234537  1.23321107  2.87809802 -1.05732683  2.10172113 -0.42989744
 -3.26841733  2.20323111  0.81147172  1.92880865 -1.28919159  1.43909712
 -2.12172237  0.20897339  0.0830414  -2.7905905  -0.90190988 -2.39307596
  0.07227825 -0.56899383]
Sat May 25 16:23:06 2024,389,0.09593801389676489,[-4.65839932  2.36665162 -1.8410659  -0.12410456  0.18673945 -2.68766021
  3.01283074  2.10570888  1.45519507 -0.92536519  0.61239938  1.09170966
  1.13210706 -1.54196943  0.77712153  2.80621811 -0.79815646 -0.63692434
 -1.75471447  0.60195267  1.67657407  2.99185142 -1.20875387 -0.31571853
 -2.42356984 -2.33803313  2.99457161  2.76323015 -0.54433883 -2.36483332
  1.48279684 -0.05851622 -2.31786934  2.0955455   1.28952327 -0.63854327
  0.84777116 -2.31881282 -0.02589763  2.15331973 -0.16394535  0.38887206
  2.71395748  1.04621571  2.46284571  3.16173796  2.64141252 -2.93931769
  0.26537275 -0.81573397  1.75888543  2.86399249 -0.51094905 -2.3176407
  2.78735315 -3.21076853  0.79395097 -0.6348828  -1.74135543  2.69819693
 -1.8095565  -1.58814702 -2.30390093  2.18800303 -2.45129419  2.13559779
  2.07465218  1.53540278  2.38308187  2.80474336  1.64887293  1.20012684
 -1.51323977 -2.22927974  1.47130159  0.71195318  1.31360978 -3.0140161
 -0.37770279  2.51832214 -1.03585334  1.28751116  1.48328476  0.54456145
 -0.83302393  1.11514377  0.66823977 -0.38368833  2.80473898 -1.99307382
  1.53803148 -0.48680515  1.09034691 -2.84975583 -2.45831537  0.4577282
 -1.16151453 -0.49456903  0.3653057  -0.11127386 -1.65033161 -0.04118041
 -0.85969654  2.81180251 -1.0624     -1.38014464 -0.94884226  1.07796074
  1.85224825 -0.69615774  1.97231591 -2.19416765 -0.3472788  -0.73251608
 -2.89008955  3.16479817 -1.63194483  3.13522029 -1.2660385  -2.70848562
  3.3621704  -1.23321224 -0.77649146 -2.88407698 -2.7171998   2.54564682
 -2.13655186 -2.04711395 -0.1815494   3.14997758  0.24665154  0.21384777
 -1.25020607 -0.67763957 -1.73377569 -3.03025613  2.870331    1.23550252
 -0.48570901 -2.18839066  1.10971224 -1.10587272 -0.49042032 -2.73954458
 -2.06518147  1.86554941 -0.87381365  2.62185827 -0.45418784 -2.67151915
 -2.82019293  2.26182561 -3.14422806 -0.44535527 -1.00234829 -0.24660572
  2.34753537  1.84024551  0.01820758 -2.55288616 -2.6589213   0.24436753
 -0.76666583  1.24524698 -2.62770936  1.12504524 -0.38397809  0.42076594
  1.91902433  0.45812389  0.65075492 -1.27158034  1.79161548  2.9398177
  0.99593732  0.22179868 -1.14180562  2.4227947   0.72673549 -1.90977771
 -0.0503744   1.87093942  0.98664906 -1.08002596 -2.30130632  2.22238232
  2.00398111  1.92831663  2.2972365   1.91577768 -1.66122158 -3.10389486
  0.42852036  1.34476368 -2.26274926 -1.12582771  2.31183645  1.39293536
 -0.27196085 -1.84442496 -1.64824495  1.96528751  1.30724412 -1.01188229
 -0.23076899 -0.69310559 -0.30339091  2.30246631 -0.66193795 -0.93534505
  0.77590206 -2.35268618  0.59026051  2.78422271 -0.35243678  2.04721023
 -1.8612627  -1.35337382 -2.5973528  -2.42274042 -1.50154383 -3.0289634
  2.01619485  1.78189892  1.58152492  1.12534119  1.5881955  -2.44422732
 -2.50735828  1.78909082  1.03427712 -0.29186566 -2.47720315  1.43099339
 -1.04394624 -3.04761564 -0.04721278  1.89749846 -2.70128742 -2.36816612
  1.8761072   1.0296671  -0.626174   -0.49630835 -0.92140233  1.96405465
  0.47262991 -0.35622731  0.40182832 -2.26661248  1.26137421 -0.15330052
  2.40234696  1.23320949  2.87809961 -1.05732841  2.10172271 -0.42989586
 -3.26841891  2.20322953  0.81147331  1.92880707 -1.28919001  1.4390987
 -2.12172078  0.20897497  0.08303982 -2.79059208 -0.90191146 -2.39307755
  0.07227667 -0.56899541]
Sat May 25 16:23:44 2024,390,0.09593801367851106,[-4.65840087  2.36665007 -1.84106745 -0.12410301  0.186741   -2.68765866
  3.01283229  2.10570733  1.45519352 -0.92536674  0.61239784  1.0917112
  1.1321086  -1.54196788  0.77712308  2.80621965 -0.79815492 -0.63692589
 -1.75471602  0.60195112  1.67657562  2.99184987 -1.20875541 -0.31571699
 -2.4235683  -2.33803467  2.99457006  2.7632286  -0.54434038 -2.36483486
  1.48279838 -0.05851777 -2.31786779  2.09554395  1.28952482 -0.63854482
  0.8477727  -2.31881127 -0.02589918  2.15332127 -0.16394381  0.38887361
  2.71395903  1.04621726  2.46284416  3.16173951  2.64141098 -2.93931615
  0.2653712  -0.81573242  1.75888388  2.86399094 -0.5109475  -2.31763915
  2.7873547  -3.21077008  0.79395252 -0.63488435 -1.74135698  2.69819538
 -1.80955495 -1.58814547 -2.30390248  2.18800458 -2.45129265  2.13559624
  2.07465063  1.53540123  2.38308341  2.80474491  1.64887448  1.20012529
 -1.51324131 -2.22927819  1.47130004  0.71195163  1.31360823 -3.01401765
 -0.37770434  2.5183206  -1.03585179  1.2875127   1.4832863   0.5445599
 -0.83302547  1.11514532  0.66824132 -0.38368679  2.80474053 -1.99307536
  1.53803303 -0.4868067   1.09034536 -2.84975738 -2.45831382  0.45772665
 -1.16151298 -0.49457058  0.36530725 -0.1112754  -1.65033315 -0.04118196
 -0.85969499  2.81180096 -1.06239846 -1.38014619 -0.94884072  1.07795919
  1.8522467  -0.69615929  1.97231745 -2.1941661  -0.34728035 -0.73251763
 -2.89008801  3.16479971 -1.63194329  3.13521874 -1.26604005 -2.70848407
  3.36217194 -1.2332107  -0.77648991 -2.88407544 -2.71720134  2.54564527
 -2.13655031 -2.0471155  -0.18155095  3.14997913  0.24665     0.21384932
 -1.25020453 -0.67763802 -1.73377724 -3.03025768  2.87033255  1.23550097
 -0.48570746 -2.18839221  1.10971379 -1.10587427 -0.49041877 -2.73954303
 -2.06518301  1.86554787 -0.8738152   2.62185981 -0.45418939 -2.6715176
 -2.82019139  2.26182716 -3.14422961 -0.44535372 -1.00234984 -0.24660417
  2.34753383  1.84024705  0.01820603 -2.55288462 -2.65892285  0.24436598
 -0.76666737  1.24524853 -2.62770781  1.12504679 -0.38397964  0.42076749
  1.91902588  0.45812234  0.65075647 -1.27157879  1.79161393  2.93981925
  0.99593887  0.22180023 -1.14180717  2.42279315  0.72673704 -1.90977926
 -0.05037594  1.87094097  0.98664752 -1.0800275  -2.30130787  2.22238077
  2.00398266  1.92831818  2.29723495  1.91577613 -1.66122312 -3.1038964
  0.42851881  1.34476214 -2.26275081 -1.12582926  2.311838    1.39293381
 -0.2719624  -1.84442341 -1.64824341  1.96528906  1.30724257 -1.01188384
 -0.23077054 -0.69310714 -0.30339246  2.30246477 -0.6619364  -0.9353435
  0.77590051 -2.35268773  0.59026205  2.78422426 -0.35243523  2.04720868
 -1.86126115 -1.35337227 -2.59735125 -2.42274197 -1.50154538 -3.02896494
  2.0161964   1.78190046  1.58152338  1.12534273  1.58819395 -2.44422578
 -2.50735982  1.78908928  1.03427557 -0.29186411 -2.4772047   1.43099185
 -1.04394469 -3.0476141  -0.04721432  1.89750001 -2.70128587 -2.36816766
  1.87610874  1.02966556 -0.62617245 -0.4963099  -0.92140388  1.9640562
  0.47262837 -0.35622577  0.40182987 -2.26661402  1.26137576 -0.15329897
  2.4023485   1.23320794  2.87810115 -1.05732996  2.10172116 -0.42989431
 -3.26842045  2.20323107  0.81147176  1.92880553 -1.28918847  1.43910025
 -2.12171924  0.20897343  0.08303827 -2.79059363 -0.90191301 -2.393076
  0.07227822 -0.56899696]
Sat May 25 16:24:07 2024,391,0.09593801346777546,[-4.65840238  2.36664856 -1.84106896 -0.1241015   0.18673949 -2.68765715
  3.01283078  2.10570884  1.45519201 -0.92536825  0.61239632  1.09170969
  1.13211011 -1.5419694   0.77712156  2.80621814 -0.7981534  -0.63692438
 -1.75471753  0.60195264  1.67657713  2.99185139 -1.2087539  -0.31571548
 -2.42356981 -2.33803316  2.99457157  2.76323012 -0.54434189 -2.36483335
  1.48279687 -0.05851626 -2.31786931  2.09554547  1.28952633 -0.63854331
  0.84777119 -2.31881278 -0.02590069  2.15332279 -0.16394532  0.3888721
  2.71396054  1.04621877  2.46284265  3.161738    2.64140947 -2.93931463
  0.26537271 -0.81573393  1.75888237  2.86398943 -0.51094599 -2.31763764
  2.78735621 -3.21077159  0.79395403 -0.63488586 -1.74135547  2.69819387
 -1.80955344 -1.58814396 -2.30390399  2.18800307 -2.45129113  2.13559473
  2.07465214  1.53540274  2.38308493  2.80474642  1.64887599  1.20012378
 -1.5132398  -2.22927668  1.47129853  0.71195012  1.31360672 -3.01401916
 -0.37770585  2.51832211 -1.0358533   1.28751119  1.48328479  0.54455839
 -0.83302396  1.11514683  0.66823981 -0.3836883   2.80474204 -1.99307385
  1.53803152 -0.48680518  1.09034385 -2.84975889 -2.45831231  0.45772514
 -1.1615145  -0.49456907  0.36530876 -0.11127389 -1.65033466 -0.04118347
 -0.8596965   2.81180248 -1.06239997 -1.38014468 -0.9488392   1.07795768
  1.85224822 -0.6961608   1.97231897 -2.19416459 -0.34728186 -0.73251612
 -2.89008649  3.1647982  -1.6319448   3.13522026 -1.26603853 -2.70848256
  3.36217346 -1.23320919 -0.77649142 -2.88407695 -2.71720285  2.54564678
 -2.1365488  -2.04711701 -0.18154944  3.14998064  0.24665151  0.21384781
 -1.25020301 -0.67763651 -1.73377573 -3.03025617  2.87033104  1.23549946
 -0.48570595 -2.18839372  1.10971228 -1.10587275 -0.49041726 -2.73954454
 -2.0651815   1.86554938 -0.87381671  2.62186132 -0.4541909  -2.67151911
 -2.8201929   2.26182867 -3.1442281  -0.44535524 -1.00234833 -0.24660568
  2.34753534  1.84024554  0.01820452 -2.55288613 -2.65892134  0.24436447
 -0.76666889  1.24524701 -2.62770933  1.1250483  -0.38398115  0.42076597
  1.91902739  0.45812385  0.65075496 -1.27157728  1.79161545  2.93982076
  0.99594038  0.22180174 -1.14180566  2.42279164  0.72673553 -1.90977774
 -0.05037746  1.87093945  0.986646   -1.08002599 -2.30130636  2.22238228
  2.00398114  1.92831969  2.29723646  1.91577462 -1.66122464 -3.10389489
  0.42852033  1.34476062 -2.26275232 -1.12582775  2.31183951  1.39293532
 -0.27196088 -1.84442492 -1.64824492  1.96528755  1.30724106 -1.01188232
 -0.23076902 -0.69310562 -0.30339095  2.30246628 -0.66193791 -0.93534199
  0.775899   -2.35268621  0.59026356  2.78422274 -0.35243674  2.04720717
 -1.86126266 -1.35337076 -2.59734974 -2.42274046 -1.50154689 -3.02896343
  2.01619489  1.78189895  1.58152186  1.12534425  1.58819546 -2.44422729
 -2.50735831  1.78909079  1.03427406 -0.29186563 -2.47720319  1.43099336
 -1.04394318 -3.04761561 -0.04721281  1.89749849 -2.70128738 -2.36816917
  1.87610723  1.02966404 -0.62617397 -0.49631141 -0.92140236  1.96405469
  0.47262685 -0.35622728  0.40183138 -2.26661553  1.26137727 -0.15329746
  2.40235001  1.23320946  2.87809964 -1.05733147  2.10171965 -0.4298928
 -3.26842197  2.20323259  0.81147327  1.92880704 -1.28918695  1.43909874
 -2.12171772  0.20897192  0.08303676 -2.79059211 -0.90191452 -2.39307449
  0.07227671 -0.56899544]
Sat May 25 16:24:35 2024,392,0.09593801326426478,[-4.65840386  2.36664708 -1.84106748 -0.12410298  0.18674096 -2.68765567
  3.0128293   2.10570736  1.45519349 -0.92536677  0.61239485  1.09171117
  1.13210864 -1.54197087  0.77712304  2.80621962 -0.79815193 -0.6369229
 -1.75471605  0.60195116  1.67657861  2.99185286 -1.20875538 -0.315714
 -2.42356833 -2.33803168  2.99457305  2.76322864 -0.54434041 -2.36483187
  1.48279539 -0.05851478 -2.31786783  2.09554399  1.28952781 -0.63854479
  0.84776971 -2.31881426 -0.02589921  2.15332426 -0.16394384  0.38887357
  2.71396202  1.04621729  2.46284413  3.16173948  2.64141094 -2.93931611
  0.26537123 -0.81573541  1.75888089  2.86399091 -0.51094451 -2.31763616
  2.78735769 -3.21077011  0.79395551 -0.63488734 -1.74135695  2.69819239
 -1.80955492 -1.58814248 -2.30390547  2.18800455 -2.45128966  2.13559621
  2.07465066  1.53540422  2.3830864   2.8047479   1.64887451  1.2001223
 -1.51324128 -2.2292752   1.47129705  0.71194864  1.31360524 -3.01402064
 -0.37770733  2.51832063 -1.03585478  1.28751267  1.48328627  0.54455691
 -0.83302248  1.11514535  0.66824129 -0.38368978  2.80474352 -1.99307533
  1.53803004 -0.48680666  1.09034237 -2.84976037 -2.45831378  0.45772366
 -1.16151302 -0.49456759  0.36531024 -0.11127537 -1.65033614 -0.04118495
 -0.85969798  2.81180395 -1.06240145 -1.3801432  -0.94884068  1.07795915
  1.85224969 -0.69616228  1.97231749 -2.19416606 -0.34728038 -0.73251759
 -2.89008797  3.16479968 -1.63194628  3.13521878 -1.26603706 -2.70848108
  3.36217493 -1.23320771 -0.7764929  -2.88407843 -2.71720433  2.54564531
 -2.13655028 -2.04711849 -0.18155091  3.14998212  0.24665003  0.21384929
 -1.25020449 -0.67763799 -1.73377425 -3.03025764  2.87032956  1.23550094
 -0.48570447 -2.18839224  1.1097108  -1.10587127 -0.49041578 -2.73954306
 -2.06518002  1.86555086 -0.87381523  2.6218628  -0.45419238 -2.67152059
 -2.82019438  2.26183015 -3.14422958 -0.44535671 -1.0023498  -0.24660716
  2.34753682  1.84024702  0.018206   -2.55288761 -2.65892282  0.24436299
 -0.76666741  1.24524849 -2.6277108   1.12504978 -0.38397967  0.4207645
  1.91902887  0.45812533  0.65075643 -1.27157876  1.79161397  2.93982224
  0.99594186  0.22180026 -1.14180418  2.42279312  0.72673405 -1.90977627
 -0.05037598  1.87093798  0.98664748 -1.08002451 -2.30130784  2.22238081
  2.00397966  1.92832117  2.29723499  1.91577314 -1.66122316 -3.10389637
  0.42851885  1.34475915 -2.2627538  -1.12582627  2.31183803  1.3929368
 -0.27195941 -1.84442344 -1.64824344  1.96528903  1.30723958 -1.0118838
 -0.2307705  -0.69310415 -0.30339243  2.30246776 -0.66193939 -0.93534051
  0.77589752 -2.35268769  0.59026209  2.78422127 -0.35243527  2.04720865
 -1.86126118 -1.35336928 -2.59735122 -2.42273898 -1.50154837 -3.02896491
  2.01619341  1.78189747  1.58152039  1.12534572  1.58819399 -2.44422581
 -2.50735979  1.78908931  1.03427258 -0.29186415 -2.47720467  1.43099484
 -1.0439417  -3.04761413 -0.04721133  1.89749997 -2.70128886 -2.3681677
  1.87610871  1.02966552 -0.62617249 -0.49631289 -0.92140384  1.96405617
  0.47262538 -0.35622876  0.4018299  -2.26661701  1.26137579 -0.15329598
  2.40235149  1.23321093  2.87810112 -1.05732999  2.10171817 -0.42989132
 -3.26842345  2.20323111  0.81147475  1.92880852 -1.28918548  1.43909726
 -2.12171625  0.20897339  0.08303824 -2.79059359 -0.90191304 -2.39307596
  0.07227818 -0.56899396]
Sat May 25 16:25:52 2024,393,0.0959380130677003,[-4.6584053   2.36664564 -1.84106892 -0.12410442  0.18673952 -2.68765423
  3.01282785  2.10570881  1.45519204 -0.92536822  0.6123934   1.09170973
  1.13210719 -1.54196943  0.7771216   2.80622107 -0.79815337 -0.63692434
 -1.75471461  0.60194971  1.67657716  2.99185431 -1.20875393 -0.31571255
 -2.42356978 -2.33803024  2.99457161  2.76322719 -0.54433897 -2.36483043
  1.48279684 -0.05851623 -2.31786927  2.09554543  1.28952636 -0.63854623
  0.84777116 -2.31881282 -0.02590066  2.15332571 -0.16394529  0.38887213
  2.71396346  1.04621874  2.46284557  3.16174092  2.64141239 -2.93931467
  0.26537268 -0.81573685  1.75888234  2.86399235 -0.51094306 -2.31763472
  2.78735624 -3.21077156  0.79395695 -0.63488589 -1.7413555   2.69819384
 -1.80955347 -1.58814104 -2.30390691  2.1880031  -2.45128821  2.13559477
  2.07464922  1.53540278  2.38308496  2.80474935  1.64887596  1.20012374
 -1.51324272 -2.22927375  1.4712985   0.7119472   1.31360669 -3.01402208
 -0.37770588  2.51831919 -1.03585623  1.28751122  1.48328482  0.54455546
 -0.83302393  1.11514391  0.66824273 -0.38369122  2.80474208 -1.99307388
  1.53803148 -0.48680811  1.09034093 -2.84975893 -2.45831523  0.45772511
 -1.16151157 -0.49456903  0.36530879 -0.11127682 -1.6503347  -0.04118639
 -0.85969943  2.8118054  -1.0624     -1.38014464 -0.94884213  1.0779606
  1.85225114 -0.69616372  1.97231893 -2.19416751 -0.34727894 -0.73251904
 -2.89008942  3.16480112 -1.63194483  3.13521733 -1.26603561 -2.70848252
  3.36217638 -1.23320626 -0.77649435 -2.88407987 -2.71720289  2.54564386
 -2.13654883 -2.04711705 -0.18155236  3.14998356  0.24664859  0.21385073
 -1.25020594 -0.67763943 -1.73377569 -3.0302562   2.870331    1.23550238
 -0.48570592 -2.1883908   1.10971224 -1.10586983 -0.49041723 -2.73954451
 -2.06517858  1.86554941 -0.87381668  2.62186425 -0.45419383 -2.67152204
 -2.82019582  2.2618287  -3.14422813 -0.44535527 -1.00235125 -0.24660572
  2.34753826  1.84024846  0.01820744 -2.55288905 -2.65892137  0.24436444
 -0.76666885  1.24524994 -2.62770936  1.12505122 -0.38397823  0.42076305
  1.91903032  0.45812678  0.65075499 -1.27157732  1.79161252  2.93982368
  0.9959433   0.22179882 -1.14180563  2.42279167  0.7267326  -1.90977771
 -0.05037742  1.87093653  0.98664893 -1.08002307 -2.30130639  2.22238225
  2.00398111  1.92831973  2.29723643  1.91577458 -1.66122171 -3.10389493
  0.4285174   1.3447577  -2.26275236 -1.12582771  2.31183659  1.39293536
 -0.27196085 -1.844422   -1.64824489  1.96528758  1.30723814 -1.01188525
 -0.23077195 -0.69310559 -0.30339098  2.30246631 -0.66193795 -0.93534195
  0.77589897 -2.35268625  0.59026353  2.78422271 -0.35243671  2.04721009
 -1.86125974 -1.35337073 -2.59735267 -2.42273753 -1.50154981 -3.02896635
  2.01619486  1.78189892  1.58152183  1.12534428  1.58819543 -2.44422437
 -2.50736123  1.78908787  1.03427403 -0.29186559 -2.47720322  1.43099339
 -1.04394314 -3.04761558 -0.04720989  1.89750142 -2.70129031 -2.36816914
  1.87611015  1.02966697 -0.62617104 -0.49631434 -0.9214024   1.96405761
  0.47262682 -0.3562302   0.40183135 -2.26661557  1.26137435 -0.15329743
  2.40235005  1.23320949  2.87809967 -1.05733143  2.10171962 -0.42989277
 -3.268422    2.20322966  0.8114733   1.92880707 -1.28918692  1.43909581
 -2.12171769  0.20897484  0.0830368  -2.79059215 -0.90191449 -2.39307452
  0.07227963 -0.56899252]
Sat May 25 16:26:23 2024,394,0.09593801287781185,[-4.65840672  2.36664705 -1.84107034 -0.12410584  0.18673811 -2.68765282
  3.01282927  2.10571022  1.45519345 -0.92536963  0.61239481  1.09170831
  1.1321086  -1.54196802  0.77712301  2.80622248 -0.79815478 -0.63692293
 -1.75471602  0.60195113  1.67657857  2.9918529  -1.20875252 -0.31571114
 -2.42357119 -2.33803165  2.99457019  2.76322578 -0.54433756 -2.36482902
  1.48279825 -0.05851764 -2.31786786  2.09554685  1.28952778 -0.63854482
  0.84776974 -2.3188114  -0.02589924  2.15332712 -0.1639467   0.38887354
  2.71396205  1.04621732  2.46284416  3.16174233  2.64141098 -2.93931608
  0.26537127 -0.81573544  1.75888092  2.86399377 -0.51094448 -2.31763613
  2.78735766 -3.21077014  0.79395554 -0.63488448 -1.74135409  2.69819242
 -1.80955206 -1.58813962 -2.3039055   2.18800169 -2.4512868   2.13559618
  2.07465063  1.53540419  2.38308637  2.80475076  1.64887455  1.20012516
 -1.51324414 -2.22927517  1.47129991  0.71194861  1.3136081  -3.01402067
 -0.37770447  2.5183206  -1.03585481  1.28751264  1.48328341  0.54455688
 -0.83302252  1.11514532  0.66824414 -0.38369264  2.80474349 -1.9930753
  1.5380329  -0.48680952  1.09034234 -2.84976034 -2.45831664  0.45772369
 -1.16151016 -0.49457045  0.36531021 -0.11127823 -1.65033328 -0.04118498
 -0.85970084  2.81180681 -1.06239859 -1.38014323 -0.94884072  1.07795919
  1.85225255 -0.69616231  1.97231752 -2.19416892 -0.34727752 -0.73251763
 -2.89008801  3.16480254 -1.63194624  3.13521875 -1.2660342  -2.70848111
  3.36217497 -1.23320767 -0.77649293 -2.88407846 -2.7172043   2.54564527
 -2.13654742 -2.04711563 -0.18155095  3.14998498  0.24664717  0.21384932
 -1.25020735 -0.67764084 -1.73377428 -3.03025479  2.87032959  1.23550379
 -0.48570451 -2.18838939  1.10971366 -1.10586842 -0.49041864 -2.7395431
 -2.06517716  1.865548   -0.87381526  2.62186284 -0.45419524 -2.67152345
 -2.82019723  2.26183011 -3.14422954 -0.44535668 -1.00235266 -0.2466043
  2.34753967  1.84024988  0.01820885 -2.55289046 -2.65891996  0.24436302
 -0.76666744  1.24525135 -2.62771077  1.12504981 -0.38397964  0.42076164
  1.9190289   0.45812537  0.6507564  -1.27157873  1.79161394  2.93982509
  0.99594471  0.22180023 -1.14180421  2.42279026  0.72673402 -1.90977912
 -0.05037601  1.87093512  0.98665034 -1.08002166 -2.3013078   2.22238084
  2.00398252  1.92831831  2.29723784  1.91577317 -1.6612203  -3.10389351
  0.42851599  1.34475629 -2.26275377 -1.12582913  2.31183518  1.39293394
 -0.27196226 -1.84442058 -1.6482463   1.96528617  1.30723673 -1.01188666
 -0.23077054 -0.69310418 -0.30338957  2.3024649  -0.66193936 -0.93534337
  0.77590038 -2.35268766  0.59026212  2.78422412 -0.3524353   2.0472115
 -1.86125832 -1.35337214 -2.59735408 -2.42273894 -1.5015484  -3.02896777
  2.01619627  1.78190033  1.58152324  1.12534287  1.58819402 -2.44422295
 -2.50736265  1.78908928  1.03427544 -0.29186701 -2.47720464  1.43099198
 -1.04394456 -3.04761416 -0.0472113   1.8975     -2.70129172 -2.36816773
  1.87611157  1.02966838 -0.62617246 -0.49631292 -0.92140381  1.9640562
  0.47262823 -0.35622879  0.40183276 -2.26661698  1.26137294 -0.15329884
  2.40235146  1.23320808  2.87809826 -1.05733285  2.1017182  -0.42989135
 -3.26842059  2.20322825  0.81147189  1.92880848 -1.28918833  1.4390944
 -2.12171628  0.20897343  0.08303821 -2.79059356 -0.90191307 -2.39307593
  0.07227822 -0.56899393]
Sat May 25 16:26:46 2024,395,0.0959380126943439,[-4.6584081   2.36664843 -1.84106896 -0.12410445  0.18673949 -2.6876542
  3.01282789  2.10570884  1.45519207 -0.92536825  0.61239619  1.09170693
  1.13210999 -1.54196664  0.77712163  2.80622386 -0.79815617 -0.63692155
 -1.7547174   0.60195251  1.67657995  2.99185152 -1.20875114 -0.31570976
 -2.42356981 -2.33803027  2.99456881  2.76322716 -0.54433617 -2.36482764
  1.48279963 -0.05851626 -2.31786648  2.09554546  1.28952916 -0.63854344
  0.84776836 -2.31881002 -0.02589786  2.1533285  -0.16394808  0.38887492
  2.71396067  1.0462187   2.46284278  3.16174371  2.64141236 -2.93931746
  0.26537265 -0.81573406  1.75888231  2.86399515 -0.51094586 -2.31763751
  2.78735904 -3.21076876  0.79395692 -0.63488586 -1.74135547  2.69819104
 -1.80955068 -1.58814101 -2.30390688  2.18800031 -2.45128542  2.13559756
  2.07464925  1.53540557  2.38308499  2.80474938  1.64887316  1.20012377
 -1.51324552 -2.22927379  1.47129853  0.71194723  1.31360948 -3.01402205
 -0.37770309  2.51831922 -1.0358562   1.28751125  1.48328479  0.54455826
 -0.83302113  1.1151467   0.66824276 -0.38369126  2.80474487 -1.99307668
  1.53803428 -0.4868109   1.09034096 -2.84976172 -2.45831802  0.45772507
 -1.16151154 -0.49457183  0.36531159 -0.11127685 -1.6503319  -0.0411836
 -0.85969946  2.81180819 -1.06239721 -1.38014461 -0.9488421   1.07796057
  1.85225117 -0.69616369  1.9723189  -2.1941703  -0.3472789  -0.73251901
 -2.89008939  3.16480392 -1.63194763  3.13521736 -1.26603282 -2.70847973
  3.36217358 -1.23320906 -0.77649431 -2.88407984 -2.71720568  2.54564665
 -2.1365488  -2.04711425 -0.18154957  3.14998636  0.24664855  0.2138507
 -1.25020597 -0.67764223 -1.7337729  -3.03025617  2.87033097  1.23550241
 -0.48570589 -2.18839077  1.10971227 -1.10586704 -0.49042002 -2.73954448
 -2.06517578  1.86554938 -0.87381665  2.62186422 -0.45419386 -2.67152207
 -2.82019862  2.26182873 -3.14422816 -0.4453553  -1.00235128 -0.24660568
  2.34754106  1.84025126  0.01820747 -2.55288908 -2.65891858  0.24436441
 -0.76666606  1.24525273 -2.62770939  1.12505119 -0.38398102  0.42076026
  1.91903028  0.45812398  0.65075778 -1.27158011  1.79161532  2.93982371
  0.99594333  0.22179885 -1.14180283  2.42278888  0.72673264 -1.90978051
 -0.05037463  1.87093374  0.98665172 -1.08002304 -2.30130642  2.22237946
  2.0039839   1.92831693  2.29723922  1.91577455 -1.66121892 -3.10389213
  0.42851737  1.34475491 -2.26275515 -1.12582774  2.31183379  1.39293532
 -0.27196088 -1.8444192  -1.64824492  1.96528755  1.30723811 -1.01188804
 -0.23076915 -0.69310556 -0.30339095  2.30246628 -0.66193798 -0.93534198
  0.775899   -2.35268904  0.5902635   2.7842255  -0.35243392  2.04721288
 -1.86125694 -1.35337076 -2.5973527  -2.42274033 -1.50154978 -3.02896915
  2.01619765  1.78190171  1.58152186  1.12534149  1.58819264 -2.44422157
 -2.50736127  1.7890879   1.03427682 -0.29186562 -2.47720602  1.4309906
 -1.04394318 -3.04761278 -0.04720992  1.89750139 -2.7012931  -2.36816911
  1.87611295  1.029667   -0.62617107 -0.49631154 -0.92140519  1.96405482
  0.47262962 -0.35622741  0.40183138 -2.26661836  1.26137155 -0.15329746
  2.40235008  1.23320669  2.87809964 -1.05733147  2.10171959 -0.42989273
 -3.26841921  2.20322963  0.81147327  1.92880986 -1.28918971  1.43909578
 -2.1217149   0.20897205  0.08303959 -2.79059218 -0.90191169 -2.39307731
  0.07227683 -0.56899255]
Sat May 25 16:27:25 2024,396,0.09593801251704996,[-4.65840945  2.36664708 -1.84107031 -0.1241058   0.18673814 -2.68765555
  3.01282924  2.10570749  1.45519342 -0.9253696   0.61239754  1.09170828
  1.13210863 -1.54196529  0.77712298  2.80622521 -0.79815752 -0.6369202
 -1.75471605  0.60195386  1.6765786   2.99185287 -1.20875249 -0.31571111
 -2.42357116 -2.33802892  2.99456746  2.76322851 -0.54433482 -2.36482628
  1.48280098 -0.05851491 -2.31786513  2.09554681  1.28952781 -0.63854479
  0.84776971 -2.31880867 -0.02589651  2.15332715 -0.16394943  0.38887357
  2.71395932  1.04622006  2.46284413  3.16174236  2.64141101 -2.93931611
  0.265374   -0.81573541  1.75888096  2.8639965  -0.51094721 -2.31763886
  2.78735769 -3.21077011  0.79395827 -0.63488721 -1.74135412  2.69818969
 -1.80955203 -1.58813965 -2.30390553  2.18799896 -2.45128677  2.13559621
  2.0746479   1.53540692  2.38308634  2.80474803  1.64887451  1.20012512
 -1.51324687 -2.22927244  1.47129718  0.71194858  1.31361083 -3.0140234
 -0.37770174  2.51831787 -1.03585485  1.2875099   1.48328344  0.54455691
 -0.83301978  1.11514805  0.66824411 -0.38369261  2.80474352 -1.99307533
  1.53803563 -0.48681225  1.09034231 -2.84976307 -2.45831667  0.45772643
 -1.16151019 -0.49457048  0.36531024 -0.1112755  -1.65033055 -0.04118225
 -0.85969811  2.81180684 -1.06239856 -1.38014326 -0.94884075  1.07796192
  1.85225252 -0.69616234  1.97232025 -2.19416895 -0.34727755 -0.73252036
 -2.89008804  3.16480527 -1.63194628  3.13521601 -1.26603417 -2.70848108
  3.36217494 -1.23321041 -0.77649566 -2.88408119 -2.71720703  2.5456453
 -2.13654745 -2.0471129  -0.18154821  3.14998771  0.2466472   0.21384935
 -1.25020732 -0.67764088 -1.73377155 -3.03025482  2.87032962  1.23550106
 -0.48570724 -2.18838942  1.10971363 -1.10586569 -0.49041867 -2.73954313
 -2.06517443  1.86555073 -0.873818    2.62186287 -0.45419251 -2.67152072
 -2.82019997  2.26183008 -3.14422681 -0.44535665 -1.00234993 -0.24660703
  2.3475397   1.84025261  0.01820612 -2.55288773 -2.65891723  0.24436306
 -0.76666471  1.24525138 -2.62771074  1.12505254 -0.38398237  0.42075891
  1.91902893  0.45812533  0.65075913 -1.27157876  1.79161667  2.93982236
  0.99594198  0.2218002  -1.14180148  2.42278753  0.72673129 -1.90977915
 -0.05037598  1.87093239  0.98665037 -1.08002169 -2.30130777  2.22237811
  2.00398255  1.92831828  2.29724057  1.9157759  -1.66122027 -3.10389348
  0.42851872  1.34475626 -2.2627565  -1.12582639  2.31183515  1.39293667
 -0.27195953 -1.84442055 -1.64824357  1.9652862   1.30723946 -1.01188669
 -0.2307705  -0.69310691 -0.3033923   2.30246493 -0.66193933 -0.93534063
  0.77589765 -2.35269039  0.59026215  2.78422415 -0.35243527  2.04721153
 -1.86125559 -1.35337211 -2.59735135 -2.42273898 -1.50154843 -3.0289678
  2.0161963   1.78190306  1.58152051  1.12534013  1.58819399 -2.44422022
 -2.50736262  1.78908925  1.03427817 -0.29186697 -2.47720467  1.43098925
 -1.04394183 -3.04761413 -0.04720857  1.89750003 -2.70129445 -2.36817046
  1.8761143   1.02966565 -0.62617243 -0.49631289 -0.92140654  1.96405347
  0.47262827 -0.35622606  0.40183273 -2.26661971  1.2613702  -0.15329881
  2.40235143  1.23320534  2.87810099 -1.05733282  2.10171824 -0.42989408
 -3.26841786  2.20322828  0.81147192  1.92880851 -1.28919106  1.43909713
 -2.12171625  0.2089734   0.08303824 -2.79059353 -0.90191304 -2.39307596
  0.07227548 -0.5689939 ]
Sat May 25 16:27:58 2024,397,0.09593801234569393,[-4.65841077  2.36664576 -1.84106899 -0.12410448  0.18673946 -2.68765687
  3.01282792  2.10570881  1.45519474 -0.92536828  0.61239622  1.09170696
  1.13210996 -1.54196661  0.7771243   2.80622389 -0.7981562  -0.63692152
 -1.75471737  0.60195518  1.67657728  2.99185419 -1.20875381 -0.31571243
 -2.42356984 -2.33803024  2.99456878  2.76322719 -0.54433614 -2.36482496
  1.4828023  -0.05851623 -2.31786381  2.09554814  1.28952913 -0.63854347
  0.84776839 -2.31880735 -0.02589783  2.15332583 -0.16394811  0.38887489
  2.71396064  1.04621873  2.46284545  3.16174104  2.64140969 -2.93931743
  0.26537532 -0.81573673  1.75888228  2.86399782 -0.51094589 -2.31763754
  2.78735901 -3.21077143  0.79395695 -0.63488589 -1.74135544  2.69819101
 -1.80955335 -1.58813833 -2.30390685  2.18799764 -2.45128545  2.13559753
  2.07464922  1.53540824  2.38308766  2.80474935  1.64887319  1.2001238
 -1.51324555 -2.22927112  1.4712985   0.7119499   1.31361215 -3.01402472
 -0.37770042  2.51831919 -1.03585353  1.28751122  1.48328212  0.54455559
 -0.83301846  1.11514937  0.66824279 -0.38369129  2.8047422  -1.99307665
  1.53803695 -0.48681357  1.09034099 -2.84976439 -2.45831799  0.4577251
 -1.16151151 -0.4945718   0.36531156 -0.11127682 -1.65033187 -0.04118093
 -0.85969943  2.81180552 -1.06239988 -1.38014194 -0.94884207  1.07796324
  1.8522512  -0.69616366  1.97232157 -2.19416763 -0.34727887 -0.73251904
 -2.89008672  3.16480659 -1.63194496  3.13521733 -1.26603549 -2.7084824
  3.36217361 -1.23321173 -0.77649434 -2.88408251 -2.71720571  2.54564398
 -2.13654877 -2.04711422 -0.18154954  3.14998903  0.24664588  0.21384803
 -1.25020864 -0.67763956 -1.73377023 -3.03025614  2.87033094  1.23550238
 -0.48570592 -2.1883881   1.10971495 -1.10586437 -0.49041999 -2.73954445
 -2.06517311  1.86555205 -0.87381668  2.62186419 -0.45419383 -2.6715194
 -2.82020129  2.2618314  -3.14422813 -0.44535533 -1.00234861 -0.24660835
  2.34754103  1.84025129  0.0182048  -2.55288905 -2.65891591  0.24436173
 -0.76666603  1.24525006 -2.62770942  1.12505122 -0.38398105  0.42076023
  1.91903025  0.45812401  0.65075781 -1.27158008  1.79161799  2.93982104
  0.9959433   0.22180152 -1.1418028   2.42278885  0.72673261 -1.90978048
 -0.0503773   1.87093371  0.98665169 -1.08002301 -2.30130909  2.22237943
  2.00398123  1.9283196   2.29723925  1.91577458 -1.66121895 -3.1038948
  0.4285174   1.34475758 -2.26275518 -1.12582507  2.31183647  1.39293799
 -0.27195821 -1.84441923 -1.64824225  1.96528752  1.30723814 -1.01188537
 -0.23076918 -0.69310559 -0.30339098  2.30246361 -0.66193801 -0.93533931
  0.77589897 -2.35269171  0.59026083  2.78422547 -0.35243659  2.04721021
 -1.86125691 -1.35337079 -2.59735267 -2.42273766 -1.50154711 -3.02896912
  2.01619498  1.78190438  1.58151919  1.12533881  1.58819531 -2.4442189
 -2.50736394  1.78908793  1.03427949 -0.29186565 -2.47720335  1.43098793
 -1.04394315 -3.04761545 -0.04720725  1.89750136 -2.70129313 -2.36817178
  1.87611562  1.02966697 -0.6261711  -0.49631157 -0.92140522  1.96405479
  0.47262959 -0.35622738  0.40183405 -2.26662103  1.26136888 -0.15330013
  2.40235011  1.23320666  2.87809967 -1.05733414  2.10171691 -0.42989276
 -3.26841918  2.2032296   0.8114706   1.92880983 -1.28919239  1.43909845
 -2.12171757  0.20897472  0.08303956 -2.79059221 -0.90191436 -2.39307464
  0.0722768  -0.56899522]
Sat May 25 16:28:21 2024,398,0.09593801218005031,[-4.65841206  2.36664705 -1.84107028 -0.12410578  0.18673817 -2.68765558
  3.01282921  2.1057101   1.45519345 -0.92536957  0.61239493  1.09170567
  1.13210866 -1.5419679   0.77712559  2.8062226  -0.79815749 -0.63692281
 -1.75471608  0.60195389  1.67657857  2.99185548 -1.2087551  -0.31571372
 -2.42356855 -2.33802895  2.99457007  2.76322848 -0.54433485 -2.36482626
  1.48280359 -0.05851494 -2.3178651   2.09554943  1.28952784 -0.63854476
  0.84776968 -2.31880606 -0.02589654  2.15332454 -0.16394682  0.3888736
  2.71396193  1.04622003  2.46284674  3.16174233  2.6414084  -2.93931872
  0.26537403 -0.81573544  1.75888099  2.86399653 -0.51094718 -2.31763883
  2.78735772 -3.21077014  0.79395566 -0.6348846  -1.74135673  2.69818972
 -1.80955206 -1.58813963 -2.30390814  2.18799893 -2.45128416  2.13559882
  2.07465051  1.53540953  2.38308637  2.80475064  1.6488719   1.20012251
 -1.51324684 -2.22926982  1.47129721  0.71195119  1.31361344 -3.01402343
 -0.37770171  2.51832048 -1.03585482  1.28750993  1.48328341  0.5445543
 -0.83301717  1.11515066  0.6682415  -0.38369258  2.80474349 -1.99307536
  1.53803824 -0.48681486  1.0903397  -2.84976568 -2.45831928  0.4577264
 -1.16151022 -0.49457051  0.36531027 -0.11127811 -1.65033058 -0.04117964
 -0.85969814  2.81180681 -1.06240117 -1.38014065 -0.94884078  1.07796195
  1.85225249 -0.69616495  1.97232028 -2.19416634 -0.34727758 -0.73252033
 -2.89008801  3.1648053  -1.63194625  3.13521863 -1.26603678 -2.70848111
  3.36217491 -1.23321302 -0.77649305 -2.88408122 -2.71720442  2.54564528
 -2.13655006 -2.04711551 -0.18155083  3.14998774  0.24664459  0.21384932
 -1.25020735 -0.67764085 -1.73377152 -3.03025485  2.87032965  1.23550109
 -0.48570463 -2.18838681  1.10971365 -1.10586566 -0.4904187  -2.73954316
 -2.06517182  1.86555076 -0.87381538  2.6218629  -0.45419254 -2.6715181
 -2.8202      2.26183011 -3.14422942 -0.44535662 -1.0023499  -0.24660706
  2.34754232  1.84025     0.01820609 -2.55289034 -2.65891462  0.24436303
 -0.76666474  1.24525135 -2.62771071  1.12505251 -0.38398234  0.42075894
  1.91902896  0.45812272  0.65075652 -1.27158137  1.79161928  2.93981975
  0.99594459  0.22180023 -1.14180409  2.42278756  0.72673131 -1.90977918
 -0.05037859  1.87093242  0.9866504  -1.0800243  -2.30131039  2.22238072
  2.00398252  1.92832089  2.29724055  1.91577587 -1.66121766 -3.10389609
  0.42851869  1.34475629 -2.26275389 -1.12582378  2.31183517  1.39293929
 -0.27195692 -1.84442052 -1.64824354  1.96528623  1.30723685 -1.01188408
 -0.23076789 -0.6931043  -0.30338969  2.30246232 -0.66193672 -0.93534061
  0.77589768 -2.352693    0.59025954  2.78422677 -0.3524353   2.04721151
 -1.8612582  -1.3533695  -2.59735138 -2.42273895 -1.50154582 -3.02897041
  2.01619627  1.78190567  1.5815179   1.12533752  1.58819402 -2.44422019
 -2.50736523  1.78908664  1.03428078 -0.29186695 -2.47720205  1.43098664
 -1.04394444 -3.04761674 -0.04720596  1.89750265 -2.70129184 -2.36817049
  1.87611433  1.02966568 -0.6261724  -0.49631286 -0.92140393  1.9640535
  0.47262829 -0.35622867  0.40183534 -2.26662232  1.26137018 -0.15329884
  2.4023514   1.23320537  2.87810096 -1.05733543  2.10171562 -0.42989406
 -3.26841789  2.20322831  0.81146931  1.92880854 -1.28919109  1.43909974
 -2.12171628  0.20897601  0.08303827 -2.7905935  -0.90191307 -2.39307335
  0.07227551 -0.56899393]
Sat May 25 16:28:45 2024,399,0.09593801201990204,[-4.65841332  2.36664579 -1.84106902 -0.12410451  0.1867369  -2.68765431
  3.01283047  2.10571136  1.45519219 -0.92536831  0.61239367  1.09170693
  1.1321074  -1.54196663  0.77712433  2.80622386 -0.79815622 -0.63692155
 -1.75471482  0.60195262  1.67657731  2.99185674 -1.20875637 -0.31571498
 -2.42356728 -2.33802769  2.99456881  2.76322975 -0.54433612 -2.36482752
  1.48280233 -0.05851367 -2.31786384  2.09555069  1.2895291  -0.63854349
  0.84777095 -2.3188048  -0.02589528  2.1533258  -0.16394556  0.38887234
  2.71396067  1.04621876  2.46284548  3.1617436   2.64140966 -2.93931998
  0.26537276 -0.8157367   1.75888225  2.86399779 -0.51094844 -2.3176401
  2.78735898 -3.21076888  0.7939544  -0.63488334 -1.74135799  2.69818846
 -1.80955332 -1.58814089 -2.30390941  2.18800019 -2.45128542  2.13560008
  2.07464925  1.53540827  2.38308763  2.8047519   1.64887317  1.20012378
 -1.51324558 -2.22926856  1.47129847  0.71194993  1.31361218 -3.01402469
 -0.37770045  2.51832174 -1.03585355  1.2875112   1.48328468  0.54455556
 -0.83301843  1.11515192  0.66824276 -0.38369384  2.80474475 -1.99307662
  1.5380395  -0.4868136   1.09034096 -2.84976695 -2.45832055  0.45772766
 -1.16150896 -0.49457177  0.36531153 -0.11127685 -1.65032932 -0.04117837
 -0.8596994   2.81180555 -1.06239991 -1.38013939 -0.94883951  1.07796321
  1.85225123 -0.69616369  1.97232154 -2.19416508 -0.34727885 -0.73252159
 -2.89008927  3.16480656 -1.63194751  3.13521736 -1.26603804 -2.70847985
  3.36217364 -1.23321176 -0.77649432 -2.88408248 -2.71720568  2.54564401
 -2.1365488  -2.04711677 -0.18155209  3.149989    0.24664585  0.21384806
 -1.25020861 -0.67763958 -1.73377026 -3.03025358  2.87032839  1.23549983
 -0.48570589 -2.18838554  1.10971492 -1.10586439 -0.49041996 -2.73954442
 -2.06517308  1.8655495  -0.87381412  2.62186416 -0.4541938  -2.67151684
 -2.82020126  2.26183138 -3.14422816 -0.44535536 -1.00234864 -0.2466058
  2.34754358  1.84025126  0.01820736 -2.55289161 -2.65891335  0.24436176
 -0.766666    1.24525261 -2.62770945  1.12505377 -0.38398108  0.4207602
  1.9190277   0.45812146  0.65075526 -1.27158011  1.79161802  2.93982101
  0.99594586  0.22180149 -1.14180283  2.4227863   0.72673258 -1.90977792
 -0.05037733  1.87093115  0.98665166 -1.08002556 -2.30130912  2.22237946
  2.00398379  1.92832216  2.29724181  1.91577461 -1.66121892 -3.10389736
  0.42851996  1.34475755 -2.26275263 -1.12582505  2.31183391  1.39294055
 -0.27195818 -1.84441926 -1.6482448   1.96528497  1.30723811 -1.01188534
 -0.23076663 -0.69310304 -0.30339095  2.30246106 -0.66193798 -0.93533934
  0.77589894 -2.35269427  0.5902608   2.78422803 -0.35243403  2.04721277
 -1.86125694 -1.35337076 -2.59735264 -2.42273768 -1.50154456 -3.02896915
  2.01619753  1.78190694  1.58151664  1.12533626  1.58819528 -2.44422145
 -2.50736396  1.7890879   1.03428205 -0.29186568 -2.47720332  1.43098538
 -1.0439457  -3.04761548 -0.04720722  1.89750391 -2.70129058 -2.36817175
  1.87611307  1.02966441 -0.62617113 -0.4963116  -0.92140519  1.96405223
  0.47262956 -0.35622741  0.40183408 -2.26662106  1.26136891 -0.1533001
  2.40235266  1.23320411  2.87810222 -1.05733669  2.10171436 -0.42989532
 -3.26841662  2.20322957  0.81147057  1.92880728 -1.28919236  1.43909848
 -2.12171754  0.20897727  0.08303701 -2.79059476 -0.90191181 -2.39307461
  0.07227678 -0.56899519]
Sat May 25 16:29:19 2024,400,0.09593801186504158,[-4.65841456  2.36664456 -1.84107025 -0.12410328  0.18673814 -2.68765308
  3.0128317   2.1057126   1.45519096 -0.92536708  0.61239491  1.0917057
  1.13210617 -1.5419654   0.77712309  2.80622263 -0.79815499 -0.63692031
 -1.75471358  0.60195386  1.67657855  2.99185797 -1.20875513 -0.31571622
 -2.42356852 -2.33802645  2.99457005  2.76322851 -0.54433735 -2.36482628
  1.48280357 -0.05851491 -2.31786507  2.09555192  1.28952786 -0.63854226
  0.84776971 -2.31880603 -0.02589651  2.15332704 -0.16394679  0.38887357
  2.7139619   1.04622     2.46284424  3.16174483  2.64141089 -2.93932122
  0.26537153 -0.81573547  1.75888101  2.86399656 -0.51094968 -2.31764133
  2.78735774 -3.21077012  0.79395563 -0.63488457 -1.74135923  2.69818969
 -1.80955209 -1.58813965 -2.30390817  2.18800142 -2.45128665  2.13560132
  2.07464802  1.53540704  2.3830864   2.80475067  1.64887193  1.20012501
 -1.51324681 -2.22926733  1.47129723  0.71195116  1.31361095 -3.01402593
 -0.37769921  2.51832298 -1.03585232  1.28751243  1.48328344  0.54455432
 -0.83301967  1.11515316  0.668244   -0.3836926   2.80474599 -1.99307538
  1.53804074 -0.48681484  1.09033973 -2.84976818 -2.45831931  0.45772642
 -1.16151019 -0.49457054  0.36531029 -0.11127561 -1.65033055 -0.04117961
 -0.85970063  2.81180678 -1.06239867 -1.38014062 -0.94884075  1.07796198
  1.85224999 -0.69616245  1.97232278 -2.19416631 -0.34728008 -0.73252036
 -2.89008803  3.16480533 -1.63194874  3.13521613 -1.26603681 -2.70848108
  3.36217488 -1.23321052 -0.77649308 -2.88408125 -2.71720445  2.54564525
 -2.13655003 -2.04711801 -0.18155085  3.14999023  0.24664462  0.21384929
 -1.25020985 -0.67764082 -1.73377149 -3.03025235  2.87032962  1.23550106
 -0.48570465 -2.18838431  1.10971368 -1.10586563 -0.49041873 -2.73954318
 -2.06517432  1.86555073 -0.87381289  2.62186292 -0.45419256 -2.67151561
 -2.82020002  2.26183261 -3.14422693 -0.44535659 -1.00234987 -0.24660457
  2.34754481  1.84025002  0.01820612 -2.55289284 -2.65891459  0.24436053
 -0.76666476  1.24525385 -2.62771068  1.12505501 -0.38397984  0.42076143
  1.91902894  0.4581227   0.65075402 -1.27157887  1.79161925  2.93982225
  0.99594709  0.22180026 -1.1418016   2.42278506  0.72673381 -1.90977916
 -0.05037856  1.87092992  0.98665043 -1.08002433 -2.30130789  2.22238069
  2.00398255  1.92832339  2.29724057  1.91577338 -1.66122015 -3.10389612
  0.42851872  1.34475631 -2.26275386 -1.12582628  2.31183515  1.39294178
 -0.27195942 -1.8444205  -1.64824357  1.96528373  1.30723934 -1.01188411
 -0.2307654  -0.6931018  -0.30339219  2.30246229 -0.66193675 -0.93533811
  0.77590017 -2.3526955   0.59026204  2.78422926 -0.35243527  2.04721153
 -1.86125571 -1.353372   -2.59735387 -2.42273645 -1.50154332 -3.02896791
  2.01619877  1.78190817  1.58151787  1.1253375   1.58819404 -2.44422022
 -2.5073652   1.78908666  1.03428081 -0.29186445 -2.47720208  1.43098414
 -1.04394693 -3.04761425 -0.04720599  1.89750514 -2.70128934 -2.36817052
  1.87611183  1.02966318 -0.62617237 -0.49631283 -0.92140643  1.964051
  0.47263079 -0.35622617  0.40183531 -2.26661983  1.26137015 -0.15330134
  2.4023539   1.23320288  2.87810346 -1.05733546  2.1017156  -0.42989655
 -3.26841539  2.20322834  0.81146934  1.92880605 -1.28919359  1.43909972
 -2.12171877  0.2089785   0.08303577 -2.79059353 -0.90191057 -2.39307338
  0.07227801 -0.56899396]
Sat May 25 16:29:43 2024,401,0.09593801171527061,[-4.65841576  2.36664335 -1.84107146 -0.12410207  0.18673935 -2.68765187
  3.01283291  2.10571139  1.45519216 -0.92536587  0.61239611  1.09170449
  1.13210496 -1.54196661  0.77712189  2.80622383 -0.7981562  -0.63691911
 -1.75471238  0.60195507  1.67657734  2.99185918 -1.20875392 -0.31571501
 -2.42356973 -2.33802766  2.99457125  2.7632273  -0.54433614 -2.36482749
  1.48280236 -0.0585137  -2.31786628  2.09555313  1.28952907 -0.63854105
  0.84776851 -2.31880724 -0.02589531  2.15332825 -0.163948    0.38887237
  2.71396311  1.04622121  2.46284545  3.16174362  2.6414121  -2.93932243
  0.26537274 -0.81573668  1.75887981  2.86399776 -0.51094847 -2.31764012
  2.78735895 -3.21077132  0.79395442 -0.63488336 -1.74135802  2.69818849
 -1.80955088 -1.58814086 -2.30390938  2.18800263 -2.45128786  2.13560252
  2.07464681  1.53540824  2.38308519  2.80475187  1.64887072  1.20012622
 -1.5132456  -2.22926853  1.47129844  0.71194995  1.31360974 -3.01402713
 -0.37769801  2.51832177 -1.03585353  1.28751364  1.48328465  0.54455553
 -0.83302088  1.11515437  0.66824279 -0.38369381  2.80474478 -1.99307659
  1.53804194 -0.48681604  1.09033852 -2.84976697 -2.45831811  0.45772763
 -1.1615114  -0.49457174  0.3653115  -0.1112744  -1.65033176 -0.04118081
 -0.85970184  2.81180558 -1.06239988 -1.38014183 -0.94883954  1.07796318
  1.85224879 -0.69616366  1.97232398 -2.19416511 -0.34727887 -0.73252156
 -2.89008924  3.16480412 -1.63194754  3.13521492 -1.26603801 -2.70847988
  3.36217609 -1.23321173 -0.77649429 -2.88408004 -2.71720566  2.54564404
 -2.13654883 -2.04711922 -0.18155206  3.14999144  0.24664583  0.21384808
 -1.25021105 -0.67763961 -1.73377029 -3.03025114  2.87033083  1.23550227
 -0.48570586 -2.18838552  1.10971489 -1.10586684 -0.49041994 -2.73954439
 -2.06517311  1.86554953 -0.87381168  2.62186172 -0.45419377 -2.6715144
 -2.82019882  2.2618314  -3.14422572 -0.4453578  -1.00235108 -0.24660577
  2.34754361  1.84024882  0.01820491 -2.55289163 -2.65891338  0.24435932
 -0.76666356  1.24525264 -2.62770948  1.12505621 -0.38398105  0.42076264
  1.91902773  0.45812149  0.65075523 -1.27157767  1.79162046  2.93982104
  0.99594588  0.22179905 -1.1418028   2.42278385  0.7267326  -1.90977795
 -0.05037736  1.87092871  0.98665164 -1.08002553 -2.30130668  2.22237948
  2.00398134  1.9283246   2.29723937  1.91577217 -1.66121895 -3.10389733
  0.42851993  1.34475752 -2.26275507 -1.12582749  2.31183394  1.39294299
 -0.27196063 -1.84441929 -1.64824236  1.96528494  1.30723814 -1.0118829
 -0.2307666  -0.69310059 -0.30339339  2.30246108 -0.66193554 -0.93533932
  0.77589897 -2.35269429  0.59026083  2.78423047 -0.35243406  2.04721274
 -1.86125691 -1.35337079 -2.59735508 -2.42273766 -1.50154453 -3.02896671
  2.01619997  1.78190696  1.58151667  1.1253387   1.58819284 -2.44421901
 -2.50736641  1.78908546  1.0342796  -0.29186324 -2.47720329  1.43098535
 -1.04394573 -3.04761545 -0.04720478  1.89750394 -2.70128814 -2.36817172
  1.87611304  1.02966439 -0.62617357 -0.49631404 -0.92140522  1.96405221
  0.47262958 -0.35622738  0.40183652 -2.26662103  1.26137135 -0.15330013
  2.4023551   1.23320167  2.87810225 -1.05733425  2.10171439 -0.42989776
 -3.26841418  2.20322713  0.81147055  1.92880725 -1.28919238  1.43910092
 -2.12171998  0.20897971  0.08303698 -2.79059473 -0.90191178 -2.39307459
  0.07227922 -0.56899517]
Sat May 25 16:30:09 2024,402,0.09593801157039802,[-4.65841694  2.36664217 -1.84107028 -0.12410089  0.18674053 -2.68765069
  3.01283409  2.10571257  1.45519098 -0.92536469  0.61239493  1.09170331
  1.13210378 -1.54196543  0.77712071  2.80622265 -0.79815502 -0.63692029
 -1.7547112   0.60195389  1.67657616  2.99186036 -1.20875274 -0.31571619
 -2.42356855 -2.33802884  2.99457243  2.76322612 -0.54433496 -2.36482631
  1.48280354 -0.05851252 -2.31786746  2.09555431  1.28952789 -0.63854223
  0.84776969 -2.31880842 -0.02589413  2.15332943 -0.16394682  0.38887119
  2.71396429  1.04622239  2.46284663  3.16174244  2.64141092 -2.93932125
  0.26537392 -0.81573786  1.75888099  2.86399658 -0.51094729 -2.31763894
  2.78736013 -3.2107725   0.79395324 -0.63488218 -1.74135684  2.69818967
 -1.8095497  -1.58813968 -2.3039082   2.18800145 -2.45128904  2.13560134
  2.07464563  1.53540706  2.38308401  2.80475069  1.64886954  1.20012504
 -1.51324442 -2.22926971  1.47129962  0.71194877  1.31360856 -3.01402832
 -0.37769919  2.51832059 -1.03585471  1.28751246  1.48328347  0.54455435
 -0.83302206  1.11515555  0.66824397 -0.38369499  2.80474596 -1.99307541
  1.53804312 -0.48681486  1.09033734 -2.84976815 -2.45831929  0.45772645
 -1.16151258 -0.49457292  0.36531032 -0.11127322 -1.65033058 -0.04117963
 -0.85970066  2.8118044  -1.0623987  -1.38014065 -0.94884072  1.077962
  1.85224997 -0.69616248  1.9723228  -2.19416393 -0.34727769 -0.73252274
 -2.89008806  3.1648053  -1.63194872  3.13521374 -1.26603683 -2.70847869
  3.3621749  -1.23321291 -0.77649547 -2.88407886 -2.71720684  2.54564522
 -2.13654765 -2.0471204  -0.18155088  3.14999026  0.24664701  0.2138469
 -1.25020987 -0.67764079 -1.73377147 -3.03025232  2.87033201  1.23550345
 -0.48570468 -2.1883867   1.10971371 -1.10586565 -0.49041876 -2.73954321
 -2.06517193  1.86554835 -0.8738105   2.62186054 -0.45419259 -2.67151322
 -2.82019764  2.26183022 -3.14422454 -0.44535898 -1.00235226 -0.24660459
  2.34754243  1.84024764  0.01820373 -2.55289281 -2.65891456  0.2443605
 -0.76666238  1.24525382 -2.62771066  1.12505503 -0.38397987  0.42076146
  1.91902655  0.45812031  0.65075405 -1.27157885  1.79161928  2.93982222
  0.99594706  0.22180023 -1.14180398  2.42278503  0.72673378 -1.90977913
 -0.05037854  1.87092753  0.98665282 -1.08002435 -2.30130786  2.2223783
  2.00398016  1.92832342  2.29724055  1.91577335 -1.66121777 -3.10389851
  0.42851875  1.3447587  -2.26275389 -1.12582631  2.31183276  1.39294417
 -0.27196181 -1.84441811 -1.64824118  1.96528376  1.30723932 -1.01188172
 -0.23076542 -0.69309941 -0.30339457  2.3024599  -0.66193672 -0.93533813
  0.77589779 -2.35269547  0.59026201  2.78422929 -0.35243288  2.04721392
 -1.8612581  -1.35336961 -2.59735626 -2.42273648 -1.50154335 -3.02896553
  2.01619879  1.78190814  1.58151785  1.12533988  1.58819402 -2.44422019
 -2.50736523  1.78908664  1.03428079 -0.29186206 -2.47720211  1.43098417
 -1.04394455 -3.04761664 -0.04720596  1.89750276 -2.70128932 -2.36817291
  1.87611422  1.02966557 -0.62617476 -0.49631286 -0.9214064   1.96405339
  0.4726284  -0.35622856  0.4018377  -2.26661985  1.26137017 -0.15330131
  2.40235629  1.23320285  2.87810343 -1.05733543  2.10171321 -0.42989658
 -3.268413    2.20322831  0.81146936  1.92880607 -1.2891912   1.4391021
 -2.12172116  0.20897853  0.0830358  -2.79059592 -0.90191296 -2.39307341
  0.07227804 -0.56899635]
Sat May 25 16:30:37 2024,403,0.09593801143024099,[-4.6584181   2.36664101 -1.84106912 -0.12410205  0.18673937 -2.68764954
  3.01283294  2.10571373  1.45519214 -0.92536353  0.61239609  1.09170216
  1.13210262 -1.54196658  0.77711955  2.8062215  -0.79815617 -0.63691913
 -1.75471004  0.60195504  1.67657731  2.99186152 -1.20875159 -0.31571734
 -2.4235697  -2.33802768  2.99457359  2.76322728 -0.54433612 -2.36482516
  1.48280469 -0.05851137 -2.31786861  2.09555547  1.28952674 -0.63854108
  0.84777084 -2.31880727 -0.02589297  2.15333058 -0.16394566  0.38887003
  2.71396314  1.04622123  2.46284778  3.1617436   2.64141207 -2.9393224
  0.26537507 -0.81573901  1.75887983  2.86399543 -0.51094844 -2.3176401
  2.78735898 -3.21077135  0.7939544  -0.63488103 -1.74135568  2.69818851
 -1.80954854 -1.58813853 -2.30390935  2.18800261 -2.45128789  2.13560019
  2.07464678  1.53540822  2.38308516  2.80474954  1.64886839  1.20012388
 -1.51324327 -2.22926856  1.47130078  0.71194993  1.31360971 -3.01402716
 -0.37770034  2.51832174 -1.03585586  1.2875113   1.48328462  0.5445532
 -0.83302321  1.11515439  0.66824282 -0.38369615  2.80474711 -1.99307426
  1.53804197 -0.48681602  1.09033849 -2.84976931 -2.45831813  0.45772761
 -1.16151143 -0.49457408  0.36531148 -0.11127438 -1.65033174 -0.04117848
 -0.85970182  2.81180324 -1.06239754 -1.3801418  -0.94883957  1.07796316
  1.85224881 -0.69616133  1.97232396 -2.19416277 -0.34727885 -0.73252159
 -2.89008691  3.16480645 -1.63194987  3.1352149  -1.26603799 -2.70847985
  3.36217606 -1.23321406 -0.77649662 -2.88407771 -2.71720568  2.54564407
 -2.1365488  -2.04712155 -0.18154973  3.14998911  0.24664585  0.21384575
 -1.25020872 -0.67763964 -1.73377031 -3.03025117  2.87033086  1.23550461
 -0.48570583 -2.18838554  1.10971255 -1.1058645  -0.49041991 -2.73954206
 -2.06517308  1.86554719 -0.87381165  2.62185938 -0.45419144 -2.67151207
 -2.82019648  2.26183138 -3.14422338 -0.44536014 -1.00235111 -0.24660344
  2.34754127  1.84024879  0.01820489 -2.55289166 -2.65891341  0.24436166
 -0.76666122  1.24525267 -2.6277095   1.12505388 -0.38397872  0.4207603
  1.9190277   0.45811915  0.6507529  -1.27157769  1.79161812  2.93982338
  0.99594822  0.22180139 -1.14180514  2.42278388  0.72673263 -1.90978028
 -0.05037969  1.87092638  0.98665166 -1.0800232  -2.30130902  2.22237946
  2.00398132  1.92832457  2.2972417   1.91577451 -1.66121892 -3.10389735
  0.42851759  1.34475755 -2.26275273 -1.12582746  2.31183391  1.39294532
 -0.27196065 -1.84441926 -1.64824002  1.96528491  1.30724047 -1.01188288
 -0.23076658 -0.69309826 -0.30339342  2.30245875 -0.66193787 -0.93533929
  0.77589894 -2.35269432  0.59026316  2.78423044 -0.35243403  2.04721277
 -1.86125925 -1.35337076 -2.59735741 -2.42273532 -1.5015445  -3.02896437
  2.01619995  1.7819093   1.58151669  1.12533873  1.58819286 -2.44421904
 -2.50736407  1.78908548  1.03428194 -0.29186091 -2.47720326  1.43098301
 -1.04394339 -3.04761779 -0.04720481  1.8975016  -2.70129047 -2.36817175
  1.87611537  1.02966672 -0.6261736  -0.49631171 -0.92140755  1.96405223
  0.47262725 -0.35622971  0.40183655 -2.2666187   1.26136902 -0.15330016
  2.40235744  1.2332017   2.87810228 -1.05733658  2.10171205 -0.42989773
 -3.26841185  2.20322716  0.81147052  1.92880723 -1.28919236  1.43910326
 -2.12172001  0.20897969  0.08303464 -2.79059476 -0.90191181 -2.39307225
  0.07227688 -0.5689975 ]
Sat May 25 16:31:00 2024,404,0.09593801129462365,[-4.65841923  2.36664214 -1.84107025 -0.12410317  0.1867405  -2.68764841
  3.01283181  2.1057126   1.45519327 -0.92536466  0.61239722  1.09170329
  1.1321015  -1.54196545  0.77712068  2.80622037 -0.7981573  -0.63692026
 -1.75471117  0.60195391  1.67657844  2.99186265 -1.20875046 -0.31571847
 -2.42356857 -2.33802881  2.99457472  2.76322615 -0.54433499 -2.36482403
  1.48280582 -0.05851024 -2.31786974  2.09555434  1.28952561 -0.63854221
  0.84777197 -2.31880614 -0.0258941   2.15333171 -0.16394453  0.38887116
  2.71396427  1.04622236  2.46284891  3.16174473  2.6414132  -2.93932353
  0.26537394 -0.81574014  1.75888096  2.8639943  -0.51094731 -2.31764123
  2.78736011 -3.21077248  0.79395327 -0.6348799  -1.74135456  2.69818738
 -1.80954967 -1.5881374  -2.30390822  2.18800148 -2.45128676  2.13560132
  2.07464565  1.53540935  2.38308404  2.80475067  1.64886726  1.20012501
 -1.51324214 -2.22926969  1.47129965  0.71195106  1.31361084 -3.01402603
 -0.37770147  2.51832061 -1.03585699  1.28751243  1.48328575  0.54455432
 -0.83302434  1.11515326  0.66824395 -0.38369728  2.80474599 -1.99307313
  1.5380431  -0.48681489  1.09033962 -2.84977044 -2.45831926  0.45772873
 -1.1615103  -0.49457295  0.36531261 -0.11127551 -1.65033061 -0.04117961
 -0.85970295  2.81180437 -1.06239867 -1.38014067 -0.9488407   1.07796429
  1.85224768 -0.69616246  1.97232283 -2.1941639  -0.34727998 -0.73252046
 -2.89008578  3.16480532 -1.63194874  3.13521377 -1.26603686 -2.70848098
  3.36217719 -1.23321293 -0.77649549 -2.88407884 -2.71720455  2.54564294
 -2.13654993 -2.04712268 -0.18155086  3.14998798  0.24664472  0.21384688
 -1.25020759 -0.67764077 -1.73376918 -3.03025004  2.87033198  1.23550348
 -0.48570696 -2.18838441  1.10971143 -1.10586337 -0.49041878 -2.73954318
 -2.06517196  1.86554832 -0.87381053  2.62185825 -0.45419256 -2.67151094
 -2.82019761  2.26183025 -3.14422451 -0.44536127 -1.00235223 -0.24660457
  2.3475424   1.84024766  0.01820602 -2.55289053 -2.65891228  0.24436279
 -0.76666235  1.2452538  -2.62770837  1.12505275 -0.38397759  0.42076143
  1.91902657  0.45812028  0.65075403 -1.27157656  1.79161699  2.93982225
  0.99594935  0.22180026 -1.14180401  2.42278275  0.7267315  -1.90978141
 -0.05038082  1.87092525  0.98665279 -1.08002207 -2.30130789  2.22238059
  2.00398019  1.92832344  2.29724057  1.91577563 -1.66121779 -3.10389848
  0.42851646  1.34475642 -2.26275386 -1.12582859  2.31183278  1.39294645
 -0.27196178 -1.84441813 -1.6482389   1.96528604  1.3072416  -1.01188175
 -0.23076545 -0.69309713 -0.30339455  2.30245988 -0.661939   -0.93534042
  0.77590007 -2.35269319  0.59026203  2.78423157 -0.35243291  2.0472139
 -1.86126038 -1.35337189 -2.59735854 -2.42273645 -1.50154337 -3.0289655
  2.01620108  1.78191043  1.58151782  1.1253376   1.58819399 -2.44421791
 -2.5073652   1.78908661  1.03428307 -0.29185978 -2.47720439  1.43098414
 -1.04394452 -3.04761666 -0.04720594  1.89750273 -2.70128934 -2.36817062
  1.8761165   1.02966785 -0.62617247 -0.49631284 -0.92140868  1.96405336
  0.47262612 -0.35623084  0.40183542 -2.26661757  1.26136789 -0.15330129
  2.40235631  1.23320057  2.87810341 -1.05733771  2.10171092 -0.4298966
 -3.26841298  2.20322603  0.81147165  1.92880836 -1.28919349  1.43910213
 -2.12172114  0.20897856  0.08303577 -2.79059589 -0.90191294 -2.39307338
  0.07227801 -0.56899637]
Sat May 25 16:31:28 2024,405,0.09593801116337855,[-4.65842033  2.36664104 -1.84106915 -0.12410207  0.1867394  -2.68764951
  3.0128307   2.1057137   1.45519216 -0.92536577  0.61239611  1.09170218
  1.1321026  -1.54196656  0.77711958  2.80622147 -0.7981562  -0.63691916
 -1.75471228  0.60195281  1.67657955  2.99186375 -1.20875156 -0.31571737
 -2.42356747 -2.33802771  2.99457582  2.76322725 -0.54433388 -2.36482513
  1.48280693 -0.05851134 -2.31787085  2.09555323  1.28952671 -0.6385411
  0.84777307 -2.31880724 -0.025893    2.15333281 -0.16394343  0.38887006
  2.71396316  1.04622126  2.46285002  3.16174362  2.6414121  -2.93932463
  0.26537284 -0.81573904  1.75888207  2.8639954  -0.51094842 -2.31764012
  2.78736121 -3.21077137  0.79395217 -0.6348788  -1.74135566  2.69818628
 -1.80954857 -1.5881385  -2.30390712  2.18800037 -2.45128786  2.13560242
  2.07464676  1.53540824  2.38308514  2.80474956  1.64886616  1.20012391
 -1.51324324 -2.22926859  1.47130075  0.71195216  1.31361195 -3.01402493
 -0.37770257  2.51831951 -1.03585809  1.28751133  1.48328686  0.54455543
 -0.83302324  1.11515216  0.66824505 -0.38369617  2.80474488 -1.99307202
  1.5380442  -0.48681599  1.09033852 -2.84976933 -2.45831816  0.45772763
 -1.16150919 -0.49457405  0.3653115  -0.1112744  -1.6503295  -0.0411785
 -0.85970405  2.81180548 -1.06239978 -1.38013957 -0.94883959  1.07796539
  1.85224658 -0.69616135  1.97232393 -2.194165   -0.34727887 -0.73251936
 -2.89008467  3.16480422 -1.63194764  3.13521487 -1.26603575 -2.70848208
  3.36217608 -1.23321404 -0.77649439 -2.88407773 -2.71720566  2.54564183
 -2.13654882 -2.04712158 -0.18155196  3.14998687  0.24664583  0.21384577
 -1.25020648 -0.67763966 -1.73376808 -3.03025114  2.87033088  1.23550237
 -0.48570586 -2.18838552  1.10971032 -1.10586227 -0.49041768 -2.73954429
 -2.06517085  1.86554722 -0.87380942  2.62185936 -0.45419367 -2.67150983
 -2.82019871  2.26183135 -3.14422562 -0.44536237 -1.00235113 -0.24660567
  2.3475435   1.84024877  0.01820491 -2.55288943 -2.65891338  0.24436168
 -0.76666125  1.24525269 -2.62770727  1.12505165 -0.38397648  0.42076254
  1.91902768  0.45811918  0.65075513 -1.27157767  1.79161589  2.93982335
  0.99594824  0.22179915 -1.14180511  2.42278385  0.72673261 -1.90978031
 -0.05037972  1.87092414  0.98665389 -1.08002096 -2.30130678  2.22238169
  2.00397909  1.92832455  2.29723947  1.91577674 -1.66121669 -3.10389959
  0.42851757  1.34475531 -2.26275497 -1.12582749  2.31183168  1.39294535
 -0.27196068 -1.84441703 -1.64824     1.96528494  1.3072427  -1.01188285
 -0.23076434 -0.69309823 -0.30339344  2.30245877 -0.6619379  -0.93534152
  0.77589897 -2.35269209  0.59026093  2.78423047 -0.3524318   2.047215
 -1.86125927 -1.353373   -2.59735965 -2.42273756 -1.50154227 -3.0289666
  2.01620218  1.78191153  1.58151672  1.1253387   1.5881951  -2.4442168
 -2.5073641   1.78908551  1.03428196 -0.29185867 -2.4772055   1.43098304
 -1.04394563 -3.04761556 -0.04720483  1.89750383 -2.70128824 -2.36816952
  1.87611761  1.02966896 -0.62617137 -0.49631173 -0.92140979  1.96405226
  0.47262722 -0.35623195  0.40183431 -2.26661647  1.26136679 -0.15330018
  2.40235741  1.23319946  2.87810451 -1.05733882  2.10170982 -0.4298955
 -3.26841408  2.20322492  0.81147275  1.92880725 -1.28919238  1.43910323
 -2.12172003  0.20897745  0.08303467 -2.79059479 -0.90191404 -2.39307449
  0.07227691 -0.56899527]
Sat May 25 16:31:51 2024,406,0.09593801103634413,[-4.65842141  2.36664212 -1.84107023 -0.12410099  0.18673832 -2.68765059
  3.01282962  2.10571478  1.45519324 -0.92536685  0.61239503  1.09170326
  1.13210152 -1.54196548  0.77712066  2.80622255 -0.79815728 -0.63691808
 -1.75471336  0.60195173  1.67657847  2.99186483 -1.20875264 -0.31571629
 -2.42356855 -2.33802879  2.9945769   2.76322833 -0.5443328  -2.36482405
  1.48280801 -0.05851026 -2.31787193  2.09555431  1.28952779 -0.63854218
  0.84777415 -2.31880616 -0.02589192  2.15333173 -0.16394451  0.38886898
  2.71396208  1.04622234  2.46284894  3.1617447   2.64141102 -2.93932355
  0.26537392 -0.81573796  1.75888315  2.86399432 -0.51094734 -2.31763904
  2.78736013 -3.21077245  0.79395109 -0.63487772 -1.74135674  2.69818736
 -1.80954965 -1.58813742 -2.3039082   2.18799929 -2.45128678  2.13560134
  2.07464568  1.53540932  2.38308622  2.80474848  1.64886508  1.20012283
 -1.51324216 -2.22926967  1.47130183  0.71195108  1.31361087 -3.01402601
 -0.37770149  2.51832059 -1.03585918  1.28751241  1.48328578  0.54455651
 -0.83302432  1.11515108  0.66824613 -0.38369509  2.80474596 -1.9930731
  1.53804528 -0.48681491  1.0903396  -2.84976825 -2.45831924  0.45772655
 -1.16150811 -0.49457297  0.36531258 -0.11127548 -1.65033058 -0.04117742
 -0.85970513  2.8118044  -1.0623987  -1.38014065 -0.94884067  1.07796647
  1.85224766 -0.69616243  1.97232501 -2.19416609 -0.34727995 -0.73252044
 -2.89008359  3.1648053  -1.63194656  3.13521595 -1.26603683 -2.708481
  3.362175   -1.23321512 -0.77649547 -2.88407665 -2.71720458  2.54564075
 -2.13654991 -2.04712266 -0.18155304  3.14998795  0.24664691  0.21384685
 -1.25020756 -0.67764074 -1.73376916 -3.03025222  2.87033196  1.23550345
 -0.48570478 -2.1883866   1.10970924 -1.10586335 -0.4904166  -2.73954537
 -2.06517193  1.8655483  -0.8738105   2.62185828 -0.45419259 -2.67151091
 -2.82019979  2.26183027 -3.14422454 -0.44536129 -1.00235221 -0.24660675
  2.34754458  1.84024985  0.01820599 -2.55289051 -2.65891446  0.2443606
 -0.76666233  1.24525161 -2.62770619  1.12505057 -0.38397756  0.42076362
  1.91902876  0.45812026  0.65075405 -1.27157875  1.79161481  2.93982227
  0.99594716  0.22179807 -1.14180619  2.42278493  0.72673369 -1.90978139
 -0.0503808   1.87092306  0.98665497 -1.08001988 -2.30130786  2.22238277
  2.00397801  1.92832563  2.29723839  1.91577566 -1.66121561 -3.10389851
  0.42851865  1.34475423 -2.26275605 -1.12582641  2.31183276  1.39294427
 -0.2719596  -1.84441811 -1.64823892  1.96528386  1.30724378 -1.01188177
 -0.23076542 -0.69309931 -0.30339236  2.30245769 -0.66193898 -0.93534044
  0.77590005 -2.35269317  0.59026201  2.78423155 -0.35243288  2.04721392
 -1.86125819 -1.35337192 -2.59735857 -2.42273864 -1.50154119 -3.02896768
  2.01620326  1.78191045  1.58151564  1.12533762  1.58819618 -2.44421789
 -2.50736302  1.78908659  1.03428088 -0.29185975 -2.47720442  1.43098196
 -1.04394671 -3.04761664 -0.04720375  1.89750491 -2.70128716 -2.3681706
  1.87611869  1.02967004 -0.62617029 -0.49631281 -0.92140871  1.96405118
  0.47262614 -0.35623087  0.40183323 -2.26661755  1.26136571 -0.1532991
  2.4023585   1.23319838  2.87810343 -1.05733774  2.1017109  -0.42989658
 -3.268413    2.203226    0.81147167  1.92880833 -1.28919346  1.43910215
 -2.12171895  0.20897853  0.08303359 -2.79059371 -0.90191296 -2.39307557
  0.07227583 -0.56899635]
Sat May 25 16:32:15 2024,407,0.09593801091336587,[-4.65842247  2.36664106 -1.84107128 -0.12409993  0.18673726 -2.68764954
  3.01283068  2.10571584  1.45519218 -0.92536579  0.61239609  1.09170432
  1.13210046 -1.54196442  0.77712171  2.8062215  -0.79815622 -0.63691913
 -1.7547123   0.60195278  1.67657741  2.99186589 -1.2087537  -0.31571523
 -2.4235696  -2.33802985  2.99457796  2.76322728 -0.54433386 -2.36482299
  1.48280695 -0.05851132 -2.31787087  2.09555537  1.28952674 -0.63854113
  0.8477731  -2.31880511 -0.02589297  2.15333279 -0.16394557  0.38886792
  2.71396314  1.04622128  2.46284788  3.16174576  2.64140996 -2.93932461
  0.26537286 -0.8157369   1.75888209  2.86399327 -0.51094628 -2.3176401
  2.78736119 -3.2107714   0.79395003 -0.63487666 -1.74135568  2.6981863
 -1.80955071 -1.58813848 -2.30390926  2.18800035 -2.45128784  2.13560029
  2.07464673  1.53540827  2.38308728  2.80474954  1.64886613  1.20012177
 -1.51324322 -2.22926861  1.47130077  0.71195002  1.31360981 -3.01402495
 -0.37770044  2.51832165 -1.03586023  1.28751346  1.48328683  0.54455545
 -0.83302537  1.11515214  0.66824719 -0.38369403  2.80474702 -1.99307205
  1.53804634 -0.48681386  1.09033854 -2.84976931 -2.45831818  0.45772549
 -1.16150706 -0.49457403  0.36531364 -0.11127654 -1.65033164 -0.04117637
 -0.85970619  2.81180545 -1.06239764 -1.38013959 -0.94883961  1.07796541
  1.8522466  -0.69616349  1.97232396 -2.19416503 -0.34728101 -0.73252149
 -2.89008465  3.16480636 -1.63194761  3.13521701 -1.26603789 -2.70847995
  3.36217606 -1.23321618 -0.77649653 -2.88407771 -2.71720563  2.5456397
 -2.13655096 -2.0471216  -0.18155198  3.1499869   0.24664796  0.21384791
 -1.25020862 -0.6776418  -1.73377021 -3.03025117  2.87033302  1.23550451
 -0.48570372 -2.18838554  1.1097103  -1.1058644  -0.49041765 -2.73954643
 -2.06517299  1.86554935 -0.87380944  2.62185722 -0.45419365 -2.67150986
 -2.82019874  2.26183133 -3.14422559 -0.44536235 -1.00235327 -0.2466057
  2.34754353  1.8402509   0.01820705 -2.55289156 -2.65891552  0.24436166
 -0.76666127  1.24525267 -2.62770513  1.12504951 -0.38397651  0.42076467
  1.91902981  0.4581192   0.65075511 -1.2715798   1.79161375  2.93982121
  0.99594822  0.22179913 -1.14180725  2.42278388  0.72673474 -1.90978245
 -0.05038185  1.87092412  0.98665603 -1.08002094 -2.30130681  2.22238171
  2.00397906  1.92832457  2.29723944  1.91577671 -1.66121455 -3.10389956
  0.4285197   1.34475318 -2.2627571  -1.12582746  2.3118317   1.39294533
 -0.27196065 -1.84441705 -1.64823998  1.9652828   1.30724484 -1.01188071
 -0.23076437 -0.69309826 -0.30339131  2.30245875 -0.66194004 -0.9353415
  0.77589899 -2.35269211  0.59026307  2.78423049 -0.35243394  2.04721498
 -1.86125714 -1.35337086 -2.59735962 -2.42273969 -1.50154013 -3.02896663
  2.0162022   1.7819094   1.58151458  1.12533657  1.58819512 -2.44421683
 -2.50736407  1.78908553  1.03428194 -0.2918587  -2.47720547  1.43098301
 -1.04394776 -3.04761558 -0.04720269  1.89750597 -2.7012861  -2.36816954
  1.87611974  1.02966898 -0.62617134 -0.49631176 -0.92140765  1.96405223
  0.47262509 -0.35622981  0.40183218 -2.26661649  1.26136676 -0.15330016
  2.40235744  1.23319733  2.87810449 -1.05733879  2.10170984 -0.42989764
 -3.26841194  2.20322495  0.81147273  1.92880728 -1.28919452  1.4391011
 -2.12171789  0.20897959  0.08303465 -2.79059476 -0.9019119  -2.39307662
  0.07227477 -0.56899529]
Sat May 25 16:32:39 2024,408,0.09593801079429451,[-4.6584235   2.3666421  -1.84107232 -0.1240989   0.18673623 -2.68765057
  3.01283171  2.1057148   1.45519322 -0.92536682  0.61239712  1.09170328
  1.13209943 -1.54196339  0.77712275  2.80622253 -0.79815725 -0.63692017
 -1.75471333  0.60195382  1.67657638  2.99186485 -1.20875267 -0.31571627
 -2.42357064 -2.33802881  2.99457692  2.76322624 -0.54433283 -2.36482196
  1.48280798 -0.05851028 -2.31786984  2.09555434  1.28952777 -0.63854009
  0.84777206 -2.31880614 -0.02589401  2.15333176 -0.16394453  0.38886895
  2.7139621   1.04622231  2.46284891  3.16174679  2.64140893 -2.93932358
  0.26537183 -0.81573587  1.75888312  2.8639943  -0.51094732 -2.31763907
  2.78736015 -3.21077243  0.79395106 -0.63487769 -1.74135672  2.69818527
 -1.80954967 -1.58813951 -2.30391029  2.18799932 -2.45128887  2.13559925
  2.0746457   1.5354093   2.38308624  2.80474851  1.64886717  1.2001228
 -1.51324425 -2.22926964  1.47130181  0.71194899  1.31361084 -3.01402598
 -0.37770147  2.51832268 -1.0358592   1.28751243  1.48328787  0.54455649
 -0.83302434  1.1151511   0.66824822 -0.38369507  2.80474598 -1.99307101
  1.53804737 -0.48681282  1.09033751 -2.84977034 -2.45831715  0.45772446
 -1.16150809 -0.49457506  0.3653126  -0.11127757 -1.65033267 -0.0411774
 -0.85970722  2.81180649 -1.06239868 -1.38014063 -0.94883858  1.07796645
  1.85224557 -0.69616452  1.97232292 -2.19416606 -0.34727998 -0.73252046
 -2.89008362  3.16480739 -1.63194865  3.13521804 -1.26603686 -2.70848098
  3.36217503 -1.23321514 -0.77649756 -2.88407667 -2.71720667  2.54563866
 -2.13655199 -2.04712263 -0.18155095  3.14998793  0.246649    0.21384894
 -1.25020759 -0.67764077 -1.73376918 -3.0302522   2.87033405  1.23550554
 -0.48570269 -2.18838657  1.10970926 -1.10586544 -0.49041869 -2.73954746
 -2.06517402  1.86554832 -0.87381048  2.62185619 -0.45419261 -2.67150882
 -2.82019977  2.2618303  -3.14422663 -0.44536338 -1.00235223 -0.24660673
  2.34754456  1.84025194  0.01820602 -2.55289053 -2.65891655  0.24436269
 -0.7666623   1.24525163 -2.62770617  1.12505054 -0.38397754  0.42076364
  1.91903085  0.45811817  0.65075407 -1.27157877  1.79161272  2.93982018
  0.99594925  0.22180016 -1.14180622  2.42278285  0.72673578 -1.90978141
 -0.05038082  1.87092309  0.98665706 -1.08002197 -2.30130577  2.22238275
  2.0039801   1.92832354  2.29724048  1.91577568 -1.66121559 -3.10389853
  0.42852074  1.34475214 -2.26275607 -1.12582643  2.31183274  1.39294429
 -0.27195962 -1.84441602 -1.64824101  1.96528177  1.30724381 -1.01187968
 -0.23076333 -0.69309722 -0.30339234  2.30245772 -0.66194107 -0.93534253
  0.77590002 -2.35269108  0.5902641   2.78422946 -0.3524329   2.04721601
 -1.86125817 -1.35336983 -2.59736066 -2.42274073 -1.5015391  -3.02896766
  2.01620117  1.78191043  1.58151355  1.12533553  1.58819409 -2.44421786
 -2.50736304  1.7890845   1.03428297 -0.29185766 -2.47720444  1.43098405
 -1.0439488  -3.04761661 -0.04720373  1.897507   -2.70128507 -2.36817057
  1.87612078  1.02966795 -0.62617031 -0.49631072 -0.92140868  1.96405327
  0.47262612 -0.35622878  0.40183321 -2.26661752  1.26136573 -0.15329912
  2.40235847  1.23319836  2.87810345 -1.05733983  2.10171088 -0.4298966
 -3.26841298  2.20322391  0.81147376  1.92880831 -1.28919349  1.43910213
 -2.12171893  0.20897855  0.08303568 -2.79059373 -0.90191294 -2.39307766
  0.0722758  -0.56899426]
Sat May 25 16:33:02 2024,409,0.09593801067898866,[-4.65842451  2.36664311 -1.84107333 -0.12409789  0.18673522 -2.68765158
  3.01283272  2.10571581  1.45519221 -0.92536581  0.61239813  1.09170227
  1.13210044 -1.5419644   0.77712174  2.80622152 -0.79815624 -0.63692118
 -1.75471232  0.60195281  1.67657537  2.99186586 -1.20875166 -0.31571526
 -2.42357165 -2.3380278   2.99457794  2.76322725 -0.54433182 -2.36482095
  1.48280697 -0.0585113  -2.31786883  2.09555535  1.28952878 -0.63853908
  0.84777307 -2.31880513 -0.025893    2.15333277 -0.16394352  0.38886996
  2.71396312  1.04622332  2.4628479   3.16174578  2.64140994 -2.93932257
  0.26537082 -0.81573688  1.75888413  2.86399531 -0.5109463  -2.31764008
  2.78735914 -3.21077344  0.79395005 -0.63487668 -1.74135571  2.69818628
 -1.80954866 -1.5881385  -2.3039113   2.18800033 -2.45128988  2.13559824
  2.07464469  1.53541031  2.38308725  2.8047475   1.64886615  1.20012179
 -1.51324526 -2.22926863  1.47130282  0.71194798  1.31361185 -3.014027
 -0.37770046  2.51832167 -1.03585819  1.28751344  1.48328888  0.5445575
 -0.83302535  1.11515009  0.66824721 -0.38369608  2.80474497 -1.99307
  1.53804636 -0.48681181  1.0903365  -2.84977135 -2.45831614  0.45772345
 -1.16150708 -0.49457405  0.36531361 -0.11127656 -1.65033166 -0.04117841
 -0.85970823  2.8118075  -1.06239969 -1.38013962 -0.94883757  1.07796746
  1.85224658 -0.69616553  1.97232394 -2.19416505 -0.34727896 -0.73252147
 -2.89008463  3.1648084  -1.63194966  3.13521703 -1.26603585 -2.70847997
  3.36217604 -1.23321615 -0.77649655 -2.88407769 -2.71720768  2.54563967
 -2.13655098 -2.04712364 -0.18155196  3.14998692  0.24665001  0.21384995
 -1.2502086  -0.67764178 -1.73377019 -3.03025321  2.87033304  1.23550453
 -0.4857037  -2.18838759  1.10970825 -1.10586645 -0.4904197  -2.73954645
 -2.06517301  1.86554933 -0.87381149  2.62185518 -0.4541916  -2.67150983
 -2.82019876  2.26182928 -3.14422764 -0.44536237 -1.00235122 -0.24660774
  2.34754355  1.84025093  0.01820501 -2.55289154 -2.65891756  0.2443637
 -0.76666332  1.24525264 -2.62770516  1.12505155 -0.38397653  0.42076263
  1.91902984  0.45811716  0.65075306 -1.27157776  1.79161171  2.93982119
  0.99594824  0.22179915 -1.14180521  2.42278386  0.72673679 -1.9097804
 -0.05037981  1.87092208  0.98665605 -1.08002299 -2.30130476  2.22238376
  2.00397908  1.92832253  2.29723947  1.91577669 -1.66121457 -3.10389954
  0.42852175  1.34475315 -2.26275708 -1.12582542  2.31183375  1.3929453
 -0.27195861 -1.84441703 -1.64824202  1.96528278  1.3072428  -1.01187867
 -0.23076434 -0.69309621 -0.30339335  2.30245671 -0.66194208 -0.93534152
  0.77590103 -2.35269006  0.59026511  2.78423047 -0.35243392  2.04721702
 -1.86125716 -1.35336882 -2.59736167 -2.42273971 -1.50154011 -3.02896665
  2.01620016  1.78191144  1.58151456  1.12533452  1.58819308 -2.44421685
 -2.50736405  1.78908349  1.03428196 -0.29185665 -2.47720545  1.43098506
 -1.04394778 -3.04761762 -0.04720272  1.89750599 -2.70128406 -2.36816956
  1.87612179  1.02966896 -0.62617132 -0.49630971 -0.9214097   1.96405428
  0.47262511 -0.35622777  0.40183422 -2.26661853  1.26136674 -0.15330014
  2.40235746  1.23319735  2.87810447 -1.05734084  2.10170987 -0.42989761
 -3.26841399  2.2032229   0.81147275  1.92880932 -1.28919248  1.43910112
 -2.12171994  0.20897754  0.08303467 -2.79059272 -0.90191395 -2.39307867
  0.07227681 -0.56899325]
Sat May 25 16:33:26 2024,410,0.09593801056731102,[-4.6584255   2.3666441  -1.84107234 -0.1240969   0.18673423 -2.68765257
  3.01283174  2.10571483  1.45519122 -0.9253668   0.61239714  1.09170326
  1.13209945 -1.54196539  0.77712273  2.80622053 -0.79815525 -0.63692019
 -1.75471331  0.60195379  1.67657438  2.99186487 -1.20875264 -0.31571427
 -2.42357264 -2.33802879  2.99457695  2.76322824 -0.5443328  -2.36481996
  1.48280598 -0.05851228 -2.31786982  2.09555436  1.28952977 -0.63854007
  0.84777209 -2.31880414 -0.02589201  2.15333178 -0.16394451  0.38886898
  2.71396213  1.04622431  2.46284691  3.16174479  2.64141093 -2.93932355
  0.26536983 -0.81573589  1.75888314  2.86399432 -0.51094729 -2.31764107
  2.78735815 -3.21077245  0.79395104 -0.63487569 -1.74135472  2.69818529
 -1.80954767 -1.58813949 -2.30391229  2.18800131 -2.45128889  2.13559725
  2.07464568  1.5354113   2.38308626  2.80474651  1.64886517  1.20012278
 -1.51324625 -2.22926764  1.47130381  0.71194897  1.31361284 -3.01402601
 -0.37769947  2.51832266 -1.0358572   1.28751245  1.48328789  0.54455849
 -0.83302634  1.11515108  0.66824622 -0.38369707  2.80474399 -1.99306901
  1.53804735 -0.48681082  1.09033749 -2.84977036 -2.45831515  0.45772246
 -1.16150807 -0.49457504  0.36531263 -0.11127557 -1.65033265 -0.04117742
 -0.85970724  2.81180849 -1.06240067 -1.38013863 -0.94883658  1.07796845
  1.85224757 -0.69616652  1.97232492 -2.19416604 -0.34727798 -0.73252048
 -2.89008562  3.16480741 -1.63195065  3.13521802 -1.26603486 -2.70848096
  3.36217703 -1.23321714 -0.77649754 -2.8840767  -2.71720669  2.54563868
 -2.13655197 -2.04712266 -0.18155295  3.14998593  0.24664902  0.21384897
 -1.25020761 -0.67764079 -1.7337692  -3.03025222  2.87033403  1.23550552
 -0.48570271 -2.18838857  1.10970924 -1.10586546 -0.49042069 -2.73954546
 -2.06517202  1.86555032 -0.8738105   2.62185616 -0.45419061 -2.67151082
 -2.82019777  2.26183027 -3.14422863 -0.44536336 -1.00235221 -0.24660675
  2.34754454  1.84025191  0.01820402 -2.55289055 -2.65891657  0.24436271
 -0.76666233  1.24525363 -2.62770614  1.12505056 -0.38397554  0.42076164
  1.91902885  0.45811815  0.65075207 -1.27157875  1.79161072  2.9398202
  0.99594923  0.22180014 -1.14180619  2.42278484  0.7267358  -1.90977941
 -0.0503808   1.87092306  0.98665506 -1.08002397 -2.30130575  2.22238277
  2.00398007  1.92832351  2.29723848  1.91577768 -1.66121359 -3.10389855
  0.42852274  1.34475414 -2.26275807 -1.12582641  2.31183276  1.39294629
 -0.2719596  -1.84441802 -1.64824103  1.96528179  1.30724181 -1.01187966
 -0.23076336 -0.69309522 -0.30339434  2.30245572 -0.66194109 -0.93534251
  0.77590202 -2.35269105  0.5902661   2.78422948 -0.3524349   2.04721603
 -1.86125617 -1.35336981 -2.59736266 -2.4227407  -1.5015411  -3.02896764
  2.01620115  1.78191243  1.58151555  1.12533551  1.58819209 -2.44421586
 -2.50736306  1.78908448  1.03428097 -0.29185566 -2.47720446  1.43098407
 -1.0439468  -3.04761861 -0.04720371  1.897505   -2.70128504 -2.36816857
  1.87612278  1.02966995 -0.62617231 -0.49630872 -0.92140871  1.96405527
  0.47262412 -0.35622876  0.40183323 -2.26661952  1.26136575 -0.15329915
  2.40235647  1.23319636  2.87810348 -1.05734183  2.10170888 -0.42989663
 -3.268413    2.20322389  0.81147176  1.92880833 -1.28919346  1.43910211
 -2.12171895  0.20897853  0.08303566 -2.79059371 -0.90191494 -2.39307768
  0.0722778  -0.56899226]
Sat May 25 16:33:53 2024,411,0.09593801045913035,[-4.65842647  2.36664506 -1.84107137 -0.12409593  0.18673519 -2.68765354
  3.01283077  2.10571579  1.45519219 -0.92536583  0.61239618  1.09170229
  1.13210042 -1.54196442  0.77712369  2.80621956 -0.79815429 -0.63692116
 -1.75471428  0.60195476  1.67657341  2.99186391 -1.20875361 -0.31571523
 -2.4235736  -2.33802976  2.99457791  2.76322921 -0.54433184 -2.36482093
  1.48280695 -0.05851325 -2.31787078  2.09555532  1.28953074 -0.63854104
  0.84777112 -2.31880317 -0.02589104  2.15333081 -0.16394548  0.38886994
  2.71396309  1.04622335  2.46284595  3.16174383  2.64141189 -2.93932259
  0.2653708  -0.81573492  1.75888411  2.86399529 -0.51094826 -2.3176401
  2.78735912 -3.21077342  0.79395007 -0.63487473 -1.74135568  2.69818432
 -1.80954671 -1.58813852 -2.30391132  2.18800035 -2.45128986  2.13559822
  2.07464665  1.53541033  2.3830853   2.80474554  1.64886613  1.20012181
 -1.51324529 -2.22926861  1.47130478  0.711948    1.31361187 -3.01402697
 -0.37770044  2.51832362 -1.03585623  1.28751342  1.48328692  0.54455752
 -0.83302537  1.11515205  0.66824525 -0.3836961   2.80474302 -1.99306805
  1.53804638 -0.48681179  1.09033845 -2.8497694  -2.45831611  0.45772149
 -1.16150903 -0.49457407  0.36531359 -0.11127461 -1.65033362 -0.04117646
 -0.85970627  2.81180752 -1.06239971 -1.38013766 -0.94883561  1.07796748
  1.85224854 -0.69616749  1.97232396 -2.19416701 -0.34727701 -0.73251951
 -2.89008465  3.16480838 -1.63194968  3.13521899 -1.26603389 -2.70847999
  3.36217799 -1.23321617 -0.77649851 -2.88407766 -2.71720572  2.54563772
 -2.13655294 -2.04712169 -0.18155392  3.14998496  0.24664805  0.213848
 -1.25020664 -0.67764175 -1.73377017 -3.03025319  2.87033306  1.23550649
 -0.48570368 -2.18838954  1.10971021 -1.10586449 -0.49041972 -2.73954449
 -2.06517105  1.86555129 -0.87381147  2.6218552  -0.45419158 -2.67150985
 -2.82019874  2.26183124 -3.14422766 -0.44536432 -1.00235318 -0.24660772
  2.34754357  1.84025288  0.01820305 -2.55288958 -2.65891754  0.24436368
 -0.76666329  1.24525267 -2.62770711  1.12505153 -0.38397651  0.42076261
  1.91902981  0.45811911  0.65075111 -1.27157972  1.79160975  2.93981924
  0.9959502   0.22180111 -1.14180716  2.42278581  0.72673676 -1.90977845
 -0.05037983  1.8709221   0.98665603 -1.08002301 -2.30130672  2.2223818
  2.00398104  1.92832448  2.29723945  1.91577865 -1.66121262 -3.10389759
  0.42852177  1.34475318 -2.26275904 -1.12582544  2.31183179  1.39294532
 -0.27195863 -1.84441899 -1.64824006  1.96528276  1.30724084 -1.01187869
 -0.23076239 -0.69309426 -0.30339337  2.30245475 -0.66194012 -0.93534154
  0.77590299 -2.35269202  0.59026513  2.78423045 -0.35243587  2.047217
 -1.8612552  -1.35337077 -2.59736363 -2.42274167 -1.50154207 -3.02896861
  2.01620018  1.7819134   1.58151458  1.12533454  1.58819305 -2.44421489
 -2.50736403  1.78908351  1.03428001 -0.2918547  -2.47720543  1.43098504
 -1.04394583 -3.04761765 -0.04720467  1.89750597 -2.70128408 -2.36816761
  1.87612181  1.02967091 -0.62617134 -0.49630969 -0.92140774  1.9640543
  0.47262509 -0.35622779  0.4018342  -2.26661855  1.26136672 -0.15329818
  2.40235744  1.23319539  2.87810444 -1.05734279  2.10170791 -0.42989566
 -3.26841397  2.20322293  0.81147273  1.9288093  -1.28919443  1.43910114
 -2.12171992  0.20897757  0.08303662 -2.79059467 -0.90191591 -2.39307671
  0.07227877 -0.56899323]
Sat May 25 16:34:18 2024,412,0.09593801035432092,[-4.65842742  2.36664412 -1.84107042 -0.12409688  0.18673425 -2.68765259
  3.01282982  2.10571674  1.45519313 -0.92536678  0.61239712  1.09170324
  1.13210137 -1.54196347  0.77712464  2.80622051 -0.79815334 -0.6369221
 -1.75471522  0.60195571  1.67657246  2.99186485 -1.20875267 -0.31571618
 -2.42357455 -2.3380307   2.99457886  2.76323016 -0.54433089 -2.36481998
  1.4828079  -0.05851231 -2.31787173  2.09555438  1.28953168 -0.63854009
  0.84777206 -2.31880412 -0.02589199  2.15332986 -0.16394453  0.388869
  2.71396215  1.0462224   2.46284689  3.16174288  2.64141284 -2.93932164
  0.26536985 -0.81573397  1.75888506  2.86399434 -0.51094731 -2.31763915
  2.78736007 -3.21077437  0.79395102 -0.63487567 -1.74135663  2.69818338
 -1.80954765 -1.58813757 -2.30391037  2.1879994  -2.45128891  2.13559727
  2.0746457   1.53540939  2.38308624  2.80474649  1.64886519  1.20012276
 -1.51324623 -2.22926766  1.47130572  0.71194895  1.31361093 -3.01402792
 -0.37769949  2.51832268 -1.03585718  1.28751247  1.48328787  0.54455657
 -0.83302443  1.1151511   0.66824431 -0.38369705  2.80474396 -1.99306899
  1.53804544 -0.48681084  1.0903394  -2.84976845 -2.45831517  0.45772244
 -1.16150809 -0.49457313  0.36531265 -0.11127366 -1.65033267 -0.04117551
 -0.85970722  2.81180657 -1.06240065 -1.38013671 -0.94883467  1.07796653
  1.85224759 -0.69616654  1.9723249  -2.19416795 -0.34727606 -0.73251857
 -2.8900837   3.16480933 -1.63194873  3.13521993 -1.26603294 -2.70847904
  3.36217894 -1.23321523 -0.77649756 -2.88407672 -2.71720477  2.54563866
 -2.13655199 -2.04712263 -0.18155297  3.14998591  0.246649    0.21384894
 -1.2502057  -0.67764081 -1.73376922 -3.03025414  2.87033211  1.23550743
 -0.48570273 -2.18839049  1.10971116 -1.10586355 -0.49042066 -2.73954544
 -2.065172    1.86555034 -0.87381052  2.62185425 -0.45419253 -2.6715108
 -2.82019969  2.26183029 -3.14422861 -0.44536527 -1.00235412 -0.24660866
  2.34754452  1.84025383  0.0182021  -2.55289053 -2.65891849  0.24436463
 -0.76666235  1.24525172 -2.62770806  1.12505248 -0.38397745  0.42076355
  1.91903076  0.45812006  0.65075016 -1.27157877  1.79160881  2.93982018
  0.99595115  0.22180205 -1.14180811  2.42278487  0.72673582 -1.9097775
 -0.05038078  1.87092304  0.98665698 -1.08002395 -2.30130577  2.22238275
  2.00398009  1.92832543  2.2972385   1.91577959 -1.66121356 -3.10389664
  0.42852272  1.34475412 -2.26275809 -1.12582639  2.31183085  1.39294627
 -0.27195958 -1.84441804 -1.64823912  1.9652837   1.30724179 -1.01187964
 -0.23076144 -0.69309331 -0.30339243  2.3024557  -0.66194107 -0.93534249
  0.77590394 -2.35269107  0.59026419  2.7842295  -0.35243682  2.04721795
 -1.86125615 -1.35337172 -2.59736457 -2.42274262 -1.50154112 -3.02896766
  2.01619924  1.78191434  1.58151552  1.12533549  1.58819211 -2.44421584
 -2.50736308  1.78908446  1.03427906 -0.29185375 -2.47720448  1.43098598
 -1.04394677 -3.04761859 -0.04720373  1.89750503 -2.70128502 -2.36816666
  1.87612276  1.02966997 -0.62617229 -0.49631064 -0.92140679  1.96405335
  0.47262414 -0.35622873  0.40183325 -2.2666195   1.26136577 -0.15329913
  2.40235649  1.23319445  2.87810539 -1.05734374  2.10170886 -0.4298966
 -3.26841302  2.20322387  0.81147368  1.92881025 -1.28919538  1.43910209
 -2.12172086  0.20897851  0.08303757 -2.79059562 -0.90191685 -2.39307766
  0.07227782 -0.56899417]
Sat May 25 16:34:41 2024,413,0.09593801025276102,[-4.65842834  2.36664319 -1.8410695  -0.12409781  0.18673517 -2.68765166
  3.01283075  2.10571767  1.45519221 -0.92536585  0.61239805  1.09170232
  1.13210044 -1.54196255  0.77712371  2.80621958 -0.79815241 -0.63692303
 -1.7547143   0.60195478  1.67657339  2.99186393 -1.20875359 -0.31571711
 -2.42357362 -2.33803163  2.99457793  2.76323108 -0.54432996 -2.36481906
  1.48280697 -0.05851138 -2.3178708   2.0955553   1.28953261 -0.63854102
  0.84777114 -2.31880319 -0.02589106  2.15332894 -0.16394546  0.38886807
  2.71396122  1.04622147  2.46284782  3.16174381  2.64141192 -2.93932257
  0.26537078 -0.81573305  1.75888413  2.86399342 -0.51094639 -2.31763823
  2.78736099 -3.21077344  0.79395009 -0.6348766  -1.74135756  2.6981843
 -1.80954673 -1.5881385  -2.3039113   2.18800033 -2.45128984  2.13559635
  2.07464477  1.53540846  2.38308532  2.80474741  1.64886426  1.20012369
 -1.51324531 -2.22926859  1.4713048   0.71194802  1.31361185 -3.01402885
 -0.37770042  2.51832175 -1.0358581   1.28751155  1.48328694  0.54455565
 -0.8330235   1.11515203  0.66824523 -0.38369612  2.80474304 -1.99306992
  1.53804451 -0.48680992  1.09034033 -2.84976938 -2.45831609  0.45772337
 -1.16150901 -0.49457405  0.36531172 -0.11127459 -1.65033175 -0.04117458
 -0.85970815  2.8118075  -1.06239973 -1.38013764 -0.94883374  1.07796561
  1.85224852 -0.69616562  1.97232583 -2.19416888 -0.34727699 -0.73251764
 -2.89008278  3.1648084  -1.63194781  3.13521901 -1.26603202 -2.70847812
  3.36217801 -1.23321615 -0.77649663 -2.88407764 -2.7172057   2.54563959
 -2.13655292 -2.04712356 -0.18155204  3.14998684  0.24664993  0.21384802
 -1.25020662 -0.67764173 -1.73377015 -3.03025506  2.87033304  1.23550836
 -0.48570181 -2.18838956  1.10971208 -1.10586262 -0.49042159 -2.73954636
 -2.06517107  1.86555127 -0.8738096   2.62185333 -0.4541916  -2.67151173
 -2.82020061  2.26182937 -3.14422953 -0.4453662  -1.0023532  -0.24660959
  2.34754544  1.8402529   0.01820118 -2.55288961 -2.65891756  0.24436555
 -0.76666327  1.24525079 -2.62770898  1.1250534  -0.38397838  0.42076263
  1.91902984  0.45811913  0.65075109 -1.27157784  1.79160788  2.93982111
  0.99595022  0.22180298 -1.14180718  2.42278579  0.72673674 -1.90977657
 -0.0503817   1.87092397  0.98665605 -1.08002488 -2.3013067   2.22238367
  2.00397917  1.92832635  2.29723942  1.91578052 -1.66121449 -3.10389571
  0.42852364  1.34475505 -2.26275902 -1.12582731  2.31182992  1.39294535
 -0.27195865 -1.84441897 -1.64824004  1.96528278  1.30724086 -1.01187871
 -0.23076052 -0.69309424 -0.3033915   2.30245477 -0.66194014 -0.93534156
  0.77590486 -2.35269015  0.59026511  2.78423043 -0.35243589  2.04721887
 -1.86125708 -1.35337264 -2.59736365 -2.42274169 -1.50154205 -3.02896673
  2.01620016  1.78191342  1.58151645  1.12533642  1.58819118 -2.44421677
 -2.50736401  1.78908353  1.03427999 -0.29185468 -2.47720541  1.43098506
 -1.0439477  -3.04761767 -0.04720465  1.89750595 -2.70128595 -2.36816759
  1.87612368  1.02967089 -0.62617136 -0.49630971 -0.92140587  1.96405243
  0.47262322 -0.35622781  0.40183233 -2.26662043  1.2613667  -0.15330005
  2.40235742  1.23319352  2.87810632 -1.05734467  2.10170978 -0.42989568
 -3.26841395  2.2032248   0.81147275  1.92880932 -1.2891963   1.43910116
 -2.12171994  0.20897759  0.08303664 -2.79059655 -0.90191593 -2.39307858
  0.0722769  -0.56899325]
Sat May 25 16:35:08 2024,414,0.09593801015433562,[-4.65842925  2.3666441  -1.8410704  -0.1240969   0.18673608 -2.68765076
  3.01282984  2.10571857  1.4551913  -0.92536495  0.61239895  1.09170322
  1.13209953 -1.54196164  0.77712462  2.80622049 -0.79815151 -0.63692393
 -1.7547152   0.60195569  1.67657248  2.99186302 -1.20875269 -0.3157162
 -2.42357453 -2.33803254  2.99457884  2.76323018 -0.54432906 -2.36481815
  1.48280607 -0.05851229 -2.3178699   2.09555621  1.28953351 -0.63854192
  0.84777023 -2.3188041  -0.02589197  2.15332803 -0.16394636  0.38886716
  2.71396213  1.04622238  2.46284872  3.1617429   2.64141101 -2.93932347
  0.26536987 -0.81573214  1.75888323  2.86399432 -0.51094729 -2.31763913
  2.7873619  -3.21077435  0.79394919 -0.6348775  -1.74135846  2.69818521
 -1.80954763 -1.58813759 -2.30391221  2.18800123 -2.45129075  2.13559544
  2.07464387  1.53540755  2.38308441  2.80474651  1.64886517  1.20012459
 -1.5132444  -2.2292695   1.4713057   0.71194893  1.31361276 -3.01402794
 -0.37769951  2.51832085 -1.0358572   1.28751245  1.48328603  0.54455655
 -0.83302441  1.11515293  0.66824614 -0.38369703  2.80474213 -1.99307082
  1.53804542 -0.48680901  1.09034123 -2.84977028 -2.458317    0.45772427
 -1.16150811 -0.49457496  0.36531263 -0.11127368 -1.65033084 -0.04117368
 -0.85970905  2.81180659 -1.06240063 -1.38013855 -0.94883465  1.07796651
  1.85224942 -0.69616652  1.97232673 -2.19416797 -0.34727608 -0.73251674
 -2.89008368  3.16480749 -1.63194871  3.13521991 -1.26603111 -2.70847902
  3.36217711 -1.23321706 -0.77649754 -2.88407855 -2.71720661  2.5456405
 -2.13655383 -2.04712265 -0.18155114  3.14998593  0.24664902  0.21384711
 -1.25020753 -0.67764083 -1.73377106 -3.03025416  2.87033213  1.23550745
 -0.48570271 -2.18838866  1.10971118 -1.10586171 -0.4904225  -2.73954546
 -2.06517198  1.86555217 -0.8738105   2.62185242 -0.45419251 -2.67151263
 -2.82020152  2.26183027 -3.14423044 -0.44536529 -1.0023541  -0.2466105
  2.34754635  1.84025381  0.01820208 -2.55289051 -2.65891666  0.24436646
 -0.76666418  1.24524989 -2.62770989  1.12505431 -0.38397747  0.42076172
  1.91902893  0.45812004  0.65075018 -1.27157694  1.79160697  2.93982201
  0.99594931  0.22180207 -1.14180809  2.4227867   0.72673584 -1.90977567
 -0.05038261  1.87092487  0.98665696 -1.08002578 -2.3013076   2.22238458
  2.00398007  1.92832726  2.29724033  1.91578143 -1.66121358 -3.10389662
  0.42852455  1.34475414 -2.26275811 -1.12582822  2.31182901  1.39294444
 -0.27195956 -1.84441987 -1.64823914  1.96528368  1.30724177 -1.01187962
 -0.23076142 -0.69309333 -0.30339241  2.30245568 -0.66193924 -0.93534066
  0.77590577 -2.35268924  0.59026602  2.78422952 -0.35243499  2.04721978
 -1.86125617 -1.35337355 -2.59736274 -2.42274079 -1.50154114 -3.02896764
  2.01620107  1.78191432  1.58151554  1.12533551  1.58819028 -2.44421586
 -2.5073631   1.78908262  1.03427908 -0.29185558 -2.4772045   1.43098596
 -1.04394861 -3.04761857 -0.04720556  1.89750686 -2.70128504 -2.36816849
  1.87612278  1.02966999 -0.62617227 -0.4963088  -0.92140496  1.96405152
  0.47262231 -0.35622871  0.40183323 -2.26662133  1.26136579 -0.15330096
  2.40235832  1.23319261  2.87810541 -1.05734557  2.10171069 -0.42989477
 -3.26841485  2.20322389  0.81147366  1.92880841 -1.2891954   1.43910026
 -2.12172084  0.20897668  0.08303574 -2.79059564 -0.90191502 -2.39307768
  0.07227599 -0.56899415]
Sat May 25 16:35:36 2024,415,0.09593801005893263,[-4.65843013  2.36664321 -1.84106952 -0.12409779  0.18673697 -2.68764987
  3.01282896  2.10571769  1.45519041 -0.92536584  0.61239807  1.09170411
  1.13210042 -1.54196075  0.77712551  2.8062196  -0.79815062 -0.63692305
 -1.75471432  0.60195657  1.6765716   2.99186214 -1.2087518  -0.31571709
 -2.42357364 -2.33803165  2.99457973  2.76322929 -0.54432995 -2.36481904
  1.48280518 -0.0585114  -2.31787078  2.0955571   1.2895344  -0.63854281
  0.84777112 -2.31880321 -0.02589285  2.15332892 -0.16394548  0.38886628
  2.71396124  1.04622149  2.46284784  3.16174379  2.6414119  -2.93932259
  0.26537076 -0.81573126  1.75888234  2.86399344 -0.51094818 -2.31763825
  2.78736279 -3.21077346  0.7939483  -0.63487839 -1.74135758  2.69818609
 -1.80954852 -1.58813671 -2.30391309  2.18800035 -2.45128986  2.13559633
  2.07464475  1.53540667  2.3830853   2.80474739  1.64886428  1.20012548
 -1.51324529 -2.22926861  1.47130659  0.71194981  1.31361187 -3.01402883
 -0.3777004   2.51832173 -1.03585631  1.28751334  1.48328515  0.54455567
 -0.83302352  1.11515382  0.66824703 -0.38369791  2.80474125 -1.99306994
  1.53804453 -0.4868099   1.09034212 -2.8497694  -2.45831611  0.45772516
 -1.16150899 -0.49457584  0.36531174 -0.11127279 -1.65033173 -0.04117456
 -0.85970817  2.81180571 -1.06240152 -1.38013943 -0.94883553  1.07796563
  1.85224854 -0.69616741  1.97232762 -2.19416886 -0.3472752  -0.73251585
 -2.8900828   3.16480838 -1.63194783  3.1352208  -1.26603023 -2.70847991
  3.36217622 -1.23321795 -0.77649843 -2.88407944 -2.71720749  2.54564138
 -2.13655471 -2.04712177 -0.18155025  3.14998682  0.24664991  0.21384623
 -1.25020664 -0.67763994 -1.73377017 -3.03025504  2.87033125  1.23550657
 -0.48570183 -2.18838777  1.10971029 -1.1058626  -0.49042338 -2.73954634
 -2.06517287  1.86555128 -0.87380961  2.62185153 -0.45419162 -2.67151352
 -2.82020063  2.26182939 -3.14423132 -0.44536618 -1.00235322 -0.24660961
  2.34754724  1.84025469  0.01820297 -2.55288962 -2.65891754  0.24436734
 -0.76666329  1.245249   -2.627709    1.1250552  -0.38397659  0.42076084
  1.91902982  0.45811915  0.65075107 -1.27157605  1.79160609  2.9398229
  0.99594843  0.22180119 -1.14180897  2.42278758  0.72673495 -1.90977478
 -0.05038172  1.87092399  0.98665784 -1.08002667 -2.30130672  2.22238369
  2.00398096  1.92832637  2.29723944  1.91578231 -1.66121447 -3.10389573
  0.42852366  1.34475503 -2.262759   -1.1258291   2.3118299   1.39294533
 -0.27195867 -1.84442076 -1.64823825  1.96528457  1.30724265 -1.01187873
 -0.23076231 -0.69309422 -0.30339152  2.30245656 -0.66194012 -0.93534154
  0.77590488 -2.35269013  0.59026513  2.78423041 -0.3524341   2.04721889
 -1.86125706 -1.35337444 -2.59736363 -2.4227399  -1.50154025 -3.02896675
  2.01620195  1.78191521  1.58151466  1.1253364   1.58819116 -2.44421675
 -2.50736399  1.78908351  1.03427819 -0.29185469 -2.47720362  1.43098508
 -1.04394949 -3.04761946 -0.04720644  1.89750774 -2.70128416 -2.36816938
  1.87612366  1.02967087 -0.62617138 -0.49630969 -0.92140585  1.96405063
  0.47262142 -0.35622783  0.40183412 -2.26662222  1.26136491 -0.15330007
  2.40235744  1.23319173  2.87810452 -1.05734646  2.10171157 -0.42989566
 -3.26841396  2.20322301  0.81147277  1.9288093  -1.28919628  1.43909937
 -2.12171996  0.20897757  0.08303485 -2.79059653 -0.90191591 -2.39307679
  0.07227511 -0.56899504]
Sat May 25 16:36:27 2024,416,0.09593800996644478,[-4.658431    2.36664234 -1.84106865 -0.12409865  0.1867361  -2.68764901
  3.01282982  2.10571682  1.45519128 -0.9253667   0.61239893  1.09170324
  1.13210129 -1.54196162  0.77712464  2.80621874 -0.79814975 -0.63692218
 -1.75471519  0.60195744  1.67657073  2.99186127 -1.20875267 -0.31571622
 -2.42357278 -2.33803078  2.99457886  2.76323016 -0.54433081 -2.3648199
  1.48280431 -0.05851053 -2.31787165  2.09555796  1.28953527 -0.63854368
  0.84777199 -2.31880408 -0.02589199  2.15332805 -0.16394461  0.38886715
  2.71396037  1.04622236  2.46284871  3.16174292  2.64141103 -2.93932345
  0.26537162 -0.81573212  1.75888321  2.8639943  -0.51094731 -2.31763911
  2.78736192 -3.21077259  0.79394743 -0.63487926 -1.74135844  2.69818523
 -1.80954939 -1.58813584 -2.30391223  2.18800121 -2.45128899  2.1355972
  2.07464389  1.5354058   2.38308443  2.80474826  1.64886515  1.20012635
 -1.51324615 -2.22926948  1.47130572  0.71195068  1.31361274 -3.01402969
 -0.37769953  2.5183226  -1.03585544  1.28751247  1.48328428  0.5445548
 -0.83302265  1.11515295  0.66824616 -0.38369878  2.80474038 -1.99306907
  1.5380454  -0.48681077  1.09034125 -2.84977026 -2.45831698  0.45772602
 -1.16150813 -0.49457671  0.36531261 -0.11127366 -1.65033259 -0.0411737
 -0.8597073   2.81180657 -1.06240239 -1.3801403  -0.94883467  1.07796476
  1.85224767 -0.69616828  1.97232849 -2.19416973 -0.34727606 -0.73251498
 -2.89008193  3.16480925 -1.63194869  3.13522167 -1.26602936 -2.70848078
  3.36217536 -1.23321881 -0.77649756 -2.8840803  -2.71720836  2.54564051
 -2.13655384 -2.04712264 -0.18155112  3.14998595  0.24664904  0.21384709
 -1.25020577 -0.67764081 -1.7337693  -3.03025591  2.87033038  1.2355057
 -0.48570096 -2.18838864  1.10971116 -1.10586347 -0.49042252 -2.73954548
 -2.065172    1.86555215 -0.87381048  2.62185067 -0.45419075 -2.67151265
 -2.82019976  2.26182852 -3.14423219 -0.44536704 -1.00235409 -0.24660874
  2.3475481   1.84025383  0.01820384 -2.55288876 -2.65891841  0.24436821
 -0.76666243  1.24524813 -2.62770987  1.12505606 -0.38397746  0.4207617
  1.91903068  0.45811829  0.6507502  -1.27157518  1.79160696  2.93982203
  0.99594756  0.22180206 -1.14180811  2.42278672  0.72673582 -1.90977565
 -0.05038085  1.87092312  0.98665698 -1.0800258  -2.30130758  2.22238456
  2.00398183  1.92832724  2.29724031  1.91578318 -1.6612136  -3.1038966
  0.42852453  1.34475416 -2.26275986 -1.12582997  2.31182903  1.39294446
 -0.2719578  -1.84442163 -1.64823738  1.96528544  1.30724179 -1.01187786
 -0.23076144 -0.69309508 -0.30339065  2.30245743 -0.66194099 -0.93534241
  0.77590575 -2.35268926  0.590266    2.78422954 -0.35243323  2.04721976
 -1.86125792 -1.35337357 -2.59736449 -2.42273903 -1.50153939 -3.02896762
  2.01620282  1.78191434  1.58151553  1.12533553  1.58819203 -2.44421761
 -2.50736312  1.78908438  1.03427906 -0.29185383 -2.47720275  1.43098421
 -1.04394863 -3.04761859 -0.04720731  1.89750861 -2.70128329 -2.36816851
  1.87612279  1.02967174 -0.62617052 -0.49630882 -0.92140498  1.96404977
  0.47262229 -0.3562287   0.40183325 -2.26662309  1.26136577 -0.1532992
  2.40235831  1.2331926   2.87810366 -1.05734733  2.10171244 -0.42989653
 -3.26841483  2.20322387  0.81147364  1.92881017 -1.28919715  1.43910024
 -2.12172082  0.20897843  0.08303399 -2.79059566 -0.90191504 -2.39307592
  0.07227424 -0.56899417]
Sat May 25 16:37:27 2024,417,0.09593800987676941,[-4.65843185  2.36664149 -1.8410695  -0.1240995   0.18673695 -2.68764816
  3.01283067  2.10571767  1.45519043 -0.92536585  0.61239978  1.09170239
  1.13210044 -1.54196077  0.77712549  2.80621789 -0.79814891 -0.63692133
 -1.75471434  0.60195659  1.67657158  2.99186042 -1.20875352 -0.31571537
 -2.42357193 -2.33803163  2.99457971  2.76322931 -0.54432996 -2.36481906
  1.48280516 -0.05850968 -2.3178725   2.09555711  1.28953442 -0.63854283
  0.84777114 -2.31880493 -0.02589283  2.1533289  -0.16394376  0.3888663
  2.71395953  1.04622321  2.46284955  3.16174207  2.64141188 -2.9393243
  0.26537247 -0.81573297  1.75888236  2.86399515 -0.51094647 -2.31763996
  2.78736277 -3.21077344  0.79394828 -0.63488011 -1.74135929  2.69818438
 -1.80954854 -1.58813669 -2.30391138  2.18800206 -2.45128984  2.13559804
  2.07464474  1.53540665  2.38308358  2.80474911  1.648866    1.2001255
 -1.51324531 -2.22926863  1.47130487  0.71194983  1.31361189 -3.01402885
 -0.37769868  2.51832345 -1.03585629  1.28751162  1.48328513  0.54455395
 -0.8330235   1.1151521   0.66824531 -0.38369963  2.80473953 -1.99306992
  1.53804625 -0.48681161  1.0903421  -2.84976941 -2.45831783  0.45772687
 -1.16150898 -0.49457756  0.36531176 -0.11127451 -1.65033344 -0.04117285
 -0.85970645  2.81180742 -1.06240154 -1.38014115 -0.94883382  1.07796391
  1.85224682 -0.69616743  1.97232764 -2.19417058 -0.34727521 -0.73251583
 -2.89008108  3.1648101  -1.63194785  3.13522251 -1.26602851 -2.70848163
  3.36217451 -1.23321796 -0.77649841 -2.88407945 -2.71720751  2.54564136
 -2.13655469 -2.04712179 -0.18155027  3.1499868   0.24664819  0.21384625
 -1.25020493 -0.67764166 -1.73376845 -3.03025506  2.87033123  1.23550655
 -0.48570181 -2.18838949  1.10971201 -1.10586262 -0.49042336 -2.73954633
 -2.06517285  1.865553   -0.87381133  2.62184982 -0.4541916  -2.6715118
 -2.82020061  2.26182937 -3.14423304 -0.4453662  -1.00235493 -0.24660789
  2.34754725  1.84025298  0.01820299 -2.55288791 -2.65891756  0.24436736
 -0.76666327  1.24524729 -2.62771072  1.12505522 -0.3839783   0.42076086
  1.91903153  0.45811744  0.65074935 -1.27157434  1.79160611  2.93982288
  0.99594671  0.22180121 -1.14180726  2.42278756  0.72673667 -1.9097765
 -0.05038001  1.87092397  0.98665613 -1.08002665 -2.30130843  2.22238371
  2.00398268  1.92832809  2.29723946  1.91578233 -1.66121445 -3.10389745
  0.42852538  1.34475331 -2.26276071 -1.12582912  2.31182988  1.39294531
 -0.27195865 -1.84442247 -1.64823823  1.96528628  1.30724094 -1.01187702
 -0.23076059 -0.69309424 -0.30338981  2.30245828 -0.66194184 -0.93534326
  0.7759066  -2.35269011  0.59026685  2.78422869 -0.35243238  2.04722061
 -1.86125877 -1.35337272 -2.59736534 -2.42273818 -1.50153854 -3.02896677
  2.01620197  1.78191349  1.58151468  1.12533468  1.58819288 -2.44421677
 -2.50736227  1.78908353  1.03427821 -0.29185468 -2.4772019   1.43098336
 -1.04394947 -3.04761774 -0.04720646  1.89750776 -2.70128244 -2.36816766
  1.87612364  1.02967089 -0.62617136 -0.49630967 -0.92140413  1.96405062
  0.47262314 -0.35622785  0.4018324  -2.26662393  1.26136492 -0.15330005
  2.40235746  1.23319344  2.87810281 -1.05734648  2.10171329 -0.42989737
 -3.26841398  2.20322472  0.81147279  1.92880932 -1.2891963   1.43909939
 -2.12172167  0.20897928  0.08303314 -2.79059481 -0.90191589 -2.39307507
  0.07227339 -0.56899332]
Sat May 25 16:37:52 2024,418,0.09593800978980785,[-4.65843268  2.36664066 -1.84106867 -0.12410033  0.18673612 -2.68764899
  3.0128315   2.10571684  1.4551896  -0.92536668  0.61240061  1.09170322
  1.13210127 -1.5419616   0.77712466  2.80621706 -0.79814808 -0.6369205
 -1.75471517  0.60195576  1.67657241  2.99185959 -1.20875269 -0.31571454
 -2.4235711  -2.33803246  2.99457888  2.76323014 -0.54433079 -2.36481822
  1.48280433 -0.05851051 -2.31787333  2.09555795  1.28953525 -0.63854366
  0.84777031 -2.3188041  -0.025892    2.15332973 -0.16394293  0.38886547
  2.7139587   1.04622404  2.46284872  3.1617429   2.64141271 -2.93932513
  0.26537164 -0.8157338   1.75888319  2.86399432 -0.5109473  -2.31764079
  2.7873636  -3.21077261  0.79394911 -0.63488094 -1.74135846  2.69818521
 -1.80954937 -1.58813752 -2.30391055  2.18800289 -2.45129067  2.13559887
  2.07464557  1.53540748  2.38308441  2.80474828  1.64886683  1.20012633
 -1.51324614 -2.22926946  1.47130404  0.71195066  1.31361272 -3.01402801
 -0.37769785  2.51832262 -1.03585712  1.28751079  1.48328596  0.54455478
 -0.83302267  1.11515127  0.66824448 -0.38370046  2.80474036 -1.99307075
  1.53804542 -0.48681244  1.09034127 -2.84977024 -2.45831866  0.4577277
 -1.16150981 -0.49457673  0.36531259 -0.11127534 -1.65033427 -0.04117202
 -0.85970728  2.81180825 -1.06240237 -1.38014198 -0.94883299  1.07796308
  1.85224599 -0.6961666   1.97232681 -2.19416975 -0.34727604 -0.732515
 -2.89008191  3.16480927 -1.63194868  3.13522334 -1.26602768 -2.70848246
  3.36217368 -1.23321713 -0.77649924 -2.88407862 -2.71720668  2.54564219
 -2.13655386 -2.04712262 -0.18154944  3.14998597  0.24664902  0.21384708
 -1.2502041  -0.67764083 -1.73376928 -3.03025589  2.87033206  1.23550738
 -0.48570098 -2.18839032  1.10971117 -1.10586179 -0.49042253 -2.7395455
 -2.06517202  1.86555383 -0.87381216  2.62185065 -0.45419243 -2.67151263
 -2.82020144  2.2618302  -3.14423221 -0.44536537 -1.0023541  -0.24660706
  2.34754642  1.84025381  0.01820382 -2.55288708 -2.65891839  0.24436653
 -0.76666244  1.24524646 -2.62771155  1.12505438 -0.38397913  0.42076169
  1.91903236  0.45811827  0.65075018 -1.27157351  1.79160528  2.93982205
  0.99594588  0.22180204 -1.14180643  2.4227884   0.7267375  -1.90977567
 -0.05037918  1.8709248   0.9866553  -1.08002582 -2.3013076   2.22238288
  2.00398185  1.92832726  2.29723863  1.9157815  -1.66121362 -3.10389662
  0.42852621  1.34475414 -2.26275988 -1.12582829  2.31183071  1.39294614
 -0.27195948 -1.84442164 -1.64823906  1.96528545  1.30724011 -1.01187785
 -0.23075976 -0.69309507 -0.30338897  2.30245911 -0.66194101 -0.93534243
  0.77590743 -2.35268928  0.59026602  2.78422786 -0.35243321  2.04722144
 -1.86125794 -1.35337189 -2.59736451 -2.42273735 -1.50153771 -3.0289676
  2.01620114  1.78191432  1.58151551  1.12533551  1.58819371 -2.4442176
 -2.5073631   1.78908436  1.03427738 -0.29185551 -2.47720273  1.43098419
 -1.0439503  -3.04761857 -0.04720729  1.89750859 -2.70128327 -2.36816849
  1.87612281  1.02967006 -0.62617219 -0.49630884 -0.92140496  1.96405145
  0.47262231 -0.35622868  0.40183157 -2.26662476  1.26136409 -0.15330088
  2.40235829  1.23319261  2.87810198 -1.05734731  2.10171246 -0.4298982
 -3.26841315  2.20322555  0.81147196  1.92881015 -1.28919713  1.43910022
 -2.1217225   0.20898011  0.08303397 -2.79059564 -0.90191672 -2.3930759
  0.07227256 -0.56899249]
Sat May 25 16:38:16 2024,419,0.0959380097054646,[-4.65843349  2.36663985 -1.84106948 -0.12410114  0.1867353  -2.68764817
  3.01283231  2.10571602  1.45518879 -0.92536587  0.61240143  1.09170241
  1.13210208 -1.54196242  0.77712547  2.80621787 -0.79814889 -0.63691969
 -1.75471598  0.60195658  1.6765716   2.9918604  -1.2087535  -0.31571373
 -2.42357029 -2.33803165  2.99457806  2.76323095 -0.54433161 -2.36481741
  1.48280514 -0.05851133 -2.31787252  2.09555713  1.28953444 -0.63854447
  0.8477695  -2.31880328 -0.02589119  2.15333054 -0.16394374  0.38886628
  2.71395951  1.04622323  2.46284954  3.16174371  2.64141352 -2.93932432
  0.26537083 -0.81573299  1.75888238  2.86399513 -0.51094648 -2.31763998
  2.78736441 -3.2107718   0.79394993 -0.63488012 -1.74135927  2.6981844
 -1.80954856 -1.58813833 -2.30390973  2.18800371 -2.45128986  2.13559969
  2.07464638  1.53540667  2.3830836   2.80474747  1.64886601  1.20012714
 -1.51324532 -2.22926865  1.47130485  0.71195148  1.31361354 -3.01402883
 -0.37769704  2.51832181 -1.03585794  1.28750998  1.48328677  0.54455397
 -0.83302348  1.11515046  0.66824529 -0.38370127  2.80473955 -1.99306994
  1.53804623 -0.48681326  1.09034046 -2.84977106 -2.45831947  0.45772852
 -1.16151062 -0.49457754  0.3653134  -0.11127453 -1.65033346 -0.04117283
 -0.85970647  2.81180906 -1.06240156 -1.38014117 -0.94883218  1.07796227
  1.8522468  -0.69616578  1.972326   -2.19417056 -0.34727686 -0.73251419
 -2.89008272  3.16480845 -1.63194786  3.13522253 -1.26602849 -2.70848164
  3.36217449 -1.23321632 -0.77649842 -2.88407944 -2.71720749  2.54564138
 -2.13655468 -2.04712343 -0.18154863  3.14998678  0.24664983  0.21384789
 -1.25020328 -0.67764001 -1.7337701  -3.03025508  2.87033125  1.23550657
 -0.48570179 -2.18839113  1.10971036 -1.10586098 -0.49042335 -2.73954468
 -2.06517121  1.86555302 -0.87381297  2.62184984 -0.45419162 -2.67151345
 -2.82020063  2.26182939 -3.14423302 -0.44536618 -1.00235329 -0.24660788
  2.34754724  1.84025462  0.01820463 -2.55288789 -2.6589192   0.24436735
 -0.76666326  1.24524564 -2.62771074  1.1250552  -0.38397995  0.42076087
  1.91903155  0.45811746  0.65074937 -1.27157269  1.79160609  2.93982286
  0.99594507  0.22180285 -1.14180562  2.42278758  0.72673831 -1.90977485
 -0.05037836  1.87092399  0.98665449 -1.08002501 -2.30130842  2.22238369
  2.00398266  1.92832645  2.29723945  1.91578231 -1.66121443 -3.10389743
  0.42852702  1.34475496 -2.26275907 -1.12582748  2.31183152  1.39294695
 -0.27196029 -1.84442083 -1.64823988  1.96528627  1.30723929 -1.01187703
 -0.23075895 -0.69309588 -0.30338979  2.30245992 -0.6619402  -0.93534162
  0.77590824 -2.35269009  0.59026683  2.78422705 -0.3524324   2.04722062
 -1.86125875 -1.35337108 -2.59736532 -2.42273817 -1.50153852 -3.02896679
  2.01620033  1.78191351  1.58151632  1.12533632  1.58819452 -2.44421841
 -2.50736392  1.78908355  1.0342782  -0.29185632 -2.47720192  1.430985
 -1.04394949 -3.04761776 -0.04720811  1.89750778 -2.70128246 -2.36816768
  1.87612363  1.02966925 -0.62617301 -0.49630803 -0.92140577  1.96405226
  0.4726215  -0.35622949  0.40183076 -2.26662558  1.26136328 -0.15330169
  2.4023591   1.23319343  2.87810117 -1.05734649  2.10171165 -0.42989739
 -3.26841397  2.20322474  0.81147277  1.92880934 -1.28919795  1.43909941
 -2.12172169  0.20898092  0.08303478 -2.79059645 -0.90191753 -2.39307509
  0.07227175 -0.5689933 ]
Sat May 25 16:38:40 2024,420,0.0959380096236489,[-4.65843429  2.36664065 -1.84106869 -0.12410035  0.18673451 -2.68764897
  3.01283152  2.10571523  1.45518959 -0.92536667  0.61240222  1.09170161
  1.13210288 -1.54196321  0.77712467  2.80621867 -0.79814809 -0.63691889
 -1.75471677  0.60195737  1.67657239  2.9918612  -1.20875429 -0.31571452
 -2.42356949 -2.33803244  2.99457727  2.76323016 -0.5443324  -2.36481821
  1.48280594 -0.05851212 -2.31787331  2.09555634  1.28953523 -0.63854368
  0.84777029 -2.31880408 -0.0258904   2.15333134 -0.16394295  0.38886707
  2.7139603   1.04622243  2.46284874  3.16174451  2.64141432 -2.93932352
  0.26537003 -0.81573219  1.75888317  2.86399593 -0.51094728 -2.31763918
  2.7873652  -3.21077259  0.79394913 -0.63487933 -1.74136007  2.69818519
 -1.80954776 -1.58813913 -2.30391053  2.1880045  -2.45129065  2.13560048
  2.07464717  1.53540746  2.38308281  2.80474826  1.64886522  1.20012794
 -1.51324453 -2.22926785  1.47130406  0.71195227  1.31361433 -3.01402962
 -0.37769784  2.5183226  -1.03585873  1.28751078  1.48328757  0.54455476
 -0.83302269  1.11515126  0.6682445  -0.38370207  2.80473875 -1.99307073
  1.53804543 -0.48681405  1.09033966 -2.84977026 -2.45832027  0.45772931
 -1.16151141 -0.49457834  0.36531261 -0.11127373 -1.65033266 -0.04117363
 -0.85970726  2.81180827 -1.06240076 -1.38014037 -0.94883138  1.07796306
  1.8522476  -0.69616499  1.9723252  -2.19416976 -0.34727765 -0.73251339
 -2.89008193  3.16480766 -1.63194707  3.13522174 -1.2660277  -2.70848085
  3.36217369 -1.23321712 -0.77649763 -2.88408023 -2.7172067   2.54564059
 -2.13655388 -2.04712263 -0.18154942  3.14998757  0.24664904  0.21384868
 -1.25020408 -0.67764081 -1.73377089 -3.03025587  2.87033204  1.23550736
 -0.48570258 -2.18839033  1.10971116 -1.10586018 -0.49042255 -2.73954389
 -2.06517041  1.86555222 -0.87381377  2.62185063 -0.45419241 -2.67151424
 -2.82020143  2.26183018 -3.14423382 -0.44536697 -1.00235409 -0.24660708
  2.34754644  1.84025542  0.01820543 -2.55288869 -2.65892     0.24436814
 -0.76666405  1.24524644 -2.62770994  1.12505599 -0.38398074  0.42076167
  1.91903075  0.45811666  0.65074857 -1.27157349  1.79160688  2.93982366
  0.99594586  0.22180205 -1.14180641  2.42278838  0.72673911 -1.90977406
 -0.05037757  1.87092478  0.98665528 -1.0800258  -2.30130762  2.2223829
  2.00398345  1.92832565  2.29723865  1.91578152 -1.66121523 -3.10389823
  0.42852782  1.34475416 -2.26275986 -1.12582827  2.31183073  1.39294615
 -0.27196109 -1.84442163 -1.64824067  1.96528706  1.3072385  -1.01187783
 -0.23075975 -0.69309508 -0.30339058  2.30245913 -0.66194099 -0.93534082
  0.77590903 -2.3526893   0.59026762  2.78422625 -0.35243161  2.04722142
 -1.86125955 -1.35337187 -2.59736612 -2.42273737 -1.50153932 -3.02896759
  2.01620112  1.78191272  1.58151712  1.12533553  1.58819373 -2.44421761
 -2.50736471  1.78908275  1.0342774  -0.29185552 -2.47720271  1.4309858
 -1.0439487  -3.04761856 -0.04720731  1.89750858 -2.70128166 -2.36816689
  1.87612283  1.02967004 -0.62617221 -0.49630723 -0.92140657  1.96405146
  0.47262229 -0.35622869  0.40183156 -2.26662637  1.26136249 -0.1533009
  2.4023599   1.23319422  2.87810196 -1.0573457   2.10171085 -0.4298966
 -3.26841317  2.20322394  0.81147357  1.92881013 -1.28919874  1.4391002
 -2.1217209   0.20898172  0.08303398 -2.79059725 -0.90191674 -2.39307589
  0.07227095 -0.5689941 ]
Sat May 25 16:39:07 2024,421,0.09593800954427242,[-4.65843507  2.36664143 -1.84106791 -0.12410113  0.18673529 -2.68764819
  3.01283074  2.10571445  1.45519036 -0.92536589  0.61240144  1.09170239
  1.13210366 -1.54196399  0.7771239   2.80621944 -0.79814731 -0.63691812
 -1.754716    0.60195815  1.67657161  2.99186042 -1.20875351 -0.31571374
 -2.42357027 -2.33803322  2.99457649  2.76323094 -0.54433318 -2.36481899
  1.48280516 -0.05851134 -2.31787253  2.09555712  1.28953445 -0.63854446
  0.84777107 -2.3188033  -0.02589117  2.15333212 -0.16394217  0.38886785
  2.71395952  1.04622321  2.46284952  3.16174529  2.64141354 -2.9393243
  0.26536926 -0.81573142  1.75888239  2.86399671 -0.51094806 -2.31763841
  2.78736443 -3.21077337  0.79394991 -0.63487855 -1.74136085  2.69818597
 -1.80954698 -1.58813835 -2.30391131  2.18800528 -2.45128988  2.1355997
  2.07464795  1.53540824  2.38308358  2.80474748  1.64886444  1.20012716
 -1.51324531 -2.22926707  1.47130328  0.71195149  1.31361355 -3.01402884
 -0.37769706  2.51832182 -1.03585951  1.28751     1.48328679  0.54455398
 -0.83302347  1.11515048  0.66824527 -0.38370284  2.80473798 -1.99306995
  1.53804621 -0.48681483  1.09033888 -2.84976948 -2.45831949  0.45772853
 -1.16151063 -0.49457756  0.36531339 -0.11127451 -1.65033344 -0.0411744
 -0.85970648  2.81180749 -1.06239998 -1.38013959 -0.94883216  1.07796229
  1.85224682 -0.69616421  1.97232442 -2.19416898 -0.34727843 -0.73251417
 -2.89008271  3.16480688 -1.63194629  3.13522096 -1.26602692 -2.70848163
  3.36217292 -1.23321789 -0.77649685 -2.88407945 -2.71720748  2.54564136
 -2.1365531  -2.04712341 -0.18154865  3.1499868   0.24664826  0.21384946
 -1.2502033  -0.67764003 -1.73377011 -3.0302551   2.87033282  1.23550658
 -0.48570181 -2.18838956  1.10971038 -1.10586096 -0.49042333 -2.73954311
 -2.06517119  1.86555145 -0.87381299  2.62184985 -0.45419319 -2.67151502
 -2.82020065  2.2618294  -3.14423304 -0.44536775 -1.00235486 -0.2466063
  2.34754566  1.84025619  0.0182062  -2.55288946 -2.65891922  0.24436892
 -0.76666327  1.24524566 -2.62770916  1.12505521 -0.38397996  0.42076245
  1.91903153  0.45811744  0.6507478  -1.27157271  1.79160611  2.93982444
  0.99594509  0.22180128 -1.14180563  2.4227876   0.72673833 -1.90977484
 -0.05037835  1.87092556  0.9866545  -1.08002503 -2.3013084   2.22238368
  2.00398268  1.92832643  2.29723943  1.91578074 -1.66121601 -3.103899
  0.42852859  1.34475338 -2.26275909 -1.12582905  2.31183151  1.39294538
 -0.27196187 -1.84442085 -1.64824145  1.96528784  1.30723928 -1.01187861
 -0.23076052 -0.69309431 -0.3033898   2.3024599  -0.66194177 -0.9353416
  0.77590826 -2.35269008  0.5902684   2.78422703 -0.35243083  2.0472222
 -1.86125877 -1.35337265 -2.59736534 -2.42273659 -1.50154009 -3.02896681
  2.01620035  1.78191194  1.58151634  1.12533631  1.5881945  -2.44421839
 -2.50736549  1.78908353  1.03427662 -0.29185475 -2.47720349  1.43098658
 -1.04394947 -3.04761933 -0.04720653  1.89750935 -2.70128244 -2.36816766
  1.87612205  1.02967082 -0.62617299 -0.49630646 -0.92140735  1.96405224
  0.47262151 -0.35622792  0.40183078 -2.26662715  1.26136326 -0.15330168
  2.40235912  1.23319344  2.87810118 -1.05734492  2.10171163 -0.42989738
 -3.26841395  2.20322317  0.81147279  1.92881091 -1.28919796  1.43910098
 -2.12172167  0.2089825   0.08303476 -2.79059647 -0.90191596 -2.39307667
  0.07227173 -0.56899332]
Sat May 25 16:39:37 2024,422,0.09593800946725131,[-4.65843583  2.36664066 -1.84106867 -0.12410037  0.18673605 -2.68764743
  3.0128315   2.10571369  1.45519112 -0.92536513  0.61240068  1.09170315
  1.13210289 -1.54196323  0.77712466  2.80621868 -0.79814655 -0.63691735
 -1.75471676  0.60195891  1.67657238  2.99185966 -1.20875275 -0.31571451
 -2.42357103 -2.33803246  2.99457573  2.7632317  -0.54433242 -2.36481975
  1.4828044  -0.05851058 -2.31787177  2.09555635  1.28953522 -0.63854522
  0.84777183 -2.31880254 -0.02589194  2.15333136 -0.16394293  0.38886861
  2.71396029  1.04622245  2.46285028  3.16174605  2.6414143  -2.93932354
  0.26537002 -0.81573218  1.75888163  2.86399747 -0.51094882 -2.31763764
  2.78736519 -3.21077261  0.79395067 -0.63487931 -1.74136161  2.69818673
 -1.80954774 -1.58813759 -2.30391207  2.18800452 -2.45128911  2.13560047
  2.07464871  1.535409    2.38308282  2.80474672  1.64886368  1.20012792
 -1.51324607 -2.22926631  1.47130252  0.71195073  1.31361279 -3.01402961
 -0.37769782  2.51832106 -1.03585875  1.28751076  1.48328603  0.54455322
 -0.8330227   1.11514972  0.66824604 -0.38370361  2.80473874 -1.99306919
  1.53804545 -0.48681559  1.09033964 -2.84976872 -2.45832025  0.45772777
 -1.16150987 -0.49457832  0.36531415 -0.11127375 -1.65033268 -0.04117517
 -0.85970725  2.81180825 -1.06240074 -1.38014035 -0.9488314   1.07796152
  1.85224606 -0.69616345  1.97232519 -2.19416822 -0.34727767 -0.73251493
 -2.89008347  3.16480612 -1.63194705  3.13522172 -1.26602768 -2.70848239
  3.36217368 -1.23321713 -0.77649609 -2.88407869 -2.71720672  2.5456406
 -2.13655234 -2.04712265 -0.18154941  3.14998604  0.2466475   0.21385022
 -1.25020406 -0.67763927 -1.73376935 -3.03025434  2.87033358  1.23550735
 -0.48570257 -2.18839032  1.10971114 -1.10586172 -0.49042409 -2.73954235
 -2.06517043  1.86555221 -0.87381375  2.62185061 -0.45419243 -2.67151578
 -2.82019989  2.26183017 -3.14423228 -0.44536699 -1.0023541  -0.24660554
  2.34754643  1.84025543  0.01820697 -2.55289023 -2.65891998  0.24436816
 -0.76666251  1.2452449  -2.62770993  1.12505445 -0.38398072  0.42076168
  1.91903229  0.45811668  0.65074703 -1.27157195  1.79160687  2.93982368
  0.99594432  0.22180051 -1.14180639  2.42278836  0.72673909 -1.90977408
 -0.05037911  1.8709248   0.98665374 -1.08002579 -2.30130764  2.22238292
  2.00398191  1.92832567  2.29723867  1.9157815  -1.66121525 -3.10389824
  0.42852936  1.34475262 -2.26275832 -1.12582829  2.31183075  1.39294614
 -0.27196263 -1.84442009 -1.64824069  1.9652886   1.30724004 -1.01187784
 -0.23076128 -0.69309507 -0.30339057  2.30245914 -0.66194101 -0.93534084
  0.7759075  -2.35268931  0.59026764  2.78422779 -0.35243007  2.04722144
 -1.86125953 -1.35337189 -2.59736458 -2.42273583 -1.50153933 -3.02896605
  2.01620111  1.78191118  1.5815171   1.12533555  1.58819527 -2.44421915
 -2.50736625  1.78908277  1.03427738 -0.29185551 -2.47720273  1.43098582
 -1.04394871 -3.0476201  -0.04720729  1.89750859 -2.70128168 -2.36816843
  1.87612281  1.02967158 -0.62617375 -0.49630722 -0.92140659  1.96405148
  0.47262228 -0.35622715  0.40183154 -2.26662639  1.26136403 -0.15330244
  2.40235988  1.2331942   2.87810042 -1.05734416  2.10171087 -0.42989814
 -3.26841471  2.2032224   0.81147203  1.92881015 -1.28919872  1.43910022
 -2.12172244  0.20898326  0.083034   -2.79059723 -0.9019152  -2.39307743
  0.07227097 -0.56899256]
Sat May 25 16:40:10 2024,423,0.09593800939250469,[-4.65843657  2.36664141 -1.84106793 -0.12409962  0.18673679 -2.68764669
  3.01283076  2.10571443  1.45519038 -0.92536438  0.61240143  1.09170241
  1.13210215 -1.54196248  0.7771254   2.80621794 -0.7981473  -0.6369181
 -1.7547175   0.60195816  1.67657163  2.9918604  -1.2087535  -0.31571376
 -2.42357178 -2.33803321  2.99457648  2.76323095 -0.54433316 -2.364819
  1.48280365 -0.05850984 -2.31787252  2.0955571   1.28953596 -0.63854447
  0.84777108 -2.31880179 -0.02589119  2.1533321  -0.16394219  0.38886936
  2.71395954  1.0462217   2.46285103  3.1617453   2.64141355 -2.93932429
  0.26536927 -0.81573143  1.75888238  2.86399672 -0.51094956 -2.3176369
  2.78736593 -3.21077186  0.79394992 -0.63488006 -1.74136086  2.69818599
 -1.80954849 -1.58813833 -2.30391132  2.18800377 -2.45128837  2.13560121
  2.07464946  1.53540975  2.38308208  2.80474747  1.64886293  1.20012866
 -1.51324532 -2.22926706  1.47130177  0.71195148  1.31361354 -3.01403035
 -0.37769856  2.51832032 -1.03585949  1.28751151  1.48328528  0.54455248
 -0.83302196  1.11515046  0.66824529 -0.38370435  2.80473948 -1.99306994
  1.5380462  -0.48681485  1.0903389  -2.84976947 -2.4583195   0.45772852
 -1.16150913 -0.49457907  0.36531489 -0.111273   -1.65033343 -0.04117591
 -0.85970799  2.811809   -1.0624     -1.38013961 -0.94883065  1.07796227
  1.85224531 -0.6961642   1.97232593 -2.19416897 -0.34727841 -0.73251419
 -2.89008272  3.16480537 -1.6319478   3.13522098 -1.26602843 -2.70848164
  3.36217293 -1.23321639 -0.77649534 -2.88407795 -2.71720746  2.54563986
 -2.1365516  -2.0471234  -0.18155015  3.14998678  0.24664824  0.21384948
 -1.25020481 -0.67764002 -1.7337701  -3.03025359  2.87033284  1.2355066
 -0.48570331 -2.18838957  1.10971189 -1.10586097 -0.49042484 -2.73954309
 -2.06517117  1.86555295 -0.87381301  2.62185136 -0.45419169 -2.67151653
 -2.82020063  2.26182942 -3.14423302 -0.44536773 -1.00235336 -0.24660629
  2.34754568  1.84025618  0.01820771 -2.55289097 -2.65891924  0.2443689
 -0.76666177  1.24524415 -2.62771067  1.1250552  -0.38398147  0.42076243
  1.91903155  0.45811742  0.65074629 -1.2715712   1.79160612  2.93982293
  0.99594507  0.22180126 -1.14180714  2.42278762  0.72673983 -1.90977333
 -0.05037836  1.87092554  0.98665449 -1.08002504 -2.30130838  2.22238366
  2.00398266  1.92832492  2.29723792  1.91578225 -1.6612145  -3.1038975
  0.42852861  1.34475188 -2.26275907 -1.12582755  2.31183149  1.39294539
 -0.27196188 -1.84441934 -1.64824143  1.96528786  1.30723929 -1.0118771
 -0.23076054 -0.69309432 -0.30338982  2.3024584  -0.66194175 -0.93534009
  0.77590824 -2.35269006  0.5902669   2.78422705 -0.35243081  2.04722218
 -1.86125879 -1.35337114 -2.59736383 -2.42273658 -1.50153859 -3.0289653
  2.01620185  1.78191192  1.58151635  1.1253348   1.58819452 -2.4442199
 -2.507367    1.78908351  1.03427664 -0.29185625 -2.47720199  1.43098656
 -1.04394797 -3.04762084 -0.04720804  1.89750934 -2.70128243 -2.36816768
  1.87612207  1.02967084 -0.62617301 -0.49630796 -0.92140584  1.96405074
  0.47262302 -0.35622641  0.40183228 -2.26662564  1.26136477 -0.15330169
  2.40235913  1.23319346  2.87809968 -1.05734491  2.10171161 -0.42989888
 -3.26841396  2.20322166  0.81147128  1.92881089 -1.28919798  1.43910096
 -2.12172318  0.208984    0.08303475 -2.79059649 -0.90191594 -2.39307817
  0.07227172 -0.56899182]
Sat May 25 16:40:33 2024,424,0.0959380093199533,[-4.6584373   2.36664068 -1.8410672  -0.12410035  0.18673606 -2.68764741
  3.01283003  2.1057137   1.45518965 -0.92536365  0.6124007   1.09170314
  1.13210142 -1.54196175  0.77712467  2.80621721 -0.79814803 -0.63691737
 -1.75471823  0.60195889  1.6765709   2.99185967 -1.20875423 -0.31571303
 -2.42357105 -2.33803248  2.99457575  2.76323168 -0.54433389 -2.36481827
  1.48280438 -0.05851057 -2.31787325  2.09555783  1.28953523 -0.63854374
  0.84777181 -2.31880107 -0.02589192  2.15333137 -0.16394292  0.38886863
  2.71395881  1.04622097  2.46285176  3.16174603  2.64141282 -2.93932356
  0.26536854 -0.81573216  1.75888311  2.86399599 -0.51095029 -2.31763617
  2.78736666 -3.21077114  0.79395065 -0.63487933 -1.74136159  2.69818672
 -1.80954922 -1.5881376  -2.30391205  2.1880045  -2.45128764  2.13560048
  2.07464873  1.53540902  2.38308281  2.80474674  1.6488622   1.20012793
 -1.51324605 -2.22926779  1.47130104  0.71195075  1.31361427 -3.01402962
 -0.37769929  2.51831959 -1.03585876  1.28751078  1.48328601  0.54455321
 -0.83302269  1.11514973  0.66824456 -0.38370362  2.80474021 -1.99306921
  1.53804547 -0.48681412  1.09033963 -2.84976874 -2.45832023  0.45772925
 -1.1615084  -0.4945798   0.36531416 -0.11127373 -1.6503327  -0.04117518
 -0.85970726  2.81180827 -1.06239927 -1.38013888 -0.94882992  1.07796154
  1.85224604 -0.69616492  1.97232666 -2.1941697  -0.34727914 -0.73251492
 -2.89008345  3.1648061  -1.63194853  3.1352217  -1.2660277  -2.70848091
  3.36217366 -1.23321712 -0.77649461 -2.88407722 -2.71720673  2.54563913
 -2.13655232 -2.04712267 -0.18154942  3.14998605  0.24664897  0.21385021
 -1.25020554 -0.67763929 -1.73377083 -3.03025432  2.87033211  1.23550587
 -0.48570404 -2.18838884  1.10971262 -1.1058617  -0.49042411 -2.73954236
 -2.0651719   1.86555368 -0.87381374  2.62185209 -0.45419096 -2.67151726
 -2.8201999   2.26183015 -3.14423375 -0.44536846 -1.00235263 -0.24660702
  2.34754495  1.84025691  0.01820698 -2.5528917  -2.65891997  0.24436817
 -0.76666104  1.24524488 -2.6277114   1.12505593 -0.3839822   0.42076316
  1.91903228  0.45811669  0.65074702 -1.27157047  1.79160539  2.9398222
  0.99594434  0.22180053 -1.14180787  2.42278835  0.7267391  -1.9097726
 -0.05037909  1.87092481  0.98665376 -1.08002577 -2.30130765  2.22238439
  2.00398339  1.92832565  2.29723719  1.91578152 -1.66121523 -3.10389677
  0.42852788  1.34475261 -2.26275834 -1.12582828  2.31183076  1.39294466
 -0.27196115 -1.84442007 -1.6482407   1.96528713  1.30724002 -1.01187637
 -0.23075981 -0.69309505 -0.30338909  2.30245767 -0.66194102 -0.93534082
  0.77590897 -2.35268933  0.59026762  2.78422632 -0.35243008  2.04722145
 -1.86125952 -1.35337187 -2.5973631  -2.42273585 -1.50153786 -3.02896457
  2.01620112  1.78191265  1.58151562  1.12533407  1.58819379 -2.44421917
 -2.50736627  1.78908278  1.03427591 -0.29185698 -2.47720126  1.43098583
 -1.04394724 -3.04762157 -0.04720731  1.89750861 -2.7012817  -2.36816695
  1.8761228   1.02967011 -0.62617374 -0.49630723 -0.92140511  1.96405146
  0.47262375 -0.35622568  0.40183156 -2.26662637  1.2613655  -0.15330242
  2.40235986  1.23319273  2.87810041 -1.05734563  2.10171088 -0.42989815
 -3.26841324  2.20322239  0.81147201  1.92881016 -1.28919871  1.43910023
 -2.12172245  0.20898473  0.08303402 -2.79059722 -0.90191521 -2.39307744
  0.07227244 -0.56899254]
Sat May 25 16:40:58 2024,425,0.09593800924952386,[-4.65843802  2.36663997 -1.84106648 -0.12409964  0.18673535 -2.6876467
  3.01283074  2.10571442  1.45519036 -0.92536437  0.61240141  1.09170385
  1.1321007  -1.54196247  0.77712396  2.80621649 -0.79814874 -0.63691808
 -1.75471895  0.60195961  1.67657161  2.99185896 -1.20875351 -0.31571232
 -2.42357176 -2.33803319  2.99457646  2.76323239 -0.54433461 -2.36481899
  1.4828051  -0.05851128 -2.31787396  2.09555854  1.28953594 -0.63854446
  0.8477711  -2.31880178 -0.02589263  2.15333066 -0.16394363  0.38886792
  2.7139581   1.04622169  2.46285104  3.16174532  2.64141211 -2.93932427
  0.26536926 -0.81573145  1.75888382  2.86399671 -0.51094958 -2.31763546
  2.78736738 -3.21077185  0.79395137 -0.63488004 -1.74136088  2.69818743
 -1.80954993 -1.58813689 -2.30391277  2.18800521 -2.45128835  2.13559977
  2.07464944  1.5354083   2.38308209  2.80474602  1.64886292  1.20012722
 -1.51324534 -2.2292685   1.47130033  0.71195146  1.31361355 -3.01402891
 -0.37770001  2.5183203  -1.03585805  1.28751006  1.48328673  0.54455249
 -0.8330234   1.11514902  0.66824385 -0.38370434  2.8047395  -1.99306992
  1.53804475 -0.48681483  1.09033892 -2.84976945 -2.45832095  0.45772853
 -1.16150911 -0.49458051  0.36531488 -0.11127302 -1.65033198 -0.04117447
 -0.85970655  2.81180898 -1.06239998 -1.38013816 -0.94883064  1.07796083
  1.85224533 -0.69616421  1.97232595 -2.19416898 -0.34727843 -0.73251563
 -2.89008274  3.16480539 -1.63194924  3.13522242 -1.26602841 -2.7084802
  3.36217295 -1.2332164  -0.7764939  -2.8840765  -2.71720744  2.54563841
 -2.13655161 -2.04712195 -0.18154871  3.14998677  0.24664969  0.21385092
 -1.25020482 -0.67763857 -1.73377154 -3.03025361  2.87033282  1.23550658
 -0.48570476 -2.18838956  1.1097119  -1.10586242 -0.49042339 -2.73954165
 -2.06517262  1.86555297 -0.87381302  2.6218528  -0.45419167 -2.67151654
 -2.82020062  2.26182944 -3.14423304 -0.44536918 -1.00235191 -0.24660773
  2.34754424  1.84025762  0.0182077  -2.55289241 -2.65892068  0.24436746
 -0.76666175  1.24524417 -2.62771211  1.12505521 -0.38398149  0.42076387
  1.91903299  0.45811741  0.6507463  -1.27156976  1.79160611  2.93982291
  0.99594505  0.22180124 -1.14180858  2.42278906  0.72673982 -1.90977331
 -0.05037981  1.8709241   0.98665304 -1.08002506 -2.30130694  2.2223851
  2.00398267  1.92832637  2.29723791  1.91578223 -1.66121452 -3.10389605
  0.42852717  1.34475332 -2.26275763 -1.12582899  2.31183148  1.39294538
 -0.27196044 -1.84441936 -1.64823999  1.96528641  1.30724074 -1.01187566
 -0.2307591  -0.69309576 -0.30338838  2.30245838 -0.66194174 -0.93534154
  0.77590968 -2.35269004  0.59026834  2.78422561 -0.3524308   2.04722217
 -1.86126023 -1.35337259 -2.59736382 -2.42273513 -1.50153714 -3.02896386
  2.01620184  1.78191194  1.58151491  1.12533478  1.58819451 -2.44421988
 -2.50736555  1.78908207  1.0342752  -0.2918577  -2.47720054  1.43098512
 -1.04394795 -3.04762086 -0.0472066   1.89750932 -2.70128098 -2.36816624
  1.87612351  1.02967082 -0.62617302 -0.49630795 -0.92140583  1.96405075
  0.47262304 -0.35622497  0.40183227 -2.26662566  1.26136479 -0.15330314
  2.40235915  1.23319202  2.87810112 -1.05734492  2.1017116  -0.42989744
 -3.26841252  2.20322167  0.81147272  1.92881088 -1.28919799  1.43910095
 -2.12172174  0.20898545  0.08303473 -2.7905965  -0.90191593 -2.39307673
  0.07227173 -0.56899183]
Sat May 25 16:41:26 2024,426,0.0959380091811432,[-4.65843871  2.36663927 -1.84106718 -0.12410033  0.18673465 -2.6876474
  3.01283004  2.10571372  1.45519106 -0.92536507  0.61240211  1.09170315
  1.13210001 -1.54196317  0.77712466  2.80621719 -0.79814944 -0.63691878
 -1.75471825  0.60195891  1.67657092  2.99185826 -1.20875421 -0.31571162
 -2.42357106 -2.33803249  2.99457716  2.76323309 -0.54433391 -2.36481969
  1.4828044  -0.05851058 -2.31787326  2.09555924  1.28953525 -0.63854516
  0.8477704  -2.31880248 -0.02589333  2.15332996 -0.16394293  0.38886861
  2.7139574   1.04622099  2.46285174  3.16174462  2.64141141 -2.93932357
  0.26536996 -0.81573075  1.75888452  2.86399741 -0.51095028 -2.31763615
  2.78736668 -3.21077255  0.79395067 -0.63488074 -1.74136158  2.69818813
 -1.80954923 -1.58813619 -2.30391207  2.18800591 -2.45128765  2.13559907
  2.07465014  1.5354076   2.38308279  2.80474532  1.64886222  1.20012652
 -1.51324604 -2.2292692   1.47130103  0.71195076  1.31361285 -3.01402821
 -0.37770071  2.5183196  -1.03585735  1.28751076  1.48328603  0.54455319
 -0.8330241   1.11514972  0.66824455 -0.38370364  2.8047388  -1.99306922
  1.53804405 -0.48681413  1.09033822 -2.84976875 -2.45832165  0.45772923
 -1.16150981 -0.49457981  0.36531558 -0.11127372 -1.65033128 -0.04117377
 -0.85970725  2.81180828 -1.06239929 -1.38013886 -0.94883134  1.07796013
  1.85224603 -0.69616351  1.97232525 -2.19416968 -0.34727773 -0.73251633
 -2.89008204  3.16480609 -1.63194854  3.13522172 -1.26602771 -2.7084795
  3.36217365 -1.2332171  -0.7764932  -2.8840772  -2.71720814  2.54563771
 -2.13655091 -2.04712265 -0.18154801  3.14998607  0.24664899  0.21385022
 -1.25020552 -0.67763927 -1.73377224 -3.03025291  2.87033212  1.23550728
 -0.48570546 -2.18839026  1.1097112  -1.10586312 -0.49042409 -2.73954235
 -2.06517331  1.86555367 -0.87381372  2.6218521  -0.45419237 -2.67151584
 -2.82019992  2.26182874 -3.14423234 -0.44536988 -1.00235261 -0.24660703
  2.34754494  1.84025832  0.018207   -2.55289172 -2.65891998  0.24436816
 -0.76666105  1.24524487 -2.62771142  1.12505591 -0.38398079  0.42076317
  1.91903229  0.45811671  0.650747   -1.27156906  1.79160681  2.93982361
  0.99594436  0.22180055 -1.14180788  2.42278976  0.72673912 -1.90977401
 -0.0503805   1.8709234   0.98665234 -1.08002436 -2.30130624  2.22238441
  2.00398337  1.92832567  2.2972386   1.91578293 -1.66121382 -3.10389535
  0.42852787  1.34475402 -2.26275693 -1.12582829  2.31183217  1.39294608
 -0.27195974 -1.84441866 -1.64823929  1.96528711  1.30724004 -1.01187635
 -0.2307584  -0.69309507 -0.30338908  2.30245768 -0.66194104 -0.93534084
  0.77590899 -2.35268935  0.59026764  2.78422491 -0.3524315   2.04722286
 -1.86126093 -1.35337329 -2.59736452 -2.42273583 -1.50153644 -3.02896456
  2.01620254  1.78191264  1.58151421  1.12533409  1.5881952  -2.44421918
 -2.50736625  1.78908137  1.0342745  -0.29185839 -2.47720124  1.43098442
 -1.04394725 -3.04762155 -0.04720729  1.89751002 -2.70128168 -2.36816694
  1.87612281  1.02967012 -0.62617372 -0.49630725 -0.92140513  1.96405005
  0.47262374 -0.35622427  0.40183297 -2.26662636  1.26136409 -0.15330244
  2.40235985  1.23319132  2.87810042 -1.05734422  2.1017123  -0.42989814
 -3.26841322  2.20322237  0.81147342  1.92881018 -1.28919729  1.43910165
 -2.12172244  0.20898615  0.08303403 -2.7905958  -0.90191523 -2.39307743
  0.07227243 -0.56899253]
Sat May 25 16:41:52 2024,427,0.0959380091147419,[-4.6584394   2.36663995 -1.84106786 -0.12409965  0.18673397 -2.68764808
  3.01283073  2.10571304  1.45519175 -0.92536575  0.61240279  1.09170247
  1.13210069 -1.54196248  0.77712397  2.80621788 -0.79815012 -0.63691947
 -1.75471756  0.60195823  1.67657023  2.99185758 -1.2087549  -0.3157123
 -2.42357038 -2.33803181  2.99457647  2.76323241 -0.54433322 -2.36482037
  1.48280508 -0.0585099  -2.31787258  2.09555856  1.28953456 -0.63854447
  0.84777109 -2.31880316 -0.02589402  2.15332927 -0.16394225  0.3888693
  2.71395671  1.0462203   2.46285106  3.1617453   2.64141073 -2.93932426
  0.26537064 -0.81573143  1.75888384  2.86399809 -0.51095096 -2.31763684
  2.78736599 -3.21077323  0.79395135 -0.63488006 -1.74136226  2.69818744
 -1.80954992 -1.58813551 -2.30391138  2.1880066  -2.45128697  2.13559838
  2.07464946  1.53540692  2.38308348  2.80474601  1.6488629   1.20012721
 -1.51324672 -2.22926988  1.47130171  0.71195008  1.31361354 -3.01402889
 -0.37770139  2.51831892 -1.03585667  1.28751008  1.48328671  0.54455251
 -0.83302479  1.11514903  0.66824386 -0.38370432  2.80473811 -1.99306991
  1.53804474 -0.48681482  1.0903389  -2.84976807 -2.45832233  0.45772991
 -1.16150913 -0.49457913  0.36531626 -0.1112744  -1.6503306  -0.04117308
 -0.85970793  2.81180897 -1.0623986  -1.38013818 -0.94883065  1.07795944
  1.85224671 -0.6961642   1.97232456 -2.19417037 -0.34727841 -0.73251701
 -2.89008135  3.1648054  -1.63194923  3.1352224  -1.2660284  -2.70847882
  3.36217296 -1.23321779 -0.77649389 -2.88407652 -2.71720746  2.5456384
 -2.1365516  -2.04712334 -0.18154733  3.14998675  0.2466483   0.21385091
 -1.25020621 -0.67763859 -1.73377156 -3.03025359  2.87033144  1.23550797
 -0.48570614 -2.18838957  1.10971189 -1.10586243 -0.49042478 -2.73954303
 -2.06517263  1.86555298 -0.8738144   2.62185279 -0.45419168 -2.67151653
 -2.82019923  2.26182942 -3.14423302 -0.44536919 -1.0023533  -0.24660772
  2.34754425  1.84025764  0.01820768 -2.5528924  -2.65892067  0.24436747
 -0.76666037  1.24524555 -2.62771073  1.12505523 -0.3839801   0.42076249
  1.91903298  0.45811739  0.65074632 -1.27156975  1.79160749  2.93982293
  0.99594367  0.22179986 -1.1418072   2.42278907  0.7267398  -1.9097747
 -0.05038119  1.87092409  0.98665166 -1.08002504 -2.30130692  2.22238509
  2.00398269  1.92832498  2.29723792  1.91578361 -1.6612145  -3.10389604
  0.42852855  1.3447547  -2.26275624 -1.12582897  2.31183286  1.39294676
 -0.27195906 -1.84441934 -1.64823861  1.96528643  1.30723935 -1.01187704
 -0.23075771 -0.69309575 -0.30338839  2.30245837 -0.66194036 -0.93534152
  0.77590967 -2.35268866  0.59026696  2.78422422 -0.35243218  2.04722218
 -1.86126161 -1.3533726  -2.59736383 -2.42273515 -1.50153576 -3.02896387
  2.01620322  1.78191332  1.58151489  1.1253334   1.58819589 -2.44421987
 -2.50736694  1.78908069  1.03427518 -0.29185771 -2.47720192  1.43098373
 -1.04394657 -3.04762087 -0.04720798  1.8975107  -2.701281   -2.36816625
  1.8761235   1.02967081 -0.6261744  -0.49630656 -0.92140444  1.96404937
  0.47262305 -0.35622358  0.40183365 -2.26662567  1.26136477 -0.15330175
  2.40236053  1.233192    2.8781011  -1.05734491  2.10171161 -0.42989882
 -3.26841254  2.20322169  0.81147411  1.92880949 -1.28919798  1.43910096
 -2.12172312  0.20898546  0.08303472 -2.79059512 -0.90191591 -2.39307674
  0.07227311 -0.56899185]
Sat May 25 16:42:15 2024,428,0.09593800905025407,[-4.65844007  2.36664062 -1.84106719 -0.12409898  0.1867333  -2.68764741
  3.0128314   2.10571237  1.45519108 -0.92536508  0.61240212  1.0917018
  1.13210136 -1.54196181  0.77712464  2.80621721 -0.79815079 -0.6369188
 -1.75471823  0.60195756  1.67656956  2.99185825 -1.20875557 -0.31571163
 -2.42357105 -2.33803248  2.99457714  2.76323174 -0.54433389 -2.3648197
  1.48280441 -0.05850923 -2.31787325  2.09555923  1.28953389 -0.6385438
  0.84777176 -2.31880383 -0.02589469  2.15332994 -0.16394292  0.38886863
  2.71395738  1.04622097  2.46285039  3.16174597  2.64141006 -2.93932359
  0.26536997 -0.8157321   1.75888317  2.86399876 -0.51095163 -2.31763617
  2.78736666 -3.21077256  0.79395068 -0.63487939 -1.74136293  2.69818811
 -1.80954925 -1.58813484 -2.30391205  2.18800593 -2.45128764  2.13559771
  2.07465013  1.53540759  2.38308281  2.80474534  1.64886223  1.20012654
 -1.51324605 -2.22926921  1.47130104  0.71194941  1.31361421 -3.01402956
 -0.37770072  2.51831959 -1.03585734  1.28751075  1.48328738  0.54455318
 -0.83302545  1.11514836  0.66824319 -0.38370365  2.80473744 -1.99306924
  1.53804407 -0.48681415  1.09033957 -2.8497674  -2.458323    0.45772925
 -1.16150846 -0.4945798   0.36531693 -0.11127373 -1.65032993 -0.04117375
 -0.85970726  2.81180964 -1.06239793 -1.38013751 -0.94882998  1.07796011
  1.85224604 -0.69616487  1.97232523 -2.1941697  -0.34727774 -0.73251768
 -2.89008069  3.16480607 -1.63194856  3.13522173 -1.26602907 -2.70847815
  3.36217363 -1.23321712 -0.77649456 -2.88407585 -2.71720813  2.54563907
 -2.13655093 -2.04712267 -0.18154666  3.14998608  0.24664763  0.21385158
 -1.25020554 -0.67763926 -1.73377223 -3.03025292  2.87033211  1.2355073
 -0.48570681 -2.1883889   1.10971256 -1.10586176 -0.49042411 -2.73954236
 -2.0651733   1.86555365 -0.87381507  2.62185346 -0.45419101 -2.6715172
 -2.82019856  2.26183009 -3.14423369 -0.44536986 -1.00235263 -0.24660705
  2.34754492  1.84025697  0.01820701 -2.55289173 -2.65892134  0.2443668
 -0.76666104  1.24524488 -2.62771006  1.1250559  -0.38398077  0.42076316
  1.91903365  0.45811806  0.65074699 -1.27157041  1.79160816  2.9398236
  0.99594434  0.22179919 -1.14180653  2.4227884   0.72673913 -1.90977403
 -0.05038186  1.87092476  0.98665233 -1.08002571 -2.30130625  2.22238442
  2.00398202  1.92832565  2.29723725  1.91578295 -1.66121517 -3.10389671
  0.42852788  1.34475537 -2.26275691 -1.12582964  2.31183219  1.39294743
 -0.27195973 -1.84442001 -1.64823928  1.96528576  1.30724002 -1.01187771
 -0.23075704 -0.69309508 -0.30338772  2.3024577  -0.66194103 -0.93534085
  0.775909   -2.35268933  0.59026629  2.78422489 -0.35243151  2.04722151
 -1.86126228 -1.35337327 -2.59736316 -2.42273582 -1.50153509 -3.02896454
  2.01620255  1.78191265  1.58151423  1.12533273  1.58819656 -2.4442192
 -2.50736627  1.78908002  1.03427451 -0.29185838 -2.47720126  1.4309844
 -1.04394724 -3.04762154 -0.04720865  1.89751137 -2.70128167 -2.36816692
  1.87612283  1.02967148 -0.62617507 -0.49630723 -0.92140511  1.96405004
  0.47262238 -0.35622425  0.40183432 -2.266625    1.2613641  -0.15330242
  2.4023612   1.23319267  2.87810043 -1.05734558  2.10171228 -0.42989815
 -3.26841187  2.20322102  0.81147478  1.92880882 -1.28919865  1.43910029
 -2.12172245  0.20898479  0.08303539 -2.79059445 -0.90191524 -2.39307741
  0.07227378 -0.56899118]
Sat May 25 16:43:12 2024,429,0.09593800898761436,[-4.65844072  2.36664128 -1.84106654 -0.12409833  0.18673264 -2.68764676
  3.01283074  2.10571302  1.45519173 -0.92536442  0.61240278  1.09170114
  1.1321007  -1.54196247  0.7771253   2.80621655 -0.79815145 -0.63691814
 -1.75471889  0.6019569   1.67656891  2.9918589  -1.20875491 -0.31571098
 -2.4235717  -2.33803313  2.99457649  2.76323108 -0.54433324 -2.36482036
  1.48280376 -0.05850857 -2.3178739   2.09555988  1.28953455 -0.63854446
  0.8477711  -2.31880318 -0.02589403  2.1533306  -0.16394357  0.38886797
  2.71395804  1.04622032  2.46285104  3.16174532  2.6414094  -2.93932424
  0.26537063 -0.81573276  1.75888251  2.86399811 -0.51095098 -2.31763551
  2.78736601 -3.21077191  0.79395003 -0.63488004 -1.74136359  2.69818746
 -1.8095499  -1.58813418 -2.30391271  2.18800527 -2.45128698  2.13559837
  2.07464947  1.53540825  2.38308346  2.80474599  1.64886158  1.20012719
 -1.51324671 -2.22926987  1.47130039  0.71194875  1.31361355 -3.01402891
 -0.37770138  2.51831893 -1.03585799  1.2875114   1.48328804  0.54455252
 -0.83302611  1.11514771  0.66824385 -0.383703    2.8047381  -1.99306989
  1.53804341 -0.48681349  1.09033891 -2.84976674 -2.45832366  0.4577299
 -1.16150911 -0.49457914  0.36531627 -0.11127308 -1.65032927 -0.0411731
 -0.85970792  2.81180898 -1.06239859 -1.38013817 -0.94882933  1.07796077
  1.8522467  -0.69616552  1.97232589 -2.19417035 -0.3472784  -0.73251834
 -2.89008134  3.16480673 -1.6319479   3.13522108 -1.26602841 -2.7084788
  3.36217429 -1.23321777 -0.77649521 -2.88407519 -2.71720747  2.54563841
 -2.13655158 -2.04712332 -0.18154731  3.14998543  0.24664829  0.21385092
 -1.25020488 -0.67763991 -1.73377157 -3.03025227  2.87033145  1.23550795
 -0.48570615 -2.18838956  1.10971321 -1.10586111 -0.49042345 -2.73954302
 -2.06517264  1.86555431 -0.87381442  2.6218528  -0.45419167 -2.67151654
 -2.82019922  2.26182944 -3.14423435 -0.44537052 -1.00235197 -0.2466077
  2.34754427  1.84025631  0.01820636 -2.55289107 -2.65892199  0.24436615
 -0.76666169  1.24524554 -2.62770941  1.12505655 -0.38398012  0.42076382
  1.9190343   0.45811741  0.65074764 -1.27157107  1.7916075   2.93982426
  0.99594369  0.22179985 -1.14180719  2.42278775  0.72673979 -1.90977337
 -0.0503812   1.8709241   0.98665167 -1.08002506 -2.30130691  2.22238376
  2.00398268  1.928325    2.2972366   1.9157836  -1.66121452 -3.10389736
  0.42852854  1.34475603 -2.26275757 -1.1258303   2.31183284  1.39294677
 -0.27195907 -1.84442067 -1.64823993  1.9652851   1.30723937 -1.01187836
 -0.23075639 -0.69309442 -0.30338707  2.30245835 -0.66194168 -0.93534151
  0.77590966 -2.35268999  0.59026563  2.78422424 -0.35243217  2.04722217
 -1.86126294 -1.35337262 -2.59736251 -2.42273516 -1.50153444 -3.02896389
  2.01620321  1.78191199  1.58151488  1.12533208  1.5881959  -2.44421854
 -2.50736692  1.78907936  1.03427517 -0.29185904 -2.47720191  1.43098375
 -1.04394658 -3.0476222  -0.04720799  1.89751203 -2.70128101 -2.36816758
  1.87612348  1.02967213 -0.62617442 -0.49630658 -0.92140577  1.96404938
  0.47262304 -0.35622491  0.40183498 -2.26662435  1.26136476 -0.15330308
  2.40236055  1.23319333  2.87809978 -1.05734623  2.10171163 -0.42989881
 -3.26841252  2.20322036  0.81147412  1.92880948 -1.2891993   1.43910095
 -2.12172311  0.20898545  0.08303604 -2.79059379 -0.9019159  -2.39307807
  0.07227444 -0.56899183]
Sat May 25 16:43:41 2024,430,0.09593800892676192,[-4.65844137  2.36664063 -1.8410659  -0.12409768  0.18673328 -2.6876474
  3.0128301   2.10571366  1.45519109 -0.92536507  0.61240342  1.09170179
  1.13210135 -1.54196311  0.77712594  2.80621719 -0.79815209 -0.6369175
 -1.75471953  0.60195754  1.67656955  2.99185826 -1.20875555 -0.31571162
 -2.42357234 -2.33803377  2.99457713  2.76323173 -0.5443326  -2.36481971
  1.4828044  -0.05850793 -2.31787326  2.09556052  1.28953391 -0.63854382
  0.84777046 -2.31880382 -0.02589467  2.15332996 -0.16394421  0.38886862
  2.71395868  1.04621968  2.46285168  3.16174468  2.64141004 -2.93932488
  0.26536998 -0.81573212  1.75888187  2.86399875 -0.51095033 -2.31763615
  2.78736665 -3.21077127  0.79394939 -0.6348794  -1.74136295  2.69818682
 -1.80954926 -1.58813482 -2.30391207  2.18800463 -2.45128634  2.13559773
  2.07465011  1.53540889  2.38308282  2.80474664  1.64886094  1.20012783
 -1.51324607 -2.22927051  1.47130103  0.71194811  1.31361419 -3.01402827
 -0.37770073  2.51831829 -1.03585863  1.28751076  1.4832874   0.54455188
 -0.83302675  1.11514707  0.66824449 -0.38370364  2.80473746 -1.99307054
  1.53804405 -0.48681413  1.09033956 -2.8497661  -2.45832301  0.45772926
 -1.16150975 -0.49457978  0.36531692 -0.11127243 -1.65032992 -0.04117246
 -0.85970728  2.81180834 -1.06239795 -1.38013881 -0.94882868  1.07796013
  1.85224734 -0.69616488  1.97232525 -2.19416971 -0.34727776 -0.7325177
 -2.8900807   3.16480609 -1.63194726  3.13522172 -1.26602777 -2.70847816
  3.36217365 -1.23321713 -0.77649457 -2.88407583 -2.71720683  2.54563777
 -2.13655222 -2.04712268 -0.18154795  3.14998607  0.24664765  0.21385028
 -1.25020424 -0.67763927 -1.73377221 -3.03025162  2.87033081  1.23550731
 -0.48570551 -2.1883902   1.10971257 -1.10586175 -0.49042409 -2.73954238
 -2.065172    1.86555367 -0.87381378  2.62185216 -0.45419231 -2.6715159
 -2.82019858  2.26182879 -3.14423499 -0.44537116 -1.00235133 -0.24660834
  2.34754362  1.84025567  0.01820571 -2.55289043 -2.65892135  0.24436551
 -0.76666234  1.2452449  -2.62771005  1.12505591 -0.38398076  0.42076446
  1.91903494  0.45811805  0.650747   -1.27157171  1.79160686  2.93982361
  0.99594433  0.22179921 -1.14180783  2.42278839  0.72674043 -1.90977401
 -0.05038056  1.87092346  0.98665232 -1.0800257  -2.30130627  2.22238441
  2.00398332  1.92832436  2.29723724  1.91578424 -1.66121387 -3.10389801
  0.42852789  1.34475667 -2.26275693 -1.12583094  2.31183349  1.39294742
 -0.27195971 -1.84442131 -1.64823929  1.96528446  1.30724001 -1.01187901
 -0.23075575 -0.69309507 -0.30338642  2.30245899 -0.66194104 -0.93534215
  0.77590901 -2.35268934  0.59026499  2.78422488 -0.35243281  2.04722152
 -1.8612623  -1.35337326 -2.59736315 -2.42273452 -1.50153379 -3.02896453
  2.01620385  1.78191135  1.58151552  1.12533143  1.58819526 -2.4442179
 -2.50736756  1.78907872  1.03427581 -0.29185839 -2.47720127  1.43098439
 -1.04394723 -3.04762284 -0.04720863  1.89751139 -2.70128037 -2.36816822
  1.87612412  1.02967149 -0.62617378 -0.49630722 -0.92140641  1.96404874
  0.47262368 -0.35622555  0.40183434 -2.26662499  1.26136412 -0.15330372
  2.4023599   1.23319268  2.87809914 -1.05734687  2.10171227 -0.42989817
 -3.26841316  2.20322101  0.81147476  1.92881012 -1.28919866  1.43910159
 -2.12172246  0.20898481  0.0830354  -2.79059315 -0.90191654 -2.39307743
  0.0722738  -0.56899119]
Sat May 25 16:44:05 2024,431,0.09593800886763676,[-4.65844199  2.36664126 -1.84106653 -0.12409831  0.18673266 -2.68764803
  3.01283073  2.10571429  1.45519172 -0.92536569  0.61240405  1.09170116
  1.13210072 -1.54196248  0.77712657  2.80621782 -0.79815272 -0.63691813
 -1.7547189   0.60195691  1.67656892  2.99185889 -1.20875492 -0.31571099
 -2.42357297 -2.3380344   2.99457776  2.7632311  -0.54433322 -2.36481909
  1.48280503 -0.0585073  -2.31787389  2.09556115  1.28953453 -0.63854319
  0.84776983 -2.31880445 -0.02589404  2.15332933 -0.16394484  0.38886799
  2.71395805  1.0462203   2.46285231  3.16174405  2.64140941 -2.93932426
  0.26537061 -0.81573149  1.7588825   2.86399938 -0.51095096 -2.31763553
  2.78736728 -3.21077064  0.79394876 -0.63487877 -1.74136232  2.69818745
 -1.80954863 -1.5881342  -2.3039127   2.188004   -2.45128697  2.1355971
  2.07465074  1.53540952  2.38308345  2.80474726  1.64886156  1.20012721
 -1.51324544 -2.22927114  1.4713004   0.71194748  1.31361482 -3.01402889
 -0.37770011  2.51831892 -1.035858    1.28751139  1.48328802  0.54455125
 -0.83302738  1.11514644  0.66824386 -0.38370301  2.80473809 -1.99306991
  1.53804343 -0.4868135   1.09034018 -2.84976547 -2.45832239  0.45772989
 -1.16150913 -0.49458041  0.36531629 -0.11127306 -1.65032929 -0.04117183
 -0.85970665  2.81180897 -1.06239732 -1.38013944 -0.94882931  1.07796075
  1.85224797 -0.69616425  1.97232587 -2.19417034 -0.34727713 -0.73251833
 -2.89008007  3.16480672 -1.63194663  3.13522235 -1.26602714 -2.70847879
  3.36217302 -1.2332165  -0.7764952  -2.88407521 -2.71720746  2.5456384
 -2.13655285 -2.04712205 -0.18154858  3.14998544  0.24664702  0.21384965
 -1.25020487 -0.67763864 -1.73377158 -3.030251    2.87033144  1.23550668
 -0.48570488 -2.18838957  1.10971194 -1.10586112 -0.49042346 -2.73954175
 -2.06517263  1.86555429 -0.87381441  2.62185279 -0.45419294 -2.67151527
 -2.82019921  2.26182817 -3.14423562 -0.44537179 -1.00235196 -0.24660772
  2.347543    1.84025504  0.01820634 -2.5528898  -2.65892072  0.24436614
 -0.76666296  1.24524427 -2.62770942  1.12505654 -0.38398139  0.42076383
  1.91903432  0.45811742  0.65074637 -1.27157108  1.79160749  2.93982424
  0.9959437   0.22179983 -1.14180846  2.42278776  0.7267398  -1.90977464
 -0.05037993  1.87092283  0.98665169 -1.08002633 -2.30130564  2.22238504
  2.00398269  1.92832373  2.29723787  1.91578487 -1.6612145  -3.10389738
  0.42852727  1.3447573  -2.2627563  -1.12583157  2.31183411  1.39294804
 -0.27195908 -1.84442194 -1.64823992  1.96528383  1.30724064 -1.01187838
 -0.23075637 -0.6930957  -0.30338705  2.30245962 -0.66194041 -0.93534152
  0.77590964 -2.35268872  0.59026562  2.78422551 -0.35243344  2.04722215
 -1.86126293 -1.35337263 -2.59736378 -2.42273389 -1.50153442 -3.0289639
  2.01620322  1.78191198  1.58151489  1.12533081  1.58819463 -2.44421853
 -2.50736819  1.78907809  1.03427518 -0.29185777 -2.4772019   1.43098502
 -1.04394785 -3.04762347 -0.04720801  1.89751202 -2.701281   -2.36816759
  1.87612475  1.02967086 -0.62617315 -0.49630785 -0.92140704  1.96404937
  0.47262305 -0.35622618  0.40183496 -2.26662562  1.26136349 -0.15330435
  2.40235928  1.23319206  2.87809851 -1.0573475   2.1017129  -0.42989879
 -3.26841379  2.20322038  0.81147539  1.92881075 -1.28919929  1.43910222
 -2.12172309  0.20898418  0.08303603 -2.79059252 -0.90191591 -2.39307806
  0.07227317 -0.56899056]
Sat May 25 16:45:00 2024,432,0.0959380088101818,[-4.65844261  2.36664065 -1.84106714 -0.12409893  0.18673204 -2.68764741
  3.01283134  2.10571368  1.45519233 -0.92536508  0.61240344  1.09170054
  1.13210133 -1.5419631   0.77712718  2.80621844 -0.7981521  -0.63691751
 -1.75471829  0.6019563   1.6765683   2.9918595  -1.20875554 -0.31571161
 -2.42357359 -2.33803502  2.99457837  2.76323048 -0.54433384 -2.36481847
  1.48280564 -0.05850792 -2.31787328  2.09556177  1.28953515 -0.6385438
  0.84776921 -2.31880506 -0.02589343  2.15332994 -0.16394423  0.38886737
  2.71395744  1.04622092  2.4628517   3.16174466  2.64141003 -2.93932487
  0.26537    -0.81573087  1.75888311  2.86399999 -0.51095035 -2.31763491
  2.78736789 -3.21077002  0.79394814 -0.63487939 -1.7413617   2.69818683
 -1.80954802 -1.58813358 -2.30391208  2.18800462 -2.45128636  2.13559648
  2.07465136  1.5354089   2.38308406  2.80474665  1.64886095  1.20012782
 -1.51324482 -2.22927175  1.47130102  0.71194687  1.31361421 -3.01402951
 -0.37770072  2.51831953 -1.03585739  1.287512    1.48328741  0.54455187
 -0.833028    1.11514705  0.66824325 -0.38370362  2.8047387  -1.99307052
  1.53804404 -0.48681412  1.0903408  -2.84976609 -2.458323    0.4577305
 -1.16150851 -0.4945798   0.3653169  -0.11127245 -1.65032867 -0.04117244
 -0.85970603  2.81180835 -1.06239793 -1.38013882 -0.94882993  1.07796137
  1.85224735 -0.69616487  1.97232526 -2.19416972 -0.34727652 -0.73251894
 -2.89007946  3.1648061  -1.63194725  3.13522173 -1.26602776 -2.7084794
  3.3621724  -1.23321712 -0.77649581 -2.88407582 -2.71720685  2.54563901
 -2.13655347 -2.04712267 -0.18154797  3.14998482  0.2466464   0.21384904
 -1.25020425 -0.67763926 -1.7337722  -3.03025038  2.87033082  1.23550607
 -0.4857055  -2.18838896  1.10971133 -1.10586174 -0.49042285 -2.73954236
 -2.06517325  1.86555368 -0.87381379  2.6218534  -0.45419356 -2.67151589
 -2.82019982  2.26182755 -3.14423623 -0.44537117 -1.00235134 -0.24660833
  2.34754238  1.84025443  0.01820696 -2.55288919 -2.65892134  0.24436675
 -0.76666358  1.24524488 -2.62771003  1.12505593 -0.38398077  0.42076444
  1.9190337   0.4581168   0.65074576 -1.27157047  1.79160811  2.93982363
  0.99594308  0.22179922 -1.14180784  2.42278838  0.72674042 -1.90977526
 -0.05037932  1.87092345  0.98665107 -1.08002694 -2.30130502  2.22238442
  2.00398207  1.92832311  2.29723725  1.91578426 -1.66121389 -3.10389799
  0.42852665  1.34475668 -2.26275691 -1.12583096  2.31183473  1.39294743
 -0.27195847 -1.84442132 -1.64824053  1.96528445  1.30724125 -1.01187776
 -0.23075576 -0.69309631 -0.30338767  2.30245901 -0.66194103 -0.93534214
  0.77590903 -2.3526881   0.590265    2.78422612 -0.35243282  2.04722277
 -1.86126354 -1.35337202 -2.59736439 -2.42273328 -1.50153504 -3.02896328
  2.0162026   1.78191137  1.58151428  1.12533019  1.58819525 -2.44421791
 -2.50736881  1.78907748  1.03427456 -0.29185838 -2.47720128  1.43098563
 -1.04394724 -3.04762285 -0.04720739  1.89751263 -2.70128161 -2.36816821
  1.87612414  1.02967148 -0.62617376 -0.49630723 -0.92140642  1.96404875
  0.47262367 -0.35622679  0.40183435 -2.26662623  1.2613641  -0.15330373
  2.40235989  1.23319267  2.87809912 -1.05734689  2.10171228 -0.42989941
 -3.26841441  2.20322099  0.81147478  1.92881014 -1.28919868  1.4391016
 -2.12172248  0.20898356  0.08303541 -2.79059191 -0.90191653 -2.39307744
  0.07227255 -0.56899118]
Sat May 25 16:45:24 2024,433,0.09593800875434197,[-4.65844321  2.36664125 -1.84106654 -0.12409953  0.18673144 -2.68764681
  3.01283194  2.10571428  1.45519173 -0.92536568  0.61240283  1.09169994
  1.13210194 -1.5419637   0.77712658  2.80621783 -0.79815271 -0.63691691
 -1.75471889  0.6019569   1.67656891  2.9918589  -1.20875614 -0.31571221
 -2.42357419 -2.33803442  2.99457898  2.76322988 -0.54433444 -2.36481787
  1.48280624 -0.05850852 -2.31787388  2.09556117  1.28953575 -0.6385432
  0.84776861 -2.31880566 -0.02589403  2.15333055 -0.16394362  0.38886797
  2.71395684  1.04622032  2.4628511   3.16174406  2.64141063 -2.93932547
  0.2653706  -0.81573027  1.75888371  2.86399939 -0.51095095 -2.31763431
  2.78736729 -3.21076942  0.79394754 -0.63487999 -1.7413611   2.69818623
 -1.80954862 -1.58813298 -2.30391268  2.18800402 -2.45128696  2.13559709
  2.07465075  1.5354083   2.38308346  2.80474725  1.64886155  1.20012722
 -1.51324422 -2.22927236  1.47130041  0.71194627  1.31361481 -3.01402891
 -0.37770132  2.51831893 -1.03585799  1.28751261  1.48328801  0.54455126
 -0.83302739  1.11514645  0.66824264 -0.38370302  2.8047393  -1.99307113
  1.53804344 -0.48681352  1.0903402  -2.84976549 -2.4583224   0.4577311
 -1.16150911 -0.4945804   0.3653163  -0.11127305 -1.65032807 -0.04117184
 -0.85970543  2.81180775 -1.06239853 -1.38013822 -0.94882933  1.07796077
  1.85224795 -0.69616426  1.97232586 -2.19417033 -0.34727591 -0.73251954
 -2.89007885  3.1648055  -1.63194664  3.13522234 -1.26602715 -2.7084788
  3.362173   -1.23321651 -0.77649521 -2.88407642 -2.71720745  2.54563962
 -2.13655407 -2.04712327 -0.18154857  3.14998543  0.2466458   0.21384964
 -1.25020365 -0.67763866 -1.7337728  -3.03024978  2.87033143  1.23550547
 -0.4857061  -2.18838835  1.10971072 -1.10586113 -0.49042225 -2.73954297
 -2.06517264  1.86555308 -0.87381319  2.6218528  -0.45419295 -2.67151528
 -2.82019922  2.26182695 -3.14423684 -0.44537178 -1.00235074 -0.24660893
  2.34754178  1.84025382  0.01820756 -2.55288979 -2.65892073  0.24436735
 -0.76666298  1.24524549 -2.62770943  1.12505532 -0.38398017  0.42076505
  1.9190343   0.45811741  0.65074636 -1.27156987  1.7916075   2.93982302
  0.99594248  0.22179982 -1.14180844  2.42278898  0.72673982 -1.90977586
 -0.05037871  1.87092405  0.98665047 -1.08002755 -2.30130563  2.22238382
  2.00398268  1.92832251  2.29723785  1.91578486 -1.66121449 -3.1038986
  0.42852605  1.34475729 -2.26275631 -1.12583035  2.31183533  1.39294683
 -0.27195787 -1.84442192 -1.64824114  1.96528384  1.30724065 -1.01187836
 -0.23075636 -0.69309691 -0.30338707  2.30245841 -0.66194163 -0.93534153
  0.77590842 -2.3526875   0.5902656   2.78422552 -0.35243342  2.04722337
 -1.86126414 -1.35337141 -2.59736379 -2.42273388 -1.50153443 -3.02896389
  2.01620321  1.78191076  1.58151488  1.12533079  1.58819464 -2.44421852
 -2.5073682   1.78907687  1.03427517 -0.29185898 -2.47720188  1.43098503
 -1.04394784 -3.04762345 -0.04720799  1.89751323 -2.70128101 -2.36816881
  1.87612354  1.02967088 -0.62617316 -0.49630784 -0.92140582  1.96404815
  0.47262427 -0.3562274   0.40183495 -2.26662684  1.26136471 -0.15330313
  2.40235929  1.23319327  2.87809973 -1.05734628  2.10171288 -0.42989881
 -3.26841501  2.20322159  0.81147417  1.92880953 -1.28919928  1.43910221
 -2.12172188  0.20898296  0.08303481 -2.79059251 -0.90191713 -2.39307804
  0.07227316 -0.56899178]
Sat May 25 16:45:54 2024,434,0.09593800870006383,[-4.6584438   2.36664066 -1.84106713 -0.12410012  0.18673085 -2.68764622
  3.01283253  2.10571487  1.45519232 -0.92536509  0.61240342  1.09170053
  1.13210252 -1.54196429  0.77712717  2.80621724 -0.79815212 -0.6369175
 -1.7547183   0.60195749  1.67656832  2.99185831 -1.20875555 -0.31571162
 -2.42357478 -2.33803501  2.99457957  2.76323047 -0.54433503 -2.36481728
  1.48280566 -0.05850793 -2.31787447  2.09556058  1.28953634 -0.63854261
  0.8477692  -2.31880507 -0.02589344  2.15332996 -0.16394303  0.38886856
  2.71395743  1.04621973  2.46285168  3.16174465  2.64141004 -2.93932488
  0.26537119 -0.81573086  1.7588843   2.8639988  -0.51095154 -2.3176349
  2.7873667  -3.21076883  0.79394695 -0.6348794  -1.74136051  2.69818564
 -1.80954921 -1.58813357 -2.30391327  2.18800461 -2.45128637  2.13559768
  2.07465016  1.53540771  2.38308287  2.80474784  1.64886096  1.20012663
 -1.51324481 -2.22927295  1.47129983  0.71194568  1.31361422 -3.01402832
 -0.37770073  2.51831952 -1.0358574   1.2875132   1.4832886   0.54455068
 -0.8330268   1.11514704  0.66824323 -0.38370361  2.80473989 -1.99307054
  1.53804285 -0.48681293  1.09034079 -2.84976608 -2.45832299  0.45773169
 -1.1615097  -0.49457981  0.36531571 -0.11127246 -1.65032748 -0.04117125
 -0.85970602  2.81180834 -1.06239912 -1.38013763 -0.94882874  1.07796136
  1.85224736 -0.69616367  1.97232527 -2.19417092 -0.3472765  -0.73252013
 -2.89007944  3.16480609 -1.63194605  3.13522293 -1.26602774 -2.70847821
  3.36217241 -1.2332171  -0.77649462 -2.88407701 -2.71720804  2.54563903
 -2.13655466 -2.04712268 -0.18154916  3.14998484  0.24664521  0.21385023
 -1.25020424 -0.67763924 -1.73377339 -3.03025037  2.87033084  1.23550488
 -0.48570669 -2.18838776  1.10971131 -1.10586172 -0.49042284 -2.73954356
 -2.06517205  1.86555367 -0.8738126   2.62185221 -0.45419354 -2.67151469
 -2.82019863  2.26182754 -3.14423743 -0.44537119 -1.00235015 -0.24660834
  2.34754119  1.84025441  0.01820697 -2.5528892  -2.65892014  0.24436676
 -0.76666357  1.2452449  -2.62771002  1.12505473 -0.38398076  0.42076446
  1.91903371  0.458118    0.65074695 -1.27156928  1.79160809  2.93982243
  0.99594189  0.22179923 -1.14180903  2.42278839  0.72673923 -1.90977645
 -0.0503793   1.87092464  0.98664988 -1.08002696 -2.30130622  2.22238441
  2.00398327  1.92832192  2.29723726  1.91578427 -1.66121508 -3.10389801
  0.42852546  1.34475787 -2.26275572 -1.12582976  2.31183592  1.39294624
 -0.27195846 -1.84442133 -1.64824055  1.96528443  1.30724124 -1.01187895
 -0.23075577 -0.69309632 -0.30338766  2.30245782 -0.66194104 -0.93534212
  0.77590783 -2.35268809  0.59026619  2.78422611 -0.35243401  2.04722396
 -1.86126355 -1.353372   -2.59736438 -2.42273447 -1.50153502 -3.02896448
  2.01620262  1.78191017  1.58151429  1.12533138  1.58819523 -2.44421793
 -2.50736761  1.78907746  1.03427576 -0.29185957 -2.47720247  1.43098444
 -1.04394725 -3.04762404 -0.04720858  1.89751264 -2.7012816  -2.36816822
  1.87612413  1.02967147 -0.62617375 -0.49630843 -0.92140523  1.96404874
  0.47262368 -0.35622799  0.40183436 -2.26662743  1.26136412 -0.15330372
  2.4023587   1.23319386  2.87810032 -1.05734569  2.10171347 -0.4298994
 -3.2684156   2.203221    0.81147476  1.92880894 -1.28919987  1.4391028
 -2.12172129  0.20898237  0.08303422 -2.7905931  -0.90191654 -2.39307745
  0.07227375 -0.56899119]
Sat May 25 16:46:20 2024,435,0.09593800864729699,[-4.65844438  2.36664124 -1.84106771 -0.12409954  0.18673027 -2.68764564
  3.01283311  2.10571429  1.45519174 -0.92536451  0.612404    1.09170111
  1.1321031  -1.54196371  0.77712775  2.80621782 -0.7981527  -0.63691692
 -1.75471772  0.60195807  1.67656774  2.99185889 -1.20875613 -0.3157122
 -2.4235742  -2.33803558  2.99457899  2.76322989 -0.54433445 -2.3648167
  1.48280508 -0.05850851 -2.31787389  2.09556     1.28953692 -0.63854203
  0.84776862 -2.31880565 -0.02589402  2.15332938 -0.16394246  0.38886799
  2.71395685  1.04621915  2.46285226  3.16174407  2.64140947 -2.93932546
  0.26537177 -0.81573144  1.75888373  2.86399938 -0.51095212 -2.31763432
  2.78736612 -3.21076825  0.79394637 -0.63487882 -1.74135993  2.69818622
 -1.80954979 -1.58813299 -2.30391385  2.18800403 -2.45128695  2.1355971
  2.07465074  1.53540829  2.38308345  2.80474842  1.64886038  1.20012605
 -1.51324423 -2.22927237  1.4713004   0.7119451   1.31361364 -3.01402774
 -0.37770131  2.51831894 -1.03585682  1.28751377  1.48328918  0.5445501
 -0.83302623  1.11514646  0.66824381 -0.38370303  2.80474047 -1.99307111
  1.53804227 -0.48681235  1.09034136 -2.8497655  -2.45832241  0.45773112
 -1.16150913 -0.49457923  0.36531629 -0.11127304 -1.6503269  -0.04117067
 -0.8597066   2.81180776 -1.0623997  -1.38013821 -0.94882931  1.07796193
  1.85224794 -0.69616425  1.97232469 -2.19417034 -0.34727708 -0.73252071
 -2.89007887  3.16480666 -1.63194548  3.1352235  -1.26602717 -2.70847763
  3.36217299 -1.23321653 -0.7764952  -2.88407644 -2.71720746  2.54563845
 -2.13655408 -2.0471221  -0.18154974  3.14998541  0.24664579  0.21384965
 -1.25020366 -0.67763867 -1.73377281 -3.03024979  2.87033026  1.23550545
 -0.48570727 -2.18838719  1.10971189 -1.1058623  -0.49042341 -2.73954413
 -2.06517263  1.86555309 -0.87381318  2.62185279 -0.45419297 -2.67151412
 -2.82019921  2.26182811 -3.144238   -0.44537061 -1.00235073 -0.24660892
  2.34754061  1.84025499  0.01820639 -2.55288862 -2.65892072  0.24436734
 -0.76666299  1.24524432 -2.62770944  1.12505416 -0.38398134  0.42076388
  1.91903314  0.45811857  0.65074753 -1.27156985  1.79160867  2.93982301
  0.99594247  0.22179865 -1.14180846  2.42278897  0.72673865 -1.90977587
 -0.05037988  1.87092406  0.98665046 -1.08002638 -2.30130679  2.22238498
  2.00398384  1.9283225   2.29723669  1.91578485 -1.6612145  -3.10389743
  0.42852488  1.34475845 -2.2627563  -1.12583034  2.3118365   1.39294681
 -0.27195788 -1.84442076 -1.64824112  1.96528386  1.30724066 -1.01187838
 -0.23075519 -0.6930969  -0.30338823  2.30245724 -0.66194046 -0.9353427
  0.77590841 -2.35268867  0.59026677  2.78422553 -0.35243459  2.04722454
 -1.86126413 -1.35337143 -2.59736496 -2.42273505 -1.5015356  -3.02896505
  2.01620319  1.7819096   1.58151487  1.12533196  1.58819581 -2.44421735
 -2.50736704  1.78907689  1.03427633 -0.291859   -2.47720305  1.43098386
 -1.04394783 -3.04762347 -0.04720801  1.89751322 -2.70128218 -2.36816764
  1.87612355  1.02967204 -0.62617433 -0.496309   -0.92140465  1.96404932
  0.4726231  -0.35622741  0.40183494 -2.266628    1.26136469 -0.15330314
  2.40235812  1.23319329  2.87809974 -1.05734512  2.1017129  -0.42989882
 -3.26841502  2.20322043  0.81147419  1.92880952 -1.28920045  1.43910222
 -2.12172186  0.20898295  0.0830348  -2.79059368 -0.90191596 -2.39307803
  0.07227317 -0.56899177]
Sat May 25 16:46:43 2024,436,0.09593800859599126,[-4.65844494  2.36664067 -1.84106827 -0.12410011  0.18672971 -2.68764508
  3.01283255  2.10571373  1.45519118 -0.92536395  0.61240457  1.09170167
  1.13210367 -1.54196428  0.77712718  2.80621839 -0.79815326 -0.63691636
 -1.75471829  0.60195863  1.6765683   2.99185832 -1.2087567  -0.31571276
 -2.42357477 -2.33803615  2.99457955  2.76322933 -0.54433502 -2.36481727
  1.48280564 -0.05850907 -2.31787332  2.09555943  1.28953748 -0.63854147
  0.84776806 -2.31880622 -0.02589345  2.15332881 -0.16394302  0.38886855
  2.71395628  1.04621972  2.46285283  3.16174464  2.6414089  -2.93932603
  0.2653712  -0.81573087  1.75888316  2.86399994 -0.51095268 -2.31763489
  2.78736669 -3.21076769  0.79394694 -0.63487826 -1.7413605   2.69818565
 -1.80954922 -1.58813242 -2.30391442  2.18800459 -2.45128638  2.13559653
  2.07465018  1.53540772  2.38308401  2.80474898  1.64886095  1.20012549
 -1.5132448  -2.2292718   1.47130097  0.71194566  1.31361421 -3.01402717
 -0.37770188  2.51831951 -1.03585626  1.28751434  1.48328974  0.54455066
 -0.83302566  1.1151459   0.66824325 -0.38370247  2.80474104 -1.99307168
  1.53804284 -0.48681178  1.09034193 -2.84976493 -2.45832185  0.45773168
 -1.16150856 -0.49457867  0.36531572 -0.11127247 -1.65032634 -0.04117124
 -0.85970603  2.8118072  -1.06239914 -1.38013877 -0.94882875  1.0779625
  1.85224738 -0.69616482  1.97232413 -2.19416977 -0.34727651 -0.73252128
 -2.8900783   3.1648061  -1.63194491  3.13522294 -1.26602773 -2.70847707
  3.36217243 -1.23321709 -0.77649576 -2.884077   -2.71720803  2.54563902
 -2.13655352 -2.04712267 -0.1815503   3.14998598  0.24664522  0.21384908
 -1.2502031  -0.6776381  -1.73377338 -3.03024922  2.87032969  1.23550602
 -0.4857067  -2.18838775  1.10971246 -1.10586174 -0.49042398 -2.73954357
 -2.06517207  1.86555252 -0.87381374  2.62185335 -0.4541924  -2.67151468
 -2.82019864  2.26182755 -3.14423744 -0.44537117 -1.00235016 -0.24660836
  2.34754118  1.84025443  0.01820583 -2.55288919 -2.65892129  0.24436791
 -0.76666355  1.24524488 -2.62770888  1.12505472 -0.3839819   0.42076445
  1.9190337   0.45811801  0.65074696 -1.27157042  1.7916081   2.93982245
  0.9959419   0.22179809 -1.14180902  2.4227884   0.72673808 -1.90977644
 -0.05038045  1.87092349  0.98664989 -1.08002694 -2.30130736  2.22238442
  2.00398328  1.92832306  2.29723612  1.91578428 -1.66121507 -3.10389799
  0.42852432  1.34475902 -2.26275573 -1.12583091  2.31183593  1.39294625
 -0.27195731 -1.84442132 -1.64824169  1.96528329  1.3072401  -1.01187894
 -0.23075463 -0.69309633 -0.3033888   2.30245667 -0.66194103 -0.93534214
  0.77590898 -2.3526881   0.59026734  2.78422497 -0.35243403  2.04722397
 -1.86126357 -1.35337086 -2.59736439 -2.42273448 -1.50153504 -3.02896562
  2.01620376  1.78191016  1.5815143   1.1253314   1.58819638 -2.44421678
 -2.50736647  1.78907632  1.03427577 -0.29185843 -2.47720249  1.43098443
 -1.04394839 -3.0476229  -0.04720857  1.89751379 -2.70128274 -2.36816707
  1.87612411  1.02967148 -0.62617489 -0.49630957 -0.92140409  1.96404875
  0.47262367 -0.35622684  0.40183437 -2.26662744  1.26136526 -0.15330371
  2.40235756  1.23319385  2.87809917 -1.05734455  2.10171346 -0.42989825
 -3.26841446  2.20322099  0.81147362  1.92880896 -1.28919988  1.43910165
 -2.1217213   0.20898238  0.08303423 -2.79059311 -0.90191539 -2.39307746
  0.07227373 -0.5689912 ]
Sat May 25 16:47:09 2024,437,0.09593800854609995,[-4.6584455   2.36664012 -1.84106772 -0.12409955  0.18672915 -2.68764563
  3.01283199  2.10571428  1.45519063 -0.92536339  0.61240512  1.09170223
  1.13210311 -1.54196483  0.77712663  2.80621783 -0.79815381 -0.6369158
 -1.75471773  0.60195808  1.67656775  2.99185777 -1.20875614 -0.31571221
 -2.42357532 -2.33803559  2.99458011  2.76322988 -0.54433557 -2.36481671
  1.48280509 -0.05850963 -2.31787388  2.09555999  1.28953804 -0.63854091
  0.84776861 -2.31880677 -0.02589401  2.15332826 -0.16394247  0.388868
  2.71395573  1.04621916  2.46285338  3.16174519  2.64140835 -2.93932547
  0.26537175 -0.81573032  1.75888371  2.86399939 -0.51095324 -2.31763544
  2.78736614 -3.21076713  0.79394749 -0.6348777  -1.74135994  2.6981862
 -1.80954978 -1.58813298 -2.30391386  2.18800404 -2.45128583  2.13559709
  2.07465073  1.53540717  2.38308346  2.80474843  1.6488604   1.20012493
 -1.51324535 -2.22927236  1.47130041  0.71194622  1.31361365 -3.01402662
 -0.37770243  2.51831895 -1.03585571  1.28751378  1.4832903   0.54455122
 -0.83302511  1.11514645  0.66824269 -0.38370302  2.80474048 -1.99307112
  1.53804228 -0.48681123  1.09034138 -2.84976438 -2.45832129  0.45773224
 -1.16150911 -0.49457922  0.36531517 -0.11127192 -1.65032578 -0.04117069
 -0.85970659  2.81180664 -1.06239969 -1.38013933 -0.94882819  1.07796305
  1.85224682 -0.69616537  1.97232468 -2.19417033 -0.34727707 -0.73252072
 -2.89007775  3.16480555 -1.63194436  3.13522349 -1.26602718 -2.70847762
  3.36217187 -1.23321765 -0.77649521 -2.88407645 -2.71720747  2.54563846
 -2.13655407 -2.04712211 -0.18155086  3.14998543  0.24664578  0.21384964
 -1.25020254 -0.67763866 -1.73377393 -3.03024867  2.87033025  1.23550547
 -0.48570615 -2.1883883   1.1097119  -1.10586118 -0.49042453 -2.73954301
 -2.06517151  1.86555308 -0.87381319  2.62185391 -0.45419185 -2.67151524
 -2.82019809  2.2618281  -3.14423688 -0.44537062 -1.00235072 -0.24660891
  2.34754062  1.84025387  0.01820527 -2.55288864 -2.65892184  0.24436846
 -0.76666411  1.24524544 -2.62770943  1.12505417 -0.38398135  0.420765
  1.91903425  0.45811856  0.65074641 -1.27156987  1.79160755  2.939823
  0.99594246  0.22179864 -1.14180958  2.42278896  0.72673753 -1.90977699
 -0.05037989  1.87092294  0.98664934 -1.0800275  -2.30130681  2.22238497
  2.00398383  1.92832251  2.29723667  1.91578373 -1.66121562 -3.10389855
  0.42852487  1.34475957 -2.26275629 -1.12583146  2.31183538  1.3929457
 -0.27195787 -1.84442188 -1.64824113  1.96528274  1.30723954 -1.0118795
 -0.23075518 -0.69309689 -0.30338935  2.30245612 -0.66194047 -0.93534269
  0.77590842 -2.35268755  0.59026789  2.78422552 -0.35243347  2.04722453
 -1.86126301 -1.35337031 -2.59736495 -2.42273503 -1.50153448 -3.02896507
  2.01620321  1.78191072  1.58151375  1.12533084  1.58819693 -2.44421623
 -2.50736703  1.78907577  1.03427632 -0.29185788 -2.47720193  1.43098388
 -1.04394895 -3.04762345 -0.04720802  1.89751323 -2.70128219 -2.36816763
  1.87612356  1.02967203 -0.62617434 -0.49631012 -0.92140353  1.96404931
  0.47262311 -0.3562274   0.40183493 -2.26662688  1.2613647  -0.15330426
  2.402357    1.2331933   2.87809862 -1.0573451   2.10171291 -0.42989881
 -3.2684139   2.20322155  0.81147307  1.9288084  -1.28919933  1.43910221
 -2.12172074  0.20898294  0.08303479 -2.79059256 -0.90191484 -2.39307691
  0.07227429 -0.56899065]
Sat May 25 16:47:33 2024,438,0.09593800849757701,[-4.65844604  2.36664066 -1.84106718 -0.12409901  0.18672969 -2.68764617
  3.01283145  2.10571482  1.45519008 -0.92536285  0.61240458  1.09170277
  1.13210366 -1.54196537  0.77712717  2.80621729 -0.79815436 -0.63691526
 -1.75471828  0.60195754  1.67656721  2.99185723 -1.20875668 -0.31571275
 -2.42357586 -2.33803505  2.99457957  2.76323042 -0.54433503 -2.36481617
  1.48280563 -0.05851017 -2.31787334  2.09555944  1.2895375  -0.63854037
  0.84776915 -2.31880731 -0.02589346  2.1533288  -0.16394193  0.38886854
  2.71395519  1.0462197   2.46285392  3.16174465  2.64140889 -2.93932493
  0.2653723  -0.81573086  1.75888426  2.86399885 -0.51095269 -2.31763598
  2.78736668 -3.21076659  0.79394695 -0.63487716 -1.7413594   2.69818566
 -1.80955032 -1.58813244 -2.3039144   2.1880035  -2.45128637  2.13559763
  2.07465127  1.53540662  2.383084    2.80474897  1.64885985  1.20012547
 -1.51324481 -2.2292729   1.47129987  0.71194568  1.31361419 -3.01402608
 -0.37770297  2.51831841 -1.03585516  1.28751433  1.48328975  0.54455176
 -0.83302456  1.11514699  0.66824323 -0.38370248  2.80474103 -1.99307058
  1.53804174 -0.48681177  1.09034083 -2.84976492 -2.45832075  0.45773169
 -1.16150857 -0.49457868  0.36531571 -0.11127138 -1.65032524 -0.04117014
 -0.85970713  2.81180719 -1.06239915 -1.38013878 -0.94882874  1.07796251
  1.85224737 -0.69616483  1.97232523 -2.19417087 -0.34727761 -0.73252018
 -2.89007829  3.16480609 -1.6319449   3.13522403 -1.26602663 -2.70847708
  3.36217242 -1.23321819 -0.77649575 -2.88407591 -2.71720801  2.54563792
 -2.13655353 -2.04712157 -0.1815514   3.14998488  0.24664524  0.2138491
 -1.250202   -0.6776392  -1.73377339 -3.03024813  2.87032971  1.23550601
 -0.48570669 -2.18838885  1.10971136 -1.10586064 -0.49042399 -2.73954356
 -2.06517205  1.86555253 -0.87381373  2.62185337 -0.45419239 -2.67151469
 -2.82019754  2.26182865 -3.14423634 -0.44537008 -1.00235017 -0.24660837
  2.34754116  1.84025333  0.01820581 -2.55288809 -2.65892238  0.244369
 -0.76666357  1.2452449  -2.62770998  1.12505362 -0.38398081  0.42076554
  1.91903371  0.45811802  0.65074695 -1.27156932  1.79160701  2.93982354
  0.995943    0.22179918 -1.14180903  2.4227895   0.72673807 -1.90977645
 -0.05037935  1.87092348  0.98664988 -1.08002804 -2.30130626  2.22238443
  2.00398329  1.92832305  2.29723613  1.91578427 -1.66121616 -3.103898
  0.42852433  1.34476011 -2.26275574 -1.125832    2.31183484  1.39294624
 -0.27195733 -1.84442242 -1.64824059  1.9652822   1.30724009 -1.01188004
 -0.23075572 -0.69309635 -0.30338989  2.30245558 -0.66193993 -0.93534215
  0.77590897 -2.352687    0.59026735  2.78422606 -0.35243293  2.04722398
 -1.86126247 -1.35336976 -2.59736549 -2.42273558 -1.50153502 -3.02896452
  2.01620266  1.78191017  1.58151429  1.1253303   1.58819639 -2.44421569
 -2.50736648  1.78907631  1.03427578 -0.29185842 -2.47720247  1.43098333
 -1.04394841 -3.047624   -0.04720856  1.89751378 -2.70128165 -2.36816709
  1.87612302  1.02967149 -0.6261738  -0.49631066 -0.92140408  1.96404985
  0.47262366 -0.35622685  0.40183438 -2.26662634  1.26136416 -0.15330372
  2.40235754  1.23319384  2.87809808 -1.05734456  2.10171345 -0.42989935
 -3.26841336  2.203221    0.81147361  1.92880894 -1.28919987  1.43910275
 -2.1217202   0.2089824   0.08303424 -2.7905931  -0.90191538 -2.39307637
  0.07227483 -0.5689901 ]
Sat May 25 16:47:56 2024,439,0.09593800845037884,[-4.65844657  2.36664013 -1.84106771 -0.12409848  0.18672916 -2.68764671
  3.01283198  2.10571535  1.45518955 -0.92536232  0.61240511  1.0917033
  1.13210313 -1.54196484  0.77712664  2.80621782 -0.79815383 -0.63691473
 -1.75471881  0.60195807  1.67656774  2.99185776 -1.20875721 -0.31571222
 -2.42357639 -2.33803452  2.99457903  2.76323095 -0.5443345  -2.36481564
  1.48280616 -0.0585107  -2.31787281  2.09555891  1.28953803 -0.63853984
  0.84776969 -2.31880784 -0.025894    2.15332827 -0.1639414   0.38886907
  2.71395466  1.04622024  2.46285445  3.16174412  2.64140942 -2.9393244
  0.26537283 -0.81573139  1.75888479  2.86399831 -0.51095216 -2.31763545
  2.78736721 -3.21076712  0.79394642 -0.63487663 -1.74135887  2.69818513
 -1.80955085 -1.58813297 -2.30391387  2.18800297 -2.45128584  2.13559816
  2.07465074  1.53540716  2.38308453  2.80474844  1.64886038  1.20012601
 -1.51324534 -2.22927343  1.4713004   0.71194621  1.31361473 -3.01402555
 -0.37770244  2.51831788 -1.03585569  1.2875138   1.48329029  0.54455123
 -0.83302403  1.11514646  0.6682427  -0.38370301  2.80474049 -1.99307111
  1.53804227 -0.48681124  1.09034137 -2.84976439 -2.45832022  0.45773223
 -1.16150804 -0.49457921  0.36531624 -0.11127084 -1.65032577 -0.04116961
 -0.85970766  2.81180772 -1.06239862 -1.38013825 -0.94882927  1.07796304
  1.85224683 -0.69616536  1.97232576 -2.1941714  -0.34727708 -0.73252071
 -2.89007882  3.16480556 -1.63194543  3.1352235  -1.2660261  -2.70847761
  3.36217188 -1.23321872 -0.77649522 -2.88407644 -2.71720748  2.54563845
 -2.13655406 -2.0471221  -0.18155087  3.14998541  0.2466447   0.21384856
 -1.25020147 -0.67763973 -1.73377392 -3.03024866  2.87033024  1.23550654
 -0.48570722 -2.18838832  1.10971083 -1.10586011 -0.49042452 -2.73954409
 -2.06517152  1.865552   -0.87381426  2.6218539  -0.45419292 -2.67151522
 -2.82019808  2.26182811 -3.14423687 -0.44536955 -1.00234964 -0.24660784
  2.3475417   1.8402528   0.01820635 -2.55288756 -2.65892185  0.24436953
 -0.7666641   1.24524436 -2.62771051  1.12505309 -0.38398027  0.42076607
  1.91903318  0.45811855  0.65074642 -1.27156879  1.79160648  2.93982407
  0.99594247  0.22179972 -1.1418085   2.42278897  0.7267386  -1.90977592
 -0.05037882  1.87092295  0.98665041 -1.08002857 -2.30130679  2.2223839
  2.00398276  1.92832252  2.2972356   1.91578374 -1.66121669 -3.10389747
  0.42852486  1.34476065 -2.26275628 -1.12583253  2.31183537  1.39294677
 -0.27195679 -1.84442295 -1.64824112  1.96528273  1.30723955 -1.01187951
 -0.23075519 -0.69309582 -0.30338936  2.30245611 -0.6619394  -0.93534268
  0.77590843 -2.35268754  0.59026788  2.78422659 -0.3524324   2.04722345
 -1.86126194 -1.35336923 -2.59736496 -2.42273611 -1.50153449 -3.02896399
  2.0162032   1.78190964  1.58151482  1.12533083  1.58819586 -2.44421622
 -2.50736701  1.78907578  1.03427631 -0.29185789 -2.47720301  1.4309828
 -1.04394894 -3.04762453 -0.04720909  1.89751431 -2.70128218 -2.36816656
  1.87612355  1.02967096 -0.62617327 -0.4963112  -0.92140461  1.96404932
  0.47262312 -0.35622632  0.40183385 -2.26662687  1.26136469 -0.15330425
  2.40235808  1.23319331  2.87809755 -1.05734509  2.10171398 -0.42989988
 -3.26841283  2.20322154  0.81147414  1.92880841 -1.28919934  1.43910328
 -2.12171967  0.20898293  0.08303371 -2.79059257 -0.90191485 -2.39307584
  0.0722743  -0.56898957]
Sat May 25 16:48:19 2024,440,0.09593800840446268,[-4.65844709  2.36663961 -1.84106719 -0.124099    0.18672968 -2.68764619
  3.01283146  2.10571483  1.45518903 -0.9253618   0.61240563  1.09170382
  1.13210365 -1.54196432  0.77712716  2.8062173  -0.79815331 -0.63691525
 -1.75471933  0.60195859  1.67656826  2.99185724 -1.20875669 -0.3157117
 -2.42357587 -2.33803504  2.99457955  2.76323043 -0.54433502 -2.36481512
  1.48280564 -0.05851018 -2.31787228  2.09555943  1.28953855 -0.63853932
  0.84777021 -2.31880836 -0.02589348  2.15332879 -0.16394192  0.38886855
  2.71395518  1.04621971  2.46285498  3.16174464  2.64140994 -2.93932492
  0.26537231 -0.81573087  1.75888427  2.86399779 -0.51095164 -2.31763597
  2.78736773 -3.2107666   0.79394694 -0.63487611 -1.74135835  2.69818461
 -1.80955137 -1.58813245 -2.30391335  2.18800349 -2.45128636  2.13559868
  2.07465022  1.53540768  2.38308505  2.80474896  1.64885986  1.20012653
 -1.51324482 -2.22927291  1.47130092  0.71194569  1.31361525 -3.01402503
 -0.37770192  2.51831736 -1.03585517  1.28751432  1.48329081  0.54455071
 -0.83302351  1.11514698  0.66824322 -0.38370249  2.80473997 -1.99307163
  1.53804175 -0.48681072  1.09034189 -2.84976387 -2.4583197   0.45773275
 -1.16150856 -0.49457869  0.36531572 -0.11127032 -1.65032629 -0.04117013
 -0.85970714  2.81180824 -1.06239914 -1.38013877 -0.94882979  1.07796356
  1.85224631 -0.69616484  1.97232628 -2.19417192 -0.3472776  -0.73252019
 -2.89007934  3.16480504 -1.63194491  3.13522298 -1.26602558 -2.70847709
  3.3621724  -1.23321924 -0.77649574 -2.88407696 -2.717208    2.54563793
 -2.13655354 -2.04712262 -0.18155139  3.14998593  0.24664522  0.21384908
 -1.25020095 -0.67764025 -1.7337734  -3.03024814  2.87032972  1.23550602
 -0.48570774 -2.1883878   1.10971031 -1.10586063 -0.490424   -2.73954357
 -2.065171    1.86555252 -0.87381374  2.62185338 -0.45419344 -2.67151574
 -2.8201986   2.26182759 -3.14423635 -0.44537007 -1.00235016 -0.24660836
  2.34754118  1.84025332  0.01820583 -2.55288808 -2.65892237  0.24437005
 -0.76666358  1.24524488 -2.62770999  1.12505361 -0.3839808   0.42076555
  1.91903266  0.45811907  0.65074694 -1.27156931  1.79160596  2.93982459
  0.99594195  0.22180024 -1.14180902  2.42278949  0.72673912 -1.90977644
 -0.0503783   1.87092243  0.98665093 -1.08002805 -2.30130731  2.22238338
  2.00398224  1.92832304  2.29723612  1.91578322 -1.66121617 -3.10389799
  0.42852538  1.34476012 -2.2627568  -1.12583201  2.31183589  1.39294729
 -0.27195627 -1.84442347 -1.6482406   1.96528221  1.30723903 -1.01188003
 -0.23075467 -0.6930953  -0.30338884  2.30245559 -0.66193888 -0.93534216
  0.77590791 -2.35268702  0.59026736  2.78422607 -0.35243292  2.04722397
 -1.86126246 -1.35336871 -2.59736548 -2.42273559 -1.50153501 -3.02896451
  2.01620372  1.78191016  1.58151534  1.12533135  1.58819638 -2.4442157
 -2.50736649  1.78907526  1.03427579 -0.29185841 -2.47720353  1.43098228
 -1.04394946 -3.04762505 -0.04720857  1.89751483 -2.70128166 -2.36816708
  1.87612407  1.02967148 -0.62617379 -0.49631172 -0.92140409  1.96404984
  0.47262364 -0.3562258   0.40183333 -2.26662635  1.26136417 -0.15330477
  2.40235756  1.23319383  2.87809703 -1.05734457  2.1017145  -0.4299004
 -3.26841335  2.20322102  0.81147362  1.92880893 -1.28919882  1.4391038
 -2.12171915  0.20898241  0.08303423 -2.79059309 -0.90191537 -2.39307636
  0.07227482 -0.56898905]
Sat May 25 16:48:54 2024,441,0.09593800835978714,[-4.6584476   2.36664012 -1.84106668 -0.12409849  0.18673019 -2.68764669
  3.01283197  2.10571432  1.45518852 -0.92536129  0.61240512  1.09170331
  1.13210314 -1.54196483  0.77712767  2.80621679 -0.79815381 -0.63691576
 -1.75471984  0.60195808  1.67656877  2.99185673 -1.2087572  -0.31571221
 -2.42357536 -2.33803453  2.99457905  2.76322992 -0.54433451 -2.36481461
  1.48280615 -0.05851069 -2.31787279  2.09555994  1.28953906 -0.63853983
  0.8477697  -2.31880887 -0.02589297  2.15332828 -0.16394141  0.38886804
  2.71395568  1.04621921  2.46285447  3.16174515  2.64140943 -2.93932441
  0.26537282 -0.81573138  1.75888376  2.86399728 -0.51095113 -2.31763546
  2.78736824 -3.21076711  0.79394643 -0.6348756  -1.74135784  2.6981841
 -1.80955188 -1.58813194 -2.30391386  2.188004   -2.45128585  2.13559817
  2.07465073  1.53540818  2.38308556  2.80474845  1.64885936  1.20012703
 -1.51324431 -2.22927342  1.47130143  0.7119462   1.31361576 -3.01402452
 -0.37770141  2.51831685 -1.03585466  1.28751381  1.48329132  0.5445502
 -0.83302402  1.11514647  0.66824271 -0.38370198  2.80473946 -1.99307214
  1.53804226 -0.48681021  1.09034239 -2.84976336 -2.45832021  0.45773325
 -1.16150805 -0.49457818  0.36531521 -0.11126982 -1.6503268  -0.04117064
 -0.85970663  2.81180875 -1.06239863 -1.38013826 -0.94882928  1.07796407
  1.85224682 -0.69616433  1.97232679 -2.19417243 -0.34727709 -0.73251968
 -2.89007985  3.16480555 -1.6319444   3.13522349 -1.26602609 -2.7084776
  3.36217189 -1.23321975 -0.77649523 -2.88407747 -2.71720749  2.54563844
 -2.13655405 -2.04712313 -0.1815519   3.14998644  0.24664472  0.21384858
 -1.25020044 -0.67763974 -1.73377391 -3.03024865  2.87033023  1.23550653
 -0.48570723 -2.18838831  1.1097098  -1.10586012 -0.49042349 -2.73954408
 -2.06517049  1.86555201 -0.87381425  2.62185287 -0.45419293 -2.67151625
 -2.82019809  2.26182708 -3.14423686 -0.44537058 -1.00235067 -0.24660785
  2.34754067  1.84025281  0.01820634 -2.55288757 -2.65892186  0.24436954
 -0.76666307  1.24524437 -2.6277105   1.12505412 -0.3839813   0.42076504
  1.91903317  0.45811856  0.65074643 -1.2715688   1.79160647  2.93982408
  0.99594144  0.22179973 -1.14180953  2.42279     0.72673963 -1.90977695
 -0.05037779  1.87092192  0.98665042 -1.08002754 -2.30130681  2.22238389
  2.00398275  1.92832253  2.29723561  1.91578271 -1.66121566 -3.1038985
  0.42852487  1.34476063 -2.26275731 -1.1258315   2.3118364   1.39294678
 -0.27195576 -1.84442398 -1.64824111  1.96528272  1.30723853 -1.01187952
 -0.23075518 -0.6930958  -0.30338833  2.3024561  -0.66193837 -0.93534165
  0.77590741 -2.35268752  0.59026787  2.78422556 -0.35243241  2.04722448
 -1.86126195 -1.35336922 -2.59736497 -2.4227361  -1.5015345  -3.028964
  2.01620321  1.78191067  1.58151483  1.12533186  1.58819587 -2.44421621
 -2.507367    1.78907475  1.0342763  -0.2918579  -2.47720302  1.43098279
 -1.04394895 -3.04762454 -0.04720806  1.89751432 -2.70128217 -2.36816657
  1.87612356  1.02967097 -0.6261743  -0.49631222 -0.9214046   1.96405035
  0.47262313 -0.35622631  0.40183384 -2.26662686  1.26136468 -0.15330528
  2.40235806  1.23319434  2.87809652 -1.05734508  2.10171501 -0.42989989
 -3.26841386  2.20322051  0.81147413  1.92880944 -1.28919831  1.43910431
 -2.12171864  0.2089819   0.08303372 -2.79059258 -0.90191486 -2.39307585
  0.07227431 -0.56898854]
Sat May 25 16:49:17 2024,442,0.09593800831631347,[-4.6584481   2.36664062 -1.84106718 -0.12409899  0.18672969 -2.6876462
  3.01283247  2.10571382  1.45518802 -0.92536079  0.61240562  1.09170381
  1.13210363 -1.54196533  0.77712817  2.80621729 -0.79815431 -0.63691626
 -1.75471934  0.60195758  1.67656927  2.99185623 -1.2087567  -0.31571271
 -2.42357487 -2.33803403  2.99457855  2.76322943 -0.54433401 -2.36481411
  1.48280665 -0.05851019 -2.3178723   2.09556044  1.28953956 -0.63853933
  0.8477692  -2.31880838 -0.02589347  2.15332778 -0.16394191  0.38886754
  2.71395519  1.0462197   2.46285496  3.16174565  2.64140993 -2.93932391
  0.26537232 -0.81573088  1.75888426  2.86399679 -0.51095063 -2.31763496
  2.78736774 -3.21076661  0.79394693 -0.6348751  -1.74135734  2.6981846
 -1.80955238 -1.58813144 -2.30391336  2.1880035  -2.45128535  2.13559767
  2.07465023  1.53540868  2.38308506  2.80474795  1.64885985  1.20012753
 -1.51324481 -2.22927292  1.47130193  0.7119457   1.31361625 -3.01402502
 -0.37770191  2.51831735 -1.03585417  1.28751331  1.48329082  0.5445507
 -0.83302352  1.11514697  0.66824321 -0.38370248  2.80473897 -1.99307164
  1.53804276 -0.48680971  1.0903419  -2.84976286 -2.45831971  0.45773276
 -1.16150755 -0.49457768  0.36531571 -0.11126932 -1.6503263  -0.04117014
 -0.85970713  2.81180925 -1.06239913 -1.38013776 -0.94882978  1.07796457
  1.85224732 -0.69616483  1.97232629 -2.19417293 -0.34727659 -0.73251918
 -2.89007935  3.16480605 -1.6319449   3.13522299 -1.26602559 -2.7084781
  3.36217239 -1.23321925 -0.77649573 -2.88407797 -2.71720699  2.54563794
 -2.13655355 -2.04712363 -0.1815514   3.14998694  0.24664422  0.21384907
 -1.25020094 -0.67764024 -1.73377441 -3.03024815  2.87032973  1.23550603
 -0.48570773 -2.18838781  1.1097103  -1.10585962 -0.49042399 -2.73954358
 -2.06517099  1.86555152 -0.87381475  2.62185237 -0.45419343 -2.67151576
 -2.82019858  2.26182659 -3.14423636 -0.44537108 -1.00235017 -0.24660735
  2.34754017  1.84025331  0.01820584 -2.55288707 -2.65892136  0.24436904
 -0.76666357  1.24524388 -2.62771     1.12505462 -0.3839818   0.42076454
  1.91903367  0.45811806  0.65074593 -1.2715683   1.79160597  2.93982359
  0.99594194  0.22180023 -1.14181003  2.4227905   0.72673913 -1.90977645
 -0.05037729  1.87092142  0.98665092 -1.08002704 -2.30130631  2.22238339
  2.00398325  1.92832203  2.29723611  1.91578221 -1.66121616 -3.103899
  0.42852437  1.34476014 -2.2627578  -1.125832    2.3118359   1.39294728
 -0.27195527 -1.84442448 -1.64824061  1.96528222  1.30723803 -1.01187902
 -0.23075568 -0.69309531 -0.30338784  2.3024556  -0.66193787 -0.93534215
  0.77590691 -2.35268703  0.59026737  2.78422606 -0.35243291  2.04722498
 -1.86126145 -1.35336872 -2.59736447 -2.4227356  -1.50153401 -3.0289635
  2.01620371  1.78191117  1.58151533  1.12533236  1.58819637 -2.44421671
 -2.5073675   1.78907525  1.0342768  -0.2918584  -2.47720352  1.43098329
 -1.04394945 -3.04762504 -0.04720856  1.89751382 -2.70128267 -2.36816706
  1.87612406  1.02967047 -0.6261748  -0.49631173 -0.9214051   1.96404985
  0.47262363 -0.35622681  0.40183334 -2.26662736  1.26136418 -0.15330478
  2.40235856  1.23319384  2.87809702 -1.05734458  2.10171451 -0.42989939
 -3.26841336  2.203221    0.81147363  1.92880894 -1.28919781  1.43910481
 -2.12171914  0.2089824   0.08303322 -2.79059308 -0.90191436 -2.39307635
  0.07227481 -0.56898904]
Sat May 25 16:49:45 2024,443,0.09593800827400396,[-4.65844859  2.36664111 -1.84106669 -0.1240985   0.1867292  -2.68764668
  3.01283198  2.10571431  1.45518851 -0.9253603   0.61240513  1.0917043
  1.13210315 -1.54196582  0.77712768  2.8062168  -0.7981548  -0.63691577
 -1.75471885  0.60195709  1.67656976  2.99185672 -1.20875622 -0.3157132
 -2.42357535 -2.33803452  2.99457904  2.76322894 -0.5443345  -2.3648146
  1.48280714 -0.0585097  -2.31787181  2.09556093  1.28954004 -0.63853982
  0.84776969 -2.31880886 -0.02589298  2.15332729 -0.16394239  0.38886803
  2.7139547   1.04621922  2.46285448  3.16174614  2.64141042 -2.9393244
  0.26537281 -0.81573137  1.75888377  2.8639963  -0.51095112 -2.31763447
  2.78736725 -3.2107671   0.79394742 -0.63487559 -1.74135783  2.69818509
 -1.80955189 -1.58813193 -2.30391385  2.18800399 -2.45128486  2.13559816
  2.07465072  1.53540917  2.38308458  2.80474746  1.64885937  1.20012802
 -1.51324432 -2.22927243  1.47130144  0.71194521  1.31361577 -3.01402453
 -0.3777024   2.51831784 -1.03585465  1.2875138   1.48329131  0.54455119
 -0.83302304  1.11514746  0.6682437  -0.38370199  2.80473848 -1.99307116
  1.53804227 -0.4868102   1.09034238 -2.84976335 -2.4583202   0.45773227
 -1.16150706 -0.49457817  0.3653162  -0.1112698  -1.65032581 -0.04117063
 -0.85970664  2.81180973 -1.06239961 -1.38013825 -0.94883027  1.07796408
  1.85224781 -0.69616434  1.97232678 -2.19417342 -0.3472761  -0.73251869
 -2.89007886  3.16480556 -1.63194441  3.13522348 -1.26602511 -2.70847761
  3.36217288 -1.23321974 -0.77649622 -2.88407748 -2.71720651  2.54563745
 -2.13655404 -2.04712314 -0.18155189  3.14998743  0.24664471  0.21384859
 -1.25020143 -0.67764073 -1.7337749  -3.03024766  2.87033022  1.23550554
 -0.48570724 -2.18838732  1.10971079 -1.10586011 -0.49042448 -2.73954309
 -2.06517148  1.86555103 -0.87381426  2.62185188 -0.45419392 -2.67151624
 -2.82019907  2.2618261  -3.14423587 -0.44537156 -1.00235066 -0.24660784
  2.34754066  1.8402538   0.01820633 -2.55288756 -2.65892088  0.24436856
 -0.76666308  1.24524339 -2.62770951  1.12505511 -0.38398131  0.42076405
  1.91903416  0.45811757  0.65074642 -1.27156782  1.79160646  2.93982407
  0.99594243  0.22180071 -1.14181052  2.42279098  0.72673962 -1.90977596
 -0.0503768   1.87092191  0.98665043 -1.08002753 -2.30130679  2.2223829
  2.00398373  1.92832252  2.29723562  1.9157827  -1.66121665 -3.10389851
  0.42852486  1.34476062 -2.26275829 -1.12583249  2.31183639  1.39294777
 -0.27195575 -1.84442497 -1.64824012  1.96528271  1.30723754 -1.01187951
 -0.23075519 -0.69309482 -0.30338832  2.30245609 -0.66193836 -0.93534264
  0.7759074  -2.35268654  0.59026786  2.78422655 -0.3524334   2.04722449
 -1.86126096 -1.35336823 -2.59736496 -2.42273609 -1.50153352 -3.02896399
  2.01620419  1.78191068  1.58151582  1.12533187  1.58819588 -2.4442172
 -2.50736701  1.78907476  1.03427631 -0.29185791 -2.477204    1.43098378
 -1.04394896 -3.04762553 -0.04720905  1.89751333 -2.70128316 -2.36816755
  1.87612357  1.02966998 -0.62617431 -0.49631124 -0.92140558  1.96405034
  0.47262412 -0.35622632  0.40183383 -2.26662687  1.2613637  -0.15330527
  2.40235905  1.23319335  2.87809653 -1.0573441   2.101715   -0.4298989
 -3.26841385  2.20322052  0.81147314  1.92880943 -1.2891983   1.4391053
 -2.12171963  0.20898288  0.08303274 -2.79059259 -0.90191388 -2.39307586
  0.07227432 -0.56898953]
Sat May 25 16:50:09 2024,444,0.0959380082328211,[-4.65844907  2.36664159 -1.84106621 -0.12409802  0.18672968 -2.68764716
  3.0128315   2.10571479  1.45518803 -0.92535983  0.61240561  1.09170382
  1.13210267 -1.54196534  0.7771272   2.80621632 -0.79815432 -0.63691625
 -1.75471837  0.60195661  1.67656928  2.9918572  -1.20875574 -0.31571368
 -2.42357488 -2.338035    2.99457856  2.76322942 -0.54433498 -2.36481412
  1.48280666 -0.05851018 -2.31787133  2.09556045  1.28953957 -0.6385403
  0.84776921 -2.31880839 -0.02589346  2.15332777 -0.16394192  0.38886851
  2.71395518  1.04621874  2.46285495  3.16174661  2.64140994 -2.93932488
  0.26537329 -0.81573089  1.75888329  2.86399582 -0.51095064 -2.317634
  2.78736773 -3.21076758  0.7939479  -0.63487511 -1.74135831  2.69818557
 -1.80955237 -1.58813145 -2.30391433  2.18800446 -2.45128438  2.13559864
  2.07465024  1.53540869  2.38308505  2.80474699  1.64885984  1.20012754
 -1.51324384 -2.22927195  1.47130096  0.71194473  1.31361529 -3.01402501
 -0.37770192  2.51831736 -1.03585418  1.28751332  1.48329178  0.54455166
 -0.83302351  1.11514698  0.66824322 -0.38370151  2.80473896 -1.99307068
  1.53804179 -0.48680972  1.09034191 -2.84976383 -2.45832068  0.45773275
 -1.16150754 -0.49457769  0.36531668 -0.11126933 -1.65032534 -0.04117111
 -0.85970616  2.81181021 -1.06239914 -1.38013873 -0.94882979  1.0779636
  1.85224829 -0.69616482  1.97232725 -2.1941739  -0.34727658 -0.73251822
 -2.89007934  3.16480508 -1.63194393  3.135223   -1.26602463 -2.70847809
  3.36217336 -1.23322022 -0.77649574 -2.88407796 -2.71720698  2.54563793
 -2.13655452 -2.04712362 -0.18155237  3.14998791  0.24664423  0.21384811
 -1.25020191 -0.67764121 -1.73377538 -3.03024814  2.87032974  1.23550602
 -0.48570676 -2.18838684  1.10971127 -1.10585963 -0.49042496 -2.73954261
 -2.06517196  1.86555055 -0.87381378  2.62185236 -0.45419344 -2.67151577
 -2.82019955  2.26182658 -3.1442354  -0.44537109 -1.00235114 -0.24660736
  2.34754018  1.84025428  0.01820585 -2.55288804 -2.6589204   0.24436903
 -0.7666626   1.24524387 -2.62770999  1.12505559 -0.38398084  0.42076453
  1.91903368  0.4581171   0.65074594 -1.27156829  1.79160694  2.93982455
  0.99594291  0.22180119 -1.141811    2.42279146  0.72673914 -1.90977548
 -0.05037728  1.87092239  0.98665091 -1.08002801 -2.30130727  2.22238338
  2.00398421  1.928323    2.29723514  1.91578318 -1.66121617 -3.10389803
  0.42852534  1.34476015 -2.26275781 -1.12583297  2.31183591  1.39294825
 -0.27195623 -1.84442449 -1.6482406   1.96528223  1.30723802 -1.01187903
 -0.23075567 -0.69309434 -0.3033888   2.30245657 -0.66193788 -0.93534216
  0.77590787 -2.35268606  0.59026834  2.78422703 -0.35243388  2.04722401
 -1.86126144 -1.35336871 -2.59736544 -2.42273561 -1.501534   -3.02896447
  2.01620372  1.7819102   1.58151534  1.12533139  1.5881954  -2.44421768
 -2.50736749  1.78907428  1.03427583 -0.29185839 -2.47720353  1.43098426
 -1.04394944 -3.04762505 -0.04720953  1.89751381 -2.70128363 -2.36816707
  1.87612405  1.02967046 -0.62617383 -0.49631172 -0.92140511  1.96404986
  0.4726246  -0.3562268   0.40183431 -2.26662735  1.26136417 -0.15330479
  2.40235953  1.23319287  2.87809701 -1.05734362  2.10171548 -0.42989843
 -3.26841433  2.20322099  0.81147266  1.92880895 -1.28919782  1.43910578
 -2.12172011  0.20898336  0.08303226 -2.79059211 -0.9019134  -2.39307634
  0.0722748  -0.56898905]
Sat May 25 16:50:34 2024,445,0.09593800819273028,[-4.65844954  2.36664205 -1.84106668 -0.12409755  0.18672921 -2.68764669
  3.01283103  2.10571432  1.4551885  -0.92535936  0.61240514  1.09170335
  1.1321022  -1.54196487  0.77712673  2.80621586 -0.79815385 -0.63691672
 -1.7547179   0.60195708  1.67656975  2.99185673 -1.20875621 -0.31571321
 -2.42357441 -2.33803453  2.99457903  2.76322988 -0.54433451 -2.36481365
  1.48280713 -0.05850971 -2.3178718   2.09556092  1.28954003 -0.63853983
  0.84776968 -2.31880885 -0.02589392  2.1533273  -0.16394238  0.38886898
  2.71395564  1.04621921  2.46285449  3.16174615  2.64140947 -2.93932441
  0.26537282 -0.81573136  1.75888376  2.86399535 -0.51095111 -2.31763353
  2.7873682  -3.21076805  0.79394743 -0.63487464 -1.74135878  2.69818604
 -1.8095519  -1.58813098 -2.30391386  2.18800493 -2.45128391  2.13559817
  2.07465071  1.53540916  2.38308458  2.80474652  1.64886031  1.20012801
 -1.51324337 -2.22927148  1.4713005   0.71194426  1.31361576 -3.01402547
 -0.37770239  2.51831689 -1.03585371  1.28751379  1.48329131  0.5445512
 -0.83302398  1.11514651  0.66824369 -0.38370198  2.80473942 -1.99307115
  1.53804132 -0.48680925  1.09034237 -2.84976336 -2.45832021  0.45773228
 -1.16150801 -0.49457722  0.36531715 -0.11126886 -1.6503258  -0.04117064
 -0.85970663  2.81181068 -1.06239961 -1.3801392  -0.94883026  1.07796407
  1.85224782 -0.69616529  1.97232772 -2.19417343 -0.34727611 -0.73251775
 -2.89007887  3.16480555 -1.6319444   3.13522253 -1.2660251  -2.70847762
  3.36217383 -1.23321975 -0.77649621 -2.88407842 -2.71720745  2.5456384
 -2.13655499 -2.04712409 -0.18155283  3.14998744  0.2466447   0.21384764
 -1.25020237 -0.67764168 -1.73377585 -3.03024767  2.87032927  1.23550649
 -0.48570723 -2.18838637  1.10971174 -1.1058601  -0.49042543 -2.73954214
 -2.06517149  1.86555008 -0.87381331  2.62185189 -0.45419391 -2.6715153
 -2.82020002  2.26182611 -3.14423493 -0.44537155 -1.00235067 -0.24660783
  2.34754065  1.84025474  0.01820632 -2.55288757 -2.65892087  0.24436857
 -0.76666307  1.24524433 -2.62771046  1.12505512 -0.38398037  0.42076406
  1.91903321  0.45811663  0.65074547 -1.27156782  1.79160647  2.93982408
  0.99594244  0.22180166 -1.14181147  2.42279099  0.72673867 -1.90977501
 -0.05037681  1.87092286  0.98665044 -1.08002754 -2.30130774  2.22238385
  2.00398468  1.92832347  2.29723467  1.91578365 -1.66121664 -3.1038985
  0.42852487  1.34475968 -2.26275735 -1.1258325   2.31183544  1.39294872
 -0.27195576 -1.84442402 -1.64824107  1.9652827   1.30723849 -1.0118795
 -0.2307552  -0.69309387 -0.30338927  2.3024561  -0.66193835 -0.93534169
  0.77590834 -2.35268653  0.59026881  2.7842275  -0.35243341  2.04722448
 -1.86126097 -1.35336918 -2.59736497 -2.42273514 -1.50153446 -3.028964
  2.01620418  1.78190973  1.58151581  1.12533186  1.58819493 -2.44421721
 -2.50736796  1.78907475  1.03427536 -0.29185792 -2.47720399  1.43098379
 -1.04394991 -3.04762552 -0.04720906  1.89751334 -2.7012841  -2.36816754
  1.87612358  1.02966999 -0.62617336 -0.49631125 -0.92140557  1.96405033
  0.47262507 -0.35622633  0.40183384 -2.26662688  1.2613637  -0.15330526
  2.40235906  1.2331924   2.87809654 -1.05734315  2.10171501 -0.42989796
 -3.2684148   2.20322053  0.81147219  1.92880942 -1.28919735  1.43910531
 -2.12171964  0.20898383  0.08303273 -2.79059258 -0.90191387 -2.39307587
  0.07227527 -0.56898952]
Sat May 25 16:50:57 2024,446,0.09593800815369703,[-4.65845     2.36664159 -1.84106714 -0.12409801  0.18672967 -2.68764623
  3.01283057  2.10571478  1.45518804 -0.9253589   0.61240468  1.09170289
  1.13210266 -1.54196441  0.77712719  2.80621631 -0.7981534  -0.63691718
 -1.75471836  0.60195754  1.67656929  2.99185627 -1.20875575 -0.31571367
 -2.42357487 -2.33803407  2.99457948  2.76323034 -0.54433405 -2.36481319
  1.48280759 -0.05850925 -2.31787134  2.09556046  1.28953958 -0.63853937
  0.84777014 -2.31880931 -0.02589438  2.15332684 -0.16394284  0.38886852
  2.7139561   1.04621967  2.46285495  3.1617466   2.64140993 -2.93932395
  0.26537236 -0.8157309   1.75888422  2.86399489 -0.51095065 -2.31763307
  2.78736774 -3.21076759  0.79394789 -0.6348751  -1.74135832  2.69818558
 -1.80955236 -1.58813144 -2.30391432  2.18800539 -2.45128437  2.13559771
  2.07465117  1.5354087   2.38308504  2.80474606  1.64886077  1.20012755
 -1.51324383 -2.22927194  1.47130095  0.7119438   1.31361622 -3.01402593
 -0.37770285  2.51831735 -1.03585325  1.28751425  1.48329177  0.54455074
 -0.83302352  1.11514605  0.66824415 -0.38370152  2.80473988 -1.99307069
  1.53804086 -0.48680971  1.09034283 -2.8497629  -2.45831975  0.45773274
 -1.16150755 -0.49457768  0.36531669 -0.11126932 -1.65032534 -0.04117018
 -0.85970709  2.81181114 -1.06240006 -1.38013874 -0.9488298   1.07796453
  1.85224828 -0.69616575  1.97232726 -2.19417297 -0.34727657 -0.73251729
 -2.89007841  3.16480509 -1.63194486  3.13522299 -1.26602464 -2.70847716
  3.36217429 -1.23321929 -0.77649667 -2.88407796 -2.71720791  2.54563886
 -2.13655453 -2.04712363 -0.18155329  3.1499879   0.24664515  0.21384718
 -1.25020283 -0.67764122 -1.73377539 -3.03024813  2.87032881  1.23550695
 -0.48570769 -2.18838591  1.1097122  -1.10586056 -0.49042497 -2.7395426
 -2.06517195  1.86555054 -0.87381285  2.62185143 -0.45419437 -2.67151484
 -2.82019956  2.26182657 -3.14423539 -0.44537109 -1.00235021 -0.24660829
  2.34754019  1.84025428  0.01820677 -2.55288803 -2.65892133  0.24436811
 -0.76666353  1.24524388 -2.62771     1.12505466 -0.38397991  0.42076452
  1.91903275  0.45811709  0.65074501 -1.27156828  1.79160601  2.93982362
  0.99594198  0.22180212 -1.14181101  2.42279053  0.72673913 -1.90977455
 -0.05037635  1.87092332  0.98664998 -1.080028   -2.3013082   2.22238339
  2.00398514  1.92832301  2.29723513  1.9157841  -1.66121618 -3.10389804
  0.42852533  1.34476014 -2.2627578  -1.12583204  2.31183498  1.39294826
 -0.2719553  -1.84442448 -1.64824061  1.96528224  1.30723894 -1.01187996
 -0.23075474 -0.69309341 -0.30338881  2.30245564 -0.66193789 -0.93534215
  0.7759088  -2.35268699  0.59026927  2.78422704 -0.35243295  2.04722494
 -1.86126143 -1.35336872 -2.59736451 -2.4227356  -1.50153492 -3.02896354
  2.01620464  1.78190928  1.58151627  1.1253314   1.58819447 -2.44421675
 -2.50736842  1.78907429  1.0342749  -0.29185746 -2.47720445  1.43098425
 -1.04395036 -3.04762506 -0.04720952  1.89751288 -2.70128364 -2.36816708
  1.87612404  1.02966953 -0.62617382 -0.49631171 -0.92140512  1.96405079
  0.47262461 -0.35622587  0.4018343  -2.26662642  1.26136416 -0.15330572
  2.40235952  1.23319194  2.87809608 -1.05734269  2.10171547 -0.4298975
 -3.26841434  2.20322007  0.81147174  1.92880988 -1.28919781  1.43910485
 -2.1217201   0.20898337  0.08303227 -2.79059212 -0.90191341 -2.39307541
  0.07227573 -0.56898906]
Sat May 25 16:51:27 2024,447,0.09593800811568863,[-4.65845045  2.36664114 -1.84106759 -0.12409756  0.18672922 -2.68764668
  3.01283012  2.10571433  1.45518849 -0.92535845  0.61240423  1.09170244
  1.13210221 -1.54196396  0.77712674  2.80621586 -0.79815385 -0.63691763
 -1.75471881  0.60195709  1.67656884  2.99185672 -1.2087553  -0.31571322
 -2.42357532 -2.33803362  2.99457903  2.76322989 -0.5443345  -2.36481364
  1.48280804 -0.0585097  -2.31787089  2.09556091  1.28954003 -0.63853892
  0.84777059 -2.31880886 -0.02589483  2.15332729 -0.16394239  0.38886807
  2.71395655  1.04622012  2.46285449  3.16174705  2.64140948 -2.9393244
  0.26537191 -0.81573135  1.75888467  2.86399534 -0.5109502  -2.31763352
  2.78736819 -3.21076804  0.79394744 -0.63487555 -1.74135877  2.69818513
 -1.80955281 -1.58813189 -2.30391477  2.18800584 -2.45128392  2.13559726
  2.07465162  1.53540915  2.38308549  2.80474561  1.64886032  1.200128
 -1.51324428 -2.22927149  1.4713014   0.71194425  1.31361667 -3.01402638
 -0.3777033   2.5183178  -1.0358537   1.2875138   1.48329132  0.54455119
 -0.83302397  1.1151465   0.6682437  -0.38370107  2.80473943 -1.99307114
  1.53804131 -0.48681016  1.09034238 -2.84976245 -2.4583202   0.45773319
 -1.161508   -0.49457813  0.36531624 -0.11126887 -1.6503258  -0.04117063
 -0.85970754  2.81181069 -1.06239961 -1.38013829 -0.94883025  1.07796498
  1.85224873 -0.6961662   1.97232681 -2.19417252 -0.34727612 -0.73251684
 -2.89007886  3.16480554 -1.63194441  3.13522344 -1.26602509 -2.70847671
  3.36217384 -1.23321974 -0.77649622 -2.88407841 -2.71720836  2.54563931
 -2.13655498 -2.04712318 -0.18155284  3.14998835  0.2466447   0.21384673
 -1.25020238 -0.67764167 -1.73377584 -3.03024858  2.87032926  1.2355074
 -0.48570814 -2.18838546  1.10971175 -1.10586101 -0.49042452 -2.73954215
 -2.0651715   1.86555099 -0.8738133   2.62185188 -0.45419482 -2.67151439
 -2.82019911  2.26182612 -3.14423584 -0.44537064 -1.00235066 -0.24660874
  2.34753974  1.84025383  0.01820722 -2.55288758 -2.65892087  0.24436766
 -0.76666398  1.24524433 -2.62770955  1.12505511 -0.38397946  0.42076497
  1.9190323   0.45811754  0.65074456 -1.27156873  1.79160646  2.93982407
  0.99594153  0.22180167 -1.14181056  2.42279008  0.72673958 -1.909775
 -0.0503768   1.87092287  0.98664953 -1.08002755 -2.30130775  2.22238294
  2.00398559  1.92832256  2.29723468  1.91578365 -1.66121573 -3.10389759
  0.42852578  1.34476059 -2.26275825 -1.12583249  2.31183543  1.39294781
 -0.27195575 -1.84442493 -1.64824106  1.96528179  1.30723849 -1.01188041
 -0.23075519 -0.69309296 -0.30338836  2.30245609 -0.66193834 -0.9353417
  0.77590835 -2.35268744  0.59026882  2.78422749 -0.3524325   2.04722539
 -1.86126188 -1.35336827 -2.59736496 -2.42273515 -1.50153447 -3.02896309
  2.01620419  1.78190973  1.58151672  1.12533185  1.58819492 -2.4442163
 -2.50736887  1.78907384  1.03427445 -0.29185791 -2.477204    1.4309838
 -1.04394991 -3.04762461 -0.04720907  1.89751333 -2.70128319 -2.36816753
  1.87612359  1.02966908 -0.62617337 -0.49631216 -0.92140557  1.96405124
  0.47262506 -0.35622542  0.40183475 -2.26662597  1.26136461 -0.15330617
  2.40235997  1.23319149  2.87809563 -1.05734314  2.10171502 -0.42989705
 -3.26841479  2.20322052  0.81147219  1.92881033 -1.28919826  1.4391053
 -2.12171965  0.20898382  0.08303272 -2.79059257 -0.90191386 -2.39307496
  0.07227618 -0.56898951]
Sat May 25 16:52:11 2024,448,0.09593800807867274,[-4.65845089  2.3666407  -1.84106715 -0.124098    0.18672878 -2.68764624
  3.01283056  2.10571389  1.45518893 -0.92535801  0.61240379  1.091702
  1.13210177 -1.54196352  0.77712718  2.80621631 -0.7981534  -0.63691719
 -1.75471925  0.60195665  1.67656928  2.99185716 -1.20875486 -0.31571277
 -2.42357488 -2.33803318  2.99457948  2.76322945 -0.54433494 -2.3648132
  1.4828076  -0.05851014 -2.31787045  2.09556047  1.28954047 -0.63853848
  0.84777015 -2.3188093  -0.02589527  2.15332774 -0.16394195  0.38886763
  2.713957    1.04621967  2.46285405  3.1617475   2.64140904 -2.93932484
  0.26537235 -0.81573091  1.75888511  2.8639949  -0.51094976 -2.31763396
  2.78736863 -3.2107676   0.793947   -0.63487599 -1.74135921  2.69818557
 -1.80955325 -1.58813145 -2.30391433  2.18800628 -2.45128436  2.1355977
  2.07465118  1.53540959  2.38308505  2.80474517  1.64886076  1.20012844
 -1.51324472 -2.22927193  1.47130185  0.71194469  1.31361711 -3.01402594
 -0.37770374  2.51831824 -1.03585326  1.28751335  1.48329177  0.54455163
 -0.83302441  1.11514694  0.66824414 -0.38370151  2.80473899 -1.9930707
  1.53804176 -0.4868106   1.09034283 -2.84976201 -2.45832064  0.45773275
 -1.16150844 -0.49457857  0.36531668 -0.11126931 -1.65032624 -0.04117019
 -0.85970798  2.81181025 -1.06239917 -1.38013785 -0.94883069  1.07796542
  1.85224829 -0.69616576  1.97232725 -2.19417296 -0.34727656 -0.7325164
 -2.89007842  3.1648051  -1.63194397  3.135223   -1.26602553 -2.70847627
  3.3621734  -1.23322018 -0.77649578 -2.88407886 -2.71720792  2.54563975
 -2.13655454 -2.04712362 -0.1815524   3.14998879  0.24664426  0.21384629
 -1.25020282 -0.67764122 -1.73377628 -3.03024902  2.87032882  1.23550784
 -0.48570858 -2.1883859   1.1097113  -1.10586145 -0.49042496 -2.73954171
 -2.06517194  1.86555055 -0.87381286  2.62185144 -0.45419438 -2.67151395
 -2.82019867  2.26182568 -3.1442354  -0.4453702  -1.0023511  -0.24660829
  2.34754018  1.84025428  0.01820678 -2.55288802 -2.65892043  0.2443681
 -0.76666442  1.24524388 -2.62770911  1.12505467 -0.3839799   0.42076542
  1.91903274  0.45811798  0.65074412 -1.27156918  1.7916069   2.93982452
  0.99594197  0.22180211 -1.141811    2.42278964  0.72674003 -1.90977456
 -0.05037636  1.87092243  0.98664909 -1.08002799 -2.30130819  2.2223825
  2.00398603  1.928323    2.29723424  1.9157841  -1.66121617 -3.10389715
  0.42852534  1.34476103 -2.2627587  -1.12583293  2.31183499  1.39294825
 -0.27195531 -1.84442537 -1.64824062  1.96528135  1.30723805 -1.01187997
 -0.23075475 -0.69309252 -0.3033888   2.30245653 -0.6619379  -0.93534214
  0.77590879 -2.352687    0.59026837  2.78422705 -0.35243206  2.04722495
 -1.86126144 -1.35336783 -2.5973654  -2.42273471 -1.50153403 -3.02896353
  2.01620463  1.78191017  1.58151628  1.12533141  1.58819536 -2.44421674
 -2.50736843  1.7890734   1.03427489 -0.29185835 -2.47720444  1.43098424
 -1.04394947 -3.04762417 -0.04720863  1.89751289 -2.70128364 -2.36816709
  1.87612403  1.02966864 -0.62617293 -0.49631172 -0.92140512  1.96405168
  0.47262462 -0.35622498  0.40183431 -2.26662641  1.26136506 -0.15330661
  2.40236041  1.23319193  2.87809519 -1.0573427   2.10171458 -0.42989749
 -3.26841435  2.20322008  0.81147174  1.92881077 -1.2891987   1.43910486
 -2.12172009  0.20898426  0.08303316 -2.79059301 -0.90191341 -2.39307452
  0.07227574 -0.56898907]
Sat May 25 16:53:33 2024,449,0.0959380080426196,[-4.65845132  2.36664027 -1.84106671 -0.12409844  0.18672921 -2.68764581
  3.012831    2.10571346  1.4551885  -0.92535844  0.61240336  1.09170157
  1.13210133 -1.54196395  0.77712762  2.80621674 -0.79815297 -0.63691762
 -1.75471968  0.60195622  1.67656885  2.99185673 -1.20875529 -0.31571234
 -2.42357444 -2.33803361  2.99457991  2.76322902 -0.54433451 -2.36481363
  1.48280803 -0.05850971 -2.31787088  2.0955609   1.28954003 -0.63853805
  0.84776971 -2.31880887 -0.02589571  2.15332817 -0.16394152  0.3888672
  2.71395656  1.04622011  2.46285362  3.16174706  2.64140947 -2.93932527
  0.26537192 -0.81573134  1.75888468  2.86399533 -0.51094933 -2.31763353
  2.78736906 -3.21076803  0.79394656 -0.63487642 -1.74135878  2.69818514
 -1.80955282 -1.58813102 -2.30391476  2.18800672 -2.45128393  2.13559727
  2.07465161  1.53540916  2.38308462  2.8047456   1.64886033  1.20012888
 -1.51324516 -2.22927237  1.47130228  0.71194512  1.31361667 -3.01402638
 -0.37770331  2.51831781 -1.03585282  1.28751379  1.4832922   0.54455206
 -0.83302398  1.11514651  0.66824457 -0.38370195  2.80473943 -1.99307026
  1.53804132 -0.48681017  1.09034326 -2.84976244 -2.45832107  0.45773231
 -1.16150801 -0.494579    0.36531711 -0.11126888 -1.6503258  -0.04116976
 -0.85970755  2.81181068 -1.06239874 -1.38013828 -0.94883112  1.07796586
  1.85224786 -0.69616532  1.97232682 -2.19417339 -0.34727699 -0.73251596
 -2.89007799  3.16480466 -1.6319444   3.13522257 -1.26602596 -2.70847584
  3.36217383 -1.23321975 -0.77649535 -2.88407929 -2.71720749  2.54564018
 -2.1365541  -2.04712319 -0.18155197  3.14998836  0.2466447   0.21384586
 -1.25020326 -0.67764079 -1.73377585 -3.03024945  2.87032839  1.23550741
 -0.48570815 -2.18838547  1.10971087 -1.10586188 -0.49042453 -2.73954128
 -2.06517237  1.86555098 -0.87381329  2.62185187 -0.45419481 -2.67151438
 -2.8201991   2.26182524 -3.14423583 -0.44536977 -1.00235067 -0.24660786
  2.34754061  1.84025384  0.01820635 -2.55288759 -2.65892087  0.24436767
 -0.76666485  1.24524432 -2.62770954  1.1250551  -0.38397947  0.42076585
  1.91903317  0.45811754  0.65074455 -1.27156874  1.79160733  2.93982495
  0.99594154  0.22180254 -1.14181057  2.42279008  0.72674046 -1.90977499
 -0.05037679  1.87092286  0.98664866 -1.08002842 -2.30130862  2.22238293
  2.0039856   1.92832257  2.29723381  1.91578366 -1.66121574 -3.10389672
  0.4285249   1.34476059 -2.26275913 -1.12583336  2.31183542  1.39294781
 -0.27195488 -1.8444258  -1.64824019  1.96528091  1.30723849 -1.0118804
 -0.23075432 -0.69309209 -0.30338837  2.30245696 -0.66193747 -0.93534257
  0.77590923 -2.35268743  0.59026794  2.78422662 -0.35243162  2.04722452
 -1.86126187 -1.3533674  -2.59736497 -2.42273427 -1.50153446 -3.02896397
  2.01620507  1.7819106   1.58151671  1.12533184  1.58819493 -2.44421631
 -2.507368    1.78907383  1.03427446 -0.29185792 -2.47720401  1.43098381
 -1.04394904 -3.04762373 -0.04720906  1.89751246 -2.70128407 -2.36816753
  1.8761236   1.02966907 -0.62617336 -0.49631215 -0.92140556  1.96405125
  0.47262505 -0.35622541  0.40183388 -2.26662598  1.26136462 -0.15330704
  2.40235998  1.23319237  2.87809562 -1.05734227  2.10171501 -0.42989706
 -3.26841391  2.20322051  0.81147218  1.92881121 -1.28919913  1.43910442
 -2.12171966  0.2089847   0.08303359 -2.79059258 -0.90191385 -2.39307409
  0.0722753  -0.56898864]
Sat May 25 16:54:27 2024,450,0.09593800800749955,[-4.65845174  2.3666407  -1.84106714 -0.12409801  0.18672964 -2.68764539
  3.01283057  2.10571304  1.45518808 -0.92535886  0.61240293  1.09170199
  1.13210091 -1.54196437  0.77712804  2.80621716 -0.79815255 -0.63691719
 -1.75471926  0.60195579  1.67656927  2.99185715 -1.20875486 -0.31571277
 -2.42357487 -2.33803319  2.99457948  2.76322944 -0.54433493 -2.36481321
  1.48280845 -0.05850929 -2.3178713   2.09556133  1.28954046 -0.63853762
  0.84777014 -2.3188093  -0.02589528  2.15332859 -0.1639411   0.38886677
  2.71395699  1.04622053  2.4628532   3.16174664  2.64140905 -2.9393257
  0.26537234 -0.81573092  1.75888425  2.86399491 -0.51094975 -2.31763395
  2.78736864 -3.21076761  0.79394614 -0.63487685 -1.74135835  2.69818556
 -1.80955324 -1.58813144 -2.30391434  2.18800714 -2.45128435  2.13559769
  2.07465119  1.53540874  2.38308504  2.80474602  1.64886075  1.20012845
 -1.51324473 -2.22927279  1.47130185  0.71194555  1.3136171  -3.01402595
 -0.37770289  2.51831823 -1.03585325  1.28751421  1.48329177  0.54455164
 -0.83302356  1.11514609  0.66824415 -0.38370152  2.804739   -1.99307069
  1.5380409  -0.4868106   1.09034283 -2.84976287 -2.45832065  0.45773189
 -1.16150843 -0.49457858  0.36531753 -0.11126845 -1.65032538 -0.04117018
 -0.85970712  2.81181111 -1.06239832 -1.38013786 -0.9488307   1.07796628
  1.85224828 -0.6961649   1.9723264  -2.19417381 -0.34727657 -0.73251639
 -2.89007841  3.16480424 -1.63194482  3.13522299 -1.26602554 -2.70847626
  3.36217425 -1.23322017 -0.77649577 -2.88407886 -2.71720707  2.54564061
 -2.13655453 -2.04712277 -0.18155155  3.14998878  0.24664512  0.21384543
 -1.25020283 -0.67764037 -1.73377627 -3.03024903  2.87032796  1.23550698
 -0.48570773 -2.18838505  1.1097113  -1.10586146 -0.4904241  -2.7395417
 -2.0651728   1.86555056 -0.87381287  2.62185229 -0.45419523 -2.67151395
 -2.82019868  2.26182482 -3.1442354  -0.4453702  -1.0023511  -0.24660744
  2.34754103  1.84025342  0.01820678 -2.55288801 -2.65892044  0.24436724
 -0.76666443  1.24524474 -2.62770911  1.12505468 -0.38397904  0.42076542
  1.91903275  0.45811797  0.65074498 -1.27156832  1.79160775  2.93982452
  0.99594196  0.22180297 -1.14181014  2.42278965  0.72674088 -1.90977542
 -0.05037637  1.87092244  0.98664824 -1.08002885 -2.3013082   2.22238335
  2.00398602  1.92832299  2.29723339  1.91578324 -1.66121617 -3.10389714
  0.42852448  1.34476017 -2.2627587  -1.12583379  2.31183585  1.39294739
 -0.27195531 -1.84442623 -1.64823977  1.96528049  1.30723891 -1.01187998
 -0.2307539  -0.69309166 -0.30338795  2.30245738 -0.66193704 -0.93534215
  0.77590965 -2.35268785  0.59026752  2.78422619 -0.3524312   2.04722494
 -1.86126145 -1.35336782 -2.59736539 -2.42273385 -1.50153404 -3.02896354
  2.01620464  1.78191102  1.58151629  1.12533142  1.58819451 -2.44421673
 -2.50736842  1.78907425  1.03427489 -0.29185834 -2.47720444  1.43098338
 -1.04394862 -3.04762331 -0.04720864  1.89751203 -2.70128364 -2.36816795
  1.87612317  1.02966865 -0.62617294 -0.49631172 -0.92140513  1.96405167
  0.47262463 -0.35622499  0.40183346 -2.26662556  1.26136505 -0.15330747
  2.40235956  1.23319194  2.87809519 -1.05734184  2.10171459 -0.42989748
 -3.26841434  2.20322008  0.81147175  1.92881163 -1.28919956  1.43910485
 -2.12172008  0.20898512  0.08303401 -2.790593   -0.90191427 -2.39307451
  0.07227573 -0.56898822]
Sat May 25 16:55:20 2024,451,0.09593800797328378,[-4.65845216  2.36664111 -1.84106672 -0.1240976   0.18672922 -2.6876458
  3.01283099  2.10571262  1.45518766 -0.92535845  0.61240252  1.09170241
  1.1321005  -1.54196479  0.77712845  2.80621675 -0.79815296 -0.63691761
 -1.75471968  0.60195621  1.67656969  2.99185674 -1.20875528 -0.31571235
 -2.42357528 -2.33803277  2.9945799   2.76322903 -0.54433535 -2.36481279
  1.48280804 -0.0585097  -2.31787172  2.09556091  1.28954004 -0.63853804
  0.84777055 -2.31880888 -0.0258957   2.15332818 -0.16394068  0.38886719
  2.7139574   1.04622094  2.46285278  3.16174706  2.64140863 -2.93932528
  0.26537275 -0.8157305   1.75888384  2.86399449 -0.51095017 -2.31763354
  2.78736905 -3.21076719  0.79394573 -0.63487726 -1.74135877  2.69818514
 -1.80955283 -1.58813102 -2.30391392  2.18800672 -2.45128477  2.13559811
  2.07465077  1.53540832  2.38308463  2.80474644  1.64886034  1.20012804
 -1.51324515 -2.2292732   1.47130144  0.71194513  1.31361751 -3.01402554
 -0.3777033   2.51831782 -1.03585283  1.28751463  1.48329219  0.54455205
 -0.83302397  1.1151465   0.66824374 -0.38370111  2.80473942 -1.99307027
  1.53804049 -0.48681018  1.09034242 -2.84976328 -2.45832106  0.45773148
 -1.16150802 -0.49457816  0.36531712 -0.11126887 -1.6503258  -0.0411706
 -0.85970671  2.81181069 -1.0623979  -1.38013744 -0.94883028  1.07796669
  1.8522487  -0.69616532  1.97232681 -2.19417423 -0.34727699 -0.7325168
 -2.89007883  3.16480466 -1.63194441  3.13522341 -1.26602595 -2.70847668
  3.36217467 -1.23322059 -0.77649535 -2.88407845 -2.71720665  2.54564102
 -2.13655411 -2.04712318 -0.18155113  3.14998837  0.24664553  0.21384585
 -1.25020325 -0.67764078 -1.73377585 -3.03024862  2.87032838  1.2355074
 -0.48570731 -2.18838546  1.10971088 -1.10586104 -0.49042452 -2.73954129
 -2.06517238  1.86555097 -0.87381329  2.62185188 -0.45419565 -2.67151354
 -2.82019826  2.2618244  -3.14423499 -0.44537061 -1.00235068 -0.24660702
  2.34754145  1.84025384  0.01820719 -2.5528876  -2.65892086  0.24436683
 -0.76666484  1.24524515 -2.62770953  1.12505426 -0.38397946  0.42076501
  1.91903234  0.45811755  0.65074539 -1.27156791  1.79160817  2.93982494
  0.99594154  0.22180338 -1.14180973  2.42278924  0.72674047 -1.90977583
 -0.05037596  1.87092202  0.98664782 -1.08002926 -2.30130862  2.22238377
  2.00398644  1.92832258  2.29723297  1.91578366 -1.66121575 -3.10389673
  0.42852407  1.34476059 -2.26275829 -1.12583337  2.31183543  1.39294781
 -0.27195489 -1.84442581 -1.64823935  1.96528008  1.30723932 -1.01188039
 -0.23075348 -0.69309208 -0.30338836  2.30245697 -0.66193746 -0.93534173
  0.77590923 -2.35268744  0.5902671   2.78422578 -0.35243162  2.04722536
 -1.86126186 -1.35336741 -2.59736498 -2.42273344 -1.50153446 -3.02896396
  2.01620423  1.78191144  1.5815167   1.12533183  1.58819492 -2.44421631
 -2.50736801  1.78907467  1.03427447 -0.29185793 -2.47720402  1.4309838
 -1.04394903 -3.04762372 -0.04720822  1.89751245 -2.70128406 -2.36816836
  1.87612359  1.02966823 -0.62617252 -0.49631131 -0.92140555  1.96405125
  0.47262421 -0.35622541  0.40183304 -2.26662597  1.26136463 -0.15330705
  2.40235997  1.23319236  2.87809561 -1.05734226  2.10171417 -0.42989706
 -3.26841475  2.2032205   0.81147217  1.92881204 -1.28919914  1.43910443
 -2.12172049  0.2089847   0.08303443 -2.79059259 -0.90191469 -2.39307409
  0.07227614 -0.56898863]
Sat May 25 16:55:43 2024,452,0.09593800793994459,[-4.65845256  2.36664152 -1.84106632 -0.12409719  0.18672882 -2.68764621
  3.01283139  2.10571221  1.45518726 -0.92535804  0.61240211  1.09170281
  1.1321009  -1.54196438  0.77712886  2.80621634 -0.79815256 -0.63691802
 -1.75472008  0.60195662  1.67657009  2.99185714 -1.20875487 -0.31571276
 -2.42357488 -2.33803237  2.99458031  2.76322944 -0.54433575 -2.36481239
  1.48280845 -0.0585093  -2.31787131  2.0955605   1.28953964 -0.63853844
  0.84777096 -2.31880847 -0.0258961   2.15332858 -0.16394028  0.38886678
  2.713957    1.04622054  2.46285238  3.16174746  2.64140823 -2.93932569
  0.26537316 -0.8157301   1.75888425  2.8639949  -0.51095057 -2.31763313
  2.78736865 -3.21076679  0.79394532 -0.63487767 -1.74135836  2.69818474
 -1.80955242 -1.58813143 -2.30391433  2.18800632 -2.45128436  2.1355977
  2.07465118  1.53540792  2.38308504  2.80474603  1.64886075  1.20012763
 -1.51324555 -2.22927361  1.47130103  0.71194554  1.31361711 -3.01402513
 -0.37770371  2.51831823 -1.03585243  1.28751503  1.4832926   0.54455164
 -0.83302438  1.1151461   0.66824414 -0.38370151  2.80473901 -1.99306987
  1.53804089 -0.48681059  1.09034201 -2.84976369 -2.45832147  0.45773107
 -1.16150761 -0.49457776  0.36531671 -0.11126846 -1.6503262  -0.041171
 -0.8597063   2.8118111  -1.06239831 -1.38013704 -0.94883069  1.07796629
  1.8522491  -0.69616491  1.97232641 -2.19417382 -0.34727739 -0.7325164
 -2.89007923  3.16480425 -1.63194482  3.13522382 -1.26602554 -2.70847708
  3.36217508 -1.23322018 -0.77649576 -2.88407804 -2.71720625  2.54564061
 -2.13655452 -2.04712277 -0.18155154  3.14998796  0.24664513  0.21384544
 -1.25020284 -0.67764038 -1.73377545 -3.03024821  2.87032797  1.23550699
 -0.48570691 -2.18838587  1.10971129 -1.10586064 -0.49042492 -2.73954088
 -2.06517198  1.86555138 -0.87381369  2.62185229 -0.45419524 -2.67151395
 -2.82019867  2.26182481 -3.14423458 -0.4453702  -1.00235109 -0.24660743
  2.34754185  1.84025343  0.01820678 -2.55288801 -2.65892126  0.24436642
 -0.76666525  1.24524556 -2.62770912  1.12505386 -0.38397905  0.42076542
  1.91903274  0.45811715  0.65074499 -1.2715675   1.79160776  2.93982535
  0.99594195  0.22180298 -1.14180932  2.42278883  0.72674087 -1.90977543
 -0.05037636  1.87092162  0.98664742 -1.08002885 -2.30130902  2.22238336
  2.00398603  1.92832217  2.29723338  1.91578406 -1.66121534 -3.10389714
  0.42852366  1.34476018 -2.2627587  -1.12583378  2.31183584  1.39294821
 -0.2719553  -1.84442622 -1.64823895  1.96528048  1.30723892 -1.01187998
 -0.23075389 -0.69309167 -0.30338796  2.30245656 -0.66193705 -0.93534133
  0.77590883 -2.35268703  0.59026751  2.78422537 -0.35243202  2.04722495
 -1.86126227 -1.35336781 -2.59736538 -2.42273303 -1.50153405 -3.02896436
  2.01620463  1.78191103  1.5815163   1.12533224  1.58819533 -2.44421591
 -2.5073676   1.78907507  1.03427488 -0.29185833 -2.47720443  1.43098421
 -1.04394944 -3.04762332 -0.04720781  1.89751285 -2.70128365 -2.36816796
  1.876124    1.02966864 -0.62617293 -0.49631172 -0.92140514  1.96405085
  0.47262381 -0.35622581  0.40183345 -2.26662638  1.26136423 -0.15330665
  2.40235957  1.23319276  2.8780952  -1.05734185  2.10171377 -0.42989666
 -3.26841435  2.20322091  0.81147257  1.92881164 -1.28919955  1.43910484
 -2.1217209   0.2089843   0.08303483 -2.790593   -0.90191509 -2.3930745
  0.07227655 -0.56898822]
Sat May 25 16:56:06 2024,453,0.09593800790745624,[-4.65845296  2.36664191 -1.84106592 -0.12409679  0.18672921 -2.68764581
  3.012831    2.10571261  1.45518686 -0.92535844  0.61240171  1.09170241
  1.1321005  -1.54196478  0.77712846  2.80621674 -0.79815296 -0.63691762
 -1.75472048  0.60195701  1.67657049  2.99185674 -1.20875447 -0.31571236
 -2.42357527 -2.33803277  2.9945807   2.76322983 -0.54433536 -2.36481199
  1.48280884 -0.0585089  -2.31787171  2.09556011  1.28953924 -0.63853884
  0.84777136 -2.31880808 -0.0258965   2.15332898 -0.16393988  0.38886638
  2.7139566   1.04622014  2.46285278  3.16174786  2.64140862 -2.93932609
  0.26537276 -0.8157297   1.75888464  2.8639945  -0.51095018 -2.31763273
  2.78736905 -3.21076639  0.79394572 -0.63487807 -1.74135797  2.69818434
 -1.80955202 -1.58813103 -2.30391393  2.18800592 -2.45128476  2.1355981
  2.07465158  1.53540752  2.38308543  2.80474643  1.64886035  1.20012723
 -1.51324515 -2.22927321  1.47130143  0.71194514  1.31361671 -3.01402473
 -0.37770411  2.51831862 -1.03585203  1.28751463  1.4832922   0.54455125
 -0.83302478  1.1151465   0.66824374 -0.38370191  2.80473941 -1.99306947
  1.53804129 -0.48681099  1.09034161 -2.84976409 -2.45832107  0.45773067
 -1.16150722 -0.49457816  0.36531631 -0.11126806 -1.6503258  -0.0411714
 -0.8597059   2.8118107  -1.06239791 -1.38013744 -0.94883029  1.07796669
  1.8522487  -0.69616451  1.97232681 -2.19417422 -0.34727699 -0.73251679
 -2.89007963  3.16480385 -1.63194442  3.13522421 -1.26602594 -2.70847748
  3.36217468 -1.23322058 -0.77649616 -2.88407764 -2.71720585  2.54564101
 -2.13655412 -2.04712317 -0.18155194  3.14998756  0.24664553  0.21384584
 -1.25020324 -0.67763998 -1.73377585 -3.03024781  2.87032757  1.23550739
 -0.48570731 -2.18838547  1.10971089 -1.10586024 -0.49042532 -2.73954128
 -2.06517158  1.86555098 -0.87381329  2.62185268 -0.45419564 -2.67151355
 -2.82019827  2.26182521 -3.14423419 -0.44536981 -1.00235069 -0.24660783
  2.34754225  1.84025383  0.01820639 -2.55288761 -2.65892166  0.24436682
 -0.76666565  1.24524516 -2.62770952  1.12505346 -0.38397945  0.42076581
  1.91903234  0.45811755  0.65074459 -1.2715671   1.79160816  2.93982574
  0.99594155  0.22180258 -1.14180972  2.42278923  0.72674047 -1.90977582
 -0.05037596  1.87092122  0.98664702 -1.08002846 -2.30130862  2.22238296
  2.00398563  1.92832177  2.29723298  1.91578446 -1.66121574 -3.10389674
  0.42852326  1.34476058 -2.2627583  -1.12583418  2.31183624  1.39294781
 -0.2719549  -1.84442662 -1.64823855  1.96528008  1.30723852 -1.01188038
 -0.23075429 -0.69309207 -0.30338835  2.30245696 -0.66193745 -0.93534093
  0.77590843 -2.35268743  0.59026711  2.78422497 -0.35243162  2.04722455
 -1.86126187 -1.35336821 -2.59736578 -2.42273343 -1.50153365 -3.02896397
  2.01620424  1.78191063  1.5815159   1.12533184  1.58819573 -2.44421551
 -2.507368    1.78907547  1.03427448 -0.29185873 -2.47720403  1.4309846
 -1.04394904 -3.04762292 -0.04720821  1.89751325 -2.70128325 -2.36816756
  1.87612439  1.02966904 -0.62617253 -0.49631132 -0.92140474  1.96405045
  0.47262421 -0.35622541  0.40183385 -2.26662678  1.26136383 -0.15330625
  2.40235996  1.23319237  2.8780956  -1.05734145  2.10171417 -0.42989706
 -3.26841395  2.20322051  0.81147218  1.92881203 -1.28919915  1.43910524
 -2.1217213   0.2089847   0.08303523 -2.79059339 -0.90191469 -2.3930749
  0.07227615 -0.56898783]
Sat May 25 16:56:35 2024,454,0.09593800787579236,[-4.65845335  2.3666423  -1.84106553 -0.1240964   0.18672882 -2.6876462
  3.01283061  2.105713    1.45518725 -0.92535883  0.61240132  1.09170202
  1.13210011 -1.54196439  0.77712807  2.80621635 -0.79815335 -0.63691723
 -1.75472087  0.6019574   1.6765701   2.99185714 -1.20875487 -0.31571197
 -2.42357488 -2.33803316  2.99458031  2.76322944 -0.54433575 -2.36481238
  1.48280923 -0.05850851 -2.31787132  2.0955605   1.28953885 -0.63853923
  0.84777175 -2.31880769 -0.02589689  2.15332859 -0.16393949  0.38886599
  2.71395699  1.04622053  2.46285239  3.16174825  2.64140901 -2.93932648
  0.26537237 -0.81573009  1.75888425  2.86399489 -0.51095057 -2.31763234
  2.78736944 -3.210766    0.79394611 -0.63487768 -1.74135836  2.69818473
 -1.80955241 -1.58813142 -2.30391354  2.18800631 -2.45128515  2.13559771
  2.07465119  1.53540713  2.38308582  2.80474604  1.64885996  1.20012684
 -1.51324476 -2.22927282  1.47130182  0.71194475  1.31361632 -3.01402512
 -0.3777045   2.51831823 -1.03585242  1.28751502  1.48329259  0.54455164
 -0.83302439  1.11514689  0.66824335 -0.3837023   2.80473902 -1.99306908
  1.5380409  -0.4868106   1.090342   -2.84976369 -2.45832068  0.45773028
 -1.16150682 -0.49457777  0.36531671 -0.11126767 -1.65032541 -0.04117101
 -0.85970551  2.81181109 -1.0623983  -1.38013705 -0.94883068  1.07796708
  1.85224831 -0.6961649   1.9723272  -2.19417461 -0.34727738 -0.7325164
 -2.89008002  3.16480346 -1.63194481  3.1352246  -1.26602555 -2.70847787
  3.36217429 -1.23322097 -0.77649577 -2.88407804 -2.71720624  2.5456414
 -2.13655451 -2.04712356 -0.18155155  3.14998717  0.24664514  0.21384623
 -1.25020363 -0.67764037 -1.73377546 -3.0302482   2.87032718  1.235507
 -0.4857077  -2.18838586  1.10971128 -1.10585985 -0.49042571 -2.73954167
 -2.06517119  1.86555137 -0.8738129   2.62185307 -0.45419603 -2.67151394
 -2.82019788  2.2618256  -3.14423458 -0.4453702  -1.0023503  -0.24660822
  2.34754264  1.84025344  0.01820599 -2.552888   -2.65892205  0.24436721
 -0.76666604  1.24524477 -2.62770913  1.12505307 -0.38397906  0.4207662
  1.91903273  0.45811794  0.6507442  -1.27156671  1.79160855  2.93982535
  0.99594116  0.22180297 -1.14180933  2.42278884  0.72674008 -1.90977621
 -0.05037636  1.87092161  0.98664741 -1.08002807 -2.30130823  2.22238335
  2.00398524  1.92832138  2.29723337  1.91578485 -1.66121613 -3.10389635
  0.42852365  1.34476019 -2.26275791 -1.12583379  2.31183663  1.39294742
 -0.27195529 -1.84442701 -1.64823894  1.96528047  1.30723891 -1.01188077
 -0.23075468 -0.69309168 -0.30338796  2.30245735 -0.66193784 -0.93534132
  0.77590804 -2.35268704  0.59026672  2.78422536 -0.35243123  2.04722416
 -1.86126148 -1.35336782 -2.59736617 -2.42273304 -1.50153326 -3.02896358
  2.01620385  1.78191102  1.58151629  1.12533223  1.58819612 -2.44421512
 -2.50736839  1.78907508  1.03427487 -0.29185912 -2.47720442  1.43098499
 -1.04394943 -3.04762331 -0.04720782  1.89751364 -2.70128364 -2.36816717
  1.876124    1.02966865 -0.62617292 -0.49631093 -0.92140513  1.96405006
  0.47262382 -0.35622502  0.40183346 -2.26662639  1.26136422 -0.15330664
  2.40236035  1.23319198  2.87809521 -1.05734106  2.10171378 -0.42989667
 -3.26841356  2.20322012  0.81147257  1.92881164 -1.28919954  1.43910563
 -2.12172091  0.20898509  0.08303484 -2.79059378 -0.9019143  -2.39307529
  0.07227576 -0.56898822]
Sat May 25 16:57:06 2024,455,0.09593800784492779,[-4.65845373  2.36664192 -1.84106591 -0.12409678  0.18672844 -2.68764658
  3.01283099  2.10571339  1.45518687 -0.92535921  0.61240094  1.09170164
  1.1321005  -1.54196477  0.77712769  2.80621597 -0.79815373 -0.63691685
 -1.75472049  0.60195702  1.67656972  2.99185752 -1.20875525 -0.31571159
 -2.42357527 -2.33803354  2.99457993  2.76322983 -0.54433536 -2.36481276
  1.48280962 -0.05850812 -2.3178717   2.09556088  1.28953923 -0.63853885
  0.84777213 -2.3188073  -0.02589651  2.15332897 -0.16393987  0.38886638
  2.7139566   1.04622091  2.462852    3.16174863  2.6414094  -2.93932686
  0.26537275 -0.81572971  1.75888464  2.86399451 -0.51095095 -2.31763196
  2.78736905 -3.21076638  0.79394573 -0.63487806 -1.74135874  2.69818435
 -1.80955203 -1.58813104 -2.30391392  2.18800669 -2.45128553  2.13559733
  2.07465157  1.53540675  2.38308544  2.80474642  1.64885958  1.20012723
 -1.51324438 -2.22927244  1.4713022   0.71194513  1.31361593 -3.01402551
 -0.37770488  2.51831785 -1.0358528   1.28751541  1.48329297  0.54455125
 -0.83302477  1.1151465   0.66824297 -0.38370192  2.80473864 -1.99306946
  1.53804128 -0.48681098  1.09034162 -2.84976408 -2.45832106  0.4577299
 -1.16150644 -0.49457815  0.36531632 -0.11126805 -1.6503258  -0.04117139
 -0.85970513  2.81181147 -1.06239792 -1.38013743 -0.94883106  1.07796746
  1.8522487  -0.69616528  1.97232758 -2.19417423 -0.34727777 -0.73251679
 -2.89007964  3.16480384 -1.63194519  3.13522499 -1.26602517 -2.70847825
  3.3621739  -1.23322135 -0.77649615 -2.88407765 -2.71720585  2.54564178
 -2.13655413 -2.04712318 -0.18155193  3.14998679  0.24664475  0.21384585
 -1.25020401 -0.67763999 -1.73377507 -3.03024858  2.8703268   1.23550738
 -0.48570808 -2.18838624  1.1097109  -1.10586023 -0.4904261  -2.73954129
 -2.0651708   1.86555099 -0.87381252  2.62185269 -0.45419641 -2.67151432
 -2.82019827  2.26182598 -3.14423496 -0.44537058 -1.00234992 -0.2466086
  2.34754303  1.84025382  0.01820638 -2.55288838 -2.65892167  0.24436683
 -0.76666642  1.24524439 -2.62770951  1.12505345 -0.38397944  0.42076582
  1.91903235  0.45811755  0.65074381 -1.27156709  1.79160893  2.93982574
  0.99594078  0.22180335 -1.14180895  2.42278922  0.72674047 -1.9097766
 -0.05037674  1.87092123  0.98664703 -1.08002768 -2.30130785  2.22238374
  2.00398563  1.92832176  2.29723375  1.91578447 -1.66121652 -3.10389597
  0.42852327  1.34475981 -2.26275829 -1.12583417  2.31183701  1.39294704
 -0.27195567 -1.84442662 -1.64823932  1.96528086  1.30723929 -1.01188116
 -0.23075506 -0.6930913  -0.30338758  2.30245773 -0.66193822 -0.9353417
  0.77590766 -2.35268666  0.59026634  2.78422575 -0.35243085  2.04722454
 -1.86126186 -1.35336821 -2.59736655 -2.42273266 -1.50153364 -3.02896396
  2.01620423  1.7819114   1.58151591  1.12533185  1.5881965  -2.4442155
 -2.50736801  1.7890747   1.03427449 -0.2918595  -2.4772048   1.43098461
 -1.04394905 -3.04762293 -0.04720744  1.89751403 -2.70128326 -2.36816755
  1.87612362  1.02966903 -0.62617254 -0.49631131 -0.92140475  1.96405044
  0.4726242  -0.35622541  0.40183384 -2.26662677  1.26136383 -0.15330702
  2.40235997  1.23319236  2.87809483 -1.05734144  2.10171339 -0.42989628
 -3.26841317  2.2032205   0.81147218  1.92881203 -1.28919992  1.43910601
 -2.12172129  0.20898547  0.08303522 -2.79059417 -0.90191469 -2.39307567
  0.07227538 -0.5689886 ]
Sat May 25 16:57:31 2024,456,0.09593800781483977,[-4.65845411  2.36664155 -1.84106554 -0.12409641  0.18672882 -2.68764696
  3.01283061  2.10571301  1.45518724 -0.92535884  0.61240132  1.09170202
  1.13210087 -1.54196515  0.77712806  2.80621559 -0.79815335 -0.63691722
 -1.75472011  0.6019574   1.67656934  2.99185789 -1.20875562 -0.31571121
 -2.42357564 -2.33803391  2.99457956  2.76322945 -0.54433574 -2.36481239
  1.48280999 -0.0585085  -2.31787208  2.09556125  1.28953886 -0.63853922
  0.84777175 -2.31880693 -0.02589689  2.15332935 -0.16394024  0.388866
  2.71395698  1.04622129  2.46285238  3.16174826  2.64140902 -2.93932723
  0.26537313 -0.81572933  1.75888501  2.86399413 -0.51095057 -2.31763233
  2.78736943 -3.210766    0.7939461  -0.63487843 -1.74135836  2.69818397
 -1.8095524  -1.58813067 -2.30391355  2.18800707 -2.45128591  2.13559695
  2.07465194  1.53540712  2.38308507  2.80474605  1.6488592   1.20012685
 -1.51324476 -2.22927206  1.47130183  0.71194476  1.31361631 -3.01402513
 -0.3777045   2.51831748 -1.03585318  1.28751578  1.48329334  0.54455088
 -0.8330244   1.11514613  0.66824335 -0.38370155  2.80473826 -1.99306983
  1.53804166 -0.48681135  1.09034125 -2.84976445 -2.45832069  0.45773027
 -1.16150682 -0.49457777  0.3653167  -0.11126843 -1.65032542 -0.04117102
 -0.85970476  2.81181185 -1.06239754 -1.38013705 -0.94883144  1.07796783
  1.85224832 -0.69616491  1.97232795 -2.1941746  -0.34727814 -0.73251716
 -2.89007926  3.16480347 -1.63194557  3.13522461 -1.26602554 -2.70847788
  3.36217353 -1.23322173 -0.77649578 -2.88407728 -2.71720623  2.54564141
 -2.13655375 -2.04712356 -0.1815523   3.14998717  0.24664438  0.21384622
 -1.25020364 -0.67764036 -1.7337747  -3.03024896  2.87032642  1.23550776
 -0.48570845 -2.18838662  1.10971052 -1.10586061 -0.49042572 -2.73954091
 -2.06517043  1.86555136 -0.8738129   2.62185307 -0.45419679 -2.6715147
 -2.82019789  2.26182561 -3.14423458 -0.4453702  -1.00234954 -0.24660823
  2.3475434   1.84025419  0.018206   -2.55288801 -2.65892204  0.2443672
 -0.76666604  1.24524402 -2.62770989  1.12505308 -0.38397907  0.42076545
  1.91903273  0.45811793  0.65074344 -1.27156747  1.79160931  2.93982536
  0.99594115  0.22180298 -1.14180857  2.42278885  0.72674009 -1.90977697
 -0.05037711  1.87092085  0.9866474  -1.08002806 -2.30130748  2.22238411
  2.003986    1.92832214  2.29723338  1.91578484 -1.66121689 -3.10389559
  0.42852364  1.34475943 -2.26275792 -1.1258338   2.31183738  1.39294742
 -0.27195605 -1.84442625 -1.64823895  1.96528123  1.30723892 -1.01188153
 -0.23075469 -0.69309092 -0.30338721  2.30245811 -0.66193785 -0.93534208
  0.77590803 -2.35268628  0.59026596  2.78422537 -0.35243123  2.04722417
 -1.86126224 -1.35336783 -2.59736693 -2.42273228 -1.50153402 -3.02896433
  2.01620385  1.78191178  1.58151553  1.12533222  1.58819687 -2.44421588
 -2.50736763  1.78907508  1.03427411 -0.29185988 -2.47720443  1.43098424
 -1.04394942 -3.04762255 -0.04720782  1.89751365 -2.70128289 -2.36816718
  1.87612325  1.02966941 -0.62617291 -0.49631093 -0.92140438  1.96405082
  0.47262457 -0.35622503  0.40183346 -2.26662714  1.26136421 -0.1533074
  2.4023596   1.23319273  2.87809445 -1.05734107  2.10171377 -0.42989666
 -3.26841355  2.20322087  0.81147256  1.9288124  -1.28919955  1.43910639
 -2.12172092  0.20898584  0.08303485 -2.79059379 -0.90191431 -2.3930753
  0.07227575 -0.56898822]
Sat May 25 16:58:02 2024,457,0.09593800778550429,[-4.65845448  2.36664191 -1.84106517 -0.12409678  0.18672845 -2.68764733
  3.01283025  2.10571264  1.45518687 -0.92535847  0.61240095  1.09170238
  1.1321005  -1.54196478  0.7771277   2.80621596 -0.79815372 -0.63691759
 -1.75471975  0.60195703  1.67656971  2.99185753 -1.20875599 -0.31571158
 -2.42357601 -2.33803428  2.99457919  2.76322908 -0.54433611 -2.36481202
  1.48280962 -0.05850887 -2.31787171  2.09556162  1.28953922 -0.63853959
  0.84777212 -2.31880656 -0.02589725  2.15332898 -0.16393988  0.38886563
  2.71395661  1.04622166  2.46285275  3.16174789  2.64140865 -2.9393276
  0.2653735  -0.81572897  1.75888538  2.86399377 -0.51095021 -2.31763197
  2.78736906 -3.21076637  0.79394647 -0.6348788  -1.74135873  2.69818361
 -1.80955277 -1.5881303  -2.30391318  2.1880067  -2.45128554  2.13559732
  2.07465231  1.53540675  2.38308544  2.80474641  1.64885957  1.20012648
 -1.51324439 -2.22927243  1.47130146  0.71194513  1.31361668 -3.01402476
 -0.37770414  2.51831711 -1.03585354  1.28751615  1.48329371  0.54455125
 -0.83302403  1.11514576  0.66824298 -0.38370191  2.80473789 -1.9930702
  1.53804203 -0.48681172  1.09034088 -2.84976408 -2.45832032  0.45772991
 -1.16150645 -0.49457814  0.36531633 -0.11126806 -1.65032579 -0.04117065
 -0.85970439  2.81181148 -1.06239718 -1.38013742 -0.94883107  1.0779682
  1.85224795 -0.69616454  1.97232759 -2.19417497 -0.34727851 -0.73251679
 -2.89007963  3.16480384 -1.63194593  3.13522424 -1.26602591 -2.70847751
  3.36217316 -1.23322209 -0.77649614 -2.88407765 -2.71720586  2.54564104
 -2.13655412 -2.04712392 -0.18155194  3.1499868   0.24664475  0.21384659
 -1.25020401 -0.67764073 -1.73377433 -3.03024933  2.87032606  1.23550739
 -0.48570882 -2.18838698  1.10971015 -1.10586097 -0.49042609 -2.73954054
 -2.06517006  1.86555099 -0.87381326  2.6218527  -0.45419642 -2.67151433
 -2.82019752  2.26182524 -3.14423422 -0.44537057 -1.00234917 -0.24660786
  2.34754303  1.84025456  0.01820637 -2.55288764 -2.65892241  0.24436757
 -0.76666568  1.24524365 -2.62771025  1.12505344 -0.38397943  0.42076508
  1.91903236  0.45811756  0.65074381 -1.2715671   1.79160894  2.93982573
  0.99594079  0.22180261 -1.14180894  2.42278848  0.72673972 -1.90977734
 -0.05037748  1.87092122  0.98664703 -1.08002843 -2.30130711  2.22238374
  2.00398563  1.92832251  2.29723375  1.91578521 -1.66121652 -3.10389522
  0.42852328  1.3447598  -2.26275755 -1.12583416  2.31183775  1.39294778
 -0.27195641 -1.84442662 -1.64823931  1.9652816   1.30723855 -1.0118819
 -0.23075432 -0.69309129 -0.30338684  2.30245774 -0.66193748 -0.93534171
  0.7759084  -2.35268591  0.5902656   2.78422574 -0.35243159  2.0472238
 -1.86126261 -1.35336746 -2.59736656 -2.42273191 -1.50153365 -3.0289647
  2.01620422  1.78191215  1.5815159   1.12533259  1.58819724 -2.44421624
 -2.507368    1.78907544  1.03427448 -0.29185951 -2.47720479  1.4309846
 -1.04394906 -3.04762292 -0.04720745  1.89751402 -2.70128252 -2.36816681
  1.87612288  1.02966904 -0.62617254 -0.4963113  -0.92140401  1.96405118
  0.47262494 -0.35622466  0.40183383 -2.26662751  1.26136384 -0.15330703
  2.40235923  1.2331931   2.87809409 -1.05734144  2.1017134  -0.42989629
 -3.26841392  2.20322124  0.81147219  1.92881203 -1.28919991  1.43910675
 -2.12172128  0.20898621  0.08303522 -2.79059342 -0.90191394 -2.39307566
  0.07227612 -0.56898859]
Sat May 25 16:58:25 2024,458,0.09593800775689929,[-4.65845484  2.36664228 -1.84106481 -0.12409642  0.18672881 -2.68764769
  3.01283061  2.105713    1.45518651 -0.92535811  0.61240059  1.09170274
  1.13210086 -1.54196442  0.77712806  2.8062156  -0.79815336 -0.63691795
 -1.75471939  0.60195739  1.67657007  2.99185789 -1.20875563 -0.31571122
 -2.42357565 -2.33803464  2.99457955  2.76322872 -0.54433575 -2.36481238
  1.48280998 -0.05850851 -2.31787135  2.09556126  1.28953958 -0.63853923
  0.84777248 -2.3188062  -0.02589689  2.15332934 -0.16393952  0.38886599
  2.71395697  1.04622129  2.46285311  3.16174753  2.64140829 -2.93932796
  0.26537386 -0.81572933  1.75888574  2.86399341 -0.51094985 -2.31763233
  2.78736942 -3.21076601  0.79394611 -0.63487844 -1.74135837  2.69818397
 -1.80955313 -1.58812994 -2.30391282  2.18800706 -2.45128518  2.13559696
  2.07465195  1.53540711  2.38308507  2.80474605  1.64885993  1.20012612
 -1.51324403 -2.22927279  1.47130182  0.71194477  1.31361704 -3.0140244
 -0.37770378  2.51831747 -1.03585318  1.28751651  1.48329335  0.54455161
 -0.83302439  1.1151454   0.66824262 -0.38370227  2.80473825 -1.99307056
  1.53804239 -0.48681208  1.09034124 -2.84976445 -2.45831996  0.45772954
 -1.16150609 -0.4945785   0.36531669 -0.11126842 -1.65032615 -0.04117101
 -0.85970475  2.81181112 -1.06239754 -1.38013706 -0.94883143  1.07796856
  1.85224831 -0.6961649   1.97232723 -2.19417533 -0.34727887 -0.73251643
 -2.89007999  3.16480348 -1.63194629  3.13522388 -1.26602555 -2.70847787
  3.3621728  -1.23322245 -0.77649578 -2.88407729 -2.7172055   2.5456414
 -2.13655376 -2.04712428 -0.18155158  3.14998716  0.24664511  0.21384623
 -1.25020437 -0.67764037 -1.73377397 -3.03024969  2.87032642  1.23550775
 -0.48570846 -2.18838662  1.10971051 -1.10586061 -0.49042645 -2.73954018
 -2.06517042  1.86555063 -0.87381362  2.62185234 -0.45419678 -2.67151397
 -2.82019716  2.2618256  -3.14423386 -0.44537093 -1.00234881 -0.2466075
  2.34754339  1.8402542   0.01820673 -2.55288728 -2.65892205  0.24436721
 -0.76666532  1.24524401 -2.62771061  1.12505308 -0.38397979  0.42076472
  1.91903272  0.45811792  0.65074345 -1.27156746  1.7916093   2.93982537
  0.99594043  0.22180225 -1.1418093   2.42278884  0.72674008 -1.9097777
 -0.05037712  1.87092158  0.98664667 -1.08002807 -2.30130747  2.22238338
  2.00398599  1.92832287  2.29723339  1.91578557 -1.66121616 -3.10389486
  0.42852292  1.34476016 -2.26275791 -1.1258338   2.31183739  1.39294814
 -0.27195677 -1.84442698 -1.64823967  1.96528196  1.30723819 -1.01188226
 -0.23075468 -0.69309093 -0.3033872   2.30245738 -0.66193784 -0.93534135
  0.77590876 -2.35268555  0.59026596  2.7842261  -0.35243123  2.04722416
 -1.86126225 -1.35336782 -2.59736692 -2.42273155 -1.50153401 -3.02896506
  2.01620458  1.78191179  1.58151626  1.12533295  1.58819688 -2.44421588
 -2.50736764  1.78907508  1.03427484 -0.29185915 -2.47720443  1.43098424
 -1.0439487  -3.04762256 -0.04720709  1.89751438 -2.70128288 -2.36816645
  1.87612252  1.02966868 -0.62617291 -0.49631166 -0.92140365  1.96405154
  0.4726253  -0.35622502  0.40183347 -2.26662787  1.2613642  -0.15330739
  2.40235887  1.23319346  2.87809445 -1.05734108  2.10171376 -0.42989593
 -3.26841356  2.20322088  0.81147255  1.92881239 -1.28919955  1.43910639
 -2.12172164  0.20898585  0.08303486 -2.79059306 -0.90191358 -2.3930753
  0.07227648 -0.56898895]
Sat May 25 16:58:51 2024,459,0.09593800772900338,[-4.65845519  2.36664263 -1.84106516 -0.12409677  0.18672846 -2.68764804
  3.01283096  2.10571265  1.45518687 -0.92535776  0.61240023  1.0917031
  1.13210051 -1.54196407  0.7771277   2.80621595 -0.79815301 -0.6369183
 -1.75471974  0.60195704  1.67657042  2.99185824 -1.20875598 -0.31571087
 -2.42357529 -2.33803429  2.9945792   2.76322837 -0.54433539 -2.36481203
  1.48280963 -0.05850815 -2.31787099  2.09556161  1.28953923 -0.63853888
  0.84777213 -2.31880585 -0.02589725  2.15332969 -0.16393987  0.38886635
  2.71395662  1.04622165  2.46285275  3.16174718  2.64140794 -2.93932831
  0.2653735  -0.81572968  1.75888609  2.86399305 -0.51094949 -2.31763197
  2.78736977 -3.21076637  0.79394646 -0.63487879 -1.74135802  2.69818361
 -1.80955278 -1.58813029 -2.30391247  2.18800671 -2.45128483  2.13559661
  2.07465231  1.53540676  2.38308472  2.80474641  1.64885958  1.20012648
 -1.51324368 -2.22927244  1.47130147  0.71194441  1.31361668 -3.01402405
 -0.37770413  2.51831712 -1.03585354  1.28751686  1.4832937   0.54455125
 -0.83302404  1.11514505  0.66824297 -0.38370192  2.8047379  -1.99307021
  1.53804274 -0.48681173  1.09034089 -2.84976409 -2.45832031  0.45772919
 -1.16150644 -0.49457815  0.36531704 -0.11126807 -1.6503258  -0.04117066
 -0.8597044   2.81181147 -1.06239789 -1.38013671 -0.94883178  1.07796821
  1.85224867 -0.69616525  1.97232758 -2.19417568 -0.34727922 -0.73251679
 -2.89007964  3.16480383 -1.63194665  3.13522424 -1.2660252  -2.70847822
  3.36217315 -1.2332221  -0.77649543 -2.88407764 -2.71720586  2.54564176
 -2.13655341 -2.04712464 -0.18155122  3.14998681  0.24664475  0.21384658
 -1.25020401 -0.67764002 -1.73377362 -3.03025004  2.87032606  1.2355081
 -0.48570811 -2.18838698  1.10971016 -1.10586026 -0.4904261  -2.73953983
 -2.06517007  1.86555028 -0.87381327  2.62185199 -0.45419643 -2.67151432
 -2.82019681  2.26182595 -3.1442335  -0.44537128 -1.00234846 -0.24660785
  2.34754375  1.84025455  0.01820638 -2.55288693 -2.6589217   0.24436686
 -0.76666496  1.24524365 -2.62771026  1.12505344 -0.38398015  0.42076437
  1.91903307  0.45811827  0.6507438  -1.27156711  1.79160965  2.93982502
  0.99594007  0.2218026  -1.14180965  2.42278849  0.72674044 -1.90977735
 -0.05037677  1.87092122  0.98664632 -1.08002842 -2.30130782  2.22238374
  2.00398564  1.92832322  2.29723303  1.91578522 -1.66121652 -3.10389522
  0.42852256  1.3447598  -2.26275755 -1.12583345  2.31183774  1.3929485
 -0.27195642 -1.84442662 -1.64823932  1.96528161  1.30723854 -1.0118819
 -0.23075432 -0.69309128 -0.30338755  2.30245773 -0.66193749 -0.935341
  0.77590911 -2.35268591  0.5902656   2.78422645 -0.35243088  2.04722452
 -1.8612626  -1.35336818 -2.59736727 -2.42273191 -1.50153366 -3.02896471
  2.01620423  1.78191214  1.58151591  1.1253326   1.58819723 -2.44421553
 -2.50736799  1.78907473  1.03427449 -0.2918588  -2.47720479  1.4309846
 -1.04394905 -3.04762291 -0.04720744  1.89751473 -2.70128323 -2.3681661
  1.87612217  1.02966903 -0.62617326 -0.49631131 -0.921404    1.96405119
  0.47262565 -0.35622467  0.40183382 -2.26662752  1.26136456 -0.15330774
  2.40235922  1.23319381  2.87809409 -1.05734072  2.10171341 -0.42989558
 -3.2684132   2.20322123  0.8114729   1.92881275 -1.2891992   1.43910675
 -2.12172129  0.2089862   0.08303521 -2.79059271 -0.90191394 -2.39307566
  0.07227613 -0.5689886 ]
Sat May 25 16:59:34 2024,460,0.09593800770179509,[-4.65845554  2.36664297 -1.84106481 -0.12409712  0.18672811 -2.68764769
  3.01283131  2.105713    1.45518721 -0.9253581   0.61239989  1.09170344
  1.13210017 -1.54196372  0.77712805  2.8062156  -0.79815335 -0.63691795
 -1.75472008  0.60195738  1.67657008  2.99185858 -1.20875633 -0.31571121
 -2.42357564 -2.33803463  2.99457885  2.76322872 -0.54433574 -2.36481237
  1.48280998 -0.05850781 -2.31787134  2.09556196  1.28953958 -0.63853853
  0.84777247 -2.31880619 -0.02589759  2.15333004 -0.16394022  0.38886669
  2.71395697  1.04622199  2.4628531   3.16174683  2.64140829 -2.93932866
  0.26537385 -0.81573002  1.75888644  2.86399271 -0.51094915 -2.31763232
  2.78737012 -3.21076671  0.79394681 -0.63487845 -1.74135767  2.69818327
 -1.80955312 -1.58812994 -2.30391212  2.18800705 -2.45128517  2.13559626
  2.07465196  1.53540711  2.38308438  2.80474606  1.64885923  1.20012682
 -1.51324333 -2.22927209  1.47130182  0.71194407  1.31361634 -3.0140237
 -0.37770447  2.51831746 -1.03585388  1.28751652  1.48329405  0.5445516
 -0.83302369  1.1151447   0.66824263 -0.38370157  2.80473755 -1.99307055
  1.53804308 -0.48681207  1.09034054 -2.84976375 -2.45832066  0.45772954
 -1.1615061  -0.49457849  0.36531739 -0.11126842 -1.65032545 -0.04117101
 -0.85970474  2.81181182 -1.06239824 -1.38013705 -0.94883213  1.07796855
  1.85224832 -0.69616491  1.97232793 -2.19417534 -0.34727957 -0.73251644
 -2.89007929  3.16480348 -1.6319463   3.13522458 -1.26602554 -2.70847788
  3.36217281 -1.23322175 -0.77649578 -2.88407729 -2.7172062   2.54564141
 -2.13655306 -2.04712429 -0.18155088  3.14998715  0.24664441  0.21384624
 -1.25020367 -0.67763967 -1.73377327 -3.03025038  2.87032641  1.23550845
 -0.48570776 -2.18838732  1.10970982 -1.10585991 -0.49042575 -2.73953948
 -2.06517042  1.86554994 -0.87381362  2.62185233 -0.45419677 -2.67151397
 -2.82019646  2.26182561 -3.14423385 -0.44537094 -1.00234881 -0.24660751
  2.3475434   1.8402549   0.01820603 -2.55288727 -2.65892135  0.2443672
 -0.76666531  1.24524331 -2.62770992  1.12505309 -0.3839798   0.42076471
  1.91903273  0.45811862  0.65074415 -1.27156745  1.79160931  2.93982536
  0.99594042  0.22180226 -1.14181     2.42278814  0.72674078 -1.909777
 -0.05037711  1.87092088  0.98664667 -1.08002876 -2.30130817  2.22238408
  2.00398599  1.92832357  2.29723269  1.91578487 -1.66121686 -3.10389556
  0.42852222  1.34475946 -2.2627579  -1.1258338   2.31183809  1.39294884
 -0.27195677 -1.84442697 -1.64823967  1.96528195  1.30723889 -1.01188225
 -0.23075467 -0.69309094 -0.3033879   2.30245808 -0.66193714 -0.93534134
  0.77590877 -2.35268625  0.59026595  2.7842268  -0.35243123  2.04722417
 -1.86126225 -1.35336852 -2.59736762 -2.42273156 -1.50153331 -3.02896436
  2.01620388  1.78191179  1.58151556  1.12533295  1.58819758 -2.44421588
 -2.50736765  1.78907438  1.03427414 -0.29185914 -2.47720513  1.43098425
 -1.0439487  -3.04762326 -0.04720709  1.89751508 -2.70128358 -2.36816644
  1.87612182  1.02966869 -0.6261736  -0.49631166 -0.92140435  1.96405154
  0.47262531 -0.35622502  0.40183348 -2.26662717  1.2613649  -0.1533074
  2.40235957  1.23319347  2.87809375 -1.05734107  2.10171375 -0.42989523
 -3.26841355  2.20322158  0.81147325  1.9288124  -1.28919886  1.43910709
 -2.12172164  0.20898655  0.08303486 -2.79059237 -0.90191359 -2.39307531
  0.07227578 -0.56898895]
Sat May 25 17:00:24 2024,461,0.09593800767525515,[-4.65845588  2.36664331 -1.84106448 -0.12409746  0.18672777 -2.68764735
  3.01283164  2.10571334  1.45518755 -0.92535844  0.61239955  1.09170378
  1.13209983 -1.54196406  0.77712839  2.80621594 -0.79815301 -0.63691829
 -1.75472042  0.60195704  1.67656974  2.99185825 -1.20875599 -0.31571155
 -2.4235753  -2.33803497  2.99457919  2.76322838 -0.54433608 -2.36481203
  1.48280964 -0.05850815 -2.31787168  2.09556162  1.28953924 -0.63853819
  0.84777281 -2.31880653 -0.02589793  2.15333038 -0.16394056  0.38886703
  2.71395663  1.04622233  2.46285344  3.16174649  2.64140795 -2.939329
  0.26537351 -0.81572969  1.7588861   2.86399305 -0.51094949 -2.31763266
  2.78737046 -3.21076637  0.79394647 -0.63487879 -1.74135733  2.69818361
 -1.80955346 -1.58813028 -2.30391246  2.18800739 -2.45128484  2.13559592
  2.07465162  1.53540677  2.38308404  2.8047464   1.64885957  1.20012648
 -1.51324299 -2.22927243  1.47130148  0.71194373  1.31361668 -3.01402336
 -0.37770481  2.51831712 -1.03585354  1.28751685  1.48329371  0.54455194
 -0.83302335  1.11514504  0.66824229 -0.38370191  2.80473722 -1.99307022
  1.53804274 -0.48681173  1.0903402  -2.84976409 -2.458321    0.4577292
 -1.16150576 -0.49457816  0.36531705 -0.11126808 -1.65032579 -0.04117134
 -0.85970508  2.81181148 -1.0623979  -1.38013739 -0.94883179  1.07796821
  1.85224866 -0.69616457  1.97232826 -2.19417568 -0.34727923 -0.7325161
 -2.89007963  3.16480314 -1.63194664  3.13522492 -1.26602521 -2.70847822
  3.36217247 -1.23322142 -0.77649612 -2.88407763 -2.71720586  2.54564107
 -2.13655272 -2.04712463 -0.18155122  3.14998749  0.24664407  0.21384657
 -1.25020401 -0.67763933 -1.73377293 -3.03025005  2.87032675  1.23550879
 -0.48570742 -2.18838766  1.10970948 -1.10585958 -0.49042609 -2.73953915
 -2.06517075  1.86555027 -0.87381328  2.62185267 -0.45419711 -2.67151364
 -2.8201968   2.26182595 -3.14423351 -0.44537128 -1.00234847 -0.24660785
  2.34754306  1.84025456  0.01820637 -2.55288693 -2.65892169  0.24436754
 -0.76666565  1.24524365 -2.62770958  1.12505275 -0.38397946  0.42076437
  1.91903307  0.45811896  0.65074449 -1.27156711  1.79160965  2.9398257
  0.99594008  0.22180259 -1.14181034  2.42278848  0.72674112 -1.90977734
 -0.05037745  1.87092122  0.98664633 -1.08002843 -2.30130851  2.22238442
  2.00398633  1.92832323  2.29723303  1.91578521 -1.66121652 -3.10389522
  0.42852256  1.34475912 -2.26275756 -1.12583346  2.31183775  1.39294918
 -0.27195643 -1.84442663 -1.64823933  1.96528161  1.30723855 -1.01188259
 -0.23075433 -0.69309128 -0.30338824  2.30245842 -0.66193748 -0.93534168
  0.77590843 -2.35268659  0.59026561  2.78422646 -0.35243089  2.04722451
 -1.86126259 -1.35336818 -2.59736796 -2.42273122 -1.50153365 -3.0289647
  2.01620354  1.78191213  1.5815159   1.12533328  1.58819724 -2.44421622
 -2.50736731  1.78907472  1.0342738  -0.29185948 -2.47720547  1.43098459
 -1.04394836 -3.04762292 -0.04720743  1.89751474 -2.70128324 -2.3681661
  1.87612148  1.02966902 -0.62617394 -0.49631132 -0.92140401  1.96405188
  0.47262565 -0.35622468  0.40183382 -2.26662683  1.26136524 -0.15330706
  2.40235991  1.23319381  2.87809409 -1.05734073  2.10171341 -0.42989557
 -3.26841321  2.20322124  0.81147359  1.92881206 -1.28919852  1.43910743
 -2.1217213   0.20898621  0.08303452 -2.7905927  -0.90191325 -2.39307565
  0.07227544 -0.56898861]
Sat May 25 17:00:50 2024,462,0.0959380076493632,[-4.65845621  2.36664365 -1.84106414 -0.12409779  0.1867281  -2.68764769
  3.01283131  2.105713    1.45518722 -0.92535877  0.61239988  1.09170345
  1.13210016 -1.54196373  0.77712872  2.80621628 -0.79815268 -0.63691863
 -1.75472076  0.60195671  1.67657007  2.99185791 -1.20875566 -0.31571122
 -2.42357497 -2.33803531  2.99457886  2.76322805 -0.54433575 -2.3648117
  1.48280931 -0.05850781 -2.31787201  2.09556129  1.2895389  -0.63853853
  0.84777248 -2.31880687 -0.0258976   2.15333071 -0.16394089  0.3888667
  2.71395629  1.046222    2.46285377  3.16174616  2.64140828 -2.93932933
  0.26537384 -0.81572935  1.75888577  2.86399271 -0.51094982 -2.31763232
  2.78737013 -3.2107667   0.79394613 -0.63487846 -1.74135766  2.69818394
 -1.80955313 -1.58813062 -2.3039128   2.18800706 -2.45128517  2.13559559
  2.07465129  1.53540644  2.3830837   2.80474607  1.64885924  1.20012615
 -1.51324332 -2.2292721   1.47130114  0.71194339  1.31361701 -3.0140237
 -0.37770515  2.51831679 -1.03585388  1.28751719  1.48329338  0.54455161
 -0.83302302  1.11514537  0.66824262 -0.38370158  2.80473688 -1.99307055
  1.53804241 -0.4868114   1.09033987 -2.84976442 -2.45832067  0.45772953
 -1.16150542 -0.49457849  0.36531672 -0.11126774 -1.65032546 -0.04117168
 -0.85970541  2.81181115 -1.06239823 -1.38013706 -0.94883212  1.07796788
  1.85224899 -0.69616424  1.97232793 -2.19417534 -0.34727956 -0.73251577
 -2.8900793   3.16480281 -1.63194631  3.13522525 -1.26602487 -2.70847855
  3.36217214 -1.23322175 -0.77649645 -2.8840773  -2.71720553  2.54564074
 -2.13655239 -2.0471243  -0.18155155  3.14998716  0.2466444   0.21384624
 -1.25020434 -0.67763966 -1.7337726  -3.03024971  2.87032708  1.23550912
 -0.48570776 -2.18838733  1.10970981 -1.10585924 -0.49042642 -2.73953948
 -2.06517109  1.86554994 -0.87381361  2.62185234 -0.45419744 -2.67151397
 -2.82019647  2.26182628 -3.14423318 -0.44537094 -1.00234814 -0.24660751
  2.34754273  1.84025423  0.0182067  -2.55288726 -2.65892202  0.24436787
 -0.76666532  1.24524398 -2.62770991  1.12505242 -0.38397913  0.42076404
  1.9190334   0.45811929  0.65074482 -1.27156745  1.79160931  2.93982603
  0.99593975  0.22180293 -1.14181067  2.42278881  0.72674145 -1.90977701
 -0.05037778  1.87092155  0.98664599 -1.08002876 -2.30130884  2.22238409
  2.00398599  1.92832289  2.29723269  1.91578554 -1.66121619 -3.10389489
  0.42852289  1.34475945 -2.26275723 -1.12583379  2.31183742  1.39294885
 -0.27195676 -1.8444263  -1.64823899  1.96528195  1.30723822 -1.01188292
 -0.230754   -0.69309094 -0.30338857  2.30245875 -0.66193781 -0.93534201
  0.77590809 -2.35268626  0.59026594  2.78422679 -0.35243055  2.04722484
 -1.86126292 -1.35336785 -2.59736829 -2.42273089 -1.50153398 -3.02896503
  2.01620321  1.78191247  1.58151623  1.12533295  1.58819757 -2.44421588
 -2.50736764  1.78907439  1.03427347 -0.29185915 -2.47720514  1.43098492
 -1.0439487  -3.04762259 -0.0472071   1.89751441 -2.70128357 -2.36816644
  1.87612115  1.02966936 -0.62617361 -0.49631165 -0.92140368  1.96405154
  0.47262598 -0.35622434  0.40183348 -2.26662717  1.26136491 -0.15330672
  2.40236024  1.23319347  2.87809375 -1.05734106  2.10171375 -0.42989524
 -3.26841288  2.20322091  0.81147326  1.92881173 -1.28919818  1.4391071
 -2.12172163  0.20898588  0.08303486 -2.79059304 -0.90191292 -2.39307532
  0.07227511 -0.56898894]
Sat May 25 17:01:14 2024,463,0.09593800762410068,[-4.65845653  2.36664332 -1.84106382 -0.12409811  0.18672778 -2.68764801
  3.01283164  2.10571268  1.45518689 -0.92535845  0.61239956  1.09170312
  1.13209983 -1.54196405  0.7771284   2.80621595 -0.79815301 -0.63691895
 -1.75472108  0.60195638  1.6765704   2.99185759 -1.20875533 -0.31571154
 -2.4235753  -2.33803563  2.99457853  2.76322837 -0.54433542 -2.36481138
  1.48280898 -0.05850749 -2.31787234  2.09556161  1.28953923 -0.6385382
  0.84777281 -2.31880719 -0.02589792  2.15333104 -0.16394056  0.38886703
  2.71395662  1.04622233  2.46285344  3.16174583  2.64140795 -2.93932966
  0.26537352 -0.81572903  1.75888609  2.86399304 -0.51094949 -2.31763265
  2.7873698  -3.21076638  0.79394581 -0.63487878 -1.74135799  2.69818361
 -1.8095528  -1.58813029 -2.30391312  2.18800739 -2.45128549  2.13559526
  2.07465161  1.53540611  2.38308403  2.80474639  1.64885891  1.20012648
 -1.51324365 -2.22927243  1.47130147  0.71194307  1.31361734 -3.01402402
 -0.37770482  2.51831712 -1.03585355  1.28751686  1.48329305  0.54455193
 -0.83302334  1.11514505  0.66824295 -0.38370125  2.80473656 -1.99307022
  1.53804274 -0.48681108  1.09033954 -2.84976409 -2.45832034  0.45772986
 -1.16150575 -0.49457881  0.36531639 -0.11126807 -1.65032578 -0.04117135
 -0.85970509  2.81181082 -1.06239856 -1.38013739 -0.94883245  1.07796821
  1.85224932 -0.69616456  1.97232826 -2.19417567 -0.34727924 -0.73251544
 -2.89007963  3.16480314 -1.63194598  3.13522558 -1.2660252  -2.70847822
  3.36217181 -1.23322207 -0.77649677 -2.88407697 -2.7172052   2.54564041
 -2.13655206 -2.04712397 -0.18155122  3.14998748  0.24664407  0.21384657
 -1.25020401 -0.67763999 -1.73377293 -3.03024939  2.87032676  1.23550879
 -0.48570743 -2.18838766  1.10970948 -1.10585892 -0.49042675 -2.73953915
 -2.06517141  1.86555027 -0.87381328  2.62185267 -0.45419712 -2.67151429
 -2.82019614  2.2618266  -3.1442335  -0.44537062 -1.00234781 -0.24660784
  2.3475424   1.84025455  0.01820638 -2.55288759 -2.6589217   0.2443682
 -0.76666564  1.24524365 -2.62770958  1.12505209 -0.3839788   0.42076437
  1.91903372  0.45811897  0.65074449 -1.27156712  1.79160899  2.93982636
  0.99594007  0.22180325 -1.141811    2.42278914  0.72674113 -1.90977668
 -0.05037746  1.87092122  0.98664632 -1.08002908 -2.30130917  2.22238442
  2.00398632  1.92832322  2.29723302  1.91578522 -1.66121652 -3.10389456
  0.42852322  1.34475978 -2.2627569  -1.12583346  2.31183709  1.39294852
 -0.27195643 -1.84442597 -1.64823932  1.96528227  1.30723854 -1.0118826
 -0.23075367 -0.69309062 -0.3033889   2.30245908 -0.66193814 -0.93534169
  0.77590777 -2.35268658  0.59026627  2.78422647 -0.35243023  2.04722451
 -1.8612626  -1.35336752 -2.59736797 -2.42273121 -1.50153431 -3.02896536
  2.01620288  1.78191279  1.58151591  1.12533263  1.58819725 -2.44421621
 -2.50736731  1.78907406  1.0342738  -0.29185883 -2.47720547  1.4309846
 -1.04394837 -3.04762291 -0.04720678  1.89751473 -2.7012839  -2.36816611
  1.87612082  1.02966903 -0.62617394 -0.49631197 -0.921404    1.96405122
  0.47262631 -0.35622402  0.40183316 -2.26662749  1.26136458 -0.1533064
  2.40235991  1.2331938   2.87809408 -1.05734074  2.10171342 -0.42989556
 -3.26841255  2.20322058  0.81147293  1.92881206 -1.28919786  1.43910742
 -2.12172196  0.20898555  0.08303518 -2.79059336 -0.90191324 -2.39307499
  0.07227544 -0.56898926]
Sat May 25 17:01:40 2024,464,0.09593800759944981,[-4.65845685  2.366643   -1.84106414 -0.12409779  0.18672746 -2.68764833
  3.01283132  2.105713    1.45518657 -0.92535877  0.61239924  1.09170344
  1.13210015 -1.54196437  0.77712808  2.80621627 -0.79815333 -0.63691863
 -1.7547214   0.60195607  1.67657072  2.99185727 -1.20875565 -0.31571122
 -2.42357561 -2.33803595  2.99457821  2.76322805 -0.5443351  -2.36481106
  1.4828093  -0.05850781 -2.31787202  2.0955613   1.28953955 -0.63853852
  0.84777313 -2.31880687 -0.02589761  2.15333072 -0.16394088  0.38886735
  2.71395694  1.04622265  2.46285376  3.16174615  2.64140764 -2.93932934
  0.26537384 -0.81572871  1.75888577  2.86399336 -0.51094917 -2.31763233
  2.78737012 -3.2107667   0.79394613 -0.6348791  -1.74135767  2.69818329
 -1.80955312 -1.58813061 -2.3039128   2.18800771 -2.45128517  2.13559558
  2.07465193  1.53540643  2.38308435  2.80474671  1.64885923  1.2001268
 -1.51324333 -2.22927211  1.47130115  0.71194275  1.31361766 -3.0140237
 -0.3777045   2.5183168  -1.03585387  1.28751654  1.48329337  0.54455161
 -0.83302302  1.11514473  0.66824263 -0.38370157  2.80473688 -1.9930699
  1.53804306 -0.4868114   1.09033922 -2.84976377 -2.45832066  0.45773018
 -1.16150543 -0.49457849  0.36531607 -0.11126839 -1.6503261  -0.04117103
 -0.85970541  2.8118105  -1.06239824 -1.38013707 -0.94883277  1.07796789
  1.85224964 -0.69616424  1.97232794 -2.19417599 -0.34727892 -0.73251576
 -2.89007995  3.16480282 -1.6319463   3.1352259  -1.26602552 -2.7084779
  3.36217149 -1.23322239 -0.77649709 -2.88407665 -2.71720488  2.54564073
 -2.13655174 -2.04712429 -0.1815509   3.1499878   0.24664375  0.21384689
 -1.25020369 -0.67764031 -1.73377261 -3.03024907  2.87032644  1.23550911
 -0.48570775 -2.18838734  1.1097098  -1.1058586  -0.49042643 -2.73953883
 -2.06517173  1.86554995 -0.87381296  2.62185235 -0.45419744 -2.67151397
 -2.82019582  2.26182629 -3.14423318 -0.4453703  -1.00234749 -0.24660752
  2.34754272  1.84025423  0.0182067  -2.55288791 -2.65892138  0.24436852
 -0.76666532  1.24524397 -2.62770926  1.12505177 -0.38397912  0.42076405
  1.91903404  0.45811928  0.65074481 -1.2715668   1.79160867  2.93982668
  0.99593976  0.22180293 -1.14181132  2.42278946  0.72674081 -1.90977636
 -0.05037714  1.87092154  0.98664664 -1.0800294  -2.30130949  2.22238474
  2.003986    1.9283229   2.29723334  1.91578554 -1.6612162  -3.10389488
  0.42852354  1.3447601  -2.26275722 -1.12583378  2.31183741  1.3929482
 -0.27195611 -1.84442565 -1.648239    1.96528259  1.30723822 -1.01188228
 -0.23075399 -0.69309094 -0.30338858  2.30245876 -0.66193846 -0.93534201
  0.77590745 -2.3526869   0.59026659  2.78422679 -0.35243055  2.0472242
 -1.86126292 -1.3533672  -2.59736765 -2.4227309  -1.50153399 -3.02896568
  2.01620257  1.78191247  1.58151623  1.12533295  1.58819693 -2.44421653
 -2.50736699  1.78907374  1.03427411 -0.29185851 -2.47720515  1.43098428
 -1.04394869 -3.04762259 -0.04720646  1.89751441 -2.70128422 -2.36816643
  1.8761205   1.02966935 -0.62617426 -0.49631229 -0.92140432  1.96405154
  0.47262599 -0.3562237   0.40183348 -2.26662781  1.2613649  -0.15330672
  2.40236023  1.23319348  2.87809376 -1.05734042  2.1017131  -0.42989588
 -3.26841287  2.2032209   0.81147325  1.92881238 -1.28919754  1.4391071
 -2.12172164  0.20898523  0.0830355  -2.79059304 -0.90191356 -2.39307467
  0.07227512 -0.56898894]
Sat May 25 17:02:03 2024,465,0.09593800757539302,[-4.65845717  2.36664331 -1.84106382 -0.12409811  0.18672715 -2.68764865
  3.012831    2.10571268  1.45518626 -0.92535845  0.61239892  1.09170313
  1.13209984 -1.54196469  0.77712839  2.80621596 -0.79815364 -0.63691895
 -1.75472109  0.60195638  1.6765704   2.99185758 -1.20875596 -0.31571154
 -2.42357593 -2.33803564  2.99457852  2.76322774 -0.54433541 -2.36481137
  1.48280961 -0.05850812 -2.31787171  2.09556161  1.28953924 -0.63853821
  0.84777344 -2.31880656 -0.02589729  2.15333103 -0.16394119  0.38886766
  2.71395725  1.04622233  2.46285408  3.16174647  2.64140795 -2.93932965
  0.26537352 -0.81572839  1.75888609  2.86399305 -0.51094949 -2.31763264
  2.78737043 -3.21076701  0.79394581 -0.63487879 -1.74135798  2.69818361
 -1.80955281 -1.58813092 -2.30391249  2.18800739 -2.45128486  2.13559527
  2.07465225  1.53540674  2.38308404  2.8047464   1.64885892  1.20012648
 -1.51324302 -2.22927242  1.47130084  0.71194306  1.31361734 -3.01402339
 -0.37770481  2.51831648 -1.03585356  1.28751685  1.48329306  0.54455193
 -0.83302271  1.11514504  0.66824294 -0.38370189  2.80473719 -1.99307022
  1.53804274 -0.48681108  1.09033954 -2.84976409 -2.45832035  0.45772986
 -1.16150574 -0.49457818  0.36531576 -0.11126808 -1.65032579 -0.04117072
 -0.85970509  2.81181081 -1.06239855 -1.38013675 -0.94883308  1.0779682
  1.85224932 -0.69616456  1.97232762 -2.19417568 -0.34727923 -0.73251545
 -2.89008026  3.1648025  -1.63194661  3.13522621 -1.26602521 -2.70847822
  3.3621718  -1.23322208 -0.77649741 -2.88407634 -2.7172052   2.54564104
 -2.13655143 -2.04712398 -0.18155122  3.14998812  0.24664407  0.2138472
 -1.25020401 -0.67764    -1.73377229 -3.03024875  2.87032612  1.2355088
 -0.48570806 -2.18838765  1.10970949 -1.10585828 -0.49042674 -2.73953915
 -2.06517142  1.86555026 -0.87381265  2.62185266 -0.45419712 -2.67151429
 -2.82019614  2.2618266  -3.1442335  -0.44536999 -1.0023478  -0.24660783
  2.34754303  1.84025392  0.01820638 -2.55288822 -2.65892169  0.24436821
 -0.76666501  1.24524366 -2.62770958  1.12505146 -0.38397944  0.42076436
  1.91903373  0.4581196   0.6507445  -1.27156711  1.79160898  2.93982637
  0.99594007  0.22180325 -1.14181163  2.42278977  0.72674112 -1.90977605
 -0.05037683  1.87092186  0.98664633 -1.08002972 -2.30130917  2.22238442
  2.00398569  1.92832259  2.29723365  1.91578585 -1.66121651 -3.1038952
  0.42852322  1.34475978 -2.26275754 -1.1258341   2.3118371   1.39294852
 -0.27195643 -1.84442534 -1.64823931  1.9652829   1.30723791 -1.01188259
 -0.23075368 -0.69309062 -0.30338826  2.30245907 -0.66193877 -0.93534232
  0.77590776 -2.35268659  0.59026628  2.7842271  -0.35243023  2.04722451
 -1.86126323 -1.35336752 -2.59736796 -2.42273121 -1.50153368 -3.02896536
  2.01620225  1.78191216  1.58151591  1.12533326  1.58819662 -2.44421684
 -2.50736731  1.78907343  1.03427443 -0.29185882 -2.47720483  1.43098396
 -1.043949   -3.04762291 -0.04720614  1.8975141  -2.7012839  -2.36816674
  1.87612019  1.02966966 -0.62617457 -0.49631198 -0.92140464  1.96405185
  0.4726263  -0.35622339  0.40183316 -2.2666275   1.26136522 -0.15330703
  2.40235992  1.23319317  2.87809345 -1.0573401   2.10171341 -0.42989557
 -3.26841319  2.20322059  0.81147294  1.92881206 -1.28919722  1.43910742
 -2.12172132  0.20898555  0.08303582 -2.79059336 -0.90191388 -2.39307436
  0.07227543 -0.56898863]
Sat May 25 17:02:26 2024,466,0.09593800755191262,[-4.65845747  2.36664362 -1.84106352 -0.12409841  0.18672684 -2.68764895
  3.0128307   2.10571238  1.45518657 -0.92535876  0.61239923  1.09170344
  1.13209953 -1.54196438  0.7771287   2.80621565 -0.79815333 -0.63691925
 -1.75472078  0.60195607  1.67657071  2.99185727 -1.20875627 -0.31571185
 -2.42357624 -2.33803533  2.99457822  2.76322743 -0.54433511 -2.36481106
  1.48280992 -0.05850781 -2.31787201  2.09556192  1.28953954 -0.63853851
  0.84777375 -2.31880625 -0.02589698  2.15333072 -0.1639415   0.38886797
  2.71395756  1.04622203  2.46285438  3.16174677  2.64140764 -2.93932996
  0.26537383 -0.81572809  1.75888578  2.86399274 -0.51094979 -2.31763234
  2.78737013 -3.21076732  0.79394551 -0.63487909 -1.74135768  2.6981833
 -1.8095525  -1.58813123 -2.3039128   2.18800708 -2.45128517  2.13559558
  2.07465194  1.53540705  2.38308373  2.80474671  1.64885861  1.20012679
 -1.51324332 -2.22927273  1.47130114  0.71194275  1.31361704 -3.01402308
 -0.37770451  2.51831679 -1.03585386  1.28751655  1.48329275  0.54455223
 -0.83302302  1.11514473  0.66824325 -0.38370158  2.80473688 -1.99307052
  1.53804305 -0.48681077  1.09033923 -2.84976439 -2.45832065  0.45773017
 -1.16150544 -0.49457849  0.36531607 -0.11126777 -1.6503261  -0.04117103
 -0.85970479  2.81181051 -1.06239886 -1.38013645 -0.94883277  1.07796789
  1.85224902 -0.69616486  1.97232732 -2.19417537 -0.34727892 -0.73251576
 -2.89007995  3.16480281 -1.63194631  3.13522591 -1.2660249  -2.70847791
  3.36217211 -1.23322177 -0.7764971  -2.88407603 -2.7172055   2.54564074
 -2.13655174 -2.04712428 -0.18155091  3.14998781  0.24664437  0.21384751
 -1.25020431 -0.6776403  -1.7337726  -3.03024906  2.87032643  1.23550849
 -0.48570776 -2.18838734  1.1097098  -1.10585798 -0.49042705 -2.73953945
 -2.06517111  1.86554995 -0.87381234  2.62185235 -0.45419682 -2.67151398
 -2.82019583  2.26182691 -3.1442338  -0.44536968 -1.00234811 -0.24660814
  2.34754273  1.84025423  0.01820608 -2.55288792 -2.65892139  0.2443679
 -0.7666647   1.24524335 -2.62770927  1.12505177 -0.38397913  0.42076405
  1.91903342  0.45811929  0.65074419 -1.27156681  1.79160929  2.93982667
  0.99594038  0.22180294 -1.14181132  2.42278946  0.72674143 -1.90977574
 -0.05037713  1.87092155  0.98664663 -1.08002941 -2.30130887  2.22238473
  2.00398599  1.92832228  2.29723334  1.91578554 -1.6612162  -3.10389489
  0.42852291  1.34475948 -2.26275723 -1.1258344   2.31183741  1.39294821
 -0.27195612 -1.84442503 -1.64823901  1.96528321  1.30723822 -1.0118829
 -0.23075399 -0.69309032 -0.30338857  2.30245938 -0.66193908 -0.93534201
  0.77590807 -2.3526869   0.59026597  2.78422741 -0.35242993  2.0472242
 -1.86126354 -1.35336721 -2.59736827 -2.42273152 -1.50153337 -3.02896567
  2.01620194  1.78191185  1.58151622  1.12533357  1.58819631 -2.44421654
 -2.50736761  1.78907312  1.03427412 -0.29185913 -2.47720453  1.43098366
 -1.0439487  -3.0476226  -0.04720584  1.89751379 -2.7012836  -2.36816705
  1.87611988  1.02966936 -0.62617426 -0.49631167 -0.92140494  1.96405154
  0.47262599 -0.35622308  0.40183286 -2.26662781  1.26136552 -0.15330734
  2.40236023  1.23319347  2.87809314 -1.05734041  2.10171311 -0.42989588
 -3.26841349  2.20322028  0.81147263  1.92881176 -1.28919692  1.43910711
 -2.12172102  0.20898524  0.08303551 -2.79059305 -0.90191357 -2.39307467
  0.07227574 -0.56898832]
Sat May 25 17:03:16 2024,467,0.09593800752899248,[-4.65845778  2.36664332 -1.84106321 -0.12409811  0.18672654 -2.68764925
  3.0128304   2.10571208  1.45518687 -0.92535906  0.61239893  1.09170314
  1.13209923 -1.54196408  0.77712839  2.80621535 -0.79815303 -0.63691955
 -1.75472048  0.60195577  1.67657101  2.99185757 -1.20875657 -0.31571154
 -2.42357593 -2.33803503  2.99457852  2.76322773 -0.54433541 -2.36481136
  1.48280962 -0.05850812 -2.31787171  2.09556222  1.28953985 -0.63853882
  0.84777345 -2.31880655 -0.02589729  2.15333103 -0.1639412   0.38886766
  2.71395726  1.04622172  2.46285408  3.16174707  2.64140734 -2.93932966
  0.26537413 -0.81572779  1.75888548  2.86399304 -0.5109501  -2.31763204
  2.78736983 -3.21076702  0.79394521 -0.6348794  -1.74135798  2.698183
 -1.80955281 -1.58813093 -2.3039131   2.18800739 -2.45128547  2.13559588
  2.07465164  1.53540675  2.38308343  2.80474701  1.64885831  1.20012709
 -1.51324363 -2.22927303  1.47130084  0.71194306  1.31361673 -3.01402338
 -0.37770421  2.51831709 -1.03585356  1.28751685  1.48329305  0.54455253
 -0.83302332  1.11514443  0.66824294 -0.38370188  2.80473718 -1.99307022
  1.53804335 -0.48681108  1.09033893 -2.84976469 -2.45832095  0.45773047
 -1.16150514 -0.49457879  0.36531576 -0.11126807 -1.6503264  -0.04117133
 -0.85970509  2.81181081 -1.06239856 -1.38013614 -0.94883308  1.0779682
  1.85224872 -0.69616517  1.97232762 -2.19417567 -0.34727922 -0.73251545
 -2.89008025  3.16480311 -1.63194601  3.1352256  -1.2660252  -2.70847821
  3.36217241 -1.23322147 -0.7764968  -2.88407633 -2.7172052   2.54564044
 -2.13655204 -2.04712398 -0.18155061  3.14998751  0.24664407  0.21384781
 -1.25020401 -0.6776406  -1.7337723  -3.03024936  2.87032613  1.23550819
 -0.48570745 -2.18838764  1.1097101  -1.10585768 -0.49042735 -2.73953915
 -2.06517081  1.86554965 -0.87381264  2.62185265 -0.45419652 -2.67151368
 -2.82019553  2.26182721 -3.1442335  -0.44536998 -1.00234841 -0.24660784
  2.34754303  1.84025393  0.01820638 -2.55288762 -2.65892108  0.2443676
 -0.7666644   1.24524305 -2.62770957  1.12505147 -0.38397883  0.42076435
  1.91903372  0.45811959  0.65074449 -1.27156711  1.79160899  2.93982637
  0.99594068  0.22180264 -1.14181162  2.42278977  0.72674113 -1.90977544
 -0.05037683  1.87092185  0.98664694 -1.08002911 -2.30130917  2.22238443
  2.0039863   1.92832198  2.29723304  1.91578524 -1.6612165  -3.10389459
  0.42852322  1.34475978 -2.26275693 -1.1258347   2.31183771  1.39294791
 -0.27195582 -1.84442533 -1.64823871  1.96528291  1.30723792 -1.0118832
 -0.23075429 -0.69309062 -0.30338827  2.30245908 -0.66193878 -0.93534171
  0.77590837 -2.3526872   0.59026627  2.78422771 -0.35242963  2.0472245
 -1.86126384 -1.35336751 -2.59736797 -2.42273182 -1.50153367 -3.02896537
  2.01620225  1.78191215  1.58151652  1.12533326  1.58819601 -2.44421623
 -2.50736731  1.78907282  1.03427442 -0.29185943 -2.47720483  1.43098396
 -1.0439484  -3.0476223  -0.04720614  1.89751409 -2.7012833  -2.36816675
  1.87611958  1.02966906 -0.62617456 -0.49631137 -0.92140524  1.96405184
  0.47262569 -0.35622278  0.40183256 -2.26662811  1.26136522 -0.15330704
  2.40236053  1.23319378  2.87809284 -1.05734071  2.10171281 -0.42989558
 -3.26841379  2.20322058  0.81147293  1.92881145 -1.28919722  1.43910741
 -2.12172072  0.20898554  0.08303581 -2.79059275 -0.90191387 -2.39307497
  0.07227604 -0.56898802]
Sat May 25 17:03:54 2024,468,0.09593800750661602,[-4.65845807  2.36664302 -1.84106351 -0.12409841  0.18672624 -2.68764896
  3.0128301   2.10571178  1.45518657 -0.92535877  0.61239863  1.09170343
  1.13209894 -1.54196437  0.77712869  2.80621505 -0.79815274 -0.63691985
 -1.75472078  0.60195607  1.67657131  2.99185728 -1.20875628 -0.31571184
 -2.42357623 -2.33803533  2.99457881  2.76322803 -0.54433511 -2.36481107
  1.48280932 -0.05850782 -2.31787201  2.09556192  1.28954014 -0.63853852
  0.84777374 -2.31880685 -0.02589699  2.15333132 -0.1639415   0.38886796
  2.71395696  1.04622143  2.46285379  3.16174678  2.64140704 -2.93932995
  0.26537384 -0.81572808  1.75888577  2.86399334 -0.51095039 -2.31763233
  2.78737012 -3.21076731  0.7939455  -0.6348791  -1.74135768  2.69818329
 -1.80955251 -1.58813063 -2.3039128   2.18800768 -2.45128576  2.13559617
  2.07465134  1.53540645  2.38308372  2.8047473   1.6488586   1.2001268
 -1.51324333 -2.22927332  1.47130114  0.71194335  1.31361644 -3.01402368
 -0.37770391  2.5183168  -1.03585386  1.28751714  1.48329276  0.54455224
 -0.83302362  1.11514414  0.66824265 -0.38370218  2.80473748 -1.99306993
  1.53804365 -0.48681078  1.09033863 -2.84976499 -2.45832125  0.45773018
 -1.16150543 -0.49457849  0.36531547 -0.11126837 -1.65032669 -0.04117162
 -0.85970479  2.81181051 -1.06239885 -1.38013585 -0.94883337  1.07796849
  1.85224842 -0.69616487  1.97232791 -2.19417597 -0.34727893 -0.73251516
 -2.89008055  3.16480341 -1.63194571  3.1352259  -1.26602549 -2.70847792
  3.36217271 -1.23322177 -0.77649709 -2.88407663 -2.7172055   2.54564014
 -2.13655174 -2.04712369 -0.18155031  3.1499878   0.24664378  0.21384751
 -1.25020372 -0.67764031 -1.733772   -3.03024907  2.87032642  1.2355079
 -0.48570775 -2.18838794  1.10971039 -1.10585738 -0.49042705 -2.73953945
 -2.06517052  1.86554936 -0.87381294  2.62185295 -0.45419681 -2.67151338
 -2.82019523  2.26182691 -3.1442338  -0.44537027 -1.00234812 -0.24660754
  2.34754273  1.84025422  0.01820608 -2.55288791 -2.65892138  0.24436789
 -0.7666647   1.24524276 -2.62770987  1.12505176 -0.38397912  0.42076465
  1.91903402  0.4581193   0.6507442  -1.27156681  1.79160928  2.93982608
  0.99594097  0.22180293 -1.14181192  2.42278947  0.72674083 -1.90977514
 -0.05037654  1.87092156  0.98664664 -1.0800294  -2.30130946  2.22238472
  2.00398659  1.92832227  2.29723275  1.91578495 -1.6612168  -3.10389488
  0.42852351  1.34476007 -2.26275722 -1.12583441  2.31183741  1.3929482
 -0.27195611 -1.84442504 -1.64823841  1.96528321  1.30723821 -1.0118829
 -0.23075458 -0.69309091 -0.30338856  2.30245878 -0.66193848 -0.93534201
  0.77590807 -2.3526869   0.59026657  2.78422741 -0.35242933  2.04722421
 -1.86126414 -1.35336781 -2.59736826 -2.42273152 -1.50153338 -3.02896508
  2.01620195  1.78191245  1.58151623  1.12533297  1.5881963  -2.44421653
 -2.50736702  1.78907312  1.03427472 -0.29185913 -2.47720453  1.43098425
 -1.0439481  -3.047622   -0.04720584  1.89751439 -2.70128359 -2.36816704
  1.87611928  1.02966935 -0.62617427 -0.49631108 -0.92140495  1.96405214
  0.4726254  -0.35622307  0.40183226 -2.2666284   1.26136493 -0.15330733
  2.40236023  1.23319407  2.87809313 -1.05734101  2.10171251 -0.42989587
 -3.2684135   2.20322029  0.81147264  1.92881116 -1.28919751  1.43910712
 -2.12172101  0.20898524  0.08303611 -2.79059245 -0.90191417 -2.39307467
  0.07227633 -0.56898773]
Sat May 25 17:04:30 2024,469,0.09593800748476941,[-4.65845836  2.36664331 -1.8410638  -0.1240987   0.18672653 -2.68764925
  3.01282981  2.10571207  1.45518686 -0.92535906  0.61239892  1.09170372
  1.13209922 -1.54196466  0.77712898  2.80621476 -0.79815303 -0.63691956
 -1.75472049  0.60195636  1.67657102  2.99185699 -1.20875599 -0.31571213
 -2.42357652 -2.33803562  2.99457852  2.76322774 -0.54433482 -2.36481136
  1.48280903 -0.05850811 -2.3178723   2.09556221  1.28953985 -0.63853881
  0.84777403 -2.31880656 -0.0258967   2.15333103 -0.16394179  0.38886825
  2.71395725  1.04622172  2.46285408  3.16174649  2.64140676 -2.93933024
  0.26537355 -0.81572837  1.75888606  2.86399305 -0.51095068 -2.31763262
  2.78736983 -3.2107676   0.79394521 -0.63487881 -1.74135797  2.698183
 -1.8095528  -1.58813034 -2.30391251  2.18800797 -2.45128548  2.13559646
  2.07465105  1.53540674  2.38308401  2.80474759  1.64885889  1.20012709
 -1.51324362 -2.22927361  1.47130085  0.71194364  1.31361673 -3.01402339
 -0.37770362  2.51831651 -1.03585415  1.28751743  1.48329247  0.54455195
 -0.83302333  1.11514443  0.66824236 -0.38370189  2.80473777 -1.99306964
  1.53804394 -0.48681049  1.09033892 -2.8497647  -2.45832154  0.45773047
 -1.16150514 -0.4945782   0.36531518 -0.11126865 -1.65032698 -0.04117191
 -0.8597045   2.8118108  -1.06239856 -1.38013614 -0.94883366  1.07796878
  1.85224813 -0.69616458  1.9723282  -2.19417568 -0.34727922 -0.73251487
 -2.89008026  3.1648037  -1.63194542  3.13522619 -1.26602521 -2.70847763
  3.362173   -1.23322206 -0.77649738 -2.88407634 -2.71720579  2.54564043
 -2.13655203 -2.04712398 -0.1815506   3.14998809  0.24664407  0.2138478
 -1.25020343 -0.67764002 -1.73377171 -3.03024936  2.87032671  1.23550819
 -0.48570746 -2.18838765  1.10971068 -1.10585709 -0.49042676 -2.73953974
 -2.06517023  1.86554907 -0.87381323  2.62185324 -0.4541971  -2.67151367
 -2.82019552  2.2618272  -3.14423409 -0.44536999 -1.00234841 -0.24660725
  2.34754302  1.84025393  0.01820579 -2.5528882  -2.65892167  0.24436818
 -0.76666499  1.24524247 -2.62771016  1.12505205 -0.38397883  0.42076494
  1.91903431  0.45811901  0.65074449 -1.2715671   1.79160957  2.93982637
  0.99594068  0.22180322 -1.14181163  2.42278918  0.72674054 -1.90977485
 -0.05037625  1.87092185  0.98664693 -1.08002969 -2.30130917  2.22238501
  2.0039863   1.92832198  2.29723246  1.91578524 -1.66121651 -3.10389517
  0.42852322  1.34475978 -2.26275693 -1.1258347   2.3118377   1.39294791
 -0.27195583 -1.84442475 -1.6482387   1.96528292  1.3072385  -1.01188319
 -0.23075487 -0.6930912  -0.30338885  2.30245907 -0.66193877 -0.9353423
  0.77590836 -2.35268719  0.59026628  2.7842277  -0.35242904  2.04722392
 -1.86126443 -1.3533681  -2.59736855 -2.42273123 -1.50153309 -3.02896479
  2.01620224  1.78191274  1.58151652  1.12533326  1.58819601 -2.44421624
 -2.50736673  1.78907341  1.03427443 -0.29185942 -2.47720424  1.43098396
 -1.04394839 -3.04762171 -0.04720555  1.8975141  -2.7012833  -2.36816733
  1.87611957  1.02966906 -0.62617398 -0.49631137 -0.92140524  1.96405185
  0.47262511 -0.35622336  0.40183255 -2.26662811  1.26136464 -0.15330704
  2.40236052  1.23319436  2.87809284 -1.05734072  2.10171222 -0.42989558
 -3.26841321  2.20322     0.81147235  1.92881145 -1.28919722  1.43910683
 -2.1217213   0.20898553  0.0830364  -2.79059216 -0.90191446 -2.39307496
  0.07227662 -0.56898744]
Sat May 25 17:05:03 2024,470,0.09593800746343631,[-4.65845864  2.3666436  -1.84106352 -0.12409841  0.18672625 -2.68764896
  3.0128301   2.10571235  1.45518715 -0.92535934  0.61239921  1.09170401
  1.13209894 -1.54196438  0.7771287   2.80621448 -0.79815331 -0.63691928
 -1.75472077  0.60195607  1.67657073  2.99185671 -1.2087557  -0.31571241
 -2.4235768  -2.3380359   2.99457881  2.76322745 -0.54433511 -2.36481164
  1.48280932 -0.05850783 -2.31787258  2.0955625   1.28953957 -0.63853909
  0.84777375 -2.31880627 -0.02589698  2.15333075 -0.16394207  0.38886853
  2.71395697  1.046222    2.46285379  3.16174677  2.64140704 -2.93932996
  0.26537383 -0.81572865  1.75888635  2.86399276 -0.5109504  -2.31763291
  2.78737012 -3.21076789  0.79394493 -0.63487853 -1.74135826  2.69818272
 -1.80955252 -1.58813063 -2.3039128   2.18800769 -2.45128519  2.13559618
  2.07465077  1.53540703  2.3830843   2.80474731  1.64885918  1.2001268
 -1.5132439  -2.2292739   1.47130113  0.71194336  1.31361701 -3.01402311
 -0.3777039   2.51831679 -1.03585443  1.28751715  1.48329275  0.54455167
 -0.83302304  1.11514471  0.66824264 -0.3837016   2.80473805 -1.99306935
  1.53804422 -0.48681077  1.09033864 -2.84976442 -2.45832182  0.45773075
 -1.16150486 -0.49457792  0.36531546 -0.11126837 -1.6503267  -0.04117163
 -0.85970479  2.81181052 -1.06239828 -1.38013585 -0.94883338  1.0779685
  1.85224841 -0.69616486  1.97232792 -2.19417596 -0.34727893 -0.73251515
 -2.89007997  3.16480341 -1.6319457   3.13522647 -1.26602492 -2.70847791
  3.36217328 -1.23322234 -0.7764971  -2.88407606 -2.71720607  2.54564071
 -2.13655175 -2.04712426 -0.18155032  3.14998838  0.24664435  0.21384809
 -1.25020314 -0.6776403  -1.73377143 -3.03024907  2.87032643  1.23550847
 -0.48570718 -2.18838736  1.1097104  -1.10585737 -0.49042648 -2.73954002
 -2.06516994  1.86554878 -0.87381295  2.62185352 -0.45419682 -2.67151396
 -2.82019581  2.26182692 -3.14423437 -0.4453697  -1.00234869 -0.24660697
  2.34754274  1.84025365  0.01820551 -2.55288848 -2.65892139  0.2443679
 -0.7666647   1.24524218 -2.62770987  1.12505234 -0.38397855  0.42076522
  1.91903459  0.45811872  0.65074477 -1.27156739  1.79160929  2.93982608
  0.99594097  0.22180294 -1.14181135  2.4227889   0.72674026 -1.90977457
 -0.05037596  1.87092156  0.98664721 -1.08002941 -2.30130889  2.22238473
  2.00398659  1.92832227  2.29723217  1.91578552 -1.66121679 -3.10389546
  0.42852351  1.34476007 -2.26275665 -1.12583498  2.31183742  1.3929482
 -0.27195611 -1.84442446 -1.64823842  1.96528263  1.30723879 -1.01188291
 -0.23075459 -0.69309092 -0.30338857  2.30245879 -0.66193906 -0.93534258
  0.77590808 -2.35268691  0.59026656  2.78422799 -0.35242932  2.04722363
 -1.86126414 -1.35336781 -2.59736827 -2.42273152 -1.5015328  -3.0289645
  2.01620196  1.78191302  1.5815168   1.12533297  1.5881963  -2.44421652
 -2.50736644  1.78907312  1.03427471 -0.29185914 -2.47720396  1.43098368
 -1.04394811 -3.04762143 -0.04720527  1.89751381 -2.70128359 -2.36816762
  1.87611929  1.02966878 -0.62617369 -0.49631165 -0.92140552  1.96405213
  0.47262482 -0.35622365  0.40183283 -2.2666284   1.26136492 -0.15330676
  2.40236024  1.23319464  2.87809313 -1.05734043  2.1017125  -0.42989587
 -3.26841292  2.20322028  0.81147263  1.92881173 -1.28919751  1.43910654
 -2.12172158  0.20898582  0.08303668 -2.79059188 -0.90191417 -2.39307468
  0.07227634 -0.56898772]
Sat May 25 17:05:39 2024,471,0.09593800744260211,[-4.65845892  2.36664388 -1.84106379 -0.12409814  0.18672597 -2.68764924
  3.01283037  2.10571263  1.45518743 -0.92535906  0.61239893  1.09170428
  1.13209866 -1.54196466  0.77712842  2.80621476 -0.79815359 -0.63691955
 -1.75472105  0.60195635  1.67657045  2.99185698 -1.20875598 -0.31571269
 -2.42357708 -2.33803562  2.99457853  2.76322718 -0.54433483 -2.36481192
  1.4828096  -0.0585081  -2.31787286  2.09556222  1.28953985 -0.63853882
  0.84777347 -2.318806   -0.02589726  2.15333103 -0.16394179  0.38886826
  2.71395725  1.04622172  2.46285351  3.16174705  2.64140732 -2.93933024
  0.26537355 -0.81572893  1.75888663  2.86399304 -0.51095068 -2.31763318
  2.78736984 -3.21076817  0.79394465 -0.63487881 -1.74135854  2.698183
 -1.80955224 -1.58813091 -2.30391307  2.18800741 -2.45128547  2.13559646
  2.07465105  1.53540731  2.38308458  2.80474759  1.64885946  1.20012708
 -1.51324418 -2.22927362  1.47130085  0.71194308  1.31361729 -3.01402283
 -0.37770363  2.51831707 -1.03585415  1.28751743  1.48329247  0.54455194
 -0.83302276  1.11514443  0.66824237 -0.38370188  2.80473777 -1.99306963
  1.5380445  -0.48681105  1.09033836 -2.84976469 -2.4583221   0.45773047
 -1.16150514 -0.49457764  0.36531574 -0.11126865 -1.65032698 -0.04117191
 -0.85970507  2.81181024 -1.06239856 -1.38013613 -0.9488331   1.07796822
  1.85224814 -0.69616459  1.97232764 -2.19417568 -0.34727866 -0.73251543
 -2.89008025  3.16480369 -1.63194543  3.13522675 -1.2660252  -2.70847819
  3.36217356 -1.23322262 -0.77649682 -2.88407633 -2.71720579  2.54564099
 -2.13655147 -2.04712398 -0.18155004  3.14998866  0.24664407  0.21384781
 -1.25020342 -0.67764058 -1.73377115 -3.03024879  2.87032671  1.23550875
 -0.4857069  -2.18838709  1.10971068 -1.10585765 -0.49042676 -2.73953974
 -2.06516966  1.86554906 -0.87381267  2.62185324 -0.4541971  -2.67151368
 -2.82019553  2.2618272  -3.14423465 -0.44536998 -1.00234897 -0.24660725
  2.34754246  1.84025337  0.01820579 -2.55288876 -2.65892166  0.24436762
 -0.76666498  1.24524246 -2.62770959  1.12505206 -0.38397827  0.4207655
  1.91903432  0.45811844  0.65074449 -1.27156711  1.79160957  2.93982636
  0.99594125  0.22180266 -1.14181107  2.42278862  0.72673998 -1.90977485
 -0.05037624  1.87092184  0.98664749 -1.08002913 -2.30130861  2.22238445
  2.00398686  1.92832255  2.2972319   1.9157858  -1.66121707 -3.10389574
  0.42852323  1.34475979 -2.26275637 -1.1258347   2.31183714  1.39294792
 -0.27195583 -1.84442418 -1.64823814  1.96528235  1.30723851 -1.01188319
 -0.23075487 -0.69309064 -0.30338885  2.30245907 -0.66193934 -0.9353423
  0.77590836 -2.35268719  0.59026684  2.78422826 -0.3524296   2.04722391
 -1.86126442 -1.35336809 -2.59736799 -2.42273179 -1.50153308 -3.02896478
  2.01620168  1.78191274  1.58151708  1.12533325  1.58819602 -2.4442168
 -2.50736616  1.7890734   1.03427443 -0.29185942 -2.47720424  1.43098396
 -1.04394783 -3.04762171 -0.04720499  1.89751409 -2.70128331 -2.36816734
  1.87611957  1.0296685  -0.62617342 -0.49631193 -0.9214058   1.96405186
  0.47262454 -0.35622393  0.40183256 -2.26662812  1.26136464 -0.15330648
  2.40236052  1.23319492  2.87809285 -1.05734071  2.10171278 -0.42989559
 -3.26841265  2.20322     0.81147235  1.92881145 -1.28919723  1.43910626
 -2.12172186  0.20898554  0.0830364  -2.7905916  -0.90191389 -2.3930744
  0.07227662 -0.56898744]
Sat May 25 17:06:12 2024,472,0.09593800742225383,[-4.6584592   2.36664415 -1.84106407 -0.12409841  0.18672624 -2.68764952
  3.01283065  2.10571236  1.45518715 -0.92535934  0.6123992   1.09170401
  1.13209894 -1.54196439  0.77712814  2.80621503 -0.79815386 -0.63691983
 -1.75472078  0.60195662  1.67657018  2.99185726 -1.20875626 -0.31571242
 -2.42357681 -2.33803535  2.99457826  2.76322745 -0.5443351  -2.36481219
  1.48280932 -0.05850783 -2.31787259  2.09556194  1.28954012 -0.63853854
  0.84777374 -2.31880627 -0.02589699  2.15333075 -0.16394206  0.38886798
  2.71395697  1.046222    2.46285324  3.16174678  2.64140759 -2.93932996
  0.26537383 -0.81572866  1.7588869   2.86399277 -0.5109504  -2.31763346
  2.78737011 -3.21076789  0.79394438 -0.63487853 -1.74135881  2.69818272
 -1.80955251 -1.58813063 -2.3039128   2.18800768 -2.45128574  2.13559618
  2.07465132  1.53540758  2.38308485  2.80474786  1.64885918  1.20012681
 -1.51324391 -2.22927389  1.47130113  0.71194335  1.31361702 -3.01402255
 -0.3777039   2.51831734 -1.03585443  1.2875177   1.4832922   0.54455167
 -0.83302304  1.11514416  0.66824209 -0.38370215  2.80473805 -1.9930699
  1.53804477 -0.48681078  1.09033809 -2.84976442 -2.45832238  0.45773075
 -1.16150541 -0.49457737  0.36531547 -0.11126892 -1.65032725 -0.04117163
 -0.85970534  2.81181051 -1.06239828 -1.38013641 -0.94883337  1.07796849
  1.85224841 -0.69616431  1.97232791 -2.19417596 -0.34727838 -0.73251571
 -2.89008053  3.16480342 -1.6319457   3.13522648 -1.26602493 -2.70847846
  3.36217383 -1.23322289 -0.77649655 -2.88407661 -2.71720552  2.54564127
 -2.1365512  -2.04712426 -0.18155031  3.14998838  0.24664435  0.21384754
 -1.25020369 -0.67764031 -1.73377088 -3.03024907  2.87032698  1.23550848
 -0.48570717 -2.18838736  1.10971095 -1.10585738 -0.49042649 -2.73953947
 -2.06516994  1.86554879 -0.87381239  2.62185352 -0.45419682 -2.67151341
 -2.82019526  2.26182692 -3.14423492 -0.44536971 -1.00234924 -0.24660752
  2.34754273  1.8402531   0.01820551 -2.55288904 -2.65892194  0.24436789
 -0.76666471  1.24524219 -2.62770932  1.12505178 -0.383978    0.42076578
  1.91903404  0.45811872  0.65074477 -1.27156684  1.79160984  2.93982609
  0.99594097  0.22180293 -1.14181134  2.42278889  0.72674025 -1.90977458
 -0.05037651  1.87092211  0.98664722 -1.08002886 -2.30130834  2.22238472
  2.00398659  1.92832282  2.29723162  1.91578607 -1.6612168  -3.10389601
  0.4285235   1.34475952 -2.26275664 -1.12583498  2.31183686  1.39294765
 -0.27195556 -1.84442391 -1.64823786  1.96528263  1.30723878 -1.01188346
 -0.23075514 -0.69309037 -0.30338912  2.30245934 -0.66193906 -0.93534258
  0.77590863 -2.35268746  0.59026711  2.78422799 -0.35242988  2.04722419
 -1.86126415 -1.35336782 -2.59736771 -2.42273152 -1.50153281 -3.02896505
  2.01620195  1.78191247  1.58151681  1.12533298  1.58819574 -2.44421653
 -2.50736644  1.78907368  1.03427416 -0.29185914 -2.47720396  1.43098368
 -1.04394755 -3.04762198 -0.04720526  1.89751437 -2.70128303 -2.36816761
  1.87611984  1.02966823 -0.62617369 -0.49631166 -0.92140553  1.96405213
  0.47262427 -0.3562242   0.40183283 -2.26662839  1.26136491 -0.15330675
  2.40236024  1.2331952   2.87809312 -1.05734099  2.10171251 -0.42989531
 -3.26841292  2.20322028  0.81147262  1.92881118 -1.2891975   1.43910654
 -2.12172214  0.20898527  0.08303667 -2.79059187 -0.90191417 -2.39307467
  0.07227689 -0.56898717]
Sat May 25 17:07:03 2024,473,0.09593800740237748,[-4.65845946  2.36664388 -1.84106434 -0.12409814  0.18672597 -2.68764925
  3.01283038  2.10571263  1.45518689 -0.92535907  0.61239947  1.09170374
  1.13209867 -1.54196412  0.77712841  2.80621476 -0.79815413 -0.6369201
 -1.75472104  0.60195689  1.67656991  2.99185699 -1.20875599 -0.31571215
 -2.42357654 -2.33803508  2.99457799  2.76322718 -0.54433483 -2.36481246
  1.48280905 -0.0585081  -2.31787232  2.09556221  1.28954039 -0.63853881
  0.84777347 -2.318806   -0.02589672  2.15333102 -0.16394233  0.38886771
  2.71395724  1.04622173  2.46285351  3.16174705  2.64140732 -2.9393297
  0.26537409 -0.81572893  1.75888717  2.86399304 -0.51095013 -2.31763373
  2.78737038 -3.21076816  0.79394411 -0.6348788  -1.74135908  2.69818299
 -1.80955224 -1.58813037 -2.30391307  2.18800795 -2.45128601  2.13559645
  2.07465159  1.53540731  2.38308458  2.80474759  1.64885945  1.20012708
 -1.51324364 -2.22927362  1.4713014   0.71194308  1.31361675 -3.01402229
 -0.37770363  2.51831761 -1.03585469  1.28751797  1.48329247  0.54455194
 -0.83302277  1.11514389  0.66824182 -0.38370242  2.80473832 -1.99306964
  1.53804504 -0.48681105  1.09033782 -2.84976469 -2.45832211  0.45773101
 -1.16150568 -0.4945771   0.3653152  -0.11126919 -1.65032752 -0.04117136
 -0.85970561  2.81181025 -1.06239801 -1.38013614 -0.9488331   1.07796822
  1.85224814 -0.69616458  1.97232765 -2.19417569 -0.34727811 -0.73251597
 -2.89008079  3.16480315 -1.63194597  3.13522621 -1.26602466 -2.7084782
  3.36217357 -1.23322263 -0.77649682 -2.88407688 -2.71720579  2.545641
 -2.13655147 -2.04712452 -0.18155058  3.14998865  0.24664408  0.2138478
 -1.25020396 -0.67764058 -1.73377061 -3.0302488   2.87032725  1.23550821
 -0.48570744 -2.18838709  1.10971122 -1.10585711 -0.49042622 -2.73953974
 -2.06516967  1.86554906 -0.87381266  2.62185325 -0.45419655 -2.67151314
 -2.82019552  2.26182719 -3.14423466 -0.44536997 -1.00234951 -0.24660725
  2.34754247  1.84025283  0.01820525 -2.5528893  -2.65892167  0.24436816
 -0.76666444  1.24524192 -2.62770959  1.12505152 -0.38397773  0.42076551
  1.91903377  0.45811845  0.65074503 -1.27156657  1.79160957  2.93982582
  0.99594124  0.2218032  -1.14181161  2.42278862  0.72673999 -1.90977484
 -0.05037625  1.87092238  0.98664749 -1.08002913 -2.30130807  2.22238499
  2.00398632  1.92832255  2.29723189  1.9157858  -1.66121653 -3.10389628
  0.42852377  1.34475925 -2.26275638 -1.12583525  2.3118366   1.39294738
 -0.27195583 -1.84442364 -1.6482376   1.96528236  1.30723851 -1.01188319
 -0.23075487 -0.6930901  -0.30338885  2.30245961 -0.66193933 -0.93534284
  0.77590836 -2.35268773  0.59026738  2.78422772 -0.35242961  2.04722392
 -1.86126388 -1.35336755 -2.59736798 -2.42273125 -1.50153308 -3.02896532
  2.01620222  1.7819122   1.58151654  1.12533325  1.58819548 -2.44421626
 -2.50736671  1.78907394  1.03427389 -0.29185941 -2.4772037   1.43098342
 -1.04394782 -3.04762171 -0.04720553  1.8975141  -2.70128277 -2.36816734
  1.87612011  1.02966796 -0.62617396 -0.49631192 -0.9214058   1.96405186
  0.472624   -0.35622447  0.40183256 -2.26662812  1.26136518 -0.15330649
  2.40236051  1.23319493  2.87809286 -1.05734072  2.10171224 -0.42989505
 -3.26841265  2.20322001  0.81147236  1.92881091 -1.28919777  1.43910627
 -2.12172187  0.20898553  0.08303641 -2.79059161 -0.9019139  -2.3930744
  0.07227662 -0.56898744]
Sat May 25 17:07:26 2024,474,0.09593800738296028,[-4.65845973  2.36664362 -1.84106407 -0.1240984   0.18672571 -2.68764951
  3.01283064  2.10571289  1.45518662 -0.9253588   0.61239921  1.09170348
  1.13209893 -1.54196438  0.77712815  2.80621503 -0.79815439 -0.63691983
 -1.75472078  0.60195715  1.67656965  2.99185725 -1.20875572 -0.31571189
 -2.4235768  -2.33803534  2.99457825  2.76322744 -0.5443351  -2.36481273
  1.48280879 -0.05850784 -2.31787258  2.09556247  1.28954065 -0.63853907
  0.84777321 -2.31880626 -0.02589699  2.15333076 -0.16394207  0.38886798
  2.7139575   1.04622199  2.46285377  3.16174678  2.64140706 -2.93932996
  0.26537436 -0.81572867  1.75888743  2.86399277 -0.51094987 -2.31763399
  2.78737064 -3.21076842  0.79394384 -0.63487854 -1.74135881  2.69818326
 -1.8095525  -1.58813063 -2.30391333  2.18800821 -2.45128575  2.13559672
  2.07465133  1.53540757  2.38308484  2.80474733  1.64885919  1.20012734
 -1.5132439  -2.22927336  1.47130113  0.71194282  1.31361649 -3.01402202
 -0.37770389  2.51831787 -1.03585496  1.28751823  1.48329221  0.54455168
 -0.8330225   1.11514363  0.66824156 -0.38370269  2.80473858 -1.9930699
  1.53804531 -0.48681131  1.09033808 -2.84976495 -2.45832237  0.45773075
 -1.16150541 -0.49457736  0.36531494 -0.11126893 -1.65032725 -0.0411711
 -0.85970587  2.81180998 -1.06239775 -1.38013588 -0.94883337  1.07796796
  1.85224788 -0.69616484  1.97232738 -2.19417542 -0.34727838 -0.73251571
 -2.89008106  3.16480289 -1.63194623  3.13522595 -1.2660244  -2.70847846
  3.36217383 -1.23322236 -0.77649708 -2.88407661 -2.71720605  2.54564074
 -2.1365512  -2.04712479 -0.18155084  3.14998891  0.24664382  0.21384807
 -1.2502037  -0.67764084 -1.73377087 -3.03024906  2.87032699  1.23550794
 -0.4857077  -2.18838683  1.10971148 -1.10585685 -0.49042648 -2.73954
 -2.06516993  1.86554879 -0.87381293  2.62185351 -0.45419629 -2.67151287
 -2.82019526  2.26182693 -3.14423439 -0.44536971 -1.00234925 -0.24660699
  2.3475422   1.84025309  0.01820498 -2.55288904 -2.65892141  0.24436842
 -0.7666647   1.24524166 -2.62770933  1.12505125 -0.38397799  0.42076577
  1.91903404  0.45811871  0.6507453  -1.2715663   1.79160931  2.93982608
  0.99594098  0.22180294 -1.14181135  2.42278836  0.72674025 -1.90977511
 -0.05037598  1.87092212  0.98664775 -1.08002886 -2.30130781  2.22238473
  2.00398606  1.92832229  2.29723163  1.91578554 -1.66121679 -3.10389654
  0.42852351  1.34475899 -2.26275664 -1.12583551  2.31183686  1.39294712
 -0.27195609 -1.84442338 -1.64823786  1.96528262  1.30723825 -1.01188346
 -0.23075514 -0.69309036 -0.30338912  2.30245934 -0.66193907 -0.93534311
  0.7759081  -2.35268799  0.59026712  2.78422746 -0.35242987  2.04722418
 -1.86126414 -1.35336729 -2.59736772 -2.42273099 -1.50153281 -3.02896506
  2.01620196  1.78191194  1.5815168   1.12533299  1.58819521 -2.44421652
 -2.50736697  1.78907368  1.03427415 -0.29185915 -2.47720396  1.43098368
 -1.04394808 -3.04762198 -0.04720527  1.89751384 -2.7012825  -2.36816761
  1.87612037  1.02966769 -0.62617422 -0.49631219 -0.92140606  1.9640516
  0.47262374 -0.35622473  0.4018323  -2.26662786  1.26136492 -0.15330622
  2.40236025  1.23319519  2.87809259 -1.05734098  2.10171251 -0.42989531
 -3.26841239  2.20322027  0.81147209  1.92881065 -1.28919803  1.43910653
 -2.12172213  0.20898527  0.08303614 -2.79059134 -0.90191416 -2.39307467
  0.07227689 -0.56898717]
Sat May 25 17:07:50 2024,475,0.09593800736398893,[-4.65845999  2.36664388 -1.84106433 -0.12409866  0.18672597 -2.68764977
  3.01283038  2.10571263  1.45518688 -0.92535906  0.61239895  1.09170374
  1.13209867 -1.54196464  0.77712789  2.80621528 -0.79815414 -0.63692009
 -1.75472104  0.60195741  1.67656991  2.99185699 -1.20875598 -0.31571215
 -2.42357655 -2.3380356   2.99457851  2.76322719 -0.54433535 -2.36481298
  1.48280905 -0.05850809 -2.31787232  2.09556222  1.28954091 -0.63853881
  0.84777347 -2.31880601 -0.02589724  2.1533305  -0.16394233  0.38886772
  2.71395725  1.04622225  2.46285351  3.16174704  2.64140732 -2.93933022
  0.26537462 -0.81572892  1.75888769  2.86399251 -0.51094961 -2.31763425
  2.78737038 -3.21076868  0.79394359 -0.6348788  -1.74135856  2.698183
 -1.80955225 -1.58813089 -2.30391307  2.18800795 -2.45128601  2.13559697
  2.07465158  1.53540783  2.38308459  2.80474759  1.64885945  1.20012708
 -1.51324416 -2.2292731   1.47130139  0.71194256  1.31361623 -3.01402228
 -0.37770364  2.51831762 -1.0358547   1.28751849  1.48329195  0.54455142
 -0.83302225  1.11514337  0.6682413  -0.38370294  2.80473832 -1.99306964
  1.53804505 -0.48681157  1.09033782 -2.84976521 -2.45832211  0.45773101
 -1.16150567 -0.49457762  0.36531468 -0.11126919 -1.65032751 -0.04117084
 -0.85970561  2.81181024 -1.06239749 -1.38013562 -0.94883311  1.0779677
  1.85224762 -0.69616459  1.97232764 -2.19417568 -0.34727812 -0.73251545
 -2.89008132  3.16480263 -1.63194649  3.13522569 -1.26602414 -2.7084782
  3.36217357 -1.2332221  -0.77649682 -2.88407687 -2.71720579  2.54564048
 -2.13655094 -2.04712453 -0.18155059  3.14998866  0.24664407  0.21384833
 -1.25020396 -0.67764058 -1.73377061 -3.03024932  2.87032724  1.23550769
 -0.48570796 -2.18838709  1.10971122 -1.10585659 -0.49042622 -2.73954026
 -2.06516967  1.86554854 -0.87381267  2.62185325 -0.45419655 -2.67151262
 -2.820195    2.26182719 -3.14423413 -0.44536945 -1.00234951 -0.24660725
  2.34754246  1.84025283  0.01820524 -2.5528893  -2.65892115  0.24436817
 -0.76666444  1.2452414  -2.62770958  1.125051   -0.38397773  0.42076603
  1.91903378  0.45811845  0.65074555 -1.27156656  1.79160957  2.93982582
  0.99594072  0.22180268 -1.1418116   2.42278862  0.72673999 -1.90977536
 -0.05037573  1.87092186  0.98664749 -1.0800286  -2.30130755  2.22238499
  2.0039858   1.92832255  2.29723189  1.91578528 -1.66121705 -3.1038968
  0.42852325  1.34475873 -2.26275638 -1.12583577  2.3118366   1.39294737
 -0.27195583 -1.84442312 -1.6482376   1.96528236  1.30723851 -1.01188371
 -0.23075539 -0.6930901  -0.30338886  2.3024596  -0.66193933 -0.93534285
  0.77590836 -2.35268825  0.59026686  2.78422772 -0.35243013  2.04722444
 -1.86126388 -1.35336703 -2.59736798 -2.42273125 -1.50153307 -3.02896532
  2.01620221  1.78191168  1.58151706  1.12533324  1.58819547 -2.44421678
 -2.50736723  1.78907342  1.0342739  -0.29185889 -2.47720422  1.43098394
 -1.04394834 -3.04762172 -0.04720552  1.89751358 -2.70128276 -2.36816735
  1.87612012  1.02966744 -0.62617396 -0.49631193 -0.92140632  1.96405186
  0.47262348 -0.35622499  0.40183204 -2.2666276   1.26136466 -0.15330596
  2.40235999  1.23319545  2.87809285 -1.05734072  2.10171225 -0.42989557
 -3.26841265  2.20322001  0.81147184  1.92881091 -1.28919778  1.43910679
 -2.12172239  0.20898501  0.0830364  -2.7905916  -0.90191442 -2.39307441
  0.07227714 -0.56898743]
Sat May 25 17:08:21 2024,476,0.09593800734545115,[-4.65846024  2.36664362 -1.84106408 -0.12409892  0.18672572 -2.68764952
  3.01283064  2.10571289  1.45518713 -0.92535932  0.6123992   1.09170348
  1.13209842 -1.54196489  0.77712814  2.80621554 -0.79815388 -0.63691984
 -1.75472079  0.60195716  1.67657016  2.99185674 -1.20875624 -0.31571189
 -2.42357629 -2.33803585  2.99457826  2.76322744 -0.5443351  -2.36481324
  1.4828093  -0.05850784 -2.31787258  2.09556247  1.28954065 -0.63853856
  0.84777322 -2.31880575 -0.0258975   2.15333075 -0.16394207  0.38886747
  2.71395699  1.046222    2.46285377  3.1617473   2.64140757 -2.93933047
  0.26537487 -0.81572918  1.75888794  2.86399226 -0.51094987 -2.31763399
  2.78737013 -3.21076893  0.79394384 -0.63487905 -1.7413583   2.69818274
 -1.80955199 -1.58813063 -2.30391333  2.18800821 -2.45128626  2.13559672
  2.07465133  1.53540758  2.38308484  2.80474733  1.64885919  1.20012733
 -1.51324441 -2.22927336  1.47130164  0.71194282  1.31361598 -3.01402203
 -0.37770389  2.51831787 -1.03585495  1.28751874  1.48329169  0.54455167
 -0.8330225   1.11514312  0.66824156 -0.38370269  2.80473807 -1.99306989
  1.5380453  -0.48681182  1.09033757 -2.84976496 -2.45832186  0.45773076
 -1.16150542 -0.49457737  0.36531493 -0.11126893 -1.65032726 -0.0411711
 -0.85970536  2.81180999 -1.06239775 -1.38013587 -0.94883336  1.07796745
  1.85224737 -0.69616433  1.97232789 -2.19417543 -0.34727837 -0.73251571
 -2.89008157  3.16480288 -1.63194674  3.13522594 -1.26602388 -2.70847845
  3.36217332 -1.23322185 -0.77649707 -2.88407712 -2.71720554  2.54564073
 -2.1365512  -2.04712428 -0.18155084  3.1499884   0.24664382  0.21384807
 -1.25020421 -0.67764033 -1.73377087 -3.03024907  2.87032699  1.23550743
 -0.48570821 -2.18838683  1.10971148 -1.10585634 -0.49042597 -2.73954051
 -2.06516942  1.86554828 -0.87381241  2.62185351 -0.4541968  -2.67151236
 -2.82019475  2.26182744 -3.14423388 -0.4453692  -1.00234925 -0.246607
  2.34754271  1.84025258  0.01820549 -2.55288905 -2.6589209   0.24436791
 -0.7666647   1.24524165 -2.62770984  1.12505125 -0.38397748  0.42076578
  1.91903403  0.4581182   0.65074581 -1.27156681  1.79160982  2.93982557
  0.99594047  0.22180293 -1.14181186  2.42278836  0.72674024 -1.90977511
 -0.05037598  1.87092211  0.98664775 -1.08002835 -2.3013078   2.22238524
  2.00398555  1.92832229  2.29723214  1.91578554 -1.6612173  -3.10389655
  0.4285235   1.34475847 -2.26275613 -1.12583551  2.31183685  1.39294712
 -0.27195608 -1.84442287 -1.64823785  1.96528262  1.30723825 -1.01188397
 -0.23075565 -0.69309036 -0.30338861  2.30245986 -0.66193907 -0.9353431
  0.77590811 -2.352688    0.59026661  2.78422747 -0.35243038  2.04722469
 -1.86126414 -1.35336728 -2.59736772 -2.422731   -1.50153282 -3.02896557
  2.01620196  1.78191193  1.58151731  1.1253335   1.58819572 -2.44421653
 -2.50736697  1.78907368  1.03427415 -0.29185864 -2.47720396  1.43098368
 -1.0439486  -3.04762197 -0.04720578  1.89751383 -2.70128301 -2.3681676
  1.87612037  1.02966718 -0.62617371 -0.49631168 -0.92140606  1.9640516
  0.47262373 -0.35622473  0.40183229 -2.26662735  1.26136492 -0.15330571
  2.40235974  1.2331957   2.8780931  -1.05734047  2.10171199 -0.42989531
 -3.2684129   2.20322027  0.81147209  1.92881116 -1.28919803  1.43910704
 -2.12172264  0.20898476  0.08303665 -2.79059185 -0.90191467 -2.39307466
  0.07227689 -0.56898769]
Sat May 25 17:08:44 2024,477,0.09593800732733564,[-4.65846049  2.36664387 -1.84106383 -0.12409867  0.18672547 -2.68764976
  3.01283089  2.10571313  1.45518738 -0.92535956  0.61239945  1.09170373
  1.13209867 -1.54196464  0.77712839  2.80621578 -0.79815363 -0.63692009
 -1.75472054  0.60195741  1.67657041  2.99185649 -1.20875648 -0.31571164
 -2.42357604 -2.3380361   2.99457801  2.76322719 -0.54433485 -2.36481348
  1.48280955 -0.05850759 -2.31787282  2.09556272  1.2895409  -0.63853881
  0.84777297 -2.318806   -0.02589725  2.153331   -0.16394232  0.38886722
  2.71395724  1.04622225  2.46285402  3.16174754  2.64140732 -2.93933022
  0.26537512 -0.81572942  1.75888769  2.86399201 -0.51095011 -2.31763424
  2.78736988 -3.21076869  0.79394359 -0.6348793  -1.74135855  2.6981825
 -1.80955224 -1.58813039 -2.30391308  2.18800796 -2.45128651  2.13559697
  2.07465158  1.53540733  2.38308459  2.80474758  1.64885944  1.20012758
 -1.51324466 -2.2292736   1.47130139  0.71194257  1.31361622 -3.01402178
 -0.37770364  2.51831812 -1.0358552   1.28751899  1.48329145  0.54455142
 -0.83302225  1.11514287  0.6682418  -0.38370244  2.80473832 -1.99307014
  1.53804505 -0.48681157  1.09033732 -2.84976521 -2.45832211  0.45773051
 -1.16150567 -0.49457762  0.36531518 -0.11126918 -1.65032701 -0.04117135
 -0.85970561  2.81181024 -1.06239799 -1.38013612 -0.94883311  1.0779672
  1.85224762 -0.69616458  1.97232814 -2.19417518 -0.34727862 -0.73251546
 -2.89008182  3.16480313 -1.63194699  3.1352257  -1.26602413 -2.7084787
  3.36217307 -1.2332216  -0.77649683 -2.88407688 -2.71720529  2.54564048
 -2.13655145 -2.04712403 -0.18155059  3.14998815  0.24664357  0.21384782
 -1.25020396 -0.67764058 -1.73377062 -3.03024932  2.87032724  1.23550719
 -0.48570846 -2.18838659  1.10971173 -1.10585659 -0.49042622 -2.73954076
 -2.06516967  1.86554853 -0.87381266  2.62185326 -0.45419655 -2.67151212
 -2.8201945   2.26182769 -3.14423413 -0.44536895 -1.002349   -0.24660675
  2.34754296  1.84025283  0.01820574 -2.5528888  -2.65892114  0.24436816
 -0.76666445  1.2452414  -2.62771008  1.1250515  -0.38397773  0.42076553
  1.91903428  0.45811845  0.65074556 -1.27156706  1.79160957  2.93982532
  0.99594071  0.22180269 -1.14181161  2.42278812  0.72674049 -1.90977536
 -0.05037623  1.87092187  0.9866475  -1.0800286  -2.30130755  2.22238499
  2.0039853   1.92832205  2.29723189  1.91578578 -1.66121706 -3.1038963
  0.42852375  1.34475823 -2.26275638 -1.12583576  2.31183661  1.39294687
 -0.27195584 -1.84442312 -1.6482381   1.96528286  1.3072385  -1.01188372
 -0.2307559  -0.69309011 -0.30338836  2.3024601  -0.66193932 -0.93534335
  0.77590786 -2.35268825  0.59026685  2.78422722 -0.35243063  2.04722494
 -1.86126438 -1.35336703 -2.59736748 -2.42273124 -1.50153257 -3.02896532
  2.01620171  1.78191218  1.58151706  1.12533325  1.58819597 -2.44421628
 -2.50736722  1.78907392  1.0342744  -0.29185839 -2.47720371  1.43098393
 -1.04394835 -3.04762172 -0.04720603  1.89751408 -2.70128277 -2.36816735
  1.87612012  1.02966743 -0.62617346 -0.49631192 -0.92140631  1.96405185
  0.47262349 -0.35622498  0.40183254 -2.2666276   1.26136516 -0.15330546
  2.40235949  1.23319545  2.87809285 -1.05734022  2.10171175 -0.42989507
 -3.26841265  2.20322002  0.81147234  1.92881091 -1.28919828  1.43910729
 -2.12172289  0.20898501  0.0830369  -2.79059161 -0.90191442 -2.39307441
  0.07227664 -0.56898793]
Sat May 25 17:09:28 2024,478,0.09593800730963079,[-4.65846073  2.36664412 -1.84106359 -0.12409842  0.18672571 -2.68765001
  3.01283064  2.10571338  1.45518763 -0.92535932  0.61239969  1.09170349
  1.13209842 -1.54196489  0.77712815  2.80621603 -0.79815339 -0.63692033
 -1.75472078  0.60195765  1.67657065  2.99185674 -1.20875624 -0.3157114
 -2.42357629 -2.33803635  2.99457825  2.76322743 -0.5443351  -2.36481373
  1.48280931 -0.05850784 -2.31787307  2.09556247  1.28954115 -0.63853857
  0.84777321 -2.31880624 -0.025897    2.15333076 -0.16394257  0.38886746
  2.713957    1.04622249  2.46285426  3.1617473   2.64140708 -2.93932998
  0.26537487 -0.81572918  1.75888794  2.86399226 -0.51094987 -2.31763449
  2.78737013 -3.21076844  0.79394335 -0.63487954 -1.74135831  2.69818225
 -1.80955249 -1.58813063 -2.30391284  2.18800772 -2.45128626  2.13559721
  2.07465182  1.53540757  2.38308483  2.80474783  1.6488592   1.20012734
 -1.51324442 -2.22927385  1.47130115  0.71194281  1.31361647 -3.01402202
 -0.3777034   2.51831836 -1.03585544  1.28751924  1.48329169  0.54455118
 -0.83302201  1.11514311  0.66824205 -0.3837022   2.80473807 -1.9930699
  1.53804481 -0.48681133  1.09033708 -2.84976545 -2.45832235  0.45773075
 -1.16150542 -0.49457786  0.36531542 -0.11126894 -1.65032677 -0.04117159
 -0.85970536  2.81181048 -1.06239824 -1.38013636 -0.94883336  1.07796744
  1.85224737 -0.69616482  1.97232839 -2.19417542 -0.34727838 -0.7325157
 -2.89008206  3.16480337 -1.63194675  3.13522545 -1.26602438 -2.70847846
  3.36217283 -1.23322185 -0.77649707 -2.88407663 -2.71720505  2.54564073
 -2.13655169 -2.04712427 -0.18155083  3.14998791  0.24664382  0.21384807
 -1.25020372 -0.67764082 -1.73377038 -3.03024956  2.870327    1.23550743
 -0.4857087  -2.18838634  1.10971148 -1.10585683 -0.49042597 -2.739541
 -2.06516991  1.86554878 -0.87381291  2.6218535  -0.45419631 -2.67151187
 -2.82019426  2.26182793 -3.14423389 -0.4453692  -1.00234925 -0.2466065
  2.34754272  1.84025307  0.0182055  -2.55288904 -2.65892139  0.2443684
 -0.76666421  1.24524165 -2.62771033  1.12505125 -0.38397749  0.42076577
  1.91903404  0.45811869  0.6507458  -1.27156731  1.79160982  2.93982557
  0.99594047  0.22180244 -1.14181136  2.42278836  0.72674025 -1.90977512
 -0.05037598  1.87092211  0.98664774 -1.08002884 -2.30130731  2.22238475
  2.00398554  1.92832229  2.29723213  1.91578603 -1.66121681 -3.10389654
  0.42852351  1.34475847 -2.26275613 -1.12583601  2.31183636  1.39294663
 -0.27195608 -1.84442287 -1.64823835  1.96528262  1.30723875 -1.01188396
 -0.23075614 -0.69309035 -0.3033886   2.30246035 -0.66193908 -0.93534359
  0.77590761 -2.35268849  0.5902671   2.78422746 -0.35243039  2.04722518
 -1.86126414 -1.35336679 -2.59736723 -2.42273149 -1.50153233 -3.02896556
  2.01620147  1.78191194  1.58151731  1.12533349  1.58819573 -2.44421604
 -2.50736747  1.78907417  1.03427415 -0.29185815 -2.47720396  1.43098418
 -1.04394859 -3.04762148 -0.04720578  1.89751432 -2.70128301 -2.3681676
  1.87611988  1.02966719 -0.6261737  -0.49631217 -0.92140655  1.96405209
  0.47262373 -0.35622523  0.4018323  -2.26662735  1.26136541 -0.15330522
  2.40235925  1.2331957   2.87809261 -1.05733998  2.10171199 -0.42989531
 -3.26841241  2.20322026  0.81147258  1.92881116 -1.28919852  1.43910754
 -2.12172265  0.20898477  0.08303715 -2.79059185 -0.90191418 -2.39307417
  0.0722764  -0.56898769]
Sat May 25 17:10:09 2024,479,0.09593800729232524,[-4.65846097  2.36664435 -1.84106382 -0.12409866  0.18672547 -2.68764977
  3.01283088  2.10571362  1.45518739 -0.92535956  0.61239946  1.09170373
  1.13209819 -1.54196465  0.77712839  2.80621579 -0.79815315 -0.63692009
 -1.75472054  0.60195741  1.67657041  2.99185698 -1.208756   -0.31571116
 -2.42357653 -2.33803658  2.99457849  2.76322719 -0.54433486 -2.36481397
  1.48280907 -0.0585076  -2.31787331  2.09556271  1.28954091 -0.63853881
  0.84777297 -2.31880648 -0.02589724  2.15333052 -0.16394281  0.38886722
  2.71395724  1.04622273  2.46285402  3.16174754  2.64140684 -2.93932974
  0.26537463 -0.81572894  1.7588877   2.86399202 -0.51095011 -2.31763425
  2.78737036 -3.21076868  0.79394359 -0.6348793  -1.74135807  2.69818201
 -1.80955272 -1.58813087 -2.30391307  2.18800795 -2.45128602  2.13559697
  2.07465158  1.53540781  2.3830846   2.80474807  1.64885896  1.2001271
 -1.51324418 -2.22927409  1.47130091  0.71194257  1.31361671 -3.01402226
 -0.37770316  2.5183186  -1.03585568  1.287519    1.48329193  0.54455094
 -0.83302177  1.11514335  0.66824181 -0.38370196  2.80473783 -1.99307014
  1.53804505 -0.48681109  1.09033732 -2.84976569 -2.45832259  0.45773051
 -1.16150519 -0.49457762  0.36531519 -0.11126918 -1.65032701 -0.04117135
 -0.8597056   2.81181024 -1.06239848 -1.38013612 -0.94883312  1.07796768
  1.85224713 -0.69616459  1.97232863 -2.19417519 -0.34727814 -0.73251594
 -2.89008182  3.16480314 -1.63194698  3.13522521 -1.26602462 -2.7084787
  3.36217259 -1.23322209 -0.77649731 -2.88407639 -2.71720529  2.54564049
 -2.13655145 -2.04712403 -0.18155107  3.14998815  0.24664358  0.21384783
 -1.25020396 -0.67764058 -1.73377014 -3.0302498   2.87032724  1.23550767
 -0.48570846 -2.18838658  1.10971124 -1.10585659 -0.49042621 -2.73954124
 -2.06516967  1.86554854 -0.87381267  2.62185326 -0.45419607 -2.67151211
 -2.8201945   2.26182769 -3.14423413 -0.44536896 -1.00234901 -0.24660627
  2.34754296  1.84025283  0.01820574 -2.5528888  -2.65892115  0.24436817
 -0.76666444  1.24524189 -2.62771057  1.12505149 -0.38397725  0.42076553
  1.9190338   0.45811845  0.65074604 -1.27156707  1.79161006  2.93982533
  0.99594071  0.22180268 -1.1418116   2.4227886   0.72674001 -1.90977535
 -0.05037622  1.87092187  0.98664798 -1.0800286  -2.30130755  2.22238451
  2.00398531  1.92832253  2.29723189  1.91578579 -1.66121705 -3.10389678
  0.42852374  1.34475871 -2.26275589 -1.12583577  2.31183612  1.39294639
 -0.27195632 -1.84442264 -1.64823858  1.96528286  1.30723898 -1.01188372
 -0.2307559  -0.69309059 -0.30338836  2.30246011 -0.66193884 -0.93534335
  0.77590785 -2.35268825  0.59026734  2.7842277  -0.35243063  2.04722494
 -1.8612639  -1.35336655 -2.59736747 -2.42273173 -1.50153209 -3.02896533
  2.01620123  1.78191218  1.58151707  1.12533373  1.58819597 -2.4442158
 -2.5073677   1.78907441  1.03427392 -0.29185838 -2.4772042   1.43098394
 -1.04394835 -3.04762172 -0.04720602  1.89751408 -2.70128325 -2.36816784
  1.87611964  1.02966695 -0.62617394 -0.49631193 -0.92140679  1.96405233
  0.47262397 -0.35622547  0.40183254 -2.26662759  1.26136517 -0.15330498
  2.40235949  1.23319546  2.87809285 -1.05734022  2.10171175 -0.42989507
 -3.26841265  2.2032205   0.81147234  1.92881139 -1.28919876  1.43910777
 -2.12172289  0.208985    0.08303691 -2.79059161 -0.90191442 -2.39307393
  0.07227616 -0.56898793]
Sat May 25 17:10:37 2024,480,0.09593800727540744,[-4.6584612   2.36664412 -1.84106359 -0.1240989   0.18672524 -2.68764953
  3.01283112  2.10571338  1.45518762 -0.92535932  0.61239922  1.09170349
  1.13209795 -1.54196488  0.77712862  2.80621555 -0.79815339 -0.63692033
 -1.75472078  0.60195718  1.67657018  2.99185721 -1.20875624 -0.3157114
 -2.42357676 -2.33803635  2.99457872  2.76322696 -0.54433462 -2.3648142
  1.48280883 -0.05850783 -2.31787354  2.09556295  1.28954067 -0.63853857
  0.84777274 -2.31880672 -0.02589701  2.15333075 -0.16394304  0.38886746
  2.71395747  1.04622249  2.46285425  3.1617473   2.64140707 -2.93932997
  0.2653744  -0.81572871  1.75888746  2.86399178 -0.51095034 -2.31763401
  2.78737013 -3.21076845  0.79394382 -0.63487954 -1.74135783  2.69818225
 -1.80955249 -1.5881311  -2.30391331  2.18800819 -2.45128579  2.13559674
  2.07465182  1.53540805  2.38308483  2.8047483   1.64885872  1.20012686
 -1.51324395 -2.22927432  1.47130068  0.71194281  1.31361694 -3.0140225
 -0.37770292  2.51831836 -1.03585592  1.28751876  1.48329169  0.54455071
 -0.83302153  1.11514312  0.66824204 -0.38370219  2.80473807 -1.99307037
  1.53804528 -0.48681086  1.09033708 -2.84976592 -2.45832283  0.45773075
 -1.16150542 -0.49457739  0.36531542 -0.11126941 -1.65032724 -0.04117158
 -0.85970537  2.81181047 -1.06239824 -1.38013589 -0.94883288  1.07796745
  1.8522469  -0.69616435  1.97232839 -2.19417542 -0.3472779  -0.73251571
 -2.89008206  3.16480337 -1.63194722  3.13522545 -1.26602485 -2.70847893
  3.36217235 -1.23322185 -0.77649754 -2.88407616 -2.71720552  2.54564072
 -2.13655122 -2.04712427 -0.18155131  3.14998792  0.24664334  0.21384759
 -1.25020372 -0.67764035 -1.73377037 -3.03025003  2.870327    1.2355079
 -0.48570823 -2.18838635  1.10971148 -1.10585636 -0.49042598 -2.73954101
 -2.06516944  1.86554877 -0.87381243  2.62185303 -0.45419631 -2.67151235
 -2.82019473  2.26182793 -3.14423389 -0.44536919 -1.00234877 -0.24660603
  2.34754272  1.84025307  0.0182055  -2.55288904 -2.65892091  0.24436793
 -0.76666421  1.24524212 -2.6277108   1.12505126 -0.38397748  0.4207653
  1.91903403  0.45811869  0.65074628 -1.2715673   1.79161029  2.93982556
  0.99594094  0.22180245 -1.14181137  2.42278836  0.72674024 -1.90977512
 -0.05037646  1.8709221   0.98664821 -1.08002837 -2.30130778  2.22238474
  2.00398507  1.92832229  2.29723166  1.91578555 -1.66121682 -3.10389701
  0.42852351  1.34475894 -2.26275566 -1.12583553  2.31183636  1.39294662
 -0.27195608 -1.84442287 -1.64823835  1.96528263  1.30723922 -1.01188396
 -0.23075567 -0.69309082 -0.3033886   2.30245987 -0.66193907 -0.93534312
  0.77590809 -2.35268848  0.59026757  2.78422793 -0.35243086  2.04722518
 -1.86126414 -1.35336632 -2.59736771 -2.42273196 -1.50153185 -3.02896509
  2.01620146  1.78191241  1.5815173   1.1253335   1.5881962  -2.44421556
 -2.50736794  1.78907464  1.03427415 -0.29185862 -2.47720443  1.43098417
 -1.04394812 -3.04762148 -0.04720579  1.89751432 -2.70128301 -2.3681676
  1.87611987  1.02966718 -0.62617371 -0.49631216 -0.92140703  1.96405257
  0.47262373 -0.3562257   0.40183277 -2.26662736  1.26136493 -0.15330522
  2.40235972  1.23319569  2.87809262 -1.05734045  2.10171198 -0.4298953
 -3.26841288  2.20322074  0.81147211  1.92881116 -1.28919853  1.43910754
 -2.12172265  0.20898524  0.08303667 -2.79059184 -0.90191465 -2.39307417
  0.07227592 -0.56898816]
Sat May 25 17:11:33 2024,481,0.09593800725886814,[-4.65846143  2.36664389 -1.84106336 -0.12409867  0.18672547 -2.68764976
  3.01283089  2.10571361  1.45518739 -0.92535955  0.61239945  1.09170372
  1.13209818 -1.54196511  0.77712885  2.80621578 -0.79815316 -0.6369201
 -1.75472055  0.60195695  1.67657041  2.99185744 -1.20875601 -0.31571163
 -2.42357699 -2.33803658  2.99457895  2.76322719 -0.54433485 -2.36481397
  1.48280906 -0.0585076  -2.31787377  2.09556272  1.28954044 -0.6385388
  0.84777251 -2.31880649 -0.02589724  2.15333098 -0.16394281  0.38886723
  2.71395724  1.04622226  2.46285402  3.16174753  2.64140684 -2.9393302
  0.26537463 -0.81572848  1.75888723  2.86399201 -0.51095057 -2.31763424
  2.78737036 -3.21076822  0.79394359 -0.63487931 -1.7413576   2.69818248
 -1.80955226 -1.58813087 -2.30391354  2.18800842 -2.45128556  2.13559697
  2.07465205  1.53540828  2.38308506  2.80474853  1.64885895  1.20012663
 -1.51324418 -2.22927455  1.47130091  0.71194304  1.31361671 -3.01402273
 -0.37770269  2.51831813 -1.03585615  1.28751899  1.48329192  0.54455094
 -0.8330213   1.11514289  0.66824181 -0.38370242  2.8047383  -1.9930706
  1.53804505 -0.48681109  1.09033731 -2.84976615 -2.45832306  0.45773098
 -1.16150565 -0.49457716  0.36531519 -0.11126964 -1.65032701 -0.04117135
 -0.8597056   2.81181024 -1.06239847 -1.38013566 -0.94883311  1.07796722
  1.85224667 -0.69616412  1.97232862 -2.19417519 -0.34727767 -0.73251594
 -2.89008183  3.1648036  -1.63194699  3.13522568 -1.26602462 -2.70847916
  3.36217258 -1.23322208 -0.77649777 -2.88407593 -2.71720575  2.54564095
 -2.13655099 -2.0471245  -0.18155154  3.14998815  0.24664311  0.21384736
 -1.25020349 -0.67764058 -1.73377014 -3.0302498   2.87032723  1.23550767
 -0.48570846 -2.18838612  1.10971171 -1.10585613 -0.49042575 -2.73954078
 -2.06516967  1.86554854 -0.87381266  2.6218528  -0.45419654 -2.67151258
 -2.82019496  2.26182816 -3.14423366 -0.44536942 -1.002349   -0.24660626
  2.34754249  1.8402533   0.01820527 -2.55288927 -2.65892114  0.2443677
 -0.76666398  1.24524189 -2.62771057  1.12505103 -0.38397725  0.42076553
  1.91903426  0.45811892  0.65074605 -1.27156753  1.79161052  2.93982533
  0.99594071  0.22180268 -1.14181114  2.42278859  0.72674047 -1.90977489
 -0.05037669  1.87092233  0.98664798 -1.08002814 -2.30130801  2.22238497
  2.0039853   1.92832252  2.29723143  1.91578578 -1.66121705 -3.10389724
  0.42852328  1.34475917 -2.26275589 -1.1258353   2.31183613  1.39294685
 -0.27195631 -1.8444231  -1.64823812  1.9652824   1.30723945 -1.01188373
 -0.2307559  -0.69309059 -0.30338883  2.3024601  -0.66193884 -0.93534335
  0.77590832 -2.35268871  0.5902678   2.78422816 -0.35243109  2.04722541
 -1.86126391 -1.35336609 -2.59736748 -2.42273173 -1.50153208 -3.02896532
  2.01620123  1.78191264  1.58151707  1.12533327  1.58819597 -2.44421533
 -2.50736771  1.78907487  1.03427438 -0.29185885 -2.47720466  1.43098394
 -1.04394835 -3.04762171 -0.04720556  1.89751455 -2.70128278 -2.36816783
  1.8761201   1.02966741 -0.62617348 -0.49631193 -0.9214068   1.96405234
  0.47262396 -0.35622547  0.401833   -2.26662759  1.26136516 -0.15330545
  2.40235949  1.23319592  2.87809239 -1.05734022  2.10171175 -0.42989507
 -3.26841265  2.20322051  0.81147234  1.92881093 -1.2891983   1.43910731
 -2.12172288  0.20898501  0.08303644 -2.79059161 -0.90191442 -2.3930744
  0.07227569 -0.56898793]
Sat May 25 17:12:13 2024,482,0.09593800724269644,[-4.65846166  2.36664412 -1.84106313 -0.12409889  0.18672569 -2.68764999
  3.01283111  2.10571339  1.45518716 -0.92535933  0.61239923  1.0917035
  1.13209841 -1.54196534  0.77712908  2.80621601 -0.79815338 -0.63691987
 -1.75472077  0.60195672  1.67657018  2.99185767 -1.20875623 -0.3157114
 -2.42357677 -2.33803635  2.99457873  2.76322696 -0.54433508 -2.3648142
  1.48280929 -0.05850783 -2.317874    2.09556294  1.28954067 -0.63853858
  0.84777273 -2.31880626 -0.02589746  2.15333076 -0.16394258  0.38886745
  2.71395702  1.04622204  2.46285425  3.16174776  2.64140707 -2.93933043
  0.2653744  -0.8157287   1.75888746  2.86399179 -0.51095035 -2.31763447
  2.78737059 -3.21076799  0.79394337 -0.63487908 -1.74135783  2.69818225
 -1.80955203 -1.58813065 -2.30391331  2.18800864 -2.45128533  2.13559719
  2.07465227  1.53540805  2.38308529  2.80474876  1.64885918  1.20012641
 -1.5132444  -2.22927433  1.47130113  0.71194326  1.31361694 -3.01402295
 -0.37770292  2.51831836 -1.03585592  1.28751877  1.4832917   0.54455116
 -0.83302108  1.11514266  0.66824159 -0.3837022   2.80473807 -1.99307083
  1.53804483 -0.48681131  1.09033754 -2.84976593 -2.45832283  0.45773075
 -1.16150588 -0.49457693  0.36531496 -0.11126987 -1.65032679 -0.04117113
 -0.85970537  2.81181047 -1.0623987  -1.38013543 -0.94883289  1.07796699
  1.85224644 -0.69616435  1.9723284  -2.19417496 -0.3472779  -0.73251571
 -2.8900816   3.16480337 -1.63194676  3.1352259  -1.26602485 -2.70847939
  3.36217281 -1.23322186 -0.77649755 -2.88407615 -2.71720598  2.54564118
 -2.13655121 -2.04712472 -0.18155176  3.14998837  0.24664334  0.21384759
 -1.25020327 -0.6776408  -1.73376992 -3.03025003  2.87032701  1.2355079
 -0.48570823 -2.18838634  1.10971193 -1.10585635 -0.49042597 -2.739541
 -2.06516989  1.86554831 -0.87381244  2.62185302 -0.45419676 -2.6715128
 -2.82019519  2.26182838 -3.14423344 -0.44536965 -1.00234878 -0.24660604
  2.34754272  1.84025352  0.0182055  -2.55288904 -2.65892092  0.24436793
 -0.76666375  1.24524167 -2.6277108   1.1250508  -0.38397748  0.4207653
  1.91903404  0.45811869  0.65074627 -1.27156776  1.79161029  2.93982556
  0.99594094  0.22180245 -1.14181091  2.42278882  0.72674025 -1.90977466
 -0.05037691  1.87092256  0.98664776 -1.08002837 -2.30130824  2.22238475
  2.00398553  1.9283223   2.2972312   1.91578556 -1.66121682 -3.10389747
  0.42852351  1.34475895 -2.26275566 -1.12583553  2.3118359   1.39294663
 -0.27195609 -1.84442333 -1.64823789  1.96528217  1.30723922 -1.0118835
 -0.23075612 -0.69309037 -0.30338905  2.30246033 -0.66193862 -0.93534312
  0.77590809 -2.35268849  0.59026758  2.78422794 -0.35243086  2.04722563
 -1.86126368 -1.35336586 -2.5973677  -2.4227315  -1.50153186 -3.0289651
  2.01620146  1.78191242  1.5815173   1.12533304  1.58819575 -2.44421511
 -2.50736748  1.78907465  1.03427415 -0.29185907 -2.47720444  1.43098372
 -1.04394857 -3.04762194 -0.04720578  1.89751477 -2.70128301 -2.36816761
  1.87611988  1.02966719 -0.62617325 -0.49631171 -0.92140657  1.96405256
  0.47262374 -0.3562257   0.40183278 -2.26662781  1.26136494 -0.15330567
  2.40235926  1.23319615  2.87809216 -1.05734045  2.10171198 -0.4298953
 -3.26841288  2.20322073  0.81147211  1.9288107  -1.28919852  1.43910754
 -2.12172311  0.20898523  0.08303622 -2.79059184 -0.9019142  -2.39307462
  0.07227592 -0.56898816]
Sat May 25 17:12:36 2024,483,0.09593800722688273,[-4.65846188  2.36664389 -1.84106291 -0.12409911  0.18672547 -2.68765021
  3.01283089  2.10571361  1.45518694 -0.92535955  0.61239945  1.09170328
  1.13209818 -1.54196556  0.7771293   2.80621623 -0.7981536  -0.63692009
 -1.75472055  0.60195694  1.67656996  2.99185789 -1.20875645 -0.31571118
 -2.42357654 -2.33803658  2.99457851  2.76322719 -0.54433486 -2.36481398
  1.48280951 -0.05850761 -2.31787422  2.09556316  1.28954089 -0.6385388
  0.84777295 -2.31880648 -0.02589769  2.15333098 -0.16394281  0.38886767
  2.71395724  1.04622182  2.46285447  3.16174754  2.64140685 -2.93933021
  0.26537418 -0.81572848  1.75888768  2.86399201 -0.51095057 -2.31763425
  2.78737036 -3.21076821  0.79394359 -0.6348793  -1.74135805  2.69818203
 -1.80955181 -1.58813087 -2.30391353  2.18800887 -2.45128511  2.13559742
  2.0746525   1.53540783  2.38308506  2.80474853  1.6488594   1.20012619
 -1.51324462 -2.22927455  1.47130091  0.71194348  1.31361716 -3.01402317
 -0.37770314  2.51831814 -1.0358557   1.28751899  1.48329192  0.54455138
 -0.83302086  1.11514288  0.66824181 -0.38370198  2.80473785 -1.99307105
  1.53804505 -0.48681153  1.09033776 -2.84976615 -2.45832305  0.45773097
 -1.16150565 -0.49457671  0.36531519 -0.11126964 -1.65032656 -0.04117091
 -0.85970559  2.81181069 -1.06239848 -1.38013565 -0.94883311  1.07796722
  1.85224666 -0.69616413  1.97232817 -2.19417519 -0.34727768 -0.73251549
 -2.89008182  3.1648036  -1.63194698  3.13522568 -1.26602507 -2.70847917
  3.36217303 -1.23322163 -0.77649733 -2.88407593 -2.7172062   2.54564096
 -2.13655099 -2.0471245  -0.18155154  3.14998815  0.24664312  0.21384781
 -1.25020349 -0.67764058 -1.73376969 -3.03024981  2.87032678  1.23550812
 -0.48570801 -2.18838612  1.10971215 -1.10585613 -0.49042575 -2.73954078
 -2.06517012  1.86554854 -0.87381266  2.62185325 -0.45419654 -2.67151302
 -2.82019541  2.2618286  -3.14423321 -0.44536987 -1.00234856 -0.24660626
  2.3475425   1.84025375  0.01820572 -2.55288926 -2.6589207   0.24436771
 -0.76666353  1.24524144 -2.62771058  1.12505058 -0.38397726  0.42076508
  1.91903426  0.45811847  0.65074649 -1.27156798  1.79161007  2.93982578
  0.99594116  0.22180223 -1.14181113  2.4227886   0.72674003 -1.90977444
 -0.05037669  1.87092234  0.98664798 -1.08002814 -2.30130846  2.22238497
  2.0039853   1.92832252  2.29723143  1.91578534 -1.6612166  -3.10389769
  0.42852328  1.34475917 -2.26275544 -1.12583531  2.31183612  1.39294685
 -0.27195587 -1.84442355 -1.64823767  1.96528239  1.30723944 -1.01188372
 -0.2307559  -0.69309015 -0.30338927  2.30246011 -0.6619384  -0.9353429
  0.77590787 -2.35268871  0.5902678   2.78422772 -0.35243064  2.04722586
 -1.8612639  -1.35336564 -2.59736748 -2.42273173 -1.50153208 -3.02896487
  2.01620124  1.78191264  1.58151708  1.12533326  1.58819553 -2.44421533
 -2.5073677   1.78907442  1.03427393 -0.2918593  -2.47720421  1.43098394
 -1.04394879 -3.04762216 -0.04720556  1.89751455 -2.70128279 -2.36816738
  1.87611965  1.02966741 -0.62617303 -0.49631193 -0.92140679  1.96405234
  0.47262352 -0.35622547  0.401833   -2.26662804  1.26136516 -0.15330589
  2.40235949  1.23319637  2.87809194 -1.05734023  2.1017122  -0.42989508
 -3.2684131   2.20322051  0.81147233  1.92881093 -1.2891983   1.43910731
 -2.12172289  0.20898501  0.083036   -2.79059162 -0.90191442 -2.3930744
  0.07227614 -0.56898838]
Sat May 25 17:13:24 2024,484,0.09593800721141718,[-4.6584621   2.36664368 -1.84106313 -0.1240989   0.18672569 -2.68764999
  3.01283067  2.10571339  1.45518673 -0.92535933  0.61239966  1.09170306
  1.1320984  -1.54196578  0.77712908  2.80621645 -0.79815339 -0.63691987
 -1.75472077  0.60195673  1.67657018  2.99185767 -1.20875624 -0.3157114
 -2.42357633 -2.33803679  2.99457872  2.76322697 -0.54433507 -2.36481419
  1.48280929 -0.05850739 -2.31787444  2.09556338  1.28954111 -0.63853858
  0.84777274 -2.31880627 -0.02589747  2.15333076 -0.16394302  0.38886746
  2.71395702  1.0462216   2.46285425  3.16174776  2.64140663 -2.93933043
  0.2653744  -0.81572826  1.75888746  2.86399223 -0.51095079 -2.31763403
  2.78737058 -3.210768    0.79394337 -0.63487908 -1.74135827  2.69818181
 -1.80955203 -1.58813065 -2.30391332  2.18800865 -2.45128533  2.13559763
  2.07465271  1.53540805  2.38308485  2.80474875  1.64885962  1.2001264
 -1.51324484 -2.22927433  1.47130113  0.7119437   1.31361738 -3.01402296
 -0.37770336  2.51831792 -1.03585592  1.28751877  1.4832917   0.54455117
 -0.83302064  1.1151431   0.66824203 -0.38370219  2.80473807 -1.99307083
  1.53804527 -0.48681132  1.09033754 -2.84976637 -2.45832327  0.45773119
 -1.16150544 -0.49457649  0.3653154  -0.11126943 -1.65032678 -0.04117069
 -0.85970581  2.81181047 -1.06239869 -1.38013544 -0.94883289  1.077967
  1.85224688 -0.69616434  1.97232796 -2.1941754  -0.34727789 -0.73251571
 -2.89008204  3.16480381 -1.6319472   3.13522546 -1.26602485 -2.70847938
  3.36217281 -1.23322142 -0.77649711 -2.88407615 -2.71720598  2.54564117
 -2.13655077 -2.04712472 -0.18155132  3.14998793  0.24664333  0.21384759
 -1.25020327 -0.6776408  -1.73376948 -3.03025002  2.870327    1.23550834
 -0.4857078  -2.18838634  1.10971194 -1.10585635 -0.49042554 -2.73954056
 -2.0651699   1.86554875 -0.87381244  2.62185303 -0.45419676 -2.67151324
 -2.82019563  2.26182839 -3.144233   -0.44537009 -1.00234877 -0.24660647
  2.34754271  1.84025353  0.01820594 -2.55288905 -2.65892091  0.24436792
 -0.76666332  1.24524166 -2.62771079  1.1250508  -0.38397704  0.4207653
  1.91903404  0.45811869  0.65074671 -1.2715682   1.79160985  2.939826
  0.99594094  0.22180245 -1.14181135  2.42278838  0.72673981 -1.90977423
 -0.05037647  1.87092256  0.98664776 -1.08002793 -2.30130824  2.22238475
  2.00398552  1.9283223   2.29723164  1.91578512 -1.66121682 -3.10389791
  0.4285235   1.34475895 -2.26275566 -1.12583552  2.31183634  1.39294663
 -0.27195565 -1.84442333 -1.64823789  1.96528217  1.30723923 -1.01188351
 -0.23075568 -0.69309037 -0.30338906  2.30245989 -0.66193861 -0.93534269
  0.77590809 -2.35268893  0.59026801  2.7842275  -0.35243043  2.04722607
 -1.86126412 -1.35336586 -2.5973677  -2.42273194 -1.50153186 -3.02896509
  2.01620146  1.78191286  1.58151729  1.12533348  1.58819531 -2.44421555
 -2.50736749  1.78907464  1.03427372 -0.29185951 -2.477204    1.43098372
 -1.04394901 -3.04762194 -0.04720534  1.89751433 -2.701283   -2.3681676
  1.87611944  1.02966719 -0.62617325 -0.49631215 -0.92140658  1.96405212
  0.47262373 -0.35622569  0.40183278 -2.26662782  1.26136538 -0.15330611
  2.4023597   1.23319615  2.87809216 -1.05734044  2.10171242 -0.4298953
 -3.26841332  2.20322073  0.81147212  1.92881114 -1.28919852  1.43910753
 -2.1217231   0.2089848   0.08303621 -2.79059184 -0.9019142  -2.39307462
  0.07227636 -0.5689886 ]
Sat May 25 17:13:51 2024,485,0.09593800719629111,[-4.65846231  2.36664389 -1.84106292 -0.12409868  0.1867259  -2.68765021
  3.01283089  2.10571318  1.45518694 -0.92535955  0.61239945  1.09170327
  1.13209862 -1.54196556  0.77712887  2.80621624 -0.7981536  -0.63691966
 -1.75472055  0.60195694  1.67656997  2.99185788 -1.20875645 -0.31571161
 -2.42357611 -2.33803658  2.99457894  2.76322718 -0.54433486 -2.36481441
  1.48280908 -0.0585076  -2.31787422  2.09556317  1.28954132 -0.63853837
  0.84777295 -2.31880648 -0.02589726  2.15333055 -0.16394324  0.38886724
  2.71395681  1.04622181  2.46285447  3.16174754  2.64140684 -2.93933064
  0.26537419 -0.81572805  1.75888725  2.86399244 -0.510951   -2.31763382
  2.78737079 -3.21076778  0.79394316 -0.63487887 -1.74135848  2.69818203
 -1.80955182 -1.58813086 -2.3039131   2.18800886 -2.45128512  2.13559785
  2.07465293  1.53540826  2.38308463  2.80474854  1.6488594   1.20012619
 -1.51324463 -2.22927454  1.47130134  0.71194349  1.31361759 -3.01402274
 -0.37770357  2.51831813 -1.03585613  1.28751856  1.48329192  0.54455138
 -0.83302043  1.11514331  0.66824181 -0.38370198  2.80473828 -1.99307062
  1.53804548 -0.48681153  1.09033776 -2.84976615 -2.45832348  0.45773098
 -1.16150522 -0.49457628  0.36531519 -0.11126921 -1.65032699 -0.04117048
 -0.8597056   2.81181069 -1.06239891 -1.38013565 -0.94883268  1.07796678
  1.85224667 -0.69616456  1.97232817 -2.19417562 -0.34727768 -0.73251592
 -2.89008183  3.16480403 -1.63194699  3.13522568 -1.26602464 -2.70847917
  3.3621726  -1.2332212  -0.77649732 -2.88407636 -2.7172062   2.54564096
 -2.13655099 -2.04712493 -0.18155154  3.14998772  0.24664355  0.21384738
 -1.25020349 -0.67764101 -1.73376969 -3.03024981  2.87032721  1.23550855
 -0.48570758 -2.18838612  1.10971172 -1.10585656 -0.49042532 -2.73954078
 -2.06516969  1.86554897 -0.87381265  2.62185282 -0.45419697 -2.67151303
 -2.82019541  2.2618286  -3.14423321 -0.4453703  -1.00234856 -0.24660669
  2.3475425   1.84025331  0.01820572 -2.55288883 -2.65892113  0.24436814
 -0.7666631   1.24524145 -2.62771101  1.12505101 -0.38397725  0.42076508
  1.91903383  0.45811848  0.65074692 -1.27156841  1.79160964  2.93982578
  0.99594073  0.22180223 -1.14181157  2.42278817  0.72674002 -1.90977444
 -0.05037669  1.87092277  0.98664798 -1.08002814 -2.30130803  2.22238497
  2.00398531  1.92832209  2.29723186  1.91578533 -1.6612166  -3.1038977
  0.42852371  1.34475874 -2.26275545 -1.12583531  2.31183655  1.39294685
 -0.27195544 -1.84442312 -1.64823768  1.96528196  1.30723901 -1.01188329
 -0.23075547 -0.69309015 -0.30338927  2.3024601  -0.6619384  -0.93534247
  0.77590787 -2.35268914  0.5902678   2.78422771 -0.35243064  2.04722629
 -1.86126433 -1.35336607 -2.59736748 -2.42273173 -1.50153207 -3.02896531
  2.01620167  1.78191264  1.58151708  1.12533369  1.58819552 -2.44421533
 -2.5073677   1.78907485  1.03427393 -0.2918593  -2.47720378  1.43098351
 -1.04394923 -3.04762173 -0.04720556  1.89751412 -2.70128322 -2.36816739
  1.87611965  1.02966698 -0.62617346 -0.49631236 -0.92140636  1.96405234
  0.47262352 -0.35622548  0.40183257 -2.26662803  1.26136559 -0.15330632
  2.40235949  1.23319637  2.87809194 -1.05734023  2.10171221 -0.42989508
 -3.2684131   2.20322094  0.81147233  1.92881136 -1.2891983   1.43910774
 -2.12172289  0.20898501  0.08303643 -2.79059162 -0.90191442 -2.3930744
  0.07227657 -0.56898839]
Sat May 25 17:14:16 2024,486,0.09593800718149448,[-4.65846252  2.3666441  -1.84106271 -0.12409889  0.18672569 -2.68765
  3.01283109  2.10571339  1.45518673 -0.92535934  0.61239924  1.09170306
  1.13209841 -1.54196577  0.77712866  2.80621645 -0.79815381 -0.63691987
 -1.75472034  0.60195715  1.67657017  2.99185767 -1.20875624 -0.31571182
 -2.42357632 -2.33803679  2.99457915  2.76322739 -0.54433465 -2.3648142
  1.48280887 -0.05850781 -2.31787401  2.09556338  1.28954111 -0.63853858
  0.84777274 -2.31880669 -0.02589705  2.15333034 -0.16394303  0.38886703
  2.7139566   1.04622202  2.46285468  3.16174733  2.64140705 -2.93933043
  0.2653744  -0.81572826  1.75888704  2.86399265 -0.51095079 -2.31763361
  2.78737059 -3.21076799  0.79394295 -0.63487908 -1.74135827  2.69818182
 -1.80955203 -1.58813107 -2.30391289  2.18800865 -2.45128533  2.13559764
  2.07465272  1.53540847  2.38308442  2.80474833  1.64885961  1.20012598
 -1.51324484 -2.22927475  1.47130113  0.7119437   1.3136178  -3.01402295
 -0.37770336  2.51831793 -1.03585592  1.28751877  1.48329213  0.54455117
 -0.83302064  1.11514352  0.6682416  -0.38370177  2.80473807 -1.99307083
  1.53804527 -0.48681132  1.09033797 -2.84976636 -2.45832327  0.45773077
 -1.16150543 -0.49457649  0.3653154  -0.111269   -1.65032679 -0.04117027
 -0.85970581  2.81181048 -1.06239912 -1.38013544 -0.94883247  1.07796657
  1.85224646 -0.69616477  1.97232796 -2.19417541 -0.34727747 -0.73251571
 -2.89008162  3.16480382 -1.63194678  3.13522589 -1.26602443 -2.70847896
  3.36217239 -1.23322099 -0.77649753 -2.88407657 -2.71720599  2.54564075
 -2.1365512  -2.04712514 -0.18155133  3.14998793  0.24664376  0.21384759
 -1.25020369 -0.6776408  -1.73376948 -3.03025002  2.87032742  1.23550834
 -0.48570779 -2.18838633  1.10971151 -1.10585635 -0.49042511 -2.73954057
 -2.06516989  1.86554876 -0.87381244  2.62185302 -0.45419676 -2.67151324
 -2.8201952   2.26182839 -3.144233   -0.44537051 -1.00234877 -0.2466069
  2.34754271  1.84025311  0.01820593 -2.55288862 -2.65892092  0.24436835
 -0.76666331  1.24524124 -2.6277108   1.12505122 -0.38397746  0.42076487
  1.91903362  0.45811827  0.65074671 -1.27156862  1.79160985  2.93982599
  0.99594094  0.22180244 -1.14181136  2.42278838  0.72674023 -1.90977465
 -0.05037648  1.87092256  0.98664818 -1.08002835 -2.30130782  2.22238476
  2.00398552  1.9283223   2.29723165  1.91578512 -1.66121639 -3.10389749
  0.42852351  1.34475895 -2.26275524 -1.12583552  2.31183676  1.39294664
 -0.27195523 -1.84442291 -1.64823747  1.96528175  1.3072388  -1.0118835
 -0.23075526 -0.69308994 -0.30338948  2.30246031 -0.66193819 -0.93534268
  0.77590808 -2.35268893  0.59026801  2.78422792 -0.35243085  2.0472265
 -1.86126412 -1.35336628 -2.59736769 -2.42273152 -1.50153186 -3.0289651
  2.01620188  1.78191243  1.58151687  1.1253339   1.58819531 -2.44421554
 -2.50736791  1.78907465  1.03427372 -0.29185951 -2.47720399  1.43098372
 -1.04394943 -3.04762194 -0.04720577  1.89751433 -2.70128343 -2.3681676
  1.87611944  1.02966719 -0.62617367 -0.49631257 -0.92140657  1.96405255
  0.47262373 -0.35622569  0.40183278 -2.26662824  1.2613658  -0.15330611
  2.40235928  1.23319658  2.87809215 -1.05734044  2.101712   -0.42989487
 -3.26841331  2.20322115  0.81147254  1.92881157 -1.28919809  1.43910795
 -2.1217231   0.2089848   0.08303664 -2.79059183 -0.90191463 -2.39307419
  0.07227678 -0.56898859]
Sat May 25 17:14:39 2024,487,0.09593800716701989,[-4.65846273  2.36664389 -1.8410625  -0.12409869  0.1867259  -2.68764979
  3.0128313   2.10571318  1.45518652 -0.92535954  0.61239945  1.09170286
  1.13209861 -1.54196557  0.77712886  2.80621665 -0.79815401 -0.63691966
 -1.75472055  0.60195694  1.67657038  2.99185747 -1.20875603 -0.31571161
 -2.42357653 -2.33803658  2.99457935  2.76322719 -0.54433445 -2.3648144
  1.48280867 -0.05850802 -2.31787381  2.09556317  1.28954091 -0.63853878
  0.84777254 -2.31880689 -0.02589725  2.15333054 -0.16394323  0.38886724
  2.71395639  1.04622223  2.46285447  3.16174713  2.64140685 -2.93933022
  0.2653746  -0.81572805  1.75888725  2.86399285 -0.510951   -2.31763381
  2.78737038 -3.21076779  0.79394274 -0.63487929 -1.74135807  2.69818202
 -1.80955223 -1.58813128 -2.3039131   2.18800886 -2.45128553  2.13559784
  2.07465292  1.53540826  2.38308422  2.80474812  1.64885982  1.20012578
 -1.51324504 -2.22927496  1.47130134  0.71194349  1.31361759 -3.01402316
 -0.37770316  2.51831813 -1.03585572  1.28751856  1.48329233  0.54455096
 -0.83302084  1.11514373  0.66824181 -0.38370157  2.80473828 -1.99307062
  1.53804506 -0.48681153  1.09033776 -2.84976616 -2.45832348  0.45773097
 -1.16150564 -0.49457669  0.3653156  -0.1112688  -1.65032658 -0.04117006
 -0.85970601  2.81181068 -1.06239891 -1.38013565 -0.94883267  1.07796637
  1.85224625 -0.69616497  1.97232817 -2.1941752  -0.34727768 -0.7325155
 -2.89008141  3.16480361 -1.63194657  3.13522568 -1.26602463 -2.70847917
  3.3621726  -1.2332212  -0.77649733 -2.88407637 -2.71720578  2.54564096
 -2.1365514  -2.04712535 -0.18155112  3.14998813  0.24664355  0.21384738
 -1.25020349 -0.67764101 -1.73376969 -3.03024981  2.87032763  1.23550855
 -0.485708   -2.18838613  1.10971172 -1.10585615 -0.49042532 -2.73954077
 -2.0651701   1.86554896 -0.87381265  2.62185282 -0.45419656 -2.67151303
 -2.82019541  2.2618286  -3.14423321 -0.44537071 -1.00234898 -0.24660669
  2.34754251  1.8402529   0.01820614 -2.55288842 -2.65892071  0.24436814
 -0.76666352  1.24524103 -2.62771059  1.12505143 -0.38397767  0.42076467
  1.91903382  0.45811806  0.65074692 -1.27156841  1.79160965  2.9398262
  0.99594073  0.22180265 -1.14181115  2.42278817  0.72674003 -1.90977444
 -0.05037668  1.87092277  0.98664798 -1.08002856 -2.30130802  2.22238455
  2.00398572  1.9283225   2.29723185  1.91578533 -1.66121619 -3.10389728
  0.4285233   1.34475874 -2.26275503 -1.12583531  2.31183656  1.39294643
 -0.27195502 -1.8444227  -1.64823767  1.96528196  1.30723901 -1.0118833
 -0.23075505 -0.69309015 -0.30338968  2.30246011 -0.6619384  -0.93534248
  0.77590829 -2.35268914  0.5902678   2.78422772 -0.35243105  2.0472267
 -1.86126433 -1.35336649 -2.5973679  -2.42273173 -1.50153207 -3.0289653
  2.01620208  1.78191264  1.58151666  1.12533411  1.58819511 -2.44421534
 -2.50736812  1.78907444  1.03427351 -0.29185971 -2.4772042   1.43098392
 -1.04394964 -3.04762215 -0.04720556  1.89751413 -2.70128363 -2.3681678
  1.87611924  1.02966739 -0.62617388 -0.49631236 -0.92140678  1.96405275
  0.47262352 -0.35622548  0.40183257 -2.26662804  1.26136559 -0.15330591
  2.40235949  1.23319678  2.87809236 -1.05734023  2.1017122  -0.42989467
 -3.26841352  2.20322136  0.81147274  1.92881177 -1.2891983   1.43910816
 -2.1217233   0.20898459  0.08303643 -2.79059163 -0.90191442 -2.3930744
  0.07227658 -0.56898839]
Sat May 25 17:15:09 2024,488,0.09593800715285829,[-4.65846293  2.36664369 -1.8410623  -0.12409849  0.1867257  -2.68764959
  3.0128311   2.10571338  1.45518632 -0.92535934  0.61239965  1.09170306
  1.13209881 -1.54196577  0.77712866  2.80621645 -0.79815381 -0.63691946
 -1.75472035  0.60195674  1.67657018  2.99185727 -1.20875583 -0.31571141
 -2.42357673 -2.33803679  2.99457915  2.76322698 -0.54433465 -2.3648142
  1.48280846 -0.05850822 -2.31787361  2.09556337  1.28954111 -0.63853858
  0.84777233 -2.3188071  -0.02589705  2.15333075 -0.16394303  0.38886704
  2.71395619  1.04622203  2.46285467  3.16174693  2.64140705 -2.93933002
  0.2653748  -0.81572785  1.75888745  2.86399265 -0.5109512  -2.31763401
  2.78737018 -3.21076799  0.79394294 -0.63487908 -1.74135827  2.69818182
 -1.80955203 -1.58813108 -2.3039133   2.18800906 -2.45128573  2.13559764
  2.07465312  1.53540847  2.38308442  2.80474832  1.64885962  1.20012598
 -1.51324484 -2.22927516  1.47130114  0.71194329  1.31361779 -3.01402336
 -0.37770296  2.51831833 -1.03585551  1.28751876  1.48329253  0.54455076
 -0.83302104  1.11514393  0.66824161 -0.38370177  2.80473848 -1.99307082
  1.53804486 -0.48681132  1.09033756 -2.84976595 -2.45832328  0.45773077
 -1.16150544 -0.49457649  0.3653154  -0.111269   -1.65032678 -0.04116986
 -0.85970622  2.81181048 -1.06239911 -1.38013585 -0.94883247  1.07796657
  1.85224605 -0.69616517  1.97232837 -2.194175   -0.34727748 -0.73251571
 -2.89008121  3.16480341 -1.63194637  3.13522588 -1.26602483 -2.70847896
  3.3621728  -1.2332214  -0.77649753 -2.88407657 -2.71720598  2.54564075
 -2.1365516  -2.04712514 -0.18155092  3.14998793  0.24664335  0.21384759
 -1.25020329 -0.67764121 -1.73376948 -3.03025002  2.87032743  1.23550875
 -0.4857082  -2.18838633  1.10971152 -1.10585635 -0.49042552 -2.73954057
 -2.0651703   1.86554917 -0.87381285  2.62185262 -0.45419635 -2.67151283
 -2.82019521  2.26182839 -3.14423341 -0.44537051 -1.00234877 -0.24660689
  2.34754271  1.8402531   0.01820634 -2.55288822 -2.65892051  0.24436834
 -0.76666332  1.24524123 -2.62771079  1.12505122 -0.38397747  0.42076447
  1.91903362  0.45811786  0.65074712 -1.27156862  1.79160985  2.9398264
  0.99594094  0.22180285 -1.14181095  2.42278797  0.72673982 -1.90977424
 -0.05037648  1.87092297  0.98664778 -1.08002835 -2.30130782  2.22238475
  2.00398593  1.92832271  2.29723205  1.91578513 -1.66121639 -3.10389708
  0.4285235   1.34475894 -2.26275483 -1.12583552  2.31183636  1.39294623
 -0.27195522 -1.8444225  -1.64823787  1.96528216  1.30723881 -1.01188309
 -0.23075485 -0.69309035 -0.30338989  2.30245991 -0.66193819 -0.93534227
  0.77590849 -2.35268934  0.5902676   2.78422792 -0.35243085  2.0472265
 -1.86126453 -1.35336628 -2.5973677  -2.42273193 -1.50153187 -3.0289655
  2.01620188  1.78191244  1.58151646  1.12533391  1.5881949  -2.44421514
 -2.50736791  1.78907464  1.03427372 -0.29185951 -2.4772044   1.43098412
 -1.04394944 -3.04762194 -0.04720536  1.89751433 -2.70128383 -2.3681676
  1.87611903  1.02966719 -0.62617408 -0.49631216 -0.92140658  1.96405295
  0.47262332 -0.35622528  0.40183277 -2.26662824  1.2613658  -0.15330611
  2.40235969  1.23319698  2.87809216 -1.05734003  2.1017124  -0.42989487
 -3.26841372  2.20322156  0.81147254  1.92881197 -1.2891981   1.43910836
 -2.12172351  0.20898439  0.08303663 -2.79059143 -0.90191422 -2.3930746
  0.07227638 -0.56898819]
Sat May 25 17:15:33 2024,489,0.09593800713900122,[-4.65846313  2.36664389 -1.8410621  -0.12409829  0.1867255  -2.68764979
  3.0128313   2.10571318  1.45518652 -0.92535914  0.61239945  1.09170286
  1.13209901 -1.54196597  0.77712886  2.80621625 -0.79815362 -0.63691926
 -1.75472055  0.60195694  1.67657038  2.99185746 -1.20875603 -0.31571161
 -2.42357693 -2.33803659  2.99457895  2.76322679 -0.54433445 -2.364814
  1.48280866 -0.05850802 -2.3178738   2.09556357  1.28954131 -0.63853878
  0.84777214 -2.3188069  -0.02589685  2.15333055 -0.16394323  0.38886724
  2.71395639  1.04622183  2.46285487  3.16174673  2.64140685 -2.93932982
  0.2653746  -0.81572805  1.75888725  2.86399285 -0.5109514  -2.31763421
  2.78737038 -3.21076819  0.79394314 -0.63487889 -1.74135807  2.69818202
 -1.80955183 -1.58813128 -2.3039135   2.18800926 -2.45128554  2.13559784
  2.07465293  1.53540866  2.38308462  2.80474852  1.64885982  1.20012578
 -1.51324504 -2.22927496  1.47130134  0.71194309  1.31361799 -3.01402356
 -0.37770315  2.51831813 -1.03585571  1.28751856  1.48329233  0.54455056
 -0.83302124  1.11514413  0.66824141 -0.38370157  2.80473828 -1.99307102
  1.53804506 -0.48681113  1.09033736 -2.84976615 -2.45832308  0.45773097
 -1.16150524 -0.49457669  0.3653156  -0.1112688  -1.65032658 -0.04116966
 -0.85970641  2.81181028 -1.06239891 -1.38013605 -0.94883227  1.07796637
  1.85224625 -0.69616537  1.97232817 -2.1941752  -0.34727728 -0.7325159
 -2.89008141  3.16480361 -1.63194617  3.13522569 -1.26602464 -2.70847916
  3.362173   -1.2332212  -0.77649773 -2.88407637 -2.71720578  2.54564095
 -2.1365518  -2.04712534 -0.18155072  3.14998773  0.24664355  0.21384778
 -1.25020309 -0.67764101 -1.73376929 -3.03025021  2.87032723  1.23550895
 -0.485708   -2.18838613  1.10971132 -1.10585615 -0.49042572 -2.73954037
 -2.0651705   1.86554897 -0.87381305  2.62185242 -0.45419655 -2.67151263
 -2.82019501  2.26182859 -3.14423321 -0.44537071 -1.00234858 -0.24660669
  2.34754251  1.8402533   0.01820614 -2.55288802 -2.65892031  0.24436854
 -0.76666351  1.24524104 -2.62771099  1.12505142 -0.38397727  0.42076467
  1.91903342  0.45811766  0.65074732 -1.27156881  1.79161005  2.9398262
  0.99594074  0.22180305 -1.14181115  2.42278777  0.72674002 -1.90977404
 -0.05037668  1.87092277  0.98664758 -1.08002816 -2.30130762  2.22238495
  2.00398612  1.92832251  2.29723225  1.91578533 -1.66121659 -3.10389688
  0.4285233   1.34475875 -2.26275503 -1.12583571  2.31183616  1.39294643
 -0.27195502 -1.8444223  -1.64823768  1.96528196  1.30723901 -1.0118829
 -0.23075505 -0.69309015 -0.30338969  2.30245971 -0.661938   -0.93534247
  0.77590869 -2.35268914  0.59026741  2.78422812 -0.35243105  2.0472267
 -1.86126473 -1.35336609 -2.5973679  -2.42273213 -1.50153207 -3.0289653
  2.01620168  1.78191224  1.58151627  1.1253341   1.58819471 -2.44421533
 -2.50736811  1.78907484  1.03427352 -0.29185932 -2.4772046   1.43098432
 -1.04394924 -3.04762175 -0.04720516  1.89751453 -2.70128403 -2.3681674
  1.87611923  1.02966699 -0.62617428 -0.49631236 -0.92140677  1.96405276
  0.47262312 -0.35622548  0.40183257 -2.26662844  1.2613656  -0.15330591
  2.40235989  1.23319679  2.87809196 -1.05733983  2.10171221 -0.42989467
 -3.26841352  2.20322136  0.81147234  1.92881178 -1.2891983   1.43910816
 -2.12172331  0.20898459  0.08303683 -2.79059123 -0.90191402 -2.3930744
  0.07227657 -0.56898799]
Sat May 25 17:15:58 2024,490,0.0959380071254408,[-4.65846332  2.3666437  -1.8410623  -0.12409809  0.1867253  -2.68764959
  3.0128311   2.10571299  1.45518633 -0.92535934  0.61239965  1.09170267
  1.13209921 -1.54196616  0.77712906  2.80621645 -0.79815381 -0.63691907
 -1.75472035  0.60195674  1.67657057  2.99185766 -1.20875584 -0.31571142
 -2.42357673 -2.33803639  2.99457915  2.76322698 -0.54433426 -2.36481381
  1.48280886 -0.05850821 -2.317874    2.09556377  1.2895415  -0.63853858
  0.84777233 -2.3188067  -0.02589666  2.15333035 -0.16394342  0.38886704
  2.71395619  1.04622163  2.46285507  3.16174692  2.64140666 -2.93932963
  0.26537441 -0.81572825  1.75888705  2.86399305 -0.5109512  -2.31763441
  2.78737057 -3.21076838  0.79394334 -0.63487869 -1.74135827  2.69818221
 -1.80955164 -1.58813147 -2.30391369  2.18800945 -2.45128534  2.13559764
  2.07465273  1.53540847  2.38308481  2.80474833  1.64885962  1.20012597
 -1.51324484 -2.22927477  1.47130114  0.71194329  1.3136178  -3.01402336
 -0.37770335  2.51831794 -1.03585591  1.28751876  1.48329214  0.54455076
 -0.83302105  1.11514393  0.6682416  -0.38370138  2.80473809 -1.99307083
  1.53804525 -0.48681093  1.09033756 -2.84976596 -2.45832288  0.45773116
 -1.16150543 -0.49457649  0.36531541 -0.11126861 -1.65032678 -0.04116947
 -0.85970622  2.81181009 -1.06239911 -1.38013585 -0.94883208  1.07796618
  1.85224606 -0.69616518  1.97232797 -2.19417539 -0.34727708 -0.7325161
 -2.8900816   3.1648038  -1.63194598  3.13522549 -1.26602444 -2.70847936
  3.3621728  -1.2332214  -0.77649753 -2.88407618 -2.71720598  2.54564076
 -2.13655161 -2.04712515 -0.18155053  3.14998793  0.24664374  0.21384759
 -1.2502029  -0.67764121 -1.73376909 -3.03025002  2.87032704  1.23550914
 -0.48570781 -2.18838594  1.10971151 -1.10585634 -0.49042552 -2.73954018
 -2.06517031  1.86554877 -0.87381286  2.62185222 -0.45419675 -2.67151283
 -2.82019482  2.2618284  -3.1442334  -0.44537052 -1.00234877 -0.24660689
  2.34754231  1.84025311  0.01820634 -2.55288821 -2.65892012  0.24436873
 -0.76666371  1.24524123 -2.6277108   1.12505162 -0.38397746  0.42076447
  1.91903362  0.45811747  0.65074751 -1.27156862  1.79161024  2.93982601
  0.99594054  0.22180285 -1.14181095  2.42278797  0.72673983 -1.90977424
 -0.05037648  1.87092296  0.98664739 -1.08002835 -2.30130782  2.22238514
  2.00398593  1.92832231  2.29723245  1.91578513 -1.66121678 -3.10389708
  0.4285235   1.34475894 -2.26275483 -1.12583591  2.31183596  1.39294623
 -0.27195522 -1.84442211 -1.64823748  1.96528215  1.3072392  -1.0118827
 -0.23075524 -0.69308996 -0.30338949  2.3024599  -0.66193819 -0.93534228
  0.77590849 -2.35268895  0.59026721  2.78422792 -0.35243086  2.04722689
 -1.86126453 -1.35336628 -2.5973677  -2.42273193 -1.50153187 -3.02896511
  2.01620188  1.78191204  1.58151607  1.1253343   1.58819451 -2.44421553
 -2.50736831  1.78907464  1.03427332 -0.29185951 -2.47720479  1.43098413
 -1.04394905 -3.04762155 -0.04720536  1.89751433 -2.70128423 -2.36816721
  1.87611943  1.0296668  -0.62617447 -0.49631255 -0.92140697  1.96405295
  0.47262293 -0.35622567  0.40183238 -2.26662863  1.2613654  -0.15330611
  2.40236008  1.23319698  2.87809176 -1.05734003  2.1017124  -0.42989487
 -3.26841371  2.20322116  0.81147215  1.92881197 -1.2891981   1.43910797
 -2.12172311  0.20898478  0.08303702 -2.79059103 -0.90191383 -2.39307421
  0.07227638 -0.56898779]
Sat May 25 17:16:23 2024,491,0.09593800711216964,[-4.65846351  2.36664389 -1.84106211 -0.1240979   0.18672511 -2.68764979
  3.01283091  2.10571318  1.45518652 -0.92535953  0.61239984  1.09170286
  1.1320994  -1.54196597  0.77712886  2.80621664 -0.79815362 -0.63691926
 -1.75472054  0.60195694  1.67657038  2.99185785 -1.20875603 -0.31571161
 -2.42357654 -2.33803658  2.99457934  2.76322717 -0.54433406 -2.36481362
  1.48280867 -0.05850841 -2.31787381  2.09556396  1.28954169 -0.63853839
  0.84777252 -2.31880651 -0.02589685  2.15333016 -0.16394323  0.38886723
  2.71395638  1.04622182  2.46285487  3.16174673  2.64140685 -2.93932944
  0.26537422 -0.81572805  1.75888725  2.86399324 -0.51095139 -2.31763421
  2.78737076 -3.21076857  0.79394353 -0.6348785  -1.74135846  2.6981824
 -1.80955145 -1.58813166 -2.30391388  2.18800926 -2.45128515  2.13559745
  2.07465254  1.53540866  2.383085    2.80474814  1.64885981  1.20012617
 -1.51324504 -2.22927496  1.47130095  0.7119431   1.31361799 -3.01402317
 -0.37770354  2.51831775 -1.03585571  1.28751895  1.48329233  0.54455057
 -0.83302124  1.11514374  0.66824141 -0.38370118  2.8047379  -1.99307102
  1.53804545 -0.48681112  1.09033775 -2.84976577 -2.45832307  0.45773135
 -1.16150524 -0.4945763   0.36531522 -0.11126842 -1.65032697 -0.04116928
 -0.85970603  2.8118099  -1.0623993  -1.38013604 -0.94883227  1.07796599
  1.85224586 -0.69616499  1.97232817 -2.1941752  -0.34727727 -0.73251591
 -2.89008141  3.16480399 -1.63194617  3.1352253  -1.26602425 -2.70847955
  3.36217299 -1.23322159 -0.77649772 -2.88407637 -2.71720617  2.54564057
 -2.13655142 -2.04712534 -0.18155072  3.14998812  0.24664393  0.21384778
 -1.2502027  -0.67764102 -1.7337689  -3.03024983  2.87032684  1.23550933
 -0.48570762 -2.18838575  1.10971132 -1.10585615 -0.49042533 -2.73954037
 -2.06517011  1.86554858 -0.87381305  2.62185242 -0.45419656 -2.67151302
 -2.82019462  2.26182859 -3.14423359 -0.44537033 -1.00234858 -0.24660708
  2.34754212  1.84025291  0.01820653 -2.55288802 -2.65892031  0.24436893
 -0.76666352  1.24524142 -2.62771061  1.12505181 -0.38397727  0.42076428
  1.91903381  0.45811728  0.65074732 -1.27156881  1.79161043  2.93982582
  0.99594073  0.22180304 -1.14181076  2.42278816  0.72674002 -1.90977405
 -0.05037668  1.87092315  0.98664719 -1.08002816 -2.30130801  2.22238495
  2.00398612  1.9283225   2.29723264  1.91578532 -1.66121659 -3.10389688
  0.42852331  1.34475913 -2.26275502 -1.12583572  2.31183616  1.39294642
 -0.27195541 -1.8444223  -1.64823767  1.96528196  1.30723939 -1.01188289
 -0.23075505 -0.69308977 -0.30338969  2.30245971 -0.661938   -0.93534247
  0.77590869 -2.35268876  0.5902674   2.78422773 -0.35243105  2.04722708
 -1.86126473 -1.35336609 -2.59736751 -2.42273174 -1.50153206 -3.0289653
  2.01620207  1.78191223  1.58151626  1.12533449  1.58819432 -2.44421534
 -2.5073685   1.78907445  1.03427313 -0.29185932 -2.4772046   1.43098394
 -1.04394886 -3.04762174 -0.04720516  1.89751414 -2.70128442 -2.3681674
  1.87611924  1.02966699 -0.62617428 -0.49631275 -0.92140678  1.96405314
  0.47262312 -0.35622548  0.40183257 -2.26662882  1.26136559 -0.15330592
  2.40236027  1.23319679  2.87809157 -1.05734022  2.10171259 -0.42989468
 -3.26841352  2.20322136  0.81147234  1.92881216 -1.28919791  1.43910816
 -2.1217233   0.20898459  0.08303722 -2.79059122 -0.90191402 -2.3930744
  0.07227619 -0.5689876 ]
Sat May 25 17:16:48 2024,492,0.09593800709918024,[-4.6584637   2.3666437  -1.84106192 -0.12409771  0.1867253  -2.6876496
  3.01283072  2.10571299  1.4551867  -0.92535934  0.61239965  1.09170267
  1.13209921 -1.54196616  0.77712905  2.80621645 -0.79815381 -0.63691945
 -1.75472036  0.60195712  1.67657057  2.99185766 -1.20875621 -0.31571179
 -2.42357673 -2.3380364   2.99457915  2.76322736 -0.54433425 -2.3648138
  1.48280848 -0.05850859 -2.31787399  2.09556377  1.2895415  -0.63853858
  0.84777271 -2.3188067  -0.02589666  2.15333035 -0.16394304  0.38886704
  2.71395657  1.04622201  2.46285506  3.16174654  2.64140704 -2.93932925
  0.26537441 -0.81572787  1.75888706  2.86399305 -0.51095121 -2.31763403
  2.78737095 -3.21076838  0.79394334 -0.63487831 -1.74135864  2.69818259
 -1.80955126 -1.58813185 -2.30391407  2.18800945 -2.45128534  2.13559764
  2.07465235  1.53540885  2.38308519  2.80474832  1.64885963  1.20012598
 -1.51324485 -2.22927515  1.47130114  0.71194328  1.31361818 -3.01402336
 -0.37770335  2.51831756 -1.03585553  1.28751914  1.48329252  0.54455038
 -0.83302105  1.11514393  0.66824123 -0.38370137  2.80473808 -1.99307121
  1.53804563 -0.48681131  1.09033756 -2.84976595 -2.45832326  0.45773117
 -1.16150505 -0.49457649  0.36531503 -0.11126823 -1.65032678 -0.04116909
 -0.85970622  2.81181009 -1.06239911 -1.38013586 -0.94883246  1.0779658
  1.85224605 -0.6961648   1.97232798 -2.19417501 -0.34727709 -0.73251572
 -2.8900816   3.16480418 -1.63194598  3.13522549 -1.26602444 -2.70847973
  3.3621728  -1.23322178 -0.77649791 -2.88407655 -2.71720636  2.54564075
 -2.1365516  -2.04712553 -0.18155053  3.14998831  0.24664412  0.21384797
 -1.25020252 -0.6776412  -1.73376871 -3.03024964  2.87032666  1.23550914
 -0.48570743 -2.18838556  1.10971151 -1.10585634 -0.49042515 -2.73954018
 -2.0651703   1.86554839 -0.87381286  2.62185223 -0.45419637 -2.67151283
 -2.82019444  2.2618284  -3.14423341 -0.44537014 -1.00234877 -0.24660689
  2.34754231  1.8402531   0.01820671 -2.55288783 -2.6589205   0.24436911
 -0.7666637   1.24524161 -2.62771042  1.12505162 -0.38397708  0.42076447
  1.919034    0.45811709  0.65074751 -1.271569    1.79161024  2.93982563
  0.99594092  0.22180286 -1.14181095  2.42278834  0.72674021 -1.90977423
 -0.05037686  1.87092334  0.98664701 -1.08002835 -2.30130782  2.22238477
  2.00398631  1.92832269  2.29723245  1.91578513 -1.66121678 -3.10389707
  0.42852312  1.34475932 -2.26275484 -1.12583553  2.31183634  1.39294624
 -0.27195522 -1.84442211 -1.64823786  1.96528215  1.3072392  -1.01188308
 -0.23075524 -0.69308995 -0.30338987  2.3024599  -0.66193819 -0.93534266
  0.77590887 -2.35268857  0.59026721  2.78422754 -0.35243086  2.04722727
 -1.86126491 -1.35336628 -2.5973677  -2.42273155 -1.50153188 -3.02896511
  2.01620226  1.78191205  1.58151645  1.12533468  1.58819413 -2.44421552
 -2.50736831  1.78907427  1.03427294 -0.29185951 -2.47720441  1.43098412
 -1.04394867 -3.04762193 -0.04720535  1.89751395 -2.70128423 -2.36816759
  1.87611905  1.02966718 -0.62617447 -0.49631256 -0.92140697  1.96405333
  0.47262293 -0.35622529  0.40183276 -2.26662863  1.26136578 -0.1533061
  2.40236008  1.2331966   2.87809176 -1.05734003  2.1017124  -0.42989449
 -3.26841334  2.20322154  0.81147253  1.92881197 -1.28919772  1.43910797
 -2.12172349  0.20898478  0.08303703 -2.79059141 -0.9019142  -2.39307421
  0.07227638 -0.56898742]
Sat May 25 17:17:27 2024,493,0.09593800708646491,[-4.65846388  2.36664388 -1.84106173 -0.12409753  0.18672512 -2.68764941
  3.01283091  2.10571281  1.45518652 -0.92535916  0.61239946  1.09170285
  1.13209939 -1.54196634  0.77712887  2.80621663 -0.79815362 -0.63691926
 -1.75472017  0.60195694  1.67657038  2.99185748 -1.2087564  -0.31571198
 -2.42357691 -2.33803658  2.99457934  2.76322717 -0.54433407 -2.36481362
  1.48280866 -0.05850841 -2.31787418  2.09556359  1.28954132 -0.63853876
  0.84777289 -2.31880688 -0.02589684  2.15333017 -0.16394286  0.38886686
  2.71395676  1.0462222   2.46285525  3.16174673  2.64140685 -2.93932944
  0.26537459 -0.81572805  1.75888687  2.86399287 -0.51095139 -2.31763384
  2.78737113 -3.21076857  0.79394316 -0.63487813 -1.74135846  2.69818278
 -1.80955108 -1.58813166 -2.30391426  2.18800927 -2.45128552  2.13559746
  2.07465217  1.53540866  2.38308501  2.80474814  1.64885981  1.20012579
 -1.51324466 -2.22927496  1.47130095  0.7119431   1.31361836 -3.01402318
 -0.37770354  2.51831738 -1.03585571  1.28751895  1.4832927   0.5445502
 -0.83302087  1.11514375  0.66824104 -0.38370156  2.80473827 -1.99307102
  1.53804545 -0.48681113  1.09033737 -2.84976614 -2.45832345  0.45773098
 -1.16150524 -0.49457631  0.36531521 -0.11126841 -1.6503266  -0.04116927
 -0.8597064   2.8118099  -1.0623993  -1.38013567 -0.94883227  1.07796562
  1.85224624 -0.69616461  1.97232816 -2.19417483 -0.34727727 -0.7325159
 -2.89008178  3.164804   -1.6319458   3.13522567 -1.26602462 -2.70847955
  3.36217262 -1.23322159 -0.77649809 -2.88407674 -2.71720617  2.54564094
 -2.13655142 -2.04712571 -0.18155035  3.14998812  0.24664394  0.21384778
 -1.25020233 -0.67764139 -1.7337689  -3.03024983  2.87032684  1.23550933
 -0.48570761 -2.18838538  1.10971169 -1.10585652 -0.49042533 -2.73954
 -2.06517012  1.86554821 -0.87381304  2.62185241 -0.45419618 -2.67151301
 -2.82019462  2.26182858 -3.14423359 -0.44537032 -1.00234895 -0.24660708
  2.34754249  1.84025329  0.01820653 -2.55288802 -2.65892068  0.2443693
 -0.76666352  1.24524179 -2.6277106   1.12505144 -0.3839769   0.42076465
  1.91903418  0.4581169   0.65074769 -1.27156881  1.79161043  2.93982544
  0.99594111  0.22180267 -1.14181113  2.42278853  0.72674002 -1.90977442
 -0.05037705  1.87092316  0.98664682 -1.08002816 -2.30130801  2.22238458
  2.00398649  1.92832251  2.29723263  1.91578495 -1.66121696 -3.10389689
  0.4285233   1.34475913 -2.26275502 -1.12583571  2.31183653  1.39294605
 -0.27195541 -1.84442193 -1.64823804  1.96528234  1.30723939 -1.01188326
 -0.23075542 -0.69309014 -0.30338969  2.30245972 -0.661938   -0.93534284
  0.77590906 -2.35268838  0.5902674   2.78422773 -0.35243068  2.04722709
 -1.86126473 -1.35336609 -2.59736788 -2.42273174 -1.50153169 -3.0289653
  2.01620207  1.78191223  1.58151627  1.12533486  1.58819432 -2.44421534
 -2.50736813  1.78907445  1.03427313 -0.29185969 -2.4772046   1.43098394
 -1.04394848 -3.04762175 -0.04720554  1.89751414 -2.70128441 -2.3681674
  1.87611923  1.02966699 -0.62617428 -0.49631237 -0.92140678  1.96405351
  0.47262275 -0.35622511  0.40183257 -2.26662882  1.26136597 -0.15330629
  2.4023599   1.23319642  2.87809158 -1.05733985  2.10171222 -0.4298943
 -3.26841315  2.20322136  0.81147271  1.92881179 -1.28919754  1.43910816
 -2.12172331  0.2089846   0.08303721 -2.79059159 -0.90191439 -2.39307403
  0.07227619 -0.56898723]
Sat May 25 17:17:58 2024,494,0.09593800707401687,[-4.65846406  2.3666437  -1.84106192 -0.12409771  0.1867253  -2.6876496
  3.01283109  2.10571263  1.4551867  -0.92535898  0.61239965  1.09170267
  1.13209921 -1.54196616  0.77712869  2.80621681 -0.79815344 -0.63691944
 -1.75472035  0.60195712  1.67657056  2.99185766 -1.20875622 -0.31571216
 -2.42357709 -2.33803676  2.99457952  2.76322699 -0.54433389 -2.3648138
  1.48280848 -0.05850859 -2.31787436  2.09556377  1.2895415  -0.63853858
  0.84777307 -2.3188067  -0.02589666  2.15332999 -0.16394304  0.38886668
  2.71395694  1.04622238  2.46285543  3.16174691  2.64140667 -2.93932962
  0.26537441 -0.81572823  1.75888669  2.86399268 -0.51095157 -2.31763402
  2.78737095 -3.21076839  0.79394334 -0.63487831 -1.74135828  2.6981826
 -1.80955089 -1.58813184 -2.30391444  2.18800945 -2.45128534  2.13559728
  2.07465235  1.53540885  2.38308519  2.80474832  1.64885999  1.20012561
 -1.51324484 -2.22927478  1.47130113  0.71194328  1.31361818 -3.01402336
 -0.37770335  2.51831756 -1.03585553  1.28751913  1.48329288  0.54455002
 -0.83302069  1.11514357  0.66824122 -0.38370138  2.80473845 -1.99307084
  1.53804527 -0.48681095  1.09033719 -2.84976632 -2.45832327  0.4577308
 -1.16150542 -0.49457613  0.36531539 -0.11126823 -1.65032678 -0.04116909
 -0.85970658  2.81180972 -1.06239912 -1.38013549 -0.94883209  1.0779658
  1.85224642 -0.69616479  1.97232798 -2.19417501 -0.34727709 -0.73251608
 -2.89008196  3.16480382 -1.63194598  3.13522549 -1.26602444 -2.70847937
  3.36217244 -1.23322177 -0.77649827 -2.88407656 -2.71720599  2.54564076
 -2.13655124 -2.04712589 -0.18155053  3.14998794  0.24664412  0.21384796
 -1.25020215 -0.67764157 -1.73376908 -3.03025001  2.87032702  1.23550915
 -0.48570779 -2.18838519  1.10971188 -1.10585671 -0.49042551 -2.73953982
 -2.06516994  1.86554803 -0.87381322  2.62185223 -0.454196   -2.67151319
 -2.82019444  2.2618284  -3.14423377 -0.44537014 -1.00234877 -0.2466069
  2.34754231  1.84025311  0.01820671 -2.5528882  -2.6589205   0.24436912
 -0.7666637   1.24524161 -2.62771078  1.12505162 -0.38397708  0.42076483
  1.919034    0.45811708  0.65074751 -1.27156863  1.79161061  2.93982563
  0.99594129  0.22180285 -1.14181131  2.42278835  0.7267402  -1.9097746
 -0.05037723  1.87092334  0.986647   -1.08002798 -2.30130783  2.2223844
  2.00398631  1.92832269  2.29723282  1.91578477 -1.66121678 -3.10389707
  0.42852312  1.34475932 -2.26275484 -1.12583589  2.31183671  1.39294623
 -0.27195559 -1.84442175 -1.64823786  1.96528252  1.30723957 -1.01188308
 -0.23075561 -0.69309032 -0.30338987  2.3024599  -0.66193782 -0.93534266
  0.77590888 -2.3526882   0.59026758  2.78422791 -0.35243049  2.04722691
 -1.86126491 -1.35336591 -2.59736806 -2.42273192 -1.50153151 -3.02896512
  2.01620189  1.78191205  1.58151608  1.12533468  1.5881945  -2.44421552
 -2.50736794  1.78907427  1.03427331 -0.29185951 -2.47720442  1.43098376
 -1.04394866 -3.04762157 -0.04720572  1.89751432 -2.7012846  -2.36816758
  1.87611905  1.02966681 -0.6261741  -0.49631255 -0.9214066   1.96405369
  0.47262257 -0.35622529  0.40183239 -2.26662864  1.26136615 -0.15330647
  2.40235972  1.23319624  2.8780914  -1.05733967  2.10171204 -0.42989448
 -3.26841333  2.20322118  0.81147253  1.92881161 -1.28919772  1.43910798
 -2.12172349  0.20898478  0.08303739 -2.79059178 -0.90191457 -2.39307385
  0.07227637 -0.56898705]
Sat May 25 17:18:24 2024,495,0.09593800706182946,[-4.65846424  2.36664388 -1.84106174 -0.12409753  0.18672547 -2.68764977
  3.01283091  2.10571245  1.45518652 -0.9253588   0.61239982  1.09170285
  1.13209939 -1.54196598  0.77712886  2.80621664 -0.79815362 -0.63691927
 -1.75472053  0.6019573   1.67657074  2.99185748 -1.20875639 -0.31571198
 -2.42357727 -2.33803694  2.99457969  2.76322717 -0.54433371 -2.36481398
  1.48280866 -0.05850841 -2.31787418  2.09556359  1.28954168 -0.63853841
  0.8477729  -2.31880688 -0.02589684  2.15332981 -0.16394286  0.38886686
  2.71395676  1.04622255  2.46285525  3.16174673  2.64140685 -2.93932944
  0.26537423 -0.81572841  1.75888687  2.86399286 -0.51095175 -2.3176342
  2.78737077 -3.21076821  0.79394351 -0.63487813 -1.74135846  2.69818242
 -1.80955107 -1.58813167 -2.30391461  2.18800927 -2.45128516  2.1355971
  2.07465217  1.53540902  2.38308501  2.8047485   1.64886017  1.20012544
 -1.51324467 -2.2292746   1.47130131  0.7119431   1.31361836 -3.01402353
 -0.37770318  2.51831738 -1.03585571  1.28751931  1.48329306  0.54455019
 -0.83302051  1.11514339  0.6682414  -0.3837012   2.80473827 -1.99307102
  1.53804509 -0.48681112  1.09033702 -2.84976614 -2.45832344  0.45773062
 -1.1615056  -0.49457595  0.36531522 -0.11126841 -1.6503266  -0.04116891
 -0.85970676  2.8118099  -1.06239929 -1.38013531 -0.94883192  1.07796562
  1.85224624 -0.69616497  1.97232816 -2.19417483 -0.34727691 -0.73251626
 -2.89008178  3.16480364 -1.63194616  3.13522531 -1.26602462 -2.70847919
  3.36217226 -1.23322195 -0.77649845 -2.88407674 -2.71720617  2.54564058
 -2.13655142 -2.04712571 -0.18155071  3.14998812  0.24664394  0.21384779
 -1.25020233 -0.67764139 -1.73376926 -3.03025018  2.87032684  1.23550897
 -0.48570797 -2.18838537  1.10971205 -1.10585653 -0.49042533 -2.73954
 -2.06516976  1.86554785 -0.8738134   2.62185241 -0.45419618 -2.67151302
 -2.82019426  2.26182858 -3.14423395 -0.44536996 -1.00234895 -0.24660707
  2.34754249  1.84025328  0.01820653 -2.55288838 -2.65892068  0.24436929
 -0.76666352  1.24524144 -2.62771061  1.12505144 -0.38397726  0.42076465
  1.91903418  0.45811691  0.65074769 -1.27156846  1.79161043  2.93982545
  0.99594146  0.22180268 -1.14181149  2.42278817  0.72674038 -1.90977478
 -0.05037705  1.87092352  0.98664683 -1.08002816 -2.301308    2.22238458
  2.00398613  1.92832251  2.29723299  1.91578459 -1.66121696 -3.10389725
  0.42852295  1.34475949 -2.26275466 -1.12583607  2.31183653  1.39294606
 -0.27195576 -1.84442157 -1.64823804  1.96528269  1.30723939 -1.01188291
 -0.23075543 -0.69309014 -0.30338969  2.30246007 -0.66193764 -0.93534248
  0.77590905 -2.35268803  0.5902674   2.78422809 -0.35243032  2.04722673
 -1.86126509 -1.35336573 -2.59736789 -2.4227321  -1.50153133 -3.02896494
  2.01620172  1.78191187  1.58151626  1.12533486  1.58819432 -2.4442157
 -2.50736812  1.78907445  1.03427313 -0.29185933 -2.47720424  1.43098394
 -1.04394849 -3.04762139 -0.04720554  1.89751449 -2.70128442 -2.36816741
  1.87611887  1.02966664 -0.62617428 -0.49631238 -0.92140678  1.96405352
  0.47262239 -0.35622511  0.40183257 -2.26662881  1.26136632 -0.15330629
  2.4023599   1.23319641  2.87809122 -1.05733984  2.10171186 -0.42989431
 -3.26841316  2.203221    0.81147235  1.92881143 -1.28919754  1.4391078
 -2.12172331  0.2089846   0.08303757 -2.7905916  -0.90191439 -2.39307403
  0.07227655 -0.56898723]
Sat May 25 17:19:13 2024,496,0.09593800704989582,[-4.65846441  2.36664371 -1.84106156 -0.12409736  0.1867253  -2.68764995
  3.01283109  2.10571228  1.4551867  -0.92535897  0.6124      1.09170268
  1.13209922 -1.54196616  0.77712869  2.80621681 -0.79815344 -0.63691909
 -1.75472036  0.60195747  1.67657057  2.99185731 -1.20875622 -0.31571216
 -2.4235771  -2.33803711  2.99457987  2.763227   -0.54433354 -2.3648138
  1.48280883 -0.05850824 -2.31787401  2.09556376  1.2895415  -0.63853823
  0.84777272 -2.31880671 -0.02589667  2.15332963 -0.16394269  0.38886703
  2.71395693  1.04622273  2.46285508  3.16174656  2.64140702 -2.93932926
  0.26537441 -0.81572858  1.75888704  2.86399269 -0.51095192 -2.31763438
  2.7873706  -3.21076803  0.79394334 -0.63487831 -1.74135863  2.69818224
 -1.8095509  -1.58813184 -2.30391444  2.18800944 -2.45128499  2.13559727
  2.07465235  1.53540885  2.38308518  2.80474832  1.64885999  1.20012561
 -1.51324484 -2.22927478  1.47130149  0.71194293  1.31361853 -3.01402371
 -0.37770335  2.51831756 -1.03585553  1.28751949  1.48329324  0.54455037
 -0.83302033  1.11514321  0.66824123 -0.38370137  2.8047381  -1.99307084
  1.53804526 -0.48681095  1.09033719 -2.84976597 -2.45832362  0.45773045
 -1.16150577 -0.49457578  0.36531504 -0.11126859 -1.65032678 -0.04116909
 -0.85970693  2.81181007 -1.06239947 -1.38013514 -0.94883209  1.07796545
  1.85224607 -0.6961648   1.97232798 -2.19417501 -0.34727709 -0.73251609
 -2.89008196  3.16480346 -1.63194598  3.13522514 -1.26602479 -2.70847937
  3.36217244 -1.23322178 -0.77649828 -2.88407691 -2.717206    2.54564041
 -2.13655159 -2.04712589 -0.18155053  3.14998795  0.24664377  0.21384796
 -1.25020216 -0.67764156 -1.73376908 -3.03025036  2.87032667  1.2355088
 -0.4857078  -2.1883852   1.10971223 -1.10585635 -0.49042516 -2.73953982
 -2.06516993  1.86554768 -0.87381323  2.62185258 -0.45419601 -2.67151284
 -2.82019409  2.26182876 -3.14423378 -0.44536979 -1.00234877 -0.24660725
  2.34754232  1.84025311  0.01820671 -2.5528882  -2.65892085  0.24436947
 -0.76666335  1.24524161 -2.62771043  1.12505161 -0.38397743  0.42076483
  1.919034    0.45811673  0.65074752 -1.27156863  1.7916106   2.93982562
  0.99594129  0.2218025  -1.14181132  2.42278834  0.72674056 -1.9097746
 -0.05037688  1.87092334  0.98664665 -1.08002833 -2.30130783  2.22238475
  2.00398631  1.92832268  2.29723317  1.91578477 -1.66121713 -3.10389707
  0.42852312  1.34475932 -2.26275449 -1.12583625  2.3118367   1.39294588
 -0.27195559 -1.84442139 -1.64823787  1.96528252  1.30723922 -1.01188308
 -0.23075525 -0.69309032 -0.30338987  2.3024599  -0.66193782 -0.93534231
  0.77590888 -2.3526882   0.59026758  2.78422826 -0.35243049  2.0472269
 -1.86126491 -1.35336591 -2.59736806 -2.42273192 -1.50153151 -3.02896511
  2.01620154  1.78191205  1.58151644  1.12533503  1.5881945  -2.44421552
 -2.5073683   1.78907462  1.03427296 -0.29185916 -2.47720441  1.43098376
 -1.04394866 -3.04762121 -0.04720537  1.89751467 -2.70128424 -2.36816723
  1.87611905  1.02966681 -0.62617446 -0.49631255 -0.9214066   1.96405334
  0.47262222 -0.35622529  0.40183274 -2.26662864  1.2613665  -0.15330646
  2.40236007  1.23319659  2.87809139 -1.05734002  2.10171169 -0.42989413
 -3.26841298  2.20322083  0.81147218  1.92881126 -1.28919772  1.43910762
 -2.12172314  0.20898443  0.08303774 -2.79059142 -0.90191457 -2.39307385
  0.07227672 -0.56898706]
Sat May 25 17:19:49 2024,497,0.09593800703820934,[-4.65846459  2.36664353 -1.84106139 -0.12409719  0.18672547 -2.68764978
  3.01283126  2.10571245  1.45518687 -0.92535914  0.61240017  1.09170251
  1.13209939 -1.54196633  0.77712852  2.80621664 -0.79815362 -0.63691892
 -1.75472053  0.60195764  1.6765704   2.99185748 -1.20875639 -0.31571198
 -2.42357727 -2.33803728  2.9945797   2.76322717 -0.54433371 -2.36481398
  1.48280866 -0.05850841 -2.31787418  2.09556394  1.28954133 -0.6385384
  0.84777255 -2.31880688 -0.02589684  2.15332946 -0.16394286  0.3888672
  2.71395676  1.0462229   2.4628549   3.16174673  2.64140685 -2.93932909
  0.26537458 -0.81572875  1.75888687  2.86399286 -0.51095209 -2.31763455
  2.78737043 -3.21076786  0.79394317 -0.63487814 -1.7413588   2.69818207
 -1.80955073 -1.58813167 -2.30391427  2.18800927 -2.45128516  2.1355971
  2.07465252  1.53540868  2.38308501  2.80474815  1.64886016  1.20012544
 -1.51324501 -2.22927495  1.47130166  0.7119431   1.31361836 -3.01402388
 -0.37770318  2.51831738 -1.03585536  1.28751966  1.48329306  0.5445502
 -0.83302051  1.11514338  0.6682414  -0.38370154  2.80473827 -1.99307067
  1.53804544 -0.48681112  1.09033702 -2.8497658  -2.45832379  0.45773062
 -1.16150594 -0.4945756   0.36531521 -0.11126876 -1.6503266  -0.04116926
 -0.8597071   2.8118099  -1.0623993  -1.38013497 -0.94883226  1.07796562
  1.85224589 -0.69616497  1.97232816 -2.19417484 -0.34727726 -0.73251626
 -2.89008213  3.16480364 -1.63194615  3.13522531 -1.26602462 -2.70847954
  3.36217261 -1.23322195 -0.77649811 -2.88407708 -2.71720617  2.54564058
 -2.13655142 -2.04712606 -0.18155036  3.14998812  0.24664394  0.21384813
 -1.25020233 -0.67764139 -1.73376925 -3.03025019  2.87032684  1.23550862
 -0.48570797 -2.18838503  1.10971206 -1.10585652 -0.49042533 -2.73953999
 -2.06516976  1.86554751 -0.8738134   2.62185275 -0.45419584 -2.67151301
 -2.82019426  2.26182893 -3.14423395 -0.44536996 -1.0023486  -0.24660708
  2.34754215  1.84025294  0.01820688 -2.55288803 -2.65892102  0.24436964
 -0.76666318  1.24524144 -2.6277106   1.12505178 -0.38397726  0.42076466
  1.91903383  0.4581169   0.65074769 -1.2715688   1.79161043  2.93982579
  0.99594112  0.22180267 -1.14181149  2.42278852  0.72674073 -1.90977443
 -0.05037705  1.87092317  0.98664682 -1.08002816 -2.301308    2.22238458
  2.00398648  1.92832286  2.29723334  1.9157846  -1.66121731 -3.1038969
  0.42852295  1.34475949 -2.26275466 -1.12583607  2.31183688  1.39294605
 -0.27195576 -1.84442122 -1.6482377   1.96528235  1.30723905 -1.01188325
 -0.23075508 -0.69309049 -0.30338969  2.30245973 -0.66193799 -0.93534248
  0.77590905 -2.35268837  0.59026775  2.78422809 -0.35243066  2.04722707
 -1.86126474 -1.35336574 -2.59736823 -2.42273175 -1.50153134 -3.02896494
  2.01620137  1.78191222  1.58151626  1.12533486  1.58819467 -2.4442157
 -2.50736813  1.78907445  1.03427313 -0.29185899 -2.47720424  1.43098359
 -1.04394849 -3.04762138 -0.04720519  1.89751484 -2.70128407 -2.36816706
  1.87611888  1.02966664 -0.62617463 -0.49631272 -0.92140643  1.96405351
  0.47262205 -0.35622546  0.40183292 -2.26662881  1.26136667 -0.15330664
  2.4023599   1.23319676  2.87809156 -1.05734019  2.10171152 -0.42989396
 -3.26841315  2.20322066  0.81147201  1.92881109 -1.28919789  1.4391078
 -2.12172297  0.20898426  0.08303757 -2.79059125 -0.90191439 -2.39307402
  0.07227689 -0.56898723]
Sat May 25 17:20:37 2024,498,0.09593800702676436,[-4.65846475  2.36664337 -1.84106122 -0.12409736  0.18672564 -2.68764994
  3.01283109  2.10571262  1.4551867  -0.92535931  0.61240034  1.09170267
  1.13209956 -1.54196616  0.77712835  2.80621647 -0.79815345 -0.63691875
 -1.75472036  0.60195781  1.67657056  2.99185765 -1.20875656 -0.31571215
 -2.42357744 -2.33803712  2.99457986  2.763227   -0.54433388 -2.36481381
  1.48280849 -0.05850824 -2.31787435  2.0955641   1.28954116 -0.63853857
  0.84777238 -2.31880671 -0.02589667  2.15332929 -0.16394269  0.38886737
  2.71395659  1.04622307  2.46285507  3.1617469   2.64140702 -2.93932926
  0.26537475 -0.81572892  1.75888671  2.86399303 -0.51095226 -2.31763471
  2.7873706  -3.2107677   0.79394334 -0.63487797 -1.74135863  2.69818224
 -1.80955089 -1.5881315  -2.30391444  2.1880091  -2.45128533  2.13559727
  2.07465269  1.53540885  2.38308518  2.80474832  1.64886033  1.20012561
 -1.51324484 -2.22927478  1.47130182  0.71194293  1.31361853 -3.01402405
 -0.37770335  2.51831722 -1.03585519  1.28751982  1.48329323  0.54455003
 -0.83302067  1.11514355  0.66824156 -0.38370171  2.8047381  -1.99307084
  1.5380456  -0.48681129  1.09033685 -2.84976596 -2.45832362  0.45773079
 -1.16150577 -0.49457577  0.36531538 -0.11126859 -1.65032677 -0.04116943
 -0.85970694  2.81181007 -1.06239913 -1.38013514 -0.94883209  1.07796545
  1.85224573 -0.69616514  1.97232799 -2.194175   -0.34727709 -0.73251643
 -2.8900823   3.1648038  -1.63194632  3.13522514 -1.26602479 -2.70847937
  3.36217244 -1.23322178 -0.77649794 -2.88407725 -2.71720633  2.54564075
 -2.13655159 -2.04712623 -0.18155053  3.14998828  0.24664377  0.2138483
 -1.25020249 -0.67764156 -1.73376908 -3.03025035  2.87032667  1.23550846
 -0.4857078  -2.18838519  1.10971189 -1.10585636 -0.49042516 -2.73953982
 -2.0651696   1.86554734 -0.87381357  2.62185259 -0.454196   -2.67151318
 -2.82019409  2.26182876 -3.14423378 -0.44537013 -1.00234843 -0.24660724
  2.34754198  1.84025311  0.01820705 -2.5528882  -2.65892119  0.24436947
 -0.76666335  1.24524127 -2.62771043  1.12505195 -0.38397743  0.42076449
  1.919034    0.45811707  0.65074752 -1.27156897  1.7916106   2.93982563
  0.99594129  0.22180284 -1.14181166  2.42278868  0.72674056 -1.90977426
 -0.05037721  1.870923    0.98664665 -1.08002799 -2.30130783  2.22238475
  2.00398631  1.92832269  2.29723351  1.91578476 -1.66121714 -3.10389707
  0.42852278  1.34475966 -2.26275449 -1.12583591  2.31183704  1.39294588
 -0.27195559 -1.84442105 -1.64823786  1.96528252  1.30723888 -1.01188308
 -0.23075525 -0.69309032 -0.30338953  2.3024599  -0.66193782 -0.93534265
  0.77590922 -2.35268854  0.59026758  2.78422792 -0.35243049  2.04722691
 -1.86126491 -1.35336557 -2.5973684  -2.42273192 -1.5015315  -3.02896511
  2.01620154  1.78191239  1.58151643  1.12533503  1.58819483 -2.44421553
 -2.50736796  1.78907428  1.03427296 -0.29185915 -2.47720441  1.43098376
 -1.04394832 -3.04762122 -0.04720536  1.89751501 -2.70128424 -2.36816689
  1.87611905  1.02966647 -0.62617479 -0.49631289 -0.9214066   1.96405335
  0.47262188 -0.35622529  0.40183275 -2.26662898  1.2613665  -0.1533068
  2.40235973  1.23319693  2.87809173 -1.05734036  2.10171168 -0.42989413
 -3.26841298  2.20322049  0.81147218  1.92881125 -1.28919806  1.43910763
 -2.12172313  0.20898442  0.0830374  -2.79059108 -0.90191423 -2.39307419
  0.07227706 -0.56898706]
Sat May 25 17:21:11 2024,499,0.09593800701555383,[-4.65846492  2.36664353 -1.84106106 -0.12409752  0.18672547 -2.68765011
  3.01283125  2.10571245  1.45518654 -0.92535948  0.61240017  1.09170284
  1.13209939 -1.54196633  0.77712852  2.80621664 -0.79815361 -0.63691892
 -1.75472052  0.60195798  1.67657073  2.99185748 -1.20875672 -0.31571232
 -2.42357727 -2.33803695  2.99458003  2.76322684 -0.54433371 -2.36481397
  1.48280833 -0.05850808 -2.31787451  2.09556394  1.289541   -0.63853874
  0.84777255 -2.31880655 -0.02589651  2.15332946 -0.16394286  0.38886721
  2.71395643  1.0462229   2.46285524  3.16174706  2.64140719 -2.93932943
  0.26537458 -0.81572909  1.75888687  2.86399319 -0.5109521  -2.31763455
  2.78737076 -3.21076786  0.7939435  -0.63487813 -1.74135847  2.69818208
 -1.80955073 -1.58813134 -2.3039146   2.18800894 -2.45128516  2.13559744
  2.07465285  1.53540868  2.38308535  2.80474849  1.64886017  1.20012544
 -1.51324501 -2.22927462  1.47130166  0.7119431   1.31361869 -3.01402388
 -0.37770318  2.51831738 -1.03585536  1.28751999  1.4832934   0.54454986
 -0.83302051  1.11514339  0.6682414  -0.38370188  2.80473826 -1.99307068
  1.53804544 -0.48681145  1.09033669 -2.8497658  -2.45832345  0.45773095
 -1.16150594 -0.49457594  0.36531522 -0.11126842 -1.65032694 -0.04116959
 -0.85970677  2.8118099  -1.06239929 -1.3801353  -0.94883193  1.07796528
  1.85224589 -0.6961653   1.97232782 -2.19417484 -0.34727692 -0.73251659
 -2.89008213  3.16480397 -1.63194649  3.13522531 -1.26602495 -2.70847953
  3.3621726  -1.23322194 -0.77649777 -2.88407708 -2.71720617  2.54564058
 -2.13655175 -2.04712639 -0.18155036  3.14998812  0.2466436   0.21384814
 -1.25020233 -0.67764173 -1.73376892 -3.03025052  2.87032651  1.23550862
 -0.48570796 -2.18838503  1.10971205 -1.10585652 -0.49042533 -2.73953999
 -2.06516943  1.8655475  -0.8738134   2.62185275 -0.45419584 -2.67151302
 -2.82019426  2.26182892 -3.14423394 -0.44536996 -1.00234827 -0.24660741
  2.34754214  1.84025327  0.01820688 -2.55288803 -2.65892103  0.24436964
 -0.76666318  1.24524144 -2.6277106   1.12505212 -0.38397759  0.42076432
  1.91903383  0.45811724  0.65074769 -1.2715688   1.79161077  2.93982579
  0.99594112  0.22180268 -1.14181149  2.42278885  0.72674039 -1.9097741
 -0.05037705  1.87092284  0.98664649 -1.08002816 -2.301308    2.22238459
  2.00398615  1.92832285  2.29723334  1.9157846  -1.6612173  -3.10389723
  0.42852262  1.34475949 -2.26275433 -1.12583574  2.31183721  1.39294572
 -0.27195576 -1.84442122 -1.6482377   1.96528235  1.30723904 -1.01188292
 -0.23075509 -0.69309015 -0.30338969  2.30246006 -0.66193766 -0.93534281
  0.77590905 -2.3526887   0.59026741  2.78422776 -0.35243033  2.04722674
 -1.86126474 -1.35336573 -2.59736823 -2.42273208 -1.50153167 -3.02896528
  2.0162017   1.78191222  1.5815166   1.12533486  1.588195   -2.44421536
 -2.50736812  1.78907445  1.03427313 -0.29185899 -2.47720425  1.43098359
 -1.04394849 -3.04762105 -0.0472052   1.89751517 -2.70128441 -2.36816706
  1.87611888  1.02966631 -0.62617496 -0.49631306 -0.92140677  1.96405351
  0.47262204 -0.35622513  0.40183291 -2.26662881  1.26136634 -0.15330697
  2.4023599   1.23319709  2.8780919  -1.05734019  2.10171185 -0.4298943
 -3.26841315  2.20322032  0.81147234  1.92881109 -1.28919789  1.43910746
 -2.12172297  0.20898426  0.08303724 -2.79059092 -0.90191406 -2.39307436
  0.07227723 -0.56898689]
Sat May 25 17:21:35 2024,500,0.09593800700457264,[-4.65846508  2.36664337 -1.84106122 -0.12409736  0.18672564 -2.68764995
  3.01283142  2.10571261  1.45518637 -0.92535964  0.61240001  1.09170268
  1.13209923 -1.54196616  0.77712868  2.80621647 -0.79815377 -0.63691876
 -1.75472036  0.60195781  1.67657057  2.99185732 -1.20875656 -0.31571248
 -2.42357743 -2.33803711  2.99457987  2.763227   -0.54433387 -2.36481413
  1.48280849 -0.05850791 -2.31787435  2.0955641   1.28954116 -0.63853857
  0.84777239 -2.31880638 -0.02589634  2.1533293  -0.16394302  0.38886737
  2.71395627  1.04622306  2.46285508  3.1617469   2.64140735 -2.93932959
  0.26537474 -0.81572893  1.75888671  2.86399335 -0.51095193 -2.31763439
  2.78737092 -3.2107677   0.79394334 -0.63487797 -1.74135863  2.69818224
 -1.80955089 -1.58813118 -2.30391476  2.1880091  -2.451285    2.1355976
  2.07465269  1.53540884  2.38308551  2.80474832  1.64886033  1.2001256
 -1.51324485 -2.22927478  1.47130182  0.71194326  1.31361886 -3.01402404
 -0.37770335  2.51831722 -1.03585552  1.28751983  1.48329356  0.5445497
 -0.83302035  1.11514355  0.66824156 -0.38370204  2.80473843 -1.99307051
  1.53804528 -0.48681162  1.09033652 -2.84976564 -2.45832329  0.45773079
 -1.1615061  -0.49457578  0.36531505 -0.11126826 -1.6503271  -0.04116976
 -0.85970693  2.81181007 -1.06239913 -1.38013514 -0.94883209  1.07796545
  1.85224605 -0.69616514  1.97232766 -2.194175   -0.34727709 -0.73251643
 -2.89008197  3.16480413 -1.63194665  3.13522514 -1.26602512 -2.7084797
  3.36217277 -1.23322178 -0.77649761 -2.88407692 -2.71720601  2.54564042
 -2.13655191 -2.04712655 -0.1815502   3.14998796  0.24664377  0.21384797
 -1.25020249 -0.67764189 -1.73376876 -3.03025036  2.87032667  1.23550878
 -0.4857078  -2.18838519  1.10971222 -1.10585668 -0.49042516 -2.73954015
 -2.06516959  1.86554767 -0.87381324  2.62185259 -0.45419568 -2.67151318
 -2.82019409  2.26182909 -3.14423411 -0.4453698  -1.00234843 -0.24660757
  2.34754198  1.84025343  0.01820672 -2.5528882  -2.65892086  0.2443698
 -0.76666302  1.2452416  -2.62771044  1.12505196 -0.38397776  0.42076416
  1.91903367  0.4581174   0.65074785 -1.27156897  1.7916106   2.93982595
  0.99594096  0.22180251 -1.14181165  2.42278869  0.72674023 -1.90977394
 -0.05037721  1.870923    0.98664633 -1.08002832 -2.30130784  2.22238442
  2.00398631  1.92832301  2.29723318  1.91578476 -1.66121714 -3.1038974
  0.42852278  1.34475965 -2.26275416 -1.12583558  2.31183705  1.39294588
 -0.27195592 -1.84442138 -1.64823754  1.96528219  1.30723921 -1.01188276
 -0.23075492 -0.69308999 -0.30338953  2.3024599  -0.66193782 -0.93534297
  0.77590922 -2.35268854  0.59026758  2.78422792 -0.35243017  2.0472269
 -1.86126458 -1.35336557 -2.59736807 -2.42273225 -1.50153183 -3.02896511
  2.01620186  1.78191206  1.58151644  1.12533503  1.58819516 -2.44421552
 -2.50736796  1.78907429  1.03427329 -0.29185915 -2.47720441  1.43098343
 -1.04394833 -3.04762121 -0.04720504  1.89751501 -2.70128424 -2.36816722
  1.87611872  1.02966614 -0.6261748  -0.49631289 -0.92140693  1.96405367
  0.47262188 -0.35622529  0.40183307 -2.26662865  1.26136617 -0.15330713
  2.40236006  1.23319693  2.87809173 -1.05734035  2.10171169 -0.42989446
 -3.26841331  2.20322048  0.81147218  1.92881125 -1.28919773  1.4391073
 -2.12172313  0.20898442  0.0830374  -2.79059108 -0.9019139  -2.39307419
  0.07227707 -0.56898706]
Sat May 25 17:22:09 2024,501,0.0959380069938151,[-4.65846524  2.36664321 -1.84106106 -0.1240972   0.1867258  -2.68765011
  3.01283157  2.10571245  1.45518653 -0.9253598   0.61239985  1.09170252
  1.13209907 -1.54196601  0.77712852  2.80621632 -0.79815362 -0.6369186
 -1.75472052  0.60195765  1.67657041  2.99185748 -1.20875672 -0.31571264
 -2.42357727 -2.33803727  2.99458003  2.76322716 -0.54433403 -2.36481429
  1.48280865 -0.05850807 -2.31787419  2.09556426  1.289541   -0.63853841
  0.84777223 -2.31880622 -0.0258965   2.15332914 -0.16394286  0.38886721
  2.71395611  1.04622322  2.46285523  3.16174706  2.64140751 -2.93932975
  0.26537458 -0.81572908  1.75888687  2.86399351 -0.51095209 -2.31763455
  2.78737108 -3.21076786  0.79394318 -0.63487813 -1.74135879  2.6981824
 -1.80955105 -1.58813102 -2.30391492  2.18800894 -2.45128516  2.13559744
  2.07465253  1.53540868  2.38308535  2.80474848  1.64886017  1.20012576
 -1.51324469 -2.22927494  1.47130198  0.7119431   1.31361901 -3.01402389
 -0.3777035   2.51831706 -1.03585568  1.28751967  1.4832934   0.54454986
 -0.83302051  1.11514339  0.66824172 -0.3837022   2.80473827 -1.99307067
  1.53804544 -0.48681177  1.09033668 -2.84976548 -2.45832313  0.45773095
 -1.16150626 -0.49457562  0.36531489 -0.11126842 -1.65032726 -0.0411696
 -0.85970677  2.81180991 -1.06239929 -1.38013498 -0.94883193  1.0779656
  1.85224621 -0.69616498  1.9723275  -2.19417484 -0.34727725 -0.73251627
 -2.89008181  3.16480397 -1.63194681  3.1352253  -1.26602496 -2.70847986
  3.36217261 -1.23322194 -0.77649745 -2.88407708 -2.71720617  2.54564026
 -2.13655207 -2.04712671 -0.18155036  3.14998812  0.24664361  0.21384813
 -1.25020233 -0.67764205 -1.7337686  -3.0302502   2.87032683  1.23550894
 -0.48570796 -2.18838503  1.10971206 -1.10585652 -0.49042501 -2.73954031
 -2.06516975  1.86554783 -0.87381308  2.62185243 -0.45419552 -2.67151334
 -2.82019425  2.26182925 -3.14423395 -0.44536964 -1.00234827 -0.24660773
  2.34754182  1.84025359  0.01820688 -2.55288835 -2.6589207   0.24436996
 -0.76666286  1.24524144 -2.62771028  1.12505211 -0.3839776   0.420764
  1.91903383  0.45811724  0.65074769 -1.27156881  1.79161076  2.93982611
  0.9959408   0.22180267 -1.14181149  2.42278853  0.72674039 -1.90977409
 -0.05037705  1.87092316  0.98664649 -1.08002848 -2.30130768  2.22238426
  2.00398615  1.92832317  2.29723334  1.91578492 -1.6612173  -3.10389755
  0.42852262  1.3447595  -2.262754   -1.12583574  2.31183689  1.39294604
 -0.27195608 -1.84442154 -1.64823738  1.96528203  1.30723936 -1.01188292
 -0.23075508 -0.69309015 -0.30338937  2.30246006 -0.66193798 -0.93534313
  0.77590938 -2.35268838  0.59026773  2.78422808 -0.35243001  2.04722706
 -1.86126474 -1.35336541 -2.59736823 -2.42273209 -1.50153199 -3.02896527
  2.01620171  1.7819119   1.5815166   1.12533518  1.588195   -2.44421537
 -2.5073678   1.78907413  1.03427313 -0.29185899 -2.47720425  1.43098359
 -1.04394817 -3.04762105 -0.04720519  1.89751485 -2.70128408 -2.36816706
  1.87611856  1.0296663  -0.62617464 -0.49631273 -0.92140709  1.96405383
  0.47262204 -0.35622513  0.40183323 -2.26662849  1.26136633 -0.15330697
  2.40236022  1.23319677  2.87809157 -1.0573402   2.10171185 -0.42989462
 -3.26841315  2.20322033  0.81147202  1.92881141 -1.28919757  1.43910746
 -2.12172329  0.20898426  0.08303756 -2.79059124 -0.90191406 -2.39307435
  0.07227722 -0.56898721]
Sat May 25 17:22:36 2024,502,0.09593800698327498,[-4.6584654   2.36664305 -1.84106122 -0.12409704  0.18672595 -2.68765026
  3.01283142  2.1057123   1.45518638 -0.92535964  0.61240001  1.09170236
  1.13209891 -1.54196616  0.77712868  2.80621616 -0.79815377 -0.63691844
 -1.75472036  0.6019575   1.67657056  2.99185732 -1.20875688 -0.3157128
 -2.42357743 -2.33803743  2.99457987  2.763227   -0.54433387 -2.36481414
  1.48280849 -0.05850823 -2.31787435  2.09556442  1.28954085 -0.63853857
  0.84777207 -2.31880638 -0.02589666  2.15332898 -0.16394302  0.38886705
  2.71395595  1.04622307  2.46285539  3.1617469   2.64140766 -2.9393299
  0.26537443 -0.81572924  1.75888671  2.86399367 -0.51095194 -2.31763439
  2.78737093 -3.21076801  0.79394334 -0.63487797 -1.74135863  2.69818224
 -1.80955089 -1.58813117 -2.30391477  2.18800879 -2.45128532  2.13559759
  2.07465237  1.53540853  2.38308551  2.80474864  1.64886033  1.20012592
 -1.51324453 -2.22927509  1.47130182  0.71194294  1.31361917 -3.01402373
 -0.37770335  2.5183169  -1.03585584  1.28751983  1.48329356  0.54455002
 -0.83302035  1.11514355  0.66824156 -0.38370204  2.80473811 -1.99307052
  1.53804528 -0.48681162  1.09033653 -2.84976532 -2.45832298  0.45773079
 -1.16150642 -0.49457577  0.36531474 -0.11126826 -1.6503271  -0.04116944
 -0.85970662  2.81180975 -1.06239913 -1.38013514 -0.94883209  1.07796545
  1.85224606 -0.69616482  1.97232766 -2.194175   -0.3472774  -0.73251611
 -2.89008197  3.16480382 -1.63194665  3.13522515 -1.26602511 -2.7084797
  3.36217245 -1.23322178 -0.77649761 -2.88407724 -2.71720601  2.54564042
 -2.13655223 -2.04712687 -0.18155021  3.14998796  0.24664345  0.21384829
 -1.25020249 -0.67764189 -1.73376875 -3.03025035  2.87032667  1.23550879
 -0.48570812 -2.18838519  1.10971221 -1.10585637 -0.49042516 -2.73954015
 -2.0651696   1.86554798 -0.87381292  2.62185227 -0.45419536 -2.67151349
 -2.82019441  2.2618294  -3.14423379 -0.4453698  -1.00234812 -0.24660757
  2.34754198  1.84025375  0.01820672 -2.5528882  -2.65892055  0.2443698
 -0.7666627   1.24524128 -2.62771043  1.12505196 -0.38397775  0.42076385
  1.91903368  0.45811708  0.65074753 -1.27156896  1.79161061  2.93982596
  0.99594064  0.22180283 -1.14181134  2.42278868  0.72674023 -1.90977425
 -0.05037721  1.870923    0.98664664 -1.08002832 -2.30130783  2.22238411
  2.00398631  1.92832302  2.29723318  1.91578476 -1.66121746 -3.10389771
  0.42852277  1.34475965 -2.26275416 -1.1258359   2.31183673  1.39294588
 -0.27195592 -1.8444217  -1.64823753  1.96528187  1.30723921 -1.01188276
 -0.23075493 -0.69309031 -0.30338953  2.30246021 -0.66193782 -0.93534298
  0.77590922 -2.35268854  0.59026789  2.78422823 -0.35242985  2.04722722
 -1.86126459 -1.35336526 -2.59736807 -2.42273193 -1.50153183 -3.02896512
  2.01620186  1.78191174  1.58151644  1.12533534  1.58819485 -2.44421552
 -2.50736796  1.78907397  1.03427297 -0.29185915 -2.47720441  1.43098343
 -1.04394801 -3.04762121 -0.04720535  1.89751501 -2.70128393 -2.36816722
  1.8761184   1.02966646 -0.62617479 -0.49631289 -0.92140724  1.96405399
  0.47262188 -0.35622497  0.40183308 -2.26662834  1.26136618 -0.15330682
  2.40236006  1.23319661  2.87809173 -1.05734035  2.101712   -0.42989477
 -3.268413    2.20322048  0.81147186  1.92881125 -1.28919741  1.4391073
 -2.12172313  0.2089841   0.0830374  -2.79059108 -0.90191421 -2.39307451
  0.07227707 -0.56898737]
Sat May 25 17:22:59 2024,503,0.09593800697294741,[-4.65846555  2.36664321 -1.84106107 -0.12409689  0.1867258  -2.68765042
  3.01283126  2.10571245  1.45518653 -0.9253598   0.61239985  1.09170221
  1.13209907 -1.54196632  0.77712852  2.80621631 -0.79815362 -0.63691829
 -1.75472021  0.60195765  1.67657072  2.99185748 -1.20875703 -0.31571264
 -2.42357758 -2.33803727  2.99458002  2.76322685 -0.54433372 -2.36481398
  1.48280834 -0.05850808 -2.3178745   2.09556426  1.289541   -0.63853842
  0.84777192 -2.31880653 -0.02589681  2.15332914 -0.16394317  0.3888669
  2.71395611  1.04622322  2.46285554  3.16174706  2.64140782 -2.93932975
  0.26537427 -0.8157294   1.75888687  2.86399382 -0.51095178 -2.31763454
  2.78737077 -3.21076817  0.79394318 -0.63487813 -1.74135879  2.69818239
 -1.80955074 -1.58813102 -2.30391461  2.18800863 -2.45128516  2.13559775
  2.07465253  1.53540837  2.38308535  2.80474849  1.64886048  1.20012607
 -1.51324438 -2.22927494  1.47130167  0.71194279  1.31361932 -3.01402388
 -0.37770319  2.51831675 -1.03585568  1.28751998  1.4832934   0.54455017
 -0.8330205   1.11514339  0.66824172 -0.3837022   2.80473796 -1.99307067
  1.53804543 -0.48681146  1.09033668 -2.84976547 -2.45832313  0.45773064
 -1.16150626 -0.49457562  0.36531489 -0.11126842 -1.65032726 -0.04116929
 -0.85970677  2.8118099  -1.06239898 -1.38013498 -0.94883224  1.0779656
  1.8522459  -0.69616498  1.97232781 -2.19417485 -0.34727725 -0.73251596
 -2.89008181  3.16480397 -1.6319465   3.1352253  -1.26602496 -2.70847985
  3.3621723  -1.23322194 -0.77649745 -2.88407739 -2.71720586  2.54564057
 -2.13655208 -2.04712702 -0.18155036  3.14998811  0.2466433   0.21384814
 -1.25020264 -0.67764174 -1.73376891 -3.03025051  2.87032652  1.23550894
 -0.48570827 -2.18838504  1.10971237 -1.10585621 -0.49042532 -2.73954
 -2.06516975  1.86554814 -0.87381277  2.62185243 -0.45419521 -2.67151334
 -2.82019456  2.26182925 -3.14423394 -0.44536965 -1.00234827 -0.24660773
  2.34754182  1.84025359  0.01820688 -2.55288804 -2.6589207   0.24436995
 -0.76666255  1.24524113 -2.62771028  1.1250518  -0.3839776   0.42076369
  1.91903383  0.45811724  0.65074769 -1.27156881  1.79161045  2.93982611
  0.99594049  0.22180268 -1.14181149  2.42278853  0.72674039 -1.9097741
 -0.05037736  1.87092316  0.9866468  -1.08002817 -2.30130768  2.22238395
  2.00398646  1.92832317  2.29723334  1.91578492 -1.66121761 -3.10389756
  0.42852262  1.34475981 -2.26275401 -1.12583574  2.31183658  1.39294573
 -0.27195577 -1.84442185 -1.64823769  1.96528203  1.30723936 -1.01188291
 -0.23075508 -0.69309046 -0.30338937  2.30246037 -0.66193767 -0.93534313
  0.77590907 -2.35268839  0.59026805  2.78422839 -0.3524297   2.04722737
 -1.86126443 -1.35336541 -2.59736823 -2.42273178 -1.50153168 -3.02896496
  2.01620171  1.78191159  1.58151659  1.12533549  1.58819469 -2.44421537
 -2.5073678   1.78907382  1.03427313 -0.291859   -2.47720425  1.43098328
 -1.04394816 -3.04762106 -0.0472052   1.89751516 -2.70128377 -2.36816737
  1.87611825  1.02966631 -0.62617464 -0.49631304 -0.9214074   1.96405414
  0.47262204 -0.35622513  0.40183323 -2.26662818  1.26136633 -0.15330666
  2.40236022  1.23319677  2.87809189 -1.0573402   2.10171185 -0.42989493
 -3.26841284  2.20322064  0.81147171  1.92881141 -1.28919757  1.43910746
 -2.12172298  0.20898395  0.08303725 -2.79059124 -0.90191406 -2.39307436
  0.07227691 -0.56898722]
Sat May 25 17:23:49 2024,504,0.09593800696282631,[-4.6584657   2.36664336 -1.84106091 -0.12409674  0.18672595 -2.68765057
  3.01283142  2.1057126   1.45518638 -0.92535995  0.6124      1.09170236
  1.13209922 -1.54196616  0.77712867  2.80621616 -0.79815377 -0.63691844
 -1.75472006  0.6019578   1.67657057  2.99185732 -1.20875718 -0.31571249
 -2.42357743 -2.33803712  2.99457987  2.7632267  -0.54433357 -2.36481383
  1.48280819 -0.05850823 -2.31787465  2.09556441  1.28954085 -0.63853827
  0.84777177 -2.31880638 -0.02589666  2.15332929 -0.16394332  0.38886705
  2.71395595  1.04622337  2.46285539  3.16174721  2.64140797 -2.9393296
  0.26537442 -0.81572924  1.75888671  2.86399397 -0.51095193 -2.31763469
  2.78737062 -3.21076832  0.79394303 -0.63487798 -1.74135894  2.69818254
 -1.80955059 -1.58813087 -2.30391446  2.18800848 -2.45128531  2.1355976
  2.07465238  1.53540822  2.3830855   2.80474864  1.64886063  1.20012622
 -1.51324423 -2.22927509  1.47130152  0.71194264  1.31361917 -3.01402403
 -0.37770304  2.5183166  -1.03585584  1.28751983  1.48329355  0.54455002
 -0.83302065  1.11514354  0.66824157 -0.38370204  2.80473781 -1.99307052
  1.53804558 -0.48681162  1.09033683 -2.84976563 -2.45832298  0.45773079
 -1.16150611 -0.49457547  0.36531504 -0.11126827 -1.65032741 -0.04116913
 -0.85970692  2.81180975 -1.06239913 -1.38013483 -0.94883209  1.07796575
  1.85224575 -0.69616513  1.97232766 -2.194175   -0.3472774  -0.73251611
 -2.89008197  3.16480382 -1.63194665  3.13522545 -1.26602511 -2.7084797
  3.36217245 -1.23322179 -0.77649761 -2.88407724 -2.71720601  2.54564072
 -2.13655193 -2.04712717 -0.18155021  3.14998827  0.24664345  0.21384829
 -1.25020279 -0.67764159 -1.73376906 -3.03025066  2.87032667  1.23550879
 -0.48570812 -2.18838488  1.10971252 -1.10585606 -0.49042516 -2.73954015
 -2.0651696   1.86554829 -0.87381262  2.62185228 -0.45419506 -2.67151319
 -2.82019471  2.2618291  -3.14423379 -0.44536949 -1.00234842 -0.24660758
  2.34754198  1.84025375  0.01820673 -2.5528882  -2.65892085  0.24437011
 -0.7666624   1.24524098 -2.62771013  1.12505196 -0.38397745  0.42076384
  1.91903368  0.45811739  0.65074784 -1.27156866  1.7916103   2.93982596
  0.99594034  0.22180253 -1.14181134  2.42278838  0.72674024 -1.90977425
 -0.05037751  1.87092301  0.98664695 -1.08002832 -2.30130753  2.2223838
  2.00398631  1.92832302  2.29723349  1.91578507 -1.66121746 -3.10389771
  0.42852277  1.34475996 -2.26275416 -1.12583559  2.31183673  1.39294588
 -0.27195592 -1.844422   -1.64823784  1.96528218  1.30723921 -1.01188276
 -0.23075523 -0.69309061 -0.30338952  2.30246022 -0.66193782 -0.93534298
  0.77590891 -2.35268824  0.5902682   2.78422854 -0.35242985  2.04722722
 -1.86126428 -1.35336556 -2.59736838 -2.42273162 -1.50153153 -3.02896511
  2.01620156  1.78191144  1.58151644  1.12533534  1.58819454 -2.44421552
 -2.50736795  1.78907367  1.03427328 -0.29185884 -2.4772044   1.43098313
 -1.04394801 -3.04762121 -0.04720535  1.89751531 -2.70128393 -2.36816722
  1.8761181   1.02966646 -0.62617449 -0.4963132  -0.92140755  1.96405399
  0.47262189 -0.35622528  0.40183338 -2.26662803  1.26136618 -0.15330651
  2.40236037  1.23319692  2.87809173 -1.05734005  2.1017117  -0.42989508
 -3.26841299  2.20322079  0.81147156  1.92881156 -1.28919742  1.43910761
 -2.12172313  0.2089838   0.0830371  -2.79059109 -0.90191391 -2.3930742
  0.07227676 -0.56898737]
Sat May 25 17:24:12 2024,505,0.095938006952908,[-4.65846585  2.36664351 -1.84106106 -0.12409689  0.1867261  -2.68765042
  3.01283127  2.10571275  1.45518623 -0.92536009  0.61240015  1.09170221
  1.13209907 -1.54196631  0.77712852  2.80621601 -0.79815362 -0.63691829
 -1.75471991  0.60195795  1.67657042  2.99185718 -1.20875733 -0.31571234
 -2.42357729 -2.33803698  2.99458002  2.76322655 -0.54433342 -2.36481368
  1.48280804 -0.05850808 -2.3178745   2.09556456  1.289541   -0.63853841
  0.84777162 -2.31880623 -0.02589651  2.15332914 -0.16394317  0.3888672
  2.7139561   1.04622322  2.46285554  3.16174706  2.64140782 -2.93932945
  0.26537457 -0.8157291   1.75888657  2.86399383 -0.51095179 -2.31763455
  2.78737047 -3.21076817  0.79394318 -0.63487783 -1.74135909  2.69818269
 -1.80955074 -1.58813102 -2.30391431  2.18800833 -2.45128546  2.13559775
  2.07465223  1.53540807  2.38308565  2.80474879  1.64886078  1.20012608
 -1.51324408 -2.22927524  1.47130167  0.71194249  1.31361903 -3.01402389
 -0.3777029   2.51831675 -1.03585569  1.28751998  1.48329341  0.54455017
 -0.8330208   1.11514369  0.66824142 -0.3837019   2.80473795 -1.99307037
  1.53804573 -0.48681176  1.09033698 -2.84976577 -2.45832283  0.45773064
 -1.16150596 -0.49457562  0.36531519 -0.11126841 -1.65032726 -0.04116928
 -0.85970677  2.81180961 -1.06239898 -1.38013498 -0.94883224  1.0779656
  1.8522459  -0.69616528  1.97232751 -2.19417514 -0.34727755 -0.73251626
 -2.89008211  3.16480397 -1.6319468   3.1352253  -1.26602496 -2.70847955
  3.3621726  -1.23322164 -0.77649746 -2.88407739 -2.71720616  2.54564057
 -2.13655207 -2.04712703 -0.18155006  3.14998841  0.2466433   0.21384843
 -1.25020294 -0.67764144 -1.73376891 -3.03025051  2.87032652  1.23550894
 -0.48570797 -2.18838503  1.10971237 -1.10585621 -0.49042502 -2.7395403
 -2.06516975  1.86554843 -0.87381277  2.62185242 -0.45419491 -2.67151304
 -2.82019486  2.26182925 -3.14423364 -0.44536964 -1.00234827 -0.24660773
  2.34754183  1.8402536   0.01820658 -2.55288805 -2.658921    0.24437025
 -0.76666255  1.24524113 -2.62771028  1.1250521  -0.3839773   0.42076399
  1.91903383  0.45811724  0.65074798 -1.27156851  1.79161045  2.93982581
  0.99594019  0.22180238 -1.14181149  2.42278823  0.72674038 -1.9097741
 -0.05037766  1.87092315  0.9866471  -1.08002847 -2.30130738  2.22238365
  2.00398616  1.92832287  2.29723334  1.91578492 -1.66121731 -3.10389786
  0.42852292  1.34475981 -2.26275431 -1.12583544  2.31183658  1.39294603
 -0.27195607 -1.84442215 -1.64823799  1.96528203  1.30723906 -1.01188291
 -0.23075508 -0.69309046 -0.30338967  2.30246037 -0.66193767 -0.93534313
  0.77590906 -2.35268838  0.59026834  2.78422869 -0.35243     2.04722707
 -1.86126413 -1.35336571 -2.59736853 -2.42273148 -1.50153168 -3.02896526
  2.01620141  1.78191159  1.58151659  1.12533549  1.58819469 -2.44421537
 -2.5073681   1.78907381  1.03427343 -0.29185899 -2.47720455  1.43098328
 -1.04394816 -3.04762136 -0.0472052   1.89751546 -2.70128378 -2.36816707
  1.87611795  1.02966631 -0.62617434 -0.49631334 -0.9214074   1.96405384
  0.47262203 -0.35622513  0.40183323 -2.26662788  1.26136633 -0.15330636
  2.40236022  1.23319677  2.87809188 -1.0573402   2.10171155 -0.42989523
 -3.26841314  2.20322064  0.81147141  1.92881171 -1.28919727  1.43910746
 -2.12172298  0.20898395  0.08303725 -2.79059094 -0.90191406 -2.39307435
  0.07227691 -0.56898752]
Sat May 25 17:24:38 2024,506,0.09593800694318629,[-4.658466    2.36664336 -1.84106092 -0.12409703  0.18672624 -2.68765056
  3.01283112  2.1057129   1.45518609 -0.92536024  0.61240001  1.09170236
  1.13209921 -1.54196617  0.77712867  2.80621587 -0.79815377 -0.63691814
 -1.75472006  0.6019581   1.67657056  2.99185732 -1.20875748 -0.3157122
 -2.42357714 -2.33803683  2.99457988  2.76322669 -0.54433328 -2.36481354
  1.48280819 -0.05850822 -2.31787436  2.09556471  1.28954085 -0.63853856
  0.84777176 -2.31880638 -0.02589637  2.15332899 -0.16394303  0.38886734
  2.71395625  1.04622337  2.46285569  3.1617472   2.64140797 -2.9393296
  0.26537472 -0.81572924  1.75888671  2.86399397 -0.51095164 -2.31763469
  2.78737062 -3.21076803  0.79394303 -0.63487768 -1.74135894  2.69818284
 -1.80955059 -1.58813087 -2.30391446  2.18800819 -2.45128561  2.13559789
  2.07465208  1.53540822  2.38308551  2.80474893  1.64886063  1.20012622
 -1.51324422 -2.22927538  1.47130152  0.71194234  1.31361888 -3.01402374
 -0.37770275  2.51831689 -1.03585554  1.28752012  1.48329326  0.54455002
 -0.83302066  1.11514355  0.66824156 -0.38370204  2.80473781 -1.99307023
  1.53804588 -0.48681162  1.09033713 -2.84976563 -2.45832269  0.45773079
 -1.16150611 -0.49457576  0.36531505 -0.11126827 -1.6503274  -0.04116943
 -0.85970663  2.81180946 -1.06239884 -1.38013513 -0.94883209  1.07796546
  1.85224575 -0.69616513  1.97232737 -2.19417529 -0.3472774  -0.73251641
 -2.89008197  3.16480411 -1.63194694  3.13522545 -1.26602482 -2.70847941
  3.36217245 -1.23322178 -0.77649731 -2.88407724 -2.71720601  2.54564072
 -2.13655193 -2.04712717 -0.18154991  3.14998827  0.24664344  0.21384858
 -1.2502028  -0.67764158 -1.73376906 -3.03025037  2.87032638  1.23550879
 -0.48570783 -2.18838489  1.10971222 -1.10585607 -0.49042516 -2.73954015
 -2.0651696   1.86554829 -0.87381262  2.62185228 -0.45419476 -2.67151319
 -2.82019472  2.26182939 -3.14423379 -0.4453695  -1.00234842 -0.24660758
  2.34754197  1.84025374  0.01820672 -2.55288819 -2.65892115  0.24437011
 -0.7666624   1.24524098 -2.62771042  1.12505196 -0.38397745  0.42076385
  1.91903397  0.45811739  0.65074784 -1.27156836  1.7916106   2.93982566
  0.99594005  0.22180252 -1.14181163  2.42278809  0.72674053 -1.90977395
 -0.05037781  1.87092301  0.98664724 -1.08002862 -2.30130723  2.2223838
  2.00398631  1.92832273  2.29723319  1.91578507 -1.66121717 -3.103898
  0.42852307  1.34475966 -2.26275445 -1.1258353   2.31183643  1.39294618
 -0.27195592 -1.844422   -1.64823813  1.96528218  1.30723921 -1.01188276
 -0.23075494 -0.69309032 -0.30338953  2.30246022 -0.66193782 -0.93534327
  0.77590892 -2.35268824  0.59026849  2.78422854 -0.35242985  2.04722693
 -1.86126428 -1.35336586 -2.59736838 -2.42273133 -1.50153153 -3.02896541
  2.01620126  1.78191144  1.58151644  1.12533564  1.58819484 -2.44421552
 -2.50736796  1.78907367  1.03427328 -0.29185885 -2.47720441  1.43098342
 -1.04394801 -3.0476215  -0.04720505  1.89751561 -2.70128392 -2.36816693
  1.8761178   1.02966616 -0.62617449 -0.49631349 -0.92140725  1.96405399
  0.47262218 -0.35622498  0.40183309 -2.26662803  1.26136618 -0.15330622
  2.40236036  1.23319692  2.87809174 -1.05734005  2.1017117  -0.42989537
 -3.26841329  2.20322049  0.81147127  1.92881185 -1.28919741  1.43910731
 -2.12172313  0.2089838   0.08303739 -2.79059079 -0.90191391 -2.3930745
  0.07227706 -0.56898737]
Sat May 25 17:25:02 2024,507,0.09593800693365687,[-4.65846614  2.36664322 -1.84106106 -0.12409689  0.18672639 -2.68765071
  3.01283126  2.10571275  1.45518594 -0.92536038  0.61240015  1.0917025
  1.13209936 -1.54196631  0.77712881  2.80621572 -0.79815391 -0.63691829
 -1.7547202   0.60195824  1.67657042  2.99185718 -1.20875733 -0.31571205
 -2.423577   -2.33803697  2.99458002  2.76322684 -0.54433313 -2.36481368
  1.48280833 -0.05850808 -2.31787421  2.09556456  1.28954071 -0.63853842
  0.84777191 -2.31880624 -0.02589622  2.15332914 -0.16394288  0.38886749
  2.71395639  1.04622351  2.46285554  3.16174706  2.64140811 -2.93932974
  0.26537458 -0.8157291   1.75888685  2.86399411 -0.5109515  -2.31763484
  2.78737048 -3.21076817  0.79394318 -0.63487782 -1.74135908  2.6981827
 -1.80955074 -1.58813101 -2.30391432  2.18800804 -2.45128575  2.13559803
  2.07465194  1.53540808  2.38308565  2.80474879  1.64886049  1.20012636
 -1.51324437 -2.22927524  1.47130167  0.71194249  1.31361902 -3.01402388
 -0.37770289  2.51831675 -1.0358554   1.28752027  1.4832934   0.54455017
 -0.8330208   1.11514369  0.66824171 -0.3837019   2.80473767 -1.99307008
  1.53804602 -0.48681176  1.09033698 -2.84976549 -2.45832254  0.45773065
 -1.16150597 -0.49457562  0.3653149  -0.11126841 -1.65032755 -0.04116957
 -0.85970677  2.8118096  -1.06239869 -1.38013527 -0.94883224  1.07796532
  1.85224561 -0.69616527  1.97232751 -2.19417543 -0.34727755 -0.73251655
 -2.89008182  3.16480397 -1.63194709  3.13522531 -1.26602496 -2.70847927
  3.36217259 -1.23322193 -0.77649745 -2.88407739 -2.71720587  2.54564057
 -2.13655178 -2.04712703 -0.18155006  3.14998812  0.24664359  0.21384872
 -1.25020294 -0.67764144 -1.7337692  -3.03025051  2.87032623  1.23550865
 -0.48570768 -2.18838474  1.10971237 -1.10585621 -0.49042502 -2.7395403
 -2.06516974  1.86554815 -0.87381276  2.62185214 -0.45419491 -2.67151304
 -2.82019457  2.26182925 -3.14423365 -0.44536935 -1.00234827 -0.24660744
  2.34754183  1.8402536   0.01820658 -2.55288805 -2.65892129  0.24436996
 -0.76666254  1.24524084 -2.62771057  1.1250521  -0.3839773   0.4207637
  1.91903412  0.45811753  0.6507477  -1.27156851  1.79161074  2.93982581
  0.9959399   0.22180267 -1.14181149  2.42278794  0.72674039 -1.90977381
 -0.05037795  1.87092315  0.98664739 -1.08002847 -2.30130709  2.22238394
  2.00398645  1.92832287  2.29723334  1.91578521 -1.66121731 -3.10389786
  0.42852321  1.34475952 -2.26275431 -1.12583515  2.31183658  1.39294632
 -0.27195607 -1.84442215 -1.64823799  1.96528232  1.30723935 -1.01188262
 -0.23075508 -0.69309017 -0.30338938  2.30246036 -0.66193796 -0.93534313
  0.77590877 -2.35268838  0.59026835  2.7842284  -0.35242971  2.04722707
 -1.86126414 -1.353366   -2.59736824 -2.42273119 -1.50153139 -3.02896555
  2.01620112  1.78191158  1.5815163   1.12533549  1.58819469 -2.44421566
 -2.50736781  1.78907352  1.03427342 -0.29185899 -2.47720426  1.43098328
 -1.04394816 -3.04762136 -0.0472052   1.89751575 -2.70128378 -2.36816707
  1.87611766  1.02966631 -0.62617463 -0.49631335 -0.9214074   1.96405385
  0.47262232 -0.35622513  0.40183294 -2.26662817  1.26136604 -0.15330636
  2.40236051  1.23319677  2.87809159 -1.05733991  2.10171155 -0.42989523
 -3.26841343  2.20322064  0.81147112  1.92881171 -1.28919727  1.43910717
 -2.12172327  0.20898395  0.08303725 -2.79059065 -0.90191406 -2.39307464
  0.07227691 -0.56898751]
Sat May 25 17:25:25 2024,508,0.09593800692431494,[-4.65846628  2.36664336 -1.8410612  -0.12409675  0.18672653 -2.68765057
  3.01283141  2.10571261  1.45518608 -0.92536052  0.61240001  1.09170264
  1.1320995  -1.54196645  0.77712895  2.80621586 -0.79815405 -0.63691815
 -1.75472006  0.60195838  1.67657056  2.99185704 -1.20875747 -0.31571219
 -2.42357686 -2.33803711  2.99458016  2.76322698 -0.54433299 -2.36481354
  1.48280819 -0.05850822 -2.31787436  2.0955647   1.28954057 -0.63853828
  0.84777177 -2.31880638 -0.02589636  2.15332928 -0.16394274  0.38886763
  2.71395653  1.04622337  2.46285569  3.16174692  2.64140825 -2.9393296
  0.26537472 -0.81572896  1.758887    2.86399397 -0.51095136 -2.31763498
  2.78737034 -3.21076803  0.79394332 -0.63487768 -1.74135894  2.69818256
 -1.80955088 -1.58813115 -2.30391446  2.1880079  -2.45128561  2.13559789
  2.0746518   1.53540794  2.38308579  2.80474893  1.64886035  1.20012651
 -1.51324423 -2.2292751   1.47130181  0.71194263  1.31361888 -3.01402374
 -0.37770275  2.51831689 -1.03585526  1.28752041  1.48329326  0.54455002
 -0.83302066  1.11514355  0.66824157 -0.38370176  2.80473753 -1.99307022
  1.53804588 -0.4868119   1.09033712 -2.84976563 -2.4583224   0.45773051
 -1.16150583 -0.49457548  0.36531476 -0.11126827 -1.65032769 -0.04116971
 -0.85970663  2.81180974 -1.06239884 -1.38013513 -0.94883238  1.07796546
  1.85224547 -0.69616542  1.97232737 -2.19417529 -0.34727769 -0.73251669
 -2.89008168  3.16480383 -1.63194723  3.13522517 -1.26602482 -2.70847941
  3.36217245 -1.23322207 -0.77649731 -2.88407725 -2.71720601  2.54564043
 -2.13655164 -2.04712689 -0.1815502   3.14998827  0.24664373  0.21384886
 -1.2502028  -0.6776413  -1.73376934 -3.03025037  2.87032637  1.23550879
 -0.48570754 -2.1883846   1.10971251 -1.10585635 -0.49042488 -2.73954016
 -2.06516988  1.865548   -0.87381262  2.62185199 -0.45419505 -2.6715129
 -2.82019443  2.26182939 -3.14423351 -0.44536949 -1.00234813 -0.24660758
  2.34754169  1.84025346  0.01820672 -2.55288819 -2.65892143  0.24436982
 -0.7666624   1.24524098 -2.62771043  1.12505196 -0.38397716  0.42076356
  1.91903397  0.45811767  0.65074784 -1.27156837  1.79161088  2.93982567
  0.99594004  0.22180281 -1.14181163  2.42278808  0.72674053 -1.90977367
 -0.05037809  1.87092329  0.98664724 -1.08002833 -2.30130723  2.2223838
  2.00398659  1.92832273  2.29723348  1.91578535 -1.66121717 -3.10389772
  0.42852335  1.34475938 -2.26275417 -1.12583501  2.31183672  1.39294646
 -0.27195621 -1.84442229 -1.64823785  1.96528246  1.30723949 -1.01188248
 -0.23075494 -0.69309003 -0.30338952  2.3024605  -0.6619381  -0.93534327
  0.77590863 -2.35268852  0.59026849  2.78422854 -0.35242985  2.04722721
 -1.86126428 -1.35336586 -2.59736838 -2.42273133 -1.50153153 -3.02896541
  2.01620126  1.78191173  1.58151644  1.12533535  1.58819455 -2.44421552
 -2.50736795  1.78907367  1.03427328 -0.29185885 -2.4772044   1.43098314
 -1.0439483  -3.04762122 -0.04720534  1.89751589 -2.70128392 -2.36816693
  1.8761178   1.02966645 -0.62617477 -0.49631321 -0.92140726  1.96405399
  0.47262218 -0.35622527  0.40183309 -2.26662831  1.2613659  -0.15330622
  2.40236065  1.23319663  2.87809173 -1.05734005  2.10171169 -0.42989509
 -3.26841329  2.20322049  0.81147098  1.92881157 -1.28919713  1.43910731
 -2.12172313  0.20898381  0.08303711 -2.79059079 -0.90191392 -2.39307478
  0.07227677 -0.56898737]
Sat May 25 17:25:49 2024,509,0.09593800691515578,[-4.65846642  2.36664322 -1.84106134 -0.12409661  0.18672667 -2.68765071
  3.01283127  2.10571275  1.45518622 -0.92536066  0.61240015  1.0917025
  1.13209964 -1.54196631  0.77712909  2.806216   -0.79815419 -0.63691801
 -1.7547202   0.60195824  1.67657042  2.99185718 -1.20875761 -0.31571206
 -2.42357672 -2.33803698  2.99458002  2.76322712 -0.54433313 -2.36481368
  1.48280805 -0.05850808 -2.31787422  2.09556457  1.28954043 -0.63853814
  0.8477719  -2.31880624 -0.02589623  2.15332941 -0.16394261  0.38886749
  2.71395667  1.04622351  2.46285555  3.16174706  2.64140811 -2.93932974
  0.26537458 -0.81572882  1.75888713  2.86399411 -0.51095122 -2.31763511
  2.78737047 -3.21076789  0.79394318 -0.63487782 -1.74135908  2.69818269
 -1.80955102 -1.58813129 -2.3039146   2.18800776 -2.45128575  2.13559776
  2.07465166  1.5354078   2.38308565  2.80474879  1.64886021  1.20012664
 -1.51324437 -2.22927524  1.47130167  0.71194249  1.31361902 -3.0140236
 -0.37770261  2.51831675 -1.0358554   1.28752027  1.4832934   0.54455016
 -0.8330208   1.11514369  0.66824143 -0.38370162  2.80473766 -1.99307036
  1.53804602 -0.48681204  1.09033699 -2.84976549 -2.45832226  0.45773037
 -1.16150569 -0.49457562  0.3653149  -0.11126813 -1.65032755 -0.04116957
 -0.85970649  2.81180988 -1.06239897 -1.38013499 -0.94883252  1.07796532
  1.85224561 -0.69616555  1.97232751 -2.19417515 -0.34727755 -0.73251655
 -2.89008155  3.16480369 -1.63194709  3.13522503 -1.26602496 -2.70847954
  3.36217259 -1.23322221 -0.77649745 -2.88407711 -2.71720615  2.54564057
 -2.13655178 -2.04712675 -0.18155006  3.1499884   0.24664359  0.21384873
 -1.25020294 -0.67764116 -1.73376948 -3.03025051  2.87032624  1.23550893
 -0.48570768 -2.18838446  1.10971237 -1.10585649 -0.49042502 -2.73954029
 -2.06517002  1.86554814 -0.87381249  2.62185186 -0.45419491 -2.67151276
 -2.82019457  2.26182925 -3.14423337 -0.44536936 -1.002348   -0.24660772
  2.34754183  1.84025332  0.01820658 -2.55288833 -2.65892157  0.24436969
 -0.76666227  1.24524084 -2.62771056  1.12505182 -0.3839773   0.42076342
  1.91903384  0.45811753  0.6507477  -1.27156851  1.79161102  2.93982553
  0.9959399   0.22180294 -1.14181177  2.42278794  0.72674067 -1.90977381
 -0.05037823  1.87092315  0.98664711 -1.08002847 -2.30130737  2.22238366
  2.00398645  1.92832259  2.29723334  1.91578521 -1.66121703 -3.10389786
  0.42852349  1.34475924 -2.26275403 -1.12583515  2.31183658  1.3929466
 -0.27195634 -1.84442243 -1.64823799  1.96528232  1.30723935 -1.01188234
 -0.2307548  -0.6930899  -0.30338966  2.30246037 -0.66193796 -0.93534341
  0.77590849 -2.35268838  0.59026835  2.78422868 -0.35242971  2.04722707
 -1.86126414 -1.35336572 -2.59736824 -2.42273147 -1.50153139 -3.02896527
  2.01620112  1.78191186  1.58151658  1.12533522  1.58819469 -2.44421566
 -2.50736809  1.78907353  1.03427342 -0.29185899 -2.47720454  1.430983
 -1.04394816 -3.04762108 -0.04720548  1.89751603 -2.70128406 -2.36816679
  1.87611794  1.02966659 -0.62617463 -0.49631307 -0.9214074   1.96405412
  0.47262232 -0.3562254   0.40183295 -2.26662845  1.26136576 -0.15330636
  2.40236079  1.23319649  2.87809187 -1.05733991  2.10171156 -0.42989523
 -3.26841315  2.20322036  0.81147112  1.92881143 -1.28919727  1.43910717
 -2.12172299  0.20898394  0.08303697 -2.79059093 -0.90191405 -2.39307492
  0.07227664 -0.56898723]
Sat May 25 17:26:30 2024,510,0.09593800690617527,[-4.65846655  2.36664308 -1.84106147 -0.12409647  0.18672653 -2.68765057
  3.01283113  2.10571289  1.45518609 -0.9253608   0.61240001  1.09170237
  1.13209977 -1.54196645  0.77712896  2.80621614 -0.79815405 -0.63691814
 -1.75472033  0.60195838  1.67657056  2.99185704 -1.20875748 -0.31571192
 -2.42357658 -2.33803684  2.99457989  2.76322725 -0.54433299 -2.36481354
  1.48280819 -0.05850795 -2.31787408  2.0955647   1.28954056 -0.63853827
  0.84777204 -2.31880638 -0.02589609  2.15332928 -0.16394274  0.38886762
  2.71395653  1.04622365  2.46285568  3.16174719  2.64140797 -2.93932987
  0.26537471 -0.81572896  1.75888727  2.86399425 -0.51095135 -2.31763525
  2.78737034 -3.21076775  0.79394304 -0.63487796 -1.74135895  2.69818256
 -1.80955088 -1.58813143 -2.30391473  2.18800763 -2.45128561  2.13559762
  2.0746518   1.53540766  2.38308579  2.80474865  1.64886035  1.20012651
 -1.5132445  -2.22927538  1.4713018   0.71194235  1.31361888 -3.01402374
 -0.37770275  2.51831662 -1.03585526  1.28752013  1.48329354  0.54455003
 -0.83302093  1.11514355  0.66824156 -0.38370176  2.80473753 -1.99307023
  1.53804588 -0.4868119   1.09033685 -2.84976562 -2.4583224   0.45773023
 -1.16150555 -0.49457575  0.36531504 -0.11126827 -1.65032741 -0.04116971
 -0.85970636  2.81181002 -1.06239911 -1.38013485 -0.94883265  1.07796518
  1.85224574 -0.69616542  1.97232737 -2.19417502 -0.34727768 -0.73251669
 -2.89008168  3.16480383 -1.63194695  3.13522516 -1.26602509 -2.70847941
  3.36217273 -1.23322234 -0.77649759 -2.88407697 -2.71720628  2.54564044
 -2.13655165 -2.04712689 -0.18154992  3.14998827  0.24664345  0.21384859
 -1.25020307 -0.6776413  -1.73376962 -3.03025064  2.87032637  1.23550879
 -0.48570782 -2.18838433  1.10971223 -1.10585662 -0.49042488 -2.73954043
 -2.06516989  1.86554828 -0.87381235  2.62185172 -0.45419477 -2.6715129
 -2.82019444  2.26182911 -3.14423323 -0.44536922 -1.00234813 -0.24660785
  2.34754169  1.84025318  0.01820645 -2.55288846 -2.65892143  0.24436955
 -0.7666624   1.24524097 -2.6277107   1.12505196 -0.38397744  0.42076329
  1.9190337   0.45811767  0.65074783 -1.27156864  1.79161115  2.93982539
  0.99593977  0.22180308 -1.14181191  2.42278781  0.72674053 -1.90977367
 -0.05037809  1.87092302  0.98664697 -1.08002861 -2.30130751  2.2223838
  2.00398659  1.92832273  2.29723347  1.91578535 -1.66121717 -3.10389799
  0.42852335  1.34475938 -2.26275417 -1.12583529  2.31183672  1.39294646
 -0.27195648 -1.84442229 -1.64823785  1.96528246  1.30723949 -1.01188221
 -0.23075467 -0.69309003 -0.3033898   2.30246023 -0.6619381  -0.93534355
  0.77590863 -2.35268852  0.59026849  2.78422881 -0.35242958  2.04722721
 -1.86126427 -1.35336586 -2.59736838 -2.42273133 -1.50153126 -3.02896514
  2.01620126  1.781912    1.58151644  1.12533508  1.58819455 -2.44421579
 -2.50736796  1.78907366  1.03427356 -0.29185912 -2.47720468  1.43098287
 -1.0439483  -3.04762122 -0.04720534  1.89751616 -2.70128419 -2.36816693
  1.8761178   1.02966645 -0.6261745  -0.49631293 -0.92140726  1.96405399
  0.47262246 -0.35622527  0.40183308 -2.26662832  1.26136562 -0.15330649
  2.40236092  1.23319636  2.87809174 -1.05734005  2.10171169 -0.42989536
 -3.26841329  2.20322049  0.81147126  1.92881129 -1.2891974   1.43910731
 -2.12172286  0.20898408  0.08303684 -2.79059107 -0.90191392 -2.39307479
  0.0722765  -0.5689871 ]
Sat May 25 17:26:54 2024,511,0.09593800689736846,[-4.65846669  2.36664322 -1.84106134 -0.12409634  0.18672666 -2.6876507
  3.012831    2.10571275  1.45518595 -0.92536093  0.61239988  1.0917025
  1.13209991 -1.54196658  0.77712882  2.80621627 -0.79815419 -0.63691801
 -1.75472047  0.60195851  1.67657043  2.99185717 -1.20875734 -0.31571205
 -2.42357672 -2.33803671  2.99457975  2.76322739 -0.54433313 -2.36481368
  1.48280805 -0.05850781 -2.31787395  2.09556457  1.2895407  -0.63853841
  0.84777217 -2.31880624 -0.02589596  2.15332914 -0.16394261  0.38886776
  2.7139564   1.04622378  2.46285555  3.16174706  2.64140811 -2.93932974
  0.26537485 -0.81572909  1.7588874   2.86399411 -0.51095149 -2.31763512
  2.78737047 -3.21076762  0.79394318 -0.63487809 -1.74135881  2.69818269
 -1.80955075 -1.58813129 -2.3039146   2.18800749 -2.45128575  2.13559749
  2.07465166  1.53540753  2.38308592  2.80474879  1.64886048  1.20012637
 -1.51324437 -2.22927524  1.47130194  0.71194249  1.31361875 -3.01402387
 -0.37770288  2.51831675 -1.03585513  1.28752027  1.4832934   0.54454989
 -0.83302107  1.11514342  0.66824143 -0.38370162  2.80473766 -1.99307036
  1.53804602 -0.48681177  1.09033672 -2.84976576 -2.45832253  0.45773036
 -1.16150568 -0.49457589  0.3653149  -0.11126814 -1.65032755 -0.04116984
 -0.85970649  2.81181015 -1.06239898 -1.38013499 -0.94883278  1.07796532
  1.85224588 -0.69616528  1.97232724 -2.19417515 -0.34727782 -0.73251655
 -2.89008155  3.16480369 -1.63194682  3.1352253  -1.26602496 -2.70847927
  3.36217259 -1.23322221 -0.77649745 -2.8840771  -2.71720642  2.54564057
 -2.13655151 -2.04712675 -0.18155006  3.14998813  0.24664332  0.21384872
 -1.25020294 -0.67764116 -1.73376948 -3.03025051  2.87032624  1.23550893
 -0.48570768 -2.1883842   1.10971237 -1.10585676 -0.49042501 -2.7395403
 -2.06516975  1.86554841 -0.87381248  2.62185185 -0.45419464 -2.67151303
 -2.82019457  2.26182925 -3.14423337 -0.44536909 -1.002348   -0.24660772
  2.34754183  1.84025305  0.01820658 -2.5528886  -2.65892157  0.24436968
 -0.76666227  1.24524111 -2.62771083  1.12505209 -0.3839773   0.42076342
  1.91903383  0.4581178   0.65074797 -1.27156851  1.79161102  2.93982553
  0.9959399   0.22180321 -1.14181177  2.42278767  0.72674066 -1.90977354
 -0.05037796  1.87092315  0.98664684 -1.08002874 -2.30130737  2.22238393
  2.00398672  1.92832286  2.29723334  1.91578521 -1.6612173  -3.10389813
  0.42852349  1.34475924 -2.26275403 -1.12583515  2.31183685  1.39294633
 -0.27195661 -1.84442242 -1.64823772  1.96528232  1.30723936 -1.01188234
 -0.2307548  -0.6930899  -0.30338966  2.3024601  -0.66193796 -0.93534341
  0.7759085  -2.35268865  0.59026862  2.78422868 -0.35242971  2.04722707
 -1.86126441 -1.35336572 -2.59736824 -2.42273146 -1.50153112 -3.028965
  2.01620112  1.78191187  1.58151631  1.12533495  1.58819442 -2.44421566
 -2.50736782  1.7890738   1.03427342 -0.29185926 -2.47720454  1.43098273
 -1.04394816 -3.04762135 -0.04720521  1.89751603 -2.70128433 -2.36816679
  1.87611794  1.02966632 -0.62617463 -0.49631307 -0.92140739  1.96405412
  0.47262232 -0.3562254   0.40183295 -2.26662845  1.26136549 -0.15330663
  2.40236106  1.23319623  2.8780916  -1.05733991  2.10171156 -0.42989523
 -3.26841315  2.20322063  0.81147139  1.92881143 -1.28919727  1.43910744
 -2.12172299  0.20898421  0.0830367  -2.7905912  -0.90191378 -2.39307465
  0.07227637 -0.56898697]
Sat May 25 17:27:19 2024,512,0.09593800688873208,[-4.65846682  2.36664309 -1.84106121 -0.12409647  0.18672653 -2.68765083
  3.01283087  2.10571262  1.45518608 -0.9253608   0.61239975  1.09170237
  1.13210004 -1.54196671  0.77712895  2.80621614 -0.79815406 -0.63691788
 -1.7547206   0.60195864  1.67657056  2.99185731 -1.20875721 -0.31571192
 -2.42357685 -2.33803657  2.99457962  2.76322725 -0.544333   -2.36481355
  1.48280792 -0.05850795 -2.31787382  2.0955647   1.28954083 -0.63853854
  0.84777204 -2.31880637 -0.02589583  2.15332901 -0.16394274  0.38886763
  2.71395627  1.04622391  2.46285568  3.16174693  2.64140824 -2.93932987
  0.26537472 -0.81572896  1.75888727  2.86399425 -0.51095136 -2.31763499
  2.7873706  -3.21076749  0.79394305 -0.63487796 -1.74135894  2.69818282
 -1.80955061 -1.58813116 -2.30391473  2.18800736 -2.45128588  2.13559762
  2.07465153  1.5354074   2.38308579  2.80474866  1.64886035  1.20012651
 -1.5132445  -2.22927511  1.47130181  0.71194262  1.31361862 -3.01402374
 -0.37770301  2.51831688 -1.03585499  1.2875204   1.48329327  0.54454976
 -0.8330212   1.11514329  0.6682413  -0.38370149  2.80473753 -1.99307049
  1.53804589 -0.4868119   1.09033658 -2.84976563 -2.4583224   0.4577305
 -1.16150582 -0.49457602  0.36531503 -0.111268   -1.65032768 -0.04116998
 -0.85970636  2.81181028 -1.06239884 -1.38013486 -0.94883265  1.07796518
  1.85224601 -0.69616515  1.97232711 -2.19417528 -0.34727769 -0.73251669
 -2.89008168  3.16480356 -1.63194695  3.13522543 -1.26602509 -2.70847941
  3.36217246 -1.23322234 -0.77649732 -2.88407697 -2.71720628  2.54564044
 -2.13655164 -2.04712688 -0.18155019  3.14998827  0.24664345  0.21384859
 -1.25020307 -0.67764103 -1.73376961 -3.03025038  2.87032637  1.23550906
 -0.48570781 -2.18838433  1.10971223 -1.10585663 -0.49042488 -2.73954043
 -2.06516988  1.86554854 -0.87381235  2.62185199 -0.45419477 -2.6715129
 -2.8201947   2.26182912 -3.1442335  -0.44536895 -1.00234813 -0.24660785
  2.34754196  1.84025318  0.01820645 -2.55288847 -2.65892143  0.24436955
 -0.76666214  1.24524124 -2.6277107   1.12505196 -0.38397717  0.42076355
  1.91903397  0.45811793  0.6507481  -1.27156864  1.79161089  2.93982539
  0.99593977  0.22180308 -1.1418119   2.42278781  0.72674053 -1.90977341
 -0.05037783  1.87092302  0.98664697 -1.08002861 -2.3013075   2.2223838
  2.00398685  1.92832273  2.29723347  1.91578534 -1.66121743 -3.10389826
  0.42852362  1.34475911 -2.26275416 -1.12583528  2.31183698  1.39294646
 -0.27195675 -1.84442229 -1.64823785  1.96528219  1.30723922 -1.01188247
 -0.23075493 -0.69308977 -0.3033898   2.30246023 -0.66193783 -0.93534354
  0.77590863 -2.35268852  0.59026875  2.78422855 -0.35242984  2.04722721
 -1.86126454 -1.35336559 -2.59736837 -2.42273133 -1.50153125 -3.02896513
  2.01620126  1.78191173  1.58151618  1.12533508  1.58819455 -2.44421553
 -2.50736796  1.78907393  1.03427329 -0.29185913 -2.47720468  1.43098286
 -1.04394803 -3.04762148 -0.04720534  1.8975159  -2.7012842  -2.36816666
  1.87611781  1.02966645 -0.6261745  -0.4963132  -0.92140726  1.96405399
  0.47262219 -0.35622527  0.40183282 -2.26662832  1.26136536 -0.1533065
  2.40236092  1.23319636  2.87809147 -1.05734004  2.10171169 -0.4298951
 -3.26841329  2.20322049  0.81147152  1.9288113  -1.28919714  1.43910731
 -2.12172312  0.20898434  0.08303657 -2.79059133 -0.90191392 -2.39307452
  0.0722765  -0.5689871 ]
Sat May 25 17:27:59 2024,513,0.09593800688026133,[-4.65846695  2.36664296 -1.84106134 -0.12409634  0.1867264  -2.6876507
  3.01283074  2.10571275  1.45518621 -0.92536067  0.61239962  1.09170224
  1.13209991 -1.54196684  0.77712883  2.80621627 -0.79815393 -0.63691775
 -1.75472073  0.60195851  1.67657069  2.99185718 -1.20875734 -0.31571179
 -2.42357672 -2.3380367   2.99457975  2.76322712 -0.54433313 -2.36481367
  1.48280779 -0.05850807 -2.31787369  2.09556457  1.2895407  -0.63853867
  0.84777217 -2.3188065  -0.0258957   2.15332888 -0.16394287  0.3888675
  2.7139564   1.04622404  2.46285581  3.1617468   2.64140811 -2.93932974
  0.26537459 -0.81572909  1.75888714  2.86399412 -0.51095149 -2.31763486
  2.78737073 -3.21076736  0.79394318 -0.63487809 -1.74135907  2.69818295
 -1.80955049 -1.58813129 -2.3039146   2.18800723 -2.45128575  2.13559775
  2.07465166  1.53540753  2.38308566  2.80474853  1.64886022  1.20012663
 -1.51324437 -2.22927524  1.47130168  0.71194275  1.31361849 -3.01402361
 -0.37770314  2.51831675 -1.03585512  1.28752027  1.4832934   0.54454989
 -0.83302133  1.11514316  0.66824117 -0.38370162  2.80473766 -1.99307036
  1.53804601 -0.48681177  1.09033671 -2.8497655  -2.45832227  0.45773063
 -1.16150569 -0.49457589  0.3653149  -0.11126788 -1.65032755 -0.04116985
 -0.85970649  2.81181015 -1.06239897 -1.38013499 -0.94883278  1.07796506
  1.85224614 -0.69616502  1.97232724 -2.19417541 -0.34727782 -0.73251656
 -2.89008155  3.16480343 -1.63194682  3.1352253  -1.26602522 -2.70847928
  3.36217233 -1.23322247 -0.77649745 -2.88407684 -2.71720616  2.54564057
 -2.13655177 -2.04712701 -0.18155032  3.14998814  0.24664358  0.21384872
 -1.25020294 -0.67764116 -1.73376948 -3.03025051  2.87032624  1.23550919
 -0.48570769 -2.18838446  1.10971236 -1.10585676 -0.49042501 -2.7395403
 -2.06517001  1.86554867 -0.87381222  2.62185211 -0.4541949  -2.67151303
 -2.82019483  2.26182899 -3.14423363 -0.44536908 -1.002348   -0.24660772
  2.34754209  1.84025305  0.01820658 -2.5528886  -2.65892156  0.24436942
 -0.76666227  1.24524111 -2.62771057  1.12505183 -0.38397704  0.42076368
  1.91903384  0.4581178   0.65074823 -1.27156877  1.79161102  2.93982527
  0.99593964  0.22180295 -1.14181177  2.42278768  0.72674066 -1.90977328
 -0.05037796  1.87092289  0.9866471  -1.08002874 -2.30130763  2.22238367
  2.00398672  1.92832286  2.2972336   1.91578547 -1.6612173  -3.10389839
  0.42852375  1.34475924 -2.26275404 -1.12583541  2.31183685  1.39294633
 -0.27195687 -1.84442242 -1.64823772  1.96528206  1.30723935 -1.01188234
 -0.23075506 -0.6930899  -0.30338993  2.30246036 -0.6619377  -0.93534341
  0.7759085  -2.35268865  0.59026862  2.78422868 -0.35242997  2.04722708
 -1.86126441 -1.35336572 -2.5973685  -2.4227312  -1.50153138 -3.02896526
  2.01620113  1.78191161  1.58151631  1.12533495  1.58819442 -2.44421566
 -2.50736783  1.78907406  1.03427342 -0.29185925 -2.4772048   1.43098273
 -1.04394816 -3.04762161 -0.04720521  1.89751577 -2.70128433 -2.36816653
  1.87611794  1.02966658 -0.62617463 -0.49631333 -0.92140739  1.96405412
  0.47262206 -0.3562254   0.40183269 -2.26662845  1.26136523 -0.15330637
  2.4023608   1.23319649  2.8780916  -1.05734017  2.10171156 -0.42989497
 -3.26841316  2.20322062  0.81147139  1.92881117 -1.28919701  1.43910744
 -2.12172325  0.20898447  0.08303644 -2.79059146 -0.90191379 -2.39307465
  0.07227637 -0.56898697]
Sat May 25 17:28:23 2024,514,0.09593800687195224,[-4.65846707  2.36664283 -1.84106121 -0.12409622  0.18672628 -2.68765083
  3.01283061  2.10571262  1.45518634 -0.92536054  0.61239949  1.09170237
  1.13209978 -1.54196697  0.77712895  2.8062164  -0.79815405 -0.63691788
 -1.7547206   0.60195839  1.67657056  2.99185705 -1.20875747 -0.31571167
 -2.42357659 -2.33803658  2.99457988  2.763227   -0.54433325 -2.36481355
  1.48280792 -0.0585082  -2.31787356  2.0955647   1.28954083 -0.63853854
  0.8477723  -2.31880663 -0.02589582  2.15332876 -0.163943    0.38886737
  2.71395653  1.04622417  2.46285568  3.16174693  2.64140798 -2.93932962
  0.26537446 -0.81572921  1.75888702  2.86399424 -0.51095136 -2.31763473
  2.78737061 -3.21076749  0.79394305 -0.63487822 -1.7413592   2.69818282
 -1.80955061 -1.58813117 -2.30391473  2.18800736 -2.45128588  2.13559762
  2.07465179  1.53540765  2.38308553  2.80474866  1.64886035  1.20012651
 -1.5132445  -2.22927537  1.4713018   0.71194262  1.31361862 -3.01402374
 -0.37770327  2.51831688 -1.03585525  1.28752014  1.48329327  0.54455002
 -0.8330212   1.11514303  0.66824104 -0.38370175  2.80473753 -1.99307049
  1.53804614 -0.4868119   1.09033659 -2.84976562 -2.4583224   0.4577305
 -1.16150556 -0.49457576  0.36531478 -0.111268   -1.65032768 -0.04116972
 -0.85970636  2.81181003 -1.06239885 -1.38013511 -0.94883266  1.07796518
  1.85224627 -0.69616515  1.97232711 -2.19417529 -0.34727794 -0.73251668
 -2.89008142  3.1648033  -1.63194669  3.13522517 -1.26602509 -2.70847915
  3.36217221 -1.2332226  -0.77649733 -2.88407697 -2.71720603  2.54564069
 -2.1365519  -2.04712689 -0.18155019  3.14998826  0.24664345  0.21384885
 -1.25020281 -0.67764104 -1.73376961 -3.03025038  2.87032611  1.23550906
 -0.48570781 -2.18838433  1.10971224 -1.10585688 -0.49042488 -2.73954017
 -2.06516989  1.8655488  -0.87381235  2.62185224 -0.45419503 -2.67151316
 -2.82019496  2.26182911 -3.14423375 -0.44536896 -1.00234813 -0.24660759
  2.34754196  1.84025293  0.0182067  -2.55288847 -2.65892169  0.24436955
 -0.76666239  1.24524098 -2.6277107   1.12505196 -0.38397717  0.42076356
  1.91903371  0.45811768  0.6507481  -1.27156889  1.79161115  2.93982514
  0.99593952  0.22180308 -1.1418119   2.42278755  0.72674079 -1.90977315
 -0.05037809  1.87092276  0.98664697 -1.08002861 -2.30130751  2.2223838
  2.0039866   1.92832298  2.29723373  1.9157856  -1.66121717 -3.10389851
  0.42852362  1.34475911 -2.26275391 -1.12583554  2.31183672  1.3929462
 -0.27195675 -1.8444223  -1.64823759  1.96528219  1.30723948 -1.01188247
 -0.23075519 -0.69309002 -0.30339005  2.30246048 -0.66193783 -0.93534329
  0.77590837 -2.35268878  0.59026849  2.7842288  -0.3524301   2.04722695
 -1.86126454 -1.35336585 -2.59736863 -2.42273108 -1.50153151 -3.02896539
  2.016201    1.78191173  1.58151643  1.12533508  1.5881943  -2.44421578
 -2.5073677   1.78907418  1.03427355 -0.29185938 -2.47720468  1.43098261
 -1.04394829 -3.04762148 -0.04720534  1.8975159  -2.7012842  -2.36816666
  1.87611806  1.0296667  -0.62617476 -0.4963132  -0.92140752  1.96405425
  0.47262219 -0.35622527  0.40183282 -2.26662832  1.26136536 -0.15330649
  2.40236092  1.23319661  2.87809173 -1.05734005  2.10171143 -0.42989509
 -3.26841303  2.20322075  0.81147126  1.92881104 -1.28919714  1.43910757
 -2.12172338  0.2089846   0.08303631 -2.79059159 -0.90191366 -2.39307452
  0.0722765  -0.56898684]
Sat May 25 17:28:49 2024,515,0.09593800686380147,[-4.6584672   2.36664296 -1.84106134 -0.12409609  0.1867264  -2.68765096
  3.01283049  2.1057125   1.45518621 -0.92536042  0.61239936  1.09170249
  1.13209966 -1.54196709  0.77712883  2.80621652 -0.79815393 -0.63691775
 -1.75472048  0.60195851  1.67657043  2.99185717 -1.20875759 -0.31571179
 -2.42357672 -2.33803645  2.99457975  2.76322687 -0.54433338 -2.36481367
  1.48280804 -0.05850808 -2.31787368  2.09556457  1.28954095 -0.63853867
  0.84777217 -2.31880675 -0.0258957   2.15332863 -0.16394312  0.3888675
  2.7139564   1.04622429  2.46285581  3.16174705  2.64140811 -2.93932974
  0.26537459 -0.81572909  1.75888689  2.86399412 -0.51095123 -2.3176346
  2.78737048 -3.21076761  0.79394292 -0.63487809 -1.74135907  2.6981827
 -1.80955074 -1.58813104 -2.30391485  2.18800749 -2.45128575  2.1355975
  2.07465191  1.53540778  2.38308566  2.80474853  1.64886047  1.20012638
 -1.51324462 -2.22927524  1.47130168  0.7119425   1.31361849 -3.01402361
 -0.3777034   2.51831675 -1.03585513  1.28752002  1.4832934   0.54455014
 -0.83302133  1.11514316  0.66824117 -0.38370187  2.80473766 -1.99307061
  1.53804627 -0.48681178  1.09033671 -2.8497655  -2.45832252  0.45773062
 -1.16150544 -0.49457564  0.3653149  -0.11126788 -1.65032755 -0.04116984
 -0.85970648  2.8118099  -1.06239897 -1.38013499 -0.94883278  1.07796506
  1.85224639 -0.69616528  1.97232698 -2.19417541 -0.34727782 -0.73251681
 -2.89008155  3.16480343 -1.63194657  3.1352253  -1.26602522 -2.70847927
  3.36217233 -1.23322272 -0.77649745 -2.88407685 -2.71720615  2.54564057
 -2.13655178 -2.04712701 -0.18155007  3.14998814  0.24664333  0.21384872
 -1.25020269 -0.67764116 -1.73376974 -3.0302505   2.87032599  1.23550918
 -0.48570769 -2.1883842   1.10971211 -1.10585676 -0.49042501 -2.73954005
 -2.06516976  1.86554892 -0.87381247  2.62185237 -0.4541949  -2.67151328
 -2.82019508  2.26182924 -3.14423363 -0.44536908 -1.002348   -0.24660747
  2.34754183  1.8402528   0.01820683 -2.55288859 -2.65892182  0.24436943
 -0.76666252  1.24524086 -2.62771083  1.12505208 -0.38397704  0.42076368
  1.91903358  0.4581178   0.65074798 -1.27156902  1.79161127  2.93982501
  0.99593964  0.22180321 -1.14181203  2.42278743  0.72674066 -1.90977303
 -0.05037821  1.87092264  0.98664685 -1.08002873 -2.30130763  2.22238393
  2.00398647  1.92832311  2.2972336   1.91578573 -1.66121705 -3.10389864
  0.4285235   1.34475924 -2.26275378 -1.12583567  2.31183685  1.39294633
 -0.27195662 -1.84442217 -1.64823772  1.96528231  1.30723936 -1.01188234
 -0.23075506 -0.69309015 -0.30339018  2.30246061 -0.66193771 -0.93534316
  0.7759085  -2.3526889   0.59026862  2.78422893 -0.35242997  2.04722707
 -1.86126441 -1.35336572 -2.59736851 -2.42273095 -1.50153138 -3.02896551
  2.01620113  1.78191186  1.58151656  1.1253352   1.58819442 -2.44421566
 -2.50736757  1.78907406  1.03427342 -0.29185951 -2.47720455  1.43098248
 -1.04394841 -3.04762136 -0.04720521  1.89751602 -2.70128407 -2.36816678
  1.87611794  1.02966683 -0.62617488 -0.49631332 -0.92140739  1.96405437
  0.47262231 -0.3562254   0.40183294 -2.2666282   1.26136523 -0.15330637
  2.4023608   1.23319649  2.87809185 -1.05734017  2.10171131 -0.42989497
 -3.26841315  2.20322088  0.81147139  1.92881117 -1.28919701  1.43910744
 -2.12172325  0.20898448  0.08303644 -2.79059146 -0.90191353 -2.39307465
  0.07227662 -0.56898697]
Sat May 25 17:29:21 2024,516,0.09593800685580467,[-4.65846732  2.36664283 -1.84106121 -0.12409621  0.18672652 -2.68765108
  3.01283061  2.10571262  1.45518634 -0.92536054  0.61239949  1.09170261
  1.13209978 -1.54196722  0.77712871  2.80621664 -0.79815381 -0.63691763
 -1.75472035  0.60195863  1.67657056  2.99185705 -1.20875772 -0.31571191
 -2.42357659 -2.33803633  2.99457963  2.763227   -0.5443335  -2.36481355
  1.48280817 -0.05850795 -2.31787381  2.09556445  1.28954083 -0.63853879
  0.84777205 -2.31880688 -0.02589558  2.15332876 -0.16394324  0.38886737
  2.71395652  1.04622441  2.46285593  3.16174693  2.64140799 -2.93932962
  0.26537471 -0.81572921  1.75888677  2.86399424 -0.51095111 -2.31763473
  2.78737036 -3.21076749  0.7939428  -0.63487821 -1.7413592   2.69818282
 -1.80955086 -1.58813116 -2.30391497  2.18800736 -2.45128587  2.13559762
  2.07465179  1.5354079   2.38308578  2.80474865  1.64886035  1.20012626
 -1.5132445  -2.22927536  1.4713018   0.71194237  1.31361837 -3.01402349
 -0.37770327  2.51831663 -1.03585525  1.28751989  1.48329352  0.54455002
 -0.83302145  1.11514303  0.66824129 -0.38370175  2.80473778 -1.99307049
  1.53804614 -0.4868119   1.09033683 -2.84976538 -2.4583224   0.45773075
 -1.16150531 -0.49457576  0.36531502 -0.11126775 -1.65032767 -0.04116972
 -0.85970636  2.81180978 -1.06239885 -1.38013486 -0.9488329   1.07796493
  1.85224651 -0.6961654   1.97232686 -2.19417553 -0.3472777  -0.73251693
 -2.89008167  3.16480331 -1.63194669  3.13522542 -1.26602534 -2.7084794
  3.36217221 -1.23322284 -0.77649757 -2.88407672 -2.71720603  2.54564069
 -2.1365519  -2.04712689 -0.18155019  3.14998826  0.24664345  0.21384885
 -1.25020257 -0.67764104 -1.73376986 -3.03025063  2.87032611  1.23550906
 -0.48570756 -2.18838433  1.10971199 -1.10585664 -0.49042489 -2.73954017
 -2.06516964  1.86554905 -0.8738126   2.62185249 -0.45419502 -2.67151316
 -2.8201952   2.26182912 -3.14423351 -0.44536896 -1.00234812 -0.24660759
  2.34754196  1.84025268  0.01820671 -2.55288847 -2.65892194  0.2443693
 -0.76666239  1.24524098 -2.62771095  1.12505221 -0.38397692  0.42076356
  1.91903346  0.45811768  0.6507481  -1.2715689   1.79161115  2.93982514
  0.99593976  0.22180333 -1.14181215  2.42278755  0.72674079 -1.9097729
 -0.05037833  1.87092252  0.98664672 -1.08002886 -2.30130751  2.22238405
  2.00398659  1.92832299  2.29723348  1.91578585 -1.66121717 -3.10389876
  0.42852337  1.34475912 -2.26275391 -1.12583579  2.31183697  1.39294621
 -0.27195675 -1.84442205 -1.64823759  1.96528219  1.30723923 -1.01188247
 -0.23075494 -0.69309027 -0.30339005  2.30246049 -0.66193758 -0.93534329
  0.77590862 -2.35268903  0.5902685   2.78422905 -0.35243009  2.0472272
 -1.86126453 -1.3533656  -2.59736838 -2.42273083 -1.50153151 -3.02896564
  2.01620125  1.78191173  1.58151644  1.12533508  1.58819454 -2.44421554
 -2.50736745  1.78907394  1.0342733  -0.29185938 -2.47720443  1.43098261
 -1.04394829 -3.04762148 -0.04720533  1.89751615 -2.70128395 -2.36816691
  1.87611781  1.02966695 -0.62617476 -0.49631345 -0.92140727  1.96405425
  0.47262244 -0.35622552  0.40183306 -2.26662807  1.26136535 -0.15330625
  2.40236092  1.23319636  2.87809198 -1.05734005  2.10171119 -0.42989509
 -3.26841303  2.20322075  0.81147151  1.92881129 -1.28919689  1.43910756
 -2.12172338  0.20898435  0.08303632 -2.79059134 -0.90191366 -2.39307452
  0.07227674 -0.56898684]
Sat May 25 17:29:45 2024,517,0.09593800684795928,[-4.65846744  2.36664271 -1.84106109 -0.12409634  0.1867264  -2.6876512
  3.01283049  2.1057125   1.45518622 -0.92536066  0.61239961  1.09170273
  1.1320999  -1.5419671   0.77712883  2.80621677 -0.79815369 -0.63691751
 -1.75472047  0.60195876  1.67657044  2.99185693 -1.20875759 -0.31571203
 -2.42357647 -2.33803645  2.99457975  2.76322687 -0.54433338 -2.36481367
  1.48280805 -0.05850807 -2.31787393  2.09556457  1.28954095 -0.63853867
  0.84777193 -2.31880676 -0.0258957   2.15332888 -0.16394336  0.38886725
  2.7139564   1.04622453  2.46285605  3.16174705  2.64140811 -2.93932974
  0.26537459 -0.81572909  1.75888665  2.86399436 -0.51095099 -2.31763461
  2.78737048 -3.21076737  0.79394268 -0.63487834 -1.74135908  2.6981827
 -1.80955074 -1.58813128 -2.30391485  2.18800724 -2.45128599  2.13559774
  2.07465167  1.53540778  2.38308566  2.80474853  1.64886047  1.20012638
 -1.51324438 -2.22927524  1.47130192  0.71194225  1.31361849 -3.01402337
 -0.37770315  2.51831651 -1.03585513  1.28752001  1.48329364  0.5445499
 -0.83302133  1.11514291  0.66824117 -0.38370163  2.80473766 -1.99307061
  1.53804626 -0.48681178  1.09033671 -2.8497655  -2.45832252  0.45773063
 -1.16150543 -0.49457588  0.3653149  -0.11126763 -1.6503278  -0.04116984
 -0.85970648  2.81180966 -1.06239897 -1.38013474 -0.94883278  1.07796481
  1.85224639 -0.69616528  1.97232674 -2.19417565 -0.34727782 -0.73251681
 -2.89008179  3.16480319 -1.63194657  3.13522554 -1.26602522 -2.70847952
  3.36217233 -1.23322296 -0.77649745 -2.8840766  -2.71720591  2.54564081
 -2.13655202 -2.04712701 -0.18155007  3.14998838  0.24664333  0.21384873
 -1.25020245 -0.67764092 -1.73376998 -3.03025075  2.87032623  1.23550918
 -0.48570769 -2.18838421  1.10971211 -1.10585651 -0.49042501 -2.73954029
 -2.06516976  1.86554893 -0.87381272  2.62185237 -0.45419514 -2.67151328
 -2.82019508  2.261829   -3.14423363 -0.44536884 -1.00234825 -0.24660771
  2.34754208  1.84025256  0.01820683 -2.55288835 -2.65892182  0.24436918
 -0.76666252  1.2452411  -2.62771083  1.12505233 -0.3839768   0.42076344
  1.91903358  0.4581178   0.65074798 -1.27156878  1.79161103  2.93982502
  0.99593964  0.22180321 -1.14181227  2.42278743  0.72674091 -1.90977303
 -0.05037821  1.8709224   0.9866466  -1.08002898 -2.30130739  2.22238417
  2.00398671  1.92832287  2.2972336   1.91578597 -1.66121705 -3.10389864
  0.42852349  1.34475899 -2.26275403 -1.12583567  2.31183685  1.39294609
 -0.27195663 -1.84442193 -1.64823772  1.96528207  1.30723935 -1.01188259
 -0.23075482 -0.69309039 -0.30339018  2.30246036 -0.66193746 -0.93534316
  0.77590874 -2.3526889   0.59026838  2.78422917 -0.35242997  2.04722732
 -1.86126441 -1.35336572 -2.5973685  -2.42273071 -1.50153139 -3.02896576
  2.01620137  1.78191161  1.58151632  1.12533496  1.58819466 -2.44421566
 -2.50736757  1.78907406  1.03427318 -0.29185926 -2.47720431  1.43098273
 -1.04394817 -3.04762136 -0.04720521  1.89751627 -2.70128383 -2.36816679
  1.87611794  1.02966683 -0.62617464 -0.49631333 -0.92140715  1.96405437
  0.47262232 -0.3562254   0.40183318 -2.26662795  1.26136547 -0.15330613
  2.4023608   1.23319649  2.8780921  -1.05734017  2.10171106 -0.42989521
 -3.26841291  2.20322063  0.81147163  1.92881117 -1.28919701  1.43910744
 -2.1217235   0.20898447  0.08303644 -2.79059146 -0.90191354 -2.39307465
  0.07227662 -0.56898672]
Sat May 25 17:30:10 2024,518,0.09593800684025992,[-4.65846756  2.36664283 -1.84106098 -0.12409645  0.18672652 -2.68765132
  3.01283037  2.10571262  1.45518633 -0.92536078  0.61239949  1.09170261
  1.13209978 -1.54196698  0.77712871  2.80621665 -0.7981538  -0.63691763
 -1.75472059  0.60195864  1.67657056  2.99185681 -1.20875771 -0.31571215
 -2.42357659 -2.33803657  2.99457987  2.76322676 -0.54433326 -2.36481355
  1.48280793 -0.05850796 -2.31787405  2.09556445  1.28954107 -0.63853855
  0.84777205 -2.31880664 -0.02589558  2.15332899 -0.16394324  0.38886713
  2.71395628  1.04622442  2.46285593  3.16174693  2.64140823 -2.93932962
  0.26537447 -0.81572897  1.75888653  2.86399448 -0.51095111 -2.31763449
  2.78737036 -3.21076749  0.7939428  -0.63487822 -1.7413592   2.69818258
 -1.80955086 -1.5881314  -2.30391497  2.18800712 -2.45128588  2.13559786
  2.07465179  1.53540766  2.38308554  2.80474841  1.64886059  1.2001265
 -1.5132445  -2.22927512  1.47130204  0.71194237  1.31361861 -3.01402349
 -0.37770327  2.51831663 -1.03585501  1.2875199   1.48329376  0.54454978
 -0.83302145  1.11514303  0.66824105 -0.38370151  2.80473754 -1.99307049
  1.53804638 -0.48681166  1.09033683 -2.84976538 -2.45832264  0.45773074
 -1.16150555 -0.49457576  0.36531502 -0.11126775 -1.65032791 -0.04116996
 -0.85970636  2.81180954 -1.06239885 -1.38013463 -0.9488329   1.0779647
  1.85224651 -0.6961654   1.97232662 -2.19417554 -0.34727793 -0.73251693
 -2.89008191  3.16480307 -1.63194669  3.13522542 -1.26602534 -2.70847964
  3.36217221 -1.23322308 -0.77649733 -2.88407648 -2.71720603  2.54564093
 -2.13655214 -2.04712713 -0.18154995  3.1499885   0.24664321  0.21384884
 -1.25020257 -0.67764104 -1.73376986 -3.03025063  2.87032611  1.2355093
 -0.4857078  -2.18838432  1.10971223 -1.10585663 -0.49042489 -2.73954041
 -2.06516988  1.86554881 -0.87381284  2.62185225 -0.45419503 -2.67151316
 -2.8201952   2.26182888 -3.14423374 -0.44536872 -1.00234836 -0.24660783
  2.34754196  1.84025268  0.01820695 -2.55288823 -2.6589217   0.2443693
 -0.7666624   1.24524122 -2.62771095  1.12505244 -0.38397692  0.42076332
  1.91903346  0.45811768  0.65074786 -1.27156866  1.79161115  2.93982513
  0.99593976  0.22180309 -1.14181215  2.42278755  0.72674079 -1.90977314
 -0.05037833  1.87092251  0.98664672 -1.08002886 -2.30130751  2.22238429
  2.0039866   1.92832275  2.29723372  1.91578609 -1.66121693 -3.10389852
  0.42852361  1.34475911 -2.26275391 -1.12583579  2.31183673  1.39294597
 -0.27195651 -1.84442181 -1.6482376   1.96528195  1.30723924 -1.01188271
 -0.2307547  -0.69309027 -0.30339006  2.30246048 -0.66193758 -0.93534305
  0.77590886 -2.35268902  0.59026849  2.78422929 -0.35242985  2.04722744
 -1.86126429 -1.35336584 -2.59736839 -2.42273059 -1.50153151 -3.02896588
  2.01620149  1.7819115   1.5815162   1.12533484  1.58819455 -2.44421554
 -2.50736745  1.78907418  1.0342733  -0.29185914 -2.47720419  1.43098284
 -1.04394829 -3.04762148 -0.04720509  1.89751615 -2.70128371 -2.36816667
  1.87611805  1.02966671 -0.62617476 -0.49631344 -0.92140703  1.96405449
  0.47262244 -0.35622528  0.40183307 -2.26662807  1.26136536 -0.15330601
  2.40236092  1.23319637  2.87809198 -1.05734005  2.10171118 -0.42989509
 -3.26841279  2.20322075  0.81147151  1.92881105 -1.28919713  1.43910733
 -2.12172362  0.20898459  0.08303632 -2.79059158 -0.90191366 -2.39307476
  0.07227674 -0.5689866 ]
Sat May 25 17:30:34 2024,519,0.09593800683270486,[-4.65846768  2.36664271 -1.84106109 -0.12409634  0.18672641 -2.68765144
  3.01283025  2.1057125   1.45518622 -0.9253609   0.61239961  1.0917025
  1.1320999  -1.54196686  0.77712859  2.80621676 -0.79815369 -0.63691751
 -1.75472048  0.60195875  1.67657044  2.9918567  -1.20875783 -0.31571227
 -2.42357647 -2.33803668  2.99457998  2.76322664 -0.54433314 -2.36481344
  1.48280804 -0.05850784 -2.31787393  2.09556457  1.28954119 -0.63853867
  0.84777216 -2.31880652 -0.02589546  2.15332911 -0.16394336  0.38886725
  2.71395617  1.04622453  2.46285582  3.16174681  2.64140834 -2.93932974
  0.26537459 -0.81572909  1.75888665  2.86399436 -0.51095099 -2.3176346
  2.78737024 -3.2107676   0.79394268 -0.63487833 -1.74135931  2.6981827
 -1.80955097 -1.58813152 -2.30391486  2.18800701 -2.45128576  2.13559774
  2.0746519   1.53540754  2.38308543  2.8047483   1.64886071  1.20012662
 -1.51324438 -2.22927524  1.47130216  0.71194249  1.31361849 -3.01402361
 -0.37770339  2.51831675 -1.03585489  1.28752001  1.48329388  0.54454966
 -0.83302156  1.11514315  0.66824117 -0.38370139  2.80473766 -1.99307061
  1.5380465  -0.48681178  1.09033695 -2.84976526 -2.45832276  0.45773086
 -1.16150544 -0.49457588  0.36531491 -0.11126764 -1.65032803 -0.04117008
 -0.85970648  2.81180966 -1.06239873 -1.38013451 -0.94883302  1.07796481
  1.85224663 -0.69616551  1.97232674 -2.19417565 -0.34727805 -0.73251704
 -2.89008179  3.16480318 -1.63194657  3.13522531 -1.26602522 -2.70847952
  3.36217233 -1.23322297 -0.77649722 -2.88407637 -2.71720614  2.54564081
 -2.13655225 -2.04712701 -0.18154983  3.14998838  0.2466431   0.21384896
 -1.25020245 -0.67764092 -1.73376974 -3.03025051  2.870326    1.23550942
 -0.48570769 -2.18838421  1.10971211 -1.10585675 -0.49042477 -2.73954053
 -2.06516976  1.86554869 -0.87381272  2.62185237 -0.45419491 -2.67151328
 -2.82019532  2.26182899 -3.14423386 -0.4453686  -1.00234825 -0.24660771
  2.34754184  1.84025256  0.01820683 -2.55288812 -2.65892158  0.24436942
 -0.76666251  1.24524134 -2.62771106  1.12505233 -0.38397704  0.42076344
  1.91903358  0.4581178   0.65074798 -1.27156854  1.79161126  2.93982525
  0.99593964  0.22180297 -1.14181227  2.42278743  0.72674091 -1.90977303
 -0.05037821  1.8709224   0.98664684 -1.08002874 -2.30130739  2.22238417
  2.00398671  1.92832286  2.29723384  1.91578597 -1.66121705 -3.10389864
  0.42852373  1.344759   -2.26275402 -1.12583567  2.31183662  1.39294585
 -0.27195639 -1.84442193 -1.64823748  1.96528184  1.30723935 -1.01188259
 -0.23075458 -0.69309039 -0.30338994  2.3024606  -0.66193747 -0.93534316
  0.77590874 -2.35268914  0.59026861  2.78422917 -0.35242997  2.04722732
 -1.86126418 -1.35336572 -2.5973685  -2.42273071 -1.50153162 -3.02896599
  2.0162016   1.78191161  1.58151631  1.12533472  1.58819443 -2.44421566
 -2.50736734  1.78907429  1.03427318 -0.29185926 -2.47720407  1.43098273
 -1.04394817 -3.04762136 -0.04720521  1.89751626 -2.70128383 -2.36816655
  1.87611817  1.02966683 -0.62617487 -0.49631333 -0.92140715  1.9640546
  0.47262255 -0.3562254   0.40183318 -2.26662819  1.26136524 -0.15330612
  2.40236103  1.23319648  2.87809209 -1.05734017  2.10171107 -0.42989521
 -3.26841268  2.20322087  0.8114714   1.92881117 -1.28919701  1.43910744
 -2.12172373  0.20898448  0.0830362  -2.79059146 -0.90191377 -2.39307488
  0.07227686 -0.56898672]
Sat May 25 17:31:11 2024,520,0.09593800682528948,[-4.65846779  2.3666426  -1.84106098 -0.12409645  0.18672629 -2.68765155
  3.01283037  2.10571262  1.45518633 -0.92536078  0.61239949  1.09170261
  1.13209978 -1.54196698  0.77712848  2.80621688 -0.7981538  -0.6369174
 -1.75472059  0.60195864  1.67657055  2.99185681 -1.20875794 -0.31571238
 -2.42357636 -2.33803657  2.9945801   2.76322653 -0.54433303 -2.36481332
  1.48280793 -0.05850772 -2.31787404  2.09556445  1.28954107 -0.63853878
  0.84777228 -2.31880641 -0.02589535  2.15332923 -0.16394325  0.38886714
  2.71395605  1.04622465  2.4628557   3.1617467   2.64140823 -2.93932962
  0.2653747  -0.81572897  1.75888653  2.86399425 -0.51095111 -2.31763449
  2.78737013 -3.21076772  0.7939428  -0.63487822 -1.7413592   2.69818281
 -1.80955109 -1.5881314  -2.30391497  2.18800712 -2.45128564  2.13559763
  2.07465202  1.53540743  2.38308554  2.80474818  1.64886082  1.2001265
 -1.51324449 -2.22927513  1.47130204  0.7119426   1.31361861 -3.01402349
 -0.3777035   2.51831663 -1.03585501  1.28752013  1.48329399  0.54454955
 -0.83302145  1.11514326  0.66824128 -0.38370128  2.80473777 -1.99307072
  1.53804638 -0.48681189  1.09033706 -2.84976538 -2.45832287  0.45773075
 -1.16150532 -0.49457576  0.36531479 -0.11126752 -1.65032815 -0.04116996
 -0.85970637  2.81180977 -1.06239862 -1.38013439 -0.94883313  1.07796493
  1.85224674 -0.69616563  1.97232662 -2.19417577 -0.34727794 -0.73251693
 -2.89008168  3.16480307 -1.63194646  3.13522542 -1.26602534 -2.70847941
  3.36217221 -1.23322285 -0.77649733 -2.88407625 -2.71720626  2.54564093
 -2.13655237 -2.0471269  -0.18154972  3.1499885   0.24664298  0.21384908
 -1.25020233 -0.67764103 -1.73376986 -3.03025063  2.87032611  1.2355093
 -0.4857078  -2.18838432  1.10971223 -1.10585686 -0.49042489 -2.73954064
 -2.06516965  1.86554858 -0.87381261  2.62185248 -0.45419502 -2.67151316
 -2.8201952   2.26182911 -3.14423398 -0.44536849 -1.00234813 -0.2466076
  2.34754196  1.84025267  0.01820694 -2.552888   -2.6589217   0.2443693
 -0.7666624   1.24524145 -2.62771095  1.12505221 -0.38397715  0.42076355
  1.9190337   0.45811791  0.65074786 -1.27156843  1.79161138  2.93982514
  0.99593976  0.22180309 -1.14181238  2.42278731  0.72674102 -1.90977291
 -0.05037833  1.87092251  0.98664695 -1.08002863 -2.3013075   2.22238406
  2.00398683  1.92832298  2.29723372  1.91578586 -1.66121693 -3.10389852
  0.42852384  1.34475888 -2.26275391 -1.12583555  2.31183673  1.39294596
 -0.27195628 -1.84442204 -1.64823759  1.96528195  1.30723947 -1.01188247
 -0.2307547  -0.69309027 -0.30338983  2.30246071 -0.66193758 -0.93534305
  0.77590863 -2.35268903  0.5902685   2.78422929 -0.35242986  2.04722743
 -1.86126406 -1.35336584 -2.59736862 -2.42273082 -1.50153151 -3.02896588
  2.01620172  1.7819115   1.58151643  1.12533484  1.58819431 -2.44421554
 -2.50736722  1.78907418  1.03427307 -0.29185938 -2.47720396  1.43098284
 -1.04394806 -3.04762125 -0.04720533  1.89751638 -2.70128371 -2.36816667
  1.87611829  1.02966671 -0.62617476 -0.49631344 -0.92140726  1.96405449
  0.47262244 -0.35622551  0.4018333  -2.26662807  1.26136512 -0.15330624
  2.40236092  1.23319637  2.87809198 -1.05734028  2.10171118 -0.42989533
 -3.26841256  2.20322075  0.81147128  1.92881128 -1.28919713  1.43910733
 -2.12172385  0.20898459  0.08303609 -2.79059158 -0.90191366 -2.39307477
  0.07227697 -0.56898683]
Sat May 25 17:31:34 2024,521,0.09593800681801097,[-4.65846791  2.36664271 -1.84106086 -0.12409656  0.18672618 -2.68765144
  3.01283025  2.10571273  1.45518645 -0.92536067  0.6123996   1.0917025
  1.1320999  -1.54196709  0.77712859  2.80621699 -0.79815369 -0.63691751
 -1.7547207   0.60195875  1.67657067  2.9918567  -1.20875806 -0.3157125
 -2.42357647 -2.33803646  2.99458021  2.76322664 -0.54433292 -2.36481343
  1.48280782 -0.05850784 -2.31787416  2.09556457  1.28954118 -0.63853889
  0.84777217 -2.31880652 -0.02589546  2.15332934 -0.16394336  0.38886702
  2.71395594  1.04622476  2.46285581  3.16174659  2.64140834 -2.93932973
  0.26537481 -0.81572909  1.75888642  2.86399414 -0.51095122 -2.3176346
  2.78737024 -3.21076783  0.79394268 -0.63487833 -1.74135931  2.69818293
 -1.8095512  -1.58813152 -2.30391486  2.18800723 -2.45128553  2.13559774
  2.07465213  1.53540754  2.38308543  2.80474807  1.64886071  1.20012639
 -1.51324461 -2.22927524  1.47130216  0.71194249  1.31361849 -3.0140236
 -0.37770339  2.51831652 -1.03585489  1.28752024  1.48329388  0.54454944
 -0.83302133  1.11514315  0.6682414  -0.38370117  2.80473766 -1.99307061
  1.53804627 -0.486812    1.09033695 -2.84976549 -2.45832298  0.45773086
 -1.16150521 -0.49457588  0.36531468 -0.11126741 -1.65032826 -0.04116985
 -0.85970625  2.81180988 -1.06239873 -1.38013428 -0.94883302  1.07796504
  1.85224685 -0.69616574  1.97232674 -2.19417565 -0.34727782 -0.73251682
 -2.89008179  3.16480296 -1.63194635  3.13522553 -1.26602522 -2.70847929
  3.36217233 -1.23322296 -0.77649744 -2.88407637 -2.71720637  2.54564082
 -2.13655248 -2.04712701 -0.18154983  3.14998839  0.24664287  0.21384919
 -1.25020222 -0.67764092 -1.73376997 -3.03025074  2.87032622  1.23550941
 -0.48570769 -2.18838444  1.10971211 -1.10585698 -0.49042477 -2.73954075
 -2.06516953  1.86554846 -0.87381249  2.62185237 -0.45419514 -2.67151328
 -2.82019532  2.26182922 -3.14423409 -0.4453686  -1.00234825 -0.24660749
  2.34754207  1.84025256  0.01820706 -2.55288789 -2.65892181  0.24436942
 -0.76666251  1.24524134 -2.62771084  1.1250521  -0.38397726  0.42076344
  1.91903381  0.45811802  0.65074797 -1.27156831  1.79161149  2.93982502
  0.99593965  0.22180297 -1.14181249  2.42278743  0.72674113 -1.90977303
 -0.05037844  1.87092263  0.98664707 -1.08002874 -2.30130762  2.22238417
  2.00398671  1.92832287  2.29723383  1.91578597 -1.66121682 -3.10389864
  0.42852396  1.34475899 -2.2627538  -1.12583567  2.31183662  1.39294585
 -0.27195639 -1.84442215 -1.64823748  1.96528184  1.30723958 -1.01188259
 -0.23075481 -0.69309039 -0.30338994  2.3024606  -0.66193769 -0.93534316
  0.77590874 -2.35268914  0.59026861  2.78422918 -0.35242974  2.04722732
 -1.86126418 -1.35336595 -2.59736873 -2.42273071 -1.50153139 -3.02896599
  2.01620183  1.78191161  1.58151632  1.12533495  1.58819443 -2.44421543
 -2.50736734  1.78907406  1.03427295 -0.29185949 -2.47720385  1.43098273
 -1.04394817 -3.04762113 -0.04720544  1.89751649 -2.70128383 -2.36816678
  1.8761184   1.02966683 -0.62617487 -0.49631355 -0.92140715  1.9640546
  0.47262255 -0.35622563  0.40183318 -2.26662796  1.26136501 -0.15330635
  2.40236103  1.23319648  2.87809209 -1.05734039  2.10171129 -0.42989544
 -3.26841267  2.20322087  0.8114714   1.92881139 -1.28919701  1.43910721
 -2.12172373  0.2089847   0.0830362  -2.79059169 -0.90191377 -2.39307465
  0.07227708 -0.56898695]
Sat May 25 17:32:02 2024,522,0.09593800681086646,[-4.65846802  2.3666426  -1.84106098 -0.12409668  0.18672607 -2.68765133
  3.01283037  2.10571262  1.45518633 -0.92536078  0.61239972  1.09170239
  1.13210001 -1.54196698  0.77712848  2.8062171  -0.7981538  -0.63691762
 -1.75472059  0.60195864  1.67657078  2.99185681 -1.20875795 -0.31571261
 -2.42357658 -2.33803657  2.99458032  2.76322675 -0.54433281 -2.36481354
  1.48280793 -0.05850795 -2.31787405  2.09556446  1.28954107 -0.638539
  0.84777206 -2.31880641 -0.02589557  2.15332923 -0.16394325  0.38886691
  2.71395605  1.04622487  2.4628557   3.1617467   2.64140845 -2.93932962
  0.2653747  -0.81572898  1.75888653  2.86399425 -0.51095133 -2.31763449
  2.78737013 -3.21076772  0.7939428  -0.63487822 -1.74135942  2.69818304
 -1.80955131 -1.58813141 -2.30391475  2.18800712 -2.45128564  2.13559763
  2.07465202  1.53540743  2.38308532  2.80474818  1.64886082  1.20012628
 -1.51324472 -2.22927513  1.47130205  0.7119426   1.31361838 -3.01402349
 -0.37770328  2.51831663 -1.03585478  1.28752035  1.48329399  0.54454933
 -0.83302145  1.11514326  0.66824151 -0.38370105  2.80473777 -1.99307072
  1.53804616 -0.48681189  1.09033706 -2.8497656  -2.4583231   0.45773097
 -1.1615051  -0.49457599  0.36531457 -0.11126752 -1.65032837 -0.04116974
 -0.85970636  2.81181    -1.06239862 -1.38013439 -0.94883313  1.07796493
  1.85224697 -0.69616563  1.97232685 -2.19417554 -0.34727793 -0.73251671
 -2.89008168  3.16480285 -1.63194624  3.13522564 -1.26602511 -2.7084794
  3.36217222 -1.23322308 -0.77649733 -2.88407625 -2.71720626  2.54564093
 -2.13655259 -2.04712712 -0.18154972  3.1499885   0.24664276  0.2138493
 -1.25020233 -0.67764081 -1.73377008 -3.03025063  2.87032611  1.23550953
 -0.4857078  -2.18838432  1.10971223 -1.10585709 -0.49042489 -2.73954064
 -2.06516942  1.86554858 -0.8738126   2.62185226 -0.45419503 -2.67151317
 -2.82019521  2.26182933 -3.14423398 -0.44536871 -1.00234836 -0.2466076
  2.34754196  1.84025267  0.01820695 -2.55288778 -2.6589217   0.2443693
 -0.76666262  1.24524123 -2.62771072  1.12505221 -0.38397715  0.42076333
  1.91903392  0.45811791  0.65074786 -1.2715682   1.7916116   2.93982513
  0.99593976  0.22180286 -1.14181261  2.42278754  0.72674102 -1.90977314
 -0.05037855  1.87092274  0.98664718 -1.08002885 -2.30130773  2.22238406
  2.0039866   1.92832298  2.29723394  1.91578608 -1.66121693 -3.10389853
  0.42852407  1.34475911 -2.26275391 -1.12583556  2.31183673  1.39294596
 -0.2719565  -1.84442204 -1.64823759  1.96528173  1.30723969 -1.0118827
 -0.23075492 -0.69309028 -0.30339005  2.30246049 -0.6619378  -0.93534327
  0.77590885 -2.35268925  0.59026872  2.78422929 -0.35242985  2.04722743
 -1.86126407 -1.35336584 -2.59736884 -2.4227306  -1.50153128 -3.0289661
  2.01620172  1.78191172  1.58151643  1.12533506  1.58819454 -2.44421532
 -2.50736722  1.78907395  1.03427284 -0.2918596  -2.47720396  1.43098262
 -1.04394828 -3.04762125 -0.04720533  1.8975166  -2.70128372 -2.36816689
  1.87611829  1.02966671 -0.62617498 -0.49631367 -0.92140726  1.96405471
  0.47262244 -0.35622551  0.40183307 -2.26662807  1.26136512 -0.15330624
  2.40236114  1.23319659  2.87809198 -1.0573405   2.10171118 -0.42989555
 -3.26841256  2.20322098  0.81147151  1.9288115  -1.2891969   1.43910733
 -2.12172384  0.20898481  0.08303631 -2.7905918  -0.90191388 -2.39307454
  0.0722772  -0.56898706]
Sat May 25 17:32:33 2024,523,0.09593800680385241,[-4.65846813  2.36664249 -1.84106108 -0.12409678  0.18672596 -2.68765122
  3.01283026  2.10571273  1.45518644 -0.92536089  0.61239982  1.0917025
  1.1320999  -1.54196709  0.77712859  2.80621699 -0.79815369 -0.63691773
 -1.7547207   0.60195853  1.67657089  2.9918567  -1.20875784 -0.3157125
 -2.42357669 -2.33803668  2.99458021  2.76322686 -0.5443327  -2.36481344
  1.48280804 -0.05850806 -2.31787394  2.09556457  1.28954096 -0.63853911
  0.84777195 -2.3188063  -0.02589546  2.15332912 -0.16394336  0.3888668
  2.71395616  1.04622498  2.46285581  3.16174681  2.64140834 -2.93932973
  0.26537459 -0.81572887  1.75888642  2.86399436 -0.51095144 -2.31763438
  2.78737002 -3.21076761  0.7939429  -0.63487833 -1.74135953  2.69818293
 -1.8095512  -1.58813152 -2.30391464  2.18800701 -2.45128553  2.13559774
  2.07465213  1.53540732  2.38308521  2.80474829  1.64886093  1.20012617
 -1.51324461 -2.22927502  1.47130194  0.71194271  1.31361827 -3.0140236
 -0.37770317  2.51831674 -1.03585467  1.28752024  1.4832941   0.54454922
 -0.83302155  1.11514337  0.66824162 -0.38370116  2.80473766 -1.99307061
  1.53804605 -0.48681178  1.09033717 -2.84976571 -2.4583232   0.45773108
 -1.16150521 -0.4945761   0.36531468 -0.11126741 -1.65032848 -0.04116985
 -0.85970625  2.81180989 -1.06239851 -1.3801345  -0.94883324  1.07796504
  1.85224686 -0.69616552  1.97232696 -2.19417565 -0.34727804 -0.73251682
 -2.89008157  3.16480295 -1.63194613  3.13522575 -1.26602522 -2.70847929
  3.36217211 -1.23322318 -0.77649744 -2.88407615 -2.71720637  2.54564104
 -2.1365527  -2.04712723 -0.18154961  3.14998839  0.24664287  0.21384941
 -1.25020222 -0.6776407  -1.73377019 -3.03025052  2.87032622  1.23550964
 -0.48570769 -2.18838422  1.10971233 -1.1058572  -0.49042499 -2.73954075
 -2.06516953  1.86554847 -0.87381271  2.62185237 -0.45419492 -2.67151306
 -2.82019532  2.26182922 -3.14423387 -0.4453686  -1.00234825 -0.24660771
  2.34754185  1.84025256  0.01820706 -2.55288767 -2.65892159  0.24436941
 -0.76666251  1.24524112 -2.62771062  1.12505232 -0.38397704  0.42076344
  1.91903403  0.4581178   0.65074775 -1.27156831  1.79161149  2.93982502
  0.99593987  0.22180275 -1.14181271  2.42278743  0.72674091 -1.90977325
 -0.05037844  1.87092263  0.98664729 -1.08002874 -2.30130784  2.22238395
  2.00398649  1.92832309  2.29723384  1.91578597 -1.66121704 -3.10389842
  0.42852418  1.344759   -2.26275402 -1.12583545  2.31183684  1.39294585
 -0.27195639 -1.84442215 -1.64823748  1.96528162  1.3072398  -1.01188281
 -0.23075481 -0.69309038 -0.30339016  2.30246038 -0.66193791 -0.93534316
  0.77590896 -2.35268914  0.59026883  2.7842294  -0.35242975  2.04722754
 -1.86126396 -1.35336573 -2.59736873 -2.42273049 -1.50153139 -3.02896599
  2.01620183  1.78191183  1.58151632  1.12533495  1.58819443 -2.44421521
 -2.50736711  1.78907384  1.03427295 -0.29185949 -2.47720407  1.43098273
 -1.04394839 -3.04762135 -0.04720544  1.89751671 -2.70128383 -2.36816678
  1.87611818  1.02966682 -0.62617487 -0.49631356 -0.92140737  1.9640546
  0.47262233 -0.35622541  0.40183318 -2.26662818  1.26136523 -0.15330613
  2.40236125  1.23319648  2.87809209 -1.0573404   2.10171107 -0.42989566
 -3.26841245  2.20322109  0.81147162  1.92881139 -1.28919701  1.43910722
 -2.12172374  0.2089847   0.0830362  -2.79059169 -0.90191399 -2.39307465
  0.0722773  -0.56898695]
Sat May 25 17:32:56 2024,524,0.09593800679696589,[-4.65846823  2.36664238 -1.84106119 -0.12409668  0.18672606 -2.68765111
  3.01283015  2.10571262  1.45518655 -0.92536078  0.61239993  1.09170239
  1.13210001 -1.54196719  0.77712848  2.80621689 -0.7981538  -0.63691784
 -1.75472059  0.60195842  1.67657078  2.99185681 -1.20875794 -0.31571261
 -2.4235768  -2.33803678  2.99458032  2.76322697 -0.5443328  -2.36481333
  1.48280793 -0.05850795 -2.31787404  2.09556467  1.28954086 -0.63853922
  0.84777184 -2.31880641 -0.02589557  2.15332901 -0.16394325  0.38886691
  2.71395627  1.04622509  2.46285592  3.1617467   2.64140845 -2.93932984
  0.26537449 -0.81572876  1.75888631  2.86399425 -0.51095133 -2.31763428
  2.78736991 -3.21076772  0.7939428  -0.63487844 -1.74135964  2.69818304
 -1.80955131 -1.58813162 -2.30391475  2.18800712 -2.45128543  2.13559763
  2.07465202  1.53540743  2.3830851   2.8047484   1.64886082  1.20012628
 -1.51324472 -2.22927513  1.47130204  0.71194282  1.31361817 -3.0140235
 -0.37770328  2.51831685 -1.03585457  1.28752013  1.48329399  0.54454932
 -0.83302145  1.11514326  0.66824172 -0.38370106  2.80473755 -1.99307072
  1.53804616 -0.48681168  1.09033728 -2.8497656  -2.45832331  0.45773097
 -1.16150531 -0.49457599  0.36531478 -0.1112673  -1.65032837 -0.04116996
 -0.85970636  2.81180999 -1.0623984  -1.38013439 -0.94883335  1.07796493
  1.85224696 -0.69616563  1.97232706 -2.19417576 -0.34727794 -0.73251692
 -2.89008168  3.16480285 -1.63194602  3.13522565 -1.26602533 -2.7084794
  3.36217221 -1.23322329 -0.77649734 -2.88407625 -2.71720626  2.54564114
 -2.13655281 -2.04712712 -0.1815495   3.14998849  0.24664297  0.2138493
 -1.25020212 -0.67764059 -1.7337703  -3.03025063  2.87032633  1.23550974
 -0.4857078  -2.18838432  1.10971244 -1.10585709 -0.49042489 -2.73954086
 -2.06516964  1.86554836 -0.8738126   2.62185226 -0.45419481 -2.67151316
 -2.82019521  2.26182933 -3.14423398 -0.4453685  -1.00234835 -0.24660781
  2.34754196  1.84025246  0.01820695 -2.55288756 -2.65892148  0.24436931
 -0.76666241  1.24524101 -2.62771051  1.12505243 -0.38397715  0.42076354
  1.91903392  0.45811791  0.65074786 -1.2715682   1.79161138  2.93982513
  0.99593976  0.22180286 -1.14181282  2.42278754  0.72674081 -1.90977335
 -0.05037855  1.87092252  0.98664718 -1.08002885 -2.30130773  2.22238384
  2.00398639  1.92832298  2.29723394  1.91578608 -1.66121693 -3.10389831
  0.42852407  1.34475889 -2.26275412 -1.12583555  2.31183695  1.39294596
 -0.2719565  -1.84442226 -1.64823738  1.96528151  1.30723969 -1.0118827
 -0.23075471 -0.69309049 -0.30339005  2.30246027 -0.66193802 -0.93534306
  0.77590907 -2.35268903  0.59026894  2.78422929 -0.35242964  2.04722743
 -1.86126406 -1.35336584 -2.59736862 -2.42273038 -1.50153129 -3.0289661
  2.01620172  1.78191172  1.58151643  1.12533484  1.58819454 -2.4442151
 -2.50736701  1.78907374  1.03427306 -0.29185938 -2.47720396  1.43098262
 -1.0439485  -3.04762146 -0.04720554  1.8975166  -2.70128372 -2.36816667
  1.87611807  1.02966672 -0.62617476 -0.49631345 -0.92140726  1.9640545
  0.47262222 -0.3562253   0.40183329 -2.26662829  1.26136534 -0.15330624
  2.40236115  1.23319638  2.87809198 -1.05734029  2.10171097 -0.42989555
 -3.26841256  2.20322098  0.81147151  1.9288115  -1.28919712  1.43910732
 -2.12172384  0.20898481  0.0830361  -2.7905918  -0.90191388 -2.39307476
  0.07227741 -0.56898684]
Sat May 25 17:33:20 2024,525,0.0959380067902043,[-4.65846834  2.36664228 -1.8410613  -0.12409657  0.18672617 -2.687651
  3.01283004  2.10571273  1.45518666 -0.92536089  0.61240004  1.0917025
  1.1320999  -1.54196709  0.77712858  2.80621699 -0.7981539  -0.63691773
 -1.75472049  0.60195832  1.67657067  2.99185691 -1.20875784 -0.31571271
 -2.42357691 -2.33803689  2.99458043  2.76322686 -0.5443327  -2.36481322
  1.48280804 -0.05850784 -2.31787415  2.09556457  1.28954075 -0.63853911
  0.84777194 -2.31880651 -0.02589567  2.15332891 -0.16394314  0.38886702
  2.71395616  1.04622519  2.46285581  3.16174681  2.64140834 -2.93932973
  0.26537438 -0.81572886  1.75888642  2.86399436 -0.51095144 -2.31763438
  2.78736981 -3.21076782  0.79394269 -0.63487854 -1.74135974  2.69818293
 -1.80955142 -1.58813152 -2.30391485  2.18800723 -2.45128532  2.13559773
  2.07465213  1.53540753  2.38308499  2.8047485   1.64886093  1.20012638
 -1.51324461 -2.22927502  1.47130194  0.71194292  1.31361827 -3.01402339
 -0.37770317  2.51831674 -1.03585467  1.28752024  1.4832941   0.54454922
 -0.83302134  1.11514316  0.66824183 -0.38370095  2.80473745 -1.99307083
  1.53804605 -0.48681178  1.09033738 -2.84976571 -2.45832321  0.45773108
 -1.16150542 -0.49457588  0.36531468 -0.11126741 -1.65032826 -0.04117006
 -0.85970626  2.81180989 -1.0623983  -1.3801345  -0.94883324  1.07796504
  1.85224686 -0.69616573  1.97232717 -2.19417565 -0.34727804 -0.73251703
 -2.89008178  3.16480295 -1.63194612  3.13522575 -1.26602544 -2.70847951
  3.36217211 -1.2332234  -0.77649723 -2.88407615 -2.71720637  2.54564125
 -2.13655291 -2.04712723 -0.18154961  3.1499886   0.24664308  0.2138492
 -1.25020222 -0.67764049 -1.73377019 -3.03025052  2.87032643  1.23550964
 -0.48570769 -2.18838422  1.10971234 -1.10585698 -0.49042499 -2.73954096
 -2.06516975  1.86554825 -0.8738125   2.62185236 -0.4541947  -2.67151327
 -2.8201951   2.26182922 -3.14423387 -0.44536839 -1.00234825 -0.24660792
  2.34754206  1.84025256  0.01820705 -2.55288767 -2.65892159  0.24436941
 -0.76666251  1.24524112 -2.62771061  1.12505253 -0.38397726  0.42076365
  1.91903382  0.45811781  0.65074797 -1.27156831  1.79161149  2.93982524
  0.99593965  0.22180276 -1.14181272  2.42278743  0.7267407  -1.90977346
 -0.05037866  1.87092263  0.98664707 -1.08002896 -2.30130762  2.22238374
  2.00398628  1.92832287  2.29723384  1.91578597 -1.66121683 -3.1038982
  0.42852396  1.34475878 -2.26275423 -1.12583545  2.31183705  1.39294586
 -0.27195639 -1.84442215 -1.64823748  1.9652814   1.30723959 -1.01188281
 -0.23075481 -0.6930906  -0.30339016  2.30246017 -0.66193791 -0.93534316
  0.77590896 -2.35268893  0.59026883  2.78422918 -0.35242953  2.04722754
 -1.86126417 -1.35336594 -2.59736852 -2.42273028 -1.50153139 -3.02896621
  2.01620183  1.78191162  1.58151653  1.12533474  1.58819443 -2.44421521
 -2.50736711  1.78907384  1.03427317 -0.29185949 -2.47720407  1.43098273
 -1.04394839 -3.04762136 -0.04720544  1.8975165  -2.70128382 -2.36816657
  1.87611818  1.02966682 -0.62617466 -0.49631334 -0.92140737  1.9640546
  0.47262212 -0.35622519  0.40183318 -2.26662839  1.26136523 -0.15330613
  2.40236125  1.23319627  2.87809188 -1.05734018  2.10171107 -0.42989566
 -3.26841246  2.20322087  0.8114714   1.9288114  -1.28919722  1.43910722
 -2.12172374  0.20898492  0.0830362  -2.7905919  -0.90191399 -2.39307486
  0.07227752 -0.56898674]
Sat May 25 17:34:09 2024,526,0.09593800678356415,[-4.65846844  2.36664218 -1.8410614  -0.12409647  0.18672627 -2.68765111
  3.01283015  2.10571283  1.45518655 -0.92536099  0.61240014  1.09170239
  1.1321     -1.54196698  0.77712848  2.80621689 -0.7981538  -0.63691763
 -1.75472039  0.60195821  1.67657078  2.99185681 -1.20875773 -0.31571282
 -2.4235768  -2.33803699  2.99458032  2.76322696 -0.54433259 -2.36481312
  1.48280793 -0.05850774 -2.31787405  2.09556446  1.28954085 -0.63853901
  0.84777184 -2.31880662 -0.02589578  2.15332901 -0.16394304  0.38886691
  2.71395627  1.0462253   2.46285592  3.1617467   2.64140824 -2.93932963
  0.26537428 -0.81572897  1.75888631  2.86399425 -0.51095154 -2.31763449
  2.78736991 -3.21076772  0.7939428  -0.63487865 -1.74135964  2.69818303
 -1.80955131 -1.58813141 -2.30391475  2.18800712 -2.45128522  2.13559784
  2.07465223  1.53540743  2.38308489  2.80474861  1.64886103  1.20012628
 -1.51324451 -2.22927513  1.47130204  0.71194282  1.31361838 -3.01402329
 -0.37770327  2.51831684 -1.03585457  1.28752034  1.4832942   0.54454932
 -0.83302145  1.11514305  0.66824173 -0.38370105  2.80473734 -1.99307093
  1.53804616 -0.48681168  1.09033749 -2.84976581 -2.45832331  0.45773118
 -1.16150532 -0.49457599  0.36531478 -0.11126751 -1.65032837 -0.04116996
 -0.85970615  2.81180999 -1.0623984  -1.3801346  -0.94883335  1.07796493
  1.85224696 -0.69616584  1.97232707 -2.19417576 -0.34727794 -0.73251713
 -2.89008168  3.16480306 -1.63194623  3.13522586 -1.26602533 -2.7084794
  3.36217221 -1.2332235  -0.77649733 -2.88407604 -2.71720626  2.54564115
 -2.13655281 -2.04712712 -0.1815495   3.1499887   0.24664298  0.2138493
 -1.25020232 -0.67764059 -1.7337703  -3.03025063  2.87032633  1.23550953
 -0.48570759 -2.18838432  1.10971223 -1.10585709 -0.49042489 -2.73954107
 -2.06516964  1.86554836 -0.8738124   2.62185247 -0.4541946  -2.67151317
 -2.82019521  2.26182933 -3.14423377 -0.44536829 -1.00234835 -0.24660782
  2.34754196  1.84025246  0.01820695 -2.55288777 -2.65892148  0.24436931
 -0.76666262  1.24524101 -2.62771051  1.12505243 -0.38397736  0.42076375
  1.91903392  0.4581177   0.65074807 -1.27156821  1.79161159  2.93982534
  0.99593955  0.22180265 -1.14181261  2.42278733  0.7267406  -1.90977335
 -0.05037876  1.87092273  0.98664718 -1.08002906 -2.30130752  2.22238384
  2.00398618  1.92832277  2.29723394  1.91578608 -1.66121693 -3.10389831
  0.42852386  1.34475868 -2.26275433 -1.12583555  2.31183695  1.39294575
 -0.2719565  -1.84442226 -1.64823738  1.96528151  1.30723948 -1.0118827
 -0.23075471 -0.6930907  -0.30339026  2.30246027 -0.66193802 -0.93534326
  0.77590907 -2.35268903  0.59026873  2.78422908 -0.35242943  2.04722744
 -1.86126427 -1.35336605 -2.59736841 -2.42273038 -1.50153149 -3.02896631
  2.01620172  1.78191151  1.58151643  1.12533484  1.58819433 -2.4442151
 -2.50736722  1.78907395  1.03427306 -0.29185939 -2.47720396  1.43098283
 -1.04394829 -3.04762146 -0.04720533  1.89751639 -2.70128372 -2.36816646
  1.87611828  1.02966693 -0.62617455 -0.49631345 -0.92140747  1.96405471
  0.47262201 -0.3562253   0.40183329 -2.26662829  1.26136534 -0.15330624
  2.40236135  1.23319617  2.87809177 -1.05734008  2.10171118 -0.42989576
 -3.26841235  2.20322077  0.8114713   1.92881129 -1.28919733  1.43910711
 -2.12172384  0.20898502  0.0830363  -2.7905918  -0.90191388 -2.39307476
  0.07227741 -0.56898684]
Sat May 25 17:34:32 2024,527,0.09593800677704326,[-4.65846854  2.36664207 -1.8410613  -0.12409637  0.18672617 -2.68765121
  3.01283025  2.10571293  1.45518645 -0.92536089  0.61240004  1.09170249
  1.1320999  -1.54196709  0.77712838  2.80621679 -0.7981537  -0.63691753
 -1.75472049  0.60195832  1.67657088  2.99185691 -1.20875763 -0.31571292
 -2.4235767  -2.33803689  2.99458043  2.76322686 -0.54433249 -2.36481302
  1.48280803 -0.05850784 -2.31787415  2.09556436  1.28954075 -0.63853911
  0.84777174 -2.31880672 -0.02589568  2.15332911 -0.16394314  0.38886701
  2.71395637  1.0462254   2.46285602  3.1617466   2.64140834 -2.93932953
  0.26537438 -0.81572887  1.75888621  2.86399415 -0.51095164 -2.31763459
  2.78737001 -3.21076782  0.79394269 -0.63487854 -1.74135974  2.69818314
 -1.80955141 -1.58813152 -2.30391464  2.18800723 -2.45128511  2.13559794
  2.07465213  1.53540753  2.38308479  2.80474871  1.64886093  1.20012638
 -1.51324461 -2.22927502  1.47130194  0.71194292  1.31361827 -3.01402318
 -0.37770338  2.51831674 -1.03585447  1.28752024  1.4832941   0.54454942
 -0.83302155  1.11514316  0.66824162 -0.38370116  2.80473724 -1.99307083
  1.53804626 -0.48681157  1.09033759 -2.84976591 -2.45832321  0.45773128
 -1.16150521 -0.49457588  0.36531468 -0.11126741 -1.65032827 -0.04117006
 -0.85970605  2.81181009 -1.06239851 -1.38013471 -0.94883324  1.07796503
  1.85224686 -0.69616594  1.97232717 -2.19417586 -0.34727784 -0.73251703
 -2.89008158  3.16480316 -1.63194613  3.13522575 -1.26602523 -2.70847951
  3.36217211 -1.2332234  -0.77649723 -2.88407594 -2.71720616  2.54564104
 -2.13655291 -2.04712723 -0.18154961  3.14998881  0.24664308  0.2138494
 -1.25020222 -0.67764049 -1.7337704  -3.03025052  2.87032643  1.23550964
 -0.48570769 -2.18838442  1.10971213 -1.10585719 -0.49042499 -2.73954097
 -2.06516954  1.86554846 -0.8738125   2.62185237 -0.4541945  -2.67151327
 -2.8201951   2.26182943 -3.14423366 -0.44536839 -1.00234846 -0.24660771
  2.34754186  1.84025236  0.01820685 -2.55288767 -2.65892138  0.24436921
 -0.76666272  1.24524112 -2.62771061  1.12505253 -0.38397746  0.42076385
  1.91903402  0.4581178   0.65074817 -1.27156831  1.7916117   2.93982524
  0.99593945  0.22180255 -1.14181271  2.42278743  0.7267407  -1.90977346
 -0.05037866  1.87092283  0.98664728 -1.08002896 -2.30130762  2.22238394
  2.00398607  1.92832267  2.29723404  1.91578618 -1.66121704 -3.10389841
  0.42852396  1.34475878 -2.26275423 -1.12583545  2.31183684  1.39294585
 -0.2719566  -1.84442236 -1.64823728  1.96528141  1.30723938 -1.0118828
 -0.2307546  -0.6930908  -0.30339016  2.30246037 -0.66193792 -0.93534316
  0.77590917 -2.35268893  0.59026883  2.78422898 -0.35242953  2.04722754
 -1.86126438 -1.35336594 -2.59736831 -2.42273028 -1.50153139 -3.02896641
  2.01620162  1.78191141  1.58151632  1.12533474  1.58819422 -2.444215
 -2.50736711  1.78907384  1.03427296 -0.29185928 -2.47720406  1.43098293
 -1.04394818 -3.04762156 -0.04720544  1.89751629 -2.70128362 -2.36816636
  1.87611838  1.02966682 -0.62617445 -0.49631335 -0.92140737  1.9640546
  0.47262191 -0.3562254   0.40183339 -2.26662839  1.26136544 -0.15330634
  2.40236146  1.23319627  2.87809188 -1.05734018  2.10171107 -0.42989566
 -3.26841245  2.20322087  0.8114712   1.92881119 -1.28919723  1.43910701
 -2.12172394  0.20898492  0.08303641 -2.7905919  -0.90191399 -2.39307486
  0.07227731 -0.56898674]
Sat May 25 17:34:58 2024,528,0.09593800677063842,[-4.65846865  2.36664217 -1.8410612  -0.12409627  0.18672627 -2.68765131
  3.01283035  2.10571283  1.45518655 -0.92536079  0.61240014  1.0917026
  1.1321     -1.54196719  0.77712828  2.80621668 -0.7981538  -0.63691763
 -1.75472039  0.60195822  1.67657098  2.99185701 -1.20875753 -0.31571302
 -2.4235768  -2.33803699  2.99458032  2.76322676 -0.54433239 -2.36481292
  1.48280793 -0.05850794 -2.31787405  2.09556426  1.28954065 -0.63853921
  0.84777164 -2.31880662 -0.02589578  2.15332921 -0.16394304  0.38886691
  2.71395647  1.0462253   2.46285612  3.1617467   2.64140844 -2.93932943
  0.26537448 -0.81572877  1.75888631  2.86399405 -0.51095174 -2.31763469
  2.78736991 -3.21076792  0.79394279 -0.63487864 -1.74135964  2.69818324
 -1.80955131 -1.58813162 -2.30391454  2.18800733 -2.45128522  2.13559804
  2.07465203  1.53540763  2.38308489  2.80474861  1.64886083  1.20012628
 -1.51324471 -2.22927492  1.47130204  0.71194282  1.31361837 -3.01402328
 -0.37770348  2.51831684 -1.03585457  1.28752034  1.483294    0.54454953
 -0.83302165  1.11514326  0.66824172 -0.38370126  2.80473734 -1.99307073
  1.53804636 -0.48681168  1.09033769 -2.84976601 -2.45832311  0.45773138
 -1.16150531 -0.49457599  0.36531478 -0.11126751 -1.65032837 -0.04117016
 -0.85970615  2.81181019 -1.06239861 -1.38013481 -0.94883334  1.07796493
  1.85224696 -0.69616584  1.97232707 -2.19417576 -0.34727774 -0.73251713
 -2.89008168  3.16480326 -1.63194603  3.13522565 -1.26602513 -2.70847961
  3.36217201 -1.2332233  -0.77649733 -2.88407584 -2.71720626  2.54564114
 -2.13655281 -2.04712733 -0.18154971  3.14998891  0.24664318  0.2138495
 -1.25020232 -0.67764059 -1.7337703  -3.03025042  2.87032633  1.23550974
 -0.48570779 -2.18838452  1.10971223 -1.10585729 -0.49042489 -2.73954107
 -2.06516944  1.86554836 -0.8738126   2.62185247 -0.4541946  -2.67151337
 -2.8201952   2.26182953 -3.14423356 -0.44536829 -1.00234856 -0.24660761
  2.34754196  1.84025246  0.01820695 -2.55288757 -2.65892148  0.24436931
 -0.76666262  1.24524102 -2.62771051  1.12505243 -0.38397756  0.42076396
  1.91903392  0.45811791  0.65074827 -1.27156821  1.7916118   2.93982514
  0.99593935  0.22180245 -1.14181261  2.42278753  0.7267408  -1.90977336
 -0.05037876  1.87092293  0.98664718 -1.08002906 -2.30130772  2.22238404
  2.00398597  1.92832257  2.29723414  1.91578628 -1.66121714 -3.10389831
  0.42852386  1.34475868 -2.26275433 -1.12583535  2.31183674  1.39294595
 -0.2719565  -1.84442246 -1.64823738  1.96528131  1.30723928 -1.0118827
 -0.2307545  -0.6930907  -0.30339026  2.30246048 -0.66193802 -0.93534326
  0.77590927 -2.35268903  0.59026893  2.78422908 -0.35242963  2.04722744
 -1.86126427 -1.35336584 -2.59736821 -2.42273018 -1.50153149 -3.02896651
  2.01620152  1.78191131  1.58151643  1.12533464  1.58819412 -2.4442151
 -2.50736722  1.78907374  1.03427306 -0.29185938 -2.47720396  1.43098303
 -1.04394808 -3.04762166 -0.04720554  1.89751639 -2.70128372 -2.36816626
  1.87611848  1.02966692 -0.62617455 -0.49631324 -0.92140727  1.9640545
  0.47262201 -0.3562255   0.40183349 -2.26662829  1.26136534 -0.15330644
  2.40236156  1.23319637  2.87809177 -1.05734028  2.10171097 -0.42989556
 -3.26841255  2.20322077  0.8114713   1.92881109 -1.28919713  1.43910691
 -2.12172384  0.20898502  0.08303651 -2.790592   -0.90191409 -2.39307476
  0.07227741 -0.56898664]
Sat May 25 17:35:32 2024,529,0.09593800676434686,[-4.65846874  2.36664227 -1.8410613  -0.12409636  0.18672617 -2.68765121
  3.01283025  2.10571293  1.45518645 -0.92536069  0.61240004  1.0917025
  1.1320999  -1.54196709  0.77712838  2.80621659 -0.7981539  -0.63691753
 -1.75472029  0.60195831  1.67657108  2.99185691 -1.20875743 -0.31571292
 -2.4235769  -2.33803709  2.99458042  2.76322686 -0.54433249 -2.36481301
  1.48280803 -0.05850804 -2.31787415  2.09556416  1.28954075 -0.63853911
  0.84777174 -2.31880672 -0.02589588  2.15332931 -0.16394314  0.38886701
  2.71395657  1.0462252   2.46285602  3.1617468   2.64140854 -2.93932933
  0.26537458 -0.81572867  1.75888621  2.86399395 -0.51095165 -2.31763479
  2.78737001 -3.21076782  0.79394289 -0.63487874 -1.74135974  2.69818314
 -1.80955122 -1.58813152 -2.30391464  2.18800743 -2.45128531  2.13559814
  2.07465193  1.53540753  2.38308479  2.80474871  1.64886073  1.20012638
 -1.51324481 -2.22927502  1.47130214  0.71194272  1.31361847 -3.01402319
 -0.37770338  2.51831694 -1.03585467  1.28752024  1.4832939   0.54454943
 -0.83302155  1.11514316  0.66824182 -0.38370116  2.80473744 -1.99307063
  1.53804646 -0.48681177  1.09033779 -2.84976592 -2.45832321  0.45773148
 -1.16150521 -0.49457589  0.36531488 -0.11126761 -1.65032847 -0.04117006
 -0.85970605  2.8118101  -1.06239851 -1.38013471 -0.94883344  1.07796503
  1.85224706 -0.69616594  1.97232697 -2.19417566 -0.34727783 -0.73251723
 -2.89008158  3.16480336 -1.63194593  3.13522555 -1.26602503 -2.70847951
  3.36217191 -1.2332234  -0.77649723 -2.88407594 -2.71720636  2.54564104
 -2.13655271 -2.04712742 -0.18154961  3.14998901  0.24664328  0.2138494
 -1.25020242 -0.67764049 -1.7337704  -3.03025052  2.87032643  1.23550964
 -0.48570769 -2.18838462  1.10971233 -1.10585739 -0.49042479 -2.73954117
 -2.06516934  1.86554846 -0.8738127   2.62185257 -0.4541945  -2.67151347
 -2.82019511  2.26182943 -3.14423366 -0.44536839 -1.00234846 -0.24660751
  2.34754206  1.84025236  0.01820705 -2.55288767 -2.65892138  0.24436921
 -0.76666252  1.24524111 -2.62771061  1.12505253 -0.38397746  0.42076405
  1.91903382  0.45811781  0.65074837 -1.27156811  1.7916119   2.93982504
  0.99593945  0.22180235 -1.14181252  2.42278743  0.7267409  -1.90977326
 -0.05037886  1.87092303  0.98664708 -1.08002896 -2.30130762  2.22238414
  2.00398607  1.92832267  2.29723405  1.91578638 -1.66121723 -3.10389821
  0.42852396  1.34475858 -2.26275443 -1.12583545  2.31183665  1.39294605
 -0.2719566  -1.84442256 -1.64823728  1.96528121  1.30723938 -1.0118826
 -0.23075441 -0.6930906  -0.30339036  2.30246038 -0.66193792 -0.93534316
  0.77590917 -2.35268893  0.59026883  2.78422918 -0.35242973  2.04722734
 -1.86126437 -1.35336594 -2.59736831 -2.42273028 -1.50153139 -3.02896661
  2.01620162  1.78191141  1.58151652  1.12533474  1.58819422 -2.4442152
 -2.50736712  1.78907365  1.03427316 -0.29185948 -2.47720406  1.43098313
 -1.04394818 -3.04762156 -0.04720564  1.89751629 -2.70128362 -2.36816636
  1.87611858  1.02966683 -0.62617445 -0.49631315 -0.92140717  1.96405441
  0.47262211 -0.3562256   0.40183359 -2.26662819  1.26136544 -0.15330654
  2.40236166  1.23319627  2.87809187 -1.05734018  2.10171107 -0.42989546
 -3.26841246  2.20322067  0.8114712   1.92881099 -1.28919722  1.43910681
 -2.12172374  0.20898512  0.08303661 -2.7905921  -0.90191399 -2.39307466
  0.07227731 -0.56898654]
Sat May 25 17:36:04 2024,530,0.09593800675816691,[-4.65846884  2.36664237 -1.84106139 -0.12409646  0.18672627 -2.68765111
  3.01283035  2.10571283  1.45518655 -0.92536079  0.61240014  1.0917024
  1.1321     -1.54196699  0.77712828  2.80621668 -0.79815399 -0.63691762
 -1.75472019  0.60195822  1.67657098  2.99185701 -1.20875734 -0.31571302
 -2.4235768  -2.33803699  2.99458052  2.76322696 -0.54433259 -2.36481311
  1.48280793 -0.05850814 -2.31787405  2.09556426  1.28954085 -0.63853921
  0.84777164 -2.31880681 -0.02589578  2.15332921 -0.16394324  0.38886711
  2.71395647  1.0462253   2.46285612  3.1617469   2.64140864 -2.93932923
  0.26537448 -0.81572857  1.75888631  2.86399405 -0.51095155 -2.31763469
  2.78737011 -3.21076773  0.7939428  -0.63487884 -1.74135964  2.69818324
 -1.80955131 -1.58813142 -2.30391474  2.18800733 -2.45128522  2.13559824
  2.07465183  1.53540744  2.38308469  2.80474861  1.64886063  1.20012648
 -1.51324471 -2.22927512  1.47130204  0.71194262  1.31361857 -3.01402328
 -0.37770328  2.51831704 -1.03585476  1.28752015  1.4832938   0.54454952
 -0.83302165  1.11514306  0.66824173 -0.38370106  2.80473734 -1.99307053
  1.53804636 -0.48681187  1.09033789 -2.84976582 -2.4583233   0.45773158
 -1.16150512 -0.49457579  0.36531498 -0.11126771 -1.65032837 -0.04116996
 -0.85970595  2.81181    -1.0623986  -1.3801348  -0.94883335  1.07796494
  1.85224716 -0.69616584  1.97232707 -2.19417556 -0.34727774 -0.73251733
 -2.89008148  3.16480326 -1.63194583  3.13522546 -1.26602493 -2.70847941
  3.36217181 -1.23322349 -0.77649733 -2.88407584 -2.71720646  2.54564095
 -2.13655262 -2.04712733 -0.18154971  3.1499891   0.24664318  0.2138495
 -1.25020252 -0.67764059 -1.73377049 -3.03025062  2.87032633  1.23550954
 -0.48570779 -2.18838472  1.10971243 -1.10585749 -0.49042489 -2.73954126
 -2.06516924  1.86554836 -0.8738126   2.62185247 -0.4541946  -2.67151357
 -2.82019501  2.26182934 -3.14423357 -0.44536848 -1.00234836 -0.24660761
  2.34754215  1.84025226  0.01820695 -2.55288757 -2.65892129  0.2443693
 -0.76666242  1.24524102 -2.62771071  1.12505243 -0.38397756  0.42076396
  1.91903372  0.4581179   0.65074828 -1.27156821  1.79161199  2.93982494
  0.99593935  0.22180225 -1.14181242  2.42278753  0.7267408  -1.90977316
 -0.05037876  1.87092313  0.98664718 -1.08002886 -2.30130772  2.22238424
  2.00398617  1.92832257  2.29723395  1.91578648 -1.66121733 -3.10389811
  0.42852386  1.34475848 -2.26275453 -1.12583535  2.31183674  1.39294596
 -0.2719565  -1.84442246 -1.64823718  1.96528111  1.30723948 -1.01188251
 -0.2307545  -0.69309051 -0.30339045  2.30246028 -0.66193782 -0.93534307
  0.77590927 -2.35268903  0.59026873  2.78422927 -0.35242983  2.04722724
 -1.86126428 -1.35336604 -2.59736841 -2.42273037 -1.5015313  -3.02896651
  2.01620172  1.78191131  1.58151643  1.12533464  1.58819413 -2.4442151
 -2.50736702  1.78907355  1.03427326 -0.29185939 -2.47720416  1.43098303
 -1.04394828 -3.04762166 -0.04720554  1.8975162  -2.70128352 -2.36816626
  1.87611848  1.02966673 -0.62617455 -0.49631305 -0.92140707  1.96405431
  0.47262201 -0.3562255   0.40183349 -2.26662829  1.26136534 -0.15330644
  2.40236175  1.23319637  2.87809178 -1.05734008  2.10171117 -0.42989536
 -3.26841236  2.20322077  0.8114711   1.92881109 -1.28919732  1.43910691
 -2.12172365  0.20898522  0.0830367  -2.790592   -0.90191389 -2.39307476
  0.07227722 -0.56898664]
Sat May 25 17:36:42 2024,531,0.09593800675209452,[-4.65846894  2.36664247 -1.84106149 -0.12409637  0.18672637 -2.68765102
  3.01283044  2.10571293  1.45518665 -0.92536069  0.61240023  1.0917023
  1.1320999  -1.54196689  0.77712838  2.80621678 -0.7981539  -0.63691772
 -1.75472009  0.60195831  1.67657108  2.99185691 -1.20875743 -0.31571292
 -2.42357671 -2.3380369   2.99458062  2.76322705 -0.54433268 -2.36481321
  1.48280803 -0.05850824 -2.31787415  2.09556416  1.28954094 -0.63853931
  0.84777174 -2.31880691 -0.02589568  2.15332931 -0.16394314  0.38886721
  2.71395657  1.0462252   2.46285602  3.1617468   2.64140873 -2.93932914
  0.26537438 -0.81572847  1.75888641  2.86399395 -0.51095164 -2.31763459
  2.78737001 -3.21076782  0.79394289 -0.63487894 -1.74135955  2.69818314
 -1.80955122 -1.58813132 -2.30391484  2.18800742 -2.45128512  2.13559814
  2.07465193  1.53540753  2.3830846   2.80474871  1.64886053  1.20012638
 -1.51324481 -2.22927521  1.47130195  0.71194253  1.31361848 -3.01402338
 -0.37770319  2.51831713 -1.03585467  1.28752005  1.48329371  0.54454962
 -0.83302174  1.11514296  0.66824182 -0.38370096  2.80473725 -1.99307044
  1.53804627 -0.48681197  1.09033798 -2.84976572 -2.4583234   0.45773168
 -1.16150521 -0.49457588  0.36531488 -0.1112678  -1.65032846 -0.04117006
 -0.85970586  2.8118099  -1.0623987  -1.3801349  -0.94883344  1.07796484
  1.85224725 -0.69616574  1.97232716 -2.19417547 -0.34727764 -0.73251723
 -2.89008139  3.16480336 -1.63194593  3.13522555 -1.26602484 -2.70847931
  3.36217172 -1.23322359 -0.77649723 -2.88407575 -2.71720636  2.54564104
 -2.13655271 -2.04712723 -0.18154961  3.14998901  0.24664308  0.2138496
 -1.25020242 -0.67764049 -1.7337704  -3.03025052  2.87032624  1.23550964
 -0.48570789 -2.18838482  1.10971252 -1.10585739 -0.49042498 -2.73954117
 -2.06516934  1.86554846 -0.8738127   2.62185256 -0.45419469 -2.67151347
 -2.8201951   2.26182943 -3.14423347 -0.44536858 -1.00234826 -0.24660771
  2.34754225  1.84025216  0.01820685 -2.55288766 -2.65892138  0.2443694
 -0.76666252  1.24524092 -2.62771061  1.12505234 -0.38397766  0.42076386
  1.91903363  0.458118    0.65074837 -1.2715683   1.7916119   2.93982504
  0.99593925  0.22180235 -1.14181251  2.42278762  0.7267407  -1.90977306
 -0.05037886  1.87092322  0.98664708 -1.08002877 -2.30130782  2.22238414
  2.00398627  1.92832266  2.29723404  1.91578657 -1.66121724 -3.10389802
  0.42852377  1.34475839 -2.26275443 -1.12583545  2.31183665  1.39294605
 -0.2719564  -1.84442256 -1.64823728  1.96528121  1.30723938 -1.0118826
 -0.2307546  -0.69309041 -0.30339055  2.30246018 -0.66193772 -0.93534297
  0.77590936 -2.35268893  0.59026883  2.78422918 -0.35242992  2.04722715
 -1.86126418 -1.35336594 -2.5973685  -2.42273047 -1.5015312  -3.02896642
  2.01620162  1.78191122  1.58151633  1.12533474  1.58819422 -2.4442152
 -2.50736692  1.78907364  1.03427316 -0.29185929 -2.47720426  1.43098313
 -1.04394838 -3.04762157 -0.04720563  1.89751629 -2.70128343 -2.36816636
  1.87611858  1.02966663 -0.62617446 -0.49631295 -0.92140698  1.96405421
  0.47262192 -0.3562256   0.4018334  -2.26662819  1.26136544 -0.15330654
  2.40236185  1.23319646  2.87809187 -1.05733999  2.10171107 -0.42989527
 -3.26841245  2.20322086  0.811471    1.92881099 -1.28919742  1.43910681
 -2.12172355  0.20898512  0.0830368  -2.79059191 -0.9019138  -2.39307486
  0.07227712 -0.56898673]
Sat May 25 17:37:13 2024,532,0.09593800674612894,[-4.65846903  2.36664256 -1.84106158 -0.12409627  0.18672646 -2.68765111
  3.01283035  2.10571284  1.45518655 -0.9253606   0.61240014  1.0917024
  1.13209981 -1.54196699  0.77712828  2.80621687 -0.79815399 -0.63691781
 -1.75472019  0.60195841  1.67657117  2.99185682 -1.20875734 -0.31571283
 -2.42357661 -2.3380368   2.99458071  2.76322696 -0.54433278 -2.36481311
  1.48280812 -0.05850814 -2.31787424  2.09556426  1.28954085 -0.6385394
  0.84777183 -2.318807   -0.02589578  2.1533294  -0.16394305  0.38886711
  2.71395666  1.04622511  2.46285593  3.1617469   2.64140864 -2.93932904
  0.26537448 -0.81572857  1.7588865   2.86399405 -0.51095155 -2.31763469
  2.78736992 -3.21076792  0.7939428  -0.63487884 -1.74135964  2.69818323
 -1.80955112 -1.58813123 -2.30391493  2.18800752 -2.45128522  2.13559805
  2.07465183  1.53540744  2.3830845   2.8047488   1.64886063  1.20012647
 -1.51324471 -2.22927512  1.47130185  0.71194243  1.31361857 -3.01402328
 -0.37770328  2.51831704 -1.03585476  1.28752014  1.48329361  0.54454953
 -0.83302184  1.11514287  0.66824192 -0.38370106  2.80473734 -1.99307053
  1.53804617 -0.48681206  1.09033789 -2.84976582 -2.45832331  0.45773158
 -1.16150531 -0.49457598  0.36531498 -0.11126771 -1.65032837 -0.04117015
 -0.85970576  2.81180981 -1.06239861 -1.38013481 -0.94883335  1.07796475
  1.85224716 -0.69616584  1.97232726 -2.19417537 -0.34727774 -0.73251714
 -2.89008148  3.16480345 -1.63194602  3.13522546 -1.26602493 -2.70847922
  3.36217181 -1.2332235  -0.77649714 -2.88407584 -2.71720646  2.54564114
 -2.13655262 -2.04712733 -0.18154952  3.14998891  0.24664299  0.21384969
 -1.25020252 -0.6776404  -1.7337703  -3.03025043  2.87032633  1.23550973
 -0.48570779 -2.18838491  1.10971243 -1.10585749 -0.49042508 -2.73954107
 -2.06516943  1.86554836 -0.8738126   2.62185247 -0.45419479 -2.67151338
 -2.82019501  2.26182953 -3.14423356 -0.44536867 -1.00234836 -0.24660761
  2.34754215  1.84025226  0.01820695 -2.55288757 -2.65892148  0.24436931
 -0.76666242  1.24524102 -2.62771071  1.12505224 -0.38397775  0.42076396
  1.91903353  0.45811791  0.65074847 -1.27156821  1.7916118   2.93982494
  0.99593916  0.22180225 -1.14181261  2.42278753  0.72674061 -1.90977297
 -0.05037895  1.87092313  0.98664717 -1.08002886 -2.30130772  2.22238405
  2.00398636  1.92832276  2.29723395  1.91578648 -1.66121733 -3.10389811
  0.42852367  1.34475829 -2.26275434 -1.12583535  2.31183655  1.39294615
 -0.2719565  -1.84442246 -1.64823718  1.96528111  1.30723929 -1.01188251
 -0.23075469 -0.69309032 -0.30339046  2.30246028 -0.66193763 -0.93534307
  0.77590946 -2.35268903  0.59026892  2.78422908 -0.35242983  2.04722724
 -1.86126409 -1.35336604 -2.59736841 -2.42273056 -1.5015313  -3.02896651
  2.01620153  1.78191131  1.58151643  1.12533483  1.58819413 -2.4442151
 -2.50736702  1.78907355  1.03427325 -0.29185919 -2.47720435  1.43098304
 -1.04394828 -3.04762147 -0.04720573  1.8975162  -2.70128352 -2.36816645
  1.87611849  1.02966673 -0.62617455 -0.49631286 -0.92140688  1.96405431
  0.47262201 -0.35622569  0.40183349 -2.26662829  1.26136553 -0.15330663
  2.40236176  1.23319637  2.87809197 -1.05734008  2.10171098 -0.42989517
 -3.26841236  2.20322096  0.8114711   1.9288109  -1.28919751  1.43910672
 -2.12172364  0.20898521  0.08303689 -2.79059181 -0.90191389 -2.39307476
  0.07227721 -0.56898664]
Sat May 25 17:37:46 2024,533,0.09593800674026694,[-4.65846912  2.36664265 -1.84106149 -0.12409636  0.18672637 -2.68765102
  3.01283026  2.10571293  1.45518664 -0.92536069  0.61240023  1.0917023
  1.1320999  -1.54196708  0.77712819  2.80621697 -0.79815409 -0.63691791
 -1.75472028  0.6019585   1.67657108  2.99185673 -1.20875743 -0.31571273
 -2.42357652 -2.3380369   2.9945808   2.76322705 -0.54433269 -2.36481321
  1.48280822 -0.05850823 -2.31787433  2.09556435  1.28954094 -0.63853931
  0.84777174 -2.31880691 -0.02589568  2.1533295  -0.16394296  0.38886702
  2.71395657  1.04622501  2.46285602  3.1617468   2.64140855 -2.93932913
  0.26537439 -0.81572848  1.75888641  2.86399414 -0.51095164 -2.31763478
  2.78736983 -3.21076782  0.7939427  -0.63487875 -1.74135973  2.69818314
 -1.80955103 -1.58813114 -2.30391484  2.18800761 -2.45128512  2.13559814
  2.07465174  1.53540735  2.38308441  2.80474889  1.64886072  1.20012657
 -1.51324481 -2.22927521  1.47130194  0.71194234  1.31361848 -3.01402338
 -0.37770319  2.51831713 -1.03585485  1.28752005  1.4832937   0.54454962
 -0.83302174  1.11514278  0.66824182 -0.38370115  2.80473725 -1.99307044
  1.53804626 -0.48681215  1.0903378  -2.84976572 -2.4583234   0.45773149
 -1.16150521 -0.49457589  0.36531507 -0.11126762 -1.65032828 -0.04117025
 -0.85970567  2.8118099  -1.06239851 -1.3801349  -0.94883325  1.07796484
  1.85224707 -0.69616575  1.97232716 -2.19417528 -0.34727764 -0.73251723
 -2.89008139  3.16480354 -1.63194611  3.13522536 -1.26602502 -2.70847913
  3.3621719  -1.2332234  -0.77649705 -2.88407593 -2.71720637  2.54564104
 -2.13655252 -2.04712742 -0.18154961  3.14998901  0.24664308  0.21384978
 -1.25020261 -0.67764031 -1.7337704  -3.03025052  2.87032643  1.23550982
 -0.4857077  -2.188385    1.10971234 -1.10585739 -0.49042499 -2.73954098
 -2.06516953  1.86554827 -0.87381269  2.62185256 -0.45419488 -2.67151328
 -2.82019492  2.26182943 -3.14423366 -0.44536858 -1.00234845 -0.24660771
  2.34754225  1.84025235  0.01820704 -2.55288748 -2.65892157  0.24436921
 -0.76666251  1.24524092 -2.6277108   1.12505215 -0.38397784  0.42076386
  1.91903363  0.458118    0.65074837 -1.2715683   1.79161171  2.93982485
  0.99593906  0.22180235 -1.1418127   2.42278744  0.72674052 -1.90977306
 -0.05037886  1.87092304  0.98664708 -1.08002877 -2.30130763  2.22238414
  2.00398645  1.92832285  2.29723404  1.91578657 -1.66121742 -3.10389802
  0.42852376  1.3447582  -2.26275443 -1.12583545  2.31183646  1.39294605
 -0.2719564  -1.84442256 -1.64823709  1.96528102  1.30723919 -1.01188242
 -0.2307546  -0.69309041 -0.30339036  2.30246037 -0.66193772 -0.93534297
  0.77590955 -2.35268912  0.59026902  2.78422918 -0.35242992  2.04722715
 -1.86126418 -1.35336613 -2.59736832 -2.42273047 -1.50153139 -3.02896642
  2.01620143  1.78191122  1.58151652  1.12533492  1.58819422 -2.4442152
 -2.50736692  1.78907346  1.03427335 -0.29185929 -2.47720426  1.43098313
 -1.04394819 -3.04762156 -0.04720582  1.89751629 -2.70128361 -2.36816636
  1.87611839  1.02966682 -0.62617464 -0.49631295 -0.92140698  1.9640544
  0.47262192 -0.3562256   0.40183358 -2.26662819  1.26136562 -0.15330672
  2.40236185  1.23319646  2.87809206 -1.05733999  2.10171107 -0.42989526
 -3.26841245  2.20322087  0.81147101  1.92881099 -1.28919761  1.43910681
 -2.12172355  0.20898531  0.0830368  -2.79059191 -0.9019138  -2.39307467
  0.07227731 -0.56898654]
Sat May 25 17:38:09 2024,534,0.09593800673450581,[-4.65846922  2.36664274 -1.84106158 -0.12409627  0.18672628 -2.68765093
  3.01283017  2.10571302  1.45518655 -0.92536078  0.61240014  1.09170221
  1.13209999 -1.54196699  0.77712828  2.80621706 -0.79815418 -0.63691782
 -1.75472037  0.60195841  1.67657099  2.99185682 -1.20875752 -0.31571283
 -2.42357643 -2.33803681  2.9945809   2.76322714 -0.54433278 -2.3648133
  1.48280831 -0.05850814 -2.31787424  2.09556444  1.28954103 -0.6385394
  0.84777183 -2.318807   -0.02589559  2.15332941 -0.16394286  0.38886711
  2.71395648  1.04622492  2.46285593  3.16174671  2.64140864 -2.93932923
  0.26537429 -0.81572838  1.75888632  2.86399405 -0.51095173 -2.31763469
  2.78736974 -3.21076773  0.7939428  -0.63487884 -1.74135983  2.69818323
 -1.80955112 -1.58813105 -2.30391493  2.18800752 -2.45128521  2.13559823
  2.07465165  1.53540744  2.3830845   2.80474898  1.64886063  1.20012666
 -1.5132449  -2.2292753   1.47130185  0.71194243  1.31361839 -3.01402347
 -0.37770328  2.51831722 -1.03585476  1.28751996  1.4832938   0.54454971
 -0.83302165  1.11514268  0.66824173 -0.38370106  2.80473716 -1.99307053
  1.53804636 -0.48681225  1.0903377  -2.84976563 -2.45832331  0.4577314
 -1.16150531 -0.49457579  0.36531498 -0.11126752 -1.65032819 -0.04117034
 -0.85970558  2.81180981 -1.0623986  -1.38013481 -0.94883335  1.07796493
  1.85224697 -0.69616584  1.97232707 -2.19417537 -0.34727755 -0.73251714
 -2.89008148  3.16480345 -1.6319462   3.13522546 -1.26602493 -2.70847922
  3.362172   -1.23322331 -0.77649696 -2.88407584 -2.71720627  2.54564114
 -2.13655262 -2.04712733 -0.18154952  3.14998891  0.24664299  0.21384988
 -1.2502027  -0.67764021 -1.73377049 -3.03025043  2.87032652  1.23550991
 -0.48570761 -2.18838491  1.10971224 -1.10585748 -0.49042508 -2.73954107
 -2.06516962  1.86554818 -0.87381279  2.62185247 -0.45419479 -2.67151337
 -2.82019483  2.26182952 -3.14423356 -0.44536849 -1.00234836 -0.2466078
  2.34754234  1.84025226  0.01820695 -2.55288757 -2.65892166  0.24436912
 -0.76666261  1.24524083 -2.62771089  1.12505224 -0.38397794  0.42076377
  1.91903372  0.45811791  0.65074846 -1.27156821  1.7916118   2.93982476
  0.99593916  0.22180226 -1.14181261  2.42278753  0.72674061 -1.90977297
 -0.05037895  1.87092295  0.98664699 -1.08002886 -2.30130754  2.22238405
  2.00398636  1.92832276  2.29723413  1.91578648 -1.66121733 -3.10389811
  0.42852367  1.34475811 -2.26275434 -1.12583554  2.31183655  1.39294614
 -0.27195631 -1.84442246 -1.64823718  1.96528111  1.3072391  -1.01188251
 -0.23075451 -0.6930905  -0.30339027  2.30246046 -0.66193763 -0.93534306
  0.77590946 -2.35268903  0.59026893  2.78422908 -0.35242983  2.04722706
 -1.86126427 -1.35336604 -2.59736822 -2.42273038 -1.5015313  -3.02896651
  2.01620134  1.78191113  1.58151643  1.12533501  1.58819413 -2.44421511
 -2.50736702  1.78907336  1.03427326 -0.29185938 -2.47720417  1.43098304
 -1.0439481  -3.04762147 -0.04720591  1.8975162  -2.70128352 -2.36816627
  1.8761183   1.02966691 -0.62617455 -0.49631304 -0.92140707  1.96405431
  0.47262201 -0.35622569  0.40183349 -2.26662829  1.26136572 -0.15330682
  2.40236176  1.23319637  2.87809215 -1.0573399   2.10171098 -0.42989536
 -3.26841236  2.20322077  0.81147091  1.9288109  -1.2891977   1.4391069
 -2.12172346  0.2089854   0.08303671 -2.79059182 -0.90191389 -2.39307458
  0.07227722 -0.56898664]
Sat May 25 17:38:33 2024,535,0.09593800672884371,[-4.65846931  2.36664265 -1.84106149 -0.12409618  0.18672619 -2.68765102
  3.01283008  2.10571293  1.45518664 -0.92536087  0.61240023  1.0917023
  1.1320999  -1.54196708  0.77712819  2.80621715 -0.79815427 -0.63691791
 -1.75472028  0.6019585   1.6765709   2.99185673 -1.20875761 -0.31571274
 -2.42357634 -2.3380369   2.99458099  2.76322723 -0.54433287 -2.36481339
  1.4828084  -0.05850823 -2.31787433  2.09556453  1.28954094 -0.63853949
  0.84777192 -2.31880709 -0.0258955   2.1533295  -0.16394277  0.38886702
  2.71395639  1.04622501  2.46285602  3.16174662  2.64140873 -2.93932932
  0.2653742  -0.81572847  1.75888641  2.86399414 -0.51095164 -2.3176346
  2.78736983 -3.21076782  0.79394271 -0.63487893 -1.74135992  2.69818332
 -1.80955121 -1.58813096 -2.30391484  2.18800743 -2.4512853   2.13559814
  2.07465174  1.53540735  2.38308459  2.80474889  1.64886054  1.20012675
 -1.51324499 -2.22927521  1.47130194  0.71194234  1.31361848 -3.01402338
 -0.37770337  2.51831731 -1.03585467  1.28752005  1.48329371  0.54454962
 -0.83302156  1.11514277  0.66824182 -0.38370115  2.80473725 -1.99307062
  1.53804627 -0.48681234  1.09033761 -2.84976572 -2.45832322  0.45773131
 -1.16150522 -0.4945757   0.36531507 -0.11126743 -1.6503281  -0.04117043
 -0.85970549  2.8118099  -1.06239869 -1.38013472 -0.94883326  1.07796502
  1.85224688 -0.69616593  1.97232716 -2.19417546 -0.34727764 -0.73251723
 -2.89008157  3.16480354 -1.63194611  3.13522537 -1.26602484 -2.70847913
  3.36217191 -1.2332234  -0.77649705 -2.88407593 -2.71720636  2.54564105
 -2.13655253 -2.04712724 -0.18154943  3.149989    0.2466429   0.21384997
 -1.25020279 -0.67764012 -1.73377058 -3.03025034  2.87032643  1.23550982
 -0.48570752 -2.188385    1.10971233 -1.10585757 -0.49042499 -2.73954098
 -2.06516971  1.86554809 -0.8738127   2.62185238 -0.45419488 -2.67151346
 -2.82019492  2.26182943 -3.14423365 -0.4453684  -1.00234845 -0.24660771
  2.34754225  1.84025235  0.01820686 -2.55288748 -2.65892157  0.24436903
 -0.76666252  1.24524074 -2.6277108   1.12505215 -0.38397803  0.42076368
  1.91903381  0.45811782  0.65074855 -1.27156812  1.79161189  2.93982467
  0.99593925  0.22180217 -1.1418127   2.42278744  0.7267407  -1.90977288
 -0.05037886  1.87092286  0.9866469  -1.08002895 -2.30130763  2.22238396
  2.00398645  1.92832285  2.29723422  1.91578657 -1.66121742 -3.10389802
  0.42852376  1.3447582  -2.26275443 -1.12583545  2.31183646  1.39294605
 -0.2719564  -1.84442237 -1.64823727  1.96528102  1.30723901 -1.01188242
 -0.23075442 -0.69309041 -0.30339036  2.30246055 -0.66193754 -0.93534297
  0.77590937 -2.35268894  0.59026884  2.78422899 -0.35242974  2.04722697
 -1.86126436 -1.35336613 -2.59736831 -2.42273047 -1.50153121 -3.0289666
  2.01620125  1.78191104  1.58151652  1.1253351   1.58819422 -2.44421502
 -2.50736711  1.78907327  1.03427317 -0.29185947 -2.47720408  1.43098313
 -1.04394819 -3.04762138 -0.047206    1.89751611 -2.70128361 -2.36816618
  1.87611839  1.02966682 -0.62617464 -0.49631313 -0.92140716  1.96405422
  0.47262192 -0.3562256   0.40183358 -2.26662838  1.26136563 -0.15330673
  2.40236167  1.23319628  2.87809224 -1.05733999  2.10171107 -0.42989527
 -3.26841227  2.20322086  0.811471    1.92881099 -1.28919761  1.43910681
 -2.12172355  0.20898549  0.08303662 -2.79059173 -0.9019138  -2.39307449
  0.07227731 -0.56898655]
Sat May 25 17:38:56 2024,536,0.09593800672327876,[-4.65846939  2.36664257 -1.8410614  -0.12409627  0.18672628 -2.68765111
  3.01282999  2.10571302  1.45518673 -0.92536078  0.61240014  1.09170239
  1.13209982 -1.54196717  0.77712828  2.80621706 -0.79815436 -0.63691799
 -1.75472037  0.60195841  1.67657081  2.99185664 -1.2087577  -0.31571265
 -2.42357643 -2.33803681  2.9945809   2.76322732 -0.54433278 -2.36481348
  1.48280849 -0.05850814 -2.31787424  2.09556444  1.28954086 -0.6385394
  0.84777201 -2.31880718 -0.02589541  2.15332958 -0.16394269  0.38886693
  2.71395648  1.04622492  2.46285593  3.16174653  2.64140882 -2.9393294
  0.26537429 -0.81572856  1.75888632  2.86399423 -0.51095173 -2.31763451
  2.78736991 -3.21076773  0.79394279 -0.63487902 -1.74136     2.69818341
 -1.8095513  -1.58813087 -2.30391475  2.18800752 -2.45128522  2.13559805
  2.07465165  1.53540744  2.38308468  2.80474881  1.64886045  1.20012684
 -1.51324508 -2.22927513  1.47130203  0.71194243  1.31361839 -3.01402329
 -0.37770346  2.51831723 -1.03585476  1.28752014  1.48329379  0.54454971
 -0.83302147  1.11514286  0.66824173 -0.38370106  2.80473716 -1.99307071
  1.53804635 -0.48681242  1.0903377  -2.84976581 -2.45832331  0.4577314
 -1.1615053  -0.49457562  0.36531516 -0.11126735 -1.65032818 -0.04117034
 -0.8597054   2.81180981 -1.06239861 -1.38013481 -0.94883317  1.07796511
  1.8522468  -0.69616602  1.97232707 -2.19417555 -0.34727755 -0.73251714
 -2.89008148  3.16480345 -1.63194603  3.13522528 -1.26602493 -2.70847922
  3.36217199 -1.23322331 -0.77649696 -2.88407602 -2.71720628  2.54564113
 -2.13655261 -2.04712733 -0.18154934  3.14998909  0.24664281  0.21385005
 -1.2502027  -0.67764004 -1.73377067 -3.03025025  2.87032634  1.23550991
 -0.48570743 -2.18838491  1.10971225 -1.10585766 -0.49042508 -2.73954107
 -2.0651698   1.86554818 -0.87381261  2.62185247 -0.45419497 -2.67151355
 -2.82019483  2.26182952 -3.14423357 -0.44536831 -1.00234854 -0.24660762
  2.34754234  1.84025244  0.01820695 -2.55288739 -2.65892166  0.24436894
 -0.76666243  1.24524065 -2.62771089  1.12505224 -0.38397811  0.42076377
  1.91903372  0.45811791  0.65074864 -1.27156821  1.7916118   2.93982476
  0.99593933  0.22180225 -1.14181261  2.42278753  0.72674061 -1.90977297
 -0.05037895  1.87092294  0.98664681 -1.08002886 -2.30130754  2.22238387
  2.00398636  1.92832294  2.29723413  1.91578666 -1.66121751 -3.10389811
  0.42852385  1.34475811 -2.26275452 -1.12583554  2.31183655  1.39294614
 -0.27195649 -1.84442229 -1.64823736  1.96528111  1.30723892 -1.01188251
 -0.23075433 -0.6930905  -0.30339045  2.30246046 -0.66193763 -0.93534306
  0.77590928 -2.35268885  0.59026875  2.78422891 -0.35242983  2.04722705
 -1.86126427 -1.35336622 -2.5973684  -2.42273056 -1.50153112 -3.02896669
  2.01620116  1.78191113  1.58151661  1.12533519  1.58819413 -2.4442151
 -2.50736719  1.78907319  1.03427325 -0.29185956 -2.47720416  1.43098322
 -1.04394828 -3.04762129 -0.04720591  1.8975162  -2.7012837  -2.36816609
  1.87611848  1.02966691 -0.62617473 -0.49631304 -0.92140725  1.96405413
  0.47262183 -0.35622551  0.40183349 -2.26662846  1.26136554 -0.15330681
  2.40236158  1.23319637  2.87809215 -1.05734008  2.10171116 -0.42989518
 -3.26841218  2.20322078  0.81147092  1.9288109  -1.28919752  1.43910673
 -2.12172346  0.20898558  0.08303671 -2.79059164 -0.90191371 -2.3930744
  0.07227722 -0.56898663]
Sat May 25 17:39:22 2024,537,0.0959380067178081,[-4.65846948  2.36664265 -1.84106132 -0.12409618  0.18672619 -2.68765102
  3.0128299   2.10571293  1.45518664 -0.92536087  0.61240023  1.09170248
  1.1320999  -1.54196726  0.77712837  2.80621715 -0.79815444 -0.63691808
 -1.75472028  0.6019585   1.67657072  2.99185673 -1.20875779 -0.31571256
 -2.42357651 -2.33803672  2.99458098  2.76322723 -0.54433287 -2.36481339
  1.48280857 -0.05850823 -2.31787433  2.09556453  1.28954077 -0.63853949
  0.84777192 -2.31880727 -0.0258955   2.15332967 -0.16394277  0.38886684
  2.71395656  1.04622484  2.46285602  3.16174662  2.64140873 -2.93932949
  0.26537438 -0.81572865  1.75888623  2.86399414 -0.51095182 -2.31763442
  2.78736983 -3.21076782  0.79394288 -0.63487911 -1.74136009  2.6981835
 -1.80955121 -1.58813078 -2.30391466  2.18800743 -2.45128513  2.13559814
  2.07465174  1.53540752  2.38308477  2.80474872  1.64886054  1.20012675
 -1.51324516 -2.22927504  1.47130194  0.71194234  1.3136183  -3.01402338
 -0.37770337  2.51831714 -1.03585467  1.28752005  1.48329388  0.5445498
 -0.83302156  1.11514295  0.66824165 -0.38370097  2.80473725 -1.99307079
  1.53804627 -0.48681234  1.09033762 -2.84976572 -2.45832339  0.45773131
 -1.16150539 -0.4945757   0.36531507 -0.11126726 -1.65032827 -0.04117025
 -0.85970549  2.81180972 -1.06239852 -1.38013472 -0.94883325  1.07796502
  1.85224688 -0.69616593  1.97232699 -2.19417546 -0.34727747 -0.73251723
 -2.89008139  3.16480337 -1.63194594  3.13522519 -1.26602502 -2.7084793
  3.36217191 -1.23322323 -0.77649687 -2.88407611 -2.71720619  2.54564122
 -2.1365527  -2.04712724 -0.18154943  3.14998918  0.24664273  0.21385014
 -1.25020279 -0.67763995 -1.73377058 -3.03025016  2.87032625  1.23550983
 -0.48570734 -2.18838483  1.10971216 -1.10585758 -0.49042499 -2.73954098
 -2.06516988  1.86554826 -0.87381252  2.62185256 -0.45419505 -2.67151347
 -2.82019491  2.26182944 -3.14423365 -0.4453684  -1.00234845 -0.24660753
  2.34754225  1.84025235  0.01820686 -2.55288748 -2.65892157  0.24436903
 -0.76666252  1.24524074 -2.6277108   1.12505215 -0.38397803  0.42076386
  1.91903363  0.45811799  0.65074873 -1.2715683   1.79161189  2.93982485
  0.99593925  0.22180217 -1.14181252  2.42278744  0.7267407  -1.90977288
 -0.05037903  1.87092286  0.9866469  -1.08002895 -2.30130745  2.22238378
  2.00398628  1.92832285  2.29723405  1.91578674 -1.66121742 -3.10389802
  0.42852376  1.34475802 -2.26275461 -1.12583562  2.31183646  1.39294606
 -0.2719564  -1.8444222  -1.64823727  1.9652812   1.30723901 -1.01188242
 -0.23075424 -0.69309041 -0.30339054  2.30246038 -0.66193772 -0.93534315
  0.77590919 -2.35268876  0.59026883  2.78422882 -0.35242992  2.04722697
 -1.86126418 -1.35336613 -2.59736832 -2.42273065 -1.50153121 -3.0289666
  2.01620108  1.78191104  1.58151652  1.12533511  1.58819404 -2.44421519
 -2.50736711  1.78907327  1.03427334 -0.29185964 -2.47720425  1.4309833
 -1.04394819 -3.04762138 -0.04720583  1.89751629 -2.70128379 -2.368166
  1.87611857  1.02966682 -0.62617482 -0.49631296 -0.92140716  1.96405422
  0.47262192 -0.3562256   0.40183341 -2.26662855  1.26136545 -0.1533069
  2.40236149  1.23319646  2.87809207 -1.05734016  2.10171107 -0.42989509
 -3.2684121   2.20322069  0.81147083  1.92881099 -1.28919743  1.43910664
 -2.12172355  0.20898549  0.08303662 -2.79059155 -0.90191362 -2.39307449
  0.07227713 -0.56898655]
Sat May 25 17:39:49 2024,538,0.09593800671243012,[-4.65846957  2.36664257 -1.84106123 -0.12409627  0.1867261  -2.68765111
  3.01282981  2.10571285  1.45518656 -0.92536079  0.61240014  1.09170239
  1.13209999 -1.54196717  0.77712845  2.80621723 -0.79815436 -0.63691817
 -1.75472037  0.60195841  1.67657081  2.99185681 -1.20875787 -0.31571265
 -2.4235766  -2.33803681  2.99458107  2.76322715 -0.54433278 -2.3648133
  1.48280866 -0.05850815 -2.31787424  2.09556444  1.28954068 -0.63853958
  0.84777201 -2.31880718 -0.02589559  2.15332959 -0.16394286  0.38886676
  2.71395648  1.04622475  2.4628561   3.16174653  2.64140882 -2.93932958
  0.26537429 -0.81572856  1.75888615  2.86399405 -0.51095173 -2.31763451
  2.78736974 -3.21076791  0.7939428  -0.63487919 -1.74136     2.69818358
 -1.8095513  -1.58813087 -2.30391458  2.18800752 -2.45128504  2.13559823
  2.07465182  1.53540761  2.38308468  2.8047488   1.64886062  1.20012666
 -1.51324525 -2.22927512  1.47130186  0.71194243  1.31361839 -3.01402346
 -0.37770328  2.51831722 -1.03585476  1.28751996  1.48329397  0.54454971
 -0.83302165  1.11514304  0.66824173 -0.38370089  2.80473733 -1.99307088
  1.53804635 -0.48681242  1.0903377  -2.84976581 -2.45832348  0.45773122
 -1.16150531 -0.49457562  0.36531515 -0.11126717 -1.65032836 -0.04117017
 -0.8597054   2.81180964 -1.06239843 -1.38013481 -0.94883334  1.07796511
  1.8522468  -0.69616584  1.97232707 -2.19417555 -0.34727755 -0.73251731
 -2.89008148  3.16480328 -1.63194585  3.1352251  -1.2660251  -2.70847939
  3.36217199 -1.23322314 -0.77649696 -2.88407619 -2.7172061   2.54564114
 -2.13655262 -2.04712715 -0.18154934  3.14998909  0.24664281  0.21385006
 -1.25020271 -0.67764003 -1.73377067 -3.03025008  2.87032634  1.23550991
 -0.48570743 -2.18838491  1.10971207 -1.10585749 -0.4904249  -2.73954107
 -2.0651698   1.86554835 -0.87381243  2.62185247 -0.45419514 -2.67151355
 -2.82019483  2.26182952 -3.14423374 -0.44536848 -1.00234854 -0.24660745
  2.34754216  1.84025227  0.01820677 -2.55288739 -2.65892166  0.24436894
 -0.7666626   1.24524065 -2.62771072  1.12505224 -0.38397794  0.42076394
  1.91903372  0.45811791  0.65074882 -1.27156838  1.7916118   2.93982476
  0.99593916  0.22180208 -1.14181244  2.42278735  0.72674078 -1.9097728
 -0.05037895  1.87092277  0.98664681 -1.08002903 -2.30130754  2.2223837
  2.00398636  1.92832294  2.29723413  1.91578666 -1.66121751 -3.10389794
  0.42852368  1.34475794 -2.26275469 -1.12583554  2.31183638  1.39294614
 -0.27195632 -1.84442228 -1.64823736  1.96528111  1.3072391  -1.01188233
 -0.23075433 -0.69309033 -0.30339045  2.30246046 -0.6619378  -0.93534306
  0.77590911 -2.35268868  0.59026875  2.78422873 -0.35242983  2.04722705
 -1.8612641  -1.35336605 -2.59736823 -2.42273056 -1.50153112 -3.02896669
  2.01620116  1.78191112  1.58151643  1.12533519  1.58819396 -2.44421528
 -2.50736719  1.78907319  1.03427326 -0.29185973 -2.47720434  1.43098322
 -1.04394827 -3.04762147 -0.04720591  1.89751637 -2.7012837  -2.36816609
  1.87611865  1.02966674 -0.62617473 -0.49631287 -0.92140707  1.9640543
  0.472622   -0.35622568  0.40183332 -2.26662864  1.26136554 -0.15330699
  2.40236141  1.23319637  2.87809198 -1.05734025  2.10171099 -0.42989518
 -3.26841201  2.20322077  0.81147074  1.9288109  -1.28919734  1.43910655
 -2.12172364  0.2089854   0.08303654 -2.79059164 -0.90191371 -2.3930744
  0.07227722 -0.56898646]
Sat May 25 17:40:12 2024,539,0.09593800670714314,[-4.65846965  2.36664265 -1.84106115 -0.12409635  0.18672602 -2.68765102
  3.01282973  2.10571276  1.45518647 -0.9253607   0.61240006  1.09170248
  1.1320999  -1.54196726  0.77712854  2.80621715 -0.79815444 -0.63691808
 -1.75472029  0.6019585   1.67657089  2.9918569  -1.20875779 -0.31571273
 -2.42357651 -2.33803672  2.99458115  2.76322723 -0.54433286 -2.36481322
  1.48280858 -0.05850806 -2.31787433  2.09556453  1.28954077 -0.63853949
  0.84777192 -2.3188071  -0.02589567  2.15332967 -0.16394294  0.38886684
  2.71395656  1.04622467  2.46285619  3.16174645  2.64140873 -2.93932949
  0.26537421 -0.81572848  1.75888606  2.86399414 -0.51095182 -2.31763459
  2.78736983 -3.21076782  0.79394288 -0.63487928 -1.74136009  2.6981835
 -1.80955121 -1.58813078 -2.30391466  2.18800743 -2.45128496  2.13559831
  2.07465174  1.53540769  2.38308476  2.80474889  1.64886071  1.20012675
 -1.51324516 -2.22927521  1.47130194  0.71194235  1.3136183  -3.01402355
 -0.3777032   2.51831714 -1.03585468  1.28752005  1.48329388  0.54454979
 -0.83302173  1.11514295  0.66824165 -0.38370097  2.80473742 -1.9930708
  1.53804627 -0.48681251  1.09033762 -2.84976572 -2.45832339  0.45773114
 -1.16150522 -0.49457553  0.36531524 -0.11126726 -1.65032844 -0.04117025
 -0.85970549  2.81180955 -1.06239852 -1.38013472 -0.94883326  1.07796502
  1.85224688 -0.69616576  1.97232716 -2.19417563 -0.34727747 -0.73251723
 -2.89008156  3.1648032  -1.63194594  3.13522502 -1.26602502 -2.70847931
  3.36217191 -1.23322323 -0.77649687 -2.88407628 -2.71720602  2.54564105
 -2.13655253 -2.04712724 -0.18154926  3.14998901  0.2466429   0.21384997
 -1.25020279 -0.67764012 -1.73377075 -3.03025016  2.87032625  1.23550983
 -0.48570751 -2.188385    1.10971216 -1.10585757 -0.49042499 -2.73954115
 -2.06516971  1.86554826 -0.87381252  2.62185256 -0.45419522 -2.67151364
 -2.82019474  2.26182944 -3.14423365 -0.44536857 -1.00234845 -0.24660736
  2.34754208  1.84025218  0.01820686 -2.55288731 -2.65892157  0.24436903
 -0.76666269  1.24524074 -2.6277108   1.12505232 -0.38397786  0.42076386
  1.9190338   0.45811782  0.6507489  -1.2715683   1.79161189  2.93982484
  0.99593925  0.22180217 -1.14181252  2.42278744  0.72674087 -1.90977288
 -0.05037886  1.87092286  0.98664673 -1.08002895 -2.30130762  2.22238378
  2.00398645  1.92832285  2.29723422  1.91578657 -1.66121759 -3.10389802
  0.42852376  1.34475785 -2.26275461 -1.12583545  2.31183646  1.39294606
 -0.27195623 -1.8444222  -1.64823744  1.96528119  1.30723901 -1.01188242
 -0.23075441 -0.69309024 -0.30339037  2.30246055 -0.66193772 -0.93534298
  0.77590919 -2.35268859  0.59026866  2.78422865 -0.35242992  2.04722714
 -1.86126401 -1.35336596 -2.59736831 -2.42273064 -1.50153104 -3.0289666
  2.01620108  1.78191104  1.58151652  1.12533528  1.58819404 -2.44421519
 -2.50736728  1.78907327  1.03427317 -0.29185965 -2.47720442  1.4309833
 -1.04394836 -3.04762138 -0.047206    1.89751629 -2.70128379 -2.368166
  1.87611857  1.02966665 -0.62617482 -0.49631279 -0.92140716  1.96405422
  0.47262209 -0.35622577  0.40183324 -2.26662872  1.26136562 -0.15330707
  2.40236132  1.23319629  2.87809206 -1.05734034  2.1017109  -0.42989509
 -3.26841192  2.20322086  0.81147083  1.92881099 -1.28919726  1.43910664
 -2.12172372  0.20898549  0.08303645 -2.79059172 -0.90191379 -2.39307448
  0.07227713 -0.56898655]
Sat May 25 17:40:36 2024,540,0.09593800670194415,[-4.65846974  2.36664274 -1.84106106 -0.12409627  0.1867261  -2.6876511
  3.01282981  2.10571284  1.45518656 -0.92536078  0.61239998  1.09170256
  1.13209999 -1.54196734  0.77712862  2.80621706 -0.79815436 -0.63691817
 -1.7547202   0.60195841  1.67657098  2.99185681 -1.20875787 -0.31571265
 -2.42357643 -2.33803664  2.99458107  2.76322715 -0.54433278 -2.3648133
  1.48280849 -0.05850814 -2.31787441  2.09556445  1.28954068 -0.63853941
  0.847772   -2.31880701 -0.02589559  2.15332959 -0.16394303  0.38886693
  2.71395648  1.04622458  2.46285627  3.16174653  2.64140881 -2.93932958
  0.26537413 -0.8157284   1.75888598  2.86399405 -0.5109519  -2.31763451
  2.78736974 -3.21076774  0.79394296 -0.63487936 -1.74136017  2.69818358
 -1.80955113 -1.5881307  -2.30391458  2.18800735 -2.45128487  2.13559823
  2.07465166  1.53540761  2.38308468  2.80474881  1.64886063  1.20012683
 -1.51324508 -2.22927529  1.47130186  0.71194243  1.31361838 -3.01402346
 -0.37770312  2.51831722 -1.03585476  1.28752013  1.4832938   0.54454971
 -0.83302165  1.11514304  0.66824173 -0.38370089  2.80473733 -1.99307071
  1.53804619 -0.48681242  1.09033753 -2.84976581 -2.45832348  0.45773122
 -1.1615053  -0.49457545  0.36531516 -0.11126717 -1.65032853 -0.04117033
 -0.85970557  2.81180947 -1.0623986  -1.38013464 -0.94883317  1.07796494
  1.85224696 -0.69616567  1.97232707 -2.19417572 -0.34727738 -0.73251731
 -2.89008165  3.16480328 -1.63194602  3.13522494 -1.26602494 -2.70847922
  3.36217199 -1.23322314 -0.77649695 -2.8840762  -2.7172061   2.54564097
 -2.13655245 -2.04712732 -0.18154934  3.14998909  0.24664281  0.21384989
 -1.25020271 -0.67764004 -1.73377083 -3.03025025  2.87032617  1.23550991
 -0.48570743 -2.18838491  1.10971207 -1.10585749 -0.49042507 -2.73954107
 -2.0651698   1.86554818 -0.8738126   2.62185264 -0.45419531 -2.67151372
 -2.82019483  2.26182952 -3.14423357 -0.44536849 -1.00234837 -0.24660728
  2.347542    1.8402521   0.01820678 -2.55288722 -2.65892166  0.24436895
 -0.7666626   1.24524082 -2.62771088  1.12505224 -0.38397777  0.42076377
  1.91903389  0.45811791  0.65074898 -1.27156821  1.79161181  2.93982493
  0.99593916  0.22180208 -1.14181261  2.42278752  0.72674078 -1.9097728
 -0.05037895  1.87092294  0.98664665 -1.08002887 -2.30130754  2.22238387
  2.00398653  1.92832294  2.29723413  1.91578666 -1.66121768 -3.10389794
  0.42852368  1.34475794 -2.26275452 -1.12583554  2.31183654  1.39294614
 -0.27195632 -1.84442228 -1.64823753  1.96528128  1.3072391  -1.0118825
 -0.23075433 -0.69309032 -0.30339028  2.30246063 -0.6619378  -0.9353429
  0.77590927 -2.35268867  0.59026858  2.78422857 -0.35243     2.04722705
 -1.8612641  -1.35336588 -2.59736823 -2.42273056 -1.50153095 -3.02896669
  2.01620116  1.78191096  1.58151643  1.12533519  1.58819396 -2.44421528
 -2.50736719  1.78907336  1.03427309 -0.29185973 -2.4772045   1.43098339
 -1.04394828 -3.0476213  -0.04720591  1.8975162  -2.70128387 -2.36816609
  1.87611865  1.02966674 -0.62617473 -0.4963127  -0.92140724  1.9640543
  0.47262201 -0.35622585  0.40183332 -2.26662864  1.26136554 -0.15330715
  2.40236124  1.23319637  2.87809198 -1.05734025  2.10171082 -0.42989501
 -3.26841201  2.20322078  0.81147074  1.92881107 -1.28919734  1.43910672
 -2.1217238   0.20898541  0.08303637 -2.79059164 -0.90191371 -2.3930744
  0.07227721 -0.56898663]
Sat May 25 17:41:04 2024,541,0.09593800669683139,[-4.65846982  2.36664265 -1.84106115 -0.12409635  0.18672602 -2.68765102
  3.01282989  2.10571293  1.45518647 -0.92536087  0.61239989  1.09170264
  1.13209991 -1.54196742  0.77712854  2.80621698 -0.79815444 -0.63691808
 -1.75472028  0.6019585   1.67657089  2.9918569  -1.20875779 -0.31571273
 -2.42357651 -2.33803672  2.99458115  2.76322723 -0.54433286 -2.36481322
  1.48280857 -0.05850806 -2.31787433  2.09556436  1.2895406  -0.63853949
  0.84777192 -2.31880693 -0.02589567  2.15332967 -0.16394294  0.38886701
  2.71395656  1.04622466  2.46285635  3.16174645  2.6414089  -2.93932949
  0.26537404 -0.81572848  1.75888606  2.86399397 -0.51095198 -2.31763443
  2.78736966 -3.21076782  0.79394305 -0.63487944 -1.74136025  2.6981835
 -1.80955105 -1.58813062 -2.3039145   2.18800743 -2.45128496  2.13559831
  2.07465174  1.53540769  2.3830846   2.80474889  1.64886054  1.20012675
 -1.51324516 -2.22927537  1.47130178  0.71194235  1.31361847 -3.01402355
 -0.37770303  2.51831714 -1.03585484  1.28752021  1.48329372  0.54454979
 -0.83302173  1.11514312  0.66824165 -0.38370081  2.80473742 -1.99307079
  1.53804627 -0.48681234  1.09033762 -2.84976589 -2.45832356  0.45773114
 -1.16150522 -0.49457553  0.36531507 -0.11126726 -1.65032861 -0.04117025
 -0.85970549  2.81180955 -1.06239868 -1.38013472 -0.94883325  1.07796486
  1.85224705 -0.69616559  1.97232699 -2.19417563 -0.34727747 -0.73251723
 -2.89008157  3.16480336 -1.6319461   3.13522485 -1.26602502 -2.70847914
  3.36217191 -1.23322322 -0.77649687 -2.88407611 -2.71720602  2.54564105
 -2.13655253 -2.0471274  -0.18154926  3.14998901  0.24664273  0.21384997
 -1.25020262 -0.67763995 -1.73377075 -3.03025016  2.87032609  1.23550999
 -0.48570751 -2.18838483  1.10971199 -1.10585757 -0.49042515 -2.73954115
 -2.06516988  1.8655481  -0.87381252  2.62185256 -0.45419523 -2.6715138
 -2.82019474  2.26182944 -3.14423349 -0.4453684  -1.00234829 -0.24660736
  2.34754191  1.84025202  0.01820669 -2.55288714 -2.65892157  0.24436903
 -0.76666252  1.2452409  -2.6277108   1.12505216 -0.38397769  0.42076369
  1.9190338   0.45811799  0.65074907 -1.2715683   1.79161189  2.93982501
  0.99593908  0.22180216 -1.14181252  2.4227876   0.72674087 -1.90977272
 -0.05037903  1.87092286  0.98664656 -1.08002878 -2.30130762  2.22238378
  2.00398661  1.92832302  2.29723405  1.91578674 -1.66121776 -3.10389785
  0.42852376  1.34475802 -2.26275461 -1.12583545  2.31183663  1.39294606
 -0.27195624 -1.8444222  -1.64823761  1.96528136  1.30723918 -1.01188258
 -0.23075425 -0.69309041 -0.30339037  2.30246055 -0.66193772 -0.93534281
  0.77590936 -2.35268876  0.59026866  2.78422865 -0.35243008  2.04722714
 -1.86126402 -1.3533658  -2.59736815 -2.42273064 -1.50153103 -3.02896661
  2.01620108  1.78191087  1.58151652  1.12533511  1.58819388 -2.44421536
 -2.50736728  1.78907327  1.03427317 -0.29185965 -2.47720459  1.4309833
 -1.04394819 -3.04762122 -0.047206    1.89751629 -2.70128395 -2.36816601
  1.87611857  1.02966682 -0.62617465 -0.49631262 -0.92140732  1.96405438
  0.47262192 -0.35622577  0.40183324 -2.26662856  1.26136545 -0.15330724
  2.40236116  1.23319629  2.87809206 -1.05734033  2.1017109  -0.42989493
 -3.26841209  2.20322086  0.81147083  1.92881115 -1.28919726  1.4391068
 -2.12172388  0.20898532  0.08303645 -2.79059155 -0.90191379 -2.39307448
  0.0722773  -0.56898671]
Sat May 25 17:41:37 2024,542,0.09593800669180355,[-4.6584699   2.36664257 -1.84106123 -0.12409643  0.18672594 -2.68765094
  3.01282998  2.10571301  1.45518656 -0.92536095  0.61239981  1.09170272
  1.13209999 -1.5419675   0.77712862  2.8062169  -0.79815436 -0.636918
 -1.75472037  0.60195841  1.67657097  2.99185682 -1.20875771 -0.31571281
 -2.42357643 -2.33803664  2.99458107  2.76322715 -0.54433294 -2.3648133
  1.48280849 -0.05850798 -2.31787425  2.09556428  1.28954052 -0.63853941
  0.84777184 -2.31880685 -0.02589559  2.15332975 -0.16394303  0.38886693
  2.71395664  1.04622458  2.46285627  3.16174653  2.64140882 -2.93932941
  0.26537413 -0.81572856  1.75888598  2.86399389 -0.5109519  -2.31763435
  2.78736958 -3.21076774  0.79394296 -0.63487952 -1.74136017  2.69818342
 -1.80955113 -1.5881307  -2.30391458  2.18800751 -2.45128504  2.13559823
  2.07465166  1.53540777  2.38308468  2.80474897  1.64886062  1.20012683
 -1.51324508 -2.22927529  1.4713017   0.71194227  1.31361839 -3.01402347
 -0.37770311  2.51831706 -1.03585476  1.2875203   1.4832938   0.54454987
 -0.83302181  1.11514304  0.66824157 -0.38370073  2.80473733 -1.99307071
  1.53804619 -0.48681242  1.09033753 -2.84976581 -2.45832348  0.45773122
 -1.1615053  -0.49457561  0.36531515 -0.11126734 -1.65032869 -0.04117017
 -0.85970557  2.81180947 -1.06239876 -1.3801348  -0.94883317  1.07796494
  1.85224697 -0.69616567  1.97232691 -2.19417555 -0.34727738 -0.73251715
 -2.89008148  3.16480328 -1.63194602  3.13522477 -1.26602494 -2.70847922
  3.36217199 -1.2332233  -0.77649679 -2.88407603 -2.71720594  2.54564113
 -2.13655245 -2.04712732 -0.18154918  3.14998893  0.24664281  0.21385005
 -1.25020254 -0.67763987 -1.73377067 -3.03025025  2.87032601  1.23551007
 -0.48570743 -2.18838475  1.10971191 -1.10585749 -0.49042523 -2.73954123
 -2.0651698   1.86554802 -0.8738126   2.62185264 -0.45419531 -2.67151388
 -2.82019466  2.26182936 -3.14423341 -0.44536832 -1.00234821 -0.24660728
  2.347542    1.84025194  0.01820677 -2.55288722 -2.65892166  0.24436911
 -0.76666244  1.24524082 -2.62771088  1.12505224 -0.38397761  0.42076361
  1.91903372  0.45811807  0.65074899 -1.27156821  1.79161197  2.93982509
  0.995939    0.22180225 -1.1418126   2.42278752  0.72674079 -1.90977264
 -0.05037911  1.87092278  0.98664664 -1.08002886 -2.3013077   2.22238386
  2.00398669  1.9283231   2.29723397  1.91578666 -1.66121784 -3.10389777
  0.42852384  1.34475794 -2.26275469 -1.12583537  2.31183655  1.39294614
 -0.27195615 -1.84442228 -1.64823769  1.96528144  1.3072391  -1.0118825
 -0.23075433 -0.69309049 -0.30339029  2.30246047 -0.6619378  -0.93534289
  0.77590928 -2.35268868  0.59026858  2.78422857 -0.35243016  2.04722722
 -1.8612641  -1.35336571 -2.59736807 -2.42273072 -1.50153095 -3.02896652
  2.01620116  1.78191095  1.58151644  1.12533503  1.58819379 -2.44421528
 -2.50736736  1.78907335  1.03427309 -0.29185973 -2.47720467  1.43098322
 -1.04394827 -3.0476213  -0.04720592  1.89751637 -2.70128403 -2.36816592
  1.87611849  1.02966674 -0.62617473 -0.4963127  -0.92140724  1.96405446
  0.472622   -0.35622569  0.40183316 -2.26662848  1.26136554 -0.15330732
  2.40236124  1.23319637  2.87809198 -1.05734025  2.10171082 -0.42989485
 -3.26841201  2.20322078  0.81147075  1.92881123 -1.28919734  1.43910672
 -2.12172397  0.2089854   0.08303653 -2.79059164 -0.90191387 -2.39307456
  0.07227722 -0.56898663]
Sat May 25 17:42:01 2024,543,0.095938006686859,[-4.65846998  2.36664249 -1.84106115 -0.12409635  0.18672586 -2.68765086
  3.01283005  2.10571293  1.45518648 -0.92536087  0.61239973  1.0917028
  1.13209991 -1.54196758  0.7771287   2.80621682 -0.79815444 -0.63691808
 -1.75472029  0.60195833  1.67657105  2.99185674 -1.20875763 -0.31571289
 -2.42357635 -2.33803656  2.99458115  2.76322707 -0.54433302 -2.36481322
  1.48280857 -0.0585079  -2.31787433  2.09556436  1.28954044 -0.63853933
  0.84777192 -2.31880677 -0.02589551  2.15332983 -0.16394311  0.38886701
  2.71395672  1.04622466  2.46285635  3.16174645  2.64140874 -2.93932933
  0.2653742  -0.81572864  1.75888606  2.86399381 -0.51095198 -2.31763443
  2.78736966 -3.21076766  0.79394304 -0.6348796  -1.74136025  2.69818334
 -1.80955121 -1.58813062 -2.30391466  2.18800743 -2.45128512  2.13559831
  2.07465174  1.53540785  2.3830846   2.80474889  1.64886055  1.20012675
 -1.51324516 -2.22927521  1.47130178  0.71194219  1.31361846 -3.01402339
 -0.37770304  2.51831714 -1.03585468  1.28752037  1.48329372  0.54454995
 -0.83302189  1.11514296  0.66824149 -0.38370065  2.80473741 -1.99307063
  1.53804627 -0.4868125   1.09033745 -2.84976573 -2.45832356  0.4577313
 -1.16150538 -0.49457569  0.36531523 -0.11126726 -1.65032877 -0.04117025
 -0.85970549  2.81180955 -1.06239884 -1.38013488 -0.94883325  1.07796502
  1.85224705 -0.69616559  1.97232699 -2.19417547 -0.34727746 -0.73251723
 -2.89008141  3.16480336 -1.63194594  3.13522485 -1.26602502 -2.7084793
  3.36217191 -1.23322338 -0.77649671 -2.88407595 -2.71720586  2.54564121
 -2.13655237 -2.04712724 -0.1815491   3.14998901  0.24664273  0.21384997
 -1.25020262 -0.67763979 -1.73377059 -3.03025017  2.87032593  1.23550999
 -0.48570751 -2.18838467  1.10971199 -1.10585757 -0.49042515 -2.73954131
 -2.06516972  1.86554794 -0.87381268  2.62185256 -0.45419523 -2.67151396
 -2.82019474  2.26182944 -3.14423349 -0.4453684  -1.00234829 -0.24660736
  2.34754192  1.84025186  0.01820685 -2.5528873  -2.65892173  0.24436919
 -0.76666252  1.24524074 -2.6277108   1.12505232 -0.38397753  0.42076353
  1.91903364  0.45811799  0.65074906 -1.27156829  1.79161189  2.93982501
  0.99593892  0.22180217 -1.14181252  2.4227876   0.72674087 -1.90977271
 -0.05037903  1.87092286  0.98664672 -1.08002894 -2.30130778  2.22238379
  2.00398661  1.92832318  2.29723389  1.91578658 -1.66121792 -3.10389785
  0.42852392  1.34475802 -2.26275461 -1.12583545  2.31183663  1.39294622
 -0.27195607 -1.8444222  -1.64823777  1.96528136  1.30723902 -1.01188242
 -0.23075441 -0.69309057 -0.30339037  2.30246055 -0.66193788 -0.93534297
  0.77590936 -2.35268876  0.5902685   2.78422865 -0.35243024  2.0472273
 -1.86126418 -1.35336579 -2.59736815 -2.4227308  -1.50153103 -3.0289666
  2.01620108  1.78191088  1.58151636  1.12533495  1.58819387 -2.44421536
 -2.50736744  1.78907343  1.03427317 -0.29185965 -2.47720459  1.4309833
 -1.04394835 -3.04762138 -0.04720584  1.89751645 -2.70128395 -2.36816584
  1.87611841  1.02966666 -0.62617481 -0.49631278 -0.92140716  1.96405454
  0.47262193 -0.35622577  0.40183324 -2.2666284   1.26136562 -0.15330724
  2.40236116  1.23319645  2.8780919  -1.05734033  2.10171074 -0.42989477
 -3.26841209  2.20322086  0.81147083  1.92881131 -1.28919726  1.43910664
 -2.12172389  0.20898548  0.08303661 -2.79059171 -0.90191395 -2.39307464
  0.07227714 -0.56898655]
Sat May 25 17:42:30 2024,544,0.09593800668199517,[-4.65847006  2.36664241 -1.84106107 -0.12409628  0.18672578 -2.68765094
  3.01282998  2.10571301  1.45518655 -0.92536095  0.61239966  1.09170272
  1.13209983 -1.5419675   0.77712878  2.8062169  -0.79815436 -0.63691816
 -1.75472036  0.60195826  1.67657098  2.99185666 -1.20875771 -0.31571281
 -2.42357643 -2.33803664  2.99458123  2.76322715 -0.54433295 -2.3648133
  1.4828085  -0.05850798 -2.31787425  2.09556444  1.28954052 -0.63853925
  0.847772   -2.31880669 -0.02589559  2.15332991 -0.16394303  0.38886693
  2.7139568   1.04622474  2.46285643  3.16174653  2.64140881 -2.93932925
  0.26537413 -0.81572872  1.75888598  2.86399373 -0.51095206 -2.31763451
  2.78736958 -3.21076758  0.79394297 -0.63487968 -1.74136018  2.69818342
 -1.80955113 -1.5881307  -2.30391458  2.18800735 -2.4512852   2.13559823
  2.07465166  1.53540777  2.38308452  2.80474881  1.64886047  1.20012683
 -1.51324524 -2.22927514  1.4713017   0.71194211  1.31361854 -3.01402346
 -0.37770296  2.51831722 -1.03585476  1.2875203   1.48329364  0.54454987
 -0.83302181  1.11514304  0.66824157 -0.38370073  2.80473749 -1.99307071
  1.53804619 -0.48681258  1.09033738 -2.84976565 -2.45832364  0.45773138
 -1.1615053  -0.49457561  0.36531516 -0.11126734 -1.65032869 -0.04117033
 -0.85970541  2.81180963 -1.06239876 -1.3801348  -0.94883317  1.07796494
  1.85224697 -0.69616552  1.97232707 -2.19417555 -0.34727754 -0.73251715
 -2.89008133  3.16480328 -1.63194602  3.13522493 -1.2660251  -2.70847938
  3.36217183 -1.23322331 -0.77649663 -2.88407587 -2.71720578  2.54564113
 -2.13655229 -2.04712732 -0.18154917  3.14998909  0.24664265  0.21385005
 -1.2502027  -0.67763987 -1.73377051 -3.03025024  2.87032585  1.23551007
 -0.48570743 -2.18838475  1.10971191 -1.10585749 -0.49042508 -2.73954139
 -2.0651698   1.86554802 -0.8738126   2.62185248 -0.45419531 -2.67151404
 -2.82019482  2.26182936 -3.14423341 -0.44536832 -1.00234821 -0.24660744
  2.34754184  1.84025193  0.01820678 -2.55288722 -2.65892181  0.24436927
 -0.76666244  1.24524082 -2.62771072  1.12505224 -0.38397761  0.42076361
  1.91903357  0.45811807  0.65074914 -1.27156822  1.79161197  2.93982509
  0.995939    0.22180209 -1.14181245  2.42278768  0.72674094 -1.90977264
 -0.05037911  1.87092278  0.9866468  -1.08002887 -2.30130786  2.22238386
  2.00398669  1.92832326  2.29723397  1.9157865  -1.66121784 -3.10389778
  0.428524    1.3447581  -2.26275453 -1.12583537  2.3118367   1.39294614
 -0.27195615 -1.84442228 -1.64823769  1.96528144  1.30723894 -1.01188234
 -0.23075433 -0.69309049 -0.30339044  2.30246062 -0.66193796 -0.9353429
  0.77590943 -2.35268883  0.59026858  2.78422872 -0.35243016  2.04722738
 -1.8612641  -1.35336572 -2.59736823 -2.42273072 -1.50153095 -3.02896668
  2.016201    1.78191095  1.58151643  1.12533503  1.58819395 -2.44421528
 -2.50736752  1.78907336  1.03427325 -0.29185957 -2.47720451  1.43098338
 -1.04394828 -3.0476213  -0.04720576  1.89751637 -2.70128403 -2.36816592
  1.87611849  1.02966658 -0.62617489 -0.4963127  -0.92140708  1.96405462
  0.472622   -0.35622585  0.40183316 -2.26662848  1.26136569 -0.15330732
  2.40236124  1.23319637  2.87809182 -1.05734025  2.10171082 -0.42989469
 -3.26841201  2.20322094  0.8114709   1.92881139 -1.28919718  1.43910656
 -2.12172381  0.20898556  0.08303669 -2.79059164 -0.90191403 -2.39307457
  0.07227721 -0.56898647]
Sat May 25 17:42:55 2024,545,0.09593800667720993,[-4.65847013  2.36664234 -1.84106099 -0.1240962   0.1867257  -2.68765086
  3.0128299   2.10571293  1.45518663 -0.92536102  0.61239958  1.0917028
  1.13209991 -1.54196743  0.7771287   2.80621698 -0.79815428 -0.63691808
 -1.75472029  0.60195818  1.6765709   2.99185658 -1.20875763 -0.31571289
 -2.42357635 -2.33803656  2.99458115  2.76322707 -0.54433287 -2.36481322
  1.48280857 -0.05850806 -2.31787433  2.09556436  1.2895406  -0.63853933
  0.84777208 -2.31880677 -0.02589551  2.15332983 -0.16394295  0.38886701
  2.71395672  1.04622466  2.46285651  3.16174645  2.64140874 -2.93932918
  0.26537405 -0.81572879  1.75888606  2.86399381 -0.51095198 -2.31763458
  2.78736966 -3.2107675   0.79394289 -0.6348796  -1.74136025  2.69818334
 -1.80955121 -1.58813077 -2.3039145   2.18800728 -2.45128512  2.13559815
  2.07465158  1.53540785  2.38308445  2.80474873  1.64886054  1.20012675
 -1.51324532 -2.22927521  1.47130178  0.71194219  1.31361847 -3.01402354
 -0.37770303  2.5183173  -1.03585484  1.28752022  1.48329372  0.54454995
 -0.83302174  1.11514311  0.66824149 -0.38370065  2.80473742 -1.99307079
  1.53804627 -0.4868125   1.0903373  -2.84976557 -2.45832356  0.45773146
 -1.16150538 -0.49457554  0.36531508 -0.11126726 -1.65032877 -0.04117025
 -0.85970549  2.81180971 -1.06239884 -1.38013472 -0.9488331   1.07796486
  1.85224689 -0.69616544  1.97232699 -2.19417563 -0.34727762 -0.73251707
 -2.8900814   3.16480321 -1.63194594  3.13522485 -1.26602502 -2.7084793
  3.36217191 -1.23322323 -0.77649671 -2.88407595 -2.71720586  2.54564106
 -2.13655237 -2.04712724 -0.18154925  3.14998901  0.24664273  0.21384997
 -1.25020278 -0.67763995 -1.73377044 -3.03025032  2.87032593  1.23550999
 -0.48570735 -2.18838467  1.10971183 -1.10585757 -0.49042515 -2.73954131
 -2.06516972  1.86554794 -0.87381252  2.62185256 -0.45419538 -2.67151396
 -2.8201949   2.26182944 -3.14423333 -0.4453684  -1.00234813 -0.24660751
  2.34754191  1.84025186  0.0182067  -2.5528873  -2.65892189  0.24436934
 -0.76666252  1.2452409  -2.6277108   1.12505232 -0.38397769  0.42076353
  1.91903349  0.45811814  0.65074922 -1.27156829  1.79161204  2.93982501
  0.99593908  0.22180216 -1.14181237  2.42278776  0.72674087 -1.90977256
 -0.05037919  1.8709227   0.98664672 -1.08002894 -2.30130794  2.22238394
  2.00398677  1.92832318  2.29723405  1.91578658 -1.66121776 -3.10389785
  0.42852392  1.34475817 -2.26275461 -1.1258353   2.31183678  1.39294606
 -0.27195623 -1.84442236 -1.64823761  1.96528136  1.30723902 -1.01188242
 -0.23075425 -0.69309041 -0.30339052  2.30246055 -0.66193804 -0.93534297
  0.77590951 -2.35268891  0.5902685   2.7842288  -0.35243009  2.0472273
 -1.86126417 -1.35336564 -2.59736815 -2.42273065 -1.50153088 -3.02896676
  2.01620093  1.78191088  1.58151636  1.12533511  1.58819388 -2.4442152
 -2.50736744  1.78907343  1.03427332 -0.29185949 -2.47720459  1.43098346
 -1.04394835 -3.04762122 -0.04720568  1.89751629 -2.70128411 -2.36816585
  1.87611841  1.02966666 -0.62617481 -0.49631263 -0.92140701  1.9640547
  0.47262193 -0.35622592  0.40183308 -2.2666284   1.26136577 -0.15330739
  2.40236116  1.23319645  2.87809175 -1.05734018  2.1017109  -0.42989461
 -3.26841193  2.20322086  0.81147083  1.92881131 -1.28919711  1.43910649
 -2.12172373  0.20898549  0.08303677 -2.79059171 -0.90191411 -2.39307464
  0.07227729 -0.5689864 ]
Sat May 25 17:43:19 2024,546,0.09593800667250293,[-4.65847021  2.36664241 -1.84106092 -0.12409612  0.18672578 -2.68765094
  3.01282998  2.105713    1.45518671 -0.92536095  0.6123995   1.09170273
  1.13209983 -1.5419675   0.77712877  2.80621705 -0.79815421 -0.63691801
 -1.75472036  0.6019581   1.67657097  2.9918565  -1.20875755 -0.31571296
 -2.42357628 -2.33803648  2.99458123  2.763227   -0.54433279 -2.36481315
  1.4828085  -0.05850813 -2.31787425  2.09556429  1.28954052 -0.63853925
  0.84777215 -2.31880669 -0.02589544  2.15332975 -0.16394303  0.38886708
  2.71395665  1.04622459  2.46285658  3.16174638  2.64140881 -2.9393291
  0.26537397 -0.81572887  1.75888613  2.86399373 -0.51095206 -2.31763466
  2.78736973 -3.21076743  0.79394296 -0.63487953 -1.74136018  2.69818342
 -1.80955113 -1.5881307  -2.30391458  2.18800735 -2.45128519  2.13559823
  2.07465166  1.53540778  2.38308452  2.80474866  1.64886047  1.20012683
 -1.51324524 -2.22927514  1.4713017   0.71194226  1.31361839 -3.01402362
 -0.37770296  2.51831722 -1.03585476  1.28752014  1.48329364  0.54454988
 -0.83302166  1.11514319  0.66824156 -0.38370057  2.80473749 -1.99307087
  1.53804634 -0.48681243  1.09033722 -2.84976565 -2.45832364  0.45773153
 -1.16150531 -0.49457561  0.36531515 -0.11126733 -1.65032884 -0.04117033
 -0.85970541  2.81180978 -1.06239892 -1.38013465 -0.94883317  1.07796479
  1.85224697 -0.69616536  1.97232707 -2.19417571 -0.3472777  -0.73251715
 -2.89008133  3.16480313 -1.63194587  3.13522478 -1.26602509 -2.70847938
  3.36217183 -1.23322315 -0.77649679 -2.88407603 -2.71720593  2.54564113
 -2.13655244 -2.04712717 -0.18154918  3.14998894  0.24664265  0.2138499
 -1.2502027  -0.67763987 -1.73377036 -3.0302504   2.870326    1.23551007
 -0.48570728 -2.1883846   1.10971176 -1.1058575  -0.49042508 -2.73954139
 -2.06516964  1.86554802 -0.87381245  2.62185263 -0.45419531 -2.67151389
 -2.82019498  2.26182936 -3.14423326 -0.44536833 -1.00234805 -0.24660744
  2.34754199  1.84025193  0.01820662 -2.55288738 -2.65892197  0.24436927
 -0.76666259  1.24524098 -2.62771073  1.12505239 -0.38397761  0.42076361
  1.91903341  0.45811807  0.65074914 -1.27156822  1.79161197  2.93982494
  0.995939    0.22180209 -1.14181245  2.42278783  0.72674094 -1.90977264
 -0.05037926  1.87092262  0.9866468  -1.08002887 -2.30130801  2.22238386
  2.00398669  1.9283231   2.29723397  1.91578665 -1.66121769 -3.10389778
  0.428524    1.34475825 -2.26275468 -1.12583537  2.31183686  1.39294599
 -0.27195615 -1.84442243 -1.64823754  1.96528144  1.30723909 -1.0118825
 -0.23075418 -0.69309034 -0.3033906   2.30246062 -0.66193796 -0.9353429
  0.77590944 -2.35268883  0.59026858  2.78422873 -0.35243001  2.04722722
 -1.86126425 -1.35336571 -2.59736807 -2.42273057 -1.5015308  -3.02896668
  2.016201    1.78191095  1.58151643  1.12533518  1.58819395 -2.44421512
 -2.50736736  1.78907351  1.03427325 -0.29185942 -2.47720451  1.43098353
 -1.04394843 -3.0476213  -0.04720576  1.89751621 -2.70128403 -2.36816592
  1.87611849  1.02966673 -0.62617489 -0.4963127  -0.92140693  1.96405477
  0.472622   -0.356226    0.401833   -2.26662832  1.26136569 -0.15330747
  2.40236123  1.23319652  2.87809182 -1.0573401   2.10171097 -0.42989453
 -3.26841186  2.20322078  0.8114709   1.92881124 -1.28919718  1.43910656
 -2.12172365  0.20898541  0.08303669 -2.79059179 -0.90191403 -2.39307457
  0.07227737 -0.56898632]
Sat May 25 17:44:09 2024,547,0.09593800666787144,[-4.65847028  2.36664234 -1.84106099 -0.1240962   0.1867257  -2.68765101
  3.01283005  2.10571293  1.45518663 -0.92536087  0.61239958  1.0917028
  1.1320999  -1.54196743  0.7771287   2.80621713 -0.79815428 -0.63691793
 -1.75472044  0.60195803  1.67657105  2.99185643 -1.20875748 -0.31571304
 -2.4235762  -2.33803656  2.9945813   2.76322692 -0.54433272 -2.36481322
  1.48280857 -0.05850821 -2.31787418  2.09556436  1.2895406  -0.63853933
  0.84777223 -2.31880662 -0.02589551  2.15332968 -0.16394295  0.38886701
  2.71395657  1.04622466  2.46285666  3.16174645  2.64140874 -2.93932918
  0.2653739  -0.8157288   1.75888621  2.86399366 -0.51095213 -2.31763473
  2.78736966 -3.21076735  0.79394289 -0.6348796  -1.7413601   2.69818334
 -1.80955121 -1.58813062 -2.3039145   2.18800743 -2.45128512  2.1355983
  2.07465158  1.5354077   2.38308445  2.80474858  1.64886054  1.2001269
 -1.51324532 -2.22927521  1.47130162  0.71194219  1.31361846 -3.01402369
 -0.37770303  2.51831714 -1.03585469  1.28752022  1.48329357  0.54454995
 -0.83302173  1.11514326  0.66824149 -0.38370065  2.80473742 -1.99307094
  1.53804627 -0.4868125   1.0903373  -2.84976573 -2.45832371  0.45773161
 -1.16150523 -0.49457569  0.36531523 -0.11126741 -1.65032877 -0.04117025
 -0.85970534  2.81180971 -1.06239884 -1.38013457 -0.9488331   1.07796471
  1.85224704 -0.69616544  1.97232714 -2.19417578 -0.34727777 -0.73251707
 -2.89008125  3.1648032  -1.63194579  3.1352247  -1.26602502 -2.7084793
  3.36217176 -1.23322308 -0.77649686 -2.88407595 -2.71720586  2.54564106
 -2.13655252 -2.04712709 -0.18154925  3.14998886  0.24664273  0.21384997
 -1.25020263 -0.6776398  -1.73377029 -3.03025047  2.87032593  1.23551015
 -0.4857072  -2.18838467  1.10971183 -1.10585757 -0.490425   -2.73954146
 -2.06516957  1.86554809 -0.87381237  2.62185256 -0.45419523 -2.67151381
 -2.8201949   2.26182943 -3.14423333 -0.4453684  -1.00234813 -0.24660736
  2.34754207  1.84025186  0.01820655 -2.55288745 -2.65892204  0.24436919
 -0.76666267  1.2452409  -2.62771065  1.12505247 -0.38397769  0.42076368
  1.91903349  0.45811814  0.65074907 -1.27156814  1.79161204  2.93982486
  0.99593893  0.22180201 -1.14181252  2.42278791  0.72674102 -1.90977271
 -0.05037919  1.8709227   0.98664688 -1.08002894 -2.30130794  2.22238379
  2.00398677  1.92832303  2.2972339   1.91578658 -1.66121761 -3.10389785
  0.42852407  1.34475818 -2.26275476 -1.12583545  2.31183678  1.39294606
 -0.27195608 -1.84442251 -1.64823746  1.96528136  1.30723917 -1.01188242
 -0.23075425 -0.69309041 -0.30339067  2.3024607  -0.66193788 -0.93534297
  0.77590951 -2.35268891  0.5902685   2.7842288  -0.35243008  2.04722715
 -1.86126433 -1.35336564 -2.59736815 -2.4227305  -1.50153088 -3.02896661
  2.01620093  1.78191088  1.58151651  1.12533526  1.58819403 -2.4442152
 -2.50736729  1.78907358  1.03427317 -0.29185934 -2.47720444  1.43098361
 -1.0439485  -3.04762122 -0.04720583  1.89751629 -2.70128411 -2.36816585
  1.87611841  1.02966666 -0.62617481 -0.49631263 -0.921407    1.96405485
  0.47262208 -0.35622608  0.40183308 -2.2666284   1.26136562 -0.15330739
  2.40236116  1.2331966   2.87809175 -1.05734003  2.1017109  -0.42989446
 -3.26841178  2.20322071  0.81147083  1.92881116 -1.28919711  1.43910649
 -2.12172358  0.20898548  0.08303676 -2.79059171 -0.90191411 -2.39307449
  0.07227744 -0.56898624]
Sat May 25 17:44:37 2024,548,0.09593800666331398,[-4.65847036  2.36664226 -1.84106092 -0.12409627  0.18672578 -2.68765094
  3.01282998  2.105713    1.45518671 -0.9253608   0.61239965  1.09170273
  1.13209998 -1.5419675   0.77712877  2.80621705 -0.79815421 -0.63691786
 -1.75472036  0.6019581   1.67657112  2.99185636 -1.20875741 -0.31571296
 -2.42357613 -2.33803649  2.99458138  2.76322685 -0.54433279 -2.36481315
  1.48280865 -0.05850828 -2.3178741   2.09556429  1.28954067 -0.6385394
  0.8477723  -2.31880655 -0.02589558  2.15332961 -0.16394288  0.38886693
  2.7139565   1.04622459  2.46285659  3.16174653  2.64140866 -2.9393291
  0.26537397 -0.81572887  1.75888613  2.86399373 -0.51095206 -2.31763466
  2.78736973 -3.21076743  0.79394296 -0.63487968 -1.74136003  2.69818342
 -1.80955128 -1.58813055 -2.30391443  2.1880075  -2.45128519  2.13559838
  2.07465166  1.53540763  2.38308437  2.80474851  1.64886047  1.20012683
 -1.51324539 -2.22927529  1.4713017   0.71194226  1.31361839 -3.01402362
 -0.37770296  2.51831722 -1.03585476  1.28752014  1.48329349  0.54454988
 -0.83302166  1.11514319  0.66824142 -0.38370057  2.80473734 -1.99307087
  1.53804619 -0.48681243  1.09033722 -2.8497658  -2.45832364  0.45773153
 -1.1615053  -0.49457576  0.3653153  -0.11126748 -1.65032869 -0.04117018
 -0.85970526  2.81180978 -1.06239877 -1.3801345  -0.94883302  1.07796478
  1.85224712 -0.69616551  1.97232707 -2.19417585 -0.3472777  -0.732517
 -2.89008118  3.16480328 -1.63194572  3.13522463 -1.26602509 -2.70847923
  3.36217168 -1.233223   -0.77649679 -2.88407588 -2.71720593  2.54564098
 -2.13655259 -2.04712702 -0.18154918  3.14998893  0.2466428   0.21385004
 -1.25020255 -0.67763987 -1.73377036 -3.03025055  2.870326    1.23551022
 -0.48570713 -2.18838474  1.10971191 -1.1058575  -0.49042493 -2.73954154
 -2.06516964  1.86554817 -0.8738123   2.62185248 -0.45419531 -2.67151389
 -2.82019497  2.26182951 -3.14423326 -0.44536833 -1.0023482  -0.24660744
  2.34754199  1.84025193  0.01820647 -2.55288738 -2.65892197  0.24436927
 -0.76666259  1.24524097 -2.62771058  1.12505254 -0.38397761  0.42076376
  1.91903341  0.45811822  0.650749   -1.27156807  1.79161197  2.93982493
  0.99593885  0.22180194 -1.14181245  2.42278784  0.72674109 -1.90977278
 -0.05037926  1.87092277  0.9866468  -1.08002887 -2.30130801  2.22238372
  2.00398684  1.9283231   2.29723382  1.9157865  -1.66121769 -3.10389778
  0.428524    1.3447581  -2.26275483 -1.12583537  2.31183671  1.39294599
 -0.27195615 -1.84442258 -1.64823739  1.96528129  1.30723924 -1.01188235
 -0.23075433 -0.69309034 -0.30339075  2.30246062 -0.66193796 -0.9353429
  0.77590958 -2.35268898  0.59026858  2.78422887 -0.35243016  2.04722707
 -1.86126425 -1.35336571 -2.59736822 -2.42273057 -1.5015308  -3.02896668
  2.016201    1.7819108   1.58151658  1.12533533  1.5881941  -2.44421513
 -2.50736736  1.78907351  1.0342731  -0.29185942 -2.47720451  1.43098368
 -1.04394858 -3.0476213  -0.04720591  1.89751622 -2.70128403 -2.36816592
  1.87611849  1.02966658 -0.62617474 -0.49631255 -0.92140708  1.96405492
  0.472622   -0.35622615  0.40183301 -2.26662847  1.26136555 -0.15330732
  2.40236123  1.23319652  2.87809182 -1.05733995  2.10171097 -0.42989439
 -3.26841171  2.20322063  0.81147075  1.92881124 -1.28919718  1.43910641
 -2.12172365  0.20898556  0.08303684 -2.79059164 -0.90191418 -2.39307442
  0.07227752 -0.56898617]
Sat May 25 17:45:01 2024,549,0.09593800665882965,[-4.65847043  2.36664234 -1.84106084 -0.1240962   0.18672585 -2.68765101
  3.01283005  2.10571293  1.45518678 -0.92536073  0.61239972  1.09170265
  1.13210005 -1.54196757  0.77712885  2.80621698 -0.79815414 -0.63691793
 -1.75472044  0.60195803  1.6765712   2.99185643 -1.20875748 -0.31571304
 -2.42357606 -2.33803641  2.99458131  2.76322692 -0.54433272 -2.36481322
  1.48280872 -0.05850835 -2.31787418  2.09556436  1.28954074 -0.63853947
  0.84777223 -2.31880647 -0.02589566  2.15332968 -0.16394295  0.38886686
  2.71395657  1.04622452  2.46285666  3.1617466   2.64140874 -2.93932918
  0.26537404 -0.81572894  1.75888621  2.86399366 -0.51095199 -2.31763459
  2.78736966 -3.21076735  0.79394289 -0.6348796  -1.7413601   2.69818349
 -1.80955135 -1.58813062 -2.3039145   2.18800743 -2.45128512  2.13559845
  2.07465173  1.5354077   2.38308445  2.80474858  1.6488604   1.2001269
 -1.51324546 -2.22927536  1.47130163  0.71194233  1.31361846 -3.01402355
 -0.37770289  2.51831729 -1.03585469  1.28752022  1.48329357  0.54454995
 -0.83302173  1.11514326  0.66824134 -0.3837005   2.80473742 -1.99307079
  1.53804612 -0.48681236  1.09033715 -2.84976573 -2.45832371  0.45773161
 -1.16150538 -0.49457569  0.36531538 -0.11126741 -1.65032862 -0.04117011
 -0.85970534  2.81180985 -1.06239884 -1.38013457 -0.94883295  1.07796471
  1.85224719 -0.69616544  1.972327   -2.19417578 -0.34727762 -0.73251707
 -2.89008111  3.16480321 -1.63194579  3.13522456 -1.26602517 -2.7084793
  3.36217176 -1.23322293 -0.77649672 -2.88407595 -2.71720601  2.54564106
 -2.13655252 -2.04712709 -0.18154925  3.14998886  0.24664273  0.21385012
 -1.25020263 -0.67763994 -1.73377043 -3.03025062  2.87032607  1.23551029
 -0.4857072  -2.18838467  1.10971183 -1.10585742 -0.490425   -2.73954147
 -2.06516971  1.86554824 -0.87381223  2.62185256 -0.45419523 -2.67151381
 -2.82019505  2.26182944 -3.14423333 -0.4453684  -1.00234813 -0.24660736
  2.34754206  1.840252    0.01820655 -2.55288731 -2.65892189  0.24436934
 -0.76666252  1.24524105 -2.62771065  1.12505261 -0.38397768  0.42076369
  1.91903334  0.45811814  0.65074907 -1.27156814  1.7916119   2.93982501
  0.99593892  0.22180187 -1.14181252  2.42278791  0.72674102 -1.90977286
 -0.05037933  1.8709227   0.98664673 -1.08002894 -2.30130808  2.22238364
  2.00398691  1.92832317  2.29723375  1.91578643 -1.66121776 -3.10389785
  0.42852393  1.34475803 -2.2627549  -1.1258353   2.31183678  1.39294592
 -0.27195608 -1.84442266 -1.64823746  1.96528122  1.30723917 -1.01188228
 -0.23075425 -0.69309026 -0.30339082  2.30246055 -0.66193803 -0.93534283
  0.77590951 -2.35268906  0.59026865  2.78422895 -0.35243009  2.04722715
 -1.86126418 -1.35336579 -2.5973683  -2.42273064 -1.50153073 -3.02896661
  2.01620107  1.78191073  1.58151665  1.12533526  1.58819403 -2.4442152
 -2.50736729  1.78907358  1.03427303 -0.29185949 -2.47720444  1.43098361
 -1.04394851 -3.04762122 -0.04720598  1.89751629 -2.70128411 -2.36816585
  1.87611856  1.02966651 -0.62617467 -0.49631263 -0.92140701  1.964055
  0.47262193 -0.35622608  0.40183293 -2.26662854  1.26136547 -0.15330725
  2.40236131  1.23319645  2.87809175 -1.05734002  2.1017109  -0.42989446
 -3.26841164  2.20322071  0.81147083  1.92881116 -1.28919725  1.43910634
 -2.12172373  0.20898563  0.08303677 -2.79059171 -0.90191411 -2.39307449
  0.07227759 -0.56898624]
Sat May 25 17:45:24 2024,550,0.09593800665441568,[-4.6584705   2.36664227 -1.84106077 -0.12409613  0.18672592 -2.68765108
  3.01283012  2.10571286  1.45518685 -0.92536065  0.61239965  1.09170258
  1.13210012 -1.5419675   0.77712877  2.80621705 -0.79815421 -0.63691786
 -1.75472051  0.6019581   1.67657112  2.99185636 -1.20875741 -0.31571297
 -2.42357613 -2.33803648  2.99458123  2.76322685 -0.54433265 -2.36481329
  1.48280865 -0.05850828 -2.31787425  2.09556443  1.28954081 -0.6385394
  0.84777216 -2.31880655 -0.02589573  2.15332961 -0.16394302  0.38886693
  2.71395664  1.04622459  2.46285673  3.16174653  2.64140881 -2.9393291
  0.26537412 -0.81572887  1.75888614  2.86399359 -0.51095192 -2.31763466
  2.78736973 -3.21076743  0.79394296 -0.63487968 -1.74136017  2.69818356
 -1.80955128 -1.58813055 -2.30391443  2.18800736 -2.45128519  2.13559838
  2.0746518   1.53540763  2.38308452  2.80474865  1.64886047  1.20012683
 -1.51324539 -2.22927529  1.47130155  0.7119424   1.31361839 -3.01402347
 -0.37770296  2.51831722 -1.03585476  1.28752015  1.48329349  0.54455002
 -0.83302166  1.11514319  0.66824127 -0.38370057  2.80473734 -1.99307072
  1.53804619 -0.48681243  1.09033722 -2.8497658  -2.45832378  0.45773153
 -1.16150545 -0.49457576  0.3653153  -0.11126748 -1.65032869 -0.04117003
 -0.85970527  2.81180978 -1.06239891 -1.38013464 -0.94883302  1.07796478
  1.85224726 -0.69616537  1.97232707 -2.19417571 -0.3472777  -0.732517
 -2.89008103  3.16480313 -1.63194572  3.13522449 -1.26602524 -2.70847923
  3.36217169 -1.233223   -0.77649679 -2.88407588 -2.71720593  2.54564113
 -2.13655245 -2.04712702 -0.18154932  3.14998879  0.24664266  0.21385005
 -1.25020255 -0.67764002 -1.7337705  -3.03025069  2.870326    1.23551036
 -0.48570713 -2.1883846   1.10971176 -1.10585735 -0.49042493 -2.73954139
 -2.06516964  1.86554817 -0.87381216  2.62185263 -0.45419516 -2.67151374
 -2.82019512  2.26182936 -3.1442334  -0.44536833 -1.00234806 -0.24660744
  2.34754199  1.84025193  0.01820648 -2.55288738 -2.65892197  0.24436941
 -0.76666259  1.24524098 -2.62771072  1.12505269 -0.38397761  0.42076361
  1.91903327  0.45811807  0.65074914 -1.27156807  1.79161183  2.93982508
  0.99593885  0.2218018  -1.14181259  2.42278784  0.72674109 -1.90977293
 -0.05037926  1.87092277  0.9866468  -1.08002887 -2.30130816  2.22238371
  2.00398699  1.9283231   2.29723368  1.9157865  -1.66121769 -3.10389792
  0.428524    1.3447581  -2.26275498 -1.12583537  2.31183671  1.39294584
 -0.27195615 -1.84442273 -1.64823739  1.96528114  1.30723924 -1.01188235
 -0.23075432 -0.69309034 -0.30339075  2.30246048 -0.66193796 -0.93534275
  0.77590944 -2.35268898  0.59026872  2.78422888 -0.35243001  2.04722722
 -1.86126411 -1.35336586 -2.59736822 -2.42273057 -1.5015308  -3.02896654
  2.016201    1.7819108   1.58151673  1.12533533  1.5881941  -2.44421513
 -2.50736722  1.78907351  1.0342731  -0.29185942 -2.47720437  1.43098368
 -1.04394858 -3.0476213  -0.04720591  1.89751636 -2.70128403 -2.36816592
  1.87611849  1.02966644 -0.62617474 -0.4963127  -0.92140708  1.96405492
  0.47262186 -0.35622615  0.40183286 -2.26662847  1.2613654  -0.15330718
  2.40236123  1.23319638  2.87809182 -1.05733995  2.10171097 -0.42989453
 -3.26841171  2.20322063  0.81147075  1.92881109 -1.28919718  1.43910627
 -2.1217238   0.20898556  0.08303669 -2.79059164 -0.90191404 -2.39307442
  0.07227752 -0.56898617]
Sat May 25 17:45:47 2024,551,0.09593800665007138,[-4.65847057  2.36664234 -1.84106084 -0.1240962   0.18672585 -2.68765101
  3.01283019  2.10571293  1.45518692 -0.92536058  0.61239972  1.09170251
  1.13210019 -1.54196757  0.7771287   2.80621698 -0.79815414 -0.63691779
 -1.75472058  0.60195817  1.6765712   2.99185629 -1.20875734 -0.31571304
 -2.4235762  -2.33803641  2.99458116  2.76322678 -0.54433272 -2.36481336
  1.48280858 -0.05850835 -2.31787432  2.0955645   1.28954074 -0.63853933
  0.84777223 -2.31880647 -0.02589566  2.15332968 -0.16394309  0.38886686
  2.71395657  1.04622452  2.4628568   3.1617466   2.64140874 -2.93932917
  0.26537419 -0.81572894  1.75888621  2.86399366 -0.51095199 -2.31763473
  2.78736966 -3.21076736  0.79394289 -0.63487961 -1.74136024  2.69818363
 -1.80955121 -1.58813048 -2.3039145   2.18800743 -2.45128526  2.13559845
  2.07465187  1.5354077   2.38308445  2.80474872  1.64886054  1.2001269
 -1.51324532 -2.22927522  1.47130148  0.71194233  1.31361832 -3.01402355
 -0.37770303  2.51831729 -1.03585469  1.28752007  1.48329342  0.54454995
 -0.83302173  1.11514312  0.66824134 -0.3837005   2.80473741 -1.99307079
  1.53804626 -0.4868125   1.09033715 -2.84976573 -2.45832371  0.45773146
 -1.16150552 -0.49457583  0.36531537 -0.11126741 -1.65032876 -0.04117011
 -0.85970519  2.81180971 -1.06239898 -1.38013471 -0.94883309  1.07796471
  1.85224719 -0.69616544  1.972327   -2.19417564 -0.34727762 -0.73251707
 -2.89008096  3.1648032  -1.63194579  3.13522456 -1.26602531 -2.70847916
  3.36217161 -1.23322307 -0.77649672 -2.88407581 -2.71720586  2.54564106
 -2.13655252 -2.04712695 -0.18154939  3.14998872  0.24664259  0.21384997
 -1.25020248 -0.67764009 -1.73377043 -3.03025076  2.87032593  1.23551029
 -0.4857072  -2.18838467  1.10971169 -1.10585728 -0.490425   -2.73954132
 -2.06516971  1.86554824 -0.87381223  2.62185256 -0.45419509 -2.67151381
 -2.82019519  2.26182943 -3.14423333 -0.44536826 -1.00234813 -0.24660736
  2.34754192  1.84025186  0.01820655 -2.55288745 -2.6589219   0.24436934
 -0.76666252  1.2452409  -2.62771079  1.12505276 -0.38397754  0.42076368
  1.91903334  0.45811814  0.65074907 -1.27156814  1.79161175  2.93982501
  0.99593892  0.22180187 -1.14181252  2.42278777  0.72674116 -1.909773
 -0.05037933  1.87092284  0.98664673 -1.0800288  -2.30130809  2.22238379
  2.00398692  1.92832303  2.29723375  1.91578657 -1.66121762 -3.10389799
  0.42852393  1.34475817 -2.2627549  -1.1258353   2.31183664  1.39294577
 -0.27195608 -1.8444228  -1.64823732  1.96528122  1.30723931 -1.01188242
 -0.23075439 -0.69309041 -0.30339068  2.30246041 -0.66193803 -0.93534282
  0.77590937 -2.35268906  0.59026879  2.7842288  -0.35242994  2.04722729
 -1.86126404 -1.35336579 -2.59736815 -2.4227305  -1.50153087 -3.02896661
  2.01620093  1.78191073  1.58151666  1.12533526  1.58819417 -2.44421506
 -2.50736729  1.78907344  1.03427317 -0.29185949 -2.47720444  1.43098361
 -1.04394851 -3.04762123 -0.04720598  1.89751643 -2.7012841  -2.36816585
  1.87611856  1.02966637 -0.62617467 -0.49631277 -0.92140715  1.96405485
  0.47262179 -0.35622622  0.40183293 -2.26662854  1.26136533 -0.15330711
  2.40236116  1.23319631  2.87809189 -1.05734002  2.1017109  -0.4298946
 -3.26841178  2.20322056  0.81147068  1.92881116 -1.28919725  1.43910634
 -2.12172373  0.20898563  0.08303662 -2.79059157 -0.90191396 -2.39307449
  0.07227759 -0.5689861 ]
Sat May 25 17:46:10 2024,552,0.09593800664579517,[-4.65847064  2.36664241 -1.84106077 -0.12409627  0.18672578 -2.68765094
  3.01283026  2.10571286  1.45518699 -0.92536065  0.61239965  1.09170258
  1.13210026 -1.54196764  0.77712863  2.80621705 -0.79815421 -0.63691772
 -1.75472065  0.60195824  1.67657126  2.99185636 -1.20875727 -0.31571311
 -2.42357613 -2.33803648  2.99458123  2.76322685 -0.54433265 -2.36481343
  1.48280851 -0.05850828 -2.31787439  2.09556443  1.28954067 -0.6385394
  0.84777216 -2.3188064  -0.02589573  2.15332961 -0.16394316  0.38886679
  2.7139565   1.04622445  2.46285687  3.16174653  2.64140881 -2.93932924
  0.26537426 -0.81572901  1.75888614  2.86399359 -0.51095192 -2.31763466
  2.78736959 -3.21076743  0.79394282 -0.63487967 -1.74136031  2.69818356
 -1.80955114 -1.58813041 -2.30391457  2.1880075  -2.45128519  2.13559838
  2.07465194  1.53540777  2.38308438  2.80474865  1.64886061  1.20012697
 -1.51324539 -2.22927529  1.47130141  0.71194226  1.31361839 -3.01402348
 -0.37770296  2.51831736 -1.03585476  1.28752014  1.48329335  0.54454988
 -0.8330218   1.11514305  0.66824141 -0.38370057  2.80473748 -1.99307086
  1.53804633 -0.48681243  1.09033708 -2.84976566 -2.45832364  0.45773139
 -1.16150545 -0.4945759   0.36531544 -0.11126748 -1.65032869 -0.04117018
 -0.85970526  2.81180978 -1.06239891 -1.38013464 -0.94883302  1.07796478
  1.85224726 -0.69616551  1.97232707 -2.19417557 -0.34727769 -0.732517
 -2.89008103  3.16480327 -1.63194572  3.13522463 -1.26602524 -2.70847909
  3.36217155 -1.233223   -0.77649679 -2.88407588 -2.71720579  2.54564113
 -2.13655245 -2.04712688 -0.18154932  3.14998879  0.24664266  0.21385004
 -1.25020255 -0.67764002 -1.7337705  -3.03025083  2.870326    1.23551022
 -0.48570713 -2.1883846   1.10971176 -1.10585735 -0.49042507 -2.73954125
 -2.06516964  1.86554817 -0.8738123   2.62185249 -0.45419502 -2.67151374
 -2.82019512  2.26182936 -3.1442334  -0.44536833 -1.0023482  -0.2466073
  2.34754199  1.84025179  0.01820662 -2.55288738 -2.65892183  0.24436941
 -0.76666245  1.24524097 -2.62771072  1.12505283 -0.38397747  0.42076362
  1.91903327  0.45811807  0.65074914 -1.27156821  1.79161182  2.93982494
  0.99593899  0.22180194 -1.14181259  2.42278784  0.72674109 -1.90977307
 -0.05037926  1.87092277  0.98664666 -1.08002887 -2.30130816  2.22238386
  2.00398685  1.9283231   2.29723382  1.91578664 -1.66121769 -3.10389792
  0.428524    1.3447581  -2.26275497 -1.12583523  2.31183657  1.3929457
 -0.27195615 -1.84442273 -1.64823725  1.96528128  1.30723924 -1.01188249
 -0.23075433 -0.69309048 -0.30339061  2.30246034 -0.6619381  -0.93534275
  0.7759093  -2.35268912  0.59026886  2.78422887 -0.35242987  2.04722736
 -1.86126411 -1.35336586 -2.59736822 -2.42273057 -1.5015308  -3.02896668
  2.01620086  1.78191066  1.58151659  1.12533519  1.58819424 -2.44421513
 -2.50736722  1.78907351  1.0342731  -0.29185942 -2.47720451  1.43098368
 -1.04394858 -3.0476213  -0.04720605  1.8975165  -2.70128404 -2.36816578
  1.87611849  1.02966644 -0.62617474 -0.49631284 -0.92140708  1.96405478
  0.47262186 -0.35622615  0.401833   -2.26662861  1.2613654  -0.15330704
  2.40236123  1.23319638  2.87809182 -1.05734009  2.10171097 -0.42989467
 -3.26841185  2.20322063  0.81147075  1.92881109 -1.28919732  1.43910627
 -2.12172366  0.2089857   0.08303655 -2.7905915  -0.9019139  -2.39307456
  0.07227752 -0.56898617]
Sat May 25 17:46:33 2024,553,0.09593800664158554,[-4.65847071  2.36664247 -1.8410607  -0.1240962   0.18672585 -2.68765088
  3.01283033  2.10571279  1.45518692 -0.92536058  0.61239958  1.09170265
  1.13210033 -1.54196757  0.77712857  2.80621698 -0.79815414 -0.63691765
 -1.75472072  0.60195831  1.67657133  2.99185642 -1.20875734 -0.31571317
 -2.4235762  -2.33803655  2.9945813   2.76322678 -0.54433258 -2.36481336
  1.48280844 -0.05850822 -2.31787446  2.09556437  1.2895406  -0.63853947
  0.84777209 -2.31880647 -0.02589566  2.15332968 -0.16394309  0.38886672
  2.71395657  1.04622452  2.46285694  3.16174646  2.64140888 -2.93932931
  0.26537419 -0.81572894  1.75888607  2.86399366 -0.51095185 -2.31763459
  2.78736966 -3.21076749  0.79394289 -0.63487974 -1.74136024  2.69818349
 -1.80955121 -1.58813034 -2.30391464  2.18800743 -2.45128512  2.13559831
  2.07465187  1.5354077   2.38308431  2.80474859  1.64886068  1.2001269
 -1.51324532 -2.22927535  1.47130148  0.71194233  1.31361846 -3.01402341
 -0.37770303  2.51831743 -1.03585483  1.28752008  1.48329342  0.54454981
 -0.83302173  1.11514312  0.66824148 -0.3837005   2.80473755 -1.99307093
  1.53804626 -0.4868125   1.09033715 -2.84976573 -2.45832371  0.45773146
 -1.16150538 -0.49457597  0.36531551 -0.11126755 -1.65032876 -0.04117011
 -0.85970533  2.81180985 -1.06239885 -1.38013458 -0.94883309  1.07796485
  1.85224719 -0.69616558  1.97232713 -2.19417564 -0.34727763 -0.73251693
 -2.8900811   3.16480334 -1.63194565  3.13522456 -1.26602531 -2.70847902
  3.36217161 -1.23322294 -0.77649685 -2.88407581 -2.71720586  2.54564106
 -2.13655252 -2.04712695 -0.18154925  3.14998872  0.24664259  0.21384998
 -1.25020249 -0.67764009 -1.73377057 -3.0302509   2.87032593  1.23551015
 -0.48570706 -2.18838467  1.10971169 -1.10585742 -0.49042514 -2.73954132
 -2.06516957  1.8655481  -0.87381223  2.62185242 -0.45419495 -2.67151381
 -2.82019505  2.2618293  -3.14423347 -0.4453684  -1.00234827 -0.24660736
  2.34754206  1.84025186  0.01820655 -2.55288731 -2.65892189  0.24436948
 -0.76666238  1.24524104 -2.62771079  1.1250529  -0.38397754  0.42076368
  1.91903334  0.45811814  0.65074921 -1.27156814  1.79161176  2.93982487
  0.99593892  0.221802   -1.14181252  2.4227879   0.72674116 -1.909773
 -0.05037919  1.8709227   0.98664659 -1.08002894 -2.30130809  2.22238379
  2.00398678  1.92832317  2.29723375  1.91578658 -1.66121762 -3.10389785
  0.42852393  1.34475803 -2.26275504 -1.1258353   2.3118365   1.39294577
 -0.27195608 -1.84442266 -1.64823718  1.96528122  1.30723931 -1.01188242
 -0.23075426 -0.69309054 -0.30339067  2.30246027 -0.66193803 -0.93534269
  0.77590937 -2.35268906  0.59026893  2.78422894 -0.35242994  2.04722743
 -1.86126404 -1.35336593 -2.59736815 -2.4227305  -1.50153087 -3.02896675
  2.01620093  1.78191059  1.58151652  1.12533512  1.58819417 -2.44421519
 -2.50736715  1.78907344  1.03427303 -0.29185935 -2.47720457  1.43098361
 -1.04394864 -3.04762123 -0.04720612  1.89751657 -2.70128397 -2.36816585
  1.87611856  1.02966637 -0.62617467 -0.49631291 -0.92140715  1.96405472
  0.47262193 -0.35622622  0.40183307 -2.26662868  1.26136533 -0.15330697
  2.4023613   1.23319645  2.87809175 -1.05734002  2.1017109  -0.42989474
 -3.26841178  2.2032207   0.81147069  1.92881102 -1.28919725  1.43910634
 -2.12172359  0.20898563  0.08303648 -2.79059157 -0.90191383 -2.39307463
  0.07227745 -0.5689861 ]
Sat May 25 17:46:56 2024,554,0.09593800663744127,[-4.65847078  2.36664241 -1.84106077 -0.12409627  0.18672578 -2.68765081
  3.0128304   2.10571286  1.45518699 -0.92536052  0.61239952  1.09170272
  1.13210026 -1.54196764  0.77712863  2.80621692 -0.79815421 -0.63691772
 -1.75472079  0.60195838  1.6765714   2.99185649 -1.20875727 -0.31571311
 -2.42357613 -2.33803648  2.99458123  2.76322685 -0.54433265 -2.36481343
  1.48280851 -0.05850815 -2.31787452  2.09556443  1.28954067 -0.6385394
  0.84777202 -2.31880641 -0.02589559  2.15332974 -0.16394316  0.38886666
  2.7139565   1.04622458  2.46285687  3.16174653  2.64140881 -2.93932938
  0.26537412 -0.81572901  1.758886    2.86399359 -0.51095178 -2.31763452
  2.78736973 -3.21076756  0.79394282 -0.63487981 -1.74136018  2.69818356
 -1.80955128 -1.58813041 -2.30391457  2.1880075  -2.45128506  2.13559838
  2.07465194  1.53540777  2.38308438  2.80474852  1.64886074  1.20012697
 -1.51324525 -2.22927529  1.47130141  0.7119424   1.31361839 -3.01402334
 -0.37770296  2.51831736 -1.03585476  1.28752014  1.48329335  0.54454974
 -0.8330218   1.11514319  0.66824155 -0.38370044  2.80473749 -1.99307086
  1.5380462  -0.48681243  1.09033708 -2.84976566 -2.45832364  0.45773153
 -1.16150545 -0.49457604  0.36531558 -0.11126762 -1.65032869 -0.04117017
 -0.85970527  2.81180992 -1.06239878 -1.38013451 -0.94883303  1.07796478
  1.85224712 -0.69616551  1.9723272  -2.19417557 -0.34727756 -0.73251687
 -2.89008117  3.16480327 -1.63194572  3.13522462 -1.26602524 -2.70847909
  3.36217168 -1.23322287 -0.77649679 -2.88407588 -2.71720593  2.54564099
 -2.13655245 -2.04712702 -0.18154932  3.14998865  0.24664266  0.21385004
 -1.25020255 -0.67764015 -1.73377064 -3.03025097  2.870326    1.23551022
 -0.48570713 -2.1883846   1.10971176 -1.10585749 -0.49042521 -2.73954126
 -2.06516951  1.86554817 -0.87381229  2.62185235 -0.45419488 -2.67151374
 -2.82019498  2.26182936 -3.14423354 -0.44536846 -1.00234833 -0.2466073
  2.34754199  1.84025179  0.01820661 -2.55288724 -2.65892183  0.24436955
 -0.76666245  1.24524097 -2.62771086  1.12505296 -0.38397761  0.42076362
  1.91903341  0.45811821  0.65074914 -1.27156821  1.79161182  2.9398248
  0.99593899  0.22180194 -1.14181245  2.42278784  0.72674123 -1.90977307
 -0.05037926  1.87092264  0.98664666 -1.08002887 -2.30130802  2.22238385
  2.00398684  1.9283231   2.29723368  1.91578651 -1.66121755 -3.10389792
  0.428524    1.34475796 -2.26275498 -1.12583523  2.31183643  1.3929457
 -0.27195602 -1.84442273 -1.64823711  1.96528115  1.30723924 -1.01188235
 -0.23075432 -0.69309061 -0.30339074  2.30246034 -0.6619381  -0.93534275
  0.7759093  -2.35268912  0.590269    2.78422901 -0.35242987  2.04722749
 -1.86126397 -1.35336599 -2.59736822 -2.42273043 -1.5015308  -3.02896668
  2.016201    1.78191053  1.58151658  1.12533505  1.58819424 -2.44421513
 -2.50736722  1.78907351  1.0342731  -0.29185928 -2.47720451  1.43098354
 -1.04394871 -3.04762116 -0.04720605  1.89751664 -2.7012839  -2.36816592
  1.87611849  1.0296663  -0.6261746  -0.49631284 -0.92140708  1.96405465
  0.47262186 -0.35622629  0.40183314 -2.26662875  1.2613654  -0.1533069
  2.40236137  1.23319638  2.87809169 -1.05734009  2.10171097 -0.42989467
 -3.26841185  2.20322077  0.81147062  1.92881096 -1.28919732  1.43910641
 -2.12172366  0.2089857   0.08303642 -2.79059164 -0.90191376 -2.39307456
  0.07227738 -0.56898603]
Sat May 25 17:47:23 2024,555,0.09593800663336072,[-4.65847085  2.36664234 -1.84106084 -0.12409633  0.18672585 -2.68765088
  3.01283033  2.10571279  1.45518692 -0.92536058  0.61239945  1.09170265
  1.13210033 -1.54196771  0.77712857  2.80621698 -0.79815427 -0.63691765
 -1.75472072  0.60195844  1.67657147  2.99185642 -1.2087572  -0.31571317
 -2.4235762  -2.33803655  2.9945813   2.76322691 -0.54433271 -2.36481336
  1.48280844 -0.05850821 -2.31787459  2.09556437  1.28954061 -0.63853947
  0.84777209 -2.31880634 -0.02589552  2.15332968 -0.16394323  0.38886659
  2.71395657  1.04622452  2.4628568   3.16174659  2.64140874 -2.93932931
  0.26537419 -0.81572894  1.75888607  2.86399352 -0.51095185 -2.31763459
  2.78736966 -3.21076749  0.79394276 -0.63487974 -1.74136024  2.69818363
 -1.80955134 -1.58813034 -2.3039145   2.18800756 -2.45128512  2.13559845
  2.07465187  1.5354077   2.38308444  2.80474858  1.64886068  1.20012704
 -1.51324532 -2.22927522  1.47130148  0.71194233  1.31361833 -3.01402327
 -0.37770289  2.51831729 -1.03585483  1.28752021  1.48329342  0.54454968
 -0.83302173  1.11514325  0.66824148 -0.38370037  2.80473742 -1.99307093
  1.53804626 -0.48681236  1.09033715 -2.84976559 -2.45832371  0.4577316
 -1.16150538 -0.4945761   0.36531551 -0.11126768 -1.65032876 -0.04117024
 -0.85970533  2.81180998 -1.06239884 -1.38013458 -0.94883309  1.07796485
  1.85224706 -0.69616544  1.97232727 -2.19417564 -0.34727749 -0.73251693
 -2.89008124  3.16480334 -1.63194565  3.13522456 -1.26602517 -2.70847902
  3.36217161 -1.23322293 -0.77649672 -2.88407594 -2.71720586  2.54564092
 -2.13655238 -2.04712708 -0.18154939  3.14998859  0.24664272  0.21384998
 -1.25020249 -0.67764022 -1.73377071 -3.0302509   2.87032607  1.23551029
 -0.48570706 -2.18838454  1.10971169 -1.10585742 -0.49042527 -2.73954119
 -2.06516957  1.86554823 -0.87381236  2.62185229 -0.45419482 -2.67151368
 -2.82019505  2.2618293  -3.14423347 -0.44536853 -1.00234827 -0.24660723
  2.34754193  1.84025186  0.01820668 -2.55288718 -2.65892176  0.24436948
 -0.76666239  1.24524104 -2.62771079  1.1250529  -0.38397754  0.42076355
  1.91903347  0.45811828  0.65074921 -1.27156828  1.79161189  2.93982474
  0.99593906  0.221802   -1.14181239  2.42278777  0.72674129 -1.90977313
 -0.05037933  1.8709227   0.98664673 -1.0800288  -2.30130795  2.22238392
  2.00398678  1.92832317  2.29723375  1.91578644 -1.66121748 -3.10389799
  0.42852406  1.34475803 -2.26275491 -1.12583517  2.3118365   1.39294577
 -0.27195608 -1.84442266 -1.64823705  1.96528122  1.30723917 -1.01188228
 -0.23075439 -0.69309055 -0.30339068  2.30246041 -0.66193803 -0.93534282
  0.77590923 -2.35268919  0.59026907  2.78422908 -0.35242994  2.04722756
 -1.86126404 -1.35336606 -2.59736815 -2.4227305  -1.50153087 -3.02896675
  2.01620093  1.78191059  1.58151665  1.12533512  1.58819417 -2.44421519
 -2.50736715  1.78907344  1.03427317 -0.29185935 -2.47720444  1.43098348
 -1.04394878 -3.04762109 -0.04720611  1.8975167  -2.70128383 -2.36816598
  1.87611842  1.02966637 -0.62617467 -0.49631277 -0.92140715  1.96405471
  0.47262193 -0.35622622  0.40183307 -2.26662868  1.26136547 -0.15330683
  2.4023613   1.23319631  2.87809162 -1.05734016  2.10171103 -0.42989474
 -3.26841178  2.20322084  0.81147055  1.92881089 -1.28919726  1.43910647
 -2.12172359  0.20898577  0.08303648 -2.79059157 -0.90191369 -2.39307463
  0.07227732 -0.5689861 ]
Sat May 25 17:47:46 2024,556,0.09593800662934238,[-4.65847091  2.36664227 -1.84106077 -0.12409627  0.18672592 -2.68765081
  3.0128304   2.10571273  1.45518686 -0.92536052  0.61239952  1.09170272
  1.13210027 -1.54196764  0.7771285   2.80621705 -0.79815434 -0.63691759
 -1.75472078  0.60195851  1.67657153  2.99185636 -1.20875714 -0.31571311
 -2.42357613 -2.33803662  2.99458123  2.76322685 -0.54433278 -2.3648133
  1.4828085  -0.05850828 -2.31787452  2.0955643   1.28954054 -0.63853953
  0.84777202 -2.31880627 -0.02589559  2.15332961 -0.16394329  0.38886665
  2.7139565   1.04622445  2.46285687  3.16174666  2.64140868 -2.93932925
  0.26537412 -0.81572901  1.75888613  2.86399346 -0.51095178 -2.31763452
  2.78736973 -3.21076743  0.79394282 -0.63487981 -1.74136018  2.69818356
 -1.80955141 -1.58813028 -2.30391444  2.18800763 -2.45128519  2.13559838
  2.07465181  1.53540777  2.38308438  2.80474865  1.64886074  1.2001271
 -1.51324539 -2.22927515  1.47130142  0.7119424   1.31361839 -3.01402321
 -0.37770283  2.51831723 -1.03585489  1.28752014  1.48329349  0.54454974
 -0.83302167  1.11514332  0.66824155 -0.38370043  2.80473735 -1.99307086
  1.5380462  -0.4868123   1.09033708 -2.84976566 -2.45832364  0.45773153
 -1.16150545 -0.49457617  0.36531545 -0.11126762 -1.6503287  -0.04117018
 -0.8597054   2.81180992 -1.06239891 -1.38013464 -0.94883316  1.07796492
  1.85224712 -0.69616551  1.97232734 -2.19417557 -0.34727756 -0.732517
 -2.89008117  3.16480341 -1.63194559  3.13522462 -1.26602511 -2.70847909
  3.36217155 -1.23322287 -0.77649665 -2.88407588 -2.71720593  2.54564099
 -2.13655245 -2.04712715 -0.18154932  3.14998852  0.24664279  0.21384991
 -1.25020242 -0.67764029 -1.73377077 -3.03025097  2.87032613  1.23551022
 -0.485707   -2.18838447  1.10971176 -1.10585749 -0.49042534 -2.73954125
 -2.06516951  1.86554817 -0.8738123   2.62185222 -0.45419488 -2.67151361
 -2.82019512  2.26182923 -3.14423341 -0.44536846 -1.0023482  -0.2466073
  2.34754199  1.84025179  0.01820675 -2.55288711 -2.65892169  0.24436941
 -0.76666245  1.24524098 -2.62771073  1.12505296 -0.38397748  0.42076348
  1.91903341  0.45811821  0.65074914 -1.27156834  1.79161196  2.93982467
  0.99593912  0.22180207 -1.14181232  2.4227877   0.72674123 -1.90977307
 -0.05037926  1.87092264  0.98664679 -1.08002887 -2.30130802  2.22238386
  2.00398671  1.92832324  2.29723368  1.91578638 -1.66121755 -3.10389792
  0.428524    1.34475797 -2.26275484 -1.1258351   2.31183643  1.39294584
 -0.27195615 -1.84442259 -1.64823711  1.96528115  1.30723924 -1.01188235
 -0.23075433 -0.69309061 -0.30339061  2.30246034 -0.66193797 -0.93534275
  0.7759093  -2.35268912  0.59026913  2.78422901 -0.35242988  2.04722763
 -1.8612641  -1.35336599 -2.59736809 -2.42273057 -1.50153094 -3.02896681
  2.01620086  1.78191053  1.58151672  1.12533519  1.58819424 -2.44421526
 -2.50736708  1.78907351  1.0342731  -0.29185941 -2.47720451  1.43098341
 -1.04394884 -3.04762116 -0.04720618  1.89751677 -2.7012839  -2.36816605
  1.87611836  1.02966643 -0.62617473 -0.49631284 -0.92140721  1.96405478
  0.47262199 -0.35622628  0.40183301 -2.26662875  1.26136553 -0.1533069
  2.40236124  1.23319638  2.87809155 -1.05734009  2.1017111  -0.42989467
 -3.26841171  2.20322077  0.81147062  1.92881082 -1.28919719  1.43910641
 -2.12172366  0.20898583  0.08303655 -2.79059151 -0.90191376 -2.39307456
  0.07227725 -0.56898604]
Sat May 25 17:48:09 2024,557,0.09593800662538554,[-4.65847098  2.36664234 -1.84106071 -0.12409633  0.18672585 -2.68765087
  3.01283033  2.10571279  1.45518692 -0.92536058  0.61239958  1.09170278
  1.1321002  -1.54196758  0.77712857  2.80621698 -0.7981544  -0.63691752
 -1.75472072  0.60195858  1.6765716   2.99185629 -1.2087572  -0.31571317
 -2.42357607 -2.33803668  2.9945813   2.76322691 -0.54433271 -2.36481323
  1.48280844 -0.05850822 -2.31787459  2.09556437  1.2895406  -0.6385396
  0.84777209 -2.31880621 -0.02589553  2.15332955 -0.16394323  0.38886672
  2.71395644  1.04622452  2.46285681  3.16174659  2.64140861 -2.93932931
  0.26537406 -0.81572894  1.7588862   2.86399339 -0.51095172 -2.31763459
  2.78736966 -3.21076749  0.79394276 -0.63487975 -1.74136011  2.6981835
 -1.80955134 -1.58813034 -2.30391437  2.18800756 -2.45128525  2.13559844
  2.07465174  1.5354077   2.38308431  2.80474859  1.64886068  1.20012704
 -1.51324545 -2.22927522  1.47130135  0.71194246  1.31361846 -3.01402314
 -0.37770289  2.51831729 -1.03585483  1.28752008  1.48329355  0.54454981
 -0.83302173  1.11514338  0.66824161 -0.3837005   2.80473742 -1.99307093
  1.53804613 -0.48681223  1.09033715 -2.84976572 -2.45832371  0.45773147
 -1.16150551 -0.49457623  0.36531538 -0.11126755 -1.65032863 -0.04117011
 -0.85970546  2.81180998 -1.06239885 -1.38013471 -0.94883322  1.07796498
  1.85224706 -0.69616544  1.97232727 -2.19417551 -0.34727762 -0.73251706
 -2.89008111  3.16480334 -1.63194552  3.13522469 -1.26602517 -2.70847915
  3.36217161 -1.2332228  -0.77649672 -2.88407581 -2.71720586  2.54564092
 -2.13655251 -2.04712708 -0.18154939  3.14998858  0.24664285  0.21384985
 -1.25020236 -0.67764035 -1.73377071 -3.0302509   2.8703262   1.23551016
 -0.48570706 -2.18838453  1.1097117  -1.10585755 -0.4904254  -2.73954132
 -2.06516944  1.8655481  -0.87381236  2.62185228 -0.45419482 -2.67151355
 -2.82019518  2.26182917 -3.14423347 -0.44536853 -1.00234814 -0.24660723
  2.34754206  1.84025186  0.01820681 -2.55288717 -2.65892163  0.24436948
 -0.76666252  1.24524104 -2.62771079  1.12505303 -0.38397754  0.42076342
  1.91903347  0.45811828  0.65074908 -1.27156828  1.79161189  2.93982474
  0.99593919  0.22180213 -1.14181226  2.42278777  0.72674116 -1.909773
 -0.05037933  1.87092257  0.98664686 -1.08002893 -2.30130808  2.22238379
  2.00398665  1.92832317  2.29723362  1.91578644 -1.66121761 -3.10389799
  0.42852393  1.34475803 -2.26275478 -1.12583517  2.3118365   1.3929459
 -0.27195621 -1.84442266 -1.64823705  1.96528108  1.30723918 -1.01188229
 -0.23075426 -0.69309068 -0.30339067  2.30246028 -0.6619379  -0.93534282
  0.77590936 -2.35268906  0.59026907  2.78422908 -0.35242981  2.04722769
 -1.86126404 -1.35336593 -2.59736802 -2.42273063 -1.50153087 -3.02896688
  2.01620093  1.78191059  1.58151678  1.12533525  1.5881943  -2.44421532
 -2.50736715  1.78907344  1.03427316 -0.29185935 -2.47720457  1.43098335
 -1.04394878 -3.04762122 -0.04720612  1.89751683 -2.70128396 -2.36816598
  1.87611829  1.02966637 -0.6261748  -0.4963129  -0.92140715  1.96405472
  0.47262206 -0.35622622  0.40183294 -2.26662868  1.2613656  -0.15330683
  2.40236117  1.23319631  2.87809162 -1.05734003  2.10171117 -0.42989461
 -3.26841165  2.20322071  0.81147055  1.92881076 -1.28919725  1.43910634
 -2.12172359  0.20898577  0.08303661 -2.79059144 -0.90191382 -2.39307463
  0.07227731 -0.56898597]
Sat May 25 17:48:34 2024,558,0.09593800662148766,[-4.65847104  2.36664228 -1.84106077 -0.12409627  0.18672592 -2.68765094
  3.0128304   2.10571273  1.45518699 -0.92536065  0.61239964  1.09170285
  1.13210014 -1.54196751  0.7771285   2.80621692 -0.79815447 -0.63691746
 -1.75472078  0.60195864  1.67657153  2.99185636 -1.20875726 -0.31571324
 -2.423576   -2.33803675  2.99458124  2.76322698 -0.54433278 -2.36481317
  1.4828085  -0.05850828 -2.31787465  2.0955643   1.28954067 -0.63853954
  0.84777215 -2.31880614 -0.02589546  2.15332961 -0.16394316  0.38886666
  2.7139565   1.04622445  2.46285674  3.16174666  2.64140855 -2.93932938
  0.26537399 -0.81572901  1.75888626  2.86399346 -0.51095178 -2.31763465
  2.78736973 -3.21076756  0.79394269 -0.63487968 -1.74136005  2.69818356
 -1.80955141 -1.5881304  -2.30391431  2.1880075  -2.45128532  2.13559838
  2.07465181  1.53540777  2.38308425  2.80474865  1.64886061  1.2001271
 -1.51324539 -2.22927516  1.47130129  0.71194253  1.31361852 -3.01402321
 -0.37770283  2.51831723 -1.03585489  1.28752002  1.48329349  0.54454987
 -0.83302167  1.11514345  0.66824168 -0.38370056  2.80473748 -1.99307099
  1.53804607 -0.48681217  1.09033709 -2.84976566 -2.45832364  0.4577314
 -1.16150558 -0.4945763   0.36531532 -0.11126762 -1.65032857 -0.04117005
 -0.8597054   2.81181005 -1.06239878 -1.38013464 -0.94883316  1.07796492
  1.85224712 -0.69616551  1.97232721 -2.19417557 -0.34727756 -0.732517
 -2.89008117  3.16480341 -1.63194546  3.13522462 -1.26602511 -2.70847922
  3.36217155 -1.23322287 -0.77649666 -2.88407575 -2.71720593  2.54564086
 -2.13655245 -2.04712715 -0.18154945  3.14998852  0.24664292  0.21384978
 -1.25020229 -0.67764029 -1.73377077 -3.03025097  2.87032613  1.23551022
 -0.485707   -2.18838447  1.10971163 -1.10585761 -0.49042534 -2.73954138
 -2.06516951  1.86554804 -0.8738123   2.62185235 -0.45419488 -2.67151348
 -2.82019512  2.2618291  -3.14423341 -0.44536847 -1.00234807 -0.24660717
  2.34754199  1.8402518   0.01820688 -2.55288711 -2.65892169  0.24436954
 -0.76666258  1.2452411  -2.62771073  1.12505309 -0.38397761  0.42076335
  1.91903354  0.45811834  0.65074901 -1.27156834  1.79161183  2.9398248
  0.99593925  0.2218022  -1.14181232  2.4227877   0.7267411  -1.90977307
 -0.05037939  1.87092251  0.98664692 -1.080029   -2.30130815  2.22238385
  2.00398671  1.92832311  2.29723368  1.9157865  -1.66121755 -3.10389805
  0.42852387  1.34475809 -2.26275484 -1.12583523  2.31183656  1.39294584
 -0.27195628 -1.8444226  -1.64823698  1.96528115  1.30723924 -1.01188222
 -0.23075432 -0.69309074 -0.30339074  2.30246021 -0.66193797 -0.93534288
  0.77590943 -2.352689    0.590269    2.78422901 -0.35242987  2.04722776
 -1.8612641  -1.35336587 -2.59736796 -2.42273057 -1.50153093 -3.02896694
  2.01620099  1.78191066  1.58151685  1.12533531  1.58819437 -2.44421539
 -2.50736709  1.78907338  1.0342731  -0.29185941 -2.47720451  1.43098328
 -1.04394872 -3.04762116 -0.04720618  1.8975169  -2.7012839  -2.36816605
  1.87611836  1.02966643 -0.62617486 -0.49631297 -0.92140708  1.96405478
  0.47262212 -0.35622616  0.40183288 -2.26662875  1.26136566 -0.15330677
  2.40236124  1.23319625  2.87809168 -1.05733996  2.10171123 -0.42989467
 -3.26841171  2.20322064  0.81147049  1.92881082 -1.28919719  1.43910628
 -2.12172353  0.2089857   0.08303668 -2.7905915  -0.90191376 -2.39307456
  0.07227725 -0.56898603]
Sat May 25 17:49:07 2024,559,0.09593800661764926,[-4.6584711   2.36664234 -1.84106071 -0.12409633  0.18672598 -2.68765087
  3.01283033  2.10571279  1.45518692 -0.92536058  0.61239971  1.09170291
  1.1321002  -1.54196758  0.77712857  2.80621698 -0.79815453 -0.63691752
 -1.75472085  0.60195858  1.6765716   2.99185642 -1.20875733 -0.31571317
 -2.42357606 -2.33803681  2.9945813   2.76322691 -0.54433271 -2.36481311
  1.48280844 -0.05850834 -2.31787472  2.09556424  1.28954061 -0.6385396
  0.84777221 -2.31880621 -0.0258954   2.15332967 -0.16394323  0.38886672
  2.71395656  1.04622439  2.46285668  3.16174659  2.64140861 -2.93932931
  0.26537393 -0.81572907  1.7588862   2.86399352 -0.51095184 -2.31763472
  2.78736979 -3.21076749  0.79394276 -0.63487962 -1.74135999  2.69818362
 -1.80955147 -1.58813034 -2.30391437  2.18800744 -2.45128525  2.13559832
  2.07465187  1.53540783  2.38308431  2.80474859  1.64886068  1.20012716
 -1.51324532 -2.22927509  1.47130122  0.71194247  1.31361858 -3.01402314
 -0.37770277  2.51831717 -1.03585495  1.28751995  1.48329355  0.54454994
 -0.83302173  1.11514351  0.66824161 -0.38370063  2.80473742 -1.99307093
  1.53804613 -0.48681211  1.09033702 -2.84976572 -2.45832371  0.45773134
 -1.16150551 -0.49457636  0.36531538 -0.11126755 -1.65032863 -0.04117011
 -0.85970546  2.81180998 -1.06239872 -1.3801347  -0.9488331   1.07796498
  1.85224706 -0.69616557  1.97232714 -2.19417551 -0.3472775  -0.73251694
 -2.89008111  3.16480334 -1.63194539  3.13522456 -1.26602517 -2.70847915
  3.36217149 -1.23322293 -0.77649659 -2.88407569 -2.71720599  2.54564092
 -2.13655251 -2.04712721 -0.18154939  3.14998846  0.24664286  0.21384985
 -1.25020223 -0.67764022 -1.73377083 -3.03025103  2.8703262   1.23551029
 -0.48570694 -2.18838453  1.10971169 -1.10585768 -0.4904254  -2.73954132
 -2.06516957  1.86554798 -0.87381223  2.62185241 -0.45419482 -2.67151342
 -2.82019518  2.26182917 -3.14423347 -0.44536853 -1.00234814 -0.24660723
  2.34754193  1.84025186  0.01820694 -2.55288705 -2.65892176  0.24436961
 -0.76666252  1.24524117 -2.62771079  1.12505303 -0.38397767  0.42076329
  1.91903347  0.4581184   0.65074908 -1.27156828  1.79161176  2.93982486
  0.99593932  0.22180226 -1.14181226  2.42278777  0.72674104 -1.909773
 -0.05037933  1.87092245  0.98664698 -1.08002906 -2.30130808  2.22238379
  2.00398677  1.92832304  2.29723375  1.91578644 -1.66121749 -3.10389799
  0.42852381  1.34475816 -2.2627549  -1.12583529  2.3118365   1.39294578
 -0.27195634 -1.84442266 -1.64823705  1.96528121  1.30723918 -1.01188228
 -0.23075439 -0.69309068 -0.3033908   2.30246015 -0.6619379  -0.93534282
  0.77590949 -2.35268906  0.59026894  2.78422908 -0.35242981  2.04722769
 -1.86126416 -1.3533658  -2.5973679  -2.42273063 -1.50153087 -3.02896688
  2.01620093  1.78191072  1.58151691  1.12533525  1.58819443 -2.44421533
 -2.50736715  1.78907344  1.03427316 -0.29185935 -2.47720444  1.43098335
 -1.04394865 -3.04762122 -0.04720624  1.89751683 -2.70128396 -2.36816611
  1.87611842  1.02966637 -0.6261748  -0.4963129  -0.92140715  1.96405472
  0.47262218 -0.35622609  0.40183281 -2.26662881  1.26136572 -0.15330683
  2.4023613   1.23319631  2.87809174 -1.05734003  2.10171129 -0.42989461
 -3.26841165  2.2032207   0.81147055  1.92881076 -1.28919725  1.43910622
 -2.12172346  0.20898564  0.08303674 -2.79059157 -0.90191382 -2.39307462
  0.07227731 -0.56898597]
Sat May 25 17:49:32 2024,560,0.09593800661386809,[-4.65847117  2.3666424  -1.84106065 -0.12409639  0.18672604 -2.68765094
  3.01283027  2.10571273  1.45518686 -0.92536052  0.61239965  1.09170297
  1.13210026 -1.54196764  0.7771285   2.80621704 -0.79815447 -0.63691746
 -1.75472078  0.60195851  1.67657166  2.99185636 -1.20875739 -0.31571311
 -2.423576   -2.33803687  2.99458136  2.76322698 -0.54433278 -2.36481317
  1.4828085  -0.05850828 -2.31787465  2.0955643   1.28954054 -0.63853954
  0.84777215 -2.31880627 -0.02589546  2.15332961 -0.16394317  0.38886678
  2.7139565   1.04622445  2.46285674  3.16174666  2.64140867 -2.93932938
  0.26537399 -0.81572913  1.75888626  2.86399346 -0.51095178 -2.31763478
  2.78736973 -3.21076743  0.79394282 -0.63487968 -1.74136005  2.69818369
 -1.80955141 -1.58813028 -2.30391431  2.1880075  -2.45128519  2.13559838
  2.07465193  1.53540789  2.38308437  2.80474852  1.64886074  1.2001271
 -1.51324526 -2.22927503  1.47130129  0.71194253  1.31361852 -3.0140232
 -0.37770283  2.51831723 -1.03585489  1.28752001  1.48329349  0.54454987
 -0.83302167  1.11514357  0.66824168 -0.38370056  2.80473748 -1.99307087
  1.53804607 -0.48681217  1.09033696 -2.84976566 -2.45832364  0.45773128
 -1.16150545 -0.49457642  0.36531532 -0.11126749 -1.65032869 -0.04117017
 -0.8597054   2.81180992 -1.06239878 -1.38013477 -0.94883316  1.07796504
  1.852247   -0.69616551  1.97232721 -2.19417545 -0.34727743 -0.732517
 -2.89008117  3.16480328 -1.63194533  3.1352245  -1.26602511 -2.70847909
  3.36217155 -1.23322299 -0.77649653 -2.88407562 -2.71720593  2.54564086
 -2.13655245 -2.04712727 -0.18154945  3.1499884   0.24664279  0.21384991
 -1.25020217 -0.67764016 -1.73377077 -3.03025097  2.87032613  1.23551022
 -0.48570687 -2.18838447  1.10971163 -1.10585762 -0.49042546 -2.73954138
 -2.06516951  1.86554791 -0.8738123   2.62185247 -0.45419488 -2.67151336
 -2.82019512  2.26182923 -3.14423353 -0.44536859 -1.00234807 -0.24660717
  2.34754199  1.84025192  0.01820688 -2.55288711 -2.65892182  0.24436954
 -0.76666246  1.24524111 -2.62771085  1.12505297 -0.38397761  0.42076335
  1.91903341  0.45811846  0.65074914 -1.27156821  1.79161183  2.9398248
  0.99593938  0.22180232 -1.1418122   2.42278783  0.72674097 -1.90977307
 -0.05037939  1.87092238  0.98664692 -1.08002912 -2.30130815  2.22238373
  2.00398671  1.92832311  2.29723368  1.9157865  -1.66121743 -3.10389805
  0.42852374  1.3447581  -2.26275497 -1.12583523  2.31183644  1.39294584
 -0.27195628 -1.8444226  -1.64823711  1.96528115  1.30723924 -1.01188235
 -0.23075433 -0.69309074 -0.30339086  2.30246021 -0.66193796 -0.93534288
  0.77590955 -2.35268912  0.59026888  2.78422914 -0.35242975  2.04722763
 -1.86126423 -1.35336574 -2.59736796 -2.42273069 -1.50153081 -3.02896682
  2.01620087  1.78191078  1.58151685  1.12533531  1.58819437 -2.44421526
 -2.50736709  1.78907338  1.0342731  -0.29185941 -2.47720451  1.43098328
 -1.04394859 -3.04762116 -0.04720631  1.8975169  -2.70128402 -2.36816605
  1.87611848  1.02966631 -0.62617474 -0.49631297 -0.92140721  1.96405465
  0.47262212 -0.35622615  0.40183275 -2.26662887  1.26136566 -0.1533069
  2.40236124  1.23319625  2.87809181 -1.05734009  2.10171135 -0.42989455
 -3.26841159  2.20322064  0.81147049  1.92881082 -1.28919732  1.43910615
 -2.12172353  0.20898558  0.08303668 -2.79059151 -0.90191376 -2.39307469
  0.07227725 -0.56898603]
Sat May 25 17:49:55 2024,561,0.09593800661014278,[-4.65847123  2.36664246 -1.84106059 -0.12409645  0.18672598 -2.687651
  3.01283021  2.10571267  1.45518692 -0.92536058  0.61239971  1.09170291
  1.1321002  -1.54196758  0.77712856  2.80621711 -0.79815441 -0.6369174
 -1.75472085  0.60195845  1.6765716   2.9918563  -1.20875745 -0.31571317
 -2.42357594 -2.33803681  2.99458142  2.76322691 -0.54433284 -2.36481323
  1.48280856 -0.05850822 -2.31787472  2.09556436  1.2895406  -0.6385396
  0.84777209 -2.31880621 -0.0258954   2.15332967 -0.1639431   0.38886684
  2.71395656  1.04622439  2.46285668  3.16174672  2.64140861 -2.93932944
  0.26537405 -0.81572907  1.75888632  2.86399352 -0.51095172 -2.31763472
  2.78736967 -3.21076737  0.79394288 -0.63487974 -1.74135999  2.69818375
 -1.80955135 -1.58813034 -2.30391425  2.18800744 -2.45128525  2.13559832
  2.07465187  1.53540783  2.38308443  2.80474846  1.6488608   1.20012716
 -1.51324532 -2.22927509  1.47130135  0.71194247  1.31361846 -3.01402327
 -0.37770277  2.51831717 -1.03585483  1.28751995  1.48329355  0.54454993
 -0.83302161  1.11514363  0.66824174 -0.3837005   2.80473742 -1.99307081
  1.53804601 -0.48681211  1.09033702 -2.84976572 -2.45832371  0.45773134
 -1.16150539 -0.49457636  0.36531526 -0.11126743 -1.65032875 -0.04117023
 -0.85970534  2.81180998 -1.06239884 -1.38013483 -0.9488331   1.07796498
  1.85224693 -0.69616557  1.97232714 -2.19417551 -0.34727737 -0.73251694
 -2.89008123  3.16480322 -1.63194539  3.13522444 -1.26602505 -2.70847903
  3.36217161 -1.23322293 -0.77649659 -2.88407569 -2.71720599  2.5456408
 -2.13655251 -2.04712733 -0.18154939  3.14998833  0.24664273  0.21384985
 -1.25020223 -0.6776401  -1.73377071 -3.03025103  2.8703262   1.23551028
 -0.48570681 -2.18838441  1.10971157 -1.10585755 -0.4904254  -2.73954144
 -2.06516957  1.86554785 -0.87381236  2.62185254 -0.45419482 -2.67151342
 -2.82019506  2.26182917 -3.14423347 -0.44536853 -1.00234814 -0.24660711
  2.34754193  1.84025198  0.01820682 -2.55288717 -2.65892188  0.24436948
 -0.76666252  1.24524117 -2.62771091  1.1250529  -0.38397767  0.42076329
  1.91903335  0.45811853  0.65074908 -1.27156815  1.79161176  2.93982474
  0.99593944  0.22180238 -1.14181226  2.42278789  0.72674104 -1.90977301
 -0.05037945  1.87092232  0.98664686 -1.08002918 -2.30130821  2.22238367
  2.00398677  1.92832304  2.29723362  1.91578656 -1.66121736 -3.10389811
  0.42852381  1.34475816 -2.26275503 -1.12583529  2.3118365   1.3929459
 -0.27195622 -1.84442266 -1.64823705  1.96528121  1.3072393  -1.01188229
 -0.23075426 -0.6930908  -0.30339093  2.30246015 -0.66193803 -0.93534294
  0.77590949 -2.35268918  0.59026894  2.78422908 -0.35242981  2.04722757
 -1.86126417 -1.3533658  -2.5973679  -2.42273063 -1.50153075 -3.02896675
  2.01620093  1.78191084  1.58151679  1.12533538  1.58819431 -2.44421532
 -2.50736715  1.78907344  1.03427304 -0.29185935 -2.47720444  1.43098322
 -1.04394853 -3.0476211  -0.04720624  1.89751684 -2.70128409 -2.36816611
  1.87611842  1.02966637 -0.6261748  -0.4963129  -0.92140715  1.96405459
  0.47262218 -0.35622622  0.40183269 -2.26662893  1.2613656  -0.15330696
  2.40236118  1.23319619  2.87809175 -1.05734015  2.10171142 -0.42989448
 -3.26841153  2.20322058  0.81147055  1.92881076 -1.28919738  1.43910609
 -2.12172346  0.20898564  0.08303674 -2.79059144 -0.90191382 -2.39307475
  0.07227719 -0.5689861 ]
Sat May 25 17:50:24 2024,562,0.09593800660647267,[-4.65847129  2.3666424  -1.84106065 -0.12409652  0.18672604 -2.68765094
  3.01283015  2.10571273  1.45518686 -0.92536064  0.61239965  1.09170285
  1.13210014 -1.54196752  0.77712862  2.80621717 -0.79815447 -0.63691746
 -1.75472078  0.60195839  1.67657154  2.99185636 -1.20875751 -0.31571311
 -2.42357588 -2.33803687  2.99458148  2.76322685 -0.54433278 -2.36481329
  1.4828085  -0.05850828 -2.31787466  2.0955643   1.28954067 -0.63853954
  0.84777203 -2.31880627 -0.02589546  2.15332961 -0.16394316  0.38886678
  2.71395662  1.04622445  2.46285674  3.16174678  2.64140855 -2.93932938
  0.26537399 -0.81572901  1.75888626  2.86399346 -0.51095178 -2.31763466
  2.78736961 -3.21076743  0.79394282 -0.63487968 -1.74135993  2.69818369
 -1.80955129 -1.5881304  -2.30391419  2.18800738 -2.45128531  2.13559826
  2.07465181  1.53540777  2.38308437  2.8047484   1.64886074  1.20012722
 -1.51324538 -2.22927503  1.47130141  0.71194241  1.31361852 -3.01402321
 -0.37770283  2.51831711 -1.03585477  1.28751989  1.48329361  0.54454987
 -0.83302155  1.11514357  0.66824168 -0.38370056  2.80473748 -1.99307087
  1.53804607 -0.48681205  1.09033696 -2.84976578 -2.45832365  0.4577314
 -1.16150533 -0.49457642  0.36531532 -0.11126737 -1.65032869 -0.04117029
 -0.8597054   2.81181004 -1.0623989  -1.38013477 -0.94883316  1.07796492
  1.85224687 -0.69616551  1.97232708 -2.19417545 -0.34727731 -0.73251688
 -2.89008129  3.16480328 -1.63194533  3.13522438 -1.26602511 -2.70847909
  3.36217155 -1.23322287 -0.77649653 -2.88407563 -2.71720593  2.54564086
 -2.13655245 -2.04712739 -0.18154933  3.14998839  0.24664279  0.21384979
 -1.25020217 -0.67764004 -1.73377065 -3.03025109  2.87032626  1.23551022
 -0.48570675 -2.18838447  1.10971151 -1.10585749 -0.49042534 -2.7395415
 -2.06516963  1.86554791 -0.8738123   2.62185247 -0.45419488 -2.67151336
 -2.820195    2.26182911 -3.14423341 -0.44536859 -1.00234808 -0.24660717
  2.34754199  1.84025204  0.01820688 -2.55288723 -2.65892182  0.24436954
 -0.76666246  1.24524123 -2.62771085  1.12505296 -0.38397773  0.42076335
  1.91903341  0.45811859  0.65074914 -1.27156809  1.79161183  2.93982468
  0.99593938  0.22180245 -1.1418122   2.42278795  0.72674098 -1.90977294
 -0.05037951  1.87092226  0.9866468  -1.08002924 -2.30130827  2.22238361
  2.00398671  1.92832298  2.29723356  1.91578663 -1.6612173  -3.10389805
  0.42852387  1.3447581  -2.26275509 -1.12583523  2.31183656  1.39294596
 -0.27195628 -1.84442272 -1.64823699  1.96528127  1.30723924 -1.01188235
 -0.23075432 -0.69309086 -0.30339099  2.30246021 -0.66193809 -0.93534288
  0.77590943 -2.35268912  0.590269    2.78422914 -0.35242987  2.04722763
 -1.86126411 -1.35336574 -2.59736796 -2.42273069 -1.50153081 -3.02896669
  2.01620099  1.7819109   1.58151685  1.12533544  1.58819437 -2.44421538
 -2.50736709  1.78907338  1.03427298 -0.29185929 -2.4772045   1.43098328
 -1.04394847 -3.04762104 -0.0472063   1.89751677 -2.70128402 -2.36816605
  1.87611848  1.02966631 -0.62617474 -0.49631296 -0.92140709  1.96405453
  0.47262224 -0.35622616  0.40183275 -2.26662887  1.26136566 -0.1533069
  2.40236111  1.23319625  2.87809168 -1.05734009  2.10171136 -0.42989455
 -3.26841147  2.20322052  0.81147049  1.9288107  -1.28919732  1.43910603
 -2.1217234   0.20898558  0.08303668 -2.79059138 -0.90191376 -2.39307481
  0.07227713 -0.56898616]
Sat May 25 17:50:49 2024,563,0.09593800660285626,[-4.65847135  2.36664246 -1.84106059 -0.12409658  0.18672598 -2.687651
  3.01283009  2.10571267  1.45518692 -0.9253607   0.61239971  1.09170291
  1.1321002  -1.54196758  0.77712868  2.80621723 -0.79815453 -0.63691752
 -1.75472073  0.60195845  1.67657148  2.99185642 -1.20875757 -0.31571305
 -2.42357594 -2.33803681  2.99458154  2.76322679 -0.54433272 -2.36481335
  1.48280844 -0.05850834 -2.31787471  2.09556436  1.28954061 -0.6385396
  0.84777197 -2.31880633 -0.02589552  2.15332955 -0.1639431   0.38886684
  2.71395656  1.04622439  2.4628568   3.16174684  2.64140849 -2.93932932
  0.26537393 -0.81572895  1.75888632  2.8639934  -0.51095184 -2.3176346
  2.78736955 -3.21076749  0.79394288 -0.63487962 -1.74135987  2.69818363
 -1.80955123 -1.58813034 -2.30391413  2.18800744 -2.45128525  2.13559832
  2.07465187  1.53540771  2.38308431  2.80474834  1.6488608   1.20012728
 -1.51324544 -2.22927497  1.47130135  0.71194235  1.31361846 -3.01402315
 -0.37770277  2.51831717 -1.03585483  1.28751995  1.48329367  0.54454981
 -0.83302161  1.11514363  0.66824162 -0.3837005   2.80473754 -1.99307081
  1.53804601 -0.48681211  1.09033702 -2.84976584 -2.45832359  0.45773146
 -1.16150539 -0.49457648  0.36531538 -0.11126743 -1.65032863 -0.04117035
 -0.85970546  2.8118101  -1.06239896 -1.38013471 -0.94883322  1.07796498
  1.85224693 -0.69616545  1.97232702 -2.19417551 -0.34727737 -0.73251682
 -2.89008135  3.16480334 -1.63194539  3.13522444 -1.26602505 -2.70847915
  3.36217161 -1.23322293 -0.77649659 -2.88407557 -2.71720587  2.54564092
 -2.13655251 -2.04712733 -0.18154927  3.14998833  0.24664273  0.21384973
 -1.25020223 -0.67763998 -1.73377071 -3.03025115  2.87032632  1.23551028
 -0.48570669 -2.18838453  1.10971145 -1.10585743 -0.49042528 -2.73954156
 -2.06516969  1.86554785 -0.87381224  2.62185242 -0.45419482 -2.6715133
 -2.82019506  2.26182905 -3.14423347 -0.44536853 -1.00234802 -0.24660723
  2.34754205  1.84025198  0.01820682 -2.55288717 -2.65892188  0.24436948
 -0.76666252  1.24524117 -2.62771079  1.12505291 -0.38397779  0.42076329
  1.91903347  0.45811865  0.65074908 -1.27156815  1.79161188  2.93982474
  0.99593932  0.2218025  -1.14181214  2.42278801  0.72674103 -1.909773
 -0.05037957  1.87092232  0.98664686 -1.08002918 -2.30130821  2.22238367
  2.00398677  1.92832292  2.2972335   1.91578668 -1.66121724 -3.10389811
  0.42852381  1.34475804 -2.26275503 -1.12583529  2.31183662  1.39294602
 -0.27195622 -1.84442266 -1.64823693  1.96528133  1.30723918 -1.01188241
 -0.23075426 -0.69309092 -0.30339093  2.30246027 -0.66193815 -0.93534294
  0.77590937 -2.35268918  0.59026906  2.7842292  -0.35242993  2.04722769
 -1.86126416 -1.35336568 -2.59736802 -2.42273063 -1.50153075 -3.02896675
  2.01620105  1.78191096  1.58151691  1.12533538  1.58819443 -2.44421544
 -2.50736715  1.78907344  1.03427292 -0.29185923 -2.47720456  1.43098334
 -1.04394841 -3.0476211  -0.04720636  1.89751683 -2.70128397 -2.36816611
  1.87611854  1.02966625 -0.62617468 -0.49631302 -0.92140715  1.96405447
  0.47262218 -0.35622622  0.40183269 -2.26662893  1.26136572 -0.15330684
  2.40236106  1.23319619  2.87809163 -1.05734003  2.10171141 -0.42989449
 -3.26841141  2.20322058  0.81147043  1.92881064 -1.28919726  1.43910597
 -2.12172334  0.20898564  0.08303674 -2.79059132 -0.9019137  -2.39307487
  0.07227719 -0.5689861 ]
Sat May 25 17:51:14 2024,564,0.09593800659929264,[-4.65847141  2.3666424  -1.84106065 -0.12409663  0.18672592 -2.68765094
  3.01283015  2.10571273  1.45518698 -0.92536064  0.61239976  1.09170285
  1.13210026 -1.54196752  0.77712863  2.80621717 -0.79815447 -0.63691746
 -1.75472078  0.60195851  1.67657142  2.99185636 -1.20875751 -0.31571299
 -2.42357588 -2.33803687  2.99458148  2.76322674 -0.54433266 -2.36481329
  1.48280838 -0.05850828 -2.31787477  2.0955643   1.28954055 -0.63853966
  0.84777203 -2.31880627 -0.02589558  2.15332949 -0.16394305  0.38886678
  2.71395662  1.04622433  2.46285686  3.1617469   2.64140855 -2.93932938
  0.26537399 -0.81572889  1.75888638  2.86399346 -0.51095178 -2.31763454
  2.7873696  -3.21076743  0.79394294 -0.63487956 -1.74135981  2.69818357
 -1.80955129 -1.5881304  -2.30391407  2.18800738 -2.4512852   2.13559826
  2.07465193  1.53540777  2.38308426  2.80474828  1.64886086  1.20012722
 -1.5132455  -2.22927491  1.47130141  0.7119424   1.31361852 -3.01402309
 -0.37770283  2.51831723 -1.03585489  1.28752001  1.48329373  0.54454987
 -0.83302155  1.11514369  0.66824168 -0.38370045  2.80473748 -1.99307075
  1.53804595 -0.48681205  1.09033696 -2.8497659  -2.45832364  0.4577314
 -1.16150533 -0.49457654  0.36531544 -0.11126737 -1.65032857 -0.04117041
 -0.8597054   2.81181004 -1.06239902 -1.38013477 -0.94883316  1.07796492
  1.85224687 -0.69616539  1.97232708 -2.19417545 -0.34727731 -0.73251676
 -2.89008129  3.16480328 -1.63194533  3.1352245  -1.26602511 -2.70847921
  3.36217167 -1.23322287 -0.77649665 -2.88407562 -2.71720593  2.54564098
 -2.13655245 -2.04712739 -0.18154933  3.14998839  0.24664279  0.21384967
 -1.25020217 -0.67764004 -1.73377077 -3.03025109  2.87032637  1.23551034
 -0.48570675 -2.18838459  1.10971139 -1.10585749 -0.49042534 -2.7395415
 -2.06516975  1.86554779 -0.8738123   2.62185236 -0.45419488 -2.67151336
 -2.820195    2.26182911 -3.14423353 -0.44536847 -1.00234807 -0.24660717
  2.34754199  1.84025192  0.01820687 -2.55288711 -2.65892182  0.24436942
 -0.76666246  1.24524123 -2.62771085  1.12505296 -0.38397773  0.42076323
  1.91903353  0.45811859  0.65074914 -1.27156821  1.79161183  2.93982468
  0.99593926  0.22180256 -1.14181208  2.42278807  0.72674098 -1.90977295
 -0.05037951  1.87092226  0.98664692 -1.08002913 -2.30130827  2.22238373
  2.00398671  1.92832298  2.29723356  1.91578674 -1.66121718 -3.10389817
  0.42852375  1.3447581  -2.26275509 -1.12583523  2.31183668  1.39294608
 -0.27195616 -1.84442272 -1.64823687  1.96528139  1.30723924 -1.01188246
 -0.23075421 -0.69309086 -0.30339087  2.30246033 -0.66193809 -0.93534288
  0.77590943 -2.35268912  0.59026912  2.78422926 -0.35242987  2.04722775
 -1.86126411 -1.35336574 -2.59736796 -2.42273057 -1.50153081 -3.02896669
  2.01620111  1.78191102  1.58151685  1.12533544  1.58819449 -2.4442155
 -2.50736721  1.7890735   1.03427298 -0.29185917 -2.47720451  1.43098328
 -1.04394835 -3.04762116 -0.04720642  1.89751678 -2.70128402 -2.36816605
  1.8761186   1.02966631 -0.62617474 -0.49631297 -0.92140721  1.96405453
  0.47262212 -0.35622627  0.40183263 -2.26662887  1.26136566 -0.1533069
  2.40236111  1.23319613  2.87809168 -1.05733997  2.10171147 -0.42989454
 -3.26841147  2.20322052  0.81147037  1.9288107  -1.2891972   1.43910603
 -2.12172329  0.20898558  0.0830368  -2.79059127 -0.90191364 -2.39307493
  0.07227725 -0.56898615]
Sat May 25 17:51:58 2024,565,0.09593800659578065,[-4.65847146  2.36664234 -1.84106059 -0.12409669  0.18672598 -2.687651
  3.01283021  2.10571278  1.45518692 -0.92536059  0.61239982  1.09170291
  1.1321002  -1.54196758  0.77712857  2.80621711 -0.79815453 -0.63691752
 -1.75472073  0.60195857  1.67657148  2.99185642 -1.20875745 -0.31571294
 -2.42357582 -2.33803693  2.99458154  2.76322679 -0.54433272 -2.36481335
  1.48280833 -0.05850834 -2.31787472  2.09556436  1.28954049 -0.6385396
  0.84777209 -2.31880621 -0.02589552  2.15332944 -0.1639431   0.38886684
  2.71395668  1.04622439  2.4628568   3.16174684  2.64140849 -2.93932943
  0.26537393 -0.81572895  1.75888644  2.8639934  -0.51095172 -2.31763448
  2.78736955 -3.21076749  0.793943   -0.6348795  -1.74135986  2.69818351
 -1.80955135 -1.58813046 -2.30391413  2.18800732 -2.45128514  2.13559832
  2.07465199  1.53540783  2.38308431  2.80474823  1.6488608   1.20012717
 -1.51324556 -2.22927497  1.47130135  0.71194246  1.31361846 -3.01402303
 -0.37770288  2.51831728 -1.03585483  1.28751995  1.48329379  0.54454982
 -0.83302161  1.11514363  0.66824162 -0.38370039  2.80473742 -1.99307081
  1.53804589 -0.48681199  1.0903369  -2.84976584 -2.45832359  0.45773146
 -1.16150539 -0.4945766   0.3653155  -0.11126731 -1.65032863 -0.04117035
 -0.85970546  2.81180999 -1.06239908 -1.38013471 -0.9488331   1.07796498
  1.85224693 -0.69616533  1.97232714 -2.19417539 -0.34727737 -0.7325167
 -2.89008123  3.16480334 -1.63194539  3.13522455 -1.26602505 -2.70847927
  3.36217161 -1.23322293 -0.77649671 -2.88407568 -2.71720599  2.54564092
 -2.13655251 -2.04712745 -0.18154939  3.14998845  0.24664285  0.21384973
 -1.25020223 -0.6776401  -1.73377071 -3.03025103  2.87032643  1.2355104
 -0.48570669 -2.18838465  1.10971133 -1.10585744 -0.4904254  -2.73954145
 -2.06516981  1.86554785 -0.87381235  2.62185241 -0.45419494 -2.67151341
 -2.82019494  2.26182916 -3.14423347 -0.44536853 -1.00234813 -0.24660723
  2.34754193  1.84025198  0.01820693 -2.55288717 -2.65892188  0.24436948
 -0.7666624   1.24524128 -2.62771091  1.12505291 -0.38397779  0.42076318
  1.91903347  0.45811853  0.65074919 -1.27156827  1.79161188  2.93982474
  0.9959392   0.22180262 -1.14181214  2.42278801  0.72674092 -1.909773
 -0.05037946  1.8709222   0.98664698 -1.08002907 -2.30130833  2.22238378
  2.00398677  1.92832304  2.29723362  1.9157868  -1.66121724 -3.10389823
  0.42852381  1.34475804 -2.26275503 -1.12583518  2.31183674  1.39294614
 -0.2719561  -1.84442278 -1.64823681  1.96528145  1.30723918 -1.01188252
 -0.23075426 -0.6930908  -0.30339081  2.30246039 -0.66193815 -0.93534294
  0.77590949 -2.35268906  0.59026918  2.7842292  -0.35242981  2.04722769
 -1.86126416 -1.3533658  -2.5973679  -2.42273063 -1.50153087 -3.02896664
  2.01620117  1.78191096  1.5815169   1.12533538  1.58819454 -2.44421556
 -2.50736726  1.78907344  1.03427292 -0.29185911 -2.47720456  1.43098323
 -1.04394829 -3.0476211  -0.04720648  1.89751672 -2.70128397 -2.36816599
  1.87611854  1.02966625 -0.6261748  -0.49631291 -0.92140726  1.96405447
  0.47262218 -0.35622633  0.40183257 -2.26662882  1.26136572 -0.15330684
  2.40236117  1.23319619  2.87809163 -1.05733991  2.10171153 -0.4298946
 -3.26841152  2.20322058  0.81147043  1.92881076 -1.28919714  1.43910597
 -2.12172323  0.20898552  0.08303674 -2.79059121 -0.9019137  -2.39307487
  0.07227731 -0.5689861 ]
Sat May 25 17:52:22 2024,566,0.09593800659231944,[-4.65847152  2.36664229 -1.84106064 -0.12409675  0.18672592 -2.68765105
  3.01283015  2.10571273  1.45518698 -0.92536053  0.61239977  1.09170285
  1.13210026 -1.54196752  0.77712862  2.80621705 -0.79815458 -0.63691746
 -1.75472078  0.60195851  1.67657142  2.99185636 -1.2087574  -0.31571288
 -2.42357588 -2.33803698  2.9945816   2.76322685 -0.54433266 -2.36481341
  1.48280827 -0.05850828 -2.31787466  2.09556442  1.28954043 -0.63853954
  0.84777203 -2.31880615 -0.02589546  2.15332938 -0.16394305  0.3888669
  2.71395674  1.04622445  2.46285674  3.1617469   2.64140844 -2.93932949
  0.26537399 -0.81572901  1.7588865   2.86399334 -0.51095178 -2.31763454
  2.78736949 -3.21076743  0.79394305 -0.63487956 -1.74135992  2.69818345
 -1.8095514  -1.58813052 -2.30391407  2.18800726 -2.4512852   2.13559826
  2.07465193  1.53540788  2.38308426  2.80474817  1.64886074  1.20012722
 -1.5132455  -2.22927503  1.47130141  0.71194252  1.31361852 -3.01402309
 -0.37770294  2.51831734 -1.03585489  1.2875199   1.48329384  0.54454987
 -0.83302155  1.11514358  0.66824167 -0.38370044  2.80473748 -1.99307086
  1.53804595 -0.48681193  1.09033696 -2.84976578 -2.45832353  0.4577314
 -1.16150545 -0.49457654  0.36531555 -0.11126737 -1.65032869 -0.0411703
 -0.85970551  2.81181004 -1.06239914 -1.38013465 -0.94883304  1.07796504
  1.85224687 -0.69616539  1.9723272  -2.19417545 -0.34727731 -0.73251676
 -2.89008129  3.1648034  -1.63194545  3.13522461 -1.26602511 -2.70847932
  3.36217167 -1.23322299 -0.77649677 -2.88407563 -2.71720604  2.54564086
 -2.13655245 -2.04712739 -0.18154944  3.14998839  0.24664291  0.21384978
 -1.25020228 -0.67764004 -1.73377077 -3.03025109  2.87032638  1.23551034
 -0.48570675 -2.18838459  1.10971128 -1.10585749 -0.49042546 -2.73954139
 -2.06516975  1.86554791 -0.8738123   2.62185247 -0.454195   -2.67151336
 -2.82019488  2.26182911 -3.14423341 -0.44536847 -1.00234819 -0.24660728
  2.34754188  1.84025192  0.01820699 -2.55288711 -2.65892194  0.24436954
 -0.76666234  1.24524134 -2.62771097  1.12505285 -0.38397773  0.42076323
  1.91903341  0.45811847  0.65074914 -1.27156833  1.79161183  2.93982468
  0.99593926  0.22180268 -1.14181208  2.42278795  0.72674086 -1.90977306
 -0.05037951  1.87092226  0.98664692 -1.08002912 -2.30130838  2.22238384
  2.00398671  1.9283231   2.29723368  1.91578674 -1.6612173  -3.10389829
  0.42852375  1.34475809 -2.26275509 -1.12583512  2.31183679  1.39294608
 -0.27195604 -1.84442272 -1.64823687  1.96528151  1.30723924 -1.01188258
 -0.23075432 -0.69309075 -0.30339087  2.30246044 -0.66193809 -0.935343
  0.77590943 -2.35268901  0.59026912  2.78422914 -0.35242987  2.04722763
 -1.86126411 -1.35336574 -2.59736796 -2.42273057 -1.50153092 -3.02896658
  2.01620122  1.78191102  1.58151696  1.12533532  1.58819449 -2.44421562
 -2.50736732  1.78907338  1.03427286 -0.29185906 -2.47720462  1.43098317
 -1.04394824 -3.04762104 -0.04720654  1.89751666 -2.70128391 -2.36816593
  1.8761186   1.02966631 -0.62617474 -0.49631296 -0.92140732  1.96405442
  0.47262213 -0.35622628  0.40183263 -2.26662887  1.26136566 -0.15330678
  2.40236123  1.23319613  2.87809168 -1.05733986  2.10171147 -0.42989455
 -3.26841147  2.20322052  0.81147049  1.9288107  -1.28919708  1.43910603
 -2.12172317  0.20898546  0.0830368  -2.79059126 -0.90191376 -2.39307481
  0.07227725 -0.56898604]
Sat May 25 17:52:45 2024,567,0.09593800658890765,[-4.65847158  2.36664223 -1.8410607  -0.12409681  0.18672587 -2.68765111
  3.01283009  2.10571267  1.45518704 -0.92536047  0.61239982  1.09170279
  1.13210031 -1.54196757  0.77712868  2.80621711 -0.79815464 -0.63691752
 -1.75472073  0.60195845  1.67657148  2.99185642 -1.20875745 -0.31571293
 -2.42357594 -2.33803693  2.99458166  2.76322691 -0.54433272 -2.36481346
  1.48280821 -0.05850822 -2.31787471  2.09556436  1.28954037 -0.63853948
  0.84777209 -2.31880621 -0.02589552  2.15332932 -0.1639431   0.38886695
  2.71395668  1.0462245   2.4628568   3.16174695  2.64140849 -2.93932943
  0.26537405 -0.81572895  1.75888655  2.8639934  -0.51095172 -2.31763448
  2.78736955 -3.21076738  0.79394311 -0.63487962 -1.74135987  2.69818351
 -1.80955135 -1.58813046 -2.30391401  2.18800721 -2.45128514  2.1355982
  2.07465199  1.53540783  2.3830842   2.80474822  1.6488608   1.20012728
 -1.51324545 -2.22927497  1.47130146  0.71194258  1.31361857 -3.01402314
 -0.37770288  2.51831728 -1.03585483  1.28751995  1.48329379  0.54454993
 -0.83302149  1.11514352  0.66824173 -0.38370039  2.80473742 -1.99307092
  1.53804589 -0.48681188  1.0903369  -2.84976573 -2.45832347  0.45773134
 -1.16150539 -0.49457649  0.3653155  -0.11126731 -1.65032875 -0.04117035
 -0.85970557  2.8118101  -1.06239908 -1.38013471 -0.9488331   1.07796498
  1.85224682 -0.69616533  1.97232725 -2.19417539 -0.34727737 -0.7325167
 -2.89008135  3.16480334 -1.63194539  3.13522467 -1.26602505 -2.70847938
  3.36217172 -1.23322304 -0.77649682 -2.88407557 -2.71720599  2.54564081
 -2.13655251 -2.04712734 -0.18154939  3.14998834  0.24664285  0.21384973
 -1.25020234 -0.6776401  -1.73377082 -3.03025114  2.87032643  1.23551029
 -0.48570681 -2.18838465  1.10971122 -1.10585755 -0.49042551 -2.73954145
 -2.06516969  1.86554785 -0.87381235  2.62185242 -0.45419505 -2.67151341
 -2.82019494  2.26182916 -3.14423347 -0.44536842 -1.00234825 -0.24660723
  2.34754193  1.84025187  0.01820693 -2.55288717 -2.65892188  0.2443696
 -0.76666228  1.2452414  -2.62771102  1.12505291 -0.38397779  0.42076318
  1.91903347  0.45811842  0.65074908 -1.27156827  1.79161177  2.93982474
  0.9959392   0.22180274 -1.14181202  2.4227879   0.7267408  -1.909773
 -0.05037946  1.87092232  0.98664686 -1.08002918 -2.30130844  2.2223839
  2.00398666  1.92832304  2.29723373  1.9157868  -1.66121736 -3.10389823
  0.42852369  1.34475815 -2.26275514 -1.12583517  2.31183685  1.39294602
 -0.27195599 -1.84442277 -1.64823692  1.96528145  1.30723918 -1.01188264
 -0.23075438 -0.69309069 -0.30339092  2.3024605  -0.66193814 -0.93534294
  0.77590949 -2.35268895  0.59026917  2.78422908 -0.35242993  2.04722769
 -1.86126416 -1.35336568 -2.5973679  -2.42273052 -1.50153098 -3.02896652
  2.01620128  1.78191108  1.58151691  1.12533526  1.58819443 -2.44421556
 -2.50736726  1.78907333  1.03427281 -0.291859   -2.47720468  1.43098311
 -1.04394818 -3.0476211  -0.04720648  1.8975166  -2.70128397 -2.36816599
  1.87611865  1.02966625 -0.62617468 -0.49631291 -0.92140738  1.96405447
  0.47262207 -0.35622633  0.40183269 -2.26662882  1.26136572 -0.15330672
  2.40236129  1.23319608  2.87809174 -1.0573398   2.10171153 -0.42989449
 -3.26841152  2.20322058  0.81147054  1.92881076 -1.28919703  1.43910609
 -2.12172311  0.20898552  0.08303674 -2.79059121 -0.90191381 -2.39307476
  0.07227731 -0.5689861 ]
Sat May 25 17:53:09 2024,568,0.09593800658554429,[-4.65847163  2.36664217 -1.84106076 -0.12409686  0.18672592 -2.68765117
  3.01283015  2.10571273  1.45518709 -0.92536042  0.61239988  1.09170274
  1.13210026 -1.54196752  0.77712874  2.80621716 -0.7981547  -0.63691757
 -1.75472067  0.60195851  1.67657153  2.99185647 -1.2087574  -0.31571299
 -2.42357588 -2.33803698  2.9945816   2.76322696 -0.54433266 -2.36481341
  1.48280827 -0.05850828 -2.31787466  2.09556442  1.28954032 -0.63853954
  0.84777203 -2.31880627 -0.02589546  2.15332938 -0.16394305  0.38886701
  2.71395663  1.04622445  2.46285674  3.16174701  2.64140844 -2.93932949
  0.2653741  -0.8157289   1.75888661  2.86399345 -0.51095167 -2.31763454
  2.78736949 -3.21076732  0.79394305 -0.63487967 -1.74135992  2.69818357
 -1.80955129 -1.58813051 -2.30391407  2.18800715 -2.45128519  2.13559815
  2.07465204  1.53540777  2.38308414  2.80474828  1.64886074  1.20012734
 -1.51324539 -2.22927503  1.47130141  0.71194252  1.31361852 -3.0140232
 -0.37770294  2.51831734 -1.03585477  1.28752001  1.48329384  0.54454987
 -0.83302144  1.11514358  0.66824179 -0.38370033  2.80473748 -1.99307098
  1.53804595 -0.48681182  1.09033685 -2.84976578 -2.45832353  0.45773129
 -1.16150533 -0.49457654  0.36531555 -0.11126726 -1.65032869 -0.0411703
 -0.85970563  2.81181004 -1.06239902 -1.38013465 -0.94883315  1.07796504
  1.85224676 -0.69616528  1.97232731 -2.19417545 -0.34727731 -0.73251664
 -2.89008129  3.16480328 -1.63194545  3.13522472 -1.26602499 -2.70847944
  3.36217167 -1.23322299 -0.77649688 -2.88407563 -2.71720604  2.54564075
 -2.13655257 -2.04712728 -0.18154944  3.14998828  0.24664279  0.21384967
 -1.2502024  -0.67764015 -1.73377088 -3.03025109  2.87032649  1.23551034
 -0.48570686 -2.18838459  1.10971128 -1.1058576  -0.49042557 -2.73954139
 -2.06516964  1.8655478  -0.87381241  2.62185236 -0.45419511 -2.67151336
 -2.82019488  2.26182911 -3.14423341 -0.44536847 -1.0023483  -0.24660717
  2.34754199  1.84025181  0.01820688 -2.55288723 -2.65892194  0.24436965
 -0.76666234  1.24524134 -2.62771108  1.12505296 -0.38397773  0.42076323
  1.91903341  0.45811847  0.65074914 -1.27156833  1.79161171  2.93982468
  0.99593915  0.22180279 -1.14181208  2.42278784  0.72674075 -1.90977295
 -0.05037951  1.87092237  0.98664692 -1.08002924 -2.3013085   2.22238395
  2.0039866   1.9283231   2.29723379  1.91578686 -1.6612173  -3.10389829
  0.42852364  1.34475821 -2.2627552  -1.12583523  2.31183679  1.39294608
 -0.27195604 -1.84442283 -1.64823687  1.96528139  1.30723913 -1.01188269
 -0.23075432 -0.69309075 -0.30339098  2.30246056 -0.6619382  -0.935343
  0.77590954 -2.35268901  0.59026923  2.78422914 -0.35242987  2.04722774
 -1.86126422 -1.35336574 -2.59736796 -2.42273046 -1.50153092 -3.02896647
  2.01620134  1.78191113  1.58151696  1.12533532  1.58819449 -2.44421562
 -2.50736721  1.78907338  1.03427286 -0.29185894 -2.47720473  1.43098306
 -1.04394812 -3.04762104 -0.04720654  1.89751655 -2.70128391 -2.36816605
  1.87611871  1.02966631 -0.62617474 -0.49631296 -0.92140743  1.96405442
  0.47262212 -0.35622628  0.40183263 -2.26662876  1.26136566 -0.15330667
  2.40236123  1.23319602  2.8780918  -1.05733974  2.10171159 -0.42989443
 -3.26841147  2.20322063  0.81147049  1.9288107  -1.28919708  1.43910603
 -2.12172317  0.20898558  0.08303669 -2.79059115 -0.90191387 -2.39307481
  0.07227725 -0.56898604]
Sat May 25 17:54:13 2024,569,0.09593800658222838,[-4.65847169  2.36664223 -1.8410607  -0.12409692  0.18672598 -2.68765111
  3.01283009  2.10571267  1.45518704 -0.92536036  0.61239982  1.09170279
  1.1321002  -1.54196757  0.77712879  2.80621711 -0.79815464 -0.63691763
 -1.75472062  0.60195857  1.67657148  2.99185642 -1.20875734 -0.31571294
 -2.42357583 -2.33803693  2.99458165  2.76322702 -0.54433272 -2.36481346
  1.48280821 -0.05850823 -2.3178746   2.09556447  1.28954026 -0.63853959
  0.84777209 -2.31880621 -0.02589541  2.15332943 -0.16394299  0.38886696
  2.71395668  1.0462245   2.4628568   3.16174695  2.64140838 -2.93932944
  0.26537416 -0.81572895  1.75888666  2.86399351 -0.51095172 -2.31763448
  2.78736943 -3.21076727  0.79394311 -0.63487962 -1.74135987  2.69818362
 -1.80955123 -1.58813046 -2.30391413  2.18800721 -2.45128514  2.13559809
  2.0746521   1.53540783  2.3830842   2.80474834  1.64886069  1.20012728
 -1.51324545 -2.22927508  1.47130135  0.71194247  1.31361857 -3.01402325
 -0.37770289  2.51831728 -1.03585472  1.28751995  1.4832939   0.54454993
 -0.83302149  1.11514363  0.66824184 -0.38370039  2.80473753 -1.99307092
  1.53804589 -0.48681176  1.0903369  -2.84976584 -2.45832347  0.45773123
 -1.16150528 -0.4945766   0.36531561 -0.11126731 -1.65032864 -0.04117035
 -0.85970568  2.8118101  -1.06239908 -1.38013471 -0.94883321  1.07796498
  1.85224682 -0.69616522  1.97232726 -2.19417539 -0.34727726 -0.73251659
 -2.89008124  3.16480334 -1.63194539  3.13522467 -1.26602505 -2.70847938
  3.36217172 -1.23322293 -0.77649693 -2.88407568 -2.7172061   2.54564081
 -2.13655262 -2.04712723 -0.1815495   3.14998823  0.24664285  0.21384962
 -1.25020245 -0.6776401  -1.73377082 -3.03025103  2.87032643  1.23551029
 -0.48570692 -2.18838454  1.10971122 -1.10585766 -0.49042551 -2.73954145
 -2.06516958  1.86554774 -0.87381235  2.6218523  -0.45419505 -2.6715133
 -2.82019494  2.26182905 -3.14423347 -0.44536842 -1.00234825 -0.24660723
  2.34754193  1.84025176  0.01820693 -2.55288717 -2.65892188  0.24436971
 -0.76666229  1.24524129 -2.62771103  1.12505291 -0.38397768  0.42076318
  1.91903347  0.45811853  0.65074919 -1.27156838  1.79161177  2.93982463
  0.99593909  0.22180274 -1.14181202  2.4227879   0.7267408  -1.90977289
 -0.05037957  1.87092232  0.98664686 -1.08002929 -2.30130844  2.22238401
  2.00398666  1.92832315  2.29723373  1.9157868  -1.66121736 -3.10389834
  0.42852358  1.34475826 -2.26275525 -1.12583518  2.31183685  1.39294613
 -0.2719561  -1.84442278 -1.64823681  1.96528134  1.30723918 -1.01188275
 -0.23075427 -0.6930908  -0.30339092  2.3024605  -0.66193815 -0.93534305
  0.7759096  -2.35268895  0.59026929  2.78422908 -0.35242982  2.0472278
 -1.86126416 -1.35336569 -2.59736801 -2.42273041 -1.50153087 -3.02896652
  2.01620139  1.78191108  1.58151691  1.12533526  1.58819454 -2.44421556
 -2.50736726  1.78907344  1.03427281 -0.291859   -2.47720468  1.430983
 -1.04394807 -3.0476211  -0.04720659  1.89751649 -2.70128385 -2.36816599
  1.87611865  1.02966636 -0.62617479 -0.49631302 -0.92140738  1.96405436
  0.47262207 -0.35622633  0.40183258 -2.26662882  1.26136572 -0.15330672
  2.40236129  1.23319607  2.87809185 -1.05733969  2.10171164 -0.42989438
 -3.26841141  2.20322069  0.81147054  1.92881065 -1.28919703  1.43910598
 -2.12172311  0.20898552  0.08303663 -2.79059121 -0.90191392 -2.39307487
  0.07227719 -0.5689861 ]
Sat May 25 17:54:37 2024,570,0.09593800657895964,[-4.65847174  2.36664228 -1.84106076 -0.12409697  0.18672592 -2.68765117
  3.01283015  2.10571273  1.45518709 -0.92536042  0.61239988  1.09170285
  1.13210026 -1.54196763  0.77712885  2.80621716 -0.79815459 -0.63691757
 -1.75472056  0.60195862  1.67657153  2.99185647 -1.2087574  -0.31571288
 -2.42357577 -2.33803698  2.9945816   2.76322707 -0.54433266 -2.36481352
  1.48280816 -0.05850817 -2.31787466  2.09556442  1.28954021 -0.63853965
  0.84777214 -2.31880616 -0.02589535  2.15332938 -0.16394294  0.3888669
  2.71395674  1.04622445  2.46285674  3.16174701  2.64140833 -2.93932938
  0.2653741  -0.8157289   1.75888672  2.86399356 -0.51095167 -2.31763454
  2.78736949 -3.21076721  0.79394305 -0.63487967 -1.74135992  2.69818368
 -1.80955129 -1.58813051 -2.30391407  2.18800726 -2.45128519  2.13559804
  2.07465215  1.53540777  2.38308425  2.80474828  1.64886074  1.20012723
 -1.51324539 -2.22927503  1.4713013   0.71194252  1.31361852 -3.0140232
 -0.37770294  2.51831723 -1.03585466  1.28752001  1.48329384  0.54454998
 -0.83302144  1.11514358  0.66824179 -0.38370033  2.80473748 -1.99307098
  1.53804595 -0.48681182  1.09033685 -2.84976578 -2.45832353  0.45773129
 -1.16150522 -0.49457654  0.36531566 -0.11126726 -1.65032869 -0.0411703
 -0.85970574  2.81181015 -1.06239913 -1.38013476 -0.94883326  1.07796493
  1.85224687 -0.69616528  1.97232731 -2.19417544 -0.3472772  -0.73251654
 -2.89008129  3.16480328 -1.63194545  3.13522461 -1.2660251  -2.70847944
  3.36217167 -1.23322299 -0.77649699 -2.88407563 -2.71720604  2.54564075
 -2.13655257 -2.04712728 -0.18154955  3.14998828  0.2466429   0.21384967
 -1.25020251 -0.67764015 -1.73377077 -3.03025109  2.87032649  1.23551034
 -0.48570697 -2.18838459  1.10971117 -1.10585771 -0.49042557 -2.7395415
 -2.06516953  1.86554769 -0.87381241  2.62185236 -0.454195   -2.67151336
 -2.82019488  2.261829   -3.14423352 -0.44536836 -1.00234819 -0.24660728
  2.34754188  1.84025181  0.01820699 -2.55288712 -2.65892183  0.24436976
 -0.76666223  1.24524134 -2.62771108  1.12505285 -0.38397773  0.42076323
  1.91903341  0.45811847  0.65074925 -1.27156844  1.79161172  2.93982468
  0.99593904  0.22180268 -1.14181197  2.42278795  0.72674086 -1.90977284
 -0.05037962  1.87092237  0.98664681 -1.08002924 -2.30130839  2.22238395
  2.0039866   1.9283231   2.29723379  1.91578686 -1.6612173  -3.10389829
  0.42852353  1.34475821 -2.26275531 -1.12583512  2.31183679  1.39294619
 -0.27195615 -1.84442272 -1.64823687  1.96528128  1.30723913 -1.0118828
 -0.23075432 -0.69309075 -0.30339087  2.30246045 -0.6619382  -0.935343
  0.77590965 -2.35268901  0.59026934  2.78422903 -0.35242976  2.04722775
 -1.86126422 -1.35336563 -2.59736796 -2.42273046 -1.50153092 -3.02896647
  2.01620145  1.78191113  1.58151685  1.12533532  1.58819449 -2.44421551
 -2.50736721  1.78907338  1.03427286 -0.29185895 -2.47720473  1.43098295
 -1.04394801 -3.04762104 -0.04720665  1.89751644 -2.70128391 -2.36816605
  1.8761186   1.02966631 -0.62617474 -0.49631307 -0.92140732  1.96405442
  0.47262212 -0.35622639  0.40183252 -2.26662887  1.26136566 -0.15330667
  2.40236134  1.23319613  2.87809191 -1.05733964  2.1017117  -0.42989443
 -3.26841147  2.20322074  0.8114706   1.9288107  -1.28919708  1.43910592
 -2.12172306  0.20898557  0.08303668 -2.79059126 -0.90191387 -2.39307481
  0.07227714 -0.56898615]
Sat May 25 17:55:15 2024,571,0.09593800657573605,[-4.6584718   2.36664223 -1.84106081 -0.12409692  0.18672598 -2.68765111
  3.0128302   2.10571267  1.45518715 -0.92536036  0.61239982  1.09170279
  1.1321002  -1.54196768  0.77712879  2.80621722 -0.79815453 -0.63691752
 -1.75472062  0.60195857  1.67657159  2.99185642 -1.20875745 -0.31571283
 -2.42357572 -2.33803693  2.99458155  2.76322702 -0.54433272 -2.36481346
  1.48280811 -0.05850812 -2.3178746   2.09556447  1.28954016 -0.6385396
  0.84777219 -2.31880621 -0.0258953   2.15332943 -0.16394288  0.38886685
  2.71395679  1.0462245   2.4628568   3.16174695  2.64140838 -2.93932943
  0.26537405 -0.81572884  1.75888666  2.86399362 -0.51095172 -2.31763459
  2.78736954 -3.21076716  0.79394311 -0.63487962 -1.74135987  2.69818362
 -1.80955124 -1.58813046 -2.30391412  2.18800721 -2.45128514  2.13559798
  2.0746522   1.53540772  2.3830842   2.80474823  1.6488608   1.20012728
 -1.51324545 -2.22927497  1.47130124  0.71194257  1.31361857 -3.01402325
 -0.37770299  2.51831718 -1.03585461  1.28752006  1.4832939   0.54455004
 -0.83302149  1.11514352  0.66824173 -0.38370039  2.80473743 -1.99307092
  1.53804589 -0.48681176  1.0903368  -2.84976584 -2.45832358  0.45773134
 -1.16150528 -0.4945766   0.36531572 -0.11126721 -1.65032864 -0.04117035
 -0.85970579  2.8118101  -1.06239919 -1.38013471 -0.94883332  1.07796487
  1.85224693 -0.69616533  1.97232726 -2.1941755  -0.34727726 -0.73251648
 -2.89008134  3.16480323 -1.6319455   3.13522456 -1.26602516 -2.70847938
  3.36217162 -1.23322293 -0.77649704 -2.88407568 -2.71720599  2.54564081
 -2.13655262 -2.04712723 -0.1815495   3.14998823  0.24664296  0.21384972
 -1.25020256 -0.6776402  -1.73377082 -3.03025114  2.87032654  1.23551029
 -0.48570703 -2.18838454  1.10971122 -1.10585777 -0.49042551 -2.73954145
 -2.06516947  1.86554763 -0.87381235  2.62185241 -0.45419505 -2.6715133
 -2.82019494  2.26182905 -3.14423347 -0.44536831 -1.00234814 -0.24660723
  2.34754183  1.84025187  0.01820704 -2.55288717 -2.65892177  0.24436971
 -0.76666228  1.24524129 -2.62771103  1.12505291 -0.38397768  0.42076318
  1.91903347  0.45811842  0.65074919 -1.27156849  1.79161177  2.93982473
  0.99593909  0.22180263 -1.14181202  2.4227879   0.72674091 -1.90977279
 -0.05037968  1.87092243  0.98664686 -1.08002918 -2.30130833  2.22238401
  2.00398655  1.92832315  2.29723384  1.91578691 -1.66121736 -3.10389834
  0.42852347  1.34475815 -2.26275536 -1.12583517  2.31183685  1.39294624
 -0.2719562  -1.84442267 -1.64823681  1.96528134  1.30723907 -1.01188286
 -0.23075437 -0.69309069 -0.30339092  2.3024605  -0.66193825 -0.93534295
  0.77590971 -2.35268906  0.59026929  2.78422908 -0.35242982  2.04722769
 -1.86126427 -1.35336558 -2.59736801 -2.42273051 -1.50153087 -3.02896641
  2.01620139  1.78191108  1.58151691  1.12533526  1.58819443 -2.44421556
 -2.50736726  1.78907333  1.03427292 -0.29185889 -2.47720479  1.430983
 -1.04394796 -3.0476211  -0.0472067   1.89751649 -2.70128396 -2.36816599
  1.87611865  1.02966625 -0.62617468 -0.49631313 -0.92140727  1.96405436
  0.47262207 -0.35622644  0.40183258 -2.26662882  1.26136561 -0.15330672
  2.40236129  1.23319618  2.87809196 -1.05733958  2.10171164 -0.42989438
 -3.26841152  2.2032208   0.81147065  1.92881065 -1.28919714  1.43910597
 -2.12172301  0.20898552  0.08303674 -2.79059132 -0.90191382 -2.39307476
  0.07227719 -0.5689862 ]
Sat May 25 17:55:38 2024,572,0.09593800657255722,[-4.65847185  2.36664218 -1.84106086 -0.12409686  0.18672592 -2.68765117
  3.01283015  2.10571262  1.45518709 -0.92536031  0.61239988  1.09170285
  1.13210015 -1.54196763  0.77712885  2.80621716 -0.79815459 -0.63691747
 -1.75472056  0.60195851  1.67657164  2.99185636 -1.2087575  -0.31571277
 -2.42357567 -2.33803688  2.9945816   2.76322707 -0.54433266 -2.36481352
  1.48280805 -0.05850806 -2.31787466  2.09556442  1.28954021 -0.63853954
  0.84777214 -2.31880626 -0.02589525  2.15332938 -0.16394294  0.38886679
  2.71395684  1.04622445  2.46285685  3.16174701  2.64140833 -2.93932949
  0.265374   -0.8157289   1.75888672  2.86399357 -0.51095178 -2.31763454
  2.7873696  -3.2107671   0.79394306 -0.63487967 -1.74135992  2.69818368
 -1.80955129 -1.58813051 -2.30391418  2.18800726 -2.45128519  2.13559804
  2.07465215  1.53540767  2.38308425  2.80474828  1.64886085  1.20012733
 -1.51324539 -2.22927503  1.4713013   0.71194252  1.31361863 -3.0140232
 -0.37770294  2.51831723 -1.03585456  1.28752011  1.48329395  0.54454998
 -0.83302144  1.11514347  0.66824168 -0.38370033  2.80473748 -1.99307087
  1.53804595 -0.48681171  1.09033685 -2.84976579 -2.45832363  0.45773129
 -1.16150522 -0.49457654  0.36531566 -0.11126715 -1.65032869 -0.0411703
 -0.85970584  2.81181015 -1.06239924 -1.38013476 -0.94883337  1.07796493
  1.85224687 -0.69616528  1.97232731 -2.19417555 -0.3472772  -0.73251653
 -2.8900814   3.16480328 -1.63194555  3.13522451 -1.2660251  -2.70847944
  3.36217156 -1.23322288 -0.77649699 -2.88407573 -2.71720594  2.54564086
 -2.13655267 -2.04712717 -0.18154955  3.14998817  0.24664301  0.21384978
 -1.25020251 -0.67764026 -1.73377077 -3.03025119  2.87032649  1.23551024
 -0.48570697 -2.18838448  1.10971117 -1.10585771 -0.49042546 -2.7395415
 -2.06516953  1.86554758 -0.8738123   2.62185247 -0.454195   -2.67151325
 -2.82019499  2.2618291  -3.14423352 -0.44536836 -1.00234819 -0.24660728
  2.34754177  1.84025192  0.01820699 -2.55288722 -2.65892172  0.24436976
 -0.76666223  1.24524134 -2.62771108  1.12505296 -0.38397773  0.42076323
  1.91903342  0.45811847  0.65074924 -1.27156854  1.79161182  2.93982468
  0.99593914  0.22180258 -1.14181207  2.42278795  0.72674096 -1.90977284
 -0.05037962  1.87092248  0.98664692 -1.08002913 -2.30130828  2.22238406
  2.0039866   1.9283232   2.29723379  1.91578686 -1.6612173  -3.10389829
  0.42852353  1.34475821 -2.26275531 -1.12583512  2.3118369   1.39294629
 -0.27195626 -1.84442272 -1.64823687  1.96528128  1.30723902 -1.01188291
 -0.23075443 -0.69309075 -0.30339087  2.30246045 -0.66193831 -0.93534289
  0.77590976 -2.35268901  0.59026923  2.78422914 -0.35242987  2.04722775
 -1.86126422 -1.35336563 -2.59736807 -2.42273057 -1.50153092 -3.02896647
  2.01620145  1.78191113  1.58151685  1.12533521  1.58819438 -2.44421551
 -2.50736721  1.78907328  1.03427286 -0.29185894 -2.47720484  1.43098305
 -1.04394791 -3.04762104 -0.04720675  1.89751644 -2.70128391 -2.36816594
  1.8761186   1.02966631 -0.62617474 -0.49631318 -0.92140722  1.96405431
  0.47262202 -0.35622639  0.40183263 -2.26662876  1.26136566 -0.15330677
  2.40236123  1.23319624  2.87809201 -1.05733963  2.10171159 -0.42989433
 -3.26841157  2.20322074  0.8114706   1.9288107  -1.28919708  1.43910603
 -2.12172295  0.20898557  0.08303669 -2.79059126 -0.90191387 -2.39307481
  0.07227725 -0.56898626]
Sat May 25 17:56:02 2024,573,0.09593800656942195,[-4.6584719   2.36664223 -1.84106092 -0.12409681  0.18672597 -2.68765111
  3.0128301   2.10571257  1.45518714 -0.92536036  0.61239982  1.0917028
  1.1321002  -1.54196758  0.7771289   2.80621722 -0.79815464 -0.63691752
 -1.75472051  0.60195846  1.67657169  2.99185642 -1.20875756 -0.31571272
 -2.42357561 -2.33803682  2.99458165  2.76322702 -0.54433271 -2.36481357
  1.4828081  -0.05850812 -2.31787471  2.09556437  1.28954026 -0.63853949
  0.84777209 -2.31880632 -0.0258952   2.15332933 -0.16394288  0.38886685
  2.71395689  1.0462244   2.4628569   3.16174696  2.64140838 -2.93932944
  0.26537405 -0.81572895  1.75888666  2.86399351 -0.51095183 -2.31763448
  2.78736954 -3.21076716  0.793943   -0.63487962 -1.74135997  2.69818362
 -1.80955134 -1.58813057 -2.30391423  2.18800721 -2.45128525  2.13559809
  2.0746521   1.53540772  2.3830842   2.80474833  1.6488608   1.20012739
 -1.51324534 -2.22927497  1.47130124  0.71194247  1.31361868 -3.01402325
 -0.37770299  2.51831718 -1.03585451  1.28752017  1.4832939   0.54455004
 -0.83302139  1.11514352  0.66824173 -0.38370028  2.80473753 -1.99307082
  1.538046   -0.48681176  1.0903368  -2.84976584 -2.45832358  0.45773124
 -1.16150517 -0.49457649  0.36531572 -0.1112672  -1.65032874 -0.04117025
 -0.8597059   2.81181021 -1.06239929 -1.38013481 -0.94883332  1.07796498
  1.85224682 -0.69616533  1.97232736 -2.1941755  -0.34727715 -0.73251648
 -2.89008135  3.16480334 -1.63194561  3.13522456 -1.26602505 -2.70847938
  3.36217151 -1.23322293 -0.77649694 -2.88407568 -2.71720589  2.54564081
 -2.13655262 -2.04712712 -0.1815496   3.14998823  0.24664296  0.21384972
 -1.25020256 -0.67764021 -1.73377072 -3.03025114  2.87032654  1.23551029
 -0.48570703 -2.18838443  1.10971111 -1.10585777 -0.49042541 -2.73954155
 -2.06516947  1.86554763 -0.87381225  2.62185252 -0.45419495 -2.6715133
 -2.82019504  2.26182916 -3.14423347 -0.44536841 -1.00234824 -0.24660723
  2.34754172  1.84025197  0.01820694 -2.55288717 -2.65892167  0.24436971
 -0.76666218  1.24524129 -2.62771113  1.12505301 -0.38397778  0.42076328
  1.91903336  0.45811842  0.65074919 -1.27156849  1.79161177  2.93982463
  0.99593909  0.22180252 -1.14181213  2.4227879   0.72674102 -1.90977289
 -0.05037957  1.87092243  0.98664697 -1.08002908 -2.30130833  2.22238401
  2.00398665  1.92832315  2.29723374  1.9157868  -1.66121735 -3.10389834
  0.42852358  1.34475826 -2.26275526 -1.12583507  2.31183695  1.39294624
 -0.27195621 -1.84442277 -1.64823692  1.96528134  1.30723897 -1.01188296
 -0.23075448 -0.69309069 -0.30339092  2.3024605  -0.66193836 -0.93534295
  0.77590971 -2.35268906  0.59026929  2.78422919 -0.35242982  2.04722769
 -1.86126417 -1.35336568 -2.59736801 -2.42273052 -1.50153097 -3.02896641
  2.0162015   1.78191108  1.5815169   1.12533526  1.58819443 -2.44421556
 -2.50736726  1.78907323  1.03427291 -0.29185889 -2.47720489  1.430983
 -1.04394796 -3.0476211  -0.0472067   1.89751639 -2.70128386 -2.36816589
  1.87611855  1.02966625 -0.62617479 -0.49631313 -0.92140727  1.96405426
  0.47262196 -0.35622633  0.40183258 -2.26662882  1.26136572 -0.15330672
  2.40236118  1.23319618  2.87809196 -1.05733969  2.10171154 -0.42989438
 -3.26841163  2.2032208   0.81147065  1.92881075 -1.28919703  1.43910598
 -2.12172301  0.20898552  0.08303674 -2.79059121 -0.90191382 -2.39307476
  0.0722773  -0.56898631]
Sat May 25 17:56:26 2024,574,0.09593800656633023,[-4.65847195  2.36664218 -1.84106086 -0.12409686  0.18672603 -2.68765106
  3.01283004  2.10571262  1.4551872  -0.92536031  0.61239988  1.09170285
  1.13210025 -1.54196752  0.77712895  2.80621727 -0.79815469 -0.63691757
 -1.75472046  0.60195851  1.67657164  2.99185637 -1.2087575  -0.31571277
 -2.42357556 -2.33803677  2.9945817   2.76322707 -0.54433277 -2.36481362
  1.48280805 -0.05850807 -2.31787466  2.09556431  1.28954021 -0.63853954
  0.84777214 -2.31880637 -0.02589514  2.15332938 -0.16394283  0.3888669
  2.71395695  1.04622445  2.46285685  3.1617469   2.64140843 -2.93932938
  0.265374   -0.815729    1.75888661  2.86399346 -0.51095188 -2.31763454
  2.78736949 -3.21076711  0.79394295 -0.63487967 -1.74136002  2.69818367
 -1.80955129 -1.58813062 -2.30391418  2.18800716 -2.4512853   2.13559804
  2.07465205  1.53540767  2.38308415  2.80474828  1.64886085  1.20012744
 -1.51324539 -2.22927492  1.4713013   0.71194242  1.31361873 -3.0140233
 -0.37770304  2.51831723 -1.03585445  1.28752012  1.48329395  0.54454998
 -0.83302144  1.11514357  0.66824168 -0.38370033  2.80473758 -1.99307087
  1.53804605 -0.48681171  1.09033685 -2.84976579 -2.45832363  0.45773129
 -1.16150522 -0.49457654  0.36531577 -0.11126715 -1.65032869 -0.0411703
 -0.85970595  2.81181026 -1.06239924 -1.38013476 -0.94883337  1.07796493
  1.85224687 -0.69616528  1.97232741 -2.19417555 -0.3472772  -0.73251653
 -2.89008129  3.16480328 -1.63194566  3.13522451 -1.266025   -2.70847943
  3.36217156 -1.23322288 -0.77649699 -2.88407563 -2.71720594  2.54564086
 -2.13655257 -2.04712717 -0.18154966  3.14998828  0.24664291  0.21384978
 -1.25020261 -0.67764015 -1.73377067 -3.03025119  2.87032649  1.23551024
 -0.48570708 -2.18838438  1.10971117 -1.10585782 -0.49042546 -2.7395415
 -2.06516953  1.86554758 -0.8738123   2.62185247 -0.454195   -2.67151325
 -2.82019509  2.26182921 -3.14423342 -0.44536846 -1.00234819 -0.24660728
  2.34754177  1.84025192  0.01820688 -2.55288722 -2.65892172  0.24436976
 -0.76666223  1.24524134 -2.62771118  1.12505306 -0.38397783  0.42076323
  1.91903331  0.45811847  0.65074914 -1.27156844  1.79161172  2.93982468
  0.99593914  0.22180247 -1.14181218  2.42278785  0.72674107 -1.90977284
 -0.05037952  1.87092238  0.98664692 -1.08002903 -2.30130838  2.22238406
  2.00398671  1.9283231   2.29723368  1.91578675 -1.66121741 -3.10389839
  0.42852363  1.34475821 -2.26275521 -1.12583512  2.3118369   1.39294629
 -0.27195626 -1.84442272 -1.64823687  1.96528128  1.30723902 -1.01188301
 -0.23075453 -0.69309064 -0.30339087  2.30246055 -0.66193831 -0.935343
  0.77590976 -2.35268911  0.59026923  2.78422914 -0.35242977  2.04722774
 -1.86126422 -1.35336573 -2.59736806 -2.42273046 -1.50153092 -3.02896647
  2.01620155  1.78191113  1.58151696  1.12533532  1.58819438 -2.44421561
 -2.50736731  1.78907328  1.03427297 -0.29185884 -2.47720484  1.43098305
 -1.04394801 -3.04762104 -0.04720665  1.89751634 -2.70128381 -2.36816584
  1.8761185   1.0296662  -0.62617484 -0.49631318 -0.92140732  1.96405431
  0.47262191 -0.35622639  0.40183253 -2.26662887  1.26136577 -0.15330677
  2.40236113  1.23319623  2.87809191 -1.05733964  2.10171159 -0.42989443
 -3.26841157  2.20322075  0.8114707   1.9288107  -1.28919708  1.43910603
 -2.12172295  0.20898557  0.08303669 -2.79059126 -0.90191387 -2.39307481
  0.07227735 -0.56898636]
Sat May 25 17:56:51 2024,575,0.09593800656328055,[-4.658472    2.36664213 -1.84106081 -0.12409691  0.18672608 -2.68765101
  3.01282999  2.10571257  1.45518715 -0.92536026  0.61239982  1.0917029
  1.1321002  -1.54196747  0.777129    2.80621732 -0.79815474 -0.63691762
 -1.75472051  0.60195846  1.67657159  2.99185631 -1.20875755 -0.31571283
 -2.42357551 -2.33803672  2.99458165  2.76322712 -0.54433272 -2.36481357
  1.4828081  -0.05850801 -2.31787471  2.09556426  1.28954016 -0.63853949
  0.84777209 -2.31880632 -0.02589519  2.15332943 -0.16394288  0.38886695
  2.713957    1.0462245   2.4628568   3.16174695  2.64140848 -2.93932943
  0.26537405 -0.81572905  1.75888666  2.86399351 -0.51095193 -2.31763459
  2.78736944 -3.21076705  0.793943   -0.63487962 -1.74136007  2.69818373
 -1.80955134 -1.58813067 -2.30391413  2.18800721 -2.45128535  2.13559799
  2.0746521   1.53540761  2.3830841   2.80474823  1.6488609   1.20012739
 -1.51324534 -2.22927487  1.47130125  0.71194237  1.31361878 -3.01402336
 -0.37770299  2.51831718 -1.0358544   1.28752017  1.4832939   0.54455004
 -0.83302149  1.11514352  0.66824173 -0.38370038  2.80473753 -1.99307082
  1.5380461  -0.48681166  1.0903369  -2.84976573 -2.45832368  0.45773124
 -1.16150528 -0.49457649  0.36531582 -0.1112671  -1.65032874 -0.04117025
 -0.859706    2.81181031 -1.06239929 -1.38013471 -0.94883332  1.07796488
  1.85224692 -0.69616523  1.97232746 -2.1941756  -0.34727726 -0.73251648
 -2.89008134  3.16480323 -1.63194561  3.13522446 -1.26602505 -2.70847938
  3.36217161 -1.23322283 -0.77649704 -2.88407568 -2.71720599  2.54564091
 -2.13655252 -2.04712712 -0.1815496   3.14998823  0.24664286  0.21384983
 -1.25020266 -0.6776402  -1.73377062 -3.03025114  2.87032644  1.23551018
 -0.48570703 -2.18838443  1.10971122 -1.10585787 -0.49042541 -2.73954145
 -2.06516958  1.86554763 -0.87381225  2.62185252 -0.45419505 -2.6715132
 -2.82019514  2.26182926 -3.14423337 -0.44536852 -1.00234824 -0.24660723
  2.34754182  1.84025197  0.01820694 -2.55288727 -2.65892167  0.24436971
 -0.76666218  1.24524129 -2.62771123  1.12505311 -0.38397788  0.42076328
  1.91903336  0.45811852  0.65074909 -1.27156839  1.79161167  2.93982473
  0.99593909  0.22180242 -1.14181223  2.4227879   0.72674112 -1.90977279
 -0.05037947  1.87092243  0.98664687 -1.08002908 -2.30130833  2.22238401
  2.00398676  1.92832305  2.29723374  1.9157868  -1.66121746 -3.10389844
  0.42852368  1.34475826 -2.26275515 -1.12583507  2.31183685  1.39294634
 -0.27195621 -1.84442267 -1.64823682  1.96528134  1.30723907 -1.01188306
 -0.23075448 -0.69309069 -0.30339082  2.3024606  -0.66193836 -0.93534305
  0.77590981 -2.35268906  0.59026918  2.78422909 -0.35242971  2.04722769
 -1.86126417 -1.35336579 -2.59736801 -2.42273051 -1.50153097 -3.02896642
  2.0162016   1.78191108  1.58151691  1.12533526  1.58819443 -2.44421556
 -2.50736736  1.78907323  1.03427302 -0.29185879 -2.47720479  1.4309831
 -1.04394806 -3.04762109 -0.0472066   1.89751628 -2.70128386 -2.36816589
  1.87611845  1.02966625 -0.62617479 -0.49631313 -0.92140737  1.96405426
  0.47262196 -0.35622633  0.40183258 -2.26662892  1.26136572 -0.15330672
  2.40236118  1.23319629  2.87809196 -1.05733969  2.10171164 -0.42989448
 -3.26841152  2.2032208   0.81147065  1.92881065 -1.28919713  1.43910608
 -2.1217229   0.20898562  0.08303674 -2.79059131 -0.90191382 -2.39307486
  0.0722773  -0.56898641]
Sat May 25 17:57:25 2024,576,0.09593800656027181,[-4.65847206  2.36664208 -1.84106086 -0.12409697  0.18672613 -2.68765106
  3.01283004  2.10571252  1.4551872  -0.92536021  0.61239977  1.09170285
  1.13210025 -1.54196752  0.77712895  2.80621737 -0.79815469 -0.63691757
 -1.75472046  0.60195851  1.67657154  2.99185626 -1.20875761 -0.31571277
 -2.42357546 -2.33803667  2.9945817   2.76322717 -0.54433266 -2.36481362
  1.48280805 -0.05850806 -2.31787466  2.09556431  1.28954011 -0.63853954
  0.84777204 -2.31880627 -0.02589514  2.15332938 -0.16394283  0.388867
  2.71395695  1.04622455  2.46285675  3.16174701  2.64140843 -2.93932948
  0.2653741  -0.815729    1.75888661  2.86399356 -0.51095188 -2.31763464
  2.78736939 -3.21076711  0.79394295 -0.63487967 -1.74136002  2.69818378
 -1.80955139 -1.58813072 -2.30391418  2.18800726 -2.4512854   2.13559804
  2.07465205  1.53540756  2.38308405  2.80474818  1.64886085  1.20012734
 -1.51324529 -2.22927492  1.47130119  0.71194232  1.31361883 -3.0140233
 -0.37770304  2.51831723 -1.03585435  1.28752012  1.48329395  0.54454999
 -0.83302144  1.11514347  0.66824178 -0.38370033  2.80473758 -1.99307077
  1.53804605 -0.48681171  1.09033695 -2.84976568 -2.45832363  0.45773129
 -1.16150522 -0.49457644  0.36531587 -0.11126705 -1.65032869 -0.0411702
 -0.85970595  2.81181036 -1.06239934 -1.38013476 -0.94883327  1.07796493
  1.85224687 -0.69616528  1.97232751 -2.19417565 -0.34727731 -0.73251643
 -2.89008129  3.16480318 -1.63194556  3.13522441 -1.2660251  -2.70847943
  3.36217166 -1.23322288 -0.77649709 -2.88407563 -2.71720604  2.54564096
 -2.13655247 -2.04712707 -0.18154955  3.14998818  0.24664291  0.21384978
 -1.25020261 -0.67764015 -1.73377067 -3.03025119  2.87032639  1.23551013
 -0.48570698 -2.18838438  1.10971127 -1.10585792 -0.49042536 -2.7395415
 -2.06516953  1.86554758 -0.8738123   2.62185257 -0.454195   -2.67151325
 -2.82019509  2.26182931 -3.14423342 -0.44536857 -1.00234819 -0.24660718
  2.34754177  1.84025202  0.01820699 -2.55288732 -2.65892162  0.24436966
 -0.76666223  1.24524124 -2.62771128  1.12505306 -0.38397793  0.42076333
  1.91903341  0.45811847  0.65074904 -1.27156844  1.79161162  2.93982478
  0.99593904  0.22180237 -1.14181218  2.42278795  0.72674107 -1.90977284
 -0.05037942  1.87092248  0.98664692 -1.08002903 -2.30130828  2.22238396
  2.00398671  1.9283231   2.29723379  1.91578685 -1.66121751 -3.10389849
  0.42852373  1.34475831 -2.2627551  -1.12583502  2.3118369   1.39294629
 -0.27195616 -1.84442272 -1.64823676  1.96528129  1.30723902 -1.01188301
 -0.23075443 -0.69309074 -0.30339077  2.30246065 -0.66193841 -0.935343
  0.77590976 -2.35268911  0.59026923  2.78422904 -0.35242976  2.04722774
 -1.86126412 -1.35336574 -2.59736806 -2.42273056 -1.50153092 -3.02896647
  2.01620165  1.78191103  1.58151696  1.12533521  1.58819438 -2.44421551
 -2.50736731  1.78907328  1.03427307 -0.29185874 -2.47720474  1.43098315
 -1.04394811 -3.04762115 -0.04720655  1.89751623 -2.70128381 -2.36816584
  1.8761184   1.0296663  -0.62617484 -0.49631318 -0.92140732  1.96405431
  0.47262201 -0.35622628  0.40183253 -2.26662887  1.26136567 -0.15330677
  2.40236123  1.23319634  2.87809191 -1.05733974  2.10171169 -0.42989443
 -3.26841157  2.20322075  0.8114707   1.9288107  -1.28919708  1.43910603
 -2.12172285  0.20898557  0.08303669 -2.79059136 -0.90191377 -2.39307481
  0.07227725 -0.56898636]
Sat May 25 17:57:58 2024,577,0.0959380065573034,[-4.6584721   2.36664213 -1.84106091 -0.12409692  0.18672608 -2.68765101
  3.01282999  2.10571257  1.45518715 -0.92536016  0.61239982  1.0917029
  1.1321003  -1.54196757  0.7771289   2.80621742 -0.79815474 -0.63691762
 -1.75472051  0.60195856  1.67657159  2.99185621 -1.20875756 -0.31571282
 -2.42357541 -2.33803662  2.99458165  2.76322722 -0.54433271 -2.36481357
  1.4828081  -0.05850811 -2.31787471  2.09556426  1.28954016 -0.63853959
  0.84777209 -2.31880632 -0.02589509  2.15332933 -0.16394288  0.38886695
  2.713957    1.0462246   2.4628567   3.16174705  2.64140838 -2.93932953
  0.26537415 -0.81572905  1.75888656  2.86399361 -0.51095183 -2.31763459
  2.78736934 -3.21076715  0.7939429  -0.63487962 -1.74136007  2.69818383
 -1.80955144 -1.58813077 -2.30391423  2.18800721 -2.45128545  2.13559799
  2.0746521   1.53540761  2.3830841   2.80474823  1.6488608   1.20012729
 -1.51324524 -2.22927487  1.47130124  0.71194237  1.31361878 -3.01402335
 -0.37770309  2.51831728 -1.0358543   1.28752017  1.4832939   0.54454994
 -0.83302139  1.11514342  0.66824183 -0.38370028  2.80473753 -1.99307072
  1.538046   -0.48681176  1.0903369  -2.84976573 -2.45832368  0.45773124
 -1.16150518 -0.49457649  0.36531592 -0.111267   -1.65032874 -0.04117015
 -0.8597059   2.81181041 -1.06239939 -1.38013481 -0.94883332  1.07796498
  1.85224682 -0.69616533  1.97232746 -2.1941756  -0.34727726 -0.73251638
 -2.89008134  3.16480323 -1.63194551  3.13522436 -1.26602505 -2.70847938
  3.36217171 -1.23322293 -0.77649704 -2.88407568 -2.71720599  2.54564101
 -2.13655252 -2.04712702 -0.1815496   3.14998813  0.24664286  0.21384973
 -1.25020266 -0.6776401  -1.73377062 -3.03025124  2.87032644  1.23551008
 -0.48570703 -2.18838433  1.10971122 -1.10585787 -0.49042541 -2.73954155
 -2.06516958  1.86554763 -0.87381235  2.62185252 -0.45419495 -2.6715133
 -2.82019514  2.26182926 -3.14423347 -0.44536862 -1.00234814 -0.24660723
  2.34754182  1.84025207  0.01820704 -2.55288727 -2.65892167  0.24436971
 -0.76666218  1.24524129 -2.62771123  1.12505311 -0.38397788  0.42076338
  1.91903336  0.45811852  0.65074909 -1.27156839  1.79161167  2.93982483
  0.99593909  0.22180242 -1.14181223  2.4227879   0.72674102 -1.90977289
 -0.05037947  1.87092253  0.98664687 -1.08002908 -2.30130833  2.22238401
  2.00398666  1.92832315  2.29723374  1.9157869  -1.66121746 -3.10389854
  0.42852378  1.34475826 -2.26275505 -1.12583507  2.31183685  1.39294624
 -0.27195611 -1.84442267 -1.64823681  1.96528124  1.30723907 -1.01188296
 -0.23075448 -0.69309069 -0.30339082  2.3024606  -0.66193846 -0.93534305
  0.77590971 -2.35268906  0.59026928  2.78422909 -0.35242981  2.04722769
 -1.86126417 -1.35336569 -2.59736801 -2.42273061 -1.50153087 -3.02896642
  2.0162017   1.78191098  1.58151691  1.12533526  1.58819443 -2.44421556
 -2.50736726  1.78907323  1.03427302 -0.29185879 -2.47720469  1.4309832
 -1.04394816 -3.04762119 -0.0472065   1.89751628 -2.70128386 -2.36816589
  1.87611845  1.02966625 -0.62617479 -0.49631313 -0.92140737  1.96405426
  0.47262206 -0.35622623  0.40183258 -2.26662882  1.26136572 -0.15330682
  2.40236118  1.23319629  2.87809196 -1.05733969  2.10171164 -0.42989448
 -3.26841152  2.2032207   0.81147075  1.92881065 -1.28919713  1.43910598
 -2.1217229   0.20898562  0.08303674 -2.79059131 -0.90191382 -2.39307476
  0.0722772  -0.56898631]
Sat May 25 17:58:21 2024,578,0.09593800655437452,[-4.65847215  2.36664218 -1.84106096 -0.12409696  0.18672603 -2.68765106
  3.01283004  2.10571252  1.4551871  -0.92536021  0.61239978  1.09170285
  1.13210025 -1.54196762  0.77712895  2.80621747 -0.79815469 -0.63691767
 -1.75472046  0.60195851  1.67657164  2.99185617 -1.2087576  -0.31571278
 -2.42357546 -2.33803667  2.9945817   2.76322717 -0.54433267 -2.36481352
  1.48280805 -0.05850816 -2.31787476  2.09556431  1.28954011 -0.63853954
  0.84777214 -2.31880637 -0.02589514  2.15332938 -0.16394293  0.388867
  2.71395695  1.04622455  2.46285665  3.1617471   2.64140833 -2.93932949
  0.2653741  -0.815729    1.75888651  2.86399366 -0.51095178 -2.31763454
  2.78736939 -3.2107672   0.79394295 -0.63487967 -1.74136012  2.69818378
 -1.80955149 -1.58813082 -2.30391418  2.18800716 -2.4512854   2.13559794
  2.07465215  1.53540766  2.38308415  2.80474818  1.64886085  1.20012734
 -1.51324519 -2.22927492  1.47130129  0.71194241  1.31361873 -3.0140234
 -0.37770304  2.51831733 -1.03585435  1.28752012  1.48329385  0.54454998
 -0.83302134  1.11514337  0.66824188 -0.38370023  2.80473748 -1.99307067
  1.53804595 -0.48681181  1.09033695 -2.84976569 -2.45832373  0.45773119
 -1.16150522 -0.49457654  0.36531597 -0.11126705 -1.65032879 -0.0411702
 -0.85970595  2.81181046 -1.06239934 -1.38013486 -0.94883327  1.07796502
  1.85224687 -0.69616528  1.97232742 -2.19417565 -0.34727721 -0.73251643
 -2.89008129  3.16480318 -1.63194556  3.13522431 -1.2660251  -2.70847934
  3.36217176 -1.23322288 -0.77649699 -2.88407563 -2.71720594  2.54564106
 -2.13655247 -2.04712697 -0.18154965  3.14998808  0.24664281  0.21384978
 -1.25020271 -0.67764006 -1.73377067 -3.03025119  2.87032639  1.23551004
 -0.48570707 -2.18838438  1.10971127 -1.10585782 -0.49042546 -2.7395415
 -2.06516953  1.86554768 -0.8738124   2.62185257 -0.4541949  -2.67151335
 -2.82019519  2.26182931 -3.14423352 -0.44536866 -1.00234809 -0.24660728
  2.34754187  1.84025212  0.01820699 -2.55288722 -2.65892162  0.24436976
 -0.76666223  1.24524124 -2.62771119  1.12505316 -0.38397793  0.42076343
  1.91903331  0.45811857  0.65074904 -1.27156844  1.79161172  2.93982478
  0.99593914  0.22180237 -1.14181228  2.42278785  0.72674097 -1.90977294
 -0.05037952  1.87092258  0.98664682 -1.08002913 -2.30130838  2.22238396
  2.00398661  1.9283232   2.29723379  1.91578695 -1.66121741 -3.10389849
  0.42852383  1.34475831 -2.26275501 -1.12583502  2.3118369   1.39294629
 -0.27195606 -1.84442262 -1.64823686  1.96528128  1.30723902 -1.01188301
 -0.23075453 -0.69309064 -0.30339087  2.30246055 -0.66193841 -0.935343
  0.77590976 -2.35268901  0.59026933  2.78422913 -0.35242986  2.04722774
 -1.86126412 -1.35336564 -2.59736806 -2.42273057 -1.50153082 -3.02896637
  2.01620175  1.78191093  1.58151686  1.12533531  1.58819448 -2.44421561
 -2.50736731  1.78907318  1.03427307 -0.29185884 -2.47720464  1.43098325
 -1.04394821 -3.04762115 -0.04720655  1.89751623 -2.70128391 -2.36816584
  1.8761184   1.0296662  -0.62617474 -0.49631308 -0.92140742  1.96405421
  0.47262211 -0.35622619  0.40183253 -2.26662887  1.26136576 -0.15330677
  2.40236123  1.23319624  2.87809191 -1.05733964  2.10171169 -0.42989453
 -3.26841147  2.20322065  0.8114708   1.9288107  -1.28919718  1.43910603
 -2.12172285  0.20898567  0.08303669 -2.79059136 -0.90191377 -2.39307481
  0.07227715 -0.56898626]
Sat May 25 17:58:45 2024,579,0.09593800655148513,[-4.6584722   2.36664213 -1.84106091 -0.12409692  0.18672608 -2.68765101
  3.01283009  2.10571247  1.45518705 -0.92536026  0.61239973  1.0917029
  1.1321003  -1.54196757  0.777129    2.80621742 -0.79815474 -0.63691772
 -1.75472041  0.60195856  1.67657168  2.99185612 -1.20875765 -0.31571282
 -2.42357541 -2.33803672  2.99458175  2.76322712 -0.54433262 -2.36481357
  1.4828081  -0.05850821 -2.31787481  2.09556426  1.28954016 -0.63853949
  0.84777219 -2.31880641 -0.0258951   2.15332943 -0.16394288  0.38886695
  2.713957    1.0462246   2.4628567   3.16174706  2.64140838 -2.93932944
  0.26537405 -0.81572895  1.75888656  2.86399361 -0.51095173 -2.31763459
  2.78736934 -3.21076716  0.7939429  -0.63487972 -1.74136007  2.69818382
 -1.80955154 -1.58813077 -2.30391413  2.18800721 -2.45128535  2.13559799
  2.0746521   1.53540761  2.3830841   2.80474813  1.6488609   1.20012729
 -1.51324514 -2.22927497  1.47130134  0.71194246  1.31361868 -3.01402345
 -0.377703    2.51831728 -1.0358544   1.28752016  1.4832939   0.54454994
 -0.83302129  1.11514333  0.66824183 -0.38370019  2.80473744 -1.99307062
  1.538046   -0.48681176  1.090337   -2.84976573 -2.45832378  0.45773124
 -1.16150518 -0.49457649  0.36531592 -0.111267   -1.65032874 -0.04117015
 -0.8597059   2.81181041 -1.06239939 -1.38013481 -0.94883332  1.07796507
  1.85224692 -0.69616533  1.97232737 -2.1941756  -0.34727716 -0.73251638
 -2.89008134  3.16480314 -1.63194561  3.13522436 -1.26602515 -2.70847929
  3.36217181 -1.23322283 -0.77649694 -2.88407558 -2.71720589  2.54564101
 -2.13655252 -2.04712693 -0.1815497   3.14998813  0.24664276  0.21384973
 -1.25020276 -0.6776401  -1.73377062 -3.03025115  2.87032644  1.23551008
 -0.48570712 -2.18838443  1.10971132 -1.10585777 -0.49042541 -2.73954155
 -2.06516948  1.86554763 -0.87381245  2.62185252 -0.45419485 -2.6715134
 -2.82019514  2.26182936 -3.14423347 -0.44536871 -1.00234805 -0.24660732
  2.34754182  1.84025207  0.01820703 -2.55288718 -2.65892167  0.24436981
 -0.76666218  1.24524119 -2.62771123  1.12505311 -0.38397789  0.42076338
  1.91903336  0.45811852  0.65074899 -1.27156839  1.79161176  2.93982473
  0.99593919  0.22180242 -1.14181233  2.4227878   0.72674102 -1.90977299
 -0.05037947  1.87092253  0.98664687 -1.08002917 -2.30130843  2.22238391
  2.00398656  1.92832325  2.29723383  1.9157869  -1.66121746 -3.10389844
  0.42852378  1.34475826 -2.26275496 -1.12583497  2.31183695  1.39294624
 -0.27195611 -1.84442257 -1.64823682  1.96528133  1.30723897 -1.01188306
 -0.23075458 -0.69309069 -0.30339082  2.3024606  -0.66193846 -0.93534305
  0.77590981 -2.35268906  0.59026938  2.78422909 -0.35242991  2.04722779
 -1.86126407 -1.35336568 -2.59736811 -2.42273061 -1.50153087 -3.02896632
  2.0162017   1.78191088  1.58151691  1.12533526  1.58819453 -2.44421556
 -2.50736736  1.78907323  1.03427312 -0.29185879 -2.47720459  1.4309832
 -1.04394826 -3.04762119 -0.0472065   1.89751619 -2.70128395 -2.36816589
  1.87611845  1.02966625 -0.62617479 -0.49631313 -0.92140737  1.96405426
  0.47262216 -0.35622614  0.40183257 -2.26662882  1.26136581 -0.15330673
  2.40236128  1.23319619  2.87809196 -1.05733959  2.10171174 -0.42989458
 -3.26841152  2.2032206   0.81147075  1.92881065 -1.28919723  1.43910598
 -2.1217229   0.20898562  0.08303674 -2.79059131 -0.90191382 -2.39307476
  0.0722772  -0.56898621]
Sat May 25 17:59:25 2024,580,0.09593800654863334,[-4.65847225  2.36664217 -1.84106087 -0.12409687  0.18672603 -2.68765106
  3.01283004  2.10571242  1.455187   -0.9253603   0.61239968  1.09170294
  1.13210026 -1.54196762  0.77712905  2.80621747 -0.79815479 -0.63691777
 -1.75472036  0.60195861  1.67657173  2.99185616 -1.20875761 -0.31571278
 -2.42357536 -2.33803677  2.9945817   2.76322708 -0.54433266 -2.36481352
  1.48280815 -0.05850826 -2.31787485  2.09556422  1.28954021 -0.63853945
  0.84777223 -2.31880646 -0.02589514  2.15332938 -0.16394284  0.388867
  2.71395695  1.04622455  2.46285665  3.1617471   2.64140833 -2.93932948
  0.2653741  -0.8157289   1.75888661  2.86399366 -0.51095178 -2.31763454
  2.78736939 -3.2107672   0.79394295 -0.63487967 -1.74136012  2.69818387
 -1.80955159 -1.58813082 -2.30391418  2.18800716 -2.4512853   2.13559794
  2.07465215  1.53540766  2.38308415  2.80474818  1.64886085  1.20012734
 -1.51324519 -2.22927492  1.47130139  0.71194242  1.31361873 -3.0140234
 -0.37770295  2.51831723 -1.03585435  1.28752012  1.48329385  0.54454989
 -0.83302124  1.11514328  0.66824188 -0.38370014  2.80473748 -1.99307067
  1.53804595 -0.48681171  1.09033695 -2.84976578 -2.45832383  0.45773128
 -1.16150513 -0.49457654  0.36531587 -0.11126705 -1.65032879 -0.0411701
 -0.85970595  2.81181046 -1.06239934 -1.38013476 -0.94883337  1.07796512
  1.85224697 -0.69616528  1.97232732 -2.19417555 -0.34727721 -0.73251634
 -2.89008139  3.16480318 -1.63194556  3.1352244  -1.2660252  -2.70847933
  3.36217186 -1.23322288 -0.77649689 -2.88407553 -2.71720584  2.54564106
 -2.13655247 -2.04712697 -0.18154965  3.14998808  0.24664271  0.21384968
 -1.25020271 -0.67764006 -1.73377057 -3.03025119  2.87032639  1.23551013
 -0.48570717 -2.18838438  1.10971127 -1.10585782 -0.49042536 -2.7395415
 -2.06516943  1.86554758 -0.8738125   2.62185247 -0.4541949  -2.67151345
 -2.82019519  2.26182931 -3.14423342 -0.44536876 -1.00234809 -0.24660728
  2.34754187  1.84025212  0.01820699 -2.55288722 -2.65892162  0.24436976
 -0.76666213  1.24524114 -2.62771119  1.12505307 -0.38397784  0.42076334
  1.91903331  0.45811847  0.65074904 -1.27156834  1.79161181  2.93982469
  0.99593924  0.22180247 -1.14181228  2.42278775  0.72674097 -1.90977303
 -0.05037942  1.87092248  0.98664691 -1.08002922 -2.30130848  2.22238386
  2.00398651  1.9283232   2.29723388  1.91578695 -1.66121741 -3.1038984
  0.42852373  1.34475821 -2.26275501 -1.12583502  2.3118369   1.3929462
 -0.27195606 -1.84442262 -1.64823677  1.96528138  1.30723892 -1.01188301
 -0.23075453 -0.69309074 -0.30339077  2.30246065 -0.66193841 -0.93534309
  0.77590986 -2.35268901  0.59026933  2.78422904 -0.35242986  2.04722774
 -1.86126402 -1.35336573 -2.59736806 -2.42273066 -1.50153092 -3.02896637
  2.01620165  1.78191093  1.58151695  1.12533522  1.58819448 -2.44421561
 -2.50736731  1.78907327  1.03427307 -0.29185884 -2.47720454  1.43098325
 -1.04394831 -3.04762115 -0.04720645  1.89751614 -2.701284   -2.36816584
  1.87611849  1.0296663  -0.62617474 -0.49631308 -0.92140742  1.96405421
  0.47262221 -0.35622609  0.40183253 -2.26662887  1.26136577 -0.15330677
  2.40236133  1.23319614  2.87809191 -1.05733964  2.10171169 -0.42989463
 -3.26841157  2.20322065  0.8114708   1.9288106  -1.28919718  1.43910593
 -2.12172295  0.20898558  0.08303669 -2.79059127 -0.90191377 -2.39307471
  0.07227725 -0.56898626]
Sat May 25 18:00:17 2024,581,0.095938006545819,[-4.6584723   2.36664213 -1.84106091 -0.12409692  0.18672598 -2.68765101
  3.01283009  2.10571247  1.45518695 -0.92536026  0.61239973  1.0917029
  1.13210021 -1.54196767  0.77712909  2.80621742 -0.79815483 -0.63691781
 -1.75472032  0.60195856  1.67657169  2.99185621 -1.20875756 -0.31571273
 -2.42357541 -2.33803672  2.99458166  2.76322712 -0.54433262 -2.36481347
  1.4828082  -0.05850831 -2.3178749   2.09556417  1.28954025 -0.63853949
  0.84777228 -2.31880641 -0.0258951   2.15332943 -0.16394279  0.38886705
  2.7139569   1.0462246   2.4628567   3.16174715  2.64140838 -2.93932944
  0.26537415 -0.81572886  1.75888666  2.86399371 -0.51095183 -2.31763449
  2.78736934 -3.21076725  0.7939429  -0.63487972 -1.74136017  2.69818383
 -1.80955163 -1.58813077 -2.30391423  2.18800711 -2.45128526  2.13559789
  2.07465219  1.53540762  2.38308419  2.80474823  1.6488608   1.20012738
 -1.51324514 -2.22927488  1.47130134  0.71194246  1.31361878 -3.01402336
 -0.377703    2.51831728 -1.03585431  1.28752007  1.4832939   0.54454994
 -0.8330212   1.11514333  0.66824183 -0.38370009  2.80473744 -1.99307071
  1.538046   -0.48681167  1.090337   -2.84976573 -2.45832378  0.45773124
 -1.16150508 -0.49457659  0.36531592 -0.1112671  -1.65032874 -0.04117005
 -0.85970599  2.8118105  -1.06239939 -1.38013472 -0.94883332  1.07796517
  1.85224702 -0.69616523  1.97232727 -2.19417551 -0.34727716 -0.73251638
 -2.89008144  3.16480314 -1.6319456   3.13522445 -1.26602515 -2.70847938
  3.36217191 -1.23322283 -0.77649685 -2.88407549 -2.71720589  2.54564101
 -2.13655242 -2.04712702 -0.18154961  3.14998803  0.24664266  0.21384963
 -1.25020276 -0.6776401  -1.73377052 -3.03025115  2.87032634  1.23551018
 -0.48570722 -2.18838443  1.10971131 -1.10585777 -0.49042541 -2.73954145
 -2.06516948  1.86554754 -0.87381254  2.62185242 -0.45419485 -2.6715134
 -2.82019524  2.26182926 -3.14423337 -0.44536871 -1.00234814 -0.24660723
  2.34754182  1.84025207  0.01820703 -2.55288727 -2.65892157  0.24436971
 -0.76666218  1.2452411  -2.62771114  1.12505311 -0.38397788  0.42076329
  1.91903327  0.45811852  0.65074909 -1.27156829  1.79161186  2.93982464
  0.99593929  0.22180251 -1.14181233  2.42278771  0.72674102 -1.90977308
 -0.05037947  1.87092243  0.98664696 -1.08002918 -2.30130843  2.22238382
  2.00398646  1.92832325  2.29723383  1.915787   -1.66121736 -3.10389835
  0.42852378  1.34475826 -2.26275496 -1.12583497  2.31183685  1.39294615
 -0.27195601 -1.84442257 -1.64823681  1.96528133  1.30723888 -1.01188297
 -0.23075458 -0.69309079 -0.30339082  2.3024606  -0.66193836 -0.93534314
  0.7759099  -2.35268896  0.59026938  2.78422909 -0.35242991  2.04722779
 -1.86126407 -1.35336569 -2.59736802 -2.42273071 -1.50153097 -3.02896632
  2.01620161  1.78191088  1.581517    1.12533526  1.58819453 -2.44421566
 -2.50736727  1.78907332  1.03427302 -0.29185888 -2.4772045   1.4309833
 -1.04394826 -3.04762119 -0.0472064   1.89751619 -2.70128395 -2.36816579
  1.87611854  1.02966625 -0.6261747  -0.49631313 -0.92140747  1.96405426
  0.47262216 -0.35622614  0.40183257 -2.26662891  1.26136581 -0.15330673
  2.40236128  1.23319609  2.87809196 -1.05733968  2.10171174 -0.42989467
 -3.26841162  2.20322069  0.81147075  1.92881065 -1.28919723  1.43910588
 -2.1217229   0.20898553  0.08303664 -2.79059122 -0.90191372 -2.39307476
  0.0722772  -0.56898631]
Sat May 25 18:00:55 2024,582,0.09593800654304101,[-4.65847234  2.36664208 -1.84106096 -0.12409696  0.18672594 -2.68765097
  3.01283004  2.10571252  1.455187   -0.9253603   0.61239968  1.09170294
  1.13210025 -1.54196762  0.77712914  2.80621737 -0.79815488 -0.63691777
 -1.75472027  0.60195861  1.67657164  2.99185617 -1.2087576  -0.31571268
 -2.42357546 -2.33803667  2.9945817   2.76322708 -0.54433266 -2.36481343
  1.48280815 -0.05850826 -2.31787495  2.09556422  1.2895403  -0.63853945
  0.84777233 -2.31880646 -0.02589514  2.15332947 -0.16394274  0.38886709
  2.71395685  1.04622455  2.46285675  3.1617471   2.64140843 -2.93932948
  0.26537419 -0.81572881  1.7588867   2.86399366 -0.51095178 -2.31763454
  2.7873693  -3.2107673   0.79394286 -0.63487977 -1.74136012  2.69818387
 -1.80955159 -1.58813082 -2.30391427  2.18800706 -2.4512853   2.13559785
  2.07465215  1.53540766  2.38308424  2.80474827  1.64886085  1.20012734
 -1.51324519 -2.22927483  1.4713013   0.71194242  1.31361883 -3.01402331
 -0.37770295  2.51831732 -1.03585435  1.28752012  1.48329395  0.54454989
 -0.83302115  1.11514328  0.66824188 -0.38370014  2.80473739 -1.99307076
  1.53804605 -0.48681171  1.09033695 -2.84976569 -2.45832383  0.45773128
 -1.16150513 -0.49457663  0.36531587 -0.11126714 -1.65032879 -0.0411701
 -0.85970595  2.81181046 -1.06239944 -1.38013476 -0.94883337  1.07796521
  1.85224706 -0.69616518  1.97232732 -2.19417555 -0.34727711 -0.73251634
 -2.89008149  3.16480318 -1.63194556  3.1352245  -1.2660252  -2.70847943
  3.36217186 -1.23322288 -0.7764968  -2.88407553 -2.71720584  2.54564106
 -2.13655247 -2.04712707 -0.18154965  3.14998799  0.24664271  0.21384968
 -1.25020271 -0.67764015 -1.73377057 -3.0302511   2.87032639  1.23551013
 -0.48570726 -2.18838447  1.10971127 -1.10585782 -0.49042536 -2.73954141
 -2.06516943  1.86554749 -0.87381259  2.62185247 -0.45419481 -2.67151335
 -2.82019529  2.26182931 -3.14423333 -0.44536867 -1.00234819 -0.24660728
  2.34754187  1.84025202  0.01820699 -2.55288722 -2.65892152  0.24436976
 -0.76666223  1.24524114 -2.62771109  1.12505307 -0.38397784  0.42076324
  1.91903331  0.45811857  0.65074904 -1.27156834  1.79161181  2.93982459
  0.99593924  0.22180256 -1.14181228  2.42278766  0.72674106 -1.90977313
 -0.05037951  1.87092239  0.98664691 -1.08002922 -2.30130838  2.22238377
  2.00398642  1.9283232   2.29723379  1.91578705 -1.66121741 -3.1038983
  0.42852383  1.34475831 -2.262755   -1.12583502  2.31183681  1.3929462
 -0.27195606 -1.84442253 -1.64823686  1.96528129  1.30723883 -1.01188292
 -0.23075462 -0.69309074 -0.30339077  2.30246065 -0.66193841 -0.93534319
  0.77590986 -2.35268901  0.59026933  2.78422913 -0.35242986  2.04722774
 -1.86126402 -1.35336573 -2.59736797 -2.42273066 -1.50153102 -3.02896637
  2.01620165  1.78191093  1.58151705  1.12533522  1.58819457 -2.4442157
 -2.50736722  1.78907327  1.03427297 -0.29185884 -2.47720454  1.43098325
 -1.04394821 -3.04762124 -0.04720645  1.89751614 -2.701284   -2.36816584
  1.87611849  1.02966621 -0.62617465 -0.49631308 -0.92140751  1.9640543
  0.47262221 -0.35622609  0.40183262 -2.26662887  1.26136586 -0.15330668
  2.40236123  1.23319605  2.878092   -1.05733964  2.10171178 -0.42989472
 -3.26841157  2.20322065  0.8114708   1.9288106  -1.28919718  1.43910593
 -2.12172295  0.20898548  0.08303669 -2.79059117 -0.90191367 -2.39307481
  0.07227715 -0.56898636]
Sat May 25 18:01:23 2024,583,0.09593800654029883,[-4.65847239  2.36664213 -1.84106101 -0.12409701  0.18672589 -2.68765101
  3.01283     2.10571247  1.45518695 -0.92536026  0.61239963  1.09170299
  1.1321003  -1.54196758  0.77712909  2.80621742 -0.79815493 -0.63691781
 -1.75472022  0.60195865  1.67657168  2.99185612 -1.20875765 -0.31571273
 -2.42357541 -2.33803672  2.99458175  2.76322703 -0.54433271 -2.36481338
  1.48280811 -0.05850821 -2.3178749   2.09556426  1.28954025 -0.6385394
  0.84777237 -2.31880651 -0.02589519  2.15332943 -0.1639427   0.38886705
  2.7139569   1.0462246   2.46285679  3.16174706  2.64140838 -2.93932944
  0.26537424 -0.81572886  1.75888666  2.86399371 -0.51095183 -2.31763459
  2.78736925 -3.21076734  0.7939429  -0.63487981 -1.74136017  2.69818392
 -1.80955163 -1.58813086 -2.30391423  2.18800711 -2.45128535  2.13559789
  2.0746521   1.53540762  2.38308419  2.80474832  1.6488608   1.20012729
 -1.51324524 -2.22927478  1.47130125  0.71194246  1.31361878 -3.01402326
 -0.37770299  2.51831728 -1.03585431  1.28752007  1.4832939   0.54454993
 -0.8330211   1.11514332  0.66824193 -0.38370018  2.80473734 -1.99307072
  1.53804609 -0.48681176  1.0903369  -2.84976564 -2.45832378  0.45773133
 -1.16150517 -0.49457668  0.36531582 -0.11126719 -1.65032883 -0.04117015
 -0.8597059   2.8118105  -1.06239948 -1.38013481 -0.94883341  1.07796526
  1.85224711 -0.69616514  1.97232727 -2.1941756  -0.34727707 -0.73251638
 -2.89008153  3.16480314 -1.6319456   3.13522445 -1.26602524 -2.70847938
  3.36217181 -1.23322293 -0.77649675 -2.88407549 -2.7172058   2.5456411
 -2.13655252 -2.04712702 -0.18154961  3.14998794  0.24664266  0.21384963
 -1.25020266 -0.6776402  -1.73377052 -3.03025105  2.87032634  1.23551018
 -0.48570731 -2.18838443  1.10971131 -1.10585777 -0.49042541 -2.73954136
 -2.06516939  1.86554744 -0.87381254  2.62185252 -0.45419485 -2.6715134
 -2.82019533  2.26182926 -3.14423328 -0.44536862 -1.00234823 -0.24660732
  2.34754192  1.84025207  0.01820703 -2.55288718 -2.65892148  0.2443698
 -0.76666227  1.2452411  -2.62771114  1.12505311 -0.38397788  0.4207632
  1.91903327  0.45811852  0.65074899 -1.27156829  1.79161177  2.93982464
  0.99593928  0.22180261 -1.14181233  2.42278761  0.72674102 -1.90977317
 -0.05037956  1.87092243  0.98664696 -1.08002918 -2.30130843  2.22238382
  2.00398637  1.92832325  2.29723374  1.915787   -1.66121745 -3.10389835
  0.42852378  1.34475826 -2.26275496 -1.12583507  2.31183685  1.39294624
 -0.2719561  -1.84442257 -1.64823691  1.96528124  1.30723888 -1.01188287
 -0.23075458 -0.6930907  -0.30339073  2.3024607  -0.66193836 -0.93534314
  0.7759099  -2.35268906  0.59026929  2.78422918 -0.35242991  2.0472277
 -1.86126407 -1.35336578 -2.59736792 -2.42273062 -1.50153106 -3.02896641
  2.01620161  1.78191088  1.581517    1.12533517  1.58819462 -2.44421566
 -2.50736717  1.78907332  1.03427302 -0.29185879 -2.4772045   1.4309833
 -1.04394817 -3.04762119 -0.0472065   1.89751609 -2.70128405 -2.36816588
  1.87611845  1.02966616 -0.62617469 -0.49631304 -0.92140756  1.96405426
  0.47262226 -0.35622604  0.40183257 -2.26662891  1.26136581 -0.15330673
  2.40236128  1.233196    2.87809196 -1.05733959  2.10171174 -0.42989477
 -3.26841162  2.20322069  0.81147084  1.92881056 -1.28919714  1.43910588
 -2.121723    0.20898553  0.08303664 -2.79059122 -0.90191372 -2.39307476
  0.07227711 -0.5689864 ]
Sat May 25 18:02:05 2024,584,0.09593800653759187,[-4.65847244  2.36664217 -1.84106096 -0.12409696  0.18672593 -2.68765106
  3.01282995  2.10571251  1.45518691 -0.9253603   0.61239968  1.09170304
  1.13210035 -1.54196762  0.77712914  2.80621737 -0.79815497 -0.63691786
 -1.75472027  0.6019587   1.67657164  2.99185607 -1.2087577  -0.31571268
 -2.42357537 -2.33803677  2.9945817   2.76322699 -0.54433276 -2.36481343
  1.48280806 -0.05850817 -2.31787486  2.09556431  1.28954021 -0.63853945
  0.84777233 -2.31880646 -0.02589523  2.15332947 -0.16394265  0.38886709
  2.71395685  1.04622464  2.46285675  3.16174701  2.64140843 -2.93932939
  0.26537429 -0.8157289   1.7588867   2.86399366 -0.51095187 -2.31763454
  2.78736929 -3.2107673   0.79394295 -0.63487977 -1.74136012  2.69818387
 -1.80955168 -1.58813091 -2.30391418  2.18800707 -2.45128539  2.13559785
  2.07465215  1.53540757  2.38308424  2.80474837  1.64886076  1.20012724
 -1.51324519 -2.22927474  1.4713013   0.71194251  1.31361873 -3.01402322
 -0.37770304  2.51831723 -1.03585435  1.28752012  1.48329385  0.54454998
 -0.83302115  1.11514328  0.66824188 -0.38370023  2.80473739 -1.99307067
  1.53804605 -0.48681171  1.09033686 -2.84976569 -2.45832374  0.45773137
 -1.16150522 -0.49457672  0.36531578 -0.11126715 -1.65032879 -0.04117019
 -0.85970586  2.81181046 -1.06239944 -1.38013476 -0.94883346  1.07796522
  1.85224706 -0.69616509  1.97232723 -2.19417565 -0.34727711 -0.73251634
 -2.89008158  3.16480318 -1.63194556  3.1352245  -1.2660252  -2.70847943
  3.36217177 -1.23322297 -0.7764968  -2.88407544 -2.71720584  2.54564106
 -2.13655256 -2.04712707 -0.18154965  3.14998798  0.24664262  0.21384959
 -1.25020271 -0.67764015 -1.73377048 -3.03025101  2.87032639  1.23551013
 -0.48570736 -2.18838438  1.10971136 -1.10585773 -0.49042536 -2.73954131
 -2.06516943  1.86554749 -0.87381259  2.62185247 -0.4541949  -2.67151335
 -2.82019538  2.26182922 -3.14423323 -0.44536867 -1.00234819 -0.24660728
  2.34754187  1.84025202  0.01820699 -2.55288713 -2.65892152  0.24436985
 -0.76666223  1.24524105 -2.62771109  1.12505307 -0.38397784  0.42076315
  1.91903331  0.45811848  0.65074895 -1.27156825  1.79161181  2.93982459
  0.99593933  0.22180265 -1.14181237  2.42278766  0.72674097 -1.90977322
 -0.05037951  1.87092239  0.98664701 -1.08002922 -2.30130847  2.22238386
  2.00398633  1.92832329  2.2972337   1.91578705 -1.6612175  -3.1038983
  0.42852383  1.34475831 -2.26275491 -1.12583511  2.31183681  1.39294629
 -0.27195606 -1.84442253 -1.64823686  1.96528129  1.30723892 -1.01188292
 -0.23075453 -0.69309074 -0.30339068  2.30246074 -0.66193841 -0.9353431
  0.77590986 -2.3526891   0.59026933  2.78422922 -0.35242996  2.04722765
 -1.86126411 -1.35336582 -2.59736788 -2.42273066 -1.50153102 -3.02896637
  2.01620165  1.78191093  1.58151705  1.12533522  1.58819457 -2.4442157
 -2.50736713  1.78907327  1.03427307 -0.29185884 -2.47720454  1.43098325
 -1.04394821 -3.04762115 -0.04720645  1.89751614 -2.701284   -2.36816593
  1.8761184   1.02966621 -0.62617465 -0.49631308 -0.92140761  1.9640543
  0.47262221 -0.35622609  0.40183262 -2.26662896  1.26136586 -0.15330677
  2.40236132  1.23319605  2.878092   -1.05733955  2.10171169 -0.42989481
 -3.26841157  2.20322074  0.81147089  1.92881051 -1.28919709  1.43910584
 -2.12172304  0.20898548  0.08303669 -2.79059126 -0.90191377 -2.39307472
  0.07227706 -0.56898645]
Sat May 25 18:02:38 2024,585,0.09593800653491982,[-4.65847248  2.36664222 -1.84106091 -0.12409701  0.18672598 -2.68765101
  3.01282991  2.10571247  1.45518695 -0.92536026  0.61239972  1.09170299
  1.1321003  -1.54196758  0.77712909  2.80621742 -0.79815493 -0.63691781
 -1.75472022  0.60195875  1.67657168  2.99185603 -1.20875774 -0.31571264
 -2.42357532 -2.33803672  2.99458166  2.76322694 -0.5443328  -2.36481338
  1.4828081  -0.05850821 -2.31787481  2.09556435  1.28954025 -0.63853949
  0.84777237 -2.31880651 -0.02589528  2.15332943 -0.16394261  0.38886705
  2.7139569   1.04622469  2.4628567   3.16174706  2.64140838 -2.93932935
  0.26537424 -0.81572895  1.75888666  2.86399371 -0.51095183 -2.31763449
  2.78736925 -3.21076725  0.79394299 -0.63487972 -1.74136008  2.69818392
 -1.80955163 -1.58813086 -2.30391413  2.18800711 -2.45128544  2.1355978
  2.0746521   1.53540753  2.38308428  2.80474841  1.64886071  1.2001272
 -1.51324515 -2.22927478  1.47130134  0.71194246  1.31361869 -3.01402326
 -0.377703    2.51831719 -1.0358544   1.28752007  1.4832939   0.54455003
 -0.83302119  1.11514323  0.66824184 -0.38370018  2.80473743 -1.99307062
  1.53804609 -0.48681167  1.0903369  -2.84976573 -2.45832369  0.45773142
 -1.16150526 -0.49457668  0.36531582 -0.11126719 -1.65032874 -0.04117015
 -0.8597059   2.8118105  -1.06239948 -1.38013472 -0.9488335   1.07796517
  1.85224711 -0.69616514  1.97232727 -2.19417569 -0.34727707 -0.73251629
 -2.89008153  3.16480323 -1.63194551  3.13522454 -1.26602524 -2.70847947
  3.36217181 -1.23322302 -0.77649675 -2.8840754  -2.7172058   2.5456411
 -2.13655252 -2.04712702 -0.1815497   3.14998794  0.24664266  0.21384963
 -1.25020275 -0.6776402  -1.73377043 -3.03025105  2.87032643  1.23551018
 -0.4857074  -2.18838434  1.10971141 -1.10585777 -0.49042532 -2.73954136
 -2.06516948  1.86554753 -0.87381263  2.62185243 -0.45419494 -2.6715134
 -2.82019533  2.26182926 -3.14423328 -0.44536862 -1.00234823 -0.24660732
  2.34754192  1.84025207  0.01820694 -2.55288718 -2.65892148  0.24436989
 -0.76666218  1.2452411  -2.62771105  1.12505302 -0.38397779  0.42076311
  1.91903327  0.45811843  0.65074899 -1.27156829  1.79161186  2.93982455
  0.99593929  0.22180261 -1.14181242  2.42278761  0.72674093 -1.90977326
 -0.05037947  1.87092243  0.98664696 -1.08002918 -2.30130852  2.22238391
  2.00398637  1.92832334  2.29723365  1.91578709 -1.66121755 -3.10389826
  0.42852378  1.34475835 -2.26275487 -1.12583507  2.31183685  1.39294624
 -0.2719561  -1.84442257 -1.64823682  1.96528133  1.30723897 -1.01188287
 -0.23075449 -0.6930907  -0.30339064  2.3024607  -0.66193845 -0.93534305
  0.77590981 -2.35268915  0.59026929  2.78422918 -0.35243     2.04722761
 -1.86126416 -1.35336578 -2.59736792 -2.42273071 -1.50153097 -3.02896632
  2.01620161  1.78191097  1.581517    1.12533526  1.58819462 -2.44421575
 -2.50736708  1.78907332  1.03427302 -0.29185879 -2.4772045   1.4309833
 -1.04394817 -3.04762119 -0.0472065   1.89751618 -2.70128405 -2.36816597
  1.87611836  1.02966616 -0.6261746  -0.49631313 -0.92140765  1.96405426
  0.47262225 -0.35622613  0.40183267 -2.26662891  1.26136581 -0.15330673
  2.40236137  1.23319609  2.87809196 -1.0573395   2.10171174 -0.42989477
 -3.26841162  2.20322069  0.81147084  1.92881047 -1.28919705  1.43910588
 -2.121723    0.20898553  0.08303673 -2.79059122 -0.90191372 -2.39307467
  0.07227711 -0.5689864 ]
Sat May 25 18:03:20 2024,586,0.09593800653228071,[-4.65847253  2.36664217 -1.84106087 -0.12409705  0.18672602 -2.68765106
  3.01282986  2.10571251  1.45518691 -0.9253603   0.61239977  1.09170303
  1.13210035 -1.54196753  0.77712905  2.80621746 -0.79815497 -0.63691786
 -1.75472027  0.6019587   1.67657173  2.99185607 -1.20875779 -0.31571259
 -2.42357528 -2.33803676  2.99458161  2.76322698 -0.54433285 -2.36481343
  1.48280815 -0.05850826 -2.31787477  2.0955644   1.2895403  -0.63853945
  0.84777242 -2.31880655 -0.02589532  2.15332938 -0.16394265  0.38886709
  2.71395694  1.04622465  2.46285666  3.16174701  2.64140834 -2.9393293
  0.26537428 -0.8157289   1.7588867   2.86399375 -0.51095187 -2.31763454
  2.78736929 -3.21076721  0.79394304 -0.63487977 -1.74136003  2.69818387
 -1.80955159 -1.58813082 -2.30391418  2.18800715 -2.45128539  2.13559776
  2.07465215  1.53540757  2.38308424  2.80474846  1.64886076  1.20012715
 -1.5132451  -2.22927483  1.4713013   0.71194251  1.31361873 -3.01402331
 -0.37770295  2.51831714 -1.03585435  1.28752012  1.48329385  0.54455007
 -0.83302124  1.11514328  0.66824188 -0.38370014  2.80473739 -1.99307067
  1.53804614 -0.48681162  1.09033686 -2.84976578 -2.45832374  0.45773138
 -1.16150522 -0.49457663  0.36531578 -0.11126715 -1.6503287  -0.04117019
 -0.85970586  2.81181046 -1.06239953 -1.38013467 -0.94883355  1.07796521
  1.85224715 -0.69616509  1.97232732 -2.19417574 -0.34727711 -0.73251634
 -2.89008149  3.16480327 -1.63194547  3.1352245  -1.26602529 -2.70847952
  3.36217177 -1.23322306 -0.77649671 -2.88407535 -2.71720575  2.54564106
 -2.13655256 -2.04712707 -0.18154974  3.14998798  0.24664271  0.21384959
 -1.2502028  -0.67764015 -1.73377048 -3.0302511   2.87032648  1.23551022
 -0.48570745 -2.18838438  1.10971136 -1.10585773 -0.49042536 -2.73954131
 -2.06516952  1.86554749 -0.87381259  2.62185238 -0.4541949  -2.67151344
 -2.82019529  2.26182931 -3.14423323 -0.44536858 -1.00234828 -0.24660728
  2.34754196  1.84025203  0.01820699 -2.55288722 -2.65892143  0.24436985
 -0.76666223  1.24524114 -2.62771109  1.12505307 -0.38397775  0.42076315
  1.91903322  0.45811848  0.65074904 -1.27156825  1.7916119   2.9398245
  0.99593933  0.22180256 -1.14181237  2.42278757  0.72674088 -1.90977322
 -0.05037942  1.87092239  0.98664701 -1.08002922 -2.30130848  2.22238395
  2.00398633  1.92832338  2.2972337   1.91578714 -1.66121759 -3.1038983
  0.42852383  1.34475831 -2.26275491 -1.12583511  2.31183681  1.3929462
 -0.27195615 -1.84442262 -1.64823686  1.96528129  1.30723892 -1.01188283
 -0.23075453 -0.69309074 -0.30339068  2.30246074 -0.6619385  -0.9353431
  0.77590986 -2.35268919  0.59026933  2.78422922 -0.35243005  2.04722756
 -1.8612642  -1.35336573 -2.59736797 -2.42273075 -1.50153102 -3.02896637
  2.01620156  1.78191093  1.58151705  1.12533522  1.58819466 -2.4442157
 -2.50736704  1.78907336  1.03427306 -0.29185884 -2.47720454  1.43098334
 -1.04394812 -3.04762115 -0.04720654  1.89751614 -2.701284   -2.36816593
  1.8761184   1.02966621 -0.62617465 -0.49631317 -0.92140769  1.9640543
  0.4726223  -0.35622609  0.40183262 -2.26662887  1.26136586 -0.15330668
  2.40236132  1.23319605  2.878092   -1.05733955  2.10171178 -0.42989472
 -3.26841166  2.20322065  0.8114708   1.92881051 -1.289197    1.43910593
 -2.12172304  0.20898548  0.08303678 -2.79059117 -0.90191368 -2.39307472
  0.07227706 -0.56898636]
Sat May 25 18:04:11 2024,587,0.09593800652967555,[-4.65847257  2.36664213 -1.84106083 -0.1240971   0.18672598 -2.68765101
  3.01282982  2.10571247  1.45518686 -0.92536035  0.61239972  1.09170299
  1.13210039 -1.54196749  0.77712901  2.80621742 -0.79815502 -0.63691781
 -1.75472031  0.60195866  1.67657168  2.99185612 -1.20875774 -0.31571264
 -2.42357532 -2.33803672  2.99458157  2.76322703 -0.54433289 -2.36481347
  1.48280811 -0.0585083  -2.31787472  2.09556435  1.28954025 -0.63853949
  0.84777246 -2.31880651 -0.02589537  2.15332934 -0.16394269  0.38886705
  2.7139569   1.0462246   2.4628567   3.16174697  2.64140829 -2.93932926
  0.26537433 -0.81572886  1.75888675  2.86399371 -0.51095192 -2.31763449
  2.78736934 -3.21076716  0.79394308 -0.63487972 -1.74135999  2.69818392
 -1.80955154 -1.58813077 -2.30391414  2.18800711 -2.45128544  2.1355978
  2.0746521   1.53540761  2.3830842   2.80474841  1.6488608   1.2001272
 -1.51324506 -2.22927487  1.47130134  0.71194255  1.31361878 -3.01402326
 -0.37770299  2.5183171  -1.0358544   1.28752016  1.4832939   0.54455003
 -0.83302128  1.11514323  0.66824192 -0.38370018  2.80473743 -1.99307071
  1.53804609 -0.48681167  1.09033682 -2.84976582 -2.45832378  0.45773142
 -1.16150526 -0.49457668  0.36531582 -0.11126719 -1.65032866 -0.04117023
 -0.85970581  2.81181041 -1.06239957 -1.38013463 -0.9488335   1.07796526
  1.85224711 -0.69616505  1.97232727 -2.19417569 -0.34727707 -0.73251638
 -2.89008144  3.16480323 -1.63194542  3.13522445 -1.26602524 -2.70847947
  3.36217172 -1.23322311 -0.77649666 -2.8840754  -2.7172058   2.54564101
 -2.13655252 -2.04712711 -0.1815497   3.14998803  0.24664266  0.21384963
 -1.25020276 -0.6776402  -1.73377043 -3.03025114  2.87032652  1.23551018
 -0.48570749 -2.18838434  1.10971132 -1.10585777 -0.49042541 -2.73954136
 -2.06516948  1.86554745 -0.87381263  2.62185234 -0.45419494 -2.67151349
 -2.82019524  2.26182935 -3.14423319 -0.44536853 -1.00234823 -0.24660723
  2.34754192  1.84025207  0.01820703 -2.55288718 -2.65892139  0.24436989
 -0.76666218  1.2452411  -2.62771114  1.12505311 -0.3839777   0.42076311
  1.91903318  0.45811843  0.65074899 -1.2715682   1.79161186  2.93982446
  0.99593929  0.22180261 -1.14181233  2.42278753  0.72674093 -1.90977318
 -0.05037947  1.87092243  0.98664696 -1.08002926 -2.30130843  2.22238391
  2.00398637  1.92832343  2.29723365  1.91578718 -1.66121763 -3.10389835
  0.42852378  1.34475826 -2.26275496 -1.12583507  2.31183685  1.39294624
 -0.2719561  -1.84442257 -1.64823691  1.96528124  1.30723888 -1.01188287
 -0.23075458 -0.6930907  -0.30339072  2.30246078 -0.66193854 -0.93534305
  0.77590981 -2.35268924  0.59026929  2.78422918 -0.35243     2.04722761
 -1.86126416 -1.35336569 -2.59736801 -2.4227308  -1.50153106 -3.02896641
  2.01620161  1.78191097  1.581517    1.12533526  1.58819462 -2.44421566
 -2.50736708  1.78907332  1.03427302 -0.29185888 -2.47720459  1.4309833
 -1.04394808 -3.04762119 -0.04720658  1.89751618 -2.70128405 -2.36816597
  1.87611845  1.02966625 -0.62617469 -0.49631313 -0.92140765  1.96405435
  0.47262234 -0.35622605  0.40183266 -2.26662891  1.26136581 -0.15330673
  2.40236137  1.233196    2.87809205 -1.05733959  2.10171174 -0.42989468
 -3.26841162  2.20322061  0.81147076  1.92881055 -1.28919704  1.43910597
 -2.12172308  0.20898544  0.08303682 -2.79059113 -0.90191363 -2.39307467
  0.07227711 -0.56898631]
Sat May 25 18:04:35 2024,588,0.09593800652710237,[-4.65847261  2.36664209 -1.84106078 -0.12409705  0.18672602 -2.68765097
  3.01282978  2.10571251  1.45518691 -0.9253603   0.61239968  1.09170295
  1.13210035 -1.54196753  0.77712905  2.80621738 -0.79815497 -0.63691786
 -1.75472036  0.6019587   1.67657164  2.99185616 -1.20875779 -0.31571259
 -2.42357536 -2.33803668  2.99458161  2.76322707 -0.54433293 -2.36481343
  1.48280815 -0.05850835 -2.31787468  2.0955644   1.2895403  -0.63853945
  0.84777242 -2.31880655 -0.02589541  2.15332938 -0.16394274  0.388867
  2.71395694  1.04622464  2.46285674  3.16174701  2.64140825 -2.9393293
  0.26537429 -0.81572881  1.75888679  2.86399366 -0.51095196 -2.31763445
  2.78736938 -3.21076712  0.79394313 -0.63487968 -1.74135995  2.69818396
 -1.8095515  -1.58813082 -2.30391418  2.18800707 -2.45128548  2.13559784
  2.07465206  1.53540766  2.38308415  2.80474845  1.64886076  1.20012715
 -1.51324501 -2.22927491  1.47130138  0.71194251  1.31361882 -3.01402322
 -0.37770295  2.51831706 -1.03585444  1.28752012  1.48329394  0.54455007
 -0.83302124  1.11514328  0.66824188 -0.38370023  2.80473739 -1.99307067
  1.53804614 -0.48681171  1.09033677 -2.84976586 -2.45832382  0.45773138
 -1.16150531 -0.49457664  0.36531578 -0.11126723 -1.6503287  -0.04117028
 -0.85970577  2.81181046 -1.06239962 -1.38013467 -0.94883346  1.0779653
  1.85224706 -0.69616509  1.97232732 -2.19417565 -0.34727711 -0.73251642
 -2.8900814   3.16480318 -1.63194547  3.1352245  -1.2660252  -2.70847943
  3.36217168 -1.23322306 -0.77649671 -2.88407544 -2.71720584  2.54564106
 -2.13655256 -2.04712715 -0.18154965  3.14998807  0.24664262  0.21384967
 -1.25020271 -0.67764024 -1.73377048 -3.0302511   2.87032648  1.23551014
 -0.48570753 -2.18838438  1.10971127 -1.10585782 -0.49042536 -2.73954132
 -2.06516952  1.86554749 -0.87381259  2.62185238 -0.45419499 -2.67151344
 -2.82019529  2.26182939 -3.14423323 -0.44536849 -1.00234819 -0.24660728
  2.34754187  1.84025211  0.01820707 -2.55288714 -2.65892143  0.24436994
 -0.76666223  1.24524114 -2.62771118  1.12505315 -0.38397775  0.42076315
  1.91903322  0.45811839  0.65074904 -1.27156825  1.79161181  2.9398245
  0.99593933  0.22180265 -1.14181237  2.42278757  0.72674088 -1.90977313
 -0.05037951  1.87092247  0.98664692 -1.08002931 -2.30130839  2.22238395
  2.00398641  1.92832347  2.29723361  1.91578714 -1.66121759 -3.1038983
  0.42852374  1.34475831 -2.262755   -1.12583502  2.3118369   1.39294629
 -0.27195615 -1.84442262 -1.64823686  1.96528129  1.30723892 -1.01188292
 -0.23075462 -0.69309074 -0.30339077  2.30246074 -0.6619385  -0.93534301
  0.77590986 -2.35268919  0.59026924  2.78422914 -0.35243005  2.04722756
 -1.8612642  -1.35336573 -2.59736806 -2.42273084 -1.5015311  -3.02896637
  2.01620165  1.78191093  1.58151705  1.12533522  1.58819458 -2.44421562
 -2.50736713  1.78907328  1.03427298 -0.29185884 -2.47720463  1.43098326
 -1.04394812 -3.04762124 -0.04720663  1.89751623 -2.70128409 -2.36816602
  1.87611849  1.02966621 -0.62617465 -0.49631317 -0.92140761  1.96405439
  0.47262239 -0.356226    0.40183262 -2.26662887  1.26136577 -0.15330677
  2.40236141  1.23319596  2.878092   -1.05733955  2.10171169 -0.42989463
 -3.26841166  2.20322065  0.81147071  1.92881051 -1.28919709  1.43910593
 -2.12172304  0.2089854   0.08303678 -2.79059109 -0.90191359 -2.39307463
  0.07227715 -0.56898627]
Sat May 25 18:04:58 2024,589,0.09593800652456141,[-4.65847266  2.36664204 -1.84106074 -0.12409701  0.18672598 -2.68765093
  3.01282982  2.10571256  1.45518695 -0.92536035  0.61239964  1.09170299
  1.1321003  -1.54196749  0.77712909  2.80621742 -0.79815502 -0.6369179
 -1.75472031  0.60195866  1.6765716   2.99185612 -1.20875783 -0.31571255
 -2.42357541 -2.33803672  2.99458157  2.76322703 -0.54433289 -2.36481347
  1.48280811 -0.0585083  -2.31787472  2.09556444  1.28954034 -0.63853949
  0.84777238 -2.31880651 -0.02589545  2.15332934 -0.16394269  0.38886705
  2.71395699  1.04622469  2.4628567   3.16174706  2.64140821 -2.93932926
  0.26537424 -0.81572877  1.75888675  2.86399362 -0.510952   -2.31763449
  2.78736934 -3.21076716  0.79394308 -0.63487972 -1.74135999  2.698184
 -1.80955146 -1.58813086 -2.30391414  2.18800711 -2.45128552  2.1355978
  2.07465202  1.53540761  2.38308411  2.80474841  1.6488608   1.2001272
 -1.51324497 -2.22927487  1.47130143  0.71194255  1.31361886 -3.01402318
 -0.37770299  2.51831701 -1.0358544   1.28752007  1.48329399  0.54455011
 -0.8330212   1.11514332  0.66824192 -0.38370027  2.80473735 -1.99307071
  1.53804609 -0.48681176  1.09033673 -2.84976582 -2.45832387  0.45773142
 -1.16150535 -0.49457668  0.36531574 -0.11126719 -1.65032866 -0.04117032
 -0.85970573  2.8118105  -1.06239957 -1.38013472 -0.9488335   1.07796535
  1.85224702 -0.69616505  1.97232736 -2.19417561 -0.34727715 -0.73251647
 -2.89008144  3.16480323 -1.63194551  3.13522446 -1.26602524 -2.70847947
  3.36217172 -1.2332231  -0.77649667 -2.88407548 -2.71720588  2.5456411
 -2.1365526  -2.0471272  -0.18154961  3.14998811  0.24664266  0.21384963
 -1.25020275 -0.6776402  -1.73377052 -3.03025114  2.87032652  1.23551018
 -0.48570749 -2.18838442  1.10971132 -1.10585786 -0.49042541 -2.73954127
 -2.06516956  1.86554753 -0.87381255  2.62185234 -0.45419503 -2.6715134
 -2.82019533  2.26182944 -3.14423328 -0.44536845 -1.00234815 -0.24660732
  2.34754183  1.84025216  0.01820712 -2.55288709 -2.65892139  0.24436989
 -0.76666227  1.24524118 -2.62771122  1.12505311 -0.38397779  0.42076311
  1.91903327  0.45811834  0.65074899 -1.27156821  1.79161177  2.93982446
  0.99593937  0.22180261 -1.14181241  2.42278753  0.72674084 -1.90977318
 -0.05037947  1.87092243  0.98664687 -1.08002927 -2.30130834  2.22238391
  2.00398637  1.92832343  2.29723365  1.91578709 -1.66121755 -3.10389835
  0.4285237   1.34475826 -2.26275504 -1.12583507  2.31183694  1.39294624
 -0.27195619 -1.84442257 -1.6482369   1.96528133  1.30723896 -1.01188296
 -0.23075458 -0.69309078 -0.30339081  2.30246078 -0.66193854 -0.93534305
  0.7759099  -2.35268915  0.5902692   2.78422918 -0.35243     2.04722752
 -1.86126416 -1.35336569 -2.59736801 -2.4227308  -1.50153106 -3.02896632
  2.01620161  1.78191089  1.58151709  1.12533526  1.58819462 -2.44421557
 -2.50736717  1.78907323  1.03427302 -0.29185888 -2.47720459  1.4309833
 -1.04394808 -3.04762119 -0.04720667  1.89751627 -2.70128413 -2.36816597
  1.87611853  1.02966625 -0.62617461 -0.49631313 -0.92140756  1.96405443
  0.47262243 -0.35622604  0.40183258 -2.26662891  1.26136573 -0.15330681
  2.40236137  1.23319592  2.87809205 -1.0573395   2.10171165 -0.42989459
 -3.2684117   2.20322061  0.81147067  1.92881055 -1.28919713  1.43910597
 -2.12172308  0.20898535  0.08303682 -2.79059104 -0.90191355 -2.39307467
  0.07227711 -0.56898631]
Sat May 25 18:05:24 2024,590,0.0959380065220515,[-4.6584727   2.366642   -1.8410607  -0.12409705  0.18672594 -2.68765097
  3.01282978  2.1057126   1.45518699 -0.92536039  0.61239968  1.09170295
  1.13210026 -1.54196745  0.77712905  2.80621738 -0.79815506 -0.63691786
 -1.75472036  0.60195861  1.67657156  2.99185616 -1.20875779 -0.31571251
 -2.42357536 -2.33803676  2.99458161  2.76322707 -0.54433293 -2.36481351
  1.48280815 -0.05850826 -2.31787468  2.0955644   1.28954038 -0.63853945
  0.84777242 -2.31880647 -0.02589541  2.15332938 -0.16394274  0.388867
  2.71395703  1.04622465  2.46285674  3.16174701  2.64140816 -2.9393293
  0.26537428 -0.81572881  1.75888671  2.86399366 -0.51095205 -2.31763454
  2.7873693  -3.21076721  0.79394304 -0.63487968 -1.74135995  2.69818405
 -1.80955142 -1.58813082 -2.30391418  2.18800715 -2.45128548  2.13559784
  2.07465197  1.53540757  2.38308407  2.80474837  1.64886084  1.20012716
 -1.51324493 -2.22927483  1.47130147  0.71194251  1.31361891 -3.01402322
 -0.37770304  2.51831697 -1.03585435  1.28752012  1.48329403  0.54455007
 -0.83302115  1.11514336  0.66824197 -0.38370023  2.8047373  -1.99307075
  1.53804614 -0.4868118   1.09033669 -2.84976586 -2.45832382  0.45773146
 -1.16150539 -0.49457672  0.36531578 -0.11126723 -1.65032861 -0.04117028
 -0.85970577  2.81181046 -1.06239953 -1.38013476 -0.94883354  1.0779653
  1.85224706 -0.69616509  1.9723274  -2.19417565 -0.34727711 -0.73251651
 -2.89008149  3.16480327 -1.63194547  3.13522441 -1.2660252  -2.70847952
  3.36217168 -1.23322306 -0.77649671 -2.88407552 -2.71720593  2.54564106
 -2.13655265 -2.04712715 -0.18154957  3.14998816  0.24664262  0.21384967
 -1.25020271 -0.67764024 -1.73377048 -3.03025118  2.87032656  1.23551014
 -0.48570753 -2.18838447  1.10971136 -1.1058579  -0.49042536 -2.73954131
 -2.06516961  1.86554749 -0.8738125   2.62185229 -0.45419499 -2.67151344
 -2.82019537  2.26182939 -3.14423323 -0.4453684  -1.00234819 -0.24660728
  2.34754187  1.8402522   0.01820716 -2.55288713 -2.65892135  0.24436985
 -0.76666231  1.24524114 -2.62771118  1.12505315 -0.38397783  0.42076315
  1.91903322  0.45811839  0.65074904 -1.27156816  1.79161173  2.9398245
  0.99593933  0.22180265 -1.14181237  2.42278748  0.72674088 -1.90977322
 -0.05037943  1.87092239  0.98664683 -1.08002922 -2.30130839  2.22238395
  2.00398641  1.92832347  2.29723369  1.91578714 -1.66121751 -3.10389839
  0.42852365  1.34475831 -2.262755   -1.12583502  2.31183698  1.39294629
 -0.27195615 -1.84442262 -1.64823686  1.96528137  1.30723901 -1.011883
 -0.23075453 -0.69309074 -0.30339077  2.30246074 -0.66193858 -0.93534301
  0.77590994 -2.35268911  0.59026916  2.78422914 -0.35242996  2.04722756
 -1.8612642  -1.35336565 -2.59736797 -2.42273075 -1.50153102 -3.02896637
  2.01620165  1.78191084  1.58151705  1.12533522  1.58819458 -2.44421553
 -2.50736721  1.78907319  1.03427298 -0.29185884 -2.47720463  1.43098334
 -1.04394804 -3.04762124 -0.04720663  1.89751623 -2.70128417 -2.36816602
  1.87611857  1.02966629 -0.62617456 -0.49631308 -0.92140752  1.96405448
  0.47262239 -0.35622609  0.40183262 -2.26662896  1.26136568 -0.15330677
  2.40236141  1.23319596  2.87809209 -1.05733946  2.10171161 -0.42989455
 -3.26841166  2.20322056  0.81147071  1.92881051 -1.28919717  1.43910601
 -2.12172313  0.20898531  0.08303678 -2.790591   -0.9019135  -2.39307463
  0.07227706 -0.56898636]
Sat May 25 18:05:48 2024,591,0.09593800651957149,[-4.65847274  2.36664204 -1.84106066 -0.12409709  0.18672598 -2.68765093
  3.01282982  2.10571256  1.45518695 -0.92536043  0.61239972  1.09170291
  1.1321003  -1.5419674   0.77712909  2.80621742 -0.7981551  -0.63691782
 -1.75472031  0.60195866  1.6765716   2.99185612 -1.20875774 -0.31571255
 -2.42357541 -2.33803672  2.99458165  2.76322703 -0.54433289 -2.36481347
  1.48280819 -0.0585083  -2.31787472  2.09556444  1.28954034 -0.6385394
  0.84777246 -2.31880642 -0.02589545  2.15332942 -0.1639427   0.38886705
  2.71395707  1.0462246   2.46285679  3.16174705  2.64140812 -2.93932926
  0.26537433 -0.81572877  1.75888675  2.86399362 -0.510952   -2.31763449
  2.78736934 -3.21076725  0.793943   -0.63487964 -1.74135999  2.69818409
 -1.80955137 -1.58813078 -2.30391414  2.18800711 -2.45128544  2.13559789
  2.07465201  1.53540753  2.38308402  2.80474833  1.6488608   1.20012711
 -1.51324489 -2.22927479  1.47130143  0.71194247  1.31361886 -3.01402318
 -0.37770299  2.51831701 -1.03585431  1.28752016  1.48329399  0.54455011
 -0.83302111  1.11514341  0.66824201 -0.38370027  2.80473735 -1.9930708
  1.53804609 -0.48681176  1.09033664 -2.84976582 -2.45832378  0.45773142
 -1.16150543 -0.49457676  0.36531582 -0.11126727 -1.65032866 -0.04117032
 -0.85970581  2.8118105  -1.06239957 -1.3801348  -0.94883359  1.07796526
  1.85224711 -0.69616513  1.97232744 -2.19417569 -0.34727715 -0.73251647
 -2.89008144  3.16480331 -1.63194543  3.13522445 -1.26602516 -2.70847947
  3.36217164 -1.23322302 -0.77649667 -2.88407557 -2.71720588  2.5456411
 -2.1365526  -2.0471272  -0.18154953  3.1499882   0.24664266  0.21384972
 -1.25020267 -0.67764028 -1.73377043 -3.03025123  2.8703266   1.23551018
 -0.48570749 -2.18838451  1.1097114  -1.10585794 -0.49042532 -2.73954136
 -2.06516965  1.86554745 -0.87381255  2.62185234 -0.45419494 -2.6715134
 -2.82019541  2.26182944 -3.14423319 -0.44536845 -1.00234823 -0.24660723
  2.34754191  1.84025224  0.0182072  -2.55288709 -2.65892139  0.24436981
 -0.76666227  1.2452411  -2.62771114  1.12505319 -0.38397779  0.42076311
  1.91903327  0.45811843  0.65074899 -1.27156812  1.79161177  2.93982446
  0.99593929  0.22180269 -1.14181241  2.42278744  0.72674084 -1.90977318
 -0.05037938  1.87092235  0.98664687 -1.08002918 -2.30130835  2.22238391
  2.00398646  1.92832343  2.29723374  1.91578709 -1.66121746 -3.10389843
  0.4285237   1.34475826 -2.26275496 -1.12583498  2.31183694  1.39294633
 -0.27195611 -1.84442266 -1.64823682  1.96528133  1.30723897 -1.01188296
 -0.23075449 -0.6930907  -0.30339073  2.3024607  -0.66193854 -0.93534297
  0.77590998 -2.35268915  0.59026912  2.78422918 -0.35242992  2.04722752
 -1.86126424 -1.35336561 -2.59736801 -2.42273071 -1.50153098 -3.02896632
  2.01620161  1.78191089  1.58151709  1.12533518  1.58819453 -2.44421557
 -2.50736717  1.78907323  1.03427302 -0.2918588  -2.47720459  1.4309833
 -1.04394799 -3.04762128 -0.04720667  1.89751618 -2.70128422 -2.36816597
  1.87611853  1.02966633 -0.62617452 -0.49631304 -0.92140748  1.96405443
  0.47262235 -0.35622613  0.40183258 -2.266629    1.26136564 -0.15330681
  2.40236145  1.23319592  2.87809205 -1.05733942  2.10171165 -0.42989451
 -3.26841162  2.20322052  0.81147075  1.92881047 -1.28919713  1.43910606
 -2.12172317  0.20898527  0.08303682 -2.79059096 -0.90191355 -2.39307467
  0.07227702 -0.56898631]
Sat May 25 18:06:11 2024,592,0.09593800651712238,[-4.65847278  2.36664208 -1.84106061 -0.12409705  0.18672602 -2.68765089
  3.01282986  2.1057126   1.45518699 -0.92536047  0.61239976  1.09170286
  1.13210026 -1.54196736  0.77712913  2.80621738 -0.79815506 -0.63691786
 -1.75472027  0.6019587   1.67657156  2.99185616 -1.20875779 -0.31571251
 -2.42357545 -2.33803668  2.9945817   2.76322699 -0.54433285 -2.36481343
  1.48280823 -0.05850834 -2.31787476  2.09556448  1.28954038 -0.63853936
  0.84777242 -2.31880646 -0.0258955   2.15332947 -0.16394265  0.388867
  2.71395703  1.04622464  2.46285674  3.16174701  2.64140816 -2.93932922
  0.26537429 -0.81572881  1.75888671  2.86399366 -0.51095196 -2.31763445
  2.78736938 -3.21076721  0.79394296 -0.6348796  -1.74135995  2.69818405
 -1.80955133 -1.58813082 -2.30391409  2.18800715 -2.45128548  2.13559784
  2.07465197  1.53540757  2.38308407  2.80474837  1.64886084  1.20012707
 -1.51324485 -2.22927474  1.47130147  0.71194242  1.31361882 -3.01402314
 -0.37770295  2.51831705 -1.03585427  1.2875202   1.48329394  0.54455015
 -0.83302107  1.11514345  0.66824205 -0.38370031  2.80473739 -1.99307076
  1.53804605 -0.48681171  1.09033669 -2.84976578 -2.45832374  0.45773138
 -1.16150548 -0.49457672  0.36531586 -0.11126732 -1.6503287  -0.04117028
 -0.85970585  2.81181054 -1.06239953 -1.38013476 -0.94883355  1.07796522
  1.85224715 -0.69616517  1.9723274  -2.19417573 -0.34727719 -0.73251651
 -2.8900814   3.16480327 -1.63194547  3.1352245  -1.2660252  -2.70847952
  3.3621716  -1.23322298 -0.77649671 -2.88407552 -2.71720584  2.54564114
 -2.13655256 -2.04712724 -0.18154957  3.14998816  0.2466427   0.21384976
 -1.25020263 -0.67764024 -1.73377039 -3.03025127  2.87032656  1.23551022
 -0.48570745 -2.18838455  1.10971136 -1.10585799 -0.49042528 -2.73954132
 -2.06516961  1.86554749 -0.87381259  2.6218523  -0.45419499 -2.67151344
 -2.82019537  2.26182948 -3.14423323 -0.4453684  -1.00234819 -0.24660719
  2.34754187  1.8402522   0.01820724 -2.55288705 -2.65892143  0.24436977
 -0.76666231  1.24524114 -2.6277111   1.12505315 -0.38397783  0.42076315
  1.91903322  0.45811847  0.65074895 -1.27156816  1.79161173  2.9398245
  0.99593933  0.22180265 -1.14181237  2.42278748  0.7267408  -1.90977322
 -0.05037934  1.87092239  0.98664692 -1.08002922 -2.3013083   2.22238395
  2.00398641  1.92832339  2.29723369  1.91578705 -1.66121742 -3.10389847
  0.42852365  1.34475822 -2.26275492 -1.12583502  2.3118369   1.39294629
 -0.27195615 -1.84442262 -1.64823686  1.96528129  1.30723901 -1.011883
 -0.23075445 -0.69309074 -0.30339068  2.30246066 -0.66193858 -0.93534293
  0.77590994 -2.35268919  0.59026916  2.78422914 -0.35242996  2.04722748
 -1.8612642  -1.35336565 -2.59736805 -2.42273067 -1.50153093 -3.02896628
  2.01620165  1.78191085  1.58151713  1.12533513  1.58819449 -2.44421561
 -2.50736713  1.78907327  1.03427298 -0.29185875 -2.47720455  1.43098326
 -1.04394804 -3.04762124 -0.04720663  1.89751623 -2.70128418 -2.36816593
  1.87611857  1.02966629 -0.62617456 -0.49631308 -0.92140744  1.96405439
  0.4726223  -0.35622617  0.40183254 -2.26662896  1.2613656  -0.15330677
  2.40236141  1.23319588  2.878092   -1.05733938  2.10171161 -0.42989446
 -3.26841166  2.20322056  0.81147071  1.92881043 -1.28919717  1.43910601
 -2.12172321  0.20898531  0.08303686 -2.790591   -0.90191359 -2.39307471
  0.07227698 -0.56898627]
Sat May 25 18:06:35 2024,593,0.0959380065147028,[-4.65847282  2.36664212 -1.84106065 -0.12409701  0.18672598 -2.68765093
  3.01282982  2.10571264  1.45518695 -0.92536043  0.6123998   1.09170282
  1.1321003  -1.54196732  0.77712917  2.80621734 -0.7981551  -0.63691782
 -1.75472031  0.60195866  1.6765716   2.99185612 -1.20875783 -0.31571247
 -2.42357549 -2.33803664  2.99458165  2.76322703 -0.54433289 -2.36481339
  1.48280819 -0.0585083  -2.31787472  2.09556444  1.28954034 -0.6385394
  0.84777238 -2.31880651 -0.02589554  2.15332942 -0.16394269  0.38886705
  2.71395707  1.04622469  2.4628567   3.16174705  2.64140812 -2.93932918
  0.26537424 -0.81572877  1.75888675  2.86399362 -0.51095192 -2.31763441
  2.78736934 -3.21076725  0.793943   -0.63487964 -1.74135999  2.69818401
 -1.80955137 -1.58813078 -2.30391414  2.18800719 -2.45128544  2.1355978
  2.07465201  1.53540761  2.38308402  2.80474833  1.64886088  1.20012703
 -1.51324489 -2.22927479  1.47130143  0.71194238  1.31361886 -3.01402318
 -0.37770291  2.51831701 -1.03585423  1.28752024  1.48329399  0.54455011
 -0.83302103  1.11514349  0.66824201 -0.38370027  2.80473735 -1.99307071
  1.53804601 -0.48681176  1.09033664 -2.84976582 -2.4583237   0.45773134
 -1.16150544 -0.49457676  0.3653159  -0.11126728 -1.65032866 -0.04117032
 -0.85970581  2.8118105  -1.06239957 -1.38013472 -0.9488335   1.07796526
  1.85224719 -0.69616513  1.97232736 -2.19417577 -0.34727715 -0.73251655
 -2.89008136  3.16480323 -1.63194551  3.13522454 -1.26602524 -2.70847956
  3.36217156 -1.23322302 -0.77649667 -2.88407548 -2.7172058   2.54564118
 -2.13655252 -2.04712728 -0.18154953  3.1499882   0.24664266  0.2138498
 -1.25020259 -0.67764028 -1.73377035 -3.03025131  2.8703266   1.23551026
 -0.48570749 -2.18838459  1.10971132 -1.10585803 -0.49042524 -2.73954136
 -2.06516956  1.86554745 -0.87381255  2.62185225 -0.45419503 -2.6715134
 -2.82019541  2.26182944 -3.14423328 -0.44536845 -1.00234823 -0.24660715
  2.34754183  1.84025216  0.0182072  -2.55288701 -2.65892139  0.24436973
 -0.76666235  1.24524118 -2.62771106  1.12505311 -0.38397787  0.42076319
  1.91903318  0.45811851  0.65074891 -1.27156812  1.79161177  2.93982446
  0.99593937  0.22180261 -1.14181241  2.42278744  0.72674076 -1.90977326
 -0.0503793   1.87092243  0.98664696 -1.08002918 -2.30130834  2.22238391
  2.00398646  1.92832334  2.29723365  1.91578709 -1.66121738 -3.10389843
  0.42852361  1.34475826 -2.26275488 -1.12583506  2.31183686  1.39294633
 -0.27195619 -1.84442258 -1.6482369   1.96528125  1.30723905 -1.01188304
 -0.23075441 -0.69309078 -0.30339073  2.30246062 -0.66193862 -0.93534297
  0.77590998 -2.35268923  0.59026912  2.78422918 -0.35242992  2.04722752
 -1.86126416 -1.35336561 -2.59736809 -2.42273063 -1.50153089 -3.02896624
  2.01620169  1.7819108   1.58151709  1.12533518  1.58819445 -2.44421557
 -2.50736709  1.78907332  1.03427294 -0.29185871 -2.47720459  1.4309833
 -1.04394808 -3.04762128 -0.04720659  1.89751619 -2.70128413 -2.36816597
  1.87611861  1.02966633 -0.62617452 -0.49631312 -0.9214074   1.96405443
  0.47262234 -0.35622621  0.40183258 -2.266629    1.26136556 -0.15330681
  2.40236137  1.23319583  2.87809205 -1.05733934  2.10171157 -0.42989442
 -3.26841162  2.2032206   0.81147067  1.92881047 -1.28919721  1.43910606
 -2.12172317  0.20898535  0.0830369  -2.79059104 -0.90191363 -2.39307475
  0.07227702 -0.56898631]
Sat May 25 18:07:05 2024,594,0.09593800651231235,[-4.65847286  2.36664217 -1.8410607  -0.12409705  0.18672594 -2.68765097
  3.01282986  2.1057126   1.45518691 -0.92536039  0.61239985  1.09170278
  1.13210034 -1.54196736  0.77712913  2.8062173  -0.79815514 -0.63691778
 -1.75472027  0.60195862  1.67657156  2.99185608 -1.20875787 -0.31571243
 -2.42357553 -2.3380366   2.9945817   2.76322699 -0.54433285 -2.36481343
  1.48280815 -0.05850826 -2.31787468  2.0955644   1.2895403  -0.63853944
  0.84777242 -2.31880655 -0.0258955   2.15332938 -0.16394274  0.38886701
  2.71395711  1.04622473  2.46285666  3.16174709  2.64140808 -2.93932922
  0.2653742  -0.81572881  1.75888679  2.86399366 -0.51095188 -2.31763437
  2.78736938 -3.21076721  0.79394304 -0.63487968 -1.74136003  2.69818405
 -1.80955141 -1.58813074 -2.3039141   2.18800723 -2.4512854   2.13559776
  2.07465205  1.53540765  2.38308407  2.80474829  1.64886093  1.20012707
 -1.51324485 -2.22927483  1.47130147  0.71194234  1.31361882 -3.01402322
 -0.37770287  2.51831705 -1.03585419  1.28752028  1.48329403  0.54455007
 -0.83302099  1.11514353  0.66824197 -0.38370031  2.80473731 -1.99307076
  1.53804597 -0.4868118   1.09033669 -2.84976586 -2.45832366  0.4577313
 -1.16150539 -0.4945768   0.36531594 -0.11126732 -1.65032862 -0.04117028
 -0.85970585  2.81181054 -1.06239953 -1.38013476 -0.94883354  1.07796522
  1.85224715 -0.69616517  1.9723274  -2.19417581 -0.34727719 -0.73251651
 -2.89008132  3.16480327 -1.63194555  3.1352245  -1.26602528 -2.7084796
  3.3621716  -1.23322298 -0.77649663 -2.88407552 -2.71720576  2.54564114
 -2.13655248 -2.04712732 -0.18154949  3.14998816  0.24664262  0.21384984
 -1.25020263 -0.67764024 -1.73377039 -3.03025135  2.87032656  1.23551022
 -0.48570753 -2.18838455  1.10971136 -1.10585799 -0.4904252  -2.7395414
 -2.06516952  1.86554749 -0.87381259  2.62185229 -0.45419507 -2.67151344
 -2.82019546  2.2618294  -3.14423323 -0.44536849 -1.00234827 -0.24660711
  2.34754179  1.8402522   0.01820716 -2.55288697 -2.65892135  0.24436969
 -0.76666239  1.24524122 -2.6277111   1.12505315 -0.38397783  0.42076315
  1.91903314  0.45811855  0.65074895 -1.27156816  1.79161173  2.93982442
  0.99593933  0.22180265 -1.14181237  2.4227874   0.72674072 -1.9097733
 -0.05037926  1.87092239  0.986647   -1.08002914 -2.3013083   2.22238395
  2.00398641  1.92832338  2.29723361  1.91578705 -1.66121742 -3.10389847
  0.42852365  1.3447583  -2.26275492 -1.12583502  2.3118369   1.39294629
 -0.27195623 -1.84442254 -1.64823686  1.96528129  1.30723909 -1.01188308
 -0.23075445 -0.69309082 -0.30339077  2.30246066 -0.66193867 -0.93534301
  0.77590994 -2.35268927  0.59026916  2.78422914 -0.35242988  2.04722756
 -1.8612642  -1.35336565 -2.59736805 -2.42273059 -1.50153085 -3.02896628
  2.01620165  1.78191084  1.58151705  1.12533514  1.58819441 -2.44421561
 -2.50736705  1.78907328  1.0342729  -0.29185867 -2.47720463  1.43098326
 -1.04394812 -3.04762132 -0.04720663  1.89751614 -2.70128409 -2.36816601
  1.87611866  1.02966629 -0.62617448 -0.49631308 -0.92140736  1.96405447
  0.4726223  -0.35622617  0.40183262 -2.26662896  1.26136552 -0.15330685
  2.40236133  1.23319579  2.87809209 -1.05733938  2.10171153 -0.42989438
 -3.26841166  2.20322056  0.81147071  1.92881043 -1.28919726  1.43910602
 -2.12172313  0.20898531  0.08303686 -2.790591   -0.90191359 -2.39307471
  0.07227698 -0.56898627]
Sat May 25 18:07:28 2024,595,0.09593800650994985,[-4.6584729   2.36664221 -1.84106074 -0.12409709  0.1867259  -2.68765101
  3.0128299   2.10571256  1.45518687 -0.92536043  0.61239989  1.09170282
  1.13210038 -1.5419674   0.77712909  2.80621734 -0.7981551  -0.63691782
 -1.75472023  0.60195866  1.67657152  2.99185604 -1.20875791 -0.31571247
 -2.42357557 -2.33803664  2.99458174  2.76322703 -0.54433281 -2.36481339
  1.48280819 -0.0585083  -2.31787472  2.09556436  1.28954026 -0.63853948
  0.84777238 -2.31880659 -0.02589546  2.15332934 -0.1639427   0.38886696
  2.71395715  1.04622469  2.4628567   3.16174705  2.64140812 -2.93932918
  0.26537416 -0.81572885  1.75888675  2.86399362 -0.51095184 -2.31763433
  2.78736942 -3.21076717  0.79394308 -0.63487964 -1.74135999  2.69818401
 -1.80955145 -1.5881307  -2.30391406  2.18800727 -2.45128536  2.13559772
  2.0746521   1.53540769  2.38308411  2.80474833  1.64886097  1.20012703
 -1.51324481 -2.22927487  1.47130151  0.71194238  1.31361886 -3.01402326
 -0.37770283  2.51831709 -1.03585423  1.28752024  1.48329399  0.54455011
 -0.83302095  1.11514357  0.66824201 -0.38370035  2.80473735 -1.99307071
  1.53804593 -0.48681184  1.09033673 -2.8497659  -2.45832362  0.45773134
 -1.16150535 -0.49457676  0.36531599 -0.11126728 -1.65032857 -0.04117032
 -0.85970589  2.81181058 -1.06239949 -1.38013472 -0.9488335   1.07796518
  1.85224719 -0.69616521  1.97232736 -2.19417577 -0.34727723 -0.73251655
 -2.89008136  3.16480323 -1.63194559  3.13522454 -1.26602524 -2.70847956
  3.36217156 -1.23322294 -0.77649659 -2.88407556 -2.71720572  2.5456411
 -2.13655244 -2.04712736 -0.18154945  3.14998812  0.24664258  0.2138498
 -1.25020259 -0.6776402  -1.73377043 -3.03025139  2.8703266   1.23551018
 -0.48570749 -2.18838459  1.1097114  -1.10585795 -0.49042524 -2.73954144
 -2.06516956  1.86554753 -0.87381263  2.62185233 -0.45419511 -2.67151348
 -2.8201955   2.26182944 -3.14423327 -0.44536853 -1.00234823 -0.24660715
  2.34754183  1.84025216  0.0182072  -2.55288701 -2.65892131  0.24436973
 -0.76666235  1.24524118 -2.62771106  1.12505319 -0.38397787  0.42076311
  1.9190331   0.45811851  0.65074899 -1.2715682   1.79161177  2.93982446
  0.99593929  0.22180269 -1.14181233  2.42278736  0.72674068 -1.90977334
 -0.05037922  1.87092235  0.98664696 -1.08002918 -2.30130834  2.22238391
  2.00398645  1.92832342  2.29723365  1.91578709 -1.66121738 -3.10389843
  0.42852361  1.34475834 -2.26275488 -1.12583506  2.31183694  1.39294633
 -0.27195627 -1.84442258 -1.64823682  1.96528133  1.30723905 -1.01188312
 -0.23075441 -0.69309086 -0.30339081  2.30246062 -0.66193871 -0.93534297
  0.77590998 -2.35268923  0.5902692   2.78422918 -0.35242992  2.04722752
 -1.86126424 -1.35336569 -2.59736809 -2.42273063 -1.50153081 -3.02896632
  2.01620161  1.7819108   1.58151701  1.1253351   1.58819445 -2.44421565
 -2.50736709  1.78907324  1.03427294 -0.29185871 -2.47720459  1.43098322
 -1.04394808 -3.04762136 -0.04720667  1.8975161  -2.70128413 -2.36816605
  1.87611862  1.02966625 -0.62617444 -0.49631312 -0.9214074   1.96405451
  0.47262226 -0.35622621  0.40183258 -2.266629    1.26136556 -0.15330689
  2.40236129  1.23319575  2.87809213 -1.05733942  2.10171157 -0.42989442
 -3.2684117   2.20322052  0.81147075  1.92881047 -1.28919721  1.43910606
 -2.12172309  0.20898535  0.0830369  -2.79059096 -0.90191363 -2.39307475
  0.07227702 -0.56898623]
Sat May 25 18:07:52 2024,596,0.09593800650761519,[-4.65847294  2.36664225 -1.84106078 -0.12409705  0.18672586 -2.68765105
  3.01282994  2.10571252  1.45518691 -0.92536047  0.61239985  1.09170286
  1.13210042 -1.54196744  0.77712905  2.80621738 -0.79815506 -0.63691786
 -1.75472019  0.60195862  1.67657156  2.99185608 -1.20875787 -0.31571243
 -2.42357561 -2.33803668  2.9945817   2.76322707 -0.54433285 -2.36481335
  1.48280823 -0.05850826 -2.31787476  2.0955644   1.2895403  -0.63853945
  0.84777234 -2.31880655 -0.02589542  2.1533293  -0.16394273  0.38886693
  2.71395711  1.04622473  2.46285674  3.16174701  2.64140816 -2.93932914
  0.26537412 -0.81572881  1.75888679  2.86399358 -0.5109518  -2.31763429
  2.78736946 -3.21076721  0.79394312 -0.63487968 -1.74135995  2.69818405
 -1.80955141 -1.58813074 -2.30391402  2.18800731 -2.45128532  2.13559776
  2.07465213  1.53540765  2.38308407  2.80474837  1.64886093  1.20012707
 -1.51324477 -2.22927491  1.47130155  0.71194242  1.3136189  -3.0140233
 -0.37770279  2.51831705 -1.03585427  1.2875202   1.48329403  0.54455007
 -0.83302099  1.11514353  0.66824197 -0.38370039  2.80473739 -1.99307068
  1.53804597 -0.4868118   1.09033677 -2.84976594 -2.45832366  0.4577313
 -1.16150531 -0.4945768   0.36531602 -0.11126732 -1.65032854 -0.04117036
 -0.85970585  2.81181062 -1.06239945 -1.38013468 -0.94883354  1.07796522
  1.85224723 -0.69616525  1.97232732 -2.19417581 -0.34727719 -0.73251659
 -2.8900814   3.16480327 -1.63194563  3.1352245  -1.2660252  -2.7084796
  3.36217152 -1.23322298 -0.77649663 -2.8840756  -2.71720576  2.54564106
 -2.1365524  -2.04712732 -0.18154949  3.14998808  0.24664254  0.21384976
 -1.25020255 -0.67764024 -1.73377039 -3.03025135  2.87032664  1.23551014
 -0.48570753 -2.18838455  1.10971136 -1.10585791 -0.4904252  -2.7395414
 -2.06516952  1.86554749 -0.87381259  2.62185237 -0.45419515 -2.67151344
 -2.82019546  2.26182948 -3.14423331 -0.44536849 -1.00234819 -0.24660719
  2.34754179  1.8402522   0.01820716 -2.55288705 -2.65892135  0.24436977
 -0.76666231  1.24524122 -2.62771102  1.12505315 -0.38397783  0.42076307
  1.91903314  0.45811855  0.65074903 -1.27156816  1.79161173  2.9398245
  0.99593925  0.22180273 -1.14181229  2.42278732  0.72674064 -1.90977338
 -0.05037926  1.87092239  0.986647   -1.08002914 -2.30130838  2.22238395
  2.00398649  1.92832339  2.29723369  1.91578713 -1.66121742 -3.10389839
  0.42852357  1.3447583  -2.26275484 -1.1258351   2.31183698  1.39294629
 -0.27195623 -1.84442262 -1.64823678  1.96528137  1.30723901 -1.01188316
 -0.23075445 -0.6930909  -0.30339077  2.30246058 -0.66193867 -0.93534301
  0.77590994 -2.35268927  0.59026916  2.78422914 -0.35242988  2.04722748
 -1.8612642  -1.35336565 -2.59736813 -2.42273067 -1.50153085 -3.02896636
  2.01620157  1.78191084  1.58151697  1.12533506  1.58819449 -2.44421569
 -2.50736705  1.78907327  1.0342729  -0.29185867 -2.47720463  1.43098318
 -1.04394804 -3.0476214  -0.04720663  1.89751614 -2.70128417 -2.36816609
  1.87611858  1.02966629 -0.6261744  -0.49631316 -0.92140736  1.96405447
  0.4726223  -0.35622617  0.40183262 -2.26662896  1.2613656  -0.15330685
  2.40236133  1.23319571  2.87809217 -1.05733938  2.10171153 -0.42989446
 -3.26841174  2.20322048  0.81147071  1.92881043 -1.28919718  1.43910609
 -2.12172305  0.20898539  0.08303694 -2.790591   -0.90191367 -2.39307479
  0.07227698 -0.56898627]
Sat May 25 18:08:18 2024,597,0.0959380065053079,[-4.65847298  2.36664221 -1.84106074 -0.12409709  0.18672582 -2.68765101
  3.01282998  2.10571248  1.45518695 -0.92536051  0.61239989  1.09170282
  1.13210038 -1.54196748  0.77712909  2.80621741 -0.79815502 -0.63691789
 -1.75472015  0.60195858  1.6765716   2.99185604 -1.20875791 -0.31571239
 -2.42357557 -2.33803672  2.99458173  2.76322703 -0.54433289 -2.36481339
  1.48280827 -0.0585083  -2.31787472  2.09556436  1.28954034 -0.63853941
  0.8477723  -2.31880651 -0.02589538  2.15332934 -0.1639427   0.38886696
  2.71395707  1.04622469  2.4628567   3.16174698  2.64140812 -2.93932918
  0.26537408 -0.81572877  1.75888675  2.86399354 -0.51095184 -2.31763425
  2.78736942 -3.21076725  0.79394308 -0.63487964 -1.74135999  2.69818408
 -1.80955137 -1.58813077 -2.30391398  2.18800727 -2.45128536  2.13559772
  2.07465217  1.53540761  2.38308411  2.80474833  1.64886096  1.20012703
 -1.5132448  -2.22927495  1.47130151  0.71194246  1.31361894 -3.01402334
 -0.37770283  2.51831701 -1.03585423  1.28752024  1.48329399  0.54455011
 -0.83302095  1.11514357  0.66824193 -0.38370035  2.80473743 -1.99307071
  1.53804593 -0.48681184  1.0903368  -2.84976598 -2.45832362  0.45773134
 -1.16150535 -0.49457676  0.36531606 -0.11126735 -1.6503285  -0.04117032
 -0.85970581  2.81181058 -1.06239941 -1.38013472 -0.94883358  1.07796518
  1.85224719 -0.69616521  1.97232728 -2.19417577 -0.34727723 -0.73251655
 -2.89008136  3.16480323 -1.63194559  3.13522454 -1.26602524 -2.70847964
  3.36217148 -1.23322302 -0.77649666 -2.88407557 -2.7172058   2.54564102
 -2.13655236 -2.04712728 -0.18154945  3.14998804  0.2466425   0.21384972
 -1.25020259 -0.6776402  -1.73377043 -3.03025131  2.8703266   1.2355101
 -0.48570757 -2.18838451  1.1097114  -1.10585787 -0.49042524 -2.73954136
 -2.06516949  1.86554753 -0.87381255  2.62185241 -0.45419519 -2.67151348
 -2.82019549  2.26182944 -3.14423335 -0.44536853 -1.00234815 -0.24660715
  2.34754175  1.84025224  0.0182072  -2.55288701 -2.65892131  0.24436973
 -0.76666235  1.24524126 -2.62771098  1.12505311 -0.38397787  0.42076311
  1.91903318  0.45811851  0.65074907 -1.27156812  1.79161177  2.93982454
  0.99593921  0.22180277 -1.14181233  2.42278728  0.7267406  -1.90977342
 -0.0503793   1.87092243  0.98664704 -1.0800291  -2.30130842  2.22238399
  2.00398646  1.92832342  2.29723373  1.91578709 -1.66121738 -3.10389835
  0.42852361  1.34475826 -2.2627548  -1.12583514  2.31183694  1.39294625
 -0.27195619 -1.84442258 -1.64823674  1.96528133  1.30723897 -1.0118832
 -0.23075449 -0.69309094 -0.30339081  2.30246062 -0.6619387  -0.93534297
  0.7759099  -2.35268931  0.5902692   2.7842291  -0.35242992  2.04722744
 -1.86126424 -1.35336569 -2.59736809 -2.42273071 -1.50153081 -3.0289664
  2.01620161  1.7819108   1.58151693  1.12533502  1.58819445 -2.44421573
 -2.50736709  1.78907331  1.03427286 -0.29185863 -2.47720467  1.43098314
 -1.043948   -3.04762136 -0.04720667  1.8975161  -2.70128421 -2.36816613
  1.87611854  1.02966625 -0.62617444 -0.49631312 -0.92140732  1.96405444
  0.47262234 -0.35622621  0.40183266 -2.266629    1.26136556 -0.15330689
  2.40236137  1.23319567  2.87809213 -1.05733934  2.10171149 -0.42989442
 -3.26841178  2.20322044  0.81147067  1.92881047 -1.28919714  1.43910606
 -2.12172301  0.20898535  0.0830369  -2.79059104 -0.90191371 -2.39307483
  0.07227694 -0.56898623]
Sat May 25 18:08:43 2024,598,0.09593800650302732,[-4.65847302  2.36664224 -1.84106077 -0.12409705  0.18672578 -2.68765097
  3.01282994  2.10571252  1.45518699 -0.92536047  0.61239992  1.09170278
  1.13210035 -1.54196744  0.77712905  2.80621738 -0.79815506 -0.63691786
 -1.75472019  0.60195862  1.67657156  2.991856   -1.20875795 -0.31571235
 -2.42357561 -2.33803668  2.99458177  2.76322707 -0.54433293 -2.36481335
  1.48280823 -0.05850826 -2.31787468  2.09556432  1.28954038 -0.63853937
  0.84777234 -2.31880655 -0.02589534  2.15332938 -0.16394273  0.38886693
  2.71395703  1.04622465  2.46285674  3.16174701  2.64140808 -2.93932922
  0.26537405 -0.81572874  1.75888671  2.8639935  -0.5109518  -2.31763421
  2.78736938 -3.21076721  0.79394304 -0.6348796  -1.74136003  2.69818412
 -1.80955141 -1.58813081 -2.30391394  2.18800724 -2.45128532  2.13559768
  2.07465221  1.53540765  2.38308414  2.80474829  1.648861    1.20012707
 -1.51324477 -2.22927491  1.47130147  0.7119425   1.3136189  -3.01402338
 -0.37770279  2.51831698 -1.03585419  1.28752028  1.48329402  0.54455007
 -0.83302099  1.11514353  0.66824197 -0.38370031  2.80473746 -1.99307068
  1.53804597 -0.48681187  1.09033677 -2.84976594 -2.45832366  0.4577313
 -1.16150532 -0.49457672  0.3653161  -0.11126732 -1.65032853 -0.04117028
 -0.85970585  2.81181062 -1.06239937 -1.38013476 -0.94883354  1.07796522
  1.85224715 -0.69616525  1.97232732 -2.19417581 -0.34727719 -0.73251651
 -2.89008132  3.16480319 -1.63194563  3.13522458 -1.26602528 -2.70847967
  3.36217144 -1.23322298 -0.77649663 -2.88407553 -2.71720576  2.54564098
 -2.13655232 -2.04712724 -0.18154941  3.149988    0.24664254  0.21384976
 -1.25020263 -0.67764024 -1.73377039 -3.03025135  2.87032664  1.23551006
 -0.48570761 -2.18838447  1.10971144 -1.10585783 -0.49042528 -2.7395414
 -2.06516952  1.86554757 -0.87381259  2.62185238 -0.45419522 -2.67151352
 -2.82019546  2.2618294  -3.14423332 -0.44536856 -1.00234811 -0.24660711
  2.34754179  1.8402522   0.01820724 -2.55288705 -2.65892127  0.24436977
 -0.76666231  1.2452413  -2.62771094  1.12505315 -0.38397791  0.42076315
  1.91903322  0.45811847  0.65074911 -1.27156808  1.79161181  2.9398245
  0.99593917  0.22180281 -1.14181229  2.42278732  0.72674056 -1.90977346
 -0.05037934  1.87092239  0.986647   -1.08002914 -2.30130838  2.22238395
  2.00398649  1.92832339  2.29723369  1.91578713 -1.66121742 -3.10389839
  0.42852365  1.34475823 -2.26275476 -1.12583518  2.3118369   1.39294621
 -0.27195615 -1.84442261 -1.6482367   1.96528129  1.30723901 -1.01188324
 -0.23075453 -0.6930909  -0.30339084  2.30246066 -0.66193874 -0.93534293
  0.77590994 -2.35268935  0.59026916  2.78422914 -0.35242988  2.0472274
 -1.86126428 -1.35336573 -2.59736806 -2.42273067 -1.50153077 -3.02896644
  2.01620157  1.78191084  1.58151689  1.12533498  1.58819449 -2.44421577
 -2.50736705  1.78907328  1.0342729  -0.29185867 -2.47720463  1.4309831
 -1.04394796 -3.04762132 -0.04720671  1.89751607 -2.70128425 -2.36816617
  1.87611858  1.02966629 -0.62617448 -0.49631309 -0.92140736  1.96405447
  0.47262238 -0.35622625  0.40183262 -2.26662903  1.2613656  -0.15330693
  2.40236141  1.23319571  2.87809217 -1.0573393   2.10171153 -0.42989438
 -3.26841182  2.20322041  0.81147071  1.92881043 -1.28919717  1.43910602
 -2.12172297  0.20898539  0.08303694 -2.790591   -0.90191375 -2.39307487
  0.0722769  -0.56898627]
Sat May 25 18:09:06 2024,599,0.09593800650077326,[-4.65847306  2.36664228 -1.84106074 -0.12409709  0.18672582 -2.68765093
  3.0128299   2.10571256  1.45518703 -0.92536051  0.61239989  1.09170275
  1.13210038 -1.5419674   0.77712909  2.80621734 -0.7981551  -0.63691782
 -1.75472023  0.60195866  1.67657152  2.99185604 -1.20875798 -0.31571239
 -2.42357557 -2.33803664  2.99458174  2.76322711 -0.54433289 -2.36481331
  1.48280819 -0.0585083  -2.31787464  2.09556436  1.28954042 -0.63853933
  0.8477723  -2.31880651 -0.02589538  2.15332934 -0.16394277  0.38886696
  2.71395707  1.04622469  2.4628567   3.16174705  2.64140805 -2.93932918
  0.26537408 -0.81572877  1.75888675  2.86399354 -0.51095184 -2.31763425
  2.78736934 -3.21076717  0.793943   -0.63487956 -1.74135999  2.69818409
 -1.80955145 -1.58813077 -2.3039139   2.18800727 -2.45128528  2.13559764
  2.07465225  1.53540761  2.38308418  2.80474833  1.64886104  1.20012711
 -1.5132448  -2.22927487  1.47130143  0.71194246  1.31361894 -3.01402341
 -0.37770275  2.51831701 -1.03585415  1.28752032  1.48329406  0.54455011
 -0.83302095  1.11514357  0.66824193 -0.38370035  2.80473743 -1.99307071
  1.53804593 -0.48681191  1.0903368  -2.84976598 -2.45832362  0.45773126
 -1.16150535 -0.49457669  0.36531606 -0.11126728 -1.6503285  -0.04117032
 -0.85970589  2.81181066 -1.06239941 -1.38013472 -0.94883358  1.07796518
  1.85224711 -0.69616522  1.97232728 -2.19417585 -0.34727723 -0.73251647
 -2.89008136  3.16480323 -1.63194559  3.13522461 -1.26602532 -2.70847964
  3.3621714  -1.23322294 -0.77649659 -2.88407549 -2.71720572  2.54564094
 -2.13655228 -2.0471272  -0.18154937  3.14998804  0.24664258  0.21384972
 -1.25020267 -0.67764028 -1.73377035 -3.03025131  2.87032668  1.2355101
 -0.48570765 -2.18838451  1.1097114  -1.10585779 -0.49042532 -2.73954144
 -2.06516949  1.86554753 -0.87381263  2.62185234 -0.45419526 -2.67151356
 -2.82019549  2.26182936 -3.14423328 -0.4453686  -1.00234808 -0.24660715
  2.34754175  1.84025224  0.01820728 -2.55288709 -2.65892131  0.24436973
 -0.76666235  1.24524126 -2.6277109   1.12505311 -0.38397795  0.42076311
  1.91903326  0.45811851  0.65074915 -1.27156812  1.79161177  2.93982454
  0.99593913  0.22180277 -1.14181225  2.42278736  0.72674052 -1.9097735
 -0.05037938  1.87092235  0.98664696 -1.0800291  -2.30130835  2.22238399
  2.00398653  1.92832342  2.29723365  1.91578717 -1.66121738 -3.10389835
  0.42852361  1.34475826 -2.26275472 -1.12583514  2.31183694  1.39294617
 -0.27195619 -1.84442265 -1.64823667  1.96528133  1.30723905 -1.01188328
 -0.23075457 -0.69309094 -0.30339088  2.30246069 -0.66193878 -0.93534297
  0.7759099  -2.35268939  0.59026912  2.78422918 -0.35242984  2.04722736
 -1.86126424 -1.35336569 -2.59736802 -2.42273071 -1.50153074 -3.02896648
  2.01620161  1.78191088  1.58151685  1.12533494  1.58819445 -2.44421581
 -2.50736709  1.78907324  1.03427286 -0.29185871 -2.47720467  1.43098306
 -1.04394792 -3.04762128 -0.04720667  1.89751603 -2.70128429 -2.36816621
  1.87611861  1.02966633 -0.62617444 -0.49631305 -0.92140732  1.96405444
  0.47262242 -0.35622621  0.40183266 -2.26662907  1.26136564 -0.15330697
  2.40236137  1.23319575  2.8780922  -1.05733926  2.10171149 -0.42989442
 -3.26841178  2.20322044  0.81147075  1.92881039 -1.28919714  1.43910598
 -2.12172301  0.20898535  0.0830369  -2.79059096 -0.90191371 -2.39307483
  0.07227694 -0.56898631]
Sat May 25 18:09:37 2024,600,0.09593800649854481,[-4.6584731   2.36664225 -1.8410607  -0.12409713  0.18672586 -2.68765097
  3.01282994  2.10571252  1.45518707 -0.92536047  0.61239992  1.09170278
  1.13210042 -1.54196744  0.77712913  2.80621738 -0.79815514 -0.63691778
 -1.75472019  0.60195869  1.67657148  2.99185608 -1.20875802 -0.31571243
 -2.42357553 -2.33803668  2.9945817   2.76322714 -0.54433293 -2.36481335
  1.48280823 -0.05850826 -2.31787461  2.0955644   1.28954038 -0.63853929
  0.84777226 -2.31880647 -0.02589534  2.15332931 -0.16394281  0.388867
  2.71395703  1.04622472  2.46285667  3.16174701  2.64140801 -2.93932914
  0.26537412 -0.81572874  1.75888671  2.86399358 -0.5109518  -2.31763421
  2.78736938 -3.21076713  0.79394304 -0.63487952 -1.74135995  2.69818412
 -1.80955149 -1.58813074 -2.30391394  2.18800724 -2.45128532  2.13559768
  2.07465229  1.53540765  2.38308422  2.80474829  1.648861    1.20012715
 -1.51324477 -2.22927491  1.47130147  0.7119425   1.31361898 -3.01402345
 -0.37770272  2.51831698 -1.03585411  1.28752028  1.48329403  0.54455015
 -0.83302099  1.11514361  0.66824197 -0.38370031  2.80473739 -1.99307068
  1.53804589 -0.48681195  1.09033677 -2.84976602 -2.45832358  0.4577313
 -1.16150539 -0.49457665  0.36531603 -0.11126724 -1.65032846 -0.04117036
 -0.85970593  2.8118107  -1.06239945 -1.38013476 -0.94883362  1.07796514
  1.85224707 -0.69616518  1.97232724 -2.19417581 -0.3472772  -0.73251643
 -2.89008132  3.16480327 -1.63194563  3.13522458 -1.26602528 -2.7084796
  3.36217144 -1.23322298 -0.77649655 -2.88407553 -2.71720568  2.54564098
 -2.13655232 -2.04712724 -0.18154933  3.14998808  0.24664262  0.21384976
 -1.2502027  -0.67764031 -1.73377032 -3.03025135  2.87032672  1.23551014
 -0.48570761 -2.18838447  1.10971144 -1.10585775 -0.49042535 -2.7395414
 -2.06516945  1.86554749 -0.87381259  2.6218523  -0.4541953  -2.6715136
 -2.82019553  2.26182932 -3.14423331 -0.44536864 -1.00234811 -0.24660711
  2.34754171  1.84025227  0.01820732 -2.55288713 -2.65892135  0.24436977
 -0.76666239  1.24524122 -2.62771094  1.12505315 -0.38397799  0.42076315
  1.9190333   0.45811847  0.65074911 -1.27156816  1.79161181  2.93982458
  0.9959391   0.22180281 -1.14181229  2.42278732  0.72674056 -1.90977353
 -0.05037942  1.87092231  0.986647   -1.08002914 -2.30130838  2.22238402
  2.00398649  1.92832346  2.29723369  1.91578721 -1.66121734 -3.10389839
  0.42852358  1.3447583  -2.26275476 -1.1258351   2.3118369   1.39294621
 -0.27195615 -1.84442262 -1.6482367   1.96528129  1.30723901 -1.01188324
 -0.23075453 -0.6930909  -0.30339085  2.30246066 -0.66193874 -0.93534301
  0.77590994 -2.35268935  0.59026916  2.78422914 -0.35242988  2.04722733
 -1.86126428 -1.35336573 -2.59736798 -2.42273067 -1.50153077 -3.02896644
  2.01620165  1.78191092  1.58151681  1.12533498  1.58819441 -2.44421585
 -2.50736705  1.7890732   1.03427282 -0.29185875 -2.4772047   1.43098302
 -1.04394796 -3.04762132 -0.04720663  1.89751607 -2.70128425 -2.36816617
  1.87611865  1.02966637 -0.6261744  -0.49631309 -0.92140736  1.96405447
  0.47262238 -0.35622617  0.40183262 -2.26662904  1.26136568 -0.15330693
  2.40236133  1.23319579  2.87809217 -1.05733922  2.10171153 -0.42989446
 -3.26841182  2.20322041  0.81147071  1.92881035 -1.28919717  1.43910602
 -2.12172305  0.20898539  0.08303694 -2.790591   -0.90191375 -2.39307479
  0.0722769  -0.56898635]
Sat May 25 18:10:02 2024,601,0.09593800649634217,[-4.65847314  2.36664221 -1.84106074 -0.12409709  0.18672582 -2.68765093
  3.01282998  2.10571256  1.4551871  -0.92536051  0.61239996  1.09170275
  1.13210046 -1.54196748  0.77712909  2.80621741 -0.79815517 -0.63691774
 -1.75472015  0.60195866  1.67657144  2.99185611 -1.20875806 -0.31571246
 -2.42357557 -2.33803671  2.99458166  2.76322718 -0.54433296 -2.36481339
  1.48280827 -0.05850823 -2.31787457  2.09556436  1.28954042 -0.63853925
  0.84777222 -2.31880643 -0.0258953   2.15332927 -0.16394285  0.38886696
  2.713957    1.04622469  2.46285663  3.16174698  2.64140805 -2.9393291
  0.26537408 -0.81572877  1.75888667  2.86399362 -0.51095184 -2.31763425
  2.78736942 -3.21076717  0.79394308 -0.63487948 -1.74135991  2.69818416
 -1.80955145 -1.58813077 -2.30391397  2.1880072  -2.45128536  2.13559765
  2.07465233  1.53540762  2.38308426  2.80474833  1.64886104  1.20012711
 -1.5132448  -2.22927494  1.47130151  0.71194254  1.31361902 -3.01402341
 -0.37770268  2.51831701 -1.03585415  1.28752024  1.48329406  0.54455019
 -0.83302095  1.11514357  0.66824201 -0.38370028  2.80473743 -1.99307064
  1.53804586 -0.48681199  1.09033673 -2.84976606 -2.45832362  0.45773126
 -1.16150535 -0.49457661  0.36531599 -0.11126728 -1.65032842 -0.0411704
 -0.85970596  2.81181074 -1.06239941 -1.38013479 -0.94883366  1.0779651
  1.85224704 -0.69616521  1.97232721 -2.19417577 -0.34727716 -0.7325164
 -2.89008136  3.16480323 -1.63194567  3.13522461 -1.26602524 -2.70847964
  3.36217148 -1.23322302 -0.77649659 -2.88407556 -2.71720565  2.54564095
 -2.13655228 -2.0471272  -0.18154929  3.14998811  0.24664266  0.2138498
 -1.25020274 -0.67764035 -1.73377035 -3.03025131  2.87032676  1.23551018
 -0.48570757 -2.18838444  1.1097114  -1.10585779 -0.49042539 -2.73954136
 -2.06516949  1.86554753 -0.87381263  2.62185226 -0.45419534 -2.67151363
 -2.82019557  2.26182936 -3.14423335 -0.44536868 -1.00234808 -0.24660715
  2.34754168  1.84025224  0.01820728 -2.55288709 -2.65892131  0.24436973
 -0.76666243  1.24524126 -2.6277109   1.12505311 -0.38397803  0.42076318
  1.91903333  0.45811851  0.65074907 -1.2715682   1.79161177  2.93982454
  0.99593906  0.22180285 -1.14181225  2.42278736  0.7267406  -1.9097735
 -0.05037945  1.87092235  0.98664703 -1.08002918 -2.30130842  2.22238406
  2.00398646  1.92832342  2.29723365  1.91578717 -1.66121731 -3.10389843
  0.42852354  1.34475826 -2.2627548  -1.12583514  2.31183686  1.39294625
 -0.27195611 -1.84442258 -1.64823667  1.96528125  1.30723897 -1.0118832
 -0.23075449 -0.69309094 -0.30339081  2.30246062 -0.66193871 -0.93534297
  0.7759099  -2.35268939  0.59026912  2.7842291  -0.35242984  2.04722736
 -1.86126432 -1.35336569 -2.59736794 -2.42273063 -1.50153074 -3.0289664
  2.01620161  1.78191088  1.58151685  1.12533501  1.58819438 -2.44421589
 -2.50736709  1.78907316  1.03427278 -0.29185871 -2.47720467  1.43098299
 -1.04394792 -3.04762128 -0.04720667  1.89751603 -2.70128421 -2.36816614
  1.87611869  1.02966633 -0.62617437 -0.49631312 -0.92140732  1.96405444
  0.47262242 -0.35622614  0.40183258 -2.26662907  1.26136571 -0.15330697
  2.40236137  1.23319575  2.8780922  -1.05733918  2.10171149 -0.4298945
 -3.26841186  2.20322037  0.81147068  1.92881032 -1.28919721  1.43910598
 -2.12172301  0.20898543  0.0830369  -2.79059104 -0.90191371 -2.39307483
  0.07227694 -0.56898631]
Sat May 25 18:10:53 2024,602,0.09593800649416376,[-4.65847317  2.36664224 -1.84106077 -0.12409705  0.18672578 -2.68765089
  3.01282994  2.10571252  1.45518714 -0.92536047  0.61239992  1.09170278
  1.13210042 -1.54196744  0.77712906  2.80621745 -0.79815514 -0.63691778
 -1.75472019  0.60195862  1.67657148  2.99185615 -1.20875802 -0.3157125
 -2.42357561 -2.33803675  2.9945817   2.76322722 -0.544333   -2.36481335
  1.48280823 -0.05850819 -2.31787461  2.09556432  1.28954045 -0.63853922
  0.84777219 -2.31880647 -0.02589534  2.15332923 -0.16394281  0.388867
  2.71395703  1.04622472  2.46285667  3.16174701  2.64140808 -2.93932914
  0.26537412 -0.81572881  1.75888671  2.86399358 -0.5109518  -2.31763421
  2.78736938 -3.21076713  0.79394311 -0.63487952 -1.74135995  2.69818412
 -1.80955142 -1.58813081 -2.30391401  2.18800724 -2.45128539  2.13559768
  2.07465229  1.53540765  2.3830843   2.80474836  1.648861    1.20012707
 -1.51324484 -2.22927491  1.47130147  0.71194258  1.31361898 -3.01402338
 -0.37770272  2.51831705 -1.03585419  1.2875202   1.4832941   0.54455015
 -0.83302091  1.11514353  0.66824197 -0.38370024  2.80473739 -1.9930706
  1.53804582 -0.48681203  1.09033677 -2.84976609 -2.45832366  0.45773122
 -1.16150532 -0.49457657  0.36531603 -0.11126724 -1.65032846 -0.04117036
 -0.85970593  2.81181077 -1.06239937 -1.38013483 -0.9488337   1.07796514
  1.85224707 -0.69616525  1.97232724 -2.19417581 -0.34727712 -0.73251636
 -2.8900814   3.16480327 -1.6319457   3.13522458 -1.26602528 -2.70847967
  3.36217151 -1.23322305 -0.77649655 -2.88407553 -2.71720561  2.54564091
 -2.13655232 -2.04712717 -0.18154933  3.14998815  0.24664269  0.21384976
 -1.25020278 -0.67764039 -1.73377032 -3.03025127  2.87032672  1.23551021
 -0.48570761 -2.18838447  1.10971136 -1.10585783 -0.49042543 -2.73954132
 -2.06516945  1.86554757 -0.87381259  2.62185222 -0.4541953  -2.6715136
 -2.82019553  2.26182932 -3.14423332 -0.44536864 -1.00234811 -0.24660719
  2.34754164  1.84025227  0.01820732 -2.55288713 -2.65892127  0.24436977
 -0.76666239  1.24524122 -2.62771094  1.12505308 -0.38397799  0.42076315
  1.91903337  0.45811847  0.65074904 -1.27156824  1.79161173  2.93982458
  0.99593909  0.22180288 -1.14181229  2.4227874   0.72674063 -1.90977346
 -0.05037942  1.87092231  0.986647   -1.08002914 -2.30130846  2.22238403
  2.00398649  1.92832346  2.29723369  1.91578713 -1.66121727 -3.10389839
  0.4285235   1.3447583  -2.26275476 -1.12583511  2.31183682  1.39294628
 -0.27195608 -1.84442254 -1.64823663  1.96528129  1.30723901 -1.01188324
 -0.23075453 -0.69309098 -0.30339084  2.30246058 -0.66193874 -0.935343
  0.77590987 -2.35268935  0.59026908  2.78422906 -0.35242988  2.0472274
 -1.86126436 -1.35336573 -2.5973679  -2.42273059 -1.5015307  -3.02896637
  2.01620165  1.78191085  1.58151681  1.12533505  1.58819441 -2.44421585
 -2.50736712  1.7890732   1.03427275 -0.29185867 -2.4772047   1.43098302
 -1.04394788 -3.04762132 -0.04720671  1.89751599 -2.70128425 -2.36816617
  1.87611865  1.02966629 -0.6261744  -0.49631309 -0.92140736  1.96405447
  0.47262238 -0.3562261   0.40183254 -2.26662911  1.26136575 -0.15330693
  2.40236133  1.23319572  2.87809224 -1.05733922  2.10171153 -0.42989446
 -3.26841182  2.20322033  0.81147071  1.92881028 -1.28919725  1.43910594
 -2.12172305  0.20898539  0.08303687 -2.790591   -0.90191367 -2.39307487
  0.07227698 -0.56898627]
Sat May 25 18:11:28 2024,603,0.0959380064920099,[-4.65847321  2.36664228 -1.84106081 -0.12409702  0.18672575 -2.68765093
  3.0128299   2.10571248  1.4551871  -0.92536043  0.61239996  1.09170282
  1.13210039 -1.54196748  0.77712909  2.80621749 -0.79815517 -0.63691774
 -1.75472016  0.60195858  1.67657152  2.99185611 -1.20875806 -0.31571254
 -2.42357557 -2.33803679  2.99458173  2.76322718 -0.54433296 -2.36481339
  1.48280819 -0.05850823 -2.31787464  2.09556429  1.28954049 -0.63853925
  0.84777215 -2.31880651 -0.02589537  2.15332927 -0.16394277  0.38886696
  2.71395707  1.04622476  2.46285663  3.16174705  2.64140805 -2.93932918
  0.26537408 -0.81572885  1.75888675  2.86399362 -0.51095184 -2.31763425
  2.78736942 -3.21076709  0.79394308 -0.63487956 -1.74135991  2.69818409
 -1.80955138 -1.58813077 -2.30391397  2.18800727 -2.45128543  2.13559765
  2.07465233  1.53540762  2.38308433  2.8047484   1.64886097  1.20012711
 -1.5132448  -2.22927494  1.47130143  0.71194261  1.31361902 -3.01402341
 -0.37770268  2.51831701 -1.03585415  1.28752017  1.48329406  0.54455011
 -0.83302088  1.11514349  0.66824193 -0.3837002   2.80473742 -1.99307064
  1.53804585 -0.48681206  1.09033673 -2.84976606 -2.45832369  0.45773126
 -1.16150535 -0.49457654  0.36531599 -0.11126728 -1.65032849 -0.04117032
 -0.85970589  2.81181081 -1.06239934 -1.38013479 -0.94883373  1.07796511
  1.85224711 -0.69616529  1.97232721 -2.19417585 -0.34727716 -0.7325164
 -2.89008136  3.1648033  -1.63194567  3.13522454 -1.26602524 -2.70847971
  3.36217155 -1.23322309 -0.77649659 -2.88407549 -2.71720557  2.54564094
 -2.13655228 -2.0471272  -0.18154937  3.14998811  0.24664273  0.21384972
 -1.25020281 -0.67764035 -1.73377028 -3.03025124  2.87032668  1.23551025
 -0.48570765 -2.18838451  1.1097114  -1.10585779 -0.49042547 -2.73954129
 -2.06516948  1.86554753 -0.87381255  2.62185219 -0.45419526 -2.67151356
 -2.8201955   2.26182936 -3.14423335 -0.4453686  -1.00234808 -0.24660723
  2.3475416   1.84025231  0.01820728 -2.55288716 -2.65892131  0.2443698
 -0.76666243  1.24524126 -2.62771097  1.12505304 -0.38397803  0.42076311
  1.91903341  0.45811844  0.650749   -1.2715682   1.79161177  2.93982454
  0.99593913  0.22180285 -1.14181233  2.42278743  0.7267406  -1.9097735
 -0.05037938  1.87092235  0.98664696 -1.08002918 -2.3013085   2.22238406
  2.00398646  1.9283235   2.29723373  1.9157871  -1.66121731 -3.10389843
  0.42852346  1.34475826 -2.26275472 -1.12583514  2.31183679  1.39294632
 -0.27195604 -1.8444225  -1.64823659  1.96528133  1.30723904 -1.01188328
 -0.23075456 -0.69309101 -0.30339088  2.30246054 -0.66193878 -0.93534297
  0.7759099  -2.35268931  0.59026905  2.78422903 -0.35242991  2.04722744
 -1.86126439 -1.35336569 -2.59736787 -2.42273056 -1.50153074 -3.0289664
  2.01620168  1.78191088  1.58151685  1.12533501  1.58819438 -2.44421589
 -2.50736716  1.78907324  1.03427271 -0.29185871 -2.47720474  1.43098299
 -1.04394792 -3.04762128 -0.04720674  1.89751603 -2.70128429 -2.36816621
  1.87611869  1.02966633 -0.62617437 -0.49631305 -0.92140732  1.96405451
  0.47262242 -0.35622606  0.40183258 -2.26662907  1.26136579 -0.15330697
  2.4023613   1.23319568  2.87809228 -1.05733919  2.10171149 -0.4298945
 -3.26841178  2.20322037  0.81147075  1.92881032 -1.28919721  1.43910598
 -2.12172308  0.20898535  0.0830369  -2.79059104 -0.90191371 -2.39307483
  0.07227702 -0.56898631]
Sat May 25 18:11:56 2024,604,0.09593800648987943,[-4.65847325  2.36664232 -1.84106085 -0.12409698  0.18672571 -2.68765097
  3.01282987  2.10571245  1.45518707 -0.9253604   0.61239992  1.09170278
  1.13210035 -1.54196744  0.77712913  2.80621745 -0.79815521 -0.63691778
 -1.75472012  0.60195854  1.67657148  2.99185608 -1.2087581  -0.3157125
 -2.42357553 -2.33803675  2.9945817   2.76322722 -0.544333   -2.36481342
  1.48280816 -0.05850826 -2.31787461  2.09556432  1.28954045 -0.63853922
  0.84777211 -2.31880654 -0.02589534  2.15332923 -0.16394274  0.388867
  2.71395703  1.0462248   2.46285659  3.16174701  2.64140801 -2.93932921
  0.26537412 -0.81572888  1.75888671  2.86399358 -0.51095188 -2.31763429
  2.78736938 -3.21076713  0.79394304 -0.63487952 -1.74135995  2.69818412
 -1.80955141 -1.58813074 -2.30391401  2.18800724 -2.45128547  2.13559761
  2.07465229  1.53540765  2.38308437  2.80474836  1.64886093  1.20012707
 -1.51324477 -2.22927498  1.4713014   0.71194265  1.31361905 -3.01402345
 -0.37770264  2.51831705 -1.03585412  1.28752013  1.4832941   0.54455015
 -0.83302084  1.11514353  0.66824189 -0.38370024  2.80473739 -1.9930706
  1.53804582 -0.4868121   1.09033677 -2.84976602 -2.45832373  0.4577313
 -1.16150539 -0.49457657  0.36531595 -0.11126724 -1.65032846 -0.04117036
 -0.85970585  2.81181077 -1.06239937 -1.38013476 -0.9488337   1.07796507
  1.85224707 -0.69616525  1.97232717 -2.19417589 -0.34727712 -0.73251636
 -2.8900814   3.16480327 -1.6319457   3.1352245  -1.26602521 -2.70847975
  3.36217159 -1.23322305 -0.77649662 -2.88407553 -2.71720554  2.54564098
 -2.13655225 -2.04712724 -0.18154933  3.14998808  0.24664269  0.21384969
 -1.25020278 -0.67764032 -1.73377024 -3.0302512   2.87032665  1.23551029
 -0.48570768 -2.18838447  1.10971136 -1.10585775 -0.4904255  -2.73954132
 -2.06516952  1.86554757 -0.87381251  2.62185222 -0.45419523 -2.6715136
 -2.82019546  2.26182932 -3.14423339 -0.44536864 -1.00234804 -0.24660719
  2.34754164  1.84025227  0.01820724 -2.55288713 -2.65892127  0.24436984
 -0.76666239  1.2452413  -2.62771094  1.12505308 -0.38397799  0.42076315
  1.91903337  0.4581184   0.65074896 -1.27156816  1.79161181  2.93982458
  0.9959391   0.22180281 -1.14181229  2.4227874   0.72674056 -1.90977346
 -0.05037942  1.87092239  0.98664692 -1.08002914 -2.30130846  2.2223841
  2.00398642  1.92832353  2.29723377  1.91578706 -1.66121734 -3.10389839
  0.42852343  1.34475823 -2.26275469 -1.12583511  2.31183675  1.39294636
 -0.27195608 -1.84442254 -1.64823656  1.96528129  1.30723901 -1.01188324
 -0.2307546  -0.69309105 -0.30339085  2.30246058 -0.66193882 -0.935343
  0.77590987 -2.35268935  0.59026908  2.78422899 -0.35242988  2.04722747
 -1.86126436 -1.35336565 -2.5973679  -2.42273052 -1.5015307  -3.02896637
  2.01620165  1.78191092  1.58151681  1.12533498  1.58819441 -2.44421592
 -2.50736712  1.78907327  1.03427267 -0.29185867 -2.4772047   1.43098302
 -1.04394789 -3.04762132 -0.04720671  1.89751606 -2.70128425 -2.36816625
  1.87611865  1.02966629 -0.6261744  -0.49631309 -0.92140736  1.96405447
  0.47262246 -0.3562261   0.40183262 -2.26662911  1.26136575 -0.15330693
  2.40236133  1.23319564  2.87809231 -1.05733915  2.10171145 -0.42989446
 -3.26841182  2.2032204   0.81147079  1.92881035 -1.28919725  1.43910601
 -2.12172312  0.20898532  0.08303694 -2.79059107 -0.90191374 -2.3930748
  0.07227705 -0.56898627]
Sat May 25 18:12:39 2024,605,0.09593800648777331,[-4.65847328  2.36664235 -1.84106088 -0.12409702  0.18672567 -2.687651
  3.0128299   2.10571241  1.4551871  -0.92536036  0.61239989  1.09170275
  1.13210038 -1.54196748  0.77712917  2.80621749 -0.79815525 -0.63691781
 -1.75472015  0.60195851  1.67657152  2.99185611 -1.20875813 -0.31571246
 -2.42357557 -2.33803679  2.99458166  2.76322718 -0.54433297 -2.36481346
  1.48280819 -0.05850823 -2.31787464  2.09556436  1.28954042 -0.63853925
  0.84777215 -2.31880658 -0.0258953   2.15332927 -0.1639427   0.38886704
  2.71395707  1.04622483  2.46285656  3.16174705  2.64140797 -2.93932925
  0.26537416 -0.81572885  1.75888667  2.86399362 -0.51095184 -2.31763432
  2.78736942 -3.21076709  0.79394301 -0.63487956 -1.74135999  2.69818416
 -1.80955138 -1.58813077 -2.30391398  2.18800727 -2.4512855   2.13559757
  2.07465233  1.53540769  2.3830844   2.8047484   1.64886097  1.20012704
 -1.51324473 -2.22927502  1.47130143  0.71194261  1.31361902 -3.01402341
 -0.37770261  2.51831701 -1.03585408  1.28752009  1.48329414  0.54455019
 -0.8330208   1.11514349  0.66824186 -0.38370027  2.80473742 -1.99307057
  1.53804578 -0.48681214  1.0903368  -2.84976606 -2.45832377  0.45773133
 -1.16150535 -0.49457654  0.36531599 -0.1112672  -1.65032849 -0.04117039
 -0.85970582  2.81181081 -1.06239934 -1.38013479 -0.94883373  1.0779651
  1.85224704 -0.69616529  1.97232721 -2.19417592 -0.34727716 -0.7325164
 -2.89008143  3.1648033  -1.63194574  3.13522447 -1.26602517 -2.70847971
  3.36217155 -1.23322302 -0.77649666 -2.88407549 -2.71720557  2.54564102
 -2.13655228 -2.0471272  -0.18154937  3.14998804  0.24664266  0.21384965
 -1.25020274 -0.67764035 -1.73377021 -3.03025124  2.87032661  1.23551032
 -0.48570765 -2.18838444  1.1097114  -1.10585772 -0.49042547 -2.73954129
 -2.06516956  1.8655476  -0.87381248  2.62185219 -0.45419526 -2.67151356
 -2.82019542  2.26182936 -3.14423335 -0.44536868 -1.002348   -0.24660723
  2.34754168  1.84025231  0.01820728 -2.55288709 -2.65892131  0.24436987
 -0.76666236  1.24524133 -2.6277109   1.12505304 -0.38397803  0.42076318
  1.91903334  0.45811837  0.65074893 -1.2715682   1.79161177  2.93982454
  0.99593906  0.22180285 -1.14181226  2.42278736  0.72674053 -1.90977342
 -0.05037938  1.87092242  0.98664696 -1.08002918 -2.30130842  2.22238406
  2.00398638  1.92832357  2.29723373  1.9157871  -1.66121738 -3.10389843
  0.42852339  1.34475819 -2.26275472 -1.12583507  2.31183679  1.39294639
 -0.27195604 -1.8444225  -1.64823652  1.96528133  1.30723897 -1.01188328
 -0.23075456 -0.69309109 -0.30339088  2.30246054 -0.66193885 -0.93534297
  0.77590983 -2.35268931  0.59026912  2.78422895 -0.35242984  2.04722744
 -1.86126432 -1.35336562 -2.59736794 -2.42273048 -1.50153073 -3.02896633
  2.01620161  1.78191088  1.58151685  1.12533501  1.58819445 -2.44421589
 -2.50736716  1.78907324  1.03427264 -0.29185864 -2.47720474  1.43098299
 -1.04394785 -3.04762128 -0.04720674  1.8975161  -2.70128429 -2.36816628
  1.87611869  1.02966633 -0.62617437 -0.49631312 -0.92140739  1.96405444
  0.47262242 -0.35622606  0.40183258 -2.26662907  1.26136579 -0.15330697
  2.40236137  1.23319568  2.87809235 -1.05733918  2.10171142 -0.4298945
 -3.26841185  2.20322037  0.81147075  1.92881039 -1.28919728  1.43910605
 -2.12172308  0.20898528  0.0830369  -2.79059111 -0.90191378 -2.39307476
  0.07227709 -0.56898631]
Sat May 25 18:13:04 2024,606,0.09593800648569002,[-4.65847332  2.36664239 -1.84106085 -0.12409705  0.18672564 -2.68765104
  3.01282994  2.10571245  1.45518707 -0.9253604   0.61239992  1.09170271
  1.13210042 -1.54196752  0.7771292   2.80621752 -0.79815521 -0.63691785
 -1.75472019  0.60195847  1.67657148  2.99185608 -1.20875817 -0.3157125
 -2.42357561 -2.33803682  2.9945817   2.76322715 -0.544333   -2.36481349
  1.48280816 -0.05850826 -2.31787461  2.09556439  1.28954045 -0.63853929
  0.84777211 -2.31880661 -0.02589527  2.1533293  -0.16394267  0.388867
  2.71395711  1.0462248   2.46285659  3.16174702  2.64140794 -2.93932921
  0.26537419 -0.81572881  1.75888671  2.86399358 -0.5109518  -2.31763436
  2.78736938 -3.21076713  0.79394304 -0.63487959 -1.74136002  2.6981842
 -1.80955141 -1.58813081 -2.30391394  2.18800724 -2.45128554  2.13559761
  2.07465229  1.53540765  2.38308437  2.80474836  1.648861    1.200127
 -1.5132447  -2.22927498  1.47130147  0.71194258  1.31361898 -3.01402338
 -0.37770257  2.51831698 -1.03585412  1.28752013  1.4832941   0.54455022
 -0.83302077  1.11514353  0.66824189 -0.38370024  2.80473746 -1.9930706
  1.53804582 -0.4868121   1.09033684 -2.84976602 -2.4583238   0.4577313
 -1.16150532 -0.4945765   0.36531602 -0.11126724 -1.65032846 -0.04117036
 -0.85970585  2.81181077 -1.06239937 -1.38013476 -0.9488337   1.07796514
  1.852247   -0.69616532  1.97232724 -2.19417589 -0.34727712 -0.73251643
 -2.8900814   3.16480334 -1.63194578  3.1352245  -1.26602513 -2.70847967
  3.36217151 -1.23322298 -0.77649662 -2.88407553 -2.71720554  2.54564105
 -2.13655232 -2.04712724 -0.18154933  3.14998808  0.24664262  0.21384969
 -1.25020278 -0.67764032 -1.73377017 -3.03025127  2.87032665  1.23551029
 -0.48570761 -2.18838447  1.10971143 -1.10585768 -0.49042543 -2.73954125
 -2.06516952  1.86554764 -0.87381251  2.62185222 -0.45419523 -2.6715136
 -2.82019546  2.26182939 -3.14423339 -0.44536864 -1.00234804 -0.24660719
  2.34754164  1.84025235  0.01820732 -2.55288713 -2.65892135  0.24436984
 -0.76666232  1.24524137 -2.62771087  1.12505308 -0.38397806  0.42076315
  1.91903337  0.45811833  0.65074889 -1.27156816  1.79161181  2.9398245
  0.99593909  0.22180288 -1.14181222  2.4227874   0.72674056 -1.90977346
 -0.05037934  1.87092239  0.98664692 -1.08002914 -2.30130839  2.2223841
  2.00398642  1.92832361  2.29723369  1.91578706 -1.66121741 -3.10389839
  0.42852343  1.34475823 -2.26275476 -1.12583511  2.31183682  1.39294643
 -0.271956   -1.84442254 -1.64823656  1.96528136  1.30723894 -1.01188324
 -0.2307546  -0.69309105 -0.30339085  2.30246051 -0.66193882 -0.935343
  0.7759098  -2.35268935  0.59026908  2.78422892 -0.35242988  2.0472274
 -1.86126428 -1.35336558 -2.5973679  -2.42273045 -1.5015307  -3.02896637
  2.01620165  1.78191085  1.58151689  1.12533505  1.58819449 -2.44421585
 -2.50736719  1.78907327  1.03427267 -0.29185867 -2.4772047   1.43098302
 -1.04394788 -3.04762125 -0.04720678  1.89751614 -2.70128432 -2.36816632
  1.87611872  1.02966637 -0.62617433 -0.49631316 -0.92140736  1.9640544
  0.47262246 -0.35622603  0.40183255 -2.26662911  1.26136575 -0.15330693
  2.4023614   1.23319564  2.87809231 -1.05733915  2.10171138 -0.42989446
 -3.26841189  2.20322033  0.81147079  1.92881042 -1.28919725  1.43910602
 -2.12172305  0.20898532  0.08303694 -2.79059115 -0.90191382 -2.39307472
  0.07227712 -0.56898635]
Sat May 25 18:13:27 2024,607,0.09593800648362939,[-4.65847335  2.36664235 -1.84106088 -0.12409702  0.1867256  -2.687651
  3.0128299   2.10571248  1.4551871  -0.92536043  0.61239989  1.09170268
  1.13210046 -1.54196755  0.77712924  2.80621756 -0.79815525 -0.63691789
 -1.75472016  0.60195851  1.67657145  2.99185611 -1.20875813 -0.31571254
 -2.42357564 -2.33803679  2.99458173  2.76322718 -0.54433304 -2.36481353
  1.48280812 -0.05850823 -2.31787457  2.09556436  1.28954049 -0.63853932
  0.84777215 -2.31880665 -0.02589523  2.15332927 -0.16394263  0.38886697
  2.71395714  1.04622476  2.46285663  3.16174705  2.64140797 -2.93932925
  0.26537416 -0.81572878  1.75888674  2.86399355 -0.51095184 -2.31763439
  2.78736935 -3.21076717  0.79394301 -0.63487963 -1.74135999  2.69818423
 -1.80955145 -1.58813085 -2.3039139   2.18800727 -2.45128558  2.13559764
  2.07465233  1.53540762  2.3830844   2.80474833  1.64886097  1.20012704
 -1.51324473 -2.22927502  1.47130143  0.71194261  1.31361902 -3.01402341
 -0.37770261  2.51831694 -1.03585408  1.28752017  1.48329406  0.54455026
 -0.8330208   1.1151435   0.66824193 -0.38370027  2.8047375  -1.99307057
  1.53804578 -0.48681206  1.0903368  -2.84976598 -2.45832384  0.45773133
 -1.16150535 -0.49457647  0.36531606 -0.1112672  -1.65032849 -0.04117032
 -0.85970582  2.81181081 -1.06239941 -1.38013472 -0.94883366  1.07796511
  1.85224697 -0.69616529  1.97232728 -2.19417585 -0.34727709 -0.73251647
 -2.89008136  3.16480337 -1.63194574  3.13522454 -1.26602517 -2.70847971
  3.36217155 -1.23322302 -0.77649666 -2.88407556 -2.71720557  2.54564109
 -2.13655228 -2.04712727 -0.18154937  3.14998811  0.24664259  0.21384972
 -1.25020281 -0.67764028 -1.73377014 -3.03025124  2.87032661  1.23551025
 -0.48570757 -2.18838451  1.1097114  -1.10585772 -0.49042547 -2.73954129
 -2.06516956  1.8655476  -0.87381248  2.62185226 -0.45419519 -2.67151356
 -2.82019542  2.26182936 -3.14423335 -0.44536868 -1.00234808 -0.24660715
  2.3475416   1.84025231  0.01820728 -2.55288716 -2.65892138  0.24436987
 -0.76666236  1.24524133 -2.62771083  1.12505304 -0.38397803  0.42076311
  1.91903341  0.45811837  0.65074886 -1.27156813  1.79161177  2.93982447
  0.99593906  0.22180285 -1.14181226  2.42278736  0.72674053 -1.90977342
 -0.05037931  1.87092242  0.98664696 -1.08002918 -2.30130842  2.22238413
  2.00398646  1.92832357  2.29723366  1.9157871  -1.66121738 -3.10389843
  0.42852339  1.34475826 -2.26275472 -1.12583514  2.31183686  1.39294646
 -0.27195604 -1.8444225  -1.64823659  1.9652814   1.3072389  -1.01188321
 -0.23075464 -0.69309109 -0.30339081  2.30246047 -0.66193878 -0.93534297
  0.77590983 -2.35268939  0.59026905  2.78422888 -0.35242991  2.04722737
 -1.86126432 -1.35336562 -2.59736794 -2.42273041 -1.50153066 -3.0289664
  2.01620168  1.78191088  1.58151692  1.12533501  1.58819452 -2.44421582
 -2.50736723  1.78907331  1.03427264 -0.29185864 -2.47720474  1.43098306
 -1.04394785 -3.04762128 -0.04720674  1.8975161  -2.70128436 -2.36816628
  1.87611876  1.0296664  -0.62617437 -0.49631319 -0.92140739  1.96405444
  0.47262249 -0.35622599  0.40183251 -2.26662914  1.26136579 -0.1533069
  2.40236137  1.23319561  2.87809228 -1.05733911  2.10171142 -0.42989443
 -3.26841185  2.20322037  0.81147082  1.92881046 -1.28919728  1.43910598
 -2.12172301  0.20898535  0.0830369  -2.79059111 -0.90191385 -2.39307476
  0.07227709 -0.56898631]
Sat May 25 18:13:51 2024,608,0.09593800648159093,[-4.65847339  2.36664239 -1.84106092 -0.12409698  0.18672564 -2.68765104
  3.01282987  2.10571252  1.45518707 -0.92536047  0.61239992  1.09170271
  1.13210042 -1.54196759  0.77712927  2.80621759 -0.79815521 -0.63691785
 -1.75472012  0.60195847  1.67657148  2.99185615 -1.2087581  -0.31571257
 -2.42357568 -2.33803682  2.99458177  2.76322715 -0.54433307 -2.36481356
  1.48280809 -0.05850826 -2.31787454  2.09556439  1.28954052 -0.63853936
  0.84777211 -2.31880668 -0.0258952   2.15332923 -0.1639426   0.38886693
  2.71395711  1.0462248   2.46285666  3.16174709  2.64140794 -2.93932928
  0.26537419 -0.81572881  1.75888671  2.86399358 -0.5109518  -2.31763443
  2.78736931 -3.2107672   0.79394304 -0.63487959 -1.74136002  2.6981842
 -1.80955141 -1.58813088 -2.30391394  2.18800724 -2.45128561  2.13559761
  2.07465229  1.53540758  2.38308444  2.80474829  1.64886093  1.20012707
 -1.5132447  -2.22927498  1.47130147  0.71194265  1.31361898 -3.01402345
 -0.37770257  2.51831698 -1.03585405  1.28752013  1.48329403  0.54455022
 -0.83302077  1.11514353  0.66824189 -0.38370024  2.80473753 -1.99307053
  1.53804582 -0.4868121   1.09033684 -2.84976602 -2.4583238   0.45773137
 -1.16150539 -0.4945765   0.36531602 -0.11126724 -1.65032846 -0.04117029
 -0.85970578  2.81181077 -1.06239944 -1.38013469 -0.9488337   1.07796507
  1.852247   -0.69616532  1.97232724 -2.19417589 -0.34727712 -0.73251643
 -2.89008133  3.16480341 -1.63194571  3.1352245  -1.26602521 -2.70847967
  3.36217151 -1.23322298 -0.77649662 -2.8840756  -2.71720561  2.54564112
 -2.13655225 -2.04712724 -0.18154933  3.14998815  0.24664255  0.21384969
 -1.25020285 -0.67764025 -1.73377017 -3.03025127  2.87032658  1.23551029
 -0.48570754 -2.18838454  1.10971136 -1.10585775 -0.4904255  -2.73954125
 -2.06516959  1.86554757 -0.87381251  2.62185222 -0.45419516 -2.6715136
 -2.82019539  2.26182939 -3.14423339 -0.44536864 -1.00234811 -0.24660719
  2.34754157  1.84025228  0.01820724 -2.5528872  -2.65892142  0.24436984
 -0.76666232  1.24524137 -2.6277108   1.12505301 -0.38397806  0.42076308
  1.91903337  0.4581184   0.65074882 -1.27156809  1.79161174  2.93982443
  0.99593909  0.22180281 -1.14181229  2.4227874   0.72674056 -1.90977346
 -0.05037927  1.87092239  0.98664699 -1.08002921 -2.30130839  2.2223841
  2.00398642  1.92832361  2.29723369  1.91578713 -1.66121734 -3.10389846
  0.42852343  1.3447583  -2.26275476 -1.12583511  2.31183682  1.3929465
 -0.27195607 -1.84442254 -1.64823663  1.96528143  1.30723887 -1.01188317
 -0.23075467 -0.69309112 -0.30339078  2.30246051 -0.66193875 -0.935343
  0.7759098  -2.35268942  0.59026908  2.78422885 -0.35242995  2.0472274
 -1.86126428 -1.35336565 -2.5973679  -2.42273038 -1.50153063 -3.02896644
  2.01620165  1.78191085  1.58151689  1.12533505  1.58819449 -2.44421585
 -2.5073672   1.78907334  1.03427267 -0.2918586  -2.47720477  1.43098309
 -1.04394788 -3.04762132 -0.04720671  1.89751607 -2.70128439 -2.36816632
  1.87611879  1.02966637 -0.6261744  -0.49631323 -0.92140736  1.96405447
  0.47262253 -0.35622596  0.40183255 -2.26662911  1.26136582 -0.15330693
  2.4023614   1.23319564  2.87809224 -1.05733915  2.10171138 -0.42989439
 -3.26841189  2.20322033  0.81147086  1.92881042 -1.28919732  1.43910601
 -2.12172305  0.20898539  0.08303687 -2.79059108 -0.90191382 -2.39307472
  0.07227712 -0.56898634]
Sat May 25 18:14:28 2024,609,0.09593800647957419,[-4.65847342  2.36664235 -1.84106095 -0.12409695  0.18672567 -2.687651
  3.01282983  2.10571248  1.4551871  -0.92536043  0.61239996  1.09170275
  1.13210046 -1.54196755  0.77712924  2.80621756 -0.79815525 -0.63691789
 -1.75472009  0.60195851  1.67657145  2.99185611 -1.20875806 -0.31571254
 -2.42357571 -2.33803686  2.9945818   2.76322718 -0.54433311 -2.3648136
  1.48280805 -0.0585083  -2.3178745   2.09556436  1.28954049 -0.63853939
  0.84777208 -2.31880672 -0.02589523  2.1533292  -0.16394256  0.3888669
  2.71395714  1.04622483  2.46285663  3.16174705  2.64140797 -2.93932925
  0.26537423 -0.81572885  1.75888674  2.86399355 -0.51095177 -2.3176344
  2.78736935 -3.21076717  0.79394301 -0.63487963 -1.74135999  2.69818416
 -1.80955138 -1.58813092 -2.30391397  2.18800727 -2.45128558  2.13559757
  2.07465233  1.53540755  2.3830844   2.80474826  1.6488609   1.20012711
 -1.51324473 -2.22927502  1.47130143  0.71194268  1.31361902 -3.01402341
 -0.37770261  2.51831694 -1.03585401  1.2875201   1.48329406  0.54455019
 -0.83302073  1.11514356  0.66824186 -0.38370027  2.8047375  -1.9930705
  1.53804585 -0.48681206  1.0903368  -2.84976605 -2.45832384  0.45773133
 -1.16150542 -0.49457647  0.36531606 -0.1112672  -1.65032849 -0.04117025
 -0.85970575  2.81181074 -1.06239948 -1.38013472 -0.94883366  1.07796504
  1.85224697 -0.69616529  1.97232728 -2.19417592 -0.34727716 -0.73251647
 -2.89008129  3.16480338 -1.63194567  3.13522454 -1.26602517 -2.70847964
  3.36217155 -1.23322295 -0.77649659 -2.88407563 -2.71720564  2.54564116
 -2.13655221 -2.04712721 -0.1815493   3.14998818  0.24664259  0.21384965
 -1.25020288 -0.67764028 -1.73377021 -3.03025124  2.87032654  1.23551032
 -0.48570751 -2.18838451  1.10971133 -1.10585772 -0.49042554 -2.73954129
 -2.06516963  1.86554753 -0.87381248  2.62185226 -0.45419519 -2.67151363
 -2.82019542  2.26182936 -3.14423342 -0.44536868 -1.00234808 -0.24660722
  2.3475416   1.84025224  0.01820728 -2.55288716 -2.65892138  0.24436987
 -0.76666235  1.2452414  -2.62771076  1.12505297 -0.38397803  0.42076311
  1.91903334  0.45811843  0.65074886 -1.27156806  1.7916117   2.93982447
  0.99593913  0.22180285 -1.14181233  2.42278743  0.7267406  -1.90977349
 -0.05037931  1.87092235  0.98664696 -1.08002918 -2.30130835  2.22238413
  2.00398646  1.92832364  2.29723366  1.91578717 -1.66121738 -3.1038985
  0.42852339  1.34475826 -2.26275472 -1.12583514  2.31183679  1.39294653
 -0.27195611 -1.84442257 -1.64823659  1.96528147  1.3072389  -1.01188314
 -0.2307547  -0.69309109 -0.30339074  2.30246054 -0.66193878 -0.93534304
  0.77590983 -2.35268946  0.59026912  2.78422881 -0.35242991  2.04722744
 -1.86126425 -1.35336568 -2.59736787 -2.42273034 -1.50153066 -3.0289664
  2.01620168  1.78191081  1.58151685  1.12533502  1.58819452 -2.44421582
 -2.50736723  1.78907338  1.03427264 -0.29185864 -2.47720474  1.43098306
 -1.04394785 -3.04762135 -0.04720674  1.8975161  -2.70128443 -2.36816635
  1.87611883  1.02966633 -0.62617444 -0.49631326 -0.92140739  1.96405451
  0.47262256 -0.35622592  0.40183258 -2.26662914  1.26136579 -0.1533069
  2.40236137  1.23319561  2.87809221 -1.05733911  2.10171135 -0.42989443
 -3.26841192  2.20322037  0.81147082  1.92881046 -1.28919728  1.43910605
 -2.12172301  0.20898535  0.0830369  -2.79059111 -0.90191385 -2.39307476
  0.07227716 -0.56898631]
Sat May 25 18:15:53 2024,610,0.09593800647757891,[-4.65847346  2.36664232 -1.84106092 -0.12409691  0.18672571 -2.68765097
  3.01282987  2.10571252  1.45518707 -0.92536047  0.61239992  1.09170278
  1.13210042 -1.54196759  0.77712927  2.80621752 -0.79815521 -0.63691792
 -1.75472005  0.60195847  1.67657148  2.99185615 -1.20875803 -0.31571257
 -2.42357574 -2.33803682  2.99458177  2.76322722 -0.54433307 -2.36481363
  1.48280802 -0.05850826 -2.31787454  2.09556432  1.28954045 -0.63853943
  0.84777211 -2.31880675 -0.02589526  2.15332923 -0.1639426   0.38886686
  2.71395718  1.0462248   2.46285666  3.16174702  2.64140794 -2.93932928
  0.26537426 -0.81572888  1.75888678  2.86399358 -0.5109518  -2.31763443
  2.78736938 -3.2107672   0.79394297 -0.63487959 -1.74136002  2.69818413
 -1.80955135 -1.58813095 -2.30391401  2.18800731 -2.45128554  2.13559754
  2.07465236  1.53540751  2.38308437  2.80474829  1.64886093  1.20012707
 -1.51324477 -2.22927505  1.4713014   0.71194265  1.31361905 -3.01402338
 -0.37770264  2.51831698 -1.03585398  1.28752006  1.48329403  0.54455022
 -0.8330207   1.11514353  0.66824189 -0.38370031  2.80473746 -1.99307053
  1.53804589 -0.48681203  1.09033677 -2.84976609 -2.4583238   0.45773137
 -1.16150539 -0.49457643  0.36531603 -0.11126717 -1.65032846 -0.04117029
 -0.85970571  2.8118107  -1.06239951 -1.38013476 -0.94883363  1.077965
  1.85224693 -0.69616525  1.97232724 -2.19417589 -0.34727712 -0.73251643
 -2.89008126  3.16480341 -1.63194564  3.1352245  -1.26602514 -2.70847961
  3.36217152 -1.23322291 -0.77649662 -2.8840756  -2.71720561  2.54564112
 -2.13655225 -2.04712724 -0.18154926  3.14998815  0.24664255  0.21384969
 -1.25020285 -0.67764032 -1.73377024 -3.03025127  2.87032651  1.23551036
 -0.48570754 -2.18838447  1.10971129 -1.10585775 -0.49042557 -2.73954132
 -2.06516966  1.86554757 -0.87381251  2.62185229 -0.45419523 -2.6715136
 -2.82019546  2.26182939 -3.14423339 -0.44536864 -1.00234811 -0.24660726
  2.34754164  1.84025228  0.01820731 -2.55288713 -2.65892142  0.24436984
 -0.76666239  1.24524144 -2.62771073  1.12505294 -0.38397806  0.42076308
  1.9190333   0.4581184   0.65074882 -1.27156809  1.79161167  2.93982443
  0.99593909  0.22180288 -1.14181229  2.42278746  0.72674063 -1.90977353
 -0.05037934  1.87092239  0.98664693 -1.08002921 -2.30130839  2.2223841
  2.00398649  1.92832368  2.29723369  1.91578713 -1.66121734 -3.10389853
  0.42852343  1.3447583  -2.26275469 -1.12583517  2.31183682  1.39294657
 -0.27195614 -1.84442254 -1.64823663  1.9652815   1.30723887 -1.0118831
 -0.23075474 -0.69309112 -0.30339071  2.30246051 -0.66193875 -0.935343
  0.77590986 -2.35268949  0.59026915  2.78422885 -0.35242995  2.0472274
 -1.86126428 -1.35336572 -2.59736784 -2.42273038 -1.50153063 -3.02896637
  2.01620171  1.78191078  1.58151689  1.12533505  1.58819449 -2.44421585
 -2.5073672   1.78907334  1.0342726  -0.29185867 -2.47720471  1.43098302
 -1.04394782 -3.04762132 -0.04720671  1.89751607 -2.70128439 -2.36816632
  1.87611879  1.0296663  -0.62617447 -0.49631323 -0.92140743  1.96405454
  0.47262253 -0.35622589  0.40183261 -2.26662918  1.26136575 -0.15330693
  2.4023614   1.23319564  2.87809218 -1.05733908  2.10171131 -0.42989446
 -3.26841189  2.20322033  0.81147079  1.92881042 -1.28919725  1.43910602
 -2.12172298  0.20898532  0.08303687 -2.79059114 -0.90191389 -2.39307473
  0.07227719 -0.56898628]
Sat May 25 18:16:55 2024,611,0.09593800647560431,[-4.65847349  2.36664235 -1.84106088 -0.12409695  0.18672567 -2.68765094
  3.0128299   2.10571255  1.45518703 -0.9253605   0.61239989  1.09170281
  1.13210046 -1.54196762  0.77712924  2.80621749 -0.79815518 -0.63691795
 -1.75472009  0.60195844  1.67657151  2.99185611 -1.20875806 -0.3157126
 -2.42357571 -2.33803686  2.99458173  2.76322725 -0.54433304 -2.3648136
  1.48280805 -0.0585083  -2.3178745   2.09556436  1.28954049 -0.63853946
  0.84777208 -2.31880679 -0.02589523  2.1533292  -0.16394256  0.38886683
  2.71395721  1.04622476  2.46285663  3.16174698  2.6414079  -2.93932932
  0.26537423 -0.81572885  1.75888674  2.86399355 -0.51095177 -2.31763446
  2.78736941 -3.21076723  0.79394301 -0.63487956 -1.74136006  2.69818409
 -1.80955131 -1.58813092 -2.30391404  2.18800727 -2.45128551  2.13559751
  2.07465233  1.53540755  2.3830844   2.80474826  1.64886097  1.20012711
 -1.5132448  -2.22927502  1.47130143  0.71194268  1.31361902 -3.01402335
 -0.37770267  2.51831701 -1.03585394  1.2875201   1.48329406  0.54455019
 -0.83302073  1.11514356  0.66824186 -0.38370027  2.80473743 -1.9930705
  1.53804585 -0.486812    1.09033673 -2.84976605 -2.45832377  0.45773133
 -1.16150535 -0.4945764   0.36531606 -0.11126714 -1.65032843 -0.04117032
 -0.85970568  2.81181074 -1.06239955 -1.38013472 -0.94883359  1.07796504
  1.8522469  -0.69616529  1.97232728 -2.19417592 -0.34727716 -0.73251647
 -2.89008129  3.16480338 -1.63194567  3.13522447 -1.26602517 -2.70847964
  3.36217155 -1.23322295 -0.77649659 -2.88407556 -2.71720564  2.54564116
 -2.13655221 -2.04712721 -0.18154923  3.14998811  0.24664259  0.21384972
 -1.25020288 -0.67764035 -1.73377021 -3.03025124  2.87032647  1.23551032
 -0.48570751 -2.18838444  1.10971133 -1.10585772 -0.4904256  -2.73954129
 -2.06516963  1.8655476  -0.87381248  2.62185233 -0.45419526 -2.67151356
 -2.82019542  2.26182943 -3.14423342 -0.44536868 -1.00234814 -0.24660729
  2.3475416   1.84025231  0.01820735 -2.55288709 -2.65892145  0.24436987
 -0.76666236  1.2452414  -2.62771069  1.1250529  -0.38397809  0.42076311
  1.91903327  0.45811837  0.65074879 -1.27156813  1.7916117   2.93982447
  0.99593906  0.22180285 -1.14181233  2.4227875   0.7267406  -1.90977356
 -0.05037938  1.87092235  0.98664689 -1.08002925 -2.30130842  2.22238406
  2.00398652  1.92832364  2.29723366  1.9157871  -1.66121738 -3.10389856
  0.42852346  1.34475833 -2.26275472 -1.12583521  2.31183679  1.3929466
 -0.27195611 -1.84442251 -1.64823666  1.96528147  1.3072389  -1.01188314
 -0.23075471 -0.69309109 -0.30339074  2.30246054 -0.66193871 -0.93534304
  0.7759099  -2.35268952  0.59026919  2.78422881 -0.35242991  2.04722744
 -1.86126425 -1.35336569 -2.5973678  -2.42273034 -1.5015306  -3.02896633
  2.01620168  1.78191074  1.58151685  1.12533502  1.58819445 -2.44421588
 -2.50736723  1.78907338  1.03427257 -0.29185864 -2.47720467  1.43098299
 -1.04394785 -3.04762135 -0.04720667  1.89751603 -2.70128443 -2.36816635
  1.87611876  1.02966626 -0.62617444 -0.49631326 -0.92140739  1.96405458
  0.47262249 -0.35622585  0.40183258 -2.26662914  1.26136572 -0.15330697
  2.40236144  1.23319561  2.87809214 -1.05733905  2.10171128 -0.42989443
 -3.26841186  2.20322037  0.81147082  1.92881046 -1.28919728  1.43910605
 -2.12172301  0.20898528  0.0830369  -2.79059111 -0.90191392 -2.39307469
  0.07227716 -0.56898624]
Sat May 25 18:18:05 2024,612,0.09593800647365079,[-4.65847352  2.36664239 -1.84106085 -0.12409691  0.18672564 -2.68765097
  3.01282987  2.10571258  1.45518707 -0.92536047  0.61239986  1.09170278
  1.13210049 -1.54196765  0.7771292   2.80621752 -0.79815514 -0.63691792
 -1.75472005  0.60195841  1.67657148  2.99185608 -1.20875803 -0.31571257
 -2.42357574 -2.33803689  2.9945817   2.76322722 -0.544333   -2.36481363
  1.48280802 -0.05850833 -2.31787447  2.09556432  1.28954045 -0.63853943
  0.84777205 -2.31880682 -0.02589526  2.15332923 -0.16394253  0.38886679
  2.71395724  1.04622473  2.46285659  3.16174695  2.64140794 -2.93932935
  0.26537419 -0.81572888  1.75888671  2.86399358 -0.5109518  -2.31763443
  2.78736945 -3.2107672   0.79394304 -0.63487959 -1.74136002  2.69818413
 -1.80955135 -1.58813088 -2.30391401  2.18800731 -2.45128547  2.13559754
  2.07465236  1.53540758  2.38308444  2.80474829  1.64886093  1.20012714
 -1.51324477 -2.22927505  1.4713014   0.71194265  1.31361898 -3.01402338
 -0.37770271  2.51831705 -1.03585391  1.28752006  1.4832941   0.54455022
 -0.8330207   1.11514353  0.66824183 -0.38370024  2.80473739 -1.99307046
  1.53804589 -0.48681196  1.0903367  -2.84976602 -2.4583238   0.4577313
 -1.16150539 -0.49457643  0.36531603 -0.1112671  -1.65032846 -0.04117029
 -0.85970571  2.8118107  -1.06239951 -1.38013476 -0.94883363  1.07796507
  1.85224693 -0.69616532  1.97232731 -2.19417589 -0.34727719 -0.7325165
 -2.89008133  3.16480334 -1.63194564  3.1352245  -1.2660252  -2.70847961
  3.36217158 -1.23322291 -0.77649656 -2.88407553 -2.71720568  2.54564119
 -2.13655225 -2.04712717 -0.1815492   3.14998808  0.24664255  0.21384969
 -1.25020292 -0.67764032 -1.73377017 -3.0302512   2.87032651  1.23551029
 -0.48570754 -2.18838441  1.10971136 -1.10585775 -0.49042557 -2.73954132
 -2.06516959  1.86554763 -0.87381245  2.62185236 -0.4541953  -2.6715136
 -2.82019539  2.26182939 -3.14423346 -0.44536864 -1.00234818 -0.24660733
  2.34754157  1.84025228  0.01820731 -2.55288706 -2.65892142  0.24436984
 -0.76666239  1.24524137 -2.62771066  1.12505294 -0.38397813  0.42076314
  1.9190333   0.4581184   0.65074875 -1.27156809  1.79161173  2.9398245
  0.99593909  0.22180288 -1.14181236  2.42278753  0.72674063 -1.90977353
 -0.05037934  1.87092232  0.98664693 -1.08002928 -2.30130845  2.2223841
  2.00398656  1.92832361  2.29723369  1.91578713 -1.66121734 -3.10389853
  0.42852349  1.3447583  -2.26275469 -1.12583517  2.31183682  1.39294663
 -0.27195614 -1.84442247 -1.64823669  1.9652815   1.30723887 -1.01188317
 -0.23075474 -0.69309105 -0.30339071  2.30246058 -0.66193868 -0.935343
  0.77590986 -2.35268956  0.59026922  2.78422885 -0.35242988  2.0472274
 -1.86126422 -1.35336565 -2.59736784 -2.42273031 -1.50153063 -3.02896637
  2.01620171  1.78191078  1.58151682  1.12533498  1.58819442 -2.44421592
 -2.5073672   1.78907341  1.03427253 -0.29185861 -2.4772047   1.43098296
 -1.04394782 -3.04762132 -0.04720664  1.897516   -2.70128439 -2.36816638
  1.87611873  1.02966623 -0.6261744  -0.49631323 -0.92140736  1.96405461
  0.47262253 -0.35622582  0.40183255 -2.26662918  1.26136575 -0.15330693
  2.4023614   1.23319557  2.87809211 -1.05733901  2.10171125 -0.42989446
 -3.26841189  2.2032204   0.81147085  1.92881049 -1.28919725  1.43910608
 -2.12172298  0.20898525  0.08303694 -2.79059114 -0.90191395 -2.39307466
  0.07227719 -0.56898621]
Sat May 25 18:18:50 2024,613,0.09593800647171732,[-4.65847356  2.36664235 -1.84106082 -0.12409688  0.18672567 -2.687651
  3.01282983  2.10571262  1.45518703 -0.92536043  0.61239982  1.09170275
  1.13210052 -1.54196769  0.77712917  2.80621749 -0.79815511 -0.63691795
 -1.75472002  0.60195844  1.67657151  2.99185605 -1.20875806 -0.3157126
 -2.42357571 -2.33803686  2.99458173  2.76322725 -0.54433297 -2.3648136
  1.48280799 -0.0585083  -2.31787444  2.09556429  1.28954049 -0.63853939
  0.84777208 -2.31880679 -0.02589523  2.1533292  -0.16394249  0.38886676
  2.71395721  1.0462247   2.46285663  3.16174698  2.6414079  -2.93932932
  0.26537423 -0.81572885  1.75888674  2.86399361 -0.51095177 -2.3176344
  2.78736941 -3.21076723  0.79394307 -0.63487956 -1.74136006  2.69818416
 -1.80955131 -1.58813085 -2.30391404  2.18800727 -2.45128544  2.13559751
  2.07465233  1.53540755  2.3830844   2.80474833  1.64886097  1.20012711
 -1.5132448  -2.22927502  1.47130143  0.71194261  1.31361895 -3.01402341
 -0.37770274  2.51831701 -1.03585388  1.2875201   1.48329413  0.54455025
 -0.83302067  1.1151435   0.66824186 -0.38370027  2.80473736 -1.9930705
  1.53804585 -0.486812    1.09033673 -2.84976599 -2.45832384  0.45773133
 -1.16150536 -0.4945764   0.36531606 -0.11126714 -1.65032843 -0.04117025
 -0.85970568  2.81181067 -1.06239948 -1.38013479 -0.94883366  1.07796504
  1.8522469  -0.69616536  1.97232734 -2.19417592 -0.34727716 -0.73251653
 -2.89008129  3.16480338 -1.6319456   3.13522447 -1.26602517 -2.70847957
  3.36217162 -1.23322295 -0.77649652 -2.8840755  -2.71720571  2.54564116
 -2.13655228 -2.04712721 -0.18154916  3.14998811  0.24664259  0.21384965
 -1.25020295 -0.67764028 -1.73377021 -3.03025124  2.87032647  1.23551025
 -0.48570751 -2.18838437  1.10971133 -1.10585778 -0.4904256  -2.73954129
 -2.06516956  1.86554767 -0.87381248  2.62185239 -0.45419533 -2.67151356
 -2.82019542  2.26182943 -3.14423349 -0.44536861 -1.00234814 -0.24660729
  2.3475416   1.84025224  0.01820735 -2.55288703 -2.65892138  0.24436987
 -0.76666236  1.24524134 -2.62771069  1.1250529  -0.38397816  0.42076318
  1.91903334  0.45811837  0.65074879 -1.27156806  1.79161177  2.93982453
  0.99593913  0.22180285 -1.14181233  2.4227875   0.7267406  -1.90977349
 -0.05037931  1.87092229  0.98664689 -1.08002925 -2.30130849  2.22238413
  2.00398652  1.92832357  2.29723366  1.91578716 -1.66121738 -3.1038985
  0.42852353  1.34475833 -2.26275465 -1.12583514  2.31183679  1.39294667
 -0.27195618 -1.84442244 -1.64823673  1.96528147  1.30723883 -1.01188314
 -0.23075477 -0.69309109 -0.30339074  2.30246061 -0.66193865 -0.93534297
  0.7759099  -2.35268959  0.59026925  2.78422888 -0.35242991  2.04722744
 -1.86126418 -1.35336568 -2.5973678  -2.42273028 -1.5015306  -3.02896633
  2.01620168  1.78191074  1.58151685  1.12533495  1.58819439 -2.44421588
 -2.50736716  1.78907344  1.0342725  -0.29185857 -2.47720467  1.43098292
 -1.04394778 -3.04762135 -0.04720661  1.89751597 -2.70128436 -2.36816642
  1.87611876  1.0296662  -0.62617444 -0.49631326 -0.92140739  1.96405458
  0.47262249 -0.35622585  0.40183251 -2.26662914  1.26136579 -0.15330696
  2.40236144  1.23319561  2.87809214 -1.05733905  2.10171128 -0.42989443
 -3.26841192  2.20322043  0.81147082  1.92881053 -1.28919722  1.43910605
 -2.12172301  0.20898528  0.08303697 -2.79059111 -0.90191392 -2.39307469
  0.07227716 -0.56898618]
Sat May 25 18:19:14 2024,614,0.09593800646980397,[-4.65847359  2.36664239 -1.84106078 -0.12409685  0.18672564 -2.68765103
  3.01282987  2.10571265  1.455187   -0.9253604   0.61239986  1.09170278
  1.13210055 -1.54196765  0.77712914  2.80621746 -0.79815508 -0.63691792
 -1.75471999  0.60195847  1.67657155  2.99185608 -1.20875809 -0.31571257
 -2.42357568 -2.33803683  2.99458177  2.76322722 -0.54433294 -2.36481357
  1.48280795 -0.05850826 -2.3178744   2.09556432  1.28954052 -0.63853936
  0.84777211 -2.31880676 -0.02589526  2.15332923 -0.16394246  0.38886673
  2.71395718  1.04622466  2.46285659  3.16174702  2.64140794 -2.93932928
  0.26537426 -0.81572881  1.75888678  2.86399358 -0.5109518  -2.31763443
  2.78736945 -3.21076727  0.79394304 -0.63487959 -1.74136002  2.69818419
 -1.80955135 -1.58813088 -2.30391401  2.18800724 -2.45128547  2.13559754
  2.07465236  1.53540751  2.38308444  2.80474836  1.648861    1.20012707
 -1.51324483 -2.22927498  1.47130147  0.71194265  1.31361898 -3.01402345
 -0.37770277  2.51831698 -1.03585391  1.28752013  1.4832941   0.54455029
 -0.83302063  1.11514353  0.66824189 -0.38370031  2.80473739 -1.99307053
  1.53804589 -0.48681196  1.0903367  -2.84976602 -2.4583238   0.4577313
 -1.16150532 -0.49457636  0.36531609 -0.11126717 -1.65032846 -0.04117022
 -0.85970565  2.81181064 -1.06239945 -1.38013482 -0.94883363  1.07796507
  1.85224687 -0.69616532  1.97232738 -2.19417589 -0.34727719 -0.7325165
 -2.89008133  3.16480334 -1.63194557  3.1352245  -1.26602514 -2.70847961
  3.36217165 -1.23322291 -0.77649656 -2.88407546 -2.71720574  2.54564113
 -2.13655225 -2.04712717 -0.18154913  3.14998808  0.24664262  0.21384969
 -1.25020298 -0.67764025 -1.73377017 -3.0302512   2.87032644  1.23551029
 -0.48570754 -2.18838441  1.10971136 -1.10585782 -0.49042557 -2.73954125
 -2.06516953  1.8655477  -0.87381251  2.62185236 -0.45419536 -2.67151353
 -2.82019539  2.26182939 -3.14423352 -0.44536864 -1.00234818 -0.24660726
  2.34754164  1.84025228  0.01820731 -2.55288699 -2.65892142  0.24436984
 -0.76666232  1.24524137 -2.62771073  1.12505287 -0.38397813  0.42076314
  1.9190333   0.4581184   0.65074875 -1.27156803  1.7916118   2.9398245
  0.99593909  0.22180281 -1.14181236  2.42278747  0.72674063 -1.90977346
 -0.05037928  1.87092225  0.98664693 -1.08002928 -2.30130852  2.22238416
  2.00398656  1.92832361  2.29723363  1.91578713 -1.66121741 -3.10389853
  0.42852356  1.3447583  -2.26275462 -1.12583517  2.31183682  1.3929467
 -0.27195621 -1.84442247 -1.64823676  1.96528143  1.3072388  -1.0118831
 -0.23075481 -0.69309112 -0.30339077  2.30246064 -0.66193868 -0.935343
  0.77590987 -2.35268956  0.59026922  2.78422891 -0.35242988  2.0472274
 -1.86126422 -1.35336565 -2.59736783 -2.42273031 -1.50153063 -3.0289663
  2.01620165  1.78191071  1.58151689  1.12533492  1.58819435 -2.44421585
 -2.50736713  1.78907341  1.03427247 -0.29185861 -2.47720464  1.43098289
 -1.04394782 -3.04762132 -0.04720664  1.89751593 -2.70128433 -2.36816645
  1.87611873  1.02966623 -0.62617447 -0.49631323 -0.92140736  1.96405461
  0.47262253 -0.35622589  0.40183248 -2.26662911  1.26136582 -0.153307
  2.40236147  1.23319557  2.87809211 -1.05733901  2.10171131 -0.42989446
 -3.26841196  2.20322047  0.81147085  1.92881049 -1.28919718  1.43910602
 -2.12172298  0.20898525  0.08303694 -2.79059114 -0.90191395 -2.39307466
  0.07227719 -0.56898621]
Sat May 25 18:19:37 2024,615,0.0959380064679101,[-4.65847362  2.36664236 -1.84106075 -0.12409682  0.18672561 -2.68765107
  3.0128299   2.10571268  1.45518697 -0.92536043  0.61239982  1.09170275
  1.13210052 -1.54196769  0.7771291   2.80621742 -0.79815511 -0.63691795
 -1.75472002  0.60195851  1.67657158  2.99185605 -1.20875806 -0.3157126
 -2.42357565 -2.33803679  2.99458173  2.76322725 -0.54433291 -2.36481353
  1.48280798 -0.05850823 -2.31787444  2.09556429  1.28954055 -0.63853933
  0.84777215 -2.31880679 -0.02589523  2.15332926 -0.16394249  0.3888667
  2.71395714  1.0462247   2.46285663  3.16174705  2.6414079  -2.93932932
  0.26537423 -0.81572878  1.75888674  2.86399355 -0.51095177 -2.3176344
  2.78736948 -3.2107673   0.79394307 -0.63487956 -1.74135999  2.69818423
 -1.80955131 -1.58813085 -2.30391404  2.18800721 -2.45128551  2.13559757
  2.07465233  1.53540755  2.38308447  2.80474839  1.64886097  1.20012704
 -1.51324486 -2.22927502  1.4713015   0.71194268  1.31361895 -3.01402348
 -0.37770274  2.51831701 -1.03585394  1.28752016  1.48329407  0.54455025
 -0.83302067  1.1151435   0.66824186 -0.38370027  2.80473743 -1.99307056
  1.53804585 -0.486812    1.09033667 -2.84976599 -2.45832377  0.45773133
 -1.16150529 -0.49457633  0.36531612 -0.11126714 -1.65032849 -0.04117025
 -0.85970562  2.81181061 -1.06239941 -1.38013479 -0.94883366  1.07796504
  1.85224683 -0.69616529  1.97232734 -2.19417592 -0.34727722 -0.73251653
 -2.89008136  3.16480337 -1.63194554  3.13522453 -1.2660251  -2.70847957
  3.36217168 -1.23322288 -0.77649652 -2.88407549 -2.71720577  2.54564116
 -2.13655222 -2.04712714 -0.18154916  3.14998811  0.24664259  0.21384972
 -1.25020302 -0.67764022 -1.73377021 -3.03025117  2.87032641  1.23551025
 -0.48570757 -2.18838444  1.10971133 -1.10585778 -0.49042554 -2.73954122
 -2.06516949  1.86554767 -0.87381255  2.62185239 -0.45419539 -2.6715135
 -2.82019542  2.26182943 -3.14423349 -0.44536861 -1.00234814 -0.24660729
  2.3475416   1.84025231  0.01820735 -2.55288696 -2.65892145  0.24436981
 -0.76666236  1.24524134 -2.62771076  1.1250529  -0.3839781   0.42076311
  1.91903327  0.45811843  0.65074872 -1.27156799  1.79161177  2.93982453
  0.99593906  0.22180278 -1.14181239  2.4227875   0.7267406  -1.90977349
 -0.05037931  1.87092222  0.98664689 -1.08002931 -2.30130849  2.22238413
  2.00398652  1.92832364  2.29723359  1.91578716 -1.66121744 -3.10389856
  0.42852359  1.34475833 -2.26275459 -1.12583521  2.31183679  1.39294667
 -0.27195624 -1.8444225  -1.64823679  1.9652814   1.30723883 -1.01188314
 -0.23075484 -0.69309115 -0.30339074  2.30246061 -0.66193865 -0.93534304
  0.7759099  -2.35268953  0.59026919  2.78422895 -0.35242985  2.04722737
 -1.86126425 -1.35336568 -2.59736787 -2.42273028 -1.5015306  -3.02896633
  2.01620168  1.78191074  1.58151685  1.12533488  1.58819432 -2.44421582
 -2.50736716  1.78907338  1.03427244 -0.29185857 -2.47720461  1.43098286
 -1.04394785 -3.04762135 -0.04720667  1.8975159  -2.7012843  -2.36816642
  1.87611869  1.0296662  -0.6261745  -0.49631326 -0.92140739  1.96405464
  0.47262256 -0.35622592  0.40183245 -2.26662908  1.26136585 -0.15330703
  2.4023615   1.23319561  2.87809208 -1.05733898  2.10171128 -0.42989449
 -3.26841199  2.20322043  0.81147089  1.92881046 -1.28919715  1.43910605
 -2.12172295  0.20898522  0.08303697 -2.79059111 -0.90191392 -2.39307469
  0.07227722 -0.56898618]
Sat May 25 18:20:41 2024,616,0.09593800646603512,[-4.65847366  2.36664239 -1.84106072 -0.12409678  0.18672558 -2.68765104
  3.01282987  2.10571271  1.455187   -0.9253604   0.61239979  1.09170272
  1.13210049 -1.54196765  0.77712914  2.80621739 -0.79815508 -0.63691799
 -1.75471999  0.60195854  1.67657161  2.99185608 -1.20875809 -0.31571264
 -2.42357568 -2.33803683  2.9945817   2.76322728 -0.54433294 -2.3648135
  1.48280795 -0.05850826 -2.31787447  2.09556432  1.28954059 -0.6385393
  0.84777211 -2.31880676 -0.02589526  2.15332923 -0.16394253  0.38886673
  2.71395711  1.04622466  2.4628566   3.16174708  2.64140787 -2.93932928
  0.2653742  -0.81572881  1.75888678  2.86399358 -0.51095174 -2.31763443
  2.78736945 -3.21076727  0.7939431  -0.63487959 -1.74135996  2.69818426
 -1.80955128 -1.58813082 -2.30391407  2.18800717 -2.45128547  2.1355976
  2.07465229  1.53540758  2.3830845   2.80474836  1.64886093  1.20012707
 -1.5132449  -2.22927505  1.47130147  0.71194271  1.31361898 -3.01402345
 -0.37770271  2.51831698 -1.03585391  1.28752013  1.4832941   0.54455022
 -0.8330207   1.11514347  0.66824189 -0.38370031  2.80473739 -1.99307059
  1.53804589 -0.48681196  1.0903367  -2.84976602 -2.4583238   0.45773136
 -1.16150526 -0.49457636  0.36531616 -0.1112671  -1.65032852 -0.04117029
 -0.85970565  2.81181057 -1.06239945 -1.38013482 -0.94883369  1.07796507
  1.8522468  -0.69616526  1.97232738 -2.19417589 -0.34727725 -0.7325165
 -2.89008133  3.16480334 -1.63194551  3.1352245  -1.26602507 -2.70847961
  3.36217171 -1.23322285 -0.77649656 -2.88407553 -2.71720574  2.54564113
 -2.13655218 -2.04712711 -0.18154919  3.14998808  0.24664262  0.21384975
 -1.25020298 -0.67764018 -1.73377024 -3.03025114  2.87032644  1.23551029
 -0.4857076  -2.18838447  1.1097113  -1.10585782 -0.49042557 -2.73954125
 -2.06516946  1.86554764 -0.87381258  2.62185236 -0.45419536 -2.67151346
 -2.82019546  2.26182939 -3.14423352 -0.44536864 -1.00234818 -0.24660726
  2.34754157  1.84025234  0.01820731 -2.55288699 -2.65892148  0.24436984
 -0.76666232  1.2452413  -2.62771079  1.12505287 -0.38397806  0.42076308
  1.9190333   0.4581184   0.65074875 -1.27156796  1.7916118   2.93982457
  0.99593909  0.22180281 -1.14181236  2.42278747  0.72674056 -1.90977346
 -0.05037934  1.87092225  0.98664692 -1.08002928 -2.30130846  2.22238416
  2.00398656  1.92832367  2.29723356  1.91578713 -1.66121748 -3.1038986
  0.42852356  1.3447583  -2.26275462 -1.12583524  2.31183682  1.39294664
 -0.27195621 -1.84442254 -1.64823682  1.96528143  1.3072388  -1.0118831
 -0.23075481 -0.69309112 -0.30339077  2.30246058 -0.66193868 -0.935343
  0.77590993 -2.35268956  0.59026916  2.78422891 -0.35242982  2.0472274
 -1.86126428 -1.35336565 -2.59736784 -2.42273025 -1.50153056 -3.0289663
  2.01620165  1.78191078  1.58151688  1.12533485  1.58819429 -2.44421579
 -2.50736713  1.78907335  1.0342724  -0.29185854 -2.47720457  1.43098289
 -1.04394782 -3.04762138 -0.04720664  1.89751593 -2.70128433 -2.36816639
  1.87611866  1.02966623 -0.62617453 -0.49631323 -0.92140742  1.96405461
  0.47262259 -0.35622595  0.40183248 -2.26662905  1.26136582 -0.15330706
  2.40236147  1.23319557  2.87809204 -1.05733895  2.10171131 -0.42989453
 -3.26841202  2.2032204   0.81147085  1.92881049 -1.28919712  1.43910608
 -2.12172291  0.20898525  0.083037   -2.79059108 -0.90191395 -2.39307466
  0.07227726 -0.56898621]
Sat May 25 18:21:04 2024,617,0.09593800646417923,[-4.65847369  2.36664236 -1.84106069 -0.12409682  0.18672554 -2.687651
  3.0128299   2.10571268  1.45518703 -0.92536043  0.61239976  1.09170275
  1.13210046 -1.54196769  0.7771291   2.80621736 -0.79815511 -0.63691795
 -1.75472002  0.60195857  1.67657164  2.99185611 -1.20875813 -0.31571267
 -2.42357565 -2.33803679  2.99458167  2.76322731 -0.54433297 -2.36481353
  1.48280792 -0.05850823 -2.3178745   2.09556429  1.28954055 -0.63853926
  0.84777215 -2.31880679 -0.02589523  2.1533292  -0.16394249  0.38886676
  2.71395714  1.0462247   2.46285663  3.16174711  2.64140784 -2.93932925
  0.26537416 -0.81572878  1.75888675  2.86399355 -0.51095177 -2.31763446
  2.78736948 -3.21076724  0.79394307 -0.63487963 -1.74135993  2.69818429
 -1.80955125 -1.58813085 -2.30391411  2.18800721 -2.45128551  2.13559764
  2.07465226  1.53540761  2.38308447  2.80474833  1.64886097  1.2001271
 -1.51324487 -2.22927502  1.47130143  0.71194274  1.31361902 -3.01402341
 -0.37770274  2.51831701 -1.03585388  1.28752016  1.48329413  0.54455019
 -0.83302067  1.1151435   0.66824186 -0.38370034  2.80473736 -1.99307056
  1.53804592 -0.48681193  1.09033673 -2.84976605 -2.45832383  0.45773133
 -1.16150523 -0.49457633  0.36531619 -0.11126714 -1.65032849 -0.04117025
 -0.85970562  2.81181061 -1.06239941 -1.38013479 -0.94883366  1.07796504
  1.85224683 -0.69616523  1.97232734 -2.19417585 -0.34727722 -0.73251653
 -2.89008136  3.16480331 -1.63194547  3.13522453 -1.2660251  -2.70847957
  3.36217175 -1.23322282 -0.77649659 -2.88407556 -2.71720577  2.54564116
 -2.13655222 -2.04712714 -0.18154923  3.14998805  0.24664259  0.21384972
 -1.25020295 -0.67764022 -1.73377021 -3.03025111  2.87032641  1.23551026
 -0.48570757 -2.18838444  1.10971133 -1.10585785 -0.49042554 -2.73954128
 -2.06516949  1.8655476  -0.87381261  2.62185239 -0.45419533 -2.6715135
 -2.82019542  2.26182943 -3.14423355 -0.44536867 -1.00234821 -0.24660723
  2.3475416   1.84025231  0.01820728 -2.55288696 -2.65892151  0.24436987
 -0.76666235  1.24524127 -2.62771076  1.1250529  -0.38397803  0.42076305
  1.91903333  0.45811843  0.65074879 -1.27156793  1.79161177  2.9398246
  0.99593913  0.22180278 -1.14181239  2.4227875   0.72674053 -1.90977349
 -0.05037931  1.87092222  0.98664696 -1.08002925 -2.30130849  2.22238413
  2.00398652  1.9283237   2.29723353  1.9157871  -1.66121744 -3.10389856
  0.42852353  1.34475833 -2.26275465 -1.12583521  2.31183679  1.39294667
 -0.27195624 -1.84442257 -1.64823686  1.9652814   1.30723883 -1.01188307
 -0.23075484 -0.69309109 -0.30339074  2.30246055 -0.66193865 -0.93534304
  0.77590996 -2.35268959  0.59026919  2.78422895 -0.35242985  2.04722744
 -1.86126431 -1.35336568 -2.5973678  -2.42273028 -1.5015306  -3.02896633
  2.01620162  1.78191074  1.58151685  1.12533488  1.58819426 -2.44421582
 -2.50736716  1.78907331  1.03427237 -0.29185857 -2.47720461  1.43098292
 -1.04394785 -3.04762135 -0.04720667  1.8975159  -2.70128436 -2.36816635
  1.87611869  1.0296662  -0.62617457 -0.49631326 -0.92140739  1.96405464
  0.47262262 -0.35622592  0.40183245 -2.26662901  1.26136579 -0.15330703
  2.4023615   1.23319561  2.87809208 -1.05733892  2.10171128 -0.42989449
 -3.26841199  2.20322043  0.81147089  1.92881052 -1.28919709  1.43910605
 -2.12172288  0.20898522  0.08303703 -2.79059105 -0.90191392 -2.39307469
  0.07227729 -0.56898618]
Sat May 25 18:21:27 2024,618,0.09593800646234171,[-4.65847372  2.36664232 -1.84106065 -0.12409685  0.18672557 -2.68765103
  3.01282993  2.10571265  1.455187   -0.92536047  0.61239973  1.09170278
  1.13210043 -1.54196765  0.77712914  2.80621733 -0.79815508 -0.63691792
 -1.75472005  0.6019586   1.67657168  2.99185614 -1.20875816 -0.3157127
 -2.42357561 -2.33803676  2.99458164  2.76322728 -0.544333   -2.3648135
  1.48280795 -0.05850826 -2.31787447  2.09556432  1.28954059 -0.6385393
  0.84777211 -2.31880682 -0.02589526  2.15332917 -0.16394246  0.38886679
  2.71395718  1.04622473  2.46285666  3.16174714  2.64140787 -2.93932928
  0.2653742  -0.81572881  1.75888671  2.86399352 -0.51095174 -2.31763449
  2.78736945 -3.21076727  0.7939431  -0.63487959 -1.74135989  2.69818432
 -1.80955122 -1.58813082 -2.30391407  2.18800724 -2.45128554  2.13559767
  2.07465223  1.53540758  2.3830845   2.8047483   1.648861    1.20012707
 -1.51324483 -2.22927498  1.47130147  0.71194271  1.31361898 -3.01402338
 -0.37770277  2.51831698 -1.03585391  1.28752019  1.48329416  0.54455016
 -0.8330207   1.11514347  0.66824183 -0.38370037  2.80473739 -1.99307059
  1.53804595 -0.48681196  1.0903367  -2.84976608 -2.45832387  0.45773136
 -1.16150519 -0.49457636  0.36531616 -0.1112671  -1.65032846 -0.04117029
 -0.85970558  2.81181057 -1.06239945 -1.38013482 -0.94883369  1.07796507
  1.85224686 -0.69616519  1.97232738 -2.19417589 -0.34727725 -0.73251656
 -2.89008139  3.16480334 -1.63194544  3.13522457 -1.26602507 -2.70847961
  3.36217178 -1.23322285 -0.77649656 -2.88407559 -2.71720581  2.54564113
 -2.13655225 -2.04712711 -0.18154926  3.14998808  0.24664262  0.21384975
 -1.25020298 -0.67764018 -1.73377024 -3.03025114  2.87032644  1.23551022
 -0.4857076  -2.18838447  1.10971136 -1.10585782 -0.49042551 -2.73954132
 -2.06516946  1.86554764 -0.87381264  2.62185236 -0.4541953  -2.67151353
 -2.82019546  2.26182939 -3.14423352 -0.44536864 -1.00234824 -0.24660726
  2.34754157  1.84025234  0.01820731 -2.55288699 -2.65892154  0.2443699
 -0.76666239  1.2452413  -2.62771079  1.12505287 -0.38397806  0.42076302
  1.9190333   0.45811846  0.65074875 -1.27156796  1.79161174  2.93982457
  0.99593909  0.22180275 -1.14181236  2.42278753  0.72674056 -1.90977353
 -0.05037934  1.87092219  0.98664693 -1.08002928 -2.30130846  2.22238416
  2.00398649  1.92832374  2.29723356  1.91578707 -1.66121748 -3.1038986
  0.4285235   1.34475836 -2.26275462 -1.12583518  2.31183682  1.3929467
 -0.27195627 -1.84442254 -1.64823689  1.96528143  1.3072388  -1.0118831
 -0.23075481 -0.69309112 -0.30339077  2.30246058 -0.66193868 -0.935343
  0.77590993 -2.35268962  0.59026922  2.78422898 -0.35242982  2.0472274
 -1.86126428 -1.35336572 -2.59736777 -2.42273025 -1.50153056 -3.0289663
  2.01620158  1.78191078  1.58151688  1.12533485  1.58819422 -2.44421579
 -2.50736713  1.78907328  1.0342724  -0.29185854 -2.47720457  1.43098289
 -1.04394782 -3.04762138 -0.0472067   1.89751593 -2.70128439 -2.36816639
  1.87611873  1.02966617 -0.6261746  -0.49631323 -0.92140742  1.96405467
  0.47262259 -0.35622589  0.40183242 -2.26662905  1.26136576 -0.15330706
  2.40236153  1.23319564  2.87809211 -1.05733895  2.10171131 -0.42989453
 -3.26841202  2.20322047  0.81147092  1.92881056 -1.28919712  1.43910602
 -2.12172291  0.20898519  0.08303706 -2.79059102 -0.90191389 -2.39307472
  0.07227732 -0.56898614]
Sat May 25 18:22:34 2024,619,0.09593800646052272,[-4.65847375  2.36664236 -1.84106069 -0.12409688  0.18672554 -2.68765107
  3.01282996  2.10571262  1.45518697 -0.9253605   0.61239976  1.09170281
  1.13210046 -1.54196769  0.77712911  2.80621736 -0.79815505 -0.63691789
 -1.75472002  0.60195857  1.67657171  2.99185611 -1.20875813 -0.31571273
 -2.42357558 -2.33803679  2.99458167  2.76322725 -0.54433297 -2.36481347
  1.48280798 -0.05850823 -2.31787444  2.09556436  1.28954055 -0.63853926
  0.84777215 -2.31880679 -0.02589523  2.1533292  -0.16394243  0.38886676
  2.71395721  1.04622476  2.46285669  3.16174718  2.64140784 -2.93932932
  0.26537423 -0.81572885  1.75888668  2.86399355 -0.51095171 -2.31763446
  2.78736942 -3.21076724  0.79394307 -0.63487963 -1.74135992  2.69818429
 -1.80955125 -1.58813079 -2.30391411  2.18800727 -2.45128551  2.1355977
  2.07465226  1.53540755  2.38308447  2.80474833  1.64886103  1.20012704
 -1.51324486 -2.22927495  1.47130143  0.71194274  1.31361895 -3.01402335
 -0.3777028   2.51831701 -1.03585388  1.28752016  1.48329419  0.54455019
 -0.83302073  1.1151435   0.6682418  -0.3837004   2.80473736 -1.99307063
  1.53804598 -0.48681193  1.09033673 -2.84976605 -2.45832383  0.45773139
 -1.16150516 -0.4945764   0.36531613 -0.11126707 -1.65032843 -0.04117025
 -0.85970555  2.81181061 -1.06239941 -1.38013479 -0.94883366  1.07796504
  1.85224683 -0.69616523  1.97232741 -2.19417585 -0.34727722 -0.73251653
 -2.89008142  3.16480337 -1.63194541  3.1352246  -1.26602504 -2.70847964
  3.36217175 -1.23322282 -0.77649652 -2.88407562 -2.71720577  2.54564116
 -2.13655222 -2.04712714 -0.18154929  3.14998811  0.24664259  0.21384978
 -1.25020295 -0.67764015 -1.73377021 -3.03025111  2.87032647  1.23551019
 -0.48570757 -2.1883845   1.10971139 -1.10585785 -0.49042547 -2.73954135
 -2.06516949  1.86554767 -0.87381267  2.62185239 -0.45419527 -2.6715135
 -2.82019542  2.26182943 -3.14423349 -0.44536861 -1.00234827 -0.24660723
  2.34754154  1.84025237  0.01820735 -2.55288696 -2.65892151  0.24436987
 -0.76666236  1.24524134 -2.62771076  1.12505284 -0.38397803  0.42076305
  1.91903333  0.4581185   0.65074879 -1.27156799  1.7916117   2.93982454
  0.99593913  0.22180278 -1.14181239  2.4227875   0.72674053 -1.90977356
 -0.05037931  1.87092222  0.98664689 -1.08002925 -2.30130842  2.2223842
  2.00398646  1.9283237   2.29723353  1.9157871  -1.66121751 -3.10389856
  0.42852347  1.34475839 -2.26275465 -1.12583521  2.31183679  1.39294673
 -0.2719563  -1.84442251 -1.64823692  1.9652814   1.30723883 -1.01188307
 -0.23075477 -0.69309115 -0.30339074  2.30246055 -0.66193871 -0.93534304
  0.77590996 -2.35268959  0.59026919  2.78422895 -0.35242985  2.04722744
 -1.86126425 -1.35336575 -2.5973678  -2.42273021 -1.5015306  -3.02896627
  2.01620162  1.78191081  1.58151685  1.12533482  1.58819419 -2.44421575
 -2.5073671   1.78907331  1.03427237 -0.29185851 -2.47720454  1.43098292
 -1.04394778 -3.04762135 -0.04720674  1.8975159  -2.70128442 -2.36816635
  1.87611876  1.02966613 -0.62617463 -0.4963132  -0.92140739  1.96405464
  0.47262256 -0.35622586  0.40183245 -2.26662908  1.26136572 -0.15330703
  2.4023615   1.23319567  2.87809208 -1.05733892  2.10171134 -0.42989456
 -3.26841205  2.20322043  0.81147095  1.92881059 -1.28919709  1.43910599
 -2.12172295  0.20898516  0.0830371  -2.79059105 -0.90191392 -2.39307475
  0.07227735 -0.56898611]
Sat May 25 18:22:57 2024,620,0.09593800645872101,[-4.65847378  2.36664232 -1.84106066 -0.12409691  0.18672557 -2.6876511
  3.01282999  2.10571265  1.45518694 -0.92536047  0.61239973  1.09170284
  1.13210049 -1.54196772  0.77712914  2.80621739 -0.79815502 -0.63691786
 -1.75472005  0.6019586   1.67657174  2.99185614 -1.2087581  -0.31571276
 -2.42357561 -2.33803676  2.9945817   2.76322722 -0.54433294 -2.36481344
  1.48280795 -0.0585082  -2.31787441  2.09556432  1.28954059 -0.63853923
  0.84777211 -2.31880682 -0.0258952   2.15332923 -0.16394246  0.38886673
  2.71395724  1.04622473  2.46285666  3.16174721  2.64140787 -2.93932935
  0.2653742  -0.81572881  1.75888665  2.86399358 -0.51095168 -2.31763449
  2.78736945 -3.21076727  0.7939431  -0.63487966 -1.74135989  2.69818426
 -1.80955122 -1.58813082 -2.30391414  2.18800724 -2.45128554  2.13559773
  2.07465223  1.53540758  2.3830845   2.8047483   1.648861    1.20012707
 -1.5132449  -2.22927498  1.4713014   0.71194278  1.31361898 -3.01402332
 -0.37770277  2.51831698 -1.03585391  1.28752019  1.48329416  0.54455022
 -0.83302076  1.11514353  0.66824183 -0.38370043  2.80473739 -1.99307066
  1.53804595 -0.48681196  1.09033676 -2.84976608 -2.4583238   0.45773136
 -1.16150513 -0.49457636  0.36531616 -0.11126704 -1.65032846 -0.04117029
 -0.85970552  2.81181064 -1.06239938 -1.38013476 -0.94883369  1.07796501
  1.8522468  -0.69616526  1.97232744 -2.19417582 -0.34727725 -0.73251656
 -2.89008139  3.16480334 -1.63194538  3.13522463 -1.26602507 -2.70847967
  3.36217172 -1.23322279 -0.77649649 -2.88407565 -2.71720574  2.54564119
 -2.13655219 -2.04712717 -0.18154932  3.14998814  0.24664256  0.21384981
 -1.25020292 -0.67764018 -1.73377018 -3.03025108  2.87032644  1.23551022
 -0.48570754 -2.18838447  1.10971136 -1.10585782 -0.49042544 -2.73954138
 -2.06516953  1.8655477  -0.87381264  2.62185236 -0.4541953  -2.67151347
 -2.82019545  2.26182946 -3.14423352 -0.44536864 -1.00234824 -0.24660726
  2.34754157  1.84025234  0.01820738 -2.55288699 -2.65892154  0.24436984
 -0.76666239  1.2452413  -2.62771073  1.12505287 -0.383978    0.42076302
  1.9190333   0.45811846  0.65074882 -1.27156796  1.79161167  2.93982457
  0.99593916  0.22180281 -1.14181236  2.42278753  0.72674056 -1.90977359
 -0.05037928  1.87092225  0.98664692 -1.08002928 -2.30130846  2.22238423
  2.00398643  1.92832374  2.2972335   1.91578713 -1.66121748 -3.1038986
  0.4285235   1.34475836 -2.26275468 -1.12583518  2.31183676  1.3929467
 -0.27195634 -1.84442254 -1.64823689  1.96528143  1.30723886 -1.0118831
 -0.23075481 -0.69309118 -0.30339071  2.30246052 -0.66193868 -0.93534307
  0.77590999 -2.35268956  0.59026922  2.78422898 -0.35242982  2.04722747
 -1.86126422 -1.35336572 -2.59736783 -2.42273025 -1.50153056 -3.02896624
  2.01620159  1.78191078  1.58151682  1.12533479  1.58819416 -2.44421572
 -2.50736707  1.78907328  1.03427234 -0.29185854 -2.47720457  1.43098289
 -1.04394782 -3.04762132 -0.0472067   1.89751587 -2.70128439 -2.36816632
  1.87611879  1.02966616 -0.62617466 -0.49631317 -0.92140736  1.96405467
  0.47262259 -0.35622589  0.40183248 -2.26662905  1.26136569 -0.153307
  2.40236147  1.23319564  2.87809211 -1.05733888  2.10171137 -0.42989453
 -3.26841202  2.2032204   0.81147092  1.92881056 -1.28919706  1.43910596
 -2.12172291  0.20898512  0.08303713 -2.79059102 -0.90191389 -2.39307478
  0.07227732 -0.56898608]
Sat May 25 18:23:50 2024,621,0.09593800645693767,[-4.65847381  2.36664235 -1.84106069 -0.12409694  0.18672554 -2.68765107
  3.01283002  2.10571262  1.45518691 -0.9253605   0.61239976  1.09170281
  1.13210052 -1.54196775  0.77712911  2.80621742 -0.79815505 -0.63691783
 -1.75472008  0.60195863  1.67657177  2.99185617 -1.20875813 -0.31571279
 -2.42357558 -2.33803679  2.99458173  2.76322725 -0.54433291 -2.36481341
  1.48280792 -0.05850817 -2.31787437  2.09556429  1.28954055 -0.63853926
  0.84777208 -2.31880685 -0.02589517  2.15332926 -0.16394243  0.3888667
  2.71395727  1.0462247   2.46285663  3.16174724  2.6414079  -2.93932932
  0.26537416 -0.81572885  1.75888668  2.86399361 -0.51095165 -2.31763446
  2.78736948 -3.21076724  0.79394307 -0.63487969 -1.74135992  2.69818429
 -1.80955119 -1.58813079 -2.30391417  2.18800727 -2.45128557  2.1355977
  2.07465226  1.53540755  2.38308453  2.80474833  1.64886103  1.20012704
 -1.51324493 -2.22927495  1.47130137  0.71194281  1.31361895 -3.01402329
 -0.37770274  2.51831695 -1.03585388  1.28752022  1.48329419  0.54455019
 -0.83302073  1.11514356  0.6682418  -0.3837004   2.80473736 -1.99307063
  1.53804598 -0.48681199  1.09033679 -2.84976611 -2.45832383  0.45773139
 -1.1615051  -0.49457633  0.36531619 -0.11126707 -1.65032843 -0.04117026
 -0.85970555  2.81181061 -1.06239941 -1.38013479 -0.94883372  1.07796504
  1.85224683 -0.69616529  1.97232741 -2.19417579 -0.34727722 -0.7325166
 -2.89008136  3.16480331 -1.63194535  3.1352246  -1.2660251  -2.7084797
  3.36217168 -1.23322276 -0.77649646 -2.88407562 -2.71720577  2.54564122
 -2.13655215 -2.04712714 -0.18154929  3.14998817  0.24664253  0.21384984
 -1.25020289 -0.67764015 -1.73377021 -3.03025104  2.87032641  1.23551019
 -0.48570751 -2.18838444  1.10971139 -1.10585779 -0.49042541 -2.73954135
 -2.06516956  1.86554767 -0.87381267  2.62185239 -0.45419527 -2.6715135
 -2.82019542  2.26182949 -3.14423349 -0.44536861 -1.00234821 -0.24660729
  2.3475416   1.84025231  0.01820735 -2.55288696 -2.65892157  0.24436987
 -0.76666236  1.24524127 -2.62771076  1.12505284 -0.38397803  0.42076299
  1.91903327  0.45811849  0.65074885 -1.27156799  1.7916117   2.93982454
  0.99593913  0.22180284 -1.14181239  2.4227875   0.72674053 -1.90977362
 -0.05037925  1.87092228  0.98664696 -1.08002925 -2.30130843  2.2223842
  2.0039864   1.9283237   2.29723347  1.9157871  -1.66121744 -3.10389856
  0.42852347  1.34475839 -2.26275465 -1.12583515  2.31183679  1.39294673
 -0.27195637 -1.84442257 -1.64823692  1.96528146  1.30723889 -1.01188313
 -0.23075477 -0.69309121 -0.30339068  2.30246048 -0.66193865 -0.93534304
  0.77591002 -2.35268959  0.59026919  2.78422895 -0.35242985  2.04722744
 -1.86126425 -1.35336575 -2.59736786 -2.42273028 -1.50153053 -3.02896621
  2.01620155  1.78191075  1.58151685  1.12533476  1.58819419 -2.44421575
 -2.50736704  1.78907325  1.03427231 -0.29185851 -2.47720454  1.43098286
 -1.04394778 -3.04762129 -0.04720667  1.8975159  -2.70128436 -2.36816635
  1.87611882  1.02966613 -0.62617469 -0.4963132  -0.92140739  1.9640547
  0.47262256 -0.35622592  0.40183251 -2.26662908  1.26136566 -0.15330697
  2.4023615   1.23319561  2.87809214 -1.05733885  2.10171134 -0.42989456
 -3.26841205  2.20322043  0.81147095  1.92881059 -1.28919709  1.43910592
 -2.12172295  0.20898509  0.0830371  -2.79059098 -0.90191386 -2.39307482
  0.07227735 -0.56898611]
Sat May 25 18:24:20 2024,622,0.09593800645517088,[-4.65847384  2.36664232 -1.84106066 -0.12409697  0.18672557 -2.6876511
  3.01282999  2.10571265  1.45518694 -0.92536047  0.61239973  1.09170278
  1.13210049 -1.54196772  0.77712907  2.80621745 -0.79815502 -0.6369178
 -1.75472005  0.60195866  1.6765718   2.99185614 -1.2087581  -0.31571276
 -2.42357555 -2.33803682  2.9945817   2.76322722 -0.54433288 -2.36481344
  1.48280795 -0.05850814 -2.31787441  2.09556432  1.28954058 -0.63853929
  0.84777211 -2.31880682 -0.0258952   2.15332923 -0.16394246  0.38886667
  2.7139573   1.04622473  2.46285666  3.16174721  2.64140793 -2.93932935
  0.26537413 -0.81572881  1.75888665  2.86399358 -0.51095161 -2.31763449
  2.78736951 -3.21076727  0.7939431  -0.63487966 -1.74135996  2.69818426
 -1.80955116 -1.58813082 -2.3039142   2.1880073  -2.45128554  2.13559767
  2.07465229  1.53540752  2.38308456  2.80474836  1.64886106  1.20012707
 -1.51324496 -2.22927492  1.4713014   0.71194278  1.31361892 -3.01402332
 -0.37770271  2.51831692 -1.03585385  1.28752025  1.48329416  0.54455016
 -0.8330207   1.11514353  0.66824177 -0.38370037  2.80473733 -1.99307066
  1.53804601 -0.48681196  1.09033682 -2.84976615 -2.45832386  0.45773142
 -1.16150507 -0.49457636  0.36531622 -0.1112671  -1.6503284  -0.04117022
 -0.85970552  2.81181064 -1.06239938 -1.38013482 -0.94883369  1.07796501
  1.8522468  -0.69616526  1.97232738 -2.19417582 -0.34727725 -0.73251663
 -2.89008139  3.16480328 -1.63194532  3.13522463 -1.26602507 -2.70847967
  3.36217171 -1.23322279 -0.77649643 -2.88407565 -2.7172058   2.54564125
 -2.13655212 -2.04712717 -0.18154932  3.14998814  0.24664249  0.21384987
 -1.25020292 -0.67764018 -1.73377024 -3.03025108  2.87032644  1.23551016
 -0.48570748 -2.18838447  1.10971136 -1.10585782 -0.49042538 -2.73954138
 -2.06516953  1.8655477  -0.8738127   2.62185242 -0.4541953  -2.67151353
 -2.82019545  2.26182952 -3.14423346 -0.44536858 -1.00234824 -0.24660732
  2.34754157  1.84025234  0.01820738 -2.55288693 -2.65892154  0.2443699
 -0.76666232  1.24524124 -2.62771079  1.12505287 -0.383978    0.42076295
  1.91903324  0.45811853  0.65074882 -1.27156796  1.79161173  2.93982457
  0.9959391   0.22180281 -1.14181236  2.42278753  0.7267405  -1.90977359
 -0.05037928  1.87092231  0.98664693 -1.08002928 -2.30130846  2.22238423
  2.00398637  1.92832367  2.2972335   1.91578707 -1.66121748 -3.10389853
  0.42852344  1.34475836 -2.26275462 -1.12583518  2.31183682  1.3929467
 -0.2719564  -1.8444226  -1.64823689  1.96528143  1.30723886 -1.0118831
 -0.23075481 -0.69309124 -0.30339065  2.30246045 -0.66193868 -0.93534307
  0.77590999 -2.35268956  0.59026922  2.78422898 -0.35242988  2.04722747
 -1.86126428 -1.35336578 -2.5973679  -2.42273025 -1.50153056 -3.02896618
  2.01620158  1.78191072  1.58151682  1.12533479  1.58819416 -2.44421579
 -2.50736701  1.78907328  1.03427234 -0.29185854 -2.47720451  1.43098289
 -1.04394782 -3.04762126 -0.0472067   1.89751587 -2.70128439 -2.36816632
  1.87611885  1.0296661  -0.62617466 -0.49631323 -0.92140736  1.96405473
  0.47262259 -0.35622595  0.40183248 -2.26662905  1.26136569 -0.153307
  2.40236147  1.23319558  2.87809217 -1.05733888  2.10171137 -0.42989453
 -3.26841208  2.2032204   0.81147098  1.92881056 -1.28919706  1.43910595
 -2.12172298  0.20898512  0.08303707 -2.79059102 -0.90191389 -2.39307478
  0.07227738 -0.56898614]
Sat May 25 18:25:29 2024,623,0.09593800645342128,[-4.65847387  2.36664235 -1.84106069 -0.12409694  0.18672554 -2.68765107
  3.01283002  2.10571262  1.45518697 -0.92536044  0.6123997   1.09170281
  1.13210052 -1.54196775  0.77712904  2.80621742 -0.79815505 -0.63691783
 -1.75472002  0.60195863  1.67657183  2.99185611 -1.20875813 -0.31571273
 -2.42357552 -2.33803685  2.99458173  2.76322725 -0.54433285 -2.36481347
  1.48280792 -0.05850817 -2.31787437  2.09556435  1.28954055 -0.63853933
  0.84777214 -2.31880679 -0.02589523  2.15332926 -0.16394243  0.3888667
  2.71395727  1.04622476  2.46285663  3.16174718  2.64140796 -2.93932938
  0.2653741  -0.81572884  1.75888668  2.86399361 -0.51095158 -2.31763446
  2.78736948 -3.2107673   0.79394307 -0.63487969 -1.74135999  2.69818429
 -1.80955112 -1.58813079 -2.30391423  2.18800733 -2.45128557  2.13559764
  2.07465226  1.53540755  2.38308459  2.80474839  1.64886103  1.20012704
 -1.51324493 -2.22927495  1.47130137  0.71194281  1.31361889 -3.01402329
 -0.37770268  2.51831695 -1.03585388  1.28752022  1.48329419  0.54455019
 -0.83302073  1.1151435   0.6682418  -0.3837004   2.80473736 -1.99307063
  1.53804604 -0.48681199  1.09033685 -2.84976612 -2.45832383  0.45773139
 -1.16150504 -0.49457633  0.36531619 -0.11126707 -1.65032837 -0.04117025
 -0.85970555  2.81181067 -1.06239935 -1.38013485 -0.94883366  1.07796504
  1.85224677 -0.69616523  1.97232741 -2.19417585 -0.34727722 -0.73251666
 -2.89008136  3.16480331 -1.63194535  3.1352246  -1.26602504 -2.70847964
  3.36217175 -1.23322282 -0.77649646 -2.88407562 -2.71720583  2.54564128
 -2.13655209 -2.04712714 -0.18154929  3.14998811  0.24664253  0.21384984
 -1.25020295 -0.67764021 -1.73377021 -3.03025111  2.87032647  1.23551013
 -0.48570751 -2.1883845   1.10971133 -1.10585779 -0.49042535 -2.73954135
 -2.0651695   1.86554773 -0.87381273  2.62185239 -0.45419527 -2.6715135
 -2.82019542  2.26182955 -3.14423349 -0.44536855 -1.00234827 -0.24660735
  2.34754154  1.84025231  0.01820741 -2.55288696 -2.65892157  0.24436987
 -0.76666236  1.24524121 -2.62771076  1.1250529  -0.38397803  0.42076292
  1.91903321  0.4581185   0.65074885 -1.27156793  1.79161177  2.93982454
  0.99593907  0.22180284 -1.14181239  2.4227875   0.72674047 -1.90977362
 -0.05037931  1.87092234  0.98664696 -1.08002925 -2.30130843  2.22238426
  2.0039864   1.9283237   2.29723347  1.91578704 -1.66121751 -3.1038985
  0.4285234   1.34475833 -2.26275465 -1.12583515  2.31183685  1.39294667
 -0.27195643 -1.84442263 -1.64823686  1.96528146  1.30723883 -1.01188307
 -0.23075484 -0.69309121 -0.30339068  2.30246048 -0.66193871 -0.9353431
  0.77590996 -2.35268959  0.59026925  2.78422901 -0.35242985  2.0472275
 -1.86126431 -1.35336581 -2.59736787 -2.42273028 -1.50153059 -3.02896615
  2.01620155  1.78191075  1.58151685  1.12533476  1.58819413 -2.44421582
 -2.50736698  1.78907325  1.03427237 -0.29185851 -2.47720448  1.43098292
 -1.04394785 -3.04762123 -0.04720673  1.8975159  -2.70128442 -2.36816629
  1.87611882  1.02966607 -0.62617463 -0.49631326 -0.92140733  1.9640547
  0.47262256 -0.35622592  0.40183251 -2.26662908  1.26136572 -0.15330703
  2.4023615   1.23319561  2.87809214 -1.05733885  2.10171134 -0.42989456
 -3.26841205  2.20322037  0.81147101  1.92881053 -1.28919703  1.43910592
 -2.12172301  0.20898515  0.0830371  -2.79059098 -0.90191392 -2.39307475
  0.07227735 -0.56898617]
Sat May 25 18:26:11 2024,624,0.09593800645168823,[-4.6584739   2.36664238 -1.84106072 -0.12409691  0.18672557 -2.68765104
  3.01282999  2.10571259  1.45518694 -0.92536041  0.61239973  1.09170278
  1.13210055 -1.54196778  0.77712901  2.80621745 -0.79815508 -0.6369178
 -1.75472005  0.60195866  1.6765718   2.99185614 -1.2087581  -0.31571276
 -2.42357549 -2.33803682  2.9945817   2.76322728 -0.54433288 -2.3648135
  1.48280789 -0.0585082  -2.31787434  2.09556438  1.28954052 -0.63853936
  0.84777211 -2.31880676 -0.02589526  2.15332929 -0.1639424   0.38886673
  2.7139573   1.04622473  2.46285666  3.16174721  2.64140793 -2.93932941
  0.26537413 -0.81572887  1.75888665  2.86399358 -0.51095155 -2.31763449
  2.78736945 -3.21076727  0.7939431  -0.63487972 -1.74135996  2.69818432
 -1.80955109 -1.58813082 -2.30391426  2.18800736 -2.4512856   2.13559767
  2.07465229  1.53540758  2.38308456  2.80474836  1.64886106  1.20012707
 -1.51324496 -2.22927498  1.4713014   0.71194278  1.31361886 -3.01402326
 -0.37770271  2.51831698 -1.03585391  1.28752019  1.48329416  0.54455016
 -0.8330207   1.11514347  0.66824177 -0.38370043  2.80473739 -1.99307066
  1.53804601 -0.48681196  1.09033682 -2.84976609 -2.4583238   0.45773136
 -1.16150507 -0.49457636  0.36531622 -0.1112671  -1.6503284  -0.04117028
 -0.85970552  2.8118107  -1.06239932 -1.38013482 -0.94883363  1.07796507
  1.8522468  -0.6961652   1.97232738 -2.19417582 -0.34727719 -0.73251669
 -2.89008139  3.16480334 -1.63194538  3.13522463 -1.26602507 -2.70847967
  3.36217172 -1.23322285 -0.77649649 -2.88407559 -2.71720586  2.54564125
 -2.13655212 -2.04712717 -0.18154926  3.14998814  0.2466425   0.21384981
 -1.25020298 -0.67764018 -1.73377024 -3.03025108  2.8703265   1.2355101
 -0.48570754 -2.18838453  1.1097113  -1.10585782 -0.49042532 -2.73954138
 -2.06516947  1.8655477  -0.8738127   2.62185242 -0.4541953  -2.67151347
 -2.82019539  2.26182952 -3.14423346 -0.44536858 -1.0023483  -0.24660738
  2.34754151  1.84025228  0.01820744 -2.55288699 -2.6589216   0.2443699
 -0.76666233  1.24524124 -2.62771073  1.12505293 -0.38397806  0.42076295
  1.91903318  0.45811847  0.65074888 -1.2715679   1.79161174  2.93982451
  0.99593904  0.22180287 -1.14181236  2.42278753  0.72674044 -1.90977365
 -0.05037928  1.87092231  0.98664693 -1.08002928 -2.30130846  2.22238423
  2.00398643  1.92832373  2.29723344  1.91578701 -1.66121748 -3.10389847
  0.42852337  1.34475836 -2.26275468 -1.12583512  2.31183688  1.39294664
 -0.2719564  -1.8444226  -1.64823683  1.96528143  1.30723886 -1.0118831
 -0.23075487 -0.69309124 -0.30339065  2.30246051 -0.66193868 -0.93534307
  0.77590999 -2.35268962  0.59026928  2.78422898 -0.35242988  2.04722747
 -1.86126434 -1.35336578 -2.59736784 -2.42273031 -1.50153056 -3.02896618
  2.01620152  1.78191072  1.58151688  1.12533473  1.5881941  -2.44421585
 -2.50736701  1.78907328  1.0342724  -0.29185854 -2.47720445  1.43098295
 -1.04394782 -3.0476212  -0.04720676  1.89751593 -2.70128439 -2.36816626
  1.87611885  1.02966604 -0.62617466 -0.49631329 -0.9214073   1.96405473
  0.47262259 -0.35622589  0.40183248 -2.26662905  1.26136569 -0.153307
  2.40236153  1.23319564  2.87809211 -1.05733882  2.10171131 -0.42989459
 -3.26841208  2.2032204   0.81147104  1.92881056 -1.289197    1.43910595
 -2.12172298  0.20898512  0.08303713 -2.79059095 -0.90191395 -2.39307478
  0.07227732 -0.5689862 ]
Sat May 25 18:26:35 2024,625,0.09593800644997184,[-4.65847393  2.36664241 -1.84106069 -0.12409688  0.18672554 -2.68765107
  3.01283002  2.10571256  1.45518697 -0.92536038  0.6123997   1.09170275
  1.13210058 -1.54196781  0.77712898  2.80621748 -0.79815511 -0.63691783
 -1.75472008  0.60195863  1.67657183  2.99185617 -1.20875807 -0.31571273
 -2.42357552 -2.33803685  2.99458167  2.76322731 -0.54433285 -2.36481347
  1.48280786 -0.05850823 -2.31787432  2.09556441  1.28954049 -0.63853933
  0.84777214 -2.31880679 -0.02589529  2.15332926 -0.16394243  0.3888667
  2.71395733  1.0462247   2.46285663  3.16174718  2.6414079  -2.93932944
  0.2653741  -0.81572885  1.75888668  2.86399361 -0.51095158 -2.31763446
  2.78736942 -3.21076724  0.79394307 -0.63487975 -1.74135993  2.69818429
 -1.80955112 -1.58813079 -2.30391429  2.18800739 -2.45128557  2.1355977
  2.07465232  1.53540761  2.38308453  2.80474833  1.64886103  1.20012704
 -1.51324499 -2.22927501  1.47130137  0.71194281  1.31361883 -3.01402329
 -0.37770268  2.51831701 -1.03585388  1.28752022  1.48329419  0.54455013
 -0.83302067  1.1151435   0.66824174 -0.38370046  2.80473742 -1.99307063
  1.53804604 -0.48681193  1.09033679 -2.84976606 -2.45832377  0.45773139
 -1.1615051  -0.49457633  0.36531625 -0.11126713 -1.65032843 -0.04117031
 -0.85970555  2.81181073 -1.06239929 -1.38013479 -0.94883366  1.07796504
  1.85224677 -0.69616523  1.97232735 -2.19417579 -0.34727722 -0.73251672
 -2.89008136  3.16480337 -1.63194541  3.13522466 -1.2660251  -2.7084797
  3.36217169 -1.23322282 -0.77649652 -2.88407556 -2.71720583  2.54564128
 -2.13655209 -2.04712714 -0.18154929  3.14998817  0.24664252  0.21384978
 -1.25020301 -0.67764021 -1.73377021 -3.03025111  2.87032647  1.23551013
 -0.48570757 -2.18838456  1.10971133 -1.10585779 -0.49042529 -2.73954141
 -2.06516944  1.86554767 -0.87381273  2.62185239 -0.45419527 -2.67151344
 -2.82019536  2.26182949 -3.14423349 -0.44536855 -1.00234827 -0.24660741
  2.34754154  1.84025231  0.01820741 -2.55288702 -2.65892163  0.24436987
 -0.7666623   1.24524127 -2.6277107   1.1250529  -0.38397809  0.42076292
  1.91903315  0.45811849  0.65074891 -1.27156787  1.79161176  2.93982448
  0.99593901  0.22180284 -1.14181233  2.42278756  0.72674041 -1.90977368
 -0.05037931  1.87092234  0.98664696 -1.08002925 -2.30130849  2.2223842
  2.00398646  1.92832376  2.29723341  1.91578704 -1.66121745 -3.1038985
  0.42852334  1.34475839 -2.26275471 -1.12583515  2.31183685  1.39294661
 -0.27195637 -1.84442263 -1.64823686  1.9652814   1.30723883 -1.01188307
 -0.23075484 -0.69309127 -0.30339068  2.30246054 -0.66193865 -0.9353431
  0.77591002 -2.35268965  0.59026931  2.78422895 -0.35242991  2.0472275
 -1.86126431 -1.35336581 -2.59736786 -2.42273034 -1.50153059 -3.02896621
  2.01620149  1.78191069  1.58151685  1.1253347   1.58819407 -2.44421588
 -2.50736698  1.78907331  1.03427243 -0.29185857 -2.47720448  1.43098292
 -1.04394779 -3.04762117 -0.04720673  1.8975159  -2.70128436 -2.36816623
  1.87611882  1.02966601 -0.62617469 -0.49631326 -0.92140727  1.9640547
  0.47262262 -0.35622586  0.40183251 -2.26662902  1.26136572 -0.15330697
  2.40236156  1.23319567  2.87809214 -1.05733879  2.10171128 -0.42989462
 -3.26841211  2.20322037  0.81147107  1.92881053 -1.28919697  1.43910598
 -2.12172295  0.20898515  0.0830371  -2.79059093 -0.90191392 -2.39307475
  0.07227735 -0.56898617]
Sat May 25 18:26:59 2024,626,0.09593800644827095,[-4.65847396  2.36664238 -1.84106066 -0.12409691  0.18672551 -2.6876511
  3.01282999  2.10571253  1.455187   -0.92536035  0.61239967  1.09170272
  1.13210061 -1.54196778  0.77712896  2.80621751 -0.79815514 -0.6369178
 -1.75472005  0.6019586   1.67657186  2.9918562  -1.20875804 -0.31571276
 -2.42357549 -2.33803682  2.9945817   2.76322734 -0.54433288 -2.36481344
  1.48280783 -0.05850826 -2.31787429  2.09556438  1.28954052 -0.63853935
  0.84777211 -2.31880682 -0.02589526  2.15332923 -0.1639424   0.38886667
  2.7139573   1.04622473  2.4628566   3.16174721  2.64140787 -2.93932941
  0.26537407 -0.81572882  1.75888665  2.86399358 -0.51095155 -2.31763449
  2.78736945 -3.21076721  0.79394304 -0.63487972 -1.7413599   2.69818432
 -1.80955115 -1.58813076 -2.30391426  2.18800742 -2.45128554  2.13559773
  2.07465229  1.53540758  2.3830845   2.8047483   1.648861    1.20012701
 -1.51324502 -2.22927504  1.4713014   0.71194284  1.3136188  -3.01402326
 -0.37770265  2.51831704 -1.03585391  1.28752025  1.48329416  0.54455016
 -0.8330207   1.11514347  0.66824171 -0.38370043  2.80473739 -1.9930706
  1.53804607 -0.4868119   1.09033677 -2.84976603 -2.4583238   0.45773142
 -1.16150507 -0.4945763   0.36531622 -0.1112671  -1.6503284  -0.04117029
 -0.85970558  2.8118107  -1.06239926 -1.38013476 -0.94883369  1.07796507
  1.8522468  -0.69616526  1.97232738 -2.19417576 -0.34727719 -0.73251675
 -2.89008139  3.16480334 -1.63194544  3.13522463 -1.26602507 -2.70847973
  3.36217171 -1.23322279 -0.77649649 -2.88407553 -2.71720586  2.54564131
 -2.13655206 -2.04712711 -0.18154932  3.1499882   0.2466425   0.21384981
 -1.25020298 -0.67764018 -1.73377018 -3.03025114  2.8703265   1.23551016
 -0.4857076  -2.18838459  1.1097113  -1.10585782 -0.49042526 -2.73954144
 -2.06516941  1.8655477  -0.8738127   2.62185242 -0.4541953  -2.67151347
 -2.82019539  2.26182952 -3.14423346 -0.44536858 -1.0023483  -0.24660744
  2.34754157  1.84025234  0.01820744 -2.55288699 -2.6589216   0.24436984
 -0.76666232  1.2452413  -2.62771073  1.12505287 -0.38397812  0.4207629
  1.91903318  0.45811852  0.65074888 -1.27156784  1.79161179  2.93982451
  0.99593904  0.22180287 -1.14181236  2.42278753  0.72674044 -1.90977371
 -0.05037928  1.87092231  0.98664698 -1.08002928 -2.30130851  2.22238417
  2.00398649  1.92832379  2.29723338  1.91578701 -1.66121742 -3.10389853
  0.42852337  1.34475836 -2.26275474 -1.12583512  2.31183682  1.39294658
 -0.27195634 -1.84442266 -1.64823683  1.96528138  1.30723886 -1.01188304
 -0.23075487 -0.6930913  -0.30339065  2.30246051 -0.66193868 -0.93534313
  0.77591005 -2.35268962  0.59026934  2.78422898 -0.35242988  2.04722753
 -1.86126434 -1.35336578 -2.59736789 -2.42273031 -1.50153056 -3.02896624
  2.01620152  1.78191072  1.58151682  1.12533467  1.5881941  -2.4442159
 -2.50736701  1.78907334  1.0342724  -0.29185854 -2.47720451  1.43098289
 -1.04394776 -3.04762114 -0.04720676  1.89751587 -2.70128433 -2.36816626
  1.87611879  1.02966598 -0.62617472 -0.49631323 -0.92140724  1.96405473
  0.47262259 -0.35622583  0.40183254 -2.26662905  1.26136569 -0.15330694
  2.40236159  1.2331957   2.87809217 -1.05733882  2.10171125 -0.42989465
 -3.26841208  2.20322034  0.8114711   1.92881056 -1.28919694  1.43910595
 -2.12172298  0.20898518  0.08303713 -2.79059095 -0.90191389 -2.39307478
  0.07227738 -0.5689862 ]
Sat May 25 18:28:08 2024,627,0.09593800644658576,[-4.65847399  2.36664241 -1.84106069 -0.12409694  0.18672549 -2.68765107
  3.01282997  2.10571256  1.45518703 -0.92536038  0.6123997   1.09170269
  1.13210058 -1.54196775  0.77712898  2.80621754 -0.79815511 -0.63691783
 -1.75472008  0.60195863  1.67657189  2.99185617 -1.20875801 -0.31571273
 -2.42357552 -2.33803679  2.99458173  2.76322737 -0.54433285 -2.36481341
  1.48280786 -0.05850823 -2.31787431  2.09556441  1.2895405  -0.63853938
  0.84777214 -2.31880679 -0.02589523  2.15332926 -0.16394237  0.3888667
  2.71395733  1.0462247   2.46285663  3.16174724  2.64140785 -2.93932938
  0.2653741  -0.81572884  1.75888662  2.86399361 -0.51095158 -2.31763452
  2.78736942 -3.21076724  0.79394307 -0.63487969 -1.74135987  2.69818435
 -1.80955118 -1.58813079 -2.30391429  2.18800739 -2.45128557  2.1355977
  2.07465226  1.53540755  2.38308448  2.80474827  1.64886103  1.20012698
 -1.51324499 -2.22927501  1.47130137  0.71194281  1.31361883 -3.01402323
 -0.37770268  2.51831701 -1.03585394  1.28752022  1.48329413  0.54455013
 -0.83302067  1.1151435   0.66824168 -0.3837004   2.80473736 -1.99307063
  1.5380461  -0.48681187  1.09033674 -2.849766   -2.45832383  0.45773145
 -1.1615051  -0.49457628  0.36531619 -0.11126707 -1.65032837 -0.04117026
 -0.85970555  2.81181067 -1.06239929 -1.38013473 -0.94883366  1.07796509
  1.85224677 -0.69616523  1.97232741 -2.19417574 -0.34727722 -0.73251677
 -2.89008136  3.16480337 -1.63194541  3.1352246  -1.26602504 -2.7084797
  3.36217174 -1.23322282 -0.77649652 -2.88407556 -2.71720589  2.54564128
 -2.13655209 -2.04712714 -0.18154929  3.14998823  0.24664252  0.21384978
 -1.25020301 -0.67764021 -1.73377021 -3.03025111  2.87032647  1.23551019
 -0.48570763 -2.18838462  1.10971127 -1.10585779 -0.49042529 -2.73954147
 -2.06516944  1.86554767 -0.87381267  2.62185245 -0.45419533 -2.6715135
 -2.82019536  2.26182955 -3.14423343 -0.44536855 -1.00234833 -0.24660747
  2.3475416   1.84025237  0.01820747 -2.55288702 -2.65892158  0.24436987
 -0.76666235  1.24524133 -2.62771076  1.12505284 -0.38397809  0.42076287
  1.91903321  0.4581185   0.65074891 -1.27156787  1.79161177  2.93982453
  0.99593901  0.22180284 -1.14181233  2.4227875   0.72674041 -1.90977368
 -0.05037931  1.87092228  0.98664701 -1.08002931 -2.30130849  2.22238414
  2.00398652  1.92832382  2.29723335  1.91578698 -1.66121745 -3.10389856
  0.42852335  1.34475839 -2.26275471 -1.12583509  2.31183685  1.39294655
 -0.27195637 -1.84442263 -1.6482368   1.96528135  1.30723889 -1.01188307
 -0.23075489 -0.69309127 -0.30339068  2.30246054 -0.66193871 -0.9353431
  0.77591008 -2.35268959  0.59026931  2.78422895 -0.35242991  2.0472275
 -1.86126431 -1.35336581 -2.59736792 -2.42273034 -1.50153059 -3.02896621
  2.01620149  1.78191074  1.58151685  1.12533464  1.58819413 -2.44421593
 -2.50736703  1.78907331  1.03427237 -0.29185851 -2.47720454  1.43098286
 -1.04394773 -3.04762111 -0.04720679  1.89751584 -2.70128436 -2.36816623
  1.87611876  1.02966595 -0.62617475 -0.49631326 -0.92140727  1.96405476
  0.47262262 -0.35622586  0.40183257 -2.26662908  1.26136566 -0.15330697
  2.40236156  1.23319573  2.8780922  -1.05733879  2.10171123 -0.42989462
 -3.26841211  2.20322031  0.81147107  1.92881053 -1.28919691  1.43910598
 -2.12172295  0.20898515  0.08303716 -2.79059093 -0.90191392 -2.39307481
  0.07227741 -0.56898617]
Sat May 25 18:28:47 2024,628,0.09593800644491624,[-4.65847402  2.36664239 -1.84106071 -0.12409691  0.18672551 -2.6876511
  3.01282994  2.10571259  1.455187   -0.92536035  0.61239967  1.09170272
  1.13210061 -1.54196778  0.77712896  2.80621751 -0.79815514 -0.63691786
 -1.75472005  0.6019586   1.67657192  2.99185614 -1.20875798 -0.3157127
 -2.42357549 -2.33803682  2.9945817   2.7632274  -0.54433282 -2.36481344
  1.48280783 -0.0585082  -2.31787434  2.09556444  1.28954047 -0.63853941
  0.84777217 -2.31880676 -0.02589526  2.15332929 -0.16394234  0.38886673
  2.71395736  1.04622473  2.46285666  3.16174721  2.64140787 -2.93932935
  0.26537407 -0.81572887  1.75888659  2.86399364 -0.51095161 -2.31763455
  2.78736945 -3.21076727  0.79394304 -0.63487972 -1.74135984  2.69818432
 -1.80955121 -1.58813082 -2.30391426  2.18800736 -2.45128554  2.13559767
  2.07465223  1.53540758  2.38308445  2.8047483   1.64886106  1.20012701
 -1.51324496 -2.22927504  1.4713014   0.71194283  1.31361886 -3.01402326
 -0.37770271  2.51831698 -1.03585391  1.28752019  1.48329416  0.5445501
 -0.8330207   1.11514353  0.66824171 -0.38370037  2.80473739 -1.9930706
  1.53804607 -0.48681185  1.09033671 -2.84976603 -2.4583238   0.45773148
 -1.16150507 -0.49457625  0.36531622 -0.11126705 -1.6503284  -0.04117023
 -0.85970552  2.8118107  -1.06239932 -1.38013476 -0.94883369  1.07796507
  1.85224674 -0.6961652   1.97232744 -2.19417576 -0.34727725 -0.73251675
 -2.89008139  3.1648034  -1.63194538  3.13522457 -1.26602507 -2.70847973
  3.36217177 -1.23322285 -0.77649649 -2.88407559 -2.71720586  2.54564131
 -2.13655206 -2.04712717 -0.18154926  3.1499882   0.2466425   0.21384976
 -1.25020304 -0.67764018 -1.73377018 -3.03025108  2.8703265   1.23551022
 -0.48570766 -2.18838465  1.10971124 -1.10585782 -0.49042526 -2.7395415
 -2.06516941  1.86554764 -0.87381265  2.62185248 -0.45419535 -2.67151352
 -2.82019539  2.26182952 -3.14423346 -0.44536858 -1.0023483  -0.2466075
  2.34754157  1.8402524   0.01820744 -2.55288705 -2.6589216   0.24436984
 -0.76666233  1.2452413  -2.62771079  1.12505281 -0.38397806  0.4207629
  1.91903318  0.45811847  0.65074894 -1.2715679   1.79161174  2.93982456
  0.99593898  0.22180287 -1.14181236  2.42278753  0.72674044 -1.90977371
 -0.05037928  1.87092226  0.98664704 -1.08002934 -2.30130851  2.22238417
  2.00398649  1.92832379  2.29723338  1.91578701 -1.66121747 -3.10389859
  0.42852332  1.34475836 -2.26275468 -1.12583512  2.31183682  1.39294652
 -0.2719564  -1.84442266 -1.64823677  1.96528137  1.30723886 -1.01188304
 -0.23075487 -0.6930913  -0.30339071  2.30246051 -0.66193868 -0.93534307
  0.77591005 -2.35268956  0.59026934  2.78422898 -0.35242994  2.04722747
 -1.86126434 -1.35336584 -2.59736789 -2.42273036 -1.50153056 -3.02896624
  2.01620152  1.78191077  1.58151688  1.12533461  1.58819416 -2.44421591
 -2.50736701  1.78907334  1.0342724  -0.29185854 -2.47720451  1.43098289
 -1.0439477  -3.04762108 -0.04720682  1.89751587 -2.70128439 -2.3681662
  1.87611873  1.02966593 -0.62617478 -0.49631329 -0.9214073   1.96405479
  0.47262259 -0.35622589  0.40183254 -2.26662911  1.26136569 -0.153307
  2.40236159  1.23319576  2.87809223 -1.05733877  2.1017112  -0.42989464
 -3.26841214  2.20322029  0.81147104  1.92881056 -1.28919694  1.43910601
 -2.12172298  0.20898518  0.08303718 -2.79059095 -0.90191395 -2.39307484
  0.07227744 -0.56898614]
Sat May 25 18:29:11 2024,629,0.09593800644326242,[-4.65847405  2.36664241 -1.84106074 -0.12409694  0.18672554 -2.68765107
  3.01282991  2.10571256  1.45518703 -0.92536038  0.6123997   1.09170269
  1.13210058 -1.54196775  0.77712898  2.80621748 -0.79815516 -0.63691788
 -1.75472002  0.60195857  1.67657189  2.99185612 -1.20875795 -0.31571268
 -2.42357552 -2.33803679  2.99458167  2.76322743 -0.54433285 -2.36481341
  1.48280786 -0.05850823 -2.31787437  2.09556441  1.28954044 -0.63853944
  0.84777214 -2.31880679 -0.02589529  2.15332932 -0.16394232  0.3888667
  2.71395739  1.0462247   2.46285663  3.16174724  2.6414079  -2.93932938
  0.2653741  -0.81572885  1.75888662  2.86399367 -0.51095158 -2.31763458
  2.78736942 -3.21076729  0.79394307 -0.63487969 -1.74135981  2.69818429
 -1.80955124 -1.58813084 -2.30391423  2.18800733 -2.45128551  2.1355977
  2.07465226  1.53540761  2.38308442  2.80474827  1.64886103  1.20012704
 -1.51324499 -2.22927501  1.47130143  0.71194286  1.31361883 -3.01402329
 -0.37770268  2.51831695 -1.03585388  1.28752017  1.48329413  0.54455007
 -0.83302067  1.11514356  0.66824168 -0.38370034  2.80473742 -1.99307063
  1.53804604 -0.48681187  1.09033674 -2.849766   -2.45832378  0.45773151
 -1.16150504 -0.49457628  0.36531625 -0.11126707 -1.65032843 -0.0411702
 -0.85970555  2.81181067 -1.06239935 -1.38013473 -0.94883366  1.07796509
  1.85224677 -0.69616517  1.97232741 -2.19417574 -0.34727722 -0.73251672
 -2.89008136  3.16480337 -1.63194535  3.1352246  -1.26602504 -2.70847976
  3.3621718  -1.23322287 -0.77649652 -2.88407556 -2.71720584  2.54564134
 -2.13655209 -2.0471272  -0.18154923  3.14998817  0.24664252  0.21384978
 -1.25020307 -0.67764021 -1.73377021 -3.03025111  2.87032653  1.23551025
 -0.48570763 -2.18838468  1.10971127 -1.10585779 -0.49042523 -2.73954147
 -2.06516938  1.86554761 -0.87381267  2.62185251 -0.45419533 -2.67151355
 -2.82019542  2.26182949 -3.14423343 -0.44536855 -1.00234827 -0.24660753
  2.3475416   1.84025243  0.01820747 -2.55288702 -2.65892163  0.24436981
 -0.7666623   1.24524127 -2.62771082  1.12505279 -0.38397809  0.42076292
  1.91903315  0.45811849  0.65074896 -1.27156787  1.79161176  2.93982459
  0.99593895  0.2218029  -1.14181239  2.4227875   0.72674047 -1.90977374
 -0.05037931  1.87092228  0.98664701 -1.08002936 -2.30130854  2.2223842
  2.00398646  1.92832377  2.29723341  1.91578698 -1.6612175  -3.10389856
  0.42852329  1.34475833 -2.26275466 -1.12583514  2.31183685  1.39294655
 -0.27195643 -1.84442269 -1.6482368   1.9652814   1.30723889 -1.01188302
 -0.23075489 -0.69309133 -0.30339074  2.30246054 -0.66193871 -0.93534304
  0.77591002 -2.35268953  0.59026931  2.78422901 -0.35242991  2.04722744
 -1.86126431 -1.35336587 -2.59736792 -2.42273039 -1.50153054 -3.02896621
  2.01620155  1.7819108   1.58151691  1.12533458  1.58819419 -2.44421588
 -2.50736703  1.78907337  1.03427237 -0.29185857 -2.47720454  1.43098286
 -1.04394767 -3.04762111 -0.04720685  1.8975159  -2.70128442 -2.36816618
  1.8761187   1.0296659  -0.62617475 -0.49631332 -0.92140733  1.96405476
  0.47262256 -0.35622592  0.40183251 -2.26662913  1.26136572 -0.15330703
  2.40236156  1.23319573  2.8780922  -1.05733879  2.10171122 -0.42989462
 -3.26841211  2.20322031  0.81147101  1.92881053 -1.28919691  1.43910604
 -2.12172295  0.20898515  0.08303716 -2.79059098 -0.90191392 -2.39307487
  0.07227741 -0.56898617]
Sat May 25 18:29:54 2024,630,0.09593800644162342,[-4.65847408  2.36664244 -1.84106077 -0.12409697  0.18672551 -2.68765104
  3.01282988  2.10571253  1.45518706 -0.92536035  0.61239973  1.09170272
  1.13210055 -1.54196772  0.77712901  2.80621751 -0.79815519 -0.63691786
 -1.75471999  0.60195855  1.67657186  2.99185614 -1.20875792 -0.31571265
 -2.42357549 -2.33803677  2.99458164  2.7632274  -0.54433282 -2.36481338
  1.48280789 -0.0585082  -2.3178744   2.09556439  1.28954047 -0.63853947
  0.84777212 -2.31880676 -0.02589526  2.15332929 -0.16394229  0.38886673
  2.71395741  1.04622467  2.4628566   3.16174726  2.64140787 -2.93932935
  0.26537407 -0.81572882  1.75888665  2.8639937  -0.51095156 -2.31763461
  2.78736945 -3.21076727  0.7939431  -0.63487972 -1.74135978  2.69818432
 -1.80955121 -1.58813082 -2.30391426  2.1880073  -2.45128548  2.13559773
  2.07465229  1.53540758  2.38308439  2.8047483   1.64886106  1.20012701
 -1.51324502 -2.22927498  1.47130146  0.71194284  1.31361886 -3.01402326
 -0.37770265  2.51831698 -1.03585385  1.28752014  1.4832941   0.5445501
 -0.8330207   1.11514353  0.66824165 -0.38370037  2.80473745 -1.9930706
  1.53804601 -0.4868119   1.09033671 -2.84976603 -2.4583238   0.45773148
 -1.16150501 -0.49457625  0.36531622 -0.11126705 -1.65032846 -0.04117017
 -0.85970558  2.81181064 -1.06239938 -1.38013476 -0.94883363  1.07796507
  1.85224674 -0.69616514  1.97232744 -2.19417571 -0.34727725 -0.73251669
 -2.89008139  3.1648034  -1.63194532  3.13522463 -1.26602502 -2.70847978
  3.36217183 -1.23322285 -0.77649655 -2.88407553 -2.71720586  2.54564131
 -2.13655206 -2.04712723 -0.18154926  3.1499882   0.24664255  0.21384981
 -1.25020304 -0.67764019 -1.73377018 -3.03025113  2.87032656  1.23551028
 -0.4857076  -2.18838465  1.1097113  -1.10585776 -0.49042521 -2.7395415
 -2.06516941  1.86554758 -0.8738127   2.62185254 -0.45419535 -2.67151352
 -2.82019539  2.26182952 -3.14423346 -0.44536858 -1.0023483  -0.24660756
  2.34754163  1.8402524   0.01820744 -2.55288699 -2.6589216   0.24436979
 -0.76666232  1.2452413  -2.62771084  1.12505281 -0.38397812  0.42076295
  1.91903318  0.45811852  0.65074894 -1.27156784  1.79161179  2.93982456
  0.99593892  0.22180293 -1.14181242  2.42278753  0.7267405  -1.90977377
 -0.05037934  1.87092231  0.98664699 -1.08002939 -2.30130851  2.22238417
  2.00398643  1.92832374  2.29723338  1.91578695 -1.66121747 -3.10389853
  0.42852332  1.34475831 -2.26275468 -1.12583512  2.31183682  1.39294652
 -0.27195645 -1.84442271 -1.64823683  1.96528138  1.30723886 -1.01188304
 -0.23075487 -0.6930913  -0.30339071  2.30246051 -0.66193868 -0.93534307
  0.77591005 -2.35268956  0.59026934  2.78422903 -0.35242988  2.04722747
 -1.86126428 -1.35336589 -2.59736789 -2.42273042 -1.50153056 -3.02896624
  2.01620152  1.78191083  1.58151688  1.12533455  1.58819416 -2.4442159
 -2.50736701  1.78907334  1.03427234 -0.2918586  -2.47720451  1.43098289
 -1.0439477  -3.04762114 -0.04720682  1.89751587 -2.70128445 -2.36816615
  1.87611868  1.02966593 -0.62617478 -0.49631329 -0.92140736  1.96405479
  0.47262253 -0.35622594  0.40183254 -2.26662916  1.26136575 -0.153307
  2.40236159  1.2331957   2.87809217 -1.05733877  2.1017112  -0.42989459
 -3.26841208  2.20322034  0.81147098  1.92881056 -1.28919688  1.43910601
 -2.12172292  0.20898518  0.08303718 -2.79059101 -0.90191395 -2.3930749
  0.07227738 -0.56898615]
Sat May 25 18:30:17 2024,631,0.09593800643999893,[-4.65847411  2.36664247 -1.8410608  -0.124097    0.18672554 -2.68765101
  3.01282991  2.10571256  1.45518708 -0.92536038  0.6123997   1.09170275
  1.13210052 -1.54196769  0.77712904  2.80621748 -0.79815522 -0.63691783
 -1.75472002  0.60195857  1.67657183  2.99185612 -1.20875795 -0.31571267
 -2.42357552 -2.33803679  2.99458161  2.76322743 -0.54433279 -2.36481335
  1.48280786 -0.05850817 -2.31787443  2.09556436  1.28954049 -0.6385395
  0.84777209 -2.31880673 -0.02589529  2.15332932 -0.16394226  0.3888667
  2.71395744  1.0462247   2.46285657  3.16174724  2.64140785 -2.93932932
  0.2653741  -0.81572879  1.75888668  2.86399372 -0.51095153 -2.31763464
  2.78736948 -3.21076729  0.79394313 -0.63487974 -1.74135975  2.69818429
 -1.80955124 -1.58813079 -2.30391429  2.18800733 -2.45128545  2.13559776
  2.07465232  1.53540755  2.38308442  2.80474827  1.64886103  1.20012698
 -1.51324504 -2.22927496  1.47130149  0.71194281  1.31361883 -3.01402329
 -0.37770268  2.51831701 -1.03585388  1.28752017  1.48329408  0.54455007
 -0.83302073  1.11514356  0.66824168 -0.3837004   2.80473748 -1.99307063
  1.53804599 -0.48681187  1.09033674 -2.849766   -2.45832383  0.45773151
 -1.16150504 -0.49457622  0.36531625 -0.11126702 -1.65032848 -0.04117014
 -0.85970555  2.81181061 -1.06239935 -1.38013479 -0.94883366  1.07796509
  1.85224677 -0.69616517  1.97232746 -2.19417568 -0.34727722 -0.73251666
 -2.89008136  3.16480343 -1.63194535  3.13522466 -1.26602504 -2.70847976
  3.36217186 -1.23322287 -0.77649658 -2.88407551 -2.71720584  2.54564134
 -2.13655209 -2.0471272  -0.18154923  3.14998823  0.24664252  0.21384978
 -1.25020307 -0.67764021 -1.73377015 -3.03025116  2.87032653  1.23551025
 -0.48570757 -2.18838462  1.10971133 -1.10585773 -0.49042518 -2.73954152
 -2.06516938  1.86554755 -0.87381273  2.62185251 -0.45419533 -2.6715135
 -2.82019537  2.26182949 -3.14423349 -0.44536861 -1.00234833 -0.24660753
  2.34754166  1.84025243  0.01820747 -2.55288702 -2.65892163  0.24436976
 -0.76666235  1.24524133 -2.62771087  1.12505279 -0.38397809  0.42076292
  1.91903315  0.4581185   0.65074891 -1.27156781  1.79161182  2.93982459
  0.99593895  0.22180296 -1.14181244  2.42278756  0.72674047 -1.90977374
 -0.05037936  1.87092228  0.98664696 -1.08002942 -2.30130849  2.22238414
  2.00398646  1.92832377  2.29723341  1.91578698 -1.6612175  -3.10389851
  0.42852329  1.34475833 -2.26275466 -1.12583514  2.31183685  1.39294655
 -0.27195643 -1.84442274 -1.64823686  1.96528135  1.30723889 -1.01188307
 -0.23075484 -0.69309127 -0.30339068  2.30246054 -0.66193871 -0.9353431
  0.77591008 -2.35268953  0.59026931  2.78422901 -0.35242985  2.04722744
 -1.86126425 -1.35336592 -2.59736787 -2.42273039 -1.50153054 -3.02896621
  2.0162015   1.7819108   1.58151685  1.12533452  1.58819413 -2.44421593
 -2.50736698  1.78907337  1.03427237 -0.29185857 -2.47720454  1.43098292
 -1.04394773 -3.04762111 -0.04720685  1.8975159  -2.70128442 -2.36816618
  1.8761187   1.02966595 -0.62617475 -0.49631326 -0.92140738  1.96405482
  0.4726225  -0.35622597  0.40183257 -2.26662919  1.26136572 -0.15330697
  2.40236156  1.23319567  2.8780922  -1.05733874  2.10171122 -0.42989462
 -3.26841205  2.20322031  0.81147101  1.92881058 -1.28919691  1.43910599
 -2.12172295  0.20898515  0.08303721 -2.79059104 -0.90191398 -2.39307493
  0.07227735 -0.56898617]
Sat May 25 18:30:45 2024,632,0.09593800643838897,[-4.65847414  2.3666425  -1.84106077 -0.12409702  0.18672552 -2.68765098
  3.01282994  2.10571253  1.45518706 -0.9253604   0.61239973  1.09170272
  1.13210049 -1.54196766  0.77712901  2.80621751 -0.79815525 -0.6369178
 -1.75472005  0.60195855  1.6765718   2.99185614 -1.20875792 -0.31571265
 -2.42357555 -2.33803682  2.99458164  2.7632274  -0.54433276 -2.36481333
  1.48280783 -0.0585082  -2.3178744   2.09556433  1.28954047 -0.63853947
  0.84777211 -2.31880676 -0.02589532  2.15332935 -0.16394223  0.38886667
  2.71395747  1.04622467  2.4628566   3.16174726  2.64140787 -2.93932935
  0.26537408 -0.81572882  1.75888671  2.8639937  -0.51095156 -2.31763461
  2.78736945 -3.21076727  0.79394316 -0.63487977 -1.74135978  2.69818426
 -1.80955121 -1.58813076 -2.30391432  2.1880073  -2.45128543  2.13559778
  2.07465229  1.53540758  2.38308439  2.80474824  1.648861    1.20012696
 -1.51324507 -2.22927498  1.47130152  0.71194283  1.3136188  -3.01402326
 -0.37770265  2.51831698 -1.03585391  1.28752014  1.48329405  0.54455004
 -0.83302075  1.11514358  0.66824171 -0.38370037  2.80473751 -1.99307065
  1.53804601 -0.48681185  1.09033671 -2.84976597 -2.4583238   0.45773148
 -1.16150507 -0.49457619  0.36531627 -0.11126705 -1.65032851 -0.04117011
 -0.85970558  2.81181064 -1.06239938 -1.38013482 -0.94883363  1.07796507
  1.85224674 -0.6961652   1.97232749 -2.19417571 -0.34727719 -0.73251669
 -2.89008133  3.16480346 -1.63194532  3.13522468 -1.26602507 -2.70847978
  3.36217189 -1.23322285 -0.77649655 -2.88407553 -2.71720581  2.54564137
 -2.13655206 -2.04712723 -0.18154926  3.14998826  0.2466425   0.21384976
 -1.25020309 -0.67764019 -1.73377018 -3.03025119  2.8703265   1.23551028
 -0.4857076  -2.18838459  1.10971136 -1.10585776 -0.49042515 -2.7395415
 -2.06516935  1.86554758 -0.8738127   2.62185254 -0.45419535 -2.67151347
 -2.82019539  2.26182946 -3.14423346 -0.44536858 -1.00234836 -0.2466075
  2.34754169  1.8402524   0.01820749 -2.55288705 -2.65892166  0.24436979
 -0.76666233  1.24524136 -2.6277109   1.12505276 -0.38397812  0.4207629
  1.91903318  0.45811852  0.65074888 -1.27156784  1.79161185  2.93982462
  0.99593898  0.22180293 -1.14181247  2.42278759  0.7267405  -1.90977376
 -0.05037934  1.87092231  0.98664693 -1.08002939 -2.30130846  2.22238417
  2.00398649  1.92832374  2.29723338  1.91578695 -1.66121753 -3.10389848
  0.42852332  1.34475836 -2.26275468 -1.12583517  2.31183682  1.39294658
 -0.27195645 -1.84442277 -1.64823683  1.96528132  1.30723886 -1.01188304
 -0.23075481 -0.69309125 -0.30339071  2.30246057 -0.66193874 -0.93534307
  0.77591011 -2.3526895   0.59026928  2.78422903 -0.35242988  2.04722741
 -1.86126423 -1.35336595 -2.59736784 -2.42273037 -1.50153056 -3.02896618
  2.01620152  1.78191083  1.58151683  1.12533455  1.58819416 -2.44421591
 -2.50736695  1.7890734   1.0342724  -0.29185854 -2.47720457  1.43098289
 -1.04394775 -3.04762114 -0.04720688  1.89751587 -2.70128445 -2.36816615
  1.87611873  1.02966598 -0.62617472 -0.49631329 -0.92140741  1.96405479
  0.47262253 -0.356226    0.4018326  -2.26662916  1.26136575 -0.153307
  2.40236153  1.23319564  2.87809217 -1.05733871  2.10171125 -0.42989464
 -3.26841203  2.20322034  0.81147104  1.92881056 -1.28919694  1.43910601
 -2.12172292  0.20898513  0.08303724 -2.79059107 -0.901914   -2.3930749
  0.07227738 -0.5689862 ]
Sat May 25 18:31:11 2024,633,0.09593800643679311,[-4.65847416  2.36664247 -1.84106074 -0.12409705  0.18672554 -2.68765095
  3.01282991  2.10571256  1.45518708 -0.92536038  0.61239975  1.09170269
  1.13210047 -1.54196764  0.77712899  2.80621754 -0.79815528 -0.63691777
 -1.75472008  0.60195852  1.67657178  2.99185617 -1.20875795 -0.31571267
 -2.42357552 -2.33803679  2.99458167  2.76322737 -0.54433273 -2.36481335
  1.48280781 -0.05850823 -2.31787437  2.09556436  1.28954044 -0.6385395
  0.84777214 -2.31880673 -0.02589535  2.15332937 -0.1639422   0.3888667
  2.71395744  1.0462247   2.46285657  3.16174729  2.6414079  -2.93932938
  0.26537405 -0.81572879  1.75888673  2.86399367 -0.51095158 -2.31763464
  2.78736942 -3.21076729  0.79394313 -0.63487975 -1.74135981  2.69818429
 -1.80955119 -1.58813079 -2.30391429  2.18800733 -2.4512854   2.13559776
  2.07465226  1.53540755  2.38308436  2.80474821  1.64886103  1.20012698
 -1.5132451  -2.22927496  1.47130149  0.71194286  1.31361883 -3.01402329
 -0.37770268  2.51831701 -1.03585388  1.28752017  1.48329402  0.54455002
 -0.83302073  1.11514361  0.66824168 -0.3837004   2.80473748 -1.99307063
  1.53804604 -0.48681182  1.09033668 -2.849766   -2.45832378  0.45773145
 -1.16150504 -0.49457622  0.36531625 -0.11126702 -1.65032848 -0.04117009
 -0.85970555  2.81181061 -1.06239935 -1.38013485 -0.94883361  1.07796504
  1.85224672 -0.69616522  1.97232752 -2.19417568 -0.34727722 -0.73251672
 -2.8900813   3.16480348 -1.63194529  3.13522471 -1.2660251  -2.70847981
  3.36217186 -1.23322287 -0.77649658 -2.88407551 -2.71720578  2.54564139
 -2.13655204 -2.04712725 -0.18154929  3.14998823  0.24664247  0.21384973
 -1.25020307 -0.67764021 -1.73377021 -3.03025116  2.87032647  1.23551025
 -0.48570757 -2.18838462  1.10971133 -1.10585773 -0.49042512 -2.73954152
 -2.06516938  1.86554761 -0.87381273  2.62185251 -0.45419533 -2.6715135
 -2.82019537  2.26182943 -3.14423349 -0.44536855 -1.00234838 -0.24660747
  2.34754171  1.84025243  0.01820747 -2.55288702 -2.65892163  0.24436981
 -0.7666623   1.24524133 -2.62771093  1.12505273 -0.38397809  0.42076292
  1.91903315  0.4581185   0.65074885 -1.27156787  1.79161182  2.93982465
  0.995939    0.22180296 -1.14181245  2.42278756  0.72674053 -1.90977374
 -0.05037931  1.87092234  0.98664696 -1.08002937 -2.30130843  2.22238419
  2.00398646  1.92832371  2.29723341  1.91578698 -1.6612175  -3.10389851
  0.42852329  1.34475839 -2.26275471 -1.1258352   2.31183685  1.39294661
 -0.27195643 -1.8444228  -1.6482368   1.96528129  1.30723889 -1.01188302
 -0.23075478 -0.69309127 -0.30339068  2.3024606  -0.66193871 -0.9353431
  0.77591008 -2.35268953  0.59026931  2.78422901 -0.35242991  2.04722744
 -1.86126425 -1.35336598 -2.59736787 -2.42273039 -1.50153054 -3.02896621
  2.01620155  1.78191086  1.58151685  1.12533458  1.58819419 -2.44421593
 -2.50736698  1.78907342  1.03427243 -0.29185857 -2.47720454  1.43098292
 -1.04394773 -3.04762111 -0.04720685  1.8975159  -2.70128448 -2.36816618
  1.87611876  1.02966595 -0.62617475 -0.49631326 -0.92140744  1.96405482
  0.47262251 -0.35622597  0.40183257 -2.26662914  1.26136572 -0.15330703
  2.40236151  1.23319567  2.87809214 -1.05733874  2.10171128 -0.42989462
 -3.268412    2.20322037  0.81147101  1.92881053 -1.28919696  1.43910604
 -2.12172289  0.2089851   0.08303727 -2.79059104 -0.90191403 -2.39307493
  0.07227741 -0.56898623]
Sat May 25 18:31:35 2024,634,0.09593800643521125,[-4.65847419  2.3666425  -1.84106077 -0.12409702  0.18672557 -2.68765098
  3.01282993  2.10571253  1.45518706 -0.92536035  0.61239978  1.09170267
  1.13210049 -1.54196766  0.77712896  2.80621751 -0.7981553  -0.63691774
 -1.7547201   0.60195855  1.6765718   2.99185614 -1.20875798 -0.3157127
 -2.42357555 -2.33803677  2.9945817   2.7632274  -0.54433276 -2.36481333
  1.48280783 -0.0585082  -2.31787435  2.09556438  1.28954041 -0.63853953
  0.84777217 -2.3188067  -0.02589532  2.15332935 -0.16394218  0.38886667
  2.71395742  1.04622467  2.4628566   3.16174732  2.64140793 -2.9393294
  0.26537402 -0.81572882  1.75888676  2.8639937  -0.51095161 -2.31763461
  2.78736939 -3.21076732  0.79394316 -0.63487977 -1.74135978  2.69818426
 -1.80955121 -1.58813076 -2.30391426  2.18800736 -2.45128537  2.13559778
  2.07465224  1.53540758  2.38308439  2.80474819  1.648861    1.20012696
 -1.51324507 -2.22927498  1.47130152  0.71194284  1.3136188  -3.01402332
 -0.37770271  2.51831704 -1.03585391  1.28752014  1.48329405  0.54455004
 -0.8330207   1.11514358  0.66824171 -0.38370037  2.80473745 -1.99307065
  1.53804607 -0.48681179  1.09033671 -2.84976597 -2.45832375  0.45773143
 -1.16150501 -0.49457625  0.36531622 -0.11126699 -1.65032851 -0.04117006
 -0.85970558  2.81181064 -1.06239932 -1.38013482 -0.94883358  1.07796507
  1.85224669 -0.69616525  1.97232749 -2.19417565 -0.34727719 -0.73251669
 -2.89008128  3.16480351 -1.63194527  3.13522468 -1.26602513 -2.70847978
  3.36217183 -1.2332229  -0.77649655 -2.88407553 -2.71720581  2.54564142
 -2.13655206 -2.04712723 -0.18154932  3.14998826  0.2466425   0.21384976
 -1.25020309 -0.67764024 -1.73377018 -3.03025113  2.87032645  1.23551028
 -0.48570754 -2.18838465  1.10971136 -1.1058577  -0.49042515 -2.73954155
 -2.0651694   1.86554764 -0.8738127   2.62185254 -0.45419535 -2.67151347
 -2.82019539  2.26182946 -3.14423346 -0.44536858 -1.00234841 -0.2466075
  2.34754174  1.84025245  0.01820749 -2.55288699 -2.65892166  0.24436984
 -0.76666227  1.2452413  -2.6277109   1.1250527  -0.38397812  0.4207629
  1.91903313  0.45811847  0.65074882 -1.2715679   1.79161179  2.93982468
  0.99593898  0.22180298 -1.14181242  2.42278759  0.7267405  -1.90977376
 -0.05037928  1.87092231  0.98664693 -1.08002934 -2.30130846  2.22238417
  2.00398643  1.92832374  2.29723343  1.91578701 -1.66121753 -3.10389853
  0.42852326  1.34475842 -2.26275468 -1.12583523  2.31183688  1.39294658
 -0.27195645 -1.84442283 -1.64823677  1.96528132  1.30723886 -1.01188299
 -0.23075481 -0.6930913  -0.30339071  2.30246063 -0.66193868 -0.93534312
  0.77591005 -2.35268956  0.59026928  2.78422903 -0.35242993  2.04722747
 -1.86126423 -1.35336601 -2.59736789 -2.42273042 -1.50153056 -3.02896618
  2.01620158  1.78191083  1.58151683  1.12533461  1.58819421 -2.44421591
 -2.50736695  1.78907345  1.0342724  -0.2918586  -2.47720451  1.43098295
 -1.04394775 -3.04762108 -0.04720688  1.89751593 -2.70128445 -2.3681662
  1.87611879  1.02966593 -0.62617478 -0.49631323 -0.92140747  1.96405485
  0.47262248 -0.35622595  0.40183254 -2.26662916  1.26136569 -0.153307
  2.40236153  1.2331957   2.87809217 -1.05733871  2.10171131 -0.42989459
 -3.26841197  2.20322034  0.81147098  1.92881056 -1.28919694  1.43910607
 -2.12172286  0.20898513  0.08303724 -2.79059107 -0.90191406 -2.39307496
  0.07227744 -0.5689862 ]
Sat May 25 18:32:05 2024,635,0.09593800643364322,[-4.65847422  2.36664247 -1.84106074 -0.124097    0.1867256  -2.68765101
  3.01282991  2.10571251  1.45518708 -0.92536032  0.61239975  1.09170269
  1.13210052 -1.54196764  0.77712899  2.80621754 -0.79815528 -0.63691777
 -1.75472013  0.60195857  1.67657178  2.99185617 -1.208758   -0.31571273
 -2.42357558 -2.33803679  2.99458173  2.76322743 -0.54433273 -2.36481335
  1.48280786 -0.05850817 -2.31787437  2.09556441  1.28954044 -0.63853955
  0.8477722  -2.31880668 -0.02589529  2.15332932 -0.16394215  0.38886664
  2.71395744  1.04622464  2.46285663  3.16174735  2.6414079  -2.93932938
  0.26537399 -0.81572879  1.75888673  2.86399367 -0.51095158 -2.31763458
  2.78736942 -3.21076729  0.79394318 -0.63487975 -1.74135981  2.69818429
 -1.80955124 -1.58813079 -2.30391429  2.18800739 -2.4512854   2.13559776
  2.07465221  1.53540755  2.38308442  2.80474816  1.64886103  1.20012698
 -1.5132451  -2.22927496  1.47130154  0.71194281  1.31361883 -3.01402329
 -0.37770274  2.51831706 -1.03585393  1.28752011  1.48329402  0.54455002
 -0.83302073  1.11514361  0.66824168 -0.3837004   2.80473748 -1.99307063
  1.5380461  -0.48681176  1.09033673 -2.849766   -2.45832378  0.4577314
 -1.16150499 -0.49457627  0.36531619 -0.11126696 -1.65032848 -0.04117003
 -0.85970561  2.81181067 -1.06239935 -1.38013479 -0.94883355  1.07796509
  1.85224666 -0.69616522  1.97232746 -2.19417568 -0.34727722 -0.73251672
 -2.8900813   3.16480348 -1.63194529  3.13522466 -1.26602515 -2.70847981
  3.36217186 -1.23322287 -0.77649652 -2.88407556 -2.71720584  2.54564145
 -2.13655209 -2.0471272  -0.18154934  3.14998829  0.24664247  0.21384978
 -1.25020307 -0.67764021 -1.73377021 -3.03025111  2.87032647  1.23551025
 -0.48570752 -2.18838462  1.10971133 -1.10585773 -0.49042512 -2.73954152
 -2.06516938  1.86554761 -0.87381273  2.62185256 -0.45419533 -2.67151344
 -2.82019537  2.26182949 -3.14423349 -0.44536861 -1.00234844 -0.24660753
  2.34754177  1.84025243  0.01820747 -2.55288702 -2.65892163  0.24436981
 -0.7666623   1.24524133 -2.62771087  1.12505267 -0.38397809  0.42076287
  1.9190331   0.4581185   0.6507488  -1.27156787  1.79161182  2.9398247
  0.99593895  0.22180296 -1.14181239  2.42278756  0.72674047 -1.90977379
 -0.05037925  1.87092234  0.9866469  -1.08002937 -2.30130849  2.22238419
  2.00398641  1.92832376  2.29723346  1.91578698 -1.6612175  -3.10389851
  0.42852323  1.34475845 -2.26275471 -1.12583525  2.31183685  1.39294655
 -0.27195643 -1.84442285 -1.6482368   1.96528135  1.30723884 -1.01188302
 -0.23075484 -0.69309133 -0.30339068  2.30246065 -0.66193865 -0.93534315
  0.77591008 -2.35268953  0.59026925  2.78422906 -0.35242991  2.04722744
 -1.8612642  -1.35336603 -2.59736787 -2.42273045 -1.50153054 -3.02896621
  2.01620155  1.7819108   1.58151685  1.12533464  1.58819424 -2.44421593
 -2.50736698  1.78907342  1.03427237 -0.29185857 -2.47720449  1.43098297
 -1.04394773 -3.04762106 -0.04720685  1.8975159  -2.70128448 -2.36816623
  1.87611876  1.0296659  -0.6261748  -0.49631326 -0.9214075   1.96405487
  0.4726225  -0.35622597  0.40183251 -2.26662914  1.26136567 -0.15330697
  2.40236151  1.23319567  2.8780922  -1.05733868  2.10171134 -0.42989462
 -3.26841194  2.20322037  0.81147101  1.92881058 -1.28919696  1.43910604
 -2.12172289  0.2089851   0.08303721 -2.79059104 -0.90191403 -2.39307493
  0.07227746 -0.56898623]
Sat May 25 18:32:39 2024,636,0.09593800643208868,[-4.65847425  2.3666425  -1.84106077 -0.12409697  0.18672557 -2.68765098
  3.01282988  2.10571248  1.45518711 -0.92536035  0.61239973  1.09170267
  1.13210055 -1.54196761  0.77712901  2.80621751 -0.7981553  -0.63691774
 -1.7547201   0.60195855  1.6765718   2.99185614 -1.20875803 -0.3157127
 -2.4235756  -2.33803682  2.9945817   2.7632274  -0.54433276 -2.36481338
  1.48280789 -0.0585082  -2.3178744   2.09556444  1.28954041 -0.63853958
  0.84777217 -2.3188067  -0.02589526  2.15332929 -0.16394217  0.38886662
  2.71395742  1.04622462  2.4628566   3.16174737  2.64140793 -2.9393294
  0.26537397 -0.81572882  1.75888671  2.86399364 -0.51095156 -2.31763461
  2.78736945 -3.21076727  0.79394316 -0.63487972 -1.74135978  2.69818426
 -1.80955127 -1.58813076 -2.30391426  2.18800736 -2.45128537  2.13559778
  2.07465224  1.53540758  2.38308444  2.80474813  1.64886106  1.20012701
 -1.51324507 -2.22927493  1.47130152  0.71194283  1.31361886 -3.01402326
 -0.37770276  2.51831709 -1.03585391  1.28752014  1.48329399  0.54455004
 -0.83302075  1.11514364  0.66824171 -0.38370043  2.80473745 -1.99307065
  1.53804612 -0.48681179  1.09033676 -2.84976597 -2.4583238   0.45773137
 -1.16150501 -0.4945763   0.36531616 -0.11126699 -1.65032846 -0.04117006
 -0.85970558  2.81181069 -1.06239932 -1.38013482 -0.94883358  1.07796512
  1.85224669 -0.69616525  1.97232744 -2.19417571 -0.34727725 -0.73251669
 -2.89008128  3.16480346 -1.63194532  3.13522468 -1.26602518 -2.70847984
  3.36217183 -1.23322285 -0.7764965  -2.88407553 -2.71720586  2.54564142
 -2.13655212 -2.04712723 -0.18154932  3.14998831  0.2466425   0.21384976
 -1.25020304 -0.67764019 -1.73377023 -3.03025108  2.87032645  1.23551022
 -0.48570749 -2.18838459  1.10971136 -1.1058577  -0.49042515 -2.73954155
 -2.06516935  1.86554764 -0.8738127   2.62185254 -0.45419535 -2.67151347
 -2.82019534  2.26182946 -3.14423346 -0.44536858 -1.00234841 -0.2466075
  2.34754174  1.8402524   0.01820744 -2.55288705 -2.65892161  0.24436984
 -0.76666227  1.2452413  -2.62771085  1.12505265 -0.38397806  0.42076284
  1.91903307  0.45811852  0.65074882 -1.27156784  1.79161185  2.93982468
  0.99593892  0.22180293 -1.14181242  2.42278753  0.7267405  -1.90977382
 -0.05037928  1.87092231  0.98664693 -1.08002934 -2.30130851  2.22238417
  2.00398638  1.92832374  2.29723349  1.91578701 -1.66121748 -3.10389848
  0.42852326  1.34475847 -2.26275474 -1.12583528  2.31183682  1.39294652
 -0.2719564  -1.84442288 -1.64823683  1.96528137  1.30723886 -1.01188304
 -0.23075481 -0.69309136 -0.30339071  2.30246068 -0.66193863 -0.93534318
  0.77591011 -2.35268956  0.59026928  2.78422909 -0.35242993  2.04722747
 -1.86126417 -1.35336601 -2.59736784 -2.42273042 -1.50153051 -3.02896618
  2.01620158  1.78191083  1.58151683  1.12533466  1.58819421 -2.44421596
 -2.507367    1.7890734   1.0342724  -0.29185854 -2.47720446  1.430983
 -1.0439477  -3.04762103 -0.04720682  1.89751587 -2.70128445 -2.3681662
  1.87611879  1.02966587 -0.62617483 -0.49631329 -0.92140747  1.96405485
  0.47262253 -0.35622595  0.40183254 -2.26662916  1.26136564 -0.153307
  2.40236153  1.2331957   2.87809222 -1.05733871  2.10171131 -0.42989464
 -3.26841192  2.20322034  0.81147104  1.92881061 -1.28919694  1.43910607
 -2.12172286  0.20898513  0.08303724 -2.79059101 -0.901914   -2.39307496
  0.07227749 -0.5689862 ]
Sat May 25 18:33:03 2024,637,0.0959380064305479,[-4.65847427  2.36664253 -1.8410608  -0.12409694  0.18672554 -2.68765096
  3.01282991  2.1057125   1.45518714 -0.92536037  0.61239975  1.09170269
  1.13210058 -1.54196764  0.77712904  2.80621749 -0.79815528 -0.63691777
 -1.75472013  0.60195857  1.67657183  2.99185612 -1.20875806 -0.31571273
 -2.42357563 -2.33803685  2.99458167  2.76322737 -0.54433279 -2.36481341
  1.48280792 -0.05850823 -2.31787443  2.09556447  1.28954044 -0.63853961
  0.8477722  -2.31880673 -0.02589529  2.15332927 -0.1639422   0.38886659
  2.71395739  1.04622464  2.46285663  3.1617474   2.64140796 -2.93932938
  0.26537394 -0.81572884  1.75888673  2.86399361 -0.51095158 -2.31763458
  2.78736942 -3.21076729  0.79394318 -0.63487969 -1.74135975  2.69818424
 -1.80955129 -1.58813079 -2.30391429  2.18800739 -2.4512854   2.13559781
  2.07465221  1.5354076   2.38308442  2.80474816  1.64886103  1.20012704
 -1.5132451  -2.22927496  1.47130154  0.71194286  1.31361889 -3.01402323
 -0.37770274  2.51831706 -1.03585393  1.28752011  1.48329397  0.54455007
 -0.83302078  1.11514367  0.66824168 -0.3837004   2.80473742 -1.99307063
  1.5380461  -0.48681176  1.09033673 -2.849766   -2.45832383  0.4577314
 -1.16150504 -0.49457633  0.36531614 -0.11126702 -1.65032843 -0.04117003
 -0.85970561  2.81181072 -1.06239935 -1.38013485 -0.94883361  1.07796509
  1.85224672 -0.69616522  1.97232746 -2.19417573 -0.34727722 -0.73251672
 -2.8900813   3.16480348 -1.63194535  3.13522471 -1.26602515 -2.70847981
  3.36217186 -1.23322287 -0.77649647 -2.88407556 -2.71720584  2.54564139
 -2.13655215 -2.0471272  -0.18154929  3.14998834  0.24664252  0.21384973
 -1.25020307 -0.67764021 -1.73377021 -3.03025111  2.87032647  1.23551019
 -0.48570752 -2.18838457  1.10971138 -1.10585768 -0.49042512 -2.73954152
 -2.06516932  1.86554761 -0.87381268  2.62185251 -0.45419533 -2.6715135
 -2.82019537  2.26182944 -3.14423343 -0.44536855 -1.00234844 -0.24660753
  2.34754171  1.84025237  0.01820741 -2.55288702 -2.65892158  0.24436981
 -0.76666224  1.24524128 -2.62771082  1.12505267 -0.38397809  0.42076281
  1.91903304  0.4581185   0.6507488  -1.27156782  1.79161182  2.9398247
  0.99593889  0.22180296 -1.14181239  2.42278756  0.72674052 -1.90977379
 -0.05037925  1.87092234  0.98664696 -1.08002931 -2.30130854  2.22238419
  2.00398635  1.92832371  2.29723346  1.91578698 -1.66121745 -3.10389851
  0.42852329  1.34475845 -2.26275471 -1.12583525  2.31183685  1.3929465
 -0.27195643 -1.84442291 -1.64823685  1.96528135  1.30723884 -1.01188307
 -0.23075478 -0.69309138 -0.30339073  2.30246065 -0.66193865 -0.93534315
  0.77591013 -2.35268959  0.59026925  2.78422911 -0.35242991  2.04722749
 -1.8612642  -1.35336603 -2.59736781 -2.42273039 -1.50153048 -3.02896621
  2.01620155  1.7819108   1.5815168   1.12533469  1.58819424 -2.44421599
 -2.50736703  1.78907337  1.03427243 -0.29185857 -2.47720443  1.43098297
 -1.04394767 -3.047621   -0.0472068   1.8975159  -2.70128442 -2.36816623
  1.87611876  1.02966584 -0.62617486 -0.49631331 -0.9214075   1.96405482
  0.47262256 -0.35622592  0.40183257 -2.26662914  1.26136567 -0.15330703
  2.40236151  1.23319572  2.87809225 -1.05733874  2.10171128 -0.42989462
 -3.26841194  2.20322032  0.81147101  1.92881064 -1.28919696  1.4391061
 -2.12172289  0.20898515  0.08303727 -2.79059099 -0.90191403 -2.39307493
  0.07227746 -0.56898617]
Sat May 25 18:33:31 2024,638,0.09593800642901958,[-4.6584743   2.36664255 -1.84106083 -0.12409692  0.18672557 -2.68765093
  3.01282993  2.10571253  1.45518711 -0.9253604   0.61239978  1.09170272
  1.1321006  -1.54196761  0.77712901  2.80621746 -0.79815525 -0.63691775
 -1.75472016  0.6019586   1.6765718   2.99185614 -1.20875803 -0.31571276
 -2.4235756  -2.33803688  2.9945817   2.7632274  -0.54433276 -2.36481338
  1.48280794 -0.05850825 -2.31787445  2.09556444  1.28954041 -0.63853958
  0.84777222 -2.3188067  -0.02589526  2.15332929 -0.16394218  0.38886662
  2.71395736  1.04622467  2.46285665  3.16174743  2.64140798 -2.9393294
  0.26537391 -0.81572882  1.75888671  2.86399364 -0.51095161 -2.31763455
  2.78736945 -3.21076732  0.79394321 -0.63487972 -1.74135978  2.69818426
 -1.80955127 -1.58813076 -2.30391426  2.18800736 -2.45128537  2.13559784
  2.07465218  1.53540763  2.38308444  2.80474819  1.64886106  1.20012706
 -1.51324507 -2.22927498  1.47130152  0.71194289  1.31361886 -3.01402321
 -0.37770276  2.51831704 -1.03585396  1.28752014  1.48329399  0.54455004
 -0.83302081  1.11514364  0.66824165 -0.38370043  2.8047374  -1.99307065
  1.53804607 -0.48681174  1.09033671 -2.84976602 -2.4583238   0.45773143
 -1.16150501 -0.49457635  0.36531611 -0.11126699 -1.65032846 -0.04117006
 -0.85970558  2.81181075 -1.06239938 -1.38013482 -0.94883363  1.07796512
  1.85224669 -0.69616525  1.97232744 -2.19417571 -0.34727725 -0.73251669
 -2.89008128  3.16480346 -1.63194532  3.13522474 -1.26602513 -2.70847978
  3.36217189 -1.23322285 -0.77649644 -2.88407559 -2.71720581  2.54564137
 -2.13655217 -2.04712723 -0.18154932  3.14998831  0.24664255  0.21384976
 -1.25020304 -0.67764024 -1.73377018 -3.03025113  2.8703265   1.23551022
 -0.48570754 -2.18838454  1.10971141 -1.10585765 -0.49042509 -2.7395415
 -2.0651693   1.86554764 -0.87381265  2.62185254 -0.4541953  -2.67151347
 -2.82019539  2.26182946 -3.14423346 -0.44536858 -1.00234847 -0.2466075
  2.34754169  1.8402524   0.01820744 -2.55288699 -2.65892155  0.24436984
 -0.76666227  1.24524125 -2.62771079  1.1250527  -0.38397812  0.42076284
  1.91903307  0.45811847  0.65074877 -1.27156779  1.79161185  2.93982468
  0.99593887  0.22180293 -1.14181242  2.42278753  0.72674055 -1.90977382
 -0.05037928  1.87092237  0.98664693 -1.08002928 -2.30130857  2.22238422
  2.00398632  1.92832368  2.29723343  1.91578695 -1.66121748 -3.10389848
  0.42852331  1.34475842 -2.26275474 -1.12583523  2.31183682  1.39294652
 -0.27195645 -1.84442293 -1.64823688  1.96528137  1.30723886 -1.0118831
 -0.23075481 -0.69309141 -0.30339071  2.30246063 -0.66193868 -0.93534312
  0.77591011 -2.35268961  0.59026928  2.78422909 -0.35242988  2.04722752
 -1.86126417 -1.35336606 -2.59736784 -2.42273037 -1.50153046 -3.02896623
  2.01620153  1.78191078  1.58151677  1.12533466  1.58819422 -2.44421596
 -2.50736706  1.78907334  1.0342724  -0.29185859 -2.4772044   1.430983
 -1.0439477  -3.04762103 -0.04720677  1.89751587 -2.7012844  -2.36816626
  1.87611879  1.02966582 -0.62617483 -0.49631334 -0.92140747  1.96405479
  0.47262259 -0.35622595  0.40183254 -2.26662916  1.26136569 -0.15330705
  2.40236148  1.2331957   2.87809222 -1.05733871  2.10171125 -0.42989459
 -3.26841197  2.20322034  0.81147104  1.92881066 -1.28919699  1.43910612
 -2.12172292  0.20898513  0.08303724 -2.79059101 -0.90191406 -2.3930749
  0.07227749 -0.5689862 ]
Sat May 25 18:34:08 2024,639,0.09593800642750414,[-4.65847433  2.36664258 -1.8410608  -0.12409689  0.1867256  -2.6876509
  3.01282996  2.10571256  1.45518714 -0.92536043  0.61239975  1.09170269
  1.13210063 -1.54196764  0.77712904  2.80621748 -0.79815528 -0.63691772
 -1.75472013  0.60195863  1.67657183  2.99185617 -1.20875806 -0.31571278
 -2.42357563 -2.3380369   2.99458167  2.76322737 -0.54433279 -2.36481341
  1.48280797 -0.05850823 -2.31787448  2.09556447  1.28954044 -0.63853955
  0.84777225 -2.31880673 -0.02589529  2.15332927 -0.16394215  0.38886659
  2.71395734  1.04622464  2.46285668  3.1617474   2.64140796 -2.93932943
  0.26537394 -0.81572884  1.75888673  2.86399362 -0.51095158 -2.31763453
  2.78736942 -3.21076729  0.79394318 -0.63487974 -1.74135975  2.69818429
 -1.80955124 -1.58813079 -2.30391429  2.18800733 -2.4512854   2.13559786
  2.07465216  1.5354076   2.38308442  2.80474821  1.64886108  1.20012704
 -1.51324505 -2.22927501  1.47130154  0.71194286  1.31361889 -3.01402318
 -0.37770274  2.51831701 -1.03585393  1.28752011  1.48329397  0.54455002
 -0.83302083  1.11514366  0.66824163 -0.38370045  2.80473737 -1.99307068
  1.5380461  -0.48681171  1.09033673 -2.849766   -2.45832378  0.4577314
 -1.16150499 -0.49457633  0.36531614 -0.11126696 -1.65032843 -0.04117003
 -0.85970555  2.81181072 -1.06239935 -1.38013479 -0.94883361  1.07796509
  1.85224666 -0.69616523  1.97232741 -2.19417568 -0.34727728 -0.73251672
 -2.8900813   3.16480348 -1.63194529  3.13522476 -1.26602515 -2.70847981
  3.36217191 -1.23322282 -0.77649647 -2.88407556 -2.71720578  2.54564139
 -2.13655215 -2.0471272  -0.18154929  3.14998834  0.24664258  0.21384978
 -1.25020307 -0.67764027 -1.73377015 -3.03025111  2.87032647  1.23551019
 -0.48570752 -2.18838457  1.10971144 -1.10585768 -0.49042512 -2.73954152
 -2.06516932  1.86554766 -0.87381262  2.62185251 -0.45419527 -2.67151344
 -2.82019537  2.26182944 -3.14423349 -0.44536861 -1.00234849 -0.24660747
  2.34754171  1.84025237  0.01820741 -2.55288697 -2.65892153  0.24436981
 -0.7666623   1.24524122 -2.62771082  1.12505267 -0.38397809  0.42076287
  1.9190331   0.45811844  0.6507488  -1.27156776  1.79161188  2.9398247
  0.99593884  0.2218029  -1.14181239  2.4227875   0.72674058 -1.90977385
 -0.05037925  1.87092239  0.9866469  -1.08002931 -2.30130859  2.22238425
  2.0039863   1.92832366  2.29723346  1.91578693 -1.66121745 -3.1038985
  0.42852334  1.34475839 -2.26275476 -1.12583525  2.31183685  1.39294655
 -0.27195648 -1.84442296 -1.64823691  1.96528135  1.30723889 -1.01188312
 -0.23075484 -0.69309144 -0.30339068  2.30246065 -0.66193865 -0.93534315
  0.77591013 -2.35268959  0.59026931  2.78422906 -0.35242985  2.04722755
 -1.86126415 -1.35336609 -2.59736781 -2.42273034 -1.50153043 -3.02896621
  2.0162015   1.7819108   1.58151675  1.12533464  1.58819419 -2.44421599
 -2.50736708  1.78907332  1.03427243 -0.29185857 -2.47720443  1.43098297
 -1.04394767 -3.04762105 -0.04720674  1.8975159  -2.70128437 -2.36816628
  1.87611876  1.02966584 -0.6261748  -0.49631331 -0.92140749  1.96405482
  0.47262256 -0.35622592  0.40183257 -2.26662914  1.26136572 -0.15330708
  2.40236151  1.23319567  2.8780922  -1.05733868  2.10171123 -0.42989456
 -3.268412    2.20322032  0.81147107  1.92881064 -1.28919702  1.43910615
 -2.12172289  0.20898515  0.08303721 -2.79059104 -0.90191408 -2.39307493
  0.07227752 -0.56898618]
Sat May 25 18:34:32 2024,640,0.0959380064260014,[-4.65847435  2.3666426  -1.84106083 -0.12409692  0.18672562 -2.68765093
  3.01282993  2.10571258  1.45518716 -0.9253604   0.61239973  1.09170272
  1.13210066 -1.54196766  0.77712901  2.80621751 -0.7981553  -0.63691774
 -1.75472016  0.60195865  1.67657186  2.99185614 -1.20875808 -0.31571276
 -2.42357566 -2.33803693  2.9945817   2.7632274  -0.54433276 -2.36481338
  1.48280794 -0.0585082  -2.31787451  2.09556444  1.28954046 -0.63853958
  0.84777222 -2.31880676 -0.02589532  2.15332924 -0.16394212  0.38886656
  2.71395736  1.04622467  2.46285665  3.16174743  2.64140798 -2.93932946
  0.26537396 -0.81572882  1.75888671  2.86399359 -0.51095161 -2.3176345
  2.78736945 -3.21076727  0.79394321 -0.63487977 -1.74135973  2.69818426
 -1.80955121 -1.58813081 -2.30391426  2.18800731 -2.45128537  2.13559784
  2.07465218  1.53540763  2.38308439  2.80474824  1.64886111  1.20012706
 -1.51324507 -2.22927498  1.47130157  0.71194284  1.31361891 -3.01402315
 -0.37770276  2.51831704 -1.03585396  1.28752014  1.48329394  0.54454999
 -0.83302086  1.11514369  0.66824165 -0.38370048  2.80473734 -1.99307071
  1.53804607 -0.48681168  1.09033671 -2.84976597 -2.4583238   0.45773143
 -1.16150501 -0.4945763   0.36531616 -0.11126699 -1.6503284  -0.04117
 -0.85970558  2.81181069 -1.06239938 -1.38013477 -0.94883358  1.07796512
  1.85224669 -0.6961652   1.97232744 -2.19417571 -0.34727725 -0.73251674
 -2.89008128  3.16480346 -1.63194532  3.13522474 -1.26602513 -2.70847979
  3.36217194 -1.23322285 -0.77649644 -2.88407554 -2.71720581  2.54564137
 -2.13655212 -2.04712723 -0.18154932  3.14998837  0.24664255  0.21384981
 -1.25020304 -0.67764024 -1.73377013 -3.03025108  2.87032645  1.23551017
 -0.48570754 -2.18838459  1.10971141 -1.1058577  -0.4904251  -2.73954155
 -2.06516935  1.86554769 -0.8738126   2.62185254 -0.45419525 -2.67151347
 -2.82019534  2.26182946 -3.14423346 -0.44536863 -1.00234847 -0.2466075
  2.34754169  1.8402524   0.01820739 -2.55288694 -2.65892155  0.24436979
 -0.76666232  1.24524125 -2.62771084  1.12505265 -0.38397807  0.42076284
  1.91903312  0.45811847  0.65074877 -1.27156774  1.79161185  2.93982468
  0.99593882  0.22180288 -1.14181236  2.42278753  0.72674055 -1.90977387
 -0.05037928  1.87092237  0.98664688 -1.08002934 -2.30130862  2.22238422
  2.00398627  1.92832363  2.29723349  1.91578695 -1.66121742 -3.10389848
  0.42852331  1.34475837 -2.26275479 -1.12583523  2.31183682  1.39294652
 -0.27195651 -1.84442299 -1.64823693  1.96528132  1.30723892 -1.0118831
 -0.23075481 -0.69309146 -0.30339071  2.30246068 -0.66193868 -0.93534318
  0.77591016 -2.35268956  0.59026933  2.78422909 -0.35242988  2.04722752
 -1.86126412 -1.35336611 -2.59736779 -2.42273037 -1.5015304  -3.02896618
  2.01620147  1.78191083  1.58151677  1.12533466  1.58819421 -2.44421596
 -2.50736711  1.78907334  1.03427245 -0.29185859 -2.47720446  1.43098295
 -1.0439477  -3.04762103 -0.04720672  1.89751587 -2.70128439 -2.36816631
  1.87611873  1.02966582 -0.62617483 -0.49631329 -0.92140747  1.96405485
  0.47262253 -0.35622589  0.40183259 -2.26662916  1.26136569 -0.15330705
  2.40236153  1.23319564  2.87809222 -1.05733871  2.10171125 -0.42989459
 -3.26841202  2.20322034  0.81147104  1.92881066 -1.28919699  1.43910612
 -2.12172292  0.20898518  0.08303724 -2.79059107 -0.90191411 -2.3930749
  0.07227754 -0.56898615]
Sat May 25 18:34:55 2024,641,0.0959380064245115,[-4.65847438  2.36664263 -1.8410608  -0.12409694  0.1867256  -2.6876509
  3.01282996  2.10571256  1.45518719 -0.92536038  0.61239975  1.09170275
  1.13210063 -1.54196769  0.77712904  2.80621749 -0.79815528 -0.63691777
 -1.75472018  0.60195863  1.67657188  2.99185617 -1.20875811 -0.31571278
 -2.42357563 -2.33803695  2.99458172  2.76322737 -0.54433279 -2.36481341
  1.48280792 -0.05850823 -2.31787448  2.09556447  1.28954044 -0.63853955
  0.84777225 -2.31880678 -0.02589534  2.15332921 -0.1639421   0.38886654
  2.71395734  1.04622464  2.46285668  3.16174745  2.64140796 -2.93932943
  0.26537394 -0.81572884  1.75888668  2.86399361 -0.51095164 -2.31763453
  2.78736942 -3.21076724  0.79394319 -0.63487974 -1.74135975  2.69818429
 -1.80955119 -1.58813079 -2.30391429  2.18800728 -2.4512854   2.13559781
  2.07465216  1.53540766  2.38308436  2.80474827  1.64886108  1.20012709
 -1.51324505 -2.22927496  1.47130159  0.71194281  1.31361894 -3.01402313
 -0.37770279  2.51831701 -1.03585393  1.28752011  1.48329397  0.54454997
 -0.83302089  1.11514367  0.66824168 -0.38370045  2.80473732 -1.99307068
  1.5380461  -0.48681171  1.09033668 -2.849766   -2.45832378  0.45773145
 -1.16150499 -0.49457628  0.36531614 -0.11126702 -1.65032838 -0.04116998
 -0.85970555  2.81181067 -1.0623994  -1.38013474 -0.94883361  1.07796509
  1.85224666 -0.69616522  1.97232741 -2.19417568 -0.34727722 -0.73251677
 -2.89008125  3.16480343 -1.63194529  3.13522476 -1.26602515 -2.70847981
  3.36217191 -1.23322282 -0.77649642 -2.88407556 -2.71720583  2.54564139
 -2.13655209 -2.0471272  -0.18154934  3.14998839  0.24664258  0.21384978
 -1.25020301 -0.67764027 -1.7337701  -3.03025111  2.87032647  1.23551014
 -0.48570752 -2.18838462  1.10971144 -1.10585773 -0.49042512 -2.73954152
 -2.06516938  1.86554766 -0.87381262  2.62185251 -0.45419522 -2.67151344
 -2.82019537  2.26182949 -3.14423343 -0.44536866 -1.00234844 -0.24660747
  2.34754166  1.84025237  0.01820741 -2.55288697 -2.65892158  0.24436976
 -0.7666623   1.24524122 -2.62771087  1.12505267 -0.38397809  0.42076287
  1.9190331   0.45811844  0.6507488  -1.27156776  1.79161182  2.93982465
  0.99593884  0.22180285 -1.14181239  2.4227875   0.72674058 -1.9097739
 -0.05037925  1.87092239  0.98664685 -1.08002936 -2.30130859  2.22238425
  2.00398625  1.9283236   2.29723351  1.91578693 -1.6612174  -3.1038985
  0.42852329  1.34475839 -2.26275476 -1.12583525  2.3118368   1.39294655
 -0.27195648 -1.84442296 -1.64823691  1.96528129  1.30723894 -1.01188307
 -0.23075484 -0.69309144 -0.30339073  2.30246065 -0.66193865 -0.9353432
  0.77591019 -2.35268959  0.59026931  2.78422906 -0.35242985  2.04722755
 -1.86126409 -1.35336614 -2.59736781 -2.42273034 -1.50153038 -3.02896615
  2.0162015   1.7819108   1.5815168   1.12533464  1.58819419 -2.44421593
 -2.50736708  1.78907337  1.03427248 -0.29185862 -2.47720448  1.43098292
 -1.04394767 -3.047621   -0.04720669  1.89751585 -2.70128442 -2.36816634
  1.87611876  1.02966579 -0.6261748  -0.49631331 -0.92140749  1.96405487
  0.47262256 -0.35622587  0.40183257 -2.26662914  1.26136567 -0.15330703
  2.40236156  1.23319567  2.87809225 -1.05733868  2.10171123 -0.42989462
 -3.26841205  2.20322032  0.81147101  1.92881069 -1.28919696  1.43910615
 -2.12172294  0.20898515  0.08303727 -2.79059104 -0.90191414 -2.39307493
  0.07227752 -0.56898617]
Sat May 25 18:35:19 2024,642,0.0959380064230331,[-4.6584744   2.3666426  -1.84106077 -0.12409697  0.18672562 -2.68765088
  3.01282999  2.10571253  1.45518716 -0.9253604   0.61239973  1.09170272
  1.13210066 -1.54196771  0.77712901  2.80621746 -0.79815525 -0.63691775
 -1.75472016  0.60195865  1.67657191  2.9918562  -1.20875814 -0.31571276
 -2.4235756  -2.33803693  2.99458175  2.7632274  -0.54433281 -2.36481338
  1.48280794 -0.05850825 -2.31787451  2.09556444  1.28954046 -0.63853958
  0.84777228 -2.31880681 -0.02589532  2.15332924 -0.16394207  0.38886656
  2.71395736  1.04622462  2.46285671  3.16174743  2.64140798 -2.9393294
  0.26537391 -0.81572887  1.75888666  2.86399364 -0.51095161 -2.3176345
  2.78736945 -3.21076727  0.79394321 -0.63487972 -1.74135973  2.69818432
 -1.80955116 -1.58813076 -2.30391426  2.18800725 -2.45128542  2.13559779
  2.07465213  1.53540768  2.38308434  2.80474829  1.64886106  1.20012706
 -1.51324507 -2.22927493  1.47130162  0.71194284  1.31361891 -3.01402315
 -0.37770281  2.51831698 -1.03585391  1.28752014  1.48329394  0.54454999
 -0.83302091  1.11514364  0.66824165 -0.38370048  2.80473729 -1.99307065
  1.53804612 -0.48681174  1.09033666 -2.84976602 -2.45832375  0.45773148
 -1.16150501 -0.49457625  0.36531611 -0.11126699 -1.6503284  -0.04117
 -0.85970558  2.81181064 -1.06239943 -1.38013471 -0.94883358  1.07796512
  1.85224669 -0.6961652   1.97232739 -2.19417565 -0.3472772  -0.73251674
 -2.89008123  3.16480341 -1.63194527  3.13522479 -1.26602513 -2.70847979
  3.36217194 -1.23322285 -0.77649639 -2.88407559 -2.71720586  2.54564142
 -2.13655212 -2.04712717 -0.18154932  3.14998837  0.24664255  0.21384976
 -1.25020304 -0.67764024 -1.73377007 -3.03025108  2.87032645  1.23551017
 -0.48570754 -2.18838465  1.10971146 -1.10585775 -0.4904251  -2.7395415
 -2.0651694   1.86554769 -0.8738126   2.62185254 -0.45419525 -2.67151342
 -2.82019534  2.26182946 -3.14423341 -0.44536868 -1.00234841 -0.24660745
  2.34754169  1.84025235  0.01820739 -2.55288694 -2.6589216   0.24436979
 -0.76666227  1.24524125 -2.62771085  1.1250527  -0.38397807  0.42076289
  1.91903312  0.45811842  0.65074877 -1.27156779  1.79161185  2.93982468
  0.99593887  0.22180283 -1.14181236  2.42278748  0.7267406  -1.90977392
 -0.05037928  1.87092237  0.98664682 -1.08002934 -2.30130862  2.22238422
  2.00398622  1.92832363  2.29723354  1.9157869  -1.66121742 -3.10389853
  0.42852326  1.34475837 -2.26275474 -1.12583523  2.31183682  1.39294658
 -0.27195651 -1.84442294 -1.64823688  1.96528127  1.30723897 -1.01188305
 -0.23075486 -0.69309146 -0.30339071  2.30246063 -0.66193868 -0.93534323
  0.77591016 -2.35268961  0.59026933  2.78422904 -0.35242988  2.04722757
 -1.86126407 -1.35336616 -2.59736784 -2.42273037 -1.50153035 -3.02896613
  2.01620147  1.78191078  1.58151677  1.12533466  1.58819421 -2.44421591
 -2.50736711  1.78907334  1.03427245 -0.29185859 -2.47720451  1.4309829
 -1.04394765 -3.04762098 -0.04720667  1.89751582 -2.7012844  -2.36816631
  1.87611873  1.02966582 -0.62617483 -0.49631329 -0.92140752  1.9640549
  0.47262258 -0.35622584  0.40183259 -2.26662911  1.26136564 -0.153307
  2.40236153  1.2331957   2.87809227 -1.05733871  2.10171125 -0.42989459
 -3.26841207  2.20322034  0.81147104  1.92881071 -1.28919699  1.43910617
 -2.12172297  0.20898513  0.08303724 -2.79059107 -0.90191416 -2.3930749
  0.07227749 -0.56898615]
Sat May 25 18:35:45 2024,643,0.09593800642156683,[-4.65847443  2.36664258 -1.84106075 -0.12409694  0.18672565 -2.68765085
  3.01282996  2.10571256  1.45518714 -0.92536038  0.6123997   1.09170275
  1.13210068 -1.54196774  0.77712899  2.80621748 -0.79815523 -0.63691777
 -1.75472018  0.60195863  1.67657188  2.99185617 -1.20875816 -0.31571273
 -2.42357563 -2.33803695  2.99458178  2.76322742 -0.54433279 -2.36481336
  1.48280792 -0.05850828 -2.31787448  2.09556441  1.28954049 -0.63853961
  0.84777225 -2.31880683 -0.02589529  2.15332927 -0.16394204  0.38886659
  2.71395734  1.04622459  2.46285668  3.1617474   2.64140801 -2.93932943
  0.26537389 -0.81572884  1.75888668  2.86399361 -0.51095158 -2.31763453
  2.78736947 -3.21076729  0.79394319 -0.63487969 -1.74135975  2.69818429
 -1.80955114 -1.58813073 -2.30391429  2.18800723 -2.45128545  2.13559781
  2.07465216  1.53540766  2.38308436  2.80474832  1.64886108  1.20012704
 -1.51324505 -2.22927491  1.47130159  0.71194281  1.31361894 -3.01402318
 -0.37770284  2.51831696 -1.03585393  1.28752016  1.48329392  0.54454997
 -0.83302094  1.11514366  0.66824163 -0.38370051  2.80473727 -1.99307068
  1.5380461  -0.48681171  1.09033663 -2.849766   -2.45832378  0.45773145
 -1.16150499 -0.49457622  0.36531609 -0.11126702 -1.65032838 -0.04117003
 -0.85970555  2.81181062 -1.0623994  -1.38013474 -0.9488336   1.07796515
  1.85224671 -0.69616517  1.97232736 -2.19417563 -0.34727722 -0.73251672
 -2.89008125  3.16480343 -1.63194524  3.13522482 -1.2660251  -2.70847981
  3.36217196 -1.23322282 -0.77649636 -2.88407561 -2.71720589  2.54564145
 -2.13655209 -2.04712715 -0.18154929  3.14998834  0.24664258  0.21384973
 -1.25020307 -0.67764021 -1.73377005 -3.03025111  2.87032647  1.23551014
 -0.48570752 -2.18838462  1.10971149 -1.10585773 -0.49042512 -2.73954152
 -2.06516943  1.86554772 -0.87381262  2.62185256 -0.45419522 -2.67151339
 -2.82019531  2.26182944 -3.14423343 -0.44536866 -1.00234844 -0.24660742
  2.34754171  1.84025237  0.01820741 -2.55288697 -2.65892163  0.24436976
 -0.7666623   1.24524127 -2.62771082  1.12505273 -0.38397809  0.42076287
  1.9190331   0.45811844  0.6507488  -1.27156776  1.79161182  2.93982465
  0.99593884  0.2218028  -1.14181239  2.42278745  0.72674063 -1.9097739
 -0.05037931  1.87092234  0.98664685 -1.08002931 -2.30130859  2.2223842
  2.00398625  1.92832366  2.29723357  1.91578693 -1.6612174  -3.10389856
  0.42852329  1.34475839 -2.26275476 -1.1258352   2.31183685  1.3929466
 -0.27195648 -1.84442296 -1.64823686  1.96528124  1.30723899 -1.01188307
 -0.23075484 -0.69309144 -0.30339068  2.30246065 -0.6619387  -0.93534325
  0.77591019 -2.35268959  0.59026931  2.78422901 -0.35242991  2.0472276
 -1.86126404 -1.35336614 -2.59736786 -2.42273034 -1.50153033 -3.0289661
  2.01620145  1.78191075  1.58151675  1.12533464  1.58819419 -2.44421588
 -2.50736709  1.78907337  1.03427243 -0.29185862 -2.47720453  1.43098292
 -1.04394762 -3.04762095 -0.04720669  1.89751579 -2.70128442 -2.36816634
  1.87611871  1.02966584 -0.6261748  -0.49631331 -0.92140755  1.96405492
  0.47262261 -0.35622587  0.40183257 -2.26662908  1.26136562 -0.15330698
  2.40236156  1.23319572  2.8780923  -1.05733873  2.10171128 -0.42989456
 -3.2684121   2.20322032  0.81147106  1.92881074 -1.28919702  1.4391062
 -2.12172299  0.2089851   0.08303727 -2.79059104 -0.90191419 -2.39307488
  0.07227752 -0.56898612]
Sat May 25 18:36:08 2024,644,0.09593800642011294,[-4.65847445  2.36664255 -1.84106072 -0.12409697  0.18672567 -2.68765088
  3.01282999  2.10571258  1.45518716 -0.92536035  0.61239973  1.09170272
  1.13210066 -1.54196776  0.77712896  2.80621746 -0.79815525 -0.6369178
 -1.75472021  0.60195865  1.67657191  2.99185614 -1.20875819 -0.31571271
 -2.4235756  -2.33803698  2.99458175  2.7632274  -0.54433281 -2.36481338
  1.48280789 -0.0585083  -2.31787446  2.09556444  1.28954051 -0.63853958
  0.84777228 -2.31880686 -0.02589532  2.15332929 -0.16394202  0.38886661
  2.71395731  1.04622462  2.46285665  3.16174743  2.64140803 -2.9393294
  0.26537386 -0.81572882  1.75888666  2.86399359 -0.51095156 -2.31763455
  2.78736945 -3.21076732  0.79394321 -0.63487972 -1.74135978  2.69818431
 -1.80955111 -1.58813076 -2.30391431  2.18800725 -2.45128542  2.13559779
  2.07465213  1.53540768  2.38308439  2.80474834  1.64886111  1.20012706
 -1.51324507 -2.22927488  1.47130162  0.71194278  1.31361896 -3.01402315
 -0.37770281  2.51831693 -1.03585396  1.28752014  1.48329389  0.54454994
 -0.83302091  1.11514369  0.66824165 -0.38370053  2.80473729 -1.9930707
  1.53804607 -0.48681169  1.09033666 -2.84976602 -2.45832375  0.45773148
 -1.16150501 -0.49457625  0.36531611 -0.11126704 -1.65032835 -0.04117
 -0.85970553  2.81181059 -1.06239943 -1.38013476 -0.94883358  1.07796512
  1.85224674 -0.69616515  1.97232733 -2.1941756  -0.3472772  -0.73251669
 -2.89008128  3.16480341 -1.63194522  3.13522479 -1.26602508 -2.70847984
  3.36217199 -1.23322285 -0.77649634 -2.88407564 -2.71720591  2.54564147
 -2.13655212 -2.04712717 -0.18154927  3.14998832  0.24664255  0.21384971
 -1.25020309 -0.67764024 -1.73377007 -3.03025108  2.8703265   1.23551017
 -0.48570754 -2.18838459  1.10971151 -1.1058577  -0.4904251  -2.7395415
 -2.0651694   1.86554774 -0.87381265  2.62185259 -0.4541952  -2.67151342
 -2.82019529  2.26182946 -3.14423346 -0.44536863 -1.00234847 -0.2466074
  2.34754169  1.8402524   0.01820739 -2.55288699 -2.6589216   0.24436979
 -0.76666232  1.24524125 -2.62771079  1.12505275 -0.38397807  0.42076289
  1.91903307  0.45811842  0.65074877 -1.27156774  1.7916118   2.93982462
  0.99593882  0.22180277 -1.14181236  2.42278748  0.7267406  -1.90977387
 -0.05037928  1.87092237  0.98664688 -1.08002929 -2.30130862  2.22238422
  2.00398622  1.92832363  2.29723359  1.91578695 -1.66121737 -3.10389858
  0.42852326  1.34475842 -2.26275474 -1.12583523  2.31183682  1.39294663
 -0.27195645 -1.84442299 -1.64823688  1.96528127  1.30723897 -1.0118831
 -0.23075486 -0.69309146 -0.30339066  2.30246068 -0.66193868 -0.93534323
  0.77591016 -2.35268956  0.59026928  2.78422904 -0.35242993  2.04722757
 -1.86126407 -1.35336616 -2.59736789 -2.42273032 -1.5015303  -3.02896613
  2.01620147  1.78191073  1.58151677  1.12533461  1.58819421 -2.44421586
 -2.50736706  1.78907334  1.0342724  -0.2918586  -2.47720451  1.4309829
 -1.04394765 -3.04762098 -0.04720672  1.89751582 -2.70128445 -2.36816636
  1.87611873  1.02966587 -0.62617483 -0.49631334 -0.92140752  1.96405495
  0.47262264 -0.35622589  0.40183259 -2.26662906  1.26136564 -0.153307
  2.40236158  1.23319575  2.87809228 -1.05733876  2.10171125 -0.42989454
 -3.26841208  2.20322029  0.81147109  1.92881077 -1.28919704  1.43910623
 -2.12172297  0.20898513  0.08303729 -2.79059107 -0.90191416 -2.39307485
  0.07227749 -0.56898615]
Sat May 25 18:36:31 2024,645,0.09593800641867004,[-4.65847448  2.36664253 -1.8410607  -0.12409699  0.18672565 -2.6876509
  3.01282996  2.10571261  1.45518714 -0.92536033  0.61239975  1.09170275
  1.13210063 -1.54196779  0.77712894  2.80621748 -0.79815523 -0.63691782
 -1.75472023  0.60195863  1.67657193  2.99185612 -1.20875816 -0.31571273
 -2.42357563 -2.338037    2.99458172  2.76322742 -0.54433284 -2.36481341
  1.48280787 -0.05850833 -2.31787443  2.09556446  1.28954054 -0.63853961
  0.84777225 -2.31880684 -0.02589534  2.15332932 -0.16394199  0.38886664
  2.71395729  1.04622459  2.46285663  3.16174745  2.64140806 -2.93932938
  0.26537389 -0.81572879  1.75888668  2.86399356 -0.51095158 -2.31763458
  2.78736942 -3.21076734  0.79394319 -0.63487969 -1.74135975  2.69818434
 -1.80955114 -1.58813079 -2.30391429  2.18800728 -2.45128545  2.13559776
  2.0746521   1.53540771  2.38308436  2.80474837  1.64886113  1.20012704
 -1.5132451  -2.22927491  1.47130165  0.71194276  1.31361894 -3.01402313
 -0.37770284  2.51831696 -1.03585398  1.28752016  1.48329386  0.54454997
 -0.83302089  1.11514372  0.66824163 -0.38370056  2.80473732 -1.99307068
  1.53804605 -0.48681166  1.09033663 -2.849766   -2.45832373  0.45773145
 -1.16150499 -0.49457622  0.36531609 -0.11126702 -1.65032838 -0.04116998
 -0.85970555  2.81181057 -1.06239945 -1.38013474 -0.9488336   1.07796509
  1.85224676 -0.69616512  1.97232731 -2.19417563 -0.34727717 -0.73251672
 -2.89008125  3.16480338 -1.63194519  3.13522482 -1.2660251  -2.70847981
  3.36217201 -1.23322282 -0.77649636 -2.88407561 -2.71720594  2.54564145
 -2.13655214 -2.0471272  -0.18154929  3.14998829  0.24664253  0.21384968
 -1.25020307 -0.67764027 -1.7337701  -3.03025106  2.87032652  1.23551019
 -0.48570757 -2.18838457  1.10971154 -1.10585768 -0.49042512 -2.73954152
 -2.06516938  1.86554777 -0.87381262  2.62185256 -0.45419517 -2.67151339
 -2.82019531  2.26182949 -3.14423349 -0.44536861 -1.00234849 -0.24660737
  2.34754166  1.84025237  0.01820741 -2.55288697 -2.65892158  0.24436981
 -0.7666623   1.24524127 -2.62771082  1.12505273 -0.38397804  0.42076287
  1.9190331   0.45811839  0.65074875 -1.27156771  1.79161182  2.9398246
  0.99593879  0.2218028  -1.14181239  2.4227875   0.72674058 -1.90977385
 -0.05037931  1.87092239  0.98664685 -1.08002926 -2.30130864  2.2223842
  2.00398625  1.92832366  2.29723357  1.91578698 -1.6612174  -3.10389861
  0.42852329  1.34475839 -2.26275471 -1.12583525  2.31183685  1.3929466
 -0.27195643 -1.84442301 -1.64823691  1.96528129  1.30723894 -1.01188312
 -0.23075489 -0.69309144 -0.30339063  2.3024607  -0.6619387  -0.9353432
  0.77591014 -2.35268954  0.59026926  2.78422901 -0.35242996  2.0472276
 -1.86126404 -1.35336614 -2.59736791 -2.42273029 -1.50153033 -3.0289661
  2.0162015   1.7819107   1.5815168   1.12533459  1.58819424 -2.44421588
 -2.50736703  1.78907332  1.03427238 -0.29185862 -2.47720453  1.43098287
 -1.04394762 -3.04762095 -0.04720674  1.89751579 -2.70128442 -2.36816634
  1.87611876  1.02966584 -0.6261748  -0.49631331 -0.9214075   1.96405497
  0.47262266 -0.35622592  0.40183262 -2.26662908  1.26136567 -0.15330703
  2.40236161  1.23319572  2.8780923  -1.05733874  2.10171128 -0.42989451
 -3.26841205  2.20322032  0.81147106  1.92881074 -1.28919702  1.4391062
 -2.12172299  0.20898515  0.08303732 -2.79059104 -0.90191419 -2.39307488
  0.07227752 -0.56898617]
Sat May 25 18:37:09 2024,646,0.09593800641723879,[-4.6584745   2.3666425  -1.84106067 -0.12409697  0.18672567 -2.68765093
  3.01282999  2.10571258  1.45518711 -0.9253603   0.61239973  1.09170272
  1.13210061 -1.54196781  0.77712896  2.80621746 -0.79815525 -0.6369178
 -1.75472026  0.6019586   1.67657191  2.99185609 -1.20875814 -0.31571271
 -2.4235756  -2.33803698  2.99458175  2.7632274  -0.54433281 -2.36481338
  1.48280789 -0.0585083  -2.31787441  2.09556444  1.28954052 -0.63853963
  0.84777228 -2.31880681 -0.02589532  2.15332934 -0.16394197  0.38886666
  2.71395731  1.04622457  2.46285665  3.16174748  2.64140803 -2.9393294
  0.26537391 -0.81572877  1.75888666  2.86399354 -0.51095156 -2.3176346
  2.78736945 -3.21076732  0.79394316 -0.63487967 -1.74135973  2.69818432
 -1.80955111 -1.58813076 -2.30391431  2.18800731 -2.45128547  2.13559779
  2.07465213  1.53540773  2.38308434  2.80474834  1.64886116  1.20012706
 -1.51324512 -2.22927493  1.47130162  0.71194273  1.31361891 -3.0140231
 -0.37770281  2.51831698 -1.03585396  1.28752019  1.48329389  0.54454999
 -0.83302091  1.11514374  0.6682416  -0.38370053  2.80473729 -1.9930707
  1.53804602 -0.48681169  1.09033661 -2.84976602 -2.45832375  0.45773143
 -1.16150501 -0.49457625  0.36531606 -0.11126704 -1.6503284  -0.04116995
 -0.85970558  2.81181054 -1.06239943 -1.38013471 -0.94883363  1.07796512
  1.85224679 -0.69616515  1.97232728 -2.1941756  -0.3472772  -0.73251674
 -2.89008128  3.16480341 -1.63194522  3.13522484 -1.26602513 -2.70847984
  3.36217199 -1.23322285 -0.77649639 -2.88407559 -2.71720591  2.54564142
 -2.13655217 -2.04712717 -0.18154932  3.14998827  0.2466425   0.21384971
 -1.25020309 -0.67764024 -1.73377007 -3.03025108  2.8703265   1.23551017
 -0.48570754 -2.18838459  1.10971151 -1.1058577  -0.4904251  -2.73954155
 -2.06516935  1.86554774 -0.87381265  2.62185254 -0.4541952  -2.67151337
 -2.82019529  2.26182951 -3.14423351 -0.44536858 -1.00234847 -0.2466074
  2.34754169  1.8402524   0.01820744 -2.55288699 -2.65892155  0.24436979
 -0.76666232  1.2452413  -2.62771084  1.12505275 -0.38397807  0.42076284
  1.91903312  0.45811842  0.65074877 -1.27156769  1.7916118   2.93982457
  0.99593877  0.22180283 -1.14181242  2.42278748  0.7267406  -1.90977387
 -0.05037933  1.87092237  0.98664688 -1.08002929 -2.30130862  2.22238422
  2.00398627  1.92832363  2.29723354  1.915787   -1.66121742 -3.10389858
  0.42852326  1.34475842 -2.26275474 -1.12583528  2.31183687  1.39294658
 -0.27195645 -1.84442299 -1.64823693  1.96528127  1.30723892 -1.0118831
 -0.23075491 -0.69309141 -0.30339061  2.30246068 -0.66193868 -0.93534323
  0.77591011 -2.35268951  0.59026928  2.78422904 -0.35242993  2.04722757
 -1.86126407 -1.35336611 -2.59736794 -2.42273032 -1.50153035 -3.02896608
  2.01620147  1.78191068  1.58151682  1.12533461  1.58819426 -2.44421591
 -2.50736701  1.78907334  1.0342724  -0.29185865 -2.47720456  1.43098285
 -1.0439476  -3.04762098 -0.04720677  1.89751577 -2.7012844  -2.36816631
  1.87611873  1.02966587 -0.62617478 -0.49631334 -0.92140747  1.964055
  0.47262269 -0.35622589  0.40183264 -2.26662906  1.26136569 -0.15330705
  2.40236163  1.23319575  2.87809228 -1.05733876  2.10171125 -0.42989454
 -3.26841207  2.20322034  0.81147109  1.92881077 -1.28919704  1.43910617
 -2.12172302  0.20898513  0.08303729 -2.79059107 -0.90191416 -2.3930749
  0.07227754 -0.5689862 ]
Sat May 25 18:37:32 2024,647,0.09593800641581887,[-4.65847453  2.36664248 -1.84106065 -0.12409694  0.18672565 -2.68765095
  3.01283001  2.10571261  1.45518714 -0.92536032  0.61239975  1.0917027
  1.13210063 -1.54196784  0.77712894  2.80621748 -0.79815523 -0.63691777
 -1.75472023  0.60195863  1.67657193  2.99185607 -1.20875816 -0.31571268
 -2.42357563 -2.338037    2.99458173  2.76322737 -0.54433279 -2.36481341
  1.48280792 -0.05850828 -2.31787443  2.09556446  1.28954049 -0.63853961
  0.84777225 -2.31880683 -0.02589534  2.15332932 -0.16394194  0.38886664
  2.71395729  1.04622459  2.46285663  3.16174745  2.64140806 -2.93932943
  0.26537394 -0.81572879  1.75888668  2.86399351 -0.51095158 -2.31763463
  2.78736947 -3.21076734  0.79394319 -0.63487969 -1.7413597   2.69818434
 -1.80955114 -1.58813074 -2.30391434  2.18800728 -2.45128545  2.13559781
  2.07465215  1.53540771  2.38308436  2.80474832  1.64886113  1.20012704
 -1.5132451  -2.22927496  1.47130165  0.71194276  1.31361889 -3.01402308
 -0.37770284  2.51831696 -1.03585398  1.28752021  1.48329386  0.54454997
 -0.83302094  1.11514372  0.66824158 -0.38370056  2.80473732 -1.99307068
  1.538046   -0.48681171  1.09033658 -2.849766   -2.45832373  0.45773145
 -1.16150499 -0.49457622  0.36531609 -0.11126702 -1.65032843 -0.04116993
 -0.8597056   2.81181057 -1.06239945 -1.38013469 -0.94883365  1.07796514
  1.85224681 -0.69616517  1.97232731 -2.19417563 -0.34727722 -0.73251677
 -2.89008125  3.16480343 -1.63194519  3.13522487 -1.26602515 -2.70847986
  3.36217196 -1.23322287 -0.77649636 -2.88407561 -2.71720594  2.5456414
 -2.13655219 -2.0471272  -0.18154929  3.14998829  0.24664252  0.21384968
 -1.25020312 -0.67764027 -1.73377005 -3.03025111  2.87032647  1.23551019
 -0.48570757 -2.18838457  1.10971154 -1.10585768 -0.49042512 -2.73954157
 -2.06516938  1.86554777 -0.87381262  2.62185251 -0.45419517 -2.67151334
 -2.82019526  2.26182954 -3.14423354 -0.44536856 -1.00234849 -0.24660742
  2.34754166  1.84025237  0.01820746 -2.55288697 -2.65892153  0.24436976
 -0.76666235  1.24524127 -2.62771087  1.12505273 -0.38397809  0.42076287
  1.9190331   0.45811844  0.65074875 -1.27156771  1.79161182  2.9398246
  0.99593874  0.2218028  -1.14181244  2.4227875   0.72674058 -1.9097739
 -0.05037936  1.87092234  0.98664685 -1.08002931 -2.30130864  2.22238425
  2.00398625  1.92832361  2.29723357  1.91578698 -1.66121745 -3.10389856
  0.42852329  1.34475839 -2.26275471 -1.1258353   2.31183685  1.39294655
 -0.27195648 -1.84442296 -1.64823696  1.96528129  1.30723889 -1.01188307
 -0.23075494 -0.69309144 -0.30339058  2.3024607  -0.66193865 -0.9353432
  0.77591009 -2.35268954  0.59026926  2.78422906 -0.35242991  2.04722755
 -1.86126409 -1.35336614 -2.59736796 -2.42273029 -1.50153038 -3.0289661
  2.01620145  1.7819107   1.58151685  1.12533464  1.58819429 -2.44421588
 -2.50736698  1.78907332  1.03427243 -0.29185867 -2.47720458  1.43098282
 -1.04394762 -3.047621   -0.04720679  1.89751574 -2.70128442 -2.36816629
  1.87611876  1.02966584 -0.62617475 -0.49631331 -0.92140745  1.96405497
  0.47262266 -0.35622592  0.40183262 -2.26662903  1.26136567 -0.15330703
  2.40236166  1.23319577  2.87809225 -1.05733874  2.10171128 -0.42989456
 -3.26841205  2.20322037  0.81147107  1.92881074 -1.28919702  1.4391062
 -2.12172299  0.2089851   0.08303727 -2.79059104 -0.90191419 -2.39307488
  0.07227757 -0.56898622]
Sat May 25 18:37:55 2024,648,0.09593800641441005,[-4.65847455  2.36664245 -1.84106062 -0.12409692  0.18672567 -2.68765093
  3.01282999  2.10571263  1.45518711 -0.92536035  0.61239978  1.09170267
  1.13210061 -1.54196782  0.77712891  2.80621751 -0.79815525 -0.63691775
 -1.75472021  0.60195865  1.67657191  2.99185609 -1.20875814 -0.31571266
 -2.42357565 -2.33803703  2.99458175  2.76322735 -0.54433281 -2.36481338
  1.48280789 -0.05850825 -2.31787445  2.09556449  1.28954047 -0.63853958
  0.84777228 -2.31880681 -0.02589537  2.15332934 -0.16394192  0.38886662
  2.71395731  1.04622457  2.46285665  3.16174743  2.64140803 -2.9393294
  0.26537396 -0.81572882  1.75888671  2.86399349 -0.51095156 -2.3176346
  2.7873695  -3.21076732  0.79394321 -0.63487972 -1.74135973  2.69818436
 -1.80955111 -1.58813076 -2.30391431  2.1880073  -2.45128547  2.13559779
  2.07465218  1.53540768  2.38308439  2.80474834  1.64886111  1.20012701
 -1.51324507 -2.22927498  1.47130167  0.71194278  1.31361891 -3.0140231
 -0.37770281  2.51831693 -1.03585396  1.28752024  1.48329389  0.54454994
 -0.83302096  1.11514374  0.66824155 -0.38370058  2.80473734 -1.9930707
  1.53804597 -0.48681173  1.09033656 -2.84976602 -2.45832375  0.45773143
 -1.16150496 -0.4945762   0.36531611 -0.11126699 -1.65032845 -0.04116995
 -0.85970563  2.81181059 -1.06239948 -1.38013466 -0.94883363  1.07796517
  1.85224684 -0.6961652   1.97232733 -2.19417565 -0.3472772  -0.73251674
 -2.89008123  3.16480341 -1.63194517  3.13522484 -1.26602513 -2.70847984
  3.36217199 -1.23322285 -0.77649639 -2.88407564 -2.71720596  2.54564142
 -2.13655217 -2.04712717 -0.18154927  3.14998827  0.2466425   0.21384966
 -1.25020309 -0.67764024 -1.73377007 -3.03025108  2.87032645  1.23551022
 -0.48570759 -2.18838454  1.10971156 -1.10585765 -0.49042515 -2.7395416
 -2.06516935  1.86554779 -0.8738126   2.62185254 -0.4541952  -2.67151337
 -2.82019524  2.26182951 -3.14423351 -0.44536853 -1.00234847 -0.24660745
  2.34754164  1.8402524   0.01820749 -2.55288699 -2.65892155  0.24436979
 -0.76666237  1.2452413  -2.62771084  1.12505275 -0.38397812  0.42076284
  1.91903312  0.45811847  0.65074877 -1.27156769  1.79161185  2.93982457
  0.99593877  0.22180278 -1.14181246  2.42278753  0.7267406  -1.90977387
 -0.05037938  1.87092232  0.98664683 -1.08002934 -2.30130862  2.22238422
  2.00398627  1.92832358  2.29723359  1.91578695 -1.66121747 -3.10389858
  0.42852326  1.34475842 -2.26275474 -1.12583528  2.31183682  1.39294658
 -0.27195645 -1.84442299 -1.64823693  1.96528127  1.30723887 -1.01188305
 -0.23075496 -0.69309146 -0.30339056  2.30246073 -0.66193868 -0.93534323
  0.77591006 -2.35268956  0.59026928  2.78422904 -0.35242988  2.04722752
 -1.86126412 -1.35336616 -2.59736794 -2.42273032 -1.5015304  -3.02896613
  2.01620147  1.78191068  1.58151687  1.12533461  1.58819427 -2.44421591
 -2.50736696  1.78907334  1.03427245 -0.2918587  -2.47720461  1.43098284
 -1.04394765 -3.04762103 -0.04720677  1.89751572 -2.7012844  -2.36816626
  1.87611878  1.02966587 -0.62617473 -0.49631334 -0.92140747  1.964055
  0.47262269 -0.35622594  0.40183264 -2.26662901  1.26136569 -0.15330705
  2.40236168  1.2331958   2.87809228 -1.05733871  2.10171125 -0.42989454
 -3.26841203  2.20322039  0.81147109  1.92881077 -1.28919699  1.43910617
 -2.12172302  0.20898513  0.08303729 -2.79059107 -0.90191416 -2.39307485
  0.07227754 -0.5689862 ]
Sat May 25 18:38:23 2024,649,0.09593800641301178,[-4.65847458  2.36664243 -1.8410606  -0.12409694  0.1867257  -2.6876509
  3.01282996  2.10571261  1.45518714 -0.92536037  0.6123998   1.09170265
  1.13210058 -1.54196784  0.77712894  2.80621753 -0.79815527 -0.63691777
 -1.75472023  0.60195863  1.67657193  2.99185612 -1.20875811 -0.31571263
 -2.42357563 -2.338037    2.99458177  2.76322732 -0.54433284 -2.36481336
  1.48280792 -0.05850828 -2.31787448  2.09556446  1.28954044 -0.63853961
  0.8477723  -2.31880683 -0.02589539  2.15332937 -0.16394189  0.38886664
  2.71395729  1.04622459  2.46285668  3.16174745  2.64140801 -2.93932943
  0.26537399 -0.81572879  1.75888668  2.86399351 -0.51095153 -2.31763463
  2.78736947 -3.21076729  0.79394319 -0.63487969 -1.74135975  2.69818434
 -1.80955109 -1.58813078 -2.30391429  2.18800733 -2.45128545  2.13559776
  2.07465216  1.53540766  2.38308441  2.80474832  1.64886113  1.20012699
 -1.5132451  -2.229275    1.47130169  0.71194281  1.31361894 -3.01402308
 -0.37770284  2.51831696 -1.03585398  1.28752021  1.48329387  0.54454997
 -0.83302099  1.11514377  0.66824158 -0.38370056  2.80473737 -1.99307073
  1.538046   -0.48681176  1.09033658 -2.849766   -2.45832378  0.4577314
 -1.16150494 -0.49457617  0.36531614 -0.11126702 -1.65032843 -0.04116993
 -0.85970565  2.81181061 -1.06239945 -1.38013464 -0.94883365  1.07796515
  1.85224686 -0.69616517  1.97232731 -2.19417563 -0.34727722 -0.73251677
 -2.89008125  3.16480338 -1.63194514  3.13522487 -1.26602515 -2.70847981
  3.36217201 -1.23322287 -0.77649636 -2.88407566 -2.71720594  2.5456414
 -2.13655215 -2.04712715 -0.18154929  3.14998824  0.24664248  0.21384968
 -1.25020307 -0.67764022 -1.73377005 -3.03025111  2.87032647  1.23551019
 -0.48570762 -2.18838452  1.10971154 -1.10585763 -0.49042517 -2.73954157
 -2.06516933  1.86554777 -0.87381257  2.62185256 -0.45419517 -2.67151339
 -2.82019521  2.26182954 -3.14423354 -0.44536856 -1.00234849 -0.24660747
  2.34754161  1.84025237  0.01820751 -2.55288702 -2.65892153  0.24436976
 -0.7666624   1.24524128 -2.62771082  1.12505273 -0.38397809  0.42076282
  1.9190331   0.45811849  0.65074875 -1.27156766  1.79161182  2.93982455
  0.99593879  0.2218028  -1.14181249  2.4227875   0.72674063 -1.9097739
 -0.05037936  1.87092229  0.9866468  -1.08002936 -2.30130864  2.22238425
  2.00398625  1.92832361  2.29723357  1.91578698 -1.6612175  -3.10389856
  0.42852324  1.34475844 -2.26275471 -1.1258353   2.3118368   1.3929466
 -0.27195648 -1.84442301 -1.64823696  1.96528124  1.30723889 -1.01188307
 -0.23075494 -0.69309149 -0.30339053  2.30246075 -0.66193865 -0.93534325
  0.77591009 -2.35268954  0.59026931  2.78422906 -0.35242986  2.04722755
 -1.86126409 -1.35336619 -2.59736796 -2.42273029 -1.50153042 -3.02896615
  2.01620145  1.7819107   1.5815169   1.12533464  1.58819424 -2.44421588
 -2.50736694  1.78907337  1.03427248 -0.29185872 -2.47720463  1.43098287
 -1.04394767 -3.04762105 -0.04720679  1.8975157  -2.70128437 -2.36816624
  1.87611881  1.02966584 -0.62617471 -0.49631336 -0.92140749  1.96405502
  0.47262266 -0.35622597  0.40183267 -2.26662898  1.26136567 -0.15330708
  2.40236166  1.23319582  2.87809225 -1.05733874  2.10171128 -0.42989456
 -3.268412    2.20322042  0.81147111  1.92881074 -1.28919697  1.4391062
 -2.12172299  0.20898515  0.08303732 -2.79059109 -0.90191419 -2.39307483
  0.07227757 -0.56898617]
Sat May 25 18:39:07 2024,650,0.09593800641162469,[-4.6584746   2.3666424  -1.84106057 -0.12409697  0.18672572 -2.68765088
  3.01282994  2.10571258  1.45518711 -0.9253604   0.61239983  1.09170262
  1.13210056 -1.54196786  0.77712891  2.80621756 -0.79815525 -0.6369178
 -1.75472021  0.60195865  1.67657196  2.99185609 -1.20875814 -0.31571266
 -2.42357561 -2.33803698  2.99458175  2.7632273  -0.54433281 -2.36481333
  1.48280789 -0.05850825 -2.3178745   2.09556444  1.28954042 -0.63853963
  0.84777232 -2.31880681 -0.02589542  2.15332934 -0.16394187  0.38886662
  2.71395731  1.04622462  2.46285665  3.16174743  2.64140803 -2.93932945
  0.26537396 -0.81572877  1.75888666  2.86399354 -0.51095156 -2.3176346
  2.78736945 -3.21076727  0.79394321 -0.63487972 -1.74135973  2.69818432
 -1.80955106 -1.58813081 -2.30391431  2.18800731 -2.45128547  2.13559774
  2.07465213  1.53540768  2.38308439  2.80474834  1.64886111  1.20012701
 -1.51324512 -2.22927498  1.47130167  0.71194283  1.31361896 -3.01402306
 -0.37770281  2.51831693 -1.03585401  1.28752024  1.48329384  0.54454999
 -0.83302101  1.11514374  0.6682416  -0.38370053  2.80473739 -1.9930707
  1.53804597 -0.48681174  1.09033661 -2.84976602 -2.4583238   0.45773143
 -1.16150496 -0.4945762   0.36531611 -0.11126704 -1.65032845 -0.04116991
 -0.85970563  2.81181064 -1.06239948 -1.38013466 -0.94883368  1.07796512
  1.85224684 -0.69616515  1.97232729 -2.19417565 -0.3472772  -0.73251674
 -2.89008123  3.16480336 -1.63194517  3.13522489 -1.26602518 -2.70847979
  3.36217199 -1.2332229  -0.77649634 -2.88407569 -2.71720591  2.54564142
 -2.13655217 -2.04712717 -0.18154927  3.14998822  0.24664245  0.2138497
 -1.25020304 -0.67764024 -1.73377007 -3.03025108  2.87032645  1.23551017
 -0.48570764 -2.1883845   1.10971151 -1.10585765 -0.49042515 -2.73954155
 -2.06516935  1.86554779 -0.8738126   2.62185254 -0.45419515 -2.67151341
 -2.82019519  2.26182951 -3.14423351 -0.44536853 -1.00234851 -0.24660745
  2.34754164  1.84025235  0.01820754 -2.55288704 -2.65892155  0.24436974
 -0.76666242  1.2452413  -2.6277108   1.1250527  -0.38397807  0.42076279
  1.91903307  0.45811852  0.65074872 -1.27156764  1.79161185  2.93982453
  0.99593877  0.22180282 -1.14181247  2.42278753  0.7267406  -1.90977387
 -0.05037933  1.87092227  0.98664678 -1.08002934 -2.30130867  2.22238427
  2.00398627  1.92832363  2.29723354  1.91578695 -1.66121747 -3.10389858
  0.42852326  1.34475847 -2.26275474 -1.12583528  2.31183678  1.39294658
 -0.2719565  -1.84442304 -1.64823693  1.96528122  1.30723887 -1.01188305
 -0.23075491 -0.69309151 -0.30339051  2.30246078 -0.66193863 -0.93534323
  0.77591006 -2.35268956  0.59026928  2.78422908 -0.35242983  2.04722752
 -1.86126412 -1.35336621 -2.59736799 -2.42273032 -1.5015304  -3.02896618
  2.01620147  1.78191073  1.58151687  1.12533461  1.58819422 -2.44421591
 -2.50736691  1.78907334  1.0342725  -0.29185874 -2.47720466  1.43098289
 -1.04394765 -3.04762107 -0.04720682  1.89751567 -2.70128435 -2.36816626
  1.87611883  1.02966587 -0.62617473 -0.49631339 -0.92140752  1.96405505
  0.47262264 -0.35622599  0.40183264 -2.26662896  1.26136564 -0.1533071
  2.40236168  1.2331958   2.87809223 -1.05733876  2.1017113  -0.42989459
 -3.26841203  2.20322039  0.81147114  1.92881077 -1.28919694  1.43910618
 -2.12172302  0.20898518  0.08303729 -2.79059111 -0.90191416 -2.3930748
  0.07227754 -0.56898615]
Sat May 25 18:39:32 2024,651,0.09593800641024748,[-4.65847463  2.36664243 -1.8410606  -0.12409694  0.1867257  -2.6876509
  3.01282991  2.10571256  1.45518714 -0.92536037  0.6123998   1.0917026
  1.13210058 -1.54196784  0.77712889  2.80621758 -0.79815527 -0.63691782
 -1.75472023  0.60195863  1.67657198  2.99185607 -1.20875811 -0.31571263
 -2.42357558 -2.33803696  2.99458173  2.76322732 -0.54433284 -2.36481336
  1.48280787 -0.05850828 -2.31787453  2.09556442  1.28954044 -0.63853961
  0.84777235 -2.31880683 -0.02589544  2.15332937 -0.16394189  0.38886659
  2.71395729  1.04622459  2.46285668  3.1617474   2.64140806 -2.93932943
  0.26537399 -0.81572879  1.75888668  2.86399356 -0.51095153 -2.31763463
  2.78736947 -3.21076729  0.79394319 -0.63487969 -1.7413597   2.69818434
 -1.80955104 -1.58813079 -2.30391434  2.18800733 -2.45128545  2.13559771
  2.07465211  1.53540771  2.38308436  2.80474832  1.64886108  1.20012704
 -1.5132451  -2.229275    1.47130165  0.71194286  1.31361894 -3.01402308
 -0.37770279  2.51831696 -1.03585403  1.28752021  1.48329386  0.54455001
 -0.83302099  1.11514376  0.66824163 -0.38370051  2.80473737 -1.99307068
  1.538046   -0.48681176  1.09033663 -2.84976605 -2.45832378  0.4577314
 -1.16150494 -0.49457622  0.36531609 -0.11126706 -1.65032843 -0.04116993
 -0.85970565  2.81181062 -1.0623995  -1.38013469 -0.9488337   1.07796514
  1.85224686 -0.69616512  1.97232731 -2.19417563 -0.34727722 -0.73251672
 -2.8900812   3.16480333 -1.63194519  3.13522487 -1.26602515 -2.70847981
  3.36217196 -1.23322292 -0.77649632 -2.88407566 -2.71720589  2.54564144
 -2.13655215 -2.0471272  -0.18154929  3.14998824  0.24664243  0.21384973
 -1.25020307 -0.67764022 -1.73377005 -3.03025106  2.87032647  1.23551014
 -0.48570767 -2.18838447  1.10971149 -1.10585763 -0.49042512 -2.73954153
 -2.06516933  1.86554781 -0.87381262  2.62185256 -0.45419512 -2.67151339
 -2.82019521  2.26182954 -3.14423349 -0.44536851 -1.00234849 -0.24660742
  2.34754166  1.84025232  0.01820751 -2.55288707 -2.65892153  0.24436971
 -0.7666624   1.24524128 -2.62771082  1.12505268 -0.38397809  0.42076277
  1.91903305  0.45811854  0.65074875 -1.27156761  1.79161187  2.9398245
  0.99593879  0.22180285 -1.14181249  2.42278755  0.72674063 -1.90977385
 -0.05037936  1.87092229  0.9866468  -1.08002931 -2.30130869  2.22238429
  2.00398625  1.92832365  2.29723357  1.91578693 -1.66121745 -3.10389856
  0.42852329  1.34475849 -2.26275471 -1.1258353   2.3118368   1.3929466
 -0.27195653 -1.84442301 -1.64823696  1.9652812   1.30723889 -1.01188302
 -0.23075489 -0.69309149 -0.30339048  2.3024608  -0.66193865 -0.93534325
  0.77591004 -2.35268958  0.59026926  2.78422911 -0.35242981  2.04722755
 -1.86126414 -1.35336624 -2.59736796 -2.42273034 -1.50153038 -3.02896615
  2.01620145  1.78191075  1.5815169   1.12533459  1.58819424 -2.44421593
 -2.50736693  1.78907337  1.03427252 -0.29185872 -2.47720463  1.43098287
 -1.04394767 -3.0476211  -0.04720684  1.89751565 -2.70128432 -2.36816624
  1.87611886  1.02966584 -0.62617471 -0.49631336 -0.92140749  1.96405507
  0.47262266 -0.35622601  0.40183262 -2.26662894  1.26136562 -0.15330708
  2.40236171  1.23319577  2.8780922  -1.05733878  2.10171133 -0.42989461
 -3.26841205  2.20322042  0.81147116  1.92881074 -1.28919692  1.43910615
 -2.12172304  0.2089852   0.08303732 -2.79059109 -0.90191419 -2.39307483
  0.07227752 -0.56898613]
Sat May 25 18:40:18 2024,652,0.09593800640888131,[-4.65847465  2.3666424  -1.84106057 -0.12409697  0.18672572 -2.68765093
  3.01282994  2.10571258  1.45518711 -0.92536035  0.61239978  1.09170262
  1.13210056 -1.54196782  0.77712886  2.80621756 -0.79815525 -0.6369178
 -1.75472026  0.6019586   1.67657201  2.99185609 -1.20875814 -0.31571261
 -2.42357561 -2.33803698  2.9945817   2.7632273  -0.54433286 -2.36481333
  1.48280784 -0.05850825 -2.3178745   2.09556439  1.28954046 -0.63853958
  0.84777237 -2.31880681 -0.02589546  2.15332934 -0.16394187  0.38886657
  2.71395726  1.04622462  2.4628567   3.16174743  2.64140803 -2.93932945
  0.26537396 -0.81572882  1.75888666  2.86399359 -0.51095156 -2.31763465
  2.78736945 -3.21076732  0.79394316 -0.63487972 -1.74135973  2.69818436
 -1.80955101 -1.58813081 -2.30391431  2.18800731 -2.45128547  2.13559774
  2.07465208  1.53540773  2.38308439  2.80474829  1.64886106  1.20012706
 -1.51324507 -2.22927498  1.47130162  0.71194283  1.31361896 -3.0140231
 -0.37770281  2.51831698 -1.03585406  1.28752019  1.48329389  0.54455004
 -0.83302101  1.11514374  0.6682416  -0.38370053  2.80473734 -1.9930707
  1.53804602 -0.48681178  1.09033665 -2.84976602 -2.4583238   0.45773138
 -1.16150491 -0.4945762   0.36531606 -0.11126709 -1.6503284  -0.04116991
 -0.85970568  2.81181064 -1.06239948 -1.38013471 -0.94883373  1.07796512
  1.85224684 -0.6961651   1.97232733 -2.1941756  -0.3472772  -0.73251674
 -2.89008123  3.16480331 -1.63194522  3.13522489 -1.26602518 -2.70847984
  3.36217194 -1.2332229  -0.77649629 -2.88407569 -2.71720586  2.54564142
 -2.13655212 -2.04712722 -0.18154931  3.14998822  0.24664245  0.21384971
 -1.25020309 -0.67764019 -1.73377007 -3.03025103  2.8703265   1.23551012
 -0.48570764 -2.18838445  1.10971151 -1.10585761 -0.4904251  -2.7395415
 -2.06516935  1.86554779 -0.87381265  2.62185259 -0.45419515 -2.67151337
 -2.82019519  2.26182956 -3.14423346 -0.44536848 -1.00234851 -0.24660745
  2.34754169  1.8402523   0.01820749 -2.55288704 -2.65892151  0.24436974
 -0.76666237  1.2452413  -2.6277108   1.1250527  -0.38397811  0.42076275
  1.91903303  0.45811852  0.65074872 -1.27156764  1.7916119   2.93982448
  0.99593877  0.22180282 -1.14181247  2.42278758  0.7267406  -1.90977382
 -0.05037933  1.87092227  0.98664683 -1.08002929 -2.30130872  2.22238432
  2.00398622  1.92832363  2.29723359  1.91578695 -1.66121747 -3.10389858
  0.42852326  1.34475847 -2.26275474 -1.12583528  2.31183682  1.39294658
 -0.2719565  -1.84442299 -1.64823698  1.96528122  1.30723887 -1.011883
 -0.23075491 -0.69309151 -0.30339051  2.30246083 -0.66193863 -0.93534328
  0.77591006 -2.35268961  0.59026923  2.78422908 -0.35242983  2.04722752
 -1.86126412 -1.35336621 -2.59736794 -2.42273036 -1.5015304  -3.02896613
  2.01620142  1.78191073  1.58151687  1.12533456  1.58819426 -2.44421591
 -2.50736691  1.78907334  1.0342725  -0.29185874 -2.47720466  1.43098285
 -1.04394769 -3.04762112 -0.04720682  1.89751567 -2.70128435 -2.36816626
  1.87611883  1.02966582 -0.62617473 -0.49631334 -0.92140747  1.96405505
  0.47262269 -0.35622599  0.40183259 -2.26662891  1.26136559 -0.1533071
  2.40236173  1.2331958   2.87809223 -1.05733881  2.10171135 -0.42989459
 -3.26841207  2.20322044  0.81147119  1.92881077 -1.28919694  1.43910617
 -2.12172302  0.20898518  0.08303734 -2.79059107 -0.90191421 -2.39307485
  0.07227754 -0.56898615]
Sat May 25 18:40:43 2024,653,0.09593800640752465,[-4.65847468  2.36664243 -1.8410606  -0.12409699  0.18672575 -2.6876509
  3.01282996  2.10571261  1.45518714 -0.92536037  0.61239975  1.0917026
  1.13210058 -1.54196784  0.77712884  2.80621753 -0.79815527 -0.63691782
 -1.75472028  0.60195858  1.67657198  2.99185612 -1.20875811 -0.31571263
 -2.42357558 -2.33803696  2.99458173  2.76322732 -0.54433289 -2.36481331
  1.48280787 -0.05850823 -2.31787453  2.09556437  1.28954049 -0.63853961
  0.84777235 -2.31880679 -0.02589549  2.15332932 -0.16394185  0.38886654
  2.71395724  1.04622464  2.46285668  3.1617474   2.64140801 -2.93932943
  0.26537399 -0.81572884  1.75888668  2.86399361 -0.51095153 -2.31763468
  2.78736942 -3.21076734  0.79394314 -0.63487974 -1.7413597   2.69818434
 -1.80955099 -1.58813083 -2.30391434  2.18800728 -2.4512855   2.13559776
  2.07465206  1.53540771  2.38308437  2.80474832  1.64886104  1.20012704
 -1.51324505 -2.229275    1.47130165  0.71194281  1.31361899 -3.01402308
 -0.37770284  2.51831701 -1.03585408  1.28752021  1.48329387  0.54455001
 -0.83302103  1.11514372  0.66824163 -0.38370056  2.80473732 -1.99307073
  1.538046   -0.48681176  1.09033668 -2.849766   -2.45832382  0.45773136
 -1.16150489 -0.49457618  0.36531604 -0.11126706 -1.65032838 -0.04116993
 -0.8597057   2.81181062 -1.0623995  -1.38013474 -0.9488337   1.07796514
  1.85224686 -0.69616512  1.97232736 -2.19417563 -0.34727722 -0.73251677
 -2.8900812   3.16480328 -1.63194519  3.13522491 -1.26602515 -2.70847986
  3.36217196 -1.23322292 -0.77649632 -2.88407571 -2.71720589  2.5456414
 -2.1365521  -2.04712725 -0.18154929  3.14998819  0.24664247  0.21384968
 -1.25020307 -0.67764017 -1.73377005 -3.03025101  2.87032652  1.23551014
 -0.48570767 -2.18838442  1.10971149 -1.10585758 -0.49042507 -2.73954153
 -2.06516937  1.86554781 -0.87381262  2.62185261 -0.45419517 -2.67151339
 -2.82019517  2.26182954 -3.14423349 -0.44536846 -1.00234849 -0.24660747
  2.34754171  1.84025232  0.01820751 -2.55288706 -2.65892153  0.24436971
 -0.7666624   1.24524132 -2.62771082  1.12505268 -0.38397814  0.42076277
  1.919033    0.45811854  0.65074875 -1.27156761  1.79161192  2.9398245
  0.99593879  0.2218028  -1.14181244  2.4227876   0.72674063 -1.9097738
 -0.05037931  1.87092229  0.9866468  -1.08002926 -2.30130869  2.22238429
  2.0039862   1.92832365  2.29723357  1.91578698 -1.6612175  -3.10389861
  0.42852329  1.34475849 -2.26275476 -1.12583526  2.3118368   1.39294655
 -0.27195653 -1.84442301 -1.64823696  1.9652812   1.30723885 -1.01188298
 -0.23075494 -0.69309153 -0.30339048  2.30246085 -0.66193861 -0.93534325
  0.77591004 -2.35268958  0.59026921  2.78422906 -0.35242981  2.0472275
 -1.86126409 -1.35336619 -2.59736796 -2.42273039 -1.50153038 -3.02896615
  2.0162014   1.7819107   1.58151685  1.12533454  1.58819429 -2.44421588
 -2.50736693  1.78907332  1.03427252 -0.29185872 -2.47720463  1.43098287
 -1.04394767 -3.04762115 -0.04720679  1.89751569 -2.70128432 -2.36816624
  1.87611886  1.02966584 -0.62617475 -0.49631336 -0.92140745  1.96405507
  0.47262266 -0.35622601  0.40183257 -2.26662894  1.26136557 -0.15330708
  2.40236176  1.23319577  2.8780922  -1.05733883  2.10171138 -0.42989456
 -3.26841205  2.20322042  0.81147121  1.92881074 -1.28919697  1.43910615
 -2.121723    0.20898515  0.08303736 -2.79059109 -0.90191419 -2.39307483
  0.07227752 -0.56898613]
Sat May 25 18:41:10 2024,654,0.09593800640617857,[-4.6584747   2.36664245 -1.84106057 -0.12409701  0.18672577 -2.68765088
  3.01282994  2.10571263  1.45518716 -0.92536035  0.61239973  1.09170257
  1.13210056 -1.54196786  0.77712882  2.80621751 -0.79815525 -0.6369178
 -1.75472026  0.60195856  1.67657196  2.99185614 -1.20875814 -0.31571261
 -2.42357556 -2.33803693  2.99458175  2.76322735 -0.54433286 -2.36481333
  1.48280789 -0.05850825 -2.3178745   2.09556434  1.28954051 -0.63853963
  0.84777237 -2.31880681 -0.02589551  2.15332929 -0.16394187  0.38886657
  2.71395726  1.04622462  2.46285666  3.16174738  2.64140803 -2.93932941
  0.26537401 -0.81572886  1.75888666  2.86399359 -0.51095151 -2.31763465
  2.7873694  -3.21076737  0.79394316 -0.63487977 -1.74135973  2.69818432
 -1.80955097 -1.58813086 -2.30391431  2.18800726 -2.45128552  2.13559778
  2.07465208  1.53540768  2.38308434  2.80474834  1.64886101  1.20012701
 -1.51324503 -2.22927503  1.47130162  0.71194283  1.31361901 -3.0140231
 -0.37770281  2.51831703 -1.03585406  1.28752024  1.48329389  0.54454999
 -0.83302106  1.11514374  0.6682416  -0.38370058  2.80473734 -1.9930707
  1.53804602 -0.48681174  1.0903367  -2.84976597 -2.4583238   0.45773133
 -1.16150491 -0.49457615  0.36531606 -0.11126709 -1.65032836 -0.04116995
 -0.85970568  2.81181064 -1.06239948 -1.38013476 -0.94883373  1.07796512
  1.85224689 -0.69616515  1.97232733 -2.19417565 -0.3472772  -0.73251679
 -2.89008123  3.16480326 -1.63194517  3.13522494 -1.26602513 -2.70847984
  3.36217194 -1.23322294 -0.77649629 -2.88407573 -2.71720591  2.54564137
 -2.13655212 -2.04712727 -0.18154931  3.14998822  0.24664245  0.21384966
 -1.25020309 -0.67764019 -1.73377003 -3.03025099  2.8703265   1.23551012
 -0.48570769 -2.1883844   1.10971151 -1.10585756 -0.4904251  -2.7395415
 -2.06516935  1.86554784 -0.8738126   2.62185259 -0.45419515 -2.67151341
 -2.82019519  2.26182951 -3.14423346 -0.44536848 -1.00234847 -0.24660745
  2.34754173  1.84025235  0.01820749 -2.55288709 -2.65892155  0.24436969
 -0.76666237  1.24524135 -2.62771084  1.12505265 -0.38397816  0.42076275
  1.91903303  0.45811856  0.65074872 -1.27156764  1.7916119   2.93982448
  0.99593877  0.22180282 -1.14181247  2.42278762  0.7267406  -1.90977382
 -0.05037928  1.87092227  0.98664678 -1.08002929 -2.30130867  2.22238427
  2.00398617  1.92832363  2.29723359  1.915787   -1.66121747 -3.10389858
  0.42852331  1.34475847 -2.26275479 -1.12583528  2.31183678  1.39294658
 -0.27195655 -1.84442303 -1.64823698  1.96528117  1.30723887 -1.01188295
 -0.23075491 -0.69309151 -0.30339046  2.30246087 -0.66193858 -0.93534323
  0.77591001 -2.35268956  0.59026923  2.78422904 -0.35242978  2.04722752
 -1.86126407 -1.35336616 -2.59736799 -2.42273036 -1.5015304  -3.02896613
  2.01620142  1.78191073  1.58151682  1.12533456  1.58819426 -2.44421586
 -2.50736696  1.78907334  1.0342725  -0.29185874 -2.47720461  1.43098285
 -1.04394765 -3.04762117 -0.04720682  1.89751567 -2.70128435 -2.36816626
  1.87611888  1.02966587 -0.62617473 -0.49631334 -0.92140747  1.96405505
  0.47262264 -0.35622599  0.40183259 -2.26662896  1.26136555 -0.15330705
  2.40236178  1.2331958   2.87809218 -1.05733886  2.1017114  -0.42989459
 -3.26841203  2.20322039  0.81147119  1.92881072 -1.28919694  1.43910617
 -2.12172297  0.20898518  0.08303734 -2.79059111 -0.90191421 -2.3930748
  0.07227754 -0.5689861 ]
Sat May 25 18:41:37 2024,655,0.09593800640484221,[-4.65847472  2.36664243 -1.84106055 -0.12409704  0.18672579 -2.68765086
  3.01282996  2.10571266  1.45518719 -0.92536037  0.61239971  1.0917026
  1.13210053 -1.54196789  0.77712884  2.80621753 -0.79815523 -0.63691777
 -1.75472023  0.60195858  1.67657198  2.99185617 -1.20875811 -0.31571263
 -2.42357558 -2.33803691  2.99458177  2.76322737 -0.54433289 -2.36481336
  1.48280791 -0.05850823 -2.31787448  2.09556432  1.28954049 -0.63853965
  0.84777235 -2.31880679 -0.02589553  2.15332927 -0.16394189  0.38886659
  2.71395729  1.04622459  2.46285668  3.1617474   2.64140801 -2.93932943
  0.26537403 -0.81572884  1.75888663  2.86399356 -0.51095149 -2.31763468
  2.78736938 -3.21076739  0.79394319 -0.63487974 -1.74135975  2.69818429
 -1.80955094 -1.58813083 -2.30391434  2.18800723 -2.4512855   2.13559781
  2.07465211  1.53540771  2.38308436  2.80474836  1.64886099  1.20012704
 -1.51324505 -2.22927505  1.4713016   0.71194281  1.31361899 -3.01402313
 -0.37770284  2.51831705 -1.03585408  1.28752026  1.48329391  0.54455001
 -0.83302108  1.11514376  0.66824158 -0.38370056  2.80473732 -1.99307073
  1.538046   -0.48681176  1.09033672 -2.84976595 -2.45832378  0.45773135
 -1.16150494 -0.49457613  0.36531604 -0.11126706 -1.65032838 -0.04116998
 -0.8597057   2.81181062 -1.06239946 -1.38013474 -0.94883375  1.07796514
  1.85224691 -0.69616517  1.97232736 -2.19417563 -0.34727722 -0.73251677
 -2.89008125  3.16480324 -1.63194519  3.13522496 -1.26602511 -2.70847986
  3.36217192 -1.23322297 -0.77649627 -2.88407576 -2.71720589  2.54564135
 -2.13655215 -2.04712729 -0.18154929  3.14998819  0.24664247  0.21384963
 -1.25020311 -0.67764017 -1.73377    -3.03025101  2.87032647  1.2355101
 -0.48570767 -2.18838438  1.10971149 -1.10585758 -0.49042507 -2.73954148
 -2.06516937  1.86554786 -0.87381258  2.62185256 -0.45419512 -2.67151344
 -2.82019521  2.26182954 -3.14423349 -0.44536851 -1.00234844 -0.24660742
  2.34754171  1.84025232  0.01820746 -2.55288707 -2.65892158  0.24436967
 -0.76666235  1.24524137 -2.62771087  1.12505268 -0.38397819  0.42076272
  1.919033    0.45811859  0.6507487  -1.27156761  1.79161187  2.9398245
  0.99593874  0.2218028  -1.14181249  2.42278765  0.72674063 -1.90977385
 -0.05037931  1.87092229  0.98664675 -1.08002926 -2.30130869  2.22238425
  2.0039862   1.92832365  2.29723357  1.91578698 -1.66121745 -3.10389856
  0.42852329  1.34475844 -2.26275481 -1.1258353   2.31183675  1.3929466
 -0.27195657 -1.84442301 -1.648237    1.96528115  1.30723889 -1.01188293
 -0.23075489 -0.69309149 -0.30339048  2.3024609  -0.66193856 -0.93534325
  0.77590999 -2.35268958  0.59026926  2.78422906 -0.35242981  2.04722755
 -1.86126405 -1.35336614 -2.59736801 -2.42273039 -1.50153042 -3.0289661
  2.0162014   1.78191075  1.58151685  1.12533459  1.58819424 -2.44421588
 -2.50736698  1.78907332  1.03427248 -0.29185877 -2.47720463  1.43098287
 -1.04394767 -3.04762119 -0.04720679  1.89751565 -2.70128437 -2.36816624
  1.8761189   1.02966584 -0.62617471 -0.49631336 -0.92140749  1.96405503
  0.47262266 -0.35622597  0.40183257 -2.26662898  1.26136557 -0.15330708
  2.4023618   1.23319577  2.8780922  -1.05733883  2.10171142 -0.42989461
 -3.268412    2.20322037  0.81147116  1.92881069 -1.28919697  1.4391062
 -2.12172295  0.20898515  0.08303736 -2.79059109 -0.90191424 -2.39307483
  0.07227757 -0.56898613]
Sat May 25 18:42:00 2024,656,0.09593800640351545,[-4.65847475  2.36664245 -1.84106057 -0.12409701  0.18672582 -2.68765088
  3.01282998  2.10571263  1.45518716 -0.92536035  0.61239968  1.09170262
  1.13210051 -1.54196786  0.77712882  2.80621751 -0.7981552  -0.63691775
 -1.75472026  0.6019586   1.67657196  2.99185619 -1.20875814 -0.31571261
 -2.4235756  -2.33803693  2.99458175  2.76322735 -0.54433291 -2.36481333
  1.48280789 -0.05850825 -2.31787446  2.09556434  1.28954047 -0.63853963
  0.84777233 -2.31880681 -0.02589551  2.15332929 -0.16394187  0.38886661
  2.71395731  1.04622462  2.46285666  3.16174738  2.64140799 -2.93932941
  0.26537401 -0.81572882  1.75888666  2.86399354 -0.51095151 -2.31763465
  2.7873694  -3.21076741  0.79394321 -0.63487976 -1.74135973  2.69818427
 -1.80955097 -1.58813086 -2.30391436  2.18800726 -2.45128552  2.13559778
  2.07465213  1.53540773  2.38308439  2.80474834  1.64886097  1.20012706
 -1.51324503 -2.22927508  1.47130157  0.71194279  1.31361896 -3.01402315
 -0.37770286  2.51831708 -1.03585406  1.28752028  1.48329389  0.54455004
 -0.83302111  1.11514374  0.6682416  -0.38370053  2.80473734 -1.99307075
  1.53804597 -0.48681178  1.09033675 -2.84976593 -2.45832375  0.45773133
 -1.16150491 -0.49457615  0.36531606 -0.11126709 -1.6503284  -0.04117
 -0.85970572  2.81181059 -1.06239943 -1.38013476 -0.94883377  1.07796517
  1.85224693 -0.69616515  1.97232733 -2.19417565 -0.34727724 -0.73251674
 -2.89008127  3.16480326 -1.63194522  3.13522494 -1.26602513 -2.70847988
  3.36217194 -1.23322299 -0.77649625 -2.88407578 -2.71720591  2.54564137
 -2.13655217 -2.04712732 -0.18154931  3.14998817  0.2466425   0.21384961
 -1.25020314 -0.67764019 -1.73377003 -3.03025099  2.8703265   1.23551007
 -0.48570764 -2.1883844   1.10971151 -1.10585756 -0.49042505 -2.73954145
 -2.0651694   1.86554789 -0.8738126   2.62185254 -0.45419515 -2.67151346
 -2.82019519  2.26182951 -3.14423351 -0.44536853 -1.00234842 -0.24660745
  2.34754169  1.84025235  0.01820749 -2.55288704 -2.65892155  0.24436969
 -0.76666237  1.24524135 -2.62771084  1.12505265 -0.38397821  0.42076275
  1.91903298  0.45811861  0.65074872 -1.27156759  1.79161185  2.93982448
  0.99593872  0.22180278 -1.14181251  2.42278762  0.72674065 -1.90977382
 -0.05037928  1.87092232  0.98664678 -1.08002924 -2.30130872  2.22238422
  2.00398622  1.92832363  2.29723354  1.915787   -1.66121743 -3.10389853
  0.42852326  1.34475842 -2.26275483 -1.12583533  2.31183673  1.39294662
 -0.27195655 -1.84442299 -1.64823703  1.96528117  1.30723887 -1.01188295
 -0.23075491 -0.69309146 -0.30339051  2.30246087 -0.66193854 -0.93534323
  0.77591001 -2.35268961  0.59026923  2.78422904 -0.35242983  2.04722757
 -1.86126407 -1.35336616 -2.59736804 -2.42273041 -1.5015304  -3.02896608
  2.01620142  1.78191077  1.58151687  1.12533456  1.58819426 -2.44421591
 -2.50736701  1.7890733   1.0342725  -0.29185879 -2.47720461  1.43098289
 -1.04394769 -3.04762117 -0.04720677  1.89751562 -2.70128439 -2.36816626
  1.87611893  1.02966582 -0.62617473 -0.49631339 -0.92140747  1.964055
  0.47262264 -0.35622599  0.40183255 -2.26662901  1.26136559 -0.15330705
  2.40236183  1.2331958   2.87809223 -1.05733881  2.1017114  -0.42989459
 -3.26841198  2.20322035  0.81147119  1.92881067 -1.28919694  1.43910617
 -2.12172297  0.20898518  0.08303739 -2.79059111 -0.90191421 -2.39307485
  0.07227754 -0.5689861 ]
Sat May 25 18:42:25 2024,657,0.09593800640219825,[-4.65847477  2.36664248 -1.84106055 -0.12409704  0.18672584 -2.6876509
  3.01282996  2.10571261  1.45518718 -0.92536037  0.61239971  1.09170264
  1.13210053 -1.54196784  0.77712879  2.80621753 -0.79815518 -0.63691777
 -1.75472023  0.60195863  1.67657193  2.99185621 -1.20875816 -0.31571258
 -2.42357558 -2.33803691  2.99458177  2.76322737 -0.54433293 -2.36481336
  1.48280787 -0.05850823 -2.31787443  2.09556437  1.28954044 -0.63853965
  0.8477723  -2.31880679 -0.02589549  2.15332932 -0.16394189  0.38886664
  2.71395733  1.04622464  2.46285668  3.16174736  2.64140796 -2.93932938
  0.26537399 -0.81572884  1.75888663  2.86399352 -0.51095153 -2.31763463
  2.78736942 -3.21076744  0.79394319 -0.63487979 -1.74135975  2.69818429
 -1.80955099 -1.58813088 -2.30391438  2.18800728 -2.4512855   2.13559781
  2.07465211  1.53540775  2.38308437  2.80474836  1.64886094  1.20012709
 -1.51324505 -2.2292751   1.4713016   0.71194276  1.31361894 -3.01402317
 -0.37770284  2.51831705 -1.03585408  1.28752031  1.48329387  0.54455001
 -0.83302108  1.11514372  0.66824158 -0.38370051  2.80473737 -1.99307073
  1.53804595 -0.48681176  1.09033672 -2.84976595 -2.45832378  0.45773135
 -1.16150489 -0.49457617  0.36531609 -0.11126711 -1.65032838 -0.04117002
 -0.8597057   2.81181057 -1.06239941 -1.38013474 -0.9488338   1.07796519
  1.85224696 -0.69616517  1.97232731 -2.19417567 -0.34727722 -0.73251672
 -2.8900813   3.16480328 -1.63194524  3.13522496 -1.26602511 -2.70847991
  3.36217196 -1.23322301 -0.77649627 -2.88407576 -2.71720589  2.54564135
 -2.13655219 -2.04712734 -0.18154934  3.14998815  0.24664247  0.21384959
 -1.25020316 -0.67764021 -1.73377005 -3.03025101  2.87032652  1.2355101
 -0.48570762 -2.18838442  1.10971154 -1.10585753 -0.49042507 -2.73954143
 -2.06516937  1.86554786 -0.87381262  2.62185252 -0.45419517 -2.67151344
 -2.82019517  2.26182954 -3.14423353 -0.44536855 -1.00234844 -0.24660747
  2.34754171  1.84025232  0.01820751 -2.55288702 -2.65892158  0.24436967
 -0.76666235  1.24524132 -2.62771087  1.12505268 -0.38397823  0.42076272
  1.919033    0.45811863  0.65074875 -1.27156761  1.79161183  2.93982445
  0.99593874  0.22180275 -1.14181254  2.42278765  0.72674067 -1.9097738
 -0.05037926  1.87092234  0.9866468  -1.08002926 -2.30130869  2.22238425
  2.0039862   1.92832361  2.29723352  1.91578698 -1.6612174  -3.10389856
  0.42852324  1.34475844 -2.26275486 -1.1258353   2.31183675  1.39294665
 -0.27195657 -1.84442301 -1.648237    1.96528115  1.30723885 -1.01188297
 -0.23075489 -0.69309144 -0.30339053  2.30246085 -0.66193851 -0.93534325
  0.77590999 -2.35268963  0.59026921  2.78422901 -0.35242981  2.04722755
 -1.86126405 -1.35336619 -2.59736801 -2.42273039 -1.50153042 -3.02896606
  2.01620145  1.7819108   1.5815169   1.12533459  1.58819429 -2.44421588
 -2.50736698  1.78907332  1.03427248 -0.29185881 -2.47720459  1.43098287
 -1.04394767 -3.04762115 -0.04720675  1.8975156  -2.70128442 -2.36816624
  1.87611895  1.0296658  -0.62617475 -0.49631336 -0.92140749  1.96405498
  0.47262266 -0.35622597  0.40183252 -2.26662898  1.26136562 -0.15330703
  2.40236185  1.23319582  2.8780922  -1.05733879  2.10171142 -0.42989456
 -3.268412    2.20322037  0.81147121  1.92881065 -1.28919692  1.43910615
 -2.12172299  0.20898515  0.08303741 -2.79059114 -0.90191424 -2.39307483
  0.07227757 -0.56898608]
Sat May 25 18:42:53 2024,658,0.09593800640089079,[-4.65847479  2.3666425  -1.84106057 -0.12409702  0.18672586 -2.68765092
  3.01282994  2.10571263  1.45518721 -0.9253604   0.61239968  1.09170262
  1.13210051 -1.54196782  0.77712882  2.80621751 -0.79815516 -0.6369178
 -1.75472021  0.6019586   1.67657191  2.99185623 -1.20875814 -0.31571261
 -2.4235756  -2.33803689  2.99458175  2.76322739 -0.54433291 -2.36481338
  1.48280784 -0.05850821 -2.31787446  2.09556439  1.28954047 -0.63853963
  0.84777228 -2.31880681 -0.02589546  2.15332929 -0.16394192  0.38886666
  2.71395736  1.04622462  2.46285666  3.16174738  2.64140794 -2.93932941
  0.26537396 -0.81572886  1.75888666  2.86399354 -0.51095151 -2.31763461
  2.78736945 -3.21076746  0.79394321 -0.63487977 -1.74135978  2.69818427
 -1.80955101 -1.5881309  -2.30391441  2.18800726 -2.45128547  2.13559778
  2.07465213  1.53540773  2.38308439  2.80474839  1.64886097  1.20012706
 -1.51324507 -2.22927512  1.47130158  0.71194279  1.31361892 -3.0140232
 -0.37770282  2.51831703 -1.0358541   1.28752033  1.48329384  0.54454999
 -0.83302111  1.11514374  0.66824156 -0.38370053  2.80473739 -1.99307075
  1.53804593 -0.48681178  1.09033675 -2.84976593 -2.45832375  0.45773133
 -1.16150487 -0.4945762   0.36531611 -0.11126713 -1.65032836 -0.04117005
 -0.85970572  2.81181059 -1.06239939 -1.38013476 -0.94883377  1.07796521
  1.85224698 -0.69616515  1.97232729 -2.1941757  -0.34727724 -0.73251674
 -2.89008127  3.16480331 -1.63194522  3.13522498 -1.26602508 -2.70847993
  3.36217194 -1.23322299 -0.77649625 -2.88407573 -2.71720591  2.54564133
 -2.13655217 -2.04712736 -0.18154931  3.14998812  0.24664245  0.21384961
 -1.25020318 -0.67764024 -1.73377003 -3.03025099  2.87032654  1.23551012
 -0.4857076  -2.18838445  1.10971151 -1.10585751 -0.49042505 -2.73954145
 -2.06516935  1.86554789 -0.8738126   2.62185254 -0.45419519 -2.67151346
 -2.82019519  2.26182951 -3.14423351 -0.44536858 -1.00234847 -0.24660745
  2.34754169  1.8402523   0.01820753 -2.55288704 -2.65892155  0.24436964
 -0.76666237  1.2452413  -2.62771084  1.12505265 -0.38397821  0.4207627
  1.91903302  0.45811861  0.65074877 -1.27156759  1.7916118   2.93982448
  0.99593877  0.22180278 -1.14181256  2.42278767  0.72674065 -1.90977382
 -0.05037928  1.87092236  0.98664678 -1.08002924 -2.30130867  2.22238427
  2.00398622  1.92832358  2.2972335   1.915787   -1.66121743 -3.10389853
  0.42852322  1.34475847 -2.26275483 -1.12583533  2.31183678  1.39294662
 -0.2719566  -1.84442299 -1.64823698  1.96528113  1.30723887 -1.01188295
 -0.23075487 -0.69309146 -0.30339055  2.30246087 -0.66193854 -0.93534328
  0.77590997 -2.35268965  0.59026919  2.78422904 -0.35242983  2.04722752
 -1.86126407 -1.35336621 -2.59736799 -2.42273036 -1.5015304  -3.02896608
  2.01620142  1.78191082  1.58151687  1.12533461  1.58819426 -2.44421586
 -2.50736701  1.78907334  1.03427245 -0.29185879 -2.47720461  1.43098285
 -1.04394769 -3.04762117 -0.04720677  1.89751562 -2.70128439 -2.36816626
  1.87611897  1.02966577 -0.62617478 -0.49631334 -0.92140752  1.964055
  0.47262264 -0.35622594  0.4018325  -2.26662901  1.26136564 -0.15330701
  2.40236187  1.23319584  2.87809218 -1.05733876  2.1017114  -0.42989459
 -3.26841198  2.20322039  0.81147119  1.92881062 -1.2891969   1.43910613
 -2.12172302  0.20898513  0.08303739 -2.79059116 -0.90191421 -2.3930748
  0.07227759 -0.5689861 ]
Sat May 25 18:43:21 2024,659,0.09593800639959227,[-4.65847482  2.36664248 -1.8410606  -0.12409704  0.18672584 -2.6876509
  3.01282996  2.10571265  1.45518723 -0.92536037  0.61239971  1.0917026
  1.13210049 -1.54196779  0.77712884  2.80621749 -0.79815513 -0.63691777
 -1.75472023  0.60195863  1.67657189  2.99185621 -1.20875811 -0.31571258
 -2.42357563 -2.33803691  2.99458173  2.76322742 -0.54433293 -2.3648134
  1.48280782 -0.05850823 -2.31787448  2.09556441  1.28954044 -0.63853961
  0.84777226 -2.31880683 -0.02589544  2.15332932 -0.16394194  0.38886664
  2.71395738  1.04622464  2.46285668  3.1617474   2.64140796 -2.93932938
  0.26537399 -0.81572889  1.75888663  2.86399356 -0.51095149 -2.31763463
  2.78736947 -3.21076748  0.79394319 -0.63487979 -1.74135975  2.69818429
 -1.80955104 -1.58813088 -2.30391443  2.18800728 -2.4512855   2.13559776
  2.07465215  1.53540771  2.38308441  2.80474836  1.64886099  1.20012704
 -1.51324509 -2.2292751   1.47130155  0.71194276  1.31361889 -3.01402322
 -0.37770284  2.51831705 -1.03585413  1.28752035  1.48329387  0.54455001
 -0.83302108  1.11514372  0.66824158 -0.38370056  2.80473741 -1.99307077
  1.53804595 -0.48681176  1.09033677 -2.8497659  -2.45832378  0.45773135
 -1.16150489 -0.49457617  0.36531613 -0.11126711 -1.65032838 -0.04117002
 -0.8597057   2.81181057 -1.06239936 -1.38013478 -0.9488338   1.07796524
  1.852247   -0.69616517  1.97232726 -2.19417572 -0.34727722 -0.73251672
 -2.8900813   3.16480333 -1.63194519  3.13522496 -1.26602511 -2.70847991
  3.36217196 -1.23322301 -0.77649622 -2.88407571 -2.71720589  2.54564135
 -2.13655215 -2.04712734 -0.18154929  3.1499881   0.24664247  0.21384959
 -1.25020321 -0.67764026 -1.73377005 -3.03025101  2.87032652  1.2355101
 -0.48570762 -2.18838442  1.10971149 -1.10585753 -0.49042503 -2.73954148
 -2.06516937  1.86554786 -0.87381258  2.62185252 -0.45419517 -2.67151348
 -2.82019521  2.26182954 -3.14423353 -0.4453686  -1.00234844 -0.24660747
  2.34754171  1.84025232  0.01820751 -2.55288706 -2.65892158  0.24436962
 -0.76666235  1.24524132 -2.62771087  1.12505263 -0.38397823  0.42076268
  1.91903305  0.45811863  0.65074875 -1.27156761  1.79161183  2.93982445
  0.99593879  0.22180275 -1.14181258  2.42278769  0.72674063 -1.9097738
 -0.05037926  1.87092238  0.98664675 -1.08002926 -2.30130869  2.22238425
  2.0039862   1.92832356  2.29723352  1.91578698 -1.66121745 -3.10389851
  0.42852319  1.34475844 -2.26275486 -1.1258353   2.3118368   1.39294665
 -0.27195657 -1.84442296 -1.64823696  1.9652811   1.30723885 -1.01188293
 -0.23075489 -0.69309144 -0.30339058  2.30246085 -0.66193851 -0.93534325
  0.77590994 -2.35268963  0.59026921  2.78422901 -0.35242985  2.0472275
 -1.86126409 -1.35336623 -2.59736797 -2.42273039 -1.50153042 -3.02896606
  2.01620145  1.7819108   1.58151689  1.12533459  1.58819424 -2.44421584
 -2.50736698  1.78907337  1.03427248 -0.29185877 -2.47720463  1.43098287
 -1.04394767 -3.04762115 -0.04720679  1.89751565 -2.70128442 -2.36816628
  1.87611895  1.02966575 -0.62617475 -0.49631332 -0.92140749  1.96405498
  0.47262262 -0.35622592  0.40183248 -2.26662903  1.26136566 -0.15330698
  2.4023619   1.23319587  2.8780922  -1.05733878  2.10171138 -0.42989461
 -3.268412    2.20322037  0.81147116  1.9288106  -1.28919687  1.43910611
 -2.12172299  0.20898515  0.08303741 -2.79059114 -0.90191424 -2.39307478
  0.07227757 -0.56898613]
Sat May 25 18:43:46 2024,660,0.09593800639830266,[-4.65847484  2.3666425  -1.84106062 -0.12409706  0.18672586 -2.68765092
  3.01282994  2.10571263  1.45518721 -0.92536035  0.61239973  1.09170258
  1.13210046 -1.54196777  0.77712886  2.80621751 -0.79815511 -0.63691775
 -1.75472026  0.6019586   1.67657187  2.99185619 -1.20875809 -0.31571256
 -2.4235756  -2.33803689  2.9945817   2.76322744 -0.54433291 -2.36481343
  1.48280784 -0.05850821 -2.31787446  2.09556439  1.28954042 -0.63853958
  0.84777223 -2.31880686 -0.02589546  2.15332934 -0.16394196  0.38886666
  2.7139574   1.04622462  2.46285666  3.16174743  2.64140799 -2.93932941
  0.26537401 -0.81572891  1.75888661  2.86399354 -0.51095147 -2.31763461
  2.78736949 -3.21076746  0.79394316 -0.63487977 -1.74135973  2.69818427
 -1.80955106 -1.58813086 -2.30391441  2.18800726 -2.45128552  2.13559774
  2.07465217  1.53540773  2.38308443  2.80474834  1.64886097  1.20012706
 -1.51324512 -2.22927508  1.47130157  0.71194274  1.31361892 -3.01402324
 -0.37770286  2.51831703 -1.03585415  1.28752038  1.48329389  0.54454999
 -0.8330211   1.11514374  0.66824156 -0.38370058  2.80473743 -1.99307075
  1.53804593 -0.48681174  1.09033679 -2.84976593 -2.45832375  0.45773133
 -1.16150487 -0.4945762   0.36531615 -0.11126713 -1.65032836 -0.04117
 -0.85970572  2.81181059 -1.06239939 -1.38013476 -0.94883382  1.07796526
  1.85224698 -0.69616519  1.97232729 -2.19417574 -0.3472772  -0.73251674
 -2.89008127  3.16480331 -1.63194522  3.13522494 -1.26602513 -2.70847993
  3.36217194 -1.23322299 -0.7764962  -2.88407569 -2.71720587  2.54564133
 -2.13655217 -2.04712736 -0.18154927  3.14998812  0.2466425   0.21384961
 -1.25020318 -0.67764028 -1.73377007 -3.03025103  2.8703265   1.23551012
 -0.48570764 -2.18838445  1.10971147 -1.10585756 -0.490425   -2.73954145
 -2.0651694   1.86554788 -0.8738126   2.62185249 -0.45419515 -2.67151346
 -2.82019519  2.26182956 -3.14423356 -0.44536862 -1.00234842 -0.24660745
  2.34754173  1.84025235  0.01820753 -2.55288709 -2.6589216   0.2443696
 -0.76666233  1.24524135 -2.62771089  1.12505265 -0.38397821  0.4207627
  1.91903302  0.45811866  0.65074877 -1.27156759  1.79161185  2.93982448
  0.99593881  0.22180278 -1.14181256  2.42278767  0.72674065 -1.90977378
 -0.05037928  1.87092241  0.98664673 -1.08002924 -2.30130872  2.22238427
  2.00398618  1.92832354  2.29723354  1.91578695 -1.66121743 -3.10389853
  0.42852322  1.34475847 -2.26275488 -1.12583528  2.31183678  1.39294667
 -0.27195655 -1.84442299 -1.64823698  1.96528108  1.30723887 -1.01188295
 -0.23075491 -0.69309146 -0.3033906   2.30246087 -0.66193854 -0.93534323
  0.77590992 -2.35268965  0.59026923  2.78422899 -0.35242983  2.04722752
 -1.86126407 -1.35336626 -2.59736794 -2.42273036 -1.50153045 -3.02896604
  2.01620147  1.78191077  1.58151687  1.12533461  1.58819422 -2.44421581
 -2.50736696  1.78907334  1.0342725  -0.29185879 -2.47720461  1.43098285
 -1.04394769 -3.04762117 -0.04720677  1.89751567 -2.70128444 -2.36816626
  1.87611893  1.02966577 -0.62617478 -0.49631334 -0.92140752  1.964055
  0.47262264 -0.35622594  0.4018325  -2.26662901  1.26136564 -0.15330696
  2.40236192  1.23319589  2.87809218 -1.05733876  2.10171135 -0.42989459
 -3.26841202  2.20322039  0.81147119  1.92881062 -1.28919685  1.43910608
 -2.12172297  0.20898513  0.08303743 -2.79059116 -0.90191421 -2.39307476
  0.07227754 -0.5689861 ]
Sat May 25 18:44:38 2024,661,0.09593800639702263,[-4.65847486  2.36664252 -1.84106064 -0.12409704  0.18672584 -2.68765095
  3.01282992  2.10571261  1.45518723 -0.92536037  0.61239971  1.09170255
  1.13210049 -1.54196775  0.77712884  2.80621749 -0.79815509 -0.63691777
 -1.75472023  0.60195863  1.67657189  2.99185621 -1.20875807 -0.31571258
 -2.42357558 -2.33803686  2.99458168  2.76322742 -0.54433289 -2.36481345
  1.48280787 -0.05850818 -2.31787448  2.09556437  1.28954044 -0.63853961
  0.84777226 -2.31880688 -0.02589544  2.15332936 -0.16394198  0.38886668
  2.71395742  1.04622459  2.46285663  3.1617474   2.64140796 -2.93932943
  0.26537399 -0.81572889  1.75888663  2.86399356 -0.51095149 -2.31763463
  2.78736947 -3.21076744  0.79394319 -0.63487979 -1.74135971  2.69818429
 -1.80955108 -1.58813088 -2.30391443  2.18800728 -2.45128554  2.13559776
  2.0746522   1.53540771  2.38308446  2.80474832  1.64886099  1.20012708
 -1.51324514 -2.22927505  1.4713016   0.71194272  1.31361894 -3.01402326
 -0.37770288  2.51831701 -1.03585413  1.28752035  1.48329391  0.54454997
 -0.83302113  1.11514372  0.66824158 -0.38370056  2.80473741 -1.99307073
  1.53804595 -0.48681171  1.09033677 -2.84976595 -2.45832373  0.45773135
 -1.16150489 -0.49457622  0.36531613 -0.11126716 -1.65032838 -0.04117002
 -0.85970575  2.81181061 -1.06239941 -1.38013474 -0.94883384  1.07796528
  1.85224696 -0.69616522  1.97232726 -2.19417572 -0.34727722 -0.73251672
 -2.8900813   3.16480328 -1.63194524  3.13522496 -1.26602515 -2.70847991
  3.36217196 -1.23322297 -0.77649622 -2.88407567 -2.71720584  2.54564135
 -2.13655219 -2.04712738 -0.18154925  3.14998815  0.24664247  0.21384959
 -1.25020321 -0.67764031 -1.73377005 -3.03025105  2.87032652  1.2355101
 -0.48570766 -2.18838447  1.10971145 -1.10585758 -0.49042503 -2.73954148
 -2.06516937  1.86554786 -0.87381262  2.62185247 -0.45419512 -2.67151344
 -2.82019521  2.26182958 -3.14423353 -0.4453686  -1.00234844 -0.24660742
  2.34754171  1.84025232  0.01820751 -2.55288711 -2.65892162  0.24436958
 -0.76666235  1.24524132 -2.62771091  1.12505268 -0.38397819  0.42076272
  1.91903305  0.45811868  0.65074879 -1.27156757  1.79161187  2.93982445
  0.99593883  0.2218028  -1.14181254  2.42278765  0.72674063 -1.90977376
 -0.05037931  1.87092243  0.98664675 -1.08002926 -2.30130874  2.22238429
  2.00398615  1.92832352  2.29723356  1.91578693 -1.6612174  -3.10389856
  0.42852324  1.34475844 -2.2627549  -1.1258353   2.3118368   1.39294669
 -0.27195653 -1.84442297 -1.64823696  1.96528106  1.30723889 -1.01188293
 -0.23075493 -0.69309144 -0.30339062  2.3024609  -0.66193851 -0.93534325
  0.7759099  -2.35268968  0.59026921  2.78422897 -0.35242985  2.04722755
 -1.86126409 -1.35336623 -2.59736797 -2.42273034 -1.50153047 -3.02896601
  2.01620149  1.78191075  1.58151685  1.12533459  1.58819424 -2.44421579
 -2.50736698  1.78907337  1.03427248 -0.29185877 -2.47720463  1.43098287
 -1.04394767 -3.04762115 -0.04720675  1.89751569 -2.70128446 -2.36816624
  1.87611895  1.0296658  -0.62617475 -0.49631332 -0.92140754  1.96405498
  0.47262266 -0.35622597  0.40183252 -2.26662898  1.26136566 -0.15330694
  2.40236194  1.23319587  2.8780922  -1.05733878  2.10171138 -0.42989461
 -3.268412    2.20322037  0.81147121  1.9288106  -1.28919683  1.43910611
 -2.12172295  0.20898515  0.08303746 -2.79059118 -0.90191419 -2.39307474
  0.07227752 -0.56898613]
Sat May 25 18:45:01 2024,662,0.09593800639575119,[-4.65847488  2.36664254 -1.84106062 -0.12409702  0.18672582 -2.68765097
  3.01282989  2.10571259  1.45518725 -0.9253604   0.61239968  1.09170253
  1.13210046 -1.54196777  0.77712886  2.80621751 -0.79815511 -0.63691779
 -1.75472021  0.6019586   1.67657187  2.99185619 -1.20875809 -0.31571256
 -2.4235756  -2.33803689  2.9945817   2.76322744 -0.54433286 -2.36481343
  1.48280784 -0.05850821 -2.3178745   2.09556439  1.28954042 -0.63853958
  0.84777223 -2.31880686 -0.02589542  2.15332934 -0.16394201  0.38886671
  2.7139574   1.04622457  2.46285666  3.16174738  2.64140799 -2.93932945
  0.26537401 -0.81572891  1.75888666  2.86399354 -0.51095151 -2.31763461
  2.78736949 -3.21076746  0.79394316 -0.63487981 -1.74135973  2.69818431
 -1.80955106 -1.58813086 -2.30391441  2.18800726 -2.45128556  2.13559774
  2.07465222  1.53540773  2.38308443  2.80474834  1.64886101  1.20012706
 -1.51324516 -2.22927503  1.47130162  0.71194274  1.31361892 -3.01402324
 -0.37770291  2.51831699 -1.03585415  1.28752038  1.48329389  0.54454995
 -0.83302115  1.1151437   0.66824156 -0.38370058  2.80473743 -1.99307071
  1.53804593 -0.48681174  1.09033679 -2.84976593 -2.45832375  0.45773138
 -1.16150491 -0.4945762   0.36531615 -0.11126718 -1.6503284  -0.04117005
 -0.85970572  2.81181064 -1.06239943 -1.38013472 -0.94883382  1.07796531
  1.85224698 -0.69616524  1.97232729 -2.1941757  -0.3472772  -0.7325167
 -2.89008132  3.16480326 -1.63194526  3.13522494 -1.26602513 -2.70847993
  3.36217194 -1.23322295 -0.77649624 -2.88407564 -2.71720582  2.54564133
 -2.13655217 -2.04712741 -0.18154927  3.14998812  0.24664245  0.21384957
 -1.25020318 -0.67764033 -1.73377003 -3.03025108  2.87032654  1.23551012
 -0.48570769 -2.18838449  1.10971142 -1.1058576  -0.49042505 -2.73954145
 -2.0651694   1.86554788 -0.87381264  2.62185245 -0.45419515 -2.67151346
 -2.82019524  2.2618296  -3.14423356 -0.44536858 -1.00234847 -0.24660745
  2.34754169  1.84025235  0.01820753 -2.55288713 -2.6589216   0.2443696
 -0.76666233  1.24524135 -2.62771093  1.12505265 -0.38397816  0.4207627
  1.91903307  0.4581187   0.65074877 -1.27156755  1.79161189  2.93982448
  0.99593881  0.22180278 -1.14181256  2.42278763  0.72674061 -1.90977378
 -0.05037928  1.87092241  0.98664678 -1.08002929 -2.30130876  2.22238432
  2.00398617  1.92832354  2.29723359  1.91578695 -1.66121743 -3.10389853
  0.42852326  1.34475847 -2.26275488 -1.12583533  2.31183678  1.39294667
 -0.27195651 -1.84442299 -1.64823698  1.96528108  1.30723891 -1.01188291
 -0.23075491 -0.69309142 -0.3033906   2.30246092 -0.66193849 -0.93534328
  0.77590992 -2.35268965  0.59026923  2.78422895 -0.35242988  2.04722752
 -1.86126407 -1.35336621 -2.59736794 -2.42273036 -1.50153049 -3.02896599
  2.01620151  1.78191073  1.58151683  1.12533461  1.58819426 -2.44421577
 -2.50736696  1.78907334  1.0342725  -0.29185875 -2.47720466  1.43098285
 -1.04394769 -3.04762113 -0.04720677  1.89751571 -2.70128444 -2.36816626
  1.87611893  1.02966577 -0.62617473 -0.49631334 -0.92140752  1.964055
  0.47262268 -0.35622599  0.4018325  -2.26662896  1.26136564 -0.15330692
  2.40236192  1.23319584  2.87809218 -1.05733876  2.10171135 -0.42989459
 -3.26841198  2.20322039  0.81147123  1.92881062 -1.28919685  1.43910608
 -2.12172297  0.20898513  0.08303743 -2.79059116 -0.90191417 -2.39307471
  0.07227754 -0.56898615]
Sat May 25 18:45:24 2024,663,0.09593800639448818,[-4.65847491  2.36664257 -1.84106064 -0.12409704  0.1867258  -2.68765099
  3.01282991  2.10571256  1.45518728 -0.92536037  0.61239966  1.09170255
  1.13210049 -1.54196775  0.77712888  2.80621749 -0.79815509 -0.63691777
 -1.75472019  0.60195858  1.67657184  2.99185617 -1.20875811 -0.31571258
 -2.42357558 -2.33803691  2.99458168  2.76322742 -0.54433289 -2.3648134
  1.48280782 -0.05850819 -2.31787452  2.09556437  1.2895404  -0.63853956
  0.84777221 -2.31880683 -0.0258954   2.15332932 -0.16394199  0.38886673
  2.71395738  1.04622459  2.46285668  3.1617474   2.64140801 -2.93932947
  0.26537399 -0.81572889  1.75888668  2.86399352 -0.51095153 -2.31763458
  2.78736947 -3.21076744  0.79394314 -0.63487983 -1.74135975  2.69818434
 -1.80955108 -1.58813083 -2.30391443  2.18800724 -2.45128554  2.13559776
  2.07465224  1.53540771  2.38308441  2.80474836  1.64886103  1.20012704
 -1.51324519 -2.22927505  1.47130164  0.71194276  1.31361894 -3.01402322
 -0.37770288  2.51831696 -1.03585417  1.2875204   1.48329391  0.54454992
 -0.83302113  1.11514367  0.66824158 -0.38370056  2.80473746 -1.99307073
  1.53804595 -0.48681171  1.09033677 -2.84976595 -2.45832378  0.45773135
 -1.16150489 -0.49457618  0.36531613 -0.11126716 -1.65032842 -0.04117007
 -0.85970575  2.81181066 -1.06239945 -1.38013474 -0.94883384  1.07796528
  1.852247   -0.69616522  1.97232731 -2.19417572 -0.34727722 -0.73251672
 -2.8900813   3.16480328 -1.63194524  3.13522492 -1.26602511 -2.70847995
  3.36217196 -1.23322292 -0.77649627 -2.88407567 -2.71720584  2.54564135
 -2.13655215 -2.04712738 -0.18154925  3.14998815  0.24664247  0.21384954
 -1.25020316 -0.67764031 -1.73377    -3.0302511   2.87032656  1.23551014
 -0.48570771 -2.18838447  1.1097114  -1.10585762 -0.49042503 -2.73954148
 -2.06516942  1.86554786 -0.87381262  2.62185243 -0.45419512 -2.67151348
 -2.82019521  2.26182958 -3.14423358 -0.44536856 -1.00234844 -0.24660742
  2.34754171  1.84025237  0.01820751 -2.55288711 -2.65892162  0.24436962
 -0.76666235  1.24524137 -2.62771091  1.12505268 -0.38397814  0.42076268
  1.91903305  0.45811872  0.65074875 -1.27156752  1.79161187  2.93982445
  0.99593879  0.22180276 -1.14181258  2.4227876   0.72674063 -1.90977376
 -0.05037926  1.87092243  0.9866468  -1.08002926 -2.30130874  2.22238429
  2.00398615  1.92832356  2.29723356  1.91578693 -1.6612174  -3.10389856
  0.42852328  1.34475849 -2.26275486 -1.1258353   2.31183675  1.39294669
 -0.27195653 -1.84442301 -1.648237    1.96528106  1.30723894 -1.01188288
 -0.23075493 -0.69309144 -0.30339062  2.3024609  -0.66193847 -0.93534325
  0.7759099  -2.35268963  0.59026921  2.78422892 -0.35242985  2.0472275
 -1.86126405 -1.35336623 -2.59736797 -2.42273039 -1.50153051 -3.02896601
  2.01620149  1.78191071  1.58151685  1.12533459  1.58819429 -2.44421575
 -2.50736694  1.78907332  1.03427252 -0.29185877 -2.47720468  1.43098287
 -1.04394772 -3.04762115 -0.04720679  1.89751574 -2.70128446 -2.36816624
  1.87611891  1.02966575 -0.62617471 -0.49631336 -0.92140754  1.96405502
  0.47262266 -0.35622601  0.40183248 -2.26662898  1.26136566 -0.15330689
  2.4023619   1.23319582  2.8780922  -1.05733878  2.10171138 -0.42989457
 -3.26841196  2.20322041  0.81147121  1.92881065 -1.28919683  1.43910606
 -2.12172295  0.20898515  0.08303746 -2.79059118 -0.90191414 -2.39307469
  0.07227757 -0.56898617]
Sat May 25 18:46:10 2024,664,0.09593800639323408,[-4.65847493  2.36664259 -1.84106066 -0.12409702  0.18672577 -2.68765097
  3.01282989  2.10571254  1.4551873  -0.92536035  0.61239968  1.09170257
  1.13210051 -1.54196773  0.77712886  2.80621747 -0.79815511 -0.63691779
 -1.75472021  0.60195856  1.67657182  2.99185619 -1.20875809 -0.31571261
 -2.42357556 -2.33803693  2.99458166  2.7632274  -0.54433286 -2.36481343
  1.48280784 -0.05850816 -2.3178745   2.09556435  1.28954038 -0.63853954
  0.84777223 -2.31880681 -0.02589538  2.15332934 -0.16394201  0.38886675
  2.71395736  1.04622457  2.4628567   3.16174743  2.64140803 -2.9393295
  0.26537396 -0.81572886  1.7588867   2.86399354 -0.51095151 -2.31763461
  2.78736949 -3.21076741  0.79394312 -0.63487985 -1.74135973  2.69818436
 -1.80955106 -1.58813086 -2.30391445  2.18800721 -2.45128556  2.13559774
  2.07465226  1.53540773  2.38308443  2.80474839  1.64886101  1.20012702
 -1.51324521 -2.22927508  1.47130162  0.71194274  1.31361896 -3.0140232
 -0.37770291  2.51831694 -1.03585415  1.28752042  1.48329393  0.5445499
 -0.83302115  1.1151437   0.6682416  -0.38370058  2.80473743 -1.99307075
  1.53804593 -0.48681174  1.09033675 -2.84976597 -2.45832375  0.45773133
 -1.16150487 -0.4945762   0.36531611 -0.11126713 -1.6503284  -0.04117009
 -0.85970577  2.81181068 -1.06239948 -1.38013472 -0.94883386  1.07796526
  1.85224698 -0.69616519  1.97232733 -2.19417574 -0.34727724 -0.7325167
 -2.89008132  3.16480326 -1.63194526  3.13522489 -1.26602513 -2.70847997
  3.36217194 -1.23322295 -0.77649629 -2.88407569 -2.71720582  2.54564133
 -2.13655212 -2.04712736 -0.18154927  3.14998812  0.24664245  0.21384957
 -1.25020318 -0.67764033 -1.73376998 -3.03025108  2.87032659  1.23551016
 -0.48570769 -2.18838449  1.10971142 -1.10585765 -0.49042501 -2.7395415
 -2.06516944  1.86554788 -0.8738126   2.6218524  -0.4541951  -2.67151346
 -2.82019519  2.2618296  -3.14423356 -0.44536853 -1.00234847 -0.2466074
  2.34754169  1.84025235  0.01820749 -2.55288709 -2.6589216   0.2443696
 -0.76666233  1.24524139 -2.62771093  1.12505265 -0.38397816  0.4207627
  1.91903307  0.4581187   0.65074877 -1.27156755  1.79161185  2.93982443
  0.99593881  0.22180278 -1.1418126   2.42278763  0.72674061 -1.90977373
 -0.05037928  1.87092245  0.98664682 -1.08002929 -2.30130872  2.22238432
  2.00398613  1.92832358  2.29723354  1.91578691 -1.66121738 -3.10389853
  0.42852331  1.34475847 -2.26275483 -1.12583528  2.31183678  1.39294667
 -0.27195651 -1.84442299 -1.64823702  1.96528103  1.30723896 -1.01188291
 -0.23075496 -0.69309142 -0.3033906   2.30246092 -0.66193849 -0.93534323
  0.77590992 -2.35268961  0.59026923  2.7842289  -0.35242988  2.04722752
 -1.86126407 -1.35336626 -2.59736799 -2.42273036 -1.50153054 -3.02896599
  2.01620151  1.78191073  1.58151683  1.12533456  1.58819431 -2.44421573
 -2.50736696  1.78907334  1.03427254 -0.29185875 -2.4772047   1.43098289
 -1.04394769 -3.04762117 -0.04720681  1.89751571 -2.70128448 -2.36816626
  1.87611893  1.02966577 -0.62617469 -0.49631338 -0.92140752  1.96405505
  0.47262264 -0.35622603  0.4018325  -2.26662896  1.26136564 -0.15330691
  2.40236192  1.2331958   2.87809222 -1.05733881  2.1017114  -0.42989459
 -3.26841198  2.20322044  0.81147123  1.92881062 -1.28919681  1.43910604
 -2.12172297  0.20898513  0.08303743 -2.79059116 -0.90191417 -2.39307467
  0.07227759 -0.56898619]
Sat May 25 18:46:34 2024,665,0.09593800639198824,[-4.65847495  2.36664261 -1.84106064 -0.12409699  0.18672575 -2.68765099
  3.01282991  2.10571256  1.45518732 -0.92536037  0.61239966  1.09170255
  1.13210053 -1.54196775  0.77712888  2.80621749 -0.79815513 -0.63691777
 -1.75472023  0.60195858  1.6765718   2.99185617 -1.20875807 -0.31571258
 -2.42357558 -2.33803695  2.99458164  2.76322742 -0.54433289 -2.36481345
  1.48280787 -0.05850814 -2.31787448  2.09556432  1.28954035 -0.63853952
  0.84777221 -2.31880679 -0.02589535  2.15332932 -0.16394199  0.38886673
  2.71395733  1.04622455  2.46285668  3.1617474   2.64140801 -2.93932947
  0.26537394 -0.81572884  1.75888672  2.86399352 -0.51095149 -2.31763458
  2.78736947 -3.21076739  0.7939431  -0.63487983 -1.74135971  2.69818438
 -1.80955104 -1.58813088 -2.30391447  2.18800724 -2.45128554  2.13559772
  2.07465229  1.53540775  2.38308441  2.80474836  1.64886099  1.20012704
 -1.51324523 -2.22927505  1.47130164  0.71194276  1.31361898 -3.01402318
 -0.37770293  2.51831692 -1.03585413  1.28752044  1.48329391  0.54454988
 -0.83302117  1.11514367  0.66824162 -0.38370056  2.80473746 -1.99307073
  1.5380459  -0.48681171  1.09033673 -2.84976595 -2.45832378  0.45773131
 -1.16150485 -0.49457618  0.36531613 -0.11126716 -1.65032842 -0.04117011
 -0.85970575  2.8118107  -1.06239945 -1.38013474 -0.94883389  1.07796528
  1.85224696 -0.69616517  1.97232731 -2.19417576 -0.34727722 -0.73251672
 -2.8900813   3.16480324 -1.63194524  3.13522487 -1.26602515 -2.70847995
  3.36217192 -1.23322297 -0.77649627 -2.88407567 -2.71720584  2.54564135
 -2.1365521  -2.04712738 -0.18154929  3.1499881   0.24664247  0.21384954
 -1.25020321 -0.67764035 -1.73377    -3.03025106  2.87032656  1.23551019
 -0.48570767 -2.18838451  1.10971144 -1.10585767 -0.49042498 -2.73954148
 -2.06516942  1.86554791 -0.87381258  2.62185243 -0.45419512 -2.67151348
 -2.82019521  2.26182958 -3.14423353 -0.44536851 -1.00234844 -0.24660738
  2.34754171  1.84025233  0.01820747 -2.55288707 -2.65892162  0.24436962
 -0.7666623   1.24524141 -2.62771091  1.12505263 -0.38397819  0.42076272
  1.91903309  0.45811868  0.65074879 -1.27156752  1.79161187  2.93982445
  0.99593883  0.22180276 -1.14181262  2.42278765  0.72674063 -1.90977376
 -0.05037931  1.87092247  0.98664684 -1.08002931 -2.30130874  2.22238429
  2.00398615  1.92832361  2.29723352  1.91578693 -1.66121736 -3.10389856
  0.42852328  1.34475844 -2.26275481 -1.12583526  2.3118368   1.39294669
 -0.27195653 -1.84442297 -1.648237    1.96528106  1.30723898 -1.01188288
 -0.23075493 -0.69309144 -0.30339058  2.3024609  -0.66193847 -0.93534325
  0.7759099  -2.35268959  0.59026921  2.78422892 -0.3524299   2.0472275
 -1.86126409 -1.35336623 -2.59736801 -2.42273039 -1.50153051 -3.02896601
  2.01620149  1.78191071  1.58151681  1.12533459  1.58819429 -2.44421575
 -2.50736698  1.78907332  1.03427252 -0.29185877 -2.47720472  1.43098287
 -1.04394772 -3.04762119 -0.04720684  1.89751574 -2.70128451 -2.36816628
  1.87611891  1.02966575 -0.62617471 -0.49631336 -0.9214075   1.96405502
  0.47262266 -0.35622606  0.40183252 -2.26662894  1.26136566 -0.15330689
  2.40236194  1.23319578  2.8780922  -1.05733878  2.10171142 -0.42989457
 -3.268412    2.20322041  0.81147125  1.92881065 -1.28919683  1.43910606
 -2.12172299  0.20898511  0.08303741 -2.79059114 -0.90191414 -2.39307469
  0.07227761 -0.56898621]
Sat May 25 18:46:58 2024,666,0.09593800639075058,[-4.65847497  2.36664259 -1.84106066 -0.12409697  0.18672577 -2.68765097
  3.01282989  2.10571254  1.4551873  -0.9253604   0.61239964  1.09170257
  1.13210055 -1.54196773  0.77712891  2.80621747 -0.79815511 -0.63691775
 -1.75472026  0.6019586   1.67657178  2.99185615 -1.20875809 -0.31571256
 -2.42357556 -2.33803693  2.99458162  2.7632274  -0.54433291 -2.36481347
  1.48280784 -0.05850812 -2.3178745   2.0955643   1.28954033 -0.63853954
  0.84777219 -2.31880677 -0.02589537  2.1533293  -0.16394196  0.38886675
  2.71395736  1.04622457  2.4628567   3.16174743  2.64140803 -2.93932945
  0.26537392 -0.81572882  1.7588867   2.8639935  -0.51095147 -2.31763461
  2.78736949 -3.21076741  0.79394312 -0.63487985 -1.74135973  2.6981844
 -1.80955102 -1.58813086 -2.30391445  2.18800721 -2.45128552  2.13559774
  2.07465226  1.53540777  2.38308439  2.80474839  1.64886097  1.20012706
 -1.51324521 -2.22927508  1.47130166  0.71194274  1.313619   -3.01402315
 -0.37770295  2.51831694 -1.0358541   1.28752042  1.48329389  0.54454986
 -0.83302115  1.1151437   0.6682416  -0.38370058  2.80473743 -1.99307071
  1.53804593 -0.48681174  1.0903367  -2.84976593 -2.4583238   0.45773129
 -1.16150487 -0.4945762   0.36531615 -0.11126713 -1.6503284  -0.04117009
 -0.85970577  2.81181073 -1.06239943 -1.38013476 -0.94883386  1.0779653
  1.85224694 -0.69616519  1.97232729 -2.19417579 -0.3472772  -0.73251674
 -2.89008132  3.16480326 -1.63194522  3.13522485 -1.26602517 -2.70847993
  3.36217194 -1.23322295 -0.77649625 -2.88407564 -2.71720586  2.54564137
 -2.13655212 -2.04712736 -0.18154927  3.14998808  0.24664245  0.21384956
 -1.25020318 -0.67764033 -1.73377003 -3.03025108  2.87032654  1.23551021
 -0.48570769 -2.18838453  1.10971142 -1.10585769 -0.49042496 -2.7395415
 -2.0651694   1.86554793 -0.87381256  2.6218524  -0.45419515 -2.67151346
 -2.82019519  2.2618296  -3.14423351 -0.44536849 -1.00234842 -0.24660736
  2.34754173  1.8402523   0.01820744 -2.55288704 -2.65892164  0.2443696
 -0.76666228  1.24524139 -2.62771089  1.12505261 -0.38397821  0.4207627
  1.91903311  0.45811866  0.65074881 -1.27156755  1.79161185  2.93982448
  0.99593886  0.22180278 -1.14181265  2.42278763  0.72674065 -1.90977373
 -0.05037928  1.87092245  0.98664687 -1.08002929 -2.30130876  2.22238427
  2.00398617  1.92832358  2.29723354  1.91578695 -1.66121738 -3.10389853
  0.42852331  1.34475847 -2.26275479 -1.12583528  2.31183682  1.39294671
 -0.27195655 -1.84442299 -1.64823702  1.96528108  1.307239   -1.01188286
 -0.23075496 -0.69309146 -0.3033906   2.30246087 -0.66193849 -0.93534328
  0.77590988 -2.35268957  0.59026919  2.78422895 -0.35242988  2.04722752
 -1.86126411 -1.35336621 -2.59736799 -2.42273036 -1.50153049 -3.02896599
  2.01620147  1.78191073  1.58151678  1.12533461  1.58819426 -2.44421573
 -2.507367    1.78907334  1.0342725  -0.29185875 -2.4772047   1.43098285
 -1.04394774 -3.04762121 -0.04720681  1.89751571 -2.70128448 -2.3681663
  1.87611893  1.02966577 -0.62617473 -0.49631338 -0.92140747  1.964055
  0.47262264 -0.35622608  0.40183255 -2.26662896  1.26136564 -0.15330687
  2.40236192  1.2331958   2.87809222 -1.05733876  2.10171144 -0.42989454
 -3.26841198  2.20322039  0.81147128  1.92881062 -1.28919685  1.43910608
 -2.12172297  0.20898509  0.08303739 -2.79059116 -0.90191417 -2.39307471
  0.07227763 -0.56898624]
Sat May 25 18:47:24 2024,667,0.0959380063895214,[-4.65847499  2.36664261 -1.84106064 -0.12409695  0.1867258  -2.68765099
  3.01282987  2.10571252  1.45518732 -0.92536042  0.61239966  1.09170255
  1.13210053 -1.54196771  0.77712888  2.80621744 -0.79815513 -0.63691777
 -1.75472028  0.60195858  1.6765718   2.99185617 -1.20875811 -0.31571258
 -2.42357558 -2.33803695  2.99458159  2.76322742 -0.54433293 -2.36481345
  1.48280782 -0.0585081  -2.31787452  2.09556432  1.28954035 -0.63853956
  0.84777221 -2.31880679 -0.02589535  2.15332932 -0.16394199  0.38886673
  2.71395738  1.04622459  2.46285672  3.16174745  2.64140805 -2.93932947
  0.26537394 -0.8157288   1.75888668  2.86399352 -0.51095144 -2.31763463
  2.78736951 -3.21076739  0.79394314 -0.63487988 -1.74135975  2.69818443
 -1.80955099 -1.58813088 -2.30391443  2.18800724 -2.4512855   2.13559772
  2.07465224  1.53540775  2.38308441  2.80474841  1.64886099  1.20012708
 -1.51324523 -2.2292751   1.47130169  0.71194276  1.31361898 -3.01402318
 -0.37770297  2.51831692 -1.03585413  1.28752044  1.48329387  0.54454984
 -0.83302117  1.11514367  0.66824162 -0.38370056  2.80473746 -1.99307073
  1.53804595 -0.48681176  1.09033673 -2.84976595 -2.45832378  0.45773127
 -1.16150489 -0.49457618  0.36531618 -0.11126711 -1.65032842 -0.04117011
 -0.85970575  2.81181075 -1.06239941 -1.38013478 -0.94883384  1.07796528
  1.85224696 -0.69616522  1.97232731 -2.19417581 -0.34727718 -0.73251676
 -2.8900813   3.16480328 -1.63194519  3.13522483 -1.26602515 -2.70847995
  3.36217196 -1.23322292 -0.77649627 -2.88407562 -2.71720589  2.54564135
 -2.1365521  -2.04712738 -0.18154925  3.1499881   0.24664247  0.21384954
 -1.25020321 -0.67764035 -1.73377005 -3.0302511   2.87032656  1.23551019
 -0.48570771 -2.18838451  1.10971144 -1.10585771 -0.49042498 -2.73954148
 -2.06516942  1.86554795 -0.87381253  2.62185238 -0.45419512 -2.67151344
 -2.82019521  2.26182958 -3.14423349 -0.44536847 -1.0023484  -0.24660738
  2.34754171  1.84025228  0.01820747 -2.55288702 -2.65892167  0.24436962
 -0.76666226  1.24524137 -2.62771091  1.12505259 -0.38397819  0.42076268
  1.91903309  0.45811868  0.65074883 -1.27156757  1.79161187  2.93982445
  0.99593883  0.2218028  -1.14181262  2.4227876   0.72674067 -1.90977376
 -0.05037926  1.87092247  0.98664684 -1.08002931 -2.30130878  2.22238425
  2.0039862   1.92832361  2.29723352  1.91578693 -1.6612174  -3.10389851
  0.42852333  1.34475844 -2.26275477 -1.12583526  2.31183684  1.39294669
 -0.27195653 -1.84442297 -1.64823705  1.9652811   1.30723902 -1.01188284
 -0.23075498 -0.69309148 -0.30339058  2.3024609  -0.66193847 -0.9353433
  0.77590986 -2.35268959  0.59026917  2.78422897 -0.35242985  2.0472275
 -1.86126413 -1.35336623 -2.59736797 -2.42273039 -1.50153047 -3.02896601
  2.01620145  1.78191071  1.58151676  1.12533463  1.58819429 -2.4442157
 -2.50736703  1.78907337  1.03427248 -0.29185877 -2.47720468  1.43098287
 -1.04394776 -3.04762124 -0.04720684  1.89751569 -2.70128451 -2.36816633
  1.87611891  1.0296658  -0.62617471 -0.49631341 -0.92140745  1.96405502
  0.47262266 -0.35622606  0.40183252 -2.26662898  1.26136562 -0.15330685
  2.4023619   1.23319582  2.87809225 -1.05733874  2.10171142 -0.42989452
 -3.268412    2.20322041  0.8114713   1.92881065 -1.28919683  1.43910606
 -2.12172295  0.20898506  0.08303737 -2.79059118 -0.90191419 -2.39307473
  0.07227765 -0.56898621]
Sat May 25 18:47:48 2024,668,0.09593800638830034,[-4.65847502  2.36664263 -1.84106066 -0.12409693  0.18672582 -2.68765097
  3.01282989  2.1057125   1.4551873  -0.9253604   0.61239968  1.09170257
  1.13210051 -1.54196768  0.77712886  2.80621742 -0.79815511 -0.63691775
 -1.75472026  0.60195856  1.67657182  2.99185615 -1.20875809 -0.31571256
 -2.4235756  -2.33803693  2.99458157  2.7632274  -0.54433295 -2.36481343
  1.4828078  -0.05850812 -2.3178745   2.09556435  1.28954033 -0.63853954
  0.84777219 -2.31880681 -0.02589537  2.15332934 -0.16394201  0.38886671
  2.71395736  1.04622461  2.4628567   3.16174747  2.64140803 -2.93932945
  0.26537392 -0.81572882  1.7588867   2.86399354 -0.51095142 -2.31763461
  2.78736949 -3.21076737  0.79394312 -0.6348799  -1.74135977  2.6981844
 -1.80955097 -1.5881309  -2.30391441  2.18800726 -2.45128548  2.13559774
  2.07465222  1.53540773  2.38308443  2.80474843  1.64886101  1.20012706
 -1.51324521 -2.22927508  1.47130171  0.71194278  1.31361896 -3.01402315
 -0.37770299  2.51831694 -1.03585415  1.28752042  1.48329389  0.54454981
 -0.83302119  1.1151437   0.66824164 -0.38370058  2.80473748 -1.99307071
  1.53804593 -0.48681178  1.09033671 -2.84976597 -2.4583238   0.45773129
 -1.16150487 -0.4945762   0.36531615 -0.11126713 -1.6503284  -0.04117013
 -0.85970573  2.81181077 -1.06239939 -1.3801348  -0.94883386  1.07796526
  1.85224694 -0.69616519  1.97232729 -2.19417583 -0.34727716 -0.73251678
 -2.89008132  3.16480331 -1.63194522  3.13522481 -1.26602517 -2.70847997
  3.36217194 -1.23322295 -0.77649625 -2.88407564 -2.71720586  2.54564137
 -2.13655208 -2.04712741 -0.18154927  3.14998808  0.24664245  0.21384956
 -1.25020318 -0.67764037 -1.73377003 -3.03025108  2.87032654  1.23551016
 -0.48570773 -2.18838453  1.10971147 -1.10585773 -0.490425   -2.73954146
 -2.0651694   1.86554797 -0.87381256  2.62185236 -0.4541951  -2.67151346
 -2.82019519  2.26182956 -3.14423351 -0.44536845 -1.00234838 -0.24660736
  2.34754169  1.84025226  0.01820749 -2.55288704 -2.65892164  0.2443696
 -0.76666228  1.24524139 -2.62771093  1.12505261 -0.38397821  0.4207627
  1.91903307  0.4581187   0.65074881 -1.27156755  1.79161189  2.93982448
  0.99593881  0.22180278 -1.1418126   2.42278758  0.72674069 -1.90977373
 -0.05037924  1.8709225   0.98664687 -1.08002929 -2.3013088   2.22238423
  2.00398617  1.92832358  2.29723354  1.91578691 -1.66121742 -3.10389853
  0.42852331  1.34475842 -2.26275479 -1.12583528  2.31183682  1.39294671
 -0.27195651 -1.84442299 -1.64823702  1.96528112  1.307239   -1.01188286
 -0.23075496 -0.69309151 -0.30339055  2.30246087 -0.66193845 -0.93534328
  0.77590988 -2.35268961  0.59026915  2.78422899 -0.35242983  2.04722752
 -1.86126411 -1.35336621 -2.59736794 -2.42273036 -1.50153045 -3.02896599
  2.01620143  1.78191068  1.58151674  1.12533465  1.58819431 -2.44421568
 -2.507367    1.78907339  1.03427246 -0.29185879 -2.4772047   1.43098289
 -1.04394778 -3.04762121 -0.04720681  1.89751571 -2.70128448 -2.36816635
  1.87611893  1.02966582 -0.62617473 -0.49631343 -0.92140743  1.96405505
  0.47262268 -0.35622608  0.40183254 -2.26662901  1.2613656  -0.15330687
  2.40236188  1.2331958   2.87809222 -1.05733876  2.1017114  -0.4298945
 -3.26841202  2.20322039  0.81147128  1.92881062 -1.28919681  1.43910604
 -2.12172293  0.20898504  0.08303735 -2.79059116 -0.90191417 -2.39307471
  0.07227768 -0.56898624]
Sat May 25 18:48:13 2024,669,0.09593800638708702,[-4.65847504  2.36664265 -1.84106064 -0.12409695  0.1867258  -2.68765099
  3.01282991  2.10571248  1.45518732 -0.92536037  0.61239966  1.09170255
  1.13210049 -1.54196771  0.77712884  2.80621744 -0.79815509 -0.63691773
 -1.75472023  0.60195858  1.6765718   2.99185612 -1.20875811 -0.31571258
 -2.42357558 -2.33803691  2.99458159  2.76322742 -0.54433297 -2.36481345
  1.48280782 -0.05850814 -2.31787452  2.09556432  1.28954035 -0.63853956
  0.84777217 -2.31880683 -0.02589535  2.15332932 -0.16394199  0.38886673
  2.71395738  1.04622459  2.46285668  3.16174749  2.64140805 -2.93932943
  0.26537394 -0.81572884  1.75888668  2.86399352 -0.51095144 -2.31763458
  2.78736951 -3.21076735  0.79394314 -0.63487992 -1.74135979  2.69818438
 -1.80955099 -1.58813092 -2.30391443  2.18800724 -2.45128546  2.13559776
  2.07465224  1.53540771  2.38308441  2.80474845  1.64886099  1.20012708
 -1.51324523 -2.2292751   1.47130169  0.7119428   1.31361894 -3.01402313
 -0.37770297  2.51831696 -1.03585417  1.28752044  1.48329391  0.54454984
 -0.83302117  1.11514367  0.66824167 -0.3837006   2.80473746 -1.99307069
  1.53804595 -0.48681176  1.09033668 -2.84976599 -2.45832378  0.45773131
 -1.16150485 -0.49457622  0.36531618 -0.11126716 -1.65032838 -0.04117016
 -0.8597057   2.81181075 -1.06239941 -1.38013478 -0.94883389  1.07796528
  1.85224696 -0.69616522  1.97232727 -2.19417585 -0.34727713 -0.73251676
 -2.8900813   3.16480328 -1.63194524  3.13522478 -1.26602519 -2.70847999
  3.36217196 -1.23322297 -0.77649622 -2.88407567 -2.71720584  2.54564135
 -2.1365521  -2.04712738 -0.18154929  3.1499881   0.24664243  0.21384954
 -1.25020321 -0.67764039 -1.73377005 -3.03025106  2.87032652  1.23551019
 -0.48570775 -2.18838456  1.10971144 -1.10585771 -0.49042498 -2.73954143
 -2.06516938  1.86554799 -0.87381258  2.62185234 -0.45419512 -2.67151344
 -2.82019521  2.26182958 -3.14423349 -0.44536843 -1.00234836 -0.24660738
  2.34754171  1.84025228  0.01820751 -2.55288707 -2.65892167  0.24436962
 -0.7666623   1.24524141 -2.62771091  1.12505263 -0.38397819  0.42076272
  1.91903309  0.45811868  0.65074879 -1.27156757  1.79161187  2.9398245
  0.99593883  0.2218028  -1.14181258  2.42278756  0.72674067 -1.90977371
 -0.05037926  1.87092252  0.98664689 -1.08002931 -2.30130882  2.22238421
  2.0039862   1.9283236   2.29723356  1.91578693 -1.66121745 -3.10389856
  0.42852328  1.3447584  -2.26275481 -1.12583526  2.31183684  1.39294669
 -0.27195653 -1.84442297 -1.648237    1.9652811   1.30723898 -1.01188288
 -0.23075493 -0.69309153 -0.30339058  2.30246085 -0.66193847 -0.9353433
  0.77590986 -2.35268963  0.59026912  2.78422901 -0.35242985  2.04722754
 -1.86126413 -1.35336619 -2.59736797 -2.42273039 -1.50153047 -3.02896601
  2.01620141  1.78191071  1.58151676  1.12533467  1.58819433 -2.44421566
 -2.50736698  1.78907337  1.03427244 -0.29185877 -2.47720472  1.43098291
 -1.04394776 -3.04762124 -0.04720679  1.89751569 -2.70128451 -2.36816637
  1.87611895  1.02966584 -0.62617471 -0.49631341 -0.92140741  1.96405507
  0.47262266 -0.35622606  0.40183257 -2.26662903  1.26136558 -0.15330685
  2.4023619   1.23319578  2.8780922  -1.05733878  2.10171142 -0.42989448
 -3.268412    2.20322041  0.8114713   1.92881065 -1.28919683  1.43910602
 -2.12172291  0.20898502  0.08303732 -2.79059118 -0.90191419 -2.39307473
  0.0722777  -0.56898626]
Sat May 25 18:49:18 2024,670,0.0959380063858815,[-4.65847506  2.36664263 -1.84106062 -0.12409693  0.18672582 -2.68765097
  3.01282994  2.10571246  1.4551873  -0.9253604   0.61239968  1.09170253
  1.13210051 -1.54196773  0.77712886  2.80621747 -0.79815511 -0.63691771
 -1.75472026  0.60195856  1.67657178  2.99185615 -1.20875809 -0.31571256
 -2.4235756  -2.33803693  2.99458161  2.7632274  -0.54433295 -2.36481343
  1.4828078  -0.05850816 -2.31787455  2.0955643   1.28954037 -0.63853954
  0.84777215 -2.31880681 -0.02589533  2.15332934 -0.16394201  0.38886671
  2.71395736  1.04622461  2.46285666  3.16174747  2.64140803 -2.93932945
  0.26537392 -0.81572882  1.75888666  2.86399354 -0.51095147 -2.31763456
  2.78736953 -3.21076737  0.79394312 -0.6348799  -1.74135977  2.6981844
 -1.80955097 -1.58813094 -2.30391445  2.18800721 -2.45128543  2.13559774
  2.07465222  1.53540769  2.38308443  2.80474847  1.64886097  1.20012706
 -1.51324525 -2.22927512  1.47130171  0.71194278  1.31361896 -3.01402315
 -0.37770295  2.51831694 -1.03585419  1.28752046  1.48329393  0.54454986
 -0.83302119  1.11514369  0.66824164 -0.38370058  2.80473748 -1.99307066
  1.53804597 -0.48681174  1.0903367  -2.84976597 -2.45832375  0.45773133
 -1.16150483 -0.49457624  0.36531615 -0.11126718 -1.65032836 -0.04117013
 -0.85970573  2.81181073 -1.06239939 -1.38013476 -0.94883386  1.0779653
  1.85224698 -0.69616524  1.97232724 -2.19417583 -0.34727711 -0.73251674
 -2.89008128  3.16480331 -1.63194522  3.13522476 -1.26602521 -2.70847997
  3.36217198 -1.23322299 -0.77649625 -2.88407569 -2.71720582  2.54564133
 -2.13655208 -2.04712736 -0.18154927  3.14998812  0.24664241  0.21384956
 -1.25020318 -0.67764037 -1.73377003 -3.03025108  2.87032654  1.23551021
 -0.48570773 -2.18838458  1.10971142 -1.10585769 -0.490425   -2.73954141
 -2.06516936  1.86554797 -0.8738126   2.62185232 -0.45419515 -2.67151342
 -2.82019519  2.26182956 -3.14423347 -0.44536845 -1.00234838 -0.24660736
  2.34754173  1.8402523   0.01820749 -2.55288704 -2.65892164  0.2443696
 -0.76666228  1.24524139 -2.62771093  1.12505261 -0.38397817  0.4207627
  1.91903311  0.4581187   0.65074877 -1.27156759  1.79161189  2.93982452
  0.99593885  0.22180282 -1.14181256  2.42278754  0.72674069 -1.90977369
 -0.05037928  1.8709225   0.98664691 -1.08002929 -2.30130885  2.22238418
  2.00398622  1.92832363  2.29723354  1.91578695 -1.66121742 -3.10389853
  0.42852326  1.34475838 -2.26275483 -1.12583528  2.31183682  1.39294667
 -0.27195651 -1.84442294 -1.64823702  1.96528112  1.30723896 -1.01188286
 -0.23075496 -0.69309151 -0.3033906   2.30246083 -0.66193849 -0.93534328
  0.77590988 -2.35268965  0.59026915  2.78422903 -0.35242988  2.04722752
 -1.86126411 -1.35336617 -2.59736794 -2.42273041 -1.50153049 -3.02896603
  2.01620143  1.78191068  1.58151674  1.12533469  1.58819431 -2.44421564
 -2.507367    1.78907339  1.03427241 -0.29185879 -2.4772047   1.43098289
 -1.04394778 -3.04762126 -0.04720677  1.89751567 -2.70128453 -2.36816635
  1.87611897  1.02966582 -0.62617469 -0.49631338 -0.92140743  1.96405505
  0.47262268 -0.35622608  0.40183259 -2.26662901  1.2613656  -0.15330683
  2.40236192  1.23319576  2.87809218 -1.05733876  2.10171144 -0.42989446
 -3.26841198  2.20322039  0.81147128  1.92881062 -1.28919685  1.43910604
 -2.12172289  0.208985    0.08303735 -2.79059116 -0.90191417 -2.39307476
  0.07227772 -0.56898628]
Sat May 25 18:50:02 2024,671,0.09593800638468376,[-4.65847508  2.36664265 -1.84106064 -0.12409695  0.1867258  -2.68765099
  3.01282996  2.10571244  1.45518728 -0.92536037  0.6123997   1.09170251
  1.13210053 -1.54196775  0.77712884  2.80621749 -0.79815509 -0.63691773
 -1.75472023  0.60195858  1.67657176  2.99185617 -1.20875807 -0.31571254
 -2.42357558 -2.33803691  2.99458159  2.76322737 -0.54433293 -2.3648134
  1.48280778 -0.05850814 -2.31787457  2.09556432  1.28954035 -0.63853956
  0.84777217 -2.31880683 -0.02589531  2.15332936 -0.16394199  0.38886669
  2.71395738  1.04622459  2.46285668  3.16174749  2.64140801 -2.93932947
  0.2653739  -0.8157288   1.75888668  2.86399356 -0.51095149 -2.31763458
  2.78736951 -3.21076739  0.79394314 -0.63487992 -1.74135979  2.69818442
 -1.80955095 -1.58813096 -2.30391447  2.18800724 -2.45128541  2.13559776
  2.07465224  1.53540771  2.38308441  2.80474845  1.64886095  1.20012704
 -1.51324527 -2.2292751   1.47130173  0.7119428   1.31361894 -3.01402318
 -0.37770297  2.51831696 -1.03585417  1.28752048  1.48329395  0.54454984
 -0.83302117  1.11514367  0.66824167 -0.3837006   2.8047375  -1.99307069
  1.53804599 -0.48681176  1.09033668 -2.84976595 -2.45832373  0.45773131
 -1.16150485 -0.49457622  0.36531618 -0.1112672  -1.65032834 -0.04117011
 -0.8597057   2.81181075 -1.06239941 -1.38013474 -0.94883389  1.07796528
  1.85224696 -0.69616526  1.97232727 -2.19417585 -0.34727713 -0.73251676
 -2.89008125  3.16480328 -1.63194524  3.13522478 -1.26602519 -2.70847999
  3.36217196 -1.23322301 -0.77649627 -2.88407571 -2.7172058   2.54564131
 -2.1365521  -2.04712738 -0.18154929  3.1499881   0.24664243  0.21384959
 -1.25020321 -0.67764039 -1.73377001 -3.0302511   2.87032656  1.23551019
 -0.48570771 -2.18838456  1.1097114  -1.10585767 -0.49042503 -2.73954143
 -2.06516933  1.86554795 -0.87381262  2.62185234 -0.45419517 -2.67151344
 -2.82019521  2.26182958 -3.14423349 -0.44536843 -1.0023484  -0.24660738
  2.34754171  1.84025232  0.01820751 -2.55288707 -2.65892162  0.24436958
 -0.7666623   1.24524137 -2.62771095  1.12505259 -0.38397819  0.42076272
  1.91903309  0.45811872  0.65074879 -1.27156757  1.79161191  2.9398245
  0.99593888  0.2218028  -1.14181258  2.42278756  0.72674071 -1.90977371
 -0.05037931  1.87092252  0.98664693 -1.08002927 -2.30130882  2.22238416
  2.00398624  1.92832361  2.29723352  1.91578697 -1.6612174  -3.10389856
  0.42852324  1.34475836 -2.26275481 -1.1258353   2.31183684  1.39294665
 -0.27195653 -1.84442292 -1.648237    1.96528114  1.30723898 -1.01188284
 -0.23075498 -0.69309153 -0.30339062  2.30246085 -0.66193847 -0.9353433
  0.7759099  -2.35268963  0.59026912  2.78422901 -0.3524299   2.04722754
 -1.86126413 -1.35336619 -2.59736797 -2.42273039 -1.50153047 -3.02896605
  2.01620141  1.78191066  1.58151672  1.12533467  1.58819429 -2.44421562
 -2.50736698  1.78907341  1.03427244 -0.29185881 -2.47720468  1.43098287
 -1.0439478  -3.04762124 -0.04720675  1.89751565 -2.70128455 -2.36816633
  1.87611895  1.02966584 -0.62617467 -0.49631336 -0.92140745  1.96405502
  0.47262266 -0.35622606  0.40183261 -2.26662903  1.26136558 -0.15330685
  2.4023619   1.23319573  2.8780922  -1.05733878  2.10171146 -0.42989444
 -3.268412    2.20322041  0.81147125  1.9288106  -1.28919683  1.43910606
 -2.12172291  0.20898498  0.08303737 -2.79059114 -0.90191415 -2.39307473
  0.07227774 -0.56898626]
Sat May 25 18:50:53 2024,672,0.09593800638349372,[-4.6584751   2.36664267 -1.84106062 -0.12409693  0.18672577 -2.68765097
  3.01282994  2.10571241  1.45518726 -0.9253604   0.61239968  1.09170253
  1.13210055 -1.54196773  0.77712886  2.80621747 -0.79815511 -0.63691771
 -1.75472021  0.6019586   1.67657174  2.99185615 -1.20875805 -0.31571256
 -2.4235756  -2.33803689  2.99458161  2.7632274  -0.54433291 -2.36481338
  1.4828078  -0.05850816 -2.31787455  2.0955643   1.28954033 -0.63853954
  0.84777215 -2.31880681 -0.02589533  2.15332938 -0.16394201  0.38886666
  2.71395736  1.04622457  2.4628567   3.16174751  2.64140799 -2.93932945
  0.26537388 -0.81572882  1.75888666  2.86399358 -0.51095147 -2.31763456
  2.78736949 -3.21076741  0.79394316 -0.6348799  -1.74135977  2.6981844
 -1.80955097 -1.58813094 -2.30391445  2.18800726 -2.45128543  2.13559774
  2.07465226  1.53540773  2.38308439  2.80474843  1.64886093  1.20012702
 -1.51324529 -2.22927508  1.47130171  0.71194283  1.31361892 -3.0140232
 -0.37770299  2.51831694 -1.03585419  1.28752051  1.48329397  0.54454986
 -0.83302115  1.11514365  0.66824169 -0.38370062  2.80473752 -1.99307071
  1.53804601 -0.48681178  1.09033666 -2.84976593 -2.45832371  0.45773129
 -1.16150483 -0.49457624  0.36531615 -0.11126718 -1.65032836 -0.04117009
 -0.85970568  2.81181077 -1.06239939 -1.38013476 -0.94883391  1.0779653
  1.85224698 -0.69616524  1.97232729 -2.19417583 -0.34727716 -0.73251674
 -2.89008123  3.16480326 -1.63194522  3.13522481 -1.26602521 -2.70847997
  3.36217194 -1.23322303 -0.77649625 -2.88407569 -2.71720582  2.54564133
 -2.13655208 -2.04712741 -0.18154927  3.14998808  0.24664245  0.21384961
 -1.25020318 -0.67764037 -1.73377003 -3.03025108  2.87032654  1.23551021
 -0.48570773 -2.18838453  1.10971142 -1.10585765 -0.49042505 -2.73954141
 -2.06516936  1.86554793 -0.87381264  2.62185236 -0.45419519 -2.67151346
 -2.82019519  2.26182956 -3.14423351 -0.44536845 -1.00234838 -0.24660736
  2.34754173  1.8402523   0.01820753 -2.55288709 -2.65892164  0.24436956
 -0.76666232  1.24524139 -2.62771098  1.12505257 -0.38397821  0.4207627
  1.91903307  0.4581187   0.65074877 -1.27156759  1.79161189  2.93982448
  0.99593885  0.22180282 -1.14181256  2.42278754  0.72674074 -1.90977369
 -0.05037933  1.87092254  0.98664691 -1.08002924 -2.30130885  2.22238418
  2.00398626  1.92832363  2.29723354  1.915787   -1.66121738 -3.10389854
  0.42852322  1.34475834 -2.26275479 -1.12583532  2.31183686  1.39294667
 -0.27195655 -1.8444229  -1.64823702  1.96528112  1.30723896 -1.01188286
 -0.230755   -0.69309155 -0.30339064  2.30246087 -0.66193845 -0.93534332
  0.77590988 -2.35268965  0.5902691   2.78422899 -0.35242992  2.04722752
 -1.86126411 -1.35336617 -2.59736794 -2.42273041 -1.50153049 -3.02896603
  2.01620143  1.78191068  1.5815167   1.12533469  1.58819427 -2.44421564
 -2.507367    1.78907339  1.03427241 -0.29185883 -2.47720466  1.43098289
 -1.04394782 -3.04762126 -0.04720673  1.89751567 -2.70128457 -2.36816635
  1.87611893  1.02966586 -0.62617464 -0.49631334 -0.92140747  1.964055
  0.47262268 -0.35622608  0.40183259 -2.26662905  1.2613656  -0.15330687
  2.40236188  1.23319576  2.87809222 -1.05733881  2.10171144 -0.42989446
 -3.26841202  2.20322043  0.81147128  1.92881062 -1.28919685  1.43910608
 -2.12172289  0.20898496  0.08303739 -2.79059116 -0.90191417 -2.39307471
  0.07227776 -0.56898628]
Sat May 25 18:51:19 2024,673,0.09593800638231051,[-4.65847512  2.36664265 -1.84106064 -0.12409691  0.18672575 -2.68765099
  3.01282996  2.10571243  1.45518728 -0.92536042  0.6123997   1.09170251
  1.13210057 -1.54196775  0.77712888  2.80621749 -0.79815509 -0.63691773
 -1.75472019  0.60195858  1.67657176  2.99185612 -1.20875807 -0.31571258
 -2.42357562 -2.33803691  2.99458164  2.76322737 -0.54433289 -2.3648134
  1.48280778 -0.05850814 -2.31787457  2.09556432  1.28954031 -0.63853956
  0.84777213 -2.31880679 -0.02589535  2.15332936 -0.16394203  0.38886668
  2.71395734  1.04622459  2.46285672  3.16174753  2.64140797 -2.93932947
  0.26537386 -0.81572884  1.75888664  2.8639936  -0.51095145 -2.31763454
  2.78736951 -3.21076743  0.79394318 -0.63487992 -1.74135975  2.69818438
 -1.80955095 -1.58813092 -2.30391443  2.18800724 -2.45128545  2.13559776
  2.07465224  1.53540771  2.38308437  2.80474841  1.64886095  1.200127
 -1.51324531 -2.22927505  1.47130173  0.7119428   1.3136189  -3.01402318
 -0.37770297  2.51831692 -1.03585417  1.28752053  1.483294    0.54454984
 -0.83302117  1.11514363  0.66824167 -0.38370064  2.8047375  -1.99307069
  1.53804599 -0.48681176  1.09033668 -2.84976595 -2.45832373  0.45773127
 -1.16150481 -0.49457622  0.36531613 -0.1112672  -1.65032834 -0.04117007
 -0.85970566  2.81181079 -1.06239937 -1.38013474 -0.94883393  1.07796528
  1.85224696 -0.69616526  1.97232731 -2.19417585 -0.34727713 -0.73251672
 -2.89008121  3.16480324 -1.63194524  3.13522478 -1.26602519 -2.70847995
  3.36217192 -1.23322305 -0.77649622 -2.88407567 -2.71720584  2.54564131
 -2.1365521  -2.04712743 -0.18154925  3.14998806  0.24664247  0.21384959
 -1.25020316 -0.67764035 -1.73377001 -3.0302511   2.87032656  1.23551019
 -0.48570775 -2.18838451  1.1097114  -1.10585763 -0.49042507 -2.73954139
 -2.06516938  1.86554795 -0.87381266  2.62185234 -0.45419517 -2.67151344
 -2.82019517  2.26182954 -3.14423353 -0.44536843 -1.0023484  -0.24660738
  2.34754171  1.84025232  0.01820755 -2.55288711 -2.65892162  0.24436954
 -0.76666235  1.24524137 -2.627711    1.12505259 -0.38397823  0.42076272
  1.91903309  0.45811868  0.65074875 -1.27156757  1.79161191  2.9398245
  0.99593888  0.2218028  -1.14181258  2.42278752  0.72674071 -1.90977371
 -0.05037935  1.87092252  0.98664693 -1.08002922 -2.30130887  2.22238416
  2.00398624  1.92832365  2.29723356  1.91578702 -1.66121736 -3.10389856
  0.4285232   1.34475832 -2.26275477 -1.12583534  2.31183688  1.39294669
 -0.27195657 -1.84442292 -1.64823705  1.9652811   1.30723894 -1.01188284
 -0.23075502 -0.69309157 -0.30339062  2.30246085 -0.66193843 -0.93534334
  0.77590986 -2.35268963  0.59026912  2.78422897 -0.35242994  2.04722754
 -1.86126413 -1.35336619 -2.59736792 -2.42273043 -1.50153047 -3.02896601
  2.01620145  1.78191071  1.58151668  1.12533467  1.58819424 -2.44421562
 -2.50736698  1.78907337  1.03427244 -0.29185885 -2.47720468  1.43098291
 -1.04394784 -3.04762128 -0.04720675  1.89751565 -2.70128455 -2.36816633
  1.87611895  1.02966588 -0.62617467 -0.49631336 -0.92140749  1.96405502
  0.47262266 -0.3562261   0.40183261 -2.26662903  1.26136558 -0.15330685
  2.4023619   1.23319573  2.87809224 -1.05733883  2.10171146 -0.42989448
 -3.268412    2.20322041  0.81147125  1.9288106  -1.28919683  1.4391061
 -2.12172286  0.20898494  0.08303737 -2.79059118 -0.90191415 -2.39307469
  0.07227778 -0.5689863 ]
Sat May 25 18:51:54 2024,674,0.09593800638113534,[-4.65847514  2.36664267 -1.84106066 -0.12409693  0.18672573 -2.68765101
  3.01282998  2.10571241  1.4551873  -0.9253604   0.61239968  1.09170253
  1.13210059 -1.54196777  0.7771289   2.80621747 -0.79815511 -0.63691771
 -1.75472021  0.60195856  1.67657178  2.99185615 -1.20875805 -0.31571256
 -2.4235756  -2.33803689  2.99458166  2.7632274  -0.54433287 -2.36481338
  1.4828078  -0.05850816 -2.31787455  2.09556434  1.28954033 -0.63853954
  0.84777215 -2.31880677 -0.02589533  2.15332938 -0.16394201  0.38886666
  2.71395736  1.04622457  2.4628567   3.16174755  2.64140799 -2.93932945
  0.26537388 -0.81572882  1.75888662  2.86399362 -0.51095142 -2.31763456
  2.78736949 -3.21076746  0.79394316 -0.6348799  -1.74135973  2.6981844
 -1.80955093 -1.5881309  -2.30391441  2.18800721 -2.45128548  2.13559778
  2.07465222  1.53540769  2.38308439  2.80474839  1.64886093  1.20012702
 -1.51324533 -2.22927508  1.47130171  0.71194278  1.31361892 -3.0140232
 -0.37770295  2.51831694 -1.03585419  1.28752055  1.48329397  0.54454986
 -0.83302115  1.11514361  0.66824164 -0.38370062  2.80473752 -1.99307066
  1.53804601 -0.48681174  1.09033666 -2.84976593 -2.45832371  0.45773125
 -1.16150478 -0.4945762   0.36531615 -0.11126722 -1.65032832 -0.04117005
 -0.85970568  2.81181077 -1.06239939 -1.38013472 -0.94883391  1.0779653
  1.85224698 -0.69616528  1.97232729 -2.19417587 -0.34727711 -0.7325167
 -2.89008123  3.16480326 -1.63194522  3.13522476 -1.26602517 -2.70847993
  3.3621719  -1.23322303 -0.77649625 -2.88407565 -2.71720582  2.54564129
 -2.13655208 -2.04712745 -0.18154923  3.14998804  0.24664249  0.21384957
 -1.25020318 -0.67764037 -1.73376998 -3.03025108  2.87032654  1.23551021
 -0.48570773 -2.18838453  1.10971142 -1.10585761 -0.49042505 -2.73954141
 -2.06516936  1.86554793 -0.87381268  2.62185232 -0.45419519 -2.67151342
 -2.82019515  2.26182956 -3.14423355 -0.44536845 -1.00234838 -0.24660736
  2.34754169  1.84025234  0.01820757 -2.55288709 -2.65892164  0.24436956
 -0.76666237  1.24524135 -2.62771102  1.12505257 -0.38397821  0.4207627
  1.91903307  0.45811866  0.65074877 -1.27156759  1.79161193  2.93982448
  0.9959389   0.22180282 -1.1418126   2.42278754  0.72674074 -1.90977373
 -0.05037937  1.8709225   0.98664695 -1.08002924 -2.30130889  2.22238414
  2.00398622  1.92832363  2.29723354  1.91578704 -1.66121734 -3.10389858
  0.42852318  1.34475829 -2.26275475 -1.12583536  2.31183686  1.39294667
 -0.27195659 -1.84442294 -1.64823702  1.96528108  1.30723896 -1.01188286
 -0.23075504 -0.69309159 -0.3033906   2.30246087 -0.66193841 -0.93534336
  0.77590988 -2.35268965  0.5902691   2.78422899 -0.35242992  2.04722756
 -1.86126411 -1.35336617 -2.5973679  -2.42273041 -1.50153045 -3.02896603
  2.01620147  1.78191068  1.5815167   1.12533469  1.58819422 -2.44421564
 -2.50736696  1.78907334  1.03427246 -0.29185887 -2.47720466  1.43098293
 -1.04394787 -3.0476213  -0.04720677  1.89751563 -2.70128453 -2.36816631
  1.87611897  1.0296659  -0.62617469 -0.49631334 -0.92140747  1.964055
  0.47262268 -0.35622608  0.40183263 -2.26662905  1.26136556 -0.15330687
  2.40236188  1.23319576  2.87809227 -1.05733885  2.10171144 -0.42989446
 -3.26841198  2.20322039  0.81147128  1.92881058 -1.28919685  1.43910608
 -2.12172289  0.20898492  0.08303735 -2.7905912  -0.90191413 -2.39307471
  0.0722778  -0.56898628]
Sat May 25 18:52:17 2024,675,0.09593800637996763,[-4.65847516  2.36664269 -1.84106064 -0.12409691  0.18672571 -2.68765099
  3.01283     2.10571239  1.45518728 -0.92536042  0.6123997   1.09170255
  1.13210061 -1.54196775  0.77712888  2.80621745 -0.79815513 -0.63691773
 -1.75472019  0.60195854  1.6765718   2.99185612 -1.20875807 -0.31571254
 -2.42357562 -2.33803687  2.99458164  2.76322737 -0.54433289 -2.36481336
  1.48280778 -0.05850814 -2.31787457  2.09556432  1.28954031 -0.63853952
  0.84777213 -2.31880679 -0.02589535  2.1533294  -0.16394199  0.38886668
  2.71395734  1.04622459  2.46285668  3.16174753  2.64140801 -2.93932947
  0.2653739  -0.8157288   1.7588866   2.86399364 -0.51095145 -2.31763454
  2.78736951 -3.21076743  0.79394314 -0.63487988 -1.74135975  2.69818438
 -1.80955095 -1.58813088 -2.30391439  2.18800724 -2.4512855   2.13559776
  2.0746522   1.53540767  2.38308437  2.80474841  1.64886095  1.20012704
 -1.51324531 -2.22927505  1.47130173  0.71194276  1.31361894 -3.01402322
 -0.37770293  2.51831696 -1.03585421  1.28752057  1.483294    0.54454984
 -0.83302117  1.11514363  0.66824162 -0.38370064  2.80473754 -1.99307064
  1.53804603 -0.48681172  1.09033664 -2.84976591 -2.45832369  0.45773123
 -1.16150476 -0.49457618  0.36531617 -0.11126724 -1.65032834 -0.04117007
 -0.85970566  2.81181075 -1.06239937 -1.38013474 -0.94883389  1.07796528
  1.852247   -0.6961653   1.97232727 -2.19417585 -0.34727709 -0.73251672
 -2.89008125  3.16480328 -1.6319452   3.13522478 -1.26602515 -2.70847991
  3.36217188 -1.23322305 -0.77649622 -2.88407567 -2.7172058   2.54564131
 -2.13655206 -2.04712743 -0.18154925  3.14998802  0.24664247  0.21384959
 -1.25020321 -0.67764035 -1.73376996 -3.03025106  2.87032652  1.23551019
 -0.48570771 -2.18838451  1.1097114  -1.10585763 -0.49042507 -2.73954139
 -2.06516933  1.86554795 -0.8738127   2.6218523  -0.45419517 -2.67151344
 -2.82019517  2.26182954 -3.14423357 -0.44536843 -1.0023484  -0.24660738
  2.34754167  1.84025232  0.01820759 -2.55288707 -2.65892162  0.24436958
 -0.76666235  1.24524137 -2.62771104  1.12505259 -0.38397819  0.42076268
  1.91903305  0.45811864  0.65074879 -1.27156761  1.79161191  2.9398245
  0.99593888  0.2218028  -1.14181262  2.42278756  0.72674071 -1.90977371
 -0.05037939  1.87092252  0.98664693 -1.08002926 -2.30130891  2.22238412
  2.00398624  1.92832361  2.29723356  1.91578706 -1.66121736 -3.1038986
  0.42852316  1.34475827 -2.26275477 -1.12583539  2.31183684  1.39294669
 -0.27195657 -1.84442296 -1.64823705  1.96528106  1.30723894 -1.01188284
 -0.23075502 -0.69309161 -0.30339062  2.30246085 -0.66193838 -0.93534334
  0.77590986 -2.35268967  0.59026912  2.78422901 -0.3524299   2.04722759
 -1.86126413 -1.35336615 -2.59736788 -2.42273043 -1.50153047 -3.02896605
  2.01620145  1.7819107   1.58151668  1.12533467  1.5881942  -2.44421562
 -2.50736698  1.78907337  1.03427244 -0.29185889 -2.47720464  1.43098291
 -1.04394784 -3.04762128 -0.04720675  1.89751565 -2.70128455 -2.36816633
  1.87611899  1.02966592 -0.62617467 -0.49631336 -0.92140745  1.96405502
  0.47262266 -0.3562261   0.40183265 -2.26662907  1.26136553 -0.15330685
  2.4023619   1.23319578  2.87809229 -1.05733883  2.10171142 -0.42989448
 -3.26841196  2.20322041  0.81147126  1.9288106  -1.28919687  1.4391061
 -2.12172291  0.20898489  0.08303733 -2.79059118 -0.90191415 -2.39307473
  0.07227778 -0.56898626]
Sat May 25 18:52:41 2024,676,0.09593800637880642,[-4.65847518  2.36664267 -1.84106062 -0.12409689  0.18672573 -2.68765097
  3.01282998  2.10571237  1.4551873  -0.9253604   0.61239973  1.09170253
  1.13210059 -1.54196777  0.77712886  2.80621747 -0.79815515 -0.63691775
 -1.75472021  0.60195852  1.67657178  2.99185615 -1.20875809 -0.31571256
 -2.42357564 -2.33803689  2.99458162  2.76322735 -0.54433291 -2.36481334
  1.4828078  -0.05850812 -2.31787455  2.09556434  1.28954029 -0.63853954
  0.84777211 -2.31880681 -0.02589533  2.15332938 -0.16394197  0.38886671
  2.71395736  1.04622457  2.4628567   3.16174755  2.64140799 -2.93932949
  0.26537392 -0.81572882  1.75888658  2.86399366 -0.51095147 -2.31763456
  2.78736949 -3.21076741  0.79394312 -0.6348799  -1.74135973  2.6981844
 -1.80955093 -1.58813086 -2.30391441  2.18800726 -2.45128552  2.13559778
  2.07465222  1.53540769  2.38308435  2.80474843  1.64886097  1.20012702
 -1.51324533 -2.22927508  1.47130171  0.71194278  1.31361892 -3.0140232
 -0.37770295  2.51831694 -1.03585423  1.28752055  1.48329397  0.54454982
 -0.83302115  1.11514361  0.66824164 -0.38370066  2.80473756 -1.99307062
  1.53804605 -0.48681174  1.09033662 -2.84976593 -2.45832367  0.45773125
 -1.16150478 -0.49457616  0.3653162  -0.11126726 -1.65032836 -0.04117009
 -0.85970564  2.81181073 -1.06239935 -1.38013472 -0.94883387  1.07796526
  1.85224698 -0.69616528  1.97232729 -2.19417583 -0.34727707 -0.73251674
 -2.89008127  3.1648033  -1.63194518  3.1352248  -1.26602517 -2.70847993
  3.36217186 -1.23322307 -0.77649625 -2.88407565 -2.71720582  2.54564129
 -2.13655208 -2.04712745 -0.18154923  3.149988    0.24664245  0.21384957
 -1.25020318 -0.67764037 -1.73376998 -3.03025104  2.87032654  1.23551017
 -0.48570769 -2.18838453  1.10971138 -1.10585765 -0.49042509 -2.73954141
 -2.06516931  1.86554797 -0.87381268  2.62185228 -0.45419515 -2.67151346
 -2.82019519  2.26182952 -3.14423359 -0.44536845 -1.00234842 -0.24660736
  2.34754165  1.84025234  0.01820761 -2.55288709 -2.65892164  0.2443696
 -0.76666237  1.24524135 -2.62771102  1.12505257 -0.38397817  0.4207627
  1.91903307  0.45811866  0.65074877 -1.27156759  1.79161193  2.93982448
  0.9959389   0.22180278 -1.1418126   2.42278758  0.72674069 -1.90977369
 -0.05037941  1.8709225   0.98664695 -1.08002924 -2.30130889  2.22238414
  2.00398626  1.92832363  2.29723358  1.91578708 -1.66121738 -3.10389858
  0.42852318  1.34475829 -2.26275479 -1.12583536  2.31183686  1.39294667
 -0.27195659 -1.84442299 -1.64823707  1.96528104  1.30723896 -1.01188286
 -0.230755   -0.69309159 -0.3033906   2.30246083 -0.66193841 -0.93534332
  0.77590984 -2.35268965  0.5902691   2.78422899 -0.35242988  2.04722761
 -1.86126411 -1.35336613 -2.59736786 -2.42273041 -1.50153045 -3.02896603
  2.01620143  1.78191073  1.58151666  1.12533465  1.58819418 -2.4442156
 -2.50736696  1.78907339  1.03427246 -0.29185891 -2.47720462  1.43098293
 -1.04394787 -3.0476213  -0.04720673  1.89751563 -2.70128453 -2.36816635
  1.87611897  1.0296659  -0.62617469 -0.49631338 -0.92140743  1.964055
  0.47262268 -0.35622608  0.40183267 -2.26662909  1.26136555 -0.15330683
  2.40236188  1.23319576  2.87809227 -1.05733881  2.1017114  -0.42989446
 -3.26841194  2.20322039  0.81147128  1.92881058 -1.28919689  1.43910612
 -2.12172293  0.20898492  0.08303735 -2.7905912  -0.90191413 -2.39307471
  0.0722778  -0.56898628]
Sat May 25 18:53:04 2024,677,0.09593800637765222,[-4.6584752   2.36664265 -1.8410606  -0.12409691  0.18672571 -2.68765099
  3.01283     2.10571235  1.45518732 -0.92536042  0.61239975  1.09170251
  1.13210061 -1.54196775  0.77712884  2.80621745 -0.79815517 -0.63691773
 -1.75472019  0.60195854  1.6765718   2.99185617 -1.20875811 -0.31571258
 -2.42357567 -2.33803687  2.99458164  2.76322733 -0.54433289 -2.36481332
  1.48280778 -0.05850814 -2.31787457  2.09556437  1.28954031 -0.63853956
  0.84777213 -2.31880679 -0.02589531  2.1533294  -0.16394199  0.38886673
  2.71395738  1.04622455  2.46285668  3.16174757  2.64140801 -2.93932951
  0.2653739  -0.8157288   1.75888655  2.86399364 -0.51095149 -2.31763454
  2.78736951 -3.21076743  0.7939431  -0.63487992 -1.74135971  2.69818438
 -1.80955091 -1.58813088 -2.30391439  2.18800724 -2.4512855   2.13559776
  2.07465224  1.53540771  2.38308437  2.80474841  1.64886095  1.20012704
 -1.51324536 -2.22927505  1.47130169  0.7119428   1.31361894 -3.01402322
 -0.37770293  2.51831692 -1.03585421  1.28752057  1.48329395  0.54454984
 -0.83302113  1.11514363  0.66824167 -0.38370064  2.80473758 -1.99307064
  1.53804603 -0.48681172  1.0903366  -2.84976595 -2.45832365  0.45773123
 -1.1615048  -0.49457614  0.36531618 -0.11126728 -1.65032838 -0.04117011
 -0.85970566  2.81181071 -1.06239937 -1.3801347  -0.94883389  1.07796524
  1.85224696 -0.69616526  1.97232731 -2.19417581 -0.34727705 -0.73251672
 -2.89008125  3.16480328 -1.63194515  3.13522478 -1.26602519 -2.70847991
  3.36217184 -1.23322309 -0.77649622 -2.88407567 -2.7172058   2.54564127
 -2.13655206 -2.04712743 -0.18154921  3.14998802  0.24664247  0.21384954
 -1.25020321 -0.67764039 -1.73376996 -3.03025102  2.87032652  1.23551015
 -0.48570771 -2.18838451  1.10971136 -1.10585763 -0.49042511 -2.73954139
 -2.06516929  1.86554795 -0.87381266  2.6218523  -0.45419513 -2.67151348
 -2.82019521  2.2618295  -3.14423357 -0.44536843 -1.0023484  -0.24660738
  2.34754167  1.84025237  0.01820759 -2.55288707 -2.65892162  0.24436958
 -0.76666235  1.24524133 -2.627711    1.12505255 -0.38397815  0.42076272
  1.91903305  0.45811864  0.65074879 -1.27156757  1.79161195  2.9398245
  0.99593888  0.2218028  -1.14181262  2.4227876   0.72674071 -1.90977367
 -0.05037943  1.87092252  0.98664693 -1.08002926 -2.30130887  2.22238416
  2.00398628  1.92832361  2.2972336   1.9157871  -1.66121736 -3.10389856
  0.4285232   1.34475827 -2.26275481 -1.12583534  2.31183688  1.39294665
 -0.27195657 -1.84442296 -1.64823705  1.96528106  1.30723898 -1.01188284
 -0.23075502 -0.69309161 -0.30339062  2.30246085 -0.66193839 -0.93534334
  0.77590982 -2.35268967  0.59026912  2.78422901 -0.3524299   2.04722763
 -1.86126409 -1.35336615 -2.59736784 -2.42273043 -1.50153047 -3.02896605
  2.01620141  1.78191075  1.58151664  1.12533467  1.58819416 -2.44421558
 -2.50736694  1.78907341  1.03427248 -0.29185894 -2.4772046   1.43098291
 -1.04394789 -3.04762132 -0.04720671  1.89751565 -2.70128451 -2.36816637
  1.87611899  1.02966588 -0.62617467 -0.4963134  -0.92140745  1.96405502
  0.47262266 -0.35622606  0.40183265 -2.26662911  1.26136558 -0.15330681
  2.40236186  1.23319578  2.87809229 -1.05733883  2.10171142 -0.42989444
 -3.26841192  2.20322037  0.8114713   1.92881056 -1.28919691  1.43910614
 -2.12172295  0.20898494  0.08303733 -2.79059118 -0.90191415 -2.39307469
  0.07227782 -0.5689863 ]
Sat May 25 18:53:50 2024,678,0.09593800637650528,[-4.65847522  2.36664263 -1.84106058 -0.12409689  0.18672573 -2.68765101
  3.01283002  2.10571237  1.4551873  -0.92536044  0.61239973  1.09170249
  1.13210059 -1.54196777  0.77712886  2.80621743 -0.79815515 -0.63691775
 -1.75472021  0.60195852  1.67657178  2.99185619 -1.20875813 -0.3157126
 -2.42357569 -2.33803689  2.99458162  2.76322731 -0.54433291 -2.3648133
  1.4828078  -0.05850816 -2.31787455  2.09556439  1.28954033 -0.63853958
  0.84777215 -2.31880681 -0.02589533  2.15332942 -0.16394197  0.38886671
  2.71395736  1.04622453  2.46285666  3.16174759  2.64140803 -2.93932949
  0.26537392 -0.81572878  1.75888658  2.86399366 -0.51095147 -2.31763456
  2.78736949 -3.21076741  0.79394312 -0.63487994 -1.74135969  2.6981844
 -1.80955089 -1.5881309  -2.30391441  2.18800722 -2.45128552  2.13559778
  2.07465222  1.53540769  2.38308439  2.80474839  1.64886097  1.20012702
 -1.51324538 -2.22927503  1.47130167  0.71194278  1.31361896 -3.01402324
 -0.37770291  2.51831694 -1.03585419  1.28752059  1.48329393  0.54454982
 -0.83302115  1.11514365  0.66824164 -0.38370062  2.8047376  -1.99307066
  1.53804605 -0.4868117   1.09033658 -2.84976593 -2.45832367  0.45773125
 -1.16150478 -0.49457612  0.3653162  -0.11126726 -1.6503284  -0.04117009
 -0.85970564  2.81181069 -1.06239939 -1.38013472 -0.94883391  1.07796522
  1.85224694 -0.69616528  1.97232729 -2.19417579 -0.34727707 -0.73251674
 -2.89008127  3.16480326 -1.63194513  3.13522476 -1.26602517 -2.70847989
  3.36217182 -1.23322311 -0.77649625 -2.88407565 -2.71720578  2.54564129
 -2.13655204 -2.04712745 -0.18154923  3.149988    0.24664245  0.21384957
 -1.25020318 -0.67764037 -1.73376998 -3.030251    2.87032654  1.23551017
 -0.48570769 -2.18838453  1.10971134 -1.10585765 -0.49042509 -2.73954137
 -2.06516931  1.86554793 -0.87381264  2.62185228 -0.45419515 -2.67151346
 -2.82019519  2.26182952 -3.14423355 -0.44536841 -1.00234842 -0.24660736
  2.34754169  1.84025239  0.01820761 -2.55288709 -2.6589216   0.2443696
 -0.76666233  1.24524131 -2.62771102  1.12505253 -0.38397813  0.42076274
  1.91903307  0.45811862  0.65074881 -1.27156759  1.79161193  2.93982448
  0.99593886  0.22180282 -1.14181264  2.42278758  0.72674069 -1.90977365
 -0.05037945  1.8709225   0.98664691 -1.08002929 -2.30130889  2.22238418
  2.00398626  1.92832363  2.29723362  1.91578708 -1.66121738 -3.10389854
  0.42852318  1.34475825 -2.26275483 -1.12583532  2.31183686  1.39294663
 -0.27195659 -1.84442299 -1.64823703  1.96528108  1.30723896 -1.01188282
 -0.230755   -0.69309159 -0.30339064  2.30246087 -0.66193836 -0.93534336
  0.77590984 -2.35268969  0.5902691   2.78422899 -0.35242988  2.04722761
 -1.86126411 -1.35336617 -2.59736786 -2.42273041 -1.50153049 -3.02896607
  2.01620143  1.78191073  1.58151662  1.12533469  1.58819414 -2.4442156
 -2.50736696  1.78907343  1.0342725  -0.29185891 -2.47720458  1.43098293
 -1.04394791 -3.04762134 -0.04720673  1.89751567 -2.70128453 -2.36816635
  1.87611897  1.02966586 -0.62617465 -0.49631342 -0.92140747  1.96405504
  0.47262264 -0.35622604  0.40183267 -2.26662913  1.2613656  -0.15330683
  2.40236183  1.23319576  2.87809231 -1.05733885  2.1017114  -0.42989446
 -3.26841194  2.20322035  0.81147132  1.92881058 -1.28919689  1.43910612
 -2.12172293  0.20898496  0.08303735 -2.79059116 -0.90191413 -2.39307467
  0.0722778  -0.56898628]
Sat May 25 18:54:42 2024,679,0.09593800637536523,[-4.65847524  2.36664265 -1.84106056 -0.12409687  0.18672575 -2.68765103
  3.01283     2.10571239  1.45518728 -0.92536042  0.61239971  1.09170251
  1.13210057 -1.54196779  0.77712884  2.8062174  -0.79815513 -0.63691773
 -1.75472023  0.60195854  1.67657176  2.99185621 -1.20875815 -0.31571258
 -2.42357571 -2.33803687  2.9945816   2.76322733 -0.54433293 -2.36481328
  1.48280778 -0.05850818 -2.31787457  2.09556441  1.28954035 -0.6385396
  0.84777213 -2.31880683 -0.02589535  2.15332944 -0.16394195  0.38886669
  2.71395734  1.04622455  2.46285664  3.16174757  2.64140801 -2.93932947
  0.26537394 -0.81572876  1.75888655  2.86399364 -0.51095145 -2.31763454
  2.78736951 -3.21076743  0.79394314 -0.63487992 -1.74135967  2.69818438
 -1.80955091 -1.58813088 -2.30391443  2.18800724 -2.4512855   2.13559776
  2.07465224  1.53540767  2.38308437  2.80474841  1.64886099  1.200127
 -1.51324536 -2.22927505  1.47130169  0.7119428   1.31361894 -3.01402326
 -0.37770289  2.51831696 -1.03585421  1.28752057  1.48329395  0.54454984
 -0.83302117  1.11514367  0.66824162 -0.3837006   2.80473758 -1.99307064
  1.53804607 -0.48681168  1.0903366  -2.84976591 -2.45832365  0.45773127
 -1.16150476 -0.49457614  0.36531618 -0.11126724 -1.65032842 -0.04117011
 -0.85970562  2.81181067 -1.06239941 -1.38013474 -0.94883393  1.07796524
  1.85224692 -0.6961653   1.97232731 -2.19417577 -0.34727705 -0.73251672
 -2.89008125  3.16480328 -1.63194515  3.13522474 -1.26602515 -2.70847991
  3.36217184 -1.23322313 -0.77649622 -2.88407563 -2.7172058   2.54564131
 -2.13655202 -2.04712747 -0.18154921  3.14998798  0.24664247  0.21384959
 -1.25020321 -0.67764039 -1.73376996 -3.03025097  2.87032652  1.23551019
 -0.48570771 -2.18838455  1.10971136 -1.10585763 -0.49042507 -2.73954139
 -2.06516929  1.86554791 -0.87381262  2.62185226 -0.45419513 -2.67151344
 -2.82019521  2.2618295  -3.14423357 -0.44536843 -1.0023484  -0.24660734
  2.34754167  1.84025241  0.01820759 -2.55288707 -2.65892158  0.24436962
 -0.76666231  1.24524133 -2.627711    1.12505255 -0.3839781   0.42076272
  1.91903305  0.45811864  0.65074879 -1.27156761  1.79161195  2.9398245
  0.99593884  0.22180284 -1.14181266  2.42278756  0.72674067 -1.90977367
 -0.05037947  1.87092252  0.98664689 -1.08002926 -2.30130887  2.2223842
  2.00398628  1.92832365  2.2972336   1.91578706 -1.66121736 -3.10389856
  0.4285232   1.34475823 -2.26275485 -1.1258353   2.31183684  1.39294665
 -0.27195661 -1.84442297 -1.648237    1.9652811   1.30723894 -1.01188284
 -0.23075502 -0.69309157 -0.30339066  2.30246089 -0.66193834 -0.93534338
  0.77590986 -2.35268967  0.59026908  2.78422897 -0.35242986  2.04722763
 -1.86126409 -1.35336619 -2.59736788 -2.42273039 -1.50153047 -3.0289661
  2.01620141  1.78191071  1.58151659  1.12533471  1.58819416 -2.44421562
 -2.50736698  1.78907341  1.03427248 -0.29185889 -2.4772046   1.43098291
 -1.04394789 -3.04762136 -0.04720671  1.89751569 -2.70128455 -2.36816633
  1.87611895  1.02966584 -0.62617463 -0.49631344 -0.92140745  1.96405502
  0.47262262 -0.35622606  0.40183265 -2.26662911  1.26136558 -0.15330685
  2.40236181  1.23319574  2.87809233 -1.05733887  2.10171142 -0.42989448
 -3.26841196  2.20322033  0.8114713   1.9288106  -1.28919691  1.43910614
 -2.12172295  0.20898498  0.08303737 -2.79059114 -0.90191411 -2.39307465
  0.07227782 -0.56898626]
Sat May 25 18:55:07 2024,680,0.09593800637423164,[-4.65847527  2.36664263 -1.84106058 -0.12409685  0.18672577 -2.68765101
  3.01282998  2.10571241  1.45518726 -0.92536044  0.61239973  1.09170253
  1.13210059 -1.54196777  0.77712886  2.80621742 -0.79815515 -0.63691775
 -1.75472025  0.60195856  1.67657178  2.99185619 -1.20875813 -0.31571256
 -2.42357573 -2.33803685  2.99458162  2.76322731 -0.54433295 -2.36481326
  1.48280776 -0.0585082  -2.31787455  2.09556443  1.28954033 -0.63853958
  0.84777215 -2.31880685 -0.02589537  2.15332946 -0.16394192  0.38886667
  2.71395732  1.04622457  2.46285662  3.16174759  2.64140799 -2.93932945
  0.26537396 -0.81572874  1.75888658  2.86399362 -0.51095147 -2.31763452
  2.78736953 -3.21076741  0.79394312 -0.63487994 -1.74135965  2.6981844
 -1.80955089 -1.58813086 -2.30391441  2.18800722 -2.45128552  2.13559774
  2.07465226  1.53540769  2.38308435  2.80474843  1.64886101  1.20012702
 -1.51324534 -2.22927508  1.47130167  0.71194278  1.31361896 -3.01402328
 -0.37770287  2.51831694 -1.03585419  1.28752055  1.48329397  0.54454986
 -0.83302115  1.11514369  0.66824164 -0.38370062  2.80473756 -1.99307062
  1.53804605 -0.48681166  1.09033662 -2.84976593 -2.45832363  0.45773129
 -1.16150478 -0.49457612  0.3653162  -0.11126726 -1.65032844 -0.04117009
 -0.85970564  2.81181069 -1.06239939 -1.38013476 -0.94883395  1.07796522
  1.8522469  -0.69616528  1.97232733 -2.19417575 -0.34727707 -0.7325167
 -2.89008123  3.1648033  -1.63194517  3.13522476 -1.26602513 -2.70847993
  3.36217186 -1.23322315 -0.7764962  -2.88407561 -2.71720578  2.54564129
 -2.13655204 -2.04712745 -0.18154923  3.149988    0.24664249  0.21384957
 -1.25020323 -0.67764037 -1.73376994 -3.03025095  2.87032654  1.23551017
 -0.48570769 -2.18838453  1.10971138 -1.10585765 -0.49042505 -2.73954137
 -2.06516927  1.86554793 -0.8738126   2.62185224 -0.45419515 -2.67151346
 -2.82019519  2.26182952 -3.14423355 -0.44536841 -1.00234842 -0.24660736
  2.34754169  1.84025243  0.01820757 -2.55288705 -2.65892156  0.2443696
 -0.76666229  1.24524135 -2.62771098  1.12505257 -0.38397813  0.42076274
  1.91903307  0.45811866  0.65074881 -1.27156759  1.79161197  2.93982448
  0.99593886  0.22180282 -1.14181264  2.42278758  0.72674069 -1.90977369
 -0.05037949  1.87092254  0.98664687 -1.08002924 -2.30130889  2.22238418
  2.0039863   1.92832363  2.29723358  1.91578708 -1.66121738 -3.10389854
  0.42852322  1.34475825 -2.26275487 -1.12583532  2.31183686  1.39294667
 -0.27195663 -1.84442299 -1.64823698  1.96528108  1.30723896 -1.01188282
 -0.230755   -0.69309155 -0.30339064  2.30246087 -0.66193836 -0.9353434
  0.77590984 -2.35268965  0.5902691   2.78422899 -0.35242984  2.04722761
 -1.86126411 -1.35336617 -2.5973679  -2.42273041 -1.50153049 -3.02896607
  2.01620139  1.78191073  1.58151657  1.12533469  1.58819418 -2.44421564
 -2.50736696  1.78907343  1.03427246 -0.29185887 -2.47720458  1.43098293
 -1.04394787 -3.04762138 -0.04720669  1.89751571 -2.70128457 -2.36816635
  1.87611893  1.02966586 -0.62617461 -0.49631347 -0.92140747  1.96405504
  0.47262264 -0.35622604  0.40183263 -2.26662913  1.26136556 -0.15330687
  2.40236183  1.23319572  2.87809231 -1.05733885  2.1017114  -0.4298945
 -3.26841198  2.20322035  0.81147132  1.92881062 -1.28919689  1.43910612
 -2.12172297  0.208985    0.08303735 -2.79059112 -0.90191413 -2.39307467
  0.07227784 -0.56898628]
Sat May 25 18:55:31 2024,681,0.09593800637310484,[-4.65847529  2.36664261 -1.8410606  -0.12409683  0.18672575 -2.68765099
  3.01283     2.10571239  1.45518724 -0.92536046  0.61239971  1.09170251
  1.13210057 -1.54196779  0.77712884  2.8062174  -0.79815513 -0.63691777
 -1.75472023  0.60195854  1.67657176  2.99185621 -1.20875811 -0.31571254
 -2.42357571 -2.33803683  2.99458164  2.76322733 -0.54433297 -2.36481328
  1.48280774 -0.05850818 -2.31787453  2.09556445  1.28954031 -0.6385396
  0.84777213 -2.31880687 -0.02589535  2.15332944 -0.16394194  0.38886669
  2.71395734  1.04622455  2.4628566   3.16174757  2.64140801 -2.93932947
  0.26537398 -0.81572876  1.75888655  2.8639936  -0.51095145 -2.3176345
  2.78736951 -3.21076743  0.79394314 -0.63487992 -1.74135963  2.69818438
 -1.80955087 -1.58813084 -2.30391443  2.18800724 -2.45128554  2.13559772
  2.07465228  1.53540771  2.38308433  2.80474841  1.64886099  1.200127
 -1.51324536 -2.22927505  1.47130169  0.71194276  1.31361898 -3.01402326
 -0.37770289  2.51831696 -1.03585417  1.28752053  1.48329395  0.54454988
 -0.83302117  1.11514371  0.66824166 -0.38370064  2.80473754 -1.9930706
  1.53804607 -0.48681168  1.09033664 -2.84976595 -2.45832365  0.45773127
 -1.16150476 -0.4945761   0.36531622 -0.11126724 -1.65032842 -0.04117011
 -0.85970566  2.81181071 -1.06239937 -1.38013478 -0.94883393  1.0779652
  1.85224688 -0.6961653   1.97232731 -2.19417577 -0.34727709 -0.73251672
 -2.89008121  3.16480332 -1.63194515  3.13522474 -1.26602515 -2.70847991
  3.36217184 -1.23322317 -0.77649618 -2.88407559 -2.71720576  2.54564127
 -2.13655206 -2.04712747 -0.18154921  3.14998798  0.24664251  0.21384959
 -1.25020325 -0.67764035 -1.73376992 -3.03025093  2.87032652  1.23551015
 -0.48570771 -2.18838455  1.1097114  -1.10585763 -0.49042507 -2.73954139
 -2.06516925  1.86554795 -0.87381262  2.62185226 -0.45419517 -2.67151348
 -2.82019517  2.26182954 -3.14423353 -0.44536843 -1.0023484  -0.24660734
  2.34754171  1.84025241  0.01820755 -2.55288707 -2.65892154  0.24436958
 -0.76666231  1.24524133 -2.62771096  1.12505259 -0.38397815  0.42076276
  1.91903305  0.45811868  0.65074883 -1.27156761  1.79161199  2.9398245
  0.99593884  0.2218028  -1.14181262  2.42278756  0.72674071 -1.90977367
 -0.05037947  1.87092252  0.98664685 -1.08002926 -2.30130887  2.2223842
  2.00398628  1.92832365  2.29723356  1.91578706 -1.6612174  -3.10389852
  0.4285232   1.34475823 -2.26275485 -1.1258353   2.31183684  1.39294669
 -0.27195665 -1.84442297 -1.648237    1.9652811   1.30723898 -1.01188284
 -0.23075498 -0.69309153 -0.30339062  2.30246085 -0.66193834 -0.93534338
  0.77590982 -2.35268963  0.59026912  2.78422901 -0.35242986  2.04722759
 -1.86126413 -1.35336615 -2.59736788 -2.42273039 -1.50153047 -3.02896609
  2.01620141  1.78191075  1.58151655  1.12533471  1.58819416 -2.44421566
 -2.50736694  1.78907341  1.03427248 -0.29185885 -2.47720456  1.43098291
 -1.04394785 -3.04762136 -0.04720671  1.89751573 -2.70128455 -2.36816637
  1.87611891  1.02966588 -0.62617463 -0.49631349 -0.92140749  1.96405502
  0.47262262 -0.35622602  0.40183261 -2.26662911  1.26136554 -0.15330685
  2.40236181  1.23319574  2.87809229 -1.05733883  2.10171138 -0.42989448
 -3.26841196  2.20322033  0.8114713   1.92881064 -1.28919687  1.43910614
 -2.12172295  0.20898498  0.08303737 -2.7905911  -0.90191415 -2.39307469
  0.07227786 -0.56898626]
Sat May 25 18:55:54 2024,682,0.09593800637198482,[-4.65847531  2.36664263 -1.84106062 -0.12409681  0.18672577 -2.68765097
  3.01283002  2.10571237  1.45518726 -0.92536048  0.61239973  1.09170249
  1.13210055 -1.54196777  0.77712882  2.80621738 -0.79815515 -0.63691775
 -1.75472025  0.60195856  1.67657178  2.99185619 -1.20875809 -0.31571256
 -2.42357573 -2.33803685  2.99458166  2.76322731 -0.54433299 -2.36481326
  1.48280776 -0.05850816 -2.31787455  2.09556447  1.28954029 -0.63853958
  0.84777211 -2.31880685 -0.02589533  2.15332946 -0.16394196  0.38886671
  2.71395732  1.04622457  2.46285658  3.16174759  2.64140799 -2.93932945
  0.26537396 -0.81572874  1.75888657  2.86399358 -0.51095143 -2.31763452
  2.78736953 -3.21076741  0.79394316 -0.63487994 -1.74135965  2.69818436
 -1.80955085 -1.58813082 -2.30391445  2.18800726 -2.45128552  2.1355977
  2.0746523   1.53540769  2.38308435  2.80474839  1.64886097  1.20012698
 -1.51324538 -2.22927507  1.47130167  0.71194278  1.313619   -3.01402328
 -0.37770287  2.51831694 -1.03585415  1.28752051  1.48329397  0.5445499
 -0.83302115  1.11514369  0.66824168 -0.38370062  2.80473752 -1.99307058
  1.53804605 -0.48681166  1.09033666 -2.84976593 -2.45832363  0.45773125
 -1.16150478 -0.49457612  0.36531624 -0.11126726 -1.65032844 -0.04117009
 -0.85970564  2.81181069 -1.06239939 -1.38013476 -0.94883395  1.07796522
  1.85224686 -0.69616528  1.97232729 -2.19417575 -0.34727707 -0.73251674
 -2.89008119  3.16480334 -1.63194513  3.13522472 -1.26602513 -2.70847993
  3.36217182 -1.23322319 -0.77649616 -2.88407557 -2.71720574  2.54564125
 -2.13655208 -2.04712745 -0.18154919  3.14998796  0.24664249  0.21384957
 -1.25020323 -0.67764037 -1.73376994 -3.03025095  2.8703265   1.23551013
 -0.48570773 -2.18838453  1.10971142 -1.10585765 -0.49042509 -2.73954137
 -2.06516923  1.86554793 -0.8738126   2.62185224 -0.45419515 -2.67151346
 -2.82019519  2.26182956 -3.14423355 -0.44536845 -1.00234842 -0.24660736
  2.34754169  1.84025239  0.01820757 -2.55288709 -2.65892152  0.24436956
 -0.76666229  1.24524135 -2.62771098  1.12505261 -0.38397813  0.42076274
  1.91903303  0.45811866  0.65074885 -1.27156763  1.79161197  2.93982452
  0.99593882  0.22180282 -1.1418126   2.42278758  0.72674073 -1.90977365
 -0.05037949  1.87092254  0.98664687 -1.08002928 -2.30130885  2.22238422
  2.0039863   1.92832363  2.29723354  1.91578704 -1.66121738 -3.1038985
  0.42852322  1.34475821 -2.26275487 -1.12583532  2.31183686  1.39294671
 -0.27195667 -1.84442299 -1.64823698  1.96528112  1.307239   -1.01188282
 -0.23075496 -0.69309155 -0.3033906   2.30246087 -0.66193832 -0.9353434
  0.7759098  -2.35268961  0.5902691   2.78422903 -0.35242988  2.04722761
 -1.86126415 -1.35336613 -2.5973679  -2.42273041 -1.50153049 -3.02896607
  2.01620143  1.78191073  1.58151653  1.12533473  1.58819418 -2.44421568
 -2.50736696  1.78907339  1.03427246 -0.29185887 -2.47720458  1.43098289
 -1.04394787 -3.04762138 -0.04720669  1.89751575 -2.70128457 -2.36816635
  1.87611893  1.02966586 -0.62617465 -0.49631347 -0.92140747  1.964055
  0.47262264 -0.356226    0.40183263 -2.26662909  1.26136552 -0.15330683
  2.40236179  1.23319572  2.87809231 -1.05733885  2.10171136 -0.4298945
 -3.26841194  2.20322035  0.81147132  1.92881062 -1.28919685  1.43910616
 -2.12172297  0.208985    0.08303739 -2.79059112 -0.90191417 -2.39307471
  0.07227788 -0.56898628]
Sat May 25 18:56:22 2024,683,0.09593800637087105,[-4.65847533  2.36664261 -1.84106064 -0.12409683  0.18672575 -2.68765099
  3.01283     2.10571239  1.45518728 -0.9253605   0.61239971  1.09170247
  1.13210057 -1.54196779  0.7771288   2.80621737 -0.79815517 -0.63691773
 -1.75472023  0.60195854  1.67657176  2.99185621 -1.20875811 -0.31571254
 -2.42357575 -2.33803687  2.99458164  2.76322729 -0.54433301 -2.36481324
  1.48280778 -0.05850818 -2.31787457  2.09556445  1.28954027 -0.6385396
  0.84777213 -2.31880683 -0.02589535  2.15332944 -0.16394195  0.38886669
  2.7139573   1.04622459  2.4628566   3.16174761  2.64140801 -2.93932947
  0.26537394 -0.81572872  1.75888659  2.86399356 -0.51095145 -2.31763454
  2.78736951 -3.21076739  0.79394318 -0.63487996 -1.74135967  2.69818438
 -1.80955083 -1.58813084 -2.30391447  2.18800728 -2.4512855   2.13559768
  2.07465228  1.53540767  2.38308433  2.80474837  1.64886095  1.20012696
 -1.51324536 -2.22927509  1.47130165  0.71194276  1.31361898 -3.0140233
 -0.37770289  2.51831692 -1.03585417  1.28752049  1.48329399  0.54454992
 -0.83302113  1.11514367  0.6682417  -0.3837006   2.80473754 -1.9930706
  1.53804607 -0.48681164  1.09033668 -2.84976591 -2.45832365  0.45773123
 -1.1615048  -0.4945761   0.36531622 -0.11126728 -1.65032842 -0.04117007
 -0.85970562  2.81181067 -1.06239937 -1.38013478 -0.94883397  1.07796524
  1.85224684 -0.6961653   1.97232731 -2.19417577 -0.34727705 -0.73251672
 -2.89008121  3.16480336 -1.63194511  3.13522474 -1.26602511 -2.70847991
  3.3621718  -1.23322321 -0.77649614 -2.88407558 -2.71720572  2.54564123
 -2.13655206 -2.04712743 -0.18154917  3.14998798  0.24664247  0.21384959
 -1.25020321 -0.67764039 -1.73376996 -3.03025093  2.87032652  1.23551015
 -0.48570775 -2.18838455  1.1097114  -1.10585763 -0.49042511 -2.73954135
 -2.06516925  1.86554795 -0.87381262  2.62185222 -0.45419517 -2.67151344
 -2.82019517  2.26182958 -3.14423357 -0.44536847 -1.0023484  -0.24660734
  2.34754171  1.84025237  0.01820759 -2.55288707 -2.65892154  0.24436954
 -0.76666227  1.24524133 -2.62771096  1.12505259 -0.38397815  0.42076276
  1.91903305  0.45811868  0.65074883 -1.27156761  1.79161199  2.93982454
  0.9959388   0.2218028  -1.14181262  2.42278756  0.72674071 -1.90977367
 -0.05037947  1.87092256  0.98664689 -1.08002926 -2.30130883  2.22238424
  2.00398628  1.92832365  2.29723356  1.91578706 -1.6612174  -3.10389852
  0.42852324  1.34475823 -2.26275489 -1.1258353   2.31183688  1.39294669
 -0.27195669 -1.84442297 -1.648237    1.96528114  1.30723902 -1.01188284
 -0.23075498 -0.69309157 -0.30339062  2.30246089 -0.6619383  -0.93534342
  0.77590978 -2.35268963  0.59026912  2.78422901 -0.35242986  2.04722759
 -1.86126413 -1.35336615 -2.59736788 -2.42273043 -1.50153047 -3.02896606
  2.01620145  1.78191075  1.58151651  1.12533475  1.5881942  -2.44421566
 -2.50736694  1.78907337  1.03427244 -0.29185885 -2.4772046   1.43098287
 -1.04394785 -3.0476214  -0.04720667  1.89751573 -2.70128455 -2.36816637
  1.87611891  1.02966588 -0.62617467 -0.49631345 -0.92140745  1.96405498
  0.47262262 -0.35622598  0.40183265 -2.26662911  1.26136554 -0.15330681
  2.40236177  1.2331957   2.87809229 -1.05733883  2.10171138 -0.42989452
 -3.26841192  2.20322033  0.8114713   1.92881064 -1.28919683  1.43910618
 -2.12172299  0.20898502  0.08303741 -2.7905911  -0.90191415 -2.39307473
  0.0722779  -0.56898626]
Sat May 25 18:56:46 2024,684,0.09593800636976338,[-4.65847534  2.36664259 -1.84106062 -0.12409681  0.18672573 -2.68765101
  3.01282998  2.10571237  1.45518726 -0.92536052  0.61239972  1.09170249
  1.13210055 -1.54196781  0.77712882  2.80621738 -0.79815519 -0.63691771
 -1.75472025  0.60195852  1.67657178  2.99185619 -1.20875813 -0.31571252
 -2.42357577 -2.33803685  2.99458162  2.76322731 -0.54433303 -2.36481322
  1.4828078  -0.05850816 -2.31787459  2.09556447  1.28954029 -0.63853962
  0.84777211 -2.31880685 -0.02589533  2.15332942 -0.16394193  0.38886667
  2.71395732  1.04622457  2.46285658  3.16174763  2.64140803 -2.93932949
  0.26537392 -0.81572874  1.75888661  2.86399354 -0.51095147 -2.31763452
  2.78736953 -3.21076741  0.7939432  -0.63487994 -1.74135965  2.6981844
 -1.80955081 -1.58813082 -2.30391445  2.18800726 -2.45128552  2.1355977
  2.07465226  1.53540769  2.38308431  2.80474835  1.64886093  1.20012694
 -1.51324537 -2.22927508  1.47130167  0.71194278  1.313619   -3.01402328
 -0.37770287  2.5183169  -1.03585415  1.28752047  1.48329401  0.54454994
 -0.83302111  1.11514369  0.66824172 -0.38370058  2.80473752 -1.99307058
  1.53804609 -0.48681166  1.0903367  -2.84976589 -2.45832363  0.45773125
 -1.16150478 -0.49457612  0.36531624 -0.11126726 -1.6503284  -0.04117009
 -0.85970564  2.81181065 -1.06239939 -1.38013476 -0.94883399  1.07796526
  1.85224682 -0.69616532  1.97232729 -2.19417575 -0.34727707 -0.73251674
 -2.89008119  3.16480334 -1.6319451   3.13522476 -1.26602509 -2.70847993
  3.36217178 -1.23322319 -0.77649613 -2.88407557 -2.71720574  2.54564121
 -2.13655204 -2.04712745 -0.18154919  3.149988    0.24664249  0.2138496
 -1.25020323 -0.67764037 -1.73376998 -3.03025095  2.8703265   1.23551013
 -0.48570777 -2.18838453  1.10971138 -1.10585761 -0.49042509 -2.73954137
 -2.06516927  1.86554797 -0.87381264  2.62185224 -0.45419515 -2.67151346
 -2.82019519  2.2618296  -3.14423355 -0.44536849 -1.00234842 -0.24660736
  2.34754169  1.84025239  0.01820761 -2.55288705 -2.65892156  0.24436956
 -0.76666229  1.24524135 -2.62771098  1.12505257 -0.38397816  0.42076274
  1.91903307  0.45811866  0.65074881 -1.27156763  1.79161201  2.93982456
  0.99593882  0.22180278 -1.1418126   2.42278754  0.72674073 -1.90977365
 -0.05037949  1.87092254  0.98664691 -1.08002928 -2.30130885  2.22238426
  2.0039863   1.92832363  2.29723354  1.91578708 -1.66121738 -3.1038985
  0.42852322  1.34475825 -2.26275491 -1.12583532  2.31183686  1.39294671
 -0.27195667 -1.84442298 -1.64823702  1.96528112  1.30723904 -1.01188282
 -0.23075496 -0.69309155 -0.3033906   2.30246087 -0.66193832 -0.93534344
  0.7759098  -2.35268965  0.5902691   2.78422899 -0.35242988  2.04722761
 -1.86126415 -1.35336613 -2.59736786 -2.42273041 -1.50153049 -3.02896607
  2.01620143  1.78191077  1.58151653  1.12533473  1.58819422 -2.44421564
 -2.50736696  1.78907339  1.03427242 -0.29185883 -2.47720462  1.43098285
 -1.04394787 -3.04762142 -0.04720665  1.89751575 -2.70128457 -2.36816635
  1.87611893  1.0296659  -0.62617465 -0.49631343 -0.92140747  1.96405496
  0.47262264 -0.356226    0.40183267 -2.26662909  1.26136555 -0.15330679
  2.40236179  1.23319568  2.87809231 -1.05733881  2.10171136 -0.4298945
 -3.26841194  2.20322035  0.81147132  1.92881066 -1.28919681  1.43910616
 -2.12172301  0.20898504  0.08303743 -2.79059112 -0.90191417 -2.39307475
  0.07227792 -0.56898628]
Sat May 25 18:57:41 2024,685,0.09593800636866268,[-4.65847536  2.36664257 -1.84106064 -0.12409679  0.18672571 -2.68765099
  3.01282996  2.10571235  1.45518724 -0.9253605   0.61239971  1.09170247
  1.13210057 -1.54196779  0.77712884  2.80621737 -0.79815521 -0.63691773
 -1.75472027  0.6019585   1.67657176  2.99185617 -1.20875811 -0.31571254
 -2.42357575 -2.33803687  2.99458164  2.76322733 -0.54433301 -2.3648132
  1.48280782 -0.05850814 -2.3178746   2.09556449  1.28954027 -0.6385396
  0.84777213 -2.31880683 -0.02589531  2.1533294  -0.16394194  0.38886669
  2.71395734  1.04622459  2.46285656  3.16174765  2.64140801 -2.93932951
  0.26537394 -0.81572876  1.75888659  2.86399356 -0.51095145 -2.3176345
  2.78736951 -3.21076743  0.79394318 -0.63487992 -1.74135963  2.69818438
 -1.80955083 -1.58813084 -2.30391443  2.18800728 -2.4512855   2.13559768
  2.07465224  1.53540767  2.38308433  2.80474837  1.64886095  1.20012696
 -1.51324536 -2.22927509  1.47130165  0.7119428   1.31361898 -3.01402326
 -0.37770289  2.51831692 -1.03585417  1.28752049  1.48329403  0.54454996
 -0.83302113  1.11514371  0.6682417  -0.38370056  2.80473754 -1.9930706
  1.53804611 -0.48681168  1.09033668 -2.84976587 -2.45832361  0.45773123
 -1.1615048  -0.49457614  0.36531622 -0.11126728 -1.65032838 -0.04117011
 -0.85970562  2.81181067 -1.06239937 -1.38013478 -0.94883401  1.07796528
  1.85224684 -0.69616534  1.97232727 -2.19417577 -0.34727709 -0.73251676
 -2.89008117  3.16480336 -1.63194508  3.13522478 -1.26602507 -2.70847991
  3.36217176 -1.23322321 -0.77649614 -2.88407555 -2.71720572  2.54564123
 -2.13655206 -2.04712747 -0.18154917  3.14998798  0.24664247  0.21384962
 -1.25020321 -0.67764035 -1.73376996 -3.03025093  2.87032652  1.23551011
 -0.48570775 -2.18838452  1.1097114  -1.10585763 -0.49042511 -2.73954135
 -2.06516925  1.86554799 -0.87381262  2.62185226 -0.45419517 -2.67151348
 -2.82019521  2.26182958 -3.14423357 -0.4453685  -1.0023484  -0.24660738
  2.34754171  1.84025237  0.01820763 -2.55288707 -2.65892158  0.24436954
 -0.76666227  1.24524137 -2.62771096  1.12505255 -0.38397818  0.42076276
  1.91903309  0.45811868  0.65074883 -1.27156761  1.79161203  2.93982458
  0.9959388   0.2218028  -1.14181262  2.42278756  0.72674071 -1.90977367
 -0.05037947  1.87092256  0.98664693 -1.0800293  -2.30130883  2.22238424
  2.00398632  1.92832361  2.29723352  1.91578706 -1.6612174  -3.10389852
  0.4285232   1.34475823 -2.26275489 -1.12583534  2.31183684  1.39294673
 -0.27195665 -1.844423   -1.648237    1.96528114  1.30723906 -1.01188284
 -0.23075494 -0.69309157 -0.30339062  2.30246085 -0.6619383  -0.93534346
  0.77590978 -2.35268967  0.59026912  2.78422901 -0.3524299   2.04722763
 -1.86126413 -1.35336615 -2.59736788 -2.42273043 -1.50153047 -3.02896606
  2.01620145  1.78191075  1.58151655  1.12533471  1.58819424 -2.44421562
 -2.50736698  1.78907341  1.03427244 -0.29185885 -2.4772046   1.43098287
 -1.04394789 -3.04762144 -0.04720663  1.89751573 -2.70128455 -2.36816637
  1.87611895  1.02966588 -0.62617467 -0.49631345 -0.92140745  1.96405498
  0.47262262 -0.35622602  0.40183269 -2.26662907  1.26136557 -0.15330681
  2.40236177  1.2331957   2.87809233 -1.05733883  2.10171134 -0.42989452
 -3.26841196  2.20322037  0.81147134  1.92881064 -1.28919679  1.43910614
 -2.12172303  0.20898506  0.08303745 -2.79059114 -0.90191415 -2.39307473
  0.0722779  -0.5689863 ]
Sat May 25 18:58:09 2024,686,0.09593800636756733,[-4.65847538  2.36664259 -1.84106062 -0.12409677  0.18672569 -2.68765101
  3.01282998  2.10571233  1.45518726 -0.92536048  0.61239969  1.09170249
  1.13210055 -1.54196777  0.77712886  2.80621735 -0.79815523 -0.63691771
 -1.75472025  0.60195848  1.67657178  2.99185619 -1.20875813 -0.31571252
 -2.42357577 -2.33803689  2.99458165  2.76322735 -0.54433299 -2.36481318
  1.4828078  -0.05850816 -2.31787459  2.09556447  1.28954029 -0.63853962
  0.84777211 -2.31880685 -0.02589529  2.15332938 -0.16394193  0.3888667
  2.71395732  1.04622461  2.46285658  3.16174763  2.64140803 -2.93932953
  0.26537396 -0.81572878  1.75888661  2.86399358 -0.51095147 -2.31763448
  2.78736949 -3.21076745  0.7939432  -0.63487994 -1.74135961  2.6981844
 -1.80955081 -1.58813082 -2.30391441  2.18800726 -2.45128552  2.13559766
  2.07465226  1.53540769  2.38308435  2.80474835  1.64886097  1.20012694
 -1.51324537 -2.22927511  1.47130163  0.71194278  1.313619   -3.01402324
 -0.37770287  2.5183169  -1.03585419  1.28752047  1.48329405  0.54454994
 -0.83302111  1.11514373  0.66824169 -0.38370054  2.80473752 -1.99307062
  1.53804609 -0.48681166  1.09033666 -2.84976585 -2.45832359  0.45773125
 -1.16150478 -0.49457615  0.3653162  -0.1112673  -1.6503284  -0.04117009
 -0.8597056   2.81181069 -1.06239939 -1.38013476 -0.94883403  1.07796526
  1.85224682 -0.69616532  1.97232729 -2.19417579 -0.34727707 -0.73251674
 -2.89008115  3.16480338 -1.63194506  3.13522476 -1.26602505 -2.70847993
  3.36217174 -1.23322319 -0.77649616 -2.88407557 -2.71720574  2.54564121
 -2.13655204 -2.04712749 -0.18154915  3.14998796  0.24664245  0.21384961
 -1.25020319 -0.67764033 -1.73376998 -3.03025095  2.8703265   1.23551013
 -0.48570773 -2.18838453  1.10971138 -1.10585761 -0.49042509 -2.73954137
 -2.06516927  1.86554801 -0.87381264  2.62185224 -0.45419515 -2.6715135
 -2.82019519  2.26182956 -3.14423355 -0.44536852 -1.00234838 -0.2466074
  2.34754169  1.84025235  0.01820765 -2.55288709 -2.6589216   0.24436952
 -0.76666225  1.24524135 -2.62771098  1.12505257 -0.38397817  0.42076278
  1.91903311  0.45811866  0.65074881 -1.27156759  1.79161205  2.9398246
  0.99593882  0.22180278 -1.14181264  2.42278758  0.72674073 -1.90977365
 -0.05037949  1.87092254  0.98664691 -1.08002932 -2.30130885  2.22238422
  2.00398634  1.92832359  2.2972335   1.91578704 -1.66121738 -3.10389854
  0.42852322  1.34475825 -2.26275491 -1.12583536  2.31183686  1.39294671
 -0.27195663 -1.84442299 -1.64823702  1.96528112  1.30723908 -1.01188286
 -0.23075492 -0.69309155 -0.3033906   2.30246087 -0.66193832 -0.93534348
  0.7759098  -2.35268969  0.5902691   2.78422899 -0.35242992  2.04722761
 -1.86126415 -1.35336617 -2.59736786 -2.42273041 -1.50153049 -3.02896604
  2.01620143  1.78191073  1.58151653  1.1253347   1.58819426 -2.44421564
 -2.50736696  1.78907343  1.03427242 -0.29185887 -2.47720462  1.43098289
 -1.04394787 -3.04762142 -0.04720665  1.89751571 -2.70128453 -2.36816635
  1.87611897  1.02966586 -0.62617468 -0.49631346 -0.92140747  1.964055
  0.47262264 -0.35622604  0.40183271 -2.26662905  1.26136556 -0.15330683
  2.40236179  1.23319568  2.87809231 -1.05733881  2.10171136 -0.42989454
 -3.26841194  2.20322035  0.81147136  1.92881062 -1.28919681  1.43910612
 -2.12172305  0.20898508  0.08303743 -2.79059116 -0.90191413 -2.39307471
  0.07227792 -0.56898632]
Sat May 25 18:58:33 2024,687,0.09593800636647878,[-4.6584754   2.36664257 -1.84106064 -0.12409675  0.18672567 -2.68765103
  3.01283     2.10571235  1.45518728 -0.9253605   0.61239971  1.09170251
  1.13210057 -1.54196775  0.77712888  2.80621733 -0.79815525 -0.63691773
 -1.75472023  0.60195846  1.67657176  2.99185621 -1.20875815 -0.31571254
 -2.42357579 -2.33803687  2.99458164  2.76322733 -0.54433301 -2.36481316
  1.48280782 -0.05850818 -2.31787457  2.09556449  1.28954027 -0.6385396
  0.84777209 -2.31880683 -0.02589531  2.1533294  -0.16394191  0.38886669
  2.7139573   1.04622459  2.4628566   3.16174761  2.64140805 -2.93932955
  0.26537398 -0.81572876  1.7588866   2.8639936  -0.51095148 -2.31763446
  2.78736951 -3.21076747  0.79394318 -0.63487992 -1.74135959  2.69818442
 -1.80955079 -1.58813084 -2.30391443  2.18800724 -2.4512855   2.13559764
  2.07465228  1.53540767  2.38308437  2.80474837  1.64886099  1.20012696
 -1.51324536 -2.22927513  1.47130161  0.71194276  1.31361902 -3.01402326
 -0.37770285  2.51831688 -1.03585417  1.28752049  1.48329403  0.54454996
 -0.83302113  1.11514371  0.6682417  -0.38370052  2.8047375  -1.99307064
  1.53804611 -0.48681164  1.09033668 -2.84976587 -2.45832357  0.45773127
 -1.1615048  -0.49457617  0.36531622 -0.11126732 -1.65032842 -0.04117007
 -0.85970562  2.81181067 -1.06239941 -1.38013478 -0.94883401  1.07796524
  1.8522468  -0.69616534  1.97232731 -2.19417577 -0.34727709 -0.73251676
 -2.89008117  3.16480336 -1.63194504  3.13522478 -1.26602503 -2.70847995
  3.36217176 -1.23322317 -0.77649614 -2.88407555 -2.71720576  2.54564123
 -2.13655206 -2.04712751 -0.18154913  3.14998794  0.24664243  0.21384959
 -1.25020317 -0.67764031 -1.73377    -3.03025093  2.87032648  1.23551011
 -0.48570771 -2.18838455  1.10971136 -1.10585763 -0.49042511 -2.73954135
 -2.06516925  1.86554803 -0.87381266  2.62185226 -0.45419513 -2.67151352
 -2.82019517  2.26182954 -3.14423357 -0.4453685  -1.00234836 -0.24660742
  2.34754171  1.84025237  0.01820763 -2.55288707 -2.65892158  0.2443695
 -0.76666223  1.24524133 -2.627711    1.12505259 -0.38397815  0.42076276
  1.91903313  0.45811864  0.65074879 -1.27156757  1.79161203  2.93982462
  0.9959388   0.22180276 -1.14181262  2.4227876   0.72674071 -1.90977367
 -0.05037947  1.87092252  0.98664689 -1.08002934 -2.30130887  2.2223842
  2.00398632  1.92832361  2.29723349  1.91578706 -1.66121736 -3.10389855
  0.4285232   1.34475823 -2.26275489 -1.12583538  2.31183684  1.39294669
 -0.27195665 -1.844423   -1.64823704  1.9652811   1.3072391  -1.01188288
 -0.23075494 -0.69309153 -0.30339058  2.30246089 -0.6619383  -0.93534346
  0.77590981 -2.35268967  0.59026908  2.78422901 -0.3524299   2.04722763
 -1.86126413 -1.35336615 -2.59736788 -2.42273039 -1.50153047 -3.02896602
  2.01620145  1.78191075  1.58151655  1.12533468  1.58819428 -2.44421562
 -2.50736698  1.78907345  1.03427244 -0.29185885 -2.47720463  1.43098291
 -1.04394785 -3.04762144 -0.04720663  1.89751573 -2.70128455 -2.36816633
  1.87611899  1.02966588 -0.62617467 -0.49631348 -0.92140749  1.96405498
  0.47262262 -0.35622602  0.40183273 -2.26662907  1.26136557 -0.15330681
  2.40236181  1.23319566  2.87809229 -1.05733883  2.10171134 -0.42989452
 -3.26841192  2.20322033  0.81147137  1.9288106  -1.28919683  1.43910614
 -2.12172303  0.20898506  0.08303745 -2.79059114 -0.90191415 -2.39307473
  0.07227794 -0.5689863 ]
Sat May 25 18:58:58 2024,688,0.09593800636539597,[-4.65847542  2.36664255 -1.84106066 -0.12409677  0.18672566 -2.68765101
  3.01282998  2.10571237  1.45518726 -0.92536048  0.61239972  1.09170249
  1.13210059 -1.54196773  0.7771289   2.80621735 -0.79815523 -0.63691771
 -1.75472022  0.60195848  1.67657178  2.99185623 -1.20875817 -0.31571256
 -2.42357577 -2.33803685  2.99458165  2.76322731 -0.54433299 -2.36481314
  1.48280784 -0.0585082  -2.31787459  2.09556447  1.28954029 -0.63853962
  0.84777207 -2.31880685 -0.02589529  2.15332938 -0.16394189  0.38886667
  2.71395728  1.04622457  2.46285662  3.16174759  2.64140807 -2.93932957
  0.265374   -0.81572878  1.75888658  2.86399358 -0.51095147 -2.31763448
  2.78736949 -3.21076745  0.79394316 -0.63487994 -1.74135961  2.6981844
 -1.80955081 -1.58813082 -2.30391445  2.18800726 -2.45128552  2.13559762
  2.0746523   1.53540769  2.38308439  2.80474835  1.64886097  1.20012698
 -1.51324534 -2.22927511  1.47130163  0.71194278  1.313619   -3.01402324
 -0.37770287  2.51831686 -1.03585415  1.28752047  1.48329405  0.54454997
 -0.83302115  1.11514373  0.66824172 -0.38370054  2.80473748 -1.99307066
  1.53804609 -0.48681162  1.09033666 -2.84976589 -2.45832355  0.45773125
 -1.16150482 -0.49457616  0.3653162  -0.1112673  -1.6503284  -0.04117009
 -0.85970564  2.81181069 -1.06239939 -1.3801348  -0.94883403  1.07796522
  1.85224682 -0.69616532  1.97232729 -2.19417579 -0.34727707 -0.73251674
 -2.89008119  3.16480334 -1.63194502  3.1352248  -1.26602505 -2.70847997
  3.36217174 -1.23322319 -0.77649616 -2.88407557 -2.71720578  2.54564124
 -2.13655204 -2.04712753 -0.18154911  3.14998792  0.24664245  0.2138496
 -1.25020315 -0.67764029 -1.73376998 -3.03025092  2.87032646  1.23551013
 -0.48570769 -2.18838453  1.10971134 -1.10585761 -0.49042513 -2.73954137
 -2.06516923  1.86554801 -0.87381264  2.62185227 -0.45419515 -2.6715135
 -2.82019519  2.26182952 -3.14423355 -0.44536849 -1.00234838 -0.24660744
  2.34754169  1.84025239  0.01820761 -2.55288709 -2.65892156  0.24436952
 -0.76666225  1.24524135 -2.62771098  1.12505257 -0.38397816  0.42076278
  1.91903315  0.45811862  0.65074877 -1.27156755  1.79161205  2.93982464
  0.99593878  0.22180274 -1.14181264  2.42278762  0.7267407  -1.90977369
 -0.05037945  1.8709225   0.98664687 -1.08002932 -2.30130889  2.22238422
  2.00398634  1.92832359  2.2972335   1.91578704 -1.66121734 -3.10389854
  0.42852322  1.34475825 -2.26275491 -1.1258354   2.31183686  1.39294671
 -0.27195667 -1.84442299 -1.64823702  1.96528112  1.30723912 -1.01188286
 -0.23075496 -0.69309151 -0.3033906   2.30246087 -0.66193829 -0.93534344
  0.77590983 -2.35268965  0.59026907  2.78422903 -0.35242992  2.04722765
 -1.86126411 -1.35336617 -2.59736786 -2.42273037 -1.50153045 -3.028966
  2.01620143  1.78191073  1.58151657  1.1253347   1.58819426 -2.4442156
 -2.50736696  1.78907346  1.03427242 -0.29185884 -2.47720462  1.43098293
 -1.04394783 -3.04762142 -0.04720661  1.89751571 -2.70128457 -2.36816635
  1.87611901  1.0296659  -0.62617465 -0.49631346 -0.92140751  1.964055
  0.47262264 -0.35622604  0.40183275 -2.26662909  1.26136556 -0.15330683
  2.40236183  1.23319564  2.87809227 -1.05733881  2.10171136 -0.42989454
 -3.26841194  2.20322035  0.81147136  1.92881058 -1.28919685  1.43910616
 -2.12172301  0.20898504  0.08303746 -2.79059116 -0.90191413 -2.39307471
  0.07227792 -0.56898632]
Sat May 25 18:59:36 2024,689,0.09593800636431907,[-4.65847544  2.36664257 -1.84106064 -0.12409675  0.18672567 -2.68765099
  3.01282996  2.10571235  1.45518728 -0.9253605   0.61239971  1.09170251
  1.13210057 -1.54196775  0.77712892  2.80621736 -0.79815525 -0.63691773
 -1.75472023  0.6019585   1.67657176  2.99185621 -1.20875819 -0.31571258
 -2.42357579 -2.33803683  2.99458164  2.76322729 -0.54433301 -2.36481312
  1.48280782 -0.05850818 -2.31787457  2.09556445  1.28954027 -0.6385396
  0.84777209 -2.31880683 -0.02589531  2.1533294  -0.16394187  0.38886669
  2.71395726  1.04622455  2.4628566   3.16174761  2.64140805 -2.93932955
  0.26537398 -0.81572876  1.75888656  2.86399356 -0.51095148 -2.3176345
  2.78736951 -3.21076747  0.79394314 -0.63487996 -1.74135963  2.69818442
 -1.80955079 -1.5881308  -2.30391447  2.18800727 -2.4512855   2.1355976
  2.07465228  1.53540767  2.38308437  2.80474833  1.64886099  1.20012696
 -1.51324532 -2.22927513  1.47130161  0.7119428   1.31361898 -3.01402326
 -0.37770289  2.51831684 -1.03585413  1.28752045  1.48329407  0.54454996
 -0.83302117  1.11514375  0.66824174 -0.38370056  2.80473746 -1.99307068
  1.53804607 -0.48681164  1.09033664 -2.84976587 -2.45832357  0.45773127
 -1.1615048  -0.49457617  0.36531618 -0.11126732 -1.65032838 -0.04117011
 -0.85970566  2.8118107  -1.06239937 -1.38013478 -0.94883404  1.07796524
  1.8522468  -0.6961653   1.97232727 -2.19417581 -0.34727709 -0.73251676
 -2.89008117  3.16480333 -1.63194504  3.13522482 -1.26602507 -2.70847995
  3.36217176 -1.23322317 -0.77649614 -2.88407558 -2.7172058   2.54564123
 -2.13655206 -2.04712751 -0.18154909  3.1499879   0.24664243  0.21384959
 -1.25020313 -0.67764031 -1.73376996 -3.0302509   2.87032644  1.23551011
 -0.48570767 -2.18838452  1.10971136 -1.10585763 -0.49042515 -2.73954139
 -2.06516925  1.86554803 -0.87381262  2.62185226 -0.45419517 -2.67151352
 -2.82019517  2.2618295  -3.14423357 -0.4453685  -1.0023484  -0.24660746
  2.34754171  1.84025237  0.01820759 -2.5528871  -2.65892158  0.24436954
 -0.76666227  1.24524133 -2.627711    1.12505255 -0.38397815  0.42076276
  1.91903313  0.45811864  0.65074879 -1.27156753  1.79161207  2.93982462
  0.99593876  0.22180276 -1.14181262  2.42278764  0.72674071 -1.90977367
 -0.05037943  1.87092248  0.98664689 -1.08002934 -2.30130891  2.2223842
  2.00398632  1.92832357  2.29723352  1.91578706 -1.66121736 -3.10389852
  0.4285232   1.34475827 -2.26275493 -1.12583542  2.31183688  1.39294673
 -0.27195669 -1.84442297 -1.64823704  1.9652811   1.3072391  -1.01188288
 -0.23075498 -0.69309149 -0.30339062  2.30246089 -0.66193827 -0.93534346
  0.77590981 -2.35268967  0.59026908  2.78422901 -0.35242993  2.04722766
 -1.8612641  -1.35336619 -2.59736788 -2.42273039 -1.50153047 -3.02896602
  2.01620145  1.78191071  1.58151659  1.12533468  1.58819424 -2.44421562
 -2.50736698  1.78907345  1.03427244 -0.29185882 -2.47720463  1.43098295
 -1.04394781 -3.04762144 -0.04720663  1.89751573 -2.70128455 -2.36816633
  1.87611899  1.02966592 -0.62617467 -0.49631345 -0.92140749  1.96405502
  0.47262262 -0.35622602  0.40183273 -2.26662911  1.26136554 -0.15330681
  2.40236185  1.23319566  2.87809225 -1.05733879  2.10171138 -0.42989456
 -3.26841196  2.20322037  0.81147137  1.92881057 -1.28919687  1.43910614
 -2.12172299  0.20898506  0.08303745 -2.79059114 -0.90191415 -2.39307469
  0.0722779  -0.5689863 ]
Sat May 25 19:00:03 2024,690,0.09593800636324776,[-4.65847546  2.36664259 -1.84106066 -0.12409677  0.18672566 -2.68765101
  3.01282994  2.10571237  1.4551873  -0.92536052  0.61239972  1.09170249
  1.13210059 -1.54196773  0.7771289   2.80621735 -0.79815527 -0.63691775
 -1.75472022  0.60195848  1.67657174  2.99185623 -1.20875817 -0.31571256
 -2.4235758  -2.33803681  2.99458162  2.76322731 -0.54433303 -2.36481314
  1.4828078  -0.0585082  -2.31787459  2.09556443  1.28954029 -0.63853958
  0.84777207 -2.31880681 -0.02589533  2.15332942 -0.16394189  0.38886667
  2.71395728  1.04622457  2.46285658  3.16174759  2.64140807 -2.93932957
  0.26537396 -0.81572878  1.75888658  2.86399358 -0.51095147 -2.31763452
  2.78736949 -3.21076745  0.79394316 -0.63487998 -1.74135961  2.6981844
 -1.80955081 -1.58813078 -2.30391449  2.18800729 -2.45128548  2.13559758
  2.0746523   1.53540769  2.38308435  2.80474831  1.64886101  1.20012694
 -1.5132453  -2.22927511  1.47130163  0.71194282  1.313619   -3.01402328
 -0.37770287  2.51831682 -1.03585415  1.28752047  1.48329409  0.54454994
 -0.83302115  1.11514377  0.66824172 -0.38370054  2.80473748 -1.99307066
  1.53804609 -0.48681166  1.09033662 -2.84976589 -2.45832359  0.45773129
 -1.16150478 -0.49457616  0.3653162  -0.11126734 -1.6503284  -0.04117009
 -0.85970568  2.81181069 -1.06239939 -1.3801348  -0.94883406  1.07796522
  1.85224678 -0.69616532  1.97232725 -2.19417579 -0.34727707 -0.73251674
 -2.89008119  3.16480331 -1.63194502  3.1352248  -1.26602505 -2.70847997
  3.36217174 -1.23322316 -0.77649613 -2.88407557 -2.71720578  2.54564124
 -2.13655208 -2.04712753 -0.18154907  3.14998792  0.24664245  0.2138496
 -1.25020311 -0.67764029 -1.73376994 -3.03025092  2.87032646  1.23551013
 -0.48570769 -2.18838453  1.10971134 -1.10585761 -0.49042513 -2.73954141
 -2.06516927  1.86554805 -0.8738126   2.62185224 -0.45419519 -2.67151354
 -2.82019519  2.26182952 -3.14423355 -0.44536849 -1.00234842 -0.24660744
  2.34754169  1.84025235  0.01820761 -2.55288712 -2.6589216   0.24436952
 -0.76666228  1.24524135 -2.62771098  1.12505253 -0.38397816  0.42076278
  1.91903315  0.45811862  0.65074881 -1.27156751  1.79161209  2.9398246
  0.99593874  0.22180274 -1.14181264  2.42278766  0.72674073 -1.90977365
 -0.05037945  1.87092246  0.98664687 -1.08002932 -2.30130889  2.22238422
  2.00398634  1.92832359  2.29723354  1.91578704 -1.66121734 -3.1038985
  0.42852322  1.34475829 -2.26275491 -1.12583544  2.31183686  1.39294671
 -0.27195671 -1.84442299 -1.64823706  1.96528108  1.30723908 -1.01188286
 -0.230755   -0.69309147 -0.3033906   2.30246087 -0.66193825 -0.93534348
  0.77590983 -2.35268969  0.59026907  2.78422903 -0.35242992  2.04722765
 -1.86126411 -1.35336621 -2.59736786 -2.42273041 -1.50153045 -3.028966
  2.01620143  1.78191069  1.58151661  1.12533466  1.58819426 -2.44421564
 -2.50736696  1.78907346  1.03427242 -0.29185884 -2.47720462  1.43098297
 -1.04394779 -3.04762142 -0.04720661  1.89751571 -2.70128457 -2.36816631
  1.87611897  1.0296659  -0.62617468 -0.49631343 -0.92140751  1.96405504
  0.47262264 -0.35622604  0.40183271 -2.26662909  1.26136552 -0.15330683
  2.40236187  1.23319564  2.87809227 -1.05733877  2.1017114  -0.42989454
 -3.26841194  2.20322035  0.81147136  1.92881055 -1.28919689  1.43910616
 -2.12172301  0.20898504  0.08303743 -2.79059116 -0.90191413 -2.39307471
  0.07227792 -0.56898628]
Sat May 25 19:00:26 2024,691,0.0959380063621827,[-4.65847548  2.36664257 -1.84106068 -0.12409679  0.18672567 -2.68765099
  3.01282992  2.10571235  1.45518728 -0.9253605   0.61239971  1.09170247
  1.13210061 -1.54196771  0.77712892  2.80621736 -0.79815529 -0.63691777
 -1.75472023  0.6019585   1.67657172  2.99185621 -1.20875819 -0.31571258
 -2.42357582 -2.33803679  2.9945816   2.76322733 -0.54433301 -2.36481316
  1.48280782 -0.05850822 -2.3178746   2.09556445  1.28954027 -0.63853956
  0.84777209 -2.31880679 -0.02589535  2.1533294  -0.16394191  0.38886665
  2.7139573   1.04622459  2.46285656  3.16174758  2.64140809 -2.93932959
  0.26537398 -0.8157288   1.75888659  2.8639936  -0.51095145 -2.31763454
  2.78736948 -3.21076743  0.79394318 -0.63487996 -1.74135963  2.69818442
 -1.80955079 -1.5881308  -2.30391447  2.18800731 -2.4512855   2.1355976
  2.07465228  1.53540767  2.38308433  2.80474829  1.64886102  1.20012696
 -1.51324528 -2.22927513  1.47130165  0.7119428   1.31361902 -3.0140233
 -0.37770289  2.51831684 -1.03585417  1.28752049  1.48329411  0.54454996
 -0.83302113  1.11514375  0.66824174 -0.38370052  2.8047375  -1.99307064
  1.53804611 -0.48681167  1.0903366  -2.84976587 -2.45832361  0.45773127
 -1.1615048  -0.49457614  0.36531618 -0.11126732 -1.65032838 -0.04117007
 -0.85970566  2.81181067 -1.06239941 -1.38013482 -0.94883405  1.0779652
  1.85224676 -0.69616534  1.97232727 -2.19417581 -0.34727705 -0.73251676
 -2.89008117  3.16480329 -1.631945    3.13522478 -1.26602507 -2.70847999
  3.36217176 -1.23322314 -0.77649611 -2.88407555 -2.7172058   2.54564123
 -2.13655206 -2.04712754 -0.18154909  3.14998794  0.24664243  0.21384962
 -1.25020313 -0.67764028 -1.73376996 -3.0302509   2.87032644  1.23551014
 -0.48570771 -2.18838455  1.10971132 -1.10585759 -0.49042511 -2.73954143
 -2.06516929  1.86554803 -0.87381262  2.62185222 -0.45419517 -2.67151352
 -2.82019521  2.26182954 -3.14423357 -0.4453685  -1.0023484  -0.24660745
  2.34754167  1.84025233  0.01820763 -2.5528871  -2.65892158  0.2443695
 -0.7666623   1.24524133 -2.627711    1.12505251 -0.38397818  0.42076276
  1.91903313  0.45811864  0.65074879 -1.27156753  1.79161211  2.93982458
  0.99593872  0.22180272 -1.14181262  2.42278764  0.72674071 -1.90977363
 -0.05037943  1.87092248  0.98664689 -1.08002934 -2.30130891  2.22238424
  2.00398632  1.92832361  2.29723352  1.91578702 -1.66121732 -3.10389848
  0.42852324  1.34475827 -2.26275493 -1.12583542  2.31183688  1.39294669
 -0.27195669 -1.84442297 -1.64823704  1.9652811   1.3072391  -1.01188284
 -0.23075498 -0.69309145 -0.30339062  2.30246085 -0.66193823 -0.93534346
  0.77590985 -2.35268971  0.59026908  2.78422901 -0.35242993  2.04722763
 -1.8612641  -1.35336623 -2.59736788 -2.42273043 -1.50153043 -3.02896602
  2.01620145  1.78191067  1.58151663  1.12533464  1.58819428 -2.44421562
 -2.50736694  1.78907345  1.0342724  -0.29185882 -2.4772046   1.43098299
 -1.04394781 -3.0476214  -0.04720659  1.89751569 -2.70128455 -2.36816629
  1.87611899  1.02966592 -0.6261747  -0.49631345 -0.92140753  1.96405502
  0.47262266 -0.35622602  0.40183273 -2.26662907  1.26136554 -0.15330685
  2.40236189  1.23319562  2.87809225 -1.05733879  2.10171142 -0.42989452
 -3.26841192  2.20322033  0.81147134  1.92881053 -1.28919687  1.43910618
 -2.12172299  0.20898502  0.08303745 -2.79059114 -0.90191415 -2.39307473
  0.0722779  -0.56898626]
Sat May 25 19:00:51 2024,692,0.09593800636112312,[-4.6584755   2.36664256 -1.8410607  -0.12409677  0.18672566 -2.68765101
  3.01282994  2.10571237  1.4551873  -0.92536052  0.61239972  1.09170245
  1.13210059 -1.54196769  0.7771289   2.80621735 -0.79815531 -0.63691775
 -1.75472025  0.60195848  1.6765717   2.99185619 -1.20875821 -0.31571256
 -2.42357584 -2.33803681  2.99458162  2.76322735 -0.54433299 -2.36481314
  1.48280784 -0.05850824 -2.31787459  2.09556443  1.28954029 -0.63853958
  0.84777207 -2.31880681 -0.02589537  2.15332942 -0.16394192  0.38886663
  2.71395728  1.04622457  2.46285654  3.16174756  2.64140807 -2.93932961
  0.265374   -0.81572878  1.75888658  2.86399362 -0.51095147 -2.31763452
  2.78736946 -3.21076745  0.7939432  -0.63487994 -1.74135965  2.6981844
 -1.80955077 -1.58813078 -2.30391445  2.18800733 -2.45128548  2.13559762
  2.0746523   1.53540765  2.38308431  2.80474827  1.64886104  1.20012698
 -1.51324526 -2.22927511  1.47130167  0.71194282  1.313619   -3.01402328
 -0.37770291  2.51831682 -1.03585419  1.28752051  1.48329413  0.54454994
 -0.83302111  1.11514377  0.66824172 -0.3837005   2.80473748 -1.99307062
  1.53804613 -0.48681166  1.09033662 -2.84976585 -2.45832363  0.45773129
 -1.16150482 -0.49457616  0.36531616 -0.1112673  -1.6503284  -0.04117005
 -0.85970568  2.81181069 -1.06239943 -1.3801348  -0.94883406  1.07796518
  1.85224674 -0.69616532  1.97232729 -2.19417579 -0.34727707 -0.73251678
 -2.89008119  3.16480331 -1.63194498  3.13522476 -1.26602505 -2.70848001
  3.36217174 -1.23322315 -0.77649613 -2.88407553 -2.71720582  2.54564121
 -2.13655208 -2.04712753 -0.18154907  3.14998792  0.24664245  0.21384964
 -1.25020311 -0.67764029 -1.73376994 -3.03025088  2.87032646  1.23551016
 -0.48570769 -2.18838453  1.10971131 -1.10585757 -0.49042513 -2.73954145
 -2.06516927  1.86554801 -0.87381264  2.6218522  -0.45419515 -2.67151354
 -2.82019519  2.26182956 -3.14423355 -0.44536849 -1.00234842 -0.24660747
  2.34754169  1.84025235  0.01820761 -2.55288712 -2.6589216   0.24436948
 -0.76666232  1.24524135 -2.62771102  1.12505249 -0.3839782   0.42076278
  1.91903315  0.45811862  0.65074877 -1.27156755  1.79161213  2.93982456
  0.99593874  0.22180274 -1.1418126   2.42278762  0.7267407  -1.90977361
 -0.05037945  1.87092246  0.98664691 -1.08002932 -2.30130889  2.22238426
  2.00398634  1.92832359  2.2972335   1.915787   -1.66121734 -3.1038985
  0.42852322  1.34475825 -2.26275495 -1.1258354   2.3118369   1.39294667
 -0.27195671 -1.84442295 -1.64823702  1.96528112  1.30723908 -1.01188286
 -0.23075496 -0.69309143 -0.30339064  2.30246087 -0.66193825 -0.93534344
  0.77590987 -2.35268969  0.59026907  2.78422899 -0.35242995  2.04722765
 -1.86126408 -1.35336621 -2.5973679  -2.42273045 -1.50153045 -3.02896603
  2.01620147  1.78191069  1.58151661  1.12533466  1.58819426 -2.44421564
 -2.50736692  1.78907346  1.03427238 -0.29185883 -2.47720462  1.43098297
 -1.04394779 -3.04762138 -0.04720661  1.89751571 -2.70128457 -2.36816631
  1.87611901  1.0296659  -0.62617468 -0.49631343 -0.92140755  1.964055
  0.47262268 -0.356226    0.40183271 -2.26662905  1.26136552 -0.15330683
  2.40236187  1.2331956   2.87809227 -1.05733881  2.1017114  -0.42989454
 -3.2684119   2.20322035  0.81147136  1.92881055 -1.28919689  1.4391062
 -2.12172297  0.208985    0.08303746 -2.79059112 -0.90191416 -2.39307471
  0.07227788 -0.56898624]
Sat May 25 19:01:52 2024,693,0.09593800636006874,[-4.65847552  2.36664257 -1.84106068 -0.12409679  0.18672567 -2.68765103
  3.01282996  2.10571235  1.45518731 -0.92536053  0.61239974  1.09170243
  1.13210057 -1.54196771  0.77712892  2.80621736 -0.79815529 -0.63691773
 -1.75472027  0.6019585   1.67657168  2.99185621 -1.20875819 -0.31571258
 -2.42357586 -2.33803683  2.99458164  2.76322733 -0.54433301 -2.36481316
  1.48280786 -0.05850822 -2.3178746   2.09556445  1.28954027 -0.63853956
  0.84777209 -2.31880683 -0.02589535  2.1533294  -0.16394191  0.38886661
  2.71395726  1.04622459  2.46285652  3.16174758  2.64140805 -2.93932963
  0.26537402 -0.8157288   1.75888659  2.8639936  -0.51095148 -2.31763454
  2.78736948 -3.21076747  0.79394322 -0.63487996 -1.74135963  2.69818438
 -1.80955075 -1.58813076 -2.30391443  2.18800731 -2.4512855   2.13559764
  2.07465232  1.53540763  2.38308429  2.80474829  1.64886106  1.20012696
 -1.51324524 -2.2292751   1.47130168  0.7119428   1.31361898 -3.0140233
 -0.37770289  2.51831681 -1.03585421  1.28752049  1.48329411  0.54454992
 -0.83302113  1.11514379  0.66824171 -0.38370049  2.80473746 -1.99307064
  1.53804611 -0.48681164  1.0903366  -2.84976583 -2.45832361  0.45773127
 -1.1615048  -0.49457617  0.36531614 -0.11126732 -1.65032838 -0.04117007
 -0.8597057   2.8118107  -1.06239944 -1.38013482 -0.94883405  1.07796517
  1.85224676 -0.69616534  1.97232731 -2.19417577 -0.34727705 -0.7325168
 -2.89008121  3.16480329 -1.631945    3.13522478 -1.26602507 -2.70848003
  3.36217172 -1.23322317 -0.77649611 -2.88407555 -2.7172058   2.54564123
 -2.1365521  -2.04712754 -0.18154909  3.14998794  0.24664247  0.21384966
 -1.25020309 -0.67764028 -1.73376996 -3.03025086  2.87032648  1.23551018
 -0.48570767 -2.18838455  1.10971129 -1.10585759 -0.49042511 -2.73954147
 -2.06516929  1.86554799 -0.87381262  2.62185218 -0.45419513 -2.67151356
 -2.82019521  2.26182958 -3.14423357 -0.44536847 -1.0023484  -0.24660749
  2.34754171  1.84025237  0.01820759 -2.5528871  -2.65892162  0.24436946
 -0.76666234  1.24524137 -2.62771103  1.12505247 -0.38397822  0.4207628
  1.91903317  0.4581186   0.65074879 -1.27156753  1.79161215  2.93982458
  0.99593872  0.22180276 -1.14181259  2.4227876   0.72674068 -1.9097736
 -0.05037943  1.87092244  0.98664689 -1.08002934 -2.30130887  2.22238428
  2.00398636  1.92832357  2.29723352  1.91578702 -1.66121736 -3.10389848
  0.42852324  1.34475827 -2.26275497 -1.12583542  2.31183692  1.39294665
 -0.27195669 -1.84442297 -1.64823701  1.96528114  1.30723906 -1.01188284
 -0.23075498 -0.69309145 -0.30339062  2.30246085 -0.66193827 -0.93534346
  0.77590989 -2.35268967  0.59026908  2.78422897 -0.35242993  2.04722763
 -1.86126406 -1.35336623 -2.59736788 -2.42273043 -1.50153047 -3.02896605
  2.01620145  1.78191067  1.58151659  1.12533468  1.58819424 -2.44421562
 -2.5073669   1.78907345  1.03427236 -0.29185882 -2.4772046   1.43098295
 -1.04394777 -3.04762136 -0.04720659  1.89751569 -2.70128459 -2.36816633
  1.87611903  1.02966588 -0.6261747  -0.49631345 -0.92140757  1.96405502
  0.47262266 -0.35622598  0.40183269 -2.26662907  1.26136554 -0.15330681
  2.40236185  1.23319558  2.87809225 -1.05733883  2.10171142 -0.42989456
 -3.26841192  2.20322037  0.81147134  1.92881057 -1.28919687  1.43910618
 -2.12172299  0.20898498  0.08303748 -2.79059114 -0.90191418 -2.39307469
  0.07227787 -0.56898622]
Sat May 25 19:02:32 2024,694,0.09593800635902043,[-4.65847554  2.36664259 -1.84106066 -0.12409681  0.18672566 -2.68765101
  3.01282994  2.10571233  1.45518733 -0.92536052  0.61239972  1.09170242
  1.13210055 -1.54196773  0.7771289   2.80621738 -0.79815531 -0.63691771
 -1.75472029  0.60195848  1.6765717   2.99185622 -1.20875821 -0.3157126
 -2.42357584 -2.33803685  2.99458162  2.76322731 -0.54433299 -2.36481314
  1.48280788 -0.05850824 -2.31787462  2.09556447  1.28954029 -0.63853954
  0.84777207 -2.31880685 -0.02589537  2.15332942 -0.16394189  0.38886659
  2.71395724  1.04622457  2.4628565   3.16174756  2.64140807 -2.93932961
  0.26537404 -0.81572878  1.75888658  2.86399358 -0.5109515  -2.31763452
  2.78736949 -3.21076749  0.79394324 -0.63487994 -1.74135961  2.69818437
 -1.80955073 -1.58813075 -2.30391441  2.18800733 -2.45128548  2.13559762
  2.07465234  1.53540765  2.38308427  2.80474831  1.64886108  1.20012694
 -1.51324526 -2.22927511  1.4713017   0.71194278  1.313619   -3.01402331
 -0.37770291  2.51831682 -1.03585419  1.28752047  1.48329409  0.5445499
 -0.83302111  1.11514377  0.66824172 -0.38370047  2.80473748 -1.99307062
  1.53804613 -0.48681162  1.09033662 -2.84976581 -2.45832363  0.45773125
 -1.16150479 -0.49457619  0.36531612 -0.1112673  -1.6503284  -0.04117005
 -0.85970572  2.81181069 -1.06239943 -1.38013484 -0.94883406  1.07796518
  1.85224678 -0.69616536  1.97232729 -2.19417575 -0.34727707 -0.73251678
 -2.89008119  3.16480331 -1.63194502  3.1352248  -1.26602505 -2.70848001
  3.36217174 -1.23322319 -0.77649609 -2.88407556 -2.71720578  2.54564121
 -2.13655208 -2.04712753 -0.18154907  3.14998796  0.24664249  0.21384964
 -1.25020311 -0.67764029 -1.73376998 -3.03025088  2.8703265   1.23551016
 -0.48570769 -2.18838457  1.10971127 -1.10585761 -0.49042509 -2.73954145
 -2.06516927  1.86554801 -0.8738126   2.6218522  -0.45419515 -2.67151357
 -2.82019523  2.2618296  -3.14423355 -0.44536849 -1.00234838 -0.24660751
  2.34754173  1.84025235  0.01820758 -2.55288709 -2.65892164  0.24436944
 -0.76666232  1.24524135 -2.62771105  1.12505249 -0.38397824  0.42076282
  1.91903315  0.45811862  0.65074881 -1.27156751  1.79161213  2.9398246
  0.99593874  0.22180274 -1.14181257  2.42278758  0.72674066 -1.90977358
 -0.05037941  1.87092246  0.98664691 -1.08002932 -2.30130885  2.2223843
  2.00398638  1.92832355  2.29723351  1.91578704 -1.66121734 -3.1038985
  0.42852326  1.34475825 -2.26275499 -1.12583544  2.31183694  1.39294664
 -0.27195667 -1.84442298 -1.64823699  1.96528116  1.30723908 -1.01188282
 -0.230755   -0.69309147 -0.3033906   2.30246087 -0.66193825 -0.93534344
  0.77590991 -2.35268965  0.59026907  2.78422895 -0.35242992  2.04722761
 -1.86126408 -1.35336624 -2.5973679  -2.42273041 -1.50153045 -3.02896604
  2.01620143  1.78191069  1.58151661  1.12533469  1.58819426 -2.4442156
 -2.50736689  1.78907343  1.03427234 -0.2918588  -2.47720462  1.43098293
 -1.04394779 -3.04762138 -0.04720661  1.89751571 -2.70128461 -2.36816635
  1.87611904  1.02966586 -0.62617468 -0.49631343 -0.92140759  1.96405504
  0.47262264 -0.356226    0.40183271 -2.26662905  1.26136555 -0.15330679
  2.40236187  1.2331956   2.87809223 -1.05733881  2.10171144 -0.42989457
 -3.26841194  2.20322039  0.81147136  1.92881055 -1.28919685  1.43910616
 -2.12172301  0.20898496  0.08303746 -2.79059112 -0.9019142  -2.39307471
  0.07227788 -0.56898624]
Sat May 25 19:02:55 2024,695,0.09593800635797743,[-4.65847556  2.36664257 -1.84106068 -0.12409679  0.18672564 -2.68765099
  3.01282992  2.10571235  1.45518735 -0.9253605   0.61239974  1.0917024
  1.13210057 -1.54196775  0.77712888  2.8062174  -0.79815529 -0.63691769
 -1.75472031  0.6019585   1.67657172  2.99185621 -1.20875819 -0.31571258
 -2.42357586 -2.33803687  2.9945816   2.76322729 -0.54433297 -2.36481316
  1.48280786 -0.05850822 -2.3178746   2.09556448  1.28954027 -0.63853956
  0.84777205 -2.31880683 -0.02589539  2.1533294  -0.16394187  0.38886661
  2.71395722  1.04622459  2.46285648  3.16174758  2.64140805 -2.93932959
  0.26537402 -0.81572876  1.75888656  2.86399357 -0.51095148 -2.3176345
  2.78736948 -3.21076751  0.79394325 -0.63487992 -1.74135959  2.69818435
 -1.80955072 -1.58813073 -2.30391443  2.18800735 -2.4512855   2.13559764
  2.07465232  1.53540763  2.38308426  2.80474829  1.64886106  1.20012696
 -1.51324524 -2.22927513  1.47130168  0.71194277  1.31361898 -3.0140233
 -0.37770293  2.51831684 -1.03585421  1.28752049  1.48329411  0.54454992
 -0.83302113  1.11514375  0.66824171 -0.38370045  2.80473746 -1.99307061
  1.53804615 -0.4868116   1.09033664 -2.84976579 -2.45832361  0.45773123
 -1.1615048  -0.49457617  0.36531614 -0.11126728 -1.65032838 -0.04117007
 -0.8597057   2.8118107  -1.06239944 -1.38013482 -0.94883405  1.07796517
  1.8522468  -0.69616538  1.97232727 -2.19417573 -0.34727705 -0.73251676
 -2.89008117  3.16480329 -1.63194504  3.13522478 -1.26602507 -2.70848003
  3.36217172 -1.23322321 -0.77649607 -2.88407555 -2.71720576  2.54564119
 -2.1365521  -2.04712754 -0.18154905  3.14998794  0.24664251  0.21384966
 -1.25020313 -0.67764031 -1.73376996 -3.03025086  2.87032648  1.23551015
 -0.48570767 -2.18838459  1.10971125 -1.10585763 -0.49042507 -2.73954143
 -2.06516925  1.86554803 -0.87381262  2.62185222 -0.45419513 -2.67151359
 -2.82019525  2.26182958 -3.14423357 -0.4453685  -1.00234836 -0.24660749
  2.34754171  1.84025233  0.01820756 -2.5528871  -2.65892162  0.24436942
 -0.7666623   1.24524137 -2.62771107  1.12505251 -0.38397826  0.42076284
  1.91903313  0.4581186   0.65074883 -1.27156753  1.79161215  2.93982462
  0.99593876  0.22180276 -1.14181255  2.4227876   0.72674068 -1.90977356
 -0.0503794   1.87092244  0.98664693 -1.08002934 -2.30130887  2.22238432
  2.00398636  1.92832357  2.29723352  1.91578702 -1.66121732 -3.10389848
  0.42852328  1.34475823 -2.26275501 -1.12583542  2.31183696  1.39294665
 -0.27195669 -1.84442297 -1.64823701  1.96528118  1.3072391  -1.01188284
 -0.23075498 -0.69309145 -0.30339062  2.30246086 -0.66193823 -0.93534342
  0.77590993 -2.35268967  0.59026905  2.78422893 -0.35242993  2.04722763
 -1.8612641  -1.35336623 -2.59736792 -2.42273039 -1.50153047 -3.02896602
  2.01620141  1.78191067  1.58151659  1.12533471  1.58819428 -2.44421562
 -2.50736687  1.78907345  1.03427236 -0.29185878 -2.47720463  1.43098295
 -1.04394781 -3.04762136 -0.04720663  1.89751573 -2.70128462 -2.36816633
  1.87611903  1.02966588 -0.62617467 -0.49631345 -0.9214076   1.96405502
  0.47262262 -0.35622598  0.40183273 -2.26662907  1.26136557 -0.15330677
  2.40236185  1.23319562  2.87809225 -1.05733879  2.10171142 -0.42989459
 -3.26841192  2.20322037  0.81147137  1.92881057 -1.28919683  1.43910618
 -2.12172299  0.20898498  0.08303748 -2.7905911  -0.90191418 -2.39307473
  0.07227787 -0.56898622]
Sat May 25 19:03:25 2024,696,0.09593800635693969,[-4.65847557  2.36664256 -1.84106066 -0.12409677  0.18672562 -2.68765101
  3.01282994  2.10571237  1.45518737 -0.92536052  0.61239976  1.09170242
  1.13210056 -1.54196777  0.7771289   2.80621738 -0.79815527 -0.63691771
 -1.75472029  0.60195852  1.67657174  2.99185619 -1.20875821 -0.3157126
 -2.42357584 -2.33803688  2.99458162  2.76322731 -0.54433295 -2.36481318
  1.48280784 -0.05850824 -2.31787459  2.09556447  1.28954025 -0.63853958
  0.84777207 -2.31880685 -0.02589537  2.15332938 -0.16394189  0.38886663
  2.71395724  1.04622461  2.46285647  3.16174759  2.64140803 -2.93932961
  0.265374   -0.81572874  1.75888654  2.86399355 -0.5109515  -2.31763452
  2.78736946 -3.21076753  0.79394324 -0.63487994 -1.74135961  2.69818433
 -1.8095507  -1.58813075 -2.30391441  2.18800737 -2.45128552  2.13559766
  2.0746523   1.53540761  2.38308424  2.80474827  1.64886108  1.20012694
 -1.51324526 -2.22927511  1.47130167  0.71194275  1.313619   -3.01402331
 -0.37770291  2.51831686 -1.03585419  1.28752047  1.48329409  0.54454994
 -0.83302111  1.11514373  0.66824172 -0.38370047  2.80473745 -1.99307059
  1.53804613 -0.48681162  1.09033666 -2.84976578 -2.45832363  0.45773121
 -1.16150479 -0.49457616  0.36531616 -0.1112673  -1.6503284  -0.04117009
 -0.85970568  2.81181069 -1.06239946 -1.3801348  -0.94883406  1.07796518
  1.85224682 -0.69616536  1.97232725 -2.19417575 -0.34727703 -0.73251678
 -2.89008116  3.16480331 -1.63194505  3.1352248  -1.26602509 -2.70848001
  3.3621717  -1.23322323 -0.77649609 -2.88407556 -2.71720578  2.54564121
 -2.13655212 -2.04712756 -0.18154903  3.14998796  0.24664249  0.21384964
 -1.25020311 -0.67764033 -1.73376995 -3.03025084  2.87032646  1.23551016
 -0.48570769 -2.18838461  1.10971127 -1.10585761 -0.49042505 -2.73954141
 -2.06516927  1.86554805 -0.8738126   2.6218522  -0.45419515 -2.67151357
 -2.82019527  2.26182956 -3.14423355 -0.44536849 -1.00234834 -0.24660747
  2.34754169  1.84025231  0.01820758 -2.55288712 -2.6589216   0.24436944
 -0.76666229  1.24524139 -2.62771109  1.12505249 -0.38397824  0.42076285
  1.91903315  0.45811858  0.65074881 -1.27156751  1.79161213  2.93982463
  0.99593878  0.22180278 -1.14181257  2.42278762  0.72674066 -1.90977354
 -0.05037938  1.87092246  0.98664695 -1.08002936 -2.30130885  2.22238434
  2.00398634  1.92832359  2.29723354  1.91578704 -1.66121734 -3.1038985
  0.42852326  1.34475822 -2.26275502 -1.12583544  2.31183694  1.39294664
 -0.27195667 -1.84442295 -1.64823699  1.96528116  1.30723908 -1.01188286
 -0.23075496 -0.69309143 -0.3033906   2.30246087 -0.66193825 -0.9353434
  0.77590991 -2.35268969  0.59026903  2.78422895 -0.35242995  2.04722764
 -1.86126411 -1.35336624 -2.59736794 -2.42273041 -1.50153049 -3.02896603
  2.01620139  1.78191065  1.58151657  1.12533473  1.58819426 -2.4442156
 -2.50736685  1.78907343  1.03427238 -0.2918588  -2.47720465  1.43098293
 -1.04394783 -3.04762134 -0.04720665  1.89751575 -2.70128461 -2.36816635
  1.87611904  1.02966586 -0.62617468 -0.49631343 -0.92140762  1.96405504
  0.4726226  -0.356226    0.40183275 -2.26662909  1.26136559 -0.15330679
  2.40236183  1.23319564  2.87809227 -1.05733877  2.10171144 -0.42989461
 -3.26841194  2.20322035  0.81147136  1.92881055 -1.28919681  1.43910616
 -2.12172301  0.20898496  0.0830375  -2.79059108 -0.90191416 -2.39307475
  0.07227785 -0.56898624]
Sat May 25 19:04:08 2024,697,0.09593800635590752,[-4.65847559  2.36664257 -1.84106068 -0.12409675  0.18672564 -2.68765099
  3.01282992  2.10571235  1.45518735 -0.92536053  0.61239978  1.0917024
  1.13210054 -1.54196779  0.77712892  2.8062174  -0.79815529 -0.63691773
 -1.75472031  0.60195854  1.67657176  2.99185621 -1.20875823 -0.31571258
 -2.42357586 -2.33803687  2.9945816   2.7632273  -0.54433297 -2.3648132
  1.48280786 -0.05850826 -2.31787457  2.09556448  1.28954027 -0.63853956
  0.84777205 -2.31880683 -0.02589539  2.1533294  -0.16394191  0.38886665
  2.71395726  1.04622459  2.46285645  3.16174761  2.64140805 -2.93932959
  0.26537402 -0.81572876  1.75888652  2.86399353 -0.51095148 -2.31763454
  2.78736948 -3.21076751  0.79394325 -0.63487996 -1.74135963  2.69818431
 -1.80955072 -1.58813076 -2.30391439  2.18800735 -2.4512855   2.13559768
  2.07465228  1.53540759  2.38308422  2.80474829  1.6488611   1.20012692
 -1.51324528 -2.22927513  1.47130165  0.71194277  1.31361898 -3.0140233
 -0.37770289  2.51831688 -1.03585421  1.28752045  1.48329407  0.54454995
 -0.83302113  1.11514375  0.66824174 -0.38370045  2.80473743 -1.99307061
  1.53804611 -0.4868116   1.09033668 -2.84976579 -2.45832365  0.45773119
 -1.1615048  -0.49457614  0.36531618 -0.11126728 -1.65032838 -0.04117007
 -0.85970566  2.8118107  -1.06239948 -1.38013478 -0.94883408  1.07796517
  1.85224684 -0.69616534  1.97232727 -2.19417573 -0.34727702 -0.7325168
 -2.89008117  3.16480329 -1.63194507  3.13522482 -1.26602511 -2.70848003
  3.36217172 -1.23322325 -0.77649607 -2.88407558 -2.7172058   2.54564123
 -2.1365521  -2.04712754 -0.18154901  3.14998794  0.24664247  0.21384966
 -1.25020313 -0.67764035 -1.73376996 -3.03025082  2.87032645  1.23551015
 -0.48570767 -2.18838459  1.10971129 -1.10585759 -0.49042507 -2.73954143
 -2.06516925  1.86554807 -0.87381258  2.62185222 -0.45419517 -2.67151356
 -2.82019525  2.26182954 -3.14423357 -0.44536847 -1.00234836 -0.24660749
  2.34754167  1.84025233  0.01820759 -2.55288714 -2.65892158  0.24436942
 -0.76666227  1.24524137 -2.62771111  1.12505251 -0.38397826  0.42076287
  1.91903313  0.4581186   0.65074883 -1.27156749  1.79161215  2.93982465
  0.99593879  0.2218028  -1.14181259  2.4227876   0.72674068 -1.90977352
 -0.05037936  1.87092248  0.98664693 -1.08002938 -2.30130887  2.22238432
  2.00398636  1.92832357  2.29723352  1.91578706 -1.66121736 -3.10389848
  0.42852328  1.34475823 -2.26275501 -1.12583542  2.31183692  1.39294662
 -0.27195669 -1.84442293 -1.64823697  1.96528118  1.30723906 -1.01188288
 -0.23075494 -0.69309145 -0.30339062  2.30246089 -0.66193823 -0.93534342
  0.77590993 -2.35268967  0.59026901  2.78422897 -0.35242993  2.04722766
 -1.86126413 -1.35336626 -2.59736796 -2.42273039 -1.50153047 -3.02896602
  2.01620137  1.78191067  1.58151656  1.12533471  1.58819424 -2.44421558
 -2.50736683  1.78907341  1.0342724  -0.29185882 -2.47720467  1.43098291
 -1.04394781 -3.04762133 -0.04720663  1.89751573 -2.70128462 -2.36816633
  1.87611903  1.02966588 -0.62617467 -0.49631341 -0.92140764  1.96405506
  0.47262258 -0.35622602  0.40183273 -2.26662907  1.26136557 -0.15330677
  2.40236182  1.23319565  2.87809229 -1.05733879  2.10171146 -0.42989459
 -3.26841192  2.20322037  0.81147137  1.92881057 -1.28919679  1.43910614
 -2.12172299  0.20898494  0.08303752 -2.79059107 -0.90191415 -2.39307477
  0.07227783 -0.56898622]
Sat May 25 19:04:52 2024,698,0.09593800635488034,[-4.65847561  2.36664256 -1.84106066 -0.12409673  0.18672562 -2.68765097
  3.0128299   2.10571234  1.45518737 -0.92536055  0.6123998   1.09170238
  1.13210052 -1.5419678   0.77712894  2.80621742 -0.79815527 -0.63691775
 -1.75472033  0.60195855  1.67657174  2.99185619 -1.20875821 -0.3157126
 -2.42357584 -2.33803685  2.99458158  2.76322728 -0.54433295 -2.36481322
  1.48280784 -0.05850824 -2.31787459  2.09556447  1.28954025 -0.63853954
  0.84777203 -2.31880685 -0.02589541  2.15332938 -0.16394189  0.38886663
  2.71395728  1.04622461  2.46285643  3.16174763  2.64140807 -2.93932961
  0.265374   -0.81572874  1.75888654  2.86399351 -0.5109515  -2.31763456
  2.78736949 -3.21076749  0.79394324 -0.63487998 -1.74135965  2.69818433
 -1.8095507  -1.58813078 -2.30391441  2.18800737 -2.45128548  2.13559766
  2.07465226  1.53540761  2.38308424  2.80474831  1.64886112  1.2001269
 -1.5132453  -2.22927515  1.47130163  0.71194275  1.313619   -3.01402331
 -0.37770287  2.5183169  -1.03585419  1.28752047  1.48329409  0.54454997
 -0.83302111  1.11514373  0.66824176 -0.38370043  2.80473745 -1.99307062
  1.53804609 -0.48681162  1.09033666 -2.84976581 -2.45832367  0.45773121
 -1.16150479 -0.49457616  0.36531616 -0.11126726 -1.65032836 -0.04117005
 -0.85970568  2.81181072 -1.06239946 -1.3801348  -0.9488341   1.07796518
  1.85224685 -0.69616532  1.97232729 -2.19417571 -0.347277   -0.73251682
 -2.89008116  3.16480331 -1.63194509  3.13522484 -1.26602513 -2.70848004
  3.36217174 -1.23322323 -0.77649609 -2.88407556 -2.71720582  2.54564124
 -2.13655208 -2.04712756 -0.18154903  3.14998792  0.24664245  0.21384968
 -1.25020315 -0.67764033 -1.73376998 -3.0302508   2.87032643  1.23551013
 -0.48570769 -2.18838461  1.10971127 -1.10585761 -0.49042505 -2.73954141
 -2.06516927  1.86554805 -0.8738126   2.62185224 -0.45419518 -2.67151354
 -2.82019523  2.26182956 -3.14423359 -0.44536845 -1.00234834 -0.24660751
  2.34754165  1.84025231  0.01820758 -2.55288716 -2.6589216   0.24436944
 -0.76666229  1.24524135 -2.62771109  1.12505249 -0.38397828  0.42076289
  1.91903311  0.45811858  0.65074881 -1.27156748  1.79161217  2.93982467
  0.99593881  0.22180282 -1.14181257  2.42278758  0.72674069 -1.9097735
 -0.05037934  1.8709225   0.98664691 -1.08002936 -2.30130889  2.22238434
  2.00398638  1.92832359  2.29723354  1.91578708 -1.66121738 -3.10389846
  0.42852326  1.34475825 -2.26275502 -1.1258354   2.31183694  1.3929466
 -0.27195667 -1.84442295 -1.64823695  1.96528119  1.30723904 -1.0118829
 -0.23075492 -0.69309147 -0.30339064  2.30246087 -0.66193825 -0.93534344
  0.77590995 -2.35268965  0.59026899  2.78422895 -0.35242995  2.04722768
 -1.86126415 -1.35336624 -2.59736797 -2.42273037 -1.50153049 -3.02896603
  2.01620139  1.78191065  1.58151654  1.12533469  1.58819422 -2.4442156
 -2.50736685  1.78907339  1.03427238 -0.2918588  -2.47720469  1.43098293
 -1.04394783 -3.04762134 -0.04720665  1.89751571 -2.70128461 -2.36816635
  1.87611901  1.02966586 -0.62617465 -0.49631339 -0.92140762  1.96405508
  0.4726226  -0.35622603  0.40183271 -2.26662909  1.26136559 -0.15330675
  2.4023618   1.23319564  2.87809227 -1.05733877  2.10171144 -0.42989457
 -3.26841194  2.20322035  0.81147139  1.92881058 -1.28919681  1.43910613
 -2.12172297  0.20898496  0.08303754 -2.79059108 -0.90191413 -2.39307475
  0.07227785 -0.5689862 ]
Sat May 25 19:05:27 2024,699,0.0959380063538582,[-4.65847563  2.36664254 -1.84106068 -0.12409675  0.1867256  -2.68765099
  3.01282992  2.10571235  1.45518735 -0.92536053  0.61239982  1.09170236
  1.1321005  -1.54196779  0.77712892  2.80621744 -0.79815525 -0.63691777
 -1.75472035  0.60195857  1.67657172  2.99185621 -1.20875819 -0.31571258
 -2.42357582 -2.33803687  2.99458156  2.76322726 -0.54433297 -2.36481324
  1.48280786 -0.05850822 -2.3178746   2.09556445  1.28954027 -0.63853953
  0.84777205 -2.31880687 -0.02589539  2.1533294  -0.16394191  0.38886661
  2.71395729  1.04622463  2.46285641  3.16174761  2.64140805 -2.93932963
  0.26537398 -0.81572876  1.75888652  2.86399349 -0.51095148 -2.31763458
  2.78736948 -3.21076751  0.79394322 -0.63487996 -1.74135963  2.69818435
 -1.80955072 -1.5881308  -2.30391443  2.18800735 -2.4512855   2.13559768
  2.07465228  1.53540763  2.38308422  2.80474829  1.64886114  1.20012689
 -1.51324531 -2.22927517  1.47130161  0.71194273  1.31361898 -3.0140233
 -0.37770285  2.51831692 -1.03585417  1.28752049  1.48329411  0.54454999
 -0.83302109  1.11514375  0.66824174 -0.38370045  2.80473746 -1.99307064
  1.53804611 -0.48681164  1.09033664 -2.84976583 -2.45832365  0.45773123
 -1.16150477 -0.49457614  0.36531614 -0.11126728 -1.65032835 -0.04117004
 -0.85970566  2.81181074 -1.06239944 -1.38013478 -0.94883412  1.07796517
  1.85224687 -0.6961653   1.97232731 -2.19417573 -0.34727702 -0.7325168
 -2.89008114  3.16480332 -1.63194507  3.13522482 -1.26602515 -2.70848006
  3.36217176 -1.23322321 -0.77649607 -2.88407555 -2.7172058   2.54564126
 -2.1365521  -2.04712754 -0.18154901  3.1499879   0.24664244  0.2138497
 -1.25020316 -0.67764031 -1.73376996 -3.03025082  2.87032645  1.23551011
 -0.48570767 -2.18838463  1.10971125 -1.10585759 -0.49042507 -2.73954143
 -2.06516929  1.86554803 -0.87381258  2.62185222 -0.4541952  -2.67151352
 -2.82019525  2.26182954 -3.14423357 -0.44536843 -1.00234833 -0.24660749
  2.34754167  1.84025229  0.01820759 -2.55288718 -2.65892162  0.24436946
 -0.7666623   1.24524133 -2.62771111  1.12505247 -0.3839783   0.42076287
  1.91903313  0.45811856  0.65074883 -1.27156746  1.79161219  2.93982465
  0.99593883  0.2218028  -1.14181255  2.4227876   0.72674071 -1.90977348
 -0.05037932  1.87092251  0.98664689 -1.08002934 -2.3013089   2.22238436
  2.00398639  1.92832357  2.29723356  1.91578706 -1.66121736 -3.10389848
  0.42852324  1.34475827 -2.26275504 -1.12583542  2.31183696  1.39294662
 -0.27195669 -1.84442297 -1.64823697  1.96528118  1.30723906 -1.01188288
 -0.23075494 -0.69309149 -0.30339062  2.30246086 -0.66193827 -0.93534342
  0.77590997 -2.35268964  0.59026901  2.78422893 -0.35242997  2.04722766
 -1.86126417 -1.35336623 -2.59736799 -2.42273039 -1.50153051 -3.02896602
  2.01620137  1.78191067  1.58151656  1.12533471  1.58819424 -2.44421562
 -2.50736687  1.78907337  1.03427236 -0.29185882 -2.47720467  1.43098295
 -1.04394781 -3.04762133 -0.04720667  1.89751569 -2.70128459 -2.36816633
  1.87611903  1.02966585 -0.62617467 -0.49631341 -0.92140764  1.96405506
  0.47262258 -0.35622602  0.40183269 -2.26662907  1.26136557 -0.15330674
  2.40236178  1.23319565  2.87809229 -1.05733879  2.10171142 -0.42989459
 -3.26841192  2.20322037  0.81147141  1.9288106  -1.28919679  1.43910614
 -2.12172299  0.20898498  0.08303752 -2.7905911  -0.90191415 -2.39307477
  0.07227783 -0.56898619]
Sat May 25 19:05:58 2024,700,0.09593800635284142,[-4.65847565  2.36664252 -1.84106066 -0.12409673  0.18672562 -2.68765097
  3.0128299   2.10571234  1.45518737 -0.92536052  0.6123998   1.09170234
  1.13210052 -1.54196777  0.77712894  2.80621742 -0.79815527 -0.63691775
 -1.75472036  0.60195855  1.67657174  2.99185619 -1.20875817 -0.31571256
 -2.42357581 -2.33803688  2.99458154  2.76322728 -0.54433295 -2.36481322
  1.48280784 -0.0585082  -2.31787459  2.09556443  1.28954025 -0.63853954
  0.84777207 -2.31880685 -0.02589537  2.15332942 -0.16394192  0.38886663
  2.71395728  1.04622465  2.46285643  3.16174759  2.64140803 -2.93932965
  0.265374   -0.81572874  1.75888654  2.86399347 -0.51095147 -2.31763456
  2.78736946 -3.21076753  0.79394324 -0.63487994 -1.74135961  2.69818433
 -1.80955073 -1.58813082 -2.30391445  2.18800733 -2.45128548  2.13559766
  2.0746523   1.53540761  2.38308424  2.80474827  1.64886115  1.20012687
 -1.5132453  -2.22927515  1.47130163  0.71194275  1.31361896 -3.01402331
 -0.37770283  2.51831694 -1.03585419  1.28752051  1.48329409  0.54455001
 -0.83302111  1.11514377  0.66824176 -0.38370043  2.80473748 -1.99307062
  1.53804613 -0.48681165  1.09033662 -2.84976581 -2.45832367  0.45773121
 -1.16150475 -0.49457612  0.36531616 -0.11126726 -1.65032836 -0.04117002
 -0.85970568  2.81181072 -1.06239946 -1.3801348  -0.94883414  1.07796515
  1.85224689 -0.69616528  1.97232732 -2.19417575 -0.34727703 -0.73251678
 -2.89008112  3.16480334 -1.63194509  3.1352248  -1.26602513 -2.70848004
  3.36217178 -1.23322319 -0.77649609 -2.88407553 -2.71720582  2.54564128
 -2.13655212 -2.04712753 -0.18154903  3.14998792  0.24664242  0.21384972
 -1.25020315 -0.67764033 -1.73376995 -3.0302508   2.87032643  1.23551009
 -0.48570769 -2.18838465  1.10971123 -1.10585761 -0.49042505 -2.73954145
 -2.06516927  1.86554801 -0.87381257  2.6218522  -0.45419518 -2.67151354
 -2.82019527  2.26182956 -3.14423359 -0.44536845 -1.00234831 -0.24660747
  2.34754169  1.84025227  0.01820758 -2.55288716 -2.65892164  0.24436944
 -0.76666229  1.24524135 -2.62771113  1.12505246 -0.38397828  0.42076286
  1.91903311  0.45811858  0.65074881 -1.27156744  1.7916122   2.93982467
  0.99593881  0.22180282 -1.14181257  2.42278762  0.72674069 -1.90977347
 -0.0503793   1.8709225   0.98664687 -1.08002932 -2.30130889  2.22238437
  2.00398641  1.92832359  2.29723358  1.91578708 -1.66121734 -3.10389846
  0.42852322  1.34475825 -2.26275502 -1.12583544  2.31183694  1.39294664
 -0.27195667 -1.84442298 -1.64823699  1.96528116  1.30723904 -1.0118829
 -0.23075492 -0.69309147 -0.3033906   2.30246087 -0.66193828 -0.93534344
  0.77590998 -2.35268962  0.59026903  2.78422892 -0.35242999  2.04722768
 -1.86126415 -1.35336624 -2.59736797 -2.42273041 -1.50153049 -3.02896603
  2.01620139  1.78191065  1.58151654  1.12533469  1.58819426 -2.44421564
 -2.50736689  1.78907339  1.03427238 -0.29185883 -2.47720465  1.43098297
 -1.04394779 -3.04762134 -0.04720668  1.89751568 -2.70128457 -2.36816631
  1.87611901  1.02966583 -0.62617465 -0.49631339 -0.92140762  1.96405508
  0.47262257 -0.35622603  0.40183271 -2.26662905  1.26136556 -0.15330672
  2.4023618   1.23319564  2.87809227 -1.05733877  2.10171144 -0.42989457
 -3.2684119   2.20322039  0.81147139  1.92881058 -1.28919681  1.43910613
 -2.12172297  0.20898496  0.08303754 -2.79059112 -0.90191413 -2.39307475
  0.07227785 -0.56898617]
Sat May 25 19:06:27 2024,701,0.09593800635182956,[-4.65847567  2.3666425  -1.84106064 -0.12409675  0.18672564 -2.68765096
  3.01282989  2.10571235  1.45518735 -0.92536053  0.61239982  1.09170232
  1.13210054 -1.54196775  0.77712892  2.80621744 -0.79815529 -0.63691773
 -1.75472035  0.60195857  1.67657172  2.99185617 -1.20875815 -0.31571255
 -2.42357582 -2.3380369   2.99458156  2.76322729 -0.54433297 -2.36481324
  1.48280782 -0.05850818 -2.3178746   2.09556441  1.28954024 -0.63853956
  0.84777209 -2.31880687 -0.02589535  2.15332944 -0.16394194  0.38886665
  2.71395726  1.04622463  2.46285645  3.16174758  2.64140805 -2.93932966
  0.26537398 -0.81572876  1.75888656  2.86399349 -0.51095148 -2.31763454
  2.78736948 -3.21076751  0.79394322 -0.63487992 -1.74135959  2.69818431
 -1.80955072 -1.5881308  -2.30391443  2.18800731 -2.45128546  2.13559768
  2.07465228  1.53540763  2.38308422  2.80474829  1.64886114  1.20012685
 -1.51324528 -2.22927513  1.47130165  0.71194273  1.31361894 -3.01402333
 -0.37770285  2.51831692 -1.03585421  1.28752049  1.48329407  0.54455003
 -0.83302109  1.11514379  0.66824178 -0.38370041  2.80473746 -1.99307064
  1.53804615 -0.48681167  1.09033664 -2.84976583 -2.45832368  0.45773123
 -1.16150473 -0.49457614  0.36531614 -0.11126728 -1.65032835 -0.04117
 -0.85970566  2.8118107  -1.06239945 -1.38013478 -0.94883416  1.07796513
  1.85224691 -0.69616527  1.97232731 -2.19417573 -0.34727702 -0.7325168
 -2.8900811   3.16480332 -1.63194507  3.13522478 -1.26602515 -2.70848003
  3.36217179 -1.23322318 -0.77649611 -2.88407555 -2.7172058   2.54564126
 -2.1365521  -2.04712751 -0.18154901  3.14998794  0.24664244  0.21384973
 -1.25020316 -0.67764035 -1.73376993 -3.03025078  2.87032645  1.23551007
 -0.48570771 -2.18838466  1.10971121 -1.10585759 -0.49042503 -2.73954143
 -2.06516925  1.86554803 -0.87381255  2.62185218 -0.45419517 -2.67151352
 -2.82019528  2.26182954 -3.14423357 -0.44536847 -1.00234833 -0.24660746
  2.34754167  1.84025226  0.01820759 -2.55288718 -2.65892166  0.24436942
 -0.7666623   1.24524133 -2.62771114  1.12505247 -0.38397826  0.42076284
  1.91903309  0.4581186   0.65074883 -1.27156746  1.79161222  2.93982469
  0.99593879  0.22180283 -1.14181255  2.4227876   0.72674068 -1.90977345
 -0.05037932  1.87092248  0.98664689 -1.08002934 -2.30130887  2.22238436
  2.00398643  1.92832361  2.2972336   1.91578709 -1.66121732 -3.10389848
  0.4285232   1.34475827 -2.26275501 -1.12583542  2.31183696  1.39294665
 -0.27195665 -1.84442297 -1.648237    1.96528114  1.30723906 -1.01188292
 -0.23075494 -0.69309145 -0.30339062  2.30246086 -0.66193827 -0.93534342
  0.77590997 -2.3526896   0.59026901  2.7842289  -0.35243001  2.04722766
 -1.86126417 -1.35336623 -2.59736796 -2.42273043 -1.50153051 -3.02896602
  2.01620137  1.78191067  1.58151652  1.12533468  1.58819424 -2.44421562
 -2.5073669   1.78907337  1.0342724  -0.29185882 -2.47720463  1.43098295
 -1.04394777 -3.04762133 -0.04720667  1.89751569 -2.70128459 -2.36816633
  1.87611899  1.02966585 -0.62617463 -0.49631337 -0.92140761  1.96405506
  0.47262255 -0.35622602  0.40183273 -2.26662907  1.26136557 -0.1533067
  2.40236178  1.23319562  2.87809225 -1.05733879  2.10171146 -0.42989456
 -3.26841192  2.20322041  0.81147141  1.92881057 -1.28919683  1.43910611
 -2.12172299  0.20898494  0.08303756 -2.79059114 -0.90191415 -2.39307477
  0.07227783 -0.56898615]
Sat May 25 19:06:59 2024,702,0.09593800635082281,[-4.65847568  2.36664248 -1.84106062 -0.12409677  0.18672562 -2.68765097
  3.01282987  2.10571234  1.45518733 -0.92536055  0.61239984  1.09170231
  1.13210055 -1.54196777  0.7771289   2.80621746 -0.79815531 -0.63691775
 -1.75472033  0.60195855  1.67657174  2.99185615 -1.20875813 -0.31571256
 -2.42357584 -2.33803692  2.99458158  2.76322728 -0.54433299 -2.36481325
  1.4828078  -0.0585082  -2.31787459  2.09556439  1.28954025 -0.63853954
  0.84777207 -2.31880685 -0.02589533  2.15332942 -0.16394196  0.38886663
  2.71395728  1.04622465  2.46285646  3.16174756  2.64140803 -2.93932965
  0.265374   -0.81572874  1.75888657  2.86399347 -0.51095147 -2.31763452
  2.78736949 -3.21076749  0.79394324 -0.6348799  -1.74135961  2.69818429
 -1.80955073 -1.58813078 -2.30391445  2.1880073  -2.45128548  2.1355977
  2.07465226  1.53540761  2.3830842   2.80474831  1.64886115  1.20012683
 -1.51324526 -2.22927512  1.47130163  0.71194275  1.31361893 -3.01402335
 -0.37770283  2.51831694 -1.03585419  1.28752047  1.48329409  0.54455001
 -0.83302111  1.11514381  0.6682418  -0.38370039  2.80473745 -1.99307066
  1.53804617 -0.48681165  1.09033662 -2.84976581 -2.45832367  0.45773121
 -1.16150475 -0.49457612  0.36531616 -0.11126726 -1.65032836 -0.04117002
 -0.85970564  2.81181069 -1.06239946 -1.3801348  -0.94883417  1.07796515
  1.85224693 -0.69616528  1.97232732 -2.19417571 -0.34727703 -0.73251678
 -2.89008108  3.16480334 -1.63194505  3.13522477 -1.26602513 -2.70848004
  3.36217178 -1.23322319 -0.77649612 -2.88407553 -2.71720578  2.54564128
 -2.13655208 -2.04712753 -0.181549    3.14998796  0.24664245  0.21384972
 -1.25020315 -0.67764033 -1.73376991 -3.03025077  2.87032643  1.23551005
 -0.48570769 -2.18838465  1.10971119 -1.10585761 -0.49042502 -2.73954145
 -2.06516927  1.86554801 -0.87381257  2.62185216 -0.45419515 -2.6715135
 -2.82019527  2.26182956 -3.14423355 -0.44536845 -1.00234831 -0.24660747
  2.34754165  1.84025224  0.01820758 -2.5528872  -2.65892167  0.24436941
 -0.76666229  1.24524131 -2.62771113  1.12505249 -0.38397824  0.42076282
  1.91903307  0.45811858  0.65074885 -1.27156744  1.79161224  2.93982471
  0.99593881  0.22180282 -1.14181253  2.42278762  0.72674069 -1.90977347
 -0.0503793   1.87092246  0.98664691 -1.08002932 -2.30130889  2.22238437
  2.00398641  1.92832359  2.29723358  1.91578708 -1.66121731 -3.1038985
  0.42852318  1.34475829 -2.26275499 -1.12583544  2.31183697  1.39294667
 -0.27195667 -1.84442298 -1.64823702  1.96528112  1.30723908 -1.01188293
 -0.23075492 -0.69309147 -0.3033906   2.30246087 -0.66193828 -0.93534344
  0.77590998 -2.35268962  0.59026903  2.78422892 -0.35242999  2.04722765
 -1.86126415 -1.35336621 -2.59736794 -2.42273041 -1.50153049 -3.02896603
  2.01620135  1.78191069  1.58151654  1.12533469  1.58819426 -2.44421564
 -2.50736692  1.78907335  1.03427238 -0.29185883 -2.47720462  1.43098297
 -1.04394779 -3.04762131 -0.04720665  1.89751571 -2.70128461 -2.36816635
  1.87611897  1.02966583 -0.62617461 -0.49631335 -0.92140759  1.96405504
  0.47262253 -0.35622603  0.40183275 -2.26662909  1.26136559 -0.15330668
  2.40236176  1.2331956   2.87809227 -1.05733877  2.10171144 -0.42989457
 -3.26841194  2.20322042  0.81147139  1.92881058 -1.28919681  1.43910609
 -2.12172297  0.20898496  0.08303758 -2.79059116 -0.90191416 -2.39307479
  0.07227785 -0.56898613]
Sat May 25 19:07:22 2024,703,0.09593800634982105,[-4.6584757   2.36664246 -1.84106064 -0.12409679  0.18672564 -2.68765096
  3.01282985  2.10571232  1.45518732 -0.92536057  0.61239982  1.09170229
  1.13210054 -1.54196779  0.77712888  2.80621747 -0.79815529 -0.63691777
 -1.75472031  0.60195854  1.67657176  2.99185613 -1.20875812 -0.31571258
 -2.42357586 -2.33803694  2.9945816   2.76322726 -0.54433297 -2.36481324
  1.48280778 -0.05850818 -2.31787457  2.09556438  1.28954024 -0.63853956
  0.84777205 -2.31880687 -0.02589532  2.15332944 -0.16394194  0.38886665
  2.71395726  1.04622463  2.46285645  3.16174754  2.64140805 -2.93932963
  0.26537398 -0.81572872  1.75888656  2.86399346 -0.51095145 -2.3176345
  2.78736948 -3.21076751  0.79394322 -0.63487992 -1.74135959  2.69818431
 -1.80955072 -1.58813076 -2.30391446  2.18800728 -2.45128546  2.13559768
  2.07465225  1.53540763  2.38308422  2.80474833  1.64886117  1.20012685
 -1.51324524 -2.2292751   1.47130161  0.71194273  1.31361894 -3.01402337
 -0.37770285  2.51831692 -1.03585417  1.28752049  1.48329407  0.54455003
 -0.83302113  1.11514379  0.66824181 -0.38370038  2.80473743 -1.99307068
  1.53804618 -0.48681167  1.09033661 -2.84976583 -2.45832368  0.45773119
 -1.16150473 -0.4945761   0.36531614 -0.11126728 -1.65032838 -0.04117003
 -0.85970566  2.81181067 -1.06239948 -1.38013478 -0.94883419  1.07796513
  1.85224695 -0.6961653   1.97232731 -2.1941757  -0.34727705 -0.7325168
 -2.89008107  3.16480332 -1.63194507  3.13522478 -1.26602511 -2.70848003
  3.36217179 -1.23322321 -0.77649611 -2.88407551 -2.71720576  2.5456413
 -2.1365521  -2.04712751 -0.18154901  3.14998797  0.24664247  0.2138497
 -1.25020313 -0.67764035 -1.73376993 -3.03025075  2.87032645  1.23551007
 -0.48570771 -2.18838466  1.10971121 -1.10585759 -0.490425   -2.73954147
 -2.06516925  1.86554799 -0.87381258  2.62185214 -0.45419517 -2.67151352
 -2.82019525  2.26182958 -3.14423357 -0.44536843 -1.00234829 -0.24660749
  2.34754167  1.84025225  0.01820756 -2.55288718 -2.65892166  0.24436942
 -0.7666623   1.24524129 -2.62771114  1.12505251 -0.38397822  0.4207628
  1.91903309  0.4581186   0.65074883 -1.27156746  1.79161226  2.93982472
  0.99593883  0.2218028  -1.14181255  2.42278764  0.72674071 -1.90977345
 -0.05037932  1.87092244  0.98664693 -1.08002931 -2.3013089   2.22238436
  2.00398643  1.92832357  2.2972336   1.91578709 -1.66121729 -3.10389848
  0.42852317  1.34475831 -2.26275497 -1.12583546  2.31183696  1.39294669
 -0.27195665 -1.84442297 -1.64823704  1.96528114  1.30723906 -1.01188295
 -0.23075494 -0.69309145 -0.30339058  2.30246089 -0.6619383  -0.93534346
  0.77590997 -2.35268964  0.59026901  2.7842289  -0.35242997  2.04722766
 -1.86126417 -1.35336619 -2.59736792 -2.42273039 -1.50153047 -3.02896605
  2.01620137  1.78191067  1.58151656  1.12533468  1.58819424 -2.44421565
 -2.5073669   1.78907334  1.0342724  -0.29185885 -2.4772046   1.43098295
 -1.04394781 -3.04762129 -0.04720667  1.89751569 -2.70128462 -2.36816633
  1.87611899  1.02966585 -0.62617459 -0.49631334 -0.92140757  1.96405506
  0.47262255 -0.35622602  0.40183273 -2.26662911  1.26136557 -0.15330666
  2.40236178  1.23319558  2.87809228 -1.05733879  2.10171146 -0.42989456
 -3.26841196  2.20322044  0.81147137  1.9288106  -1.28919683  1.43910611
 -2.12172295  0.20898494  0.08303756 -2.79059117 -0.90191418 -2.39307477
  0.07227786 -0.56898615]
Sat May 25 19:07:45 2024,704,0.09593800634882373,[-4.65847572  2.36664248 -1.84106062 -0.12409677  0.18672562 -2.68765094
  3.01282983  2.1057123   1.4551873  -0.92536055  0.61239983  1.09170227
  1.13210052 -1.54196777  0.7771289   2.80621746 -0.79815527 -0.63691778
 -1.75472033  0.60195852  1.67657177  2.99185612 -1.20875813 -0.31571256
 -2.42357584 -2.33803696  2.99458161  2.76322724 -0.54433299 -2.36481325
  1.48280777 -0.0585082  -2.31787459  2.09556439  1.28954025 -0.63853954
  0.84777207 -2.31880689 -0.02589533  2.15332946 -0.16394192  0.38886666
  2.71395728  1.04622461  2.46285643  3.16174752  2.64140803 -2.93932965
  0.26537396 -0.81572874  1.75888657  2.86399344 -0.51095147 -2.31763452
  2.78736949 -3.21076749  0.7939432  -0.6348799  -1.74135961  2.69818429
 -1.8095507  -1.58813075 -2.30391448  2.18800726 -2.45128548  2.13559766
  2.07465223  1.53540765  2.3830842   2.80474831  1.64886115  1.20012687
 -1.51324522 -2.22927508  1.47130163  0.71194271  1.31361893 -3.01402335
 -0.37770283  2.5183169  -1.03585419  1.28752047  1.48329409  0.54455005
 -0.83302115  1.11514377  0.66824183 -0.38370036  2.80473745 -1.9930707
  1.5380462  -0.48681165  1.09033662 -2.84976585 -2.4583237   0.45773121
 -1.16150475 -0.49457612  0.36531612 -0.11126726 -1.65032836 -0.04117005
 -0.85970564  2.81181069 -1.06239946 -1.3801348  -0.94883421  1.07796515
  1.85224696 -0.69616532  1.97232729 -2.19417568 -0.34727703 -0.73251681
 -2.89008108  3.16480331 -1.63194505  3.13522477 -1.26602513 -2.70848004
  3.36217178 -1.23322319 -0.77649612 -2.88407553 -2.71720578  2.54564132
 -2.13655212 -2.04712753 -0.181549    3.14998796  0.24664249  0.21384972
 -1.25020315 -0.67764033 -1.73376995 -3.03025077  2.87032646  1.23551005
 -0.48570769 -2.18838468  1.10971119 -1.10585757 -0.49042502 -2.73954145
 -2.06516924  1.86554801 -0.8738126   2.62185213 -0.45419515 -2.67151354
 -2.82019527  2.26182956 -3.14423359 -0.44536841 -1.00234831 -0.24660747
  2.34754169  1.84025224  0.01820758 -2.5528872  -2.65892164  0.24436944
 -0.76666232  1.24524131 -2.62771113  1.12505249 -0.38397824  0.42076278
  1.91903311  0.45811858  0.65074885 -1.27156748  1.79161224  2.93982474
  0.99593885  0.22180282 -1.14181257  2.42278762  0.72674073 -1.90977343
 -0.0503793   1.87092242  0.98664691 -1.08002929 -2.30130892  2.22238437
  2.00398645  1.92832359  2.29723358  1.91578708 -1.66121727 -3.1038985
  0.42852315  1.34475833 -2.26275499 -1.12583547  2.31183697  1.39294667
 -0.27195664 -1.84442295 -1.64823702  1.96528112  1.30723904 -1.01188293
 -0.23075492 -0.69309147 -0.3033906   2.30246087 -0.66193832 -0.93534344
  0.77590998 -2.35268962  0.59026899  2.78422888 -0.35242999  2.04722765
 -1.86126415 -1.35336617 -2.59736794 -2.42273041 -1.50153045 -3.02896607
  2.01620139  1.78191069  1.58151654  1.12533466  1.58819426 -2.44421567
 -2.50736689  1.78907332  1.03427241 -0.29185883 -2.47720458  1.43098293
 -1.04394782 -3.04762131 -0.04720668  1.89751571 -2.70128464 -2.36816635
  1.87611901  1.02966586 -0.62617461 -0.49631332 -0.92140755  1.96405504
  0.47262257 -0.356226    0.40183275 -2.26662909  1.26136559 -0.15330665
  2.4023618   1.2331956   2.87809227 -1.05733877  2.10171144 -0.42989454
 -3.26841194  2.20322046  0.81147139  1.92881062 -1.28919685  1.43910609
 -2.12172293  0.20898496  0.08303754 -2.79059119 -0.90191416 -2.39307475
  0.07227788 -0.56898613]
Sat May 25 19:08:08 2024,705,0.09593800634783145,[-4.65847574  2.36664246 -1.84106064 -0.12409679  0.1867256  -2.68765092
  3.01282981  2.10571232  1.45518732 -0.92536057  0.61239985  1.09170229
  1.13210054 -1.54196779  0.77712888  2.80621747 -0.79815525 -0.6369178
 -1.75472031  0.6019585   1.67657179  2.9918561  -1.20875815 -0.31571255
 -2.42357586 -2.33803697  2.99458163  2.76322726 -0.54433297 -2.36481327
  1.48280778 -0.05850822 -2.3178746   2.09556438  1.28954027 -0.63853953
  0.84777205 -2.31880687 -0.02589535  2.15332944 -0.16394191  0.38886665
  2.71395726  1.04622463  2.46285645  3.16174754  2.64140801 -2.93932963
  0.26537398 -0.81572872  1.75888659  2.86399342 -0.51095148 -2.3176345
  2.78736951 -3.21076747  0.79394318 -0.63487992 -1.74135959  2.69818431
 -1.80955072 -1.58813076 -2.3039145   2.18800724 -2.45128546  2.13559768
  2.07465221  1.53540763  2.38308418  2.80474829  1.64886114  1.20012685
 -1.51324524 -2.2292751   1.47130165  0.71194273  1.31361894 -3.01402333
 -0.37770282  2.51831688 -1.03585421  1.28752045  1.48329411  0.54455006
 -0.83302117  1.11514379  0.66824185 -0.38370038  2.80473743 -1.99307071
  1.53804618 -0.48681167  1.09033661 -2.84976583 -2.45832368  0.45773123
 -1.16150477 -0.49457614  0.3653161  -0.11126728 -1.65032835 -0.04117007
 -0.85970563  2.81181067 -1.06239948 -1.38013478 -0.94883419  1.07796513
  1.85224695 -0.6961653   1.97232731 -2.19417566 -0.34727702 -0.7325168
 -2.8900811   3.16480332 -1.63194504  3.13522475 -1.26602511 -2.70848006
  3.36217176 -1.23322318 -0.77649611 -2.88407555 -2.71720576  2.5456413
 -2.13655213 -2.04712754 -0.18154898  3.14998794  0.24664247  0.21384973
 -1.25020313 -0.67764035 -1.73376996 -3.03025078  2.87032645  1.23551004
 -0.48570767 -2.1883847   1.10971118 -1.10585755 -0.49042503 -2.73954147
 -2.06516922  1.86554799 -0.87381258  2.62185214 -0.45419513 -2.67151356
 -2.82019528  2.26182958 -3.14423357 -0.44536839 -1.00234829 -0.24660746
  2.34754167  1.84025225  0.01820759 -2.55288718 -2.65892166  0.24436942
 -0.76666234  1.24524133 -2.62771111  1.12505247 -0.38397822  0.42076277
  1.91903313  0.45811856  0.65074886 -1.27156749  1.79161222  2.93982472
  0.99593883  0.22180283 -1.14181255  2.42278764  0.72674075 -1.90977341
 -0.05037929  1.87092241  0.98664693 -1.08002931 -2.30130894  2.22238439
  2.00398647  1.92832357  2.2972336   1.91578709 -1.66121725 -3.10389851
  0.42852317  1.34475834 -2.26275501 -1.12583546  2.31183696  1.39294665
 -0.27195665 -1.84442297 -1.64823704  1.9652811   1.30723906 -1.01188292
 -0.23075491 -0.69309145 -0.30339058  2.30246086 -0.6619383  -0.93534342
  0.77591    -2.35268964  0.59026901  2.78422886 -0.35243001  2.04722766
 -1.86126413 -1.35336619 -2.59736792 -2.42273039 -1.50153047 -3.02896609
  2.01620141  1.78191067  1.58151652  1.12533468  1.58819424 -2.44421569
 -2.50736687  1.78907334  1.03427243 -0.29185885 -2.47720456  1.43098291
 -1.04394784 -3.04762133 -0.0472067   1.89751573 -2.70128466 -2.36816636
  1.87611899  1.02966588 -0.62617459 -0.4963133  -0.92140757  1.96405502
  0.47262258 -0.35622598  0.40183276 -2.26662911  1.26136561 -0.15330666
  2.40236178  1.23319562  2.87809228 -1.05733879  2.10171146 -0.42989452
 -3.26841192  2.20322048  0.81147137  1.9288106  -1.28919687  1.43910607
 -2.12172292  0.20898494  0.08303752 -2.79059117 -0.90191415 -2.39307477
  0.0722779  -0.56898611]
Sat May 25 19:08:42 2024,706,0.09593800634684406,[-4.65847576  2.36664245 -1.84106062 -0.1240968   0.18672562 -2.68765094
  3.01282983  2.10571233  1.4551873  -0.92536059  0.61239987  1.09170227
  1.13210052 -1.5419678   0.7771289   2.80621746 -0.79815524 -0.63691778
 -1.75472029  0.60195848  1.67657181  2.99185608 -1.20875817 -0.31571253
 -2.42357588 -2.33803696  2.99458165  2.76322724 -0.54433295 -2.36481325
  1.4828078  -0.0585082  -2.31787462  2.09556439  1.28954029 -0.63853954
  0.84777207 -2.31880689 -0.02589537  2.15332946 -0.16394189  0.38886666
  2.71395728  1.04622461  2.46285643  3.16174756  2.64140799 -2.93932961
  0.265374   -0.81572874  1.75888661  2.8639934  -0.51095147 -2.31763452
  2.78736953 -3.21076749  0.79394316 -0.63487994 -1.74135958  2.69818429
 -1.8095507  -1.58813078 -2.30391448  2.18800722 -2.45128548  2.13559766
  2.07465223  1.53540765  2.3830842   2.80474831  1.64886115  1.20012687
 -1.51324522 -2.22927508  1.47130163  0.71194271  1.31361893 -3.01402332
 -0.3777028   2.51831686 -1.03585419  1.28752043  1.48329409  0.54455008
 -0.83302118  1.11514377  0.66824183 -0.38370036  2.80473741 -1.9930707
  1.5380462  -0.48681169  1.09033662 -2.84976585 -2.45832367  0.45773121
 -1.16150478 -0.49457612  0.36531612 -0.11126726 -1.65032833 -0.04117005
 -0.85970561  2.81181069 -1.06239946 -1.3801348  -0.94883421  1.07796515
  1.85224693 -0.69616528  1.97232732 -2.19417564 -0.34727703 -0.73251678
 -2.89008108  3.16480331 -1.63194502  3.13522477 -1.26602509 -2.70848004
  3.36217174 -1.23322319 -0.77649612 -2.88407556 -2.71720574  2.54564128
 -2.13655212 -2.04712753 -0.18154896  3.14998796  0.24664249  0.21384972
 -1.25020315 -0.67764037 -1.73376998 -3.0302508   2.87032646  1.23551002
 -0.48570766 -2.18838472  1.10971119 -1.10585754 -0.49042505 -2.73954148
 -2.0651692   1.86554801 -0.8738126   2.62185216 -0.45419511 -2.67151357
 -2.8201953   2.26182956 -3.14423355 -0.44536841 -1.00234827 -0.24660747
  2.34754169  1.84025227  0.01820761 -2.55288716 -2.65892167  0.24436941
 -0.76666236  1.24524131 -2.62771109  1.12505249 -0.38397824  0.42076278
  1.91903311  0.45811855  0.65074888 -1.27156748  1.7916122   2.93982474
  0.99593885  0.22180282 -1.14181257  2.42278765  0.72674077 -1.90977343
 -0.0503793   1.87092242  0.98664694 -1.08002932 -2.30130896  2.22238437
  2.00398648  1.92832355  2.29723361  1.91578708 -1.66121727 -3.1038985
  0.42852318  1.34475836 -2.26275499 -1.12583544  2.31183697  1.39294667
 -0.27195667 -1.84442295 -1.64823706  1.96528112  1.30723904 -1.01188293
 -0.23075492 -0.69309144 -0.30339056  2.30246084 -0.66193828 -0.9353434
  0.77591002 -2.35268965  0.59026903  2.78422888 -0.35243003  2.04722765
 -1.86126412 -1.35336617 -2.5973679  -2.42273037 -1.50153045 -3.02896607
  2.01620143  1.78191065  1.58151654  1.12533466  1.58819426 -2.44421567
 -2.50736685  1.78907335  1.03427245 -0.29185887 -2.47720458  1.4309829
 -1.04394786 -3.04762131 -0.04720668  1.89751571 -2.70128464 -2.36816638
  1.87611897  1.0296659  -0.62617458 -0.49631332 -0.92140755  1.96405501
  0.4726226  -0.356226    0.40183275 -2.26662912  1.26136559 -0.15330665
  2.4023618   1.23319564  2.8780923  -1.05733877  2.10171147 -0.4298945
 -3.26841194  2.20322046  0.81147139  1.92881062 -1.28919685  1.43910605
 -2.1217229   0.20898493  0.08303754 -2.79059116 -0.90191416 -2.39307479
  0.07227788 -0.5689861 ]
Sat May 25 19:09:13 2024,707,0.09593800634586085,[-4.65847577  2.36664243 -1.84106064 -0.12409682  0.18672564 -2.68765092
  3.01282981  2.10571232  1.45518728 -0.92536057  0.61239985  1.09170225
  1.13210054 -1.54196779  0.77712892  2.80621747 -0.79815522 -0.63691777
 -1.75472031  0.6019585   1.67657179  2.99185606 -1.20875819 -0.31571255
 -2.4235759  -2.33803694  2.99458163  2.76322726 -0.54433297 -2.36481324
  1.48280778 -0.05850818 -2.3178746   2.09556438  1.28954031 -0.63853956
  0.84777205 -2.3188069  -0.02589539  2.15332944 -0.16394191  0.38886668
  2.71395726  1.04622463  2.46285645  3.16174758  2.64140801 -2.93932963
  0.26537398 -0.81572876  1.75888659  2.86399338 -0.51095148 -2.31763454
  2.78736951 -3.21076751  0.79394318 -0.63487992 -1.74135956  2.69818431
 -1.80955068 -1.5881308  -2.30391446  2.18800724 -2.45128546  2.13559764
  2.07465221  1.53540767  2.38308422  2.80474829  1.64886114  1.20012685
 -1.51324524 -2.2292751   1.47130165  0.71194269  1.31361891 -3.0140233
 -0.37770282  2.51831685 -1.03585421  1.28752042  1.48329411  0.5445501
 -0.8330212   1.11514379  0.66824182 -0.38370037  2.80473739 -1.99307068
  1.53804618 -0.48681171  1.09033661 -2.84976587 -2.45832365  0.45773123
 -1.1615048  -0.49457614  0.36531614 -0.11126725 -1.65032835 -0.04117007
 -0.85970559  2.8118107  -1.06239945 -1.38013482 -0.94883423  1.07796517
  1.85224691 -0.69616527  1.97232734 -2.19417566 -0.34727702 -0.73251676
 -2.89008107  3.16480332 -1.631945    3.13522475 -1.26602511 -2.70848003
  3.36217172 -1.23322321 -0.77649611 -2.88407555 -2.71720573  2.54564126
 -2.13655213 -2.04712751 -0.18154894  3.14998797  0.24664247  0.2138497
 -1.25020316 -0.67764035 -1.73377    -3.03025082  2.87032645  1.23551
 -0.48570764 -2.1883847   1.10971121 -1.10585755 -0.49042507 -2.73954147
 -2.06516918  1.86554803 -0.87381258  2.62185214 -0.45419509 -2.67151356
 -2.82019528  2.26182954 -3.14423357 -0.44536843 -1.00234825 -0.24660749
  2.34754171  1.84025229  0.01820759 -2.55288714 -2.65892169  0.24436939
 -0.76666234  1.24524133 -2.62771111  1.12505251 -0.38397822  0.42076277
  1.91903309  0.45811856  0.6507489  -1.27156746  1.79161222  2.93982476
  0.99593887  0.2218028  -1.14181255  2.42278764  0.72674078 -1.90977341
 -0.05037929  1.87092244  0.98664696 -1.08002934 -2.30130897  2.22238436
  2.0039865   1.92832353  2.2972336   1.91578706 -1.66121729 -3.10389851
  0.4285232   1.34475834 -2.26275497 -1.12583542  2.31183699  1.39294669
 -0.27195669 -1.84442293 -1.64823704  1.9652811   1.30723906 -1.01188295
 -0.23075494 -0.69309145 -0.30339055  2.30246086 -0.6619383  -0.93534342
  0.77591    -2.35268964  0.59026901  2.78422886 -0.35243001  2.04722763
 -1.86126413 -1.35336619 -2.59736792 -2.42273035 -1.50153043 -3.02896609
  2.01620144  1.78191067  1.58151652  1.12533464  1.58819428 -2.44421565
 -2.50736687  1.78907337  1.03427247 -0.29185889 -2.47720456  1.43098291
 -1.04394788 -3.04762133 -0.04720667  1.89751569 -2.70128462 -2.36816636
  1.87611899  1.02966592 -0.62617456 -0.4963133  -0.92140753  1.96405499
  0.47262262 -0.35622602  0.40183276 -2.26662911  1.26136561 -0.15330666
  2.40236178  1.23319565  2.87809232 -1.05733879  2.10171146 -0.42989452
 -3.26841196  2.20322048  0.81147137  1.92881064 -1.28919687  1.43910607
 -2.12172292  0.20898491  0.08303752 -2.79059117 -0.90191418 -2.3930748
  0.07227787 -0.56898611]
Sat May 25 19:09:37 2024,708,0.09593800634488245,[-4.65847579  2.36664241 -1.84106066 -0.1240968   0.18672565 -2.68765094
  3.01282983  2.10571233  1.45518726 -0.92536055  0.61239987  1.09170223
  1.13210055 -1.5419678   0.77712894  2.80621746 -0.7981552  -0.63691778
 -1.75472033  0.60195848  1.67657181  2.99185604 -1.20875817 -0.31571256
 -2.42357588 -2.33803692  2.99458165  2.76322728 -0.54433299 -2.36481325
  1.48280777 -0.0585082  -2.31787462  2.09556436  1.28954029 -0.63853958
  0.84777207 -2.31880692 -0.0258954   2.15332946 -0.16394189  0.38886666
  2.71395728  1.04622465  2.46285646  3.16174759  2.64140803 -2.93932961
  0.26537396 -0.81572878  1.75888661  2.86399337 -0.51095147 -2.31763456
  2.78736949 -3.21076749  0.7939432  -0.6348799  -1.74135954  2.69818433
 -1.80955066 -1.58813082 -2.30391445  2.18800726 -2.45128544  2.13559762
  2.07465219  1.53540768  2.3830842   2.80474831  1.64886115  1.20012683
 -1.51324522 -2.22927511  1.47130166  0.71194268  1.31361893 -3.01402328
 -0.37770283  2.51831686 -1.03585419  1.28752043  1.48329409  0.54455008
 -0.83302118  1.1151438   0.6682418  -0.38370039  2.80473741 -1.99307066
  1.53804617 -0.48681173  1.09033659 -2.84976585 -2.45832363  0.45773121
 -1.16150478 -0.49457615  0.36531616 -0.11126726 -1.65032833 -0.04117005
 -0.85970557  2.81181069 -1.06239946 -1.3801348  -0.94883421  1.07796518
  1.85224689 -0.69616525  1.97232732 -2.19417568 -0.34727703 -0.73251678
 -2.89008108  3.16480331 -1.63194498  3.13522473 -1.26602513 -2.70848004
  3.3621717  -1.23322319 -0.77649609 -2.88407556 -2.71720574  2.54564128
 -2.13655215 -2.04712749 -0.18154893  3.14998796  0.24664249  0.21384972
 -1.25020315 -0.67764033 -1.73376998 -3.0302508   2.87032646  1.23550998
 -0.48570762 -2.18838472  1.10971123 -1.10585754 -0.49042505 -2.73954145
 -2.0651692   1.86554801 -0.8738126   2.62185216 -0.45419508 -2.67151357
 -2.8201953   2.26182952 -3.14423359 -0.44536845 -1.00234824 -0.24660751
  2.34754172  1.84025231  0.01820758 -2.55288713 -2.65892171  0.24436941
 -0.76666236  1.24524131 -2.62771109  1.12505253 -0.38397821  0.42076278
  1.91903311  0.45811855  0.65074892 -1.27156748  1.79161224  2.93982474
  0.99593888  0.22180282 -1.14181253  2.42278762  0.72674077 -1.90977343
 -0.05037927  1.87092246  0.98664698 -1.08002932 -2.30130899  2.22238437
  2.00398648  1.92832352  2.29723361  1.91578704 -1.66121727 -3.1038985
  0.42852318  1.34475836 -2.26275495 -1.12583544  2.31183697  1.39294667
 -0.27195671 -1.84442291 -1.64823702  1.96528109  1.30723908 -1.01188297
 -0.23075492 -0.69309144 -0.30339053  2.30246087 -0.66193832 -0.9353434
  0.77590998 -2.35268962  0.59026903  2.78422888 -0.35242999  2.04722765
 -1.86126415 -1.35336621 -2.5973679  -2.42273037 -1.50153045 -3.02896611
  2.01620146  1.78191065  1.5815165   1.12533466  1.5881943  -2.44421567
 -2.50736689  1.78907339  1.03427245 -0.2918589  -2.47720458  1.43098293
 -1.0439479  -3.04762134 -0.04720668  1.89751568 -2.70128461 -2.36816638
  1.87611897  1.0296659  -0.62617458 -0.49631328 -0.92140752  1.96405501
  0.47262264 -0.35622603  0.40183278 -2.26662912  1.26136563 -0.15330668
  2.4023618   1.23319564  2.87809234 -1.05733881  2.10171147 -0.42989454
 -3.26841194  2.20322046  0.81147136  1.92881065 -1.28919685  1.43910605
 -2.1217229   0.20898493  0.08303754 -2.79059116 -0.90191416 -2.39307482
  0.07227785 -0.5689861 ]
Sat May 25 19:10:05 2024,709,0.09593800634390896,[-4.65847581  2.36664239 -1.84106068 -0.12409679  0.18672567 -2.68765092
  3.01282985  2.10571235  1.45518728 -0.92536054  0.61239985  1.09170225
  1.13210057 -1.54196782  0.77712895  2.80621744 -0.79815522 -0.6369178
 -1.75472035  0.60195847  1.67657179  2.99185606 -1.20875815 -0.31571255
 -2.4235759  -2.3380369   2.99458167  2.76322726 -0.54433301 -2.36481327
  1.48280775 -0.05850822 -2.31787464  2.09556438  1.28954027 -0.63853956
  0.84777209 -2.31880694 -0.02589542  2.15332947 -0.16394187  0.38886665
  2.71395729  1.04622463  2.46285648  3.16174758  2.64140801 -2.93932963
  0.26537398 -0.81572879  1.75888659  2.86399338 -0.51095145 -2.31763454
  2.78736948 -3.21076751  0.79394322 -0.63487989 -1.74135952  2.69818431
 -1.80955068 -1.5881308  -2.30391443  2.18800724 -2.45128546  2.13559761
  2.07465218  1.53540767  2.38308418  2.80474829  1.64886117  1.20012681
 -1.51324524 -2.22927513  1.47130168  0.71194266  1.31361894 -3.01402326
 -0.37770285  2.51831685 -1.03585421  1.28752042  1.48329407  0.5445501
 -0.8330212   1.11514382  0.66824182 -0.38370041  2.80473739 -1.99307064
  1.53804615 -0.48681171  1.09033661 -2.84976583 -2.45832365  0.45773123
 -1.1615048  -0.49457614  0.36531614 -0.11126725 -1.65032835 -0.04117004
 -0.85970555  2.81181067 -1.06239945 -1.38013478 -0.94883423  1.0779652
  1.85224691 -0.69616523  1.97232734 -2.1941757  -0.34727702 -0.73251676
 -2.8900811   3.16480329 -1.631945    3.13522475 -1.26602515 -2.70848006
  3.36217169 -1.23322321 -0.77649607 -2.88407555 -2.71720576  2.54564126
 -2.13655217 -2.04712747 -0.18154894  3.14998794  0.24664251  0.21384973
 -1.25020316 -0.67764035 -1.73376996 -3.03025078  2.87032648  1.23550997
 -0.48570764 -2.1883847   1.10971125 -1.10585755 -0.49042503 -2.73954143
 -2.06516918  1.86554799 -0.87381258  2.62185214 -0.45419506 -2.67151359
 -2.82019532  2.26182951 -3.14423361 -0.44536843 -1.00234825 -0.24660753
  2.34754171  1.84025233  0.01820759 -2.55288714 -2.65892169  0.24436942
 -0.76666234  1.24524133 -2.62771107  1.12505254 -0.38397819  0.4207628
  1.91903313  0.45811856  0.65074894 -1.27156749  1.79161226  2.93982476
  0.9959389   0.2218028  -1.14181251  2.42278764  0.72674078 -1.90977341
 -0.05037929  1.87092248  0.98664696 -1.08002931 -2.30130897  2.22238439
  2.0039865   1.9283235   2.29723363  1.91578706 -1.66121729 -3.10389851
  0.42852317  1.34475834 -2.26275494 -1.12583542  2.31183699  1.39294669
 -0.27195669 -1.8444229  -1.64823704  1.96528107  1.3072391  -1.01188299
 -0.23075491 -0.69309142 -0.30339051  2.30246089 -0.6619383  -0.93534342
  0.77590997 -2.3526896   0.59026905  2.7842289  -0.35243001  2.04722763
 -1.86126413 -1.35336622 -2.59736789 -2.42273035 -1.50153047 -3.02896609
  2.01620144  1.78191067  1.58151648  1.12533468  1.58819431 -2.44421569
 -2.50736687  1.78907341  1.03427247 -0.29185892 -2.47720456  1.43098295
 -1.04394791 -3.04762136 -0.0472067   1.89751566 -2.70128462 -2.36816636
  1.87611895  1.02966592 -0.62617459 -0.49631326 -0.9214075   1.96405499
  0.47262265 -0.35622605  0.4018328  -2.26662914  1.26136564 -0.1533067
  2.40236178  1.23319565  2.87809232 -1.05733882  2.10171149 -0.42989456
 -3.26841192  2.20322044  0.81147134  1.92881067 -1.28919683  1.43910607
 -2.12172292  0.20898494  0.08303752 -2.79059114 -0.90191415 -2.39307484
  0.07227786 -0.56898608]
Sat May 25 19:10:29 2024,710,0.09593800634293967,[-4.65847583  2.36664241 -1.84106069 -0.1240968   0.18672569 -2.6876509
  3.01282983  2.10571233  1.4551873  -0.92536052  0.61239984  1.09170223
  1.13210059 -1.54196784  0.77712897  2.80621746 -0.79815524 -0.63691778
 -1.75472036  0.60195845  1.67657181  2.99185604 -1.20875817 -0.31571253
 -2.42357588 -2.33803692  2.99458169  2.76322724 -0.54433302 -2.36481329
  1.48280773 -0.05850824 -2.31787462  2.09556436  1.28954025 -0.63853955
  0.84777207 -2.31880696 -0.02589544  2.15332949 -0.16394185  0.38886666
  2.71395731  1.04622465  2.4628565   3.16174759  2.64140803 -2.93932964
  0.26537396 -0.81572878  1.75888661  2.8639934  -0.51095147 -2.31763456
  2.78736946 -3.21076753  0.79394323 -0.63487987 -1.74135954  2.69818433
 -1.8095507  -1.58813078 -2.30391441  2.18800726 -2.45128548  2.13559759
  2.07465219  1.53540765  2.3830842   2.80474831  1.64886115  1.2001268
 -1.51324526 -2.22927515  1.4713017   0.71194268  1.31361896 -3.01402324
 -0.37770283  2.51831683 -1.03585419  1.2875204   1.48329406  0.54455012
 -0.83302118  1.1151438   0.66824183 -0.38370043  2.80473738 -1.99307063
  1.53804617 -0.48681169  1.09033659 -2.84976585 -2.45832367  0.45773125
 -1.16150482 -0.49457615  0.36531612 -0.11126723 -1.65032836 -0.04117005
 -0.85970557  2.81181069 -1.06239946 -1.3801348  -0.94883421  1.07796518
  1.85224693 -0.69616525  1.97232732 -2.19417571 -0.347277   -0.73251674
 -2.89008112  3.16480331 -1.63194502  3.13522473 -1.26602516 -2.70848004
  3.3621717  -1.23322323 -0.77649609 -2.88407556 -2.71720578  2.54564125
 -2.13655215 -2.04712749 -0.18154893  3.14998792  0.24664253  0.21384972
 -1.25020318 -0.67764033 -1.73376998 -3.0302508   2.87032646  1.23550998
 -0.48570762 -2.18838472  1.10971123 -1.10585757 -0.49042502 -2.73954141
 -2.0651692   1.86554801 -0.8738126   2.62185213 -0.45419504 -2.67151357
 -2.82019534  2.26182949 -3.14423359 -0.44536845 -1.00234824 -0.24660754
  2.34754172  1.84025234  0.01820761 -2.55288716 -2.65892171  0.24436941
 -0.76666232  1.24524131 -2.62771109  1.12505253 -0.38397817  0.42076282
  1.91903315  0.45811858  0.65074892 -1.27156751  1.79161224  2.93982474
  0.99593892  0.22180282 -1.1418125   2.42278765  0.7267408  -1.90977339
 -0.05037927  1.87092249  0.98664698 -1.08002932 -2.30130899  2.22238437
  2.00398648  1.92832348  2.29723365  1.91578704 -1.66121731 -3.1038985
  0.42852318  1.34475836 -2.26275492 -1.1258354   2.31183697  1.39294667
 -0.27195671 -1.84442288 -1.64823702  1.96528109  1.30723908 -1.011883
 -0.23075489 -0.6930914  -0.30339053  2.30246087 -0.66193832 -0.9353434
  0.77590995 -2.35268962  0.59026903  2.78422888 -0.35243003  2.04722761
 -1.86126412 -1.35336621 -2.59736787 -2.42273034 -1.50153049 -3.02896611
  2.01620146  1.78191065  1.5815165   1.12533466  1.58819433 -2.44421567
 -2.50736689  1.78907339  1.03427245 -0.29185894 -2.47720458  1.43098297
 -1.0439479  -3.04762138 -0.04720672  1.89751568 -2.70128461 -2.36816635
  1.87611897  1.02966593 -0.62617458 -0.49631328 -0.92140752  1.96405497
  0.47262264 -0.35622607  0.40183278 -2.26662912  1.26136563 -0.15330668
  2.4023618   1.23319564  2.87809234 -1.05733881  2.10171147 -0.42989454
 -3.2684119   2.20322043  0.81147132  1.92881069 -1.28919685  1.43910605
 -2.1217229   0.20898496  0.0830375  -2.79059116 -0.90191416 -2.39307486
  0.07227788 -0.5689861 ]
Sat May 25 19:10:52 2024,711,0.0959380063419744,[-4.65847584  2.36664239 -1.84106068 -0.12409682  0.18672567 -2.68765089
  3.01282981  2.10571235  1.45518732 -0.92536053  0.61239982  1.09170225
  1.13210061 -1.54196786  0.77712895  2.80621744 -0.79815525 -0.6369178
 -1.75472038  0.60195847  1.67657183  2.99185603 -1.20875815 -0.31571251
 -2.4235759  -2.3380369   2.9945817   2.76322722 -0.54433301 -2.36481327
  1.48280771 -0.05850822 -2.31787464  2.09556438  1.28954024 -0.63853953
  0.84777209 -2.31880697 -0.02589546  2.15332951 -0.16394184  0.38886665
  2.71395733  1.04622463  2.46285652  3.16174758  2.64140805 -2.93932966
  0.26537398 -0.81572876  1.75888659  2.86399338 -0.51095145 -2.31763454
  2.78736948 -3.21076751  0.79394325 -0.63487985 -1.74135956  2.69818431
 -1.80955068 -1.5881308  -2.30391439  2.18800724 -2.4512855   2.13559761
  2.07465221  1.53540767  2.38308418  2.80474829  1.64886114  1.20012681
 -1.51324524 -2.22927517  1.47130172  0.71194266  1.31361898 -3.01402326
 -0.37770282  2.51831685 -1.03585417  1.28752042  1.48329404  0.5445501
 -0.83302117  1.11514379  0.66824185 -0.38370044  2.80473739 -1.99307061
  1.53804618 -0.48681171  1.09033657 -2.84976583 -2.45832368  0.45773126
 -1.16150484 -0.49457617  0.36531614 -0.11126725 -1.65032838 -0.04117004
 -0.85970555  2.8118107  -1.06239948 -1.38013481 -0.94883423  1.0779652
  1.85224694 -0.69616523  1.97232731 -2.19417573 -0.34727702 -0.73251673
 -2.8900811   3.16480329 -1.63194504  3.13522471 -1.26602515 -2.70848003
  3.36217169 -1.23322321 -0.77649607 -2.88407555 -2.71720576  2.54564123
 -2.13655217 -2.04712747 -0.18154894  3.14998794  0.24664254  0.2138497
 -1.2502032  -0.67764035 -1.73376996 -3.03025082  2.87032648  1.23551
 -0.4857076  -2.1883847   1.10971125 -1.10585755 -0.49042503 -2.7395414
 -2.06516918  1.86554803 -0.87381262  2.62185211 -0.45419506 -2.67151356
 -2.82019535  2.26182947 -3.14423357 -0.44536847 -1.00234822 -0.24660756
  2.34754174  1.84025236  0.01820763 -2.55288718 -2.65892169  0.24436939
 -0.7666623   1.24524133 -2.62771107  1.12505251 -0.38397815  0.42076284
  1.91903316  0.45811856  0.6507489  -1.27156753  1.79161222  2.93982476
  0.99593894  0.22180283 -1.14181248  2.42278764  0.72674078 -1.90977341
 -0.05037929  1.87092251  0.98664696 -1.08002934 -2.30130897  2.22238436
  2.00398647  1.9283235   2.29723363  1.91578706 -1.66121729 -3.10389851
  0.42852317  1.34475834 -2.26275493 -1.12583542  2.31183699  1.39294665
 -0.27195672 -1.8444229  -1.64823704  1.9652811   1.30723906 -1.01188302
 -0.23075487 -0.69309138 -0.30339051  2.30246089 -0.66193834 -0.93534342
  0.77590993 -2.3526896   0.59026901  2.78422886 -0.35243004  2.04722763
 -1.8612641  -1.35336619 -2.59736789 -2.42273035 -1.5015305  -3.02896612
  2.01620144  1.78191067  1.58151648  1.12533468  1.58819435 -2.44421565
 -2.5073669   1.78907341  1.03427243 -0.29185896 -2.4772046   1.43098298
 -1.04394791 -3.04762136 -0.0472067   1.89751566 -2.70128462 -2.36816636
  1.87611899  1.02966592 -0.62617459 -0.49631326 -0.9214075   1.96405499
  0.47262262 -0.35622609  0.4018328  -2.26662914  1.26136564 -0.15330666
  2.40236181  1.23319565  2.87809236 -1.05733882  2.10171146 -0.42989452
 -3.26841189  2.20322041  0.81147134  1.92881071 -1.28919687  1.43910604
 -2.12172292  0.20898498  0.08303749 -2.79059114 -0.90191415 -2.39307484
  0.0722779  -0.56898608]
Sat May 25 19:11:17 2024,712,0.09593800634101397,[-4.65847586  2.36664241 -1.84106066 -0.12409684  0.18672565 -2.68765087
  3.01282983  2.10571237  1.4551873  -0.92536052  0.61239984  1.09170227
  1.13210059 -1.54196787  0.77712894  2.80621742 -0.79815524 -0.63691782
 -1.7547204   0.60195848  1.67657184  2.99185601 -1.20875817 -0.31571253
 -2.42357591 -2.33803692  2.99458169  2.76322721 -0.54433302 -2.36481325
  1.4828077  -0.05850824 -2.31787466  2.09556439  1.28954025 -0.63853955
  0.84777207 -2.31880696 -0.02589547  2.15332953 -0.16394185  0.38886663
  2.71395735  1.04622461  2.4628565   3.16174759  2.64140806 -2.93932968
  0.265374   -0.81572878  1.75888661  2.86399337 -0.51095147 -2.31763456
  2.78736946 -3.21076753  0.79394323 -0.63487987 -1.74135954  2.69818429
 -1.8095507  -1.58813082 -2.30391438  2.18800723 -2.45128548  2.13559762
  2.07465219  1.53540768  2.38308417  2.80474831  1.64886112  1.20012683
 -1.51324526 -2.22927518  1.4713017   0.71194264  1.313619   -3.01402328
 -0.3777028   2.51831683 -1.03585416  1.28752043  1.48329406  0.54455012
 -0.83302115  1.11514377  0.66824183 -0.38370046  2.80473738 -1.99307063
  1.53804617 -0.48681169  1.09033659 -2.84976581 -2.4583237   0.45773125
 -1.16150485 -0.49457619  0.36531612 -0.11126726 -1.65032836 -0.04117002
 -0.85970557  2.81181069 -1.0623995  -1.38013483 -0.94883424  1.07796518
  1.85224696 -0.69616521  1.97232729 -2.19417575 -0.347277   -0.73251674
 -2.89008112  3.16480327 -1.63194502  3.1352247  -1.26602516 -2.70848001
  3.36217167 -1.23322323 -0.77649605 -2.88407556 -2.71720578  2.54564121
 -2.13655215 -2.04712749 -0.18154893  3.14998795  0.24664253  0.21384972
 -1.25020318 -0.67764037 -1.73376995 -3.0302508   2.8703265   1.23550998
 -0.48570762 -2.18838472  1.10971126 -1.10585754 -0.49042505 -2.73954138
 -2.06516917  1.86554804 -0.8738126   2.62185209 -0.45419508 -2.67151354
 -2.82019534  2.26182949 -3.14423359 -0.44536848 -1.00234824 -0.24660758
  2.34754172  1.84025238  0.01820765 -2.55288716 -2.65892171  0.24436937
 -0.76666232  1.24524131 -2.62771109  1.12505249 -0.38397814  0.42076285
  1.91903315  0.45811855  0.65074892 -1.27156751  1.7916122   2.93982478
  0.99593895  0.22180282 -1.14181246  2.42278765  0.72674077 -1.90977343
 -0.05037927  1.87092253  0.98664698 -1.08002936 -2.30130899  2.22238434
  2.00398645  1.92832352  2.29723361  1.91578704 -1.66121727 -3.1038985
  0.42852318  1.34475836 -2.26275492 -1.1258354   2.31183697  1.39294664
 -0.27195674 -1.84442288 -1.64823702  1.96528112  1.30723908 -1.011883
 -0.23075485 -0.6930914  -0.30339049  2.30246091 -0.66193832 -0.93534344
  0.77590991 -2.35268962  0.59026899  2.78422885 -0.35243006  2.04722761
 -1.86126408 -1.35336621 -2.5973679  -2.42273034 -1.50153049 -3.02896614
  2.01620143  1.78191069  1.5815165   1.12533469  1.58819433 -2.44421564
 -2.50736692  1.78907342  1.03427242 -0.29185897 -2.47720458  1.430983
 -1.0439479  -3.04762138 -0.04720672  1.89751564 -2.70128464 -2.36816635
  1.87611901  1.02966593 -0.62617458 -0.49631325 -0.92140752  1.96405501
  0.47262264 -0.3562261   0.40183282 -2.26662912  1.26136566 -0.15330668
  2.40236183  1.23319564  2.87809237 -1.05733884  2.10171147 -0.42989454
 -3.26841187  2.20322043  0.81147132  1.92881069 -1.28919685  1.43910602
 -2.1217229   0.20898499  0.0830375  -2.79059116 -0.90191416 -2.39307482
  0.07227792 -0.56898606]
Sat May 25 19:11:40 2024,713,0.09593800634005775,[-4.65847588  2.36664239 -1.84106068 -0.12409686  0.18672564 -2.68765089
  3.01282985  2.10571235  1.45518728 -0.92536053  0.61239982  1.09170225
  1.13210057 -1.54196786  0.77712892  2.80621744 -0.79815522 -0.6369178
 -1.75472038  0.60195847  1.67657186  2.99185599 -1.20875815 -0.31571255
 -2.4235759  -2.3380369   2.99458167  2.76322722 -0.54433301 -2.36481324
  1.48280771 -0.05850822 -2.31787464  2.09556441  1.28954027 -0.63853953
  0.84777205 -2.31880697 -0.02589549  2.15332954 -0.16394187  0.38886665
  2.71395733  1.04622459  2.46285648  3.16174758  2.64140808 -2.9393297
  0.26537401 -0.81572876  1.75888659  2.86399338 -0.51095145 -2.31763457
  2.78736948 -3.21076751  0.79394322 -0.63487989 -1.74135952  2.69818431
 -1.80955068 -1.58813083 -2.30391436  2.18800724 -2.4512855   2.13559761
  2.07465218  1.53540767  2.38308418  2.80474833  1.6488611   1.20012681
 -1.51324528 -2.2292752   1.47130172  0.71194262  1.31361901 -3.0140233
 -0.37770282  2.51831685 -1.03585414  1.28752045  1.48329407  0.54455013
 -0.83302113  1.11514379  0.66824182 -0.38370048  2.80473736 -1.99307061
  1.53804618 -0.48681167  1.09033661 -2.84976583 -2.45832368  0.45773126
 -1.16150484 -0.49457621  0.36531614 -0.11126725 -1.65032835 -0.04117
 -0.85970555  2.81181067 -1.06239948 -1.38013485 -0.94883423  1.07796517
  1.85224694 -0.69616523  1.97232731 -2.19417577 -0.34727702 -0.73251676
 -2.89008114  3.16480329 -1.631945    3.13522468 -1.26602515 -2.70848003
  3.36217169 -1.23322321 -0.77649607 -2.88407555 -2.71720576  2.54564123
 -2.13655217 -2.04712751 -0.18154894  3.14998797  0.24664254  0.21384973
 -1.2502032  -0.67764035 -1.73376993 -3.03025082  2.87032652  1.23550997
 -0.4857076  -2.18838473  1.10971128 -1.10585755 -0.49042503 -2.73954136
 -2.06516918  1.86554806 -0.87381258  2.62185211 -0.45419506 -2.67151356
 -2.82019535  2.26182947 -3.14423361 -0.4453685  -1.00234825 -0.2466076
  2.34754171  1.84025236  0.01820763 -2.55288714 -2.65892173  0.24436939
 -0.7666623   1.2452413  -2.62771111  1.12505248 -0.38397812  0.42076287
  1.91903316  0.45811853  0.65074893 -1.27156753  1.79161222  2.93982479
  0.99593894  0.2218028  -1.14181248  2.42278764  0.72674078 -1.90977345
 -0.05037929  1.87092255  0.98664696 -1.08002934 -2.30130898  2.22238436
  2.00398647  1.9283235   2.29723363  1.91578706 -1.66121725 -3.10389851
  0.42852317  1.34475834 -2.2627549  -1.12583542  2.31183696  1.39294665
 -0.27195672 -1.84442286 -1.64823701  1.96528114  1.3072391  -1.01188302
 -0.23075484 -0.69309142 -0.30339051  2.30246089 -0.66193834 -0.93534342
  0.77590993 -2.3526896   0.59026901  2.78422886 -0.35243004  2.04722763
 -1.86126406 -1.35336622 -2.59736792 -2.42273035 -1.5015305  -3.02896616
  2.01620141  1.78191067  1.58151652  1.12533468  1.58819431 -2.44421562
 -2.50736694  1.78907344  1.03427243 -0.29185899 -2.47720456  1.43098302
 -1.04394791 -3.04762136 -0.04720674  1.89751566 -2.70128462 -2.36816633
  1.87611902  1.02966595 -0.62617459 -0.49631326 -0.92140753  1.96405502
  0.47262262 -0.35622612  0.4018328  -2.26662911  1.26136564 -0.1533067
  2.40236181  1.23319562  2.87809239 -1.05733886  2.10171149 -0.42989452
 -3.26841185  2.20322041  0.81147131  1.92881067 -1.28919687  1.439106
 -2.12172288  0.20898501  0.08303749 -2.79059117 -0.90191415 -2.3930748
  0.07227793 -0.56898608]
Sat May 25 19:12:04 2024,714,0.09593800633910558,[-4.65847589  2.36664241 -1.84106066 -0.12409684  0.18672562 -2.6876509
  3.01282987  2.10571237  1.45518726 -0.92536055  0.6123998   1.09170223
  1.13210059 -1.54196784  0.7771289   2.80621742 -0.79815524 -0.63691778
 -1.7547204   0.60195848  1.67657184  2.99185601 -1.20875814 -0.31571256
 -2.42357591 -2.33803692  2.99458165  2.76322721 -0.54433299 -2.36481322
  1.48280773 -0.05850824 -2.31787462  2.09556439  1.28954025 -0.63853951
  0.84777203 -2.31880696 -0.02589551  2.15332953 -0.16394185  0.38886663
  2.71395731  1.04622458  2.4628565   3.16174756  2.64140806 -2.93932968
  0.26537403 -0.81572878  1.75888661  2.86399337 -0.51095147 -2.31763459
  2.78736949 -3.21076749  0.79394323 -0.6348799  -1.74135954  2.69818433
 -1.80955066 -1.58813085 -2.30391434  2.18800723 -2.45128548  2.13559759
  2.07465216  1.53540768  2.38308417  2.80474834  1.64886109  1.20012683
 -1.51324529 -2.22927522  1.4713017   0.71194264  1.313619   -3.01402331
 -0.37770283  2.51831683 -1.03585412  1.28752043  1.48329409  0.54455015
 -0.83302112  1.1151438   0.6682418  -0.3837005   2.80473734 -1.99307059
  1.5380462  -0.48681169  1.09033659 -2.84976585 -2.4583237   0.45773128
 -1.16150482 -0.49457619  0.36531612 -0.11126723 -1.65032836 -0.04117002
 -0.85970557  2.81181069 -1.06239946 -1.38013487 -0.94883424  1.07796515
  1.85224696 -0.69616525  1.97232732 -2.19417575 -0.347277   -0.73251674
 -2.89008115  3.16480327 -1.63194498  3.1352247  -1.26602513 -2.70848001
  3.36217167 -1.23322319 -0.77649605 -2.88407556 -2.71720578  2.54564121
 -2.13655215 -2.04712749 -0.18154896  3.14998799  0.24664256  0.21384972
 -1.25020318 -0.67764033 -1.73376995 -3.0302508   2.87032653  1.23550998
 -0.48570759 -2.18838472  1.10971126 -1.10585757 -0.49042505 -2.73954134
 -2.06516917  1.86554808 -0.87381257  2.62185209 -0.45419504 -2.67151354
 -2.82019534  2.26182945 -3.14423362 -0.44536848 -1.00234824 -0.24660761
  2.34754172  1.84025238  0.01820761 -2.55288713 -2.65892171  0.24436937
 -0.76666232  1.24524131 -2.62771109  1.12505246 -0.3839781   0.42076285
  1.91903318  0.45811855  0.65074892 -1.27156751  1.79161224  2.93982481
  0.99593895  0.22180278 -1.14181246  2.42278765  0.72674077 -1.90977346
 -0.05037927  1.87092253  0.98664698 -1.08002932 -2.30130899  2.22238434
  2.00398648  1.92832352  2.29723361  1.91578708 -1.66121727 -3.1038985
  0.42852315  1.34475836 -2.26275488 -1.12583544  2.31183694  1.39294667
 -0.27195671 -1.84442288 -1.64823702  1.96528116  1.30723911 -1.011883
 -0.23075485 -0.69309144 -0.30339049  2.30246091 -0.66193832 -0.9353434
  0.77590995 -2.35268962  0.59026899  2.78422888 -0.35243003  2.04722764
 -1.86126405 -1.35336624 -2.5973679  -2.42273034 -1.50153052 -3.02896614
  2.01620139  1.78191069  1.58151654  1.12533469  1.58819433 -2.44421564
 -2.50736695  1.78907342  1.03427245 -0.29185897 -2.47720458  1.43098304
 -1.0439479  -3.04762138 -0.04720675  1.89751568 -2.70128461 -2.36816631
  1.87611904  1.02966593 -0.62617461 -0.49631325 -0.92140752  1.96405504
  0.4726226  -0.35622614  0.40183278 -2.26662912  1.26136563 -0.15330671
  2.40236183  1.2331956   2.87809241 -1.05733887  2.10171151 -0.4298945
 -3.26841187  2.20322043  0.81147132  1.92881069 -1.28919685  1.43910599
 -2.12172286  0.20898499  0.08303747 -2.79059119 -0.90191413 -2.39307479
  0.07227795 -0.56898606]
Sat May 25 19:12:38 2024,715,0.09593800633815815,[-4.65847591  2.36664239 -1.84106068 -0.12409682  0.18672564 -2.68765089
  3.01282985  2.10571235  1.45518728 -0.92536053  0.61239978  1.09170222
  1.13210057 -1.54196786  0.77712892  2.80621744 -0.79815525 -0.63691777
 -1.75472038  0.6019585   1.67657186  2.99185603 -1.20875812 -0.31571255
 -2.42357593 -2.3380369   2.99458167  2.76322722 -0.54433297 -2.36481324
  1.48280775 -0.05850822 -2.3178746   2.09556438  1.28954024 -0.63853949
  0.84777202 -2.31880694 -0.02589549  2.15332951 -0.16394184  0.38886665
  2.71395733  1.04622456  2.46285652  3.16174754  2.64140805 -2.93932966
  0.26537405 -0.81572876  1.75888663  2.86399335 -0.51095148 -2.31763461
  2.78736951 -3.21076748  0.79394322 -0.63487989 -1.74135952  2.69818431
 -1.80955065 -1.58813083 -2.30391433  2.18800721 -2.4512855   2.13559761
  2.07465218  1.5354077   2.38308418  2.80474836  1.6488611   1.20012685
 -1.51324531 -2.22927524  1.47130172  0.71194262  1.31361901 -3.01402333
 -0.37770285  2.51831681 -1.03585414  1.28752042  1.48329407  0.54455017
 -0.83302113  1.11514379  0.66824178 -0.38370048  2.80473736 -1.99307061
  1.53804622 -0.48681167  1.09033661 -2.84976583 -2.45832368  0.4577313
 -1.1615048  -0.49457621  0.3653161  -0.11126725 -1.65032838 -0.04117
 -0.85970559  2.81181067 -1.06239948 -1.38013488 -0.94883423  1.07796517
  1.85224694 -0.69616523  1.97232734 -2.19417577 -0.34727698 -0.73251676
 -2.89008117  3.16480329 -1.631945    3.13522468 -1.26602515 -2.70848003
  3.36217165 -1.23322321 -0.77649604 -2.88407558 -2.71720576  2.54564123
 -2.13655217 -2.04712751 -0.18154898  3.14998797  0.24664254  0.2138497
 -1.25020316 -0.67764035 -1.73376996 -3.03025079  2.87032652  1.23551
 -0.48570757 -2.1883847   1.10971125 -1.10585759 -0.49042507 -2.73954136
 -2.06516915  1.8655481  -0.87381258  2.62185208 -0.45419503 -2.67151352
 -2.82019532  2.26182947 -3.14423364 -0.4453685  -1.00234825 -0.2466076
  2.34754174  1.84025236  0.01820759 -2.55288711 -2.65892169  0.24436939
 -0.76666234  1.2452413  -2.62771107  1.12505244 -0.38397812  0.42076284
  1.91903316  0.45811856  0.65074893 -1.27156749  1.79161222  2.93982479
  0.99593894  0.22180276 -1.14181244  2.42278764  0.72674078 -1.90977348
 -0.05037925  1.87092255  0.986647   -1.08002931 -2.30130901  2.22238432
  2.00398647  1.92832353  2.29723363  1.91578706 -1.66121729 -3.10389851
  0.42852313  1.34475834 -2.2627549  -1.12583546  2.31183696  1.39294669
 -0.27195669 -1.84442286 -1.64823704  1.96528114  1.3072391  -1.01188299
 -0.23075484 -0.69309145 -0.30339051  2.30246089 -0.66193834 -0.93534339
  0.77590997 -2.3526896   0.59026901  2.7842289  -0.35243001  2.04722766
 -1.86126403 -1.35336622 -2.59736792 -2.42273032 -1.5015305  -3.02896616
  2.01620137  1.7819107   1.58151655  1.12533471  1.58819431 -2.44421562
 -2.50736694  1.78907341  1.03427243 -0.29185899 -2.4772046   1.43098302
 -1.04394791 -3.0476214  -0.04720674  1.89751569 -2.70128459 -2.36816629
  1.87611902  1.02966592 -0.62617459 -0.49631323 -0.9214075   1.96405506
  0.47262259 -0.35622615  0.40183276 -2.26662914  1.26136561 -0.1533067
  2.40236185  1.23319562  2.87809242 -1.05733889  2.10171152 -0.42989449
 -3.26841189  2.20322041  0.81147131  1.92881071 -1.28919683  1.439106
 -2.12172285  0.20898498  0.08303749 -2.79059117 -0.90191415 -2.39307477
  0.07227797 -0.56898608]
Sat May 25 19:13:08 2024,716,0.09593800633721405,[-4.65847593  2.36664241 -1.84106066 -0.1240968   0.18672562 -2.6876509
  3.01282987  2.10571234  1.4551873  -0.92536055  0.6123998   1.09170223
  1.13210055 -1.54196784  0.7771289   2.80621746 -0.79815527 -0.63691778
 -1.75472036  0.60195852  1.67657188  2.99185601 -1.2087581  -0.31571256
 -2.42357591 -2.33803689  2.99458165  2.76322724 -0.54433296 -2.36481325
  1.48280773 -0.0585082  -2.31787462  2.09556439  1.28954022 -0.63853951
  0.84777203 -2.31880696 -0.02589551  2.15332953 -0.16394185  0.38886663
  2.71395735  1.04622454  2.46285653  3.16174752  2.64140806 -2.93932968
  0.26537407 -0.81572878  1.75888664  2.86399337 -0.51095147 -2.31763459
  2.78736953 -3.21076749  0.79394323 -0.6348799  -1.74135951  2.69818429
 -1.80955063 -1.58813085 -2.30391431  2.18800723 -2.45128551  2.13559759
  2.07465216  1.53540768  2.38308417  2.80474838  1.64886109  1.20012683
 -1.51324529 -2.22927525  1.4713017   0.71194264  1.313619   -3.01402331
 -0.37770283  2.51831679 -1.03585412  1.28752043  1.48329409  0.54455015
 -0.83302115  1.11514377  0.66824176 -0.3837005   2.80473738 -1.99307059
  1.53804624 -0.48681169  1.09033662 -2.84976585 -2.4583237   0.45773128
 -1.16150479 -0.49457622  0.36531609 -0.11126726 -1.65032836 -0.04116998
 -0.85970561  2.81181065 -1.0623995  -1.3801349  -0.94883421  1.07796518
  1.85224696 -0.69616525  1.97232736 -2.19417575 -0.34727697 -0.73251674
 -2.89008115  3.16480327 -1.63194502  3.13522466 -1.26602516 -2.70848004
  3.36217167 -1.23322319 -0.77649605 -2.88407556 -2.71720578  2.54564121
 -2.13655215 -2.04712752 -0.18154896  3.14998799  0.24664253  0.21384968
 -1.25020315 -0.67764037 -1.73376998 -3.03025077  2.8703265   1.23551002
 -0.48570759 -2.18838472  1.10971123 -1.10585757 -0.49042509 -2.73954134
 -2.06516913  1.86554811 -0.8738126   2.62185206 -0.45419501 -2.6715135
 -2.82019534  2.26182945 -3.14423362 -0.44536848 -1.00234824 -0.24660761
  2.34754176  1.84025238  0.01820761 -2.55288709 -2.65892171  0.24436941
 -0.76666232  1.24524128 -2.62771106  1.12505242 -0.3839781   0.42076285
  1.91903318  0.45811858  0.65074895 -1.27156748  1.79161224  2.93982481
  0.99593895  0.22180275 -1.14181246  2.42278765  0.72674077 -1.90977346
 -0.05037923  1.87092253  0.98664698 -1.08002932 -2.30130903  2.22238434
  2.00398648  1.92832352  2.29723365  1.91578704 -1.66121731 -3.1038985
  0.42852312  1.34475833 -2.26275492 -1.12583547  2.31183694  1.39294667
 -0.27195667 -1.84442288 -1.64823702  1.96528116  1.30723911 -1.011883
 -0.23075485 -0.69309147 -0.30339049  2.30246087 -0.66193832 -0.9353434
  0.77590995 -2.35268962  0.59026903  2.78422888 -0.35243003  2.04722768
 -1.86126401 -1.35336624 -2.59736794 -2.4227303  -1.50153049 -3.02896614
  2.01620139  1.78191069  1.58151654  1.12533473  1.58819433 -2.4442156
 -2.50736692  1.78907339  1.03427245 -0.29185901 -2.47720461  1.430983
 -1.04394793 -3.04762138 -0.04720672  1.89751568 -2.70128461 -2.36816631
  1.87611904  1.02966593 -0.62617458 -0.49631325 -0.92140752  1.96405504
  0.4726226  -0.35622614  0.40183278 -2.26662916  1.26136559 -0.15330668
  2.40236183  1.2331956   2.87809244 -1.05733891  2.10171154 -0.42989447
 -3.2684119   2.20322043  0.81147132  1.92881072 -1.28919682  1.43910599
 -2.12172283  0.20898499  0.0830375  -2.79059119 -0.90191413 -2.39307475
  0.07227799 -0.5689861 ]
Sat May 25 19:13:31 2024,717,0.09593800633627492,[-4.65847595  2.36664239 -1.84106068 -0.12409679  0.1867256  -2.68765089
  3.01282985  2.10571232  1.45518728 -0.92536053  0.61239982  1.09170222
  1.13210054 -1.54196786  0.77712892  2.80621744 -0.79815525 -0.63691777
 -1.75472038  0.6019585   1.67657186  2.99185599 -1.20875808 -0.31571255
 -2.42357593 -2.3380369   2.99458167  2.76322722 -0.54433294 -2.36481327
  1.48280771 -0.05850819 -2.31787464  2.09556438  1.28954024 -0.63853949
  0.84777202 -2.31880694 -0.02589553  2.15332951 -0.16394187  0.38886661
  2.71395736  1.04622456  2.46285652  3.16174754  2.64140808 -2.93932966
  0.26537405 -0.81572876  1.75888663  2.86399335 -0.51095148 -2.31763461
  2.78736951 -3.21076748  0.79394325 -0.63487989 -1.74135949  2.69818428
 -1.80955061 -1.58813083 -2.30391433  2.18800724 -2.4512855   2.13559757
  2.07465214  1.5354077   2.38308418  2.8047484   1.6488611   1.20012685
 -1.51324528 -2.22927524  1.47130172  0.71194262  1.31361898 -3.0140233
 -0.37770285  2.51831681 -1.03585414  1.28752045  1.48329407  0.54455013
 -0.83302117  1.11514375  0.66824175 -0.38370048  2.80473739 -1.99307057
  1.53804622 -0.48681171  1.09033661 -2.84976587 -2.45832368  0.45773126
 -1.1615048  -0.49457621  0.36531607 -0.11126728 -1.65032838 -0.04116997
 -0.85970559  2.81181064 -1.06239951 -1.38013488 -0.94883423  1.0779652
  1.85224694 -0.69616523  1.97232734 -2.19417577 -0.34727695 -0.73251673
 -2.89008114  3.16480329 -1.631945    3.13522464 -1.26602515 -2.70848006
  3.36217169 -1.23322318 -0.77649607 -2.88407555 -2.71720576  2.54564119
 -2.13655217 -2.04712754 -0.18154898  3.14998797  0.24664254  0.2138497
 -1.25020313 -0.67764035 -1.73377    -3.03025079  2.87032648  1.23551
 -0.4857076  -2.1883847   1.10971121 -1.10585759 -0.49042507 -2.73954133
 -2.06516915  1.8655481  -0.87381258  2.62185208 -0.45419503 -2.67151352
 -2.82019532  2.26182944 -3.14423361 -0.4453685  -1.00234822 -0.24660763
  2.34754174  1.84025236  0.01820759 -2.55288707 -2.65892169  0.24436939
 -0.7666623   1.2452413  -2.62771107  1.12505244 -0.38397812  0.42076284
  1.9190332   0.4581186   0.65074893 -1.27156746  1.79161226  2.93982479
  0.99593894  0.22180273 -1.14181248  2.42278764  0.72674078 -1.90977345
 -0.05037922  1.87092255  0.986647   -1.08002931 -2.30130904  2.22238436
  2.0039865   1.9283235   2.29723367  1.91578702 -1.66121729 -3.10389848
  0.4285231   1.34475831 -2.26275493 -1.12583546  2.31183692  1.39294665
 -0.27195666 -1.84442289 -1.64823701  1.96528114  1.30723913 -1.01188299
 -0.23075484 -0.69309149 -0.30339048  2.30246089 -0.6619383  -0.93534342
  0.77590993 -2.3526896   0.59026901  2.7842289  -0.35243001  2.0472277
 -1.86126403 -1.35336622 -2.59736795 -2.42273029 -1.50153047 -3.02896616
  2.01620137  1.78191067  1.58151655  1.12533471  1.58819431 -2.44421559
 -2.5073669   1.78907337  1.03427243 -0.29185903 -2.4772046   1.43098302
 -1.04394791 -3.04762136 -0.0472067   1.89751566 -2.70128462 -2.36816633
  1.87611906  1.02966595 -0.62617456 -0.49631326 -0.92140753  1.96405506
  0.47262262 -0.35622615  0.4018328  -2.26662918  1.26136558 -0.15330666
  2.40236185  1.23319562  2.87809246 -1.05733893  2.10171152 -0.42989449
 -3.26841189  2.20322041  0.81147131  1.92881074 -1.28919683  1.439106
 -2.12172285  0.20898501  0.08303749 -2.79059117 -0.90191415 -2.39307474
  0.072278   -0.56898608]
Sat May 25 19:13:57 2024,718,0.09593800633533914,[-4.65847596  2.36664241 -1.84106069 -0.1240968   0.18672562 -2.68765087
  3.01282983  2.10571234  1.4551873  -0.92536052  0.61239983  1.09170223
  1.13210052 -1.54196784  0.77712894  2.80621742 -0.79815524 -0.63691775
 -1.7547204   0.60195852  1.67657184  2.99185598 -1.20875807 -0.31571256
 -2.42357595 -2.33803692  2.99458165  2.76322721 -0.54433292 -2.36481325
  1.4828077  -0.0585082  -2.31787462  2.09556439  1.28954025 -0.63853951
  0.84777203 -2.31880692 -0.02589554  2.15332949 -0.16394189  0.3888666
  2.71395738  1.04622454  2.46285653  3.16174756  2.6414081  -2.93932968
  0.26537403 -0.81572874  1.75888664  2.86399333 -0.5109515  -2.31763463
  2.78736953 -3.21076749  0.79394323 -0.63487987 -1.74135951  2.69818426
 -1.80955059 -1.58813082 -2.30391434  2.18800723 -2.45128548  2.13559759
  2.07465216  1.53540772  2.38308417  2.80474838  1.64886112  1.20012683
 -1.51324529 -2.22927522  1.4713017   0.71194261  1.31361896 -3.01402331
 -0.37770287  2.51831683 -1.03585416  1.28752043  1.48329409  0.54455015
 -0.83302118  1.11514374  0.66824173 -0.3837005   2.80473741 -1.99307056
  1.5380462  -0.48681172  1.09033662 -2.84976588 -2.45832367  0.45773128
 -1.16150479 -0.49457619  0.36531609 -0.11126726 -1.65032836 -0.04116998
 -0.85970561  2.81181062 -1.06239953 -1.3801349  -0.94883424  1.07796522
  1.85224696 -0.69616525  1.97232736 -2.19417578 -0.34727693 -0.73251671
 -2.89008112  3.16480331 -1.63194498  3.13522463 -1.26602516 -2.70848008
  3.3621717  -1.23322316 -0.77649609 -2.88407556 -2.71720575  2.54564118
 -2.13655215 -2.04712756 -0.18154896  3.14998799  0.24664253  0.21384968
 -1.25020315 -0.67764037 -1.73376998 -3.0302508   2.87032646  1.23551002
 -0.48570759 -2.18838468  1.10971123 -1.10585761 -0.49042505 -2.73954134
 -2.06516913  1.86554808 -0.87381257  2.62185206 -0.45419501 -2.67151354
 -2.8201953   2.26182945 -3.14423362 -0.44536848 -1.0023482  -0.24660765
  2.34754172  1.84025238  0.01820761 -2.55288706 -2.65892171  0.24436937
 -0.76666229  1.24524128 -2.62771106  1.12505246 -0.3839781   0.42076285
  1.91903318  0.45811858  0.65074895 -1.27156744  1.79161227  2.93982481
  0.99593892  0.22180275 -1.1418125   2.42278762  0.72674077 -1.90977343
 -0.05037923  1.87092253  0.98664698 -1.08002932 -2.30130903  2.22238434
  2.00398648  1.92832348  2.29723365  1.91578701 -1.6612173  -3.1038985
  0.42852308  1.34475833 -2.26275492 -1.12583547  2.31183691  1.39294667
 -0.27195664 -1.84442291 -1.64823702  1.96528116  1.30723915 -1.011883
 -0.23075482 -0.6930915  -0.30339049  2.30246087 -0.66193832 -0.93534344
  0.77590995 -2.35268962  0.59026899  2.78422891 -0.35242999  2.04722771
 -1.86126401 -1.35336621 -2.59736794 -2.42273027 -1.50153049 -3.02896617
  2.01620139  1.78191065  1.58151657  1.12533469  1.58819433 -2.44421557
 -2.50736689  1.78907336  1.03427242 -0.29185901 -2.47720461  1.430983
 -1.04394793 -3.04762134 -0.04720672  1.89751568 -2.70128464 -2.36816635
  1.87611904  1.02966597 -0.62617454 -0.49631325 -0.92140755  1.96405504
  0.47262264 -0.35622614  0.40183282 -2.26662919  1.26136559 -0.15330668
  2.40236183  1.23319564  2.87809247 -1.05733894  2.10171154 -0.42989447
 -3.2684119   2.20322039  0.81147132  1.92881072 -1.28919685  1.43910602
 -2.12172286  0.20898503  0.08303747 -2.79059116 -0.90191413 -2.39307475
  0.07227799 -0.56898606]
Sat May 25 19:14:56 2024,719,0.095938006334408,[-4.65847598  2.36664243 -1.84106068 -0.12409682  0.1867256  -2.68765089
  3.01282981  2.10571232  1.45518728 -0.92536053  0.61239982  1.09170222
  1.13210054 -1.54196782  0.77712895  2.80621741 -0.79815525 -0.63691777
 -1.75472041  0.60195853  1.67657183  2.99185596 -1.20875805 -0.31571258
 -2.42357593 -2.33803694  2.99458163  2.76322722 -0.54433291 -2.36481327
  1.48280771 -0.05850822 -2.3178746   2.09556438  1.28954027 -0.63853953
  0.84777205 -2.31880691 -0.02589556  2.15332948 -0.1639419   0.38886658
  2.7139574   1.04622453  2.46285652  3.16174757  2.64140812 -2.9393297
  0.26537405 -0.81572876  1.75888663  2.86399332 -0.51095148 -2.31763464
  2.78736954 -3.21076751  0.79394322 -0.63487985 -1.74135949  2.69818428
 -1.80955058 -1.58813083 -2.30391433  2.18800724 -2.45128546  2.13559757
  2.07465218  1.5354077   2.38308415  2.8047484   1.6488611   1.20012681
 -1.51324531 -2.22927524  1.47130172  0.71194262  1.31361898 -3.0140233
 -0.37770285  2.51831681 -1.03585417  1.28752042  1.48329411  0.54455013
 -0.83302117  1.11514372  0.66824175 -0.38370048  2.80473739 -1.99307054
  1.53804622 -0.48681171  1.09033661 -2.84976587 -2.45832365  0.4577313
 -1.16150477 -0.49457621  0.36531607 -0.11126725 -1.65032835 -0.04117
 -0.85970559  2.81181064 -1.06239955 -1.38013488 -0.94883423  1.07796523
  1.85224698 -0.69616523  1.97232737 -2.1941758  -0.34727695 -0.73251673
 -2.89008114  3.16480329 -1.631945    3.13522464 -1.26602518 -2.70848009
  3.36217169 -1.23322314 -0.7764961  -2.88407558 -2.71720573  2.54564116
 -2.13655217 -2.04712758 -0.18154898  3.14998797  0.24664251  0.21384967
 -1.25020316 -0.67764038 -1.73377    -3.03025079  2.87032645  1.23551
 -0.48570757 -2.1883847   1.10971125 -1.10585759 -0.49042507 -2.73954136
 -2.06516912  1.86554806 -0.87381258  2.62185208 -0.45419503 -2.67151356
 -2.82019532  2.26182947 -3.14423361 -0.44536847 -1.00234819 -0.24660763
  2.34754174  1.84025236  0.01820759 -2.55288707 -2.65892173  0.24436936
 -0.76666227  1.2452413  -2.62771104  1.12505244 -0.38397809  0.42076287
  1.9190332   0.45811856  0.65074893 -1.27156746  1.79161226  2.93982483
  0.9959389   0.22180273 -1.14181251  2.42278764  0.72674075 -1.90977341
 -0.05037925  1.87092251  0.986647   -1.08002934 -2.30130901  2.22238432
  2.00398647  1.92832346  2.29723367  1.91578699 -1.66121729 -3.10389851
  0.4285231   1.34475831 -2.26275493 -1.12583549  2.31183692  1.39294669
 -0.27195662 -1.84442293 -1.64823704  1.96528114  1.30723913 -1.01188302
 -0.2307548  -0.69309149 -0.30339051  2.30246089 -0.66193834 -0.93534342
  0.77590996 -2.35268963  0.59026901  2.78422893 -0.35243001  2.04722773
 -1.86126403 -1.35336619 -2.59736792 -2.42273029 -1.5015305  -3.02896619
  2.01620137  1.78191067  1.58151655  1.12533468  1.58819435 -2.44421559
 -2.5073669   1.78907337  1.0342724  -0.29185903 -2.47720463  1.43098302
 -1.04394795 -3.04762136 -0.04720674  1.89751569 -2.70128466 -2.36816633
  1.87611906  1.02966598 -0.62617456 -0.49631323 -0.92140757  1.96405506
  0.47262265 -0.35622612  0.40183283 -2.26662918  1.26136561 -0.1533067
  2.40236185  1.23319565  2.87809246 -1.05733893  2.10171156 -0.42989449
 -3.26841189  2.20322038  0.81147134  1.92881071 -1.28919683  1.439106
 -2.12172288  0.20898505  0.08303745 -2.79059114 -0.90191415 -2.39307477
  0.07227797 -0.56898608]
Sat May 25 19:15:20 2024,720,0.09593800633348042,[-4.658476    2.36664244 -1.84106069 -0.12409684  0.18672559 -2.6876509
  3.0128298   2.10571234  1.45518726 -0.92536055  0.6123998   1.0917022
  1.13210055 -1.5419678   0.77712897  2.80621742 -0.79815524 -0.63691778
 -1.7547204   0.60195852  1.67657184  2.99185598 -1.20875803 -0.31571256
 -2.42357591 -2.33803692  2.99458165  2.76322724 -0.54433292 -2.36481329
  1.4828077  -0.0585082  -2.31787459  2.09556436  1.28954029 -0.63853951
  0.84777207 -2.31880692 -0.02589554  2.15332949 -0.16394189  0.38886656
  2.71395741  1.04622454  2.46285653  3.16174756  2.64140813 -2.93932968
  0.26537403 -0.81572874  1.75888664  2.86399333 -0.5109515  -2.31763463
  2.78736956 -3.21076753  0.7939432  -0.63487984 -1.74135947  2.69818426
 -1.80955059 -1.58813085 -2.30391431  2.18800726 -2.45128548  2.13559759
  2.07465216  1.53540772  2.38308413  2.80474841  1.64886112  1.20012683
 -1.51324533 -2.22927525  1.4713017   0.71194264  1.313619   -3.01402331
 -0.37770283  2.5183168  -1.03585419  1.2875204   1.48329409  0.54455012
 -0.83302115  1.1151437   0.66824173 -0.3837005   2.80473738 -1.99307052
  1.5380462  -0.48681172  1.09033659 -2.84976588 -2.45832367  0.45773131
 -1.16150479 -0.49457622  0.36531609 -0.11126723 -1.65032836 -0.04116998
 -0.85970557  2.81181062 -1.06239953 -1.3801349  -0.94883424  1.07796522
  1.852247   -0.69616525  1.97232736 -2.19417582 -0.34727693 -0.73251674
 -2.89008115  3.16480331 -1.63194502  3.13522466 -1.26602516 -2.70848008
  3.36217167 -1.23322313 -0.77649612 -2.8840756  -2.71720571  2.54564114
 -2.13655218 -2.04712759 -0.18154896  3.14998799  0.24664253  0.21384965
 -1.25020315 -0.67764037 -1.73377001 -3.0302508   2.87032646  1.23550998
 -0.48570755 -2.18838472  1.10971126 -1.10585761 -0.49042505 -2.73954134
 -2.06516913  1.86554805 -0.87381257  2.62185209 -0.45419501 -2.67151357
 -2.82019534  2.26182949 -3.14423362 -0.44536845 -1.00234817 -0.24660761
  2.34754172  1.84025238  0.01820761 -2.55288706 -2.65892171  0.24436934
 -0.76666229  1.24524131 -2.62771102  1.12505242 -0.38397807  0.42076289
  1.91903321  0.45811858  0.65074892 -1.27156744  1.79161227  2.93982481
  0.99593892  0.22180271 -1.14181253  2.42278765  0.72674073 -1.90977343
 -0.05037923  1.87092253  0.98664701 -1.08002932 -2.30130903  2.22238431
  2.00398648  1.92832348  2.29723365  1.91578701 -1.66121727 -3.10389853
  0.42852312  1.34475829 -2.26275495 -1.12583547  2.31183694  1.39294667
 -0.27195664 -1.84442295 -1.64823702  1.96528112  1.30723911 -1.01188304
 -0.23075479 -0.69309147 -0.30339053  2.30246091 -0.66193832 -0.9353434
  0.77590998 -2.35268965  0.59026903  2.78422895 -0.35243003  2.04722771
 -1.86126405 -1.35336621 -2.59736794 -2.42273027 -1.50153049 -3.02896617
  2.01620136  1.78191069  1.58151654  1.12533466  1.58819433 -2.44421557
 -2.50736689  1.78907339  1.03427242 -0.29185904 -2.47720461  1.43098304
 -1.04394793 -3.04762138 -0.04720672  1.89751568 -2.70128467 -2.36816631
  1.87611907  1.02966597 -0.62617454 -0.49631321 -0.92140755  1.96405507
  0.47262267 -0.35622614  0.40183282 -2.26662916  1.26136559 -0.15330668
  2.40236187  1.23319564  2.87809247 -1.05733894  2.10171154 -0.4298945
 -3.2684119   2.20322039  0.81147132  1.92881072 -1.28919682  1.43910599
 -2.12172286  0.20898506  0.08303747 -2.79059116 -0.90191416 -2.39307479
  0.07227795 -0.56898606]
Sat May 25 19:16:54 2024,721,0.09593800633255692,[-4.65847601  2.36664243 -1.84106071 -0.12409682  0.18672557 -2.68765089
  3.01282978  2.10571235  1.45518728 -0.92536053  0.61239978  1.09170218
  1.13210057 -1.54196782  0.77712899  2.80621744 -0.79815522 -0.6369178
 -1.75472041  0.60195853  1.67657186  2.99185596 -1.20875802 -0.31571258
 -2.42357593 -2.33803694  2.99458167  2.76322726 -0.54433291 -2.36481327
  1.48280768 -0.05850819 -2.3178746   2.09556434  1.28954027 -0.63853953
  0.84777208 -2.31880694 -0.02589553  2.15332948 -0.1639419   0.38886654
  2.7139574   1.04622456  2.46285655  3.16174754  2.64140812 -2.9393297
  0.26537402 -0.81572872  1.75888666  2.86399332 -0.51095152 -2.31763464
  2.78736958 -3.21076751  0.79394322 -0.63487985 -1.74135946  2.69818424
 -1.80955061 -1.58813087 -2.30391433  2.18800728 -2.4512855   2.13559761
  2.07465218  1.5354077   2.38308415  2.8047484   1.6488611   1.20012681
 -1.51324531 -2.22927524  1.47130168  0.71194266  1.31361901 -3.01402333
 -0.37770282  2.51831681 -1.03585417  1.28752038  1.48329411  0.5445501
 -0.83302117  1.11514372  0.66824171 -0.38370048  2.80473739 -1.99307054
  1.53804619 -0.48681171  1.09033661 -2.84976587 -2.45832365  0.4577313
 -1.16150477 -0.49457621  0.36531607 -0.11126721 -1.65032838 -0.04117
 -0.85970556  2.81181063 -1.06239951 -1.38013488 -0.94883426  1.07796523
  1.85224698 -0.69616523  1.97232737 -2.1941758  -0.34727695 -0.73251673
 -2.89008117  3.16480332 -1.631945    3.13522468 -1.26602515 -2.70848009
  3.36217169 -1.23322311 -0.77649614 -2.88407558 -2.71720573  2.54564113
 -2.1365522  -2.04712761 -0.18154894  3.14998801  0.24664251  0.21384967
 -1.25020316 -0.67764035 -1.73377    -3.03025079  2.87032645  1.23550997
 -0.48570754 -2.1883847   1.10971125 -1.10585759 -0.49042507 -2.73954133
 -2.06516912  1.86554803 -0.87381255  2.62185211 -0.45419503 -2.67151356
 -2.82019535  2.2618295  -3.14423361 -0.44536847 -1.00234819 -0.24660763
  2.34754174  1.84025236  0.01820763 -2.55288707 -2.65892169  0.24436932
 -0.7666623   1.2452413  -2.62771101  1.12505244 -0.38397805  0.42076287
  1.9190332   0.45811856  0.6507489  -1.27156746  1.79161229  2.9398248
  0.9959389   0.2218027  -1.14181255  2.42278767  0.72674075 -1.90977341
 -0.05037925  1.87092255  0.98664703 -1.08002934 -2.30130904  2.22238432
  2.0039865   1.9283235   2.29723367  1.91578699 -1.66121725 -3.10389855
  0.4285231   1.34475831 -2.26275493 -1.12583549  2.31183692  1.39294665
 -0.27195666 -1.84442293 -1.64823704  1.96528114  1.3072391  -1.01188302
 -0.23075477 -0.69309149 -0.30339051  2.30246089 -0.66193834 -0.93534342
  0.77590997 -2.35268963  0.59026901  2.78422893 -0.35243001  2.04722773
 -1.86126403 -1.35336619 -2.59736795 -2.42273025 -1.50153047 -3.02896616
  2.01620137  1.78191067  1.58151655  1.12533464  1.58819431 -2.44421555
 -2.5073669   1.78907341  1.03427243 -0.29185903 -2.47720463  1.43098305
 -1.04394795 -3.04762136 -0.04720674  1.89751569 -2.70128469 -2.3681663
  1.87611906  1.02966595 -0.62617456 -0.4963132  -0.92140757  1.96405509
  0.47262269 -0.35622612  0.4018328  -2.26662914  1.26136558 -0.15330666
  2.40236185  1.23319565  2.87809246 -1.05733896  2.10171152 -0.42989452
 -3.26841192  2.20322041  0.81147131  1.92881074 -1.2891968   1.43910597
 -2.12172285  0.20898505  0.08303749 -2.79059117 -0.90191415 -2.3930748
  0.07227794 -0.56898605]
Sat May 25 19:17:42 2024,722,0.09593800633163697,[-4.65847603  2.36664241 -1.84106069 -0.1240968   0.18672559 -2.68765087
  3.01282976  2.10571234  1.4551873  -0.92536055  0.6123998   1.09170217
  1.13210055 -1.54196784  0.777129    2.80621746 -0.79815524 -0.63691778
 -1.75472043  0.60195855  1.67657188  2.99185598 -1.20875803 -0.31571256
 -2.42357595 -2.33803692  2.99458168  2.76322724 -0.54433292 -2.36481329
  1.48280766 -0.05850817 -2.31787459  2.09556433  1.28954029 -0.63853951
  0.8477721  -2.31880696 -0.02589554  2.15332946 -0.16394189  0.38886653
  2.71395741  1.04622454  2.46285653  3.16174752  2.6414081  -2.93932971
  0.265374   -0.81572871  1.75888668  2.86399333 -0.51095153 -2.31763463
  2.78736959 -3.21076749  0.7939432  -0.63487984 -1.74135944  2.69818423
 -1.80955059 -1.58813085 -2.30391431  2.18800726 -2.45128548  2.13559759
  2.07465219  1.53540772  2.38308413  2.80474838  1.64886109  1.2001268
 -1.51324529 -2.22927525  1.47130167  0.71194267  1.313619   -3.01402335
 -0.37770283  2.51831683 -1.03585416  1.28752037  1.48329412  0.54455008
 -0.83302118  1.1151437   0.6682417  -0.38370046  2.80473741 -1.99307052
  1.5380462  -0.48681172  1.09033659 -2.84976585 -2.45832363  0.45773131
 -1.16150479 -0.49457622  0.36531605 -0.1112672  -1.65032836 -0.04116998
 -0.85970554  2.81181065 -1.0623995  -1.3801349  -0.94883428  1.07796522
  1.85224696 -0.69616521  1.97232739 -2.19417582 -0.34727693 -0.73251674
 -2.89008115  3.16480334 -1.63194502  3.13522466 -1.26602516 -2.70848008
  3.3621717  -1.23322313 -0.77649615 -2.8840756  -2.71720571  2.54564114
 -2.13655218 -2.04712763 -0.18154893  3.14998799  0.24664253  0.21384965
 -1.25020315 -0.67764037 -1.73376998 -3.03025077  2.87032646  1.23550995
 -0.48570755 -2.18838468  1.10971123 -1.10585761 -0.49042509 -2.73954131
 -2.0651691   1.86554805 -0.87381253  2.62185213 -0.45419501 -2.67151354
 -2.82019534  2.26182949 -3.14423359 -0.44536848 -1.00234817 -0.24660761
  2.34754172  1.84025234  0.01820764 -2.55288709 -2.65892168  0.24436934
 -0.76666232  1.24524131 -2.62771099  1.12505242 -0.38397807  0.42076285
  1.91903318  0.45811855  0.65074892 -1.27156748  1.79161227  2.93982478
  0.99593892  0.22180268 -1.14181253  2.42278769  0.72674073 -1.90977343
 -0.05037923  1.87092253  0.98664705 -1.08002936 -2.30130906  2.22238431
  2.00398648  1.92832348  2.29723365  1.91578701 -1.66121724 -3.10389853
  0.42852312  1.34475829 -2.26275495 -1.12583551  2.31183694  1.39294664
 -0.27195667 -1.84442295 -1.64823706  1.96528115  1.30723908 -1.01188304
 -0.23075479 -0.69309147 -0.30339049  2.30246091 -0.66193835 -0.9353434
  0.77590995 -2.35268962  0.59026899  2.78422895 -0.35243003  2.04722771
 -1.86126405 -1.35336621 -2.59736794 -2.42273027 -1.50153049 -3.02896614
  2.01620139  1.78191065  1.58151654  1.12533463  1.5881943  -2.44421557
 -2.50736689  1.78907339  1.03427245 -0.29185904 -2.47720461  1.43098304
 -1.04394796 -3.04762138 -0.04720675  1.89751571 -2.70128471 -2.36816628
  1.87611907  1.02966593 -0.62617458 -0.49631321 -0.92140755  1.96405511
  0.47262267 -0.3562261   0.40183282 -2.26662913  1.26136559 -0.15330668
  2.40236187  1.23319564  2.87809247 -1.05733894  2.10171154 -0.42989454
 -3.26841194  2.20322043  0.81147132  1.92881072 -1.28919682  1.43910599
 -2.12172286  0.20898503  0.0830375  -2.79059119 -0.90191416 -2.39307479
  0.07227795 -0.56898606]
Sat May 25 19:18:13 2024,723,0.09593800633072129,[-4.65847605  2.3666424  -1.84106068 -0.12409682  0.18672557 -2.68765085
  3.01282975  2.10571235  1.45518728 -0.92536054  0.61239978  1.09170218
  1.13210054 -1.54196785  0.77712899  2.80621747 -0.79815522 -0.6369178
 -1.75472045  0.60195857  1.67657186  2.99185596 -1.20875805 -0.31571255
 -2.42357596 -2.3380369   2.9945817   2.76322726 -0.54433294 -2.36481327
  1.48280768 -0.05850815 -2.31787457  2.09556431  1.28954027 -0.63853953
  0.84777208 -2.31880694 -0.02589556  2.15332944 -0.1639419   0.38886654
  2.7139574   1.04622456  2.46285655  3.16174751  2.64140808 -2.9393297
  0.26537398 -0.81572872  1.75888666  2.86399332 -0.51095155 -2.31763461
  2.78736958 -3.21076748  0.79394322 -0.63487985 -1.74135942  2.69818424
 -1.80955061 -1.58813083 -2.30391429  2.18800728 -2.45128546  2.13559757
  2.07465221  1.53540773  2.38308412  2.8047484   1.6488611   1.20012681
 -1.51324531 -2.22927527  1.47130168  0.71194269  1.31361898 -3.01402336
 -0.37770285  2.51831685 -1.03585414  1.28752038  1.48329414  0.5445501
 -0.83302117  1.11514369  0.66824171 -0.38370045  2.80473739 -1.99307054
  1.53804619 -0.48681171  1.09033657 -2.84976587 -2.45832362  0.45773133
 -1.1615048  -0.49457621  0.36531604 -0.11126718 -1.65032835 -0.04116997
 -0.85970552  2.81181067 -1.06239948 -1.38013488 -0.94883426  1.07796523
  1.85224695 -0.6961652   1.97232741 -2.1941758  -0.34727691 -0.73251676
 -2.89008114  3.16480336 -1.631945    3.13522465 -1.26602515 -2.70848009
  3.36217169 -1.23322314 -0.77649614 -2.88407558 -2.7172057   2.54564116
 -2.13655217 -2.04712761 -0.18154891  3.14998797  0.24664254  0.21384967
 -1.25020316 -0.67764035 -1.73376996 -3.03025075  2.87032648  1.23550993
 -0.48570757 -2.18838467  1.10971125 -1.10585759 -0.49042507 -2.73954133
 -2.06516912  1.86554803 -0.87381255  2.62185214 -0.45419499 -2.67151352
 -2.82019535  2.26182947 -3.14423357 -0.4453685  -1.00234815 -0.2466076
  2.34754174  1.84025233  0.01820763 -2.55288711 -2.65892169  0.24436936
 -0.7666623   1.24524133 -2.62771101  1.12505241 -0.38397808  0.42076284
  1.91903316  0.45811853  0.6507489  -1.27156749  1.79161229  2.93982476
  0.9959389   0.22180266 -1.14181251  2.4227877   0.72674072 -1.90977341
 -0.05037925  1.87092255  0.98664703 -1.08002934 -2.30130908  2.22238432
  2.0039865   1.9283235   2.29723367  1.91578699 -1.66121725 -3.10389855
  0.4285231   1.34475828 -2.26275493 -1.12583549  2.31183696  1.39294665
 -0.27195666 -1.84442293 -1.64823707  1.96528114  1.3072391  -1.01188305
 -0.23075477 -0.69309149 -0.30339048  2.30246092 -0.66193837 -0.93534339
  0.77590996 -2.35268963  0.59026898  2.78422893 -0.35243001  2.04722773
 -1.86126406 -1.35336619 -2.59736792 -2.42273025 -1.5015305  -3.02896616
  2.01620137  1.78191067  1.58151652  1.12533464  1.58819428 -2.44421555
 -2.50736687  1.78907341  1.03427247 -0.29185906 -2.4772046   1.43098302
 -1.04394795 -3.04762136 -0.04720677  1.89751573 -2.70128472 -2.3681663
  1.87611906  1.02966595 -0.62617459 -0.49631323 -0.92140753  1.96405512
  0.47262265 -0.35622612  0.4018328  -2.26662914  1.26136561 -0.15330666
  2.40236188  1.23319562  2.87809249 -1.05733896  2.10171156 -0.42989452
 -3.26841192  2.20322041  0.81147131  1.92881074 -1.2891968   1.43910597
 -2.12172285  0.20898505  0.08303749 -2.79059121 -0.90191418 -2.39307477
  0.07227794 -0.56898605]
Sat May 25 19:18:37 2024,724,0.09593800632980923,[-4.65847606  2.36664238 -1.84106066 -0.1240968   0.18672559 -2.68765084
  3.01282973  2.10571237  1.45518726 -0.92536055  0.6123998   1.0917022
  1.13210052 -1.54196787  0.77712897  2.80621746 -0.7981552  -0.63691782
 -1.75472046  0.60195858  1.67657188  2.99185594 -1.20875803 -0.31571253
 -2.42357598 -2.33803692  2.99458172  2.76322727 -0.54433292 -2.36481329
  1.48280766 -0.05850817 -2.31787459  2.09556433  1.28954025 -0.63853954
  0.8477721  -2.31880696 -0.02589554  2.15332943 -0.16394192  0.38886656
  2.71395741  1.04622454  2.46285657  3.16174749  2.6414081  -2.93932971
  0.26537397 -0.81572871  1.75888664  2.8639933  -0.51095153 -2.31763463
  2.78736959 -3.21076746  0.7939432  -0.63487987 -1.74135944  2.69818423
 -1.80955059 -1.58813085 -2.30391431  2.18800729 -2.45128545  2.13559756
  2.07465223  1.53540775  2.38308413  2.80474841  1.64886112  1.2001268
 -1.51324533 -2.22927529  1.47130167  0.71194267  1.31361896 -3.01402338
 -0.37770287  2.51831683 -1.03585412  1.28752037  1.48329416  0.54455012
 -0.83302118  1.11514367  0.66824173 -0.38370043  2.80473741 -1.99307056
  1.53804617 -0.48681169  1.09033656 -2.84976588 -2.45832363  0.45773131
 -1.16150482 -0.49457622  0.36531602 -0.11126716 -1.65032836 -0.04116998
 -0.85970551  2.81181065 -1.06239947 -1.3801349  -0.94883428  1.07796525
  1.85224693 -0.69616518  1.97232742 -2.19417582 -0.3472769  -0.73251678
 -2.89008112  3.16480337 -1.63194499  3.13522463 -1.26602516 -2.70848011
  3.36217167 -1.23322316 -0.77649612 -2.88407556 -2.71720568  2.54564114
 -2.13655215 -2.04712763 -0.18154889  3.14998799  0.24664253  0.21384965
 -1.25020318 -0.67764033 -1.73376995 -3.03025077  2.87032646  1.23550995
 -0.48570755 -2.18838468  1.10971123 -1.10585761 -0.49042509 -2.73954131
 -2.06516913  1.86554805 -0.87381253  2.62185213 -0.45419498 -2.67151351
 -2.82019537  2.26182949 -3.14423359 -0.44536848 -1.00234817 -0.24660761
  2.34754172  1.84025231  0.01820761 -2.55288712 -2.65892168  0.24436934
 -0.76666229  1.24524134 -2.62771102  1.12505239 -0.3839781   0.42076282
  1.91903315  0.45811851  0.65074888 -1.27156748  1.79161231  2.93982475
  0.99593889  0.22180265 -1.1418125   2.42278769  0.72674073 -1.90977343
 -0.05037927  1.87092253  0.98664705 -1.08002936 -2.30130906  2.22238431
  2.00398652  1.92832351  2.29723365  1.91578697 -1.66121724 -3.10389856
  0.42852308  1.34475826 -2.26275492 -1.12583547  2.31183694  1.39294667
 -0.27195667 -1.84442291 -1.64823706  1.96528115  1.30723908 -1.01188307
 -0.23075475 -0.6930915  -0.30339049  2.30246091 -0.66193835 -0.93534337
  0.77590995 -2.35268965  0.59026896  2.78422891 -0.35242999  2.04722775
 -1.86126408 -1.35336617 -2.59736794 -2.42273027 -1.50153049 -3.02896617
  2.01620136  1.78191065  1.58151654  1.12533466  1.5881943  -2.44421554
 -2.50736685  1.78907342  1.03427245 -0.29185908 -2.47720458  1.43098304
 -1.04394793 -3.04762138 -0.04720679  1.89751571 -2.70128471 -2.36816631
  1.87611904  1.02966593 -0.62617461 -0.49631321 -0.92140752  1.96405514
  0.47262267 -0.3562261   0.40183282 -2.26662916  1.26136559 -0.15330668
  2.4023619   1.23319564  2.87809247 -1.05733898  2.10171154 -0.4298945
 -3.2684119   2.20322043  0.81147132  1.92881076 -1.28919682  1.43910599
 -2.12172283  0.20898506  0.08303747 -2.79059122 -0.9019142  -2.39307475
  0.07227792 -0.56898606]
Sat May 25 19:19:01 2024,725,0.09593800632890022,[-4.65847608  2.36664236 -1.84106064 -0.12409682  0.18672557 -2.68765085
  3.01282972  2.10571238  1.45518725 -0.92536057  0.61239978  1.09170218
  1.1321005  -1.54196785  0.77712895  2.80621747 -0.79815519 -0.6369178
 -1.75472048  0.6019586   1.67657189  2.99185593 -1.20875805 -0.31571251
 -2.42357596 -2.3380369   2.9945817   2.76322729 -0.54433291 -2.36481327
  1.48280765 -0.05850819 -2.3178746   2.09556431  1.28954027 -0.63853956
  0.84777212 -2.31880694 -0.02589553  2.15332941 -0.1639419   0.38886658
  2.71395743  1.04622456  2.46285658  3.16174751  2.64140812 -2.9393297
  0.26537395 -0.81572872  1.75888663  2.86399328 -0.51095152 -2.31763464
  2.78736961 -3.21076744  0.79394318 -0.63487985 -1.74135946  2.69818421
 -1.80955058 -1.58813087 -2.30391433  2.18800728 -2.45128546  2.13559757
  2.07465224  1.53540773  2.38308415  2.8047484   1.6488611   1.20012681
 -1.51324534 -2.2292753   1.47130168  0.71194269  1.31361895 -3.0140234
 -0.37770285  2.51831685 -1.03585411  1.28752038  1.48329417  0.5445501
 -0.8330212   1.11514369  0.66824171 -0.38370045  2.80473743 -1.99307054
  1.53804615 -0.48681167  1.09033657 -2.8497659  -2.45832365  0.45773133
 -1.1615048  -0.49457624  0.365316   -0.11126718 -1.65032835 -0.04116997
 -0.85970549  2.81181064 -1.06239948 -1.38013488 -0.94883426  1.07796527
  1.85224691 -0.6961652   1.97232741 -2.1941758  -0.34727688 -0.73251679
 -2.8900811   3.16480339 -1.63194497  3.13522465 -1.26602518 -2.70848009
  3.36217165 -1.23322318 -0.77649614 -2.88407555 -2.71720566  2.54564116
 -2.13655214 -2.04712761 -0.18154888  3.14998797  0.24664251  0.21384963
 -1.2502032  -0.67764035 -1.73376996 -3.03025075  2.87032648  1.23550997
 -0.48570757 -2.18838467  1.10971125 -1.10585759 -0.49042507 -2.73954129
 -2.06516912  1.86554806 -0.87381252  2.62185211 -0.45419496 -2.67151349
 -2.82019535  2.26182947 -3.14423361 -0.4453685  -1.00234815 -0.2466076
  2.34754171  1.84025229  0.01820759 -2.55288714 -2.65892166  0.24436936
 -0.76666227  1.24524133 -2.62771101  1.12505241 -0.38397812  0.4207628
  1.91903313  0.4581185   0.65074887 -1.27156746  1.79161232  2.93982476
  0.9959389   0.22180263 -1.14181248  2.4227877   0.72674072 -1.90977345
 -0.05037925  1.87092255  0.98664703 -1.08002937 -2.30130904  2.22238429
  2.00398653  1.92832353  2.29723367  1.91578696 -1.66121722 -3.10389855
  0.42852307  1.34475828 -2.26275493 -1.12583549  2.31183696  1.39294665
 -0.27195669 -1.8444229  -1.64823707  1.96528117  1.30723906 -1.01188309
 -0.23075474 -0.69309152 -0.30339048  2.30246092 -0.66193834 -0.93534336
  0.77590993 -2.35268967  0.59026894  2.7842289  -0.35243001  2.04722776
 -1.8612641  -1.35336616 -2.59736792 -2.42273025 -1.50153047 -3.02896619
  2.01620134  1.78191064  1.58151655  1.12533464  1.58819431 -2.44421552
 -2.50736687  1.78907344  1.03427243 -0.29185909 -2.4772046   1.43098302
 -1.04394795 -3.04762139 -0.04720677  1.89751573 -2.70128472 -2.36816633
  1.87611906  1.02966592 -0.62617462 -0.4963132  -0.92140753  1.96405516
  0.47262265 -0.35622612  0.40183283 -2.26662914  1.26136561 -0.15330666
  2.40236188  1.23319565  2.87809249 -1.05733896  2.10171153 -0.42989452
 -3.26841189  2.20322041  0.81147131  1.92881074 -1.28919683  1.43910597
 -2.12172285  0.20898505  0.08303745 -2.79059124 -0.90191421 -2.39307477
  0.07227794 -0.56898608]
Sat May 25 19:19:24 2024,726,0.09593800632799565,[-4.6584761   2.36664238 -1.84106063 -0.1240968   0.18672559 -2.68765087
  3.01282973  2.10571237  1.45518723 -0.92536058  0.61239977  1.09170217
  1.13210049 -1.54196787  0.77712894  2.80621749 -0.79815517 -0.63691782
 -1.7547205   0.60195858  1.67657188  2.99185591 -1.20875807 -0.31571253
 -2.42357595 -2.33803689  2.99458168  2.76322727 -0.54433289 -2.36481325
  1.48280763 -0.0585082  -2.31787462  2.09556429  1.28954025 -0.63853958
  0.84777213 -2.31880696 -0.02589551  2.15332939 -0.16394189  0.38886659
  2.71395741  1.04622454  2.46285657  3.16174752  2.64140813 -2.93932968
  0.26537393 -0.81572874  1.75888664  2.86399327 -0.5109515  -2.31763463
  2.78736963 -3.21076746  0.79394317 -0.63487984 -1.74135944  2.69818419
 -1.80955059 -1.58813085 -2.30391431  2.18800726 -2.45128548  2.13559756
  2.07465223  1.53540775  2.38308413  2.80474838  1.64886112  1.2001268
 -1.51324533 -2.22927532  1.47130167  0.71194267  1.31361893 -3.01402341
 -0.37770283  2.51831683 -1.03585409  1.28752037  1.48329419  0.54455012
 -0.83302118  1.1151437   0.6682417  -0.38370043  2.80473741 -1.99307052
  1.53804617 -0.48681169  1.09033656 -2.84976592 -2.45832363  0.45773135
 -1.16150482 -0.49457622  0.36531602 -0.1112672  -1.65032836 -0.04116995
 -0.85970551  2.81181065 -1.0623995  -1.3801349  -0.94883424  1.07796528
  1.8522469  -0.69616521  1.97232742 -2.19417582 -0.34727687 -0.73251681
 -2.89008109  3.16480337 -1.63194495  3.13522463 -1.26602516 -2.70848008
  3.36217164 -1.23322316 -0.77649615 -2.88407556 -2.71720565  2.54564114
 -2.13655212 -2.04712763 -0.18154886  3.14998796  0.24664249  0.21384962
 -1.25020321 -0.67764033 -1.73376998 -3.03025077  2.8703265   1.23550998
 -0.48570758 -2.18838468  1.10971123 -1.10585757 -0.49042505 -2.73954128
 -2.0651691   1.86554808 -0.87381253  2.62185209 -0.45419494 -2.67151351
 -2.82019534  2.26182949 -3.14423359 -0.44536848 -1.00234814 -0.24660758
  2.34754169  1.84025228  0.01820758 -2.55288716 -2.65892164  0.24436934
 -0.76666229  1.24524134 -2.62771099  1.12505239 -0.3839781   0.42076282
  1.91903315  0.45811848  0.65074888 -1.27156744  1.79161231  2.93982475
  0.99593889  0.22180261 -1.14181246  2.42278772  0.72674073 -1.90977346
 -0.05037923  1.87092253  0.98664701 -1.08002936 -2.30130903  2.22238427
  2.00398652  1.92832351  2.29723365  1.91578694 -1.66121724 -3.10389856
  0.42852308  1.34475826 -2.26275495 -1.12583547  2.31183697  1.39294664
 -0.27195667 -1.84442288 -1.64823706  1.96528115  1.30723908 -1.0118831
 -0.23075472 -0.69309154 -0.30339046  2.30246094 -0.66193832 -0.93534337
  0.77590995 -2.35268968  0.59026893  2.78422888 -0.35243002  2.04722778
 -1.86126411 -1.35336614 -2.59736794 -2.42273024 -1.50153049 -3.02896617
  2.01620136  1.78191065  1.58151654  1.12533466  1.58819433 -2.4442155
 -2.50736689  1.78907342  1.03427242 -0.29185911 -2.47720458  1.43098304
 -1.04394796 -3.04762141 -0.04720675  1.89751571 -2.70128471 -2.36816634
  1.87611904  1.0296659  -0.62617464 -0.49631321 -0.92140752  1.96405517
  0.47262267 -0.3562261   0.40183285 -2.26662916  1.26136559 -0.15330665
  2.40236187  1.23319567  2.87809247 -1.05733898  2.10171154 -0.4298945
 -3.2684119   2.20322039  0.81147132  1.92881076 -1.28919685  1.43910595
 -2.12172286  0.20898506  0.08303747 -2.79059126 -0.9019142  -2.39307475
  0.07227795 -0.56898606]
Sat May 25 19:19:48 2024,727,0.09593800632709452,[-4.65847611  2.36664236 -1.84106064 -0.12409679  0.18672557 -2.68765085
  3.01282972  2.10571238  1.45518725 -0.92536057  0.61239975  1.09170218
  1.13210047 -1.54196785  0.77712895  2.80621747 -0.79815515 -0.63691783
 -1.75472048  0.6019586   1.67657189  2.99185593 -1.20875808 -0.31571255
 -2.42357596 -2.3380369   2.99458167  2.76322726 -0.54433287 -2.36481327
  1.48280765 -0.05850819 -2.3178746   2.09556428  1.28954027 -0.63853956
  0.84777215 -2.31880694 -0.02589549  2.15332941 -0.1639419   0.38886661
  2.7139574   1.04622456  2.46285658  3.16174751  2.64140815 -2.93932966
  0.26537395 -0.81572876  1.75888663  2.86399325 -0.51095152 -2.31763461
  2.78736961 -3.21076744  0.79394318 -0.63487982 -1.74135942  2.69818418
 -1.80955061 -1.58813083 -2.30391429  2.18800728 -2.45128546  2.13559757
  2.07465224  1.53540777  2.38308412  2.80474836  1.6488611   1.20012678
 -1.51324531 -2.2292753   1.47130168  0.71194266  1.31361895 -3.01402343
 -0.37770282  2.51831681 -1.03585411  1.28752035  1.48329421  0.5445501
 -0.8330212   1.11514369  0.66824171 -0.38370041  2.80473739 -1.99307054
  1.53804618 -0.48681171  1.09033654 -2.84976593 -2.45832362  0.45773133
 -1.16150483 -0.49457621  0.36531604 -0.11126718 -1.65032838 -0.04116997
 -0.85970549  2.81181064 -1.06239948 -1.38013488 -0.94883423  1.0779653
  1.85224691 -0.6961652   1.97232744 -2.19417583 -0.34727688 -0.73251679
 -2.8900811   3.16480336 -1.63194494  3.13522461 -1.26602518 -2.70848006
  3.36217162 -1.23322314 -0.77649614 -2.88407555 -2.71720566  2.54564113
 -2.13655214 -2.04712761 -0.18154888  3.14998797  0.24664248  0.2138496
 -1.25020323 -0.67764032 -1.73376996 -3.03025075  2.87032651  1.23550997
 -0.48570757 -2.1883847   1.10971125 -1.10585756 -0.49042504 -2.73954129
 -2.06516908  1.8655481  -0.87381252  2.62185208 -0.45419493 -2.67151349
 -2.82019532  2.26182947 -3.14423357 -0.4453685  -1.00234812 -0.24660756
  2.34754167  1.84025226  0.01820759 -2.55288714 -2.65892163  0.24436932
 -0.76666227  1.24524133 -2.62771101  1.12505238 -0.38397812  0.42076284
  1.91903313  0.4581185   0.65074887 -1.27156746  1.79161229  2.93982476
  0.99593887  0.2218026  -1.14181245  2.42278774  0.72674072 -1.90977345
 -0.05037922  1.87092251  0.98664703 -1.08002934 -2.30130901  2.22238429
  2.0039865   1.92832353  2.29723363  1.91578696 -1.66121722 -3.10389858
  0.4285231   1.34475824 -2.26275493 -1.12583546  2.31183696  1.39294665
 -0.27195669 -1.8444229  -1.64823707  1.96528117  1.30723906 -1.01188312
 -0.23075474 -0.69309155 -0.30339045  2.30246096 -0.6619383  -0.93534336
  0.77590993 -2.35268967  0.59026891  2.78422887 -0.35243004  2.0472278
 -1.86126413 -1.35336613 -2.59736792 -2.42273022 -1.5015305  -3.02896616
  2.01620137  1.78191067  1.58151655  1.12533468  1.58819435 -2.44421552
 -2.5073669   1.78907344  1.03427243 -0.29185912 -2.4772046   1.43098302
 -1.04394798 -3.04762143 -0.04720677  1.89751569 -2.70128472 -2.36816633
  1.87611906  1.02966589 -0.62617466 -0.49631323 -0.92140753  1.96405516
  0.47262265 -0.35622609  0.40183286 -2.26662917  1.26136558 -0.15330666
  2.40236185  1.23319568  2.87809249 -1.05733899  2.10171153 -0.42989449
 -3.26841189  2.20322038  0.81147131  1.92881077 -1.28919683  1.43910594
 -2.12172288  0.20898505  0.08303749 -2.79059124 -0.90191421 -2.39307477
  0.07227794 -0.56898605]
Sat May 25 19:20:11 2024,728,0.09593800632619691,[-4.65847613  2.36664235 -1.84106066 -0.1240968   0.18672559 -2.68765087
  3.0128297   2.10571237  1.45518726 -0.92536058  0.61239974  1.0917022
  1.13210049 -1.54196784  0.77712897  2.80621746 -0.79815514 -0.63691782
 -1.75472046  0.60195858  1.67657188  2.99185591 -1.2087581  -0.31571253
 -2.42357598 -2.33803689  2.99458165  2.76322727 -0.54433286 -2.36481325
  1.48280766 -0.0585082  -2.31787462  2.09556426  1.28954025 -0.63853958
  0.84777213 -2.31880696 -0.02589551  2.15332939 -0.16394189  0.38886659
  2.71395738  1.04622458  2.46285657  3.16174749  2.64140813 -2.93932965
  0.26537397 -0.81572874  1.75888664  2.86399323 -0.5109515  -2.31763463
  2.78736959 -3.21076746  0.7939432  -0.6348798  -1.74135941  2.69818416
 -1.80955059 -1.58813085 -2.30391428  2.18800726 -2.45128548  2.13559759
  2.07465226  1.53540775  2.38308413  2.80474838  1.64886112  1.2001268
 -1.51324533 -2.22927532  1.47130167  0.71194267  1.31361896 -3.01402341
 -0.3777028   2.51831683 -1.03585412  1.28752037  1.48329419  0.54455012
 -0.83302118  1.11514367  0.6682417  -0.3837004   2.80473741 -1.99307056
  1.53804617 -0.48681169  1.09033652 -2.84976592 -2.4583236   0.45773131
 -1.16150482 -0.49457619  0.36531602 -0.11126716 -1.65032836 -0.04116998
 -0.85970547  2.81181065 -1.06239947 -1.38013487 -0.94883421  1.07796532
  1.85224693 -0.69616518  1.97232746 -2.19417582 -0.34727687 -0.73251678
 -2.89008109  3.16480337 -1.63194492  3.1352246  -1.26602519 -2.70848005
  3.36217161 -1.23322313 -0.77649615 -2.88407556 -2.71720565  2.54564111
 -2.13655215 -2.04712763 -0.18154886  3.14998796  0.24664249  0.21384962
 -1.25020325 -0.67764033 -1.73376995 -3.03025074  2.8703265   1.23550998
 -0.48570758 -2.18838468  1.10971126 -1.10585754 -0.49042502 -2.73954131
 -2.0651691   1.86554808 -0.87381253  2.62185206 -0.45419494 -2.67151347
 -2.8201953   2.26182949 -3.14423359 -0.44536848 -1.00234814 -0.24660758
  2.34754169  1.84025228  0.01820761 -2.55288712 -2.65892164  0.24436931
 -0.76666229  1.24524134 -2.62771102  1.12505239 -0.3839781   0.42076282
  1.91903315  0.45811848  0.65074885 -1.27156748  1.79161231  2.93982478
  0.99593889  0.22180261 -1.14181243  2.42278775  0.7267407  -1.90977343
 -0.05037923  1.8709225   0.98664705 -1.08002936 -2.30130903  2.22238431
  2.00398652  1.92832355  2.29723365  1.91578694 -1.66121724 -3.1038986
  0.42852311  1.34475826 -2.26275492 -1.12583547  2.31183694  1.39294664
 -0.27195667 -1.84442291 -1.64823709  1.96528119  1.30723905 -1.01188314
 -0.23075472 -0.69309154 -0.30339043  2.30246097 -0.66193832 -0.93534334
  0.77590992 -2.35268965  0.59026889  2.78422885 -0.35243006  2.04722778
 -1.86126411 -1.35336611 -2.59736794 -2.4227302  -1.50153052 -3.02896617
  2.01620136  1.78191068  1.58151654  1.12533466  1.58819433 -2.4442155
 -2.50736689  1.78907346  1.03427242 -0.29185914 -2.47720458  1.430983
 -1.04394796 -3.04762144 -0.04720679  1.89751568 -2.70128471 -2.36816631
  1.87611907  1.02966587 -0.62617467 -0.49631325 -0.92140755  1.96405517
  0.47262267 -0.35622607  0.40183288 -2.26662919  1.26136559 -0.15330665
  2.40236187  1.23319567  2.87809248 -1.05733901  2.10171154 -0.4298945
 -3.2684119   2.20322039  0.81147129  1.92881076 -1.28919685  1.43910592
 -2.1217229   0.20898506  0.0830375  -2.79059122 -0.90191423 -2.39307475
  0.07227795 -0.56898603]
Sat May 25 19:20:38 2024,729,0.09593800632530322,[-4.65847614  2.36664236 -1.84106068 -0.12409682  0.18672557 -2.68765085
  3.01282968  2.10571238  1.45518725 -0.92536057  0.61239975  1.09170218
  1.13210047 -1.54196785  0.77712899  2.80621747 -0.79815515 -0.6369178
 -1.75472048  0.60195857  1.67657186  2.99185593 -1.20875808 -0.31571255
 -2.42357596 -2.33803687  2.99458164  2.76322726 -0.54433287 -2.36481324
  1.48280768 -0.05850819 -2.3178746   2.09556424  1.28954024 -0.63853956
  0.84777212 -2.31880697 -0.02589553  2.15332938 -0.16394187  0.38886658
  2.71395736  1.04622459  2.46285655  3.16174748  2.64140815 -2.93932966
  0.26537395 -0.81572872  1.75888663  2.86399322 -0.51095152 -2.31763464
  2.78736961 -3.21076748  0.79394318 -0.63487982 -1.74135942  2.69818414
 -1.80955061 -1.58813083 -2.30391426  2.18800724 -2.45128549  2.13559761
  2.07465224  1.53540773  2.38308412  2.80474836  1.64886114  1.20012678
 -1.51324531 -2.2292753   1.47130168  0.71194269  1.31361898 -3.01402343
 -0.37770282  2.51831681 -1.03585414  1.28752035  1.48329417  0.5445501
 -0.83302117  1.11514369  0.66824168 -0.38370041  2.80473739 -1.99307057
  1.53804615 -0.48681171  1.09033654 -2.8497659  -2.45832362  0.4577313
 -1.1615048  -0.49457617  0.36531601 -0.11126718 -1.65032838 -0.04117
 -0.85970549  2.81181067 -1.06239948 -1.38013485 -0.94883423  1.07796533
  1.85224691 -0.69616517  1.97232747 -2.19417583 -0.34727688 -0.73251679
 -2.8900811   3.16480339 -1.6319449   3.13522461 -1.26602518 -2.70848006
  3.36217162 -1.23322314 -0.77649617 -2.88407558 -2.71720563  2.54564113
 -2.13655217 -2.04712764 -0.18154884  3.14998794  0.24664248  0.21384963
 -1.25020323 -0.67764035 -1.73376993 -3.03025075  2.87032651  1.23551
 -0.4857076  -2.18838467  1.10971125 -1.10585756 -0.490425   -2.73954129
 -2.06516911  1.86554809 -0.87381255  2.62185208 -0.45419496 -2.67151346
 -2.82019529  2.26182947 -3.14423361 -0.4453685  -1.00234812 -0.24660757
  2.34754167  1.84025229  0.01820759 -2.55288711 -2.65892163  0.24436932
 -0.7666623   1.24524133 -2.62771104  1.12505241 -0.38397812  0.42076284
  1.91903313  0.45811847  0.65074887 -1.27156749  1.79161229  2.93982479
  0.9959389   0.22180263 -1.14181241  2.42278777  0.72674072 -1.90977341
 -0.05037922  1.87092251  0.98664706 -1.08002937 -2.30130904  2.22238429
  2.00398653  1.92832353  2.29723367  1.91578696 -1.66121722 -3.10389861
  0.4285231   1.34475824 -2.26275493 -1.12583546  2.31183696  1.39294665
 -0.27195666 -1.8444229  -1.64823707  1.96528117  1.30723903 -1.01188312
 -0.2307547  -0.69309155 -0.30339045  2.30246099 -0.6619383  -0.93534336
  0.7759099  -2.35268963  0.59026891  2.78422887 -0.35243007  2.0472278
 -1.86126413 -1.35336613 -2.59736795 -2.42273022 -1.5015305  -3.02896616
  2.01620137  1.7819107   1.58151655  1.12533468  1.58819435 -2.44421549
 -2.5073669   1.78907344  1.03427243 -0.29185912 -2.47720457  1.43098302
 -1.04394795 -3.04762146 -0.04720677  1.89751569 -2.70128472 -2.36816633
  1.87611906  1.02966585 -0.62617469 -0.49631326 -0.92140757  1.96405519
  0.47262269 -0.35622609  0.4018329  -2.26662921  1.26136561 -0.15330666
  2.40236185  1.23319565  2.87809246 -1.05733899  2.10171153 -0.42989449
 -3.26841192  2.20322038  0.81147131  1.92881077 -1.28919683  1.4391059
 -2.12172291  0.20898508  0.08303752 -2.79059124 -0.90191421 -2.39307477
  0.07227797 -0.56898605]
Sat May 25 19:21:05 2024,730,0.09593800632441285,[-4.65847616  2.36664235 -1.84106069 -0.1240968   0.18672555 -2.68765087
  3.01282967  2.10571237  1.45518723 -0.92536058  0.61239977  1.09170217
  1.13210049 -1.54196784  0.77712897  2.80621746 -0.79815517 -0.63691778
 -1.7547205   0.60195858  1.67657188  2.99185594 -1.20875807 -0.31571253
 -2.42357598 -2.33803686  2.99458165  2.76322727 -0.54433286 -2.36481325
  1.48280766 -0.0585082  -2.31787462  2.09556423  1.28954025 -0.63853958
  0.8477721  -2.31880696 -0.02589554  2.15332939 -0.16394189  0.38886659
  2.71395735  1.04622458  2.46285657  3.16174746  2.64140813 -2.93932968
  0.26537393 -0.81572871  1.75888664  2.8639932  -0.5109515  -2.31763466
  2.78736963 -3.21076746  0.7939432  -0.63487984 -1.74135944  2.69818416
 -1.80955059 -1.58813082 -2.30391428  2.18800726 -2.45128551  2.13559762
  2.07465223  1.53540775  2.3830841   2.80474838  1.64886115  1.2001268
 -1.51324533 -2.22927529  1.4713017   0.71194267  1.31361896 -3.01402345
 -0.37770283  2.51831683 -1.03585412  1.28752033  1.48329419  0.54455008
 -0.83302115  1.11514367  0.66824166 -0.3837004   2.80473741 -1.99307056
  1.53804614 -0.48681169  1.09033656 -2.84976588 -2.45832363  0.45773131
 -1.16150479 -0.49457616  0.36531599 -0.11126716 -1.6503284  -0.04117002
 -0.85970547  2.81181068 -1.0623995  -1.38013484 -0.94883424  1.07796532
  1.8522469  -0.69616515  1.97232746 -2.19417585 -0.34727687 -0.73251678
 -2.89008109  3.1648034  -1.63194489  3.13522463 -1.26602519 -2.70848005
  3.36217161 -1.23322313 -0.77649619 -2.8840756  -2.71720561  2.54564114
 -2.13655215 -2.04712763 -0.18154883  3.14998792  0.24664246  0.21384965
 -1.25020325 -0.67764037 -1.73376992 -3.03025077  2.87032653  1.23550998
 -0.48570758 -2.18838468  1.10971123 -1.10585754 -0.49042499 -2.73954131
 -2.0651691   1.86554808 -0.87381253  2.62185209 -0.45419497 -2.67151347
 -2.8201953   2.26182949 -3.14423359 -0.44536848 -1.0023481  -0.24660755
  2.34754169  1.84025231  0.01820758 -2.55288712 -2.65892161  0.24436934
 -0.76666232  1.24524134 -2.62771106  1.12505242 -0.38397813  0.42076282
  1.91903311  0.45811845  0.65074885 -1.27156748  1.79161231  2.93982481
  0.99593889  0.22180261 -1.1418124   2.42278775  0.7267407  -1.9097734
 -0.05037923  1.8709225   0.98664705 -1.08002939 -2.30130906  2.22238431
  2.00398655  1.92832355  2.29723368  1.91578697 -1.66121721 -3.10389863
  0.42852311  1.34475823 -2.26275492 -1.12583547  2.31183697  1.39294667
 -0.27195664 -1.84442288 -1.64823709  1.96528119  1.30723901 -1.0118831
 -0.23075472 -0.69309157 -0.30339046  2.30246101 -0.66193829 -0.93534334
  0.77590988 -2.35268965  0.5902689   2.78422885 -0.35243006  2.04722778
 -1.86126414 -1.35336614 -2.59736797 -2.42273024 -1.50153052 -3.02896614
  2.01620139  1.78191069  1.58151654  1.12533469  1.58819433 -2.44421547
 -2.50736689  1.78907345  1.03427245 -0.29185911 -2.47720458  1.430983
 -1.04394793 -3.04762144 -0.04720675  1.89751568 -2.70128474 -2.36816634
  1.87611907  1.02966587 -0.62617471 -0.49631328 -0.92140755  1.96405521
  0.47262267 -0.35622607  0.40183288 -2.26662919  1.26136563 -0.15330668
  2.40236183  1.23319567  2.87809247 -1.05733901  2.10171151 -0.42989447
 -3.2684119   2.20322039  0.81147129  1.92881079 -1.28919682  1.43910592
 -2.12172293  0.20898506  0.08303753 -2.79059126 -0.9019142  -2.39307479
  0.07227795 -0.56898603]
Sat May 25 19:21:29 2024,731,0.09593800632352556,[-4.65847618  2.36664236 -1.84106068 -0.12409679  0.18672557 -2.68765085
  3.01282968  2.10571238  1.45518722 -0.9253606   0.61239978  1.09170218
  1.1321005  -1.54196785  0.77712899  2.80621744 -0.79815519 -0.63691777
 -1.75472051  0.6019586   1.67657189  2.99185596 -1.20875808 -0.31571251
 -2.42357596 -2.33803684  2.99458164  2.76322726 -0.54433287 -2.36481324
  1.48280768 -0.05850819 -2.3178746   2.09556424  1.28954024 -0.63853959
  0.84777212 -2.31880697 -0.02589556  2.15332938 -0.1639419   0.38886661
  2.71395736  1.04622456  2.46285658  3.16174744  2.64140815 -2.93932966
  0.26537395 -0.81572869  1.75888663  2.86399322 -0.51095148 -2.31763464
  2.78736964 -3.21076744  0.79394318 -0.63487982 -1.74135942  2.69818418
 -1.80955058 -1.58813083 -2.30391426  2.18800728 -2.45128553  2.13559761
  2.07465221  1.53540777  2.38308408  2.80474836  1.64886117  1.20012681
 -1.51324531 -2.22927527  1.47130171  0.71194269  1.31361898 -3.01402346
 -0.37770285  2.51831684 -1.03585414  1.28752035  1.48329417  0.5445501
 -0.83302113  1.11514365  0.66824168 -0.38370038  2.80473742 -1.99307057
  1.53804615 -0.48681168  1.09033654 -2.84976587 -2.45832365  0.45773133
 -1.1615048  -0.49457617  0.36531601 -0.11126718 -1.65032838 -0.04117
 -0.85970549  2.8118107  -1.06239951 -1.38013485 -0.94883426  1.07796533
  1.85224691 -0.69616517  1.97232744 -2.19417586 -0.34727688 -0.73251679
 -2.89008107  3.16480339 -1.63194487  3.13522464 -1.26602518 -2.70848006
  3.36217159 -1.23322311 -0.7764962  -2.88407558 -2.7172056   2.54564116
 -2.13655214 -2.04712764 -0.18154884  3.14998794  0.24664244  0.21384966
 -1.25020323 -0.67764038 -1.73376993 -3.03025078  2.87032655  1.23550997
 -0.48570757 -2.18838467  1.10971125 -1.10585752 -0.490425   -2.73954133
 -2.06516911  1.86554809 -0.87381255  2.62185208 -0.45419496 -2.67151346
 -2.82019532  2.26182947 -3.14423357 -0.44536847 -1.00234809 -0.24660756
  2.34754167  1.84025229  0.01820759 -2.55288711 -2.65892159  0.24436935
 -0.76666234  1.24524136 -2.62771107  1.12505241 -0.38397815  0.4207628
  1.9190331   0.45811847  0.65074884 -1.27156749  1.79161232  2.93982479
  0.99593887  0.2218026  -1.14181241  2.42278777  0.72674068 -1.90977341
 -0.05037922  1.87092251  0.98664703 -1.08002941 -2.30130908  2.22238429
  2.00398657  1.92832356  2.29723367  1.91578696 -1.66121722 -3.10389864
  0.42852313  1.34475824 -2.26275493 -1.12583546  2.31183699  1.39294665
 -0.27195662 -1.84442286 -1.64823707  1.9652812   1.307239   -1.01188312
 -0.23075474 -0.69309155 -0.30339045  2.30246102 -0.6619383  -0.93534332
  0.77590987 -2.35268963  0.59026888  2.78422887 -0.35243007  2.0472278
 -1.86126416 -1.35336613 -2.59736799 -2.42273025 -1.50153054 -3.02896616
  2.01620141  1.78191067  1.58151652  1.12533468  1.58819431 -2.44421546
 -2.50736687  1.78907347  1.03427247 -0.29185909 -2.47720457  1.43098302
 -1.04394795 -3.04762143 -0.04720677  1.89751569 -2.70128472 -2.36816636
  1.87611906  1.02966588 -0.62617472 -0.49631326 -0.92140753  1.96405522
  0.47262269 -0.35622609  0.4018329  -2.26662921  1.26136561 -0.1533067
  2.40236182  1.23319568  2.87809246 -1.05733902  2.10171149 -0.42989449
 -3.26841189  2.20322041  0.81147127  1.92881077 -1.2891968   1.43910594
 -2.12172294  0.20898508  0.08303752 -2.79059124 -0.90191418 -2.39307477
  0.07227794 -0.56898601]
Sat May 25 19:21:54 2024,732,0.09593800632264225,[-4.65847619  2.36664238 -1.84106069 -0.1240968   0.18672555 -2.68765087
  3.01282967  2.10571237  1.4551872  -0.92536062  0.6123998   1.0917022
  1.13210052 -1.54196784  0.77712897  2.80621742 -0.79815517 -0.63691775
 -1.7547205   0.60195862  1.67657191  2.99185594 -1.20875807 -0.31571253
 -2.42357595 -2.33803682  2.99458162  2.76322724 -0.54433286 -2.36481322
  1.48280766 -0.0585082  -2.31787462  2.09556423  1.28954025 -0.63853958
  0.84777213 -2.31880696 -0.02589557  2.15332936 -0.16394192  0.38886663
  2.71395735  1.04622458  2.4628566   3.16174743  2.64140816 -2.93932965
  0.26537397 -0.81572871  1.75888661  2.86399323 -0.5109515  -2.31763466
  2.78736963 -3.21076743  0.79394317 -0.6348798  -1.74135941  2.69818419
 -1.80955059 -1.58813085 -2.30391428  2.18800726 -2.45128554  2.13559759
  2.07465223  1.53540775  2.38308407  2.80474838  1.64886115  1.2001268
 -1.51324529 -2.22927525  1.4713017   0.71194271  1.31361896 -3.01402348
 -0.37770283  2.51831683 -1.03585412  1.28752037  1.48329419  0.54455008
 -0.83302112  1.11514364  0.6682417  -0.3837004   2.80473744 -1.99307059
  1.53804617 -0.48681169  1.09033652 -2.84976588 -2.45832366  0.45773131
 -1.16150479 -0.49457619  0.36531602 -0.11126716 -1.6503284  -0.04116998
 -0.85970551  2.81181068 -1.0623995  -1.38013484 -0.94883428  1.07796532
  1.8522469  -0.69616518  1.97232746 -2.19417588 -0.3472769  -0.73251678
 -2.89008105  3.16480337 -1.63194486  3.13522463 -1.26602516 -2.70848008
  3.36217157 -1.23322309 -0.77649622 -2.8840756  -2.71720561  2.54564114
 -2.13655212 -2.04712766 -0.18154883  3.14998792  0.24664246  0.21384968
 -1.25020325 -0.67764037 -1.73376995 -3.0302508   2.87032656  1.23550995
 -0.48570755 -2.18838468  1.10971123 -1.10585754 -0.49042502 -2.73954131
 -2.06516913  1.86554808 -0.87381253  2.62185206 -0.45419494 -2.67151344
 -2.82019534  2.26182949 -3.14423359 -0.44536848 -1.0023481  -0.24660758
  2.34754169  1.84025228  0.01820761 -2.55288709 -2.65892161  0.24436937
 -0.76666235  1.24524134 -2.62771106  1.12505242 -0.38397817  0.42076282
  1.91903311  0.45811848  0.65074885 -1.27156748  1.79161231  2.93982478
  0.99593885  0.22180261 -1.14181243  2.42278778  0.7267407  -1.90977343
 -0.05037923  1.87092253  0.98664705 -1.08002942 -2.30130909  2.22238427
  2.00398655  1.92832355  2.29723365  1.91578697 -1.66121724 -3.10389863
  0.42852311  1.34475823 -2.26275495 -1.12583544  2.311837    1.39294664
 -0.27195664 -1.84442285 -1.64823709  1.96528119  1.30723901 -1.0118831
 -0.23075472 -0.69309154 -0.30339043  2.30246101 -0.66193832 -0.93534331
  0.77590988 -2.35268962  0.5902689   2.78422888 -0.35243006  2.04722781
 -1.86126414 -1.35336611 -2.597368   -2.42273024 -1.50153055 -3.02896617
  2.01620142  1.78191068  1.5815165   1.12533469  1.58819433 -2.44421547
 -2.50736689  1.78907346  1.03427248 -0.29185911 -2.47720455  1.43098303
 -1.04394793 -3.04762141 -0.04720675  1.89751568 -2.70128474 -2.36816634
  1.87611907  1.0296659  -0.62617471 -0.49631325 -0.92140755  1.96405524
  0.4726227  -0.3562261   0.40183288 -2.26662919  1.26136563 -0.15330671
  2.4023618   1.2331957   2.87809247 -1.05733901  2.10171151 -0.42989447
 -3.26841187  2.20322042  0.81147129  1.92881079 -1.28919678  1.43910595
 -2.12172293  0.20898509  0.0830375  -2.79059122 -0.90191416 -2.39307475
  0.07227792 -0.56898603]
Sat May 25 19:22:17 2024,733,0.0959380063217625,[-4.65847621  2.36664236 -1.84106071 -0.12409682  0.18672557 -2.68765085
  3.01282968  2.10571238  1.45518718 -0.92536063  0.61239982  1.09170222
  1.13210054 -1.54196782  0.77712899  2.80621741 -0.79815519 -0.63691777
 -1.75472051  0.6019586   1.67657189  2.99185593 -1.20875805 -0.31571255
 -2.42357593 -2.33803681  2.99458164  2.76322726 -0.54433287 -2.36481324
  1.48280768 -0.05850822 -2.31787464  2.09556424  1.28954027 -0.63853959
  0.84777215 -2.31880697 -0.02589559  2.15332935 -0.16394194  0.38886661
  2.71395733  1.04622456  2.46285658  3.16174741  2.64140815 -2.93932966
  0.26537398 -0.81572872  1.75888663  2.86399325 -0.51095152 -2.31763464
  2.78736961 -3.21076744  0.79394318 -0.63487979 -1.74135942  2.69818421
 -1.80955058 -1.58813087 -2.30391429  2.18800728 -2.45128556  2.13559757
  2.07465224  1.53540777  2.38308405  2.8047484   1.64886117  1.20012678
 -1.51324531 -2.22927524  1.47130171  0.71194272  1.31361895 -3.01402349
 -0.37770282  2.51831684 -1.03585414  1.28752038  1.48329417  0.5445501
 -0.83302113  1.11514362  0.66824168 -0.38370038  2.80473742 -1.9930706
  1.53804615 -0.48681168  1.09033654 -2.84976587 -2.45832365  0.4577313
 -1.1615048  -0.49457621  0.36531601 -0.11126718 -1.65032841 -0.04116997
 -0.85970552  2.81181067 -1.06239948 -1.38013482 -0.94883426  1.0779653
  1.85224688 -0.69616517  1.97232744 -2.1941759  -0.34727691 -0.73251679
 -2.89008104  3.16480339 -1.63194487  3.13522461 -1.26602518 -2.70848006
  3.36217156 -1.23322308 -0.7764962  -2.88407558 -2.71720563  2.54564116
 -2.13655214 -2.04712764 -0.18154884  3.14998791  0.24664248  0.21384966
 -1.25020326 -0.67764035 -1.73376996 -3.03025082  2.87032658  1.23550997
 -0.48570754 -2.18838467  1.10971125 -1.10585752 -0.490425   -2.73954129
 -2.06516915  1.86554806 -0.87381252  2.62185208 -0.45419493 -2.67151342
 -2.82019532  2.26182947 -3.14423361 -0.44536847 -1.00234812 -0.24660757
  2.34754171  1.84025229  0.01820763 -2.55288708 -2.65892159  0.24436935
 -0.76666237  1.24524136 -2.62771104  1.12505241 -0.38397818  0.4207628
  1.91903313  0.45811847  0.65074884 -1.27156746  1.79161232  2.93982476
  0.99593884  0.22180263 -1.14181241  2.4227878   0.72674072 -1.90977345
 -0.05037925  1.87092251  0.98664706 -1.08002944 -2.30130908  2.22238429
  2.00398657  1.92832356  2.29723363  1.91578696 -1.66121725 -3.10389861
  0.4285231   1.34475824 -2.26275497 -1.12583542  2.31183702  1.39294665
 -0.27195662 -1.84442286 -1.64823707  1.96528117  1.30723903 -1.01188312
 -0.23075474 -0.69309152 -0.30339045  2.30246102 -0.66193834 -0.93534329
  0.7759099  -2.3526896   0.59026888  2.78422887 -0.35243004  2.04722783
 -1.86126416 -1.35336609 -2.59736799 -2.42273025 -1.50153054 -3.02896616
  2.01620141  1.7819107   1.58151649  1.12533471  1.58819435 -2.44421549
 -2.50736687  1.78907344  1.03427247 -0.29185912 -2.47720457  1.43098302
 -1.04394791 -3.04762143 -0.04720674  1.89751566 -2.70128472 -2.36816636
  1.87611909  1.02966592 -0.62617469 -0.49631326 -0.92140757  1.96405525
  0.47262269 -0.35622609  0.40183287 -2.26662917  1.26136564 -0.1533067
  2.40236178  1.23319568  2.87809249 -1.05733902  2.10171149 -0.42989449
 -3.26841189  2.20322044  0.81147127  1.92881077 -1.28919677  1.43910597
 -2.12172291  0.20898511  0.08303752 -2.79059121 -0.90191415 -2.39307474
  0.07227794 -0.56898605]
Sat May 25 19:22:41 2024,734,0.09593800632088538,[-4.65847622  2.36664238 -1.84106069 -0.1240968   0.18672555 -2.68765087
  3.0128297   2.1057124   1.4551872  -0.92536062  0.61239983  1.09170223
  1.13210055 -1.54196784  0.777129    2.80621739 -0.79815517 -0.63691775
 -1.75472053  0.60195858  1.67657191  2.99185591 -1.20875804 -0.31571256
 -2.42357592 -2.33803682  2.99458165  2.76322727 -0.54433289 -2.36481322
  1.4828077  -0.0585082  -2.31787465  2.09556423  1.28954025 -0.63853961
  0.84777213 -2.31880699 -0.02589557  2.15332936 -0.16394195  0.38886659
  2.71395735  1.04622457  2.46285657  3.1617474   2.64140813 -2.93932965
  0.26537397 -0.81572871  1.75888661  2.86399323 -0.5109515  -2.31763466
  2.78736959 -3.21076746  0.7939432  -0.6348798  -1.74135941  2.69818422
 -1.80955059 -1.58813085 -2.30391428  2.18800726 -2.45128557  2.13559759
  2.07465226  1.53540775  2.38308407  2.80474838  1.64886118  1.2001268
 -1.5132453  -2.22927522  1.4713017   0.71194274  1.31361896 -3.01402351
 -0.37770283  2.51831686 -1.03585412  1.28752037  1.48329416  0.54455008
 -0.83302115  1.11514364  0.6682417  -0.3837004   2.80473741 -1.99307059
  1.53804617 -0.48681166  1.09033652 -2.84976588 -2.45832366  0.45773131
 -1.16150479 -0.49457619  0.36531599 -0.1112672  -1.6503284  -0.04116995
 -0.85970554  2.81181068 -1.06239947 -1.38013484 -0.94883428  1.07796532
  1.8522469  -0.69616515  1.97232746 -2.19417591 -0.3472769  -0.73251678
 -2.89008102  3.16480337 -1.63194489  3.1352246  -1.26602519 -2.70848005
  3.36217157 -1.23322306 -0.77649622 -2.8840756  -2.71720565  2.54564114
 -2.13655212 -2.04712763 -0.18154886  3.14998789  0.24664249  0.21384965
 -1.25020325 -0.67764037 -1.73376995 -3.03025083  2.87032656  1.23550998
 -0.48570755 -2.18838468  1.10971123 -1.10585754 -0.49042499 -2.73954131
 -2.06516913  1.86554808 -0.8738125   2.62185206 -0.45419494 -2.67151344
 -2.8201953   2.26182946 -3.14423362 -0.44536848 -1.0023481  -0.24660755
  2.34754172  1.84025228  0.01820761 -2.55288709 -2.65892161  0.24436934
 -0.76666235  1.24524138 -2.62771102  1.12505239 -0.38397817  0.42076279
  1.91903315  0.45811848  0.65074882 -1.27156748  1.79161231  2.93982478
  0.99593882  0.22180265 -1.14181243  2.42278782  0.72674073 -1.90977343
 -0.05037923  1.87092253  0.98664705 -1.08002945 -2.30130906  2.2223843
  2.00398658  1.92832358  2.29723365  1.91578697 -1.66121724 -3.10389863
  0.42852311  1.34475826 -2.26275495 -1.12583544  2.311837    1.39294667
 -0.27195661 -1.84442285 -1.64823709  1.96528119  1.30723905 -1.01188314
 -0.23075472 -0.69309154 -0.30339046  2.30246101 -0.66193835 -0.93534331
  0.77590992 -2.35268959  0.59026886  2.78422888 -0.35243006  2.04722784
 -1.86126418 -1.35336608 -2.597368   -2.42273024 -1.50153052 -3.02896614
  2.01620142  1.78191069  1.5815165   1.12533472  1.58819436 -2.4442155
 -2.50736685  1.78907342  1.03427245 -0.29185914 -2.47720458  1.430983
 -1.04394793 -3.04762141 -0.04720675  1.89751565 -2.70128474 -2.36816634
  1.87611911  1.02966593 -0.62617467 -0.49631328 -0.92140755  1.96405524
  0.4726227  -0.35622607  0.40183285 -2.26662916  1.26136563 -0.15330668
  2.4023618   1.23319567  2.87809251 -1.05733901  2.10171148 -0.4298945
 -3.26841187  2.20322042  0.81147126  1.92881076 -1.28919675  1.43910598
 -2.12172293  0.20898509  0.0830375  -2.79059119 -0.90191416 -2.39307475
  0.07227795 -0.56898606]
Sat May 25 19:23:11 2024,735,0.09593800632001184,[-4.65847624  2.36664239 -1.84106068 -0.12409682  0.18672557 -2.68765085
  3.01282971  2.10571238  1.45518718 -0.92536063  0.61239982  1.09170225
  1.13210057 -1.54196785  0.77712899  2.80621741 -0.79815519 -0.63691774
 -1.75472054  0.6019586   1.67657189  2.99185589 -1.20875802 -0.31571258
 -2.4235759  -2.33803684  2.99458164  2.76322729 -0.54433287 -2.36481324
  1.48280771 -0.05850822 -2.31787467  2.09556424  1.28954024 -0.63853962
  0.84777212 -2.31880697 -0.02589559  2.15332935 -0.16394194  0.38886661
  2.71395736  1.04622456  2.46285655  3.16174741  2.64140812 -2.93932963
  0.26537398 -0.81572872  1.75888663  2.86399325 -0.51095148 -2.31763467
  2.78736961 -3.21076744  0.79394322 -0.63487979 -1.74135939  2.69818421
 -1.80955061 -1.58813087 -2.30391426  2.18800724 -2.45128559  2.13559757
  2.07465227  1.53540774  2.38308405  2.80474836  1.64886117  1.20012678
 -1.51324528 -2.22927524  1.47130168  0.71194272  1.31361898 -3.01402353
 -0.37770285  2.51831688 -1.03585414  1.28752035  1.48329414  0.54455007
 -0.83302113  1.11514362  0.66824171 -0.38370038  2.80473739 -1.9930706
  1.53804615 -0.48681168  1.09033654 -2.8497659  -2.45832368  0.45773133
 -1.1615048  -0.49457621  0.36531597 -0.11126718 -1.65032838 -0.04116997
 -0.85970555  2.8118107  -1.06239945 -1.38013482 -0.94883426  1.0779653
  1.85224691 -0.69616513  1.97232744 -2.19417593 -0.34727688 -0.73251679
 -2.89008101  3.16480339 -1.6319449   3.13522458 -1.26602518 -2.70848003
  3.36217156 -1.23322305 -0.7764962  -2.88407561 -2.71720563  2.54564113
 -2.1365521  -2.04712764 -0.18154888  3.14998791  0.24664248  0.21384963
 -1.25020323 -0.67764038 -1.73376993 -3.03025085  2.87032655  1.23550997
 -0.48570754 -2.18838467  1.10971125 -1.10585752 -0.49042497 -2.73954129
 -2.06516915  1.86554809 -0.87381249  2.62185208 -0.45419496 -2.67151342
 -2.82019529  2.26182944 -3.14423361 -0.4453685  -1.00234812 -0.24660756
  2.34754171  1.84025229  0.0182076  -2.55288711 -2.65892163  0.24436935
 -0.76666234  1.24524139 -2.62771101  1.12505241 -0.38397818  0.42076277
  1.91903313  0.4581185   0.6507488  -1.27156749  1.79161229  2.93982479
  0.99593884  0.22180263 -1.14181245  2.42278783  0.72674072 -1.90977345
 -0.05037925  1.87092255  0.98664703 -1.08002947 -2.30130904  2.22238432
  2.0039866   1.9283236   2.29723363  1.91578696 -1.66121722 -3.10389861
  0.4285231   1.34475828 -2.26275497 -1.12583546  2.31183699  1.39294669
 -0.27195662 -1.84442286 -1.64823711  1.9652812   1.30723903 -1.01188315
 -0.2307547  -0.69309152 -0.30339045  2.30246102 -0.66193834 -0.93534332
  0.77590993 -2.3526896   0.59026885  2.78422887 -0.35243007  2.04722783
 -1.86126419 -1.35336609 -2.59736802 -2.42273022 -1.5015305  -3.02896616
  2.01620144  1.7819107   1.58151652  1.12533471  1.58819438 -2.44421549
 -2.50736684  1.78907344  1.03427243 -0.29185912 -2.47720457  1.43098302
 -1.04394791 -3.0476214  -0.04720674  1.89751566 -2.70128472 -2.36816633
  1.87611909  1.02966592 -0.62617469 -0.49631329 -0.92140757  1.96405525
  0.47262269 -0.35622609  0.40183287 -2.26662914  1.26136564 -0.1533067
  2.40236178  1.23319568  2.87809252 -1.05733902  2.10171149 -0.42989449
 -3.26841189  2.20322041  0.81147127  1.92881074 -1.28919677  1.439106
 -2.12172291  0.20898508  0.08303749 -2.79059121 -0.90191418 -2.39307474
  0.07227797 -0.56898608]
Sat May 25 19:23:48 2024,736,0.09593800631914182,[-4.65847626  2.36664241 -1.84106069 -0.12409684  0.18672558 -2.68765087
  3.0128297   2.1057124   1.45518717 -0.92536062  0.61239983  1.09170223
  1.13210055 -1.54196784  0.777129    2.80621742 -0.79815517 -0.63691772
 -1.75472053  0.60195861  1.67657188  2.99185591 -1.208758   -0.31571259
 -2.42357592 -2.33803686  2.99458162  2.7632273  -0.54433286 -2.36481322
  1.4828077  -0.0585082  -2.31787465  2.09556423  1.28954025 -0.63853961
  0.8477721  -2.31880699 -0.02589561  2.15332936 -0.16394195  0.38886659
  2.71395735  1.04622457  2.46285657  3.1617474   2.6414081  -2.93932965
  0.26537397 -0.81572874  1.75888664  2.86399327 -0.51095147 -2.31763469
  2.78736959 -3.21076746  0.79394323 -0.63487977 -1.74135937  2.69818419
 -1.80955063 -1.58813085 -2.30391425  2.18800723 -2.45128561  2.13559759
  2.07465226  1.53540775  2.38308407  2.80474838  1.64886115  1.20012677
 -1.51324526 -2.22927525  1.47130167  0.71194274  1.31361896 -3.01402351
 -0.37770287  2.51831686 -1.03585415  1.28752033  1.48329413  0.54455008
 -0.83302115  1.11514364  0.6682417  -0.38370037  2.80473741 -1.99307059
  1.53804617 -0.48681166  1.09033656 -2.84976588 -2.4583237   0.45773135
 -1.16150479 -0.49457622  0.36531596 -0.1112672  -1.6503284  -0.04116998
 -0.85970554  2.81181072 -1.06239943 -1.38013484 -0.94883424  1.07796528
  1.85224693 -0.69616512  1.97232746 -2.19417594 -0.3472769  -0.73251678
 -2.89008099  3.1648034  -1.63194489  3.13522456 -1.26602519 -2.70848001
  3.36217157 -1.23322303 -0.77649622 -2.8840756  -2.71720561  2.54564114
 -2.13655212 -2.04712763 -0.18154886  3.14998792  0.24664249  0.21384965
 -1.25020321 -0.6776404  -1.73376992 -3.03025083  2.87032653  1.23550998
 -0.48570755 -2.18838468  1.10971126 -1.10585754 -0.49042499 -2.73954131
 -2.06516916  1.86554808 -0.87381247  2.62185209 -0.45419494 -2.67151344
 -2.8201953   2.26182946 -3.14423362 -0.44536848 -1.00234814 -0.24660758
  2.34754169  1.84025228  0.01820761 -2.55288709 -2.65892161  0.24436937
 -0.76666232  1.24524138 -2.62771102  1.12505242 -0.38397817  0.42076279
  1.91903315  0.45811851  0.65074879 -1.27156751  1.79161227  2.93982478
  0.99593885  0.22180265 -1.14181246  2.42278785  0.72674073 -1.90977343
 -0.05037927  1.87092253  0.98664701 -1.08002949 -2.30130903  2.22238434
  2.00398658  1.92832358  2.29723362  1.91578694 -1.66121721 -3.10389863
  0.42852308  1.34475826 -2.26275495 -1.12583544  2.311837    1.3929467
 -0.27195661 -1.84442288 -1.64823712  1.96528119  1.30723901 -1.01188314
 -0.23075472 -0.6930915  -0.30339046  2.30246101 -0.66193832 -0.93534334
  0.77590995 -2.35268959  0.59026886  2.78422885 -0.35243009  2.04722784
 -1.86126421 -1.35336611 -2.59736803 -2.4227302  -1.50153049 -3.02896617
  2.01620145  1.78191069  1.58151654  1.12533469  1.58819436 -2.44421547
 -2.50736682  1.78907345  1.03427242 -0.29185914 -2.47720458  1.430983
 -1.0439479  -3.04762138 -0.04720675  1.89751565 -2.70128474 -2.36816631
  1.87611911  1.0296659  -0.62617471 -0.49631328 -0.92140755  1.96405527
  0.47262267 -0.3562261   0.40183285 -2.26662916  1.26136566 -0.15330668
  2.40236177  1.23319567  2.87809251 -1.05733901  2.10171148 -0.4298945
 -3.26841187  2.20322042  0.81147126  1.92881073 -1.28919678  1.43910602
 -2.12172293  0.20898506  0.08303747 -2.79059119 -0.90191416 -2.39307475
  0.07227798 -0.56898609]
Sat May 25 19:24:12 2024,737,0.09593800631827507,[-4.65847627  2.36664243 -1.84106071 -0.12409685  0.18672557 -2.68765085
  3.01282968  2.10571238  1.45518718 -0.9253606   0.61239985  1.09170225
  1.13210057 -1.54196785  0.77712899  2.80621741 -0.79815515 -0.63691774
 -1.75472051  0.60195863  1.67657189  2.99185593 -1.20875799 -0.31571258
 -2.42357593 -2.33803687  2.99458164  2.76322732 -0.54433287 -2.36481324
  1.48280771 -0.05850822 -2.31787467  2.09556424  1.28954024 -0.63853959
  0.84777212 -2.318807   -0.02589562  2.15332935 -0.16394197  0.38886661
  2.71395733  1.04622456  2.46285655  3.16174738  2.64140808 -2.93932966
  0.26537395 -0.81572872  1.75888666  2.86399325 -0.51095148 -2.31763471
  2.78736958 -3.21076747  0.79394325 -0.63487976 -1.74135936  2.69818421
 -1.80955061 -1.58813087 -2.30391423  2.18800724 -2.45128559  2.1355976
  2.07465224  1.53540774  2.38308405  2.80474836  1.64886117  1.20012675
 -1.51324528 -2.22927524  1.47130168  0.71194272  1.31361895 -3.01402353
 -0.37770288  2.51831688 -1.03585417  1.28752035  1.48329411  0.5445501
 -0.83302117  1.11514362  0.66824168 -0.38370038  2.80473739 -1.99307057
  1.53804618 -0.48681164  1.09033657 -2.8497659  -2.45832368  0.45773133
 -1.16150477 -0.49457621  0.36531597 -0.11126718 -1.65032838 -0.04117
 -0.85970552  2.8118107  -1.06239945 -1.38013482 -0.94883426  1.0779653
  1.85224694 -0.69616513  1.97232744 -2.19417593 -0.34727691 -0.73251676
 -2.89008101  3.16480342 -1.6319449   3.13522458 -1.26602521 -2.70848
  3.36217156 -1.23322305 -0.7764962  -2.88407558 -2.7172056   2.54564116
 -2.13655214 -2.04712764 -0.18154888  3.14998794  0.24664251  0.21384963
 -1.2502032  -0.67764041 -1.73376993 -3.03025085  2.87032655  1.23551
 -0.48570757 -2.1883847   1.10971128 -1.10585752 -0.49042497 -2.73954129
 -2.06516915  1.86554806 -0.87381249  2.62185208 -0.45419496 -2.67151342
 -2.82019532  2.26182944 -3.14423361 -0.44536847 -1.00234812 -0.2466076
  2.34754168  1.84025226  0.0182076  -2.55288708 -2.65892163  0.24436939
 -0.76666234  1.24524139 -2.62771101  1.12505241 -0.38397815  0.4207628
  1.91903313  0.4581185   0.6507488  -1.27156749  1.79161226  2.93982476
  0.99593887  0.22180266 -1.14181248  2.42278783  0.72674075 -1.90977341
 -0.05037928  1.87092255  0.986647   -1.0800295  -2.30130901  2.22238432
  2.00398657  1.92832356  2.29723363  1.91578696 -1.66121719 -3.10389864
  0.4285231   1.34475824 -2.26275497 -1.12583543  2.31183699  1.39294672
 -0.27195662 -1.84442286 -1.64823714  1.9652812   1.307239   -1.01188312
 -0.2307547  -0.69309152 -0.30339048  2.30246099 -0.6619383  -0.93534332
  0.77590993 -2.3526896   0.59026888  2.78422887 -0.35243011  2.04722783
 -1.86126419 -1.35336613 -2.59736802 -2.42273019 -1.50153047 -3.02896619
  2.01620144  1.78191067  1.58151655  1.12533468  1.58819438 -2.44421546
 -2.50736684  1.78907347  1.0342724  -0.29185912 -2.47720457  1.43098299
 -1.04394791 -3.0476214  -0.04720674  1.89751566 -2.70128475 -2.3681663
  1.87611909  1.02966589 -0.62617469 -0.49631329 -0.92140757  1.96405529
  0.47262265 -0.35622609  0.40183287 -2.26662914  1.26136567 -0.1533067
  2.40236178  1.23319565  2.87809249 -1.05733899  2.10171149 -0.42989449
 -3.26841186  2.20322041  0.81147124  1.92881071 -1.2891968   1.439106
 -2.12172291  0.20898505  0.08303749 -2.79059121 -0.90191418 -2.39307477
  0.07227797 -0.56898608]
Sat May 25 19:24:39 2024,738,0.0959380063174112,[-4.65847629  2.36664244 -1.84106072 -0.12409687  0.18672555 -2.68765084
  3.0128297   2.10571237  1.45518717 -0.92536059  0.61239983  1.09170226
  1.13210058 -1.54196787  0.77712897  2.80621739 -0.79815517 -0.63691772
 -1.75472053  0.60195861  1.67657191  2.99185594 -1.208758   -0.31571256
 -2.42357592 -2.33803686  2.99458162  2.7632273  -0.54433289 -2.36481325
  1.4828077  -0.05850823 -2.31787468  2.09556426  1.28954022 -0.63853961
  0.8477721  -2.31880702 -0.02589564  2.15332936 -0.16394195  0.38886663
  2.71395735  1.04622457  2.46285657  3.1617474   2.64140807 -2.93932965
  0.26537397 -0.81572871  1.75888667  2.86399327 -0.51095147 -2.31763472
  2.78736959 -3.21076749  0.79394326 -0.63487974 -1.74135937  2.69818422
 -1.80955063 -1.58813088 -2.30391425  2.18800726 -2.45128561  2.13559759
  2.07465226  1.53540772  2.38308404  2.80474838  1.64886115  1.20012677
 -1.51324526 -2.22927522  1.47130167  0.71194271  1.31361896 -3.01402351
 -0.3777029   2.51831689 -1.03585415  1.28752033  1.48329413  0.54455008
 -0.83302115  1.11514364  0.66824167 -0.38370037  2.80473741 -1.99307059
  1.5380462  -0.48681166  1.09033656 -2.84976588 -2.45832367  0.45773135
 -1.16150479 -0.49457622  0.36531599 -0.1112672  -1.6503284  -0.04116998
 -0.85970551  2.81181068 -1.06239943 -1.3801348  -0.94883428  1.07796528
  1.85224696 -0.69616515  1.97232742 -2.19417591 -0.3472769  -0.73251675
 -2.89008102  3.1648034  -1.63194492  3.13522457 -1.26602519 -2.70847998
  3.36217154 -1.23322303 -0.77649622 -2.88407556 -2.71720561  2.54564117
 -2.13655215 -2.04712763 -0.18154889  3.14998796  0.24664252  0.21384965
 -1.25020321 -0.6776404  -1.73376995 -3.03025086  2.87032653  1.23550998
 -0.48570755 -2.18838472  1.10971126 -1.10585751 -0.49042499 -2.73954128
 -2.06516916  1.86554805 -0.87381247  2.62185209 -0.45419494 -2.67151341
 -2.8201953   2.26182942 -3.14423359 -0.44536845 -1.0023481  -0.24660761
  2.34754166  1.84025228  0.01820761 -2.55288709 -2.65892161  0.2443694
 -0.76666235  1.24524141 -2.62771099  1.12505239 -0.38397817  0.42076279
  1.91903315  0.45811848  0.65074879 -1.27156748  1.79161224  2.93982478
  0.99593888  0.22180268 -1.14181246  2.42278782  0.72674076 -1.9097734
 -0.0503793   1.87092253  0.98664701 -1.08002952 -2.30130903  2.22238434
  2.00398658  1.92832358  2.29723362  1.91578697 -1.66121717 -3.10389863
  0.42852308  1.34475823 -2.26275495 -1.12583544  2.31183697  1.39294673
 -0.27195664 -1.84442288 -1.64823715  1.96528119  1.30723901 -1.0118831
 -0.23075472 -0.6930915  -0.30339046  2.30246101 -0.66193832 -0.93534331
  0.77590992 -2.35268962  0.59026889  2.78422885 -0.35243009  2.04722784
 -1.86126421 -1.35336614 -2.59736803 -2.4227302  -1.50153046 -3.02896617
  2.01620145  1.78191065  1.58151657  1.12533466  1.58819439 -2.44421544
 -2.50736685  1.78907345  1.03427242 -0.29185911 -2.47720458  1.43098297
 -1.04394793 -3.04762138 -0.04720675  1.89751568 -2.70128477 -2.36816631
  1.87611911  1.0296659  -0.62617471 -0.49631331 -0.92140755  1.96405527
  0.47262267 -0.35622607  0.40183288 -2.26662916  1.26136569 -0.15330668
  2.40236177  1.23319567  2.87809248 -1.05733901  2.10171151 -0.4298945
 -3.26841187  2.20322042  0.81147123  1.92881073 -1.28919681  1.43910602
 -2.1217229   0.20898506  0.08303747 -2.79059119 -0.90191416 -2.39307479
  0.07227795 -0.56898606]
Sat May 25 19:25:05 2024,739,0.09593800631655067,[-4.6584763   2.36664246 -1.84106074 -0.12409688  0.18672554 -2.68765085
  3.01282971  2.10571238  1.45518715 -0.92536057  0.61239985  1.09170228
  1.13210057 -1.54196789  0.77712899  2.80621741 -0.79815519 -0.63691774
 -1.75472051  0.6019586   1.67657189  2.99185593 -1.20875799 -0.31571258
 -2.42357593 -2.33803684  2.99458164  2.76322732 -0.5443329  -2.36481324
  1.48280771 -0.05850825 -2.31787467  2.09556427  1.28954024 -0.63853959
  0.84777212 -2.318807   -0.02589562  2.15332935 -0.16394194  0.38886661
  2.71395736  1.04622459  2.46285658  3.16174741  2.64140805 -2.93932966
  0.26537398 -0.81572872  1.75888669  2.86399328 -0.51095145 -2.31763471
  2.78736961 -3.21076747  0.79394325 -0.63487976 -1.74135936  2.69818421
 -1.80955061 -1.5881309  -2.30391426  2.18800727 -2.45128559  2.13559757
  2.07465224  1.5354077   2.38308402  2.80474839  1.64886117  1.20012675
 -1.51324525 -2.22927521  1.47130168  0.71194269  1.31361898 -3.01402349
 -0.37770291  2.51831691 -1.03585414  1.28752035  1.48329411  0.54455007
 -0.83302117  1.11514365  0.66824165 -0.38370038  2.80473742 -1.99307057
  1.53804618 -0.48681164  1.09033654 -2.8497659  -2.45832368  0.45773133
 -1.16150477 -0.49457624  0.365316   -0.11126718 -1.65032841 -0.04116997
 -0.85970549  2.8118107  -1.06239945 -1.38013482 -0.94883429  1.07796527
  1.85224697 -0.69616516  1.97232744 -2.19417593 -0.34727688 -0.73251676
 -2.89008104  3.16480339 -1.6319449   3.13522458 -1.26602521 -2.70848
  3.36217156 -1.23322305 -0.77649623 -2.88407558 -2.7172056   2.54564119
 -2.13655217 -2.04712761 -0.18154888  3.14998797  0.24664251  0.21384963
 -1.2502032  -0.67764038 -1.73376996 -3.03025088  2.87032651  1.23550997
 -0.48570754 -2.1883847   1.10971125 -1.10585752 -0.49042497 -2.73954126
 -2.06516915  1.86554803 -0.87381246  2.62185208 -0.45419496 -2.67151342
 -2.82019532  2.26182944 -3.14423358 -0.44536844 -1.00234809 -0.24660763
  2.34754164  1.84025226  0.0182076  -2.55288708 -2.65892163  0.24436942
 -0.76666237  1.24524142 -2.62771098  1.12505241 -0.38397818  0.42076277
  1.91903316  0.4581185   0.65074877 -1.27156749  1.79161226  2.93982476
  0.9959389   0.22180266 -1.14181245  2.4227878   0.72674075 -1.90977338
 -0.05037931  1.87092254  0.986647   -1.0800295  -2.30130901  2.22238432
  2.0039866   1.9283236   2.29723363  1.91578696 -1.66121716 -3.10389864
  0.42852307  1.34475821 -2.26275493 -1.12583546  2.31183696  1.39294675
 -0.27195662 -1.84442286 -1.64823717  1.9652812   1.30723903 -1.01188309
 -0.23075474 -0.69309152 -0.30339048  2.30246099 -0.66193834 -0.93534332
  0.77590993 -2.3526896   0.59026888  2.78422887 -0.35243007  2.04722786
 -1.86126419 -1.35336613 -2.59736805 -2.42273019 -1.50153044 -3.02896619
  2.01620144  1.78191064  1.58151655  1.12533468  1.58819441 -2.44421546
 -2.50736687  1.78907347  1.0342724  -0.29185912 -2.47720457  1.43098299
 -1.04394795 -3.0476214  -0.04720677  1.89751566 -2.70128479 -2.36816633
  1.87611909  1.02966589 -0.62617469 -0.49631333 -0.92140753  1.96405529
  0.47262269 -0.35622609  0.40183287 -2.26662917  1.26136567 -0.15330666
  2.40236175  1.23319568  2.87809246 -1.05733899  2.10171152 -0.42989449
 -3.26841189  2.20322044  0.81147124  1.92881071 -1.28919683  1.43910603
 -2.12172291  0.20898505  0.08303749 -2.79059121 -0.90191418 -2.3930748
  0.07227794 -0.56898608]
Sat May 25 19:25:29 2024,740,0.09593800631569346,[-4.65847632  2.36664247 -1.84106072 -0.1240969   0.18672552 -2.68765084
  3.0128297   2.1057124   1.45518717 -0.92536059  0.61239983  1.09170229
  1.13210055 -1.5419679   0.77712897  2.80621739 -0.7981552  -0.63691772
 -1.75472053  0.60195861  1.67657188  2.99185594 -1.208758   -0.31571259
 -2.42357592 -2.33803686  2.99458165  2.7632273  -0.54433292 -2.36481322
  1.4828077  -0.05850826 -2.31787468  2.09556429  1.28954025 -0.63853961
  0.8477721  -2.31880699 -0.02589561  2.15332936 -0.16394192  0.38886663
  2.71395735  1.04622461  2.46285657  3.16174743  2.64140807 -2.93932968
  0.26537397 -0.81572871  1.75888667  2.8639933  -0.51095144 -2.31763472
  2.78736963 -3.21076746  0.79394323 -0.63487977 -1.74135937  2.69818419
 -1.80955063 -1.58813088 -2.30391428  2.18800729 -2.45128558  2.13559759
  2.07465223  1.53540769  2.383084    2.80474838  1.64886115  1.20012677
 -1.51324526 -2.22927522  1.4713017   0.71194271  1.31361896 -3.01402351
 -0.3777029   2.51831689 -1.03585415  1.28752033  1.48329413  0.54455008
 -0.83302118  1.11514367  0.66824167 -0.3837004   2.80473744 -1.99307056
  1.5380462  -0.48681166  1.09033656 -2.84976591 -2.4583237   0.45773135
 -1.16150475 -0.49457622  0.36531602 -0.1112672  -1.65032843 -0.04116998
 -0.85970551  2.81181072 -1.06239947 -1.38013484 -0.94883431  1.07796525
  1.85224696 -0.69616518  1.97232742 -2.19417591 -0.3472769  -0.73251678
 -2.89008105  3.1648034  -1.63194492  3.13522457 -1.26602519 -2.70847998
  3.36217157 -1.23322306 -0.77649622 -2.8840756  -2.71720561  2.54564121
 -2.13655218 -2.04712763 -0.18154886  3.14998796  0.24664252  0.21384965
 -1.25020321 -0.6776404  -1.73376998 -3.0302509   2.87032653  1.23550995
 -0.48570752 -2.18838468  1.10971123 -1.10585754 -0.49042496 -2.73954128
 -2.06516913  1.86554805 -0.87381247  2.62185209 -0.45419494 -2.67151341
 -2.82019534  2.26182946 -3.14423359 -0.44536842 -1.0023481  -0.24660764
  2.34754163  1.84025228  0.01820761 -2.55288709 -2.65892161  0.2443694
 -0.76666238  1.24524141 -2.62771096  1.12505242 -0.38397817  0.42076276
  1.91903318  0.45811848  0.65074879 -1.27156748  1.79161224  2.93982475
  0.99593888  0.22180265 -1.14181243  2.42278782  0.72674073 -1.9097734
 -0.0503793   1.87092253  0.98664698 -1.08002952 -2.30130903  2.22238431
  2.00398661  1.92832361  2.29723362  1.91578694 -1.66121717 -3.10389866
  0.42852308  1.34475823 -2.26275492 -1.12583547  2.31183694  1.39294677
 -0.27195661 -1.84442285 -1.64823715  1.96528122  1.30723905 -1.01188307
 -0.23075475 -0.69309154 -0.30339046  2.30246097 -0.66193835 -0.93534331
  0.77590992 -2.35268959  0.59026886  2.78422885 -0.35243006  2.04722784
 -1.86126418 -1.35336611 -2.59736806 -2.4227302  -1.50153043 -3.02896617
  2.01620145  1.78191062  1.58151654  1.12533466  1.58819439 -2.44421547
 -2.50736689  1.78907345  1.03427239 -0.29185911 -2.47720455  1.43098297
 -1.04394796 -3.04762141 -0.04720675  1.89751568 -2.7012848  -2.36816634
  1.87611907  1.0296659  -0.62617467 -0.49631331 -0.92140755  1.96405527
  0.47262267 -0.35622607  0.40183288 -2.26662919  1.26136566 -0.15330668
  2.40236174  1.23319567  2.87809248 -1.05733898  2.10171151 -0.4298945
 -3.26841187  2.20322042  0.81147126  1.92881069 -1.28919682  1.43910602
 -2.12172293  0.20898503  0.0830375  -2.79059119 -0.90191416 -2.39307479
  0.07227792 -0.56898609]
Sat May 25 19:26:05 2024,741,0.09593800631483901,[-4.65847633  2.36664249 -1.84106071 -0.12409691  0.18672551 -2.68765085
  3.01282968  2.10571238  1.45518715 -0.9253606   0.61239985  1.09170228
  1.13210057 -1.54196789  0.77712895  2.80621741 -0.79815519 -0.63691774
 -1.75472054  0.6019586   1.67657189  2.99185593 -1.20875799 -0.31571261
 -2.4235759  -2.33803684  2.99458164  2.76322729 -0.54433294 -2.36481321
  1.48280768 -0.05850825 -2.31787467  2.09556431  1.28954027 -0.63853959
  0.84777212 -2.31880697 -0.02589562  2.15332938 -0.16394194  0.38886664
  2.71395736  1.04622462  2.46285658  3.16174744  2.64140808 -2.93932969
  0.26537395 -0.81572869  1.75888669  2.86399328 -0.51095145 -2.31763474
  2.78736964 -3.21076744  0.79394325 -0.63487979 -1.74135936  2.69818421
 -1.80955061 -1.58813087 -2.30391426  2.18800727 -2.45128556  2.13559757
  2.07465224  1.5354077   2.38308399  2.80474836  1.64886114  1.20012675
 -1.51324528 -2.22927521  1.47130168  0.71194269  1.31361898 -3.01402349
 -0.37770288  2.51831691 -1.03585414  1.28752035  1.48329414  0.5445501
 -0.8330212   1.11514368  0.66824168 -0.38370041  2.80473742 -1.99307057
  1.53804622 -0.48681164  1.09033654 -2.8497659  -2.45832371  0.45773136
 -1.16150474 -0.49457621  0.365316   -0.11126721 -1.65032844 -0.04117
 -0.85970552  2.81181073 -1.06239945 -1.38013482 -0.94883432  1.07796527
  1.85224694 -0.69616517  1.97232741 -2.1941759  -0.34727688 -0.73251679
 -2.89008104  3.16480342 -1.63194493  3.13522455 -1.26602521 -2.70847997
  3.36217156 -1.23322308 -0.7764962  -2.88407561 -2.7172056   2.54564122
 -2.13655217 -2.04712764 -0.18154885  3.14998797  0.24664254  0.21384963
 -1.25020323 -0.67764038 -1.73376999 -3.03025091  2.87032651  1.23550997
 -0.48570754 -2.18838467  1.10971125 -1.10585752 -0.49042497 -2.73954129
 -2.06516912  1.86554803 -0.87381249  2.62185211 -0.45419496 -2.67151342
 -2.82019535  2.26182944 -3.14423358 -0.4453684  -1.00234812 -0.24660763
  2.34754161  1.84025226  0.01820763 -2.55288711 -2.65892163  0.24436942
 -0.7666624   1.24524139 -2.62771095  1.12505241 -0.38397815  0.42076274
  1.91903319  0.4581185   0.6507488  -1.27156749  1.79161226  2.93982476
  0.99593887  0.22180263 -1.14181245  2.4227878   0.72674075 -1.90977338
 -0.05037931  1.87092254  0.98664697 -1.0800295  -2.30130901  2.22238429
  2.0039866   1.92832363  2.2972336   1.91578696 -1.66121716 -3.10389868
  0.42852307  1.34475824 -2.2627549  -1.12583549  2.31183693  1.39294678
 -0.27195659 -1.84442286 -1.64823714  1.96528123  1.30723903 -1.01188309
 -0.23075477 -0.69309155 -0.30339045  2.30246096 -0.66193834 -0.93534329
  0.7759099  -2.35268957  0.59026888  2.78422887 -0.35243007  2.04722783
 -1.86126419 -1.35336609 -2.59736805 -2.42273022 -1.50153041 -3.02896616
  2.01620147  1.78191061  1.58151655  1.12533465  1.58819438 -2.44421546
 -2.5073669   1.78907347  1.03427237 -0.29185912 -2.47720457  1.43098299
 -1.04394795 -3.04762143 -0.04720677  1.89751569 -2.70128482 -2.36816636
  1.87611909  1.02966589 -0.62617466 -0.49631329 -0.92140757  1.96405529
  0.47262269 -0.35622609  0.40183287 -2.26662921  1.26136567 -0.1533067
  2.40236175  1.23319565  2.87809249 -1.05733896  2.10171149 -0.42989449
 -3.26841186  2.20322044  0.81147124  1.92881071 -1.28919683  1.439106
 -2.12172294  0.20898502  0.08303749 -2.79059121 -0.90191415 -2.3930748
  0.07227794 -0.56898611]
Sat May 25 19:26:36 2024,742,0.095938006313988,[-4.65847635  2.3666425  -1.84106069 -0.1240969   0.18672549 -2.68765084
  3.0128297   2.1057124   1.45518717 -0.92536062  0.61239986  1.09170226
  1.13210055 -1.54196787  0.77712897  2.80621742 -0.79815517 -0.63691772
 -1.75472053  0.60195858  1.67657191  2.99185594 -1.208758   -0.31571259
 -2.42357592 -2.33803682  2.99458165  2.76322727 -0.54433295 -2.36481322
  1.48280766 -0.05850826 -2.31787468  2.09556429  1.28954025 -0.63853958
  0.8477721  -2.31880696 -0.02589564  2.15332939 -0.16394192  0.38886666
  2.71395735  1.04622464  2.46285657  3.16174743  2.6414081  -2.93932968
  0.26537397 -0.81572871  1.75888671  2.8639933  -0.51095147 -2.31763472
  2.78736966 -3.21076746  0.79394326 -0.63487977 -1.74135934  2.69818422
 -1.8095506  -1.58813085 -2.30391425  2.18800726 -2.45128558  2.13559759
  2.07465223  1.53540769  2.383084    2.80474838  1.64886112  1.20012673
 -1.51324529 -2.22927519  1.4713017   0.71194271  1.31361896 -3.01402348
 -0.3777029   2.51831689 -1.03585415  1.28752033  1.48329413  0.54455008
 -0.83302118  1.11514367  0.66824167 -0.38370043  2.80473741 -1.99307059
  1.53804623 -0.48681166  1.09033652 -2.84976588 -2.45832373  0.45773135
 -1.16150475 -0.49457622  0.36531599 -0.11126723 -1.65032843 -0.04116998
 -0.85970554  2.81181075 -1.06239947 -1.38013484 -0.94883434  1.07796528
  1.85224693 -0.69616515  1.97232739 -2.19417591 -0.34727687 -0.73251678
 -2.89008102  3.1648034  -1.63194495  3.13522453 -1.26602519 -2.70847995
  3.36217154 -1.23322306 -0.77649619 -2.88407563 -2.71720558  2.54564124
 -2.13655218 -2.04712763 -0.18154886  3.14998796  0.24664252  0.21384965
 -1.25020324 -0.6776404  -1.73377001 -3.03025093  2.87032653  1.23550998
 -0.48570755 -2.18838468  1.10971123 -1.10585754 -0.49042496 -2.73954128
 -2.0651691   1.86554805 -0.87381247  2.62185212 -0.45419494 -2.67151344
 -2.82019534  2.26182942 -3.14423356 -0.44536842 -1.0023481  -0.24660761
  2.3475416   1.84025225  0.01820761 -2.55288709 -2.65892164  0.24436943
 -0.76666238  1.24524141 -2.62771093  1.12505239 -0.38397813  0.42076273
  1.91903318  0.45811851  0.65074882 -1.27156751  1.79161224  2.93982478
  0.99593888  0.22180265 -1.14181243  2.42278779  0.72674076 -1.9097734
 -0.0503793   1.87092256  0.98664695 -1.08002949 -2.301309    2.22238431
  2.00398661  1.92832361  2.29723359  1.91578697 -1.66121717 -3.10389869
  0.42852308  1.34475823 -2.26275489 -1.12583547  2.31183691  1.3929468
 -0.27195661 -1.84442288 -1.64823712  1.96528125  1.30723901 -1.01188307
 -0.23075475 -0.69309154 -0.30339043  2.30246097 -0.66193835 -0.93534328
  0.77590992 -2.35268959  0.59026886  2.78422885 -0.35243006  2.04722781
 -1.86126418 -1.35336611 -2.59736806 -2.4227302  -1.50153043 -3.02896617
  2.01620145  1.78191059  1.58151654  1.12533463  1.58819439 -2.44421547
 -2.50736692  1.78907349  1.03427236 -0.29185914 -2.47720458  1.43098297
 -1.04394796 -3.04762144 -0.04720678  1.89751571 -2.70128483 -2.36816638
  1.87611907  1.02966587 -0.62617467 -0.49631331 -0.92140755  1.9640553
  0.4726227  -0.3562261   0.40183285 -2.26662919  1.26136569 -0.15330671
  2.40236174  1.23319564  2.87809251 -1.05733895  2.10171148 -0.4298945
 -3.26841187  2.20322046  0.81147126  1.92881069 -1.28919682  1.43910599
 -2.12172293  0.20898503  0.08303747 -2.79059122 -0.90191413 -2.39307479
  0.07227795 -0.56898612]
Sat May 25 19:26:59 2024,743,0.0959380063131398,[-4.65847637  2.36664249 -1.84106068 -0.12409691  0.18672548 -2.68765082
  3.01282971  2.10571238  1.45518718 -0.9253606   0.61239988  1.09170228
  1.13210057 -1.54196789  0.77712895  2.80621744 -0.79815515 -0.63691774
 -1.75472054  0.60195857  1.67657192  2.99185593 -1.20875799 -0.31571261
 -2.42357593 -2.33803681  2.99458167  2.76322729 -0.54433294 -2.36481324
  1.48280768 -0.05850825 -2.31787467  2.09556428  1.28954024 -0.63853956
  0.84777209 -2.31880694 -0.02589562  2.15332938 -0.16394194  0.38886667
  2.71395736  1.04622465  2.46285655  3.16174744  2.64140808 -2.93932966
  0.26537398 -0.81572869  1.75888669  2.86399331 -0.51095148 -2.31763471
  2.78736964 -3.21076747  0.79394325 -0.63487979 -1.74135936  2.69818421
 -1.80955058 -1.58813087 -2.30391426  2.18800724 -2.45128556  2.13559757
  2.07465224  1.53540767  2.38308399  2.80474839  1.64886111  1.20012675
 -1.51324528 -2.22927521  1.47130171  0.71194269  1.31361898 -3.01402346
 -0.37770291  2.51831691 -1.03585417  1.28752035  1.48329414  0.5445501
 -0.83302117  1.11514365  0.66824168 -0.38370044  2.80473742 -1.99307057
  1.53804625 -0.48681167  1.09033651 -2.84976587 -2.45832371  0.45773136
 -1.16150477 -0.49457624  0.36531597 -0.11126721 -1.65032841 -0.04117
 -0.85970555  2.81181076 -1.06239945 -1.38013485 -0.94883435  1.07796527
  1.85224694 -0.69616513  1.97232741 -2.1941759  -0.34727688 -0.73251676
 -2.89008101  3.16480339 -1.63194493  3.13522455 -1.26602518 -2.70847997
  3.36217153 -1.23322305 -0.7764962  -2.88407561 -2.7172056   2.54564125
 -2.13655217 -2.04712764 -0.18154888  3.14998797  0.24664254  0.21384966
 -1.25020326 -0.67764041 -1.73376999 -3.03025094  2.87032651  1.23551
 -0.48570757 -2.18838467  1.10971125 -1.10585755 -0.49042494 -2.73954129
 -2.06516908  1.86554803 -0.87381246  2.62185211 -0.45419496 -2.67151342
 -2.82019535  2.26182944 -3.14423358 -0.4453684  -1.00234809 -0.2466076
  2.34754161  1.84025226  0.0182076  -2.55288711 -2.65892166  0.24436942
 -0.7666624   1.24524142 -2.62771095  1.12505238 -0.38397812  0.42076274
  1.91903319  0.45811853  0.65074884 -1.27156749  1.79161223  2.93982479
  0.99593887  0.22180266 -1.14181245  2.42278777  0.72674075 -1.90977341
 -0.05037928  1.87092258  0.98664694 -1.0800295  -2.30130901  2.22238429
  2.0039866   1.92832363  2.29723357  1.91578696 -1.66121716 -3.10389868
  0.4285231   1.34475824 -2.2627549  -1.12583549  2.31183693  1.39294678
 -0.27195662 -1.84442289 -1.64823711  1.96528123  1.307239   -1.01188309
 -0.23075474 -0.69309155 -0.30339042  2.30246099 -0.66193834 -0.93534326
  0.7759099  -2.3526896   0.59026885  2.78422883 -0.35243004  2.0472278
 -1.86126416 -1.35336609 -2.59736808 -2.42273019 -1.50153041 -3.02896616
  2.01620147  1.78191061  1.58151652  1.12533461  1.58819441 -2.44421549
 -2.5073669   1.7890735   1.03427234 -0.29185916 -2.47720457  1.43098299
 -1.04394798 -3.04762146 -0.0472068   1.89751572 -2.70128485 -2.36816639
  1.87611909  1.02966589 -0.62617469 -0.49631329 -0.92140756  1.96405529
  0.47262269 -0.35622609  0.40183283 -2.26662917  1.26136567 -0.15330673
  2.40236172  1.23319562  2.87809252 -1.05733893  2.10171146 -0.42989449
 -3.26841186  2.20322044  0.81147127  1.92881068 -1.2891968   1.439106
 -2.12172294  0.20898502  0.08303749 -2.79059124 -0.90191415 -2.3930748
  0.07227794 -0.56898614]
Sat May 25 19:27:34 2024,744,0.09593800631229468,[-4.65847638  2.36664247 -1.84106069 -0.1240969   0.18672549 -2.68765084
  3.0128297   2.1057124   1.4551872  -0.92536059  0.61239986  1.09170229
  1.13210058 -1.5419679   0.77712897  2.80621745 -0.79815517 -0.63691772
 -1.75472056  0.60195855  1.67657194  2.99185591 -1.20875797 -0.31571262
 -2.42357595 -2.33803682  2.99458168  2.7632273  -0.54433292 -2.36481325
  1.48280767 -0.05850823 -2.31787465  2.09556426  1.28954022 -0.63853958
  0.8477721  -2.31880696 -0.02589561  2.15332939 -0.16394192  0.38886666
  2.71395738  1.04622467  2.46285654  3.16174743  2.6414081  -2.93932968
  0.265374   -0.81572871  1.75888668  2.86399333 -0.5109515  -2.31763469
  2.78736966 -3.21076746  0.79394326 -0.63487977 -1.74135934  2.69818419
 -1.8095506  -1.58813085 -2.30391425  2.18800723 -2.45128554  2.13559756
  2.07465226  1.53540769  2.383084    2.80474838  1.64886112  1.20012674
 -1.51324529 -2.22927519  1.4713017   0.71194271  1.31361899 -3.01402348
 -0.37770293  2.51831692 -1.03585418  1.28752037  1.48329416  0.54455008
 -0.83302118  1.11514364  0.6682417  -0.38370043  2.80473744 -1.99307056
  1.53804623 -0.48681169  1.09033652 -2.84976585 -2.45832373  0.45773138
 -1.16150479 -0.49457622  0.36531599 -0.11126723 -1.65032843 -0.04117001
 -0.85970557  2.81181078 -1.06239943 -1.38013487 -0.94883437  1.07796528
  1.85224696 -0.69616515  1.97232739 -2.19417591 -0.3472769  -0.73251678
 -2.89008099  3.1648034  -1.63194492  3.13522453 -1.26602519 -2.70847998
  3.36217154 -1.23322303 -0.77649619 -2.88407563 -2.71720561  2.54564127
 -2.13655218 -2.04712763 -0.18154889  3.14998799  0.24664255  0.21384965
 -1.25020328 -0.6776404  -1.73376998 -3.03025093  2.87032653  1.23551001
 -0.48570755 -2.18838468  1.10971126 -1.10585757 -0.49042496 -2.73954128
 -2.06516907  1.86554802 -0.87381244  2.62185212 -0.45419497 -2.67151341
 -2.82019534  2.26182942 -3.14423359 -0.44536839 -1.00234807 -0.24660761
  2.34754163  1.84025228  0.01820761 -2.55288712 -2.65892164  0.2443694
 -0.76666241  1.24524144 -2.62771093  1.12505239 -0.38397813  0.42076276
  1.91903318  0.45811854  0.65074885 -1.27156748  1.79161224  2.93982481
  0.99593888  0.22180265 -1.14181243  2.42278775  0.72674073 -1.9097734
 -0.0503793   1.87092256  0.98664695 -1.08002952 -2.301309    2.22238431
  2.00398661  1.92832364  2.29723356  1.91578697 -1.66121717 -3.10389866
  0.42852311  1.34475826 -2.26275489 -1.12583547  2.31183691  1.39294677
 -0.27195664 -1.84442288 -1.64823712  1.96528122  1.30723898 -1.01188307
 -0.23075472 -0.69309157 -0.3033904   2.302461   -0.66193835 -0.93534325
  0.77590992 -2.35268962  0.59026883  2.78422885 -0.35243006  2.04722778
 -1.86126415 -1.35336611 -2.59736809 -2.42273017 -1.50153043 -3.02896617
  2.01620145  1.78191059  1.58151654  1.1253346   1.58819439 -2.44421547
 -2.50736692  1.78907352  1.03427236 -0.29185917 -2.47720455  1.430983
 -1.04394796 -3.04762144 -0.04720681  1.89751574 -2.70128486 -2.36816638
  1.87611907  1.02966587 -0.62617467 -0.49631331 -0.92140758  1.96405527
  0.47262267 -0.35622607  0.40183282 -2.26662916  1.26136569 -0.15330671
  2.40236171  1.23319564  2.87809254 -1.05733895  2.10171145 -0.42989447
 -3.26841184  2.20322046  0.81147129  1.92881066 -1.28919682  1.43910602
 -2.12172293  0.20898503  0.0830375  -2.79059125 -0.90191416 -2.39307479
  0.07227795 -0.56898615]
Sat May 25 19:27:58 2024,745,0.09593800631145241,[-4.6584764   2.36664246 -1.84106071 -0.12409691  0.18672551 -2.68765082
  3.01282968  2.10571238  1.45518721 -0.92536057  0.61239985  1.09170228
  1.13210057 -1.54196789  0.77712899  2.80621744 -0.79815515 -0.63691771
 -1.75472057  0.60195854  1.67657193  2.99185593 -1.20875796 -0.31571264
 -2.42357593 -2.33803684  2.9945817   2.76322729 -0.5443329  -2.36481324
  1.48280768 -0.05850822 -2.31787467  2.09556424  1.28954021 -0.63853959
  0.84777212 -2.31880694 -0.02589562  2.15332941 -0.1639419   0.38886667
  2.71395736  1.04622468  2.46285655  3.16174744  2.64140812 -2.93932969
  0.26537398 -0.81572869  1.75888669  2.86399331 -0.51095148 -2.31763467
  2.78736967 -3.21076747  0.79394325 -0.63487979 -1.74135933  2.69818421
 -1.80955058 -1.58813087 -2.30391423  2.18800721 -2.45128556  2.13559754
  2.07465227  1.53540767  2.38308402  2.80474836  1.64886114  1.20012672
 -1.51324531 -2.22927521  1.47130171  0.71194272  1.31361901 -3.01402349
 -0.37770294  2.51831691 -1.0358542   1.28752035  1.48329414  0.5445501
 -0.83302117  1.11514362  0.66824168 -0.38370041  2.80473742 -1.99307057
  1.53804625 -0.48681171  1.09033654 -2.84976587 -2.45832374  0.45773139
 -1.1615048  -0.49457624  0.365316   -0.11126724 -1.65032844 -0.04117
 -0.85970558  2.81181079 -1.06239945 -1.38013488 -0.94883438  1.0779653
  1.85224697 -0.69616513  1.97232741 -2.1941759  -0.34727691 -0.73251679
 -2.89008098  3.16480342 -1.63194493  3.13522452 -1.26602521 -2.70847997
  3.36217153 -1.23322305 -0.77649617 -2.88407561 -2.71720563  2.54564125
 -2.13655217 -2.04712764 -0.18154888  3.14998797  0.24664257  0.21384963
 -1.25020326 -0.67764038 -1.73376999 -3.03025091  2.87032655  1.23551
 -0.48570757 -2.1883847   1.10971125 -1.10585755 -0.49042497 -2.73954129
 -2.06516908  1.865548   -0.87381242  2.62185211 -0.45419496 -2.67151339
 -2.82019532  2.26182944 -3.14423361 -0.4453684  -1.00234806 -0.2466076
  2.34754161  1.84025229  0.0182076  -2.55288714 -2.65892166  0.24436939
 -0.7666624   1.24524142 -2.62771091  1.12505238 -0.38397815  0.42076274
  1.91903319  0.45811856  0.65074887 -1.27156749  1.79161226  2.93982482
  0.99593887  0.22180266 -1.14181242  2.42278774  0.72674075 -1.90977338
 -0.05037928  1.87092258  0.98664694 -1.08002953 -2.30130898  2.22238432
  2.00398663  1.92832363  2.29723357  1.91578699 -1.66121719 -3.10389864
  0.4285231   1.34475827 -2.26275487 -1.12583546  2.31183693  1.39294675
 -0.27195665 -1.84442286 -1.64823714  1.96528123  1.30723897 -1.01188306
 -0.2307547  -0.69309158 -0.30339042  2.30246099 -0.66193834 -0.93534323
  0.77590993 -2.35268963  0.59026885  2.78422883 -0.35243007  2.04722777
 -1.86126416 -1.35336609 -2.59736808 -2.42273019 -1.50153044 -3.02896616
  2.01620147  1.78191061  1.58151655  1.12533461  1.58819438 -2.44421546
 -2.5073669   1.7890735   1.03427237 -0.29185919 -2.47720454  1.43098302
 -1.04394798 -3.04762146 -0.0472068   1.89751575 -2.70128485 -2.36816639
  1.87611906  1.02966585 -0.62617469 -0.49631333 -0.9214076   1.96405529
  0.47262266 -0.35622606  0.4018328  -2.26662917  1.26136567 -0.15330673
  2.40236172  1.23319565  2.87809255 -1.05733896  2.10171143 -0.42989446
 -3.26841182  2.20322047  0.8114713   1.92881065 -1.2891968   1.439106
 -2.12172291  0.20898502  0.08303752 -2.79059124 -0.90191418 -2.3930748
  0.07227794 -0.56898614]
Sat May 25 19:28:22 2024,746,0.09593800631061294,[-4.65847641  2.36664247 -1.84106072 -0.1240969   0.18672552 -2.68765081
  3.01282967  2.10571237  1.4551872  -0.92536055  0.61239983  1.09170226
  1.13210055 -1.54196787  0.77712897  2.80621742 -0.79815514 -0.63691769
 -1.75472059  0.60195855  1.67657191  2.99185594 -1.20875794 -0.31571265
 -2.42357592 -2.33803685  2.99458168  2.76322727 -0.54433292 -2.36481325
  1.48280767 -0.0585082  -2.31787468  2.09556426  1.28954019 -0.63853958
  0.8477721  -2.31880696 -0.02589564  2.15332942 -0.16394192  0.38886669
  2.71395738  1.04622467  2.46285654  3.16174743  2.64140813 -2.93932968
  0.265374   -0.81572868  1.75888668  2.86399333 -0.51095147 -2.31763469
  2.78736966 -3.21076746  0.79394326 -0.6348798  -1.74135934  2.69818422
 -1.80955059 -1.58813085 -2.30391425  2.18800723 -2.45128554  2.13559756
  2.07465226  1.53540769  2.38308404  2.80474835  1.64886112  1.20012673
 -1.51324529 -2.22927522  1.4713017   0.71194274  1.31361899 -3.01402351
 -0.37770296  2.51831692 -1.03585422  1.28752033  1.48329416  0.54455008
 -0.83302118  1.11514364  0.66824167 -0.3837004   2.80473744 -1.99307056
  1.53804626 -0.48681169  1.09033652 -2.84976588 -2.45832376  0.45773138
 -1.16150479 -0.49457625  0.36531602 -0.11126723 -1.65032843 -0.04116998
 -0.8597056   2.81181081 -1.06239947 -1.3801349  -0.94883437  1.07796531
  1.85224699 -0.69616515  1.97232742 -2.19417591 -0.3472769  -0.73251678
 -2.89008096  3.1648034  -1.63194492  3.1352245  -1.26602519 -2.70847995
  3.36217154 -1.23322303 -0.77649616 -2.88407563 -2.71720564  2.54564124
 -2.13655218 -2.04712763 -0.18154889  3.14998796  0.24664258  0.21384962
 -1.25020324 -0.6776404  -1.73376998 -3.03025093  2.87032656  1.23551001
 -0.48570758 -2.18838471  1.10971126 -1.10585754 -0.49042499 -2.73954131
 -2.06516907  1.86554802 -0.87381241  2.62185212 -0.45419497 -2.67151338
 -2.8201953   2.26182946 -3.14423359 -0.44536842 -1.00234807 -0.24660761
  2.3475416   1.84025231  0.01820761 -2.55288715 -2.65892164  0.2443694
 -0.76666241  1.24524144 -2.6277109   1.12505236 -0.38397817  0.42076276
  1.91903318  0.45811857  0.65074885 -1.27156751  1.79161227  2.93982484
  0.99593885  0.22180268 -1.1418124   2.42278772  0.72674076 -1.90977337
 -0.05037927  1.87092259  0.98664692 -1.08002952 -2.30130897  2.22238434
  2.00398661  1.92832364  2.29723359  1.915787   -1.66121721 -3.10389863
  0.42852311  1.34475826 -2.26275486 -1.12583547  2.31183691  1.39294677
 -0.27195667 -1.84442285 -1.64823715  1.96528125  1.30723898 -1.01188304
 -0.23075469 -0.6930916  -0.3033904   2.30246097 -0.66193835 -0.93534325
  0.77590995 -2.35268965  0.59026886  2.78422885 -0.35243006  2.04722778
 -1.86126415 -1.35336611 -2.59736809 -2.4227302  -1.50153046 -3.02896617
  2.01620149  1.78191062  1.58151657  1.12533463  1.58819439 -2.44421547
 -2.50736689  1.78907352  1.03427236 -0.2918592  -2.47720455  1.43098303
 -1.04394799 -3.04762144 -0.04720678  1.89751574 -2.70128486 -2.36816638
  1.87611907  1.02966587 -0.62617467 -0.49631334 -0.92140758  1.9640553
  0.47262267 -0.35622604  0.40183282 -2.26662916  1.26136569 -0.15330671
  2.40236171  1.23319567  2.87809254 -1.05733898  2.10171145 -0.42989447
 -3.26841181  2.20322049  0.81147132  1.92881066 -1.28919681  1.43910602
 -2.1217229   0.208985    0.08303753 -2.79059122 -0.90191419 -2.39307479
  0.07227795 -0.56898612]
Sat May 25 19:28:45 2024,747,0.09593800630977693,[-4.65847643  2.36664249 -1.84106071 -0.12409691  0.18672554 -2.68765082
  3.01282968  2.10571238  1.45518718 -0.92536054  0.61239985  1.09170225
  1.13210054 -1.54196786  0.77712899  2.80621744 -0.79815515 -0.63691771
 -1.7547206   0.60195857  1.67657192  2.99185596 -1.20875796 -0.31571264
 -2.42357593 -2.33803684  2.99458167  2.76322726 -0.54433294 -2.36481324
  1.48280768 -0.05850819 -2.3178747   2.09556424  1.28954018 -0.63853956
  0.84777212 -2.31880697 -0.02589565  2.15332941 -0.16394194  0.38886667
  2.71395739  1.04622468  2.46285652  3.16174741  2.64140815 -2.93932969
  0.26537398 -0.81572869  1.75888669  2.86399331 -0.51095145 -2.31763471
  2.78736967 -3.21076747  0.79394328 -0.63487979 -1.74135933  2.69818421
 -1.80955058 -1.58813084 -2.30391423  2.18800724 -2.45128556  2.13559757
  2.07465224  1.53540767  2.38308402  2.80474836  1.64886114  1.20012675
 -1.51324528 -2.22927521  1.47130168  0.71194272  1.31361901 -3.01402349
 -0.37770294  2.51831694 -1.03585423  1.28752035  1.48329414  0.5445501
 -0.8330212   1.11514365  0.66824168 -0.38370041  2.80473745 -1.99307057
  1.53804625 -0.48681167  1.09033654 -2.8497659  -2.45832374  0.45773136
 -1.16150477 -0.49457624  0.365316   -0.11126721 -1.65032841 -0.04117
 -0.85970561  2.81181082 -1.06239945 -1.38013488 -0.94883438  1.0779653
  1.85224697 -0.69616513  1.97232741 -2.19417593 -0.34727691 -0.73251679
 -2.89008095  3.16480339 -1.63194493  3.13522452 -1.26602521 -2.70847997
  3.36217153 -1.23322302 -0.77649614 -2.88407561 -2.71720563  2.54564125
 -2.13655217 -2.04712761 -0.18154888  3.14998794  0.2466426   0.21384963
 -1.25020323 -0.67764038 -1.73376996 -3.03025094  2.87032658  1.23551003
 -0.48570757 -2.1883847   1.10971128 -1.10585755 -0.490425   -2.73954129
 -2.06516908  1.86554803 -0.87381242  2.62185211 -0.45419499 -2.67151339
 -2.82019529  2.26182947 -3.14423358 -0.4453684  -1.00234809 -0.24660763
  2.34754161  1.84025232  0.0182076  -2.55288717 -2.65892166  0.24436942
 -0.76666243  1.24524142 -2.62771091  1.12505238 -0.38397818  0.42076277
  1.91903319  0.45811859  0.65074887 -1.27156752  1.79161226  2.93982485
  0.99593887  0.22180266 -1.14181242  2.42278774  0.72674075 -1.90977335
 -0.05037925  1.87092261  0.98664694 -1.08002953 -2.30130895  2.22238432
  2.0039866   1.92832363  2.2972336   1.91578702 -1.66121719 -3.10389861
  0.4285231   1.34475827 -2.26275484 -1.12583546  2.31183689  1.39294675
 -0.27195665 -1.84442286 -1.64823714  1.96528126  1.307239   -1.01188303
 -0.23075467 -0.69309161 -0.30339041  2.30246096 -0.66193834 -0.93534323
  0.77590996 -2.35268966  0.59026888  2.78422883 -0.35243004  2.04722777
 -1.86126416 -1.35336612 -2.59736808 -2.42273019 -1.50153044 -3.02896616
  2.01620147  1.78191064  1.58151658  1.12533464  1.58819438 -2.44421549
 -2.50736687  1.7890735   1.03427237 -0.29185919 -2.47720454  1.43098302
 -1.04394798 -3.04762146 -0.0472068   1.89751575 -2.70128488 -2.36816639
  1.87611909  1.02966589 -0.62617469 -0.49631336 -0.9214076   1.96405529
  0.47262269 -0.35622603  0.4018328  -2.26662917  1.26136567 -0.15330673
  2.40236172  1.23319565  2.87809255 -1.05733899  2.10171143 -0.42989449
 -3.26841182  2.2032205   0.81147133  1.92881068 -1.28919683  1.439106
 -2.12172288  0.20898502  0.08303752 -2.79059121 -0.90191418 -2.39307477
  0.07227797 -0.56898614]
Sat May 25 19:29:39 2024,748,0.09593800630894363,[-4.65847644  2.3666425  -1.84106072 -0.1240969   0.18672555 -2.68765081
  3.0128297   2.1057124   1.4551872  -0.92536052  0.61239983  1.09170223
  1.13210055 -1.54196787  0.777129    2.80621742 -0.79815517 -0.63691769
 -1.75472059  0.60195858  1.67657194  2.99185597 -1.20875794 -0.31571265
 -2.42357592 -2.33803682  2.99458165  2.76322724 -0.54433295 -2.36481322
  1.48280767 -0.05850817 -2.31787471  2.09556423  1.28954019 -0.63853955
  0.8477721  -2.31880696 -0.02589567  2.15332939 -0.16394192  0.38886669
  2.71395741  1.04622467  2.46285651  3.1617474   2.64140813 -2.93932971
  0.265374   -0.81572868  1.75888668  2.8639933  -0.51095147 -2.31763472
  2.78736969 -3.21076746  0.79394329 -0.6348798  -1.74135931  2.69818419
 -1.80955056 -1.58813085 -2.30391421  2.18800726 -2.45128557  2.13559756
  2.07465226  1.53540769  2.38308404  2.80474838  1.64886112  1.20012674
 -1.51324529 -2.22927522  1.4713017   0.71194271  1.31361902 -3.01402348
 -0.37770293  2.51831695 -1.03585422  1.28752033  1.48329413  0.54455011
 -0.83302118  1.11514364  0.6682417  -0.3837004   2.80473744 -1.99307059
  1.53804623 -0.48681166  1.09033652 -2.84976591 -2.45832376  0.45773135
 -1.16150479 -0.49457622  0.36531599 -0.11126723 -1.6503284  -0.04117001
 -0.85970563  2.81181084 -1.06239943 -1.3801349  -0.9488344   1.07796531
  1.85224699 -0.69616512  1.97232739 -2.19417594 -0.3472769  -0.73251681
 -2.89008093  3.16480337 -1.63194492  3.13522453 -1.26602523 -2.70847995
  3.36217151 -1.23322303 -0.77649613 -2.88407563 -2.71720564  2.54564127
 -2.13655215 -2.0471276  -0.18154889  3.14998793  0.24664259  0.21384965
 -1.25020324 -0.6776404  -1.73376998 -3.03025096  2.87032656  1.23551004
 -0.48570755 -2.18838468  1.10971126 -1.10585754 -0.49042499 -2.73954131
 -2.0651691   1.86554802 -0.87381241  2.62185209 -0.454195   -2.67151338
 -2.8201953   2.26182949 -3.14423359 -0.44536839 -1.0023481  -0.24660761
  2.3475416   1.84025234  0.01820761 -2.55288718 -2.65892167  0.2443694
 -0.76666244  1.24524141 -2.6277109   1.12505239 -0.3839782   0.42076279
  1.91903318  0.45811861  0.65074888 -1.27156751  1.79161224  2.93982487
  0.99593888  0.22180265 -1.1418124   2.42278775  0.72674076 -1.90977337
 -0.05037924  1.87092259  0.98664692 -1.08002955 -2.30130894  2.22238431
  2.00398661  1.92832361  2.29723362  1.915787   -1.66121721 -3.1038986
  0.42852311  1.34475829 -2.26275486 -1.12583544  2.31183688  1.39294677
 -0.27195664 -1.84442285 -1.64823715  1.96528125  1.30723901 -1.01188304
 -0.23075466 -0.6930916  -0.30339043  2.30246097 -0.66193835 -0.93534325
  0.77590998 -2.35268968  0.59026886  2.78422885 -0.35243003  2.04722778
 -1.86126415 -1.35336614 -2.59736806 -2.4227302  -1.50153046 -3.02896614
  2.01620149  1.78191062  1.5815166   1.12533466  1.58819436 -2.4442155
 -2.50736686  1.78907352  1.03427236 -0.29185917 -2.47720455  1.430983
 -1.04394796 -3.04762147 -0.04720681  1.89751577 -2.70128486 -2.36816638
  1.87611911  1.02966587 -0.62617467 -0.49631337 -0.92140758  1.96405527
  0.4726227  -0.35622604  0.40183279 -2.26662916  1.26136566 -0.15330671
  2.40236171  1.23319564  2.87809254 -1.05733901  2.10171142 -0.42989447
 -3.26841184  2.20322052  0.81147132  1.92881069 -1.28919685  1.43910599
 -2.12172287  0.20898503  0.0830375  -2.79059122 -0.90191419 -2.39307476
  0.07227795 -0.56898612]
Sat May 25 19:30:01 2024,749,0.09593800630811307,[-4.65847646  2.36664252 -1.84106071 -0.12409688  0.18672554 -2.68765082
  3.01282968  2.10571242  1.45518721 -0.92536054  0.61239982  1.09170222
  1.13210057 -1.54196789  0.77712902  2.80621744 -0.79815515 -0.63691768
 -1.7547206   0.6019586   1.67657196  2.99185599 -1.20875793 -0.31571267
 -2.4235759  -2.33803681  2.99458167  2.76322726 -0.54433297 -2.36481321
  1.48280768 -0.05850816 -2.31787473  2.09556421  1.28954021 -0.63853953
  0.84777209 -2.31880697 -0.02589568  2.15332938 -0.16394191  0.38886667
  2.71395739  1.04622468  2.46285649  3.16174738  2.64140812 -2.93932972
  0.26537398 -0.81572866  1.75888666  2.86399331 -0.51095145 -2.31763474
  2.78736967 -3.21076744  0.79394328 -0.63487979 -1.74135933  2.69818418
 -1.80955055 -1.58813084 -2.3039142   2.18800727 -2.45128559  2.13559757
  2.07465227  1.53540767  2.38308402  2.80474836  1.64886114  1.20012675
 -1.51324531 -2.22927521  1.47130171  0.71194269  1.31361901 -3.01402346
 -0.37770291  2.51831694 -1.0358542   1.28752032  1.48329411  0.5445501
 -0.8330212   1.11514365  0.66824168 -0.38370038  2.80473745 -1.9930706
  1.53804622 -0.48681167  1.09033651 -2.84976593 -2.45832374  0.45773133
 -1.16150477 -0.49457624  0.365316   -0.11126724 -1.65032838 -0.04117
 -0.85970564  2.81181082 -1.06239942 -1.38013491 -0.94883441  1.0779653
  1.852247   -0.69616513  1.97232741 -2.19417596 -0.34727691 -0.73251682
 -2.89008092  3.16480339 -1.63194493  3.13522452 -1.26602524 -2.70847997
  3.36217153 -1.23322305 -0.77649611 -2.88407561 -2.71720566  2.54564128
 -2.13655214 -2.04712761 -0.18154891  3.14998791  0.2466426   0.21384966
 -1.25020326 -0.67764038 -1.73376999 -3.03025094  2.87032655  1.23551003
 -0.48570757 -2.18838467  1.10971128 -1.10585752 -0.49042497 -2.73954132
 -2.06516908  1.865548   -0.87381242  2.62185208 -0.45419502 -2.67151339
 -2.82019532  2.2618295  -3.14423361 -0.4453684  -1.00234812 -0.24660763
  2.34754158  1.84025235  0.0182076  -2.55288717 -2.65892169  0.24436939
 -0.76666243  1.24524139 -2.62771088  1.12505238 -0.38397821  0.42076277
  1.91903316  0.45811859  0.6507489  -1.27156752  1.79161226  2.93982489
  0.9959389   0.22180266 -1.14181239  2.42278777  0.72674078 -1.90977338
 -0.05037925  1.87092261  0.98664694 -1.08002953 -2.30130895  2.22238432
  2.0039866   1.92832363  2.2972336   1.91578702 -1.66121719 -3.10389861
  0.42852313  1.34475827 -2.26275484 -1.12583546  2.31183686  1.39294675
 -0.27195665 -1.84442283 -1.64823717  1.96528126  1.307239   -1.01188306
 -0.23075464 -0.69309161 -0.30339042  2.30246099 -0.66193837 -0.93534323
  0.77590996 -2.35268969  0.59026885  2.78422883 -0.35243001  2.04722777
 -1.86126413 -1.35336615 -2.59736808 -2.42273022 -1.50153044 -3.02896616
  2.0162015   1.78191061  1.58151661  1.12533464  1.58819438 -2.44421552
 -2.50736687  1.7890735   1.03427234 -0.29185916 -2.47720454  1.43098302
 -1.04394798 -3.04762146 -0.04720683  1.89751578 -2.70128485 -2.36816639
  1.87611912  1.02966585 -0.62617469 -0.49631339 -0.92140757  1.96405529
  0.47262272 -0.35622606  0.4018328  -2.26662914  1.26136564 -0.15330673
  2.40236172  1.23319562  2.87809252 -1.05733899  2.10171143 -0.42989449
 -3.26841186  2.20322053  0.8114713   1.92881068 -1.28919683  1.43910597
 -2.12172288  0.20898502  0.08303752 -2.79059124 -0.90191421 -2.39307477
  0.07227794 -0.56898614]
Sat May 25 19:30:31 2024,750,0.09593800630728533,[-4.65847647  2.36664253 -1.84106069 -0.1240969   0.18672552 -2.68765081
  3.01282967  2.10571243  1.45518723 -0.92536055  0.61239983  1.09170223
  1.13210058 -1.5419679   0.777129    2.80621745 -0.79815514 -0.63691766
 -1.75472062  0.60195861  1.67657194  2.991856   -1.20875794 -0.31571265
 -2.42357589 -2.33803682  2.99458168  2.76322724 -0.54433298 -2.36481322
  1.4828077  -0.05850817 -2.31787471  2.09556423  1.28954022 -0.63853952
  0.8477721  -2.31880696 -0.0258957   2.15332936 -0.16394189  0.38886669
  2.71395738  1.04622467  2.46285651  3.16174737  2.6414081  -2.93932974
  0.26537397 -0.81572865  1.75888668  2.86399333 -0.51095144 -2.31763472
  2.78736966 -3.21076746  0.79394329 -0.6348798  -1.74135931  2.69818416
 -1.80955053 -1.58813082 -2.30391421  2.18800726 -2.45128561  2.13559759
  2.07465229  1.53540769  2.38308404  2.80474838  1.64886112  1.20012674
 -1.51324529 -2.22927522  1.4713017   0.71194271  1.31361899 -3.01402348
 -0.3777029   2.51831695 -1.03585419  1.28752033  1.4832941   0.54455011
 -0.83302118  1.11514364  0.66824167 -0.3837004   2.80473744 -1.99307059
  1.53804623 -0.48681169  1.09033649 -2.84976591 -2.45832376  0.45773135
 -1.16150479 -0.49457622  0.36531599 -0.11126723 -1.65032837 -0.04117001
 -0.85970566  2.81181084 -1.0623994  -1.3801349  -0.94883443  1.07796528
  1.85224702 -0.69616515  1.97232739 -2.19417594 -0.34727693 -0.73251681
 -2.8900809   3.1648034  -1.63194492  3.13522453 -1.26602526 -2.70847995
  3.36217151 -1.23322303 -0.7764961  -2.88407563 -2.71720564  2.5456413
 -2.13655212 -2.04712763 -0.18154892  3.14998789  0.24664262  0.21384968
 -1.25020324 -0.6776404  -1.73376998 -3.03025093  2.87032656  1.23551001
 -0.48570755 -2.18838468  1.10971126 -1.10585754 -0.49042499 -2.73954134
 -2.0651691   1.86554799 -0.87381244  2.62185206 -0.45419503 -2.67151341
 -2.82019534  2.26182952 -3.14423359 -0.44536839 -1.0023481  -0.24660764
  2.3475416   1.84025234  0.01820758 -2.55288715 -2.65892167  0.24436937
 -0.76666244  1.24524141 -2.6277109   1.12505236 -0.3839782   0.42076276
  1.91903318  0.45811857  0.65074888 -1.27156751  1.79161227  2.93982487
  0.99593891  0.22180265 -1.14181237  2.42278778  0.72674076 -1.90977337
 -0.05037927  1.87092259  0.98664695 -1.08002955 -2.30130897  2.22238431
  2.00398661  1.92832361  2.29723359  1.91578703 -1.66121717 -3.1038986
  0.42852314  1.34475826 -2.26275486 -1.12583547  2.31183688  1.39294677
 -0.27195667 -1.84442285 -1.64823718  1.96528128  1.30723898 -1.01188307
 -0.23075463 -0.69309163 -0.30339043  2.302461   -0.66193835 -0.93534325
  0.77590998 -2.35268971  0.59026886  2.78422885 -0.35243     2.04722775
 -1.86126415 -1.35336617 -2.59736806 -2.42273023 -1.50153043 -3.02896614
  2.01620149  1.78191059  1.5815166   1.12533466  1.58819436 -2.44421553
 -2.50736689  1.78907352  1.03427233 -0.29185917 -2.47720452  1.430983
 -1.04394796 -3.04762144 -0.04720681  1.8975158  -2.70128486 -2.36816641
  1.87611914  1.02966587 -0.62617471 -0.49631337 -0.92140755  1.9640553
  0.4726227  -0.35622604  0.40183282 -2.26662916  1.26136563 -0.15330671
  2.40236171  1.23319561  2.87809254 -1.05733901  2.10171145 -0.4298945
 -3.26841187  2.20322055  0.81147132  1.92881069 -1.28919682  1.43910596
 -2.1217229   0.208985    0.08303753 -2.79059122 -0.90191419 -2.39307476
  0.07227795 -0.56898615]
Sat May 25 19:30:57 2024,751,0.09593800630646061,[-4.65847649  2.36664252 -1.84106071 -0.12409688  0.18672554 -2.68765082
  3.01282968  2.10571242  1.45518721 -0.92536054  0.61239985  1.09170225
  1.13210057 -1.54196792  0.77712902  2.80621747 -0.79815512 -0.63691765
 -1.7547206   0.60195863  1.67657193  2.99185599 -1.20875793 -0.31571267
 -2.4235759  -2.33803684  2.99458167  2.76322723 -0.54433297 -2.36481324
  1.48280771 -0.05850816 -2.31787473  2.09556424  1.28954024 -0.6385395
  0.84777209 -2.31880694 -0.02589568  2.15332938 -0.16394191  0.38886667
  2.71395736  1.04622468  2.46285649  3.16174738  2.64140812 -2.93932975
  0.26537398 -0.81572866  1.75888669  2.86399334 -0.51095145 -2.31763471
  2.78736964 -3.21076747  0.79394331 -0.63487982 -1.74135933  2.69818415
 -1.80955052 -1.58813084 -2.30391423  2.18800724 -2.45128559  2.1355976
  2.0746523   1.53540767  2.38308405  2.80474839  1.64886114  1.20012672
 -1.51324531 -2.22927521  1.47130171  0.71194272  1.31361901 -3.01402346
 -0.37770291  2.51831697 -1.0358542   1.28752035  1.48329411  0.5445501
 -0.8330212   1.11514365  0.66824165 -0.38370041  2.80473742 -1.9930706
  1.53804625 -0.4868117   1.09033651 -2.8497659  -2.45832374  0.45773136
 -1.16150477 -0.49457621  0.36531597 -0.11126724 -1.65032835 -0.04117003
 -0.85970564  2.81181082 -1.06239942 -1.38013491 -0.94883441  1.0779653
  1.852247   -0.69616516  1.97232738 -2.19417593 -0.34727691 -0.73251682
 -2.89008089  3.16480342 -1.6319449   3.13522455 -1.26602527 -2.70847994
  3.36217153 -1.23322305 -0.77649611 -2.88407561 -2.71720566  2.54564128
 -2.13655214 -2.04712764 -0.18154894  3.14998791  0.2466426   0.21384966
 -1.25020326 -0.67764038 -1.73376999 -3.03025094  2.87032655  1.23551
 -0.48570757 -2.18838467  1.10971128 -1.10585752 -0.490425   -2.73954132
 -2.06516908  1.865548   -0.87381245  2.62185208 -0.45419502 -2.67151339
 -2.82019532  2.2618295  -3.14423358 -0.4453684  -1.00234812 -0.24660763
  2.34754161  1.84025232  0.0182076  -2.55288717 -2.65892169  0.24436936
 -0.76666246  1.24524142 -2.62771091  1.12505235 -0.38397818  0.42076274
  1.91903316  0.45811856  0.6507489  -1.27156752  1.79161226  2.93982485
  0.99593893  0.22180263 -1.14181239  2.4227878   0.72674075 -1.90977335
 -0.05037925  1.87092258  0.98664697 -1.08002956 -2.30130898  2.22238429
  2.00398663  1.92832363  2.2972336   1.91578705 -1.66121716 -3.10389861
  0.42852313  1.34475824 -2.26275487 -1.12583549  2.31183689  1.39294678
 -0.27195668 -1.84442283 -1.64823717  1.96528129  1.30723897 -1.01188306
 -0.23075464 -0.69309161 -0.30339042  2.30246099 -0.66193834 -0.93534323
  0.77590999 -2.35268969  0.59026888  2.78422883 -0.35243001  2.04722777
 -1.86126413 -1.35336619 -2.59736805 -2.42273022 -1.50153044 -3.02896616
  2.0162015   1.78191061  1.58151661  1.12533468  1.58819435 -2.44421552
 -2.5073669   1.78907353  1.03427231 -0.29185916 -2.4772045   1.43098302
 -1.04394798 -3.04762143 -0.0472068   1.89751581 -2.70128485 -2.36816642
  1.87611912  1.02966588 -0.62617472 -0.49631339 -0.92140757  1.96405529
  0.47262272 -0.35622603  0.40183283 -2.26662917  1.26136564 -0.1533067
  2.40236169  1.23319559  2.87809255 -1.05733902  2.10171146 -0.42989452
 -3.26841186  2.20322056  0.8114713   1.92881071 -1.28919683  1.43910594
 -2.12172291  0.20898499  0.08303752 -2.79059121 -0.90191421 -2.39307477
  0.07227794 -0.56898614]
Sat May 25 19:31:39 2024,752,0.09593800630563862,[-4.6584765   2.36664253 -1.84106072 -0.12409687  0.18672555 -2.68765084
  3.01282967  2.1057124   1.45518723 -0.92536055  0.61239983  1.09170226
  1.13210058 -1.54196793  0.777129    2.80621745 -0.79815514 -0.63691763
 -1.75472059  0.60195864  1.67657194  2.99185597 -1.20875791 -0.31571265
 -2.42357592 -2.33803682  2.99458168  2.76322721 -0.54433298 -2.36481322
  1.48280773 -0.05850817 -2.31787474  2.09556426  1.28954022 -0.63853952
  0.84777207 -2.31880693 -0.02589567  2.15332936 -0.16394189  0.38886666
  2.71395738  1.0462247   2.46285651  3.16174737  2.64140813 -2.93932974
  0.26537397 -0.81572865  1.75888671  2.86399336 -0.51095144 -2.31763469
  2.78736963 -3.21076746  0.79394329 -0.63487983 -1.74135934  2.69818416
 -1.80955053 -1.58813085 -2.30391421  2.18800726 -2.45128558  2.13559762
  2.07465232  1.53540769  2.38308407  2.80474838  1.64886112  1.2001267
 -1.51324532 -2.22927519  1.47130173  0.71194271  1.31361902 -3.01402345
 -0.3777029   2.51831698 -1.03585419  1.28752033  1.48329413  0.54455008
 -0.83302118  1.11514367  0.66824167 -0.3837004   2.80473741 -1.99307059
  1.53804623 -0.48681172  1.09033652 -2.84976591 -2.45832373  0.45773135
 -1.16150476 -0.49457622  0.36531599 -0.11126726 -1.65032834 -0.04117001
 -0.85970563  2.81181084 -1.0623994  -1.38013493 -0.94883443  1.07796528
  1.85224699 -0.69616518  1.97232736 -2.19417591 -0.34727693 -0.73251681
 -2.89008087  3.1648034  -1.63194489  3.13522456 -1.26602529 -2.70847992
  3.36217154 -1.23322303 -0.7764961  -2.8840756  -2.71720567  2.5456413
 -2.13655215 -2.04712766 -0.18154892  3.14998793  0.24664262  0.21384965
 -1.25020325 -0.6776404  -1.73376998 -3.03025093  2.87032653  1.23551001
 -0.48570758 -2.18838468  1.10971126 -1.10585754 -0.49042502 -2.73954131
 -2.0651691   1.86554802 -0.87381244  2.62185209 -0.45419503 -2.67151338
 -2.82019534  2.26182952 -3.14423359 -0.44536842 -1.0023481  -0.24660761
  2.3475416   1.84025234  0.01820758 -2.55288718 -2.6589217   0.24436937
 -0.76666244  1.24524141 -2.62771093  1.12505233 -0.38397817  0.42076273
  1.91903318  0.45811857  0.65074888 -1.27156751  1.79161224  2.93982484
  0.99593891  0.22180262 -1.1418124   2.42278778  0.72674073 -1.90977337
 -0.05037927  1.87092256  0.98664695 -1.08002955 -2.301309    2.22238428
  2.00398661  1.92832361  2.29723362  1.91578703 -1.66121714 -3.10389863
  0.42852311  1.34475823 -2.26275489 -1.12583547  2.31183688  1.3929468
 -0.2719567  -1.84442285 -1.64823715  1.96528131  1.30723898 -1.01188304
 -0.23075463 -0.6930916  -0.3033904   2.30246097 -0.66193835 -0.93534325
  0.77591001 -2.35268971  0.59026889  2.78422885 -0.35243     2.04722778
 -1.86126412 -1.35336617 -2.59736803 -2.42273023 -1.50153046 -3.02896617
  2.01620152  1.78191059  1.58151663  1.12533469  1.58819436 -2.4442155
 -2.50736689  1.78907352  1.03427233 -0.29185914 -2.47720452  1.43098303
 -1.04394799 -3.04762141 -0.04720678  1.89751583 -2.70128483 -2.36816641
  1.87611911  1.02966587 -0.62617471 -0.49631337 -0.92140758  1.96405527
  0.4726227  -0.35622601  0.40183282 -2.26662916  1.26136566 -0.15330668
  2.40236171  1.23319561  2.87809257 -1.05733901  2.10171148 -0.42989453
 -3.26841187  2.20322055  0.81147129  1.92881072 -1.28919685  1.43910593
 -2.1217229   0.208985    0.0830375  -2.79059122 -0.9019142  -2.39307476
  0.07227795 -0.56898615]
Sat May 25 19:32:03 2024,753,0.09593800630481895,[-4.65847652  2.36664252 -1.84106071 -0.12409688  0.18672554 -2.68765082
  3.01282968  2.10571242  1.45518721 -0.92536054  0.61239982  1.09170228
  1.13210057 -1.54196792  0.77712899  2.80621744 -0.79815515 -0.63691764
 -1.7547206   0.60195866  1.67657193  2.99185596 -1.2087579  -0.31571264
 -2.4235759  -2.33803681  2.9945817   2.76322723 -0.54433297 -2.36481324
  1.48280771 -0.05850816 -2.31787476  2.09556427  1.28954024 -0.6385395
  0.84777209 -2.31880691 -0.02589565  2.15332938 -0.16394188  0.38886664
  2.71395739  1.04622468  2.46285649  3.16174738  2.64140812 -2.93932972
  0.26537398 -0.81572863  1.75888669  2.86399334 -0.51095145 -2.31763471
  2.78736961 -3.21076744  0.79394328 -0.63487985 -1.74135933  2.69818418
 -1.80955055 -1.58813084 -2.30391423  2.18800724 -2.45128556  2.1355976
  2.0746523   1.5354077   2.38308408  2.80474836  1.64886111  1.20012669
 -1.51324534 -2.22927521  1.47130174  0.71194272  1.31361904 -3.01402346
 -0.37770291  2.51831697 -1.03585417  1.28752035  1.48329414  0.5445501
 -0.8330212   1.11514368  0.66824168 -0.38370041  2.80473742 -1.99307057
  1.53804625 -0.48681173  1.09033654 -2.84976593 -2.45832371  0.45773133
 -1.16150477 -0.49457621  0.365316   -0.11126724 -1.65032832 -0.04117003
 -0.85970561  2.81181082 -1.06239942 -1.38013491 -0.94883444  1.07796527
  1.852247   -0.69616519  1.97232738 -2.19417593 -0.34727691 -0.73251682
 -2.89008086  3.16480339 -1.63194487  3.13522458 -1.2660253  -2.70847994
  3.36217153 -1.23322305 -0.77649608 -2.88407561 -2.71720566  2.54564128
 -2.13655217 -2.04712764 -0.18154894  3.14998791  0.2466426   0.21384963
 -1.25020326 -0.67764038 -1.73376996 -3.03025091  2.87032655  1.23551003
 -0.4857076  -2.18838467  1.10971128 -1.10585755 -0.49042503 -2.73954132
 -2.06516911  1.86554803 -0.87381242  2.62185208 -0.45419502 -2.67151339
 -2.82019535  2.26182953 -3.14423361 -0.4453684  -1.00234812 -0.2466076
  2.34754158  1.84025235  0.0182076  -2.55288717 -2.65892169  0.24436936
 -0.76666243  1.24524139 -2.62771091  1.12505235 -0.38397818  0.42076274
  1.91903316  0.45811859  0.6507489  -1.27156752  1.79161226  2.93982485
  0.9959389   0.2218026  -1.14181242  2.4227878   0.72674072 -1.90977335
 -0.05037925  1.87092258  0.98664694 -1.08002953 -2.30130901  2.22238429
  2.0039866   1.9283236   2.2972336   1.91578705 -1.66121713 -3.10389864
  0.4285231   1.34475824 -2.2627549  -1.12583549  2.31183689  1.39294678
 -0.27195671 -1.84442283 -1.64823714  1.9652813   1.30723897 -1.01188306
 -0.23075461 -0.69309158 -0.30339042  2.30246099 -0.66193834 -0.93534323
  0.77591002 -2.35268969  0.59026888  2.78422883 -0.35242998  2.04722777
 -1.8612641  -1.35336619 -2.59736802 -2.42273025 -1.50153047 -3.02896616
  2.01620153  1.78191058  1.58151661  1.12533471  1.58819438 -2.44421552
 -2.5073669   1.7890735   1.03427234 -0.29185913 -2.47720453  1.43098305
 -1.04394801 -3.0476214  -0.0472068   1.89751581 -2.70128482 -2.36816639
  1.87611909  1.02966588 -0.62617469 -0.49631339 -0.9214076   1.96405526
  0.47262272 -0.35622603  0.4018328  -2.26662917  1.26136567 -0.15330667
  2.40236172  1.23319559  2.87809258 -1.05733899  2.10171149 -0.42989452
 -3.26841189  2.20322053  0.8114713   1.92881071 -1.28919686  1.43910594
 -2.12172288  0.20898502  0.08303749 -2.79059121 -0.90191421 -2.39307477
  0.07227797 -0.56898617]
Sat May 25 19:32:36 2024,754,0.09593800630400251,[-4.65847653  2.3666425  -1.84106069 -0.1240969   0.18672552 -2.68765084
  3.01282967  2.10571243  1.4551872  -0.92536052  0.61239983  1.09170226
  1.13210058 -1.54196793  0.777129    2.80621742 -0.79815514 -0.63691766
 -1.75472059  0.60195867  1.67657194  2.99185597 -1.20875788 -0.31571262
 -2.42357592 -2.33803682  2.99458168  2.76322721 -0.54433298 -2.36481325
  1.4828077  -0.05850814 -2.31787477  2.09556429  1.28954025 -0.63853952
  0.84777207 -2.31880693 -0.02589564  2.15332939 -0.16394189  0.38886663
  2.71395738  1.0462247   2.46285651  3.1617474   2.6414081  -2.93932971
  0.265374   -0.81572865  1.75888668  2.86399333 -0.51095147 -2.31763472
  2.78736963 -3.21076743  0.79394326 -0.63487986 -1.74135931  2.69818419
 -1.80955056 -1.58813085 -2.30391424  2.18800723 -2.45128558  2.13559759
  2.07465229  1.53540769  2.3830841   2.80474838  1.64886109  1.2001267
 -1.51324532 -2.22927519  1.47130176  0.71194271  1.31361905 -3.01402348
 -0.37770293  2.51831698 -1.03585419  1.28752036  1.48329416  0.54455011
 -0.83302121  1.1151437   0.66824167 -0.3837004   2.80473741 -1.99307056
  1.53804626 -0.48681172  1.09033652 -2.84976594 -2.4583237   0.45773132
 -1.16150476 -0.49457619  0.36531602 -0.11126726 -1.65032831 -0.04117004
 -0.8597056   2.81181084 -1.0623994  -1.3801349  -0.94883446  1.07796525
  1.85224702 -0.69616521  1.97232736 -2.19417594 -0.34727693 -0.73251684
 -2.89008084  3.1648034  -1.63194489  3.13522459 -1.26602532 -2.70847995
  3.36217154 -1.23322306 -0.7764961  -2.88407563 -2.71720567  2.5456413
 -2.13655215 -2.04712766 -0.18154895  3.14998792  0.24664259  0.21384962
 -1.25020327 -0.67764037 -1.73376995 -3.03025093  2.87032653  1.23551001
 -0.48570758 -2.18838465  1.10971126 -1.10585757 -0.49042502 -2.73954131
 -2.06516913  1.86554802 -0.87381241  2.62185206 -0.454195   -2.67151341
 -2.82019534  2.26182952 -3.14423359 -0.44536839 -1.0023481  -0.24660761
  2.3475416   1.84025237  0.01820758 -2.55288715 -2.6589217   0.24436937
 -0.76666241  1.24524141 -2.6277109   1.12505236 -0.38397817  0.42076276
  1.91903318  0.4581186   0.65074888 -1.27156751  1.79161227  2.93982484
  0.99593888  0.22180259 -1.14181243  2.42278781  0.72674073 -1.90977334
 -0.05037927  1.87092256  0.98664692 -1.08002955 -2.30130903  2.22238431
  2.00398658  1.92832361  2.29723359  1.91578706 -1.66121711 -3.10389863
  0.42852308  1.34475826 -2.26275492 -1.12583547  2.31183691  1.3929468
 -0.27195673 -1.84442285 -1.64823712  1.96528131  1.30723898 -1.01188307
 -0.23075463 -0.6930916  -0.3033904   2.30246097 -0.66193832 -0.93534324
  0.77591001 -2.35268968  0.59026889  2.78422882 -0.35242997  2.04722778
 -1.86126412 -1.3533662  -2.597368   -2.42273026 -1.50153049 -3.02896617
  2.01620152  1.78191056  1.5815166   1.12533469  1.58819436 -2.44421553
 -2.50736692  1.78907349  1.03427236 -0.29185914 -2.47720452  1.43098303
 -1.04394799 -3.04762138 -0.04720681  1.89751583 -2.7012848  -2.36816641
  1.87611908  1.02966587 -0.62617468 -0.49631337 -0.92140758  1.96405527
  0.4726227  -0.35622604  0.40183282 -2.26662919  1.26136566 -0.15330665
  2.40236171  1.23319561  2.8780926  -1.05733901  2.10171148 -0.42989453
 -3.2684119   2.20322055  0.81147132  1.92881072 -1.28919685  1.43910595
 -2.12172287  0.20898503  0.08303747 -2.79059122 -0.9019142  -2.39307479
  0.07227798 -0.56898618]
Sat May 25 19:33:00 2024,755,0.09593800630318852,[-4.65847655  2.36664252 -1.84106071 -0.12409691  0.18672551 -2.68765082
  3.01282965  2.10571242  1.45518718 -0.92536051  0.61239985  1.09170228
  1.13210057 -1.54196795  0.77712902  2.80621744 -0.79815512 -0.63691767
 -1.75472058  0.60195869  1.67657196  2.99185599 -1.20875787 -0.31571261
 -2.42357593 -2.33803684  2.99458167  2.7632272  -0.544333   -2.36481324
  1.48280768 -0.05850813 -2.31787479  2.0955643   1.28954024 -0.6385395
  0.84777206 -2.31880691 -0.02589562  2.15332938 -0.1639419   0.38886664
  2.71395739  1.04622471  2.46285652  3.16174741  2.64140809 -2.93932972
  0.26537401 -0.81572866  1.75888669  2.86399334 -0.51095145 -2.31763474
  2.78736961 -3.21076744  0.79394325 -0.63487988 -1.7413593   2.69818421
 -1.80955058 -1.58813084 -2.30391426  2.18800721 -2.45128556  2.1355976
  2.0746523   1.53540767  2.38308408  2.80474836  1.64886108  1.20012669
 -1.51324534 -2.22927518  1.47130174  0.71194272  1.31361904 -3.01402349
 -0.37770294  2.51831697 -1.03585417  1.28752038  1.48329417  0.5445501
 -0.83302123  1.11514368  0.66824168 -0.38370038  2.80473739 -1.99307054
  1.53804625 -0.48681171  1.09033651 -2.84976596 -2.45832371  0.45773133
 -1.16150474 -0.49457618  0.36531603 -0.11126727 -1.65032832 -0.04117006
 -0.85970561  2.81181085 -1.06239939 -1.38013488 -0.94883447  1.07796527
  1.85224703 -0.69616522  1.97232735 -2.19417593 -0.34727694 -0.73251685
 -2.89008083  3.16480342 -1.63194487  3.13522458 -1.26602533 -2.70847994
  3.36217153 -1.23322308 -0.77649611 -2.88407561 -2.71720566  2.54564128
 -2.13655214 -2.04712767 -0.18154894  3.14998791  0.24664257  0.2138496
 -1.25020326 -0.67764035 -1.73376993 -3.03025091  2.87032652  1.23551
 -0.48570757 -2.18838464  1.10971128 -1.10585758 -0.49042503 -2.73954132
 -2.06516911  1.865548   -0.87381242  2.62185208 -0.45419499 -2.67151342
 -2.82019532  2.26182953 -3.14423361 -0.44536837 -1.00234812 -0.24660763
  2.34754158  1.84025238  0.0182076  -2.55288717 -2.65892172  0.24436936
 -0.7666624   1.24524139 -2.62771088  1.12505238 -0.38397818  0.42076277
  1.91903319  0.45811862  0.65074887 -1.27156752  1.79161229  2.93982483
  0.99593887  0.22180257 -1.14181242  2.42278783  0.72674075 -1.90977335
 -0.05037928  1.87092258  0.98664694 -1.08002953 -2.30130904  2.22238432
  2.0039866   1.92832363  2.29723357  1.91578705 -1.6612171  -3.10389864
  0.4285231   1.34475827 -2.26275493 -1.12583549  2.31183692  1.39294681
 -0.27195674 -1.84442283 -1.64823714  1.9652813   1.30723897 -1.01188306
 -0.23075461 -0.69309158 -0.30339041  2.30246096 -0.66193834 -0.93534323
  0.77590999 -2.35268969  0.59026891  2.78422883 -0.35242995  2.0472278
 -1.86126413 -1.35336619 -2.59736802 -2.42273028 -1.50153047 -3.02896616
  2.01620153  1.78191055  1.58151661  1.12533471  1.58819438 -2.44421555
 -2.5073669   1.78907347  1.03427237 -0.29185913 -2.47720451  1.43098302
 -1.04394798 -3.04762137 -0.0472068   1.89751581 -2.70128482 -2.36816639
  1.87611906  1.02966588 -0.62617466 -0.49631339 -0.92140757  1.96405526
  0.47262269 -0.35622603  0.4018328  -2.2666292   1.26136567 -0.15330667
  2.40236169  1.23319559  2.87809261 -1.05733899  2.10171149 -0.42989455
 -3.26841189  2.20322053  0.81147133  1.92881071 -1.28919686  1.43910594
 -2.12172288  0.20898505  0.08303746 -2.79059121 -0.90191421 -2.39307477
  0.072278   -0.5689862 ]
Sat May 25 19:33:28 2024,756,0.09593800630237732,[-4.65847656  2.36664253 -1.84106072 -0.12409693  0.18672549 -2.68765084
  3.01282967  2.10571243  1.45518717 -0.92536049  0.61239986  1.09170226
  1.13210058 -1.54196793  0.777129    2.80621742 -0.79815511 -0.63691769
 -1.75472056  0.6019587   1.67657194  2.991856   -1.20875785 -0.31571259
 -2.42357594 -2.33803685  2.99458168  2.76322721 -0.54433298 -2.36481325
  1.48280767 -0.05850811 -2.31787477  2.09556429  1.28954022 -0.63853949
  0.84777204 -2.3188069  -0.02589564  2.15332939 -0.16394189  0.38886666
  2.71395741  1.04622473  2.46285651  3.1617474   2.64140807 -2.93932971
  0.26537403 -0.81572865  1.75888671  2.86399336 -0.51095144 -2.31763475
  2.78736963 -3.21076743  0.79394326 -0.63487989 -1.74135931  2.69818419
 -1.80955056 -1.58813085 -2.30391424  2.1880072  -2.45128555  2.13559759
  2.07465229  1.53540766  2.38308407  2.80474838  1.64886109  1.20012668
 -1.51324532 -2.22927519  1.47130176  0.71194271  1.31361905 -3.01402348
 -0.37770296  2.51831695 -1.03585419  1.28752036  1.48329419  0.54455008
 -0.83302121  1.1151437   0.6682417  -0.38370037  2.80473738 -1.99307053
  1.53804623 -0.48681172  1.09033649 -2.84976597 -2.4583237   0.45773135
 -1.16150476 -0.49457616  0.36531602 -0.11126729 -1.65032834 -0.04117004
 -0.8597056   2.81181084 -1.06239937 -1.38013487 -0.94883446  1.07796528
  1.85224702 -0.69616524  1.97232733 -2.19417591 -0.34727696 -0.73251684
 -2.89008081  3.1648034  -1.63194486  3.13522459 -1.26602535 -2.70847995
  3.36217154 -1.23322306 -0.7764961  -2.8840756  -2.71720564  2.54564127
 -2.13655215 -2.04712769 -0.18154892  3.1499879   0.24664259  0.21384959
 -1.25020325 -0.67764034 -1.73376995 -3.0302509   2.87032653  1.23550998
 -0.48570758 -2.18838465  1.10971129 -1.10585757 -0.49042505 -2.73954131
 -2.0651691   1.86554799 -0.87381241  2.62185209 -0.45419497 -2.67151341
 -2.82019534  2.26182952 -3.14423359 -0.44536836 -1.00234813 -0.24660764
  2.3475416   1.84025237  0.01820758 -2.55288718 -2.6589217   0.24436934
 -0.76666239  1.24524138 -2.6277109   1.12505239 -0.3839782   0.42076276
  1.91903321  0.45811863  0.65074888 -1.27156751  1.79161227  2.93982481
  0.99593888  0.22180256 -1.1418124   2.42278784  0.72674076 -1.90977337
 -0.05037927  1.87092256  0.98664695 -1.08002955 -2.30130906  2.22238433
  2.00398658  1.92832361  2.29723356  1.91578703 -1.66121711 -3.10389866
  0.42852308  1.34475829 -2.26275495 -1.1258355   2.31183694  1.3929468
 -0.27195673 -1.84442282 -1.64823715  1.96528131  1.30723898 -1.01188304
 -0.2307546  -0.69309157 -0.3033904   2.30246094 -0.66193835 -0.93534322
  0.77591001 -2.35268971  0.59026889  2.78422882 -0.35242997  2.04722781
 -1.86126412 -1.3533662  -2.59736803 -2.42273026 -1.50153046 -3.02896617
  2.01620154  1.78191056  1.58151663  1.12533469  1.58819439 -2.44421553
 -2.50736692  1.78907349  1.03427238 -0.29185911 -2.47720452  1.430983
 -1.04394796 -3.04762138 -0.04720681  1.89751583 -2.70128483 -2.36816641
  1.87611908  1.02966587 -0.62617468 -0.4963134  -0.92140755  1.96405524
  0.4726227  -0.35622601  0.40183279 -2.26662922  1.26136569 -0.15330665
  2.40236171  1.23319561  2.87809263 -1.05733901  2.10171151 -0.42989456
 -3.2684119   2.20322052  0.81147132  1.92881072 -1.28919685  1.43910595
 -2.12172287  0.20898503  0.08303744 -2.79059122 -0.9019142  -2.39307479
  0.07227801 -0.56898621]
Sat May 25 19:34:09 2024,757,0.0959380063015683,[-4.65847658  2.36664252 -1.84106074 -0.12409691  0.18672551 -2.68765085
  3.01282965  2.10571244  1.45518715 -0.92536051  0.61239988  1.09170225
  1.1321006  -1.54196792  0.77712899  2.80621741 -0.79815509 -0.6369177
 -1.75472055  0.60195872  1.67657195  2.99185599 -1.20875787 -0.31571258
 -2.42357596 -2.33803684  2.99458167  2.76322723 -0.544333   -2.36481324
  1.48280768 -0.05850813 -2.31787479  2.09556427  1.28954024 -0.63853947
  0.84777203 -2.31880688 -0.02589565  2.15332941 -0.16394188  0.38886664
  2.71395739  1.04622471  2.46285649  3.16174741  2.64140809 -2.93932972
  0.26537404 -0.81572863  1.75888669  2.86399334 -0.51095145 -2.31763476
  2.78736964 -3.21076741  0.79394328 -0.63487991 -1.74135933  2.69818421
 -1.80955058 -1.58813084 -2.30391423  2.18800721 -2.45128556  2.1355976
  2.07465227  1.53540764  2.38308408  2.80474839  1.64886111  1.20012666
 -1.51324531 -2.22927518  1.47130174  0.71194272  1.31361907 -3.01402349
 -0.37770294  2.51831697 -1.0358542   1.28752035  1.48329417  0.5445501
 -0.8330212   1.11514371  0.66824168 -0.38370038  2.80473739 -1.99307051
  1.53804622 -0.48681171  1.09033648 -2.84976596 -2.45832368  0.45773133
 -1.16150477 -0.49457618  0.36531603 -0.11126727 -1.65032832 -0.04117006
 -0.85970561  2.81181082 -1.06239939 -1.38013485 -0.94883444  1.07796527
  1.85224701 -0.69616522  1.97232732 -2.19417593 -0.34727694 -0.73251685
 -2.89008083  3.16480342 -1.63194487  3.13522461 -1.26602536 -2.70847997
  3.36217153 -1.23322308 -0.77649611 -2.88407561 -2.71720563  2.54564128
 -2.13655214 -2.04712767 -0.18154891  3.14998788  0.2466426   0.2138496
 -1.25020326 -0.67764032 -1.73376993 -3.03025091  2.87032655  1.23550997
 -0.48570757 -2.18838467  1.10971131 -1.10585755 -0.49042506 -2.73954132
 -2.06516911  1.86554797 -0.8738124   2.62185208 -0.45419496 -2.67151342
 -2.82019535  2.2618295  -3.14423361 -0.44536835 -1.00234815 -0.24660766
  2.34754161  1.84025238  0.0182076  -2.55288717 -2.65892172  0.24436933
 -0.76666237  1.24524139 -2.62771088  1.12505238 -0.38397821  0.42076277
  1.91903319  0.45811865  0.6507489  -1.27156749  1.79161229  2.93982483
  0.99593887  0.22180254 -1.14181239  2.42278783  0.72674078 -1.90977338
 -0.05037928  1.87092255  0.98664694 -1.08002953 -2.30130907  2.22238432
  2.0039866   1.9283236   2.29723354  1.91578702 -1.6612171  -3.10389864
  0.4285231   1.3447583  -2.26275493 -1.12583552  2.31183695  1.39294681
 -0.27195674 -1.8444228  -1.64823717  1.9652813   1.30723897 -1.01188303
 -0.23075458 -0.69309155 -0.30339039  2.30246093 -0.66193834 -0.93534323
  0.77590999 -2.35268969  0.59026891  2.7842288  -0.35242995  2.04722783
 -1.8612641  -1.35336621 -2.59736805 -2.42273025 -1.50153047 -3.02896619
  2.01620156  1.78191055  1.58151664  1.12533468  1.58819438 -2.44421552
 -2.50736693  1.78907347  1.03427237 -0.29185913 -2.47720451  1.43098302
 -1.04394795 -3.04762137 -0.0472068   1.89751584 -2.70128482 -2.36816639
  1.87611906  1.02966588 -0.62617466 -0.49631342 -0.92140757  1.96405526
  0.47262269 -0.356226    0.4018328  -2.2666292   1.2613657  -0.15330667
  2.40236172  1.23319562  2.87809264 -1.05733902  2.10171149 -0.42989458
 -3.26841189  2.2032205   0.8114713   1.92881074 -1.28919683  1.43910594
 -2.12172285  0.20898505  0.08303743 -2.79059124 -0.90191418 -2.3930748
  0.07227803 -0.5689862 ]
Sat May 25 19:34:33 2024,758,0.09593800630076244,[-4.65847659  2.36664253 -1.84106075 -0.1240969   0.18672549 -2.68765084
  3.01282964  2.10571243  1.45518717 -0.92536049  0.61239986  1.09170223
  1.13210058 -1.5419679   0.777129    2.80621742 -0.79815508 -0.63691769
 -1.75472053  0.6019587   1.67657194  2.991856   -1.20875788 -0.31571259
 -2.42357594 -2.33803685  2.99458168  2.76322721 -0.54433298 -2.36481325
  1.48280767 -0.05850814 -2.31787477  2.09556426  1.28954025 -0.63853949
  0.84777204 -2.3188069  -0.02589567  2.15332942 -0.16394186  0.38886663
  2.71395741  1.0462247   2.46285648  3.16174743  2.6414081  -2.93932974
  0.26537405 -0.81572865  1.75888668  2.86399336 -0.51095147 -2.31763475
  2.78736963 -3.21076743  0.79394329 -0.63487989 -1.74135934  2.69818419
 -1.80955059 -1.58813085 -2.30391422  2.18800723 -2.45128555  2.13559762
  2.07465229  1.53540763  2.38308407  2.80474841  1.64886109  1.20012665
 -1.5132453  -2.22927519  1.47130176  0.71194271  1.31361908 -3.01402348
 -0.37770293  2.51831698 -1.03585421  1.28752034  1.48329416  0.54455008
 -0.83302118  1.1151437   0.6682417  -0.38370037  2.80473741 -1.99307053
  1.5380462  -0.48681172  1.09033646 -2.84976594 -2.45832367  0.45773135
 -1.16150476 -0.49457619  0.36531605 -0.11126729 -1.65032831 -0.04117004
 -0.8597056   2.81181084 -1.06239937 -1.38013487 -0.94883443  1.07796525
  1.85224702 -0.69616521  1.97232733 -2.19417594 -0.34727696 -0.73251687
 -2.89008084  3.16480343 -1.63194486  3.13522462 -1.26602537 -2.70847995
  3.36217154 -1.23322306 -0.7764961  -2.8840756  -2.71720564  2.5456413
 -2.13655212 -2.04712769 -0.18154889  3.14998787  0.24664261  0.21384959
 -1.25020325 -0.67764034 -1.73376995 -3.0302509   2.87032653  1.23550998
 -0.48570758 -2.18838468  1.10971129 -1.10585757 -0.49042505 -2.73954134
 -2.06516913  1.86554799 -0.87381238  2.62185206 -0.45419495 -2.67151344
 -2.82019536  2.26182952 -3.14423359 -0.44536833 -1.00234813 -0.24660764
  2.34754163  1.8402524   0.01820761 -2.55288715 -2.6589217   0.24436931
 -0.76666239  1.24524141 -2.62771087  1.12505239 -0.38397823  0.42076276
  1.91903321  0.45811866  0.65074891 -1.27156748  1.79161227  2.93982481
  0.99593888  0.22180253 -1.14181237  2.42278784  0.72674076 -1.90977337
 -0.0503793   1.87092253  0.98664695 -1.08002952 -2.30130906  2.22238433
  2.00398661  1.92832358  2.29723356  1.91578703 -1.66121709 -3.10389866
  0.42852308  1.34475829 -2.26275495 -1.1258355   2.31183694  1.39294682
 -0.27195676 -1.84442282 -1.64823718  1.96528128  1.30723895 -1.01188301
 -0.23075457 -0.69309154 -0.30339037  2.30246094 -0.66193832 -0.93534322
  0.77591001 -2.35268968  0.59026892  2.78422879 -0.35242997  2.04722781
 -1.86126412 -1.35336623 -2.59736803 -2.42273026 -1.50153046 -3.02896617
  2.01620154  1.78191056  1.58151666  1.12533469  1.58819436 -2.44421553
 -2.50736692  1.78907349  1.03427238 -0.29185914 -2.47720449  1.43098303
 -1.04394796 -3.04762138 -0.04720681  1.89751583 -2.7012848  -2.36816638
  1.87611908  1.0296659  -0.62617468 -0.4963134  -0.92140755  1.96405527
  0.47262267 -0.35622598  0.40183279 -2.26662922  1.26136569 -0.15330668
  2.40236171  1.23319564  2.87809263 -1.05733904  2.10171148 -0.42989456
 -3.2684119   2.20322049  0.81147132  1.92881075 -1.28919682  1.43910595
 -2.12172284  0.20898503  0.08303744 -2.79059122 -0.90191417 -2.39307479
  0.07227801 -0.56898618]
Sat May 25 19:34:56 2024,759,0.09593800629995915,[-4.65847661  2.36664255 -1.84106074 -0.12409688  0.18672551 -2.68765082
  3.01282962  2.10571242  1.45518718 -0.92536051  0.61239985  1.09170225
  1.13210057 -1.54196789  0.77712899  2.80621744 -0.79815509 -0.6369177
 -1.75472055  0.60195869  1.67657193  2.99185599 -1.2087579  -0.31571261
 -2.42357596 -2.33803684  2.9945817   2.7632272  -0.54433297 -2.36481327
  1.48280768 -0.05850813 -2.31787479  2.09556424  1.28954027 -0.6385395
  0.84777203 -2.31880691 -0.02589568  2.15332941 -0.16394188  0.38886661
  2.71395739  1.04622468  2.46285646  3.16174744  2.64140811 -2.93932975
  0.26537407 -0.81572863  1.75888666  2.86399337 -0.51095145 -2.31763474
  2.78736961 -3.21076741  0.79394331 -0.63487991 -1.74135933  2.69818418
 -1.80955061 -1.58813084 -2.30391423  2.18800721 -2.45128553  2.13559763
  2.07465227  1.53540764  2.38308408  2.80474842  1.64886111  1.20012663
 -1.51324528 -2.22927521  1.47130177  0.71194272  1.31361907 -3.01402346
 -0.37770294  2.51831697 -1.03585423  1.28752032  1.48329417  0.5445501
 -0.8330212   1.11514371  0.66824168 -0.38370035  2.80473739 -1.99307051
  1.53804619 -0.48681173  1.09033648 -2.84976596 -2.45832365  0.45773133
 -1.16150477 -0.49457621  0.36531603 -0.11126727 -1.65032832 -0.04117006
 -0.85970558  2.81181085 -1.06239939 -1.38013488 -0.94883444  1.07796527
  1.85224701 -0.69616522  1.97232732 -2.19417593 -0.34727697 -0.73251685
 -2.89008083  3.16480345 -1.63194484  3.13522464 -1.26602539 -2.70847994
  3.36217153 -1.23322305 -0.77649608 -2.88407561 -2.71720566  2.54564131
 -2.13655214 -2.04712767 -0.18154888  3.14998788  0.24664263  0.2138496
 -1.25020326 -0.67764035 -1.73376993 -3.03025091  2.87032652  1.23551
 -0.48570757 -2.18838467  1.10971131 -1.10585755 -0.49042503 -2.73954135
 -2.06516914  1.86554797 -0.87381237  2.62185208 -0.45419493 -2.67151345
 -2.82019535  2.26182953 -3.14423358 -0.44536835 -1.00234812 -0.24660766
  2.34754164  1.84025241  0.0182076  -2.55288717 -2.65892169  0.2443693
 -0.76666237  1.24524139 -2.62771088  1.12505241 -0.38397824  0.42076274
  1.91903322  0.45811868  0.6507489  -1.27156749  1.79161226  2.93982483
  0.9959389   0.22180251 -1.14181239  2.42278786  0.72674075 -1.90977338
 -0.05037928  1.87092255  0.98664694 -1.08002953 -2.30130907  2.22238435
  2.0039866   1.92832357  2.29723357  1.91578705 -1.6612171  -3.10389864
  0.4285231   1.3447583  -2.26275493 -1.12583552  2.31183692  1.39294684
 -0.27195677 -1.8444228  -1.64823717  1.96528127  1.30723897 -1.01188303
 -0.23075455 -0.69309155 -0.30339036  2.30246093 -0.66193834 -0.93534323
  0.77591002 -2.35268966  0.59026894  2.7842288  -0.35242998  2.04722783
 -1.86126413 -1.35336621 -2.59736802 -2.42273028 -1.50153044 -3.02896619
  2.01620153  1.78191055  1.58151664  1.1253347   1.58819435 -2.44421555
 -2.5073669   1.7890735   1.03427237 -0.29185916 -2.47720451  1.43098305
 -1.04394795 -3.0476214  -0.0472068   1.89751584 -2.70128482 -2.36816636
  1.87611906  1.02966588 -0.62617466 -0.49631339 -0.92140757  1.96405526
  0.47262269 -0.35622597  0.4018328  -2.2666292   1.26136567 -0.1533067
  2.40236172  1.23319562  2.87809261 -1.05733902  2.10171146 -0.42989455
 -3.26841189  2.20322047  0.8114713   1.92881077 -1.2891968   1.43910597
 -2.12172285  0.20898505  0.08303743 -2.79059121 -0.90191415 -2.39307477
  0.07227803 -0.5689862 ]
Sat May 25 19:35:26 2024,760,0.09593800629915801,[-4.65847662  2.36664256 -1.84106072 -0.1240969   0.18672549 -2.68765084
  3.01282964  2.1057124   1.45518717 -0.92536049  0.61239983  1.09170223
  1.13210058 -1.5419679   0.77712897  2.80621745 -0.79815508 -0.63691772
 -1.75472053  0.6019587   1.67657191  2.99185597 -1.20875788 -0.31571262
 -2.42357597 -2.33803682  2.99458168  2.76322721 -0.54433295 -2.36481328
  1.4828077  -0.05850811 -2.31787477  2.09556423  1.28954025 -0.63853952
  0.84777204 -2.31880693 -0.02589567  2.15332939 -0.16394186  0.38886663
  2.71395741  1.0462247   2.46285645  3.16174743  2.64140813 -2.93932977
  0.26537408 -0.81572865  1.75888665  2.86399339 -0.51095147 -2.31763475
  2.7873696  -3.2107674   0.79394332 -0.63487989 -1.74135931  2.69818416
 -1.80955062 -1.58813085 -2.30391424  2.1880072  -2.45128552  2.13559765
  2.07465229  1.53540766  2.38308409  2.80474841  1.64886109  1.20012662
 -1.51324529 -2.22927522  1.47130179  0.71194271  1.31361905 -3.01402348
 -0.37770293  2.51831695 -1.03585424  1.28752033  1.48329416  0.54455008
 -0.83302118  1.11514373  0.66824167 -0.38370034  2.80473738 -1.9930705
  1.5380462  -0.48681172  1.09033646 -2.84976594 -2.45832367  0.45773132
 -1.16150476 -0.49457619  0.36531605 -0.11126729 -1.65032834 -0.04117004
 -0.8597056   2.81181084 -1.06239937 -1.3801349  -0.94883443  1.07796525
  1.85224702 -0.69616524  1.9723273  -2.19417594 -0.34727696 -0.73251687
 -2.89008084  3.16480346 -1.63194483  3.13522465 -1.2660254  -2.70847992
  3.36217151 -1.23322306 -0.77649607 -2.8840756  -2.71720564  2.5456413
 -2.13655212 -2.04712766 -0.18154889  3.1499879   0.24664264  0.21384962
 -1.25020325 -0.67764034 -1.73376995 -3.03025093  2.8703265   1.23551001
 -0.48570755 -2.18838465  1.10971132 -1.10585754 -0.49042502 -2.73954134
 -2.06516913  1.86554796 -0.87381235  2.62185209 -0.45419495 -2.67151347
 -2.82019536  2.26182952 -3.14423356 -0.44536833 -1.0023481  -0.24660764
  2.34754163  1.84025243  0.01820761 -2.55288718 -2.65892167  0.24436928
 -0.76666236  1.24524141 -2.62771087  1.12505242 -0.38397825  0.42076276
  1.91903321  0.45811869  0.65074891 -1.27156751  1.79161224  2.93982481
  0.99593891  0.22180253 -1.14181237  2.42278787  0.72674076 -1.9097734
 -0.0503793   1.87092256  0.98664692 -1.08002955 -2.30130906  2.22238433
  2.00398661  1.92832358  2.29723359  1.91578703 -1.66121711 -3.10389866
  0.42852311  1.34475832 -2.26275495 -1.1258355   2.31183694  1.39294685
 -0.27195676 -1.84442282 -1.64823715  1.96528125  1.30723895 -1.01188301
 -0.23075457 -0.69309154 -0.30339034  2.30246092 -0.66193832 -0.93534322
  0.77591001 -2.35268965  0.59026892  2.78422879 -0.35242997  2.04722784
 -1.86126412 -1.3533662  -2.597368   -2.42273029 -1.50153043 -3.02896617
  2.01620152  1.78191056  1.58151663  1.12533472  1.58819436 -2.44421553
 -2.50736689  1.78907349  1.03427238 -0.29185917 -2.47720452  1.43098306
 -1.04394796 -3.04762138 -0.04720679  1.89751586 -2.70128483 -2.36816638
  1.87611905  1.02966587 -0.62617468 -0.4963134  -0.92140758  1.96405524
  0.4726227  -0.35622598  0.40183282 -2.26662919  1.26136569 -0.15330671
  2.40236174  1.23319564  2.8780926  -1.05733904  2.10171145 -0.42989453
 -3.26841187  2.20322049  0.81147132  1.92881078 -1.28919682  1.43910598
 -2.12172284  0.20898506  0.08303744 -2.79059119 -0.90191417 -2.39307476
  0.07227804 -0.56898621]
Sat May 25 19:35:57 2024,761,0.09593800629835929,[-4.65847664  2.36664258 -1.84106074 -0.12409691  0.18672551 -2.68765085
  3.01282962  2.10571239  1.45518715 -0.92536051  0.61239985  1.09170222
  1.1321006  -1.54196792  0.77712899  2.80621747 -0.79815509 -0.6369177
 -1.75472052  0.60195869  1.67657193  2.99185599 -1.2087579  -0.31571264
 -2.42357599 -2.33803681  2.99458167  2.7632272  -0.54433297 -2.36481327
  1.48280771 -0.0585081  -2.31787476  2.09556422  1.28954027 -0.63853953
  0.84777206 -2.31880694 -0.02589565  2.15332941 -0.16394188  0.38886664
  2.71395739  1.04622471  2.46285646  3.16174744  2.64140811 -2.93932978
  0.2653741  -0.81572866  1.75888663  2.86399337 -0.51095145 -2.31763476
  2.78736961 -3.21076741  0.79394334 -0.63487991 -1.7413593   2.69818415
 -1.80955064 -1.58813084 -2.30391426  2.18800721 -2.45128553  2.13559763
  2.0746523   1.53540767  2.38308411  2.80474842  1.64886108  1.20012663
 -1.51324531 -2.22927524  1.4713018   0.71194272  1.31361904 -3.01402349
 -0.37770291  2.51831694 -1.03585423  1.28752032  1.48329414  0.54455007
 -0.8330212   1.11514371  0.66824168 -0.38370035  2.80473739 -1.99307048
  1.53804622 -0.48681173  1.09033648 -2.84976593 -2.45832368  0.45773133
 -1.16150477 -0.49457618  0.36531603 -0.11126727 -1.65032832 -0.04117003
 -0.85970558  2.81181085 -1.06239939 -1.38013491 -0.94883444  1.07796527
  1.85224703 -0.69616525  1.97232729 -2.19417596 -0.34727697 -0.73251685
 -2.89008083  3.16480348 -1.63194482  3.13522467 -1.26602539 -2.70847994
  3.36217153 -1.23322308 -0.77649605 -2.88407558 -2.71720563  2.54564131
 -2.13655214 -2.04712764 -0.18154888  3.14998788  0.24664263  0.2138496
 -1.25020323 -0.67764035 -1.73376993 -3.03025091  2.87032652  1.23551003
 -0.48570754 -2.18838467  1.10971134 -1.10585753 -0.490425   -2.73954135
 -2.06516912  1.86554797 -0.87381234  2.62185208 -0.45419493 -2.67151345
 -2.82019535  2.26182953 -3.14423358 -0.44536835 -1.00234812 -0.24660763
  2.34754164  1.84025241  0.0182076  -2.5528872  -2.65892166  0.24436927
 -0.76666237  1.24524139 -2.62771086  1.12505244 -0.38397824  0.42076274
  1.91903319  0.45811868  0.6507489  -1.27156752  1.79161223  2.93982482
  0.9959389   0.22180251 -1.14181236  2.42278789  0.72674078 -1.90977338
 -0.05037928  1.87092255  0.98664694 -1.08002953 -2.30130907  2.22238435
  2.0039866   1.9283236   2.29723357  1.91578702 -1.6612171  -3.10389867
  0.4285231   1.34475833 -2.26275493 -1.12583549  2.31183695  1.39294684
 -0.27195677 -1.84442283 -1.64823714  1.96528124  1.30723897 -1.011883
 -0.23075455 -0.69309155 -0.30339033  2.30246093 -0.66193831 -0.9353432
  0.77591002 -2.35268964  0.59026894  2.78422878 -0.35242998  2.04722783
 -1.86126413 -1.35336619 -2.59736799 -2.42273028 -1.50153044 -3.02896619
  2.01620153  1.78191055  1.58151664  1.12533473  1.58819438 -2.44421555
 -2.50736687  1.7890735   1.03427237 -0.29185916 -2.47720453  1.43098305
 -1.04394798 -3.0476214  -0.04720677  1.89751584 -2.70128482 -2.36816636
  1.87611903  1.02966588 -0.62617466 -0.49631342 -0.92140759  1.96405523
  0.47262269 -0.35622597  0.40183283 -2.2666292   1.26136567 -0.15330673
  2.40236172  1.23319565  2.87809261 -1.05733902  2.10171143 -0.42989455
 -3.26841186  2.2032205   0.81147133  1.9288108  -1.2891968   1.43910597
 -2.12172285  0.20898507  0.08303743 -2.79059121 -0.90191415 -2.39307477
  0.07227803 -0.5689862 ]
Sat May 25 19:36:31 2024,762,0.09593800629756377,[-4.65847665  2.36664256 -1.84106075 -0.1240969   0.18672549 -2.68765087
  3.01282964  2.1057124   1.45518717 -0.92536052  0.61239983  1.09170223
  1.13210058 -1.54196793  0.777129    2.80621748 -0.79815511 -0.63691772
 -1.7547205   0.6019587   1.67657191  2.99185597 -1.20875788 -0.31571262
 -2.423576   -2.3380368   2.99458165  2.76322718 -0.54433298 -2.36481328
  1.4828077  -0.05850808 -2.31787475  2.09556423  1.28954025 -0.63853955
  0.84777204 -2.31880696 -0.02589564  2.15332942 -0.16394189  0.38886663
  2.71395741  1.0462247   2.46285648  3.16174743  2.64140813 -2.93932977
  0.26537411 -0.81572868  1.75888665  2.86399336 -0.51095144 -2.31763478
  2.7873696  -3.21076743  0.79394335 -0.63487989 -1.74135928  2.69818413
 -1.80955065 -1.58813082 -2.30391424  2.1880072  -2.45128552  2.13559765
  2.07465232  1.53540766  2.38308412  2.80474841  1.64886106  1.20012665
 -1.51324532 -2.22927522  1.47130179  0.71194271  1.31361902 -3.01402351
 -0.37770293  2.51831692 -1.03585424  1.28752033  1.48329413  0.54455006
 -0.83302121  1.1151437   0.6682417  -0.38370034  2.80473738 -1.99307047
  1.53804623 -0.48681172  1.09033649 -2.84976591 -2.4583237   0.45773132
 -1.16150478 -0.49457616  0.36531602 -0.11126729 -1.65032831 -0.04117002
 -0.8597056   2.81181087 -1.0623994  -1.38013493 -0.94883443  1.07796525
  1.85224705 -0.69616527  1.9723273  -2.19417594 -0.34727699 -0.73251684
 -2.89008084  3.16480349 -1.63194483  3.13522465 -1.2660254  -2.70847992
  3.36217154 -1.23322306 -0.77649607 -2.88407557 -2.71720564  2.54564133
 -2.13655215 -2.04712766 -0.18154889  3.14998787  0.24664262  0.21384959
 -1.25020325 -0.67764037 -1.73376992 -3.03025093  2.87032653  1.23551001
 -0.48570752 -2.18838468  1.10971135 -1.10585754 -0.49042502 -2.73954137
 -2.06516913  1.86554796 -0.87381232  2.62185206 -0.45419492 -2.67151347
 -2.82019536  2.26182955 -3.14423359 -0.44536836 -1.00234813 -0.24660764
  2.34754166  1.8402524   0.01820761 -2.55288718 -2.65892164  0.24436925
 -0.76666236  1.24524141 -2.62771087  1.12505245 -0.38397825  0.42076273
  1.91903318  0.45811866  0.65074888 -1.27156754  1.79161224  2.93982484
  0.99593891  0.22180253 -1.14181234  2.4227879   0.72674079 -1.9097734
 -0.05037927  1.87092256  0.98664695 -1.08002955 -2.30130908  2.22238436
  2.00398658  1.92832358  2.29723359  1.915787   -1.66121709 -3.10389869
  0.42852308  1.34475832 -2.26275492 -1.1258355   2.31183697  1.39294682
 -0.27195679 -1.84442282 -1.64823715  1.96528122  1.30723895 -1.01188301
 -0.23075454 -0.69309157 -0.30339034  2.30246094 -0.66193829 -0.93534319
  0.77591004 -2.35268965  0.59026892  2.78422876 -0.35243     2.04722784
 -1.86126414 -1.3533662  -2.597368   -2.42273026 -1.50153046 -3.02896617
  2.01620154  1.78191056  1.58151666  1.12533475  1.58819439 -2.44421556
 -2.50736686  1.78907349  1.03427238 -0.29185914 -2.47720452  1.43098303
 -1.04394799 -3.04762141 -0.04720676  1.89751586 -2.70128483 -2.36816635
  1.87611902  1.0296659  -0.62617468 -0.49631343 -0.92140761  1.96405524
  0.4726227  -0.35622595  0.40183285 -2.26662919  1.26136569 -0.15330671
  2.40236171  1.23319567  2.87809263 -1.05733904  2.10171142 -0.42989453
 -3.26841184  2.20322052  0.81147132  1.92881081 -1.28919679  1.43910598
 -2.12172287  0.20898509  0.08303741 -2.79059119 -0.90191417 -2.39307478
  0.07227804 -0.56898618]
Sat May 25 19:37:15 2024,763,0.0959380062967702,[-4.65847666  2.36664255 -1.84106077 -0.12409691  0.18672551 -2.68765088
  3.01282965  2.10571242  1.45518718 -0.92536054  0.61239985  1.09170222
  1.1321006  -1.54196795  0.77712901  2.8062175  -0.79815512 -0.6369177
 -1.75472052  0.60195869  1.6765719   2.99185599 -1.20875787 -0.31571261
 -2.42357602 -2.33803678  2.99458164  2.76322717 -0.544333   -2.36481327
  1.48280771 -0.05850807 -2.31787476  2.09556424  1.28954024 -0.63853956
  0.84777206 -2.31880694 -0.02589562  2.15332941 -0.16394188  0.38886661
  2.71395739  1.04622471  2.46285646  3.16174744  2.64140811 -2.93932975
  0.26537413 -0.81572866  1.75888666  2.86399337 -0.51095142 -2.31763479
  2.78736958 -3.21076741  0.79394337 -0.63487988 -1.74135927  2.69818412
 -1.80955064 -1.58813081 -2.30391426  2.18800721 -2.4512855   2.13559766
  2.07465233  1.53540764  2.38308411  2.80474842  1.64886108  1.20012666
 -1.51324531 -2.22927521  1.47130177  0.71194269  1.31361901 -3.01402349
 -0.37770294  2.51831691 -1.03585426  1.28752035  1.48329414  0.54455004
 -0.83302123  1.11514371  0.66824168 -0.38370032  2.80473737 -1.99307048
  1.53804625 -0.48681173  1.09033651 -2.84976593 -2.45832371  0.45773133
 -1.1615048  -0.49457615  0.36531603 -0.1112673  -1.65032832 -0.04117003
 -0.85970561  2.81181085 -1.06239942 -1.38013494 -0.94883444  1.07796527
  1.85224706 -0.69616528  1.97232732 -2.19417596 -0.34727697 -0.73251685
 -2.89008085  3.16480351 -1.63194482  3.13522464 -1.26602542 -2.70847994
  3.36217153 -1.23322305 -0.77649605 -2.88407558 -2.71720566  2.54564131
 -2.13655214 -2.04712767 -0.18154888  3.14998788  0.24664263  0.2138496
 -1.25020326 -0.67764038 -1.73376993 -3.03025094  2.87032652  1.23551
 -0.48570751 -2.18838467  1.10971134 -1.10585755 -0.490425   -2.73954135
 -2.06516912  1.86554797 -0.87381234  2.62185208 -0.45419493 -2.67151348
 -2.82019538  2.26182956 -3.14423361 -0.44536835 -1.00234815 -0.24660766
  2.34754167  1.84025241  0.01820762 -2.55288717 -2.65892163  0.24436924
 -0.76666234  1.24524139 -2.62771088  1.12505246 -0.38397824  0.42076271
  1.91903316  0.45811865  0.65074887 -1.27156755  1.79161223  2.93982483
  0.9959389   0.22180254 -1.14181233  2.42278792  0.72674081 -1.90977341
 -0.05037928  1.87092258  0.98664697 -1.08002956 -2.3013091   2.22238438
  2.00398657  1.9283236   2.2972336   1.91578702 -1.66121707 -3.1038987
  0.4285231   1.34475833 -2.26275493 -1.12583549  2.31183698  1.39294684
 -0.2719568  -1.84442283 -1.64823717  1.96528121  1.30723894 -1.011883
 -0.23075455 -0.69309158 -0.30339033  2.30246096 -0.66193828 -0.93534317
  0.77591005 -2.35268964  0.59026894  2.78422875 -0.35242998  2.04722783
 -1.86126416 -1.35336619 -2.59736802 -2.42273028 -1.50153047 -3.02896619
  2.01620156  1.78191058  1.58151664  1.12533476  1.58819438 -2.44421555
 -2.50736684  1.7890735   1.0342724  -0.29185916 -2.47720453  1.43098302
 -1.04394798 -3.04762143 -0.04720674  1.89751584 -2.70128485 -2.36816636
  1.876119    1.02966588 -0.62617466 -0.49631344 -0.92140762  1.96405523
  0.47262272 -0.35622594  0.40183283 -2.2666292   1.2613657  -0.1533067
  2.40236172  1.23319568  2.87809264 -1.05733902  2.10171143 -0.42989452
 -3.26841183  2.20322053  0.8114713   1.92881083 -1.2891968   1.43910597
 -2.12172285  0.20898507  0.08303743 -2.79059121 -0.90191415 -2.3930748
  0.07227803 -0.5689862 ]
Sat May 25 19:37:38 2024,764,0.09593800629597919,[-4.65847668  2.36664256 -1.84106078 -0.1240969   0.18672552 -2.6876509
  3.01282964  2.1057124   1.4551872  -0.92536052  0.61239983  1.09170221
  1.13210061 -1.54196793  0.77712903  2.80621751 -0.79815514 -0.63691769
 -1.75472053  0.60195867  1.67657188  2.99185597 -1.20875788 -0.31571259
 -2.42357603 -2.3380368   2.99458165  2.76322718 -0.54433298 -2.36481328
  1.48280772 -0.05850805 -2.31787475  2.09556423  1.28954025 -0.63853957
  0.84777207 -2.31880693 -0.02589564  2.15332939 -0.16394189  0.3888666
  2.71395738  1.04622473  2.46285645  3.16174745  2.6414081  -2.93932977
  0.26537411 -0.81572865  1.75888665  2.86399339 -0.51095144 -2.31763481
  2.78736957 -3.21076743  0.79394335 -0.63487989 -1.74135928  2.69818413
 -1.80955062 -1.58813079 -2.30391424  2.18800723 -2.45128552  2.13559765
  2.07465232  1.53540763  2.3830841   2.80474841  1.64886109  1.20012665
 -1.5132453  -2.22927522  1.47130179  0.71194271  1.31361902 -3.01402351
 -0.37770296  2.51831692 -1.03585427  1.28752036  1.48329416  0.54455003
 -0.83302124  1.11514373  0.6682417  -0.38370034  2.80473735 -1.9930705
  1.53804623 -0.48681172  1.09033652 -2.84976591 -2.45832373  0.45773135
 -1.16150478 -0.49457616  0.36531605 -0.11126732 -1.65032834 -0.04117004
 -0.8597056   2.81181087 -1.0623994  -1.38013495 -0.94883446  1.07796528
  1.85224705 -0.69616527  1.9723273  -2.19417594 -0.34727699 -0.73251687
 -2.89008087  3.16480349 -1.6319448   3.13522462 -1.2660254  -2.70847992
  3.36217154 -1.23322306 -0.77649607 -2.8840756  -2.71720564  2.54564133
 -2.13655215 -2.04712769 -0.18154889  3.14998787  0.24664262  0.21384959
 -1.25020325 -0.67764037 -1.73376995 -3.03025096  2.8703265   1.23550998
 -0.48570752 -2.18838465  1.10971132 -1.10585754 -0.49042499 -2.73954134
 -2.0651691   1.86554796 -0.87381232  2.62185209 -0.45419492 -2.67151347
 -2.82019536  2.26182955 -3.14423359 -0.44536833 -1.00234813 -0.24660767
  2.34754166  1.8402524   0.01820761 -2.55288715 -2.65892161  0.24436923
 -0.76666236  1.24524138 -2.62771087  1.12505245 -0.38397823  0.42076273
  1.91903315  0.45811864  0.65074885 -1.27156757  1.79161221  2.93982481
  0.99593889  0.22180256 -1.14181231  2.42278793  0.72674079 -1.90977343
 -0.0503793   1.87092256  0.98664695 -1.08002958 -2.30130911  2.22238436
  2.00398658  1.92832361  2.29723362  1.91578701 -1.66121706 -3.10389869
  0.42852308  1.34475835 -2.26275495 -1.12583547  2.311837    1.39294682
 -0.27195679 -1.84442285 -1.64823718  1.96528119  1.30723893 -1.01188301
 -0.23075457 -0.6930916  -0.30339034  2.30246094 -0.66193826 -0.93534319
  0.77591006 -2.35268962  0.59026895  2.78422876 -0.35242997  2.04722784
 -1.86126417 -1.3533662  -2.59736803 -2.42273026 -1.50153049 -3.0289662
  2.01620154  1.78191059  1.58151663  1.12533475  1.58819436 -2.44421556
 -2.50736686  1.78907352  1.03427241 -0.29185917 -2.47720452  1.43098303
 -1.04394799 -3.04762144 -0.04720673  1.89751583 -2.70128486 -2.36816638
  1.87611902  1.02966587 -0.62617465 -0.49631346 -0.92140764  1.96405521
  0.47262273 -0.35622592  0.40183282 -2.26662919  1.26136572 -0.15330671
  2.40236171  1.23319567  2.87809266 -1.05733901  2.10171145 -0.42989453
 -3.26841184  2.20322055  0.81147132  1.92881084 -1.28919682  1.43910598
 -2.12172287  0.20898506  0.08303744 -2.79059119 -0.90191417 -2.39307481
  0.07227801 -0.56898618]
Sat May 25 19:38:01 2024,765,0.09593800629519103,[-4.65847669  2.36664255 -1.84106077 -0.12409691  0.18672554 -2.68765088
  3.01282965  2.10571242  1.45518718 -0.92536054  0.61239982  1.09170222
  1.1321006  -1.54196795  0.77712904  2.8062175  -0.79815515 -0.63691768
 -1.75472055  0.60195869  1.6765719   2.99185596 -1.2087579  -0.31571258
 -2.42357602 -2.33803681  2.99458167  2.7632272  -0.54433297 -2.36481327
  1.48280771 -0.05850807 -2.31787473  2.09556424  1.28954024 -0.63853959
  0.84777206 -2.31880694 -0.02589565  2.15332938 -0.16394188  0.38886661
  2.71395737  1.04622474  2.46285643  3.16174747  2.64140811 -2.93932978
  0.26537413 -0.81572863  1.75888666  2.86399337 -0.51095145 -2.31763482
  2.78736958 -3.21076744  0.79394334 -0.63487991 -1.74135927  2.69818412
 -1.80955064 -1.58813078 -2.30391423  2.18800724 -2.45128553  2.13559766
  2.0746523   1.53540761  2.38308411  2.80474839  1.64886111  1.20012663
 -1.51324531 -2.22927524  1.47130177  0.71194272  1.31361901 -3.01402352
 -0.37770297  2.51831694 -1.03585426  1.28752038  1.48329417  0.54455001
 -0.83302125  1.11514374  0.66824168 -0.38370032  2.80473734 -1.99307048
  1.53804625 -0.48681173  1.09033651 -2.8497659  -2.45832371  0.45773133
 -1.16150477 -0.49457615  0.36531606 -0.1112673  -1.65032832 -0.04117003
 -0.85970561  2.81181088 -1.06239942 -1.38013494 -0.94883447  1.07796527
  1.85224706 -0.69616528  1.97232732 -2.19417593 -0.347277   -0.73251688
 -2.89008085  3.16480348 -1.63194482  3.13522464 -1.26602542 -2.70847994
  3.36217153 -1.23322308 -0.77649605 -2.88407561 -2.71720563  2.54564134
 -2.13655217 -2.04712767 -0.18154891  3.14998788  0.24664263  0.2138496
 -1.25020323 -0.67764035 -1.73376996 -3.03025094  2.87032649  1.23551
 -0.48570751 -2.18838464  1.10971131 -1.10585753 -0.49042497 -2.73954133
 -2.06516909  1.86554797 -0.87381234  2.62185211 -0.4541949  -2.67151345
 -2.82019538  2.26182956 -3.14423358 -0.44536832 -1.00234812 -0.24660769
  2.34754167  1.84025241  0.01820762 -2.55288717 -2.6589216   0.24436921
 -0.76666237  1.24524136 -2.62771088  1.12505244 -0.38397824  0.42076271
  1.91903313  0.45811862  0.65074887 -1.27156755  1.7916122   2.9398248
  0.9959389   0.22180254 -1.14181233  2.42278795  0.72674081 -1.90977341
 -0.05037928  1.87092255  0.98664694 -1.08002956 -2.3013091   2.22238438
  2.0039866   1.9283236   2.2972336   1.91578699 -1.66121704 -3.1038987
  0.4285231   1.34475836 -2.26275496 -1.12583549  2.31183698  1.39294681
 -0.27195677 -1.84442286 -1.64823717  1.96528121  1.30723891 -1.011883
 -0.23075455 -0.69309161 -0.30339033  2.30246093 -0.66193828 -0.93534317
  0.77591008 -2.35268961  0.59026894  2.78422875 -0.35242998  2.04722783
 -1.86126419 -1.35336619 -2.59736802 -2.42273025 -1.50153047 -3.02896622
  2.01620153  1.78191058  1.58151664  1.12533476  1.58819438 -2.44421555
 -2.50736687  1.78907353  1.03427243 -0.29185918 -2.47720451  1.43098305
 -1.04394798 -3.04762143 -0.04720674  1.89751582 -2.70128488 -2.36816636
  1.87611903  1.02966586 -0.62617466 -0.49631347 -0.92140765  1.9640552
  0.47262272 -0.35622591  0.4018328  -2.2666292   1.26136573 -0.1533067
  2.40236169  1.23319565  2.87809264 -1.05733902  2.10171143 -0.42989452
 -3.26841186  2.20322053  0.8114713   1.92881083 -1.2891968   1.439106
 -2.12172285  0.20898507  0.08303743 -2.79059118 -0.90191415 -2.3930748
  0.072278   -0.5689862 ]
Sat May 25 19:39:01 2024,766,0.09593800629440516,[-4.65847671  2.36664256 -1.84106075 -0.12409693  0.18672555 -2.68765087
  3.01282964  2.10571243  1.45518717 -0.92536052  0.6123998   1.09170223
  1.13210061 -1.54196793  0.77712903  2.80621748 -0.79815514 -0.63691766
 -1.75472053  0.60195867  1.67657188  2.99185597 -1.20875791 -0.31571257
 -2.423576   -2.3380368   2.99458165  2.76322721 -0.54433295 -2.36481328
  1.48280772 -0.05850808 -2.31787475  2.09556423  1.28954022 -0.6385396
  0.84777204 -2.31880695 -0.02589567  2.15332936 -0.16394186  0.38886663
  2.71395738  1.04622476  2.46285645  3.16174745  2.6414081  -2.9393298
  0.26537411 -0.81572865  1.75888668  2.86399336 -0.51095144 -2.31763484
  2.78736957 -3.21076743  0.79394332 -0.63487989 -1.74135926  2.69818413
 -1.80955062 -1.58813076 -2.30391422  2.18800723 -2.45128554  2.13559765
  2.07465232  1.53540763  2.38308412  2.80474838  1.64886109  1.20012665
 -1.5132453  -2.22927525  1.47130176  0.71194271  1.313619   -3.01402351
 -0.37770296  2.51831692 -1.03585427  1.28752036  1.48329419  0.54455
 -0.83302127  1.11514376  0.6682417  -0.38370034  2.80473732 -1.99307047
  1.53804623 -0.48681172  1.09033652 -2.84976589 -2.4583237   0.45773135
 -1.16150476 -0.49457613  0.36531608 -0.11126729 -1.65032831 -0.04117002
 -0.85970563  2.81181087 -1.0623994  -1.38013493 -0.94883446  1.07796528
  1.85224705 -0.69616527  1.97232733 -2.19417594 -0.34727702 -0.7325169
 -2.89008084  3.16480346 -1.6319448   3.13522462 -1.2660254  -2.70847995
  3.36217154 -1.23322306 -0.77649607 -2.8840756  -2.71720564  2.54564133
 -2.13655218 -2.04712769 -0.18154892  3.14998787  0.24664262  0.21384962
 -1.25020322 -0.67764037 -1.73376995 -3.03025096  2.8703265   1.23551001
 -0.4857075  -2.18838463  1.10971129 -1.10585754 -0.49042499 -2.73954131
 -2.06516907  1.86554796 -0.87381235  2.62185212 -0.45419492 -2.67151347
 -2.82019536  2.26182957 -3.14423356 -0.44536833 -1.00234813 -0.24660767
  2.34754166  1.84025243  0.01820761 -2.55288716 -2.65892161  0.2443692
 -0.76666238  1.24524138 -2.6277109   1.12505245 -0.38397823  0.42076273
  1.91903315  0.45811863  0.65074888 -1.27156754  1.79161219  2.93982481
  0.99593889  0.22180253 -1.14181231  2.42278793  0.72674082 -1.90977343
 -0.0503793   1.87092256  0.98664695 -1.08002955 -2.30130908  2.22238436
  2.00398658  1.92832358  2.29723362  1.915787   -1.66121703 -3.10389872
  0.42852311  1.34475838 -2.26275495 -1.1258355   2.311837    1.3929468
 -0.27195679 -1.84442288 -1.64823718  1.96528119  1.30723893 -1.01188298
 -0.23075457 -0.69309163 -0.30339031  2.30246094 -0.66193826 -0.93534316
  0.77591006 -2.35268962  0.59026895  2.78422873 -0.35243     2.04722781
 -1.8612642  -1.3533662  -2.59736803 -2.42273026 -1.50153049 -3.02896623
  2.01620154  1.78191059  1.58151663  1.12533478  1.58819439 -2.44421553
 -2.50736689  1.78907352  1.03427244 -0.29185917 -2.47720449  1.43098306
 -1.04394796 -3.04762141 -0.04720673  1.8975158  -2.70128486 -2.36816638
  1.87611905  1.02966587 -0.62617467 -0.49631349 -0.92140767  1.96405521
  0.4726227  -0.35622592  0.40183282 -2.26662919  1.26136572 -0.15330668
  2.40236171  1.23319564  2.87809263 -1.05733901  2.10171145 -0.4298945
 -3.26841184  2.20322052  0.81147132  1.92881084 -1.28919679  1.43910601
 -2.12172287  0.20898509  0.08303744 -2.79059119 -0.90191414 -2.39307481
  0.07227801 -0.56898618]
Sat May 25 19:39:24 2024,767,0.09593800629362151,[-4.65847672  2.36664258 -1.84106077 -0.12409694  0.18672556 -2.68765088
  3.01282962  2.10571244  1.45518715 -0.92536054  0.61239979  1.09170225
  1.1321006  -1.54196792  0.77712902  2.80621747 -0.79815515 -0.63691765
 -1.75472054  0.60195866  1.6765719   2.99185599 -1.20875793 -0.31571255
 -2.42357599 -2.33803678  2.99458164  2.7632272  -0.54433294 -2.3648133
  1.48280774 -0.05850807 -2.31787473  2.09556422  1.28954021 -0.63853959
  0.84777206 -2.31880697 -0.02589565  2.15332935 -0.16394188  0.38886664
  2.71395739  1.04622474  2.46285643  3.16174744  2.64140811 -2.93932981
  0.26537413 -0.81572863  1.75888666  2.86399337 -0.51095143 -2.31763485
  2.78736958 -3.21076741  0.79394334 -0.63487991 -1.74135927  2.69818415
 -1.80955064 -1.58813078 -2.3039142   2.18800724 -2.45128553  2.13559766
  2.07465233  1.53540764  2.38308414  2.80474839  1.64886111  1.20012666
 -1.51324531 -2.22927524  1.47130174  0.71194269  1.31361898 -3.01402349
 -0.37770297  2.51831694 -1.03585426  1.28752038  1.4832942   0.54455001
 -0.83302128  1.11514374  0.66824171 -0.38370035  2.80473734 -1.99307048
  1.53804622 -0.48681171  1.09033651 -2.84976587 -2.45832368  0.45773133
 -1.16150477 -0.49457612  0.36531606 -0.11126727 -1.65032832 -0.04117
 -0.85970564  2.81181085 -1.06239939 -1.38013491 -0.94883444  1.0779653
  1.85224706 -0.69616528  1.97232735 -2.19417596 -0.34727703 -0.73251691
 -2.89008083  3.16480345 -1.63194479  3.13522461 -1.26602539 -2.70847997
  3.36217156 -1.23322308 -0.77649605 -2.88407561 -2.71720563  2.54564134
 -2.13655217 -2.04712767 -0.18154891  3.14998788  0.24664263  0.2138496
 -1.25020323 -0.67764038 -1.73376996 -3.03025097  2.87032649  1.23551003
 -0.48570751 -2.18838464  1.10971131 -1.10585753 -0.49042497 -2.7395413
 -2.06516909  1.86554797 -0.87381237  2.62185213 -0.4541949  -2.67151345
 -2.82019538  2.26182959 -3.14423358 -0.44536832 -1.00234815 -0.24660766
  2.34754164  1.84025244  0.01820762 -2.55288714 -2.65892163  0.24436918
 -0.76666237  1.24524139 -2.62771088  1.12505246 -0.38397821  0.42076274
  1.91903316  0.45811865  0.65074887 -1.27156752  1.79161217  2.9398248
  0.99593887  0.22180251 -1.14181233  2.42278792  0.72674081 -1.90977341
 -0.05037928  1.87092258  0.98664697 -1.08002956 -2.30130907  2.22238438
  2.00398657  1.92832357  2.2972336   1.91578702 -1.66121701 -3.10389873
  0.4285231   1.34475836 -2.26275493 -1.12583552  2.31183701  1.39294678
 -0.27195677 -1.84442286 -1.64823717  1.96528118  1.30723894 -1.011883
 -0.23075455 -0.69309161 -0.30339033  2.30246096 -0.66193825 -0.93534317
  0.77591005 -2.35268964  0.59026897  2.78422872 -0.35242998  2.0472278
 -1.86126422 -1.35336621 -2.59736805 -2.42273028 -1.5015305  -3.02896622
  2.01620153  1.78191061  1.58151664  1.12533476  1.58819441 -2.44421555
 -2.5073669   1.7890735   1.03427243 -0.29185918 -2.47720451  1.43098308
 -1.04394798 -3.0476214  -0.04720671  1.89751579 -2.70128485 -2.36816639
  1.87611903  1.02966588 -0.62617469 -0.4963135  -0.92140768  1.9640552
  0.47262272 -0.35622594  0.4018328  -2.26662918  1.2613657  -0.15330667
  2.40236169  1.23319562  2.87809264 -1.05733899  2.10171146 -0.42989452
 -3.26841186  2.20322053  0.8114713   1.92881083 -1.28919677  1.439106
 -2.12172285  0.20898507  0.08303746 -2.79059121 -0.90191415 -2.3930748
  0.072278   -0.5689862 ]
Sat May 25 19:40:22 2024,768,0.09593800629284004,[-4.65847674  2.36664259 -1.84106075 -0.12409693  0.18672555 -2.68765089
  3.01282964  2.10571246  1.45518717 -0.92536052  0.6123998   1.09170223
  1.13210061 -1.5419679   0.777129    2.80621745 -0.79815517 -0.63691766
 -1.75472053  0.60195867  1.67657188  2.991856   -1.20875791 -0.31571254
 -2.423576   -2.33803677  2.99458165  2.76322721 -0.54433295 -2.36481328
  1.48280775 -0.05850808 -2.31787475  2.0955642   1.28954022 -0.63853957
  0.84777204 -2.31880698 -0.02589564  2.15332933 -0.16394189  0.38886663
  2.71395738  1.04622473  2.46285642  3.16174743  2.64140813 -2.9393298
  0.26537411 -0.81572865  1.75888668  2.86399339 -0.51095144 -2.31763484
  2.78736957 -3.2107674   0.79394332 -0.63487992 -1.74135926  2.69818416
 -1.80955065 -1.58813079 -2.30391422  2.18800726 -2.45128554  2.13559765
  2.07465232  1.53540766  2.38308412  2.80474838  1.64886112  1.20012665
 -1.51324532 -2.22927525  1.47130173  0.71194268  1.313619   -3.01402351
 -0.37770299  2.51831695 -1.03585424  1.28752039  1.48329421  0.54455003
 -0.8330213   1.11514373  0.6682417  -0.38370037  2.80473732 -1.99307047
  1.5380462  -0.48681172  1.09033652 -2.84976586 -2.45832367  0.45773135
 -1.16150476 -0.49457613  0.36531605 -0.11126726 -1.65032831 -0.04116999
 -0.85970563  2.81181087 -1.06239938 -1.3801349  -0.94883443  1.07796531
  1.85224708 -0.6961653   1.97232733 -2.19417594 -0.34727704 -0.7325169
 -2.89008081  3.16480346 -1.6319448   3.13522462 -1.26602538 -2.70847995
  3.36217157 -1.23322309 -0.77649604 -2.8840756  -2.71720562  2.54564133
 -2.13655218 -2.04712769 -0.18154892  3.14998787  0.24664264  0.21384959
 -1.25020325 -0.67764037 -1.73376998 -3.03025098  2.8703265   1.23551004
 -0.48570752 -2.18838463  1.10971129 -1.10585751 -0.49042496 -2.73954131
 -2.06516907  1.86554796 -0.87381235  2.62185212 -0.45419489 -2.67151347
 -2.82019539  2.26182957 -3.14423359 -0.44536833 -1.00234816 -0.24660767
  2.34754163  1.84025243  0.01820764 -2.55288715 -2.65892161  0.2443692
 -0.76666236  1.24524138 -2.62771087  1.12505248 -0.38397823  0.42076276
  1.91903318  0.45811864  0.65074885 -1.27156751  1.79161216  2.93982481
  0.99593889  0.22180253 -1.14181231  2.4227879   0.72674082 -1.90977343
 -0.0503793   1.87092259  0.98664698 -1.08002958 -2.30130906  2.22238436
  2.00398658  1.92832358  2.29723359  1.91578701 -1.66121703 -3.10389875
  0.42852308  1.34475838 -2.26275495 -1.12583553  2.31183703  1.39294677
 -0.27195679 -1.84442285 -1.64823715  1.96528119  1.30723895 -1.01188298
 -0.23075454 -0.69309163 -0.30339031  2.30246094 -0.66193826 -0.93534316
  0.77591004 -2.35268962  0.59026898  2.7842287  -0.35242997  2.04722781
 -1.8612642  -1.3533662  -2.59736803 -2.42273029 -1.50153049 -3.0289662
  2.01620154  1.78191059  1.58151663  1.12533478  1.58819439 -2.44421556
 -2.50736689  1.78907349  1.03427244 -0.29185917 -2.47720452  1.43098309
 -1.04394799 -3.04762138 -0.0472067   1.8975158  -2.70128483 -2.3681664
  1.87611902  1.0296659  -0.6261747  -0.49631352 -0.9214077   1.96405521
  0.4726227  -0.35622595  0.40183282 -2.26662919  1.26136569 -0.15330665
  2.40236168  1.23319561  2.87809266 -1.05733901  2.10171145 -0.4298945
 -3.26841187  2.20322052  0.81147132  1.92881081 -1.28919676  1.43910598
 -2.12172287  0.20898509  0.08303747 -2.79059122 -0.90191414 -2.39307479
  0.07227801 -0.56898618]
Sat May 25 19:40:46 2024,769,0.09593800629206087,[-4.65847675  2.36664261 -1.84106074 -0.12409694  0.18672556 -2.68765088
  3.01282965  2.10571247  1.45518715 -0.92536054  0.61239982  1.09170222
  1.1321006  -1.54196789  0.77712902  2.80621744 -0.79815518 -0.63691768
 -1.75472054  0.60195866  1.67657187  2.99185599 -1.20875793 -0.31571255
 -2.42357599 -2.33803675  2.99458164  2.76322723 -0.54433297 -2.36481327
  1.48280777 -0.0585081  -2.31787473  2.09556419  1.28954021 -0.63853956
  0.84777203 -2.31880697 -0.02589565  2.15332932 -0.1639419   0.38886661
  2.71395739  1.04622471  2.46285643  3.16174744  2.64140814 -2.93932978
  0.26537413 -0.81572866  1.75888669  2.8639934  -0.51095143 -2.31763482
  2.78736958 -3.21076739  0.79394331 -0.63487991 -1.74135924  2.69818415
 -1.80955064 -1.58813078 -2.3039142   2.18800727 -2.45128553  2.13559763
  2.07465233  1.53540764  2.38308414  2.80474837  1.64886111  1.20012666
 -1.51324534 -2.22927524  1.47130174  0.71194266  1.31361898 -3.01402349
 -0.377703    2.51831697 -1.03585426  1.28752038  1.4832942   0.54455001
 -0.83302128  1.11514374  0.66824168 -0.38370038  2.80473731 -1.99307046
  1.53804622 -0.48681173  1.09033654 -2.84976584 -2.45832368  0.45773136
 -1.16150474 -0.49457612  0.36531606 -0.11126724 -1.65032832 -0.04117
 -0.85970561  2.81181088 -1.06239936 -1.38013488 -0.94883444  1.0779653
  1.85224706 -0.69616531  1.97232732 -2.19417596 -0.34727703 -0.73251688
 -2.89008083  3.16480348 -1.63194479  3.13522461 -1.26602536 -2.70847994
  3.36217158 -1.23322308 -0.77649605 -2.88407561 -2.71720563  2.54564134
 -2.13655219 -2.0471277  -0.18154894  3.14998785  0.24664263  0.21384958
 -1.25020323 -0.67764035 -1.73376996 -3.03025097  2.87032652  1.23551006
 -0.48570751 -2.18838464  1.10971131 -1.1058575  -0.49042495 -2.7395413
 -2.06516909  1.86554794 -0.87381237  2.62185211 -0.45419487 -2.67151345
 -2.82019538  2.26182959 -3.14423358 -0.44536832 -1.00234815 -0.24660769
  2.34754164  1.84025244  0.01820762 -2.55288717 -2.65892163  0.24436918
 -0.76666237  1.24524136 -2.62771088  1.12505246 -0.38397821  0.42076274
  1.91903316  0.45811862  0.65074884 -1.27156752  1.79161217  2.9398248
  0.9959389   0.22180251 -1.1418123   2.42278789  0.72674081 -1.90977341
 -0.05037931  1.8709226   0.98664699 -1.08002956 -2.30130907  2.22238435
  2.0039866   1.9283236   2.2972336   1.91578702 -1.66121704 -3.10389873
  0.42852307  1.34475839 -2.26275496 -1.12583552  2.31183704  1.39294678
 -0.27195677 -1.84442283 -1.64823714  1.96528121  1.30723897 -1.011883
 -0.23075455 -0.69309161 -0.30339033  2.30246093 -0.66193825 -0.93534314
  0.77591002 -2.35268961  0.59026897  2.78422872 -0.35242995  2.0472278
 -1.86126419 -1.35336619 -2.59736802 -2.42273031 -1.50153047 -3.02896622
  2.01620156  1.78191058  1.58151661  1.12533479  1.58819441 -2.44421558
 -2.5073669   1.7890735   1.03427243 -0.29185916 -2.47720451  1.43098308
 -1.04394801 -3.0476214  -0.04720671  1.89751579 -2.70128482 -2.36816642
  1.87611903  1.02966588 -0.62617469 -0.4963135  -0.92140771  1.96405523
  0.47262269 -0.35622594  0.4018328  -2.2666292   1.26136567 -0.15330664
  2.40236169  1.23319559  2.87809267 -1.05733902  2.10171146 -0.42989449
 -3.26841186  2.2032205   0.8114713   1.92881083 -1.28919674  1.439106
 -2.12172285  0.2089851   0.08303746 -2.79059124 -0.90191415 -2.3930748
  0.072278   -0.56898617]
Sat May 25 19:41:09 2024,770,0.09593800629128474,[-4.65847677  2.36664259 -1.84106072 -0.12409696  0.18672555 -2.68765089
  3.01282964  2.10571246  1.45518717 -0.92536055  0.6123998   1.09170223
  1.13210061 -1.5419679   0.77712903  2.80621743 -0.79815517 -0.63691766
 -1.75472053  0.60195867  1.67657188  2.99185597 -1.20875791 -0.31571257
 -2.423576   -2.33803677  2.99458162  2.76322724 -0.54433295 -2.36481328
  1.48280775 -0.05850808 -2.31787472  2.0955642   1.2895402  -0.63853955
  0.84777201 -2.31880696 -0.02589567  2.15332931 -0.16394189  0.38886663
  2.71395741  1.04622473  2.46285645  3.16174745  2.64140813 -2.93932977
  0.26537411 -0.81572865  1.7588867   2.86399342 -0.51095144 -2.31763484
  2.78736957 -3.2107674   0.79394332 -0.63487992 -1.74135926  2.69818413
 -1.80955062 -1.58813076 -2.30391422  2.18800729 -2.45128554  2.13559765
  2.07465232  1.53540766  2.38308415  2.80474838  1.64886112  1.20012665
 -1.51324535 -2.22927522  1.47130176  0.71194268  1.31361897 -3.01402351
 -0.37770301  2.51831695 -1.03585424  1.28752036  1.48329421  0.54455
 -0.8330213   1.11514373  0.6682417  -0.3837004   2.80473729 -1.99307047
  1.5380462  -0.48681172  1.09033652 -2.84976586 -2.4583237   0.45773135
 -1.16150473 -0.49457613  0.36531605 -0.11126723 -1.65032831 -0.04117002
 -0.85970563  2.81181087 -1.06239935 -1.3801349  -0.94883446  1.07796528
  1.85224708 -0.69616533  1.97232733 -2.19417594 -0.34727704 -0.73251687
 -2.89008081  3.16480349 -1.6319448   3.1352246  -1.26602538 -2.70847995
  3.3621716  -1.23322306 -0.77649607 -2.8840756  -2.71720562  2.54564133
 -2.13655218 -2.04712769 -0.18154892  3.14998784  0.24664264  0.21384959
 -1.25020325 -0.67764034 -1.73376995 -3.03025098  2.8703265   1.23551007
 -0.48570752 -2.18838465  1.10971132 -1.10585748 -0.49042496 -2.73954131
 -2.06516907  1.86554793 -0.87381235  2.62185209 -0.45419489 -2.67151347
 -2.82019536  2.2618296  -3.14423359 -0.44536833 -1.00234813 -0.2466077
  2.34754163  1.84025246  0.01820761 -2.55288716 -2.65892161  0.2443692
 -0.76666236  1.24524135 -2.62771087  1.12505248 -0.3839782   0.42076276
  1.91903318  0.45811863  0.65074882 -1.27156754  1.79161216  2.93982481
  0.99593891  0.2218025  -1.14181231  2.42278787  0.72674079 -1.90977343
 -0.05037932  1.87092259  0.98664701 -1.08002958 -2.30130908  2.22238436
  2.00398661  1.92832361  2.29723362  1.91578703 -1.66121703 -3.10389875
  0.42852306  1.34475838 -2.26275498 -1.1258355   2.31183703  1.39294677
 -0.27195676 -1.84442285 -1.64823712  1.96528122  1.30723895 -1.01188298
 -0.23075457 -0.69309163 -0.30339031  2.30246092 -0.66193826 -0.93534313
  0.77591004 -2.35268962  0.59026898  2.78422873 -0.35242997  2.04722778
 -1.86126417 -1.35336617 -2.59736803 -2.42273032 -1.50153049 -3.02896623
  2.01620157  1.78191056  1.58151663  1.12533481  1.58819439 -2.44421559
 -2.50736691  1.78907349  1.03427241 -0.29185914 -2.47720452  1.43098309
 -1.04394802 -3.04762138 -0.0472067   1.8975158  -2.70128481 -2.3681664
  1.87611902  1.0296659  -0.6261747  -0.49631352 -0.92140772  1.96405524
  0.47262267 -0.35622592  0.40183279 -2.26662919  1.26136566 -0.15330665
  2.40236168  1.23319558  2.87809268 -1.05733904  2.10171148 -0.4298945
 -3.26841187  2.20322049  0.81147129  1.92881084 -1.28919673  1.43910601
 -2.12172284  0.20898512  0.08303744 -2.79059122 -0.90191417 -2.39307481
  0.07227798 -0.56898616]
Sat May 25 19:41:37 2024,771,0.09593800629051027,[-4.65847678  2.36664258 -1.84106074 -0.12409697  0.18672556 -2.68765091
  3.01282962  2.10571244  1.45518715 -0.92536057  0.61239982  1.09170222
  1.13210063 -1.54196792  0.77712904  2.80621744 -0.79815515 -0.63691765
 -1.75472054  0.60195869  1.67657187  2.99185599 -1.2087579  -0.31571258
 -2.42357602 -2.33803675  2.99458164  2.76322726 -0.54433297 -2.3648133
  1.48280777 -0.05850807 -2.3178747   2.09556419  1.28954018 -0.63853953
  0.84777203 -2.31880697 -0.02589565  2.15332929 -0.16394188  0.38886664
  2.71395742  1.04622471  2.46285646  3.16174747  2.64140814 -2.93932975
  0.26537413 -0.81572863  1.75888672  2.86399343 -0.51095145 -2.31763485
  2.78736958 -3.21076741  0.79394331 -0.63487991 -1.74135924  2.69818415
 -1.80955061 -1.58813078 -2.3039142   2.1880073  -2.45128556  2.13559763
  2.07465233  1.53540767  2.38308414  2.80474839  1.64886111  1.20012666
 -1.51324537 -2.22927524  1.47130174  0.71194269  1.31361895 -3.01402349
 -0.37770303  2.51831694 -1.03585426  1.28752035  1.48329423  0.54455001
 -0.83302128  1.11514371  0.66824168 -0.38370038  2.80473728 -1.99307046
  1.53804619 -0.48681171  1.09033654 -2.84976587 -2.45832368  0.45773136
 -1.16150471 -0.49457615  0.36531606 -0.11126724 -1.65032832 -0.04117
 -0.85970564  2.81181085 -1.06239936 -1.38013491 -0.94883444  1.0779653
  1.85224709 -0.69616534  1.97232732 -2.19417593 -0.34727703 -0.73251688
 -2.8900808   3.16480351 -1.63194482  3.13522458 -1.26602536 -2.70847997
  3.36217158 -1.23322308 -0.77649608 -2.88407558 -2.71720563  2.54564131
 -2.13655219 -2.0471277  -0.18154891  3.14998782  0.24664266  0.2138496
 -1.25020326 -0.67764035 -1.73376993 -3.03025097  2.87032649  1.23551008
 -0.48570751 -2.18838464  1.10971131 -1.10585747 -0.49042497 -2.7395413
 -2.06516909  1.86554791 -0.87381236  2.62185211 -0.4541949  -2.67151345
 -2.82019538  2.26182962 -3.14423361 -0.44536832 -1.00234812 -0.24660771
  2.34754164  1.84025247  0.01820762 -2.55288717 -2.65892163  0.24436921
 -0.76666234  1.24524136 -2.62771086  1.12505246 -0.38397821  0.42076274
  1.91903319  0.45811862  0.65074881 -1.27156755  1.79161217  2.9398248
  0.9959389   0.22180251 -1.1418123   2.42278789  0.72674081 -1.90977341
 -0.05037931  1.87092258  0.98664699 -1.08002959 -2.3013091   2.22238438
  2.00398663  1.9283236   2.29723363  1.91578702 -1.66121701 -3.10389876
  0.42852304  1.34475839 -2.26275499 -1.12583552  2.31183704  1.39294678
 -0.27195677 -1.84442286 -1.64823714  1.96528124  1.30723897 -1.01188297
 -0.23075455 -0.69309164 -0.30339033  2.30246093 -0.66193825 -0.93534314
  0.77591005 -2.35268961  0.59026899  2.78422872 -0.35242998  2.0472278
 -1.86126416 -1.35336616 -2.59736805 -2.42273034 -1.50153047 -3.02896622
  2.01620156  1.78191055  1.58151664  1.12533482  1.58819438 -2.4442156
 -2.50736693  1.7890735   1.0342724  -0.29185913 -2.47720453  1.43098308
 -1.04394803 -3.04762137 -0.04720668  1.89751582 -2.70128479 -2.36816642
  1.876119    1.02966591 -0.62617469 -0.4963135  -0.92140774  1.96405525
  0.47262269 -0.35622591  0.40183278 -2.2666292   1.26136567 -0.15330667
  2.40236169  1.23319557  2.8780927  -1.05733902  2.10171149 -0.42989452
 -3.26841188  2.20322047  0.8114713   1.92881083 -1.28919674  1.43910603
 -2.12172282  0.20898513  0.08303746 -2.79059121 -0.90191418 -2.3930748
  0.072278   -0.56898617]
Sat May 25 19:42:05 2024,772,0.09593800628973835,[-4.65847679  2.36664256 -1.84106075 -0.12409698  0.18672555 -2.68765092
  3.01282964  2.10571243  1.45518717 -0.92536058  0.61239983  1.09170223
  1.13210064 -1.5419679   0.77712906  2.80621743 -0.79815514 -0.63691766
 -1.75472053  0.6019587   1.67657185  2.99185597 -1.20875788 -0.31571257
 -2.423576   -2.33803677  2.99458162  2.76322727 -0.54433295 -2.36481331
  1.48280775 -0.05850805 -2.31787469  2.09556417  1.28954017 -0.63853955
  0.84777201 -2.31880698 -0.02589567  2.15332928 -0.16394186  0.38886666
  2.71395744  1.04622473  2.46285645  3.16174745  2.64140813 -2.93932977
  0.26537411 -0.81572862  1.75888673  2.86399344 -0.51095144 -2.31763484
  2.7873696  -3.2107674   0.79394332 -0.63487989 -1.74135926  2.69818416
 -1.8095506  -1.58813079 -2.30391419  2.18800729 -2.45128557  2.13559765
  2.07465235  1.53540766  2.38308415  2.80474841  1.64886112  1.20012667
 -1.51324535 -2.22927522  1.47130173  0.71194268  1.31361894 -3.01402351
 -0.37770304  2.51831692 -1.03585424  1.28752036  1.48329421  0.54455003
 -0.83302127  1.11514373  0.66824167 -0.3837004   2.80473729 -1.99307047
  1.5380462  -0.48681172  1.09033655 -2.84976589 -2.45832367  0.45773135
 -1.16150473 -0.49457613  0.36531605 -0.11126726 -1.65032831 -0.04117002
 -0.85970563  2.81181084 -1.06239938 -1.3801349  -0.94883443  1.07796528
  1.85224711 -0.69616533  1.97232731 -2.19417594 -0.34727702 -0.73251687
 -2.89008078  3.16480352 -1.6319448   3.13522457 -1.26602535 -2.70847998
  3.3621716  -1.23322306 -0.7764961  -2.88407557 -2.71720564  2.5456413
 -2.13655221 -2.04712769 -0.18154889  3.14998784  0.24664267  0.21384962
 -1.25020327 -0.67764037 -1.73376992 -3.03025098  2.8703265   1.2355101
 -0.4857075  -2.18838465  1.10971129 -1.10585745 -0.49042499 -2.73954128
 -2.0651691   1.86554793 -0.87381235  2.62185212 -0.45419489 -2.67151347
 -2.82019539  2.26182963 -3.14423362 -0.4453683  -1.00234813 -0.24660773
  2.34754163  1.84025246  0.01820761 -2.55288718 -2.65892164  0.24436922
 -0.76666233  1.24524138 -2.62771084  1.12505245 -0.3839782   0.42076273
  1.91903318  0.45811863  0.6507488  -1.27156754  1.79161216  2.93982478
  0.99593891  0.2218025  -1.14181228  2.42278787  0.72674079 -1.9097734
 -0.05037932  1.87092256  0.98664698 -1.0800296  -2.30130911  2.22238439
  2.00398664  1.92832361  2.29723364  1.91578701 -1.661217   -3.10389875
  0.42852306  1.34475838 -2.262755   -1.1258355   2.31183703  1.39294677
 -0.27195676 -1.84442285 -1.64823712  1.96528122  1.30723895 -1.01188298
 -0.23075454 -0.69309165 -0.30339031  2.30246092 -0.66193826 -0.93534316
  0.77591006 -2.35268962  0.59026901  2.7842287  -0.35242997  2.04722778
 -1.86126415 -1.35336617 -2.59736803 -2.42273035 -1.50153049 -3.02896623
  2.01620154  1.78191056  1.58151666  1.12533481  1.58819439 -2.44421562
 -2.50736694  1.78907352  1.03427239 -0.29185914 -2.47720452  1.43098306
 -1.04394805 -3.04762138 -0.04720667  1.89751583 -2.70128478 -2.3681664
  1.87611902  1.02966593 -0.62617468 -0.49631349 -0.92140775  1.96405527
  0.4726227  -0.35622592  0.40183276 -2.26662922  1.26136569 -0.15330668
  2.40236171  1.23319558  2.87809268 -1.05733901  2.10171148 -0.4298945
 -3.2684119   2.20322046  0.81147132  1.92881084 -1.28919676  1.43910604
 -2.12172284  0.20898515  0.08303744 -2.79059119 -0.90191419 -2.39307479
  0.07227798 -0.56898616]
Sat May 25 19:42:29 2024,773,0.09593800628896834,[-4.65847681  2.36664255 -1.84106074 -0.12409697  0.18672556 -2.68765094
  3.01282965  2.10571242  1.45518718 -0.92536057  0.61239982  1.09170225
  1.13210065 -1.54196792  0.77712907  2.80621741 -0.79815515 -0.63691765
 -1.75472054  0.60195869  1.67657187  2.99185596 -1.20875787 -0.31571258
 -2.42357599 -2.33803678  2.99458164  2.76322728 -0.54433297 -2.3648133
  1.48280777 -0.05850804 -2.3178747   2.09556416  1.28954015 -0.63853956
  0.84777203 -2.31880697 -0.02589565  2.15332926 -0.16394188  0.38886664
  2.71395742  1.04622471  2.46285643  3.16174744  2.64140812 -2.93932975
  0.26537413 -0.81572861  1.75888675  2.86399343 -0.51095145 -2.31763482
  2.78736961 -3.21076741  0.79394331 -0.63487988 -1.74135924  2.69818418
 -1.80955061 -1.58813081 -2.3039142   2.18800727 -2.45128556  2.13559766
  2.07465236  1.53540764  2.38308417  2.80474839  1.64886111  1.20012666
 -1.51324537 -2.22927524  1.47130174  0.71194266  1.31361895 -3.01402349
 -0.37770306  2.51831694 -1.03585423  1.28752038  1.4832942   0.54455004
 -0.83302126  1.11514371  0.66824168 -0.38370041  2.80473728 -1.99307048
  1.53804619 -0.48681171  1.09033654 -2.84976587 -2.45832366  0.45773136
 -1.16150471 -0.49457612  0.36531603 -0.11126724 -1.65032829 -0.04117
 -0.85970564  2.81181085 -1.06239936 -1.38013488 -0.94883444  1.07796527
  1.85224712 -0.69616531  1.97232732 -2.19417593 -0.347277   -0.73251685
 -2.89008077  3.16480353 -1.63194479  3.13522458 -1.26602533 -2.70847997
  3.36217158 -1.23322305 -0.77649608 -2.88407558 -2.71720563  2.54564131
 -2.13655219 -2.04712767 -0.18154888  3.14998782  0.24664269  0.2138496
 -1.25020326 -0.67764038 -1.73376991 -3.03025097  2.87032652  1.23551011
 -0.48570748 -2.18838464  1.10971131 -1.10585744 -0.490425   -2.73954127
 -2.06516911  1.86554791 -0.87381234  2.62185211 -0.4541949  -2.67151348
 -2.82019541  2.26182965 -3.14423361 -0.44536829 -1.00234815 -0.24660771
  2.34754164  1.84025247  0.0182076  -2.55288717 -2.65892166  0.24436924
 -0.76666234  1.24524136 -2.62771086  1.12505246 -0.38397821  0.42076271
  1.91903316  0.45811862  0.65074878 -1.27156752  1.79161214  2.9398248
  0.9959389   0.22180251 -1.1418123   2.42278789  0.72674078 -1.90977338
 -0.05037931  1.87092258  0.98664697 -1.08002962 -2.30130913  2.22238441
  2.00398663  1.92832362  2.29723366  1.91578699 -1.66121698 -3.10389876
  0.42852304  1.34475836 -2.26275499 -1.12583552  2.31183701  1.39294678
 -0.27195675 -1.84442286 -1.64823714  1.96528121  1.30723897 -1.01188297
 -0.23075453 -0.69309167 -0.3033903   2.30246093 -0.66193828 -0.93534314
  0.77591008 -2.35268963  0.59026899  2.78422872 -0.35242995  2.0472278
 -1.86126416 -1.35336616 -2.59736802 -2.42273036 -1.5015305  -3.02896625
  2.01620153  1.78191055  1.58151667  1.12533479  1.58819438 -2.44421563
 -2.50736696  1.7890735   1.03427237 -0.29185913 -2.47720453  1.43098305
 -1.04394803 -3.04762137 -0.04720666  1.89751582 -2.70128479 -2.36816642
  1.876119    1.02966594 -0.62617466 -0.4963135  -0.92140777  1.96405525
  0.47262269 -0.35622591  0.40183278 -2.26662923  1.2613657  -0.15330667
  2.40236169  1.23319557  2.87809267 -1.05733902  2.10171146 -0.42989452
 -3.26841191  2.20322047  0.8114713   1.92881086 -1.28919677  1.43910603
 -2.12172285  0.20898513  0.08303743 -2.79059118 -0.90191421 -2.39307477
  0.072278   -0.56898614]
Sat May 25 19:43:31 2024,774,0.09593800628820154,[-4.65847682  2.36664253 -1.84106075 -0.12409696  0.18672558 -2.68765092
  3.01282967  2.1057124   1.45518717 -0.92536055  0.6123998   1.09170223
  1.13210064 -1.54196793  0.77712906  2.80621743 -0.79815514 -0.63691763
 -1.75472053  0.6019587   1.67657188  2.99185594 -1.20875785 -0.31571257
 -2.423576   -2.33803677  2.99458162  2.76322727 -0.54433295 -2.36481328
  1.48280778 -0.05850803 -2.31787469  2.09556414  1.28954017 -0.63853955
  0.84777204 -2.31880696 -0.02589567  2.15332925 -0.16394186  0.38886663
  2.71395744  1.0462247   2.46285645  3.16174743  2.64140813 -2.93932974
  0.26537411 -0.81572859  1.75888673  2.86399344 -0.51095147 -2.31763481
  2.7873696  -3.2107674   0.79394329 -0.63487986 -1.74135923  2.69818419
 -1.80955062 -1.58813079 -2.30391422  2.18800726 -2.45128557  2.13559765
  2.07465237  1.53540763  2.38308418  2.80474838  1.64886109  1.20012665
 -1.51324538 -2.22927525  1.47130176  0.71194268  1.31361897 -3.01402351
 -0.37770307  2.51831692 -1.03585424  1.28752036  1.48329419  0.54455003
 -0.83302127  1.11514373  0.6682417  -0.3837004   2.80473727 -1.99307047
  1.53804617 -0.48681169  1.09033655 -2.84976589 -2.45832364  0.45773135
 -1.16150473 -0.49457611  0.36531602 -0.11126723 -1.65032831 -0.04117002
 -0.85970563  2.81181087 -1.06239935 -1.38013487 -0.94883443  1.07796525
  1.85224713 -0.69616533  1.97232733 -2.19417594 -0.34727702 -0.73251687
 -2.89008078  3.16480355 -1.6319448   3.13522459 -1.26602535 -2.70847995
  3.36217157 -1.23322306 -0.77649607 -2.8840756  -2.71720562  2.54564133
 -2.13655218 -2.04712769 -0.18154886  3.14998781  0.2466427   0.21384959
 -1.25020325 -0.67764037 -1.73376992 -3.03025096  2.8703265   1.23551013
 -0.48570747 -2.18838465  1.10971129 -1.10585743 -0.49042502 -2.73954128
 -2.0651691   1.8655479  -0.87381232  2.62185209 -0.45419489 -2.67151347
 -2.82019542  2.26182966 -3.14423362 -0.4453683  -1.00234816 -0.24660773
  2.34754166  1.84025248  0.01820758 -2.55288716 -2.65892167  0.24436925
 -0.76666236  1.24524138 -2.62771084  1.12505245 -0.38397823  0.42076273
  1.91903318  0.45811861  0.6507488  -1.27156754  1.79161213  2.93982481
  0.99593891  0.2218025  -1.14181228  2.4227879   0.72674079 -1.9097734
 -0.05037932  1.87092259  0.98664698 -1.0800296  -2.30130911  2.22238439
  2.00398661  1.92832361  2.29723367  1.91578701 -1.661217   -3.10389875
  0.42852303  1.34475835 -2.26275498 -1.1258355   2.31183703  1.39294677
 -0.27195676 -1.84442288 -1.64823712  1.96528119  1.30723898 -1.01188298
 -0.23075451 -0.69309168 -0.30339028  2.30246094 -0.66193826 -0.93534316
  0.77591006 -2.35268962  0.59026901  2.7842287  -0.35242994  2.04722781
 -1.86126417 -1.35336614 -2.59736803 -2.42273038 -1.50153049 -3.02896623
  2.01620152  1.78191053  1.58151668  1.12533478  1.58819439 -2.44421565
 -2.50736697  1.78907349  1.03427239 -0.29185914 -2.47720452  1.43098303
 -1.04394802 -3.04762138 -0.04720664  1.8975158  -2.70128478 -2.3681664
  1.87611902  1.02966593 -0.62617465 -0.49631352 -0.92140775  1.96405527
  0.47262267 -0.3562259   0.40183279 -2.26662925  1.26136569 -0.15330665
  2.40236171  1.23319555  2.87809266 -1.05733904  2.10171148 -0.4298945
 -3.26841193  2.20322046  0.81147132  1.92881084 -1.28919679  1.43910604
 -2.12172287  0.20898515  0.08303744 -2.79059117 -0.90191419 -2.39307479
  0.07227798 -0.56898616]
Sat May 25 19:43:54 2024,775,0.09593800628743579,[-4.65847684  2.36664252 -1.84106077 -0.12409694  0.18672556 -2.68765091
  3.01282968  2.10571239  1.45518716 -0.92536057  0.61239979  1.09170222
  1.13210065 -1.54196794  0.77712904  2.80621744 -0.79815515 -0.63691762
 -1.75472052  0.60195869  1.67657187  2.99185596 -1.20875784 -0.31571258
 -2.42357602 -2.33803678  2.99458164  2.76322726 -0.54433294 -2.36481327
  1.48280777 -0.05850801 -2.31787467  2.09556416  1.28954018 -0.63853956
  0.84777203 -2.31880694 -0.02589565  2.15332924 -0.16394188  0.38886661
  2.71395745  1.04622471  2.46285643  3.16174744  2.64140812 -2.93932975
  0.26537413 -0.81572858  1.75888675  2.86399346 -0.51095145 -2.31763479
  2.78736961 -3.21076741  0.79394328 -0.63487988 -1.74135924  2.69818418
 -1.80955064 -1.58813078 -2.30391423  2.18800727 -2.45128556  2.13559766
  2.07465239  1.53540764  2.38308419  2.80474837  1.64886111  1.20012666
 -1.51324539 -2.22927524  1.47130174  0.71194269  1.31361898 -3.01402349
 -0.37770306  2.51831691 -1.03585426  1.28752035  1.48329417  0.54455004
 -0.83302126  1.11514374  0.66824171 -0.38370041  2.80473725 -1.99307048
  1.53804619 -0.48681168  1.09033654 -2.84976587 -2.45832366  0.45773133
 -1.16150471 -0.49457609  0.36531601 -0.11126722 -1.65032829 -0.04117
 -0.85970561  2.81181085 -1.06239936 -1.38013488 -0.94883442  1.07796527
  1.85224712 -0.69616531  1.97232732 -2.19417593 -0.347277   -0.73251685
 -2.8900808   3.16480353 -1.63194481  3.13522461 -1.26602533 -2.70847994
  3.36217156 -1.23322308 -0.77649608 -2.88407561 -2.71720563  2.54564131
 -2.13655219 -2.0471277  -0.18154885  3.14998782  0.24664269  0.21384958
 -1.25020326 -0.67764035 -1.73376991 -3.03025094  2.87032649  1.23551014
 -0.48570748 -2.18838464  1.10971128 -1.10585744 -0.490425   -2.73954127
 -2.06516911  1.86554789 -0.87381231  2.62185208 -0.4541949  -2.67151345
 -2.82019541  2.26182967 -3.14423361 -0.44536832 -1.00234815 -0.24660774
  2.34754164  1.8402525   0.0182076  -2.55288714 -2.65892166  0.24436927
 -0.76666237  1.24524136 -2.62771086  1.12505246 -0.38397821  0.42076271
  1.91903319  0.45811859  0.65074878 -1.27156752  1.79161214  2.93982482
  0.9959389   0.22180248 -1.14181227  2.42278792  0.72674078 -1.90977341
 -0.05037934  1.8709226   0.98664699 -1.08002959 -2.3013091   2.22238441
  2.0039866   1.9283236   2.29723366  1.91578699 -1.66121701 -3.10389873
  0.42852304  1.34475833 -2.26275496 -1.12583552  2.31183704  1.39294675
 -0.27195675 -1.84442289 -1.64823714  1.96528121  1.307239   -1.01188297
 -0.2307545  -0.69309167 -0.30339027  2.30246096 -0.66193825 -0.93534314
  0.77591008 -2.35268961  0.59026899  2.78422869 -0.35242995  2.0472278
 -1.86126419 -1.35336613 -2.59736802 -2.42273036 -1.50153047 -3.02896625
  2.01620153  1.78191055  1.58151667  1.12533476  1.58819441 -2.44421563
 -2.50736696  1.7890735   1.0342724  -0.29185913 -2.47720453  1.43098302
 -1.04394803 -3.0476214  -0.04720666  1.89751582 -2.70128479 -2.36816639
  1.876119    1.02966594 -0.62617466 -0.49631353 -0.92140777  1.96405528
  0.47262269 -0.35622591  0.40183278 -2.26662926  1.26136567 -0.15330664
  2.40236169  1.23319554  2.87809267 -1.05733902  2.10171149 -0.42989452
 -3.26841194  2.20322047  0.8114713   1.92881083 -1.2891968   1.43910606
 -2.12172285  0.20898513  0.08303746 -2.79059115 -0.90191421 -2.39307477
  0.07227797 -0.56898614]
Sat May 25 19:44:19 2024,776,0.09593800628667248,[-4.65847685  2.36664253 -1.84106078 -0.12409693  0.18672555 -2.6876509
  3.01282969  2.1057124   1.45518714 -0.92536058  0.6123998   1.09170223
  1.13210067 -1.54196793  0.77712906  2.80621743 -0.79815514 -0.63691763
 -1.7547205   0.60195867  1.67657185  2.99185594 -1.20875785 -0.31571259
 -2.42357603 -2.33803677  2.99458165  2.76322727 -0.54433295 -2.36481325
  1.48280775 -0.05850803 -2.31787469  2.09556417  1.28954019 -0.63853957
  0.84777201 -2.31880693 -0.02589567  2.15332922 -0.16394186  0.3888666
  2.71395746  1.0462247   2.46285645  3.16174745  2.6414081  -2.93932977
  0.26537411 -0.81572859  1.75888673  2.86399344 -0.51095147 -2.31763481
  2.7873696  -3.21076743  0.79394329 -0.63487986 -1.74135923  2.69818416
 -1.80955065 -1.58813079 -2.30391422  2.18800729 -2.45128555  2.13559768
  2.0746524   1.53540766  2.38308418  2.80474838  1.64886112  1.20012665
 -1.51324541 -2.22927525  1.47130176  0.71194268  1.31361899 -3.01402348
 -0.37770304  2.51831692 -1.03585424  1.28752034  1.48329416  0.54455003
 -0.83302124  1.11514373  0.6682417  -0.38370042  2.80473724 -1.9930705
  1.53804617 -0.48681166  1.09033652 -2.84976588 -2.45832364  0.45773135
 -1.16150473 -0.49457611  0.36531599 -0.11126723 -1.65032831 -0.04117002
 -0.8597056   2.81181084 -1.06239938 -1.38013487 -0.9488344   1.07796528
  1.85224713 -0.69616533  1.97232733 -2.19417591 -0.34727702 -0.73251684
 -2.89008078  3.16480355 -1.63194483  3.1352246  -1.26602532 -2.70847995
  3.36217154 -1.23322306 -0.7764961  -2.88407562 -2.71720562  2.54564133
 -2.13655221 -2.04712769 -0.18154884  3.14998781  0.24664267  0.21384959
 -1.25020327 -0.67764037 -1.73376989 -3.03025093  2.87032647  1.23551013
 -0.4857075  -2.18838463  1.10971127 -1.10585745 -0.49042499 -2.73954125
 -2.06516913  1.8655479  -0.87381232  2.62185206 -0.45419492 -2.67151347
 -2.82019542  2.26182969 -3.14423362 -0.44536833 -1.00234813 -0.24660776
  2.34754163  1.84025251  0.01820761 -2.55288716 -2.65892164  0.24436925
 -0.76666236  1.24524135 -2.62771087  1.12505245 -0.38397823  0.4207627
  1.91903321  0.45811858  0.65074877 -1.27156751  1.79161216  2.93982481
  0.99593889  0.22180247 -1.14181228  2.42278793  0.72674076 -1.90977343
 -0.05037935  1.87092259  0.98664701 -1.0800296  -2.30130909  2.22238439
  2.00398661  1.92832361  2.29723367  1.91578698 -1.66121703 -3.10389872
  0.42852303  1.34475835 -2.26275498 -1.1258355   2.31183705  1.39294677
 -0.27195673 -1.84442288 -1.64823715  1.96528119  1.30723901 -1.01188298
 -0.23075448 -0.69309165 -0.30339026  2.30246097 -0.66193823 -0.93534313
  0.77591006 -2.35268959  0.59026898  2.7842287  -0.35242994  2.04722778
 -1.8612642  -1.35336614 -2.59736803 -2.42273035 -1.50153049 -3.02896623
  2.01620154  1.78191056  1.58151668  1.12533475  1.58819442 -2.44421562
 -2.50736697  1.78907352  1.03427241 -0.29185914 -2.47720452  1.43098303
 -1.04394802 -3.04762138 -0.04720667  1.89751583 -2.70128478 -2.3681664
  1.87611902  1.02966593 -0.62617468 -0.49631354 -0.92140775  1.96405527
  0.47262267 -0.3562259   0.40183276 -2.26662927  1.26136569 -0.15330665
  2.40236171  1.23319552  2.87809268 -1.05733904  2.10171148 -0.4298945
 -3.26841193  2.20322049  0.81147129  1.92881084 -1.28919679  1.43910607
 -2.12172284  0.20898515  0.08303744 -2.79059114 -0.90191422 -2.39307479
  0.07227798 -0.56898616]
Sat May 25 19:44:42 2024,777,0.09593800628591198,[-4.65847686  2.36664252 -1.84106079 -0.12409691  0.18672556 -2.68765091
  3.01282968  2.10571239  1.45518716 -0.92536059  0.61239982  1.09170222
  1.13210068 -1.54196794  0.77712904  2.80621741 -0.79815512 -0.63691765
 -1.75472049  0.60195869  1.67657187  2.99185596 -1.20875787 -0.31571261
 -2.42357605 -2.33803678  2.99458164  2.76322728 -0.54433297 -2.36481327
  1.48280774 -0.05850804 -2.3178747   2.09556416  1.28954021 -0.63853956
  0.847772   -2.31880691 -0.02589565  2.15332921 -0.16394185  0.38886659
  2.71395745  1.04622469  2.46285646  3.16174744  2.64140809 -2.93932975
  0.2653741  -0.81572861  1.75888675  2.86399346 -0.51095145 -2.31763479
  2.78736958 -3.21076744  0.79394331 -0.63487988 -1.74135924  2.69818418
 -1.80955067 -1.58813081 -2.3039142   2.18800727 -2.45128553  2.13559766
  2.07465242  1.53540764  2.38308417  2.80474839  1.64886113  1.20012663
 -1.51324542 -2.22927524  1.47130177  0.71194269  1.31361901 -3.01402349
 -0.37770306  2.51831691 -1.03585426  1.28752032  1.48329417  0.54455004
 -0.83302126  1.11514374  0.66824168 -0.38370044  2.80473725 -1.99307048
  1.53804616 -0.48681165  1.09033651 -2.8497659  -2.45832363  0.45773133
 -1.16150471 -0.49457612  0.36531601 -0.11126722 -1.65032829 -0.04117003
 -0.85970561  2.81181083 -1.06239936 -1.38013488 -0.94883442  1.07796527
  1.85224715 -0.69616531  1.97232735 -2.19417593 -0.34727703 -0.73251683
 -2.89008077  3.16480356 -1.63194481  3.13522461 -1.26602533 -2.70847994
  3.36217156 -1.23322305 -0.77649611 -2.88407561 -2.7172056   2.54564131
 -2.13655222 -2.0471277  -0.18154882  3.14998782  0.24664269  0.2138496
 -1.25020326 -0.67764038 -1.73376988 -3.03025094  2.87032649  1.23551011
 -0.48570748 -2.18838464  1.10971128 -1.10585744 -0.49042497 -2.73954127
 -2.06516911  1.86554791 -0.87381234  2.62185205 -0.45419493 -2.67151345
 -2.82019544  2.26182967 -3.14423361 -0.44536832 -1.00234812 -0.24660774
  2.34754164  1.8402525   0.01820762 -2.55288717 -2.65892166  0.24436927
 -0.76666234  1.24524136 -2.62771086  1.12505246 -0.38397821  0.42076269
  1.91903322  0.45811859  0.65074875 -1.27156749  1.79161214  2.93982482
  0.9959389   0.22180248 -1.1418123   2.42278792  0.72674078 -1.90977344
 -0.05037934  1.8709226   0.98664699 -1.08002962 -2.3013091   2.22238441
  2.00398663  1.92832362  2.29723366  1.91578699 -1.66121704 -3.1038987
  0.42852301  1.34475833 -2.26275499 -1.12583552  2.31183707  1.39294678
 -0.27195672 -1.84442286 -1.64823714  1.96528118  1.307239   -1.011883
 -0.23075447 -0.69309167 -0.30339027  2.30246096 -0.66193822 -0.93534314
  0.77591008 -2.35268961  0.59026899  2.78422869 -0.35242993  2.04722777
 -1.86126419 -1.35336613 -2.59736802 -2.42273034 -1.5015305  -3.02896622
  2.01620153  1.78191058  1.5815167   1.12533474  1.58819441 -2.4442156
 -2.50736698  1.7890735   1.03427243 -0.29185913 -2.47720451  1.43098305
 -1.04394803 -3.0476214  -0.04720668  1.89751584 -2.70128479 -2.36816642
  1.87611903  1.02966591 -0.62617466 -0.49631353 -0.92140777  1.96405528
  0.47262269 -0.35622591  0.40183275 -2.26662929  1.26136567 -0.15330667
  2.40236169  1.23319554  2.8780927  -1.05733902  2.10171149 -0.42989452
 -3.26841191  2.20322047  0.8114713   1.92881085 -1.28919677  1.43910606
 -2.12172283  0.20898513  0.08303743 -2.79059112 -0.90191424 -2.39307477
  0.07227797 -0.56898617]
Sat May 25 19:45:07 2024,778,0.09593800628515316,[-4.65847688  2.36664253 -1.84106078 -0.1240969   0.18672558 -2.68765092
  3.01282967  2.10571237  1.45518714 -0.92536058  0.6123998   1.09170221
  1.1321007  -1.54196793  0.77712903  2.8062174  -0.79815514 -0.63691763
 -1.7547205   0.6019587   1.67657185  2.99185594 -1.20875788 -0.31571262
 -2.42357606 -2.33803679  2.99458162  2.7632273  -0.54433298 -2.36481328
  1.48280775 -0.05850805 -2.31787469  2.09556417  1.28954019 -0.63853955
  0.84777199 -2.31880693 -0.02589564  2.15332919 -0.16394183  0.3888666
  2.71395744  1.0462247   2.46285647  3.16174745  2.64140807 -2.93932974
  0.26537409 -0.81572859  1.75888676  2.86399347 -0.51095147 -2.31763481
  2.78736957 -3.21076746  0.79394329 -0.63487989 -1.74135923  2.69818419
 -1.80955068 -1.58813082 -2.30391419  2.18800726 -2.45128555  2.13559765
  2.0746524   1.53540766  2.38308415  2.80474841  1.64886112  1.20012665
 -1.51324541 -2.22927522  1.47130179  0.71194268  1.31361902 -3.01402351
 -0.37770304  2.5183169  -1.03585424  1.28752031  1.48329416  0.54455005
 -0.83302127  1.11514376  0.6682417  -0.38370045  2.80473724 -1.99307047
  1.53804617 -0.48681164  1.09033652 -2.84976589 -2.45832364  0.45773135
 -1.1615047  -0.49457613  0.36531602 -0.1112672  -1.65032828 -0.04117002
 -0.8597056   2.81181084 -1.06239935 -1.38013487 -0.9488344   1.07796528
  1.85224716 -0.69616533  1.97232733 -2.19417594 -0.34727704 -0.73251681
 -2.89008076  3.16480355 -1.63194483  3.13522462 -1.26602535 -2.70847995
  3.36217154 -1.23322303 -0.7764961  -2.88407562 -2.71720562  2.5456413
 -2.13655221 -2.04712769 -0.18154881  3.14998781  0.24664267  0.21384962
 -1.25020325 -0.67764037 -1.73376989 -3.03025096  2.8703265   1.23551013
 -0.4857075  -2.18838465  1.10971127 -1.10585745 -0.49042499 -2.73954128
 -2.0651691   1.86554793 -0.87381232  2.62185206 -0.45419492 -2.67151344
 -2.82019542  2.26182969 -3.14423359 -0.44536833 -1.00234813 -0.24660776
  2.34754163  1.84025248  0.01820761 -2.55288718 -2.65892167  0.24436928
 -0.76666233  1.24524135 -2.62771087  1.12505248 -0.3839782   0.4207627
  1.91903321  0.45811858  0.65074874 -1.27156748  1.79161216  2.93982484
  0.99593891  0.2218025  -1.14181228  2.42278793  0.72674079 -1.90977345
 -0.05037932  1.87092259  0.98664701 -1.0800296  -2.30130911  2.22238439
  2.00398664  1.92832364  2.29723367  1.91578698 -1.66121703 -3.10389869
  0.428523    1.34475832 -2.262755   -1.12583553  2.31183708  1.39294677
 -0.2719567  -1.84442288 -1.64823712  1.96528119  1.30723901 -1.01188301
 -0.23075446 -0.69309168 -0.30339028  2.30246097 -0.66193821 -0.93534313
  0.77591006 -2.35268962  0.59026901  2.78422868 -0.35242994  2.04722775
 -1.8612642  -1.35336614 -2.59736803 -2.42273032 -1.50153051 -3.02896623
  2.01620154  1.78191056  1.58151671  1.12533472  1.58819442 -2.44421559
 -2.507367    1.78907352  1.03427244 -0.29185914 -2.47720452  1.43098303
 -1.04394805 -3.04762138 -0.0472067   1.89751586 -2.70128478 -2.36816643
  1.87611902  1.0296659  -0.62617465 -0.49631352 -0.92140778  1.9640553
  0.47262267 -0.35622592  0.40183273 -2.26662927  1.26136569 -0.15330668
  2.40236168  1.23319552  2.87809268 -1.05733901  2.1017115  -0.42989453
 -3.2684119   2.20322049  0.81147129  1.92881087 -1.28919676  1.43910604
 -2.12172284  0.20898515  0.08303741 -2.79059111 -0.90191422 -2.39307479
  0.07227798 -0.56898618]
Sat May 25 19:45:30 2024,779,0.09593800628439661,[-4.65847689  2.36664255 -1.84106079 -0.12409689  0.18672559 -2.68765094
  3.01282965  2.10571239  1.45518713 -0.92536059  0.61239979  1.09170219
  1.13210071 -1.54196792  0.77712904  2.80621741 -0.79815515 -0.63691762
 -1.75472049  0.60195872  1.67657184  2.99185596 -1.2087579  -0.31571264
 -2.42357607 -2.33803681  2.99458164  2.76322728 -0.54433299 -2.36481327
  1.48280774 -0.05850807 -2.31787467  2.09556419  1.28954018 -0.63853956
  0.847772   -2.31880694 -0.02589562  2.15332921 -0.16394182  0.38886661
  2.71395745  1.04622469  2.46285646  3.16174747  2.64140806 -2.93932973
  0.2653741  -0.81572861  1.75888675  2.86399349 -0.51095145 -2.31763482
  2.78736956 -3.21076744  0.79394328 -0.63487991 -1.74135924  2.69818418
 -1.80955069 -1.58813081 -2.3039142   2.18800727 -2.45128553  2.13559763
  2.07465239  1.53540767  2.38308417  2.80474842  1.64886113  1.20012663
 -1.51324542 -2.22927524  1.47130177  0.71194269  1.31361904 -3.01402349
 -0.37770306  2.51831688 -1.03585426  1.28752029  1.48329414  0.54455007
 -0.83302128  1.11514377  0.66824168 -0.38370047  2.80473725 -1.99307046
  1.53804619 -0.48681162  1.09033651 -2.8497659  -2.45832363  0.45773136
 -1.16150471 -0.49457615  0.36531603 -0.11126719 -1.65032826 -0.04117
 -0.85970561  2.81181085 -1.06239936 -1.38013485 -0.94883442  1.0779653
  1.85224715 -0.69616531  1.97232735 -2.19417596 -0.34727703 -0.7325168
 -2.89008077  3.16480353 -1.63194481  3.13522464 -1.26602533 -2.70847994
  3.36217153 -1.23322302 -0.77649611 -2.88407564 -2.7172056   2.54564131
 -2.13655219 -2.0471277  -0.18154882  3.1499878   0.24664269  0.2138496
 -1.25020326 -0.67764035 -1.73376991 -3.03025094  2.87032649  1.23551011
 -0.48570748 -2.18838464  1.10971125 -1.10585747 -0.490425   -2.73954127
 -2.06516911  1.86554794 -0.87381231  2.62185208 -0.4541949  -2.67151343
 -2.82019541  2.2618297  -3.14423358 -0.44536834 -1.00234812 -0.24660777
  2.34754164  1.8402525   0.0182076  -2.55288717 -2.65892168  0.24436929
 -0.76666231  1.24524134 -2.62771086  1.12505249 -0.38397821  0.42076271
  1.91903322  0.45811856  0.65074875 -1.27156749  1.79161214  2.93982485
  0.99593893  0.22180251 -1.1418123   2.42278792  0.72674081 -1.90977344
 -0.05037931  1.8709226   0.98664699 -1.08002959 -2.3013091   2.22238438
  2.00398665  1.92832365  2.29723366  1.91578699 -1.66121701 -3.1038987
  0.42852299  1.34475831 -2.26275502 -1.12583554  2.31183707  1.39294675
 -0.27195672 -1.84442289 -1.64823714  1.96528118  1.30723902 -1.011883
 -0.23075447 -0.69309167 -0.3033903   2.30246096 -0.66193819 -0.93534314
  0.77591005 -2.35268963  0.59026899  2.78422866 -0.35242993  2.04722774
 -1.86126422 -1.35336616 -2.59736805 -2.42273031 -1.50153053 -3.02896625
  2.01620153  1.78191058  1.58151673  1.12533471  1.58819443 -2.44421558
 -2.50736698  1.78907353  1.03427246 -0.29185913 -2.47720453  1.43098302
 -1.04394803 -3.04762137 -0.04720668  1.89751584 -2.70128476 -2.36816642
  1.876119    1.02966591 -0.62617466 -0.4963135  -0.92140779  1.96405528
  0.47262266 -0.35622594  0.40183272 -2.26662929  1.26136567 -0.1533067
  2.40236169  1.23319554  2.87809267 -1.05733899  2.10171152 -0.42989452
 -3.26841191  2.2032205   0.8114713   1.92881085 -1.28919674  1.43910606
 -2.12172283  0.20898513  0.08303743 -2.7905911  -0.90191421 -2.3930748
  0.07227797 -0.5689862 ]
Sat May 25 19:46:01 2024,780,0.09593800628364232,[-4.65847691  2.36664253 -1.84106081 -0.12409687  0.18672558 -2.68765095
  3.01282967  2.10571237  1.45518711 -0.92536058  0.6123998   1.09170221
  1.13210072 -1.54196793  0.77712903  2.8062174  -0.79815514 -0.63691763
 -1.7547205   0.60195873  1.67657183  2.99185597 -1.20875788 -0.31571265
 -2.42357609 -2.33803682  2.99458162  2.76322727 -0.54433301 -2.36481328
  1.48280775 -0.05850805 -2.31787466  2.09556417  1.28954019 -0.63853955
  0.84777201 -2.31880695 -0.02589564  2.15332922 -0.16394183  0.3888666
  2.71395746  1.0462247   2.46285647  3.16174748  2.64140805 -2.93932971
  0.26537409 -0.81572859  1.75888676  2.86399347 -0.51095147 -2.31763484
  2.78736954 -3.21076743  0.79394327 -0.63487992 -1.74135923  2.69818416
 -1.80955068 -1.58813079 -2.30391422  2.18800729 -2.45128552  2.13559765
  2.0746524   1.53540769  2.38308418  2.80474841  1.64886112  1.20012665
 -1.51324544 -2.22927522  1.47130176  0.71194271  1.31361905 -3.01402351
 -0.37770307  2.51831687 -1.03585427  1.28752028  1.48329413  0.54455005
 -0.83302127  1.11514376  0.66824167 -0.38370048  2.80473727 -1.99307047
  1.5380462  -0.48681161  1.09033652 -2.84976591 -2.45832361  0.45773135
 -1.1615047  -0.49457616  0.36531602 -0.11126717 -1.65032828 -0.04117002
 -0.8597056   2.81181084 -1.06239935 -1.38013487 -0.9488344   1.07796531
  1.85224716 -0.6961653   1.97232736 -2.19417597 -0.34727704 -0.73251681
 -2.89008076  3.16480355 -1.6319448   3.13522462 -1.26602535 -2.70847992
  3.36217154 -1.23322301 -0.7764961  -2.88407562 -2.71720562  2.5456413
 -2.13655218 -2.04712769 -0.18154884  3.14998778  0.2466427   0.21384962
 -1.25020327 -0.67764037 -1.73376992 -3.03025093  2.8703265   1.2355101
 -0.48570747 -2.18838465  1.10971127 -1.10585748 -0.49042502 -2.73954125
 -2.0651691   1.86554796 -0.87381229  2.62185209 -0.45419489 -2.67151341
 -2.82019539  2.26182972 -3.14423359 -0.44536836 -1.00234813 -0.24660778
  2.34754166  1.84025251  0.01820761 -2.55288716 -2.6589217   0.24436931
 -0.76666233  1.24524135 -2.62771084  1.12505248 -0.38397823  0.42076273
  1.91903321  0.45811855  0.65074877 -1.27156748  1.79161216  2.93982487
  0.99593891  0.2218025  -1.14181228  2.4227879   0.72674079 -1.90977343
 -0.0503793   1.87092262  0.98664701 -1.0800296  -2.30130909  2.22238439
  2.00398667  1.92832364  2.29723364  1.915787   -1.661217   -3.10389872
  0.428523    1.34475829 -2.262755   -1.12583553  2.31183705  1.39294674
 -0.27195673 -1.84442288 -1.64823715  1.96528119  1.30723901 -1.01188301
 -0.23075448 -0.69309165 -0.30339028  2.30246094 -0.66193821 -0.93534316
  0.77591004 -2.35268962  0.59026898  2.78422868 -0.35242994  2.04722773
 -1.86126423 -1.35336614 -2.59736803 -2.42273029 -1.50153054 -3.02896626
  2.01620154  1.78191056  1.58151671  1.12533469  1.58819445 -2.44421556
 -2.50736697  1.78907352  1.03427247 -0.29185911 -2.47720452  1.43098303
 -1.04394805 -3.04762135 -0.0472067   1.89751586 -2.70128478 -2.3681664
  1.87611902  1.02966593 -0.62617467 -0.49631349 -0.92140781  1.9640553
  0.47262264 -0.35622595  0.40183273 -2.26662927  1.26136569 -0.15330671
  2.40236171  1.23319552  2.87809266 -1.05733898  2.1017115  -0.4298945
 -3.26841193  2.20322049  0.81147129  1.92881084 -1.28919673  1.43910607
 -2.12172284  0.20898515  0.08303741 -2.79059108 -0.90191422 -2.39307481
  0.07227798 -0.56898621]
Sat May 25 19:46:30 2024,781,0.0959380062828902,[-4.65847692  2.36664255 -1.84106082 -0.12409686  0.18672556 -2.68765094
  3.01282968  2.10571236  1.45518713 -0.92536057  0.61239979  1.09170222
  1.13210071 -1.54196794  0.77712904  2.80621738 -0.79815515 -0.63691762
 -1.75472049  0.60195874  1.67657181  2.99185596 -1.2087579  -0.31571264
 -2.42357607 -2.33803684  2.99458161  2.76322728 -0.54433302 -2.36481327
  1.48280777 -0.05850807 -2.31787465  2.09556419  1.28954021 -0.63853956
  0.84777203 -2.31880694 -0.02589565  2.15332924 -0.16394182  0.38886661
  2.71395748  1.04622469  2.46285646  3.1617475   2.64140803 -2.93932973
  0.26537407 -0.81572858  1.75888677  2.86399346 -0.51095145 -2.31763485
  2.78736956 -3.21076744  0.79394325 -0.63487991 -1.74135921  2.69818415
 -1.80955069 -1.58813081 -2.3039142   2.18800727 -2.45128553  2.13559763
  2.07465239  1.53540767  2.38308417  2.80474842  1.64886113  1.20012663
 -1.51324545 -2.22927521  1.47130175  0.71194269  1.31361906 -3.01402349
 -0.37770306  2.51831688 -1.03585429  1.28752029  1.48329412  0.54455007
 -0.83302128  1.11514377  0.66824165 -0.38370049  2.80473728 -1.99307046
  1.53804619 -0.48681159  1.09033651 -2.84976593 -2.45832363  0.45773136
 -1.16150471 -0.49457615  0.36531601 -0.11126719 -1.65032829 -0.04117
 -0.85970561  2.81181085 -1.06239936 -1.38013488 -0.94883439  1.0779653
  1.85224718 -0.69616528  1.97232735 -2.19417598 -0.34727706 -0.7325168
 -2.89008077  3.16480356 -1.63194481  3.13522464 -1.26602536 -2.70847991
  3.36217156 -1.23322302 -0.77649608 -2.88407561 -2.7172056   2.54564129
 -2.13655217 -2.0471277  -0.18154885  3.14998777  0.24664269  0.2138496
 -1.25020326 -0.67764035 -1.73376991 -3.03025091  2.87032652  1.23551011
 -0.48570748 -2.18838464  1.10971125 -1.1058575  -0.490425   -2.73954127
 -2.06516909  1.86554794 -0.87381231  2.62185208 -0.4541949  -2.6715134
 -2.82019538  2.26182973 -3.14423361 -0.44536834 -1.00234812 -0.2466078
  2.34754167  1.8402525   0.0182076  -2.55288717 -2.65892168  0.24436929
 -0.76666231  1.24524134 -2.62771086  1.12505249 -0.38397824  0.42076274
  1.91903319  0.45811856  0.65074878 -1.27156749  1.79161217  2.93982488
  0.9959389   0.22180248 -1.1418123   2.42278789  0.72674081 -1.90977344
 -0.05037928  1.8709226   0.98664702 -1.08002959 -2.30130907  2.22238438
  2.00398665  1.92832362  2.29723363  1.91578702 -1.66121699 -3.10389873
  0.42852299  1.34475828 -2.26275499 -1.12583552  2.31183704  1.39294673
 -0.27195672 -1.84442289 -1.64823717  1.96528121  1.307239   -1.01188303
 -0.23075447 -0.69309164 -0.3033903   2.30246096 -0.66193819 -0.93534317
  0.77591005 -2.35268963  0.59026897  2.78422869 -0.35242993  2.04722771
 -1.86126424 -1.35336616 -2.59736805 -2.42273028 -1.50153053 -3.02896625
  2.01620156  1.78191055  1.5815167   1.12533468  1.58819446 -2.44421558
 -2.50736696  1.7890735   1.03427248 -0.29185913 -2.47720451  1.43098305
 -1.04394806 -3.04762137 -0.04720668  1.89751584 -2.70128476 -2.36816639
  1.87611903  1.02966594 -0.62617466 -0.4963135  -0.92140779  1.96405531
  0.47262266 -0.35622594  0.40183275 -2.26662926  1.2613657  -0.15330672
  2.40236169  1.23319551  2.87809264 -1.05733899  2.10171152 -0.42989452
 -3.26841191  2.20322047  0.81147128  1.92881083 -1.28919674  1.43910606
 -2.12172285  0.20898513  0.0830374  -2.7905911  -0.90191421 -2.39307483
  0.07227797 -0.5689862 ]
Sat May 25 19:46:54 2024,782,0.09593800628214026,[-4.65847693  2.36664253 -1.84106081 -0.12409687  0.18672555 -2.68765092
  3.01282967  2.10571235  1.45518711 -0.92536058  0.61239978  1.09170223
  1.13210072 -1.54196796  0.77712906  2.8062174  -0.79815517 -0.63691763
 -1.75472047  0.60195873  1.67657183  2.99185594 -1.20875791 -0.31571262
 -2.42357609 -2.33803685  2.99458162  2.7632273  -0.54433304 -2.36481328
  1.48280775 -0.05850808 -2.31787466  2.0955642   1.28954022 -0.63853955
  0.84777204 -2.31880695 -0.02589564  2.15332922 -0.16394181  0.3888666
  2.71395749  1.0462247   2.46285645  3.16174748  2.64140802 -2.93932974
  0.26537409 -0.81572856  1.75888676  2.86399344 -0.51095144 -2.31763486
  2.78736957 -3.21076743  0.79394327 -0.63487989 -1.7413592   2.69818414
 -1.80955071 -1.58813082 -2.30391419  2.18800726 -2.45128552  2.13559762
  2.0746524   1.53540766  2.38308418  2.80474844  1.64886112  1.20012662
 -1.51324544 -2.22927519  1.47130173  0.71194271  1.31361908 -3.01402351
 -0.37770304  2.51831687 -1.03585427  1.28752031  1.4832941   0.54455005
 -0.8330213   1.11514376  0.66824167 -0.38370051  2.80473727 -1.99307044
  1.53804617 -0.48681158  1.0903365  -2.84976591 -2.45832361  0.45773135
 -1.1615047  -0.49457613  0.36531602 -0.1112672  -1.65032831 -0.04116999
 -0.8597056   2.81181084 -1.06239937 -1.38013487 -0.9488344   1.07796528
  1.85224716 -0.6961653   1.97232733 -2.194176   -0.34727704 -0.73251678
 -2.89008078  3.16480355 -1.63194483  3.13522462 -1.26602535 -2.7084799
  3.36217154 -1.23322303 -0.7764961  -2.8840756  -2.71720559  2.5456413
 -2.13655215 -2.04712769 -0.18154886  3.14998778  0.2466427   0.21384962
 -1.25020327 -0.67764034 -1.73376992 -3.0302509   2.8703265   1.23551013
 -0.4857075  -2.18838463  1.10971127 -1.10585748 -0.49042499 -2.73954125
 -2.06516907  1.86554796 -0.87381229  2.62185209 -0.45419492 -2.67151338
 -2.82019539  2.26182972 -3.14423359 -0.44536833 -1.00234813 -0.24660778
  2.34754168  1.84025251  0.01820761 -2.55288718 -2.65892167  0.24436928
 -0.76666233  1.24524132 -2.62771087  1.12505248 -0.38397825  0.42076273
  1.91903318  0.45811855  0.65074877 -1.27156751  1.79161216  2.93982489
  0.99593891  0.2218025  -1.14181231  2.4227879   0.72674082 -1.90977343
 -0.0503793   1.87092262  0.98664704 -1.0800296  -2.30130906  2.22238439
  2.00398664  1.92832361  2.29723364  1.91578703 -1.66121697 -3.10389874
  0.42852297  1.34475826 -2.262755   -1.1258355   2.31183703  1.39294671
 -0.2719567  -1.8444229  -1.64823715  1.96528119  1.30723898 -1.01188304
 -0.23075448 -0.69309163 -0.30339031  2.30246097 -0.66193821 -0.93534318
  0.77591004 -2.35268965  0.59026895  2.7842287  -0.35242994  2.0472277
 -1.86126426 -1.35336617 -2.59736806 -2.42273029 -1.50153054 -3.02896626
  2.01620157  1.78191053  1.58151669  1.12533467  1.58819445 -2.44421559
 -2.50736697  1.78907349  1.03427247 -0.29185911 -2.47720452  1.43098303
 -1.04394805 -3.04762138 -0.04720667  1.89751586 -2.70128478 -2.36816638
  1.87611904  1.02966593 -0.62617467 -0.49631349 -0.92140778  1.9640553
  0.47262267 -0.35622595  0.40183273 -2.26662927  1.26136571 -0.15330671
  2.40236171  1.2331955   2.87809266 -1.05733898  2.10171153 -0.4298945
 -3.2684119   2.20322049  0.81147126  1.92881084 -1.28919676  1.43910604
 -2.12172284  0.20898515  0.08303741 -2.79059108 -0.90191419 -2.39307481
  0.07227796 -0.56898621]
Sat May 25 19:47:21 2024,783,0.09593800628139221,[-4.65847695  2.36664252 -1.84106079 -0.12409686  0.18672556 -2.68765094
  3.01282968  2.10571236  1.4551871  -0.92536059  0.61239979  1.09170225
  1.13210074 -1.54196797  0.77712904  2.80621738 -0.79815515 -0.63691762
 -1.75472049  0.60195874  1.67657181  2.99185593 -1.2087579  -0.31571264
 -2.4235761  -2.33803684  2.99458164  2.76322731 -0.54433305 -2.36481327
  1.48280777 -0.0585081  -2.31787467  2.09556419  1.28954021 -0.63853953
  0.84777205 -2.31880694 -0.02589565  2.15332924 -0.16394182  0.38886661
  2.71395748  1.04622469  2.46285643  3.1617475   2.64140803 -2.93932973
  0.2653741  -0.81572855  1.75888675  2.86399346 -0.51095145 -2.31763488
  2.78736956 -3.21076741  0.79394325 -0.63487988 -1.74135921  2.69818412
 -1.80955072 -1.58813081 -2.30391417  2.18800727 -2.4512855   2.13559763
  2.07465242  1.53540764  2.38308417  2.80474842  1.64886111  1.2001266
 -1.51324545 -2.22927518  1.47130172  0.71194269  1.31361909 -3.01402352
 -0.37770303  2.51831688 -1.03585429  1.28752029  1.48329412  0.54455004
 -0.83302131  1.11514377  0.66824168 -0.38370052  2.80473725 -1.99307046
  1.53804616 -0.48681159  1.09033648 -2.84976593 -2.45832363  0.45773136
 -1.16150471 -0.49457615  0.36531603 -0.11126721 -1.65032829 -0.04117
 -0.85970561  2.81181083 -1.06239939 -1.38013486 -0.94883439  1.07796527
  1.85224718 -0.69616528  1.97232735 -2.19417601 -0.34727706 -0.73251677
 -2.8900808   3.16480356 -1.63194481  3.13522464 -1.26602536 -2.70847988
  3.36217156 -1.23322302 -0.77649611 -2.88407561 -2.71720557  2.54564129
 -2.13655214 -2.0471277  -0.18154888  3.1499878   0.24664271  0.2138496
 -1.25020329 -0.67764033 -1.73376993 -3.03025091  2.87032652  1.23551014
 -0.48570748 -2.18838464  1.10971125 -1.1058575  -0.49042497 -2.73954124
 -2.06516906  1.86554797 -0.87381228  2.62185208 -0.45419493 -2.67151337
 -2.82019538  2.26182973 -3.14423361 -0.44536832 -1.00234815 -0.24660777
  2.34754167  1.8402525   0.0182076  -2.5528872  -2.65892168  0.24436929
 -0.76666231  1.24524134 -2.62771088  1.12505246 -0.38397827  0.42076274
  1.91903319  0.45811854  0.65074878 -1.27156752  1.79161217  2.93982491
  0.99593893  0.22180248 -1.1418123   2.42278789  0.72674083 -1.90977344
 -0.05037928  1.87092263  0.98664705 -1.08002962 -2.30130904  2.22238441
  2.00398665  1.9283236   2.29723363  1.91578705 -1.66121699 -3.10389873
  0.42852296  1.34475828 -2.26275499 -1.12583549  2.31183701  1.3929467
 -0.27195672 -1.84442292 -1.64823717  1.96528118  1.307239   -1.01188303
 -0.23075447 -0.69309164 -0.30339033  2.30246096 -0.66193819 -0.93534317
  0.77591005 -2.35268963  0.59026894  2.78422872 -0.35242993  2.04722769
 -1.86126427 -1.35336616 -2.59736808 -2.42273028 -1.50153053 -3.02896627
  2.01620159  1.78191055  1.5815167   1.12533468  1.58819443 -2.44421558
 -2.50736696  1.78907347  1.03427246 -0.29185913 -2.47720451  1.43098305
 -1.04394803 -3.0476214  -0.04720666  1.89751584 -2.70128479 -2.36816636
  1.87611903  1.02966591 -0.62617469 -0.49631348 -0.92140779  1.96405528
  0.47262266 -0.35622597  0.40183272 -2.26662929  1.26136573 -0.1533067
  2.40236169  1.23319551  2.87809264 -1.05733897  2.10171155 -0.42989452
 -3.26841191  2.20322047  0.81147128  1.92881083 -1.28919674  1.43910603
 -2.12172283  0.20898513  0.08303743 -2.7905911  -0.90191418 -2.3930748
  0.07227794 -0.5689862 ]
Sat May 25 19:47:45 2024,784,0.0959380062806459,[-4.65847696  2.36664251 -1.84106078 -0.12409684  0.18672558 -2.68765092
  3.01282969  2.10571235  1.45518709 -0.92536061  0.61239978  1.09170223
  1.13210072 -1.54196799  0.77712903  2.8062174  -0.79815517 -0.63691761
 -1.75472047  0.60195876  1.6765718   2.99185594 -1.20875791 -0.31571265
 -2.42357611 -2.33803682  2.99458165  2.76322733 -0.54433304 -2.36481328
  1.48280775 -0.05850811 -2.31787466  2.09556417  1.28954022 -0.63853952
  0.84777204 -2.31880695 -0.02589564  2.15332922 -0.16394183  0.3888666
  2.71395749  1.04622467  2.46285645  3.16174748  2.64140805 -2.93932974
  0.26537409 -0.81572856  1.75888676  2.86399344 -0.51095147 -2.31763486
  2.78736957 -3.2107674   0.79394324 -0.63487989 -1.74135923  2.69818411
 -1.80955071 -1.58813082 -2.30391416  2.18800729 -2.45128549  2.13559765
  2.0746524   1.53540766  2.38308418  2.80474844  1.64886112  1.20012659
 -1.51324546 -2.22927519  1.47130173  0.71194271  1.31361911 -3.01402354
 -0.37770304  2.51831687 -1.0358543   1.28752031  1.4832941   0.54455003
 -0.83302132  1.11514376  0.66824167 -0.38370051  2.80473727 -1.99307047
  1.53804615 -0.48681158  1.09033647 -2.84976594 -2.45832361  0.45773137
 -1.1615047  -0.49457613  0.36531605 -0.11126723 -1.65032828 -0.04116999
 -0.85970563  2.81181081 -1.0623994  -1.38013487 -0.9488344   1.07796528
  1.85224719 -0.69616527  1.97232736 -2.19417603 -0.34727707 -0.73251678
 -2.89008081  3.16480358 -1.63194483  3.13522462 -1.26602537 -2.7084799
  3.36217157 -1.23322303 -0.7764961  -2.88407562 -2.71720556  2.5456413
 -2.13655213 -2.04712769 -0.18154886  3.14998778  0.2466427   0.21384962
 -1.25020327 -0.67764034 -1.73376992 -3.0302509   2.87032653  1.23551013
 -0.48570747 -2.18838465  1.10971124 -1.10585751 -0.49042499 -2.73954123
 -2.06516905  1.86554796 -0.87381227  2.62185209 -0.45419492 -2.67151338
 -2.82019539  2.26182972 -3.14423359 -0.4453683  -1.00234813 -0.24660776
  2.34754166  1.84025249  0.01820761 -2.55288718 -2.65892167  0.24436931
 -0.76666233  1.24524135 -2.6277109   1.12505248 -0.38397828  0.42076275
  1.91903321  0.45811852  0.65074879 -1.27156754  1.79161218  2.93982489
  0.99593891  0.22180247 -1.14181231  2.42278788  0.72674085 -1.90977343
 -0.05037927  1.87092265  0.98664704 -1.0800296  -2.30130903  2.22238442
  2.00398664  1.92832358  2.29723362  1.91578703 -1.66121697 -3.10389874
  0.42852294  1.34475829 -2.262755   -1.1258355   2.31183703  1.39294668
 -0.27195673 -1.8444229  -1.64823715  1.96528119  1.30723898 -1.01188304
 -0.23075448 -0.69309163 -0.30339031  2.30246094 -0.66193821 -0.93534318
  0.77591004 -2.35268965  0.59026895  2.7842287  -0.35242994  2.04722767
 -1.86126426 -1.35336614 -2.59736806 -2.42273027 -1.50153054 -3.02896626
  2.0162016   1.78191053  1.58151669  1.12533469  1.58819442 -2.44421556
 -2.50736697  1.78907346  1.03427247 -0.29185914 -2.47720452  1.43098303
 -1.04394802 -3.04762141 -0.04720664  1.89751586 -2.70128478 -2.36816635
  1.87611902  1.0296659  -0.6261747  -0.49631346 -0.92140778  1.96405527
  0.47262265 -0.35622595  0.40183273 -2.2666293   1.26136572 -0.15330668
  2.40236171  1.2331955   2.87809263 -1.05733898  2.10171153 -0.4298945
 -3.2684119   2.20322046  0.81147126  1.92881084 -1.28919673  1.43910601
 -2.12172284  0.20898515  0.08303741 -2.79059111 -0.90191419 -2.39307479
  0.07227793 -0.56898618]
Sat May 25 19:48:09 2024,785,0.09593800627990158,[-4.65847697  2.36664249 -1.84106079 -0.12409686  0.18672559 -2.68765094
  3.01282968  2.10571233  1.4551871  -0.92536059  0.61239979  1.09170222
  1.13210071 -1.54196797  0.77712904  2.80621738 -0.79815515 -0.63691759
 -1.75472046  0.60195874  1.67657178  2.99185596 -1.20875792 -0.31571266
 -2.4235761  -2.33803681  2.99458167  2.76322734 -0.54433305 -2.36481327
  1.48280777 -0.05850812 -2.31787465  2.09556416  1.28954021 -0.6385395
  0.84777203 -2.31880694 -0.02589565  2.15332921 -0.16394182  0.38886661
  2.71395751  1.04622469  2.46285643  3.16174747  2.64140803 -2.93932973
  0.2653741  -0.81572855  1.75888675  2.86399343 -0.51095148 -2.31763485
  2.78736956 -3.21076741  0.79394325 -0.63487991 -1.74135921  2.69818409
 -1.80955069 -1.58813083 -2.30391415  2.1880073  -2.45128548  2.13559763
  2.07465239  1.53540764  2.38308417  2.80474842  1.64886111  1.20012658
 -1.51324545 -2.22927521  1.47130172  0.71194269  1.31361912 -3.01402355
 -0.37770306  2.51831688 -1.03585431  1.28752032  1.48329412  0.54455001
 -0.83302134  1.11514374  0.66824168 -0.38370049  2.80473725 -1.99307046
  1.53804613 -0.48681159  1.09033648 -2.84976593 -2.4583236   0.45773136
 -1.16150471 -0.49457615  0.36531606 -0.11126724 -1.65032826 -0.04117
 -0.85970561  2.8118108  -1.06239939 -1.38013488 -0.94883442  1.0779653
  1.85224718 -0.69616528  1.97232738 -2.19417601 -0.34727709 -0.73251677
 -2.8900808   3.16480359 -1.63194482  3.13522464 -1.26602536 -2.70847988
  3.36217158 -1.23322302 -0.77649611 -2.88407561 -2.71720555  2.54564131
 -2.13655211 -2.0471277  -0.18154885  3.1499878   0.24664271  0.2138496
 -1.25020329 -0.67764033 -1.73376991 -3.03025091  2.87032654  1.23551011
 -0.48570745 -2.18838464  1.10971125 -1.10585752 -0.490425   -2.73954121
 -2.06516906  1.86554794 -0.87381228  2.62185211 -0.45419493 -2.6715134
 -2.82019541  2.2618297  -3.1442336  -0.44536832 -1.00234815 -0.24660774
  2.34754164  1.84025247  0.0182076  -2.5528872  -2.65892166  0.24436929
 -0.76666231  1.24524136 -2.62771088  1.12505249 -0.38397827  0.42076277
  1.91903319  0.45811854  0.65074881 -1.27156752  1.79161217  2.93982491
  0.99593893  0.22180248 -1.14181233  2.42278789  0.72674086 -1.90977344
 -0.05037928  1.87092266  0.98664702 -1.08002959 -2.30130902  2.22238441
  2.00398665  1.9283236   2.2972336   1.91578702 -1.66121696 -3.10389873
  0.42852293  1.34475828 -2.26275502 -1.12583552  2.31183701  1.3929467
 -0.27195675 -1.84442292 -1.64823717  1.96528118  1.307239   -1.01188303
 -0.23075447 -0.69309164 -0.30339033  2.30246093 -0.66193819 -0.93534317
  0.77591005 -2.35268966  0.59026894  2.78422872 -0.35242993  2.04722769
 -1.86126427 -1.35336616 -2.59736808 -2.42273025 -1.50153055 -3.02896627
  2.01620159  1.78191055  1.5815167   1.12533471  1.58819441 -2.44421558
 -2.50736698  1.78907347  1.03427248 -0.29185915 -2.47720451  1.43098305
 -1.04394801 -3.04762142 -0.04720666  1.89751587 -2.70128476 -2.36816634
  1.876119    1.02966589 -0.62617472 -0.49631345 -0.92140777  1.96405526
  0.47262263 -0.35622597  0.40183272 -2.26662932  1.26136573 -0.15330667
  2.40236172  1.23319548  2.87809264 -1.05733899  2.10171152 -0.42989449
 -3.26841191  2.20322047  0.81147128  1.92881083 -1.28919672  1.439106
 -2.12172283  0.20898513  0.0830374  -2.79059112 -0.90191418 -2.3930748
  0.07227791 -0.5689862 ]
Sat May 25 19:48:33 2024,786,0.09593800627916016,[-4.65847699  2.36664251 -1.84106081 -0.12409687  0.18672561 -2.68765092
  3.01282967  2.10571232  1.45518709 -0.92536058  0.6123998   1.09170223
  1.1321007  -1.54196796  0.77712906  2.8062174  -0.79815517 -0.63691758
 -1.75472045  0.60195876  1.6765718   2.99185597 -1.20875794 -0.31571265
 -2.42357611 -2.33803679  2.99458165  2.76322735 -0.54433306 -2.36481328
  1.48280778 -0.05850814 -2.31787463  2.09556417  1.28954022 -0.63853952
  0.84777204 -2.31880695 -0.02589564  2.15332919 -0.16394183  0.3888666
  2.71395749  1.04622467  2.46285645  3.16174748  2.64140802 -2.93932971
  0.26537411 -0.81572856  1.75888673  2.86399342 -0.51095149 -2.31763486
  2.78736957 -3.2107674   0.79394324 -0.63487992 -1.7413592   2.69818408
 -1.80955068 -1.58813085 -2.30391413  2.18800729 -2.45128546  2.13559765
  2.07465237  1.53540763  2.38308418  2.80474841  1.64886112  1.20012656
 -1.51324544 -2.22927522  1.47130173  0.71194271  1.31361911 -3.01402356
 -0.37770304  2.51831687 -1.03585433  1.28752031  1.48329413  0.54455003
 -0.83302135  1.11514373  0.66824169 -0.38370048  2.80473724 -1.99307044
  1.53804615 -0.48681158  1.0903365  -2.84976594 -2.45832359  0.45773137
 -1.1615047  -0.49457616  0.36531605 -0.11126723 -1.65032828 -0.04117001
 -0.85970563  2.81181081 -1.06239938 -1.3801349  -0.9488344   1.07796528
  1.85224719 -0.69616527  1.97232736 -2.194176   -0.3472771  -0.73251678
 -2.89008078  3.16480358 -1.63194483  3.13522465 -1.26602535 -2.70847987
  3.36217157 -1.23322303 -0.77649612 -2.88407562 -2.71720556  2.5456413
 -2.13655213 -2.04712769 -0.18154884  3.14998778  0.24664273  0.21384962
 -1.25020327 -0.67764031 -1.73376989 -3.0302509   2.87032656  1.2355101
 -0.48570747 -2.18838463  1.10971124 -1.10585751 -0.49042499 -2.7395412
 -2.06516907  1.86554796 -0.87381229  2.62185212 -0.45419494 -2.67151341
 -2.82019539  2.26182969 -3.14423362 -0.4453683  -1.00234813 -0.24660773
  2.34754163  1.84025246  0.01820758 -2.55288721 -2.65892164  0.24436928
 -0.7666623   1.24524135 -2.6277109   1.12505251 -0.38397825  0.42076275
  1.91903321  0.45811855  0.65074879 -1.27156754  1.79161216  2.93982492
  0.99593894  0.2218025  -1.14181231  2.42278788  0.72674088 -1.90977343
 -0.05037927  1.87092267  0.98664704 -1.0800296  -2.301309    2.22238439
  2.00398664  1.92832358  2.29723362  1.91578701 -1.66121697 -3.10389872
  0.42852292  1.34475829 -2.262755   -1.12583553  2.311837    1.39294668
 -0.27195676 -1.84442293 -1.64823715  1.96528119  1.30723898 -1.01188301
 -0.23075446 -0.69309163 -0.30339031  2.30246094 -0.66193818 -0.93534318
  0.77591004 -2.35268968  0.59026895  2.78422873 -0.35242994  2.04722767
 -1.86126429 -1.35336614 -2.59736806 -2.42273024 -1.50153054 -3.02896629
  2.01620157  1.78191056  1.58151671  1.12533469  1.58819439 -2.44421556
 -2.50736697  1.78907349  1.03427247 -0.29185914 -2.47720452  1.43098303
 -1.04394802 -3.04762144 -0.04720667  1.89751586 -2.70128478 -2.36816635
  1.87611899  1.0296659  -0.6261747  -0.49631343 -0.92140778  1.96405527
  0.47262262 -0.35622595  0.40183273 -2.26662933  1.26136574 -0.15330668
  2.40236173  1.2331955   2.87809266 -1.05733901  2.1017115  -0.4298945
 -3.26841193  2.20322049  0.81147126  1.92881084 -1.28919673  1.43910599
 -2.12172284  0.20898512  0.08303739 -2.79059114 -0.90191417 -2.39307479
  0.0722779  -0.56898618]
Sat May 25 19:48:58 2024,787,0.09593800627842033,[-4.658477    2.36664252 -1.84106079 -0.12409689  0.18672562 -2.68765094
  3.01282965  2.10571231  1.45518707 -0.92536057  0.61239982  1.09170222
  1.13210068 -1.54196797  0.77712904  2.80621738 -0.79815518 -0.63691756
 -1.75472046  0.60195874  1.67657181  2.99185596 -1.20875795 -0.31571264
 -2.4235761  -2.33803678  2.99458164  2.76322737 -0.54433305 -2.3648133
  1.48280779 -0.05850815 -2.31787462  2.09556419  1.28954021 -0.6385395
  0.84777203 -2.31880694 -0.02589563  2.15332918 -0.16394182  0.38886659
  2.71395751  1.04622466  2.46285643  3.1617475   2.64140803 -2.93932973
  0.2653741  -0.81572858  1.75888672  2.8639934  -0.51095151 -2.31763485
  2.78736956 -3.21076739  0.79394325 -0.63487991 -1.74135919  2.69818407
 -1.80955069 -1.58813086 -2.30391412  2.1880073  -2.45128548  2.13559763
  2.07465239  1.53540764  2.38308419  2.80474839  1.64886113  1.20012658
 -1.51324542 -2.22927524  1.47130172  0.71194269  1.31361909 -3.01402358
 -0.37770306  2.51831688 -1.03585431  1.28752032  1.48329414  0.54455001
 -0.83302134  1.11514374  0.66824168 -0.38370049  2.80473725 -1.99307043
  1.53804613 -0.48681157  1.09033651 -2.84976595 -2.4583236   0.45773136
 -1.16150471 -0.49457615  0.36531603 -0.11126724 -1.65032829 -0.04117
 -0.85970561  2.81181083 -1.06239939 -1.38013491 -0.94883442  1.07796527
  1.85224718 -0.69616528  1.97232738 -2.19417598 -0.34727711 -0.73251677
 -2.8900808   3.16480356 -1.63194484  3.13522466 -1.26602536 -2.70847985
  3.36217156 -1.23322302 -0.77649614 -2.88407564 -2.71720557  2.54564129
 -2.13655214 -2.0471277  -0.18154885  3.14998777  0.24664274  0.21384963
 -1.25020326 -0.6776403  -1.73376991 -3.03025089  2.87032654  1.23551009
 -0.48570748 -2.18838464  1.10971122 -1.1058575  -0.490425   -2.73954121
 -2.06516906  1.86554797 -0.87381228  2.62185213 -0.45419496 -2.6715134
 -2.82019541  2.2618297  -3.14423361 -0.44536829 -1.00234812 -0.24660774
  2.34754164  1.84025244  0.01820757 -2.5528872  -2.65892166  0.24436929
 -0.76666231  1.24524136 -2.62771091  1.12505252 -0.38397827  0.42076274
  1.91903319  0.45811856  0.65074881 -1.27156752  1.79161217  2.93982493
  0.99593893  0.22180248 -1.1418123   2.42278789  0.72674089 -1.90977344
 -0.05037926  1.87092266  0.98664705 -1.08002959 -2.30130902  2.22238438
  2.00398665  1.92832357  2.29723363  1.91578702 -1.66121699 -3.1038987
  0.42852293  1.34475831 -2.26275502 -1.12583552  2.31183701  1.39294667
 -0.27195675 -1.84442294 -1.64823714  1.96528118  1.307239   -1.011883
 -0.23075447 -0.69309161 -0.30339033  2.30246096 -0.66193819 -0.9353432
  0.77591002 -2.35268969  0.59026894  2.78422872 -0.35242995  2.04722769
 -1.8612643  -1.35336616 -2.59736805 -2.42273025 -1.50153053 -3.0289663
  2.01620156  1.78191055  1.58151673  1.12533471  1.58819438 -2.44421555
 -2.50736698  1.78907347  1.03427248 -0.29185915 -2.47720453  1.43098305
 -1.04394803 -3.04762142 -0.04720668  1.89751587 -2.70128479 -2.36816636
  1.87611898  1.02966589 -0.62617469 -0.49631345 -0.92140779  1.96405528
  0.4726226  -0.35622597  0.40183272 -2.26662934  1.26136576 -0.1533067
  2.40236172  1.23319548  2.87809264 -1.05733902  2.10171152 -0.42989449
 -3.26841191  2.20322047  0.81147125  1.92881083 -1.28919672  1.439106
 -2.12172283  0.2089851   0.08303737 -2.79059112 -0.90191418 -2.39307477
  0.07227789 -0.5689862 ]
Sat May 25 19:49:23 2024,788,0.09593800627768218,[-4.65847702  2.36664253 -1.84106081 -0.12409687  0.18672563 -2.68765092
  3.01282967  2.10571229  1.45518706 -0.92536055  0.61239983  1.09170223
  1.13210067 -1.54196796  0.77712903  2.8062174  -0.79815517 -0.63691755
 -1.75472047  0.60195873  1.67657183  2.99185594 -1.20875794 -0.31571262
 -2.42357609 -2.33803679  2.99458165  2.76322738 -0.54433304 -2.36481331
  1.48280778 -0.05850816 -2.31787461  2.0955642   1.2895402  -0.63853952
  0.84777204 -2.31880693 -0.02589561  2.15332919 -0.16394183  0.3888666
  2.71395752  1.04622467  2.46285642  3.16174748  2.64140805 -2.93932974
  0.26537411 -0.81572859  1.75888671  2.86399339 -0.51095152 -2.31763486
  2.78736957 -3.2107674   0.79394327 -0.63487989 -1.74135917  2.69818408
 -1.80955071 -1.58813085 -2.30391413  2.18800731 -2.45128546  2.13559765
  2.07465237  1.53540766  2.38308418  2.80474841  1.64886115  1.20012656
 -1.51324541 -2.22927525  1.47130173  0.71194271  1.31361908 -3.01402359
 -0.37770307  2.51831687 -1.0358543   1.28752031  1.48329416  0.54455
 -0.83302132  1.11514373  0.66824167 -0.38370051  2.80473724 -1.99307042
  1.53804615 -0.48681158  1.0903365  -2.84976597 -2.45832359  0.45773135
 -1.16150473 -0.49457613  0.36531605 -0.11126726 -1.65032828 -0.04117001
 -0.85970563  2.81181084 -1.0623994  -1.38013492 -0.9488344   1.07796526
  1.85224716 -0.6961653   1.97232739 -2.19417597 -0.3472771  -0.73251676
 -2.89008078  3.16480358 -1.63194483  3.13522468 -1.26602537 -2.70847984
  3.36217154 -1.23322303 -0.77649615 -2.88407562 -2.71720556  2.54564127
 -2.13655213 -2.04712769 -0.18154884  3.14998778  0.24664273  0.21384964
 -1.25020327 -0.67764028 -1.73376992 -3.0302509   2.87032656  1.2355101
 -0.48570747 -2.18838463  1.10971121 -1.10585748 -0.49042502 -2.73954123
 -2.06516907  1.86554796 -0.87381227  2.62185212 -0.45419494 -2.67151341
 -2.82019542  2.26182969 -3.14423362 -0.44536828 -1.00234813 -0.24660776
  2.34754163  1.84025246  0.01820756 -2.55288718 -2.65892167  0.24436931
 -0.7666623   1.24524135 -2.6277109   1.12505253 -0.38397825  0.42076273
  1.91903318  0.45811858  0.65074879 -1.27156751  1.79161218  2.93982495
  0.99593894  0.2218025  -1.14181231  2.4227879   0.72674088 -1.90977345
 -0.05037927  1.87092265  0.98664704 -1.0800296  -2.30130903  2.22238439
  2.00398664  1.92832358  2.29723362  1.91578703 -1.66121697 -3.10389869
  0.42852294  1.34475829 -2.262755   -1.1258355   2.31183703  1.39294668
 -0.27195676 -1.84442296 -1.64823712  1.96528119  1.30723901 -1.01188301
 -0.23075448 -0.69309163 -0.30339031  2.30246097 -0.66193821 -0.93534321
  0.77591001 -2.3526897   0.59026895  2.78422873 -0.35242994  2.0472277
 -1.86126429 -1.35336614 -2.59736803 -2.42273027 -1.50153051 -3.02896631
  2.01620155  1.78191053  1.58151671  1.12533469  1.58819439 -2.44421554
 -2.507367    1.78907346  1.03427247 -0.29185917 -2.47720455  1.43098303
 -1.04394805 -3.04762141 -0.04720667  1.89751588 -2.7012848  -2.36816638
  1.87611896  1.02966587 -0.62617468 -0.49631346 -0.92140781  1.96405527
  0.47262259 -0.35622598  0.40183273 -2.26662933  1.26136577 -0.15330668
  2.40236173  1.2331955   2.87809266 -1.05733903  2.10171153 -0.42989448
 -3.26841193  2.20322049  0.81147126  1.92881084 -1.2891967   1.43910601
 -2.12172284  0.20898509  0.08303739 -2.79059114 -0.90191419 -2.39307476
  0.07227787 -0.56898618]
Sat May 25 19:49:48 2024,789,0.09593800627694615,[-4.65847703  2.36664255 -1.84106079 -0.12409686  0.18672562 -2.68765094
  3.01282968  2.10571231  1.45518704 -0.92536054  0.61239984  1.09170225
  1.13210066 -1.54196797  0.77712904  2.80621738 -0.79815515 -0.63691754
 -1.75472049  0.60195872  1.67657184  2.99185593 -1.20875795 -0.31571264
 -2.4235761  -2.33803681  2.99458167  2.76322739 -0.54433305 -2.3648133
  1.48280777 -0.05850815 -2.31787459  2.09556419  1.28954018 -0.6385395
  0.84777203 -2.31880691 -0.0258956   2.15332921 -0.16394185  0.38886661
  2.71395753  1.04622469  2.46285643  3.1617475   2.64140806 -2.93932973
  0.26537413 -0.8157286   1.75888669  2.86399338 -0.51095154 -2.31763485
  2.78736958 -3.21076741  0.79394325 -0.63487988 -1.74135919  2.69818409
 -1.80955069 -1.58813083 -2.30391412  2.1880073  -2.45128548  2.13559763
  2.07465236  1.53540764  2.38308419  2.80474839  1.64886113  1.20012658
 -1.51324542 -2.22927526  1.47130172  0.71194272  1.31361907 -3.01402358
 -0.37770306  2.51831688 -1.03585431  1.28752029  1.48329414  0.54455001
 -0.83302131  1.11514371  0.66824168 -0.38370049  2.80473722 -1.99307043
  1.53804616 -0.48681159  1.09033651 -2.84976595 -2.4583236   0.45773133
 -1.16150471 -0.49457612  0.36531606 -0.11126727 -1.65032827 -0.04117003
 -0.85970564  2.81181083 -1.06239939 -1.38013491 -0.94883442  1.07796527
  1.85224718 -0.69616531  1.9723274  -2.19417598 -0.34727709 -0.73251674
 -2.8900808   3.16480359 -1.63194482  3.13522469 -1.26602539 -2.70847985
  3.36217156 -1.23322305 -0.77649614 -2.88407561 -2.71720557  2.54564129
 -2.13655214 -2.0471277  -0.18154882  3.14998777  0.24664274  0.21384963
 -1.25020326 -0.6776403  -1.73376993 -3.03025089  2.87032654  1.23551009
 -0.48570748 -2.18838461  1.10971122 -1.1058575  -0.490425   -2.73954124
 -2.06516909  1.86554797 -0.87381225  2.62185213 -0.45419493 -2.67151343
 -2.82019541  2.2618297  -3.14423361 -0.44536826 -1.00234815 -0.24660774
  2.34754161  1.84025247  0.01820754 -2.5528872  -2.65892168  0.24436932
 -0.76666231  1.24524134 -2.62771088  1.12505255 -0.38397824  0.42076274
  1.91903317  0.45811856  0.65074878 -1.27156752  1.7916122   2.93982496
  0.99593893  0.22180251 -1.1418123   2.42278792  0.72674086 -1.90977344
 -0.05037928  1.87092263  0.98664702 -1.08002962 -2.30130902  2.22238438
  2.00398665  1.92832357  2.29723363  1.91578702 -1.66121699 -3.1038987
  0.42852296  1.34475831 -2.26275499 -1.12583552  2.31183704  1.39294667
 -0.27195675 -1.84442294 -1.64823711  1.96528118  1.307239   -1.011883
 -0.23075447 -0.69309161 -0.30339033  2.30246099 -0.66193819 -0.9353432
  0.77591002 -2.35268969  0.59026894  2.78422874 -0.35242995  2.04722769
 -1.86126427 -1.35336613 -2.59736802 -2.42273025 -1.50153053 -3.02896633
  2.01620153  1.78191052  1.5815167   1.12533471  1.58819438 -2.44421555
 -2.50736698  1.78907347  1.03427246 -0.29185915 -2.47720453  1.43098305
 -1.04394803 -3.04762142 -0.04720666  1.89751587 -2.70128479 -2.36816636
  1.87611895  1.02966589 -0.62617466 -0.49631348 -0.92140779  1.96405526
  0.47262258 -0.35622597  0.40183272 -2.26662934  1.26136578 -0.1533067
  2.40236175  1.23319548  2.87809264 -1.05733902  2.10171155 -0.42989446
 -3.26841191  2.20322047  0.81147128  1.92881085 -1.28919669  1.43910603
 -2.12172283  0.20898508  0.08303737 -2.79059112 -0.90191421 -2.39307474
  0.07227786 -0.56898617]
Sat May 25 19:50:14 2024,790,0.09593800627621199,[-4.65847704  2.36664253 -1.84106081 -0.12409687  0.18672561 -2.68765095
  3.01282969  2.10571229  1.45518703 -0.92536053  0.61239983  1.09170226
  1.13210064 -1.54196799  0.77712906  2.8062174  -0.79815517 -0.63691752
 -1.75472047  0.60195873  1.67657185  2.99185594 -1.20875796 -0.31571265
 -2.42357609 -2.33803679  2.99458165  2.76322738 -0.54433306 -2.36481328
  1.48280775 -0.05850816 -2.31787458  2.0955642   1.2895402  -0.63853949
  0.84777204 -2.31880693 -0.02589558  2.15332922 -0.16394186  0.3888666
  2.71395752  1.04622467  2.46285642  3.16174751  2.64140807 -2.93932971
  0.26537414 -0.81572859  1.75888668  2.86399339 -0.51095155 -2.31763484
  2.7873696  -3.2107674   0.79394324 -0.63487987 -1.7413592   2.69818408
 -1.80955068 -1.58813082 -2.30391413  2.18800729 -2.45128546  2.13559762
  2.07465237  1.53540763  2.38308421  2.80474838  1.64886115  1.20012659
 -1.51324544 -2.22927528  1.4713017   0.71194273  1.31361905 -3.01402356
 -0.37770304  2.51831687 -1.0358543   1.28752031  1.48329413  0.54455
 -0.8330213   1.11514373  0.66824167 -0.38370051  2.80473724 -1.99307044
  1.53804615 -0.48681161  1.0903365  -2.84976594 -2.45832361  0.45773132
 -1.16150473 -0.49457611  0.36531608 -0.11126726 -1.65032828 -0.04117004
 -0.85970563  2.81181084 -1.06239938 -1.38013492 -0.94883443  1.07796526
  1.85224716 -0.69616532  1.97232742 -2.19417597 -0.3472771  -0.73251676
 -2.89008078  3.1648036  -1.63194483  3.1352247  -1.2660254  -2.70847987
  3.36217154 -1.23322303 -0.77649612 -2.8840756  -2.71720556  2.54564127
 -2.13655215 -2.04712769 -0.18154884  3.14998778  0.24664275  0.21384962
 -1.25020325 -0.67764031 -1.73376995 -3.03025087  2.87032656  1.2355101
 -0.48570749 -2.18838463  1.10971121 -1.10585748 -0.49042499 -2.73954123
 -2.06516907  1.86554798 -0.87381224  2.62185212 -0.45419494 -2.67151341
 -2.82019539  2.26182969 -3.14423362 -0.44536825 -1.00234813 -0.24660776
  2.3475416   1.84025248  0.01820756 -2.55288721 -2.6589217   0.24436934
 -0.7666623   1.24524135 -2.6277109   1.12505256 -0.38397823  0.42076275
  1.91903318  0.45811855  0.65074879 -1.27156754  1.79161221  2.93982495
  0.99593894  0.22180253 -1.14181228  2.42278793  0.72674088 -1.90977345
 -0.0503793   1.87092262  0.98664701 -1.0800296  -2.301309    2.22238439
  2.00398664  1.92832358  2.29723364  1.91578701 -1.661217   -3.10389869
  0.42852294  1.34475829 -2.26275498 -1.12583553  2.31183703  1.39294666
 -0.27195673 -1.84442296 -1.6482371   1.96528117  1.30723898 -1.01188301
 -0.23075448 -0.6930916  -0.30339031  2.302461   -0.66193818 -0.93534318
  0.77591001 -2.35268968  0.59026893  2.78422876 -0.35242994  2.0472277
 -1.86126429 -1.35336614 -2.59736803 -2.42273024 -1.50153054 -3.02896631
  2.01620155  1.78191053  1.58151671  1.12533469  1.58819437 -2.44421556
 -2.507367    1.78907346  1.03427244 -0.29185917 -2.47720455  1.43098303
 -1.04394802 -3.04762144 -0.04720664  1.89751588 -2.70128478 -2.36816638
  1.87611894  1.0296659  -0.62617468 -0.49631346 -0.92140778  1.96405527
  0.47262259 -0.35622595  0.40183273 -2.26662933  1.2613658  -0.15330668
  2.40236173  1.23319547  2.87809266 -1.05733901  2.10171153 -0.42989448
 -3.26841193  2.20322049  0.81147126  1.92881087 -1.28919668  1.43910601
 -2.12172281  0.20898506  0.08303739 -2.79059111 -0.90191419 -2.39307476
  0.07227785 -0.56898618]
Sat May 25 19:50:40 2024,791,0.09593800627548024,[-4.65847706  2.36664255 -1.84106079 -0.12409686  0.18672562 -2.68765094
  3.01282968  2.10571231  1.45518702 -0.92536051  0.61239984  1.09170227
  1.13210063 -1.541968    0.77712907  2.80621741 -0.79815515 -0.63691754
 -1.75472049  0.60195874  1.67657187  2.99185596 -1.20875798 -0.31571264
 -2.4235761  -2.33803681  2.99458164  2.76322739 -0.54433305 -2.3648133
  1.48280774 -0.05850815 -2.31787459  2.09556421  1.28954018 -0.63853948
  0.84777203 -2.31880691 -0.02589557  2.15332921 -0.16394187  0.38886659
  2.71395751  1.04622466  2.46285643  3.16174752  2.64140806 -2.93932973
  0.26537413 -0.81572858  1.75888669  2.8639934  -0.51095154 -2.31763482
  2.78736958 -3.21076741  0.79394323 -0.63487985 -1.74135919  2.69818407
 -1.80955069 -1.58813083 -2.30391415  2.18800727 -2.45128545  2.13559763
  2.07465236  1.53540762  2.38308419  2.80474839  1.64886116  1.20012658
 -1.51324545 -2.22927526  1.47130172  0.71194272  1.31361907 -3.01402358
 -0.37770306  2.51831686 -1.03585431  1.28752032  1.48329412  0.54455001
 -0.83302128  1.11514371  0.66824168 -0.38370049  2.80473722 -1.99307046
  1.53804616 -0.48681162  1.09033651 -2.84976593 -2.45832363  0.45773133
 -1.16150471 -0.49457609  0.36531609 -0.11126727 -1.65032827 -0.04117003
 -0.85970561  2.81181085 -1.06239936 -1.38013491 -0.94883442  1.07796524
  1.85224715 -0.69616531  1.97232743 -2.19417596 -0.34727711 -0.73251677
 -2.89008077  3.16480359 -1.63194484  3.13522472 -1.26602539 -2.70847988
  3.36217153 -1.23322305 -0.77649611 -2.88407561 -2.71720555  2.54564129
 -2.13655214 -2.0471277  -0.18154885  3.14998777  0.24664277  0.2138496
 -1.25020323 -0.6776403  -1.73376996 -3.03025089  2.87032657  1.23551011
 -0.48570751 -2.18838461  1.10971122 -1.10585747 -0.490425   -2.73954121
 -2.06516909  1.865548   -0.87381223  2.62185211 -0.45419493 -2.6715134
 -2.82019541  2.2618297  -3.14423361 -0.44536823 -1.00234812 -0.24660777
  2.34754159  1.8402525   0.01820754 -2.5528872  -2.65892171  0.24436932
 -0.76666229  1.24524134 -2.62771091  1.12505257 -0.38397824  0.42076277
  1.91903319  0.45811856  0.65074878 -1.27156755  1.79161223  2.93982496
  0.99593895  0.22180251 -1.14181227  2.42278792  0.72674086 -1.90977347
 -0.05037928  1.8709226   0.98664699 -1.08002962 -2.30130899  2.22238438
  2.00398663  1.92832357  2.29723366  1.91578702 -1.66121701 -3.10389868
  0.42852293  1.34475828 -2.26275499 -1.12583552  2.31183704  1.39294667
 -0.27195672 -1.84442297 -1.64823708  1.96528115  1.307239   -1.011883
 -0.23075447 -0.69309161 -0.30339033  2.30246101 -0.66193819 -0.9353432
  0.77591    -2.35268966  0.59026891  2.78422877 -0.35242993  2.04722769
 -1.86126427 -1.35336613 -2.59736802 -2.42273023 -1.50153053 -3.0289663
  2.01620156  1.78191052  1.5815167   1.12533471  1.58819438 -2.44421558
 -2.50736698  1.78907345  1.03427243 -0.29185918 -2.47720456  1.43098302
 -1.04394801 -3.04762145 -0.04720666  1.89751587 -2.70128476 -2.36816639
  1.87611892  1.02966591 -0.62617469 -0.49631348 -0.92140777  1.96405526
  0.4726226  -0.35622597  0.40183275 -2.26662934  1.26136578 -0.1533067
  2.40236172  1.23319548  2.87809267 -1.05733899  2.10171152 -0.42989446
 -3.26841191  2.20322047  0.81147125  1.92881085 -1.28919666  1.43910603
 -2.1217228   0.20898505  0.08303737 -2.79059112 -0.90191421 -2.39307477
  0.07227786 -0.56898617]
Sat May 25 19:51:04 2024,792,0.09593800627474992,[-4.65847707  2.36664256 -1.84106078 -0.12409687  0.18672563 -2.68765095
  3.01282969  2.10571232  1.455187   -0.9253605   0.61239986  1.09170229
  1.13210064 -1.54196799  0.77712906  2.80621742 -0.79815514 -0.63691752
 -1.75472047  0.60195876  1.67657188  2.99185597 -1.20875796 -0.31571265
 -2.42357611 -2.3380368   2.99458165  2.76322741 -0.54433304 -2.36481328
  1.48280775 -0.05850814 -2.31787461  2.09556423  1.2895402  -0.63853946
  0.84777201 -2.31880693 -0.02589558  2.15332919 -0.16394186  0.3888666
  2.71395749  1.04622464  2.46285645  3.16174754  2.64140805 -2.93932971
  0.26537414 -0.81572859  1.75888671  2.86399339 -0.51095152 -2.31763484
  2.78736957 -3.2107674   0.79394324 -0.63487987 -1.74135917  2.69818408
 -1.80955071 -1.58813082 -2.30391413  2.18800726 -2.45128546  2.13559762
  2.07465235  1.5354076   2.38308421  2.80474838  1.64886117  1.20012656
 -1.51324546 -2.22927528  1.47130173  0.71194273  1.31361908 -3.01402356
 -0.37770307  2.51831684 -1.0358543   1.28752031  1.48329413  0.54455
 -0.83302127  1.1151437   0.66824167 -0.38370048  2.80473721 -1.99307044
  1.53804615 -0.48681163  1.0903365  -2.84976594 -2.45832361  0.45773135
 -1.16150473 -0.49457611  0.36531608 -0.11126726 -1.65032825 -0.04117004
 -0.85970563  2.81181084 -1.06239938 -1.3801349  -0.94883443  1.07796526
  1.85224716 -0.6961653   1.97232744 -2.19417597 -0.3472771  -0.73251676
 -2.89008076  3.1648036  -1.63194483  3.13522473 -1.2660254  -2.7084799
  3.36217152 -1.23322306 -0.77649612 -2.88407562 -2.71720553  2.5456413
 -2.13655215 -2.04712771 -0.18154884  3.14998778  0.24664275  0.21384962
 -1.25020325 -0.67764031 -1.73376995 -3.0302509   2.87032658  1.23551013
 -0.48570749 -2.18838463  1.10971124 -1.10585748 -0.49042499 -2.73954123
 -2.0651691   1.86554801 -0.87381221  2.62185212 -0.45419492 -2.67151338
 -2.82019539  2.26182971 -3.14423359 -0.44536822 -1.00234813 -0.24660778
  2.3475416   1.84025248  0.01820756 -2.55288718 -2.6589217   0.24436931
 -0.76666227  1.24524135 -2.6277109   1.12505256 -0.38397823  0.42076275
  1.91903318  0.45811855  0.65074877 -1.27156756  1.79161221  2.93982495
  0.99593897  0.2218025  -1.14181226  2.4227879   0.72674088 -1.90977345
 -0.05037927  1.87092259  0.98664698 -1.08002963 -2.301309    2.22238439
  2.00398664  1.92832356  2.29723367  1.91578701 -1.66121703 -3.10389869
  0.42852294  1.34475829 -2.262755   -1.12583553  2.31183705  1.39294666
 -0.2719567  -1.84442296 -1.6482371   1.96528114  1.30723901 -1.01188301
 -0.23075448 -0.69309163 -0.30339031  2.302461   -0.66193818 -0.93534318
  0.77591001 -2.35268968  0.59026893  2.78422878 -0.35242994  2.0472277
 -1.86126426 -1.35336614 -2.59736801 -2.42273021 -1.50153051 -3.02896631
  2.01620157  1.78191051  1.58151669  1.12533472  1.58819437 -2.44421559
 -2.50736697  1.78907343  1.03427242 -0.2918592  -2.47720455  1.43098301
 -1.04394802 -3.04762146 -0.04720667  1.89751588 -2.70128475 -2.36816638
  1.87611891  1.02966593 -0.6261747  -0.49631349 -0.92140775  1.96405524
  0.47262259 -0.35622598  0.40183276 -2.26662933  1.2613658  -0.15330671
  2.40236173  1.23319547  2.87809268 -1.05733901  2.10171153 -0.42989448
 -3.2684119   2.20322049  0.81147126  1.92881087 -1.28919668  1.43910604
 -2.12172278  0.20898506  0.08303736 -2.79059114 -0.90191422 -2.39307476
  0.07227785 -0.56898618]
Sat May 25 19:51:28 2024,793,0.095938006274022,[-4.65847708  2.36664257 -1.84106077 -0.12409689  0.18672562 -2.68765096
  3.01282971  2.10571231  1.45518702 -0.92536051  0.61239987  1.0917023
  1.13210066 -1.541968    0.77712907  2.80621741 -0.79815513 -0.63691751
 -1.75472049  0.60195874  1.67657189  2.99185599 -1.20875798 -0.31571266
 -2.42357613 -2.33803678  2.99458167  2.76322742 -0.54433305 -2.3648133
  1.48280777 -0.05850812 -2.31787459  2.09556424  1.28954018 -0.63853945
  0.847772   -2.31880691 -0.0258956   2.15332918 -0.16394187  0.38886659
  2.71395751  1.04622466  2.46285643  3.16174755  2.64140803 -2.9393297
  0.26537415 -0.81572858  1.75888669  2.86399338 -0.51095151 -2.31763482
  2.78736956 -3.21076741  0.79394323 -0.63487985 -1.74135916  2.69818409
 -1.80955072 -1.58813083 -2.30391415  2.18800724 -2.45128545  2.13559763
  2.07465236  1.53540759  2.38308419  2.80474839  1.64886116  1.20012658
 -1.51324545 -2.22927526  1.47130174  0.71194275  1.31361907 -3.01402355
 -0.37770308  2.51831683 -1.03585429  1.28752029  1.48329414  0.54455001
 -0.83302126  1.11514371  0.66824165 -0.38370047  2.8047372  -1.99307046
  1.53804613 -0.48681162  1.09033648 -2.84976595 -2.45832363  0.45773136
 -1.16150471 -0.49457609  0.36531609 -0.11126724 -1.65032827 -0.04117003
 -0.85970561  2.81181083 -1.06239936 -1.38013491 -0.94883442  1.07796527
  1.85224715 -0.69616528  1.97232746 -2.19417596 -0.34727709 -0.73251674
 -2.89008077  3.16480359 -1.63194484  3.13522475 -1.26602541 -2.70847988
  3.36217153 -1.23322307 -0.77649611 -2.88407561 -2.71720552  2.54564131
 -2.13655214 -2.0471277  -0.18154882  3.14998779  0.24664277  0.2138496
 -1.25020326 -0.6776403  -1.73376993 -3.03025091  2.87032657  1.23551011
 -0.48570748 -2.18838461  1.10971125 -1.10585747 -0.49042497 -2.73954121
 -2.06516911  1.865548   -0.8738122   2.62185211 -0.45419493 -2.6715134
 -2.82019538  2.2618297  -3.14423358 -0.44536823 -1.00234815 -0.24660777
  2.34754161  1.8402525   0.01820757 -2.5528872  -2.65892171  0.24436932
 -0.76666229  1.24524134 -2.62771088  1.12505257 -0.38397824  0.42076274
  1.91903319  0.45811856  0.65074875 -1.27156755  1.79161223  2.93982494
  0.99593898  0.22180248 -1.14181227  2.42278792  0.72674089 -1.90977344
 -0.05037926  1.8709226   0.98664699 -1.08002965 -2.30130902  2.22238438
  2.00398663  1.92832354  2.29723366  1.91578702 -1.66121704 -3.10389868
  0.42852293  1.34475831 -2.26275502 -1.12583552  2.31183707  1.39294664
 -0.27195672 -1.84442294 -1.64823711  1.96528113  1.307239   -1.01188303
 -0.2307545  -0.69309161 -0.30339033  2.30246099 -0.66193817 -0.93534317
  0.77591    -2.35268966  0.59026891  2.7842288  -0.35242995  2.04722769
 -1.86126424 -1.35336613 -2.59736799 -2.42273023 -1.5015305  -3.02896633
  2.01620156  1.78191052  1.5815167   1.12533473  1.58819435 -2.44421558
 -2.50736698  1.78907342  1.0342724  -0.29185921 -2.47720456  1.43098302
 -1.04394801 -3.04762148 -0.04720668  1.89751587 -2.70128476 -2.36816639
  1.87611892  1.02966591 -0.62617469 -0.4963135  -0.92140777  1.96405526
  0.4726226  -0.35622599  0.40183277 -2.26662934  1.26136581 -0.15330672
  2.40236175  1.23319546  2.8780927  -1.05733899  2.10171154 -0.42989446
 -3.26841191  2.2032205   0.81147128  1.92881088 -1.28919666  1.43910603
 -2.1217228   0.20898505  0.08303737 -2.79059112 -0.90191423 -2.39307474
  0.07227786 -0.56898617]
Sat May 25 19:51:58 2024,794,0.0959380062732957,[-4.6584771   2.36664259 -1.84106078 -0.1240969   0.18672561 -2.68765098
  3.01282969  2.10571229  1.455187   -0.9253605   0.61239986  1.09170231
  1.13210064 -1.54196799  0.77712906  2.80621742 -0.79815514 -0.63691752
 -1.7547205   0.60195876  1.67657191  2.99185597 -1.20875799 -0.31571268
 -2.42357614 -2.33803677  2.99458165  2.76322743 -0.54433306 -2.36481331
  1.48280778 -0.05850811 -2.31787458  2.09556425  1.2895402  -0.63853944
  0.84777201 -2.31880693 -0.02589558  2.15332919 -0.16394186  0.3888666
  2.71395749  1.04622464  2.46285645  3.16174756  2.64140805 -2.93932969
  0.26537414 -0.81572859  1.75888671  2.86399336 -0.5109515  -2.31763481
  2.78736954 -3.21076743  0.79394321 -0.63487987 -1.74135915  2.69818408
 -1.80955073 -1.58813085 -2.30391416  2.18800723 -2.45128544  2.13559762
  2.07465237  1.5354076   2.38308421  2.80474838  1.64886117  1.20012659
 -1.51324546 -2.22927528  1.47130176  0.71194273  1.31361908 -3.01402356
 -0.37770307  2.51831684 -1.03585427  1.28752031  1.48329416  0.54455003
 -0.83302127  1.11514373  0.66824167 -0.38370045  2.80473721 -1.99307047
  1.53804615 -0.48681161  1.0903365  -2.84976597 -2.45832361  0.45773137
 -1.1615047  -0.49457608  0.3653161  -0.11126726 -1.65032828 -0.04117004
 -0.85970563  2.81181081 -1.06239935 -1.3801349  -0.94883443  1.07796526
  1.85224714 -0.6961653   1.97232747 -2.19417594 -0.34727707 -0.73251673
 -2.89008078  3.16480358 -1.63194483  3.13522476 -1.26602543 -2.7084799
  3.36217152 -1.23322306 -0.7764961  -2.8840756  -2.71720553  2.54564133
 -2.13655213 -2.04712769 -0.18154884  3.14998781  0.24664278  0.21384959
 -1.25020327 -0.67764028 -1.73376992 -3.03025093  2.87032656  1.2355101
 -0.48570747 -2.1883846   1.10971124 -1.10585748 -0.49042496 -2.7395412
 -2.0651691   1.86554801 -0.87381219  2.62185212 -0.45419494 -2.67151341
 -2.82019537  2.26182971 -3.14423359 -0.44536825 -1.00234816 -0.24660778
  2.3475416   1.84025251  0.01820758 -2.55288721 -2.6589217   0.24436934
 -0.76666227  1.24524135 -2.6277109   1.12505259 -0.38397825  0.42076273
  1.91903321  0.45811858  0.65074877 -1.27156754  1.79161221  2.93982495
  0.99593899  0.22180247 -1.14181228  2.4227879   0.7267409  -1.90977343
 -0.05037924  1.87092259  0.98664698 -1.08002963 -2.30130903  2.22238439
  2.00398664  1.92832356  2.29723364  1.91578701 -1.66121703 -3.10389869
  0.42852294  1.34475829 -2.262755   -1.1258355   2.31183705  1.39294663
 -0.27195673 -1.84442293 -1.6482371   1.96528111  1.30723898 -1.01188301
 -0.23075451 -0.6930916  -0.30339031  2.30246097 -0.66193815 -0.93534316
  0.77590998 -2.35268968  0.59026893  2.78422881 -0.35242997  2.04722767
 -1.86126426 -1.35336614 -2.59736798 -2.42273024 -1.50153049 -3.02896634
  2.01620157  1.78191053  1.58151669  1.12533475  1.58819437 -2.44421559
 -2.507367    1.78907341  1.03427242 -0.2918592  -2.47720457  1.43098303
 -1.04394799 -3.04762146 -0.0472067   1.89751586 -2.70128475 -2.36816638
  1.87611893  1.02966593 -0.6261747  -0.49631349 -0.92140775  1.96405527
  0.47262259 -0.35622598  0.40183279 -2.26662933  1.26136582 -0.15330674
  2.40236176  1.23319547  2.87809271 -1.05733898  2.10171156 -0.42989448
 -3.26841193  2.20322051  0.81147126  1.92881087 -1.28919665  1.43910601
 -2.12172281  0.20898506  0.08303739 -2.79059111 -0.90191425 -2.39307476
  0.07227787 -0.56898616]
Sat May 25 19:52:21 2024,795,0.0959380062725714,[-4.65847711  2.3666426  -1.84106079 -0.12409691  0.18672562 -2.68765096
  3.01282968  2.10571231  1.45518699 -0.92536049  0.61239984  1.0917023
  1.13210066 -1.541968    0.77712907  2.80621744 -0.79815513 -0.63691754
 -1.75472049  0.60195877  1.67657192  2.99185599 -1.20875798 -0.31571266
 -2.42357615 -2.33803675  2.99458164  2.76322745 -0.54433305 -2.36481332
  1.48280777 -0.0585081  -2.31787457  2.09556427  1.28954021 -0.63853945
  0.847772   -2.31880694 -0.0258956   2.15332921 -0.16394185  0.38886661
  2.71395751  1.04622466  2.46285643  3.16174758  2.64140806 -2.93932967
  0.26537415 -0.8157286   1.75888672  2.86399338 -0.51095148 -2.31763482
  2.78736956 -3.21076744  0.7939432  -0.63487988 -1.74135916  2.69818407
 -1.80955072 -1.58813086 -2.30391415  2.18800722 -2.45128542  2.13559761
  2.07465236  1.53540762  2.38308422  2.80474839  1.64886116  1.2001266
 -1.51324548 -2.22927529  1.47130177  0.71194272  1.31361909 -3.01402355
 -0.37770308  2.51831683 -1.03585429  1.28752032  1.48329417  0.54455004
 -0.83302126  1.11514371  0.66824168 -0.38370044  2.8047372  -1.99307046
  1.53804616 -0.48681159  1.09033651 -2.84976598 -2.4583236   0.45773136
 -1.16150471 -0.49457607  0.36531609 -0.11126724 -1.65032829 -0.04117006
 -0.85970561  2.8118108  -1.06239933 -1.38013488 -0.94883442  1.07796524
  1.85224715 -0.69616528  1.97232748 -2.19417593 -0.34727706 -0.73251672
 -2.8900808   3.16480356 -1.63194482  3.13522477 -1.26602541 -2.70847988
  3.36217153 -1.23322305 -0.77649611 -2.88407558 -2.71720555  2.54564134
 -2.13655211 -2.04712767 -0.18154885  3.14998782  0.2466428   0.2138496
 -1.25020326 -0.67764027 -1.73376993 -3.03025091  2.87032657  1.23551009
 -0.48570748 -2.18838459  1.10971125 -1.1058575  -0.49042495 -2.73954121
 -2.06516909  1.86554802 -0.8738122   2.62185211 -0.45419496 -2.67151342
 -2.82019535  2.2618297  -3.14423358 -0.44536823 -1.00234817 -0.24660777
  2.34754159  1.8402525   0.01820757 -2.55288722 -2.65892171  0.24436935
 -0.76666226  1.24524134 -2.62771091  1.1250526  -0.38397824  0.42076271
  1.91903322  0.45811856  0.65074875 -1.27156755  1.7916122   2.93982496
  0.99593898  0.22180248 -1.14181227  2.42278792  0.72674089 -1.90977341
 -0.05037923  1.87092258  0.98664699 -1.08002965 -2.30130902  2.22238438
  2.00398665  1.92832354  2.29723366  1.91578702 -1.66121701 -3.1038987
  0.42852296  1.34475831 -2.26275502 -1.12583552  2.31183704  1.39294664
 -0.27195672 -1.84442292 -1.64823708  1.9652811   1.307239   -1.011883
 -0.23075452 -0.69309161 -0.30339033  2.30246099 -0.66193817 -0.93534317
  0.77591    -2.35268969  0.59026894  2.7842288  -0.35242998  2.04722769
 -1.86126427 -1.35336613 -2.59736799 -2.42273023 -1.50153047 -3.02896635
  2.01620159  1.78191055  1.58151667  1.12533476  1.58819438 -2.44421558
 -2.50736701  1.78907342  1.0342724  -0.29185921 -2.47720459  1.43098302
 -1.04394798 -3.04762148 -0.04720671  1.89751587 -2.70128474 -2.36816636
  1.87611892  1.02966591 -0.62617469 -0.49631348 -0.92140777  1.96405528
  0.47262258 -0.35622599  0.40183277 -2.26662932  1.26136584 -0.15330675
  2.40236177  1.23319548  2.87809272 -1.05733899  2.10171157 -0.42989449
 -3.26841194  2.2032205   0.81147128  1.92881088 -1.28919664  1.43910603
 -2.12172283  0.20898508  0.08303737 -2.79059112 -0.90191426 -2.39307477
  0.07227786 -0.56898617]
Sat May 25 19:52:46 2024,796,0.09593800627184886,[-4.65847712  2.36664259 -1.84106081 -0.1240969   0.18672563 -2.68765098
  3.01282967  2.10571229  1.455187   -0.92536047  0.61239983  1.09170229
  1.13210064 -1.54196799  0.77712908  2.80621742 -0.79815514 -0.63691755
 -1.7547205   0.60195876  1.67657193  2.99185597 -1.20875796 -0.31571268
 -2.42357614 -2.33803674  2.99458163  2.76322746 -0.54433304 -2.36481331
  1.48280775 -0.05850811 -2.31787455  2.09556428  1.28954022 -0.63853944
  0.84777201 -2.31880693 -0.02589558  2.15332919 -0.16394183  0.3888666
  2.71395752  1.04622467  2.46285642  3.16174756  2.64140805 -2.93932969
  0.26537414 -0.81572859  1.75888673  2.86399336 -0.5109515  -2.31763484
  2.78736954 -3.21076745  0.79394319 -0.63487987 -1.74135915  2.69818408
 -1.80955071 -1.58813085 -2.30391416  2.18800723 -2.45128544  2.13559762
  2.07465237  1.5354076   2.38308423  2.80474841  1.64886115  1.20012662
 -1.51324549 -2.22927528  1.47130178  0.71194273  1.31361908 -3.01402354
 -0.37770307  2.51831682 -1.03585427  1.28752031  1.48329416  0.54455003
 -0.83302124  1.11514373  0.66824169 -0.38370043  2.80473718 -1.99307047
  1.53804615 -0.48681158  1.0903365  -2.84976597 -2.45832359  0.45773135
 -1.16150473 -0.49457608  0.3653161  -0.11126723 -1.65032831 -0.04117004
 -0.8597056   2.81181079 -1.06239935 -1.3801349  -0.94883443  1.07796523
  1.85224714 -0.6961653   1.97232747 -2.19417594 -0.34727707 -0.73251673
 -2.89008078  3.16480358 -1.6319448   3.13522479 -1.26602543 -2.70847987
  3.36217154 -1.23322303 -0.7764961  -2.8840756  -2.71720553  2.54564135
 -2.1365521  -2.04712766 -0.18154884  3.14998784  0.24664278  0.21384962
 -1.25020325 -0.67764026 -1.73376992 -3.0302509   2.87032656  1.2355101
 -0.48570747 -2.1883846   1.10971124 -1.10585751 -0.49042496 -2.7395412
 -2.06516907  1.86554804 -0.87381219  2.62185209 -0.45419494 -2.67151341
 -2.82019534  2.26182969 -3.14423359 -0.44536822 -1.00234819 -0.24660778
  2.3475416   1.84025251  0.01820758 -2.55288721 -2.65892172  0.24436936
 -0.76666225  1.24524135 -2.62771092  1.12505261 -0.38397823  0.42076273
  1.91903321  0.45811855  0.65074877 -1.27156754  1.79161221  2.93982495
  0.99593897  0.2218025  -1.14181226  2.42278793  0.7267409  -1.9097734
 -0.05037924  1.87092256  0.98664701 -1.08002963 -2.301309    2.22238437
  2.00398664  1.92832353  2.29723367  1.91578703 -1.661217   -3.10389872
  0.42852297  1.34475832 -2.26275503 -1.1258355   2.31183703  1.39294663
 -0.2719567  -1.8444229  -1.6482371   1.96528111  1.30723901 -1.01188299
 -0.23075454 -0.6930916  -0.30339031  2.302461   -0.66193818 -0.93534316
  0.77591001 -2.3526897   0.59026893  2.78422878 -0.35242997  2.04722767
 -1.86126426 -1.35336614 -2.59736801 -2.42273021 -1.50153046 -3.02896637
  2.01620157  1.78191053  1.58151666  1.12533477  1.58819439 -2.44421556
 -2.50736702  1.78907341  1.03427239 -0.29185922 -2.4772046   1.43098303
 -1.04394799 -3.04762146 -0.0472067   1.89751586 -2.70128475 -2.36816635
  1.87611893  1.02966593 -0.62617468 -0.49631349 -0.92140778  1.96405527
  0.47262256 -0.35622601  0.40183279 -2.2666293   1.26136582 -0.15330674
  2.40236179  1.23319547  2.87809274 -1.05733898  2.10171159 -0.4298945
 -3.26841195  2.20322051  0.81147126  1.92881089 -1.28919665  1.43910604
 -2.12172284  0.20898506  0.08303739 -2.79059111 -0.90191427 -2.39307476
  0.07227787 -0.56898616]
Sat May 25 19:53:10 2024,797,0.09593800627112813,[-4.65847714  2.36664257 -1.84106079 -0.12409689  0.18672562 -2.68765096
  3.01282965  2.10571228  1.45518702 -0.92536046  0.61239984  1.09170227
  1.13210063 -1.541968    0.7771291   2.80621741 -0.79815515 -0.63691754
 -1.75472049  0.60195874  1.67657195  2.99185599 -1.20875795 -0.31571269
 -2.42357613 -2.33803673  2.99458161  2.76322745 -0.54433302 -2.3648133
  1.48280774 -0.05850812 -2.31787454  2.09556427  1.28954024 -0.63853945
  0.847772   -2.31880694 -0.0258956   2.15332918 -0.16394182  0.38886659
  2.71395753  1.04622466  2.46285643  3.16174758  2.64140803 -2.93932967
  0.26537413 -0.8157286   1.75888675  2.86399338 -0.51095148 -2.31763482
  2.78736956 -3.21076747  0.7939432  -0.63487988 -1.74135913  2.69818409
 -1.80955069 -1.58813083 -2.30391415  2.18800724 -2.45128542  2.13559763
  2.07465236  1.53540759  2.38308425  2.80474839  1.64886116  1.20012663
 -1.5132455  -2.22927526  1.4713018   0.71194275  1.31361907 -3.01402352
 -0.37770306  2.51831683 -1.03585429  1.28752032  1.48329417  0.54455004
 -0.83302126  1.11514374  0.66824168 -0.38370044  2.80473717 -1.99307046
  1.53804613 -0.48681159  1.09033651 -2.84976598 -2.45832357  0.45773133
 -1.16150471 -0.49457607  0.36531612 -0.11126724 -1.65032832 -0.04117006
 -0.85970561  2.81181077 -1.06239936 -1.38013491 -0.94883444  1.07796524
  1.85224712 -0.69616531  1.97232746 -2.19417593 -0.34727709 -0.73251674
 -2.89008077  3.16480359 -1.63194482  3.13522477 -1.26602544 -2.70847988
  3.36217156 -1.23322302 -0.77649611 -2.88407558 -2.71720555  2.54564137
 -2.13655211 -2.04712767 -0.18154882  3.14998782  0.2466428   0.2138496
 -1.25020323 -0.67764027 -1.73376991 -3.03025091  2.87032654  1.23551011
 -0.48570745 -2.18838461  1.10971125 -1.1058575  -0.49042495 -2.73954121
 -2.06516909  1.86554805 -0.87381217  2.62185208 -0.45419496 -2.6715134
 -2.82019535  2.2618297  -3.1442336  -0.44536821 -1.0023482  -0.2466078
  2.34754161  1.84025252  0.01820757 -2.5528872  -2.65892174  0.24436935
 -0.76666226  1.24524136 -2.62771094  1.1250526  -0.38397824  0.42076274
  1.91903319  0.45811854  0.65074875 -1.27156755  1.7916122   2.93982496
  0.99593898  0.22180248 -1.14181227  2.42278792  0.72674089 -1.90977341
 -0.05037926  1.87092255  0.98664702 -1.08002965 -2.30130902  2.22238435
  2.00398665  1.92832354  2.29723366  1.91578705 -1.66121701 -3.10389873
  0.42852296  1.34475833 -2.26275502 -1.12583549  2.31183704  1.39294662
 -0.27195669 -1.84442289 -1.64823711  1.9652811   1.307239   -1.011883
 -0.23075452 -0.69309159 -0.3033903   2.30246099 -0.66193819 -0.93534317
  0.77591    -2.35268969  0.59026891  2.78422877 -0.35242998  2.04722769
 -1.86126424 -1.35336613 -2.59736802 -2.4227302  -1.50153047 -3.02896638
  2.01620156  1.78191055  1.58151667  1.12533479  1.58819441 -2.44421555
 -2.50736701  1.78907339  1.0342724  -0.29185924 -2.47720461  1.43098305
 -1.04394798 -3.04762145 -0.04720671  1.89751584 -2.70128474 -2.36816634
  1.87611895  1.02966591 -0.62617469 -0.4963135  -0.92140779  1.96405526
  0.47262258 -0.35622599  0.40183277 -2.26662929  1.26136581 -0.15330672
  2.4023618   1.23319546  2.87809275 -1.05733897  2.10171157 -0.42989452
 -3.26841197  2.20322053  0.81147125  1.92881088 -1.28919664  1.43910603
 -2.12172283  0.20898508  0.08303737 -2.79059112 -0.90191429 -2.39307477
  0.07227789 -0.56898614]
Sat May 25 19:53:46 2024,798,0.09593800627040949,[-4.65847715  2.36664259 -1.84106078 -0.12409687  0.18672563 -2.68765095
  3.01282964  2.10571229  1.45518703 -0.92536047  0.61239983  1.09170229
  1.13210062 -1.54196799  0.77712908  2.80621742 -0.79815514 -0.63691755
 -1.7547205   0.60195873  1.67657196  2.99185597 -1.20875794 -0.3157127
 -2.42357611 -2.33803674  2.99458163  2.76322746 -0.54433301 -2.36481331
  1.48280775 -0.05850814 -2.31787453  2.09556428  1.28954025 -0.63853946
  0.84777201 -2.31880695 -0.02589558  2.15332917 -0.16394183  0.3888666
  2.71395752  1.04622467  2.46285645  3.16174756  2.64140805 -2.93932969
  0.26537414 -0.81572862  1.75888673  2.86399336 -0.5109515  -2.31763481
  2.78736957 -3.21076745  0.79394321 -0.63487987 -1.74135915  2.69818408
 -1.80955071 -1.58813082 -2.30391413  2.18800723 -2.45128541  2.13559765
  2.07465235  1.53540758  2.38308423  2.80474838  1.64886115  1.20012664
 -1.51324549 -2.22927525  1.47130181  0.71194273  1.31361908 -3.01402354
 -0.37770307  2.51831682 -1.0358543   1.28752031  1.48329418  0.54455003
 -0.83302124  1.11514375  0.66824169 -0.38370045  2.80473716 -1.99307047
  1.53804612 -0.48681161  1.0903365  -2.84976597 -2.45832359  0.45773132
 -1.16150473 -0.49457608  0.36531613 -0.11126726 -1.65032833 -0.04117004
 -0.85970563  2.81181079 -1.06239935 -1.38013492 -0.94883446  1.07796526
  1.85224711 -0.69616532  1.97232744 -2.19417594 -0.3472771  -0.73251673
 -2.89008076  3.16480358 -1.6319448   3.13522476 -1.26602545 -2.70847987
  3.36217157 -1.23322301 -0.77649612 -2.8840756  -2.71720553  2.54564135
 -2.1365521  -2.04712766 -0.18154884  3.14998781  0.24664278  0.21384959
 -1.25020325 -0.67764028 -1.73376989 -3.03025093  2.87032653  1.23551013
 -0.48570747 -2.18838463  1.10971124 -1.10585751 -0.49042493 -2.7395412
 -2.06516907  1.86554806 -0.87381219  2.62185207 -0.45419494 -2.67151341
 -2.82019534  2.26182969 -3.14423359 -0.44536822 -1.00234819 -0.24660778
  2.3475416   1.84025254  0.01820756 -2.55288721 -2.65892172  0.24436936
 -0.76666225  1.24524135 -2.62771095  1.12505261 -0.38397823  0.42076273
  1.91903321  0.45811855  0.65074874 -1.27156754  1.79161219  2.93982498
  0.99593899  0.22180247 -1.14181228  2.4227879   0.72674088 -1.90977343
 -0.05037927  1.87092254  0.98664703 -1.08002963 -2.301309    2.22238437
  2.00398667  1.92832353  2.29723364  1.91578703 -1.661217   -3.10389874
  0.42852294  1.34475835 -2.262755   -1.1258355   2.31183705  1.3929466
 -0.2719567  -1.84442288 -1.64823712  1.96528109  1.30723901 -1.01188301
 -0.23075451 -0.6930916  -0.30339031  2.302461   -0.66193818 -0.93534318
  0.77590998 -2.35268968  0.59026893  2.78422876 -0.35242997  2.04722767
 -1.86126426 -1.35336612 -2.59736803 -2.42273021 -1.50153049 -3.02896639
  2.01620157  1.78191053  1.58151666  1.1253348   1.58819439 -2.44421554
 -2.507367    1.78907341  1.03427242 -0.29185922 -2.4772046   1.43098303
 -1.04394797 -3.04762146 -0.04720672  1.89751586 -2.70128475 -2.36816635
  1.87611896  1.02966593 -0.62617468 -0.49631349 -0.92140778  1.96405524
  0.47262256 -0.35622601  0.40183279 -2.2666293   1.26136582 -0.15330674
  2.40236181  1.23319547  2.87809276 -1.05733898  2.10171156 -0.42989453
 -3.26841198  2.20322051  0.81147126  1.92881087 -1.28919665  1.43910604
 -2.12172281  0.20898509  0.08303739 -2.79059114 -0.90191427 -2.39307476
  0.07227787 -0.56898616]
Sat May 25 19:54:11 2024,799,0.09593800626969196,[-4.65847716  2.36664257 -1.84106077 -0.12409689  0.18672565 -2.68765096
  3.01282965  2.1057123   1.45518704 -0.92536049  0.61239984  1.09170227
  1.13210063 -1.54196797  0.7771291   2.80621744 -0.79815515 -0.63691756
 -1.75472049  0.60195874  1.67657197  2.99185596 -1.20875795 -0.31571272
 -2.42357613 -2.33803673  2.99458164  2.76322745 -0.544333   -2.3648133
  1.48280777 -0.05850812 -2.31787451  2.09556429  1.28954026 -0.63853948
  0.847772   -2.31880697 -0.0258956   2.15332918 -0.16394185  0.38886659
  2.71395753  1.04622466  2.46285643  3.16174758  2.64140806 -2.93932967
  0.26537415 -0.8157286   1.75888675  2.86399335 -0.51095151 -2.31763482
  2.78736956 -3.21076747  0.7939432  -0.63487988 -1.74135916  2.69818409
 -1.80955069 -1.58813083 -2.30391412  2.18800722 -2.4512854   2.13559763
  2.07465233  1.53540756  2.38308425  2.80474837  1.64886113  1.20012666
 -1.5132455  -2.22927524  1.4713018   0.71194275  1.31361909 -3.01402352
 -0.37770308  2.5183168  -1.03585429  1.28752032  1.48329417  0.54455004
 -0.83302123  1.11514377  0.66824171 -0.38370044  2.80473717 -1.99307046
  1.53804613 -0.48681162  1.09033648 -2.84976598 -2.4583236   0.45773133
 -1.16150471 -0.49457609  0.36531614 -0.11126727 -1.65032835 -0.04117003
 -0.85970561  2.81181077 -1.06239933 -1.38013491 -0.94883444  1.07796527
  1.85224712 -0.69616531  1.97232746 -2.19417593 -0.34727711 -0.73251674
 -2.89008074  3.16480359 -1.63194479  3.13522475 -1.26602547 -2.70847988
  3.36217158 -1.23322299 -0.77649614 -2.88407558 -2.71720555  2.54564137
 -2.13655209 -2.04712765 -0.18154885  3.14998782  0.24664277  0.21384958
 -1.25020326 -0.67764027 -1.73376991 -3.03025091  2.87032654  1.23551014
 -0.48570745 -2.18838461  1.10971125 -1.1058575  -0.49042492 -2.73954119
 -2.06516906  1.86554808 -0.87381217  2.62185208 -0.45419496 -2.6715134
 -2.82019533  2.26182967 -3.14423358 -0.44536823 -1.00234817 -0.24660777
  2.34754159  1.84025255  0.01820754 -2.5528872  -2.65892174  0.24436935
 -0.76666226  1.24524134 -2.62771094  1.12505263 -0.38397821  0.42076271
  1.91903319  0.45811854  0.65074875 -1.27156752  1.7916122   2.93982496
  0.99593901  0.22180246 -1.1418123   2.42278789  0.72674089 -1.90977341
 -0.05037928  1.87092255  0.98664702 -1.08002962 -2.30130902  2.22238435
  2.00398665  1.92832352  2.29723363  1.91578702 -1.66121701 -3.10389873
  0.42852296  1.34475836 -2.26275499 -1.12583552  2.31183707  1.39294659
 -0.27195669 -1.84442289 -1.64823711  1.9652811   1.307239   -1.01188302
 -0.23075452 -0.69309161 -0.30339033  2.30246101 -0.66193819 -0.9353432
  0.77591    -2.35268966  0.59026894  2.78422877 -0.35242995  2.04722769
 -1.86126424 -1.35336613 -2.59736802 -2.4227302  -1.50153047 -3.02896638
  2.01620156  1.78191052  1.58151667  1.12533481  1.58819438 -2.44421555
 -2.50736701  1.78907339  1.0342724  -0.29185924 -2.47720459  1.43098302
 -1.04394798 -3.04762145 -0.04720671  1.89751587 -2.70128476 -2.36816634
  1.87611897  1.02966591 -0.62617466 -0.49631348 -0.92140777  1.96405526
  0.47262255 -0.35622602  0.40183277 -2.26662929  1.26136584 -0.15330672
  2.4023618   1.23319546  2.87809275 -1.05733897  2.10171157 -0.42989454
 -3.26841199  2.2032205   0.81147128  1.92881088 -1.28919664  1.43910605
 -2.1217228   0.2089851   0.08303737 -2.79059115 -0.90191426 -2.39307475
  0.07227789 -0.56898614]
Sat May 25 19:54:35 2024,800,0.09593800626897725,[-4.65847718  2.36664259 -1.84106078 -0.1240969   0.18672566 -2.68765095
  3.01282964  2.10571232  1.45518703 -0.92536047  0.61239986  1.09170229
  1.13210064 -1.54196799  0.77712908  2.80621742 -0.79815514 -0.63691755
 -1.7547205   0.60195876  1.67657196  2.99185597 -1.20875796 -0.3157127
 -2.42357614 -2.33803674  2.99458165  2.76322746 -0.54433301 -2.36481331
  1.48280775 -0.05850811 -2.3178745   2.09556431  1.28954028 -0.63853949
  0.84777199 -2.31880695 -0.02589558  2.15332917 -0.16394186  0.38886657
  2.71395752  1.04622464  2.46285642  3.16174759  2.64140805 -2.93932969
  0.26537414 -0.81572862  1.75888676  2.86399334 -0.5109515  -2.31763484
  2.78736957 -3.21076746  0.79394321 -0.63487989 -1.74135917  2.69818408
 -1.80955068 -1.58813082 -2.30391413  2.18800721 -2.45128541  2.13559765
  2.07465235  1.53540755  2.38308426  2.80474835  1.64886112  1.20012667
 -1.51324549 -2.22927525  1.47130178  0.71194276  1.31361911 -3.01402354
 -0.37770307  2.51831679 -1.03585427  1.28752033  1.48329418  0.54455005
 -0.83302122  1.11514375  0.66824169 -0.38370045  2.80473718 -1.99307044
  1.53804615 -0.48681161  1.09033647 -2.84976599 -2.45832361  0.45773135
 -1.16150473 -0.49457608  0.36531616 -0.11126726 -1.65032836 -0.04117004
 -0.8597056   2.81181079 -1.06239932 -1.3801349  -0.94883446  1.07796526
  1.85224711 -0.6961653   1.97232744 -2.19417594 -0.34727713 -0.73251676
 -2.89008076  3.1648036  -1.6319448   3.13522476 -1.26602545 -2.70847989
  3.3621716  -1.23322298 -0.77649612 -2.8840756  -2.71720553  2.54564138
 -2.13655207 -2.04712766 -0.18154884  3.14998781  0.24664276  0.21384959
 -1.25020327 -0.67764026 -1.73376989 -3.03025093  2.87032656  1.23551013
 -0.48570747 -2.1883846   1.10971124 -1.10585748 -0.49042491 -2.7395412
 -2.06516905  1.86554806 -0.87381219  2.62185207 -0.45419494 -2.67151338
 -2.82019531  2.26182966 -3.14423357 -0.44536822 -1.00234819 -0.24660778
  2.34754157  1.84025254  0.01820753 -2.55288718 -2.65892175  0.24436934
 -0.76666225  1.24524132 -2.62771095  1.12505264 -0.3839782   0.42076273
  1.91903321  0.45811852  0.65074877 -1.27156754  1.79161219  2.93982498
  0.99593899  0.22180244 -1.14181231  2.42278788  0.72674088 -1.9097734
 -0.05037927  1.87092256  0.98664701 -1.08002961 -2.30130903  2.22238437
  2.00398667  1.92832353  2.29723364  1.91578703 -1.661217   -3.10389872
  0.42852294  1.34475835 -2.26275498 -1.1258355   2.31183705  1.3929466
 -0.2719567  -1.84442288 -1.64823712  1.96528109  1.30723901 -1.01188304
 -0.23075451 -0.69309163 -0.30339031  2.302461   -0.66193818 -0.93534318
  0.77591001 -2.35268965  0.59026893  2.78422876 -0.35242997  2.04722767
 -1.86126423 -1.35336614 -2.59736803 -2.42273019 -1.50153049 -3.02896637
  2.01620157  1.78191053  1.58151666  1.12533483  1.58819439 -2.44421556
 -2.50736702  1.78907338  1.03427239 -0.29185922 -2.4772046   1.43098303
 -1.04394797 -3.04762144 -0.04720672  1.89751586 -2.70128475 -2.36816632
  1.87611896  1.02966593 -0.62617465 -0.49631349 -0.92140778  1.96405527
  0.47262254 -0.35622603  0.40183276 -2.2666293   1.26136582 -0.15330674
  2.40236179  1.23319547  2.87809276 -1.05733895  2.10171158 -0.42989453
 -3.26841198  2.20322051  0.81147126  1.92881087 -1.28919662  1.43910604
 -2.12172279  0.20898509  0.08303739 -2.79059114 -0.90191425 -2.39307476
  0.0722779  -0.56898616]
Sat May 25 19:55:05 2024,801,0.09593800626826417,[-4.65847719  2.3666426  -1.84106077 -0.12409689  0.18672565 -2.68765094
  3.01282963  2.1057123   1.45518704 -0.92536049  0.61239987  1.0917023
  1.13210066 -1.54196797  0.77712907  2.80621741 -0.79815513 -0.63691756
 -1.75472051  0.60195877  1.67657195  2.99185596 -1.20875795 -0.31571272
 -2.42357615 -2.33803675  2.99458167  2.76322747 -0.54433302 -2.36481332
  1.48280774 -0.05850812 -2.31787451  2.09556429  1.28954029 -0.6385395
  0.847772   -2.31880694 -0.0258956   2.15332915 -0.16394185  0.38886659
  2.71395753  1.04622466  2.46285641  3.1617476   2.64140806 -2.9393297
  0.26537415 -0.81572863  1.75888677  2.86399335 -0.51095148 -2.31763485
  2.78736958 -3.21076744  0.79394323 -0.63487988 -1.74135919  2.69818407
 -1.80955067 -1.58813081 -2.30391415  2.18800722 -2.4512854   2.13559766
  2.07465236  1.53540754  2.38308425  2.80474837  1.64886113  1.20012666
 -1.51324548 -2.22927524  1.47130177  0.71194277  1.31361909 -3.01402352
 -0.37770308  2.5183168  -1.03585426  1.28752035  1.4832942   0.54455007
 -0.83302123  1.11514377  0.66824171 -0.38370044  2.80473717 -1.99307046
  1.53804616 -0.48681159  1.09033646 -2.84976601 -2.45832363  0.45773136
 -1.16150471 -0.49457607  0.36531614 -0.11126727 -1.65032835 -0.04117003
 -0.85970559  2.81181077 -1.06239933 -1.38013491 -0.94883447  1.07796527
  1.8522471  -0.69616528  1.97232746 -2.19417596 -0.34727711 -0.73251674
 -2.89008074  3.16480362 -1.63194479  3.13522477 -1.26602547 -2.70847988
  3.36217158 -1.23322297 -0.77649614 -2.88407561 -2.71720552  2.54564139
 -2.13655206 -2.04712765 -0.18154885  3.1499878   0.24664274  0.21384958
 -1.25020329 -0.67764024 -1.73376991 -3.03025094  2.87032657  1.23551014
 -0.48570745 -2.18838461  1.10971125 -1.1058575  -0.49042489 -2.73954121
 -2.06516906  1.86554805 -0.8738122   2.62185205 -0.45419496 -2.67151337
 -2.8201953   2.26182965 -3.14423355 -0.44536823 -1.0023482  -0.2466078
  2.34754156  1.84025255  0.01820752 -2.5528872  -2.65892174  0.24436935
 -0.76666226  1.24524134 -2.62771096  1.12505265 -0.38397819  0.42076271
  1.91903322  0.45811854  0.65074875 -1.27156752  1.7916122   2.93982499
  0.99593901  0.22180246 -1.14181232  2.42278786  0.72674089 -1.90977339
 -0.05037928  1.87092255  0.98664699 -1.08002959 -2.30130902  2.22238438
  2.00398665  1.92832354  2.29723366  1.91578702 -1.66121699 -3.1038987
  0.42852293  1.34475833 -2.26275499 -1.12583549  2.31183704  1.39294659
 -0.27195672 -1.84442289 -1.64823711  1.9652811   1.30723902 -1.01188305
 -0.23075452 -0.69309164 -0.30339033  2.30246101 -0.66193819 -0.93534317
  0.77591002 -2.35268964  0.59026894  2.78422875 -0.35242998  2.04722766
 -1.86126422 -1.35336616 -2.59736802 -2.42273017 -1.5015305  -3.02896638
  2.01620159  1.78191052  1.58151665  1.12533481  1.58819438 -2.44421558
 -2.50736704  1.78907337  1.03427238 -0.29185921 -2.47720461  1.43098302
 -1.04394795 -3.04762145 -0.04720674  1.89751587 -2.70128474 -2.36816631
  1.87611895  1.02966594 -0.62617464 -0.49631348 -0.92140779  1.96405526
  0.47262255 -0.35622602  0.40183277 -2.26662929  1.26136581 -0.15330675
  2.4023618   1.23319548  2.87809278 -1.05733894  2.1017116  -0.42989452
 -3.26841199  2.2032205   0.81147128  1.92881085 -1.28919664  1.43910603
 -2.12172277  0.20898508  0.08303737 -2.79059115 -0.90191423 -2.39307477
  0.07227791 -0.56898617]
Sat May 25 19:55:30 2024,802,0.09593800626755251,[-4.6584772   2.36664261 -1.84106078 -0.1240969   0.18672563 -2.68765095
  3.01282964  2.10571232  1.45518703 -0.92536047  0.61239988  1.09170231
  1.13210067 -1.54196799  0.77712908  2.80621742 -0.79815511 -0.63691758
 -1.75472053  0.60195878  1.67657196  2.99185595 -1.20875796 -0.3157127
 -2.42357614 -2.33803677  2.99458165  2.76322746 -0.54433301 -2.36481331
  1.48280773 -0.05850814 -2.3178745   2.09556431  1.2895403  -0.63853949
  0.84777199 -2.31880693 -0.02589561  2.15332914 -0.16394186  0.38886657
  2.71395755  1.04622464  2.46285639  3.16174759  2.64140805 -2.93932971
  0.26537417 -0.81572864  1.75888678  2.86399336 -0.5109515  -2.31763484
  2.78736957 -3.21076745  0.79394324 -0.63487987 -1.74135917  2.69818405
 -1.80955068 -1.58813079 -2.30391416  2.18800721 -2.45128538  2.13559765
  2.07465235  1.53540752  2.38308423  2.80474835  1.64886112  1.20012667
 -1.51324546 -2.22927522  1.47130176  0.71194276  1.3136191  -3.01402351
 -0.37770307  2.51831682 -1.03585425  1.28752033  1.48329421  0.54455005
 -0.83302124  1.11514376  0.66824169 -0.38370043  2.80473718 -1.99307044
  1.53804617 -0.48681161  1.09033644 -2.84976602 -2.45832364  0.45773137
 -1.16150473 -0.49457605  0.36531616 -0.11126726 -1.65032833 -0.04117004
 -0.85970557  2.81181076 -1.06239935 -1.3801349  -0.94883446  1.07796528
  1.85224711 -0.69616527  1.97232747 -2.19417594 -0.34727713 -0.73251673
 -2.89008073  3.16480363 -1.63194478  3.13522476 -1.26602545 -2.70847989
  3.3621716  -1.23322295 -0.77649612 -2.88407562 -2.71720551  2.54564138
 -2.13655207 -2.04712763 -0.18154886  3.14998778  0.24664273  0.21384959
 -1.2502033  -0.67764026 -1.73376989 -3.03025093  2.87032658  1.23551013
 -0.48570747 -2.18838463  1.10971126 -1.10585748 -0.49042491 -2.7395412
 -2.06516905  1.86554806 -0.87381219  2.62185207 -0.45419497 -2.67151338
 -2.82019531  2.26182964 -3.14423357 -0.44536822 -1.00234819 -0.24660778
  2.34754155  1.84025256  0.01820753 -2.55288718 -2.65892175  0.24436936
 -0.76666227  1.24524135 -2.62771098  1.12505264 -0.38397817  0.4207627
  1.91903323  0.45811852  0.65074874 -1.27156751  1.79161219  2.93982498
  0.99593899  0.22180247 -1.14181234  2.42278788  0.72674088 -1.9097734
 -0.0503793   1.87092254  0.98664698 -1.08002958 -2.301309    2.22238439
  2.00398667  1.92832353  2.29723367  1.91578701 -1.661217   -3.10389869
  0.42852294  1.34475835 -2.26275498 -1.12583548  2.31183705  1.39294658
 -0.2719567  -1.8444229  -1.6482371   1.96528109  1.30723904 -1.01188304
 -0.23075454 -0.69309165 -0.30339034  2.302461   -0.66193821 -0.93534318
  0.77591004 -2.35268965  0.59026893  2.78422876 -0.35242997  2.04722765
 -1.86126421 -1.35336617 -2.59736803 -2.42273019 -1.50153049 -3.02896637
  2.0162016   1.78191053  1.58151666  1.12533483  1.58819439 -2.44421559
 -2.50736702  1.78907338  1.03427239 -0.2918592  -2.47720463  1.43098303
 -1.04394797 -3.04762144 -0.04720672  1.89751588 -2.70128472 -2.36816632
  1.87611896  1.02966595 -0.62617465 -0.49631346 -0.92140781  1.96405527
  0.47262254 -0.35622601  0.40183276 -2.2666293   1.2613658  -0.15330676
  2.40236179  1.23319547  2.87809276 -1.05733895  2.10171159 -0.42989453
 -3.26841198  2.20322049  0.81147126  1.92881084 -1.28919662  1.43910604
 -2.12172279  0.20898509  0.08303736 -2.79059114 -0.90191425 -2.39307478
  0.0722779  -0.56898618]
Sat May 25 19:55:55 2024,803,0.09593800626684261,[-4.65847722  2.36664263 -1.84106077 -0.12409689  0.18672562 -2.68765096
  3.01282965  2.10571233  1.45518704 -0.92536049  0.61239987  1.09170233
  1.13210066 -1.541968    0.77712907  2.80621744 -0.79815513 -0.63691759
 -1.75472051  0.6019588   1.67657195  2.99185596 -1.20875798 -0.31571269
 -2.42357613 -2.33803678  2.99458167  2.76322747 -0.544333   -2.3648133
  1.48280771 -0.05850815 -2.31787449  2.09556429  1.28954029 -0.6385395
  0.84777197 -2.31880691 -0.02589562  2.15332915 -0.16394187  0.38886659
  2.71395753  1.04622463  2.46285638  3.16174758  2.64140806 -2.93932973
  0.26537415 -0.81572863  1.75888677  2.86399338 -0.51095151 -2.31763482
  2.78736958 -3.21076747  0.79394323 -0.63487988 -1.74135919  2.69818407
 -1.80955069 -1.58813078 -2.30391415  2.18800719 -2.4512854   2.13559763
  2.07465233  1.53540754  2.38308422  2.80474837  1.64886113  1.20012668
 -1.51324545 -2.22927521  1.47130175  0.71194277  1.31361909 -3.01402352
 -0.37770306  2.5183168  -1.03585423  1.28752032  1.48329422  0.54455004
 -0.83302123  1.11514374  0.66824171 -0.38370041  2.80473717 -1.99307046
  1.53804616 -0.48681159  1.09033646 -2.84976603 -2.45832363  0.45773136
 -1.16150471 -0.49457604  0.36531614 -0.11126727 -1.65032835 -0.04117006
 -0.85970556  2.81181077 -1.06239936 -1.38013488 -0.94883444  1.07796527
  1.8522471  -0.69616528  1.97232748 -2.19417596 -0.34727714 -0.73251672
 -2.89008072  3.16480364 -1.63194479  3.13522475 -1.26602544 -2.70847991
  3.36217158 -1.23322297 -0.77649614 -2.88407564 -2.71720552  2.54564137
 -2.13655209 -2.04712765 -0.18154888  3.14998777  0.24664274  0.2138496
 -1.25020331 -0.67764024 -1.73376988 -3.03025094  2.87032657  1.23551014
 -0.48570745 -2.18838461  1.10971128 -1.10585747 -0.49042492 -2.73954119
 -2.06516906  1.86554805 -0.8738122   2.62185208 -0.45419496 -2.67151337
 -2.8201953   2.26182965 -3.14423358 -0.44536821 -1.0023482  -0.2466078
  2.34754156  1.84025255  0.01820754 -2.5528872  -2.65892174  0.24436935
 -0.76666226  1.24524136 -2.62771096  1.12505263 -0.38397819  0.42076271
  1.91903322  0.45811851  0.65074873 -1.2715675   1.79161217  2.93982496
  0.99593901  0.22180248 -1.14181235  2.42278786  0.72674086 -1.90977341
 -0.05037931  1.87092252  0.98664697 -1.08002959 -2.30130902  2.22238438
  2.00398665  1.92832354  2.29723368  1.91578699 -1.66121701 -3.10389868
  0.42852293  1.34475836 -2.26275496 -1.12583549  2.31183704  1.39294659
 -0.27195669 -1.84442289 -1.64823708  1.9652811   1.30723902 -1.01188303
 -0.23075452 -0.69309164 -0.30339035  2.30246099 -0.66193819 -0.9353432
  0.77591002 -2.35268964  0.59026891  2.78422877 -0.35242995  2.04722763
 -1.86126422 -1.35336618 -2.59736802 -2.42273017 -1.50153047 -3.02896635
  2.01620161  1.78191055  1.58151665  1.12533481  1.58819441 -2.44421558
 -2.50736704  1.78907337  1.0342724  -0.29185918 -2.47720461  1.43098305
 -1.04394795 -3.04762142 -0.04720671  1.89751587 -2.70128474 -2.36816631
  1.87611895  1.02966594 -0.62617464 -0.49631345 -0.92140779  1.96405526
  0.47262255 -0.35622599  0.40183275 -2.26662932  1.26136581 -0.15330678
  2.4023618   1.23319546  2.87809275 -1.05733897  2.1017116  -0.42989454
 -3.26841199  2.2032205   0.81147128  1.92881085 -1.28919664  1.43910605
 -2.1217228   0.2089851   0.08303735 -2.79059115 -0.90191423 -2.39307477
  0.07227791 -0.5689862 ]
Sat May 25 19:56:20 2024,804,0.0959380062661344,[-4.65847723  2.36664261 -1.84106078 -0.1240969   0.18672563 -2.68765098
  3.01282967  2.10571232  1.45518703 -0.9253605   0.61239988  1.09170234
  1.13210067 -1.54196799  0.77712906  2.80621742 -0.79815514 -0.63691758
 -1.7547205   0.60195881  1.67657196  2.99185595 -1.20875796 -0.31571268
 -2.42357614 -2.33803677  2.99458165  2.76322746 -0.54433301 -2.36481328
  1.48280773 -0.05850816 -2.31787447  2.09556428  1.28954028 -0.63853949
  0.84777196 -2.31880693 -0.02589561  2.15332914 -0.16394186  0.3888666
  2.71395755  1.04622462  2.46285639  3.16174759  2.64140807 -2.93932974
  0.26537417 -0.81572864  1.75888676  2.86399336 -0.5109515  -2.31763481
  2.7873696  -3.21076748  0.79394324 -0.63487989 -1.74135917  2.69818408
 -1.80955071 -1.58813077 -2.30391413  2.18800718 -2.45128541  2.13559765
  2.07465232  1.53540755  2.38308421  2.80474835  1.64886112  1.20012667
 -1.51324544 -2.2292752   1.47130176  0.71194279  1.31361908 -3.01402351
 -0.37770307  2.51831682 -1.03585425  1.28752031  1.48329424  0.54455005
 -0.83302122  1.11514375  0.66824169 -0.3837004   2.80473716 -1.99307044
  1.53804617 -0.48681161  1.09033644 -2.84976602 -2.45832361  0.45773137
 -1.16150473 -0.49457603  0.36531616 -0.11126728 -1.65032836 -0.04117007
 -0.85970557  2.81181076 -1.06239935 -1.3801349  -0.94883443  1.07796526
  1.85224711 -0.69616527  1.97232747 -2.19417594 -0.34727713 -0.7325167
 -2.89008073  3.16480363 -1.6319448   3.13522473 -1.26602545 -2.70847989
  3.3621716  -1.23322295 -0.77649612 -2.88407565 -2.71720553  2.54564135
 -2.13655207 -2.04712763 -0.18154886  3.14998778  0.24664273  0.21384959
 -1.2502033  -0.67764023 -1.73376987 -3.03025095  2.87032658  1.23551013
 -0.48570747 -2.1883846   1.10971126 -1.10585748 -0.49042491 -2.73954117
 -2.06516907  1.86554806 -0.87381219  2.62185209 -0.45419494 -2.67151336
 -2.82019531  2.26182964 -3.14423359 -0.44536822 -1.00234819 -0.24660781
  2.34754157  1.84025256  0.01820756 -2.55288718 -2.65892175  0.24436934
 -0.76666225  1.24524138 -2.62771098  1.12505261 -0.3839782   0.4207627
  1.91903321  0.4581185   0.65074872 -1.27156748  1.79161219  2.93982498
  0.99593899  0.22180247 -1.14181234  2.42278785  0.72674088 -1.9097734
 -0.05037932  1.87092254  0.98664696 -1.08002958 -2.301309    2.22238439
  2.00398667  1.92832353  2.29723367  1.91578701 -1.66121703 -3.10389869
  0.42852292  1.34475835 -2.26275495 -1.1258355   2.31183703  1.3929466
 -0.27195668 -1.8444229  -1.64823707  1.96528111  1.30723901 -1.01188304
 -0.23075454 -0.69309163 -0.30339034  2.302461   -0.66193821 -0.93534318
  0.77591004 -2.35268962  0.5902689   2.78422878 -0.35242994  2.04722762
 -1.86126423 -1.3533662  -2.59736801 -2.42273016 -1.50153046 -3.02896637
  2.01620162  1.78191056  1.58151666  1.12533483  1.58819439 -2.44421556
 -2.50736702  1.78907335  1.03427239 -0.29185917 -2.4772046   1.43098303
 -1.04394794 -3.04762144 -0.04720672  1.89751586 -2.70128472 -2.36816632
  1.87611894  1.02966593 -0.62617465 -0.49631344 -0.92140781  1.96405524
  0.47262256 -0.35622598  0.40183273 -2.2666293   1.2613658  -0.15330679
  2.40236181  1.23319544  2.87809276 -1.05733895  2.10171161 -0.42989456
 -3.26841198  2.20322049  0.81147126  1.92881087 -1.28919662  1.43910607
 -2.12172279  0.20898512  0.08303736 -2.79059114 -0.90191425 -2.39307478
  0.07227793 -0.56898621]
Sat May 25 19:56:45 2024,805,0.09593800626542862,[-4.65847724  2.3666426  -1.84106079 -0.12409689  0.18672562 -2.68765096
  3.01282965  2.10571233  1.45518704 -0.92536049  0.61239987  1.09170235
  1.13210068 -1.541968    0.77712904  2.80621741 -0.79815515 -0.63691759
 -1.75472049  0.6019588   1.67657195  2.99185593 -1.20875795 -0.31571266
 -2.42357613 -2.33803678  2.99458167  2.76322747 -0.54433302 -2.36481327
  1.48280774 -0.05850815 -2.31787446  2.09556427  1.28954029 -0.63853948
  0.84777197 -2.31880691 -0.0258956   2.15332915 -0.16394187  0.38886659
  2.71395756  1.04622463  2.46285641  3.16174758  2.64140806 -2.93932975
  0.26537418 -0.81572863  1.75888675  2.86399338 -0.51095148 -2.31763482
  2.78736958 -3.21076749  0.79394325 -0.6348799  -1.74135919  2.69818407
 -1.80955069 -1.58813076 -2.30391412  2.18800717 -2.45128542  2.13559766
  2.07465233  1.53540756  2.38308422  2.80474834  1.64886113  1.20012666
 -1.51324542 -2.22927521  1.47130177  0.7119428   1.31361907 -3.0140235
 -0.37770308  2.5183168  -1.03585426  1.2875203   1.48329422  0.54455007
 -0.8330212   1.11514374  0.66824171 -0.38370041  2.80473714 -1.99307046
  1.53804619 -0.48681159  1.09033643 -2.84976603 -2.45832363  0.45773136
 -1.16150474 -0.49457604  0.36531614 -0.1112673  -1.65032835 -0.04117006
 -0.85970556  2.81181077 -1.06239936 -1.38013488 -0.94883442  1.07796524
  1.8522471  -0.69616526  1.97232746 -2.19417593 -0.34727711 -0.73251669
 -2.89008072  3.16480364 -1.63194481  3.13522475 -1.26602547 -2.70847988
  3.36217161 -1.23322297 -0.77649611 -2.88407566 -2.71720555  2.54564134
 -2.13655209 -2.04712765 -0.18154888  3.1499878   0.24664272  0.2138496
 -1.25020329 -0.67764022 -1.73376988 -3.03025097  2.87032657  1.23551011
 -0.48570748 -2.18838459  1.10971125 -1.1058575  -0.4904249  -2.73954119
 -2.06516906  1.86554805 -0.8738122   2.62185208 -0.45419493 -2.67151337
 -2.8201953   2.26182965 -3.14423358 -0.44536823 -1.0023482  -0.24660782
  2.34754159  1.84025255  0.01820754 -2.5528872  -2.65892176  0.24436935
 -0.76666226  1.24524136 -2.62771096  1.1250526  -0.38397819  0.42076271
  1.91903322  0.45811849  0.65074873 -1.27156747  1.7916122   2.93982499
  0.99593898  0.22180248 -1.14181235  2.42278786  0.72674086 -1.90977341
 -0.05037931  1.87092255  0.98664694 -1.08002957 -2.30130899  2.22238438
  2.00398668  1.92832354  2.29723366  1.91578699 -1.66121704 -3.1038987
  0.4285229   1.34475833 -2.26275496 -1.12583552  2.31183701  1.39294659
 -0.27195669 -1.84442289 -1.64823706  1.9652811   1.30723902 -1.01188303
 -0.23075452 -0.69309161 -0.30339035  2.30246099 -0.66193819 -0.93534317
  0.77591005 -2.35268964  0.59026891  2.78422877 -0.35242993  2.04722763
 -1.86126422 -1.35336621 -2.59736802 -2.42273015 -1.50153047 -3.02896638
  2.01620161  1.78191057  1.58151667  1.12533484  1.58819441 -2.44421555
 -2.50736704  1.78907334  1.03427238 -0.29185916 -2.47720459  1.43098302
 -1.04394793 -3.04762142 -0.04720671  1.89751584 -2.70128471 -2.36816634
  1.87611892  1.02966591 -0.62617464 -0.49631345 -0.92140779  1.96405526
  0.47262258 -0.35622599  0.40183275 -2.26662932  1.26136578 -0.1533068
  2.4023618   1.23319543  2.87809275 -1.05733894  2.10171162 -0.42989454
 -3.26841197  2.2032205   0.81147125  1.92881085 -1.28919664  1.43910608
 -2.12172277  0.2089851   0.08303735 -2.79059112 -0.90191426 -2.39307477
  0.07227794 -0.56898622]
Sat May 25 19:57:09 2024,806,0.09593800626472375,[-4.65847726  2.36664259 -1.84106081 -0.12409687  0.18672563 -2.68765098
  3.01282967  2.10571232  1.45518706 -0.9253605   0.61239986  1.09170237
  1.13210069 -1.54196801  0.77712903  2.80621742 -0.79815517 -0.63691758
 -1.75472048  0.60195878  1.67657193  2.99185592 -1.20875796 -0.31571268
 -2.42357614 -2.33803677  2.99458168  2.76322746 -0.54433301 -2.36481326
  1.48280773 -0.05850814 -2.31787447  2.09556428  1.2895403  -0.63853946
  0.84777196 -2.3188069  -0.02589558  2.15332914 -0.16394189  0.3888666
  2.71395757  1.04622462  2.46285639  3.16174756  2.64140807 -2.93932974
  0.26537419 -0.81572864  1.75888676  2.86399339 -0.51095147 -2.31763484
  2.7873696  -3.21076748  0.79394327 -0.63487989 -1.7413592   2.69818405
 -1.80955071 -1.58813074 -2.30391413  2.18800715 -2.45128541  2.13559767
  2.07465235  1.53540758  2.38308421  2.80474833  1.64886115  1.20012664
 -1.51324544 -2.22927522  1.47130178  0.71194281  1.31361905 -3.01402348
 -0.3777031   2.51831679 -1.03585427  1.28752031  1.48329421  0.54455005
 -0.83302122  1.11514373  0.66824172 -0.38370043  2.80473713 -1.99307047
  1.5380462  -0.48681161  1.09033644 -2.84976602 -2.45832361  0.45773137
 -1.16150473 -0.49457603  0.36531613 -0.11126731 -1.65032833 -0.04117004
 -0.85970555  2.81181076 -1.06239937 -1.38013487 -0.94883443  1.07796523
  1.85224711 -0.69616524  1.97232747 -2.19417594 -0.34727713 -0.73251668
 -2.89008073  3.16480366 -1.6319448   3.13522476 -1.26602545 -2.70847987
  3.36217162 -1.23322295 -0.7764961  -2.88407568 -2.71720556  2.54564133
 -2.13655207 -2.04712763 -0.18154889  3.14998778  0.24664273  0.21384962
 -1.2502033  -0.67764021 -1.73376989 -3.03025098  2.87032658  1.2355101
 -0.48570747 -2.1883846   1.10971126 -1.10585751 -0.49042491 -2.73954117
 -2.06516905  1.86554804 -0.87381221  2.62185207 -0.45419492 -2.67151336
 -2.82019529  2.26182964 -3.14423357 -0.44536825 -1.00234819 -0.24660781
  2.3475416   1.84025254  0.01820753 -2.55288718 -2.65892175  0.24436936
 -0.76666225  1.24524135 -2.62771095  1.12505259 -0.3839782   0.42076273
  1.91903323  0.45811847  0.65074874 -1.27156748  1.79161219  2.93982498
  0.99593897  0.2218025  -1.14181236  2.42278788  0.72674085 -1.90977343
 -0.0503793   1.87092256  0.98664693 -1.08002955 -2.30130898  2.22238439
  2.00398667  1.92832356  2.29723367  1.91578698 -1.66121705 -3.10389869
  0.42852289  1.34475832 -2.26275498 -1.1258355   2.311837    1.39294658
 -0.27195668 -1.84442288 -1.64823707  1.96528109  1.30723901 -1.01188301
 -0.23075451 -0.6930916  -0.30339034  2.30246097 -0.66193818 -0.93534316
  0.77591004 -2.35268962  0.5902689   2.78422876 -0.35242994  2.04722762
 -1.86126421 -1.3533662  -2.59736803 -2.42273016 -1.50153049 -3.02896637
  2.01620162  1.78191056  1.58151668  1.12533485  1.58819439 -2.44421554
 -2.50736702  1.78907333  1.03427236 -0.29185914 -2.4772046   1.43098303
 -1.04394791 -3.04762141 -0.0472067   1.89751583 -2.70128472 -2.36816632
  1.87611891  1.02966593 -0.62617465 -0.49631344 -0.92140778  1.96405524
  0.47262256 -0.35622598  0.40183273 -2.26662933  1.26136577 -0.15330681
  2.40236181  1.23319544  2.87809274 -1.05733893  2.10171164 -0.42989453
 -3.26841195  2.20322049  0.81147126  1.92881084 -1.28919665  1.43910609
 -2.12172279  0.20898512  0.08303733 -2.79059114 -0.90191425 -2.39307478
  0.07227795 -0.56898621]
Sat May 25 19:57:34 2024,807,0.09593800626402094,[-4.65847727  2.3666426  -1.84106079 -0.12409689  0.18672562 -2.68765096
  3.01282965  2.10571231  1.45518704 -0.92536051  0.61239987  1.09170238
  1.13210071 -1.541968    0.77712902  2.80621744 -0.79815518 -0.63691759
 -1.75472049  0.6019588   1.67657195  2.99185593 -1.20875795 -0.31571269
 -2.42357613 -2.33803675  2.99458169  2.76322747 -0.544333   -2.36481327
  1.48280774 -0.05850812 -2.31787446  2.09556429  1.28954029 -0.63853945
  0.84777195 -2.31880691 -0.02589557  2.15332913 -0.1639419   0.38886661
  2.71395756  1.04622463  2.46285638  3.16174755  2.64140806 -2.93932973
  0.26537421 -0.81572863  1.75888677  2.86399338 -0.51095148 -2.31763485
  2.78736961 -3.21076747  0.79394325 -0.6348799  -1.74135919  2.69818404
 -1.80955072 -1.58813076 -2.30391412  2.18800714 -2.45128542  2.13559766
  2.07465233  1.53540759  2.38308422  2.80474832  1.64886113  1.20012663
 -1.51324542 -2.22927524  1.4713018   0.7119428   1.31361907 -3.0140235
 -0.37770308  2.5183168  -1.03585429  1.28752032  1.4832942   0.54455004
 -0.8330212   1.11514374  0.66824173 -0.38370041  2.80473712 -1.99307046
  1.53804621 -0.48681159  1.09033643 -2.84976603 -2.45832363  0.45773136
 -1.16150471 -0.49457604  0.36531614 -0.1112673  -1.65032835 -0.04117006
 -0.85970556  2.81181077 -1.06239936 -1.38013488 -0.94883444  1.07796524
  1.85224712 -0.69616526  1.97232746 -2.19417593 -0.34727714 -0.73251666
 -2.89008072  3.16480364 -1.63194479  3.13522477 -1.26602544 -2.70847988
  3.36217161 -1.23322294 -0.77649611 -2.88407569 -2.71720557  2.54564131
 -2.13655209 -2.04712762 -0.1815489   3.14998777  0.24664274  0.21384963
 -1.25020331 -0.67764022 -1.73376991 -3.03025097  2.8703266   1.23551011
 -0.48570745 -2.18838461  1.10971128 -1.10585752 -0.4904249  -2.73954116
 -2.06516903  1.86554802 -0.87381223  2.62185205 -0.45419493 -2.67151337
 -2.82019527  2.26182962 -3.14423358 -0.44536826 -1.00234817 -0.24660782
  2.34754161  1.84025255  0.01820752 -2.55288717 -2.65892176  0.24436937
 -0.76666223  1.24524136 -2.62771094  1.12505257 -0.38397819  0.42076271
  1.91903324  0.45811846  0.65074873 -1.27156747  1.7916122   2.93982496
  0.99593896  0.22180248 -1.14181238  2.42278789  0.72674084 -1.90977341
 -0.05037928  1.87092258  0.98664692 -1.08002954 -2.30130896  2.22238441
  2.00398665  1.92832354  2.29723366  1.91578697 -1.66121704 -3.10389868
  0.4285229   1.34475833 -2.26275499 -1.12583549  2.31183701  1.39294656
 -0.27195667 -1.84442289 -1.64823708  1.96528107  1.30723902 -1.011883
 -0.23075452 -0.69309159 -0.30339035  2.30246096 -0.66193819 -0.93534317
  0.77591002 -2.35268964  0.59026891  2.78422877 -0.35242993  2.04722763
 -1.86126422 -1.35336621 -2.59736802 -2.42273015 -1.5015305  -3.02896635
  2.01620164  1.78191055  1.5815167   1.12533487  1.58819441 -2.44421552
 -2.50736704  1.78907331  1.03427238 -0.29185913 -2.47720461  1.43098302
 -1.04394793 -3.04762142 -0.04720668  1.89751584 -2.70128471 -2.36816631
  1.87611892  1.02966591 -0.62617464 -0.49631345 -0.92140779  1.96405526
  0.47262258 -0.35622599  0.40183272 -2.26662934  1.26136576 -0.15330683
  2.4023618   1.23319543  2.87809275 -1.05733894  2.10171165 -0.42989454
 -3.26841194  2.20322048  0.81147125  1.92881083 -1.28919666  1.43910611
 -2.1217228   0.2089851   0.08303732 -2.79059115 -0.90191424 -2.39307477
  0.07227796 -0.5689862 ]
Sat May 25 19:58:00 2024,808,0.09593800626332014,[-4.65847728  2.36664261 -1.84106078 -0.1240969   0.18672563 -2.68765098
  3.01282964  2.10571232  1.45518703 -0.92536053  0.61239988  1.09170237
  1.13210069 -1.54196799  0.77712901  2.80621745 -0.79815517 -0.63691758
 -1.75472048  0.60195881  1.67657196  2.99185592 -1.20875796 -0.3157127
 -2.42357612 -2.33803677  2.99458168  2.76322746 -0.54433298 -2.36481326
  1.48280773 -0.05850811 -2.31787445  2.09556428  1.28954028 -0.63853946
  0.84777193 -2.31880693 -0.02589556  2.15332911 -0.16394189  0.38886663
  2.71395757  1.04622464  2.46285637  3.16174756  2.64140805 -2.93932971
  0.26537419 -0.81572864  1.75888676  2.86399339 -0.51095147 -2.31763484
  2.7873696  -3.21076746  0.79394327 -0.63487992 -1.74135917  2.69818403
 -1.80955073 -1.58813077 -2.30391413  2.18800713 -2.45128541  2.13559765
  2.07465235  1.5354076   2.38308421  2.80474833  1.64886115  1.20012662
 -1.51324544 -2.22927525  1.47130178  0.71194279  1.31361908 -3.01402351
 -0.3777031   2.51831682 -1.03585427  1.28752033  1.48329421  0.54455005
 -0.83302122  1.11514373  0.66824175 -0.3837004   2.80473713 -1.99307044
  1.53804622 -0.48681158  1.09033642 -2.84976602 -2.45832361  0.45773137
 -1.1615047  -0.49457603  0.36531616 -0.11126731 -1.65032836 -0.04117007
 -0.85970557  2.81181076 -1.06239937 -1.3801349  -0.94883443  1.07796526
  1.85224714 -0.69616524  1.97232744 -2.19417594 -0.34727715 -0.73251668
 -2.89008073  3.16480366 -1.6319448   3.13522478 -1.26602543 -2.70847987
  3.36217162 -1.23322295 -0.7764961  -2.8840757  -2.71720556  2.54564133
 -2.1365521  -2.04712763 -0.18154889  3.14998778  0.24664275  0.21384962
 -1.2502033  -0.67764021 -1.73376992 -3.03025095  2.87032661  1.23551013
 -0.48570744 -2.1883846   1.10971129 -1.10585753 -0.49042491 -2.73954115
 -2.06516905  1.86554801 -0.87381224  2.62185207 -0.45419494 -2.67151336
 -2.82019529  2.26182964 -3.14423357 -0.44536825 -1.00234819 -0.24660781
  2.34754163  1.84025256  0.0182075  -2.55288718 -2.65892175  0.24436939
 -0.76666225  1.24524135 -2.62771092  1.12505256 -0.3839782   0.42076273
  1.91903326  0.45811847  0.65074872 -1.27156746  1.79161219  2.93982498
  0.99593897  0.2218025  -1.14181236  2.42278788  0.72674085 -1.90977343
 -0.05037927  1.87092256  0.9866469  -1.08002955 -2.30130895  2.22238442
  2.00398664  1.92832356  2.29723364  1.91578698 -1.66121703 -3.10389869
  0.42852289  1.34475835 -2.26275498 -1.12583548  2.311837    1.39294655
 -0.27195668 -1.8444229  -1.6482371   1.96528109  1.30723904 -1.01188299
 -0.23075451 -0.6930916  -0.30339034  2.30246095 -0.66193821 -0.93534316
  0.77591004 -2.35268965  0.5902689   2.78422876 -0.35242991  2.04722765
 -1.86126423 -1.35336622 -2.59736803 -2.42273013 -1.50153051 -3.02896634
  2.01620162  1.78191056  1.58151669  1.12533488  1.58819439 -2.44421551
 -2.50736705  1.78907333  1.03427239 -0.29185912 -2.4772046   1.43098301
 -1.04394791 -3.04762141 -0.04720667  1.89751583 -2.70128472 -2.3681663
  1.87611891  1.0296659  -0.62617465 -0.49631346 -0.92140781  1.96405527
  0.47262256 -0.35622598  0.40183273 -2.26662933  1.26136575 -0.15330684
  2.40236181  1.23319544  2.87809276 -1.05733893  2.10171166 -0.42989453
 -3.26841193  2.20322046  0.81147126  1.92881082 -1.28919667  1.43910612
 -2.12172281  0.20898509  0.08303733 -2.79059114 -0.90191422 -2.39307476
  0.07227798 -0.56898621]
Sat May 25 19:58:24 2024,809,0.09593800626262064,[-4.65847729  2.3666426  -1.84106079 -0.12409691  0.18672562 -2.68765099
  3.01282965  2.10571231  1.45518702 -0.92536054  0.61239987  1.09170235
  1.13210071 -1.54196797  0.77712899  2.80621744 -0.79815518 -0.63691759
 -1.75472049  0.60195882  1.67657197  2.99185593 -1.20875798 -0.31571272
 -2.4235761  -2.33803678  2.99458167  2.76322745 -0.544333   -2.36481327
  1.48280774 -0.0585081  -2.31787443  2.09556429  1.28954026 -0.63853945
  0.84777192 -2.31880691 -0.02589555  2.15332913 -0.16394187  0.38886664
  2.71395756  1.04622466  2.46285638  3.16174755  2.64140803 -2.93932973
  0.26537418 -0.81572863  1.75888677  2.86399338 -0.51095146 -2.31763485
  2.78736961 -3.21076744  0.79394325 -0.6348799  -1.74135916  2.69818401
 -1.80955075 -1.58813076 -2.30391412  2.18800714 -2.4512854   2.13559766
  2.07465233  1.53540759  2.38308422  2.80474834  1.64886116  1.2001266
 -1.51324545 -2.22927526  1.4713018   0.71194277  1.31361909 -3.01402352
 -0.37770311  2.51831683 -1.03585429  1.28752035  1.4832942   0.54455007
 -0.83302123  1.11514374  0.66824176 -0.38370041  2.80473714 -1.99307046
  1.53804621 -0.48681159  1.0903364  -2.84976603 -2.4583236   0.45773138
 -1.16150471 -0.49457604  0.36531617 -0.11126732 -1.65032837 -0.04117006
 -0.85970556  2.81181077 -1.06239936 -1.38013488 -0.94883444  1.07796524
  1.85224715 -0.69616523  1.97232743 -2.19417596 -0.34727714 -0.73251666
 -2.89008072  3.16480364 -1.63194481  3.13522477 -1.26602544 -2.70847988
  3.36217161 -1.23322297 -0.77649611 -2.88407572 -2.71720555  2.54564131
 -2.13655209 -2.04712765 -0.18154888  3.14998779  0.24664277  0.21384963
 -1.25020329 -0.67764019 -1.73376993 -3.03025094  2.87032662  1.23551011
 -0.48570743 -2.18838461  1.1097113  -1.10585755 -0.49042492 -2.73954113
 -2.06516903  1.865548   -0.87381223  2.62185208 -0.45419493 -2.67151335
 -2.8201953   2.26182965 -3.14423358 -0.44536826 -1.0023482  -0.24660782
  2.34754164  1.84025255  0.01820752 -2.5528872  -2.65892174  0.2443694
 -0.76666223  1.24524136 -2.62771094  1.12505255 -0.38397819  0.42076271
  1.91903324  0.45811846  0.6507487  -1.27156744  1.79161217  2.93982496
  0.99593898  0.22180251 -1.14181235  2.42278789  0.72674084 -1.90977341
 -0.05037928  1.87092255  0.98664692 -1.08002954 -2.30130896  2.22238441
  2.00398663  1.92832354  2.29723366  1.91578699 -1.66121701 -3.1038987
  0.4285229   1.34475833 -2.26275499 -1.12583549  2.31183701  1.39294656
 -0.27195667 -1.84442292 -1.64823711  1.9652811   1.30723905 -1.01188297
 -0.23075452 -0.69309161 -0.30339035  2.30246096 -0.66193819 -0.93534317
  0.77591002 -2.35268964  0.59026891  2.78422877 -0.35242993  2.04722763
 -1.86126424 -1.35336621 -2.59736805 -2.42273015 -1.5015305  -3.02896635
  2.01620161  1.78191055  1.58151667  1.12533487  1.58819438 -2.44421552
 -2.50736704  1.78907331  1.0342724  -0.29185913 -2.47720459  1.43098299
 -1.04394793 -3.04762142 -0.04720666  1.89751584 -2.70128474 -2.36816631
  1.87611892  1.02966589 -0.62617464 -0.49631345 -0.92140779  1.96405528
  0.47262258 -0.35622599  0.40183272 -2.26662934  1.26136576 -0.15330683
  2.4023618   1.23319546  2.87809275 -1.05733891  2.10171168 -0.42989454
 -3.26841194  2.20322048  0.81147128  1.9288108  -1.28919666  1.43910613
 -2.1217228   0.2089851   0.08303732 -2.79059115 -0.90191421 -2.39307477
  0.07227796 -0.5689862 ]
Sat May 25 19:58:55 2024,810,0.09593800626192317,[-4.65847731  2.36664261 -1.84106081 -0.1240969   0.18672563 -2.68765098
  3.01282964  2.10571232  1.45518701 -0.92536053  0.61239988  1.09170237
  1.13210069 -1.54196799  0.77712901  2.80621745 -0.79815519 -0.63691758
 -1.7547205   0.60195881  1.67657196  2.99185592 -1.20875796 -0.3157127
 -2.42357612 -2.33803679  2.99458168  2.76322744 -0.54433301 -2.36481326
  1.48280773 -0.05850811 -2.31787445  2.09556428  1.28954028 -0.63853946
  0.84777193 -2.3188069  -0.02589556  2.15332911 -0.16394186  0.38886663
  2.71395757  1.04622467  2.46285637  3.16174756  2.64140802 -2.93932974
  0.26537419 -0.81572864  1.75888676  2.86399336 -0.51095144 -2.31763486
  2.7873696  -3.21076743  0.79394327 -0.63487989 -1.74135917  2.698184
 -1.80955076 -1.58813077 -2.30391411  2.18800715 -2.45128541  2.13559765
  2.07465235  1.53540758  2.38308423  2.80474833  1.64886115  1.20012662
 -1.51324546 -2.22927527  1.47130181  0.71194276  1.31361908 -3.01402351
 -0.3777031   2.51831684 -1.03585427  1.28752033  1.48329418  0.54455008
 -0.83302124  1.11514373  0.66824177 -0.3837004   2.80473716 -1.99307047
  1.5380462  -0.48681161  1.09033639 -2.84976602 -2.45832359  0.45773137
 -1.16150473 -0.49457605  0.36531616 -0.11126733 -1.65032836 -0.04117007
 -0.85970557  2.81181076 -1.06239937 -1.3801349  -0.94883446  1.07796523
  1.85224716 -0.69616522  1.97232742 -2.19417594 -0.34727713 -0.73251668
 -2.8900807   3.16480363 -1.6319448   3.13522476 -1.26602545 -2.70847987
  3.36217162 -1.23322295 -0.7764961  -2.88407573 -2.71720553  2.5456413
 -2.13655207 -2.04712766 -0.18154889  3.14998781  0.24664278  0.21384962
 -1.2502033  -0.67764021 -1.73376992 -3.03025093  2.87032661  1.23551013
 -0.48570744 -2.18838463  1.10971129 -1.10585756 -0.49042493 -2.73954115
 -2.06516905  1.86554799 -0.87381221  2.62185209 -0.45419494 -2.67151336
 -2.82019529  2.26182964 -3.14423359 -0.44536825 -1.00234821 -0.24660781
  2.34754165  1.84025256  0.0182075  -2.55288718 -2.65892173  0.24436941
 -0.76666225  1.24524138 -2.62771092  1.12505254 -0.38397817  0.42076273
  1.91903326  0.45811845  0.65074872 -1.27156746  1.79161216  2.93982498
  0.99593899  0.2218025  -1.14181234  2.42278788  0.72674085 -1.9097734
 -0.0503793   1.87092256  0.98664693 -1.08002955 -2.30130898  2.22238439
  2.00398664  1.92832356  2.29723364  1.91578698 -1.661217   -3.10389872
  0.42852292  1.34475835 -2.26275498 -1.1258355   2.31183703  1.39294655
 -0.27195665 -1.84442293 -1.64823712  1.96528111  1.30723904 -1.01188296
 -0.23075451 -0.69309163 -0.30339036  2.30246095 -0.66193821 -0.93534318
  0.77591004 -2.35268962  0.59026893  2.78422876 -0.35242991  2.04722762
 -1.86126423 -1.3533662  -2.59736806 -2.42273013 -1.50153051 -3.02896634
  2.01620162  1.78191053  1.58151668  1.12533488  1.58819437 -2.44421554
 -2.50736705  1.7890733   1.03427239 -0.29185914 -2.4772046   1.43098298
 -1.04394794 -3.04762144 -0.04720665  1.89751583 -2.70128475 -2.3681663
  1.87611894  1.02966587 -0.62617465 -0.49631344 -0.92140778  1.96405527
  0.47262256 -0.35622598  0.40183271 -2.26662933  1.26136575 -0.15330681
  2.40236181  1.23319547  2.87809274 -1.0573389   2.10171166 -0.42989453
 -3.26841193  2.20322049  0.81147126  1.92881079 -1.28919667  1.43910615
 -2.12172279  0.20898509  0.08303731 -2.79059114 -0.9019142  -2.39307478
  0.07227798 -0.56898621]
Sat May 25 19:59:19 2024,811,0.09593800626122709,[-4.65847732  2.3666426  -1.84106082 -0.12409691  0.18672562 -2.68765096
  3.01282963  2.10571233  1.45518699 -0.92536054  0.6123999   1.09170235
  1.13210071 -1.541968    0.77712899  2.80621744 -0.79815518 -0.63691756
 -1.75472049  0.6019588   1.67657195  2.99185591 -1.20875795 -0.31571269
 -2.42357613 -2.33803678  2.99458169  2.76322742 -0.544333   -2.36481327
  1.48280771 -0.05850812 -2.31787446  2.09556429  1.28954026 -0.63853948
  0.84777195 -2.31880689 -0.02589555  2.15332913 -0.16394187  0.38886661
  2.71395759  1.04622468  2.46285635  3.16174758  2.64140803 -2.93932973
  0.26537418 -0.81572866  1.75888675  2.86399335 -0.51095143 -2.31763488
  2.78736961 -3.21076744  0.79394328 -0.63487988 -1.74135916  2.69818399
 -1.80955077 -1.58813078 -2.30391409  2.18800714 -2.45128542  2.13559766
  2.07465233  1.53540756  2.38308425  2.80474832  1.64886113  1.20012663
 -1.51324545 -2.22927529  1.47130182  0.71194277  1.31361909 -3.01402352
 -0.37770308  2.51831685 -1.03585429  1.28752032  1.48329417  0.54455007
 -0.83302126  1.11514374  0.66824179 -0.38370039  2.80473714 -1.99307048
  1.53804619 -0.48681159  1.0903364  -2.84976601 -2.4583236   0.45773138
 -1.16150474 -0.49457607  0.36531617 -0.11126735 -1.65032835 -0.04117006
 -0.85970556  2.81181075 -1.06239939 -1.38013491 -0.94883444  1.07796524
  1.85224717 -0.69616523  1.9723274  -2.19417593 -0.34727711 -0.73251669
 -2.89008069  3.16480362 -1.63194481  3.13522477 -1.26602547 -2.70847988
  3.36217163 -1.23322297 -0.77649611 -2.88407574 -2.71720555  2.54564129
 -2.13655209 -2.04712765 -0.1815489   3.14998782  0.24664279  0.2138496
 -1.25020329 -0.67764022 -1.73376993 -3.03025094  2.8703266   1.23551014
 -0.48570745 -2.18838464  1.10971128 -1.10585755 -0.49042492 -2.73954113
 -2.06516903  1.865548   -0.8738122   2.62185208 -0.45419496 -2.67151335
 -2.8201953   2.26182965 -3.14423358 -0.44536823 -1.0023482  -0.2466078
  2.34754167  1.84025255  0.01820749 -2.5528872  -2.65892174  0.24436943
 -0.76666223  1.24524139 -2.62771094  1.12505255 -0.38397819  0.42076274
  1.91903327  0.45811843  0.6507487  -1.27156744  1.79161217  2.93982499
  0.99593901  0.22180251 -1.14181232  2.42278786  0.72674084 -1.90977339
 -0.05037928  1.87092258  0.98664694 -1.08002957 -2.30130899  2.22238441
  2.00398663  1.92832354  2.29723363  1.91578697 -1.66121699 -3.1038987
  0.4285229   1.34475833 -2.26275499 -1.12583552  2.31183704  1.39294656
 -0.27195667 -1.84442294 -1.64823714  1.96528112  1.30723905 -1.01188297
 -0.23075452 -0.69309161 -0.30339038  2.30246096 -0.66193822 -0.9353432
  0.77591002 -2.35268964  0.59026891  2.78422875 -0.35242993  2.04722763
 -1.86126422 -1.35336621 -2.59736805 -2.42273012 -1.5015305  -3.02896635
  2.01620161  1.78191055  1.5815167   1.12533487  1.58819438 -2.44421552
 -2.50736704  1.78907329  1.0342724  -0.29185913 -2.47720461  1.43098299
 -1.04394793 -3.04762142 -0.04720663  1.89751584 -2.70128474 -2.36816631
  1.87611895  1.02966589 -0.62617464 -0.49631342 -0.92140779  1.96405528
  0.47262255 -0.35622599  0.40183272 -2.26662934  1.26136573 -0.15330683
  2.4023618   1.23319546  2.87809272 -1.05733889  2.10171165 -0.42989452
 -3.26841191  2.20322048  0.81147125  1.9288108  -1.28919669  1.43910613
 -2.12172277  0.2089851   0.0830373  -2.79059115 -0.90191418 -2.39307477
  0.07227799 -0.5689862 ]
Sat May 25 19:59:45 2024,812,0.09593800626053273,[-4.65847733  2.36664259 -1.84106081 -0.1240969   0.18672563 -2.68765098
  3.01282962  2.10571232  1.45518698 -0.92536055  0.61239988  1.09170237
  1.13210072 -1.54196799  0.77712898  2.80621745 -0.79815519 -0.63691758
 -1.7547205   0.60195881  1.67657196  2.99185592 -1.20875796 -0.3157127
 -2.42357614 -2.33803677  2.9945817   2.76322744 -0.54433298 -2.36481326
  1.4828077  -0.05850811 -2.31787445  2.09556428  1.28954025 -0.63853946
  0.84777196 -2.31880688 -0.02589553  2.15332912 -0.16394186  0.38886663
  2.7139576   1.0462247   2.46285634  3.16174759  2.64140802 -2.93932971
  0.26537419 -0.81572864  1.75888676  2.86399334 -0.51095142 -2.31763489
  2.7873696  -3.21076746  0.79394329 -0.63487987 -1.74135915  2.69818398
 -1.80955078 -1.58813077 -2.30391408  2.18800713 -2.45128543  2.13559767
  2.07465235  1.53540755  2.38308426  2.8047483   1.64886115  1.20012662
 -1.51324544 -2.2292753   1.47130181  0.71194279  1.31361908 -3.01402351
 -0.37770307  2.51831684 -1.0358543   1.28752033  1.48329416  0.54455008
 -0.83302124  1.11514375  0.66824177 -0.38370037  2.80473716 -1.9930705
  1.53804617 -0.48681158  1.09033639 -2.84976602 -2.45832359  0.45773137
 -1.16150473 -0.49457605  0.36531616 -0.11126736 -1.65032833 -0.04117004
 -0.85970555  2.81181073 -1.06239937 -1.3801349  -0.94883443  1.07796526
  1.85224719 -0.69616522  1.97232742 -2.19417594 -0.34727713 -0.7325167
 -2.89008068  3.16480363 -1.63194483  3.13522478 -1.26602545 -2.70847989
  3.36217162 -1.23322298 -0.7764961  -2.88407575 -2.71720556  2.5456413
 -2.13655207 -2.04712763 -0.18154892  3.14998783  0.24664278  0.21384962
 -1.25020327 -0.67764023 -1.73376992 -3.03025095  2.87032658  1.23551015
 -0.48570744 -2.18838463  1.10971126 -1.10585756 -0.49042493 -2.73954115
 -2.06516905  1.86554799 -0.87381221  2.62185207 -0.45419497 -2.67151333
 -2.82019529  2.26182966 -3.14423357 -0.44536825 -1.00234821 -0.24660781
  2.34754168  1.84025256  0.01820748 -2.55288721 -2.65892175  0.24436944
 -0.76666225  1.2452414  -2.62771092  1.12505256 -0.38397817  0.42076275
  1.91903326  0.45811842  0.65074872 -1.27156743  1.79161219  2.93982498
  0.99593899  0.2218025  -1.14181234  2.42278785  0.72674082 -1.9097734
 -0.0503793   1.87092256  0.98664693 -1.08002958 -2.30130898  2.22238439
  2.00398664  1.92832356  2.29723364  1.91578695 -1.661217   -3.10389869
  0.42852289  1.34475832 -2.262755   -1.12583553  2.31183705  1.39294655
 -0.27195665 -1.84442296 -1.64823712  1.96528111  1.30723904 -1.01188299
 -0.23075454 -0.69309163 -0.30339039  2.30246095 -0.66193821 -0.93534321
  0.77591004 -2.35268962  0.59026893  2.78422876 -0.35242994  2.04722765
 -1.86126421 -1.35336622 -2.59736803 -2.42273013 -1.50153051 -3.02896637
  2.01620162  1.78191056  1.58151669  1.12533485  1.58819439 -2.44421551
 -2.50736703  1.7890733   1.03427239 -0.29185914 -2.4772046   1.43098298
 -1.04394794 -3.04762141 -0.04720665  1.89751583 -2.70128472 -2.36816632
  1.87611896  1.0296659  -0.62617462 -0.49631341 -0.92140781  1.96405529
  0.47262254 -0.35622601  0.40183271 -2.26662933  1.26136575 -0.15330684
  2.40236181  1.23319547  2.87809271 -1.05733888  2.10171164 -0.4298945
 -3.2684119   2.20322049  0.81147124  1.92881079 -1.28919667  1.43910615
 -2.12172279  0.20898512  0.08303731 -2.79059116 -0.90191417 -2.39307478
  0.072278   -0.56898621]
Sat May 25 20:00:25 2024,813,0.09593800625983971,[-4.65847735  2.36664258 -1.84106079 -0.12409689  0.18672565 -2.68765096
  3.0128296   2.10571231  1.45518699 -0.92536054  0.61239987  1.09170235
  1.13210073 -1.541968    0.77712897  2.80621744 -0.7981552  -0.63691756
 -1.75472049  0.60195882  1.67657197  2.99185591 -1.20875795 -0.31571272
 -2.42357615 -2.33803678  2.99458172  2.76322745 -0.54433297 -2.36481327
  1.48280771 -0.05850812 -2.31787446  2.09556429  1.28954024 -0.63853945
  0.84777195 -2.31880686 -0.02589555  2.1533291  -0.16394187  0.38886664
  2.71395759  1.04622471  2.46285635  3.16174758  2.64140801 -2.9393297
  0.26537418 -0.81572866  1.75888677  2.86399332 -0.5109514  -2.31763488
  2.78736961 -3.21076744  0.7939433  -0.63487988 -1.74135913  2.69818399
 -1.8095508  -1.58813078 -2.30391407  2.18800711 -2.45128542  2.13559769
  2.07465233  1.53540756  2.38308427  2.80474829  1.64886113  1.20012663
 -1.51324545 -2.22927529  1.4713018   0.7119428   1.31361909 -3.0140235
 -0.37770308  2.51831685 -1.03585431  1.28752032  1.48329417  0.54455009
 -0.83302126  1.11514377  0.66824176 -0.38370039  2.80473717 -1.99307051
  1.53804616 -0.48681159  1.09033638 -2.84976601 -2.4583236   0.45773138
 -1.16150474 -0.49457607  0.36531614 -0.11126737 -1.65032835 -0.04117006
 -0.85970556  2.81181072 -1.06239936 -1.38013488 -0.94883444  1.07796527
  1.85224717 -0.69616521  1.9723274  -2.19417593 -0.34727711 -0.73251669
 -2.89008069  3.16480362 -1.63194484  3.13522477 -1.26602547 -2.70847991
  3.36217163 -1.23322299 -0.77649611 -2.88407574 -2.71720555  2.54564131
 -2.13655209 -2.04712765 -0.1815489   3.14998782  0.24664279  0.21384963
 -1.25020326 -0.67764022 -1.73376993 -3.03025094  2.87032657  1.23551014
 -0.48570743 -2.18838464  1.10971128 -1.10585757 -0.49042492 -2.73954116
 -2.06516903  1.86554797 -0.8738122   2.62185208 -0.45419498 -2.67151332
 -2.8201953   2.26182967 -3.14423355 -0.44536826 -1.00234823 -0.2466078
  2.34754167  1.84025258  0.01820749 -2.5528872  -2.65892176  0.24436943
 -0.76666223  1.24524142 -2.62771091  1.12505257 -0.38397816  0.42076277
  1.91903327  0.45811841  0.6507487  -1.27156744  1.79161217  2.93982496
  0.99593898  0.22180251 -1.14181232  2.42278784  0.72674081 -1.90977341
 -0.05037931  1.87092255  0.98664694 -1.08002957 -2.30130899  2.22238441
  2.00398665  1.92832354  2.29723366  1.91578697 -1.66121701 -3.10389868
  0.4285229   1.34475831 -2.26275502 -1.12583554  2.31183707  1.39294654
 -0.27195664 -1.84442294 -1.64823714  1.9652811   1.30723902 -1.011883
 -0.23075452 -0.69309161 -0.30339038  2.30246093 -0.66193822 -0.93534322
  0.77591002 -2.35268961  0.59026894  2.78422877 -0.35242995  2.04722766
 -1.86126419 -1.35336621 -2.59736802 -2.42273012 -1.50153053 -3.02896635
  2.01620161  1.78191057  1.5815167   1.12533484  1.58819438 -2.44421552
 -2.50736701  1.78907331  1.03427238 -0.29185913 -2.47720461  1.43098299
 -1.04394795 -3.0476214  -0.04720666  1.89751582 -2.70128471 -2.36816631
  1.87611895  1.02966591 -0.62617464 -0.4963134  -0.92140779  1.96405531
  0.47262252 -0.35622602  0.40183272 -2.26662932  1.26136573 -0.15330683
  2.4023618   1.23319548  2.87809272 -1.05733886  2.10171162 -0.42989449
 -3.26841191  2.2032205   0.81147125  1.9288108  -1.28919669  1.43910616
 -2.12172277  0.2089851   0.0830373  -2.79059118 -0.90191416 -2.39307477
  0.07227799 -0.5689862 ]
Sat May 25 20:00:49 2024,814,0.09593800625914917,[-4.65847736  2.36664256 -1.84106078 -0.1240969   0.18672563 -2.68765098
  3.01282959  2.10571232  1.45518701 -0.92536055  0.61239988  1.09170237
  1.13210072 -1.54196799  0.77712898  2.80621745 -0.79815522 -0.63691755
 -1.7547205   0.60195881  1.67657199  2.99185592 -1.20875794 -0.3157127
 -2.42357617 -2.33803677  2.99458173  2.76322746 -0.54433296 -2.36481326
  1.4828077  -0.05850811 -2.31787447  2.09556431  1.28954025 -0.63853946
  0.84777196 -2.31880685 -0.02589553  2.15332911 -0.16394189  0.38886665
  2.71395757  1.04622472  2.46285637  3.16174759  2.64140802 -2.93932971
  0.26537417 -0.81572864  1.75888676  2.86399331 -0.51095139 -2.31763486
  2.78736962 -3.21076743  0.79394329 -0.63487987 -1.74135912  2.69818398
 -1.80955081 -1.58813077 -2.30391408  2.18800713 -2.45128541  2.1355977
  2.07465235  1.53540755  2.38308429  2.80474828  1.64886112  1.20012664
 -1.51324546 -2.2292753   1.47130178  0.71194281  1.31361908 -3.01402348
 -0.37770307  2.51831684 -1.03585432  1.28752031  1.48329416  0.54455008
 -0.83302127  1.11514378  0.66824175 -0.3837004   2.80473716 -1.9930705
  1.53804617 -0.48681158  1.09033636 -2.84976599 -2.45832361  0.4577314
 -1.16150473 -0.49457608  0.36531613 -0.11126736 -1.65032836 -0.04117004
 -0.85970555  2.81181071 -1.06239935 -1.3801349  -0.94883443  1.07796528
  1.85224716 -0.69616522  1.97232742 -2.19417594 -0.34727713 -0.7325167
 -2.89008068  3.16480363 -1.63194483  3.13522476 -1.26602548 -2.70847992
  3.36217162 -1.23322298 -0.77649612 -2.88407575 -2.71720556  2.54564133
 -2.1365521  -2.04712766 -0.18154889  3.14998781  0.24664278  0.21384964
 -1.25020327 -0.67764021 -1.73376995 -3.03025095  2.87032656  1.23551013
 -0.48570742 -2.18838463  1.10971129 -1.10585759 -0.49042493 -2.73954115
 -2.06516902  1.86554796 -0.87381221  2.62185209 -0.45419497 -2.67151331
 -2.82019531  2.26182969 -3.14423354 -0.44536825 -1.00234824 -0.24660778
  2.34754168  1.84025259  0.01820748 -2.55288718 -2.65892178  0.24436941
 -0.76666225  1.2452414  -2.62771092  1.12505256 -0.38397815  0.42076275
  1.91903328  0.45811842  0.65074872 -1.27156743  1.79161216  2.93982495
  0.99593899  0.2218025  -1.14181234  2.42278783  0.72674082 -1.9097734
 -0.05037932  1.87092256  0.98664693 -1.08002955 -2.30130898  2.22238442
  2.00398664  1.92832356  2.29723367  1.91578695 -1.661217   -3.10389869
  0.42852289  1.34475829 -2.262755   -1.12583553  2.31183705  1.39294653
 -0.27195665 -1.84442296 -1.64823712  1.96528109  1.30723901 -1.01188299
 -0.23075451 -0.6930916  -0.30339039  2.30246095 -0.66193821 -0.93534321
  0.77591004 -2.3526896   0.59026893  2.78422878 -0.35242997  2.04722767
 -1.86126418 -1.35336622 -2.59736803 -2.42273011 -1.50153051 -3.02896634
  2.0162016   1.78191056  1.58151669  1.12533485  1.58819437 -2.44421551
 -2.50736703  1.78907333  1.03427236 -0.29185912 -2.4772046   1.43098301
 -1.04394794 -3.04762141 -0.04720665  1.89751581 -2.70128472 -2.3681663
  1.87611894  1.02966593 -0.62617462 -0.49631341 -0.92140778  1.96405532
  0.47262251 -0.35622603  0.40183271 -2.26662933  1.26136572 -0.15330681
  2.40236179  1.23319547  2.87809274 -1.05733885  2.10171161 -0.4298945
 -3.2684119   2.20322051  0.81147124  1.92881079 -1.2891967   1.43910615
 -2.12172276  0.20898512  0.08303731 -2.79059116 -0.90191417 -2.39307478
  0.07227798 -0.56898621]
Sat May 25 20:01:13 2024,815,0.09593800625845973,[-4.65847737  2.36664255 -1.84106077 -0.12409691  0.18672565 -2.68765099
  3.01282958  2.10571231  1.45518702 -0.92536056  0.61239987  1.09170238
  1.13210071 -1.541968    0.77712899  2.80621744 -0.7981552  -0.63691756
 -1.75472051  0.60195882  1.67657197  2.99185593 -1.20875795 -0.31571269
 -2.42357618 -2.33803676  2.99458174  2.76322747 -0.54433294 -2.36481324
  1.48280769 -0.05850812 -2.31787446  2.09556432  1.28954024 -0.63853945
  0.84777195 -2.31880684 -0.02589552  2.15332913 -0.16394187  0.38886664
  2.71395759  1.04622471  2.46285638  3.1617476   2.64140801 -2.9393297
  0.26537418 -0.81572863  1.75888677  2.86399332 -0.5109514  -2.31763485
  2.78736963 -3.21076742  0.79394328 -0.63487988 -1.74135911  2.69818399
 -1.80955082 -1.58813078 -2.30391407  2.18800711 -2.4512854   2.13559771
  2.07465233  1.53540756  2.38308427  2.80474826  1.64886111  1.20012666
 -1.51324545 -2.22927531  1.47130177  0.7119428   1.31361907 -3.01402347
 -0.37770306  2.51831683 -1.03585434  1.2875203   1.48329417  0.54455007
 -0.83302128  1.11514379  0.66824176 -0.38370041  2.80473714 -1.99307051
  1.53804616 -0.48681159  1.09033638 -2.84976601 -2.45832363  0.45773138
 -1.16150474 -0.49457607  0.36531614 -0.11126735 -1.65032835 -0.04117003
 -0.85970556  2.81181072 -1.06239934 -1.38013491 -0.94883442  1.07796529
  1.85224715 -0.69616521  1.97232743 -2.19417596 -0.34727714 -0.73251669
 -2.89008067  3.16480362 -1.63194481  3.13522477 -1.26602549 -2.70847993
  3.36217161 -1.23322297 -0.77649613 -2.88407577 -2.71720555  2.54564131
 -2.13655209 -2.04712767 -0.18154888  3.14998782  0.24664279  0.21384963
 -1.25020329 -0.67764019 -1.73376993 -3.03025094  2.87032657  1.23551011
 -0.48570743 -2.18838461  1.10971128 -1.1058576  -0.49042492 -2.73954116
 -2.06516903  1.86554797 -0.8738122   2.62185208 -0.45419496 -2.67151329
 -2.82019533  2.2618297  -3.14423353 -0.44536826 -1.00234823 -0.2466078
  2.34754169  1.8402526   0.01820749 -2.5528872  -2.65892176  0.2443694
 -0.76666223  1.24524142 -2.62771094  1.12505257 -0.38397813  0.42076277
  1.9190333   0.45811843  0.6507487  -1.27156744  1.79161217  2.93982494
  0.99593901  0.22180248 -1.14181232  2.42278784  0.72674081 -1.90977339
 -0.05037931  1.87092255  0.98664692 -1.08002957 -2.30130896  2.22238441
  2.00398663  1.92832354  2.29723366  1.91578697 -1.66121701 -3.10389868
  0.42852288  1.34475828 -2.26275502 -1.12583552  2.31183704  1.39294651
 -0.27195667 -1.84442294 -1.64823714  1.9652811   1.30723902 -1.01188297
 -0.2307545  -0.69309161 -0.30339038  2.30246096 -0.66193822 -0.93534322
  0.77591002 -2.35268958  0.59026891  2.78422877 -0.35242998  2.04722766
 -1.86126419 -1.35336621 -2.59736805 -2.42273012 -1.50153053 -3.02896633
  2.01620161  1.78191055  1.58151667  1.12533487  1.58819435 -2.4442155
 -2.50736704  1.78907334  1.03427238 -0.29185913 -2.47720461  1.43098299
 -1.04394795 -3.0476214  -0.04720666  1.89751579 -2.70128474 -2.36816631
  1.87611892  1.02966591 -0.62617464 -0.49631342 -0.92140779  1.96405533
  0.47262252 -0.35622602  0.40183272 -2.26662934  1.26136571 -0.1533068
  2.4023618   1.23319548  2.87809272 -1.05733884  2.1017116  -0.42989452
 -3.26841189  2.20322053  0.81147122  1.9288108  -1.28919669  1.43910616
 -2.12172277  0.2089851   0.0830373  -2.79059115 -0.90191416 -2.3930748
  0.07227799 -0.5689862 ]
Sat May 25 20:01:36 2024,816,0.09593800625777209,[-4.65847738  2.36664254 -1.84106076 -0.12409692  0.18672563 -2.687651
  3.01282956  2.10571232  1.45518703 -0.92536058  0.61239986  1.09170239
  1.1321007  -1.54196801  0.77712898  2.80621745 -0.79815522 -0.63691758
 -1.75472053  0.60195881  1.67657199  2.99185592 -1.20875794 -0.3157127
 -2.42357619 -2.33803677  2.99458173  2.76322746 -0.54433293 -2.36481323
  1.48280768 -0.05850811 -2.31787447  2.09556433  1.28954025 -0.63853944
  0.84777194 -2.31880682 -0.02589553  2.15332912 -0.16394186  0.38886663
  2.7139576   1.0462247   2.46285639  3.16174762  2.64140802 -2.93932969
  0.26537419 -0.81572862  1.75888678  2.86399334 -0.51095142 -2.31763484
  2.78736962 -3.2107674   0.79394327 -0.63487987 -1.74135912  2.698184
 -1.80955084 -1.58813077 -2.30391408  2.18800713 -2.45128538  2.13559772
  2.07465235  1.53540755  2.38308429  2.80474828  1.64886112  1.20012664
 -1.51324546 -2.2292753   1.47130178  0.71194281  1.31361908 -3.01402346
 -0.37770307  2.51831684 -1.03585432  1.28752028  1.48329418  0.54455008
 -0.83302127  1.11514378  0.66824177 -0.38370043  2.80473716 -1.9930705
  1.53804617 -0.48681161  1.09033639 -2.84976602 -2.45832364  0.45773137
 -1.16150475 -0.49457605  0.36531615 -0.11126733 -1.65032836 -0.04117002
 -0.85970557  2.81181071 -1.06239935 -1.38013492 -0.9488344   1.07796531
  1.85224714 -0.69616519  1.97232744 -2.19417594 -0.34727713 -0.73251668
 -2.89008065  3.16480363 -1.6319448   3.13522476 -1.26602551 -2.70847992
  3.3621716  -1.23322298 -0.77649615 -2.88407575 -2.71720556  2.54564133
 -2.1365521  -2.04712766 -0.18154889  3.14998783  0.24664278  0.21384962
 -1.2502033  -0.67764021 -1.73376992 -3.03025093  2.87032658  1.23551013
 -0.48570742 -2.18838463  1.10971126 -1.10585759 -0.49042493 -2.73954115
 -2.06516905  1.86554796 -0.87381221  2.62185209 -0.45419494 -2.67151331
 -2.82019531  2.26182971 -3.14423351 -0.44536825 -1.00234824 -0.24660778
  2.3475417   1.84025262  0.0182075  -2.55288721 -2.65892175  0.24436941
 -0.76666222  1.2452414  -2.62771092  1.12505256 -0.38397815  0.42076278
  1.91903328  0.45811845  0.65074869 -1.27156743  1.79161216  2.93982492
  0.99593902  0.22180247 -1.14181231  2.42278783  0.72674082 -1.90977337
 -0.0503793   1.87092256  0.98664693 -1.08002958 -2.30130898  2.22238439
  2.00398661  1.92832353  2.29723364  1.91578698 -1.661217   -3.10389866
  0.42852287  1.34475829 -2.26275503 -1.12583553  2.31183705  1.39294653
 -0.27195665 -1.84442296 -1.64823715  1.96528111  1.30723904 -1.01188299
 -0.23075451 -0.6930916  -0.30339036  2.30246095 -0.66193821 -0.93534321
  0.77591004 -2.35268957  0.5902689   2.78422876 -0.35242999  2.04722765
 -1.86126421 -1.35336622 -2.59736806 -2.42273011 -1.50153051 -3.02896634
  2.0162016   1.78191054  1.58151669  1.12533488  1.58819434 -2.44421548
 -2.50736705  1.78907335  1.03427236 -0.29185912 -2.4772046   1.43098298
 -1.04394794 -3.04762141 -0.04720665  1.89751581 -2.70128475 -2.3681663
  1.87611894  1.02966593 -0.62617465 -0.49631341 -0.92140778  1.96405535
  0.47262254 -0.35622603  0.40183271 -2.26662935  1.26136569 -0.15330679
  2.40236181  1.23319549  2.87809271 -1.05733885  2.10171161 -0.42989453
 -3.26841188  2.20322051  0.81147124  1.92881079 -1.2891967   1.43910617
 -2.12172279  0.20898512  0.08303731 -2.79059114 -0.90191417 -2.39307481
  0.072278   -0.56898621]
Sat May 25 20:02:00 2024,817,0.09593800625708537,[-4.6584774   2.36664255 -1.84106077 -0.12409694  0.18672562 -2.68765099
  3.01282955  2.10571233  1.45518702 -0.92536056  0.61239985  1.0917024
  1.13210068 -1.54196802  0.77712899  2.80621746 -0.7981552  -0.63691756
 -1.75472054  0.6019588   1.676572    2.99185593 -1.20875793 -0.31571272
 -2.42357618 -2.33803678  2.99458172  2.76322745 -0.54433294 -2.36481322
  1.48280769 -0.0585081  -2.31787446  2.09556435  1.28954026 -0.63853943
  0.84777195 -2.31880681 -0.02589555  2.15332913 -0.16394185  0.38886661
  2.71395761  1.04622471  2.46285641  3.1617476   2.64140803 -2.9393297
  0.26537421 -0.81572861  1.75888677  2.86399332 -0.5109514  -2.31763485
  2.78736961 -3.21076739  0.79394328 -0.63487985 -1.74135911  2.69818399
 -1.80955085 -1.58813076 -2.30391409  2.18800711 -2.45128537  2.13559774
  2.07465236  1.53540756  2.3830843   2.80474826  1.64886111  1.20012666
 -1.51324545 -2.22927531  1.4713018   0.71194282  1.31361909 -3.01402345
 -0.37770306  2.51831685 -1.03585431  1.28752027  1.4832942   0.54455009
 -0.83302126  1.11514377  0.66824176 -0.38370041  2.80473714 -1.99307048
  1.53804619 -0.48681162  1.0903364  -2.84976601 -2.45832363  0.45773138
 -1.16150476 -0.49457607  0.36531617 -0.11126732 -1.65032837 -0.04117
 -0.85970559  2.81181069 -1.06239934 -1.38013491 -0.94883439  1.07796529
  1.85224712 -0.69616521  1.97232743 -2.19417593 -0.34727714 -0.73251669
 -2.89008067  3.16480362 -1.63194479  3.13522477 -1.26602549 -2.70847993
  3.36217161 -1.23322299 -0.77649613 -2.88407574 -2.71720557  2.54564131
 -2.13655209 -2.04712767 -0.18154888  3.14998785  0.24664277  0.2138496
 -1.25020331 -0.67764019 -1.73376993 -3.03025091  2.8703266   1.23551011
 -0.48570743 -2.18838464  1.10971125 -1.10585757 -0.49042492 -2.73954116
 -2.06516903  1.86554797 -0.8738122   2.62185208 -0.45419493 -2.67151329
 -2.8201953   2.2618297  -3.1442335  -0.44536826 -1.00234823 -0.2466078
  2.34754169  1.8402526   0.01820749 -2.5528872  -2.65892174  0.24436943
 -0.76666223  1.24524142 -2.62771091  1.12505255 -0.38397813  0.42076277
  1.91903327  0.45811843  0.6507487  -1.27156742  1.79161215  2.93982491
  0.99593901  0.22180248 -1.1418123   2.42278784  0.72674084 -1.90977339
 -0.05037928  1.87092255  0.98664694 -1.08002959 -2.30130896  2.22238441
  2.00398663  1.92832354  2.29723366  1.91578697 -1.66121701 -3.10389868
  0.42852288  1.34475828 -2.26275504 -1.12583554  2.31183704  1.39294654
 -0.27195664 -1.84442297 -1.64823714  1.9652811   1.30723902 -1.01188297
 -0.2307545  -0.69309159 -0.30339038  2.30246096 -0.66193819 -0.93534322
  0.77591002 -2.35268956  0.59026889  2.78422875 -0.35242998  2.04722766
 -1.86126419 -1.35336623 -2.59736805 -2.42273012 -1.50153053 -3.02896633
  2.01620159  1.78191055  1.5815167   1.12533487  1.58819435 -2.44421547
 -2.50736704  1.78907334  1.03427238 -0.2918591  -2.47720461  1.43098297
 -1.04394793 -3.0476214  -0.04720666  1.89751579 -2.70128476 -2.36816631
  1.87611895  1.02966591 -0.62617466 -0.4963134  -0.92140777  1.96405533
  0.47262255 -0.35622602  0.40183272 -2.26662937  1.26136571 -0.1533068
  2.4023618   1.23319548  2.8780927  -1.05733886  2.1017116  -0.42989452
 -3.26841186  2.20322053  0.81147122  1.92881078 -1.28919669  1.43910618
 -2.1217228   0.2089851   0.08303732 -2.79059115 -0.90191418 -2.39307482
  0.07227799 -0.56898622]
Sat May 25 20:02:25 2024,818,0.09593800625640082,[-4.65847741  2.36664256 -1.84106078 -0.12409692  0.18672561 -2.68765098
  3.01282954  2.10571234  1.45518703 -0.92536055  0.61239986  1.09170242
  1.13210067 -1.54196804  0.77712898  2.80621748 -0.79815519 -0.63691755
 -1.75472053  0.60195881  1.67657201  2.99185592 -1.20875794 -0.3157127
 -2.42357617 -2.33803677  2.9945817   2.76322744 -0.54433296 -2.36481321
  1.4828077  -0.05850809 -2.31787445  2.09556433  1.28954025 -0.63853944
  0.84777196 -2.31880682 -0.02589553  2.15332914 -0.16394183  0.3888666
  2.71395762  1.04622472  2.46285642  3.16174762  2.64140802 -2.93932969
  0.26537419 -0.81572862  1.75888678  2.86399331 -0.51095139 -2.31763484
  2.7873696  -3.21076738  0.79394329 -0.63487987 -1.74135912  2.698184
 -1.80955084 -1.58813074 -2.30391408  2.1880071  -2.45128538  2.13559772
  2.07465237  1.53540758  2.38308429  2.80474828  1.6488611   1.20012664
 -1.51324546 -2.22927533  1.47130178  0.71194284  1.3136191  -3.01402343
 -0.37770305  2.51831687 -1.0358543   1.28752028  1.48329418  0.5445501
 -0.83302124  1.11514378  0.66824175 -0.38370043  2.80473716 -1.99307047
  1.53804617 -0.48681163  1.09033639 -2.84976599 -2.45832361  0.45773137
 -1.16150475 -0.49457608  0.36531618 -0.11126731 -1.65032836 -0.04116999
 -0.85970557  2.81181068 -1.06239932 -1.38013492 -0.9488344   1.07796531
  1.85224714 -0.69616519  1.97232744 -2.19417594 -0.34727715 -0.73251668
 -2.89008065  3.1648036  -1.63194478  3.13522476 -1.26602551 -2.70847995
  3.3621716  -1.23322301 -0.77649612 -2.88407573 -2.71720556  2.54564133
 -2.13655207 -2.04712768 -0.18154889  3.14998783  0.24664278  0.21384962
 -1.2502033  -0.67764021 -1.73376992 -3.03025093  2.87032661  1.23551013
 -0.48570742 -2.18838463  1.10971124 -1.10585759 -0.49042491 -2.73954115
 -2.06516902  1.86554796 -0.87381221  2.62185209 -0.45419492 -2.67151328
 -2.82019529  2.26182971 -3.14423349 -0.44536827 -1.00234821 -0.24660781
  2.3475417   1.84025259  0.01820748 -2.55288718 -2.65892175  0.24436944
 -0.76666222  1.2452414  -2.62771092  1.12505256 -0.38397812  0.42076278
  1.91903326  0.45811845  0.65074871 -1.27156741  1.79161216  2.93982492
  0.99593902  0.22180247 -1.14181231  2.42278785  0.72674085 -1.90977337
 -0.0503793   1.87092254  0.98664695 -1.0800296  -2.30130898  2.22238439
  2.00398661  1.92832356  2.29723364  1.91578698 -1.661217   -3.10389869
  0.42852289  1.34475827 -2.26275505 -1.12583553  2.31183705  1.39294653
 -0.27195665 -1.84442296 -1.64823712  1.96528111  1.30723904 -1.01188299
 -0.23075451 -0.6930916  -0.30339036  2.30246095 -0.66193818 -0.93534321
  0.77591004 -2.35268955  0.59026887  2.78422873 -0.35242997  2.04722765
 -1.86126418 -1.35336625 -2.59736803 -2.42273011 -1.50153051 -3.02896634
  2.01620157  1.78191054  1.58151669  1.12533488  1.58819434 -2.44421546
 -2.50736705  1.78907335  1.03427239 -0.29185912 -2.47720463  1.43098298
 -1.04394792 -3.04762139 -0.04720665  1.89751581 -2.70128477 -2.36816632
  1.87611896  1.02966593 -0.62617465 -0.49631338 -0.92140776  1.96405535
  0.47262254 -0.35622603  0.40183271 -2.26662935  1.26136569 -0.15330681
  2.40236181  1.23319547  2.87809269 -1.05733888  2.10171161 -0.42989451
 -3.26841188  2.20322051  0.81147124  1.92881079 -1.28919668  1.43910617
 -2.12172279  0.20898512  0.08303733 -2.79059114 -0.90191417 -2.39307484
  0.07227798 -0.56898621]
Sat May 25 20:03:01 2024,819,0.09593800625571806,[-4.65847742  2.36664255 -1.84106079 -0.12409694  0.18672559 -2.68765096
  3.01282953  2.10571236  1.45518704 -0.92536056  0.61239985  1.09170243
  1.13210066 -1.54196802  0.77712899  2.80621746 -0.7981552  -0.63691754
 -1.75472051  0.6019588   1.676572    2.99185593 -1.20875795 -0.31571272
 -2.42357615 -2.33803678  2.99458169  2.76322742 -0.54433294 -2.36481322
  1.48280769 -0.05850807 -2.31787446  2.09556435  1.28954026 -0.63853945
  0.84777195 -2.31880684 -0.02589555  2.15332913 -0.16394185  0.38886659
  2.71395764  1.04622471  2.46285641  3.16174763  2.64140803 -2.9393297
  0.26537418 -0.81572863  1.7588868   2.86399332 -0.5109514  -2.31763485
  2.78736961 -3.21076737  0.7939433  -0.63487988 -1.74135911  2.69818399
 -1.80955082 -1.58813076 -2.30391409  2.18800709 -2.45128537  2.13559771
  2.07465239  1.53540756  2.3830843   2.80474829  1.64886111  1.20012663
 -1.51324545 -2.22927531  1.47130177  0.71194285  1.31361909 -3.01402345
 -0.37770303  2.51831685 -1.03585431  1.28752027  1.4832942   0.54455009
 -0.83302126  1.11514379  0.66824176 -0.38370041  2.80473717 -1.99307046
  1.53804619 -0.48681162  1.09033638 -2.84976601 -2.4583236   0.45773136
 -1.16150474 -0.49457607  0.36531617 -0.11126732 -1.65032837 -0.04116998
 -0.85970556  2.81181067 -1.06239934 -1.38013493 -0.94883442  1.07796532
  1.85224712 -0.69616521  1.97232746 -2.19417596 -0.34727716 -0.73251666
 -2.89008064  3.16480359 -1.63194479  3.13522477 -1.26602549 -2.70847993
  3.36217161 -1.23322302 -0.77649613 -2.88407574 -2.71720557  2.54564134
 -2.13655209 -2.04712767 -0.18154888  3.14998785  0.24664277  0.21384963
 -1.25020331 -0.67764022 -1.73376993 -3.03025094  2.87032662  1.23551011
 -0.48570743 -2.18838461  1.10971123 -1.1058576  -0.49042492 -2.73954113
 -2.06516901  1.86554797 -0.87381223  2.62185208 -0.45419493 -2.67151329
 -2.8201953   2.2618297  -3.14423348 -0.44536829 -1.0023482  -0.2466078
  2.34754169  1.84025258  0.01820746 -2.5528872  -2.65892174  0.24436945
 -0.76666221  1.24524139 -2.62771094  1.12505257 -0.38397811  0.42076279
  1.91903327  0.45811843  0.6507487  -1.27156739  1.79161217  2.93982491
  0.99593903  0.22180248 -1.14181232  2.42278784  0.72674086 -1.90977339
 -0.05037931  1.87092253  0.98664694 -1.08002962 -2.30130896  2.22238438
  2.00398663  1.92832357  2.29723366  1.91578697 -1.66121699 -3.1038987
  0.4285229   1.34475828 -2.26275507 -1.12583554  2.31183707  1.39294651
 -0.27195667 -1.84442294 -1.64823711  1.9652811   1.30723905 -1.01188297
 -0.2307545  -0.69309159 -0.30339038  2.30246096 -0.66193819 -0.9353432
  0.77591005 -2.35268953  0.59026886  2.78422875 -0.35242998  2.04722766
 -1.86126417 -1.35336626 -2.59736805 -2.4227301  -1.50153053 -3.02896635
  2.01620159  1.78191055  1.58151667  1.12533489  1.58819433 -2.44421545
 -2.50736706  1.78907337  1.0342724  -0.2918591  -2.47720461  1.43098299
 -1.04394793 -3.04762137 -0.04720666  1.89751579 -2.70128479 -2.36816631
  1.87611897  1.02966594 -0.62617466 -0.49631337 -0.92140777  1.96405533
  0.47262255 -0.35622604  0.40183272 -2.26662934  1.26136568 -0.15330683
  2.40236183  1.23319548  2.8780927  -1.05733889  2.10171162 -0.42989449
 -3.26841186  2.2032205   0.81147125  1.92881078 -1.28919666  1.43910618
 -2.1217228   0.20898513  0.08303732 -2.79059115 -0.90191418 -2.39307482
  0.07227797 -0.5689862 ]
Sat May 25 20:03:25 2024,820,0.09593800625503691,[-4.65847744  2.36664256 -1.84106081 -0.12409695  0.18672561 -2.68765098
  3.01282951  2.10571237  1.45518703 -0.92536058  0.61239983  1.09170242
  1.13210067 -1.54196801  0.77712901  2.80621745 -0.79815522 -0.63691755
 -1.7547205   0.60195878  1.67657199  2.99185594 -1.20875796 -0.3157127
 -2.42357614 -2.33803677  2.99458168  2.76322744 -0.54433296 -2.36481323
  1.48280768 -0.05850809 -2.31787447  2.09556436  1.28954025 -0.63853946
  0.84777194 -2.31880685 -0.02589556  2.15332914 -0.16394183  0.38886657
  2.71395762  1.04622472  2.46285639  3.16174762  2.64140802 -2.93932969
  0.26537419 -0.81572864  1.75888678  2.86399334 -0.51095142 -2.31763486
  2.7873696  -3.21076735  0.79394329 -0.63487989 -1.7413591   2.698184
 -1.80955081 -1.58813074 -2.30391411  2.1880071  -2.45128538  2.1355977
  2.07465237  1.53540758  2.38308431  2.80474828  1.64886112  1.20012664
 -1.51324544 -2.22927533  1.47130178  0.71194284  1.31361908 -3.01402346
 -0.37770305  2.51831684 -1.03585432  1.28752028  1.48329421  0.54455008
 -0.83302127  1.11514378  0.66824175 -0.3837004   2.80473718 -1.99307047
  1.53804617 -0.48681161  1.09033639 -2.84976602 -2.45832359  0.45773137
 -1.16150473 -0.49457608  0.36531616 -0.11126731 -1.65032838 -0.04116997
 -0.85970555  2.81181068 -1.06239935 -1.38013495 -0.9488344   1.07796533
  1.85224714 -0.69616522  1.97232747 -2.19417597 -0.34727718 -0.73251668
 -2.89008065  3.16480358 -1.63194478  3.13522476 -1.26602548 -2.70847995
  3.3621716  -1.23322303 -0.77649615 -2.88407573 -2.71720559  2.54564135
 -2.13655207 -2.04712766 -0.18154886  3.14998783  0.24664278  0.21384962
 -1.25020332 -0.67764023 -1.73376995 -3.03025095  2.87032663  1.23551013
 -0.48570742 -2.1883846   1.10971121 -1.10585761 -0.49042493 -2.73954112
 -2.065169    1.86554799 -0.87381221  2.62185207 -0.45419492 -2.67151331
 -2.82019531  2.26182969 -3.14423346 -0.44536827 -1.00234821 -0.24660781
  2.3475417   1.84025256  0.01820748 -2.55288718 -2.65892175  0.24436946
 -0.7666622   1.24524138 -2.62771092  1.12505256 -0.3839781   0.42076278
  1.91903326  0.45811845  0.65074869 -1.27156738  1.79161216  2.93982492
  0.99593902  0.2218025  -1.14181231  2.42278783  0.72674085 -1.9097734
 -0.0503793   1.87092254  0.98664693 -1.08002963 -2.30130898  2.22238439
  2.00398664  1.92832358  2.29723367  1.91578695 -1.66121697 -3.10389872
  0.42852292  1.34475829 -2.26275508 -1.12583553  2.31183708  1.3929465
 -0.27195668 -1.84442293 -1.6482371   1.96528109  1.30723904 -1.01188299
 -0.23075449 -0.6930916  -0.30339036  2.30246097 -0.66193818 -0.93534318
  0.77591006 -2.35268955  0.59026887  2.78422873 -0.35242997  2.04722767
 -1.86126415 -1.35336625 -2.59736806 -2.42273011 -1.50153054 -3.02896634
  2.0162016   1.78191054  1.58151666  1.12533488  1.58819432 -2.44421546
 -2.50736705  1.78907335  1.03427239 -0.29185909 -2.4772046   1.43098298
 -1.04394792 -3.04762136 -0.04720665  1.89751581 -2.70128477 -2.3681663
  1.87611896  1.02966595 -0.62617467 -0.49631338 -0.92140778  1.96405532
  0.47262254 -0.35622606  0.40183273 -2.26662933  1.26136569 -0.15330681
  2.40236184  1.23319549  2.87809271 -1.05733888  2.10171161 -0.4298945
 -3.26841185  2.20322051  0.81147124  1.92881076 -1.28919667  1.4391062
 -2.12172281  0.20898514  0.08303731 -2.79059114 -0.9019142  -2.39307481
  0.07227798 -0.56898618]
Sat May 25 20:03:50 2024,821,0.09593800625435685,[-4.65847745  2.36664258 -1.84106082 -0.12409696  0.18672562 -2.68765096
  3.01282953  2.10571238  1.45518702 -0.92536056  0.61239982  1.09170241
  1.13210068 -1.541968    0.77712902  2.80621746 -0.7981552  -0.63691756
 -1.75472051  0.60195877  1.67657197  2.99185596 -1.20875798 -0.31571269
 -2.42357615 -2.33803678  2.99458167  2.76322745 -0.54433294 -2.36481322
  1.48280769 -0.05850807 -2.31787448  2.09556435  1.28954024 -0.63853948
  0.84777195 -2.31880686 -0.02589557  2.15332915 -0.16394182  0.38886656
  2.71395764  1.04622473  2.46285641  3.1617476   2.64140803 -2.93932967
  0.26537421 -0.81572863  1.75888677  2.86399335 -0.51095143 -2.31763488
  2.78736958 -3.21076734  0.79394328 -0.6348799  -1.74135911  2.69818399
 -1.80955082 -1.58813076 -2.30391412  2.18800711 -2.45128537  2.13559769
  2.07465236  1.53540756  2.3830843   2.80474829  1.64886111  1.20012663
 -1.51324545 -2.22927534  1.47130177  0.71194282  1.31361909 -3.01402347
 -0.37770303  2.51831683 -1.03585431  1.2875203   1.4832942   0.54455009
 -0.83302126  1.11514379  0.66824176 -0.38370039  2.8047372  -1.99307046
  1.53804616 -0.48681159  1.0903364  -2.84976601 -2.45832357  0.45773138
 -1.16150474 -0.49457609  0.36531614 -0.11126732 -1.6503284  -0.04116998
 -0.85970556  2.81181069 -1.06239934 -1.38013496 -0.94883439  1.07796532
  1.85224712 -0.69616521  1.97232746 -2.19417596 -0.34727719 -0.73251669
 -2.89008067  3.16480359 -1.63194476  3.13522475 -1.26602549 -2.70847993
  3.36217158 -1.23322304 -0.77649613 -2.88407574 -2.7172056   2.54564136
 -2.13655206 -2.04712765 -0.18154888  3.14998782  0.24664277  0.2138496
 -1.25020334 -0.67764022 -1.73376993 -3.03025097  2.87032665  1.23551014
 -0.4857074  -2.18838461  1.10971123 -1.10585762 -0.49042495 -2.73954111
 -2.06516898  1.865548   -0.87381223  2.62185208 -0.4541949  -2.67151329
 -2.82019533  2.26182967 -3.14423345 -0.44536826 -1.00234823 -0.2466078
  2.34754172  1.84025258  0.01820746 -2.5528872  -2.65892174  0.24436948
 -0.76666221  1.24524136 -2.62771094  1.12505257 -0.38397811  0.42076279
  1.91903325  0.45811846  0.6507487  -1.27156737  1.79161215  2.93982491
  0.99593903  0.22180248 -1.1418123   2.42278784  0.72674084 -1.90977341
 -0.05037931  1.87092255  0.98664692 -1.08002962 -2.30130899  2.22238441
  2.00398663  1.92832357  2.29723366  1.91578697 -1.66121699 -3.10389873
  0.42852293  1.34475831 -2.26275507 -1.12583554  2.31183709  1.39294651
 -0.27195669 -1.84442294 -1.64823709  1.9652811   1.30723902 -1.011883
 -0.2307545  -0.69309161 -0.30339035  2.30246096 -0.66193819 -0.93534317
  0.77591007 -2.35268956  0.59026889  2.78422872 -0.35242995  2.04722768
 -1.86126414 -1.35336626 -2.59736807 -2.42273012 -1.50153055 -3.02896633
  2.01620161  1.78191055  1.58151665  1.12533489  1.5881943  -2.44421545
 -2.50736704  1.78907337  1.0342724  -0.2918591  -2.47720461  1.43098297
 -1.0439479  -3.04762135 -0.04720666  1.89751582 -2.70128479 -2.36816628
  1.87611895  1.02966594 -0.62617466 -0.4963134  -0.92140779  1.96405531
  0.47262252 -0.35622607  0.40183275 -2.26662934  1.26136568 -0.15330683
  2.40236185  1.23319551  2.87809272 -1.05733886  2.10171162 -0.42989449
 -3.26841186  2.2032205   0.81147122  1.92881075 -1.28919666  1.43910621
 -2.12172282  0.20898513  0.08303732 -2.79059115 -0.90191421 -2.39307482
  0.07227797 -0.5689862 ]
Sat May 25 20:04:16 2024,822,0.0959380062536783,[-4.65847746  2.36664259 -1.84106083 -0.12409695  0.18672561 -2.68765098
  3.01282951  2.10571237  1.45518703 -0.92536058  0.61239983  1.09170239
  1.13210069 -1.54196801  0.77712903  2.80621748 -0.79815519 -0.63691755
 -1.7547205   0.60195876  1.67657196  2.99185597 -1.20875799 -0.3157127
 -2.42357617 -2.33803679  2.99458165  2.76322746 -0.54433293 -2.36481323
  1.48280768 -0.05850806 -2.31787447  2.09556433  1.28954025 -0.63853949
  0.84777196 -2.31880688 -0.02589558  2.15332914 -0.16394181  0.38886655
  2.71395765  1.04622475  2.46285639  3.16174759  2.64140804 -2.93932969
  0.26537419 -0.81572862  1.75888678  2.86399336 -0.51095144 -2.31763489
  2.7873696  -3.21076735  0.79394327 -0.63487992 -1.74135912  2.698184
 -1.80955081 -1.58813077 -2.30391413  2.18800713 -2.45128536  2.13559767
  2.07465235  1.53540758  2.38308431  2.8047483   1.6488611   1.20012664
 -1.51324546 -2.22927533  1.47130176  0.71194284  1.3136191  -3.01402346
 -0.37770302  2.51831682 -1.03585432  1.28752028  1.48329418  0.5445501
 -0.83302127  1.11514378  0.66824177 -0.3837004   2.80473721 -1.99307044
  1.53804617 -0.48681158  1.09033639 -2.84976602 -2.45832359  0.45773137
 -1.16150473 -0.49457608  0.36531613 -0.11126733 -1.65032838 -0.04116999
 -0.85970557  2.81181071 -1.06239935 -1.38013497 -0.94883438  1.07796531
  1.85224714 -0.69616522  1.97232747 -2.19417594 -0.3472772  -0.73251668
 -2.89008065  3.1648036  -1.63194478  3.13522476 -1.26602548 -2.70847992
  3.36217157 -1.23322306 -0.77649615 -2.88407575 -2.71720559  2.54564138
 -2.13655207 -2.04712763 -0.18154889  3.14998783  0.24664276  0.21384959
 -1.25020332 -0.67764021 -1.73376995 -3.03025095  2.87032663  1.23551013
 -0.48570742 -2.1883846   1.10971121 -1.10585764 -0.49042496 -2.73954112
 -2.065169    1.86554799 -0.87381224  2.62185207 -0.45419492 -2.67151328
 -2.82019531  2.26182966 -3.14423346 -0.44536825 -1.00234824 -0.24660778
  2.34754173  1.84025259  0.01820745 -2.55288718 -2.65892175  0.24436946
 -0.7666622   1.24524138 -2.62771092  1.12505256 -0.38397812  0.4207628
  1.91903326  0.45811845  0.65074869 -1.27156735  1.79161213  2.93982492
  0.99593905  0.22180247 -1.14181231  2.42278785  0.72674082 -1.90977342
 -0.0503793   1.87092254  0.98664693 -1.08002963 -2.30130898  2.22238439
  2.00398661  1.92832358  2.29723367  1.91578698 -1.66121697 -3.10389874
  0.42852294  1.34475829 -2.26275508 -1.12583555  2.31183708  1.39294653
 -0.2719567  -1.84442296 -1.64823707  1.96528109  1.30723904 -1.01188301
 -0.23075449 -0.69309162 -0.30339034  2.30246097 -0.66193821 -0.93534318
  0.77591009 -2.35268955  0.59026887  2.78422873 -0.35242997  2.04722767
 -1.86126415 -1.35336625 -2.59736808 -2.42273013 -1.50153054 -3.02896632
  2.0162016   1.78191054  1.58151663  1.12533491  1.58819432 -2.44421543
 -2.50736703  1.78907338  1.03427241 -0.29185909 -2.47720463  1.43098296
 -1.04394792 -3.04762134 -0.04720667  1.89751583 -2.70128477 -2.36816627
  1.87611894  1.02966595 -0.62617467 -0.49631341 -0.92140778  1.9640553
  0.47262251 -0.35622606  0.40183276 -2.26662933  1.26136569 -0.15330684
  2.40236186  1.23319552  2.87809274 -1.05733885  2.10171164 -0.42989448
 -3.26841188  2.20322051  0.81147121  1.92881074 -1.28919667  1.43910622
 -2.12172281  0.20898514  0.08303733 -2.79059116 -0.90191422 -2.39307484
  0.07227798 -0.56898618]
Sat May 25 20:04:40 2024,823,0.09593800625300174,[-4.65847747  2.3666426  -1.84106082 -0.12409694  0.18672562 -2.68765096
  3.0128295   2.10571238  1.45518704 -0.92536059  0.61239985  1.09170238
  1.13210068 -1.541968    0.77712902  2.80621746 -0.79815518 -0.63691754
 -1.75472051  0.60195875  1.67657195  2.99185596 -1.208758   -0.31571272
 -2.42357618 -2.33803681  2.99458164  2.76322745 -0.54433292 -2.36481322
  1.48280769 -0.05850805 -2.31787448  2.09556435  1.28954026 -0.6385395
  0.84777195 -2.31880686 -0.0258956   2.15332913 -0.1639418   0.38886654
  2.71395764  1.04622473  2.46285641  3.16174758  2.64140803 -2.93932967
  0.26537421 -0.81572863  1.75888677  2.86399335 -0.51095143 -2.31763488
  2.78736958 -3.21076734  0.79394325 -0.63487993 -1.74135911  2.69818401
 -1.80955082 -1.58813078 -2.30391412  2.18800711 -2.45128537  2.13559769
  2.07465236  1.53540759  2.38308432  2.80474831  1.64886108  1.20012663
 -1.51324545 -2.22927531  1.47130175  0.71194282  1.31361909 -3.01402347
 -0.37770301  2.51831683 -1.03585434  1.2875203   1.4832942   0.54455009
 -0.83302126  1.11514379  0.66824176 -0.38370041  2.80473722 -1.99307046
  1.53804616 -0.48681159  1.0903364  -2.84976601 -2.4583236   0.45773138
 -1.16150471 -0.49457609  0.36531614 -0.11126735 -1.65032837 -0.04117
 -0.85970559  2.81181072 -1.06239936 -1.38013499 -0.94883437  1.07796532
  1.85224712 -0.69616523  1.97232746 -2.19417596 -0.34727719 -0.73251669
 -2.89008067  3.16480362 -1.63194479  3.13522475 -1.26602547 -2.70847991
  3.36217156 -1.23322307 -0.77649616 -2.88407574 -2.71720557  2.54564136
 -2.13655206 -2.04712765 -0.1815489   3.14998782  0.24664277  0.21384958
 -1.25020334 -0.67764022 -1.73376996 -3.03025094  2.87032662  1.23551011
 -0.4857074  -2.18838461  1.10971123 -1.10585762 -0.49042495 -2.73954111
 -2.06516898  1.865548   -0.87381225  2.62185208 -0.4541949  -2.67151327
 -2.82019533  2.26182967 -3.14423348 -0.44536826 -1.00234825 -0.2466078
  2.34754174  1.8402526   0.01820746 -2.55288717 -2.65892174  0.24436945
 -0.76666221  1.24524136 -2.62771094  1.12505257 -0.38397813  0.42076282
  1.91903325  0.45811843  0.6507487  -1.27156734  1.79161215  2.93982491
  0.99593906  0.22180248 -1.1418123   2.42278786  0.72674084 -1.90977344
 -0.05037931  1.87092255  0.98664692 -1.08002964 -2.30130896  2.22238438
  2.0039866   1.92832359  2.29723368  1.91578697 -1.66121699 -3.10389873
  0.42852293  1.34475828 -2.26275509 -1.12583557  2.31183709  1.39294654
 -0.27195672 -1.84442294 -1.64823709  1.9652811   1.30723905 -1.01188302
 -0.23075447 -0.69309164 -0.30339033  2.30246098 -0.66193822 -0.93534317
  0.7759101  -2.35268953  0.59026889  2.78422872 -0.35242998  2.04722766
 -1.86126417 -1.35336626 -2.5973681  -2.42273015 -1.50153055 -3.02896633
  2.01620161  1.78191052  1.58151662  1.12533492  1.58819433 -2.44421542
 -2.50736704  1.78907339  1.0342724  -0.2918591  -2.47720461  1.43098294
 -1.04394793 -3.04762132 -0.04720666  1.89751584 -2.70128479 -2.36816626
  1.87611895  1.02966596 -0.62617469 -0.49631342 -0.92140779  1.96405528
  0.47262252 -0.35622607  0.40183277 -2.26662934  1.26136571 -0.15330685
  2.40236185  1.23319553  2.87809272 -1.05733886  2.10171165 -0.42989449
 -3.26841189  2.20322053  0.81147122  1.92881075 -1.28919666  1.43910623
 -2.1217228   0.20898513  0.08303735 -2.79059118 -0.90191421 -2.39307482
  0.07227797 -0.56898617]
Sat May 25 20:05:04 2024,824,0.09593800625232658,[-4.65847749  2.36664261 -1.84106083 -0.12409692  0.18672563 -2.68765095
  3.01282949  2.10571237  1.45518703 -0.9253606   0.61239983  1.09170239
  1.13210069 -1.54196799  0.77712901  2.80621745 -0.79815517 -0.63691753
 -1.75472053  0.60195876  1.67657196  2.99185594 -1.20875801 -0.3157127
 -2.42357617 -2.33803679  2.99458165  2.76322746 -0.54433291 -2.36481321
  1.48280768 -0.05850806 -2.3178745   2.09556436  1.28954027 -0.63853951
  0.84777194 -2.31880688 -0.02589558  2.15332912 -0.16394178  0.38886652
  2.71395765  1.04622472  2.46285642  3.16174756  2.64140802 -2.93932969
  0.26537419 -0.81572864  1.75888678  2.86399334 -0.51095142 -2.31763489
  2.7873696  -3.21076735  0.79394324 -0.63487994 -1.74135912  2.698184
 -1.80955081 -1.58813077 -2.30391413  2.18800713 -2.45128536  2.13559767
  2.07465235  1.53540758  2.38308434  2.80474833  1.6488611   1.20012664
 -1.51324544 -2.2292753   1.47130173  0.71194284  1.31361908 -3.01402348
 -0.37770302  2.51831682 -1.03585432  1.28752028  1.48329421  0.5445501
 -0.83302127  1.11514381  0.66824175 -0.3837004   2.80473723 -1.99307047
  1.53804615 -0.48681161  1.09033642 -2.849766   -2.45832361  0.45773137
 -1.16150473 -0.4945761   0.36531613 -0.11126736 -1.65032836 -0.04116999
 -0.8597056   2.81181073 -1.06239935 -1.380135   -0.94883435  1.07796531
  1.85224711 -0.69616522  1.97232744 -2.19417594 -0.34727718 -0.73251668
 -2.89008068  3.1648036  -1.6319448   3.13522476 -1.26602546 -2.7084799
  3.36217157 -1.23322308 -0.77649615 -2.88407575 -2.71720559  2.54564138
 -2.13655207 -2.04712766 -0.18154889  3.14998781  0.24664278  0.21384957
 -1.25020335 -0.67764023 -1.73376995 -3.03025093  2.87032661  1.23551013
 -0.48570742 -2.1883846   1.10971121 -1.10585764 -0.49042496 -2.73954112
 -2.06516897  1.86554801 -0.87381224  2.62185207 -0.45419492 -2.67151326
 -2.82019534  2.26182969 -3.14423349 -0.44536825 -1.00234824 -0.24660778
  2.34754175  1.84025262  0.01820745 -2.55288716 -2.65892173  0.24436946
 -0.7666622   1.24524135 -2.62771092  1.12505256 -0.38397812  0.4207628
  1.91903326  0.45811842  0.65074871 -1.27156733  1.79161216  2.93982492
  0.99593907  0.22180247 -1.14181229  2.42278785  0.72674085 -1.90977342
 -0.05037932  1.87092254  0.98664693 -1.08002965 -2.30130895  2.22238439
  2.00398661  1.92832361  2.2972337   1.91578698 -1.661217   -3.10389874
  0.42852292  1.34475827 -2.26275508 -1.12583558  2.31183708  1.39294653
 -0.2719567  -1.84442293 -1.64823707  1.96528109  1.30723904 -1.01188301
 -0.23075449 -0.69309165 -0.30339034  2.302461   -0.66193823 -0.93534318
  0.77591009 -2.35268952  0.59026887  2.78422871 -0.35242997  2.04722767
 -1.86126415 -1.35336627 -2.59736811 -2.42273016 -1.50153054 -3.02896632
  2.0162016   1.78191051  1.58151663  1.12533493  1.58819434 -2.44421541
 -2.50736705  1.7890734   1.03427239 -0.29185912 -2.4772046   1.43098293
 -1.04394794 -3.04762134 -0.04720667  1.89751583 -2.7012848  -2.36816625
  1.87611896  1.02966598 -0.62617467 -0.49631344 -0.92140778  1.96405527
  0.47262254 -0.35622606  0.40183278 -2.26662933  1.26136569 -0.15330686
  2.40236186  1.23319552  2.87809274 -1.05733885  2.10171166 -0.4298945
 -3.26841188  2.20322054  0.81147124  1.92881074 -1.28919665  1.43910625
 -2.12172279  0.20898512  0.08303733 -2.79059119 -0.9019142  -2.39307484
  0.07227795 -0.56898616]
Sat May 25 20:05:36 2024,825,0.09593800625165261,[-4.6584775   2.36664263 -1.84106084 -0.12409694  0.18672562 -2.68765094
  3.0128295   2.10571238  1.45518702 -0.92536061  0.61239982  1.09170238
  1.13210068 -1.54196797  0.77712902  2.80621746 -0.79815518 -0.63691751
 -1.75472054  0.60195875  1.67657195  2.99185593 -1.20875803 -0.31571272
 -2.42357618 -2.33803678  2.99458167  2.76322745 -0.54433289 -2.36481322
  1.48280769 -0.05850805 -2.31787451  2.09556437  1.28954029 -0.63853953
  0.84777192 -2.31880689 -0.02589557  2.15332913 -0.1639418   0.38886651
  2.71395764  1.04622471  2.46285641  3.16174758  2.64140801 -2.93932967
  0.26537421 -0.81572866  1.75888677  2.86399332 -0.5109514  -2.3176349
  2.78736961 -3.21076737  0.79394323 -0.63487995 -1.74135913  2.69818399
 -1.8095508  -1.58813076 -2.30391414  2.18800711 -2.45128535  2.13559769
  2.07465234  1.53540756  2.38308432  2.80474834  1.64886108  1.20012666
 -1.51324545 -2.22927531  1.47130175  0.71194285  1.31361907 -3.0140235
 -0.37770303  2.51831683 -1.03585434  1.2875203   1.48329422  0.54455012
 -0.83302126  1.11514382  0.66824176 -0.38370041  2.80473722 -1.99307046
  1.53804616 -0.48681159  1.09033643 -2.84976601 -2.4583236   0.45773136
 -1.16150474 -0.49457612  0.36531612 -0.11126735 -1.65032837 -0.04116998
 -0.85970559  2.81181072 -1.06239936 -1.38013501 -0.94883434  1.07796532
  1.85224712 -0.69616523  1.97232743 -2.19417596 -0.34727716 -0.73251669
 -2.89008069  3.16480362 -1.63194481  3.13522475 -1.26602547 -2.70847988
  3.36217158 -1.23322307 -0.77649614 -2.88407574 -2.71720557  2.54564139
 -2.13655206 -2.04712765 -0.1815489   3.14998782  0.24664279  0.21384958
 -1.25020336 -0.67764022 -1.73376993 -3.03025094  2.8703266   1.23551014
 -0.48570743 -2.18838461  1.1097112  -1.10585765 -0.49042497 -2.73954113
 -2.06516898  1.865548   -0.87381223  2.62185205 -0.45419493 -2.67151324
 -2.82019533  2.2618297  -3.14423348 -0.44536826 -1.00234825 -0.2466078
  2.34754177  1.84025263  0.01820746 -2.55288717 -2.65892171  0.24436948
 -0.76666221  1.24524134 -2.62771091  1.12505255 -0.38397811  0.42076279
  1.91903325  0.45811843  0.6507487  -1.27156732  1.79161215  2.93982491
  0.99593906  0.22180248 -1.14181227  2.42278786  0.72674086 -1.90977344
 -0.05037931  1.87092253  0.98664692 -1.08002967 -2.30130894  2.2223844
  2.00398663  1.92832359  2.29723371  1.91578697 -1.66121699 -3.10389875
  0.42852293  1.34475826 -2.26275509 -1.12583557  2.31183707  1.39294651
 -0.27195672 -1.84442292 -1.64823709  1.9652811   1.30723905 -1.011883
 -0.23075447 -0.69309164 -0.30339033  2.30246098 -0.66193822 -0.9353432
  0.77591007 -2.35268951  0.59026886  2.7842287  -0.35242998  2.04722766
 -1.86126414 -1.35336626 -2.5973681  -2.42273015 -1.50153053 -3.0289663
  2.01620159  1.7819105   1.58151665  1.12533494  1.58819433 -2.4442154
 -2.50736704  1.78907339  1.0342724  -0.29185913 -2.47720461  1.43098294
 -1.04394795 -3.04762135 -0.04720666  1.89751584 -2.70128479 -2.36816626
  1.87611897  1.02966596 -0.62617466 -0.49631345 -0.92140777  1.96405528
  0.47262255 -0.35622604  0.4018328  -2.26662932  1.26136571 -0.15330685
  2.40236188  1.23319553  2.87809272 -1.05733884  2.10171168 -0.42989452
 -3.26841189  2.20322053  0.81147125  1.92881075 -1.28919666  1.43910623
 -2.12172277  0.2089851   0.08303735 -2.7905912  -0.90191418 -2.39307482
  0.07227797 -0.56898615]
Sat May 25 20:06:00 2024,826,0.09593800625098106,[-4.65847751  2.36664261 -1.84106083 -0.12409695  0.18672563 -2.68765093
  3.01282949  2.10571239  1.45518701 -0.92536063  0.61239981  1.09170239
  1.13210069 -1.54196799  0.77712901  2.80621748 -0.79815517 -0.6369175
 -1.75472053  0.60195876  1.67657196  2.99185594 -1.20875801 -0.31571273
 -2.42357617 -2.33803677  2.99458165  2.76322746 -0.54433291 -2.36481321
  1.4828077  -0.05850806 -2.31787452  2.09556438  1.2895403  -0.63853951
  0.84777191 -2.31880688 -0.02589558  2.15332912 -0.16394181  0.3888665
  2.71395762  1.04622472  2.46285642  3.16174759  2.64140802 -2.93932969
  0.26537419 -0.81572867  1.75888676  2.86399334 -0.51095139 -2.31763489
  2.78736962 -3.21076735  0.79394322 -0.63487994 -1.74135912  2.69818398
 -1.80955079 -1.58813074 -2.30391416  2.18800713 -2.45128536  2.13559767
  2.07465235  1.53540755  2.38308434  2.80474835  1.6488611   1.20012664
 -1.51324546 -2.22927533  1.47130173  0.71194284  1.31361908 -3.01402348
 -0.37770305  2.51831684 -1.03585432  1.28752031  1.48329423  0.5445501
 -0.83302124  1.11514383  0.66824177 -0.3837004   2.80473721 -1.99307044
  1.53804617 -0.48681161  1.09033642 -2.849766   -2.45832359  0.45773137
 -1.16150475 -0.4945761   0.3653161  -0.11126733 -1.65032836 -0.04116999
 -0.8597056   2.81181071 -1.06239937 -1.380135   -0.94883435  1.07796531
  1.85224714 -0.69616522  1.97232744 -2.19417597 -0.34727715 -0.7325167
 -2.8900807   3.16480363 -1.63194483  3.13522473 -1.26602548 -2.70847987
  3.3621716  -1.23322306 -0.77649615 -2.88407575 -2.71720559  2.5456414
 -2.13655205 -2.04712766 -0.18154889  3.14998783  0.24664278  0.21384957
 -1.25020335 -0.67764021 -1.73376992 -3.03025093  2.87032661  1.23551015
 -0.48570744 -2.1883846   1.10971121 -1.10585764 -0.49042496 -2.73954112
 -2.06516897  1.86554801 -0.87381221  2.62185204 -0.45419494 -2.67151326
 -2.82019534  2.26182969 -3.14423349 -0.44536825 -1.00234826 -0.24660781
  2.34754178  1.84025264  0.01820745 -2.55288716 -2.65892173  0.24436946
 -0.7666622   1.24524135 -2.6277109   1.12505254 -0.38397812  0.42076278
  1.91903323  0.45811845  0.65074869 -1.2715673   1.79161216  2.9398249
  0.99593905  0.2218025  -1.14181226  2.42278785  0.72674085 -1.90977345
 -0.0503793   1.87092251  0.98664693 -1.08002965 -2.30130895  2.22238439
  2.00398661  1.92832358  2.2972337   1.91578698 -1.661217   -3.10389874
  0.42852294  1.34475827 -2.26275508 -1.12583555  2.31183708  1.39294653
 -0.27195673 -1.84442293 -1.64823707  1.96528109  1.30723906 -1.01188301
 -0.23075449 -0.69309163 -0.30339031  2.302461   -0.66193823 -0.93534321
  0.77591006 -2.35268952  0.59026887  2.78422868 -0.35242997  2.04722767
 -1.86126413 -1.35336625 -2.59736808 -2.42273013 -1.50153051 -3.02896629
  2.01620157  1.78191048  1.58151666  1.12533493  1.58819432 -2.44421541
 -2.50736705  1.7890734   1.03427239 -0.29185914 -2.4772046   1.43098296
 -1.04394797 -3.04762136 -0.04720667  1.89751586 -2.70128477 -2.36816627
  1.87611899  1.02966598 -0.62617465 -0.49631344 -0.92140778  1.96405527
  0.47262256 -0.35622603  0.40183278 -2.26662933  1.26136572 -0.15330684
  2.40236186  1.23319554  2.87809274 -1.05733883  2.10171169 -0.4298945
 -3.26841188  2.20322051  0.81147126  1.92881076 -1.28919667  1.43910622
 -2.12172279  0.20898512  0.08303733 -2.79059119 -0.9019142  -2.39307481
  0.07227798 -0.56898616]
Sat May 25 20:06:24 2024,827,0.09593800625031008,[-4.65847752  2.36664263 -1.84106082 -0.12409694  0.18672562 -2.68765094
  3.01282948  2.10571241  1.45518702 -0.92536064  0.61239982  1.09170238
  1.13210071 -1.54196797  0.77712899  2.80621746 -0.79815518 -0.63691749
 -1.75472051  0.60195875  1.67657197  2.99185596 -1.208758   -0.31571272
 -2.42357615 -2.33803678  2.99458164  2.76322747 -0.54433289 -2.36481319
  1.48280769 -0.05850807 -2.31787451  2.0955644   1.28954029 -0.63853953
  0.8477719  -2.31880689 -0.02589557  2.15332913 -0.16394182  0.38886651
  2.71395764  1.04622471  2.46285641  3.1617476   2.64140801 -2.9393297
  0.26537418 -0.81572868  1.75888677  2.86399332 -0.5109514  -2.31763488
  2.78736963 -3.21076737  0.7939432  -0.63487993 -1.74135911  2.69818399
 -1.80955077 -1.58813076 -2.30391414  2.18800714 -2.45128537  2.13559769
  2.07465236  1.53540756  2.38308432  2.80474836  1.64886108  1.20012666
 -1.51324545 -2.22927531  1.47130175  0.71194285  1.31361909 -3.01402347
 -0.37770306  2.51831685 -1.03585431  1.2875203   1.48329425  0.54455012
 -0.83302123  1.11514382  0.66824178 -0.38370039  2.8047372  -1.99307043
  1.53804616 -0.48681162  1.0903364  -2.84976601 -2.4583236   0.45773138
 -1.16150474 -0.49457609  0.36531609 -0.11126735 -1.65032837 -0.04117
 -0.85970559  2.81181069 -1.06239939 -1.38013501 -0.94883434  1.07796529
  1.85224712 -0.69616523  1.97232743 -2.19417596 -0.34727714 -0.73251671
 -2.89008072  3.16480362 -1.63194484  3.13522475 -1.26602549 -2.70847986
  3.36217158 -1.23322307 -0.77649616 -2.88407577 -2.7172056   2.54564139
 -2.13655206 -2.04712767 -0.18154888  3.14998782  0.24664279  0.21384955
 -1.25020334 -0.67764022 -1.73376993 -3.03025092  2.87032662  1.23551016
 -0.48570743 -2.18838459  1.10971123 -1.10585762 -0.49042495 -2.73954113
 -2.06516896  1.865548   -0.87381223  2.62185205 -0.45419496 -2.67151324
 -2.82019533  2.2618297  -3.14423348 -0.44536826 -1.00234825 -0.2466078
  2.34754179  1.84025265  0.01820744 -2.55288717 -2.65892171  0.24436948
 -0.76666221  1.24524134 -2.62771089  1.12505255 -0.38397811  0.42076277
  1.91903322  0.45811846  0.6507487  -1.27156729  1.79161217  2.93982491
  0.99593906  0.22180251 -1.14181225  2.42278786  0.72674086 -1.90977346
 -0.05037931  1.87092253  0.98664692 -1.08002967 -2.30130896  2.2223844
  2.0039866   1.92832359  2.29723371  1.91578697 -1.66121701 -3.10389873
  0.42852295  1.34475826 -2.26275507 -1.12583557  2.31183707  1.39294651
 -0.27195674 -1.84442294 -1.64823709  1.96528107  1.30723905 -1.01188302
 -0.2307545  -0.69309164 -0.3033903   2.30246101 -0.66193824 -0.9353432
  0.77591005 -2.35268951  0.59026886  2.78422867 -0.35242995  2.04722766
 -1.86126412 -1.35336626 -2.5973681  -2.42273015 -1.5015305  -3.02896628
  2.01620156  1.78191047  1.58151665  1.12533492  1.5881943  -2.4442154
 -2.50736706  1.78907342  1.03427238 -0.29185915 -2.47720461  1.43098294
 -1.04394798 -3.04762137 -0.04720666  1.89751587 -2.70128479 -2.36816628
  1.87611897  1.02966599 -0.62617466 -0.49631345 -0.92140777  1.96405528
  0.47262255 -0.35622602  0.4018328  -2.26662932  1.26136571 -0.15330683
  2.40236185  1.23319553  2.87809272 -1.05733881  2.1017117  -0.42989452
 -3.26841189  2.2032205   0.81147125  1.92881078 -1.28919669  1.43910621
 -2.1217228   0.2089851   0.08303735 -2.79059118 -0.90191418 -2.39307482
  0.07227799 -0.56898615]
Sat May 25 20:06:52 2024,828,0.0959380062496413,[-4.65847754  2.36664261 -1.84106083 -0.12409695  0.18672563 -2.68765095
  3.01282946  2.10571242  1.45518703 -0.92536065  0.61239983  1.09170239
  1.13210072 -1.54196799  0.77712901  2.80621745 -0.79815519 -0.63691748
 -1.75472053  0.60195876  1.67657199  2.99185594 -1.20875799 -0.31571273
 -2.42357614 -2.33803677  2.99458165  2.76322746 -0.54433291 -2.36481321
  1.4828077  -0.05850806 -2.31787452  2.09556441  1.28954027 -0.63853954
  0.84777191 -2.3188069  -0.02589558  2.15332912 -0.16394181  0.3888665
  2.71395765  1.0462247   2.46285642  3.16174759  2.64140799 -2.93932971
  0.26537417 -0.81572869  1.75888678  2.86399334 -0.51095139 -2.31763486
  2.78736962 -3.21076735  0.79394319 -0.63487992 -1.7413591   2.69818398
 -1.80955079 -1.58813077 -2.30391413  2.18800713 -2.45128536  2.1355977
  2.07465237  1.53540758  2.38308431  2.80474835  1.6488611   1.20012664
 -1.51324546 -2.22927533  1.47130176  0.71194284  1.31361908 -3.01402348
 -0.37770307  2.51831687 -1.03585432  1.28752028  1.48329426  0.54455013
 -0.83302122  1.11514383  0.66824177 -0.3837004   2.80473718 -1.99307044
  1.53804617 -0.48681163  1.09033642 -2.849766   -2.45832361  0.4577314
 -1.16150475 -0.49457608  0.36531608 -0.11126736 -1.65032836 -0.04117002
 -0.8597056   2.81181071 -1.0623994  -1.380135   -0.94883433  1.07796531
  1.85224714 -0.69616524  1.97232742 -2.19417597 -0.34727715 -0.73251673
 -2.89008073  3.1648036  -1.63194483  3.13522476 -1.26602551 -2.70847985
  3.36217157 -1.23322308 -0.77649617 -2.88407578 -2.71720559  2.54564138
 -2.13655205 -2.04712768 -0.18154889  3.14998783  0.24664278  0.21384957
 -1.25020332 -0.67764021 -1.73376995 -3.03025093  2.87032663  1.23551015
 -0.48570742 -2.18838458  1.10971121 -1.10585764 -0.49042496 -2.73954112
 -2.06516897  1.86554801 -0.87381221  2.62185207 -0.45419497 -2.67151323
 -2.82019534  2.26182971 -3.14423346 -0.44536827 -1.00234826 -0.24660778
  2.3475418   1.84025267  0.01820743 -2.55288718 -2.65892173  0.24436949
 -0.76666222  1.24524133 -2.6277109   1.12505256 -0.38397812  0.42076278
  1.91903321  0.45811845  0.65074869 -1.27156728  1.79161218  2.93982492
  0.99593907  0.22180252 -1.14181226  2.42278785  0.72674085 -1.90977345
 -0.0503793   1.87092254  0.9866469  -1.08002965 -2.30130898  2.22238439
  2.00398661  1.92832361  2.2972337   1.91578698 -1.661217   -3.10389872
  0.42852297  1.34475824 -2.26275505 -1.12583555  2.31183705  1.39294653
 -0.27195675 -1.84442296 -1.6482371   1.96528106  1.30723906 -1.01188301
 -0.23075449 -0.69309163 -0.30339029  2.302461   -0.66193826 -0.93534321
  0.77591006 -2.3526895   0.59026887  2.78422868 -0.35242997  2.04722767
 -1.86126413 -1.35336627 -2.59736808 -2.42273013 -1.50153049 -3.02896627
  2.01620155  1.78191048  1.58151663  1.12533493  1.58819429 -2.44421538
 -2.50736705  1.78907343  1.03427236 -0.29185914 -2.47720463  1.43098296
 -1.04394797 -3.04762139 -0.04720667  1.89751588 -2.7012848  -2.36816627
  1.87611896  1.029666   -0.62617467 -0.49631346 -0.92140778  1.96405527
  0.47262256 -0.35622601  0.40183281 -2.26662933  1.26136572 -0.15330684
  2.40236186  1.23319554  2.87809274 -1.0573388   2.10171169 -0.42989453
 -3.2684119   2.20322049  0.81147126  1.92881076 -1.2891967   1.4391062
 -2.12172279  0.20898512  0.08303736 -2.79059119 -0.90191417 -2.39307484
  0.07227798 -0.56898613]
Sat May 25 20:07:17 2024,829,0.09593800624897349,[-4.65847755  2.3666426  -1.84106082 -0.12409696  0.18672565 -2.68765094
  3.01282948  2.10571241  1.45518704 -0.92536066  0.61239982  1.0917024
  1.13210071 -1.541968    0.77712899  2.80621746 -0.7981552  -0.63691746
 -1.75472054  0.60195877  1.67657197  2.99185593 -1.208758   -0.31571274
 -2.42357615 -2.33803678  2.99458164  2.76322745 -0.54433292 -2.36481319
  1.48280771 -0.05850807 -2.31787453  2.09556442  1.28954029 -0.63853955
  0.8477719  -2.31880689 -0.02589557  2.1533291  -0.1639418   0.38886651
  2.71395766  1.04622468  2.46285643  3.16174758  2.64140801 -2.9393297
  0.26537418 -0.81572871  1.7588868   2.86399335 -0.51095138 -2.31763488
  2.78736961 -3.21076737  0.79394318 -0.6348799  -1.74135911  2.69818399
 -1.80955077 -1.58813078 -2.30391412  2.18800711 -2.45128535  2.13559769
  2.07465239  1.53540756  2.3830843   2.80474836  1.64886111  1.20012666
 -1.51324548 -2.22927531  1.47130177  0.71194282  1.31361907 -3.0140235
 -0.37770306  2.51831685 -1.03585431  1.28752027  1.48329425  0.54455012
 -0.83302121  1.11514384  0.66824178 -0.38370041  2.80473717 -1.99307043
  1.53804616 -0.48681162  1.0903364  -2.84976598 -2.45832363  0.45773141
 -1.16150476 -0.49457609  0.36531607 -0.11126737 -1.65032835 -0.04117003
 -0.85970561  2.81181072 -1.06239939 -1.38013501 -0.94883432  1.07796529
  1.85224715 -0.69616523  1.97232743 -2.19417598 -0.34727714 -0.73251674
 -2.89008074  3.16480359 -1.63194481  3.13522477 -1.26602552 -2.70847983
  3.36217156 -1.23322307 -0.77649619 -2.88407579 -2.7172056   2.54564136
 -2.13655203 -2.0471277  -0.18154888  3.14998785  0.24664277  0.21384955
 -1.25020334 -0.67764019 -1.73376993 -3.03025092  2.87032665  1.23551016
 -0.48570743 -2.18838459  1.1097112  -1.10585765 -0.49042495 -2.73954111
 -2.06516896  1.86554802 -0.87381223  2.62185205 -0.45419498 -2.67151324
 -2.82019535  2.26182972 -3.14423348 -0.44536826 -1.00234828 -0.24660777
  2.34754179  1.84025268  0.01820741 -2.55288717 -2.65892171  0.24436948
 -0.76666223  1.24524131 -2.62771091  1.12505257 -0.38397813  0.42076279
  1.9190332   0.45811846  0.6507487  -1.27156727  1.7916122   2.93982491
  0.99593906  0.22180253 -1.14181225  2.42278786  0.72674086 -1.90977344
 -0.05037928  1.87092255  0.98664689 -1.08002967 -2.30130896  2.2223844
  2.00398663  1.92832359  2.29723368  1.91578699 -1.66121699 -3.1038987
  0.42852295  1.34475823 -2.26275504 -1.12583554  2.31183707  1.39294651
 -0.27195677 -1.84442297 -1.64823709  1.96528107  1.30723907 -1.011883
 -0.2307545  -0.69309161 -0.3033903   2.30246099 -0.66193827 -0.93534322
  0.77591005 -2.35268951  0.59026889  2.7842287  -0.35242998  2.04722766
 -1.86126412 -1.35336626 -2.5973681  -2.42273015 -1.5015305  -3.02896625
  2.01620156  1.7819105   1.58151662  1.12533492  1.58819428 -2.4442154
 -2.50736706  1.78907342  1.03427235 -0.29185915 -2.47720464  1.43098294
 -1.04394798 -3.0476214  -0.04720668  1.89751589 -2.70128481 -2.36816626
  1.87611895  1.02966599 -0.62617466 -0.49631345 -0.92140777  1.96405528
  0.47262258 -0.35622602  0.4018328  -2.26662932  1.26136573 -0.15330685
  2.40236185  1.23319556  2.87809275 -1.05733881  2.1017117  -0.42989454
 -3.26841191  2.20322048  0.81147125  1.92881075 -1.28919669  1.43910618
 -2.12172277  0.2089851   0.08303737 -2.7905912  -0.90191418 -2.39307485
  0.07227797 -0.56898615]
Sat May 25 20:07:41 2024,830,0.0959380062483072,[-4.65847756  2.36664261 -1.84106081 -0.12409695  0.18672566 -2.68765093
  3.01282949  2.10571239  1.45518706 -0.92536068  0.61239981  1.09170242
  1.13210072 -1.54196799  0.77712898  2.80621748 -0.79815522 -0.63691748
 -1.75472053  0.60195878  1.67657199  2.99185592 -1.20875801 -0.31571273
 -2.42357617 -2.33803679  2.99458163  2.76322746 -0.54433293 -2.36481318
  1.48280773 -0.05850806 -2.31787452  2.09556441  1.28954027 -0.63853954
  0.84777191 -2.3188069  -0.02589558  2.15332912 -0.16394178  0.3888665
  2.71395765  1.04622467  2.46285642  3.16174759  2.64140799 -2.93932971
  0.26537417 -0.81572872  1.75888681  2.86399334 -0.51095139 -2.31763486
  2.78736962 -3.21076735  0.79394317 -0.63487989 -1.74135912  2.69818398
 -1.80955079 -1.58813079 -2.30391411  2.18800713 -2.45128533  2.1355977
  2.0746524   1.53540755  2.38308429  2.80474838  1.64886112  1.20012667
 -1.51324546 -2.2292753   1.47130178  0.71194284  1.31361905 -3.01402351
 -0.37770307  2.51831687 -1.0358543   1.28752026  1.48329426  0.54455013
 -0.83302119  1.11514383  0.66824177 -0.3837004   2.80473718 -1.99307042
  1.53804617 -0.48681163  1.09033639 -2.84976597 -2.45832364  0.4577314
 -1.16150475 -0.49457608  0.36531608 -0.11126736 -1.65032836 -0.04117004
 -0.85970562  2.81181071 -1.06239937 -1.38013502 -0.94883433  1.07796528
  1.85224714 -0.69616524  1.97232744 -2.19417597 -0.34727713 -0.73251673
 -2.89008073  3.1648036  -1.6319448   3.13522476 -1.26602553 -2.70847985
  3.36217157 -1.23322306 -0.77649617 -2.88407578 -2.71720559  2.54564135
 -2.13655205 -2.04712768 -0.18154889  3.14998783  0.24664276  0.21384957
 -1.25020335 -0.67764018 -1.73376992 -3.0302509   2.87032666  1.23551015
 -0.48570744 -2.1883846   1.10971121 -1.10585766 -0.49042493 -2.7395411
 -2.06516897  1.86554801 -0.87381224  2.62185207 -0.45419499 -2.67151323
 -2.82019534  2.26182971 -3.14423349 -0.44536827 -1.00234829 -0.24660776
  2.3475418   1.84025267  0.01820743 -2.55288716 -2.6589217   0.24436946
 -0.76666225  1.24524133 -2.62771092  1.12505256 -0.38397812  0.4207628
  1.91903321  0.45811845  0.65074869 -1.27156725  1.79161218  2.93982492
  0.99593905  0.22180255 -1.14181226  2.42278788  0.72674087 -1.90977342
 -0.05037927  1.87092256  0.9866469  -1.08002968 -2.30130898  2.22238439
  2.00398661  1.92832361  2.29723367  1.91578698 -1.661217   -3.10389869
  0.42852297  1.34475824 -2.26275503 -1.12583553  2.31183705  1.39294653
 -0.27195675 -1.84442296 -1.6482371   1.96528106  1.30723906 -1.01188299
 -0.23075449 -0.6930916  -0.30339031  2.302461   -0.66193828 -0.93534321
  0.77591006 -2.3526895   0.59026887  2.78422871 -0.35242999  2.04722765
 -1.86126413 -1.35336625 -2.59736811 -2.42273016 -1.50153051 -3.02896624
  2.01620155  1.78191048  1.58151661  1.12533491  1.58819427 -2.44421541
 -2.50736708  1.78907343  1.03427236 -0.29185917 -2.47720463  1.43098293
 -1.04394799 -3.04762139 -0.04720667  1.89751591 -2.7012848  -2.36816627
  1.87611896  1.029666   -0.62617465 -0.49631346 -0.92140776  1.96405527
  0.47262259 -0.35622601  0.40183281 -2.26662933  1.26136574 -0.15330684
  2.40236184  1.23319557  2.87809274 -1.05733883  2.10171169 -0.42989453
 -3.2684119   2.20322049  0.81147126  1.92881076 -1.28919667  1.4391062
 -2.12172279  0.20898512  0.08303738 -2.79059119 -0.90191417 -2.39307484
  0.07227798 -0.56898616]
Sat May 25 20:08:15 2024,831,0.09593800624764244,[-4.65847757  2.36664263 -1.84106082 -0.12409696  0.18672567 -2.68765094
  3.01282948  2.10571241  1.45518704 -0.92536066  0.6123998   1.0917024
  1.13210073 -1.54196797  0.77712897  2.80621749 -0.7981552  -0.63691749
 -1.75472051  0.6019588   1.67657197  2.99185591 -1.20875803 -0.31571274
 -2.42357615 -2.33803681  2.99458162  2.76322747 -0.54433292 -2.36481317
  1.48280774 -0.05850807 -2.31787453  2.09556442  1.28954026 -0.63853955
  0.8477719  -2.31880689 -0.0258956   2.1533291  -0.16394177  0.38886649
  2.71395764  1.04622466  2.46285643  3.1617476   2.64140801 -2.9393297
  0.26537416 -0.81572873  1.7588868   2.86399332 -0.51095138 -2.31763485
  2.78736963 -3.21076737  0.79394315 -0.63487988 -1.74135913  2.69818396
 -1.8095508  -1.58813081 -2.30391409  2.18800711 -2.45128532  2.13559769
  2.07465239  1.53540756  2.3830843   2.80474836  1.64886111  1.20012668
 -1.51324548 -2.22927531  1.4713018   0.71194282  1.31361904 -3.0140235
 -0.37770308  2.51831685 -1.03585429  1.28752027  1.48329427  0.54455014
 -0.83302121  1.11514382  0.66824178 -0.38370041  2.80473717 -1.99307041
  1.53804619 -0.48681164  1.09033638 -2.84976598 -2.45832365  0.45773141
 -1.16150476 -0.49457607  0.36531607 -0.11126735 -1.65032837 -0.04117003
 -0.85970561  2.81181069 -1.06239936 -1.38013504 -0.94883434  1.07796529
  1.85224712 -0.69616523  1.97232743 -2.19417596 -0.34727714 -0.73251672
 -2.89008072  3.16480362 -1.63194481  3.13522475 -1.26602554 -2.70847983
  3.36217158 -1.23322304 -0.77649616 -2.88407579 -2.71720557  2.54564136
 -2.13655203 -2.0471277  -0.18154888  3.14998785  0.24664274  0.21384958
 -1.25020336 -0.67764019 -1.73376991 -3.03025092  2.87032667  1.23551016
 -0.48570743 -2.18838459  1.10971123 -1.10585765 -0.49042492 -2.73954108
 -2.06516898  1.865548   -0.87381225  2.62185205 -0.454195   -2.67151324
 -2.82019533  2.2618297  -3.1442335  -0.44536826 -1.0023483  -0.24660777
  2.34754182  1.84025265  0.01820741 -2.55288717 -2.65892171  0.24436948
 -0.76666226  1.24524134 -2.62771091  1.12505257 -0.38397811  0.42076282
  1.9190332   0.45811846  0.65074868 -1.27156727  1.7916122   2.93982491
  0.99593906  0.22180253 -1.14181225  2.42278789  0.72674089 -1.90977341
 -0.05037928  1.87092258  0.98664692 -1.08002967 -2.30130899  2.22238438
  2.00398663  1.92832362  2.29723366  1.91578699 -1.66121699 -3.1038987
  0.42852298  1.34475823 -2.26275504 -1.12583552  2.31183707  1.39294654
 -0.27195677 -1.84442297 -1.64823709  1.96528107  1.30723907 -1.011883
 -0.23075447 -0.69309159 -0.30339033  2.30246101 -0.66193827 -0.93534322
  0.77591005 -2.35268948  0.59026886  2.7842287  -0.35243     2.04722763
 -1.86126412 -1.35336624 -2.59736812 -2.42273015 -1.5015305  -3.02896623
  2.01620156  1.78191047  1.58151662  1.12533492  1.58819425 -2.4442154
 -2.50736706  1.78907344  1.03427238 -0.29185918 -2.47720464  1.43098294
 -1.043948   -3.04762137 -0.04720666  1.89751589 -2.70128481 -2.36816626
  1.87611897  1.02966601 -0.62617466 -0.49631347 -0.92140774  1.96405528
  0.47262258 -0.35622602  0.4018328  -2.26662932  1.26136573 -0.15330683
  2.40236185  1.23319558  2.87809275 -1.05733884  2.10171168 -0.42989452
 -3.26841189  2.20322048  0.81147127  1.92881078 -1.28919669  1.43910621
 -2.1217228   0.20898513  0.08303737 -2.79059118 -0.90191418 -2.39307485
  0.07227799 -0.56898615]
Sat May 25 20:08:40 2024,832,0.09593800624697943,[-4.65847759  2.36664261 -1.84106083 -0.12409695  0.18672566 -2.68765093
  3.01282946  2.10571242  1.45518703 -0.92536065  0.61239981  1.09170239
  1.13210074 -1.54196799  0.77712898  2.8062175  -0.79815519 -0.63691748
 -1.75472053  0.60195881  1.67657199  2.9918559  -1.20875804 -0.31571275
 -2.42357617 -2.33803679  2.99458163  2.76322749 -0.54433291 -2.36481318
  1.48280775 -0.05850806 -2.31787455  2.09556443  1.28954025 -0.63853956
  0.84777191 -2.3188069  -0.02589561  2.15332909 -0.16394178  0.3888665
  2.71395765  1.04622467  2.46285642  3.16174761  2.64140802 -2.93932971
  0.26537414 -0.81572872  1.75888681  2.86399331 -0.51095137 -2.31763484
  2.78736962 -3.21076735  0.79394317 -0.63487989 -1.74135912  2.69818395
 -1.80955081 -1.58813079 -2.30391408  2.18800713 -2.45128531  2.1355977
  2.07465237  1.53540758  2.38308431  2.80474835  1.6488611   1.20012669
 -1.51324549 -2.2292753   1.47130181  0.71194284  1.31361903 -3.01402348
 -0.37770309  2.51831687 -1.03585427  1.28752026  1.48329428  0.54455013
 -0.83302119  1.11514383  0.66824177 -0.3837004   2.80473718 -1.99307042
  1.5380462  -0.48681163  1.09033637 -2.84976597 -2.45832366  0.45773142
 -1.16150475 -0.49457605  0.36531605 -0.11126733 -1.65032838 -0.04117002
 -0.8597056   2.81181071 -1.06239937 -1.38013505 -0.94883433  1.07796531
  1.85224714 -0.69616524  1.97232744 -2.19417597 -0.34727713 -0.7325167
 -2.89008073  3.1648036  -1.63194483  3.13522473 -1.26602556 -2.70847985
  3.36217157 -1.23322306 -0.77649617 -2.88407578 -2.71720559  2.54564135
 -2.13655205 -2.04712771 -0.18154886  3.14998783  0.24664276  0.21384959
 -1.25020335 -0.67764021 -1.7337699  -3.0302509   2.87032666  1.23551015
 -0.48570742 -2.1883846   1.10971121 -1.10585764 -0.49042493 -2.73954107
 -2.06516899  1.86554801 -0.87381224  2.62185207 -0.45419502 -2.67151323
 -2.82019534  2.26182969 -3.14423349 -0.44536825 -1.00234831 -0.24660778
  2.34754183  1.84025264  0.0182074  -2.55288718 -2.6589217   0.24436949
 -0.76666225  1.24524135 -2.62771092  1.12505259 -0.38397812  0.4207628
  1.91903321  0.45811847  0.65074869 -1.27156728  1.79161221  2.93982492
  0.99593907  0.22180255 -1.14181226  2.4227879   0.72674087 -1.9097734
 -0.0503793   1.87092256  0.9866469  -1.08002965 -2.301309    2.22238437
  2.00398664  1.92832363  2.29723367  1.915787   -1.661217   -3.10389869
  0.42852297  1.34475822 -2.26275503 -1.12583553  2.31183705  1.39294655
 -0.27195678 -1.84442298 -1.6482371   1.96528106  1.30723906 -1.01188299
 -0.23075449 -0.69309158 -0.30339034  2.30246102 -0.66193826 -0.93534323
  0.77591004 -2.3526895   0.59026887  2.78422868 -0.35242999  2.04722765
 -1.8612641  -1.35336622 -2.59736811 -2.42273016 -1.50153049 -3.02896622
  2.01620157  1.78191046  1.58151661  1.12533491  1.58819424 -2.44421541
 -2.50736708  1.78907343  1.03427236 -0.29185919 -2.47720463  1.43098293
 -1.04394802 -3.04762139 -0.04720667  1.89751591 -2.70128482 -2.36816627
  1.87611896  1.029666   -0.62617467 -0.49631348 -0.92140773  1.96405527
  0.47262256 -0.35622601  0.40183281 -2.26662933  1.26136574 -0.15330682
  2.40236186  1.23319559  2.87809276 -1.05733885  2.10171169 -0.42989451
 -3.2684119   2.20322046  0.81147126  1.92881079 -1.2891967   1.43910622
 -2.12172281  0.20898514  0.08303738 -2.79059116 -0.90191417 -2.39307486
  0.072278   -0.56898613]
Sat May 25 20:09:05 2024,833,0.09593800624631743,[-4.6584776   2.36664263 -1.84106082 -0.12409696  0.18672567 -2.68765094
  3.01282945  2.10571243  1.45518702 -0.92536064  0.61239982  1.0917024
  1.13210073 -1.541968    0.77712899  2.80621751 -0.7981552  -0.63691746
 -1.75472051  0.60195882  1.67657197  2.99185588 -1.20875803 -0.31571274
 -2.42357615 -2.33803681  2.99458162  2.7632275  -0.54433292 -2.36481317
  1.48280776 -0.05850807 -2.31787456  2.09556442  1.28954024 -0.63853958
  0.8477719  -2.31880691 -0.0258956   2.15332908 -0.16394177  0.38886651
  2.71395764  1.04622466  2.46285643  3.16174763  2.64140801 -2.9393297
  0.26537413 -0.81572873  1.75888682  2.8639933  -0.51095138 -2.31763485
  2.78736961 -3.21076734  0.79394315 -0.63487988 -1.74135913  2.69818396
 -1.80955082 -1.58813078 -2.30391409  2.18800714 -2.4512853   2.13559769
  2.07465236  1.53540759  2.3830843   2.80474836  1.64886108  1.20012668
 -1.51324548 -2.22927529  1.47130182  0.71194285  1.31361902 -3.01402347
 -0.37770311  2.51831688 -1.03585429  1.28752025  1.48329427  0.54455012
 -0.83302121  1.11514384  0.66824176 -0.38370041  2.80473717 -1.99307043
  1.53804621 -0.48681162  1.09033635 -2.84976596 -2.45832365  0.45773141
 -1.16150474 -0.49457607  0.36531607 -0.11126735 -1.6503284  -0.04117
 -0.85970561  2.81181072 -1.06239936 -1.38013506 -0.94883432  1.07796532
  1.85224715 -0.69616526  1.97232746 -2.19417598 -0.34727714 -0.73251669
 -2.89008074  3.16480359 -1.63194481  3.13522475 -1.26602557 -2.70847986
  3.36217156 -1.23322304 -0.77649616 -2.88407579 -2.71720557  2.54564134
 -2.13655203 -2.04712772 -0.18154885  3.14998782  0.24664277  0.2138496
 -1.25020334 -0.67764022 -1.73376991 -3.03025089  2.87032665  1.23551014
 -0.48570743 -2.18838459  1.10971123 -1.10585765 -0.49042495 -2.73954106
 -2.06516898  1.86554802 -0.87381223  2.62185208 -0.45419503 -2.67151324
 -2.82019535  2.26182967 -3.14423348 -0.44536824 -1.0023483  -0.2466078
  2.34754184  1.84025265  0.01820739 -2.5528872  -2.65892169  0.24436948
 -0.76666223  1.24524134 -2.62771094  1.1250526  -0.38397811  0.42076282
  1.91903322  0.45811846  0.65074868 -1.27156729  1.79161222  2.93982491
  0.99593908  0.22180253 -1.14181227  2.42278789  0.72674086 -1.90977339
 -0.05037928  1.87092255  0.98664689 -1.08002967 -2.30130899  2.22238436
  2.00398663  1.92832364  2.29723366  1.91578702 -1.66121701 -3.10389868
  0.42852298  1.34475821 -2.26275504 -1.12583552  2.31183704  1.39294656
 -0.27195679 -1.84442297 -1.64823711  1.96528105  1.30723907 -1.01188297
 -0.2307545  -0.69309156 -0.30339033  2.30246103 -0.66193827 -0.93534325
  0.77591002 -2.35268951  0.59026886  2.78422867 -0.35243     2.04722763
 -1.86126409 -1.35336624 -2.5973681  -2.42273017 -1.50153048 -3.0289662
  2.01620159  1.78191047  1.5815166   1.12533492  1.58819423 -2.4442154
 -2.50736709  1.78907344  1.03427238 -0.2918592  -2.47720461  1.43098294
 -1.043948   -3.0476214  -0.04720668  1.89751592 -2.70128484 -2.36816628
  1.87611897  1.02966601 -0.62617469 -0.4963135  -0.92140774  1.96405526
  0.47262255 -0.35622599  0.40183282 -2.26662932  1.26136573 -0.1533068
  2.40236185  1.23319558  2.87809277 -1.05733884  2.10171168 -0.42989452
 -3.26841189  2.20322048  0.81147127  1.9288108  -1.28919671  1.43910621
 -2.1217228   0.20898513  0.0830374  -2.79059115 -0.90191418 -2.39307485
  0.07227801 -0.56898615]
Sat May 25 20:09:30 2024,834,0.095938006245657,[-4.65847761  2.36664264 -1.84106081 -0.12409697  0.18672566 -2.68765095
  3.01282944  2.10571244  1.45518701 -0.92536063  0.61239983  1.09170239
  1.13210074 -1.54196799  0.77712898  2.8062175  -0.79815522 -0.63691748
 -1.7547205   0.60195883  1.67657199  2.9918559  -1.20875801 -0.31571275
 -2.42357617 -2.33803679  2.9945816   2.76322749 -0.54433293 -2.36481316
  1.48280778 -0.05850806 -2.31787457  2.09556441  1.28954025 -0.63853959
  0.84777191 -2.3188069  -0.02589558  2.15332907 -0.16394178  0.38886652
  2.71395762  1.04622467  2.46285644  3.16174764  2.64140799 -2.93932969
  0.26537414 -0.81572872  1.75888683  2.86399329 -0.51095137 -2.31763486
  2.78736962 -3.21076733  0.79394314 -0.63487989 -1.74135915  2.69818398
 -1.80955083 -1.58813077 -2.30391408  2.18800713 -2.45128531  2.1355977
  2.07465235  1.5354076   2.38308431  2.80474838  1.6488611   1.20012667
 -1.51324549 -2.2292753   1.47130181  0.71194284  1.31361903 -3.01402346
 -0.37770309  2.51831689 -1.0358543   1.28752026  1.48329428  0.5445501
 -0.83302119  1.11514383  0.66824177 -0.3837004   2.80473716 -1.99307042
  1.53804622 -0.48681163  1.09033637 -2.84976597 -2.45832364  0.45773142
 -1.16150473 -0.49457608  0.36531605 -0.11126736 -1.65032841 -0.04116999
 -0.85970562  2.81181071 -1.06239937 -1.38013507 -0.94883433  1.07796531
  1.85224714 -0.69616524  1.97232744 -2.19417599 -0.34727715 -0.7325167
 -2.89008073  3.16480358 -1.63194483  3.13522473 -1.26602558 -2.70847987
  3.36217157 -1.23322303 -0.77649617 -2.8840758  -2.71720556  2.54564133
 -2.13655205 -2.04712771 -0.18154884  3.14998781  0.24664276  0.21384959
 -1.25020335 -0.67764021 -1.7337699  -3.03025088  2.87032666  1.23551013
 -0.48570742 -2.1883846   1.10971121 -1.10585766 -0.49042493 -2.73954107
 -2.06516899  1.86554801 -0.87381221  2.62185207 -0.45419502 -2.67151323
 -2.82019534  2.26182969 -3.14423349 -0.44536822 -1.00234831 -0.24660778
  2.34754185  1.84025267  0.01820738 -2.55288718 -2.6589217   0.24436949
 -0.76666222  1.24524135 -2.62771095  1.12505261 -0.3839781   0.42076283
  1.91903323  0.45811847  0.65074866 -1.27156728  1.79161221  2.9398249
  0.9959391   0.22180252 -1.14181226  2.4227879   0.72674085 -1.9097734
 -0.0503793   1.87092256  0.9866469  -1.08002965 -2.30130898  2.22238434
  2.00398661  1.92832366  2.29723367  1.91578703 -1.66121702 -3.10389867
  0.42852297  1.34475819 -2.26275503 -1.12583553  2.31183703  1.39294655
 -0.27195678 -1.84442296 -1.64823712  1.96528104  1.30723906 -1.01188296
 -0.23075449 -0.69309155 -0.30339031  2.30246102 -0.66193828 -0.93534326
  0.77591004 -2.35268952  0.59026885  2.78422868 -0.35243002  2.04722765
 -1.86126408 -1.35336625 -2.59736811 -2.42273018 -1.50153049 -3.02896622
  2.01620157  1.78191048  1.58151661  1.12533493  1.58819422 -2.44421538
 -2.5073671   1.78907345  1.03427239 -0.29185919 -2.47720463  1.43098296
 -1.04394799 -3.04762141 -0.0472067   1.89751591 -2.70128485 -2.3681663
  1.87611896  1.02966603 -0.6261747  -0.49631351 -0.92140776  1.96405527
  0.47262256 -0.35622601  0.40183281 -2.2666293   1.26136572 -0.15330682
  2.40236184  1.23319559  2.87809276 -1.05733883  2.10171166 -0.42989453
 -3.26841188  2.20322046  0.81147129  1.92881079 -1.2891967   1.43910622
 -2.12172281  0.20898512  0.08303741 -2.79059114 -0.9019142  -2.39307486
  0.07227803 -0.56898616]
Sat May 25 20:09:59 2024,835,0.09593800624499815,[-4.65847762  2.36664265 -1.84106082 -0.12409696  0.18672567 -2.68765096
  3.01282945  2.10571243  1.45518699 -0.92536061  0.61239982  1.09170238
  1.13210076 -1.54196797  0.77712899  2.80621751 -0.79815523 -0.63691749
 -1.75472051  0.60195885  1.676572    2.99185588 -1.208758   -0.31571277
 -2.42357615 -2.33803678  2.99458162  2.76322747 -0.54433294 -2.36481317
  1.48280776 -0.05850807 -2.31787456  2.0955644   1.28954026 -0.63853958
  0.8477719  -2.31880689 -0.02589557  2.15332905 -0.1639418   0.38886651
  2.71395764  1.04622468  2.46285643  3.16174765  2.64140798 -2.93932968
  0.26537413 -0.81572873  1.75888682  2.8639933  -0.51095136 -2.31763485
  2.78736961 -3.21076732  0.79394315 -0.63487988 -1.74135916  2.69818396
 -1.80955082 -1.58813078 -2.30391409  2.18800714 -2.45128532  2.13559771
  2.07465236  1.53540761  2.3830843   2.80474836  1.64886108  1.20012666
 -1.51324548 -2.22927531  1.47130182  0.71194285  1.31361904 -3.01402347
 -0.37770308  2.5183169  -1.03585429  1.28752027  1.48329427  0.54455012
 -0.83302118  1.11514384  0.66824176 -0.38370041  2.80473717 -1.99307041
  1.53804621 -0.48681164  1.09033638 -2.84976596 -2.45832365  0.45773141
 -1.16150471 -0.49457607  0.36531607 -0.11126735 -1.6503284  -0.04116998
 -0.85970564  2.81181069 -1.06239939 -1.38013508 -0.94883434  1.07796532
  1.85224715 -0.69616526  1.97232746 -2.19417598 -0.34727716 -0.73251671
 -2.89008072  3.16480359 -1.63194481  3.13522472 -1.26602559 -2.70847988
  3.36217158 -1.23322302 -0.77649616 -2.88407582 -2.71720555  2.54564134
 -2.13655206 -2.04712772 -0.18154885  3.1499878   0.24664274  0.21384958
 -1.25020334 -0.67764019 -1.73376991 -3.03025087  2.87032667  1.23551014
 -0.48570743 -2.18838461  1.10971123 -1.10585765 -0.49042495 -2.73954106
 -2.06516898  1.865548   -0.8738122   2.62185208 -0.45419503 -2.67151324
 -2.82019533  2.2618297  -3.14423348 -0.44536821 -1.00234833 -0.24660777
  2.34754187  1.84025268  0.01820739 -2.55288717 -2.65892171  0.24436948
 -0.76666221  1.24524136 -2.62771094  1.12505262 -0.38397811  0.42076282
  1.91903322  0.45811846  0.65074865 -1.27156727  1.79161222  2.93982491
  0.99593908  0.22180251 -1.14181225  2.42278789  0.72674086 -1.90977341
 -0.05037931  1.87092255  0.98664692 -1.08002967 -2.30130896  2.22238436
  2.0039866   1.92832364  2.29723368  1.91578704 -1.66121701 -3.10389868
  0.42852298  1.34475821 -2.26275504 -1.12583552  2.31183704  1.39294656
 -0.27195677 -1.84442297 -1.64823714  1.96528102  1.30723905 -1.01188295
 -0.2307545  -0.69309154 -0.30339033  2.30246103 -0.66193827 -0.93534327
  0.77591005 -2.35268953  0.59026884  2.78422867 -0.35243003  2.04722763
 -1.86126409 -1.35336626 -2.5973681  -2.4227302  -1.50153048 -3.02896623
  2.01620156  1.7819105   1.58151662  1.12533494  1.5881942  -2.4442154
 -2.50736711  1.78907344  1.03427238 -0.2918592  -2.47720461  1.43098294
 -1.043948   -3.0476214  -0.04720671  1.89751589 -2.70128484 -2.36816628
  1.87611895  1.02966604 -0.62617471 -0.49631352 -0.92140777  1.96405526
  0.47262255 -0.35622599  0.40183282 -2.26662932  1.26136571 -0.1533068
  2.40236185  1.23319561  2.87809275 -1.05733881  2.10171165 -0.42989454
 -3.26841189  2.20322045  0.8114713   1.9288108  -1.28919669  1.43910621
 -2.12172282  0.20898513  0.08303742 -2.79059113 -0.90191421 -2.39307485
  0.07227804 -0.56898615]
Sat May 25 20:10:24 2024,836,0.09593800624434115,[-4.65847764  2.36664266 -1.84106081 -0.12409695  0.18672566 -2.68765098
  3.01282944  2.10571242  1.45518701 -0.9253606   0.61239981  1.09170239
  1.13210074 -1.54196799  0.777129    2.8062175  -0.79815524 -0.63691748
 -1.75472053  0.60195886  1.67657201  2.9918559  -1.20875799 -0.31571278
 -2.42357617 -2.33803677  2.99458163  2.76322749 -0.54433296 -2.36481316
  1.48280778 -0.05850806 -2.31787455  2.09556438  1.28954027 -0.63853959
  0.84777191 -2.3188069  -0.02589558  2.15332904 -0.16394181  0.38886652
  2.71395765  1.0462247   2.46285644  3.16174764  2.64140799 -2.93932966
  0.26537412 -0.81572874  1.75888681  2.86399329 -0.51095137 -2.31763484
  2.7873696  -3.2107673   0.79394317 -0.63487989 -1.74135917  2.69818395
 -1.80955081 -1.58813079 -2.30391411  2.18800713 -2.45128533  2.1355977
  2.07465235  1.5354076   2.38308431  2.80474838  1.64886107  1.20012664
 -1.51324549 -2.2292753   1.47130183  0.71194286  1.31361905 -3.01402348
 -0.37770309  2.51831692 -1.0358543   1.28752028  1.48329428  0.54455013
 -0.83302119  1.11514386  0.66824175 -0.38370043  2.80473718 -1.99307042
  1.53804622 -0.48681163  1.09033637 -2.84976597 -2.45832364  0.45773142
 -1.16150473 -0.49457605  0.36531605 -0.11126736 -1.65032841 -0.04116997
 -0.85970565  2.81181071 -1.06239937 -1.38013507 -0.94883435  1.07796533
  1.85224714 -0.69616527  1.97232747 -2.19417597 -0.34727718 -0.73251673
 -2.8900807   3.1648036  -1.6319448   3.13522471 -1.26602558 -2.70847989
  3.36217157 -1.23322303 -0.77649617 -2.88407583 -2.71720554  2.54564133
 -2.13655207 -2.04712771 -0.18154884  3.14998781  0.24664276  0.21384957
 -1.25020335 -0.67764018 -1.73376992 -3.03025085  2.87032666  1.23551013
 -0.48570742 -2.18838462  1.10971124 -1.10585764 -0.49042496 -2.73954107
 -2.06516899  1.86554799 -0.87381221  2.62185209 -0.45419504 -2.67151323
 -2.82019531  2.26182969 -3.14423349 -0.44536822 -1.00234831 -0.24660778
  2.34754185  1.84025267  0.01820738 -2.55288718 -2.65892173  0.24436949
 -0.7666622   1.24524135 -2.62771092  1.12505264 -0.38397812  0.42076283
  1.91903321  0.45811845  0.65074864 -1.27156728  1.79161221  2.93982492
  0.9959391   0.22180252 -1.14181224  2.4227879   0.72674087 -1.9097734
 -0.0503793   1.87092254  0.98664693 -1.08002968 -2.30130898  2.22238434
  2.00398661  1.92832366  2.29723369  1.91578705 -1.66121702 -3.10389869
  0.42852297  1.34475819 -2.26275505 -1.12583553  2.31183705  1.39294658
 -0.27195678 -1.84442296 -1.64823715  1.96528101  1.30723904 -1.01188294
 -0.23075449 -0.69309155 -0.30339034  2.30246102 -0.66193828 -0.93534328
  0.77591006 -2.35268955  0.59026883  2.78422866 -0.35243004  2.04722765
 -1.86126408 -1.35336625 -2.59736808 -2.42273021 -1.50153046 -3.02896622
  2.01620157  1.78191048  1.58151661  1.12533493  1.58819422 -2.44421541
 -2.5073671   1.78907345  1.03427236 -0.29185919 -2.4772046   1.43098296
 -1.04394802 -3.04762139 -0.04720672  1.89751591 -2.70128482 -2.3681663
  1.87611896  1.02966603 -0.6261747  -0.49631353 -0.92140778  1.96405527
  0.47262254 -0.35622598  0.40183281 -2.26662933  1.26136572 -0.15330679
  2.40236186  1.23319562  2.87809274 -1.05733883  2.10171164 -0.42989455
 -3.26841188  2.20322044  0.81147131  1.92881081 -1.28919668  1.43910622
 -2.12172281  0.20898512  0.08303741 -2.79059114 -0.90191422 -2.39307486
  0.07227805 -0.56898616]
Sat May 25 20:10:48 2024,837,0.09593800624368475,[-4.65847765  2.36664267 -1.84106082 -0.12409694  0.18672567 -2.68765099
  3.01282943  2.10571243  1.45518702 -0.92536059  0.61239982  1.0917024
  1.13210073 -1.541968    0.77712902  2.80621751 -0.79815523 -0.63691749
 -1.75472051  0.60195887  1.676572    2.99185588 -1.20875798 -0.31571277
 -2.42357618 -2.33803678  2.99458162  2.76322747 -0.54433294 -2.36481314
  1.48280779 -0.05850807 -2.31787456  2.0955644   1.28954026 -0.6385396
  0.84777192 -2.31880689 -0.0258956   2.15332905 -0.16394182  0.38886654
  2.71395766  1.04622471  2.46285646  3.16174765  2.64140801 -2.93932968
  0.26537411 -0.81572873  1.75888682  2.86399327 -0.51095136 -2.31763483
  2.78736958 -3.21076732  0.79394315 -0.63487988 -1.74135918  2.69818396
 -1.8095508  -1.58813078 -2.30391409  2.18800711 -2.45128534  2.13559769
  2.07465234  1.53540761  2.3830843   2.80474836  1.64886108  1.20012666
 -1.5132455  -2.22927531  1.47130185  0.71194285  1.31361907 -3.01402347
 -0.37770311  2.51831693 -1.03585431  1.28752027  1.4832943   0.54455014
 -0.83302118  1.11514384  0.66824174 -0.38370041  2.8047372  -1.99307041
  1.53804621 -0.48681164  1.09033635 -2.84976598 -2.45832365  0.45773143
 -1.16150474 -0.49457604  0.36531607 -0.11126735 -1.65032842 -0.04116998
 -0.85970564  2.81181072 -1.06239939 -1.38013508 -0.94883434  1.07796532
  1.85224715 -0.69616528  1.97232748 -2.19417596 -0.34727716 -0.73251674
 -2.89008069  3.16480362 -1.63194481  3.1352247  -1.26602557 -2.70847988
  3.36217156 -1.23322302 -0.77649618 -2.88407582 -2.71720552  2.54564134
 -2.13655208 -2.0471277  -0.18154883  3.1499878   0.24664277  0.21384955
 -1.25020334 -0.67764017 -1.73376991 -3.03025084  2.87032665  1.23551011
 -0.4857074  -2.18838461  1.10971125 -1.10585765 -0.49042497 -2.73954106
 -2.06516901  1.865548   -0.87381223  2.6218521  -0.45419503 -2.67151324
 -2.82019533  2.2618297  -3.1442335  -0.44536821 -1.00234833 -0.2466078
  2.34754187  1.84025268  0.01820737 -2.5528872  -2.65892174  0.2443695
 -0.76666218  1.24524134 -2.62771094  1.12505262 -0.38397811  0.42076284
  1.9190332   0.45811843  0.65074863 -1.27156727  1.7916122   2.93982494
  0.99593908  0.22180253 -1.14181225  2.42278791  0.72674089 -1.90977341
 -0.05037931  1.87092253  0.98664694 -1.08002967 -2.30130896  2.22238433
  2.00398663  1.92832367  2.29723368  1.91578707 -1.66121701 -3.10389868
  0.42852298  1.34475821 -2.26275504 -1.12583552  2.31183704  1.39294656
 -0.27195677 -1.84442297 -1.64823716  1.965281    1.30723905 -1.01188292
 -0.23075447 -0.69309154 -0.30339035  2.30246103 -0.66193827 -0.93534327
  0.77591007 -2.35268956  0.59026881  2.78422867 -0.35243003  2.04722763
 -1.86126409 -1.35336624 -2.59736807 -2.4227302  -1.50153045 -3.02896623
  2.01620156  1.7819105   1.58151662  1.12533494  1.5881942  -2.44421542
 -2.50736709  1.78907344  1.03427238 -0.29185918 -2.47720459  1.43098294
 -1.04394803 -3.04762137 -0.04720671  1.89751592 -2.70128484 -2.36816631
  1.87611897  1.02966601 -0.62617471 -0.49631355 -0.92140779  1.96405526
  0.47262255 -0.35622599  0.40183282 -2.26662934  1.26136573 -0.15330678
  2.40236188  1.23319563  2.87809272 -1.05733884  2.10171163 -0.42989457
 -3.26841186  2.20322043  0.81147132  1.9288108  -1.28919666  1.43910623
 -2.1217228   0.2089851   0.0830374  -2.79059115 -0.90191421 -2.39307487
  0.07227806 -0.56898617]
Sat May 25 20:11:13 2024,838,0.09593800624303041,[-4.65847766  2.36664269 -1.84106081 -0.12409693  0.18672566 -2.687651
  3.01282944  2.10571244  1.45518703 -0.92536058  0.61239983  1.09170239
  1.13210074 -1.54196801  0.777129    2.80621753 -0.79815524 -0.6369175
 -1.7547205   0.60195888  1.67657199  2.9918559  -1.20875797 -0.31571275
 -2.42357619 -2.33803679  2.99458163  2.76322749 -0.54433293 -2.36481313
  1.4828078  -0.05850808 -2.31787457  2.09556438  1.28954025 -0.63853959
  0.84777191 -2.3188069  -0.02589561  2.15332904 -0.16394183  0.38886655
  2.71395767  1.0462247   2.46285647  3.16174766  2.64140802 -2.93932966
  0.26537409 -0.81572872  1.75888683  2.86399326 -0.51095134 -2.31763484
  2.7873696  -3.2107673   0.79394314 -0.63487989 -1.74135917  2.69818398
 -1.80955081 -1.58813077 -2.30391411  2.1880071  -2.45128536  2.13559767
  2.07465235  1.5354076   2.38308429  2.80474835  1.6488611   1.20012664
 -1.51324549 -2.22927533  1.47130186  0.71194284  1.31361905 -3.01402346
 -0.37770309  2.51831694 -1.03585432  1.28752028  1.48329428  0.54455013
 -0.83302117  1.11514386  0.66824172 -0.38370043  2.80473721 -1.99307042
  1.5380462  -0.48681163  1.09033637 -2.84976599 -2.45832364  0.45773145
 -1.16150475 -0.49457605  0.36531608 -0.11126733 -1.65032841 -0.04116997
 -0.85970562  2.81181071 -1.06239937 -1.38013507 -0.94883433  1.07796533
  1.85224716 -0.69616529  1.97232747 -2.19417594 -0.34727715 -0.73251673
 -2.89008068  3.1648036  -1.6319448   3.13522471 -1.26602558 -2.70847987
  3.36217155 -1.23322301 -0.77649617 -2.88407583 -2.71720551  2.54564135
 -2.1365521  -2.04712768 -0.18154884  3.14998778  0.24664276  0.21384957
 -1.25020332 -0.67764016 -1.7337699  -3.03025085  2.87032666  1.2355101
 -0.48570739 -2.18838462  1.10971124 -1.10585766 -0.49042496 -2.73954107
 -2.06516899  1.86554801 -0.87381224  2.62185212 -0.45419502 -2.67151323
 -2.82019531  2.26182971 -3.14423351 -0.4453682  -1.00234834 -0.24660781
  2.34754188  1.84025269  0.01820735 -2.55288721 -2.65892175  0.24436949
 -0.7666622   1.24524135 -2.62771095  1.12505261 -0.3839781   0.42076283
  1.91903318  0.45811842  0.65074862 -1.27156725  1.79161218  2.93982492
  0.9959391   0.22180255 -1.14181224  2.4227879   0.7267409  -1.9097734
 -0.0503793   1.87092254  0.98664695 -1.08002968 -2.30130898  2.22238434
  2.00398664  1.92832366  2.29723367  1.91578705 -1.66121702 -3.10389867
  0.42852299  1.34475819 -2.26275505 -1.1258355   2.31183703  1.39294655
 -0.27195678 -1.84442298 -1.64823715  1.96528101  1.30723904 -1.01188294
 -0.23075446 -0.69309153 -0.30339034  2.30246102 -0.66193826 -0.93534326
  0.77591009 -2.35268955  0.59026883  2.78422868 -0.35243002  2.04722762
 -1.86126408 -1.35336622 -2.59736808 -2.42273021 -1.50153046 -3.02896624
  2.01620157  1.78191048  1.58151663  1.12533495  1.58819422 -2.44421541
 -2.5073671   1.78907343  1.03427236 -0.29185919 -2.47720458  1.43098296
 -1.04394802 -3.04762136 -0.0472067   1.89751591 -2.70128482 -2.3681663
  1.87611896  1.02966603 -0.6261747  -0.49631356 -0.92140781  1.96405527
  0.47262256 -0.35622598  0.40183283 -2.26662933  1.26136572 -0.15330679
  2.40236186  1.23319564  2.87809271 -1.05733885  2.10171164 -0.42989458
 -3.26841188  2.20322041  0.81147134  1.92881081 -1.28919665  1.43910625
 -2.12172281  0.20898512  0.08303738 -2.79059114 -0.9019142  -2.39307486
  0.07227805 -0.56898616]
Sat May 25 20:12:02 2024,839,0.09593800624237718,[-4.65847767  2.36664267 -1.84106082 -0.12409691  0.18672565 -2.68765099
  3.01282943  2.10571246  1.45518704 -0.92536057  0.61239982  1.09170238
  1.13210073 -1.54196802  0.77712899  2.80621751 -0.79815523 -0.63691749
 -1.75472049  0.6019589   1.67657197  2.99185591 -1.20875795 -0.31571274
 -2.42357618 -2.33803678  2.99458164  2.76322747 -0.54433292 -2.36481312
  1.48280779 -0.05850807 -2.31787456  2.0955644   1.28954024 -0.6385396
  0.8477719  -2.31880689 -0.0258956   2.15332905 -0.16394185  0.38886656
  2.71395769  1.04622468  2.46285648  3.16174768  2.64140803 -2.93932968
  0.26537408 -0.81572873  1.75888685  2.86399325 -0.51095136 -2.31763485
  2.78736958 -3.21076732  0.79394315 -0.6348799  -1.74135916  2.69818396
 -1.80955082 -1.58813078 -2.30391409  2.18800709 -2.45128534  2.13559766
  2.07465236  1.53540761  2.38308427  2.80474836  1.64886111  1.20012666
 -1.51324548 -2.22927531  1.47130185  0.71194285  1.31361904 -3.01402345
 -0.37770308  2.51831695 -1.03585431  1.28752029  1.4832943   0.54455014
 -0.83302118  1.11514387  0.66824174 -0.38370044  2.80473722 -1.99307043
  1.53804621 -0.48681164  1.09033635 -2.84976598 -2.45832363  0.45773143
 -1.16150476 -0.49457604  0.36531609 -0.11126735 -1.65032842 -0.04116998
 -0.85970564  2.8118107  -1.06239939 -1.38013506 -0.94883434  1.07796534
  1.85224715 -0.69616528  1.97232746 -2.19417596 -0.34727714 -0.73251674
 -2.89008067  3.16480362 -1.63194481  3.13522472 -1.26602557 -2.70847988
  3.36217153 -1.23322302 -0.77649618 -2.88407584 -2.71720552  2.54564134
 -2.13655211 -2.04712767 -0.18154883  3.14998777  0.24664277  0.21384958
 -1.25020334 -0.67764014 -1.73376991 -3.03025084  2.87032667  1.23551011
 -0.4857074  -2.18838461  1.10971125 -1.10585767 -0.49042497 -2.73954106
 -2.06516901  1.865548   -0.87381223  2.6218521  -0.45419503 -2.67151324
 -2.82019533  2.2618297  -3.1442335  -0.44536821 -1.00234833 -0.2466078
  2.34754189  1.84025268  0.01820737 -2.55288722 -2.65892174  0.24436948
 -0.76666221  1.24524134 -2.62771096  1.1250526  -0.38397809  0.42076284
  1.9190332   0.45811843  0.6507486  -1.27156727  1.7916122   2.93982491
  0.99593911  0.22180253 -1.14181225  2.42278789  0.72674091 -1.90977341
 -0.05037928  1.87092255  0.98664697 -1.08002967 -2.30130899  2.22238433
  2.00398663  1.92832367  2.29723366  1.91578704 -1.66121701 -3.10389865
  0.428523    1.34475818 -2.26275507 -1.12583549  2.31183704  1.39294656
 -0.27195679 -1.84442297 -1.64823714  1.965281    1.30723902 -1.01188292
 -0.23075447 -0.69309151 -0.30339033  2.30246101 -0.66193827 -0.93534325
  0.7759101  -2.35268953  0.59026881  2.78422867 -0.35243     2.04722763
 -1.86126407 -1.35336621 -2.5973681  -2.42273022 -1.50153048 -3.02896623
  2.01620159  1.78191047  1.58151665  1.12533494  1.5881942  -2.44421542
 -2.50736711  1.78907342  1.03427238 -0.2918592  -2.47720459  1.43098297
 -1.04394803 -3.04762135 -0.04720671  1.89751589 -2.70128484 -2.36816628
  1.87611895  1.02966601 -0.62617471 -0.49631355 -0.92140779  1.96405528
  0.47262257 -0.35622599  0.40183285 -2.26662932  1.26136571 -0.1533068
  2.40236185  1.23319563  2.87809272 -1.05733884  2.10171165 -0.42989459
 -3.26841186  2.20322043  0.81147132  1.92881083 -1.28919664  1.43910623
 -2.12172282  0.2089851   0.08303737 -2.79059115 -0.90191421 -2.39307487
  0.07227806 -0.56898615]
Sat May 25 20:12:41 2024,840,0.09593800624172513,[-4.65847768  2.36664269 -1.84106083 -0.12409693  0.18672563 -2.68765098
  3.01282941  2.10571247  1.45518703 -0.92536055  0.61239981  1.09170239
  1.13210072 -1.54196801  0.777129    2.8062175  -0.79815524 -0.63691748
 -1.75472048  0.60195891  1.67657196  2.9918559  -1.20875797 -0.31571273
 -2.42357617 -2.33803679  2.99458165  2.76322746 -0.54433291 -2.36481311
  1.48280778 -0.05850806 -2.31787455  2.09556438  1.28954025 -0.63853959
  0.84777191 -2.31880688 -0.02589558  2.15332907 -0.16394186  0.38886657
  2.7139577   1.0462247   2.46285649  3.16174769  2.64140804 -2.93932969
  0.26537409 -0.81572874  1.75888686  2.86399324 -0.51095137 -2.31763486
  2.7873696  -3.21076733  0.79394314 -0.63487989 -1.74135915  2.69818398
 -1.80955081 -1.58813077 -2.30391411  2.18800708 -2.45128536  2.13559767
  2.07465235  1.5354076   2.38308426  2.80474838  1.6488611   1.20012664
 -1.51324546 -2.2292753   1.47130186  0.71194286  1.31361905 -3.01402343
 -0.37770309  2.51831694 -1.03585432  1.28752028  1.48329431  0.54455013
 -0.83302119  1.11514388  0.66824172 -0.38370043  2.80473721 -1.99307044
  1.53804622 -0.48681166  1.09033637 -2.84976599 -2.45832361  0.45773142
 -1.16150475 -0.49457603  0.36531608 -0.11126736 -1.65032841 -0.04116999
 -0.85970562  2.81181068 -1.0623994  -1.38013505 -0.94883435  1.07796533
  1.85224714 -0.69616527  1.97232744 -2.19417597 -0.34727715 -0.73251675
 -2.89008065  3.1648036  -1.63194483  3.13522471 -1.26602556 -2.70847987
  3.36217155 -1.23322301 -0.77649617 -2.88407585 -2.71720551  2.54564133
 -2.13655212 -2.04712768 -0.18154882  3.14998776  0.24664278  0.21384959
 -1.25020332 -0.67764013 -1.7337699  -3.03025083  2.87032668  1.2355101
 -0.48570739 -2.18838462  1.10971124 -1.10585766 -0.49042498 -2.73954105
 -2.06516902  1.86554799 -0.87381224  2.62185212 -0.45419504 -2.67151323
 -2.82019534  2.26182969 -3.14423349 -0.44536822 -1.00234831 -0.24660778
  2.34754188  1.84025269  0.01820735 -2.55288721 -2.65892175  0.24436947
 -0.7666622   1.24524133 -2.62771095  1.12505259 -0.38397807  0.42076283
  1.91903321  0.45811845  0.65074859 -1.27156728  1.79161218  2.93982492
  0.99593912  0.22180255 -1.14181226  2.4227879   0.72674092 -1.90977342
 -0.05037927  1.87092254  0.98664698 -1.08002965 -2.301309    2.22238432
  2.00398661  1.92832366  2.29723365  1.91578703 -1.66121702 -3.10389864
  0.42852299  1.34475817 -2.26275505 -1.1258355   2.31183703  1.39294657
 -0.27195678 -1.84442296 -1.64823715  1.96528099  1.30723901 -1.01188294
 -0.23075446 -0.69309153 -0.30339031  2.302461   -0.66193828 -0.93534326
  0.77591011 -2.35268952  0.5902688   2.78422866 -0.35243002  2.04722765
 -1.86126408 -1.35336622 -2.59736808 -2.42273023 -1.50153046 -3.02896622
  2.0162016   1.78191048  1.58151663  1.12533495  1.58819422 -2.44421541
 -2.50736712  1.78907343  1.03427239 -0.29185919 -2.4772046   1.43098296
 -1.04394804 -3.04762134 -0.0472067   1.89751591 -2.70128485 -2.3681663
  1.87611894  1.02966603 -0.6261747  -0.49631353 -0.92140778  1.96405529
  0.47262259 -0.35622598  0.40183286 -2.2666293   1.26136569 -0.15330681
  2.40236186  1.23319562  2.87809271 -1.05733885  2.10171164 -0.42989458
 -3.26841185  2.20322041  0.81147134  1.92881084 -1.28919663  1.43910622
 -2.12172281  0.20898509  0.08303738 -2.79059116 -0.9019142  -2.39307486
  0.07227808 -0.56898613]
Sat May 25 20:13:10 2024,841,0.09593800624107453,[-4.6584777   2.36664267 -1.84106084 -0.12409694  0.18672562 -2.68765096
  3.0128294   2.10571248  1.45518702 -0.92536057  0.61239982  1.09170238
  1.13210073 -1.54196802  0.77712899  2.80621749 -0.79815523 -0.63691749
 -1.75472049  0.60195892  1.67657195  2.99185591 -1.20875798 -0.31571274
 -2.42357615 -2.33803681  2.99458167  2.76322747 -0.54433292 -2.3648131
  1.48280776 -0.05850807 -2.31787456  2.09556437  1.28954026 -0.6385396
  0.8477719  -2.31880686 -0.02589557  2.15332908 -0.16394185  0.38886658
  2.71395769  1.04622471  2.4628565   3.16174768  2.64140806 -2.9393297
  0.26537411 -0.81572873  1.75888687  2.86399323 -0.51095138 -2.31763485
  2.78736958 -3.21076734  0.79394315 -0.63487988 -1.74135913  2.69818399
 -1.80955082 -1.58813076 -2.30391409  2.18800709 -2.45128535  2.13559769
  2.07465236  1.53540759  2.38308425  2.80474836  1.64886111  1.20012666
 -1.51324545 -2.22927529  1.47130187  0.71194287  1.31361904 -3.01402345
 -0.37770308  2.51831693 -1.03585434  1.28752027  1.48329432  0.54455012
 -0.83302118  1.11514387  0.66824171 -0.38370041  2.8047372  -1.99307043
  1.53804623 -0.48681167  1.09033638 -2.84976601 -2.4583236   0.45773141
 -1.16150474 -0.49457602  0.36531609 -0.11126735 -1.65032842 -0.04117
 -0.85970561  2.8118107  -1.06239939 -1.38013506 -0.94883437  1.07796534
  1.85224712 -0.69616526  1.97232746 -2.19417598 -0.34727716 -0.73251676
 -2.89008067  3.16480359 -1.63194484  3.13522472 -1.26602554 -2.70847986
  3.36217153 -1.233223   -0.77649618 -2.88407587 -2.71720552  2.54564134
 -2.13655211 -2.04712767 -0.18154883  3.14998775  0.24664279  0.2138496
 -1.25020334 -0.67764014 -1.73376988 -3.03025084  2.87032667  1.23551009
 -0.4857074  -2.18838461  1.10971125 -1.10585767 -0.490425   -2.73954104
 -2.06516903  1.865548   -0.87381223  2.62185213 -0.45419503 -2.67151324
 -2.82019535  2.2618297  -3.1442335  -0.44536821 -1.00234833 -0.24660777
  2.34754187  1.8402527   0.01820734 -2.5528872  -2.65892176  0.24436948
 -0.76666221  1.24524132 -2.62771096  1.12505257 -0.38397806  0.42076282
  1.91903322  0.45811843  0.65074858 -1.27156729  1.7916122   2.93982491
  0.99593911  0.22180256 -1.14181227  2.42278791  0.72674091 -1.90977341
 -0.05037928  1.87092253  0.98664699 -1.08002967 -2.30130899  2.22238433
  2.00398663  1.92832367  2.29723363  1.91578702 -1.66121704 -3.10389863
  0.42852298  1.34475816 -2.26275507 -1.12583552  2.31183704  1.39294656
 -0.27195679 -1.84442297 -1.64823716  1.965281    1.307239   -1.01188292
 -0.23075447 -0.69309151 -0.3033903   2.30246099 -0.66193829 -0.93534325
  0.7759101  -2.35268951  0.59026879  2.78422865 -0.35243003  2.04722763
 -1.86126409 -1.35336621 -2.59736807 -2.42273024 -1.50153048 -3.02896623
  2.01620161  1.7819105   1.58151662  1.12533494  1.5881942  -2.4442154
 -2.50736711  1.78907344  1.03427238 -0.29185918 -2.47720459  1.43098294
 -1.04394803 -3.04762132 -0.04720668  1.89751592 -2.70128486 -2.36816631
  1.87611895  1.02966604 -0.62617471 -0.49631352 -0.92140779  1.96405528
  0.47262257 -0.35622599  0.40183287 -2.26662932  1.26136571 -0.1533068
  2.40236188  1.23319563  2.8780927  -1.05733886  2.10171165 -0.42989459
 -3.26841186  2.2032204   0.81147135  1.92881085 -1.28919664  1.43910621
 -2.1217228   0.2089851   0.08303737 -2.79059117 -0.90191418 -2.39307487
  0.07227809 -0.56898612]
Sat May 25 20:13:35 2024,842,0.09593800624042535,[-4.65847771  2.36664266 -1.84106086 -0.12409695  0.18672563 -2.68765095
  3.01282941  2.10571249  1.45518703 -0.92536055  0.61239983  1.09170239
  1.13210074 -1.54196803  0.77712898  2.80621748 -0.79815524 -0.6369175
 -1.75472048  0.60195891  1.67657194  2.9918559  -1.20875799 -0.31571273
 -2.42357614 -2.33803679  2.99458168  2.76322749 -0.54433293 -2.36481311
  1.48280775 -0.05850806 -2.31787457  2.09556436  1.28954027 -0.63853961
  0.84777191 -2.31880685 -0.02589556  2.15332909 -0.16394183  0.3888666
  2.7139577   1.04622472  2.46285649  3.16174766  2.64140804 -2.93932971
  0.26537409 -0.81572874  1.75888688  2.86399321 -0.51095139 -2.31763486
  2.7873696  -3.21076733  0.79394317 -0.63487989 -1.74135912  2.698184
 -1.80955081 -1.58813074 -2.30391411  2.1880071  -2.45128536  2.13559767
  2.07465235  1.53540758  2.38308424  2.80474835  1.6488611   1.20012664
 -1.51324546 -2.22927528  1.47130188  0.71194289  1.31361905 -3.01402346
 -0.37770307  2.51831692 -1.03585432  1.28752028  1.48329433  0.54455011
 -0.83302119  1.11514388  0.66824172 -0.3837004   2.80473718 -1.99307042
  1.53804625 -0.48681166  1.09033637 -2.84976599 -2.45832359  0.4577314
 -1.16150475 -0.49457603  0.3653161  -0.11126736 -1.65032843 -0.04116999
 -0.8597056   2.81181068 -1.06239937 -1.38013507 -0.94883438  1.07796533
  1.85224714 -0.69616524  1.97232747 -2.19417599 -0.34727715 -0.73251675
 -2.89008065  3.16480358 -1.63194485  3.13522473 -1.26602556 -2.70847987
  3.36217152 -1.23322301 -0.77649617 -2.88407588 -2.71720554  2.54564135
 -2.13655212 -2.04712766 -0.18154884  3.14998776  0.2466428   0.21384959
 -1.25020332 -0.67764013 -1.73376987 -3.03025083  2.87032666  1.23551008
 -0.48570742 -2.1883846   1.10971126 -1.10585769 -0.49042501 -2.73954105
 -2.06516904  1.86554799 -0.87381224  2.62185212 -0.45419504 -2.67151326
 -2.82019534  2.26182969 -3.14423351 -0.44536822 -1.00234831 -0.24660776
  2.34754188  1.84025271  0.01820735 -2.55288721 -2.65892177  0.24436949
 -0.7666622   1.2452413  -2.62771097  1.12505259 -0.38397807  0.42076283
  1.91903321  0.45811842  0.65074859 -1.2715673   1.79161218  2.9398249
  0.99593912  0.22180257 -1.14181226  2.4227879   0.7267409  -1.9097734
 -0.05037927  1.87092254  0.986647   -1.08002968 -2.30130898  2.22238432
  2.00398662  1.92832368  2.29723365  1.915787   -1.66121702 -3.10389862
  0.42852297  1.34475814 -2.26275508 -1.12583553  2.31183703  1.39294655
 -0.2719568  -1.84442296 -1.64823717  1.96528099  1.30723901 -1.01188291
 -0.23075446 -0.6930915  -0.30339031  2.302461   -0.6619383  -0.93534324
  0.77591009 -2.3526895   0.5902688   2.78422863 -0.35243004  2.04722762
 -1.8612641  -1.3533662  -2.59736808 -2.42273026 -1.50153049 -3.02896622
  2.0162016   1.78191051  1.58151661  1.12533493  1.58819419 -2.44421538
 -2.5073671   1.78907345  1.03427239 -0.29185919 -2.47720458  1.43098293
 -1.04394802 -3.04762134 -0.0472067   1.89751591 -2.70128487 -2.3681663
  1.87611894  1.02966603 -0.62617472 -0.49631353 -0.92140778  1.96405529
  0.47262256 -0.35622598  0.40183286 -2.26662933  1.26136572 -0.15330681
  2.40236189  1.23319564  2.87809271 -1.05733887  2.10171164 -0.4298946
 -3.26841185  2.20322041  0.81147134  1.92881086 -1.28919665  1.4391062
 -2.12172279  0.20898512  0.08303738 -2.79059119 -0.9019142  -2.39307486
  0.07227808 -0.56898611]
Sat May 25 20:14:00 2024,843,0.09593800623977765,[-4.65847772  2.36664267 -1.84106087 -0.12409696  0.18672565 -2.68765096
  3.0128294   2.10571248  1.45518704 -0.92536054  0.61239982  1.0917024
  1.13210073 -1.54196805  0.77712897  2.80621746 -0.79815525 -0.63691749
 -1.75472049  0.6019589   1.67657192  2.99185591 -1.20875798 -0.31571274
 -2.42357615 -2.33803681  2.99458169  2.7632275  -0.54433292 -2.36481312
  1.48280776 -0.05850807 -2.31787456  2.09556437  1.28954026 -0.63853963
  0.84777192 -2.31880686 -0.02589555  2.15332908 -0.16394182  0.38886658
  2.71395769  1.04622473  2.4628565   3.16174765  2.64140803 -2.93932972
  0.26537408 -0.81572876  1.75888687  2.86399323 -0.5109514  -2.31763485
  2.78736961 -3.21076732  0.79394315 -0.63487988 -1.74135911  2.69818401
 -1.8095508  -1.58813076 -2.30391412  2.18800709 -2.45128537  2.13559766
  2.07465236  1.53540756  2.38308425  2.80474834  1.64886111  1.20012666
 -1.51324548 -2.22927526  1.47130189  0.71194287  1.31361904 -3.01402347
 -0.37770306  2.5183169  -1.03585431  1.28752027  1.48329434  0.54455012
 -0.83302121  1.11514387  0.66824171 -0.38370039  2.80473717 -1.99307041
  1.53804626 -0.48681164  1.09033638 -2.84976598 -2.4583236   0.45773139
 -1.16150474 -0.49457604  0.36531609 -0.11126735 -1.65032842 -0.04117
 -0.85970559  2.8118107  -1.06239936 -1.38013508 -0.94883437  1.07796532
  1.85224712 -0.69616526  1.97232746 -2.19417598 -0.34727714 -0.73251676
 -2.89008064  3.16480357 -1.63194484  3.13522472 -1.26602554 -2.70847988
  3.36217153 -1.23322302 -0.77649616 -2.88407587 -2.71720552  2.54564134
 -2.13655213 -2.04712765 -0.18154885  3.14998775  0.24664282  0.2138496
 -1.25020331 -0.67764014 -1.73376988 -3.03025082  2.87032665  1.23551009
 -0.48570743 -2.18838459  1.10971127 -1.10585767 -0.49042502 -2.73954106
 -2.06516903  1.86554797 -0.87381223  2.62185213 -0.45419503 -2.67151327
 -2.82019535  2.26182968 -3.14423352 -0.44536821 -1.0023483  -0.24660775
  2.34754189  1.84025273  0.01820737 -2.55288722 -2.65892179  0.2443695
 -0.76666218  1.24524132 -2.62771096  1.1250526  -0.38397809  0.42076284
  1.91903322  0.45811841  0.65074858 -1.27156729  1.79161217  2.93982491
  0.99593911  0.22180256 -1.14181225  2.42278791  0.72674091 -1.90977339
 -0.05037926  1.87092253  0.98664701 -1.08002969 -2.30130899  2.22238433
  2.0039866   1.92832367  2.29723366  1.91578702 -1.66121704 -3.10389861
  0.42852296  1.34475813 -2.26275509 -1.12583552  2.31183704  1.39294654
 -0.27195679 -1.84442294 -1.64823716  1.965281    1.30723902 -1.0118829
 -0.23075447 -0.69309151 -0.3033903   2.30246099 -0.66193832 -0.93534325
  0.77591007 -2.35268948  0.59026881  2.78422862 -0.35243003  2.04722763
 -1.86126409 -1.35336621 -2.59736807 -2.42273027 -1.5015305  -3.02896623
  2.01620161  1.78191052  1.58151662  1.12533492  1.58819418 -2.44421537
 -2.50736709  1.78907344  1.03427238 -0.29185918 -2.47720456  1.43098294
 -1.04394803 -3.04762132 -0.04720671  1.89751589 -2.70128486 -2.36816628
  1.87611895  1.02966604 -0.62617474 -0.49631355 -0.92140779  1.96405528
  0.47262255 -0.35622597  0.40183287 -2.26662934  1.26136571 -0.1533068
  2.4023619   1.23319563  2.8780927  -1.05733886  2.10171165 -0.42989459
 -3.26841184  2.20322043  0.81147135  1.92881087 -1.28919666  1.43910619
 -2.12172277  0.2089851   0.08303737 -2.79059117 -0.90191421 -2.39307485
  0.07227809 -0.5689861 ]
Sat May 25 20:14:23 2024,844,0.09593800623913167,[-4.65847773  2.36664269 -1.84106088 -0.12409697  0.18672566 -2.68765098
  3.01282941  2.10571247  1.45518703 -0.92536053  0.61239981  1.09170242
  1.13210074 -1.54196803  0.77712898  2.80621748 -0.79815524 -0.63691748
 -1.7547205   0.60195888  1.67657191  2.99185592 -1.20875799 -0.31571275
 -2.42357617 -2.33803682  2.9945817   2.76322749 -0.54433291 -2.36481311
  1.48280778 -0.05850806 -2.31787457  2.09556438  1.28954027 -0.63853961
  0.84777191 -2.31880688 -0.02589554  2.15332909 -0.16394181  0.38886657
  2.7139577   1.04622472  2.46285649  3.16174764  2.64140804 -2.93932971
  0.26537409 -0.81572877  1.75888686  2.86399321 -0.51095142 -2.31763486
  2.78736962 -3.21076733  0.79394317 -0.63487989 -1.74135912  2.698184
 -1.80955079 -1.58813077 -2.30391411  2.18800708 -2.45128536  2.13559765
  2.07465235  1.53540755  2.38308426  2.80474833  1.64886112  1.20012667
 -1.51324549 -2.22927525  1.47130188  0.71194286  1.31361905 -3.01402348
 -0.37770307  2.51831692 -1.0358543   1.28752026  1.48329436  0.54455013
 -0.83302119  1.11514388  0.66824172 -0.38370038  2.80473716 -1.99307042
  1.53804627 -0.48681163  1.09033639 -2.84976599 -2.45832361  0.4577314
 -1.16150473 -0.49457603  0.36531608 -0.11126733 -1.65032843 -0.04116999
 -0.8597056   2.81181068 -1.06239935 -1.3801351  -0.94883435  1.07796533
  1.85224714 -0.69616524  1.97232747 -2.19417597 -0.34727713 -0.73251675
 -2.89008063  3.16480358 -1.63194485  3.13522471 -1.26602553 -2.70847989
  3.36217155 -1.23322303 -0.77649615 -2.88407588 -2.71720554  2.54564133
 -2.13655212 -2.04712766 -0.18154884  3.14998774  0.24664283  0.21384962
 -1.2502033  -0.67764016 -1.73376987 -3.0302508   2.87032663  1.23551008
 -0.48570742 -2.1883846   1.10971129 -1.10585769 -0.49042501 -2.73954105
 -2.06516904  1.86554799 -0.87381224  2.62185214 -0.45419504 -2.67151326
 -2.82019534  2.26182966 -3.14423354 -0.44536822 -1.00234831 -0.24660774
  2.3475419   1.84025271  0.01820738 -2.55288723 -2.6589218   0.24436951
 -0.7666622   1.24524133 -2.62771095  1.12505261 -0.38397807  0.42076283
  1.91903321  0.45811842  0.65074857 -1.27156728  1.79161218  2.9398249
  0.99593912  0.22180255 -1.14181224  2.4227879   0.7267409  -1.90977338
 -0.05037925  1.87092251  0.98664703 -1.0800297  -2.30130898  2.22238432
  2.00398659  1.92832366  2.29723367  1.91578703 -1.66121705 -3.10389862
  0.42852294  1.34475812 -2.26275508 -1.1258355   2.31183705  1.39294653
 -0.27195678 -1.84442296 -1.64823717  1.96528099  1.30723904 -1.01188291
 -0.23075449 -0.6930915  -0.30339031  2.30246097 -0.6619383  -0.93534324
  0.77591006 -2.35268947  0.59026882  2.78422861 -0.35243002  2.04722762
 -1.8612641  -1.3533662  -2.59736808 -2.42273026 -1.50153051 -3.02896624
  2.01620162  1.78191051  1.58151661  1.12533491  1.58819419 -2.44421536
 -2.5073671   1.78907345  1.03427236 -0.29185919 -2.47720455  1.43098293
 -1.04394804 -3.04762134 -0.0472067   1.89751588 -2.70128485 -2.36816627
  1.87611894  1.02966605 -0.62617472 -0.49631353 -0.92140778  1.96405527
  0.47262256 -0.35622598  0.40183286 -2.26662933  1.26136572 -0.15330681
  2.40236191  1.23319562  2.87809269 -1.05733887  2.10171164 -0.42989458
 -3.26841185  2.20322041  0.81147134  1.92881086 -1.28919665  1.4391062
 -2.12172276  0.20898509  0.08303738 -2.79059116 -0.9019142  -2.39307486
  0.0722781  -0.56898611]
Sat May 25 20:14:56 2024,845,0.09593800623848603,[-4.65847775  2.36664267 -1.84106089 -0.12409699  0.18672567 -2.68765096
  3.0128294   2.10571246  1.45518704 -0.92536054  0.6123998   1.09170243
  1.13210073 -1.54196805  0.77712899  2.80621746 -0.79815525 -0.63691746
 -1.75472051  0.6019589   1.67657192  2.99185591 -1.20875798 -0.31571274
 -2.42357615 -2.33803681  2.99458171  2.7632275  -0.5443329  -2.3648131
  1.48280776 -0.05850805 -2.31787456  2.09556437  1.28954029 -0.6385396
  0.84777192 -2.31880686 -0.02589552  2.1533291  -0.1639418   0.38886656
  2.71395769  1.04622473  2.46285648  3.16174763  2.64140806 -2.93932972
  0.26537411 -0.81572876  1.75888687  2.86399323 -0.51095143 -2.31763487
  2.78736961 -3.21076734  0.79394318 -0.63487988 -1.74135913  2.69818401
 -1.80955077 -1.58813078 -2.30391412  2.18800707 -2.45128535  2.13559766
  2.07465234  1.53540756  2.38308425  2.80474832  1.64886113  1.20012668
 -1.5132455  -2.22927526  1.47130187  0.71194285  1.31361907 -3.01402349
 -0.37770306  2.5183169  -1.03585431  1.28752025  1.48329437  0.54455012
 -0.83302118  1.11514387  0.66824171 -0.38370036  2.80473717 -1.99307041
  1.53804628 -0.48681162  1.09033638 -2.84976601 -2.45832363  0.45773141
 -1.16150474 -0.49457602  0.36531607 -0.11126732 -1.65032842 -0.04117
 -0.85970561  2.81181069 -1.06239934 -1.38013508 -0.94883434  1.07796534
  1.85224712 -0.69616523  1.97232748 -2.19417596 -0.34727714 -0.73251674
 -2.89008064  3.16480359 -1.63194484  3.13522472 -1.26602552 -2.70847991
  3.36217156 -1.23322304 -0.77649614 -2.88407589 -2.71720555  2.54564134
 -2.13655213 -2.04712765 -0.18154883  3.14998775  0.24664284  0.21384963
 -1.25020331 -0.67764014 -1.73376986 -3.03025079  2.87032662  1.23551009
 -0.48570743 -2.18838461  1.1097113  -1.10585767 -0.49042502 -2.73954106
 -2.06516903  1.865548   -0.87381225  2.62185213 -0.45419503 -2.67151324
 -2.82019533  2.26182965 -3.14423352 -0.44536821 -1.0023483  -0.24660772
  2.34754192  1.84025273  0.01820739 -2.55288722 -2.65892179  0.24436953
 -0.76666221  1.24524132 -2.62771094  1.1250526  -0.38397809  0.42076284
  1.9190332   0.45811843  0.65074856 -1.27156727  1.79161217  2.93982489
  0.99593913  0.22180253 -1.14181225  2.42278789  0.72674091 -1.90977336
 -0.05037926  1.87092253  0.98664701 -1.08002972 -2.30130899  2.22238433
  2.0039866   1.92832367  2.29723366  1.91578704 -1.66121706 -3.10389861
  0.42852296  1.34475811 -2.26275509 -1.12583549  2.31183707  1.39294654
 -0.27195679 -1.84442297 -1.64823716  1.965281    1.30723905 -1.01188292
 -0.2307545  -0.69309149 -0.3033903   2.30246096 -0.66193829 -0.93534322
  0.77591007 -2.35268946  0.59026881  2.78422862 -0.35243     2.04722763
 -1.86126409 -1.35336619 -2.5973681  -2.42273024 -1.5015305  -3.02896623
  2.01620163  1.78191052  1.5815166   1.12533489  1.58819418 -2.44421535
 -2.50736711  1.78907344  1.03427235 -0.29185918 -2.47720454  1.43098292
 -1.04394803 -3.04762135 -0.04720671  1.89751589 -2.70128486 -2.36816628
  1.87611892  1.02966606 -0.62617474 -0.49631355 -0.92140777  1.96405526
  0.47262257 -0.35622597  0.40183285 -2.26662934  1.26136573 -0.1533068
  2.4023619   1.23319563  2.8780927  -1.05733886  2.10171165 -0.42989457
 -3.26841184  2.20322043  0.81147132  1.92881087 -1.28919666  1.43910619
 -2.12172277  0.20898508  0.0830374  -2.79059115 -0.90191421 -2.39307485
  0.07227811 -0.5689861 ]
Sat May 25 20:15:20 2024,846,0.0959380062378427,[-4.65847776  2.36664266 -1.84106088 -0.124097    0.18672568 -2.68765095
  3.01282941  2.10571247  1.45518705 -0.92536055  0.61239981  1.09170242
  1.13210074 -1.54196803  0.77712898  2.80621748 -0.79815524 -0.63691745
 -1.75472053  0.60195891  1.67657194  2.9918559  -1.20875797 -0.31571273
 -2.42357617 -2.33803679  2.99458173  2.76322751 -0.54433291 -2.36481308
  1.48280775 -0.05850804 -2.31787457  2.09556436  1.28954027 -0.63853959
  0.84777193 -2.31880685 -0.02589554  2.15332909 -0.16394181  0.38886657
  2.7139577   1.04622472  2.46285647  3.16174764  2.64140807 -2.93932974
  0.26537412 -0.81572874  1.75888688  2.86399321 -0.51095142 -2.31763486
  2.78736962 -3.21076735  0.79394319 -0.63487987 -1.74135912  2.69818403
 -1.80955076 -1.58813079 -2.30391413  2.18800705 -2.45128536  2.13559765
  2.07465232  1.53540755  2.38308426  2.8047483   1.64886112  1.20012667
 -1.51324551 -2.22927528  1.47130186  0.71194286  1.31361905 -3.01402351
 -0.37770305  2.51831692 -1.0358543   1.28752023  1.48329438  0.54455011
 -0.83302119  1.11514388  0.66824172 -0.38370038  2.80473718 -1.9930704
  1.53804627 -0.48681161  1.09033637 -2.84976599 -2.45832361  0.45773142
 -1.16150475 -0.49457601  0.36531608 -0.11126731 -1.65032841 -0.04116999
 -0.8597056   2.81181068 -1.06239935 -1.38013507 -0.94883433  1.07796533
  1.85224714 -0.69616524  1.97232749 -2.19417597 -0.34727715 -0.73251673
 -2.89008065  3.1648036  -1.63194485  3.13522473 -1.26602553 -2.70847992
  3.36217157 -1.23322306 -0.77649615 -2.8840759  -2.71720554  2.54564135
 -2.13655212 -2.04712766 -0.18154884  3.14998776  0.24664283  0.21384962
 -1.25020332 -0.67764016 -1.73376987 -3.03025078  2.87032663  1.23551008
 -0.48570742 -2.1883846   1.10971131 -1.10585766 -0.49042501 -2.73954105
 -2.06516904  1.86554801 -0.87381224  2.62185212 -0.45419504 -2.67151323
 -2.82019534  2.26182964 -3.14423354 -0.44536822 -1.00234831 -0.24660774
  2.34754193  1.84025274  0.01820738 -2.55288723 -2.65892177  0.24436951
 -0.76666222  1.2452413  -2.62771095  1.12505261 -0.3839781   0.42076283
  1.91903318  0.45811842  0.65074854 -1.27156728  1.79161218  2.93982487
  0.99593912  0.22180252 -1.14181226  2.4227879   0.7267409  -1.90977335
 -0.05037925  1.87092254  0.98664703 -1.08002973 -2.30130898  2.22238432
  2.00398659  1.92832366  2.29723367  1.91578705 -1.66121705 -3.10389859
  0.42852294  1.3447581  -2.26275508 -1.1258355   2.31183708  1.39294655
 -0.2719568  -1.84442298 -1.64823715  1.96528099  1.30723904 -1.01188294
 -0.23075451 -0.69309148 -0.30339031  2.30246095 -0.6619383  -0.93534321
  0.77591006 -2.35268945  0.5902688   2.78422863 -0.35242999  2.04722765
 -1.86126408 -1.3533662  -2.59736811 -2.42273026 -1.50153051 -3.02896624
  2.01620165  1.78191053  1.58151659  1.12533491  1.58819417 -2.44421534
 -2.50736712  1.78907343  1.03427234 -0.29185919 -2.47720453  1.43098293
 -1.04394804 -3.04762136 -0.0472067   1.89751591 -2.70128487 -2.36816627
  1.87611894  1.02966607 -0.62617472 -0.49631353 -0.92140776  1.96405525
  0.47262256 -0.35622598  0.40183283 -2.26662933  1.26136572 -0.15330681
  2.40236189  1.23319562  2.87809269 -1.05733887  2.10171166 -0.42989455
 -3.26841185  2.20322044  0.81147131  1.92881086 -1.28919665  1.4391062
 -2.12172276  0.20898507  0.08303738 -2.79059116 -0.90191422 -2.39307484
  0.07227812 -0.56898609]
Sat May 25 20:15:51 2024,847,0.09593800623720036,[-4.65847777  2.36664265 -1.84106089 -0.12409701  0.18672567 -2.68765096
  3.01282943  2.10571246  1.45518704 -0.92536057  0.6123998   1.0917024
  1.13210076 -1.54196802  0.77712899  2.80621749 -0.79815525 -0.63691746
 -1.75472051  0.6019589   1.67657192  2.99185591 -1.20875795 -0.31571274
 -2.42357615 -2.33803678  2.99458171  2.76322752 -0.54433292 -2.3648131
  1.48280774 -0.05850805 -2.31787456  2.09556437  1.28954026 -0.63853958
  0.84777192 -2.31880684 -0.02589552  2.15332908 -0.1639418   0.38886658
  2.71395771  1.04622471  2.46285648  3.16174763  2.64140808 -2.93932972
  0.26537411 -0.81572876  1.75888689  2.86399323 -0.51095143 -2.31763487
  2.78736963 -3.21076734  0.79394318 -0.63487988 -1.74135911  2.69818404
 -1.80955077 -1.5881308  -2.30391412  2.18800704 -2.45128537  2.13559764
  2.07465231  1.53540756  2.38308427  2.80474832  1.64886111  1.20012668
 -1.5132455  -2.22927529  1.47130185  0.71194285  1.31361907 -3.01402352
 -0.37770303  2.51831693 -1.03585431  1.28752022  1.48329439  0.54455012
 -0.83302118  1.11514389  0.66824171 -0.38370036  2.80473717 -1.99307041
  1.53804626 -0.4868116   1.09033635 -2.84976598 -2.45832363  0.45773141
 -1.16150474 -0.49457599  0.36531609 -0.1112673  -1.65032842 -0.04116998
 -0.85970561  2.81181069 -1.06239934 -1.38013508 -0.94883434  1.07796534
  1.85224715 -0.69616523  1.9723275  -2.19417596 -0.34727714 -0.73251674
 -2.89008064  3.16480362 -1.63194486  3.13522472 -1.26602552 -2.70847991
  3.36217158 -1.23322304 -0.77649614 -2.88407589 -2.71720552  2.54564134
 -2.13655211 -2.04712767 -0.18154883  3.14998777  0.24664282  0.2138496
 -1.25020334 -0.67764014 -1.73376986 -3.03025079  2.87032665  1.23551007
 -0.4857074  -2.18838459  1.1097113  -1.10585767 -0.490425   -2.73954106
 -2.06516906  1.865548   -0.87381225  2.62185213 -0.45419503 -2.67151322
 -2.82019533  2.26182965 -3.14423352 -0.44536824 -1.0023483  -0.24660772
  2.34754192  1.84025273  0.01820739 -2.55288722 -2.65892176  0.24436953
 -0.76666221  1.24524132 -2.62771094  1.1250526  -0.38397809  0.42076284
  1.9190332   0.45811843  0.65074856 -1.27156727  1.7916122   2.93982489
  0.99593913  0.22180251 -1.14181227  2.42278791  0.72674089 -1.90977336
 -0.05037923  1.87092253  0.98664704 -1.08002972 -2.30130899  2.22238433
  2.00398658  1.92832367  2.29723366  1.91578707 -1.66121704 -3.10389858
  0.42852296  1.34475811 -2.26275509 -1.12583552  2.31183709  1.39294654
 -0.27195681 -1.84442297 -1.64823716  1.965281    1.30723902 -1.01188295
 -0.2307545  -0.69309147 -0.30339033  2.30246094 -0.66193832 -0.9353432
  0.77591007 -2.35268944  0.59026879  2.78422865 -0.35242998  2.04722766
 -1.86126409 -1.35336621 -2.5973681  -2.42273024 -1.50153052 -3.02896625
  2.01620163  1.78191052  1.5815166   1.12533492  1.58819418 -2.44421535
 -2.50736714  1.78907344  1.03427235 -0.29185918 -2.47720454  1.43098294
 -1.04394803 -3.04762137 -0.04720668  1.89751592 -2.70128489 -2.36816628
  1.87611892  1.02966609 -0.62617471 -0.49631355 -0.92140777  1.96405526
  0.47262257 -0.35622597  0.40183285 -2.26662932  1.26136571 -0.1533068
  2.40236188  1.23319561  2.87809268 -1.05733886  2.10171167 -0.42989457
 -3.26841186  2.20322043  0.8114713   1.92881087 -1.28919666  1.43910621
 -2.12172277  0.20898506  0.08303737 -2.79059115 -0.90191423 -2.39307482
  0.07227811 -0.5689861 ]
Sat May 25 20:16:16 2024,848,0.09593800623655953,[-4.65847778  2.36664264 -1.84106088 -0.124097    0.18672566 -2.68765098
  3.01282941  2.10571247  1.45518705 -0.92536055  0.61239981  1.09170242
  1.13210074 -1.54196801  0.77712898  2.8062175  -0.79815526 -0.63691745
 -1.7547205   0.60195888  1.67657194  2.99185592 -1.20875797 -0.31571273
 -2.42357617 -2.33803679  2.99458173  2.76322753 -0.54433291 -2.36481311
  1.48280773 -0.05850806 -2.31787455  2.09556436  1.28954025 -0.63853959
  0.84777193 -2.31880683 -0.02589551  2.15332907 -0.16394181  0.38886657
  2.71395772  1.0462247   2.46285649  3.16174764  2.64140809 -2.93932974
  0.26537409 -0.81572874  1.75888688  2.86399321 -0.51095142 -2.31763489
  2.78736964 -3.21076735  0.79394317 -0.63487989 -1.74135912  2.69818403
 -1.80955076 -1.58813079 -2.30391411  2.18800703 -2.45128536  2.13559765
  2.0746523   1.53540755  2.38308429  2.8047483   1.64886112  1.20012667
 -1.51324549 -2.22927528  1.47130183  0.71194286  1.31361905 -3.01402353
 -0.37770305  2.51831694 -1.03585432  1.28752021  1.4832944   0.54455013
 -0.83302119  1.11514388  0.6682417  -0.38370035  2.80473716 -1.99307042
  1.53804625 -0.48681161  1.09033637 -2.84976599 -2.45832364  0.4577314
 -1.16150475 -0.49457598  0.3653161  -0.11126731 -1.65032841 -0.04116997
 -0.8597056   2.81181071 -1.06239933 -1.38013507 -0.94883435  1.07796533
  1.85224714 -0.69616524  1.97232752 -2.19417597 -0.34727715 -0.73251675
 -2.89008065  3.16480363 -1.63194485  3.13522471 -1.26602551 -2.70847992
  3.36217157 -1.23322303 -0.77649612 -2.8840759  -2.71720551  2.54564135
 -2.1365521  -2.04712768 -0.18154882  3.14998776  0.24664283  0.21384962
 -1.25020332 -0.67764016 -1.73376987 -3.0302508   2.87032663  1.23551008
 -0.48570742 -2.1883846   1.10971131 -1.10585766 -0.49042498 -2.73954105
 -2.06516907  1.86554801 -0.87381224  2.62185214 -0.45419502 -2.67151321
 -2.82019531  2.26182966 -3.14423351 -0.44536825 -1.00234831 -0.24660771
  2.34754193  1.84025274  0.0182074  -2.55288723 -2.65892175  0.24436954
 -0.7666622   1.24524133 -2.62771095  1.12505259 -0.38397807  0.42076283
  1.91903321  0.45811845  0.65074857 -1.27156728  1.79161218  2.93982488
  0.99593912  0.2218025  -1.14181229  2.4227879   0.7267409  -1.90977338
 -0.05037925  1.87092254  0.98664705 -1.0800297  -2.30130898  2.22238432
  2.00398659  1.92832366  2.29723367  1.91578705 -1.66121705 -3.10389857
  0.42852297  1.3447581  -2.26275508 -1.1258355   2.3118371   1.39294653
 -0.27195683 -1.84442296 -1.64823715  1.96528101  1.30723901 -1.01188296
 -0.23075451 -0.69309148 -0.30339031  2.30246093 -0.6619383  -0.93534321
  0.77591006 -2.35268945  0.5902688   2.78422863 -0.35242997  2.04722765
 -1.8612641  -1.3533662  -2.59736811 -2.42273023 -1.50153051 -3.02896627
  2.01620162  1.78191051  1.58151659  1.12533491  1.58819417 -2.44421536
 -2.50736715  1.78907345  1.03427236 -0.29185919 -2.47720453  1.43098293
 -1.04394802 -3.04762136 -0.0472067   1.89751591 -2.7012849  -2.36816627
  1.87611894  1.0296661  -0.62617472 -0.49631356 -0.92140778  1.96405527
  0.47262256 -0.35622598  0.40183283 -2.26662931  1.26136572 -0.15330681
  2.40236189  1.23319559  2.87809266 -1.05733885  2.10171166 -0.42989455
 -3.26841185  2.20322042  0.81147131  1.92881089 -1.28919667  1.4391062
 -2.12172279  0.20898507  0.08303736 -2.79059116 -0.90191424 -2.39307484
  0.07227812 -0.56898611]
Sat May 25 20:16:41 2024,849,0.09593800623591972,[-4.65847779  2.36664263 -1.84106089 -0.12409701  0.18672565 -2.68765096
  3.0128294   2.10571246  1.45518704 -0.92536057  0.6123998   1.09170243
  1.13210076 -1.54196802  0.77712899  2.80621751 -0.79815528 -0.63691746
 -1.75472049  0.60195887  1.67657195  2.99185591 -1.20875798 -0.31571272
 -2.42357618 -2.33803681  2.99458174  2.76322752 -0.5443329  -2.36481312
  1.48280774 -0.05850805 -2.31787454  2.09556437  1.28954024 -0.63853958
  0.84777192 -2.31880682 -0.0258955   2.15332905 -0.1639418   0.38886656
  2.71395773  1.04622469  2.46285648  3.16174765  2.6414081  -2.93932975
  0.26537411 -0.81572876  1.75888687  2.8639932  -0.5109514  -2.31763487
  2.78736966 -3.21076734  0.79394318 -0.63487988 -1.74135911  2.69818401
 -1.80955075 -1.5881308  -2.30391412  2.18800702 -2.45128535  2.13559764
  2.07465229  1.53540754  2.3830843   2.80474832  1.64886111  1.20012668
 -1.5132455  -2.22927526  1.47130182  0.71194285  1.31361904 -3.01402354
 -0.37770306  2.51831693 -1.03585434  1.2875202   1.48329439  0.54455012
 -0.83302121  1.11514389  0.66824171 -0.38370034  2.80473717 -1.99307043
  1.53804623 -0.4868116   1.09033635 -2.84976598 -2.45832363  0.45773139
 -1.16150474 -0.49457597  0.36531612 -0.11126732 -1.6503284  -0.04116998
 -0.85970561  2.81181069 -1.06239934 -1.38013508 -0.94883434  1.07796532
  1.85224715 -0.69616523  1.97232753 -2.19417596 -0.34727714 -0.73251676
 -2.89008067  3.16480364 -1.63194484  3.13522472 -1.26602552 -2.70847991
  3.36217158 -1.23322302 -0.77649614 -2.88407589 -2.71720552  2.54564136
 -2.13655208 -2.0471277  -0.18154883  3.14998777  0.24664284  0.2138496
 -1.25020331 -0.67764017 -1.73376988 -3.03025079  2.87032665  1.23551007
 -0.48570743 -2.18838461  1.10971132 -1.10585765 -0.49042497 -2.73954104
 -2.06516906  1.865548   -0.87381225  2.62185215 -0.45419501 -2.6715132
 -2.8201953   2.26182965 -3.1442335  -0.44536824 -1.0023483  -0.2466077
  2.34754192  1.84025273  0.01820739 -2.55288724 -2.65892176  0.24436955
 -0.76666221  1.24524132 -2.62771094  1.12505257 -0.38397806  0.42076282
  1.91903322  0.45811843  0.65074858 -1.27156727  1.7916122   2.93982486
  0.99593911  0.22180251 -1.1418123   2.42278789  0.72674089 -1.90977339
 -0.05037923  1.87092253  0.98664704 -1.08002969 -2.30130899  2.22238433
  2.0039866   1.92832364  2.29723368  1.91578707 -1.66121706 -3.10389856
  0.42852296  1.34475808 -2.26275507 -1.12583549  2.31183711  1.39294651
 -0.27195681 -1.84442294 -1.64823714  1.965281    1.307239   -1.01188295
 -0.2307545  -0.69309147 -0.3033903   2.30246094 -0.66193832 -0.9353432
  0.77591005 -2.35268944  0.59026881  2.78422862 -0.35242998  2.04722766
 -1.86126412 -1.35336621 -2.59736812 -2.42273024 -1.5015305  -3.02896628
  2.01620161  1.78191052  1.58151657  1.12533492  1.58819418 -2.44421537
 -2.50736716  1.78907346  1.03427235 -0.2918592  -2.47720454  1.43098294
 -1.043948   -3.04762137 -0.04720668  1.89751589 -2.70128491 -2.36816626
  1.87611895  1.02966611 -0.62617471 -0.49631355 -0.92140779  1.96405526
  0.47262257 -0.35622599  0.40183282 -2.26662932  1.26136571 -0.1533068
  2.4023619   1.23319558  2.87809268 -1.05733884  2.10171167 -0.42989454
 -3.26841184  2.2032204   0.81147132  1.92881087 -1.28919669  1.43910619
 -2.1217228   0.20898508  0.08303737 -2.79059115 -0.90191426 -2.39307482
  0.07227811 -0.56898612]
Sat May 25 20:17:05 2024,850,0.0959380062352813,[-4.65847781  2.36664264 -1.8410609  -0.12409702  0.18672563 -2.68765095
  3.01282941  2.10571244  1.45518703 -0.92536055  0.61239981  1.09170242
  1.13210077 -1.54196803  0.77712898  2.8062175  -0.79815526 -0.63691748
 -1.7547205   0.60195886  1.67657196  2.9918559  -1.20875799 -0.31571273
 -2.42357619 -2.33803679  2.99458173  2.76322753 -0.54433288 -2.36481311
  1.48280773 -0.05850804 -2.31787452  2.09556438  1.28954023 -0.63853959
  0.84777191 -2.31880683 -0.02589549  2.15332904 -0.16394181  0.38886655
  2.71395775  1.0462247   2.46285649  3.16174764  2.64140812 -2.93932976
  0.26537412 -0.81572874  1.75888688  2.86399321 -0.51095142 -2.31763486
  2.78736964 -3.21076735  0.79394319 -0.63487989 -1.74135912  2.698184
 -1.80955076 -1.58813082 -2.30391411  2.18800701 -2.45128536  2.13559765
  2.07465228  1.53540755  2.38308431  2.80474833  1.6488611   1.20012669
 -1.51324549 -2.22927528  1.47130181  0.71194284  1.31361905 -3.01402353
 -0.37770305  2.51831694 -1.03585435  1.28752019  1.4832944   0.54455011
 -0.83302122  1.11514388  0.6682417  -0.38370035  2.80473718 -1.99307042
  1.53804625 -0.48681161  1.09033634 -2.84976597 -2.45832361  0.45773137
 -1.16150475 -0.49457598  0.36531613 -0.11126733 -1.65032841 -0.04116999
 -0.8597056   2.81181071 -1.06239935 -1.3801351  -0.94883435  1.07796533
  1.85224716 -0.69616522  1.97232754 -2.19417594 -0.34727713 -0.73251675
 -2.89008065  3.16480365 -1.63194485  3.13522471 -1.26602551 -2.70847992
  3.36217159 -1.23322303 -0.77649612 -2.88407588 -2.71720554  2.54564135
 -2.13655207 -2.04712768 -0.18154884  3.14998776  0.24664283  0.21384962
 -1.25020332 -0.67764016 -1.73376987 -3.03025078  2.87032663  1.23551008
 -0.48570742 -2.18838462  1.10971131 -1.10585766 -0.49042496 -2.73954102
 -2.06516904  1.86554799 -0.87381224  2.62185214 -0.45419502 -2.67151321
 -2.82019529  2.26182964 -3.14423349 -0.44536825 -1.00234829 -0.24660769
  2.3475419   1.84025271  0.0182074  -2.55288723 -2.65892177  0.24436954
 -0.76666222  1.2452413  -2.62771095  1.12505259 -0.38397805  0.42076283
  1.91903323  0.45811842  0.65074857 -1.27156726  1.79161221  2.93982485
  0.9959391   0.22180252 -1.14181229  2.4227879   0.7267409  -1.90977338
 -0.05037925  1.87092251  0.98664703 -1.0800297  -2.30130898  2.22238434
  2.00398661  1.92832363  2.29723369  1.91578708 -1.66121705 -3.10389857
  0.42852294  1.34475807 -2.26275508 -1.1258355   2.31183713  1.39294653
 -0.27195683 -1.84442296 -1.64823712  1.96528101  1.30723899 -1.01188296
 -0.23075449 -0.69309148 -0.30339031  2.30246095 -0.66193833 -0.93534321
  0.77591006 -2.35268945  0.5902688   2.78422861 -0.35242997  2.04722767
 -1.8612641  -1.3533662  -2.59736813 -2.42273026 -1.50153049 -3.02896627
  2.01620162  1.78191051  1.58151656  1.12533493  1.58819417 -2.44421538
 -2.50736717  1.78907345  1.03427234 -0.29185919 -2.47720453  1.43098293
 -1.04394802 -3.04762136 -0.04720667  1.89751588 -2.7012849  -2.36816625
  1.87611896  1.02966612 -0.62617472 -0.49631353 -0.9214078   1.96405525
  0.47262256 -0.35622598  0.40183281 -2.26662933  1.26136572 -0.15330681
  2.40236189  1.23319557  2.87809266 -1.05733885  2.10171169 -0.42989455
 -3.26841183  2.20322039  0.81147131  1.92881086 -1.28919667  1.4391062
 -2.12172281  0.20898507  0.08303736 -2.79059114 -0.90191427 -2.39307484
  0.0722781  -0.56898613]
Sat May 25 20:17:29 2024,851,0.09593800623464459,[-4.65847782  2.36664263 -1.84106089 -0.12409701  0.18672565 -2.68765094
  3.0128294   2.10571243  1.45518704 -0.92536054  0.6123998   1.09170243
  1.13210078 -1.54196802  0.77712897  2.80621749 -0.79815528 -0.63691746
 -1.75472049  0.60195887  1.67657195  2.99185588 -1.20875798 -0.31571274
 -2.42357618 -2.33803681  2.99458174  2.76322752 -0.54433287 -2.36481312
  1.48280772 -0.05850805 -2.31787451  2.0955644   1.28954021 -0.6385396
  0.8477719  -2.31880682 -0.0258955   2.15332905 -0.1639418   0.38886654
  2.71395776  1.04622471  2.46285648  3.16174765  2.6414081  -2.93932975
  0.26537413 -0.81572876  1.75888689  2.86399323 -0.51095143 -2.31763487
  2.78736966 -3.21076734  0.7939432  -0.6348799  -1.74135913  2.69818399
 -1.80955075 -1.58813083 -2.30391412  2.18800699 -2.45128537  2.13559766
  2.07465229  1.53540754  2.38308432  2.80474834  1.64886111  1.20012668
 -1.51324548 -2.22927529  1.4713018   0.71194283  1.31361907 -3.01402354
 -0.37770303  2.51831693 -1.03585436  1.28752017  1.48329442  0.54455009
 -0.83302123  1.11514387  0.66824169 -0.38370034  2.80473719 -1.99307041
  1.53804626 -0.4868116   1.09033633 -2.84976598 -2.4583236   0.45773139
 -1.16150474 -0.49457599  0.36531614 -0.11126735 -1.65032842 -0.04116998
 -0.85970561  2.8118107  -1.06239936 -1.38013508 -0.94883437  1.07796532
  1.85224717 -0.69616521  1.97232755 -2.19417596 -0.34727711 -0.73251676
 -2.89008064  3.16480364 -1.63194486  3.1352247  -1.26602552 -2.70847991
  3.36217161 -1.23322302 -0.77649611 -2.88407589 -2.71720555  2.54564134
 -2.13655206 -2.0471277  -0.18154883  3.14998775  0.24664284  0.21384963
 -1.25020334 -0.67764014 -1.73376986 -3.03025077  2.87032665  1.23551009
 -0.4857074  -2.18838461  1.10971132 -1.10585767 -0.49042497 -2.73954101
 -2.06516903  1.865548   -0.87381223  2.62185215 -0.45419501 -2.67151322
 -2.82019528  2.26182965 -3.1442335  -0.44536826 -1.00234828 -0.24660768
  2.34754189  1.84025273  0.01820739 -2.55288722 -2.65892179  0.24436953
 -0.76666221  1.24524129 -2.62771096  1.12505257 -0.38397806  0.42076282
  1.91903322  0.45811843  0.65074856 -1.27156724  1.7916122   2.93982484
  0.99593911  0.22180251 -1.14181227  2.42278789  0.72674091 -1.90977339
 -0.05037923  1.8709225   0.98664701 -1.08002972 -2.30130899  2.22238435
  2.00398663  1.92832364  2.29723368  1.91578707 -1.66121704 -3.10389858
  0.42852293  1.34475808 -2.26275507 -1.12583549  2.31183711  1.39294654
 -0.27195681 -1.84442297 -1.64823714  1.965281    1.307239   -1.01188297
 -0.23075447 -0.69309147 -0.30339033  2.30246094 -0.66193834 -0.9353432
  0.77591007 -2.35268944  0.59026879  2.7842286  -0.35242996  2.04722766
 -1.86126409 -1.35336621 -2.59736814 -2.42273027 -1.5015305  -3.02896628
  2.01620161  1.78191052  1.58151657  1.12533494  1.58819418 -2.4442154
 -2.50736716  1.78907344  1.03427233 -0.29185918 -2.47720452  1.43098294
 -1.043948   -3.04762135 -0.04720666  1.89751589 -2.70128489 -2.36816624
  1.87611897  1.02966613 -0.62617471 -0.49631352 -0.92140779  1.96405526
  0.47262257 -0.35622599  0.40183282 -2.26662934  1.26136573 -0.1533068
  2.40236188  1.23319556  2.87809265 -1.05733884  2.1017117  -0.42989454
 -3.26841184  2.2032204   0.8114713   1.92881087 -1.28919666  1.43910621
 -2.12172282  0.20898508  0.08303737 -2.79059113 -0.90191428 -2.39307482
  0.07227809 -0.56898612]
Sat May 25 20:17:53 2024,852,0.09593800623400903,[-4.65847783  2.36664261 -1.8410609  -0.12409702  0.18672563 -2.68765093
  3.01282941  2.10571244  1.45518703 -0.92536055  0.61239978  1.09170244
  1.13210077 -1.54196801  0.77712896  2.80621748 -0.79815529 -0.63691745
 -1.7547205   0.60195888  1.67657194  2.9918559  -1.20875799 -0.31571273
 -2.42357617 -2.33803682  2.99458173  2.76322751 -0.54433286 -2.36481311
  1.4828077  -0.05850806 -2.31787452  2.09556438  1.2895402  -0.63853961
  0.84777191 -2.31880683 -0.02589551  2.15332904 -0.16394181  0.38886655
  2.71395777  1.04622472  2.46285647  3.16174766  2.64140812 -2.93932974
  0.26537412 -0.81572874  1.75888691  2.86399324 -0.51095144 -2.31763489
  2.78736964 -3.21076733  0.79394319 -0.63487992 -1.74135912  2.69818398
 -1.80955076 -1.58813082 -2.30391411  2.18800698 -2.45128536  2.13559765
  2.07465228  1.53540753  2.38308433  2.80474835  1.6488611   1.20012667
 -1.51324546 -2.22927528  1.47130181  0.71194281  1.31361905 -3.01402353
 -0.37770305  2.51831692 -1.03585435  1.28752016  1.4832944   0.54455008
 -0.83302122  1.11514388  0.6682417  -0.38370035  2.80473721 -1.99307042
  1.53804625 -0.48681158  1.09033634 -2.84976597 -2.45832359  0.4577314
 -1.16150475 -0.49457601  0.36531615 -0.11126733 -1.65032841 -0.04116997
 -0.85970562  2.81181068 -1.06239935 -1.3801351  -0.94883438  1.07796533
  1.85224718 -0.69616522  1.97232754 -2.19417597 -0.34727713 -0.73251678
 -2.89008063  3.16480365 -1.63194485  3.13522469 -1.26602551 -2.70847989
  3.36217162 -1.23322301 -0.7764961  -2.8840759  -2.71720556  2.54564133
 -2.13655207 -2.04712771 -0.18154882  3.14998774  0.24664283  0.21384964
 -1.25020332 -0.67764013 -1.73376985 -3.03025076  2.87032663  1.23551008
 -0.48570742 -2.1883846   1.10971133 -1.10585769 -0.49042498 -2.739541
 -2.06516902  1.86554801 -0.87381224  2.62185216 -0.45419502 -2.67151321
 -2.82019527  2.26182964 -3.14423351 -0.44536827 -1.00234829 -0.24660769
  2.34754188  1.84025274  0.0182074  -2.55288723 -2.6589218   0.24436951
 -0.7666622   1.2452413  -2.62771095  1.12505256 -0.38397807  0.4207628
  1.91903321  0.45811842  0.65074854 -1.27156726  1.79161221  2.93982483
  0.9959391   0.2218025  -1.14181226  2.42278788  0.7267409  -1.9097734
 -0.05037922  1.87092251  0.98664703 -1.08002973 -2.30130898  2.22238437
  2.00398664  1.92832366  2.29723369  1.91578705 -1.66121702 -3.10389859
  0.42852294  1.3447581  -2.26275508 -1.1258355   2.31183713  1.39294655
 -0.2719568  -1.84442296 -1.64823712  1.96528101  1.30723901 -1.01188298
 -0.23075449 -0.69309148 -0.30339034  2.30246093 -0.66193835 -0.93534319
  0.77591006 -2.35268945  0.5902688   2.78422861 -0.35242997  2.04722767
 -1.8612641  -1.3533662  -2.59736816 -2.42273026 -1.50153051 -3.02896629
  2.0162016   1.78191053  1.58151656  1.12533495  1.58819419 -2.44421541
 -2.50736715  1.78907343  1.03427232 -0.29185919 -2.4772045   1.43098293
 -1.04394799 -3.04762136 -0.04720665  1.89751588 -2.70128487 -2.36816625
  1.87611896  1.02966615 -0.6261747  -0.49631351 -0.9214078   1.96405525
  0.47262259 -0.35622598  0.40183281 -2.26662935  1.26136572 -0.15330679
  2.40236187  1.23319555  2.87809266 -1.05733883  2.10171169 -0.42989453
 -3.26841183  2.20322041  0.81147129  1.92881089 -1.28919665  1.43910622
 -2.12172281  0.20898509  0.08303738 -2.79059114 -0.90191429 -2.39307481
  0.07227808 -0.56898613]
Sat May 25 20:18:17 2024,853,0.09593800623337434,[-4.65847784  2.3666426  -1.84106092 -0.12409703  0.18672562 -2.68765092
  3.0128294   2.10571246  1.45518704 -0.92536057  0.6123998   1.09170243
  1.13210076 -1.541968    0.77712894  2.80621746 -0.79815528 -0.63691746
 -1.75472051  0.60195889  1.67657195  2.99185588 -1.208758   -0.31571272
 -2.42357615 -2.33803681  2.99458171  2.7632275  -0.54433285 -2.36481312
  1.48280772 -0.05850807 -2.31787451  2.09556437  1.28954019 -0.63853963
  0.84777192 -2.31880684 -0.0258955   2.15332903 -0.16394182  0.38886654
  2.71395776  1.04622473  2.46285646  3.16174768  2.64140813 -2.93932972
  0.26537411 -0.81572873  1.75888689  2.86399323 -0.51095143 -2.3176349
  2.78736963 -3.21076734  0.79394318 -0.63487993 -1.74135911  2.69818399
 -1.80955075 -1.58813083 -2.30391412  2.18800697 -2.45128537  2.13559766
  2.07465229  1.53540752  2.38308435  2.80474836  1.64886111  1.20012668
 -1.51324545 -2.22927526  1.47130182  0.71194283  1.31361904 -3.01402354
 -0.37770306  2.5183169  -1.03585436  1.28752017  1.48329439  0.54455007
 -0.83302121  1.11514387  0.66824171 -0.38370036  2.80473719 -1.99307043
  1.53804626 -0.4868116   1.09033633 -2.84976596 -2.4583236   0.45773141
 -1.16150476 -0.49457599  0.36531616 -0.11126732 -1.65032842 -0.04116996
 -0.85970561  2.81181067 -1.06239936 -1.38013508 -0.94883437  1.07796534
  1.8522472  -0.69616523  1.97232755 -2.19417598 -0.34727714 -0.73251679
 -2.89008062  3.16480364 -1.63194484  3.1352247  -1.26602552 -2.70847991
  3.36217161 -1.233223   -0.77649611 -2.88407589 -2.71720555  2.54564132
 -2.13655206 -2.04712772 -0.18154883  3.14998775  0.24664282  0.21384963
 -1.25020334 -0.67764014 -1.73376984 -3.03025077  2.87032665  1.23551009
 -0.4857074  -2.18838459  1.10971132 -1.10585767 -0.490425   -2.73954099
 -2.06516903  1.86554802 -0.87381223  2.62185218 -0.45419501 -2.6715132
 -2.82019528  2.26182963 -3.1442335  -0.44536826 -1.0023483  -0.24660768
  2.34754187  1.84025275  0.01820741 -2.55288724 -2.65892181  0.24436953
 -0.76666221  1.24524132 -2.62771094  1.12505255 -0.38397806  0.42076279
  1.91903322  0.45811843  0.65074856 -1.27156724  1.79161222  2.93982482
  0.99593908  0.22180249 -1.14181225  2.42278789  0.72674089 -1.90977339
 -0.05037923  1.8709225   0.98664701 -1.08002974 -2.30130896  2.22238438
  2.00398663  1.92832364  2.29723368  1.91578707 -1.66121704 -3.10389858
  0.42852296  1.34475811 -2.26275507 -1.12583549  2.31183711  1.39294654
 -0.27195679 -1.84442297 -1.64823711  1.965281    1.307239   -1.01188297
 -0.23075447 -0.69309149 -0.30339035  2.30246091 -0.66193836 -0.9353432
  0.77591007 -2.35268944  0.59026881  2.7842286  -0.35242996  2.04722768
 -1.86126409 -1.35336619 -2.59736817 -2.42273027 -1.5015305  -3.0289663
  2.01620161  1.78191052  1.58151655  1.12533497  1.58819418 -2.44421542
 -2.50736714  1.78907342  1.0342723  -0.2918592  -2.47720452  1.43098294
 -1.04394798 -3.04762135 -0.04720664  1.89751589 -2.70128486 -2.36816624
  1.87611897  1.02966613 -0.62617471 -0.4963135  -0.92140779  1.96405523
  0.4726226  -0.35622599  0.4018328  -2.26662934  1.26136571 -0.1533068
  2.40236188  1.23319556  2.87809268 -1.05733881  2.1017117  -0.42989454
 -3.26841182  2.2032204   0.8114713   1.92881087 -1.28919666  1.43910621
 -2.12172282  0.2089851   0.0830374  -2.79059115 -0.90191428 -2.39307482
  0.07227809 -0.56898615]
Sat May 25 20:18:40 2024,854,0.09593800623274114,[-4.65847785  2.36664261 -1.8410609  -0.12409702  0.18672561 -2.6876509
  3.01282939  2.10571247  1.45518705 -0.92536055  0.61239978  1.09170242
  1.13210074 -1.54196801  0.77712893  2.80621748 -0.79815527 -0.63691748
 -1.75472053  0.60195888  1.67657194  2.99185587 -1.20875799 -0.31571273
 -2.42357614 -2.33803679  2.99458173  2.76322751 -0.54433284 -2.36481311
  1.4828077  -0.05850808 -2.3178745   2.09556438  1.2895402  -0.63853964
  0.84777193 -2.31880683 -0.02589549  2.15332904 -0.16394183  0.38886655
  2.71395775  1.04622474  2.46285644  3.16174769  2.64140814 -2.93932974
  0.26537412 -0.81572872  1.75888688  2.86399321 -0.51095142 -2.31763491
  2.78736964 -3.21076735  0.79394319 -0.63487994 -1.74135912  2.698184
 -1.80955076 -1.58813082 -2.30391411  2.18800698 -2.45128536  2.13559767
  2.0746523   1.5354075   2.38308436  2.80474835  1.6488611   1.20012667
 -1.51324546 -2.22927528  1.47130183  0.71194281  1.31361905 -3.01402355
 -0.37770307  2.51831689 -1.03585435  1.28752016  1.48329438  0.54455006
 -0.83302122  1.11514386  0.6682417  -0.38370038  2.80473721 -1.99307042
  1.53804627 -0.48681161  1.09033632 -2.84976595 -2.45832359  0.45773142
 -1.16150475 -0.49457598  0.36531615 -0.11126731 -1.65032843 -0.04116994
 -0.8597056   2.81181068 -1.06239937 -1.38013507 -0.94883438  1.07796536
  1.85224718 -0.69616524  1.97232756 -2.19417599 -0.34727713 -0.7325168
 -2.89008061  3.16480365 -1.63194483  3.13522471 -1.26602551 -2.70847989
  3.36217162 -1.23322298 -0.77649612 -2.88407588 -2.71720554  2.54564133
 -2.13655207 -2.04712773 -0.18154882  3.14998776  0.24664281  0.21384964
 -1.25020335 -0.67764016 -1.73376982 -3.03025076  2.87032663  1.23551008
 -0.48570739 -2.1883846   1.10971131 -1.10585766 -0.49042498 -2.73954098
 -2.06516902  1.86554803 -0.87381221  2.62185216 -0.45419499 -2.67151321
 -2.82019529  2.26182962 -3.14423351 -0.44536825 -1.00234831 -0.24660766
  2.34754186  1.84025276  0.01820743 -2.55288726 -2.65892182  0.24436951
 -0.76666222  1.24524133 -2.62771093  1.12505254 -0.38397805  0.4207628
  1.91903323  0.45811842  0.65074857 -1.27156723  1.79161221  2.93982483
  0.9959391   0.2218025  -1.14181224  2.4227879   0.72674087 -1.90977338
 -0.05037925  1.87092249  0.986647   -1.08002975 -2.30130895  2.22238437
  2.00398664  1.92832363  2.29723367  1.91578705 -1.66121705 -3.10389859
  0.42852297  1.3447581  -2.26275508 -1.1258355   2.31183713  1.39294653
 -0.2719568  -1.84442296 -1.6482371   1.96528101  1.30723901 -1.01188298
 -0.23075449 -0.6930915  -0.30339036  2.30246093 -0.66193838 -0.93534319
  0.77591009 -2.35268945  0.59026882  2.78422861 -0.35242994  2.04722767
 -1.8612641  -1.3533662  -2.59736818 -2.42273026 -1.50153051 -3.02896629
  2.01620162  1.78191053  1.58151654  1.12533495  1.58819419 -2.44421543
 -2.50736715  1.78907341  1.03427232 -0.29185919 -2.47720453  1.43098296
 -1.04394797 -3.04762134 -0.04720665  1.89751591 -2.70128485 -2.36816622
  1.87611898  1.02966612 -0.62617472 -0.49631351 -0.9214078   1.96405525
  0.47262259 -0.35622601  0.40183279 -2.26662933  1.2613657  -0.15330679
  2.40236189  1.23319557  2.87809269 -1.05733883  2.10171171 -0.42989455
 -3.2684118   2.20322039  0.81147131  1.92881089 -1.28919665  1.43910622
 -2.12172281  0.20898509  0.08303738 -2.79059114 -0.90191427 -2.39307481
  0.07227808 -0.56898613]
Sat May 25 20:19:26 2024,855,0.09593800623210953,[-4.65847786  2.3666426  -1.84106092 -0.12409703  0.1867256  -2.68765092
  3.0128294   2.10571248  1.45518707 -0.92536054  0.61239977  1.0917024
  1.13210073 -1.54196802  0.77712892  2.80621746 -0.79815528 -0.63691749
 -1.75472051  0.60195889  1.67657195  2.99185588 -1.208758   -0.31571272
 -2.42357615 -2.33803681  2.99458171  2.7632275  -0.54433285 -2.36481312
  1.48280772 -0.05850807 -2.31787449  2.0955644   1.28954019 -0.63853963
  0.84777195 -2.31880682 -0.02589548  2.15332905 -0.16394182  0.38886656
  2.71395773  1.04622473  2.46285646  3.16174768  2.64140813 -2.93932975
  0.26537413 -0.81572873  1.75888689  2.86399323 -0.5109514  -2.31763492
  2.78736963 -3.21076734  0.79394318 -0.63487993 -1.74135913  2.69818399
 -1.80955077 -1.58813083 -2.3039141   2.18800697 -2.45128535  2.13559766
  2.07465229  1.53540752  2.38308435  2.80474834  1.64886108  1.20012666
 -1.51324545 -2.22927526  1.47130185  0.71194283  1.31361907 -3.01402357
 -0.37770306  2.51831688 -1.03585434  1.28752017  1.48329439  0.54455007
 -0.83302123  1.11514387  0.66824171 -0.38370036  2.80473722 -1.99307043
  1.53804626 -0.48681162  1.09033631 -2.84976593 -2.4583236   0.45773141
 -1.16150474 -0.49457597  0.36531614 -0.11126732 -1.65032842 -0.04116993
 -0.85970559  2.81181067 -1.06239936 -1.38013506 -0.94883437  1.07796534
  1.8522472  -0.69616523  1.97232758 -2.19417598 -0.34727711 -0.73251681
 -2.89008059  3.16480366 -1.63194482  3.1352247  -1.2660255  -2.70847988
  3.36217163 -1.233223   -0.77649611 -2.88407587 -2.71720552  2.54564132
 -2.13655208 -2.04712772 -0.18154883  3.14998777  0.24664282  0.21384963
 -1.25020336 -0.67764014 -1.73376981 -3.03025074  2.87032665  1.23551009
 -0.4857074  -2.18838459  1.10971132 -1.10585765 -0.49042497 -2.73954096
 -2.06516903  1.86554805 -0.87381223  2.62185215 -0.45419498 -2.67151322
 -2.8201953   2.26182963 -3.14423352 -0.44536824 -1.0023483  -0.24660765
  2.34754184  1.84025275  0.01820741 -2.55288727 -2.65892181  0.2443695
 -0.76666223  1.24524134 -2.62771094  1.12505253 -0.38397804  0.42076279
  1.91903322  0.45811843  0.65074858 -1.27156724  1.7916122   2.93982482
  0.99593911  0.22180249 -1.14181225  2.42278791  0.72674089 -1.90977336
 -0.05037926  1.87092248  0.98664699 -1.08002976 -2.30130894  2.22238435
  2.00398663  1.92832364  2.29723368  1.91578706 -1.66121704 -3.10389858
  0.42852298  1.34475811 -2.26275509 -1.12583549  2.31183714  1.39294654
 -0.27195681 -1.84442294 -1.64823709  1.965281    1.307239   -1.01188297
 -0.2307545  -0.69309151 -0.30339035  2.30246094 -0.66193839 -0.9353432
  0.7759101  -2.35268944  0.59026884  2.7842286  -0.35242993  2.04722766
 -1.86126412 -1.35336619 -2.59736819 -2.42273024 -1.5015305  -3.02896628
  2.01620163  1.78191054  1.58151653  1.12533494  1.5881942  -2.44421544
 -2.50736716  1.78907342  1.03427233 -0.29185918 -2.47720454  1.43098294
 -1.04394798 -3.04762133 -0.04720666  1.89751592 -2.70128484 -2.36816624
  1.87611897  1.02966613 -0.62617473 -0.4963135  -0.92140779  1.96405523
  0.4726226  -0.35622602  0.40183277 -2.26662934  1.26136568 -0.15330678
  2.40236188  1.23319558  2.8780927  -1.05733884  2.10171172 -0.42989454
 -3.26841179  2.2032204   0.81147132  1.92881087 -1.28919664  1.43910623
 -2.12172282  0.2089851   0.08303737 -2.79059113 -0.90191428 -2.3930748
  0.07227806 -0.56898612]
Sat May 25 20:19:55 2024,856,0.0959380062314787,[-4.65847788  2.36664261 -1.8410609  -0.12409702  0.18672559 -2.6876509
  3.01282941  2.10571249  1.45518705 -0.92536055  0.61239978  1.09170239
  1.13210072 -1.54196801  0.77712891  2.80621748 -0.79815527 -0.6369175
 -1.7547205   0.60195891  1.67657194  2.99185587 -1.20875799 -0.3157127
 -2.42357614 -2.33803679  2.99458173  2.76322751 -0.54433286 -2.36481313
  1.4828077  -0.05850806 -2.3178745   2.09556438  1.28954018 -0.63853961
  0.84777196 -2.31880683 -0.02589546  2.15332904 -0.16394181  0.38886655
  2.71395772  1.04622472  2.46285644  3.16174766  2.64140814 -2.93932976
  0.26537414 -0.81572872  1.75888691  2.86399324 -0.51095139 -2.31763493
  2.78736962 -3.21076735  0.79394317 -0.63487992 -1.74135914  2.698184
 -1.80955079 -1.58813082 -2.30391408  2.18800698 -2.45128536  2.13559765
  2.0746523   1.5354075   2.38308436  2.80474833  1.6488611   1.20012667
 -1.51324546 -2.22927528  1.47130186  0.71194281  1.31361905 -3.01402355
 -0.37770307  2.51831689 -1.03585432  1.28752016  1.48329438  0.54455006
 -0.83302122  1.11514386  0.66824172 -0.38370038  2.80473723 -1.99307042
  1.53804625 -0.48681163  1.09033632 -2.84976592 -2.45832359  0.45773142
 -1.16150473 -0.49457598  0.36531613 -0.11126733 -1.65032843 -0.04116994
 -0.85970558  2.81181066 -1.06239937 -1.38013507 -0.94883438  1.07796533
  1.85224721 -0.69616524  1.97232756 -2.19417597 -0.3472771  -0.73251682
 -2.89008058  3.16480368 -1.63194483  3.13522471 -1.26602551 -2.70847987
  3.36217162 -1.23322301 -0.7764961  -2.88407585 -2.71720554  2.5456413
 -2.1365521  -2.04712771 -0.18154882  3.14998776  0.24664283  0.21384962
 -1.25020337 -0.67764013 -1.73376982 -3.03025076  2.87032663  1.23551008
 -0.48570742 -2.1883846   1.10971131 -1.10585766 -0.49042496 -2.73954098
 -2.06516902  1.86554803 -0.87381224  2.62185214 -0.45419499 -2.67151323
 -2.82019531  2.26182964 -3.14423351 -0.44536822 -1.00234829 -0.24660766
  2.34754186  1.84025274  0.0182074  -2.55288728 -2.6589218   0.24436951
 -0.76666222  1.24524135 -2.62771093  1.12505252 -0.38397805  0.42076278
  1.91903321  0.45811845  0.65074859 -1.27156726  1.79161221  2.93982483
  0.99593912  0.22180248 -1.14181224  2.42278792  0.7267409  -1.90977338
 -0.05037927  1.87092249  0.986647   -1.08002978 -2.30130893  2.22238434
  2.00398661  1.92832366  2.29723369  1.91578708 -1.66121705 -3.10389859
  0.42852299  1.34475812 -2.2627551  -1.1258355   2.31183715  1.39294653
 -0.2719568  -1.84442296 -1.64823708  1.96528099  1.30723899 -1.01188298
 -0.23075451 -0.6930915  -0.30339036  2.30246095 -0.6619384  -0.93534319
  0.77591011 -2.35268945  0.59026882  2.78422859 -0.35242994  2.04722765
 -1.8612641  -1.35336617 -2.5973682  -2.42273023 -1.50153051 -3.02896627
  2.01620162  1.78191053  1.58151654  1.12533493  1.58819422 -2.44421546
 -2.50736717  1.78907341  1.03427232 -0.29185917 -2.47720453  1.43098293
 -1.04394797 -3.04762134 -0.04720667  1.89751593 -2.70128485 -2.36816622
  1.87611896  1.02966615 -0.62617472 -0.49631351 -0.9214078   1.96405522
  0.47262259 -0.35622603  0.40183276 -2.26662935  1.26136567 -0.15330677
  2.40236189  1.23319559  2.87809269 -1.05733885  2.10171171 -0.42989453
 -3.2684118   2.20322039  0.81147134  1.92881086 -1.28919665  1.43910622
 -2.12172281  0.20898509  0.08303738 -2.79059111 -0.90191427 -2.39307481
  0.07227808 -0.56898613]
Sat May 25 20:20:21 2024,857,0.09593800623084943,[-4.65847789  2.3666426  -1.84106092 -0.12409701  0.1867256  -2.68765089
  3.0128294   2.10571248  1.45518704 -0.92536054  0.61239977  1.0917024
  1.13210073 -1.541968    0.7771289   2.80621749 -0.79815528 -0.63691749
 -1.75472049  0.60195889  1.67657195  2.99185588 -1.208758   -0.31571269
 -2.42357615 -2.33803678  2.99458171  2.7632275  -0.54433285 -2.36481314
  1.48280772 -0.05850805 -2.31787449  2.09556437  1.28954017 -0.63853963
  0.84777195 -2.31880684 -0.02589548  2.15332903 -0.16394182  0.38886654
  2.71395773  1.04622473  2.46285643  3.16174765  2.64140815 -2.93932975
  0.26537415 -0.81572873  1.75888692  2.86399323 -0.51095138 -2.31763492
  2.78736963 -3.21076734  0.79394315 -0.63487993 -1.74135916  2.69818399
 -1.8095508  -1.5881308  -2.30391407  2.18800699 -2.45128537  2.13559764
  2.07465229  1.53540749  2.38308437  2.80474834  1.64886111  1.20012668
 -1.51324548 -2.22927526  1.47130187  0.7119428   1.31361904 -3.01402357
 -0.37770308  2.5183169  -1.03585431  1.28752015  1.48329437  0.54455005
 -0.83302123  1.11514387  0.66824173 -0.38370039  2.80473724 -1.99307043
  1.53804626 -0.48681164  1.09033633 -2.84976591 -2.4583236   0.45773141
 -1.16150472 -0.49457597  0.36531612 -0.11126735 -1.65032844 -0.04116993
 -0.85970559  2.81181067 -1.06239936 -1.38013508 -0.94883439  1.07796534
  1.8522472  -0.69616523  1.97232758 -2.19417598 -0.34727709 -0.73251681
 -2.89008057  3.16480366 -1.63194484  3.13522472 -1.26602552 -2.70847986
  3.36217161 -1.233223   -0.77649609 -2.88407587 -2.71720552  2.54564129
 -2.13655211 -2.04712772 -0.18154883  3.14998777  0.24664282  0.2138496
 -1.25020336 -0.67764012 -1.73376981 -3.03025074  2.87032662  1.23551009
 -0.4857074  -2.18838459  1.10971132 -1.10585765 -0.49042497 -2.73954096
 -2.06516903  1.86554805 -0.87381223  2.62185213 -0.45419498 -2.67151324
 -2.82019533  2.26182963 -3.14423352 -0.44536821 -1.00234828 -0.24660768
  2.34754184  1.84025275  0.01820741 -2.55288727 -2.65892181  0.2443695
 -0.76666223  1.24524136 -2.62771091  1.1250525  -0.38397804  0.42076279
  1.91903322  0.45811846  0.6507486  -1.27156724  1.79161222  2.93982482
  0.99593913  0.22180249 -1.14181223  2.42278791  0.72674089 -1.90977339
 -0.05037928  1.87092248  0.98664701 -1.08002976 -2.30130892  2.22238433
  2.00398663  1.92832367  2.29723368  1.91578707 -1.66121706 -3.10389858
  0.428523    1.34475811 -2.26275511 -1.12583549  2.31183714  1.39294654
 -0.27195681 -1.84442294 -1.64823709  1.965281    1.30723898 -1.01188297
 -0.23075452 -0.69309151 -0.30339037  2.30246094 -0.66193841 -0.9353432
  0.77591012 -2.35268946  0.59026881  2.7842286  -0.35242993  2.04722766
 -1.86126412 -1.35336616 -2.59736822 -2.42273024 -1.50153052 -3.02896625
  2.01620163  1.78191052  1.58151655  1.12533492  1.5881942  -2.44421544
 -2.50736716  1.78907339  1.0342723  -0.29185916 -2.47720454  1.43098294
 -1.04394796 -3.04762133 -0.04720666  1.89751592 -2.70128484 -2.36816621
  1.87611897  1.02966613 -0.62617471 -0.4963135  -0.92140782  1.96405521
  0.4726226  -0.35622602  0.40183275 -2.26662934  1.26136568 -0.15330676
  2.40236188  1.23319558  2.8780927  -1.05733884  2.1017117  -0.42989454
 -3.26841179  2.20322038  0.81147132  1.92881087 -1.28919664  1.43910623
 -2.12172282  0.20898508  0.0830374  -2.79059113 -0.90191428 -2.3930748
  0.07227806 -0.56898612]
Sat May 25 20:20:46 2024,858,0.09593800623022135,[-4.6584779   2.36664259 -1.84106093 -0.12409702  0.18672561 -2.6876509
  3.01282939  2.10571247  1.45518705 -0.92536055  0.61239978  1.09170239
  1.13210074 -1.54196799  0.77712889  2.80621748 -0.79815529 -0.63691748
 -1.7547205   0.60195891  1.67657196  2.99185587 -1.20875799 -0.31571268
 -2.42357617 -2.33803677  2.99458173  2.76322749 -0.54433286 -2.36481315
  1.4828077  -0.05850806 -2.3178745   2.09556438  1.28954015 -0.63853961
  0.84777193 -2.31880683 -0.02589549  2.15332904 -0.16394183  0.38886655
  2.71395775  1.04622474  2.46285642  3.16174766  2.64140816 -2.93932976
  0.26537414 -0.81572874  1.75888691  2.86399324 -0.51095137 -2.31763491
  2.78736964 -3.21076733  0.79394317 -0.63487992 -1.74135917  2.698184
 -1.80955079 -1.58813082 -2.30391406  2.188007   -2.45128538  2.13559765
  2.07465228  1.5354075   2.38308438  2.80474833  1.64886112  1.20012669
 -1.51324546 -2.22927525  1.47130186  0.71194281  1.31361905 -3.01402355
 -0.37770309  2.51831692 -1.03585432  1.28752014  1.48329438  0.54455006
 -0.83302124  1.11514386  0.66824172 -0.3837004   2.80473725 -1.99307042
  1.53804625 -0.48681166  1.09033634 -2.84976592 -2.45832361  0.4577314
 -1.16150473 -0.49457596  0.36531613 -0.11126736 -1.65032846 -0.04116992
 -0.85970558  2.81181068 -1.06239935 -1.38013507 -0.9488344   1.07796533
  1.85224718 -0.69616524  1.97232759 -2.19417597 -0.34727708 -0.7325168
 -2.89008056  3.16480368 -1.63194483  3.13522471 -1.26602551 -2.70847987
  3.36217162 -1.23322301 -0.7764961  -2.88407585 -2.71720551  2.5456413
 -2.13655212 -2.04712771 -0.18154882  3.14998776  0.24664283  0.21384962
 -1.25020337 -0.67764011 -1.73376982 -3.03025076  2.87032661  1.2355101
 -0.48570742 -2.1883846   1.10971131 -1.10585766 -0.49042496 -2.73954095
 -2.06516904  1.86554803 -0.87381221  2.62185212 -0.45419497 -2.67151325
 -2.82019534  2.26182962 -3.14423351 -0.44536822 -1.00234827 -0.24660766
  2.34754186  1.84025274  0.0182074  -2.55288726 -2.6589218   0.24436949
 -0.76666222  1.24524137 -2.6277109   1.12505252 -0.38397803  0.42076278
  1.91903321  0.45811847  0.65074859 -1.27156723  1.79161223  2.9398248
  0.99593912  0.22180248 -1.14181224  2.4227879   0.72674087 -1.90977338
 -0.05037929  1.87092247  0.986647   -1.08002977 -2.30130891  2.22238434
  2.00398661  1.92832368  2.29723367  1.91578708 -1.66121707 -3.10389857
  0.42852299  1.34475812 -2.26275513 -1.1258355   2.31183715  1.39294655
 -0.27195683 -1.84442296 -1.6482371   1.96528099  1.30723899 -1.01188296
 -0.23075453 -0.69309153 -0.30339039  2.30246093 -0.6619384  -0.93534319
  0.77591013 -2.35268945  0.5902688   2.78422861 -0.35242992  2.04722765
 -1.86126413 -1.35336617 -2.5973682  -2.42273023 -1.50153051 -3.02896624
  2.01620165  1.78191051  1.58151654  1.12533493  1.58819419 -2.44421546
 -2.50736715  1.78907338  1.03427232 -0.29185914 -2.47720453  1.43098293
 -1.04394797 -3.04762134 -0.04720667  1.89751593 -2.70128485 -2.3681662
  1.87611898  1.02966615 -0.62617472 -0.49631349 -0.92140783  1.96405522
  0.47262259 -0.35622601  0.40183274 -2.26662935  1.26136567 -0.15330674
  2.40236189  1.23319559  2.87809269 -1.05733883  2.10171169 -0.42989453
 -3.26841178  2.20322037  0.81147134  1.92881089 -1.28919665  1.43910624
 -2.12172283  0.20898509  0.08303738 -2.79059114 -0.90191427 -2.39307481
  0.07227808 -0.56898613]
Sat May 25 20:21:10 2024,859,0.09593800622959456,[-4.65847791  2.36664258 -1.84106094 -0.12409703  0.18672562 -2.68765092
  3.0128294   2.10571248  1.45518704 -0.92536057  0.61239977  1.09170238
  1.13210076 -1.54196798  0.7771289   2.80621746 -0.7981553  -0.63691746
 -1.75472049  0.60195892  1.67657197  2.99185586 -1.20875798 -0.31571267
 -2.42357615 -2.33803676  2.99458171  2.76322747 -0.54433285 -2.36481317
  1.48280772 -0.05850807 -2.31787451  2.0955644   1.28954014 -0.63853963
  0.84777192 -2.31880684 -0.02589548  2.15332903 -0.16394184  0.38886654
  2.71395773  1.04622476  2.46285641  3.16174768  2.64140815 -2.93932977
  0.26537413 -0.81572875  1.75888689  2.86399325 -0.51095136 -2.3176349
  2.78736963 -3.21076734  0.79394315 -0.6348799  -1.74135916  2.69818401
 -1.80955077 -1.5881308  -2.30391405  2.18800702 -2.45128539  2.13559764
  2.07465229  1.53540752  2.38308437  2.80474834  1.64886113  1.20012668
 -1.51324548 -2.22927526  1.47130187  0.71194283  1.31361904 -3.01402357
 -0.37770308  2.51831693 -1.03585434  1.28752015  1.48329437  0.54455007
 -0.83302125  1.11514384  0.66824173 -0.38370041  2.80473724 -1.99307043
  1.53804624 -0.48681167  1.09033635 -2.84976593 -2.4583236   0.45773141
 -1.16150472 -0.49457595  0.36531612 -0.11126735 -1.65032847 -0.04116993
 -0.85970559  2.81181067 -1.06239936 -1.38013508 -0.94883441  1.07796534
  1.8522472  -0.69616526  1.97232758 -2.19417596 -0.34727707 -0.73251681
 -2.89008057  3.16480366 -1.63194484  3.1352247  -1.2660255  -2.70847988
  3.36217161 -1.233223   -0.77649609 -2.88407587 -2.71720552  2.54564129
 -2.13655213 -2.04712772 -0.18154883  3.14998777  0.24664282  0.21384963
 -1.25020338 -0.67764012 -1.73376981 -3.03025077  2.8703266   1.23551009
 -0.4857074  -2.18838461  1.10971132 -1.10585765 -0.49042495 -2.73954096
 -2.06516906  1.86554805 -0.8738122   2.6218521  -0.45419498 -2.67151324
 -2.82019535  2.2618296  -3.1442335  -0.44536824 -1.00234828 -0.24660768
  2.34754187  1.84025275  0.01820739 -2.55288727 -2.65892181  0.2443695
 -0.76666223  1.24524139 -2.62771089  1.1250525  -0.38397804  0.42076277
  1.9190332   0.45811848  0.65074858 -1.27156722  1.79161224  2.93982479
  0.99593913  0.22180246 -1.14181223  2.42278791  0.72674089 -1.90977339
 -0.05037928  1.87092248  0.98664701 -1.08002979 -2.30130892  2.22238433
  2.00398663  1.92832367  2.29723368  1.91578709 -1.66121706 -3.10389856
  0.428523    1.34475813 -2.26275514 -1.12583552  2.31183716  1.39294656
 -0.27195684 -1.84442294 -1.64823709  1.965281    1.307239   -1.01188295
 -0.23075454 -0.69309154 -0.3033904   2.30246091 -0.66193839 -0.93534318
  0.77591012 -2.35268944  0.59026879  2.78422862 -0.35242991  2.04722763
 -1.86126414 -1.35336616 -2.59736819 -2.42273024 -1.50153052 -3.02896625
  2.01620166  1.7819105   1.58151655  1.12533492  1.58819418 -2.44421547
 -2.50736714  1.78907337  1.03427233 -0.29185916 -2.47720454  1.43098294
 -1.04394798 -3.04762133 -0.04720668  1.89751592 -2.70128484 -2.36816619
  1.876119    1.02966616 -0.62617471 -0.49631348 -0.92140782  1.96405523
  0.4726226  -0.35622602  0.40183275 -2.26662936  1.26136566 -0.15330673
  2.4023619   1.23319558  2.87809268 -1.05733884  2.10171167 -0.42989454
 -3.26841179  2.20322036  0.81147132  1.9288109  -1.28919666  1.43910626
 -2.12172285  0.20898508  0.08303737 -2.79059115 -0.90191428 -2.3930748
  0.07227806 -0.56898612]
Sat May 25 20:21:47 2024,860,0.09593800622896884,[-4.65847792  2.36664257 -1.84106093 -0.12409702  0.18672563 -2.68765093
  3.01282941  2.10571247  1.45518703 -0.92536055  0.61239976  1.09170239
  1.13210077 -1.54196799  0.77712889  2.80621748 -0.79815531 -0.63691748
 -1.75472048  0.60195893  1.67657198  2.99185587 -1.20875797 -0.31571268
 -2.42357617 -2.33803675  2.99458173  2.76322746 -0.54433286 -2.36481315
  1.48280773 -0.05850806 -2.3178745   2.09556438  1.28954015 -0.63853964
  0.84777193 -2.31880683 -0.02589549  2.15332904 -0.16394186  0.38886653
  2.71395772  1.04622477  2.46285642  3.16174769  2.64140814 -2.93932976
  0.26537412 -0.81572874  1.75888691  2.86399324 -0.51095137 -2.31763491
  2.78736962 -3.21076735  0.79394317 -0.63487989 -1.74135914  2.698184
 -1.80955076 -1.58813082 -2.30391406  2.188007   -2.45128538  2.13559765
  2.07465228  1.5354075   2.38308438  2.80474833  1.64886114  1.20012669
 -1.51324549 -2.22927525  1.47130186  0.71194284  1.31361903 -3.01402358
 -0.37770307  2.51831692 -1.03585432  1.28752016  1.48329436  0.54455006
 -0.83302127  1.11514383  0.66824172 -0.38370042  2.80473725 -1.99307044
  1.53804625 -0.48681168  1.09033634 -2.84976595 -2.45832361  0.4577314
 -1.16150473 -0.49457596  0.3653161  -0.11126733 -1.65032846 -0.04116994
 -0.8597056   2.81181066 -1.06239937 -1.3801351  -0.9488344   1.07796533
  1.85224718 -0.69616527  1.97232756 -2.19417597 -0.34727706 -0.73251682
 -2.89008056  3.16480368 -1.63194485  3.13522471 -1.26602548 -2.70847989
  3.36217162 -1.23322301 -0.7764961  -2.88407585 -2.71720554  2.54564128
 -2.13655212 -2.04712771 -0.18154882  3.14998776  0.24664283  0.21384962
 -1.2502034  -0.67764013 -1.73376982 -3.03025078  2.87032661  1.23551008
 -0.48570739 -2.1883846   1.10971133 -1.10585766 -0.49042496 -2.73954095
 -2.06516907  1.86554806 -0.87381221  2.62185212 -0.45419499 -2.67151323
 -2.82019534  2.26182962 -3.14423349 -0.44536825 -1.00234829 -0.24660766
  2.34754188  1.84025276  0.0182074  -2.55288726 -2.65892182  0.24436951
 -0.76666224  1.24524137 -2.62771088  1.12505252 -0.38397805  0.42076278
  1.91903318  0.45811849  0.65074857 -1.27156721  1.79161223  2.93982478
  0.99593912  0.22180245 -1.14181221  2.4227879   0.72674087 -1.90977338
 -0.05037929  1.87092249  0.986647   -1.0800298  -2.30130893  2.22238432
  2.00398661  1.92832366  2.29723369  1.9157871  -1.66121707 -3.10389857
  0.42852299  1.34475812 -2.26275513 -1.1258355   2.31183717  1.39294657
 -0.27195683 -1.84442296 -1.6482371   1.96528101  1.30723901 -1.01188296
 -0.23075456 -0.69309155 -0.30339041  2.3024609  -0.6619384  -0.93534319
  0.77591013 -2.35268945  0.5902688   2.78422861 -0.35242992  2.04722762
 -1.86126415 -1.35336617 -2.59736818 -2.42273026 -1.50153054 -3.02896624
  2.01620167  1.78191049  1.58151656  1.12533493  1.58819417 -2.44421546
 -2.50736713  1.78907338  1.03427234 -0.29185917 -2.47720455  1.43098293
 -1.04394799 -3.04762134 -0.04720667  1.89751593 -2.70128485 -2.3681662
  1.87611901  1.02966617 -0.62617472 -0.49631346 -0.9214078   1.96405522
  0.47262259 -0.35622601  0.40183276 -2.26662935  1.26136567 -0.15330674
  2.40236191  1.23319557  2.87809266 -1.05733885  2.10171166 -0.42989455
 -3.26841178  2.20322037  0.81147134  1.92881089 -1.28919665  1.43910627
 -2.12172283  0.20898509  0.08303738 -2.79059114 -0.90191429 -2.39307481
  0.07227805 -0.56898613]
Sat May 25 20:22:15 2024,861,0.09593800622834478,[-4.65847794  2.36664258 -1.84106092 -0.12409701  0.18672562 -2.68765094
  3.0128294   2.10571248  1.45518704 -0.92536054  0.61239977  1.09170238
  1.13210076 -1.54196798  0.7771289   2.80621749 -0.7981553  -0.63691749
 -1.75472049  0.60195894  1.67657197  2.99185588 -1.20875795 -0.31571269
 -2.42357615 -2.33803676  2.99458174  2.76322747 -0.54433287 -2.36481314
  1.48280774 -0.05850807 -2.31787451  2.0955644   1.28954017 -0.63853963
  0.84777192 -2.31880684 -0.02589548  2.15332905 -0.16394187  0.38886654
  2.71395771  1.04622476  2.46285641  3.16174768  2.64140813 -2.93932975
  0.26537413 -0.81572875  1.75888689  2.86399323 -0.51095136 -2.3176349
  2.78736961 -3.21076736  0.79394315 -0.6348799  -1.74135913  2.69818401
 -1.80955077 -1.58813083 -2.30391405  2.18800699 -2.45128539  2.13559766
  2.07465229  1.53540752  2.38308439  2.80474832  1.64886115  1.2001267
 -1.5132455  -2.22927526  1.47130185  0.71194283  1.31361904 -3.01402357
 -0.37770306  2.5183169  -1.03585434  1.28752017  1.48329437  0.54455005
 -0.83302128  1.11514382  0.66824171 -0.38370044  2.80473727 -1.99307043
  1.53804624 -0.48681169  1.09033635 -2.84976596 -2.45832362  0.45773139
 -1.16150474 -0.49457597  0.36531609 -0.11126735 -1.65032847 -0.04116996
 -0.85970561  2.81181067 -1.06239938 -1.38013511 -0.94883439  1.07796532
  1.85224717 -0.69616526  1.97232758 -2.19417596 -0.34727707 -0.73251681
 -2.89008055  3.16480369 -1.63194484  3.13522472 -1.2660255  -2.70847991
  3.36217161 -1.23322302 -0.77649611 -2.88407584 -2.71720555  2.54564127
 -2.13655213 -2.04712772 -0.18154883  3.14998775  0.24664282  0.21384963
 -1.25020341 -0.67764012 -1.73376984 -3.03025079  2.8703266   1.23551009
 -0.48570738 -2.18838459  1.10971135 -1.10585765 -0.49042495 -2.73954094
 -2.06516908  1.86554807 -0.8738122   2.62185213 -0.45419501 -2.67151322
 -2.82019535  2.2618296  -3.14423348 -0.44536824 -1.00234828 -0.24660768
  2.34754189  1.84025277  0.01820739 -2.55288724 -2.65892183  0.2443695
 -0.76666223  1.24524139 -2.62771087  1.12505253 -0.38397806  0.42076279
  1.91903317  0.45811848  0.65074856 -1.27156722  1.79161222  2.93982479
  0.99593911  0.22180246 -1.1418122   2.42278789  0.72674086 -1.90977339
 -0.05037928  1.87092248  0.98664701 -1.08002979 -2.30130894  2.22238433
  2.0039866   1.92832367  2.29723368  1.91578709 -1.66121706 -3.10389858
  0.428523    1.34475811 -2.26275514 -1.12583549  2.31183716  1.39294656
 -0.27195684 -1.84442294 -1.64823711  1.96528102  1.307239   -1.01188297
 -0.23075454 -0.69309156 -0.30339042  2.30246091 -0.66193841 -0.93534318
  0.77591014 -2.35268946  0.59026881  2.78422862 -0.35242993  2.04722763
 -1.86126416 -1.35336619 -2.59736819 -2.42273024 -1.50153052 -3.02896623
  2.01620166  1.7819105   1.58151655  1.12533494  1.58819416 -2.44421544
 -2.50736711  1.78907337  1.03427233 -0.29185918 -2.47720454  1.43098292
 -1.04394798 -3.04762135 -0.04720666  1.89751592 -2.70128486 -2.36816621
  1.87611902  1.02966616 -0.62617473 -0.49631348 -0.92140782  1.96405521
  0.47262257 -0.35622599  0.40183277 -2.26662934  1.26136566 -0.15330676
  2.4023619   1.23319556  2.87809265 -1.05733884  2.10171165 -0.42989454
 -3.26841177  2.20322036  0.81147135  1.9288109  -1.28919666  1.43910626
 -2.12172282  0.2089851   0.08303737 -2.79059113 -0.9019143  -2.39307482
  0.07227806 -0.56898615]
Sat May 25 20:22:39 2024,862,0.09593800622772161,[-4.65847795  2.36664257 -1.84106093 -0.124097    0.18672561 -2.68765095
  3.01282939  2.10571247  1.45518703 -0.92536055  0.61239976  1.09170239
  1.13210074 -1.54196799  0.77712891  2.8062175  -0.79815531 -0.63691748
 -1.7547205   0.60195893  1.67657198  2.9918559  -1.20875794 -0.31571268
 -2.42357614 -2.33803677  2.99458173  2.76322749 -0.54433288 -2.36481313
  1.48280773 -0.05850808 -2.31787452  2.09556438  1.28954018 -0.63853964
  0.84777191 -2.31880683 -0.02589549  2.15332904 -0.16394186  0.38886653
  2.7139577   1.04622477  2.4628564   3.16174766  2.64140812 -2.93932974
  0.26537412 -0.81572874  1.75888688  2.86399324 -0.51095137 -2.31763489
  2.78736962 -3.21076738  0.79394314 -0.63487989 -1.74135914  2.69818402
 -1.80955076 -1.58813082 -2.30391406  2.188007   -2.45128538  2.13559765
  2.07465228  1.5354075   2.38308438  2.80474833  1.64886114  1.20012669
 -1.51324551 -2.22927528  1.47130183  0.71194284  1.31361905 -3.01402358
 -0.37770307  2.51831692 -1.03585435  1.28752016  1.48329436  0.54455003
 -0.83302127  1.11514383  0.6682417  -0.38370042  2.80473728 -1.99307042
  1.53804622 -0.48681168  1.09033637 -2.84976595 -2.45832361  0.45773137
 -1.16150475 -0.49457596  0.3653161  -0.11126733 -1.65032848 -0.04116997
 -0.8597056   2.81181066 -1.06239937 -1.38013512 -0.9488344   1.07796533
  1.85224716 -0.69616527  1.97232756 -2.19417595 -0.34727706 -0.7325168
 -2.89008056  3.1648037  -1.63194485  3.13522473 -1.26602548 -2.70847992
  3.36217162 -1.23322301 -0.7764961  -2.88407583 -2.71720556  2.54564126
 -2.13655214 -2.04712771 -0.18154884  3.14998774  0.24664281  0.21384962
 -1.2502034  -0.67764013 -1.73376982 -3.03025078  2.87032661  1.23551008
 -0.48570737 -2.18838458  1.10971136 -1.10585764 -0.49042496 -2.73954095
 -2.06516909  1.86554806 -0.87381221  2.62185214 -0.45419502 -2.67151323
 -2.82019536  2.26182962 -3.14423347 -0.44536825 -1.00234827 -0.24660769
  2.34754188  1.84025276  0.01820738 -2.55288723 -2.65892185  0.24436949
 -0.76666222  1.24524137 -2.62771088  1.12505252 -0.38397805  0.42076278
  1.91903318  0.45811849  0.65074854 -1.27156723  1.79161223  2.93982478
  0.9959391   0.22180245 -1.14181221  2.4227879   0.72674085 -1.9097734
 -0.05037927  1.87092249  0.986647   -1.08002978 -2.30130893  2.22238434
  2.00398659  1.92832366  2.29723369  1.9157871  -1.66121705 -3.10389857
  0.42852301  1.3447581  -2.26275515 -1.12583548  2.31183715  1.39294657
 -0.27195685 -1.84442296 -1.64823712  1.96528101  1.30723901 -1.01188296
 -0.23075453 -0.69309157 -0.30339041  2.30246093 -0.66193842 -0.93534319
  0.77591013 -2.35268945  0.5902688   2.78422861 -0.35242992  2.04722762
 -1.86126415 -1.3533662  -2.59736818 -2.42273026 -1.50153054 -3.02896624
  2.01620167  1.78191049  1.58151656  1.12533493  1.58819414 -2.44421546
 -2.5073671   1.78907338  1.03427232 -0.29185917 -2.47720453  1.43098293
 -1.04394797 -3.04762134 -0.04720665  1.89751593 -2.70128487 -2.36816622
  1.87611903  1.02966615 -0.62617475 -0.49631349 -0.9214078   1.9640552
  0.47262259 -0.35622601  0.40183279 -2.26662933  1.26136567 -0.15330674
  2.40236189  1.23319555  2.87809266 -1.05733883  2.10171164 -0.42989455
 -3.26841176  2.20322034  0.81147136  1.92881089 -1.28919665  1.43910624
 -2.12172281  0.20898509  0.08303738 -2.79059114 -0.90191431 -2.39307484
  0.07227808 -0.56898613]
Sat May 25 20:23:02 2024,863,0.09593800622709965,[-4.65847796  2.36664256 -1.84106094 -0.12409699  0.1867256  -2.68765094
  3.01282938  2.10571246  1.45518704 -0.92536057  0.61239977  1.0917024
  1.13210073 -1.54196798  0.7771289   2.80621749 -0.79815532 -0.63691746
 -1.75472049  0.60195894  1.676572    2.99185591 -1.20875793 -0.31571269
 -2.42357613 -2.33803678  2.99458174  2.76322747 -0.54433289 -2.36481312
  1.48280772 -0.05850807 -2.31787451  2.09556437  1.28954017 -0.63853965
  0.8477719  -2.31880684 -0.02589548  2.15332905 -0.16394187  0.38886654
  2.71395771  1.04622478  2.46285641  3.16174765  2.64140813 -2.93932975
  0.26537413 -0.81572873  1.75888687  2.86399323 -0.51095136 -2.3176349
  2.78736961 -3.21076739  0.79394315 -0.63487988 -1.74135913  2.69818401
 -1.80955075 -1.5881308  -2.30391407  2.18800699 -2.45128539  2.13559764
  2.07465226  1.53540749  2.38308439  2.80474834  1.64886113  1.2001267
 -1.5132455  -2.22927529  1.47130185  0.71194283  1.31361907 -3.01402359
 -0.37770308  2.5183169  -1.03585434  1.28752017  1.48329437  0.54455005
 -0.83302125  1.11514382  0.66824169 -0.38370044  2.80473727 -1.99307043
  1.53804621 -0.48681167  1.09033638 -2.84976593 -2.45832362  0.45773139
 -1.16150476 -0.49457595  0.36531609 -0.11126732 -1.65032849 -0.04116998
 -0.85970561  2.81181067 -1.06239936 -1.38013511 -0.94883439  1.07796532
  1.85224715 -0.69616528  1.97232755 -2.19417593 -0.34727704 -0.73251679
 -2.89008055  3.16480369 -1.63194484  3.13522474 -1.26602547 -2.70847993
  3.36217161 -1.23322302 -0.77649611 -2.88407584 -2.71720555  2.54564125
 -2.13655213 -2.04712772 -0.18154883  3.14998775  0.24664282  0.2138496
 -1.25020341 -0.67764012 -1.73376984 -3.03025077  2.8703266   1.23551009
 -0.48570738 -2.18838457  1.10971135 -1.10585765 -0.49042495 -2.73954094
 -2.06516908  1.86554805 -0.87381223  2.62185215 -0.45419503 -2.67151324
 -2.82019537  2.26182963 -3.14423345 -0.44536826 -1.00234828 -0.24660768
  2.34754189  1.84025277  0.01820737 -2.55288722 -2.65892186  0.2443695
 -0.76666223  1.24524136 -2.62771089  1.1250525  -0.38397806  0.42076279
  1.91903317  0.45811848  0.65074853 -1.27156722  1.79161222  2.93982479
  0.99593911  0.22180244 -1.14181223  2.42278789  0.72674084 -1.90977341
 -0.05037928  1.87092248  0.98664699 -1.08002976 -2.30130894  2.22238435
  2.00398658  1.92832364  2.29723371  1.91578709 -1.66121704 -3.10389856
  0.42852303  1.34475811 -2.26275516 -1.12583549  2.31183714  1.39294659
 -0.27195686 -1.84442297 -1.64823711  1.965281    1.30723902 -1.01188297
 -0.23075454 -0.69309156 -0.3033904   2.30246091 -0.66193844 -0.9353432
  0.77591012 -2.35268946  0.59026879  2.7842286  -0.35242993  2.04722761
 -1.86126416 -1.35336619 -2.59736817 -2.42273024 -1.50153052 -3.02896623
  2.01620166  1.78191047  1.58151655  1.12533492  1.58819413 -2.44421547
 -2.50736709  1.78907339  1.03427233 -0.29185918 -2.47720452  1.43098292
 -1.04394798 -3.04762133 -0.04720666  1.89751592 -2.70128488 -2.36816621
  1.87611904  1.02966616 -0.62617473 -0.49631348 -0.92140779  1.96405519
  0.4726226  -0.35622602  0.4018328  -2.26662932  1.26136568 -0.15330676
  2.4023619   1.23319556  2.87809268 -1.05733881  2.10171165 -0.42989454
 -3.26841177  2.20322036  0.81147137  1.9288109  -1.28919664  1.43910626
 -2.12172282  0.20898508  0.08303737 -2.79059115 -0.9019143  -2.39307485
  0.07227809 -0.56898615]
Sat May 25 20:23:27 2024,864,0.09593800622647934,[-4.65847797  2.36664257 -1.84106093 -0.12409698  0.18672559 -2.68765093
  3.01282937  2.10571244  1.45518705 -0.92536058  0.61239976  1.09170242
  1.13210072 -1.54196796  0.77712891  2.8062175  -0.79815534 -0.63691745
 -1.7547205   0.60195895  1.67657198  2.99185592 -1.20875794 -0.31571268
 -2.42357612 -2.33803679  2.99458175  2.76322746 -0.54433291 -2.36481311
  1.4828077  -0.05850806 -2.3178745   2.09556436  1.28954018 -0.63853964
  0.84777189 -2.31880685 -0.02589546  2.15332907 -0.16394186  0.38886653
  2.71395772  1.04622479  2.4628564   3.16174766  2.64140814 -2.93932974
  0.26537414 -0.81572872  1.75888688  2.86399321 -0.51095135 -2.31763489
  2.78736962 -3.2107674   0.79394317 -0.63487987 -1.74135912  2.69818402
 -1.80955076 -1.58813082 -2.30391408  2.18800698 -2.45128538  2.13559765
  2.07465228  1.5354075   2.38308441  2.80474835  1.64886112  1.20012669
 -1.51324551 -2.22927528  1.47130183  0.71194281  1.31361908 -3.01402358
 -0.37770307  2.51831689 -1.03585435  1.28752016  1.48329438  0.54455006
 -0.83302127  1.11514381  0.66824168 -0.38370042  2.80473725 -1.99307044
  1.53804622 -0.48681166  1.09033637 -2.84976592 -2.45832361  0.4577314
 -1.16150475 -0.49457596  0.3653161  -0.11126731 -1.65032848 -0.04116997
 -0.8597056   2.81181066 -1.06239935 -1.3801351  -0.94883438  1.07796533
  1.85224714 -0.69616529  1.97232756 -2.19417592 -0.34727703 -0.73251678
 -2.89008054  3.16480368 -1.63194483  3.13522473 -1.26602548 -2.70847994
  3.36217162 -1.23322301 -0.77649612 -2.88407583 -2.71720554  2.54564126
 -2.13655214 -2.04712771 -0.18154884  3.14998774  0.24664281  0.21384959
 -1.2502034  -0.67764013 -1.73376985 -3.03025076  2.87032659  1.23551008
 -0.48570739 -2.18838458  1.10971136 -1.10585766 -0.49042494 -2.73954093
 -2.06516907  1.86554806 -0.87381221  2.62185216 -0.45419504 -2.67151325
 -2.82019538  2.26182964 -3.14423347 -0.44536825 -1.00234829 -0.24660769
  2.3475419   1.84025279  0.01820738 -2.55288723 -2.65892185  0.24436949
 -0.76666222  1.24524137 -2.62771088  1.12505249 -0.38397805  0.4207628
  1.91903318  0.45811849  0.65074854 -1.27156723  1.79161221  2.93982478
  0.9959391   0.22180245 -1.14181221  2.42278788  0.72674083 -1.90977342
 -0.05037929  1.87092249  0.986647   -1.08002975 -2.30130893  2.22238434
  2.00398657  1.92832363  2.29723372  1.9157871  -1.66121703 -3.10389855
  0.42852304  1.3447581  -2.26275517 -1.1258355   2.31183713  1.3929466
 -0.27195687 -1.84442296 -1.64823712  1.96528101  1.30723901 -1.01188296
 -0.23075456 -0.69309155 -0.30339039  2.3024609  -0.66193845 -0.93534319
  0.77591013 -2.35268945  0.5902688   2.78422859 -0.35242994  2.0472276
 -1.86126415 -1.3533662  -2.59736816 -2.42273026 -1.50153054 -3.02896624
  2.01620165  1.78191046  1.58151654  1.12533491  1.58819414 -2.44421548
 -2.5073671   1.7890734   1.03427234 -0.29185919 -2.47720453  1.43098291
 -1.04394799 -3.04762134 -0.04720667  1.89751593 -2.70128487 -2.36816622
  1.87611903  1.02966615 -0.62617475 -0.49631349 -0.9214078   1.9640552
  0.47262261 -0.35622603  0.40183281 -2.26662931  1.26136567 -0.15330677
  2.40236191  1.23319557  2.87809269 -1.05733883  2.10171166 -0.42989453
 -3.26841178  2.20322034  0.81147138  1.92881091 -1.28919663  1.43910624
 -2.12172281  0.20898507  0.08303738 -2.79059114 -0.90191431 -2.39307484
  0.0722781  -0.56898613]
Sat May 25 20:23:58 2024,865,0.09593800622585971,[-4.65847798  2.36664258 -1.84106094 -0.12409696  0.18672557 -2.68765092
  3.01282938  2.10571243  1.45518704 -0.92536057  0.61239975  1.0917024
  1.13210071 -1.54196795  0.7771289   2.80621751 -0.79815535 -0.63691744
 -1.75472049  0.60195894  1.676572    2.99185591 -1.20875795 -0.31571267
 -2.42357611 -2.33803678  2.99458174  2.76322747 -0.54433289 -2.3648131
  1.48280769 -0.05850805 -2.31787451  2.09556437  1.28954017 -0.63853965
  0.8477719  -2.31880686 -0.02589548  2.15332908 -0.16394187  0.38886651
  2.71395771  1.0462248   2.46285639  3.16174768  2.64140815 -2.93932975
  0.26537415 -0.81572871  1.75888687  2.86399323 -0.51095133 -2.3176349
  2.78736963 -3.21076739  0.79394315 -0.63487986 -1.74135911  2.69818401
 -1.80955077 -1.5881308  -2.30391409  2.18800699 -2.45128539  2.13559764
  2.07465229  1.53540749  2.38308442  2.80474834  1.64886113  1.20012668
 -1.5132455  -2.22927526  1.47130185  0.71194283  1.31361909 -3.01402359
 -0.37770306  2.51831688 -1.03585434  1.28752015  1.48329437  0.54455007
 -0.83302128  1.11514382  0.66824169 -0.38370044  2.80473724 -1.99307045
  1.53804621 -0.48681164  1.09033635 -2.84976593 -2.4583236   0.45773141
 -1.16150474 -0.49457597  0.36531612 -0.11126732 -1.65032847 -0.04116996
 -0.85970559  2.81181067 -1.06239936 -1.38013511 -0.94883439  1.07796532
  1.85224715 -0.69616528  1.97232755 -2.19417591 -0.34727704 -0.73251676
 -2.89008055  3.16480369 -1.63194484  3.13522472 -1.26602547 -2.70847993
  3.36217161 -1.233223   -0.77649611 -2.88407584 -2.71720552  2.54564125
 -2.13655216 -2.0471277  -0.18154883  3.14998772  0.24664282  0.21384958
 -1.25020338 -0.67764012 -1.73376986 -3.03025077  2.8703266   1.23551007
 -0.48570738 -2.18838457  1.10971137 -1.10585765 -0.49042495 -2.73954094
 -2.06516906  1.86554807 -0.87381223  2.62185217 -0.45419503 -2.67151327
 -2.8201954   2.26182963 -3.14423348 -0.44536826 -1.00234828 -0.24660768
  2.34754189  1.84025277  0.01820737 -2.55288724 -2.65892183  0.2443695
 -0.76666221  1.24524139 -2.62771089  1.1250525  -0.38397806  0.42076282
  1.91903317  0.45811848  0.65074856 -1.27156722  1.79161222  2.93982479
  0.99593911  0.22180244 -1.1418122   2.42278787  0.72674082 -1.90977343
 -0.05037931  1.87092248  0.98664699 -1.08002974 -2.30130894  2.22238433
  2.00398658  1.92832362  2.29723371  1.91578711 -1.66121704 -3.10389853
  0.42852305  1.34475811 -2.26275518 -1.12583552  2.31183714  1.39294659
 -0.27195689 -1.84442294 -1.64823713  1.965281    1.307239   -1.01188295
 -0.23075454 -0.69309154 -0.3033904   2.30246089 -0.66193844 -0.93534318
  0.77591012 -2.35268946  0.59026881  2.78422857 -0.35242993  2.04722761
 -1.86126414 -1.35336621 -2.59736815 -2.42273024 -1.50153052 -3.02896623
  2.01620166  1.78191047  1.58151655  1.1253349   1.58819413 -2.44421547
 -2.50736709  1.78907342  1.03427235 -0.29185918 -2.47720452  1.4309829
 -1.043948   -3.04762133 -0.04720666  1.89751594 -2.70128488 -2.36816624
  1.87611902  1.02966614 -0.62617476 -0.49631348 -0.92140779  1.96405519
  0.4726226  -0.35622604  0.4018328  -2.26662932  1.26136568 -0.15330676
  2.40236192  1.23319556  2.87809268 -1.05733881  2.10171167 -0.42989454
 -3.26841179  2.20322033  0.81147139  1.92881092 -1.28919662  1.43910623
 -2.12172282  0.20898508  0.08303737 -2.79059115 -0.90191433 -2.39307482
  0.07227811 -0.56898615]
Sat May 25 20:24:23 2024,866,0.09593800622524179,[-4.65847799  2.36664259 -1.84106093 -0.12409695  0.18672559 -2.68765093
  3.01282937  2.10571242  1.45518705 -0.92536058  0.61239974  1.09170242
  1.1321007  -1.54196794  0.77712891  2.80621752 -0.79815536 -0.63691743
 -1.75472048  0.60195895  1.67657198  2.99185592 -1.20875797 -0.31571266
 -2.42357612 -2.33803677  2.99458175  2.76322749 -0.54433291 -2.36481311
  1.48280768 -0.05850804 -2.3178745   2.09556436  1.28954018 -0.63853964
  0.84777189 -2.31880687 -0.02589549  2.15332907 -0.16394188  0.38886653
  2.71395772  1.04622481  2.4628564   3.16174766  2.64140814 -2.93932974
  0.26537414 -0.8157287   1.75888686  2.86399324 -0.51095135 -2.31763489
  2.78736962 -3.2107674   0.79394314 -0.63487985 -1.74135912  2.698184
 -1.80955076 -1.58813079 -2.30391408  2.188007   -2.45128538  2.13559763
  2.0746523   1.5354075   2.38308443  2.80474835  1.64886114  1.20012667
 -1.51324549 -2.22927528  1.47130183  0.71194281  1.3136191  -3.01402358
 -0.37770305  2.51831687 -1.03585435  1.28752016  1.48329438  0.54455008
 -0.83302127  1.11514383  0.66824168 -0.38370042  2.80473723 -1.99307044
  1.5380462  -0.48681163  1.09033634 -2.84976592 -2.45832361  0.45773142
 -1.16150473 -0.49457596  0.36531613 -0.11126731 -1.65032848 -0.04116994
 -0.85970558  2.81181066 -1.06239937 -1.3801351  -0.94883438  1.07796531
  1.85224714 -0.69616527  1.97232756 -2.1941759  -0.34727706 -0.73251675
 -2.89008056  3.1648037  -1.63194483  3.13522473 -1.26602546 -2.70847994
  3.36217159 -1.23322301 -0.7764961  -2.88407585 -2.71720554  2.54564123
 -2.13655214 -2.04712768 -0.18154884  3.14998771  0.24664283  0.21384957
 -1.25020337 -0.67764013 -1.73376985 -3.03025078  2.87032661  1.23551005
 -0.48570737 -2.18838455  1.10971136 -1.10585764 -0.49042494 -2.73954093
 -2.06516907  1.86554806 -0.87381221  2.62185219 -0.45419504 -2.67151328
 -2.82019541  2.26182964 -3.14423349 -0.44536827 -1.00234827 -0.24660766
  2.3475419   1.84025276  0.01820738 -2.55288726 -2.65892185  0.24436949
 -0.7666622   1.2452414  -2.62771088  1.12505249 -0.38397807  0.42076283
  1.91903316  0.45811847  0.65074854 -1.27156721  1.79161223  2.9398248
  0.9959391   0.22180245 -1.14181219  2.42278785  0.72674083 -1.90977345
 -0.05037929  1.87092249  0.986647   -1.08002975 -2.30130893  2.22238432
  2.00398659  1.92832361  2.29723369  1.91578712 -1.66121703 -3.10389852
  0.42852304  1.3447581  -2.26275517 -1.12583553  2.31183715  1.3929466
 -0.27195687 -1.84442293 -1.64823712  1.96528099  1.30723899 -1.01188296
 -0.23075456 -0.69309153 -0.30339039  2.30246088 -0.66193842 -0.93534316
  0.77591013 -2.35268947  0.5902688   2.78422856 -0.35242994  2.04722762
 -1.86126415 -1.35336622 -2.59736816 -2.42273026 -1.50153051 -3.02896622
  2.01620167  1.78191049  1.58151656  1.12533488  1.58819412 -2.44421546
 -2.5073671   1.78907343  1.03427234 -0.29185919 -2.47720453  1.43098291
 -1.04394801 -3.04762134 -0.04720667  1.89751593 -2.70128487 -2.36816622
  1.87611901  1.02966615 -0.62617475 -0.49631349 -0.9214078   1.9640552
  0.47262259 -0.35622605  0.40183279 -2.26662933  1.26136567 -0.15330677
  2.40236194  1.23319557  2.87809266 -1.0573388   2.10171169 -0.42989453
 -3.26841178  2.20322032  0.81147138  1.92881093 -1.28919663  1.43910624
 -2.12172281  0.20898507  0.08303736 -2.79059116 -0.90191434 -2.39307484
  0.0722781  -0.56898616]
Sat May 25 20:24:46 2024,867,0.09593800622462416,[-4.65847801  2.36664258 -1.84106094 -0.12409696  0.1867256  -2.68765092
  3.01282935  2.10571243  1.45518704 -0.92536057  0.61239975  1.0917024
  1.13210069 -1.54196793  0.7771289   2.80621753 -0.79815537 -0.63691744
 -1.75472047  0.60195894  1.67657197  2.99185593 -1.20875798 -0.31571267
 -2.42357613 -2.33803676  2.99458174  2.7632275  -0.54433289 -2.3648131
  1.48280769 -0.05850805 -2.31787451  2.09556435  1.28954019 -0.63853963
  0.8477719  -2.31880686 -0.0258955   2.15332908 -0.16394187  0.38886654
  2.71395773  1.04622483  2.46285639  3.16174768  2.64140815 -2.93932975
  0.26537415 -0.81572871  1.75888687  2.86399323 -0.51095133 -2.31763488
  2.78736963 -3.21076739  0.79394313 -0.63487986 -1.74135911  2.69818401
 -1.80955077 -1.5881308  -2.30391407  2.18800702 -2.45128539  2.13559764
  2.07465231  1.53540752  2.38308444  2.80474834  1.64886115  1.20012668
 -1.51324548 -2.22927526  1.47130185  0.7119428   1.31361911 -3.01402359
 -0.37770304  2.51831686 -1.03585434  1.28752017  1.48329437  0.54455007
 -0.83302125  1.11514382  0.66824169 -0.38370044  2.80473722 -1.99307043
  1.53804621 -0.48681162  1.09033633 -2.84976591 -2.45832362  0.45773141
 -1.16150474 -0.49457595  0.36531614 -0.11126732 -1.65032847 -0.04116993
 -0.85970556  2.81181067 -1.06239938 -1.38013511 -0.94883437  1.0779653
  1.85224715 -0.69616528  1.97232755 -2.19417589 -0.34727707 -0.73251676
 -2.89008057  3.16480369 -1.63194482  3.13522474 -1.26602545 -2.70847993
  3.36217161 -1.233223   -0.77649611 -2.88407587 -2.71720555  2.54564122
 -2.13655213 -2.04712767 -0.18154883  3.14998772  0.24664284  0.21384958
 -1.25020338 -0.67764014 -1.73376986 -3.03025079  2.87032662  1.23551004
 -0.48570738 -2.18838457  1.10971135 -1.10585765 -0.49042492 -2.73954092
 -2.06516906  1.86554807 -0.8738122   2.62185217 -0.45419503 -2.67151329
 -2.82019542  2.26182963 -3.1442335  -0.44536828 -1.00234828 -0.24660768
  2.34754191  1.84025275  0.01820737 -2.55288727 -2.65892186  0.2443695
 -0.76666221  1.24524141 -2.62771087  1.12505248 -0.38397806  0.42076284
  1.91903315  0.45811848  0.65074856 -1.27156722  1.79161222  2.93982479
  0.99593908  0.22180246 -1.14181218  2.42278784  0.72674082 -1.90977343
 -0.05037931  1.87092248  0.98664701 -1.08002976 -2.30130892  2.22238433
  2.00398658  1.92832362  2.29723368  1.91578711 -1.66121701 -3.10389853
  0.42852303  1.34475809 -2.26275516 -1.12583552  2.31183714  1.39294659
 -0.27195686 -1.84442292 -1.64823711  1.965281    1.307239   -1.01188297
 -0.23075454 -0.69309154 -0.3033904   2.30246087 -0.66193841 -0.93534318
  0.77591012 -2.35268946  0.59026881  2.78422855 -0.35242995  2.04722761
 -1.86126416 -1.35336621 -2.59736815 -2.42273027 -1.5015305  -3.02896623
  2.01620168  1.7819105   1.58151657  1.12533487  1.58819411 -2.44421547
 -2.50736711  1.78907342  1.03427233 -0.29185918 -2.47720454  1.43098292
 -1.043948   -3.04762133 -0.04720668  1.89751592 -2.70128486 -2.36816624
  1.87611902  1.02966616 -0.62617476 -0.49631348 -0.92140782  1.96405519
  0.4726226  -0.35622604  0.40183277 -2.26662932  1.26136566 -0.15330678
  2.40236195  1.23319556  2.87809268 -1.05733881  2.1017117  -0.42989454
 -3.26841179  2.20322033  0.81147139  1.92881092 -1.28919664  1.43910626
 -2.12172282  0.20898506  0.08303737 -2.79059115 -0.90191435 -2.39307485
  0.07227811 -0.56898617]
Sat May 25 20:25:09 2024,868,0.09593800622400886,[-4.65847802  2.36664259 -1.84106095 -0.12409695  0.18672559 -2.6876509
  3.01282934  2.10571242  1.45518705 -0.92536055  0.61239976  1.09170239
  1.1321007  -1.54196794  0.77712891  2.80621755 -0.79815538 -0.63691745
 -1.75472048  0.60195895  1.67657198  2.99185594 -1.20875797 -0.31571268
 -2.42357614 -2.33803675  2.99458173  2.76322749 -0.54433288 -2.36481311
  1.4828077  -0.05850806 -2.3178745   2.09556436  1.2895402  -0.63853961
  0.84777191 -2.31880685 -0.02589551  2.15332909 -0.16394188  0.38886653
  2.71395772  1.04622481  2.46285637  3.16174769  2.64140814 -2.93932974
  0.26537416 -0.8157287   1.75888686  2.86399321 -0.51095135 -2.31763489
  2.78736962 -3.2107674   0.79394312 -0.63487987 -1.7413591   2.69818402
 -1.80955079 -1.58813079 -2.30391406  2.18800703 -2.45128538  2.13559765
  2.0746523   1.5354075   2.38308443  2.80474835  1.64886114  1.20012667
 -1.51324546 -2.22927525  1.47130186  0.71194281  1.3136191  -3.0140236
 -0.37770302  2.51831687 -1.03585432  1.28752019  1.48329438  0.54455008
 -0.83302124  1.11514381  0.6682417  -0.38370045  2.80473721 -1.99307044
  1.53804622 -0.48681163  1.09033634 -2.84976592 -2.45832364  0.4577314
 -1.16150473 -0.49457596  0.36531615 -0.11126733 -1.65032848 -0.04116994
 -0.85970558  2.81181066 -1.0623994  -1.38013512 -0.94883435  1.07796531
  1.85224714 -0.69616529  1.97232754 -2.19417588 -0.34727706 -0.73251678
 -2.89008058  3.16480368 -1.6319448   3.13522476 -1.26602546 -2.70847994
  3.36217162 -1.23322298 -0.7764961  -2.88407585 -2.71720554  2.54564123
 -2.13655212 -2.04712768 -0.18154884  3.14998771  0.24664285  0.21384959
 -1.2502034  -0.67764016 -1.73376985 -3.03025078  2.87032661  1.23551003
 -0.48570739 -2.18838458  1.10971136 -1.10585764 -0.49042491 -2.73954093
 -2.06516904  1.86554806 -0.87381221  2.62185216 -0.45419504 -2.67151328
 -2.82019541  2.26182962 -3.14423349 -0.44536827 -1.00234829 -0.24660769
  2.34754193  1.84025274  0.01820735 -2.55288728 -2.65892185  0.24436951
 -0.7666622   1.2452414  -2.62771086  1.12505249 -0.38397805  0.42076285
  1.91903314  0.45811847  0.65074857 -1.27156723  1.79161221  2.9398248
  0.99593907  0.22180245 -1.14181219  2.42278785  0.7267408  -1.90977342
 -0.05037932  1.87092247  0.986647   -1.08002975 -2.30130891  2.22238434
  2.00398657  1.92832363  2.29723367  1.9157871  -1.661217   -3.10389855
  0.42852304  1.3447581  -2.26275517 -1.1258355   2.31183715  1.3929466
 -0.27195685 -1.84442291 -1.6482371   1.96528101  1.30723899 -1.01188296
 -0.23075456 -0.69309155 -0.30339039  2.30246088 -0.66193842 -0.93534316
  0.77591011 -2.35268945  0.59026882  2.78422854 -0.35242997  2.04722762
 -1.86126415 -1.3533662  -2.59736816 -2.42273026 -1.50153051 -3.02896622
  2.01620167  1.78191051  1.58151658  1.12533486  1.5881941  -2.44421546
 -2.50736712  1.78907343  1.03427232 -0.29185917 -2.47720455  1.43098291
 -1.04394801 -3.04762131 -0.04720669  1.89751593 -2.70128485 -2.36816622
  1.87611903  1.02966615 -0.62617477 -0.49631346 -0.9214078   1.96405518
  0.47262259 -0.35622605  0.40183279 -2.26662931  1.26136567 -0.15330679
  2.40236194  1.23319555  2.87809269 -1.0573388   2.10171171 -0.42989453
 -3.2684118   2.20322032  0.81147138  1.92881093 -1.28919663  1.43910624
 -2.12172281  0.20898507  0.08303738 -2.79059116 -0.90191434 -2.39307484
  0.07227812 -0.56898616]
Sat May 25 20:25:32 2024,869,0.09593800622339414,[-4.65847803  2.3666426  -1.84106096 -0.12409696  0.18672557 -2.68765089
  3.01282935  2.10571241  1.45518704 -0.92536054  0.61239977  1.0917024
  1.13210071 -1.54196795  0.7771289   2.80621753 -0.79815537 -0.63691744
 -1.75472049  0.60195897  1.67657197  2.99185595 -1.20875798 -0.31571269
 -2.42357615 -2.33803676  2.99458174  2.7632275  -0.54433287 -2.3648131
  1.48280769 -0.05850805 -2.31787451  2.09556435  1.28954021 -0.63853963
  0.8477719  -2.31880684 -0.02589552  2.1533291  -0.16394187  0.38886651
  2.71395771  1.04622483  2.46285639  3.16174768  2.64140813 -2.93932975
  0.26537415 -0.81572868  1.75888687  2.8639932  -0.51095133 -2.3176349
  2.78736963 -3.21076739  0.79394313 -0.63487988 -1.74135909  2.69818401
 -1.80955077 -1.5881308  -2.30391407  2.18800702 -2.45128537  2.13559766
  2.07465229  1.53540752  2.38308442  2.80474836  1.64886113  1.20012668
 -1.51324545 -2.22927526  1.47130185  0.7119428   1.31361909 -3.01402359
 -0.37770304  2.51831686 -1.03585431  1.28752017  1.48329437  0.54455007
 -0.83302125  1.1151438   0.66824171 -0.38370044  2.80473722 -1.99307043
  1.53804623 -0.48681164  1.09033635 -2.84976591 -2.45832362  0.45773139
 -1.16150474 -0.49457597  0.36531614 -0.11126735 -1.65032847 -0.04116993
 -0.85970559  2.81181065 -1.06239938 -1.38013511 -0.94883434  1.0779653
  1.85224712 -0.6961653   1.97232753 -2.19417586 -0.34727707 -0.73251679
 -2.89008059  3.16480369 -1.63194479  3.13522474 -1.26602545 -2.70847993
  3.36217161 -1.23322297 -0.77649609 -2.88407587 -2.71720555  2.54564125
 -2.13655213 -2.0471277  -0.18154885  3.14998772  0.24664284  0.2138496
 -1.25020338 -0.67764017 -1.73376984 -3.03025077  2.87032662  1.23551004
 -0.4857074  -2.18838459  1.10971135 -1.10585763 -0.49042492 -2.73954094
 -2.06516903  1.86554807 -0.8738122   2.62185217 -0.45419505 -2.67151329
 -2.8201954   2.26182963 -3.14423348 -0.44536828 -1.0023483  -0.2466077
  2.34754191  1.84025273  0.01820734 -2.55288729 -2.65892183  0.2443695
 -0.76666219  1.24524141 -2.62771084  1.12505248 -0.38397806  0.42076286
  1.91903315  0.45811846  0.65074856 -1.27156724  1.79161222  2.93982481
  0.99593908  0.22180244 -1.14181218  2.42278784  0.72674079 -1.90977341
 -0.05037933  1.87092246  0.98664701 -1.08002976 -2.30130892  2.22238435
  2.00398656  1.92832364  2.29723366  1.91578711 -1.66121701 -3.10389856
  0.42852305  1.34475809 -2.26275516 -1.12583552  2.31183714  1.39294659
 -0.27195684 -1.8444229  -1.64823709  1.96528102  1.307239   -1.01188297
 -0.23075454 -0.69309156 -0.3033904   2.30246087 -0.66193841 -0.93534318
  0.7759101  -2.35268946  0.59026881  2.78422853 -0.35242995  2.04722761
 -1.86126414 -1.35336621 -2.59736815 -2.42273024 -1.50153052 -3.02896621
  2.01620168  1.78191052  1.5815166   1.12533487  1.58819409 -2.44421547
 -2.50736714  1.78907342  1.0342723  -0.29185918 -2.47720456  1.43098292
 -1.04394803 -3.0476213  -0.04720668  1.89751594 -2.70128486 -2.36816624
  1.87611902  1.02966614 -0.62617476 -0.49631348 -0.92140782  1.96405516
  0.4726226  -0.35622606  0.40183277 -2.26662932  1.26136566 -0.1533068
  2.40236195  1.23319554  2.87809268 -1.05733879  2.1017117  -0.42989454
 -3.26841182  2.20322031  0.81147137  1.92881094 -1.28919662  1.43910623
 -2.1217228   0.20898508  0.0830374  -2.79059115 -0.90191435 -2.39307485
  0.07227811 -0.56898615]
Sat May 25 20:25:54 2024,870,0.09593800622278095,[-4.65847804  2.36664259 -1.84106097 -0.12409695  0.18672556 -2.6876509
  3.01282934  2.1057124   1.45518705 -0.92536053  0.61239976  1.09170242
  1.13210072 -1.54196794  0.77712891  2.80621752 -0.79815536 -0.63691745
 -1.75472048  0.60195895  1.67657198  2.99185596 -1.20875799 -0.31571268
 -2.42357617 -2.33803675  2.99458173  2.76322751 -0.54433286 -2.36481308
  1.4828077  -0.05850806 -2.31787452  2.09556434  1.28954022 -0.63853961
  0.84777189 -2.31880685 -0.02589553  2.15332909 -0.16394188  0.3888665
  2.7139577   1.04622484  2.46285637  3.16174766  2.64140814 -2.93932976
  0.26537414 -0.81572867  1.75888688  2.86399319 -0.51095135 -2.31763491
  2.78736962 -3.2107674   0.79394314 -0.63487987 -1.7413591   2.698184
 -1.80955076 -1.58813079 -2.30391408  2.18800703 -2.45128536  2.13559765
  2.0746523   1.53540753  2.38308441  2.80474838  1.64886114  1.20012667
 -1.51324546 -2.22927525  1.47130183  0.71194281  1.31361908 -3.01402358
 -0.37770302  2.51831685 -1.03585432  1.28752019  1.48329438  0.54455008
 -0.83302124  1.11514379  0.66824172 -0.38370042  2.80473721 -1.99307042
  1.53804625 -0.48681166  1.09033637 -2.8497659  -2.45832364  0.4577314
 -1.16150475 -0.49457598  0.36531613 -0.11126736 -1.65032848 -0.04116994
 -0.85970558  2.81181066 -1.0623994  -1.3801351  -0.94883433  1.07796531
  1.85224711 -0.69616529  1.97232752 -2.19417585 -0.34727708 -0.73251678
 -2.89008061  3.16480368 -1.63194478  3.13522476 -1.26602546 -2.70847994
  3.36217159 -1.23322296 -0.7764961  -2.88407588 -2.71720556  2.54564123
 -2.13655214 -2.04712771 -0.18154884  3.14998774  0.24664285  0.21384962
 -1.2502034  -0.67764016 -1.73376985 -3.03025078  2.87032661  1.23551005
 -0.48570742 -2.1883846   1.10971133 -1.10585764 -0.49042491 -2.73954093
 -2.06516904  1.86554808 -0.87381219  2.62185219 -0.45419504 -2.6715133
 -2.82019538  2.26182964 -3.14423349 -0.44536827 -1.00234831 -0.24660769
  2.3475419   1.84025274  0.01820735 -2.55288728 -2.65892185  0.24436951
 -0.76666217  1.2452414  -2.62771086  1.12505249 -0.38397805  0.42076287
  1.91903316  0.45811847  0.65074854 -1.27156725  1.79161221  2.9398248
  0.9959391   0.22180243 -1.14181219  2.42278785  0.7267408  -1.9097734
 -0.05037934  1.87092247  0.986647   -1.08002975 -2.30130891  2.22238434
  2.00398657  1.92832365  2.29723367  1.9157871  -1.661217   -3.10389857
  0.42852304  1.34475807 -2.26275517 -1.1258355   2.31183713  1.3929466
 -0.27195685 -1.84442289 -1.6482371   1.96528101  1.30723901 -1.01188296
 -0.23075456 -0.69309155 -0.30339039  2.30246088 -0.66193842 -0.93534319
  0.77591011 -2.35268945  0.5902688   2.78422854 -0.35242997  2.04722762
 -1.86126415 -1.35336622 -2.59736813 -2.42273023 -1.50153051 -3.02896622
  2.01620167  1.78191053  1.58151661  1.12533488  1.58819408 -2.44421548
 -2.50736715  1.7890734   1.03427232 -0.29185917 -2.47720458  1.43098291
 -1.04394801 -3.04762129 -0.04720667  1.89751595 -2.70128487 -2.36816622
  1.87611901  1.02966612 -0.62617477 -0.49631346 -0.92140783  1.96405518
  0.47262259 -0.35622605  0.40183279 -2.26662931  1.26136565 -0.15330681
  2.40236196  1.23319552  2.87809269 -1.0573388   2.10171171 -0.42989455
 -3.26841183  2.20322032  0.81147136  1.92881096 -1.2891966   1.43910622
 -2.12172279  0.20898507  0.08303738 -2.79059114 -0.90191434 -2.39307484
  0.07227812 -0.56898616]
Sat May 25 20:26:37 2024,871,0.09593800622216893,[-4.65847805  2.36664258 -1.84106099 -0.12409694  0.18672557 -2.68765089
  3.01282933  2.10571239  1.45518704 -0.92536054  0.61239977  1.09170243
  1.13210073 -1.54196793  0.7771289   2.80621751 -0.79815537 -0.63691744
 -1.75472049  0.60195894  1.67657197  2.99185598 -1.20875798 -0.31571269
 -2.42357618 -2.33803676  2.99458171  2.7632275  -0.54433285 -2.3648131
  1.48280772 -0.05850805 -2.31787453  2.09556435  1.28954021 -0.63853963
  0.8477719  -2.31880684 -0.02589552  2.15332908 -0.16394189  0.38886649
  2.71395769  1.04622483  2.46285639  3.16174765  2.64140815 -2.93932975
  0.26537415 -0.81572868  1.75888687  2.8639932  -0.51095133 -2.3176349
  2.78736961 -3.21076739  0.79394313 -0.63487988 -1.74135909  2.69818399
 -1.80955077 -1.58813078 -2.30391407  2.18800702 -2.45128537  2.13559764
  2.07465231  1.53540752  2.38308442  2.80474839  1.64886113  1.20012668
 -1.51324548 -2.22927526  1.47130182  0.7119428   1.31361909 -3.01402357
 -0.37770301  2.51831686 -1.03585431  1.2875202   1.48329439  0.54455009
 -0.83302123  1.1151438   0.66824173 -0.38370041  2.80473722 -1.99307043
  1.53804626 -0.48681164  1.09033635 -2.84976591 -2.45832365  0.45773141
 -1.16150476 -0.49457599  0.36531614 -0.11126735 -1.65032849 -0.04116996
 -0.85970557  2.81181067 -1.06239938 -1.38013511 -0.94883432  1.0779653
  1.8522471  -0.6961653   1.97232753 -2.19417584 -0.34727707 -0.73251679
 -2.89008062  3.16480369 -1.63194479  3.13522477 -1.26602547 -2.70847993
  3.36217158 -1.23322297 -0.77649609 -2.88407589 -2.71720557  2.54564122
 -2.13655216 -2.0471277  -0.18154885  3.14998772  0.24664286  0.21384963
 -1.25020338 -0.67764017 -1.73376984 -3.03025079  2.87032662  1.23551004
 -0.4857074  -2.18838459  1.10971132 -1.10585763 -0.4904249  -2.73954094
 -2.06516903  1.86554809 -0.87381218  2.62185217 -0.45419503 -2.67151331
 -2.8201954   2.26182965 -3.14423348 -0.44536826 -1.00234832 -0.24660768
  2.34754191  1.84025275  0.01820737 -2.55288727 -2.65892186  0.24436953
 -0.76666219  1.24524141 -2.62771087  1.12505248 -0.38397806  0.42076289
  1.91903315  0.45811846  0.65074856 -1.27156727  1.7916122   2.93982479
  0.99593911  0.22180244 -1.14181218  2.42278787  0.72674082 -1.90977341
 -0.05037933  1.87092246  0.98664699 -1.08002976 -2.30130892  2.22238433
  2.00398658  1.92832364  2.29723366  1.91578711 -1.66121701 -3.10389858
  0.42852305  1.34475806 -2.26275518 -1.12583549  2.31183711  1.39294661
 -0.27195686 -1.84442287 -1.64823709  1.96528102  1.307239   -1.01188297
 -0.23075454 -0.69309154 -0.3033904   2.30246087 -0.66193844 -0.9353432
  0.7759101  -2.35268946  0.59026879  2.78422853 -0.35242995  2.04722763
 -1.86126414 -1.35336623 -2.59736812 -2.42273024 -1.50153052 -3.02896623
  2.01620168  1.78191052  1.58151662  1.12533487  1.58819409 -2.44421549
 -2.50736714  1.78907342  1.0342723  -0.29185918 -2.47720456  1.4309829
 -1.043948   -3.0476213  -0.04720668  1.89751596 -2.70128486 -2.36816621
  1.87611902  1.02966614 -0.62617478 -0.49631348 -0.92140782  1.96405516
  0.4726226  -0.35622606  0.40183277 -2.26662929  1.26136564 -0.15330682
  2.40236195  1.23319554  2.8780927  -1.05733881  2.1017117  -0.42989454
 -3.26841184  2.20322033  0.81147137  1.92881094 -1.28919659  1.43910623
 -2.12172278  0.20898508  0.08303737 -2.79059113 -0.90191435 -2.39307485
  0.07227813 -0.56898615]
Sat May 25 20:27:00 2024,872,0.09593800622155764,[-4.65847806  2.36664257 -1.84106097 -0.12409695  0.18672559 -2.68765088
  3.01282934  2.1057124   1.45518703 -0.92536055  0.61239978  1.09170242
  1.13210072 -1.54196794  0.77712889  2.8062175  -0.79815536 -0.63691745
 -1.7547205   0.60195893  1.67657196  2.99185599 -1.20875799 -0.31571268
 -2.42357619 -2.33803677  2.99458173  2.76322751 -0.54433286 -2.36481311
  1.4828077  -0.05850804 -2.31787455  2.09556436  1.2895402  -0.63853964
  0.84777189 -2.31880685 -0.02589551  2.15332909 -0.1639419   0.3888665
  2.71395768  1.04622484  2.4628564   3.16174764  2.64140816 -2.93932974
  0.26537416 -0.8157287   1.75888688  2.86399319 -0.51095135 -2.31763491
  2.78736962 -3.21076738  0.79394314 -0.63487987 -1.74135908  2.698184
 -1.80955076 -1.58813077 -2.30391408  2.18800703 -2.45128536  2.13559765
  2.0746523   1.53540753  2.38308441  2.80474838  1.64886114  1.20012667
 -1.51324546 -2.22927525  1.47130181  0.71194279  1.31361908 -3.01402358
 -0.37770302  2.51831685 -1.03585432  1.28752019  1.48329438  0.5445501
 -0.83302124  1.11514381  0.66824172 -0.38370042  2.80473723 -1.99307044
  1.53804627 -0.48681163  1.09033634 -2.84976592 -2.45832364  0.45773142
 -1.16150475 -0.494576    0.36531615 -0.11126736 -1.6503285  -0.04116994
 -0.85970558  2.81181068 -1.06239937 -1.38013512 -0.94883431  1.07796531
  1.85224711 -0.69616529  1.97232752 -2.19417583 -0.34727706 -0.7325168
 -2.89008063  3.1648037  -1.63194478  3.13522476 -1.26602546 -2.70847994
  3.36217159 -1.23322296 -0.77649608 -2.88407588 -2.71720556  2.54564123
 -2.13655217 -2.04712768 -0.18154884  3.14998774  0.24664285  0.21384962
 -1.2502034  -0.67764016 -1.73376985 -3.03025078  2.87032663  1.23551005
 -0.48570739 -2.18838458  1.10971131 -1.10585762 -0.49042489 -2.73954095
 -2.06516902  1.86554808 -0.87381219  2.62185216 -0.45419504 -2.6715133
 -2.82019541  2.26182966 -3.14423347 -0.44536825 -1.00234831 -0.24660766
  2.34754193  1.84025274  0.01820738 -2.55288726 -2.65892187  0.24436951
 -0.7666622   1.2452414  -2.62771086  1.12505247 -0.38397805  0.42076287
  1.91903316  0.45811847  0.65074854 -1.27156725  1.79161219  2.9398248
  0.99593912  0.22180245 -1.14181219  2.42278785  0.7267408  -1.9097734
 -0.05037932  1.87092244  0.986647   -1.08002975 -2.30130893  2.22238432
  2.00398657  1.92832363  2.29723367  1.91578712 -1.66121702 -3.10389859
  0.42852304  1.34475807 -2.26275517 -1.12583548  2.31183713  1.3929466
 -0.27195687 -1.84442289 -1.64823708  1.96528101  1.30723901 -1.01188298
 -0.23075456 -0.69309155 -0.30339039  2.30246088 -0.66193842 -0.93534319
  0.77591009 -2.35268947  0.5902688   2.78422852 -0.35242997  2.04722765
 -1.86126413 -1.35336622 -2.59736811 -2.42273026 -1.50153051 -3.02896622
  2.01620167  1.78191053  1.58151661  1.12533486  1.58819408 -2.4442155
 -2.50736715  1.78907343  1.03427232 -0.29185917 -2.47720458  1.43098289
 -1.04394799 -3.04762131 -0.04720669  1.89751598 -2.70128485 -2.3681662
  1.87611903  1.02966615 -0.62617477 -0.49631349 -0.92140783  1.96405518
  0.47262261 -0.35622605  0.40183279 -2.26662928  1.26136565 -0.15330684
  2.40236194  1.23319552  2.87809269 -1.05733883  2.10171169 -0.42989455
 -3.26841183  2.20322032  0.81147136  1.92881093 -1.2891966   1.43910624
 -2.12172279  0.20898509  0.08303736 -2.79059114 -0.90191436 -2.39307484
  0.07227815 -0.56898613]
Sat May 25 20:27:23 2024,873,0.09593800622094753,[-4.65847808  2.36664256 -1.84106096 -0.12409696  0.1867256  -2.68765087
  3.01282933  2.10571241  1.45518704 -0.92536057  0.61239977  1.0917024
  1.13210073 -1.54196795  0.77712887  2.80621751 -0.79815535 -0.63691744
 -1.75472049  0.60195894  1.67657197  2.991856   -1.208758   -0.31571269
 -2.4235762  -2.33803676  2.99458171  2.76322752 -0.54433287 -2.36481312
  1.48280769 -0.05850803 -2.31787453  2.09556437  1.28954021 -0.63853963
  0.8477719  -2.31880686 -0.0258955   2.15332908 -0.16394191  0.38886651
  2.71395766  1.04622485  2.46285641  3.16174765  2.64140817 -2.93932972
  0.26537418 -0.81572871  1.75888687  2.8639932  -0.51095133 -2.31763492
  2.78736963 -3.21076736  0.79394315 -0.63487988 -1.74135909  2.69818401
 -1.80955077 -1.58813076 -2.30391407  2.18800702 -2.45128537  2.13559766
  2.07465231  1.53540752  2.38308442  2.80474836  1.64886115  1.20012668
 -1.51324545 -2.22927526  1.47130182  0.7119428   1.31361909 -3.01402359
 -0.37770304  2.51831686 -1.03585434  1.2875202   1.48329437  0.54455009
 -0.83302125  1.1151438   0.66824173 -0.38370041  2.80473724 -1.99307045
  1.53804628 -0.48681162  1.09033635 -2.84976591 -2.45832365  0.45773143
 -1.16150476 -0.49457599  0.36531616 -0.11126735 -1.65032849 -0.04116993
 -0.85970559  2.81181069 -1.06239938 -1.38013511 -0.94883432  1.0779653
  1.85224712 -0.6961653   1.97232753 -2.19417584 -0.34727704 -0.73251681
 -2.89008062  3.16480371 -1.63194479  3.13522474 -1.26602545 -2.70847993
  3.36217161 -1.23322295 -0.77649607 -2.88407587 -2.71720555  2.54564125
 -2.13655216 -2.0471277  -0.18154885  3.14998775  0.24664284  0.2138496
 -1.25020338 -0.67764017 -1.73376984 -3.03025079  2.87032665  1.23551007
 -0.4857074  -2.18838457  1.1097113  -1.10585763 -0.49042488 -2.73954094
 -2.06516901  1.86554807 -0.87381218  2.62185217 -0.45419505 -2.67151331
 -2.82019542  2.26182967 -3.14423345 -0.44536824 -1.0023483  -0.24660765
  2.34754194  1.84025273  0.01820739 -2.55288727 -2.65892186  0.24436953
 -0.76666221  1.24524139 -2.62771084  1.12505248 -0.38397806  0.42076286
  1.91903315  0.45811848  0.65074853 -1.27156727  1.7916122   2.93982479
  0.99593913  0.22180246 -1.1418122   2.42278784  0.72674082 -1.90977341
 -0.05037933  1.87092243  0.98664701 -1.08002976 -2.30130892  2.22238433
  2.00398658  1.92832362  2.29723366  1.91578714 -1.66121704 -3.10389858
  0.42852305  1.34475806 -2.26275518 -1.12583547  2.31183714  1.39294659
 -0.27195688 -1.8444229  -1.64823709  1.96528102  1.30723902 -1.01188297
 -0.23075457 -0.69309156 -0.30339037  2.30246089 -0.66193844 -0.93534318
  0.7759101  -2.35268948  0.59026879  2.78422851 -0.35242995  2.04722763
 -1.86126412 -1.35336623 -2.5973681  -2.42273024 -1.5015305  -3.02896623
  2.01620166  1.78191054  1.58151662  1.12533485  1.58819409 -2.44421551
 -2.50736714  1.78907344  1.03427233 -0.29185918 -2.47720459  1.43098287
 -1.043948   -3.0476213  -0.04720671  1.89751599 -2.70128486 -2.36816621
  1.87611902  1.02966614 -0.62617476 -0.4963135  -0.92140782  1.96405516
  0.47262262 -0.35622604  0.40183277 -2.26662927  1.26136566 -0.15330682
  2.40236192  1.23319554  2.8780927  -1.05733881  2.10171168 -0.42989457
 -3.26841182  2.20322031  0.81147137  1.92881094 -1.28919662  1.43910623
 -2.1217228   0.2089851   0.08303737 -2.79059113 -0.90191435 -2.39307482
  0.07227813 -0.56898615]
Sat May 25 20:28:26 2024,874,0.0959380062203386,[-4.65847809  2.36664257 -1.84106095 -0.12409697  0.18672561 -2.68765086
  3.01282932  2.1057124   1.45518705 -0.92536058  0.61239978  1.09170239
  1.13210074 -1.54196794  0.77712889  2.80621752 -0.79815534 -0.63691745
 -1.75472048  0.60195895  1.67657198  2.99185601 -1.20875801 -0.31571268
 -2.42357621 -2.33803675  2.9945817   2.76322751 -0.54433288 -2.36481313
  1.4828077  -0.05850804 -2.31787455  2.09556438  1.28954022 -0.63853964
  0.84777189 -2.31880687 -0.02589551  2.15332907 -0.1639419   0.3888665
  2.71395765  1.04622486  2.4628564   3.16174766  2.64140816 -2.93932971
  0.26537419 -0.81572872  1.75888686  2.86399321 -0.51095132 -2.31763491
  2.78736964 -3.21076738  0.79394314 -0.63487987 -1.7413591   2.69818402
 -1.80955076 -1.58813077 -2.30391406  2.18800703 -2.45128538  2.13559767
  2.0746523   1.5354075   2.38308441  2.80474838  1.64886114  1.20012669
 -1.51324544 -2.22927525  1.47130181  0.71194281  1.3136191  -3.0140236
 -0.37770305  2.51831687 -1.03585432  1.28752019  1.48329438  0.54455008
 -0.83302124  1.11514379  0.66824175 -0.3837004   2.80473723 -1.99307044
  1.53804629 -0.48681161  1.09033634 -2.84976592 -2.45832366  0.45773142
 -1.16150477 -0.49457598  0.36531615 -0.11126736 -1.6503285  -0.04116992
 -0.8597056   2.81181071 -1.0623994  -1.3801351  -0.94883431  1.07796529
  1.85224711 -0.69616529  1.97232752 -2.19417585 -0.34727703 -0.7325168
 -2.89008061  3.1648037  -1.6319448   3.13522473 -1.26602546 -2.70847992
  3.36217159 -1.23322294 -0.77649605 -2.88407585 -2.71720554  2.54564123
 -2.13655214 -2.04712771 -0.18154884  3.14998776  0.24664285  0.21384959
 -1.25020337 -0.67764016 -1.73376985 -3.03025078  2.87032663  1.23551005
 -0.48570742 -2.18838458  1.10971129 -1.10585762 -0.49042487 -2.73954095
 -2.06516902  1.86554808 -0.87381217  2.62185216 -0.45419506 -2.6715133
 -2.82019541  2.26182968 -3.14423347 -0.44536822 -1.00234831 -0.24660766
  2.34754195  1.84025274  0.0182074  -2.55288728 -2.65892185  0.24436954
 -0.7666622   1.2452414  -2.62771086  1.12505247 -0.38397807  0.42076287
  1.91903314  0.45811847  0.65074852 -1.27156728  1.79161221  2.93982478
  0.99593914  0.22180247 -1.14181221  2.42278783  0.72674083 -1.9097734
 -0.05037934  1.87092244  0.986647   -1.08002975 -2.30130893  2.22238432
  2.00398657  1.92832361  2.29723367  1.91578712 -1.66121705 -3.10389857
  0.42852304  1.34475805 -2.2627552  -1.12583548  2.31183715  1.3929466
 -0.2719569  -1.84442291 -1.64823708  1.96528103  1.30723901 -1.01188298
 -0.23075456 -0.69309155 -0.30339036  2.3024609  -0.66193842 -0.93534316
  0.77591009 -2.35268947  0.5902688   2.78422852 -0.35242994  2.04722762
 -1.86126411 -1.35336622 -2.59736809 -2.42273023 -1.50153051 -3.02896624
  2.01620165  1.78191053  1.58151663  1.12533484  1.5881941  -2.44421552
 -2.50736712  1.78907343  1.03427234 -0.29185917 -2.47720458  1.43098286
 -1.04394799 -3.04762131 -0.04720669  1.897516   -2.70128485 -2.3681662
  1.87611903  1.02966615 -0.62617477 -0.49631349 -0.92140783  1.96405515
  0.47262261 -0.35622605  0.40183276 -2.26662928  1.26136567 -0.15330681
  2.40236191  1.23319555  2.87809269 -1.0573388   2.10171169 -0.42989455
 -3.2684118   2.2032203   0.81147136  1.92881096 -1.2891966   1.43910622
 -2.12172279  0.20898511  0.08303736 -2.79059114 -0.90191436 -2.39307484
  0.07227815 -0.56898616]
Sat May 25 20:28:51 2024,875,0.09593800621973125,[-4.6584781   2.36664256 -1.84106096 -0.12409699  0.18672562 -2.68765085
  3.01282931  2.10571239  1.45518704 -0.92536057  0.61239977  1.0917024
  1.13210073 -1.54196793  0.77712887  2.80621753 -0.79815535 -0.63691746
 -1.75472049  0.60195894  1.676572    2.99185602 -1.20875802 -0.31571267
 -2.42357622 -2.33803676  2.99458169  2.76322752 -0.54433289 -2.36481312
  1.48280772 -0.05850803 -2.31787453  2.09556439  1.28954024 -0.63853963
  0.84777188 -2.31880686 -0.02589552  2.15332905 -0.16394191  0.38886649
  2.71395766  1.04622487  2.46285641  3.16174765  2.64140815 -2.9393297
  0.2653742  -0.81572873  1.75888685  2.86399323 -0.51095131 -2.3176349
  2.78736965 -3.21076736  0.79394315 -0.63487988 -1.74135909  2.69818404
 -1.80955075 -1.58813078 -2.30391407  2.18800702 -2.45128537  2.13559766
  2.07465231  1.53540752  2.38308442  2.80474836  1.64886113  1.2001267
 -1.51324543 -2.22927526  1.47130182  0.7119428   1.31361909 -3.01402361
 -0.37770306  2.51831688 -1.03585434  1.2875202   1.48329437  0.54455007
 -0.83302123  1.11514377  0.66824176 -0.38370039  2.80473724 -1.99307045
  1.53804628 -0.4868116   1.09033635 -2.84976591 -2.45832367  0.45773143
 -1.16150476 -0.49457597  0.36531614 -0.11126735 -1.65032849 -0.04116993
 -0.85970559  2.81181069 -1.06239938 -1.38013508 -0.94883432  1.0779653
  1.8522471  -0.69616528  1.97232753 -2.19417584 -0.34727704 -0.73251679
 -2.89008062  3.16480371 -1.63194482  3.13522474 -1.26602545 -2.70847991
  3.36217158 -1.23322293 -0.77649604 -2.88407584 -2.71720552  2.54564125
 -2.13655216 -2.04712772 -0.18154885  3.14998777  0.24664284  0.2138496
 -1.25020338 -0.67764014 -1.73376986 -3.03025079  2.87032662  1.23551007
 -0.48570743 -2.18838457  1.10971128 -1.1058576  -0.49042488 -2.73954094
 -2.06516901  1.86554807 -0.87381216  2.62185217 -0.45419505 -2.67151331
 -2.82019542  2.2618297  -3.14423348 -0.44536824 -1.0023483  -0.24660768
  2.34754194  1.84025275  0.01820741 -2.55288729 -2.65892183  0.24436955
 -0.76666221  1.24524139 -2.62771087  1.12505248 -0.38397808  0.42076286
  1.91903315  0.45811848  0.65074851 -1.27156727  1.79161222  2.93982477
  0.99593913  0.22180249 -1.14181223  2.42278784  0.72674084 -1.90977339
 -0.05037935  1.87092246  0.98664701 -1.08002974 -2.30130892  2.22238433
  2.00398656  1.92832362  2.29723368  1.91578714 -1.66121704 -3.10389858
  0.42852305  1.34475804 -2.26275518 -1.12583549  2.31183716  1.39294661
 -0.27195688 -1.84442292 -1.64823709  1.96528105  1.30723902 -1.01188297
 -0.23075455 -0.69309154 -0.30339035  2.30246089 -0.66193841 -0.93534318
  0.77591007 -2.35268948  0.59026881  2.78422851 -0.35242995  2.04722761
 -1.86126412 -1.35336623 -2.5973681  -2.42273024 -1.50153052 -3.02896625
  2.01620164  1.78191052  1.58151664  1.12533483  1.58819411 -2.44421551
 -2.50736711  1.78907344  1.03427235 -0.29185918 -2.47720456  1.43098287
 -1.043948   -3.04762133 -0.04720671  1.89751599 -2.70128484 -2.36816621
  1.87611904  1.02966616 -0.62617476 -0.4963135  -0.92140782  1.96405516
  0.4726226  -0.35622606  0.40183275 -2.26662927  1.26136566 -0.1533068
  2.4023619   1.23319554  2.87809268 -1.05733881  2.10171168 -0.42989454
 -3.26841179  2.20322029  0.81147137  1.92881094 -1.28919659  1.43910623
 -2.12172278  0.20898513  0.08303735 -2.79059115 -0.90191437 -2.39307485
  0.07227813 -0.56898615]
Sat May 25 20:29:43 2024,876,0.095938006219125,[-4.65847811  2.36664257 -1.84106095 -0.12409697  0.18672563 -2.68765086
  3.01282932  2.10571238  1.45518705 -0.92536055  0.61239978  1.09170239
  1.13210074 -1.54196792  0.77712886  2.80621755 -0.79815534 -0.63691745
 -1.7547205   0.60195895  1.67657198  2.99185603 -1.20875804 -0.31571268
 -2.42357624 -2.33803677  2.99458168  2.76322751 -0.54433288 -2.36481313
  1.4828077  -0.05850801 -2.31787452  2.09556441  1.28954025 -0.63853964
  0.84777189 -2.31880687 -0.02589551  2.15332907 -0.1639419   0.38886648
  2.71395765  1.04622486  2.46285642  3.16174764  2.64140816 -2.93932969
  0.26537421 -0.81572872  1.75888686  2.86399324 -0.5109513  -2.31763489
  2.78736967 -3.21076738  0.79394314 -0.63487987 -1.7413591   2.69818402
 -1.80955074 -1.58813077 -2.30391406  2.18800703 -2.45128536  2.13559767
  2.0746523   1.53540753  2.38308443  2.80474838  1.64886114  1.20012671
 -1.51324542 -2.22927528  1.47130183  0.71194281  1.3136191  -3.0140236
 -0.37770305  2.51831687 -1.03585435  1.28752019  1.48329438  0.54455008
 -0.83302122  1.11514376  0.66824175 -0.38370038  2.80473723 -1.99307044
  1.53804629 -0.48681161  1.09033634 -2.84976592 -2.45832366  0.45773144
 -1.16150477 -0.49457596  0.36531613 -0.11126736 -1.65032848 -0.04116992
 -0.85970558  2.81181068 -1.0623994  -1.3801351  -0.94883431  1.07796529
  1.85224711 -0.69616527  1.97232752 -2.19417585 -0.34727706 -0.7325168
 -2.89008063  3.16480372 -1.63194483  3.13522476 -1.26602544 -2.7084799
  3.36217157 -1.23322292 -0.77649605 -2.88407585 -2.71720551  2.54564123
 -2.13655214 -2.04712771 -0.18154884  3.14998776  0.24664285  0.21384959
 -1.2502034  -0.67764016 -1.73376985 -3.03025078  2.87032661  1.23551008
 -0.48570742 -2.18838455  1.10971129 -1.10585762 -0.49042487 -2.73954093
 -2.065169    1.86554808 -0.87381214  2.62185216 -0.45419506 -2.6715133
 -2.82019543  2.26182971 -3.14423347 -0.44536822 -1.00234829 -0.24660766
  2.34754193  1.84025274  0.0182074  -2.55288728 -2.65892182  0.24436956
 -0.7666622   1.24524137 -2.62771086  1.12505249 -0.3839781   0.42076285
  1.91903316  0.45811847  0.65074852 -1.27156725  1.79161221  2.93982478
  0.99593912  0.22180247 -1.14181224  2.42278783  0.72674085 -1.9097734
 -0.05037934  1.87092247  0.986647   -1.08002975 -2.30130893  2.22238434
  2.00398657  1.92832363  2.29723369  1.91578715 -1.66121703 -3.10389857
  0.42852304  1.34475805 -2.2627552  -1.12583548  2.31183717  1.3929466
 -0.2719569  -1.84442293 -1.6482371   1.96528103  1.30723901 -1.01188298
 -0.23075456 -0.69309155 -0.30339036  2.30246088 -0.66193842 -0.93534319
  0.77591006 -2.35268949  0.5902688   2.78422849 -0.35242994  2.04722762
 -1.86126413 -1.35336624 -2.59736811 -2.42273026 -1.50153051 -3.02896624
  2.01620165  1.78191051  1.58151665  1.12533484  1.58819412 -2.44421552
 -2.5073671   1.78907343  1.03427236 -0.29185917 -2.47720458  1.43098289
 -1.04394801 -3.04762131 -0.04720672  1.89751598 -2.70128483 -2.36816622
  1.87611903  1.02966617 -0.62617475 -0.49631349 -0.92140783  1.96405515
  0.47262261 -0.35622605  0.40183274 -2.26662926  1.26136567 -0.15330681
  2.40236191  1.23319555  2.87809269 -1.0573388   2.10171169 -0.42989453
 -3.2684118   2.20322027  0.81147138  1.92881093 -1.2891966   1.43910624
 -2.12172279  0.20898511  0.08303734 -2.79059116 -0.90191436 -2.39307484
  0.07227812 -0.56898613]
Sat May 25 20:30:15 2024,877,0.09593800621851975,[-4.65847812  2.36664256 -1.84106094 -0.12409696  0.18672564 -2.68765085
  3.01282931  2.10571239  1.45518707 -0.92536057  0.61239977  1.09170238
  1.13210073 -1.54196791  0.77712885  2.80621753 -0.79815535 -0.63691744
 -1.75472049  0.60195897  1.676572    2.99185605 -1.20875802 -0.31571267
 -2.42357622 -2.33803678  2.99458167  2.7632275  -0.54433287 -2.36481312
  1.48280769 -0.058508   -2.31787453  2.09556442  1.28954024 -0.63853965
  0.8477719  -2.31880689 -0.0258955   2.15332908 -0.16394189  0.38886649
  2.71395766  1.04622485  2.46285643  3.16174763  2.64140815 -2.9393297
  0.26537422 -0.81572871  1.75888685  2.86399325 -0.51095131 -2.3176349
  2.78736965 -3.21076739  0.79394313 -0.63487986 -1.74135909  2.69818404
 -1.80955073 -1.58813076 -2.30391405  2.18800704 -2.45128537  2.13559766
  2.07465231  1.53540752  2.38308444  2.80474836  1.64886113  1.2001267
 -1.51324541 -2.22927529  1.47130185  0.7119428   1.31361911 -3.01402361
 -0.37770304  2.51831686 -1.03585436  1.28752017  1.48329439  0.54455009
 -0.83302121  1.11514377  0.66824173 -0.38370037  2.80473724 -1.99307043
  1.5380463  -0.48681162  1.09033635 -2.84976593 -2.45832367  0.45773143
 -1.16150479 -0.49457595  0.36531612 -0.11126737 -1.65032849 -0.04116993
 -0.85970559  2.81181069 -1.06239941 -1.38013511 -0.9488343   1.0779653
  1.8522471  -0.69616526  1.97232753 -2.19417586 -0.34727707 -0.73251679
 -2.89008062  3.16480371 -1.63194484  3.13522474 -1.26602545 -2.70847991
  3.36217156 -1.2332229  -0.77649604 -2.88407587 -2.7172055   2.54564122
 -2.13655216 -2.0471277  -0.18154883  3.14998775  0.24664284  0.21384958
 -1.25020338 -0.67764017 -1.73376986 -3.03025077  2.8703266   1.23551007
 -0.48570743 -2.18838454  1.10971128 -1.10585763 -0.49042486 -2.73954094
 -2.06516899  1.86554809 -0.87381213  2.62185215 -0.45419505 -2.67151331
 -2.82019544  2.26182972 -3.14423348 -0.44536821 -1.0023483  -0.24660768
  2.34754191  1.84025273  0.01820741 -2.55288727 -2.65892183  0.24436955
 -0.76666219  1.24524139 -2.62771084  1.12505248 -0.38397808  0.42076284
  1.91903317  0.45811848  0.65074851 -1.27156724  1.7916122   2.93982479
  0.99593911  0.22180249 -1.14181223  2.42278782  0.72674084 -1.90977341
 -0.05037933  1.87092248  0.98664699 -1.08002976 -2.30130892  2.22238433
  2.00398656  1.92832364  2.2972337   1.91578716 -1.66121701 -3.10389856
  0.42852303  1.34475804 -2.26275518 -1.12583549  2.31183716  1.39294661
 -0.27195691 -1.84442292 -1.64823709  1.96528105  1.307239   -1.011883
 -0.23075455 -0.69309154 -0.30339035  2.30246089 -0.66193841 -0.9353432
  0.77591007 -2.35268948  0.59026881  2.78422848 -0.35242995  2.04722761
 -1.86126412 -1.35336623 -2.5973681  -2.42273027 -1.50153052 -3.02896625
  2.01620164  1.7819105   1.58151667  1.12533485  1.58819411 -2.44421554
 -2.50736709  1.78907344  1.03427237 -0.29185918 -2.47720456  1.43098287
 -1.04394803 -3.0476213  -0.04720671  1.89751596 -2.70128482 -2.36816624
  1.87611902  1.02966618 -0.62617474 -0.4963135  -0.92140782  1.96405514
  0.47262262 -0.35622604  0.40183275 -2.26662925  1.26136566 -0.1533068
  2.4023619   1.23319556  2.8780927  -1.05733881  2.10171168 -0.42989454
 -3.26841182  2.20322026  0.81147137  1.92881092 -1.28919662  1.43910623
 -2.1217228   0.20898513  0.08303733 -2.79059115 -0.90191435 -2.39307485
  0.07227813 -0.56898615]
Sat May 25 20:31:38 2024,878,0.09593800621791523,[-4.65847813  2.36664257 -1.84106093 -0.12409697  0.18672566 -2.68765086
  3.0128293   2.1057124   1.45518705 -0.92536058  0.61239976  1.09170239
  1.13210074 -1.54196792  0.77712886  2.80621755 -0.79815536 -0.63691743
 -1.7547205   0.60195898  1.67657201  2.99185603 -1.20875801 -0.31571266
 -2.42357621 -2.33803679  2.99458168  2.76322749 -0.54433288 -2.36481313
  1.4828077  -0.05850801 -2.31787452  2.09556443  1.28954022 -0.63853964
  0.84777189 -2.31880687 -0.02589549  2.15332909 -0.16394188  0.3888665
  2.71395765  1.04622486  2.46285642  3.16174764  2.64140816 -2.93932971
  0.26537421 -0.81572872  1.75888686  2.86399326 -0.51095132 -2.31763489
  2.78736967 -3.2107674   0.79394314 -0.63487985 -1.7413591   2.69818405
 -1.80955072 -1.58813077 -2.30391406  2.18800703 -2.45128536  2.13559765
  2.07465232  1.5354075   2.38308445  2.80474838  1.64886112  1.20012669
 -1.51324542 -2.2292753   1.47130183  0.71194281  1.31361912 -3.01402362
 -0.37770302  2.51831685 -1.03585435  1.28752016  1.4832944   0.54455008
 -0.8330212   1.11514379  0.66824172 -0.38370038  2.80473723 -1.99307044
  1.53804632 -0.48681163  1.09033634 -2.84976595 -2.45832368  0.45773144
 -1.16150477 -0.49457596  0.3653161  -0.11126736 -1.65032848 -0.04116994
 -0.85970558  2.81181071 -1.0623994  -1.38013512 -0.94883431  1.07796529
  1.85224709 -0.69616524  1.97232752 -2.19417585 -0.34727706 -0.7325168
 -2.89008063  3.1648037  -1.63194485  3.13522473 -1.26602544 -2.7084799
  3.36217155 -1.23322289 -0.77649603 -2.88407585 -2.71720549  2.54564121
 -2.13655214 -2.04712771 -0.18154882  3.14998774  0.24664283  0.21384959
 -1.25020337 -0.67764018 -1.73376987 -3.03025078  2.87032659  1.23551005
 -0.48570742 -2.18838453  1.10971127 -1.10585764 -0.49042484 -2.73954095
 -2.06516897  1.86554808 -0.87381212  2.62185214 -0.45419504 -2.6715133
 -2.82019545  2.26182973 -3.14423347 -0.44536822 -1.00234831 -0.24660769
  2.3475419   1.84025274  0.01820742 -2.55288728 -2.65892185  0.24436954
 -0.7666622   1.24524137 -2.62771083  1.12505249 -0.38397807  0.42076285
  1.91903316  0.45811847  0.6507485  -1.27156723  1.79161221  2.9398248
  0.99593912  0.22180247 -1.14181221  2.42278783  0.72674083 -1.90977342
 -0.05037934  1.87092249  0.98664698 -1.08002977 -2.30130893  2.22238434
  2.00398655  1.92832365  2.29723369  1.91578715 -1.66121703 -3.10389857
  0.42852302  1.34475803 -2.26275517 -1.12583548  2.31183715  1.39294662
 -0.27195692 -1.84442293 -1.64823708  1.96528106  1.30723899 -1.01188298
 -0.23075456 -0.69309153 -0.30339036  2.30246088 -0.66193842 -0.93534321
  0.77591006 -2.35268947  0.59026882  2.78422847 -0.35242994  2.0472276
 -1.86126413 -1.35336622 -2.59736809 -2.42273026 -1.50153054 -3.02896624
  2.01620165  1.78191049  1.58151668  1.12533486  1.5881941  -2.44421552
 -2.5073671   1.78907345  1.03427238 -0.29185919 -2.47720458  1.43098289
 -1.04394801 -3.04762129 -0.04720672  1.89751595 -2.70128483 -2.36816625
  1.87611901  1.02966619 -0.62617472 -0.49631351 -0.92140783  1.96405515
  0.47262263 -0.35622605  0.40183276 -2.26662926  1.26136565 -0.15330679
  2.40236189  1.23319555  2.87809269 -1.05733883  2.10171169 -0.42989455
 -3.2684118   2.20322025  0.81147136  1.92881091 -1.2891966   1.43910622
 -2.12172281  0.20898511  0.08303734 -2.79059116 -0.90191436 -2.39307484
  0.07227815 -0.56898613]
Sat May 25 20:32:01 2024,879,0.0959380062173123,[-4.65847814  2.36664256 -1.84106094 -0.12409696  0.18672564 -2.68765085
  3.01282931  2.10571241  1.45518704 -0.92536057  0.61239977  1.0917024
  1.13210073 -1.54196793  0.77712887  2.80621753 -0.79815535 -0.63691742
 -1.75472049  0.60195897  1.67657202  2.99185602 -1.208758   -0.31571265
 -2.42357622 -2.33803678  2.99458167  2.76322747 -0.54433287 -2.36481314
  1.48280769 -0.05850803 -2.31787451  2.09556444  1.28954024 -0.63853963
  0.84777188 -2.31880689 -0.02589548  2.1533291  -0.16394189  0.38886649
  2.71395764  1.04622485  2.46285643  3.16174765  2.64140815 -2.9393297
  0.2653742  -0.81572873  1.75888685  2.86399325 -0.51095133 -2.31763488
  2.78736966 -3.21076739  0.79394315 -0.63487986 -1.74135909  2.69818404
 -1.8095507  -1.58813076 -2.30391407  2.18800704 -2.45128535  2.13559764
  2.07465233  1.53540749  2.38308444  2.80474839  1.64886113  1.20012668
 -1.51324543 -2.22927529  1.47130185  0.7119428   1.31361913 -3.01402361
 -0.37770304  2.51831683 -1.03585436  1.28752017  1.48329442  0.54455007
 -0.83302121  1.1151438   0.66824173 -0.38370039  2.80473722 -1.99307043
  1.5380463  -0.48681162  1.09033635 -2.84976593 -2.45832367  0.45773146
 -1.16150479 -0.49457595  0.36531612 -0.11126737 -1.65032849 -0.04116993
 -0.85970557  2.81181069 -1.06239941 -1.38013511 -0.9488343   1.07796527
  1.85224708 -0.69616523  1.97232751 -2.19417586 -0.34727707 -0.73251679
 -2.89008062  3.16480371 -1.63194486  3.13522472 -1.26602543 -2.70847991
  3.36217154 -1.23322288 -0.77649604 -2.88407587 -2.7172055   2.54564122
 -2.13655213 -2.04712772 -0.18154883  3.14998775  0.24664282  0.2138496
 -1.25020336 -0.67764017 -1.73376986 -3.03025077  2.87032658  1.23551004
 -0.4857074  -2.18838452  1.10971125 -1.10585763 -0.49042483 -2.73954094
 -2.06516896  1.86554807 -0.87381213  2.62185213 -0.45419505 -2.67151329
 -2.82019546  2.26182974 -3.14423348 -0.44536824 -1.0023483  -0.24660768
  2.34754189  1.84025275  0.01820741 -2.55288727 -2.65892186  0.24436953
 -0.76666219  1.24524139 -2.62771084  1.12505248 -0.38397808  0.42076286
  1.91903315  0.45811848  0.65074849 -1.27156722  1.79161222  2.93982479
  0.99593913  0.22180246 -1.14181223  2.42278782  0.72674082 -1.90977343
 -0.05037933  1.87092248  0.98664699 -1.08002976 -2.30130892  2.22238435
  2.00398653  1.92832364  2.2972337   1.91578716 -1.66121701 -3.10389856
  0.428523    1.34475804 -2.26275516 -1.12583549  2.31183714  1.39294661
 -0.27195693 -1.84442292 -1.64823709  1.96528105  1.307239   -1.011883
 -0.23075455 -0.69309151 -0.30339035  2.30246087 -0.66193843 -0.9353432
  0.77591007 -2.35268948  0.59026884  2.78422846 -0.35242993  2.04722761
 -1.86126414 -1.35336623 -2.59736808 -2.42273027 -1.50153055 -3.02896623
  2.01620166  1.78191048  1.58151667  1.12533487  1.58819411 -2.44421554
 -2.50736709  1.78907346  1.03427237 -0.29185918 -2.47720456  1.43098287
 -1.04394803 -3.0476213  -0.04720673  1.89751594 -2.70128484 -2.36816626
  1.876119    1.02966618 -0.62617471 -0.49631352 -0.92140784  1.96405514
  0.47262264 -0.35622606  0.40183277 -2.26662927  1.26136566 -0.1533068
  2.40236188  1.23319556  2.87809268 -1.05733884  2.10171168 -0.42989454
 -3.26841182  2.20322024  0.81147135  1.92881092 -1.28919659  1.43910621
 -2.1217228   0.20898513  0.08303733 -2.79059115 -0.90191435 -2.39307482
  0.07227813 -0.56898612]
Sat May 25 20:32:25 2024,880,0.09593800621671052,[-4.65847816  2.36664254 -1.84106093 -0.12409697  0.18672566 -2.68765086
  3.0128293   2.1057124   1.45518705 -0.92536055  0.61239976  1.09170239
  1.13210072 -1.54196794  0.77712889  2.80621752 -0.79815534 -0.63691741
 -1.75472048  0.60195895  1.67657203  2.99185603 -1.20875799 -0.31571266
 -2.42357621 -2.33803677  2.99458168  2.76322749 -0.54433288 -2.36481315
  1.4828077  -0.05850801 -2.3178745   2.09556445  1.28954022 -0.63853961
  0.84777189 -2.3188069  -0.02589546  2.15332909 -0.1639419   0.3888665
  2.71395765  1.04622486  2.46285644  3.16174764  2.64140814 -2.93932971
  0.26537421 -0.81572872  1.75888686  2.86399326 -0.51095134 -2.31763489
  2.78736967 -3.2107674   0.79394316 -0.63487987 -1.74135908  2.69818402
 -1.80955072 -1.58813077 -2.30391406  2.18800703 -2.45128534  2.13559763
  2.07465232  1.53540748  2.38308445  2.8047484   1.64886112  1.20012667
 -1.51324542 -2.22927528  1.47130186  0.71194281  1.31361915 -3.01402362
 -0.37770302  2.51831685 -1.03585435  1.28752019  1.4832944   0.54455008
 -0.83302122  1.11514379  0.66824172 -0.38370038  2.80473723 -1.99307044
  1.53804629 -0.48681163  1.09033634 -2.84976595 -2.45832366  0.45773147
 -1.16150477 -0.49457594  0.36531613 -0.11126738 -1.6503285  -0.04116994
 -0.85970555  2.81181071 -1.06239942 -1.3801351  -0.94883431  1.07796529
  1.85224707 -0.69616522  1.97232749 -2.19417585 -0.34727706 -0.73251678
 -2.89008063  3.1648037  -1.63194487  3.13522473 -1.26602544 -2.7084799
  3.36217155 -1.23322289 -0.77649605 -2.88407585 -2.71720551  2.54564121
 -2.13655212 -2.04712773 -0.18154884  3.14998774  0.24664281  0.21384961
 -1.25020335 -0.67764018 -1.73376987 -3.03025076  2.87032659  1.23551003
 -0.48570739 -2.18838451  1.10971124 -1.10585764 -0.49042484 -2.73954093
 -2.06516897  1.86554806 -0.87381214  2.62185214 -0.45419506 -2.6715133
 -2.82019548  2.26182973 -3.14423349 -0.44536822 -1.00234831 -0.24660769
  2.3475419   1.84025274  0.01820742 -2.55288726 -2.65892185  0.24436951
 -0.7666622   1.2452414  -2.62771085  1.12505247 -0.38397807  0.42076285
  1.91903316  0.45811847  0.65074848 -1.27156723  1.79161221  2.9398248
  0.99593914  0.22180245 -1.14181224  2.42278783  0.72674083 -1.90977342
 -0.05037932  1.87092249  0.98664698 -1.08002975 -2.30130891  2.22238434
  2.00398652  1.92832363  2.29723372  1.91578717 -1.66121703 -3.10389857
  0.42852299  1.34475805 -2.26275517 -1.1258355   2.31183715  1.3929466
 -0.27195692 -1.84442293 -1.64823708  1.96528103  1.30723901 -1.01188298
 -0.23075456 -0.6930915  -0.30339034  2.30246088 -0.66193842 -0.93534321
  0.77591006 -2.35268947  0.59026882  2.78422845 -0.35242992  2.0472276
 -1.86126415 -1.35336624 -2.59736807 -2.42273026 -1.50153056 -3.02896622
  2.01620167  1.78191049  1.58151668  1.12533486  1.5881941  -2.44421555
 -2.50736708  1.78907345  1.03427236 -0.29185917 -2.47720455  1.43098289
 -1.04394801 -3.04762129 -0.04720674  1.89751593 -2.70128483 -2.36816625
  1.87611899  1.02966619 -0.6261747  -0.49631351 -0.92140785  1.96405515
  0.47262266 -0.35622605  0.40183276 -2.26662928  1.26136567 -0.15330681
  2.40236189  1.23319557  2.87809267 -1.05733885  2.10171169 -0.42989453
 -3.26841183  2.20322023  0.81147134  1.92881093 -1.28919658  1.43910622
 -2.12172279  0.20898511  0.08303734 -2.79059114 -0.90191434 -2.39307481
  0.07227812 -0.56898613]
Sat May 25 20:32:48 2024,881,0.09593800621610984,[-4.65847817  2.36664256 -1.84106094 -0.12409696  0.18672564 -2.68765087
  3.01282929  2.10571239  1.45518707 -0.92536057  0.61239977  1.09170238
  1.13210071 -1.54196793  0.77712887  2.80621753 -0.79815532 -0.63691742
 -1.75472047  0.60195897  1.67657202  2.99185602 -1.208758   -0.31571267
 -2.42357622 -2.33803676  2.99458169  2.7632275  -0.54433287 -2.36481316
  1.48280769 -0.05850803 -2.31787451  2.09556444  1.28954021 -0.6385396
  0.8477719  -2.31880689 -0.02589545  2.1533291  -0.16394189  0.38886651
  2.71395764  1.04622485  2.46285645  3.16174763  2.64140813 -2.93932972
  0.2653742  -0.81572871  1.75888685  2.86399327 -0.51095136 -2.31763488
  2.78736966 -3.21076739  0.79394315 -0.63487986 -1.74135906  2.69818401
 -1.8095507  -1.58813076 -2.30391407  2.18800702 -2.45128532  2.13559762
  2.07465231  1.53540749  2.38308444  2.80474839  1.64886111  1.20012668
 -1.51324543 -2.22927526  1.47130185  0.7119428   1.31361916 -3.01402364
 -0.37770304  2.51831683 -1.03585436  1.2875202   1.48329442  0.54455007
 -0.83302121  1.11514377  0.66824173 -0.38370039  2.80473724 -1.99307045
  1.5380463  -0.48681164  1.09033635 -2.84976593 -2.45832365  0.45773148
 -1.16150476 -0.49457595  0.36531614 -0.11126737 -1.65032849 -0.04116995
 -0.85970554  2.81181072 -1.06239941 -1.38013509 -0.94883432  1.0779653
  1.85224706 -0.69616523  1.97232748 -2.19417584 -0.34727707 -0.73251677
 -2.89008062  3.16480371 -1.63194488  3.13522474 -1.26602543 -2.70847988
  3.36217156 -1.23322288 -0.77649607 -2.88407587 -2.7172055   2.5456412
 -2.13655211 -2.04712772 -0.18154883  3.14998773  0.24664279  0.21384963
 -1.25020336 -0.67764017 -1.73376988 -3.03025075  2.87032658  1.23551002
 -0.4857074  -2.1883845   1.10971123 -1.10585765 -0.49042483 -2.73954094
 -2.06516896  1.86554807 -0.87381213  2.62185213 -0.45419507 -2.67151331
 -2.82019546  2.26182972 -3.1442335  -0.44536824 -1.0023483  -0.24660768
  2.34754189  1.84025275  0.01820741 -2.55288725 -2.65892186  0.24436953
 -0.76666219  1.24524139 -2.62771087  1.12505246 -0.38397806  0.42076286
  1.91903315  0.45811848  0.65074849 -1.27156724  1.7916122   2.93982481
  0.99593913  0.22180244 -1.14181223  2.42278784  0.72674082 -1.90977343
 -0.05037933  1.8709225   0.98664699 -1.08002976 -2.30130889  2.22238435
  2.00398653  1.92832364  2.2972337   1.91578718 -1.66121701 -3.10389856
  0.42852298  1.34475806 -2.26275516 -1.12583552  2.31183714  1.39294661
 -0.27195693 -1.84442292 -1.64823707  1.96528105  1.30723902 -1.01188297
 -0.23075455 -0.69309149 -0.30339035  2.30246089 -0.66193843 -0.93534322
  0.77591007 -2.35268948  0.59026884  2.78422846 -0.35242993  2.04722761
 -1.86126414 -1.35336626 -2.59736808 -2.42273027 -1.50153057 -3.02896623
  2.01620166  1.78191048  1.58151667  1.12533485  1.58819409 -2.44421554
 -2.50736707  1.78907344  1.03427235 -0.29185916 -2.47720454  1.4309829
 -1.04394803 -3.04762128 -0.04720675  1.89751592 -2.70128482 -2.36816626
  1.87611897  1.0296662  -0.62617471 -0.4963135  -0.92140786  1.96405514
  0.47262264 -0.35622606  0.40183275 -2.26662929  1.26136568 -0.1533068
  2.4023619   1.23319556  2.87809265 -1.05733886  2.1017117  -0.42989454
 -3.26841184  2.20322024  0.81147132  1.92881092 -1.28919657  1.43910621
 -2.12172278  0.2089851   0.08303735 -2.79059115 -0.90191433 -2.39307482
  0.07227813 -0.56898615]
Sat May 25 20:34:32 2024,882,0.09593800621551025,[-4.65847818  2.36664257 -1.84106093 -0.12409695  0.18672563 -2.68765086
  3.01282927  2.10571238  1.45518705 -0.92536055  0.61239978  1.09170237
  1.1321007  -1.54196792  0.77712889  2.80621755 -0.79815534 -0.63691741
 -1.75472046  0.60195898  1.67657201  2.99185601 -1.20875799 -0.31571268
 -2.42357621 -2.33803677  2.9945817   2.76322751 -0.54433286 -2.36481318
  1.4828077  -0.05850804 -2.3178745   2.09556443  1.2895402  -0.63853959
  0.84777191 -2.31880687 -0.02589544  2.15332911 -0.1639419   0.38886652
  2.71395763  1.04622486  2.46285647  3.16174764  2.64140812 -2.93932974
  0.26537419 -0.81572872  1.75888686  2.86399326 -0.51095134 -2.31763489
  2.78736967 -3.2107674   0.79394316 -0.63487987 -1.74135908  2.69818402
 -1.80955072 -1.58813077 -2.30391406  2.18800701 -2.45128531  2.1355976
  2.07465232  1.5354075   2.38308443  2.80474838  1.6488611   1.20012669
 -1.51324542 -2.22927528  1.47130186  0.71194279  1.31361915 -3.01402362
 -0.37770305  2.51831682 -1.03585435  1.28752021  1.48329443  0.54455006
 -0.83302122  1.11514376  0.66824172 -0.3837004   2.80473725 -1.99307047
  1.53804629 -0.48681165  1.09033634 -2.84976592 -2.45832366  0.45773147
 -1.16150475 -0.49457596  0.36531615 -0.11126738 -1.65032848 -0.04116994
 -0.85970555  2.81181073 -1.0623994  -1.38013507 -0.94883431  1.07796531
  1.85224705 -0.69616522  1.97232747 -2.19417585 -0.34727708 -0.73251675
 -2.89008061  3.16480372 -1.6319449   3.13522473 -1.26602544 -2.7084799
  3.36217155 -1.23322287 -0.77649605 -2.88407585 -2.71720549  2.54564121
 -2.13655212 -2.04712773 -0.18154882  3.14998774  0.24664278  0.21384964
 -1.25020337 -0.67764016 -1.73376987 -3.03025076  2.87032659  1.23551003
 -0.48570739 -2.18838451  1.10971124 -1.10585764 -0.49042484 -2.73954093
 -2.06516895  1.86554806 -0.87381212  2.62185212 -0.45419509 -2.6715133
 -2.82019545  2.26182973 -3.14423351 -0.44536822 -1.00234831 -0.24660769
  2.3475419   1.84025274  0.01820742 -2.55288726 -2.65892185  0.24436951
 -0.7666622   1.24524137 -2.62771088  1.12505247 -0.38397805  0.42076287
  1.91903314  0.45811849  0.6507485  -1.27156725  1.79161221  2.9398248
  0.99593912  0.22180245 -1.14181221  2.42278785  0.7267408  -1.90977342
 -0.05037932  1.87092249  0.986647   -1.08002975 -2.30130891  2.22238437
  2.00398652  1.92832365  2.29723369  1.91578719 -1.661217   -3.10389857
  0.42852299  1.34475805 -2.26275517 -1.1258355   2.31183715  1.39294662
 -0.27195692 -1.84442293 -1.64823708  1.96528103  1.30723901 -1.01188298
 -0.23075453 -0.6930915  -0.30339034  2.3024609  -0.66193845 -0.93534323
  0.77591006 -2.35268947  0.59026885  2.78422845 -0.35242992  2.0472276
 -1.86126413 -1.35336624 -2.59736807 -2.42273028 -1.50153056 -3.02896622
  2.01620167  1.78191046  1.58151668  1.12533484  1.5881941  -2.44421555
 -2.50736708  1.78907345  1.03427234 -0.29185915 -2.47720453  1.43098291
 -1.04394804 -3.04762129 -0.04720676  1.89751591 -2.7012848  -2.36816627
  1.87611896  1.02966619 -0.62617472 -0.49631349 -0.92140785  1.96405513
  0.47262263 -0.35622605  0.40183276 -2.26662931  1.26136567 -0.15330681
  2.40236189  1.23319557  2.87809267 -1.05733885  2.10171169 -0.42989455
 -3.26841185  2.20322025  0.81147131  1.92881091 -1.28919658  1.43910622
 -2.12172276  0.20898511  0.08303734 -2.79059114 -0.90191432 -2.39307481
  0.07227812 -0.56898613]
Sat May 25 20:34:55 2024,883,0.09593800621491175,[-4.65847819  2.36664258 -1.84106092 -0.12409694  0.18672564 -2.68765087
  3.01282926  2.10571236  1.45518707 -0.92536054  0.6123998   1.09170236
  1.13210071 -1.54196791  0.7771289   2.80621756 -0.79815535 -0.63691742
 -1.75472045  0.60195899  1.67657202  2.99185602 -1.208758   -0.31571269
 -2.4235762  -2.33803678  2.99458171  2.7632275  -0.54433285 -2.36481316
  1.48280769 -0.05850805 -2.31787451  2.09556444  1.28954021 -0.63853958
  0.8477719  -2.31880689 -0.02589543  2.15332912 -0.16394191  0.38886651
  2.71395762  1.04622487  2.46285648  3.16174765  2.64140813 -2.93932972
  0.26537418 -0.81572871  1.75888685  2.86399327 -0.51095133 -2.31763488
  2.78736966 -3.21076741  0.79394315 -0.63487988 -1.74135909  2.69818404
 -1.80955073 -1.58813078 -2.30391407  2.18800702 -2.4512853   2.13559762
  2.07465233  1.53540749  2.38308442  2.80474836  1.64886109  1.2001267
 -1.51324543 -2.22927526  1.47130187  0.71194278  1.31361913 -3.01402361
 -0.37770306  2.51831683 -1.03585436  1.28752022  1.48329444  0.54455007
 -0.83302123  1.11514375  0.66824171 -0.38370041  2.80473724 -1.99307045
  1.53804628 -0.48681164  1.09033633 -2.84976591 -2.45832365  0.45773146
 -1.16150474 -0.49457597  0.36531616 -0.11126739 -1.65032849 -0.04116995
 -0.85970554  2.81181072 -1.06239941 -1.38013506 -0.9488343   1.07796532
  1.85224706 -0.69616523  1.97232746 -2.19417584 -0.34727709 -0.73251674
 -2.89008059  3.16480373 -1.63194488  3.13522472 -1.26602545 -2.70847988
  3.36217154 -1.23322288 -0.77649604 -2.88407587 -2.7172055   2.54564122
 -2.13655213 -2.04712772 -0.18154881  3.14998773  0.24664279  0.21384965
 -1.25020338 -0.67764014 -1.73376986 -3.03025077  2.87032658  1.23551004
 -0.4857074  -2.1883845   1.10971123 -1.10585765 -0.49042486 -2.73954094
 -2.06516896  1.86554805 -0.87381213  2.62185211 -0.4541951  -2.67151329
 -2.82019544  2.26182974 -3.14423352 -0.44536821 -1.00234832 -0.24660768
  2.34754189  1.84025273  0.01820741 -2.55288727 -2.65892183  0.2443695
 -0.76666221  1.24524136 -2.62771087  1.12505246 -0.38397804  0.42076286
  1.91903315  0.4581185   0.65074851 -1.27156727  1.7916122   2.93982481
  0.99593913  0.22180246 -1.1418122   2.42278786  0.72674082 -1.90977341
 -0.05037931  1.87092248  0.98664699 -1.08002974 -2.30130889  2.22238435
  2.00398651  1.92832367  2.29723368  1.9157872  -1.66121701 -3.10389858
  0.428523    1.34475806 -2.26275516 -1.12583552  2.31183716  1.39294663
 -0.27195691 -1.84442292 -1.64823709  1.96528105  1.30723902 -1.011883
 -0.23075455 -0.69309149 -0.30339035  2.30246089 -0.66193843 -0.93534322
  0.77591007 -2.35268946  0.59026886  2.78422844 -0.35242993  2.04722761
 -1.86126412 -1.35336626 -2.59736808 -2.42273027 -1.50153057 -3.02896621
  2.01620166  1.78191048  1.58151667  1.12533485  1.58819409 -2.44421556
 -2.50736709  1.78907344  1.03427233 -0.29185916 -2.47720454  1.4309829
 -1.04394803 -3.04762128 -0.04720677  1.89751592 -2.70128482 -2.36816626
  1.87611895  1.0296662  -0.62617473 -0.49631348 -0.92140786  1.96405512
  0.47262264 -0.35622604  0.40183277 -2.26662929  1.26136566 -0.15330682
  2.40236188  1.23319556  2.87809265 -1.05733884  2.1017117  -0.42989457
 -3.26841186  2.20322026  0.81147132  1.9288109  -1.28919659  1.43910621
 -2.12172275  0.20898513  0.08303735 -2.79059115 -0.90191433 -2.39307482
  0.07227811 -0.56898612]
Sat May 25 20:35:29 2024,884,0.09593800621431417,[-4.6584782   2.36664257 -1.84106091 -0.12409693  0.18672563 -2.68765088
  3.01282925  2.10571235  1.45518708 -0.92536053  0.61239978  1.09170235
  1.1321007  -1.54196792  0.77712891  2.80621755 -0.79815536 -0.63691741
 -1.75472043  0.60195898  1.67657203  2.99185603 -1.20875801 -0.3157127
 -2.42357619 -2.33803679  2.9945817   2.76322749 -0.54433284 -2.36481318
  1.48280768 -0.05850804 -2.3178745   2.09556445  1.28954022 -0.63853957
  0.84777191 -2.3188069  -0.02589542  2.15332911 -0.1639419   0.38886652
  2.71395761  1.04622488  2.46285647  3.16174764  2.64140814 -2.93932971
  0.26537417 -0.81572872  1.75888684  2.86399328 -0.51095132 -2.31763489
  2.78736967 -3.21076742  0.79394314 -0.63487989 -1.74135908  2.69818405
 -1.80955074 -1.58813077 -2.30391406  2.18800701 -2.45128531  2.13559763
  2.07465234  1.5354075   2.38308441  2.80474835  1.6488611   1.20012669
 -1.51324542 -2.22927525  1.47130188  0.71194277  1.31361912 -3.01402362
 -0.37770307  2.51831685 -1.03585435  1.28752021  1.48329443  0.54455006
 -0.83302124  1.11514374  0.6682417  -0.38370042  2.80473725 -1.99307044
  1.53804627 -0.48681165  1.09033634 -2.84976592 -2.45832366  0.45773144
 -1.16150475 -0.49457598  0.36531617 -0.1112674  -1.65032848 -0.04116997
 -0.85970553  2.81181071 -1.06239942 -1.38013505 -0.94883431  1.07796531
  1.85224705 -0.69616524  1.97232747 -2.19417585 -0.34727708 -0.73251673
 -2.89008058  3.16480372 -1.6319449   3.13522471 -1.26602546 -2.7084799
  3.36217153 -1.23322287 -0.77649603 -2.88407588 -2.71720549  2.54564121
 -2.13655212 -2.04712771 -0.18154882  3.14998774  0.24664281  0.21384966
 -1.2502034  -0.67764016 -1.73376985 -3.03025078  2.87032659  1.23551005
 -0.48570739 -2.18838451  1.10971124 -1.10585764 -0.49042484 -2.73954095
 -2.06516895  1.86554804 -0.87381212  2.62185209 -0.45419509 -2.6715133
 -2.82019543  2.26182973 -3.14423351 -0.44536822 -1.00234833 -0.24660766
  2.34754188  1.84025272  0.0182074  -2.55288728 -2.65892182  0.24436951
 -0.7666622   1.24524135 -2.62771086  1.12505245 -0.38397803  0.42076285
  1.91903316  0.45811851  0.6507485  -1.27156725  1.79161221  2.9398248
  0.99593912  0.22180245 -1.14181219  2.42278788  0.72674083 -1.9097734
 -0.05037932  1.87092247  0.986647   -1.08002973 -2.30130891  2.22238437
  2.00398652  1.92832368  2.29723367  1.91578721 -1.661217   -3.10389857
  0.42852302  1.34475807 -2.26275515 -1.12583553  2.31183715  1.39294664
 -0.2719569  -1.84442291 -1.6482371   1.96528103  1.30723903 -1.01188298
 -0.23075456 -0.6930915  -0.30339034  2.30246088 -0.66193842 -0.93534321
  0.77591009 -2.35268945  0.59026887  2.78422845 -0.35242992  2.0472276
 -1.86126411 -1.35336627 -2.59736807 -2.42273028 -1.50153056 -3.02896622
  2.01620167  1.78191049  1.58151668  1.12533484  1.5881941  -2.44421557
 -2.5073671   1.78907343  1.03427232 -0.29185917 -2.47720455  1.43098291
 -1.04394801 -3.04762129 -0.04720676  1.89751591 -2.7012848  -2.36816625
  1.87611894  1.02966622 -0.62617475 -0.49631346 -0.92140787  1.96405513
  0.47262266 -0.35622605  0.40183279 -2.26662931  1.26136567 -0.15330681
  2.40236187  1.23319555  2.87809264 -1.05733885  2.10171169 -0.42989455
 -3.26841185  2.20322025  0.81147131  1.92881091 -1.2891966   1.4391062
 -2.12172276  0.20898511  0.08303734 -2.79059116 -0.90191434 -2.39307481
  0.07227812 -0.56898611]
Sat May 25 20:36:01 2024,885,0.0959380062137181,[-4.65847821  2.36664258 -1.84106089 -0.12409694  0.18672562 -2.68765089
  3.01282926  2.10571236  1.45518707 -0.92536054  0.61239977  1.09170234
  1.13210069 -1.54196791  0.77712892  2.80621756 -0.79815537 -0.6369174
 -1.75472045  0.60195897  1.67657204  2.99185602 -1.20875802 -0.31571269
 -2.42357618 -2.3380368   2.99458171  2.76322747 -0.54433285 -2.36481316
  1.48280767 -0.05850803 -2.31787449  2.09556444  1.28954024 -0.63853958
  0.8477719  -2.31880689 -0.02589541  2.15332912 -0.16394189  0.38886651
  2.71395762  1.04622487  2.46285648  3.16174765  2.64140813 -2.9393297
  0.26537418 -0.81572873  1.75888683  2.86399327 -0.51095131 -2.31763488
  2.78736968 -3.21076743  0.79394315 -0.6348799  -1.74135909  2.69818406
 -1.80955075 -1.58813076 -2.30391407  2.18800699 -2.4512853   2.13559764
  2.07465236  1.53540752  2.38308439  2.80474836  1.64886111  1.20012668
 -1.51324541 -2.22927526  1.47130189  0.71194278  1.31361911 -3.01402364
 -0.37770308  2.51831686 -1.03585434  1.2875202   1.48329442  0.54455007
 -0.83302123  1.11514375  0.66824169 -0.38370041  2.80473726 -1.99307045
  1.53804628 -0.48681164  1.09033633 -2.84976593 -2.45832365  0.45773146
 -1.16150474 -0.49457599  0.36531616 -0.11126741 -1.65032849 -0.04116995
 -0.85970552  2.81181072 -1.06239941 -1.38013504 -0.9488343   1.0779653
  1.85224703 -0.69616523  1.97232746 -2.19417586 -0.34727709 -0.73251672
 -2.89008059  3.16480371 -1.63194491  3.1352247  -1.26602547 -2.70847988
  3.36217154 -1.23322286 -0.77649604 -2.88407587 -2.71720548  2.54564122
 -2.13655213 -2.0471277  -0.18154881  3.14998773  0.24664279  0.21384965
 -1.25020338 -0.67764017 -1.73376984 -3.03025079  2.8703266   1.23551007
 -0.4857074  -2.1883845   1.10971125 -1.10585763 -0.49042486 -2.73954094
 -2.06516894  1.86554802 -0.87381211  2.62185211 -0.4541951  -2.67151329
 -2.82019542  2.26182974 -3.14423352 -0.44536824 -1.00234832 -0.24660768
  2.34754187  1.84025273  0.01820741 -2.55288729 -2.65892183  0.24436953
 -0.76666221  1.24524134 -2.62771087  1.12505244 -0.38397804  0.42076286
  1.91903317  0.4581185   0.65074849 -1.27156724  1.79161222  2.93982481
  0.99593911  0.22180244 -1.1418122   2.42278789  0.72674082 -1.90977339
 -0.05037931  1.87092246  0.98664701 -1.08002972 -2.30130889  2.22238435
  2.00398651  1.92832367  2.29723368  1.9157872  -1.66121699 -3.10389858
  0.428523    1.34475806 -2.26275516 -1.12583554  2.31183714  1.39294665
 -0.27195689 -1.84442292 -1.64823709  1.96528105  1.30723902 -1.011883
 -0.23075457 -0.69309149 -0.30339035  2.30246087 -0.66193841 -0.93534322
  0.77591007 -2.35268946  0.59026888  2.78422844 -0.35242991  2.04722759
 -1.86126409 -1.35336628 -2.59736805 -2.42273027 -1.50153057 -3.02896623
  2.01620168  1.78191048  1.58151669  1.12533485  1.58819409 -2.44421558
 -2.50736711  1.78907344  1.03427233 -0.29185916 -2.47720454  1.43098292
 -1.043948   -3.04762128 -0.04720677  1.89751592 -2.70128479 -2.36816626
  1.87611895  1.0296662  -0.62617476 -0.49631345 -0.92140786  1.96405512
  0.47262267 -0.35622606  0.40183277 -2.26662929  1.26136568 -0.1533068
  2.40236188  1.23319556  2.87809263 -1.05733886  2.1017117  -0.42989457
 -3.26841184  2.20322026  0.8114713   1.92881092 -1.28919659  1.43910621
 -2.12172278  0.2089851   0.08303735 -2.79059117 -0.90191435 -2.3930748
  0.07227811 -0.56898612]
Sat May 25 20:37:06 2024,886,0.09593800621312325,[-4.65847822  2.36664257 -1.84106088 -0.12409693  0.18672561 -2.6876509
  3.01282925  2.10571235  1.45518708 -0.92536053  0.61239978  1.09170233
  1.13210068 -1.54196789  0.77712891  2.80621755 -0.79815536 -0.63691738
 -1.75472043  0.60195895  1.67657203  2.99185603 -1.20875801 -0.3157127
 -2.42357617 -2.33803679  2.9945817   2.76322749 -0.54433284 -2.36481315
  1.48280766 -0.05850804 -2.3178745   2.09556445  1.28954022 -0.63853957
  0.84777191 -2.31880687 -0.02589542  2.15332913 -0.1639419   0.3888665
  2.71395763  1.04622486  2.46285649  3.16174766  2.64140814 -2.93932971
  0.26537419 -0.81572872  1.75888681  2.86399328 -0.51095132 -2.31763486
  2.78736969 -3.21076744  0.79394314 -0.63487991 -1.7413591   2.69818405
 -1.80955074 -1.58813077 -2.30391406  2.18800701 -2.45128531  2.13559763
  2.07465234  1.53540753  2.38308438  2.80474835  1.6488611   1.20012667
 -1.5132454  -2.22927528  1.4713019   0.71194277  1.31361912 -3.01402362
 -0.37770307  2.51831685 -1.03585432  1.28752021  1.48329443  0.54455006
 -0.83302122  1.11514376  0.66824168 -0.3837004   2.80473728 -1.99307047
  1.53804627 -0.48681165  1.09033632 -2.84976595 -2.45832364  0.45773147
 -1.16150475 -0.49457598  0.36531617 -0.1112674  -1.65032848 -0.04116994
 -0.85970553  2.81181073 -1.0623994  -1.38013503 -0.94883429  1.07796531
  1.85224705 -0.69616522  1.97232745 -2.19417587 -0.34727708 -0.73251671
 -2.89008061  3.1648037  -1.63194492  3.13522471 -1.26602546 -2.7084799
  3.36217153 -1.23322285 -0.77649603 -2.88407585 -2.71720549  2.54564121
 -2.13655212 -2.04712771 -0.18154879  3.14998774  0.24664281  0.21384966
 -1.25020337 -0.67764018 -1.73376985 -3.03025078  2.87032659  1.23551005
 -0.48570742 -2.18838451  1.10971127 -1.10585764 -0.49042487 -2.73954093
 -2.06516893  1.86554801 -0.87381212  2.62185212 -0.45419511 -2.6715133
 -2.82019543  2.26182973 -3.14423351 -0.44536825 -1.00234831 -0.24660769
  2.34754186  1.84025274  0.01820742 -2.55288728 -2.65892182  0.24436954
 -0.7666622   1.24524135 -2.62771088  1.12505245 -0.38397805  0.42076285
  1.91903318  0.45811849  0.6507485  -1.27156723  1.79161221  2.9398248
  0.99593912  0.22180245 -1.14181221  2.4227879   0.72674083 -1.90977338
 -0.0503793   1.87092244  0.98664702 -1.08002973 -2.30130888  2.22238437
  2.0039865   1.92832368  2.29723367  1.91578719 -1.66121698 -3.10389859
  0.42852302  1.34475807 -2.26275515 -1.12583555  2.31183713  1.39294664
 -0.27195687 -1.84442291 -1.64823708  1.96528106  1.30723901 -1.01188301
 -0.23075456 -0.69309148 -0.30339036  2.30246088 -0.6619384  -0.93534321
  0.77591009 -2.35268945  0.59026887  2.78422845 -0.35242992  2.04722758
 -1.86126408 -1.35336627 -2.59736804 -2.42273028 -1.50153056 -3.02896622
  2.01620169  1.78191046  1.58151668  1.12533486  1.5881941  -2.44421559
 -2.5073671   1.78907345  1.03427234 -0.29185915 -2.47720453  1.43098291
 -1.04394799 -3.04762127 -0.04720676  1.89751591 -2.7012848  -2.36816625
  1.87611896  1.02966622 -0.62617477 -0.49631344 -0.92140785  1.96405513
  0.47262268 -0.35622605  0.40183279 -2.26662928  1.26136567 -0.15330681
  2.40236189  1.23319555  2.87809262 -1.05733885  2.10171171 -0.42989458
 -3.26841183  2.20322027  0.81147129  1.92881091 -1.2891966   1.4391062
 -2.12172276  0.20898509  0.08303734 -2.79059116 -0.90191436 -2.39307481
  0.0722781  -0.56898613]
Sat May 25 20:38:01 2024,887,0.09593800621252868,[-4.65847823  2.36664258 -1.84106089 -0.12409694  0.1867256  -2.68765089
  3.01282926  2.10571236  1.45518707 -0.92536052  0.6123998   1.09170234
  1.13210066 -1.54196791  0.77712892  2.80621756 -0.79815535 -0.63691737
 -1.75472042  0.60195897  1.67657204  2.99185602 -1.20875802 -0.31571271
 -2.42357618 -2.33803678  2.99458171  2.7632275  -0.54433283 -2.36481316
  1.48280765 -0.05850805 -2.31787451  2.09556446  1.28954024 -0.63853958
  0.84777192 -2.31880689 -0.02589541  2.15332912 -0.16394189  0.38886651
  2.71395762  1.04622485  2.4628565   3.16174767  2.64140813 -2.9393297
  0.2653742  -0.81572873  1.7588868   2.86399327 -0.51095131 -2.31763485
  2.78736968 -3.21076743  0.79394313 -0.63487993 -1.74135911  2.69818406
 -1.80955075 -1.58813076 -2.30391407  2.18800699 -2.4512853   2.13559762
  2.07465233  1.53540754  2.38308437  2.80474836  1.64886109  1.20012668
 -1.51324541 -2.22927526  1.47130191  0.71194278  1.31361911 -3.01402361
 -0.37770308  2.51831683 -1.03585431  1.2875202   1.48329444  0.54455007
 -0.83302121  1.11514375  0.66824169 -0.38370041  2.80473726 -1.99307045
  1.53804628 -0.48681167  1.09033631 -2.84976596 -2.45832365  0.45773146
 -1.16150474 -0.49457599  0.36531618 -0.11126739 -1.65032847 -0.04116993
 -0.85970552  2.81181074 -1.06239941 -1.38013504 -0.9488343   1.07796532
  1.85224703 -0.69616523  1.97232744 -2.19417586 -0.34727709 -0.73251672
 -2.89008059  3.16480371 -1.63194491  3.13522472 -1.26602545 -2.70847988
  3.36217154 -1.23322286 -0.77649602 -2.88407584 -2.7172055   2.5456412
 -2.13655213 -2.04712772 -0.18154881  3.14998775  0.24664282  0.21384965
 -1.25020338 -0.67764019 -1.73376986 -3.03025077  2.87032658  1.23551007
 -0.48570743 -2.18838452  1.10971128 -1.10585765 -0.49042486 -2.73954092
 -2.06516894  1.865548   -0.87381211  2.62185211 -0.4541951  -2.67151331
 -2.82019544  2.26182972 -3.14423352 -0.44536824 -1.0023483  -0.24660768
  2.34754187  1.84025273  0.01820743 -2.55288727 -2.65892183  0.24436955
 -0.76666219  1.24524134 -2.62771089  1.12505246 -0.38397806  0.42076286
  1.91903319  0.4581185   0.65074849 -1.27156722  1.7916122   2.93982481
  0.99593911  0.22180244 -1.1418122   2.42278791  0.72674082 -1.90977339
 -0.05037928  1.87092243  0.98664704 -1.08002974 -2.30130887  2.22238435
  2.00398649  1.92832369  2.29723366  1.9157872  -1.66121699 -3.10389858
  0.42852303  1.34475806 -2.26275514 -1.12583554  2.31183714  1.39294665
 -0.27195689 -1.84442292 -1.64823709  1.96528107  1.30723902 -1.01188302
 -0.23075457 -0.69309149 -0.30339035  2.30246089 -0.66193839 -0.9353432
  0.7759101  -2.35268946  0.59026886  2.78422846 -0.35242991  2.04722759
 -1.86126407 -1.35336626 -2.59736803 -2.42273027 -1.50153057 -3.02896621
  2.01620168  1.78191048  1.58151669  1.12533485  1.58819409 -2.4442156
 -2.50736709  1.78907346  1.03427233 -0.29185916 -2.47720452  1.43098292
 -1.043948   -3.04762126 -0.04720675  1.89751592 -2.70128479 -2.36816624
  1.87611897  1.0296662  -0.62617478 -0.49631345 -0.92140784  1.96405512
  0.47262269 -0.35622606  0.40183277 -2.26662927  1.26136566 -0.15330682
  2.40236188  1.23319556  2.87809263 -1.05733886  2.1017117  -0.42989457
 -3.26841182  2.20322029  0.81147128  1.92881092 -1.28919662  1.43910619
 -2.12172278  0.2089851   0.08303733 -2.79059115 -0.90191435 -2.3930748
  0.07227809 -0.56898612]
Sat May 25 20:39:20 2024,888,0.09593800621193636,[-4.65847825  2.36664257 -1.84106091 -0.12409693  0.18672561 -2.68765088
  3.01282927  2.10571238  1.45518705 -0.92536053  0.61239981  1.09170233
  1.13210065 -1.54196792  0.77712893  2.80621755 -0.79815534 -0.63691736
 -1.75472041  0.60195895  1.67657205  2.99185603 -1.20875801 -0.31571273
 -2.42357617 -2.33803677  2.99458172  2.76322751 -0.54433284 -2.36481318
  1.48280766 -0.05850804 -2.31787452  2.09556445  1.28954022 -0.63853957
  0.84777191 -2.3188069  -0.02589542  2.15332913 -0.16394188  0.38886652
  2.71395761  1.04622484  2.46285651  3.16174766  2.64140812 -2.93932969
  0.26537419 -0.81572872  1.75888679  2.86399326 -0.51095132 -2.31763484
  2.78736969 -3.21076742  0.79394312 -0.63487994 -1.7413591   2.69818407
 -1.80955074 -1.58813077 -2.30391408  2.18800698 -2.45128531  2.1355976
  2.07465234  1.53540755  2.38308438  2.80474835  1.6488611   1.20012667
 -1.51324542 -2.22927525  1.4713019   0.71194279  1.3136191  -3.01402362
 -0.37770309  2.51831685 -1.03585432  1.28752021  1.48329445  0.54455006
 -0.8330212   1.11514376  0.6682417  -0.3837004   2.80473728 -1.99307044
  1.53804629 -0.48681168  1.0903363  -2.84976595 -2.45832366  0.45773147
 -1.16150473 -0.494576    0.36531617 -0.11126738 -1.65032848 -0.04116994
 -0.85970553  2.81181075 -1.0623994  -1.38013505 -0.94883429  1.07796531
  1.85224705 -0.69616522  1.97232745 -2.19417585 -0.3472771  -0.73251671
 -2.89008058  3.1648037  -1.6319449   3.13522473 -1.26602546 -2.7084799
  3.36217155 -1.23322285 -0.77649603 -2.88407583 -2.71720549  2.54564119
 -2.13655212 -2.04712771 -0.18154879  3.14998776  0.24664281  0.21384966
 -1.2502034  -0.6776402  -1.73376987 -3.03025078  2.87032659  1.23551008
 -0.48570742 -2.18838451  1.10971129 -1.10585766 -0.49042484 -2.73954091
 -2.06516895  1.86554799 -0.87381212  2.6218521  -0.45419511 -2.67151332
 -2.82019545  2.26182971 -3.14423353 -0.44536825 -1.00234831 -0.24660766
  2.34754186  1.84025274  0.01820742 -2.55288728 -2.65892185  0.24436956
 -0.7666622   1.24524133 -2.62771088  1.12505247 -0.38397805  0.42076285
  1.91903321  0.45811851  0.6507485  -1.27156723  1.79161219  2.93982483
  0.9959391   0.22180245 -1.14181221  2.4227879   0.72674083 -1.90977338
 -0.0503793   1.87092244  0.98664705 -1.08002973 -2.30130888  2.22238437
  2.0039865   1.92832368  2.29723367  1.91578719 -1.66121698 -3.10389859
  0.42852302  1.34475807 -2.26275513 -1.12583553  2.31183713  1.39294664
 -0.27195687 -1.84442291 -1.64823708  1.96528106  1.30723901 -1.01188303
 -0.23075458 -0.6930915  -0.30339036  2.30246088 -0.66193838 -0.93534321
  0.77591011 -2.35268945  0.59026885  2.78422847 -0.35242992  2.0472276
 -1.86126406 -1.35336627 -2.59736802 -2.42273028 -1.50153058 -3.0289662
  2.01620169  1.78191046  1.58151668  1.12533486  1.5881941  -2.44421559
 -2.5073671   1.78907345  1.03427234 -0.29185917 -2.47720453  1.43098291
 -1.04394799 -3.04762127 -0.04720676  1.89751593 -2.70128478 -2.36816625
  1.87611898  1.02966619 -0.62617477 -0.49631344 -0.92140785  1.96405511
  0.47262268 -0.35622608  0.40183279 -2.26662926  1.26136567 -0.15330681
  2.40236189  1.23319557  2.87809262 -1.05733887  2.10171169 -0.42989455
 -3.2684118   2.20322027  0.81147129  1.92881091 -1.28919663  1.43910618
 -2.12172276  0.20898509  0.08303734 -2.79059114 -0.90191436 -2.39307481
  0.07227808 -0.56898611]
Sat May 25 20:39:42 2024,889,0.09593800621134407,[-4.65847826  2.36664256 -1.84106092 -0.12409692  0.18672562 -2.68765089
  3.01282929  2.10571239  1.45518707 -0.92536052  0.6123998   1.09170234
  1.13210064 -1.54196791  0.77712894  2.80621756 -0.79815535 -0.63691737
 -1.7547204   0.60195894  1.67657206  2.99185604 -1.208758   -0.31571274
 -2.42357616 -2.33803676  2.99458174  2.7632275  -0.54433285 -2.36481319
  1.48280765 -0.05850803 -2.31787451  2.09556444  1.28954021 -0.63853956
  0.84777192 -2.31880689 -0.02589541  2.15332914 -0.16394187  0.38886654
  2.7139576   1.04622483  2.4628565   3.16174767  2.64140811 -2.9393297
  0.26537418 -0.81572871  1.75888678  2.86399325 -0.51095133 -2.31763483
  2.7873697  -3.21076743  0.79394313 -0.63487995 -1.74135911  2.69818406
 -1.80955073 -1.58813076 -2.30391407  2.18800697 -2.4512853   2.13559759
  2.07465236  1.53540754  2.38308437  2.80474836  1.64886109  1.20012666
 -1.51324543 -2.22927526  1.47130189  0.71194278  1.31361909 -3.01402364
 -0.3777031   2.51831683 -1.03585434  1.28752022  1.48329446  0.54455007
 -0.83302119  1.11514375  0.66824169 -0.38370039  2.80473729 -1.99307045
  1.5380463  -0.48681169  1.09033631 -2.84976596 -2.45832367  0.45773146
 -1.16150474 -0.49457601  0.36531618 -0.11126737 -1.65032847 -0.04116993
 -0.85970554  2.81181076 -1.06239941 -1.38013504 -0.9488343   1.07796532
  1.85224706 -0.69616523  1.97232744 -2.19417586 -0.34727711 -0.7325167
 -2.89008059  3.16480369 -1.63194488  3.13522474 -1.26602547 -2.70847991
  3.36217154 -1.23322284 -0.77649604 -2.88407584 -2.7172055   2.5456412
 -2.13655211 -2.04712772 -0.18154878  3.14998777  0.24664279  0.21384965
 -1.25020341 -0.67764021 -1.73376986 -3.03025079  2.8703266   1.23551007
 -0.4857074  -2.1883845   1.10971128 -1.10585765 -0.49042486 -2.73954092
 -2.06516894  1.865548   -0.87381213  2.62185208 -0.4541951  -2.67151331
 -2.82019546  2.2618297  -3.14423354 -0.44536824 -1.00234832 -0.24660768
  2.34754185  1.84025275  0.01820743 -2.55288729 -2.65892183  0.24436957
 -0.76666221  1.24524134 -2.62771089  1.12505246 -0.38397804  0.42076284
  1.91903319  0.45811853  0.65074851 -1.27156722  1.79161218  2.93982484
  0.99593911  0.22180246 -1.14181223  2.42278789  0.72674082 -1.90977339
 -0.05037928  1.87092243  0.98664706 -1.08002974 -2.30130887  2.22238435
  2.00398649  1.92832367  2.29723368  1.9157872  -1.66121699 -3.1038986
  0.42852303  1.34475808 -2.26275512 -1.12583552  2.31183714  1.39294665
 -0.27195686 -1.84442292 -1.64823709  1.96528105  1.30723902 -1.01188304
 -0.23075459 -0.69309149 -0.30339035  2.30246087 -0.66193839 -0.9353432
  0.7759101  -2.35268946  0.59026886  2.78422846 -0.35242991  2.04722761
 -1.86126405 -1.35336626 -2.59736801 -2.42273027 -1.50153057 -3.02896618
  2.0162017   1.78191048  1.58151669  1.12533485  1.58819411 -2.4442156
 -2.50736709  1.78907344  1.03427233 -0.29185916 -2.47720454  1.4309829
 -1.04394798 -3.04762126 -0.04720675  1.89751592 -2.70128477 -2.36816624
  1.876119    1.0296662  -0.62617478 -0.49631343 -0.92140784  1.96405512
  0.47262269 -0.35622606  0.4018328  -2.26662925  1.26136566 -0.15330682
  2.40236188  1.23319556  2.87809263 -1.05733886  2.10171168 -0.42989457
 -3.26841179  2.20322029  0.81147128  1.9288109  -1.28919662  1.43910619
 -2.12172275  0.20898508  0.08303733 -2.79059115 -0.90191437 -2.3930748
  0.07227807 -0.56898612]
Sat May 25 20:40:07 2024,890,0.09593800621075295,[-4.65847827  2.36664255 -1.84106093 -0.12409691  0.18672561 -2.6876509
  3.01282927  2.1057124   1.45518708 -0.92536051  0.61239978  1.09170235
  1.13210065 -1.5419679   0.77712893  2.80621757 -0.79815534 -0.63691736
 -1.75472039  0.60195895  1.67657207  2.99185603 -1.20875801 -0.31571273
 -2.42357617 -2.33803677  2.99458172  2.76322749 -0.54433284 -2.36481318
  1.48280766 -0.05850801 -2.31787452  2.09556443  1.28954022 -0.63853955
  0.84777191 -2.3188069  -0.0258954   2.15332916 -0.16394188  0.38886655
  2.71395758  1.04622484  2.46285651  3.16174769  2.64140812 -2.93932971
  0.26537419 -0.81572872  1.75888677  2.86399324 -0.51095134 -2.31763484
  2.78736969 -3.21076742  0.79394312 -0.63487994 -1.7413591   2.69818407
 -1.80955072 -1.58813075 -2.30391406  2.18800698 -2.45128529  2.1355976
  2.07465237  1.53540753  2.38308438  2.80474837  1.64886107  1.20012665
 -1.51324544 -2.22927528  1.4713019   0.71194277  1.31361908 -3.01402362
 -0.37770309  2.51831685 -1.03585435  1.28752023  1.48329447  0.54455006
 -0.83302117  1.11514374  0.66824168 -0.38370038  2.8047373  -1.99307044
  1.53804632 -0.48681168  1.09033632 -2.84976597 -2.45832368  0.45773147
 -1.16150473 -0.494576    0.3653162  -0.11126738 -1.65032846 -0.04116992
 -0.85970555  2.81181075 -1.06239942 -1.38013505 -0.94883429  1.07796533
  1.85224707 -0.69616524  1.97232745 -2.19417585 -0.34727712 -0.73251671
 -2.89008061  3.1648037  -1.63194487  3.13522476 -1.26602548 -2.7084799
  3.36217153 -1.23322283 -0.77649605 -2.88407583 -2.71720549  2.54564119
 -2.13655212 -2.04712771 -0.18154879  3.14998776  0.24664281  0.21384964
 -1.2502034  -0.6776402  -1.73376987 -3.03025078  2.87032661  1.23551008
 -0.48570742 -2.18838449  1.10971129 -1.10585766 -0.49042484 -2.73954091
 -2.06516895  1.86554799 -0.87381212  2.62185207 -0.45419511 -2.67151332
 -2.82019545  2.26182969 -3.14423353 -0.44536825 -1.00234831 -0.24660766
  2.34754184  1.84025276  0.01820745 -2.5528873  -2.65892185  0.24436958
 -0.7666622   1.24524133 -2.62771088  1.12505245 -0.38397803  0.42076285
  1.91903318  0.45811854  0.6507485  -1.27156723  1.79161219  2.93982485
  0.99593912  0.22180245 -1.14181224  2.42278788  0.72674081 -1.90977338
 -0.0503793   1.87092244  0.98664705 -1.08002973 -2.30130888  2.22238434
  2.0039865   1.92832368  2.29723367  1.91578721 -1.661217   -3.10389861
  0.42852302  1.34475807 -2.26275513 -1.1258355   2.31183715  1.39294664
 -0.27195685 -1.84442293 -1.6482371   1.96528103  1.30723903 -1.01188303
 -0.23075458 -0.69309148 -0.30339034  2.30246088 -0.6619384  -0.93534319
  0.77591009 -2.35268945  0.59026885  2.78422847 -0.3524299   2.0472276
 -1.86126406 -1.35336627 -2.597368   -2.42273026 -1.50153056 -3.0289662
  2.01620169  1.78191049  1.58151668  1.12533484  1.5881941  -2.44421561
 -2.5073671   1.78907343  1.03427232 -0.29185915 -2.47720453  1.43098291
 -1.04394799 -3.04762125 -0.04720674  1.89751593 -2.70128478 -2.36816625
  1.87611901  1.02966619 -0.62617479 -0.49631344 -0.92140783  1.96405511
  0.4726227  -0.35622608  0.40183281 -2.26662924  1.26136567 -0.15330684
  2.40236189  1.23319555  2.87809262 -1.05733885  2.10171169 -0.42989455
 -3.26841178  2.20322027  0.81147127  1.92881091 -1.28919663  1.4391062
 -2.12172274  0.20898507  0.08303734 -2.79059114 -0.90191438 -2.39307479
  0.07227808 -0.56898611]
Sat May 25 20:40:30 2024,891,0.09593800621016332,[-4.65847828  2.36664253 -1.84106094 -0.1240969   0.1867256  -2.68765091
  3.01282929  2.10571239  1.45518707 -0.9253605   0.61239977  1.09170236
  1.13210066 -1.54196788  0.77712894  2.80621756 -0.79815535 -0.63691735
 -1.7547204   0.60195897  1.67657206  2.99185604 -1.208758   -0.31571272
 -2.42357616 -2.33803676  2.99458171  2.7632275  -0.54433285 -2.36481319
  1.48280765 -0.05850803 -2.31787453  2.09556442  1.28954021 -0.63853956
  0.8477719  -2.31880691 -0.02589541  2.15332914 -0.16394187  0.38886654
  2.7139576   1.04622485  2.4628565   3.1617477   2.64140813 -2.9393297
  0.26537418 -0.81572871  1.75888678  2.86399323 -0.51095136 -2.31763485
  2.78736968 -3.21076741  0.79394311 -0.63487995 -1.74135911  2.69818406
 -1.80955071 -1.58813076 -2.30391405  2.18800697 -2.4512853   2.13559759
  2.07465238  1.53540752  2.38308439  2.80474839  1.64886106  1.20012664
 -1.51324545 -2.22927529  1.47130189  0.71194276  1.31361909 -3.01402361
 -0.3777031   2.51831686 -1.03585434  1.28752024  1.48329448  0.54455005
 -0.83302116  1.11514373  0.66824169 -0.38370039  2.80473729 -1.99307045
  1.5380463  -0.48681169  1.09033631 -2.84976598 -2.45832367  0.45773146
 -1.16150472 -0.49457599  0.36531618 -0.11126739 -1.65032847 -0.04116993
 -0.85970554  2.81181074 -1.06239943 -1.38013506 -0.94883427  1.07796534
  1.85224708 -0.69616523  1.97232744 -2.19417586 -0.34727713 -0.73251672
 -2.89008062  3.16480369 -1.63194488  3.13522474 -1.26602547 -2.70847991
  3.36217152 -1.23322284 -0.77649607 -2.88407584 -2.7172055   2.54564118
 -2.13655213 -2.0471277  -0.18154881  3.14998775  0.2466428   0.21384963
 -1.25020338 -0.67764019 -1.73376986 -3.03025079  2.8703266   1.23551007
 -0.48570743 -2.18838447  1.10971128 -1.10585767 -0.49042483 -2.73954092
 -2.06516896  1.865548   -0.87381213  2.62185206 -0.4541951  -2.67151333
 -2.82019544  2.2618297  -3.14423352 -0.44536826 -1.0023483  -0.24660768
  2.34754185  1.84025277  0.01820746 -2.55288731 -2.65892183  0.24436957
 -0.76666221  1.24524134 -2.62771087  1.12505244 -0.38397802  0.42076284
  1.91903317  0.45811853  0.65074849 -1.27156724  1.7916122   2.93982486
  0.99593911  0.22180246 -1.14181223  2.42278789  0.72674082 -1.90977339
 -0.05037931  1.87092243  0.98664706 -1.08002972 -2.30130889  2.22238433
  2.00398651  1.92832367  2.29723366  1.91578723 -1.66121699 -3.10389863
  0.42852303  1.34475806 -2.26275512 -1.12583552  2.31183714  1.39294663
 -0.27195684 -1.84442294 -1.64823711  1.96528102  1.30723902 -1.01188302
 -0.23075459 -0.69309147 -0.30339033  2.30246089 -0.66193841 -0.9353432
  0.77591007 -2.35268946  0.59026886  2.78422846 -0.35242989  2.04722761
 -1.86126405 -1.35336626 -2.59736801 -2.42273027 -1.50153057 -3.02896621
  2.0162017   1.7819105   1.58151669  1.12533485  1.58819411 -2.44421563
 -2.50736711  1.78907342  1.03427233 -0.29185913 -2.47720454  1.4309829
 -1.04394798 -3.04762126 -0.04720673  1.89751594 -2.70128479 -2.36816626
  1.876119    1.0296662  -0.62617478 -0.49631345 -0.92140782  1.96405512
  0.47262271 -0.35622606  0.40183282 -2.26662923  1.26136566 -0.15330685
  2.40236188  1.23319556  2.87809261 -1.05733884  2.1017117  -0.42989457
 -3.26841179  2.20322029  0.81147126  1.9288109  -1.28919664  1.43910619
 -2.12172273  0.20898506  0.08303733 -2.79059113 -0.90191439 -2.39307478
  0.07227809 -0.56898612]
Sat May 25 20:40:53 2024,892,0.09593800620957493,[-4.65847829  2.36664255 -1.84106095 -0.12409688  0.18672561 -2.68765093
  3.0128293   2.1057124   1.45518708 -0.92536049  0.61239978  1.09170237
  1.13210065 -1.54196787  0.77712893  2.80621757 -0.79815536 -0.63691736
 -1.75472039  0.60195895  1.67657207  2.99185603 -1.20875801 -0.31571273
 -2.42357617 -2.33803675  2.9945817   2.76322751 -0.54433286 -2.36481318
  1.48280766 -0.05850804 -2.31787452  2.09556443  1.28954022 -0.63853955
  0.84777189 -2.3188069  -0.02589542  2.15332913 -0.16394188  0.38886655
  2.71395761  1.04622486  2.46285651  3.16174769  2.64140812 -2.93932969
  0.26537419 -0.81572872  1.75888679  2.86399322 -0.51095137 -2.31763486
  2.78736967 -3.2107674   0.79394312 -0.63487994 -1.74135912  2.69818407
 -1.80955072 -1.58813077 -2.30391404  2.18800698 -2.45128529  2.13559758
  2.07465237  1.53540753  2.38308438  2.8047484   1.64886107  1.20012665
 -1.51324544 -2.22927528  1.47130188  0.71194277  1.3136191  -3.01402362
 -0.37770311  2.51831685 -1.03585432  1.28752025  1.48329449  0.54455004
 -0.83302115  1.11514374  0.6682417  -0.3837004   2.80473728 -1.99307047
  1.53804631 -0.4868117   1.09033632 -2.84976597 -2.45832366  0.45773147
 -1.16150473 -0.49457598  0.3653162  -0.11126738 -1.65032848 -0.04116994
 -0.85970553  2.81181073 -1.06239944 -1.38013505 -0.94883426  1.07796533
  1.85224709 -0.69616524  1.97232743 -2.19417585 -0.34727715 -0.73251671
 -2.89008063  3.16480368 -1.6319449   3.13522473 -1.26602548 -2.70847992
  3.3621715  -1.23322285 -0.77649608 -2.88407583 -2.71720549  2.54564117
 -2.13655214 -2.04712771 -0.18154882  3.14998776  0.24664281  0.21384962
 -1.25020337 -0.67764018 -1.73376987 -3.03025078  2.87032661  1.23551008
 -0.48570744 -2.18838449  1.10971127 -1.10585766 -0.49042484 -2.73954093
 -2.06516895  1.86554799 -0.87381214  2.62185207 -0.45419509 -2.67151332
 -2.82019543  2.26182971 -3.14423353 -0.44536827 -1.00234829 -0.24660766
  2.34754186  1.84025278  0.01820745 -2.55288732 -2.65892182  0.24436956
 -0.76666222  1.24524135 -2.62771086  1.12505242 -0.38397803  0.42076283
  1.91903318  0.45811854  0.65074848 -1.27156723  1.79161221  2.93982487
  0.99593912  0.22180245 -1.14181224  2.42278788  0.72674083 -1.90977338
 -0.05037932  1.87092242  0.98664705 -1.08002973 -2.30130891  2.22238432
  2.00398652  1.92832365  2.29723365  1.91578724 -1.661217   -3.10389861
  0.42852304  1.34475805 -2.26275511 -1.1258355   2.31183713  1.39294662
 -0.27195683 -1.84442293 -1.6482371   1.96528103  1.30723903 -1.01188303
 -0.2307546  -0.69309146 -0.30339032  2.30246088 -0.6619384  -0.93534319
  0.77591006 -2.35268945  0.59026885  2.78422845 -0.35242988  2.0472276
 -1.86126406 -1.35336624 -2.597368   -2.42273026 -1.50153058 -3.02896622
  2.01620169  1.78191051  1.58151668  1.12533486  1.5881941  -2.44421564
 -2.5073671   1.78907343  1.03427232 -0.29185915 -2.47720455  1.43098289
 -1.04394799 -3.04762127 -0.04720672  1.89751593 -2.7012848  -2.36816625
  1.87611901  1.02966621 -0.62617479 -0.49631346 -0.92140781  1.96405511
  0.4726227  -0.35622605  0.40183281 -2.26662922  1.26136565 -0.15330684
  2.40236189  1.23319557  2.8780926  -1.05733883  2.10171169 -0.42989455
 -3.26841178  2.20322027  0.81147125  1.92881091 -1.28919663  1.4391062
 -2.12172272  0.20898507  0.08303732 -2.79059114 -0.90191438 -2.39307479
  0.0722781  -0.56898611]
Sat May 25 20:41:28 2024,893,0.09593800620898721,[-4.6584783   2.36664256 -1.84106094 -0.1240969   0.1867256  -2.68765092
  3.01282931  2.10571239  1.45518707 -0.9253605   0.6123998   1.09170236
  1.13210064 -1.54196786  0.77712894  2.80621758 -0.79815537 -0.63691737
 -1.75472038  0.60195894  1.67657209  2.99185604 -1.208758   -0.31571274
 -2.42357616 -2.33803676  2.99458171  2.7632275  -0.54433287 -2.36481316
  1.48280765 -0.05850803 -2.31787451  2.09556442  1.28954021 -0.63853956
  0.84777188 -2.31880689 -0.02589541  2.15332914 -0.16394189  0.38886654
  2.7139576   1.04622487  2.46285652  3.16174767  2.64140811 -2.9393297
  0.26537418 -0.81572873  1.7588868   2.8639932  -0.51095136 -2.31763488
  2.78736966 -3.21076739  0.79394311 -0.63487995 -1.74135913  2.69818408
 -1.80955071 -1.58813076 -2.30391405  2.18800697 -2.4512853   2.13559757
  2.07465236  1.53540752  2.38308437  2.80474839  1.64886106  1.20012666
 -1.51324545 -2.22927529  1.47130189  0.71194278  1.31361911 -3.01402361
 -0.37770313  2.51831686 -1.03585434  1.28752024  1.48329448  0.54455005
 -0.83302114  1.11514375  0.66824171 -0.38370039  2.80473727 -1.99307045
  1.5380463  -0.48681169  1.09033631 -2.84976596 -2.45832367  0.45773148
 -1.16150472 -0.49457599  0.36531621 -0.11126737 -1.65032847 -0.04116995
 -0.85970554  2.81181074 -1.06239945 -1.38013506 -0.94883425  1.07796532
  1.8522471  -0.69616526  1.97232742 -2.19417584 -0.34727713 -0.7325167
 -2.89008062  3.16480369 -1.63194488  3.13522474 -1.26602547 -2.70847991
  3.36217152 -1.23322284 -0.77649607 -2.88407582 -2.7172055   2.54564115
 -2.13655215 -2.0471277  -0.18154881  3.14998777  0.24664282  0.21384963
 -1.25020338 -0.67764019 -1.73376986 -3.03025077  2.87032662  1.23551009
 -0.48570743 -2.1883845   1.10971128 -1.10585767 -0.49042483 -2.73954092
 -2.06516896  1.865548   -0.87381216  2.62185208 -0.4541951  -2.67151333
 -2.82019544  2.26182972 -3.14423352 -0.44536826 -1.0023483  -0.24660765
  2.34754187  1.84025279  0.01820743 -2.55288731 -2.65892183  0.24436955
 -0.76666223  1.24524134 -2.62771084  1.12505244 -0.38397802  0.42076284
  1.91903317  0.45811853  0.65074846 -1.27156722  1.79161222  2.93982486
  0.99593911  0.22180244 -1.14181223  2.42278786  0.72674084 -1.90977339
 -0.05037931  1.87092241  0.98664706 -1.08002972 -2.30130892  2.22238433
  2.00398653  1.92832367  2.29723364  1.91578723 -1.66121699 -3.1038986
  0.42852305  1.34475806 -2.26275509 -1.12583549  2.31183714  1.39294663
 -0.27195684 -1.84442294 -1.64823709  1.96528105  1.30723902 -1.01188302
 -0.23075461 -0.69309147 -0.30339033  2.30246089 -0.66193841 -0.93534318
  0.77591005 -2.35268946  0.59026884  2.78422846 -0.35242989  2.04722759
 -1.86126407 -1.35336626 -2.59736799 -2.42273027 -1.50153059 -3.02896623
  2.01620168  1.7819105   1.58151669  1.12533487  1.58819411 -2.44421565
 -2.50736711  1.78907344  1.03427233 -0.29185916 -2.47720456  1.43098287
 -1.04394798 -3.04762126 -0.04720671  1.89751594 -2.70128482 -2.36816626
  1.87611902  1.0296662  -0.6261748  -0.49631348 -0.92140779  1.9640551
  0.47262271 -0.35622606  0.4018328  -2.2666292   1.26136566 -0.15330685
  2.40236188  1.23319558  2.87809261 -1.05733884  2.10171168 -0.42989454
 -3.26841177  2.20322029  0.81147126  1.92881092 -1.28919664  1.43910619
 -2.12172273  0.20898508  0.0830373  -2.79059113 -0.90191437 -2.39307478
  0.07227809 -0.5689861 ]
Sat May 25 20:41:52 2024,894,0.09593800620840028,[-4.65847831  2.36664255 -1.84106093 -0.12409691  0.18672561 -2.68765093
  3.0128293   2.10571238  1.45518708 -0.92536051  0.61239978  1.09170237
  1.13210065 -1.54196785  0.77712893  2.80621759 -0.79815538 -0.63691738
 -1.75472039  0.60195893  1.6765721   2.99185606 -1.20875801 -0.31571275
 -2.42357614 -2.33803677  2.99458172  2.76322749 -0.54433286 -2.36481315
  1.48280766 -0.05850801 -2.31787452  2.09556443  1.2895402  -0.63853955
  0.84777187 -2.31880687 -0.0258954   2.15332916 -0.1639419   0.38886655
  2.71395761  1.04622486  2.46285653  3.16174766  2.64140812 -2.93932969
  0.26537419 -0.81572874  1.75888679  2.86399322 -0.51095137 -2.31763486
  2.78736964 -3.2107674   0.79394312 -0.63487996 -1.74135912  2.69818409
 -1.80955069 -1.58813077 -2.30391404  2.18800696 -2.45128531  2.13559756
  2.07465235  1.53540753  2.38308436  2.80474838  1.64886107  1.20012665
 -1.51324544 -2.2292753   1.47130188  0.71194277  1.3136191  -3.0140236
 -0.37770311  2.51831687 -1.03585432  1.28752023  1.48329449  0.54455006
 -0.83302115  1.11514374  0.66824172 -0.38370038  2.80473725 -1.99307047
  1.53804631 -0.48681168  1.09033632 -2.84976595 -2.45832368  0.45773149
 -1.16150473 -0.49457598  0.36531622 -0.11126738 -1.65032848 -0.04116997
 -0.85970553  2.81181075 -1.06239944 -1.38013505 -0.94883424  1.07796533
  1.85224709 -0.69616524  1.9723274  -2.19417583 -0.34727712 -0.73251671
 -2.89008063  3.1648037  -1.6319449   3.13522476 -1.26602546 -2.70847992
  3.3621715  -1.23322283 -0.77649608 -2.88407581 -2.71720551  2.54564117
 -2.13655214 -2.04712768 -0.18154882  3.14998778  0.24664281  0.21384962
 -1.25020337 -0.6776402  -1.73376987 -3.03025076  2.87032663  1.2355101
 -0.48570742 -2.18838449  1.10971129 -1.10585768 -0.49042484 -2.73954091
 -2.06516897  1.86554801 -0.87381217  2.62185209 -0.45419509 -2.67151332
 -2.82019543  2.26182971 -3.14423353 -0.44536825 -1.00234831 -0.24660764
  2.34754188  1.84025281  0.01820742 -2.5528873  -2.65892185  0.24436954
 -0.76666224  1.24524133 -2.62771083  1.12505242 -0.383978    0.42076283
  1.91903316  0.45811851  0.65074845 -1.27156723  1.79161223  2.93982485
  0.99593912  0.22180245 -1.14181224  2.42278785  0.72674085 -1.9097734
 -0.0503793   1.8709224   0.98664705 -1.08002973 -2.30130891  2.22238434
  2.00398652  1.92832368  2.29723365  1.91578721 -1.661217   -3.10389861
  0.42852306  1.34475805 -2.26275508 -1.12583548  2.31183715  1.39294662
 -0.27195685 -1.84442293 -1.6482371   1.96528106  1.30723901 -1.01188301
 -0.23075462 -0.69309148 -0.30339032  2.3024609  -0.66193842 -0.93534319
  0.77591004 -2.35268945  0.59026882  2.78422845 -0.3524299   2.0472276
 -1.86126406 -1.35336624 -2.597368   -2.42273028 -1.5015306  -3.02896622
  2.01620169  1.78191049  1.58151668  1.12533486  1.5881941  -2.44421566
 -2.50736712  1.78907345  1.03427234 -0.29185917 -2.47720457  1.43098286
 -1.04394797 -3.04762127 -0.0472067   1.89751593 -2.7012848  -2.36816625
  1.87611903  1.02966621 -0.62617481 -0.49631346 -0.92140781  1.96405511
  0.4726227  -0.35622608  0.40183279 -2.26662919  1.26136565 -0.15330684
  2.40236187  1.23319559  2.87809262 -1.05733885  2.10171166 -0.42989453
 -3.26841178  2.2032203   0.81147125  1.92881093 -1.28919663  1.4391062
 -2.12172272  0.20898509  0.08303732 -2.79059112 -0.90191438 -2.39307477
  0.0722781  -0.56898611]
Sat May 25 20:42:15 2024,895,0.09593800620781516,[-4.65847832  2.36664256 -1.84106092 -0.1240969   0.18672562 -2.68765092
  3.01282931  2.10571239  1.45518709 -0.9253605   0.6123998   1.09170236
  1.13210066 -1.54196784  0.77712892  2.80621758 -0.79815537 -0.63691739
 -1.7547204   0.60195892  1.67657211  2.99185607 -1.208758   -0.31571274
 -2.42357613 -2.33803678  2.99458174  2.76322748 -0.54433287 -2.36481316
  1.48280767 -0.058508   -2.31787451  2.09556444  1.28954021 -0.63853956
  0.84777188 -2.31880689 -0.02589539  2.15332917 -0.16394189  0.38886656
  2.71395762  1.04622487  2.46285654  3.16174767  2.64140811 -2.9393297
  0.26537418 -0.81572873  1.75888678  2.86399323 -0.51095138 -2.31763485
  2.78736963 -3.21076739  0.79394313 -0.63487995 -1.74135911  2.69818408
 -1.80955068 -1.58813076 -2.30391405  2.18800697 -2.4512853   2.13559757
  2.07465233  1.53540754  2.38308435  2.80474836  1.64886109  1.20012664
 -1.51324543 -2.22927531  1.47130189  0.71194278  1.31361911 -3.01402361
 -0.3777031   2.51831688 -1.03585431  1.28752024  1.48329448  0.54455007
 -0.83302116  1.11514373  0.66824171 -0.38370039  2.80473727 -1.99307048
  1.5380463  -0.48681169  1.09033631 -2.84976593 -2.45832367  0.45773148
 -1.16150472 -0.49457599  0.36531623 -0.11126739 -1.65032849 -0.04116998
 -0.85970552  2.81181074 -1.06239945 -1.38013506 -0.94883425  1.07796534
  1.8522471  -0.69616526  1.97232742 -2.19417582 -0.34727711 -0.73251672
 -2.89008062  3.16480371 -1.63194491  3.13522474 -1.26602547 -2.70847993
  3.36217152 -1.23322284 -0.77649607 -2.88407582 -2.7172055   2.54564115
 -2.13655213 -2.0471277  -0.18154883  3.14998777  0.2466428   0.21384963
 -1.25020336 -0.67764019 -1.73376986 -3.03025075  2.87032664  1.23551009
 -0.4857074  -2.1883845   1.10971128 -1.10585769 -0.49042486 -2.73954092
 -2.06516899  1.86554802 -0.87381218  2.62185211 -0.45419508 -2.67151331
 -2.82019544  2.26182972 -3.14423352 -0.44536826 -1.0023483  -0.24660763
  2.34754189  1.84025282  0.01820741 -2.55288729 -2.65892186  0.24436953
 -0.76666225  1.24524132 -2.62771082  1.12505244 -0.38397802  0.42076282
  1.91903315  0.45811853  0.65074846 -1.27156722  1.79161222  2.93982486
  0.99593911  0.22180244 -1.14181225  2.42278784  0.72674084 -1.90977339
 -0.05037928  1.87092241  0.98664704 -1.08002974 -2.30130889  2.22238433
  2.00398651  1.92832367  2.29723366  1.91578723 -1.66121701 -3.1038986
  0.42852307  1.34475804 -2.26275509 -1.12583547  2.31183716  1.39294661
 -0.27195684 -1.84442294 -1.64823711  1.96528105  1.30723902 -1.011883
 -0.23075461 -0.69309147 -0.30339031  2.30246091 -0.66193843 -0.93534318
  0.77591005 -2.35268944  0.59026884  2.78422844 -0.35242991  2.04722759
 -1.86126407 -1.35336623 -2.59736799 -2.42273029 -1.50153061 -3.02896621
  2.0162017   1.78191048  1.58151669  1.12533487  1.58819409 -2.44421565
 -2.50736711  1.78907344  1.03427235 -0.29185916 -2.47720459  1.43098287
 -1.04394798 -3.04762128 -0.04720671  1.89751594 -2.70128479 -2.36816626
  1.87611904  1.0296662  -0.62617482 -0.49631348 -0.92140779  1.96405512
  0.47262269 -0.35622609  0.4018328  -2.2666292   1.26136566 -0.15330682
  2.40236188  1.23319558  2.87809261 -1.05733886  2.10171168 -0.42989454
 -3.26841177  2.20322029  0.81147124  1.92881094 -1.28919662  1.43910621
 -2.12172271  0.2089851   0.0830373  -2.79059111 -0.90191437 -2.39307476
  0.07227811 -0.56898612]
Sat May 25 20:42:38 2024,896,0.09593800620723096,[-4.65847833  2.36664255 -1.84106091 -0.12409688  0.18672561 -2.68765093
  3.0128293   2.1057124   1.45518708 -0.92536051  0.61239978  1.09170235
  1.13210065 -1.54196783  0.77712893  2.80621759 -0.79815536 -0.63691741
 -1.75472039  0.60195893  1.6765721   2.99185608 -1.20875799 -0.31571275
 -2.42357614 -2.33803677  2.99458172  2.76322746 -0.54433286 -2.36481318
  1.48280766 -0.05850801 -2.31787452  2.09556443  1.2895402  -0.63853957
  0.84777189 -2.31880687 -0.0258954   2.15332918 -0.16394188  0.38886655
  2.71395761  1.04622486  2.46285653  3.16174769  2.64140812 -2.93932971
  0.26537417 -0.81572872  1.75888677  2.86399324 -0.51095137 -2.31763484
  2.78736964 -3.21076738  0.79394314 -0.63487996 -1.74135912  2.69818407
 -1.80955067 -1.58813075 -2.30391406  2.18800696 -2.45128529  2.13559756
  2.07465232  1.53540755  2.38308434  2.80474835  1.6488611   1.20012662
 -1.51324542 -2.2292753   1.4713019   0.71194279  1.31361912 -3.0140236
 -0.37770311  2.51831689 -1.03585432  1.28752023  1.48329449  0.54455008
 -0.83302115  1.11514372  0.6682417  -0.3837004   2.80473728 -1.99307049
  1.53804629 -0.4868117   1.0903363  -2.84976592 -2.45832368  0.45773149
 -1.16150473 -0.494576    0.36531622 -0.11126738 -1.6503285  -0.04116999
 -0.85970553  2.81181073 -1.06239944 -1.38013507 -0.94883424  1.07796535
  1.85224709 -0.69616527  1.9723274  -2.19417583 -0.34727712 -0.73251671
 -2.89008061  3.1648037  -1.6319449   3.13522476 -1.26602546 -2.70847994
  3.36217153 -1.23322283 -0.77649605 -2.88407581 -2.71720551  2.54564117
 -2.13655214 -2.04712768 -0.18154882  3.14998776  0.24664281  0.21384962
 -1.25020337 -0.67764018 -1.73376987 -3.03025076  2.87032665  1.23551008
 -0.48570739 -2.18838449  1.10971129 -1.10585771 -0.49042487 -2.73954093
 -2.06516897  1.86554801 -0.87381217  2.62185212 -0.45419509 -2.6715133
 -2.82019543  2.26182971 -3.14423353 -0.44536827 -1.00234831 -0.24660762
  2.34754188  1.84025283  0.0182074  -2.55288728 -2.65892185  0.24436951
 -0.76666224  1.24524133 -2.62771083  1.12505245 -0.383978    0.42076283
  1.91903316  0.45811851  0.65074845 -1.27156721  1.79161223  2.93982485
  0.99593912  0.22180245 -1.14181224  2.42278785  0.72674085 -1.9097734
 -0.05037927  1.8709224   0.98664705 -1.08002975 -2.30130888  2.22238432
  2.0039865   1.92832368  2.29723367  1.91578721 -1.661217   -3.10389859
  0.42852308  1.34475803 -2.26275508 -1.12583548  2.31183715  1.3929466
 -0.27195683 -1.84442293 -1.6482371   1.96528106  1.30723903 -1.01188301
 -0.2307546  -0.69309148 -0.30339032  2.3024609  -0.66193842 -0.93534317
  0.77591006 -2.35268943  0.59026885  2.78422845 -0.3524299   2.0472276
 -1.86126406 -1.35336624 -2.597368   -2.4227303  -1.50153062 -3.0289662
  2.01620171  1.78191049  1.58151668  1.12533488  1.5881941  -2.44421566
 -2.50736712  1.78907345  1.03427234 -0.29185917 -2.47720457  1.43098286
 -1.04394799 -3.04762127 -0.0472067   1.89751593 -2.70128478 -2.36816625
  1.87611905  1.02966621 -0.62617481 -0.49631346 -0.92140778  1.96405513
  0.4726227  -0.35622608  0.40183279 -2.26662919  1.26136565 -0.15330684
  2.40236189  1.23319559  2.87809262 -1.05733887  2.10171166 -0.42989453
 -3.26841176  2.20322027  0.81147122  1.92881093 -1.28919663  1.4391062
 -2.1217227   0.20898511  0.08303729 -2.79059109 -0.90191438 -2.39307475
  0.07227812 -0.56898613]
Sat May 25 20:43:28 2024,897,0.09593800620664734,[-4.65847835  2.36664256 -1.84106089 -0.12409687  0.1867256  -2.68765094
  3.01282931  2.10571241  1.45518707 -0.9253605   0.61239977  1.09170234
  1.13210064 -1.54196782  0.77712892  2.80621758 -0.79815537 -0.63691739
 -1.75472038  0.60195894  1.67657211  2.99185607 -1.208758   -0.31571274
 -2.42357613 -2.33803678  2.99458174  2.76322745 -0.54433287 -2.36481316
  1.48280765 -0.058508   -2.31787453  2.09556444  1.28954021 -0.63853956
  0.84777188 -2.31880689 -0.02589541  2.15332919 -0.16394189  0.38886654
  2.71395762  1.04622487  2.46285654  3.16174767  2.64140811 -2.9393297
  0.26537418 -0.81572871  1.75888676  2.86399323 -0.51095136 -2.31763483
  2.78736963 -3.21076739  0.79394313 -0.63487995 -1.74135911  2.69818406
 -1.80955068 -1.58813076 -2.30391407  2.18800697 -2.4512853   2.13559755
  2.07465231  1.53540754  2.38308435  2.80474834  1.64886109  1.20012661
 -1.51324543 -2.22927529  1.47130191  0.7119428   1.31361913 -3.01402361
 -0.37770313  2.51831688 -1.03585431  1.28752024  1.48329448  0.54455007
 -0.83302114  1.11514371  0.66824169 -0.38370039  2.80473729 -1.99307048
  1.53804628 -0.48681169  1.09033629 -2.84976593 -2.45832369  0.45773148
 -1.16150472 -0.49457599  0.36531621 -0.11126737 -1.65032849 -0.04117
 -0.85970554  2.81181074 -1.06239943 -1.38013508 -0.94883423  1.07796534
  1.8522471  -0.69616526  1.97232742 -2.19417582 -0.34727711 -0.7325167
 -2.89008059  3.16480371 -1.63194491  3.13522477 -1.26602547 -2.70847995
  3.36217152 -1.23322284 -0.77649604 -2.8840758  -2.71720552  2.54564118
 -2.13655213 -2.0471277  -0.18154883  3.14998777  0.2466428   0.21384963
 -1.25020336 -0.67764019 -1.73376986 -3.03025077  2.87032667  1.23551007
 -0.48570738 -2.18838447  1.10971128 -1.10585769 -0.49042486 -2.73954092
 -2.06516896  1.865548   -0.87381216  2.62185211 -0.45419508 -2.67151331
 -2.82019544  2.26182972 -3.14423354 -0.44536828 -1.0023483  -0.24660763
  2.34754189  1.84025282  0.01820739 -2.55288729 -2.65892186  0.2443695
 -0.76666223  1.24524134 -2.62771084  1.12505244 -0.38397799  0.42076282
  1.91903315  0.4581185   0.65074844 -1.2715672   1.79161224  2.93982484
  0.99593911  0.22180246 -1.14181225  2.42278784  0.72674086 -1.90977341
 -0.05037926  1.87092239  0.98664704 -1.08002974 -2.30130889  2.22238433
  2.00398649  1.92832367  2.29723368  1.9157872  -1.66121699 -3.1038986
  0.42852309  1.34475802 -2.26275509 -1.12583547  2.31183714  1.39294659
 -0.27195684 -1.84442294 -1.64823711  1.96528107  1.30723905 -1.01188302
 -0.23075459 -0.69309147 -0.30339031  2.30246089 -0.66193843 -0.93534315
  0.77591007 -2.35268942  0.59026884  2.78422844 -0.35242991  2.04722761
 -1.86126405 -1.35336623 -2.59736799 -2.42273031 -1.50153061 -3.02896619
  2.01620173  1.78191048  1.58151667  1.12533487  1.58819409 -2.44421565
 -2.50736711  1.78907346  1.03427235 -0.29185916 -2.47720459  1.43098287
 -1.04394798 -3.04762126 -0.04720671  1.89751594 -2.70128477 -2.36816626
  1.87611906  1.02966623 -0.6261748  -0.49631345 -0.92140779  1.96405514
  0.47262271 -0.35622606  0.4018328  -2.2666292   1.26136566 -0.15330682
  2.4023619   1.23319558  2.87809263 -1.05733886  2.10171168 -0.42989452
 -3.26841175  2.20322026  0.81147121  1.92881092 -1.28919662  1.43910621
 -2.12172271  0.20898513  0.08303728 -2.79059108 -0.90191439 -2.39307476
  0.07227813 -0.56898614]
Sat May 25 20:43:55 2024,898,0.09593800620606524,[-4.65847836  2.36664255 -1.84106088 -0.12409688  0.18672561 -2.68765093
  3.01282932  2.1057124   1.45518705 -0.92536049  0.61239976  1.09170233
  1.13210065 -1.54196781  0.77712891  2.80621757 -0.79815536 -0.63691738
 -1.75472037  0.60195895  1.67657212  2.99185606 -1.20875799 -0.31571275
 -2.42357612 -2.33803677  2.99458172  2.76322746 -0.54433288 -2.36481315
  1.48280764 -0.05850799 -2.31787452  2.09556445  1.2895402  -0.63853955
  0.84777187 -2.31880687 -0.02589542  2.1533292  -0.1639419   0.38886655
  2.71395761  1.04622486  2.46285653  3.16174766  2.64140812 -2.93932971
  0.26537417 -0.8157287   1.75888675  2.86399324 -0.51095137 -2.31763484
  2.78736962 -3.21076738  0.79394312 -0.63487994 -1.74135912  2.69818405
 -1.80955067 -1.58813075 -2.30391408  2.18800698 -2.45128529  2.13559754
  2.0746523   1.53540753  2.38308434  2.80474835  1.6488611   1.2001266
 -1.51324544 -2.2292753   1.47130192  0.71194281  1.31361915 -3.01402362
 -0.37770311  2.51831687 -1.03585432  1.28752023  1.48329447  0.54455006
 -0.83302115  1.11514372  0.66824168 -0.38370038  2.8047373  -1.99307049
  1.53804629 -0.4868117   1.09033628 -2.84976595 -2.4583237   0.45773149
 -1.16150471 -0.494576    0.3653162  -0.11126736 -1.6503285  -0.04116999
 -0.85970555  2.81181075 -1.06239942 -1.3801351  -0.94883422  1.07796535
  1.85224711 -0.69616527  1.97232743 -2.19417583 -0.3472771  -0.73251671
 -2.89008061  3.16480372 -1.63194492  3.13522478 -1.26602546 -2.70847994
  3.3621715  -1.23322285 -0.77649605 -2.88407581 -2.71720553  2.54564117
 -2.13655212 -2.04712771 -0.18154882  3.14998778  0.24664281  0.21384964
 -1.25020337 -0.67764018 -1.73376987 -3.03025078  2.87032668  1.23551005
 -0.48570739 -2.18838449  1.10971129 -1.10585768 -0.49042487 -2.73954093
 -2.06516895  1.86554801 -0.87381214  2.62185212 -0.45419506 -2.67151332
 -2.82019543  2.26182973 -3.14423353 -0.44536827 -1.00234831 -0.24660762
  2.34754188  1.84025281  0.0182074  -2.5528873  -2.65892185  0.24436951
 -0.76666222  1.24524133 -2.62771083  1.12505245 -0.38397798  0.42076283
  1.91903314  0.45811851  0.65074843 -1.27156719  1.79161225  2.93982485
  0.99593912  0.22180245 -1.14181224  2.42278785  0.72674087 -1.9097734
 -0.05037927  1.87092238  0.98664703 -1.08002973 -2.30130888  2.22238432
  2.00398648  1.92832365  2.29723367  1.91578721 -1.66121698 -3.10389859
  0.42852308  1.34475801 -2.26275511 -1.12583546  2.31183715  1.39294658
 -0.27195683 -1.84442293 -1.6482371   1.96528106  1.30723906 -1.01188301
 -0.23075458 -0.69309148 -0.3033903   2.30246088 -0.66193842 -0.93534314
  0.77591006 -2.35268943  0.59026885  2.78422845 -0.3524299   2.04722762
 -1.86126406 -1.35336624 -2.59736798 -2.42273032 -1.50153062 -3.0289662
  2.01620174  1.78191046  1.58151668  1.12533486  1.5881941  -2.44421564
 -2.5073671   1.78907345  1.03427236 -0.29185917 -2.4772046   1.43098286
 -1.04394797 -3.04762125 -0.04720672  1.89751593 -2.70128478 -2.36816627
  1.87611905  1.02966624 -0.62617479 -0.49631344 -0.92140781  1.96405513
  0.4726227  -0.35622605  0.40183281 -2.26662922  1.26136567 -0.15330684
  2.40236189  1.23319557  2.87809264 -1.05733887  2.10171169 -0.42989451
 -3.26841176  2.20322025  0.8114712   1.92881093 -1.2891966   1.43910622
 -2.1217227   0.20898511  0.08303727 -2.79059107 -0.90191438 -2.39307475
  0.07227815 -0.56898613]
Sat May 25 20:44:24 2024,899,0.09593800620548389,[-4.65847837  2.36664256 -1.84106089 -0.12409687  0.18672562 -2.68765092
  3.01282933  2.10571241  1.45518704 -0.9253605   0.61239975  1.09170234
  1.13210064 -1.54196782  0.7771289   2.80621756 -0.79815535 -0.63691739
 -1.75472038  0.60195894  1.67657213  2.99185607 -1.208758   -0.31571276
 -2.42357611 -2.33803678  2.99458171  2.76322745 -0.54433287 -2.36481316
  1.48280765 -0.058508   -2.31787453  2.09556446  1.28954019 -0.63853956
  0.84777185 -2.31880686 -0.02589543  2.15332919 -0.16394189  0.38886654
  2.7139576   1.04622485  2.46285654  3.16174767  2.64140813 -2.9393297
  0.26537415 -0.81572869  1.75888676  2.86399325 -0.51095136 -2.31763483
  2.78736961 -3.21076737  0.79394313 -0.63487995 -1.74135911  2.69818404
 -1.80955068 -1.58813074 -2.30391409  2.18800697 -2.4512853   2.13559755
  2.07465231  1.53540752  2.38308433  2.80474834  1.64886111  1.20012661
 -1.51324545 -2.22927529  1.47130191  0.7119428   1.31361913 -3.01402364
 -0.3777031   2.51831688 -1.03585431  1.28752022  1.48329448  0.54455007
 -0.83302116  1.11514371  0.66824169 -0.38370037  2.80473729 -1.99307048
  1.5380463  -0.48681169  1.09033626 -2.84976593 -2.45832371  0.45773148
 -1.16150472 -0.49457601  0.36531618 -0.11126735 -1.65032849 -0.04116998
 -0.85970554  2.81181076 -1.06239943 -1.38013508 -0.94883423  1.07796536
  1.85224712 -0.69616528  1.97232744 -2.19417584 -0.34727709 -0.7325167
 -2.89008059  3.16480373 -1.63194493  3.13522477 -1.26602547 -2.70847993
  3.36217152 -1.23322286 -0.77649604 -2.88407582 -2.71720552  2.54564118
 -2.13655213 -2.04712772 -0.18154883  3.14998777  0.2466428   0.21384965
 -1.25020336 -0.67764019 -1.73376988 -3.03025077  2.87032667  1.23551004
 -0.4857074  -2.1883845   1.1097113  -1.10585769 -0.49042486 -2.73954092
 -2.06516894  1.86554802 -0.87381216  2.62185211 -0.45419505 -2.67151331
 -2.82019542  2.26182974 -3.14423354 -0.44536826 -1.00234832 -0.24660761
  2.34754187  1.84025282  0.01820741 -2.55288731 -2.65892183  0.2443695
 -0.76666223  1.24524134 -2.62771084  1.12505246 -0.38397799  0.42076284
  1.91903313  0.45811853  0.65074844 -1.27156718  1.79161224  2.93982484
  0.99593913  0.22180246 -1.14181223  2.42278784  0.72674086 -1.90977339
 -0.05037928  1.87092237  0.98664704 -1.08002972 -2.30130889  2.22238431
  2.00398647  1.92832364  2.29723368  1.9157872  -1.66121697 -3.10389858
  0.42852309  1.344758   -2.26275512 -1.12583547  2.31183716  1.39294659
 -0.27195682 -1.84442292 -1.64823711  1.96528105  1.30723905 -1.011883
 -0.23075457 -0.69309147 -0.30339028  2.30246087 -0.66193843 -0.93534313
  0.77591005 -2.35268944  0.59026884  2.78422844 -0.35242991  2.04722761
 -1.86126407 -1.35336626 -2.59736799 -2.42273033 -1.50153064 -3.02896621
  2.01620175  1.78191048  1.58151669  1.12533485  1.58819409 -2.44421565
 -2.50736711  1.78907346  1.03427235 -0.29185918 -2.47720461  1.43098287
 -1.04394798 -3.04762123 -0.04720671  1.89751592 -2.70128479 -2.36816628
  1.87611904  1.02966623 -0.62617478 -0.49631343 -0.92140779  1.96405512
  0.47262271 -0.35622604  0.4018328  -2.2666292   1.26136568 -0.15330682
  2.40236188  1.23319556  2.87809263 -1.05733888  2.1017117  -0.42989452
 -3.26841177  2.20322026  0.81147121  1.92881094 -1.28919659  1.43910623
 -2.12172271  0.20898513  0.08303726 -2.79059106 -0.90191439 -2.39307476
  0.07227816 -0.56898614]
Sat May 25 20:44:53 2024,900,0.09593800620490327,[-4.65847838  2.36664257 -1.84106088 -0.12409686  0.18672563 -2.6876509
  3.01282932  2.1057124   1.45518705 -0.92536051  0.61239974  1.09170233
  1.13210063 -1.54196781  0.77712889  2.80621757 -0.79815534 -0.63691741
 -1.75472037  0.60195893  1.67657212  2.99185606 -1.20875801 -0.31571277
 -2.42357612 -2.33803679  2.9945817   2.76322744 -0.54433286 -2.36481315
  1.48280766 -0.05850799 -2.31787452  2.09556445  1.28954018 -0.63853957
  0.84777184 -2.31880685 -0.02589542  2.1533292  -0.16394188  0.38886652
  2.71395761  1.04622486  2.46285653  3.16174766  2.64140814 -2.93932971
  0.26537414 -0.81572868  1.75888677  2.86399324 -0.51095134 -2.31763482
  2.78736962 -3.21076738  0.79394314 -0.63487996 -1.7413591   2.69818405
 -1.80955067 -1.58813073 -2.30391408  2.18800698 -2.45128529  2.13559754
  2.07465232  1.53540751  2.38308432  2.80474835  1.6488611   1.2001266
 -1.51324544 -2.22927528  1.47130192  0.71194281  1.31361915 -3.01402362
 -0.37770309  2.51831687 -1.03585432  1.28752023  1.48329449  0.54455008
 -0.83302117  1.1151437   0.6682417  -0.38370036  2.80473728 -1.99307049
  1.53804631 -0.4868117   1.09033628 -2.84976595 -2.45832373  0.45773147
 -1.16150471 -0.494576    0.3653162  -0.11126734 -1.6503285  -0.04116997
 -0.85970555  2.81181075 -1.06239944 -1.3801351  -0.94883424  1.07796537
  1.85224713 -0.69616529  1.97232743 -2.19417583 -0.34727708 -0.73251671
 -2.89008058  3.16480374 -1.63194494  3.13522478 -1.26602546 -2.70847992
  3.36217153 -1.23322285 -0.77649605 -2.88407581 -2.71720553  2.54564117
 -2.13655214 -2.04712771 -0.18154882  3.14998776  0.24664281  0.21384964
 -1.25020337 -0.6776402  -1.73376989 -3.03025078  2.87032665  1.23551003
 -0.48570742 -2.18838449  1.10971129 -1.10585771 -0.49042484 -2.73954091
 -2.06516895  1.86554803 -0.87381214  2.62185209 -0.45419506 -2.67151332
 -2.82019541  2.26182975 -3.14423353 -0.44536827 -1.00234831 -0.2466076
  2.34754186  1.84025281  0.0182074  -2.55288732 -2.65892185  0.24436951
 -0.76666224  1.24524135 -2.62771086  1.12505245 -0.383978    0.42076283
  1.91903314  0.45811854  0.65074843 -1.27156717  1.79161223  2.93982483
  0.99593914  0.22180247 -1.14181221  2.42278785  0.72674087 -1.90977338
 -0.0503793   1.87092238  0.98664705 -1.08002971 -2.30130891  2.2223843
  2.00398646  1.92832363  2.29723367  1.91578721 -1.66121698 -3.10389859
  0.4285231   1.34475801 -2.26275513 -1.12583546  2.31183717  1.39294658
 -0.27195683 -1.84442293 -1.6482371   1.96528106  1.30723906 -1.01188298
 -0.23075458 -0.69309148 -0.30339027  2.30246088 -0.66193845 -0.93534314
  0.77591006 -2.35268943  0.59026885  2.78422845 -0.3524299   2.04722762
 -1.86126406 -1.35336627 -2.597368   -2.42273032 -1.50153062 -3.0289662
  2.01620174  1.78191049  1.58151668  1.12533484  1.58819408 -2.44421566
 -2.50736712  1.78907347  1.03427234 -0.29185917 -2.4772046   1.43098289
 -1.04394797 -3.04762122 -0.04720672  1.89751591 -2.7012848  -2.36816627
  1.87611905  1.02966622 -0.62617479 -0.49631342 -0.92140778  1.96405511
  0.4726227  -0.35622605  0.40183281 -2.26662922  1.26136569 -0.15330684
  2.40236189  1.23319557  2.87809264 -1.05733887  2.10171171 -0.42989453
 -3.26841178  2.20322025  0.8114712   1.92881093 -1.2891966   1.43910622
 -2.1217227   0.20898514  0.08303725 -2.79059107 -0.90191438 -2.39307475
  0.07227815 -0.56898613]
Sat May 25 20:45:16 2024,901,0.09593800620432454,[-4.65847839  2.36664256 -1.84106087 -0.12409687  0.18672564 -2.68765089
  3.01282931  2.10571241  1.45518704 -0.92536052  0.61239973  1.09170231
  1.13210064 -1.5419678   0.7771289   2.80621756 -0.79815533 -0.63691742
 -1.75472038  0.60195894  1.67657213  2.99185607 -1.208758   -0.31571278
 -2.42357611 -2.33803678  2.99458169  2.76322743 -0.54433285 -2.36481316
  1.48280765 -0.058508   -2.31787451  2.09556444  1.28954019 -0.63853958
  0.84777183 -2.31880684 -0.02589543  2.15332921 -0.16394189  0.38886651
  2.71395762  1.04622487  2.46285652  3.16174767  2.64140815 -2.9393297
  0.26537413 -0.81572869  1.75888676  2.86399325 -0.51095136 -2.31763483
  2.78736963 -3.21076739  0.79394313 -0.63487995 -1.74135909  2.69818404
 -1.80955066 -1.58813074 -2.30391407  2.18800697 -2.45128528  2.13559755
  2.07465231  1.53540752  2.38308433  2.80474836  1.64886111  1.20012661
 -1.51324543 -2.22927527  1.47130194  0.71194282  1.31361916 -3.01402364
 -0.3777031   2.51831686 -1.03585434  1.28752022  1.48329448  0.54455007
 -0.83302118  1.11514371  0.66824169 -0.38370037  2.80473727 -1.9930705
  1.5380463  -0.48681169  1.09033626 -2.84976596 -2.45832371  0.45773146
 -1.16150472 -0.49457601  0.36531621 -0.11126735 -1.65032849 -0.04116998
 -0.85970556  2.81181076 -1.06239943 -1.38013508 -0.94883425  1.07796539
  1.85224715 -0.69616528  1.97232744 -2.19417582 -0.34727709 -0.73251672
 -2.89008059  3.16480375 -1.63194493  3.13522479 -1.26602547 -2.70847991
  3.36217152 -1.23322286 -0.77649604 -2.88407582 -2.71720552  2.54564116
 -2.13655215 -2.0471277  -0.18154881  3.14998777  0.24664282  0.21384965
 -1.25020336 -0.67764019 -1.73376988 -3.03025077  2.87032664  1.23551002
 -0.4857074  -2.18838447  1.1097113  -1.10585772 -0.49042483 -2.7395409
 -2.06516896  1.86554805 -0.87381213  2.62185208 -0.45419508 -2.67151333
 -2.8201954   2.26182976 -3.14423354 -0.44536826 -1.00234832 -0.24660761
  2.34754185  1.84025279  0.01820739 -2.55288731 -2.65892186  0.24436953
 -0.76666225  1.24524136 -2.62771084  1.12505244 -0.38397802  0.42076282
  1.91903315  0.45811853  0.65074842 -1.27156715  1.79161222  2.93982484
  0.99593913  0.22180246 -1.14181223  2.42278784  0.72674086 -1.90977337
 -0.05037928  1.87092237  0.98664706 -1.0800297  -2.30130889  2.22238431
  2.00398644  1.92832364  2.29723366  1.91578723 -1.66121699 -3.1038986
  0.42852309  1.34475802 -2.26275512 -1.12583547  2.31183716  1.39294659
 -0.27195682 -1.84442292 -1.64823711  1.96528107  1.30723907 -1.01188297
 -0.23075457 -0.69309149 -0.30339026  2.30246087 -0.66193843 -0.93534315
  0.77591005 -2.35268942  0.59026884  2.78422846 -0.35242989  2.04722761
 -1.86126405 -1.35336626 -2.59736801 -2.42273031 -1.50153064 -3.02896621
  2.01620175  1.78191048  1.58151669  1.12533483  1.58819409 -2.44421565
 -2.50736711  1.78907346  1.03427235 -0.29185916 -2.47720459  1.43098287
 -1.04394798 -3.04762121 -0.04720673  1.89751592 -2.70128479 -2.36816626
  1.87611904  1.02966623 -0.6261748  -0.49631343 -0.92140777  1.9640551
  0.47262271 -0.35622604  0.40183282 -2.26662923  1.26136568 -0.15330682
  2.4023619   1.23319556  2.87809263 -1.05733886  2.10171172 -0.42989452
 -3.26841179  2.20322024  0.81147119  1.92881092 -1.28919659  1.43910621
 -2.12172269  0.20898513  0.08303726 -2.79059106 -0.90191439 -2.39307476
  0.07227816 -0.56898612]
Sat May 25 20:45:39 2024,902,0.09593800620374597,[-4.6584784   2.36664257 -1.84106088 -0.12409688  0.18672563 -2.6876509
  3.0128293   2.10571242  1.45518705 -0.92536051  0.61239972  1.0917023
  1.13210063 -1.54196778  0.77712889  2.80621755 -0.79815534 -0.63691741
 -1.75472039  0.60195895  1.67657214  2.99185606 -1.20875799 -0.31571279
 -2.4235761  -2.33803677  2.9945817   2.76322742 -0.54433286 -2.36481315
  1.48280764 -0.05850801 -2.3178745   2.09556445  1.28954018 -0.63853959
  0.84777184 -2.31880683 -0.02589544  2.15332922 -0.16394188  0.38886652
  2.71395763  1.04622486  2.46285651  3.16174769  2.64140816 -2.93932969
  0.26537412 -0.8157287   1.75888675  2.86399324 -0.51095137 -2.31763484
  2.78736964 -3.21076738  0.79394314 -0.63487996 -1.74135908  2.69818405
 -1.80955065 -1.58813073 -2.30391408  2.18800696 -2.45128529  2.13559756
  2.07465232  1.53540751  2.38308434  2.80474835  1.64886112  1.2001266
 -1.51324544 -2.22927525  1.47130192  0.71194281  1.31361917 -3.01402365
 -0.37770309  2.51831685 -1.03585435  1.28752023  1.48329447  0.54455008
 -0.83302117  1.11514372  0.6682417  -0.38370036  2.80473728 -1.99307051
  1.53804629 -0.4868117   1.09033625 -2.84976595 -2.45832373  0.45773147
 -1.16150471 -0.49457602  0.36531622 -0.11126736 -1.65032848 -0.04116999
 -0.85970558  2.81181077 -1.06239944 -1.3801351  -0.94883424  1.0779654
  1.85224716 -0.69616527  1.97232745 -2.19417583 -0.34727708 -0.73251673
 -2.89008061  3.16480374 -1.63194494  3.13522478 -1.26602548 -2.70847992
  3.36217153 -1.23322285 -0.77649603 -2.88407583 -2.71720551  2.54564114
 -2.13655217 -2.04712771 -0.18154882  3.14998776  0.24664283  0.21384964
 -1.25020335 -0.67764018 -1.73376989 -3.03025076  2.87032665  1.23551003
 -0.48570742 -2.18838446  1.10971131 -1.10585773 -0.49042484 -2.73954089
 -2.06516895  1.86554803 -0.87381212  2.62185209 -0.45419506 -2.67151335
 -2.82019539  2.26182977 -3.14423353 -0.44536827 -1.00234833 -0.2466076
  2.34754184  1.84025278  0.01820738 -2.55288732 -2.65892187  0.24436954
 -0.76666226  1.24524135 -2.62771086  1.12505242 -0.383978    0.42076281
  1.91903316  0.45811851  0.65074841 -1.27156717  1.79161223  2.93982485
  0.99593914  0.22180245 -1.14181221  2.42278783  0.72674087 -1.90977338
 -0.05037927  1.87092236  0.98664705 -1.08002971 -2.30130888  2.22238432
  2.00398643  1.92832365  2.29723367  1.91578721 -1.66121698 -3.10389859
  0.4285231   1.34475801 -2.26275511 -1.12583548  2.31183715  1.3929466
 -0.27195681 -1.84442291 -1.64823712  1.96528108  1.30723908 -1.01188298
 -0.23075456 -0.69309148 -0.30339025  2.30246086 -0.66193845 -0.93534314
  0.77591006 -2.35268943  0.59026882  2.78422845 -0.35242988  2.04722762
 -1.86126404 -1.35336624 -2.59736802 -2.4227303  -1.50153062 -3.02896622
  2.01620176  1.78191046  1.58151668  1.12533484  1.5881941  -2.44421566
 -2.50736712  1.78907347  1.03427236 -0.29185917 -2.4772046   1.43098289
 -1.04394799 -3.0476212  -0.04720672  1.89751593 -2.7012848  -2.36816627
  1.87611903  1.02966622 -0.62617481 -0.49631344 -0.92140776  1.96405509
  0.47262272 -0.35622605  0.40183281 -2.26662924  1.26136569 -0.15330681
  2.40236189  1.23319557  2.87809264 -1.05733885  2.10171171 -0.42989453
 -3.2684118   2.20322025  0.81147118  1.92881091 -1.2891966   1.43910622
 -2.12172268  0.20898511  0.08303725 -2.79059105 -0.90191441 -2.39307475
  0.07227817 -0.56898611]
Sat May 25 20:46:06 2024,903,0.09593800620316874,[-4.65847841  2.36664258 -1.84106089 -0.12409687  0.18672562 -2.68765092
  3.01282931  2.10571241  1.45518707 -0.92536052  0.61239971  1.09170231
  1.13210064 -1.5419678   0.77712888  2.80621754 -0.79815533 -0.63691739
 -1.7547204   0.60195894  1.67657213  2.99185607 -1.20875798 -0.31571278
 -2.42357609 -2.33803676  2.99458171  2.76322743 -0.54433287 -2.36481314
  1.48280763 -0.05850803 -2.31787449  2.09556446  1.28954017 -0.6385396
  0.84777183 -2.31880682 -0.02589543  2.15332923 -0.16394189  0.38886651
  2.71395762  1.04622485  2.4628565   3.1617477   2.64140815 -2.9393297
  0.26537413 -0.81572869  1.75888676  2.86399323 -0.51095138 -2.31763485
  2.78736966 -3.21076737  0.79394315 -0.63487997 -1.74135907  2.69818404
 -1.80955064 -1.58813074 -2.30391407  2.18800697 -2.45128528  2.13559757
  2.07465233  1.53540752  2.38308435  2.80474834  1.64886113  1.20012659
 -1.51324543 -2.22927527  1.47130191  0.7119428   1.31361918 -3.01402366
 -0.3777031   2.51831686 -1.03585434  1.28752024  1.48329448  0.54455009
 -0.83302118  1.11514371  0.66824171 -0.38370037  2.80473727 -1.9930705
  1.53804628 -0.48681169  1.09033624 -2.84976596 -2.45832371  0.45773146
 -1.16150472 -0.49457601  0.36531621 -0.11126737 -1.65032849 -0.04117
 -0.85970556  2.81181078 -1.06239943 -1.38013508 -0.94883425  1.07796539
  1.85224715 -0.69616526  1.97232746 -2.19417584 -0.34727709 -0.73251674
 -2.89008059  3.16480373 -1.63194493  3.13522479 -1.26602547 -2.70847991
  3.36217154 -1.23322286 -0.77649602 -2.88407584 -2.7172055   2.54564113
 -2.13655215 -2.04712772 -0.18154883  3.14998775  0.24664282  0.21384965
 -1.25020334 -0.67764019 -1.7337699  -3.03025077  2.87032664  1.23551004
 -0.4857074  -2.18838447  1.1097113  -1.10585772 -0.49042483 -2.73954087
 -2.06516896  1.86554805 -0.87381213  2.62185211 -0.45419505 -2.67151333
 -2.82019538  2.26182976 -3.14423354 -0.44536826 -1.00234832 -0.24660761
  2.34754185  1.84025279  0.01820739 -2.55288733 -2.65892186  0.24436955
 -0.76666225  1.24524136 -2.62771087  1.12505244 -0.38397802  0.4207628
  1.91903317  0.45811853  0.65074842 -1.27156715  1.79161222  2.93982486
  0.99593913  0.22180246 -1.1418122   2.42278782  0.72674088 -1.90977339
 -0.05037928  1.87092234  0.98664704 -1.0800297  -2.30130887  2.22238433
  2.00398642  1.92832367  2.29723368  1.9157872  -1.66121697 -3.10389858
  0.42852309  1.344758   -2.26275509 -1.12583549  2.31183716  1.39294659
 -0.2719568  -1.8444229  -1.64823711  1.96528107  1.30723907 -1.011883
 -0.23075455 -0.69309149 -0.30339024  2.30246087 -0.66193846 -0.93534313
  0.77591005 -2.35268944  0.59026884  2.78422846 -0.35242989  2.04722761
 -1.86126405 -1.35336623 -2.59736801 -2.42273029 -1.50153061 -3.02896623
  2.01620177  1.78191045  1.58151667  1.12533485  1.58819409 -2.44421565
 -2.50736713  1.78907348  1.03427235 -0.29185918 -2.47720461  1.4309829
 -1.04394798 -3.04762121 -0.04720673  1.89751592 -2.70128479 -2.36816628
  1.87611904  1.0296662  -0.6261748  -0.49631345 -0.92140777  1.96405507
  0.47262271 -0.35622604  0.4018328  -2.26662923  1.26136568 -0.1533068
  2.40236188  1.23319558  2.87809265 -1.05733886  2.1017117  -0.42989454
 -3.26841179  2.20322024  0.81147117  1.9288109  -1.28919662  1.43910621
 -2.12172269  0.20898513  0.08303724 -2.79059104 -0.90191439 -2.39307474
  0.07227818 -0.5689861 ]
Sat May 25 20:46:29 2024,904,0.09593800620259281,[-4.65847842  2.36664259 -1.84106088 -0.12409688  0.18672561 -2.6876509
  3.0128293   2.1057124   1.45518705 -0.92536051  0.6123997   1.09170233
  1.13210065 -1.54196781  0.77712889  2.80621755 -0.79815531 -0.63691738
 -1.75472041  0.60195895  1.67657212  2.99185608 -1.20875797 -0.31571277
 -2.42357608 -2.33803677  2.99458172  2.76322742 -0.54433286 -2.36481315
  1.48280761 -0.05850804 -2.3178745   2.09556447  1.28954018 -0.63853959
  0.84777182 -2.31880681 -0.02589542  2.15332922 -0.1639419   0.3888665
  2.71395763  1.04622484  2.46285651  3.16174771  2.64140816 -2.93932969
  0.26537412 -0.81572868  1.75888677  2.86399322 -0.51095139 -2.31763484
  2.78736967 -3.21076738  0.79394314 -0.63487996 -1.74135905  2.69818405
 -1.80955063 -1.58813073 -2.30391406  2.18800698 -2.45128529  2.13559758
  2.07465234  1.53540753  2.38308436  2.80474835  1.64886112  1.2001266
 -1.51324542 -2.22927525  1.4713019   0.71194281  1.31361917 -3.01402365
 -0.37770309  2.51831687 -1.03585435  1.28752023  1.48329449  0.5445501
 -0.83302117  1.1151437   0.66824172 -0.38370038  2.80473725 -1.99307051
  1.53804629 -0.4868117   1.09033623 -2.84976597 -2.4583237   0.45773147
 -1.16150473 -0.494576    0.36531622 -0.11126738 -1.6503285  -0.04116999
 -0.85970558  2.81181079 -1.06239944 -1.38013507 -0.94883426  1.07796537
  1.85224716 -0.69616527  1.97232747 -2.19417583 -0.3472771  -0.73251673
 -2.89008058  3.16480374 -1.63194492  3.1352248  -1.26602546 -2.70847992
  3.36217155 -1.23322285 -0.77649603 -2.88407585 -2.71720549  2.54564114
 -2.13655217 -2.04712771 -0.18154882  3.14998774  0.24664283  0.21384964
 -1.25020333 -0.6776402  -1.73376991 -3.03025076  2.87032665  1.23551005
 -0.48570739 -2.18838449  1.10971131 -1.10585773 -0.49042482 -2.73954089
 -2.06516895  1.86554803 -0.87381214  2.62185212 -0.45419506 -2.67151332
 -2.82019539  2.26182975 -3.14423353 -0.44536827 -1.00234831 -0.24660762
  2.34754184  1.84025278  0.0182074  -2.55288732 -2.65892187  0.24436956
 -0.76666224  1.24524137 -2.62771086  1.12505242 -0.38397803  0.42076279
  1.91903316  0.45811851  0.65074843 -1.27156714  1.79161223  2.93982487
  0.99593912  0.22180247 -1.14181221  2.42278781  0.72674087 -1.90977338
 -0.05037929  1.87092233  0.98664705 -1.08002969 -2.30130886  2.22238432
  2.00398643  1.92832368  2.29723369  1.91578719 -1.66121696 -3.10389859
  0.42852308  1.34475801 -2.26275511 -1.1258355   2.31183715  1.3929466
 -0.27195679 -1.84442289 -1.64823712  1.96528106  1.30723908 -1.01188298
 -0.23075456 -0.69309148 -0.30339025  2.30246086 -0.66193845 -0.93534314
  0.77591006 -2.35268945  0.59026885  2.78422847 -0.3524299   2.04722762
 -1.86126406 -1.35336622 -2.597368   -2.4227303  -1.5015306  -3.02896622
  2.01620176  1.78191046  1.58151668  1.12533484  1.5881941  -2.44421566
 -2.50736715  1.78907349  1.03427236 -0.29185919 -2.47720462  1.43098289
 -1.04394799 -3.0476212  -0.04720674  1.89751593 -2.7012848  -2.36816627
  1.87611905  1.02966619 -0.62617481 -0.49631346 -0.92140778  1.96405506
  0.4726227  -0.35622605  0.40183281 -2.26662922  1.26136567 -0.15330679
  2.40236187  1.23319559  2.87809266 -1.05733885  2.10171169 -0.42989455
 -3.26841178  2.20322023  0.81147116  1.92881091 -1.2891966   1.43910622
 -2.12172268  0.20898514  0.08303723 -2.79059103 -0.90191441 -2.39307475
  0.07227817 -0.56898609]
Sat May 25 20:46:52 2024,905,0.0959380062020174,[-4.65847843  2.3666426  -1.84106089 -0.1240969   0.1867256  -2.68765092
  3.01282931  2.10571239  1.45518704 -0.9253605   0.61239968  1.09170231
  1.13210064 -1.5419678   0.7771289   2.80621754 -0.79815533 -0.63691739
 -1.7547204   0.60195896  1.67657211  2.99185609 -1.20875796 -0.31571276
 -2.42357609 -2.33803678  2.99458174  2.76322741 -0.54433285 -2.36481314
  1.4828076  -0.05850803 -2.31787451  2.09556446  1.28954019 -0.63853958
  0.84777181 -2.3188068  -0.02589543  2.15332921 -0.16394189  0.38886651
  2.71395764  1.04622483  2.4628565   3.1617477   2.64140817 -2.9393297
  0.26537413 -0.81572869  1.75888676  2.8639932  -0.51095138 -2.31763483
  2.78736966 -3.21076737  0.79394313 -0.63487995 -1.74135907  2.69818404
 -1.80955064 -1.58813074 -2.30391405  2.18800699 -2.45128528  2.13559759
  2.07465233  1.53540754  2.38308437  2.80474834  1.64886113  1.20012661
 -1.51324543 -2.22927524  1.47130191  0.71194282  1.31361916 -3.01402364
 -0.3777031   2.51831688 -1.03585436  1.28752024  1.4832945   0.54455011
 -0.83302118  1.11514371  0.66824173 -0.38370037  2.80473724 -1.9930705
  1.5380463  -0.48681169  1.09033624 -2.84976598 -2.45832371  0.45773148
 -1.16150472 -0.49457599  0.36531623 -0.11126739 -1.65032849 -0.04116998
 -0.85970559  2.81181081 -1.06239945 -1.38013508 -0.94883425  1.07796536
  1.85224717 -0.69616528  1.97232748 -2.19417582 -0.34727711 -0.73251674
 -2.89008059  3.16480375 -1.63194491  3.13522481 -1.26602545 -2.70847993
  3.36217156 -1.23322284 -0.77649604 -2.88407586 -2.7172055   2.54564113
 -2.13655218 -2.04712772 -0.18154883  3.14998773  0.24664284  0.21384965
 -1.25020332 -0.67764021 -1.7337699  -3.03025075  2.87032664  1.23551007
 -0.48570738 -2.18838447  1.1097113  -1.10585772 -0.49042481 -2.73954087
 -2.06516894  1.86554805 -0.87381213  2.62185211 -0.45419508 -2.67151331
 -2.8201954   2.26182976 -3.14423352 -0.44536828 -1.0023483  -0.24660761
  2.34754185  1.84025279  0.01820739 -2.55288733 -2.65892186  0.24436957
 -0.76666225  1.24524136 -2.62771084  1.12505241 -0.38397804  0.4207628
  1.91903315  0.45811853  0.65074842 -1.27156715  1.79161222  2.93982488
  0.99593911  0.22180248 -1.14181223  2.42278782  0.72674086 -1.90977339
 -0.05037928  1.87092232  0.98664704 -1.0800297  -2.30130885  2.22238433
  2.00398642  1.92832367  2.2972337   1.91578718 -1.66121697 -3.10389858
  0.42852309  1.344758   -2.26275509 -1.12583549  2.31183714  1.39294659
 -0.2719568  -1.84442288 -1.64823713  1.96528107  1.30723909 -1.01188297
 -0.23075457 -0.69309149 -0.30339026  2.30246085 -0.66193846 -0.93534315
  0.77591005 -2.35268944  0.59026884  2.78422846 -0.35242989  2.04722761
 -1.86126407 -1.35336621 -2.59736799 -2.42273029 -1.50153061 -3.02896621
  2.01620175  1.78191045  1.58151669  1.12533485  1.58819409 -2.44421567
 -2.50736716  1.78907351  1.03427237 -0.2918592  -2.47720461  1.4309829
 -1.043948   -3.04762119 -0.04720673  1.89751594 -2.70128482 -2.36816626
  1.87611904  1.0296662  -0.6261748  -0.49631347 -0.92140779  1.96405507
  0.47262271 -0.35622604  0.4018328  -2.26662923  1.26136566 -0.1533068
  2.40236188  1.23319558  2.87809267 -1.05733886  2.1017117  -0.42989454
 -3.26841179  2.20322022  0.81147117  1.9288109  -1.28919662  1.43910623
 -2.12172266  0.20898515  0.08303724 -2.79059102 -0.90191442 -2.39307474
  0.07227816 -0.56898608]
Sat May 25 20:47:25 2024,906,0.0959380062014434,[-4.65847844  2.36664259 -1.84106091 -0.12409688  0.18672561 -2.6876509
  3.01282932  2.1057124   1.45518705 -0.92536049  0.6123997   1.0917023
  1.13210065 -1.54196778  0.77712891  2.80621755 -0.79815534 -0.63691741
 -1.75472041  0.60195895  1.6765721   2.99185608 -1.20875795 -0.31571277
 -2.42357608 -2.33803677  2.99458172  2.7632274  -0.54433284 -2.36481313
  1.48280761 -0.05850804 -2.3178745   2.09556447  1.2895402  -0.63853959
  0.8477718  -2.31880679 -0.02589544  2.1533292  -0.16394188  0.3888665
  2.71395763  1.04622482  2.46285649  3.16174769  2.64140816 -2.93932969
  0.26537412 -0.81572868  1.75888677  2.86399322 -0.51095137 -2.31763482
  2.78736964 -3.21076738  0.79394314 -0.63487994 -1.74135905  2.69818405
 -1.80955063 -1.58813075 -2.30391404  2.18800698 -2.45128527  2.13559758
  2.07465232  1.53540755  2.38308436  2.80474833  1.64886114  1.20012662
 -1.51324544 -2.22927525  1.47130192  0.71194283  1.31361915 -3.01402365
 -0.37770311  2.51831689 -1.03585437  1.28752025  1.48329452  0.5445501
 -0.83302117  1.1151437   0.66824172 -0.38370036  2.80473725 -1.99307051
  1.53804629 -0.4868117   1.09033623 -2.84976599 -2.45832373  0.45773147
 -1.16150471 -0.494576    0.36531622 -0.1112674  -1.65032848 -0.04116997
 -0.8597056   2.81181079 -1.06239944 -1.3801351  -0.94883426  1.07796535
  1.85224718 -0.69616527  1.97232747 -2.19417583 -0.3472771  -0.73251673
 -2.89008061  3.16480374 -1.6319449   3.13522482 -1.26602544 -2.70847992
  3.36217157 -1.23322283 -0.77649605 -2.88407585 -2.71720549  2.54564114
 -2.13655217 -2.04712773 -0.18154884  3.14998772  0.24664283  0.21384966
 -1.25020333 -0.6776402  -1.73376991 -3.03025076  2.87032665  1.23551005
 -0.48570739 -2.18838446  1.10971129 -1.10585771 -0.49042482 -2.73954089
 -2.06516893  1.86554803 -0.87381212  2.62185212 -0.45419509 -2.6715133
 -2.82019541  2.26182975 -3.14423353 -0.44536829 -1.00234831 -0.24660762
  2.34754186  1.84025278  0.0182074  -2.55288735 -2.65892187  0.24436956
 -0.76666226  1.24524137 -2.62771083  1.12505242 -0.38397805  0.42076279
  1.91903314  0.45811851  0.65074841 -1.27156714  1.79161223  2.93982489
  0.9959391   0.2218025  -1.14181221  2.42278781  0.72674087 -1.9097734
 -0.05037927  1.87092233  0.98664703 -1.08002971 -2.30130884  2.22238432
  2.00398643  1.92832368  2.29723371  1.91578717 -1.66121698 -3.10389857
  0.42852308  1.34475798 -2.26275508 -1.12583548  2.31183715  1.39294658
 -0.27195679 -1.84442289 -1.64823712  1.96528108  1.30723908 -1.01188296
 -0.23075456 -0.69309148 -0.30339027  2.30246084 -0.66193845 -0.93534314
  0.77591004 -2.35268943  0.59026882  2.78422845 -0.3524299   2.04722762
 -1.86126408 -1.35336622 -2.597368   -2.4227303  -1.5015306  -3.0289662
  2.01620174  1.78191044  1.58151668  1.12533484  1.58819408 -2.44421568
 -2.50736715  1.78907349  1.03427236 -0.29185921 -2.47720462  1.43098289
 -1.04394801 -3.04762118 -0.04720674  1.89751595 -2.7012848  -2.36816625
  1.87611903  1.02966619 -0.62617481 -0.49631349 -0.92140778  1.96405509
  0.4726227  -0.35622605  0.40183279 -2.26662922  1.26136565 -0.15330681
  2.40236187  1.23319557  2.87809269 -1.05733885  2.10171171 -0.42989455
 -3.26841178  2.20322021  0.81147116  1.92881089 -1.2891966   1.43910622
 -2.12172265  0.20898514  0.08303723 -2.79059103 -0.90191443 -2.39307472
  0.07227817 -0.56898607]
Sat May 25 20:47:47 2024,907,0.09593800620087019,[-4.65847846  2.36664258 -1.84106092 -0.12409687  0.18672562 -2.68765091
  3.01282931  2.10571239  1.45518707 -0.9253605   0.61239971  1.09170231
  1.13210066 -1.54196777  0.7771289   2.80621756 -0.79815535 -0.63691739
 -1.75472042  0.60195896  1.67657209  2.99185609 -1.20875796 -0.31571276
 -2.42357607 -2.33803678  2.99458171  2.76322741 -0.54433285 -2.36481312
  1.48280763 -0.05850805 -2.31787451  2.09556446  1.28954019 -0.63853958
  0.84777181 -2.31880678 -0.02589545  2.15332919 -0.16394189  0.38886649
  2.71395764  1.04622483  2.46285648  3.16174767  2.64140817 -2.93932968
  0.26537413 -0.81572866  1.75888676  2.86399323 -0.51095136 -2.31763481
  2.78736963 -3.21076739  0.79394315 -0.63487993 -1.74135904  2.69818404
 -1.80955062 -1.58813074 -2.30391405  2.18800699 -2.45128526  2.13559759
  2.07465231  1.53540756  2.38308435  2.80474834  1.64886115  1.20012661
 -1.51324543 -2.22927524  1.47130191  0.71194282  1.31361916 -3.01402366
 -0.37770312  2.51831688 -1.03585436  1.28752026  1.48329453  0.54455011
 -0.83302116  1.11514369  0.66824171 -0.38370035  2.80473727 -1.9930705
  1.5380463  -0.48681171  1.09033624 -2.84976598 -2.45832374  0.45773148
 -1.16150472 -0.49457601  0.36531623 -0.11126739 -1.65032847 -0.04116996
 -0.85970559  2.81181081 -1.06239945 -1.38013508 -0.94883425  1.07796536
  1.85224717 -0.69616526  1.97232748 -2.19417582 -0.34727711 -0.73251674
 -2.89008059  3.16480375 -1.63194491  3.13522481 -1.26602545 -2.70847993
  3.36217158 -1.23322281 -0.77649604 -2.88407586 -2.7172055   2.54564113
 -2.13655218 -2.04712774 -0.18154885  3.14998773  0.24664282  0.21384967
 -1.25020334 -0.67764021 -1.7337699  -3.03025077  2.87032667  1.23551004
 -0.48570738 -2.18838445  1.10971128 -1.10585772 -0.49042481 -2.7395409
 -2.06516894  1.86554805 -0.87381211  2.62185213 -0.4541951  -2.67151331
 -2.82019542  2.26182974 -3.14423352 -0.4453683  -1.00234832 -0.24660763
  2.34754185  1.84025279  0.01820739 -2.55288736 -2.65892188  0.24436955
 -0.76666227  1.24524138 -2.62771084  1.12505244 -0.38397804  0.42076277
  1.91903315  0.45811853  0.65074842 -1.27156715  1.79161222  2.93982488
  0.99593909  0.22180248 -1.14181223  2.4227878   0.72674086 -1.90977341
 -0.05037926  1.87092234  0.98664701 -1.08002972 -2.30130885  2.22238433
  2.00398642  1.92832367  2.29723373  1.91578716 -1.66121699 -3.10389858
  0.42852307  1.344758   -2.26275507 -1.12583547  2.31183716  1.39294657
 -0.2719568  -1.84442288 -1.64823713  1.96528107  1.30723909 -1.01188297
 -0.23075457 -0.69309149 -0.30339028  2.30246085 -0.66193846 -0.93534313
  0.77591005 -2.35268942  0.59026884  2.78422844 -0.35242991  2.04722763
 -1.86126409 -1.35336623 -2.59736799 -2.42273029 -1.50153059 -3.02896621
  2.01620173  1.78191045  1.58151669  1.12533485  1.58819407 -2.44421567
 -2.50736714  1.78907351  1.03427235 -0.29185922 -2.47720461  1.4309829
 -1.043948   -3.04762117 -0.04720675  1.89751594 -2.70128482 -2.36816626
  1.87611904  1.02966618 -0.62617482 -0.49631347 -0.92140777  1.9640551
  0.47262271 -0.35622604  0.40183278 -2.26662923  1.26136564 -0.15330682
  2.40236186  1.23319558  2.87809267 -1.05733886  2.10171172 -0.42989454
 -3.26841179  2.20322022  0.81147117  1.92881088 -1.28919662  1.43910623
 -2.12172266  0.20898515  0.08303722 -2.79059102 -0.90191442 -2.39307474
  0.07227818 -0.56898608]
Sat May 25 20:48:10 2024,908,0.09593800620029855,[-4.65847847  2.36664259 -1.84106091 -0.12409688  0.18672561 -2.6876509
  3.0128293   2.10571238  1.45518708 -0.92536051  0.6123997   1.0917023
  1.13210065 -1.54196776  0.77712889  2.80621755 -0.79815534 -0.63691741
 -1.75472041  0.60195895  1.6765721   2.9918561  -1.20875797 -0.31571277
 -2.42357606 -2.33803679  2.9945817   2.76322742 -0.54433286 -2.36481313
  1.48280761 -0.05850804 -2.3178745   2.09556445  1.28954018 -0.63853959
  0.84777182 -2.31880679 -0.02589546  2.1533292  -0.1639419   0.3888665
  2.71395763  1.04622484  2.46285649  3.16174766  2.64140816 -2.93932967
  0.26537414 -0.81572865  1.75888675  2.86399322 -0.51095137 -2.31763482
  2.78736962 -3.2107674   0.79394316 -0.63487991 -1.74135905  2.69818403
 -1.80955063 -1.58813073 -2.30391404  2.18800698 -2.45128527  2.13559758
  2.0746523   1.53540755  2.38308434  2.80474835  1.64886114  1.20012662
 -1.51324544 -2.22927525  1.4713019   0.71194283  1.31361917 -3.01402367
 -0.37770314  2.51831687 -1.03585437  1.28752027  1.48329452  0.54455012
 -0.83302117  1.1151437   0.66824172 -0.38370033  2.80473728 -1.99307051
  1.53804629 -0.48681172  1.09033625 -2.84976599 -2.45832375  0.45773147
 -1.16150473 -0.494576    0.36531624 -0.11126738 -1.65032846 -0.04116997
 -0.85970558  2.81181082 -1.06239944 -1.3801351  -0.94883426  1.07796537
  1.85224718 -0.69616525  1.97232747 -2.19417581 -0.34727712 -0.73251675
 -2.89008058  3.16480374 -1.6319449   3.13522482 -1.26602546 -2.70847992
  3.36217157 -1.2332228  -0.77649603 -2.88407585 -2.71720549  2.54564112
 -2.13655219 -2.04712775 -0.18154884  3.14998772  0.24664283  0.21384968
 -1.25020333 -0.67764022 -1.73376991 -3.03025076  2.87032665  1.23551005
 -0.48570739 -2.18838444  1.10971129 -1.10585771 -0.49042482 -2.73954091
 -2.06516893  1.86554803 -0.8738121   2.62185212 -0.45419511 -2.6715133
 -2.82019543  2.26182975 -3.14423351 -0.44536831 -1.00234831 -0.24660762
  2.34754186  1.84025281  0.01820738 -2.55288737 -2.65892189  0.24436956
 -0.76666229  1.24524137 -2.62771083  1.12505245 -0.38397803  0.42076279
  1.91903316  0.45811854  0.65074841 -1.27156714  1.79161221  2.93982487
  0.99593908  0.22180247 -1.14181224  2.42278781  0.72674085 -1.9097734
 -0.05037927  1.87092233  0.986647   -1.08002971 -2.30130884  2.22238434
  2.00398643  1.92832366  2.29723374  1.91578715 -1.66121698 -3.10389857
  0.42852308  1.34475798 -2.26275506 -1.12583548  2.31183717  1.39294655
 -0.27195681 -1.84442287 -1.64823712  1.96528108  1.30723908 -1.01188296
 -0.23075458 -0.6930915  -0.30339027  2.30246084 -0.66193845 -0.93534312
  0.77591006 -2.35268941  0.59026885  2.78422845 -0.3524299   2.04722762
 -1.8612641  -1.35336622 -2.59736798 -2.4227303  -1.50153058 -3.02896622
  2.01620174  1.78191046  1.58151668  1.12533486  1.58819408 -2.44421566
 -2.50736715  1.78907352  1.03427236 -0.29185923 -2.4772046   1.43098289
 -1.04394801 -3.04762118 -0.04720676  1.89751593 -2.7012848  -2.36816625
  1.87611905  1.02966619 -0.62617481 -0.49631346 -0.92140776  1.96405509
  0.47262272 -0.35622605  0.40183276 -2.26662922  1.26136565 -0.15330681
  2.40236185  1.23319559  2.87809269 -1.05733885  2.10171173 -0.42989453
 -3.26841178  2.20322023  0.81147116  1.92881089 -1.28919663  1.43910624
 -2.12172268  0.20898514  0.08303723 -2.79059103 -0.90191443 -2.39307475
  0.07227817 -0.56898609]
Sat May 25 20:48:34 2024,909,0.09593800619972706,[-4.65847848  2.36664258 -1.84106092 -0.12409687  0.1867256  -2.68765091
  3.01282929  2.10571239  1.45518707 -0.9253605   0.61239968  1.09170229
  1.13210064 -1.54196775  0.77712888  2.80621754 -0.79815533 -0.63691742
 -1.75472042  0.60195894  1.67657209  2.99185609 -1.20875798 -0.31571276
 -2.42357607 -2.3380368   2.99458171  2.76322741 -0.54433287 -2.36481312
  1.48280763 -0.05850803 -2.31787451  2.09556444  1.28954019 -0.6385396
  0.84777183 -2.3188068  -0.02589545  2.15332921 -0.16394191  0.38886651
  2.71395762  1.04622483  2.4628565   3.16174767  2.64140815 -2.93932968
  0.26537415 -0.81572866  1.75888674  2.8639932  -0.51095138 -2.31763483
  2.78736961 -3.21076739  0.79394317 -0.63487993 -1.74135904  2.69818404
 -1.80955062 -1.58813071 -2.30391403  2.18800699 -2.45128526  2.13559757
  2.07465231  1.53540756  2.38308433  2.80474834  1.64886115  1.20012664
 -1.51324545 -2.22927524  1.47130191  0.71194285  1.31361916 -3.01402368
 -0.37770315  2.51831688 -1.03585436  1.28752029  1.48329453  0.54455013
 -0.83302118  1.11514369  0.66824173 -0.38370032  2.80473729 -1.9930705
  1.5380463  -0.48681173  1.09033624 -2.849766   -2.45832374  0.45773146
 -1.16150474 -0.49457599  0.36531625 -0.11126739 -1.65032847 -0.04116998
 -0.85970559  2.81181083 -1.06239945 -1.38013508 -0.94883425  1.07796536
  1.85224717 -0.69616523  1.97232746 -2.1941758  -0.34727713 -0.73251674
 -2.89008059  3.16480373 -1.63194491  3.13522483 -1.26602545 -2.70847993
  3.36217156 -1.23322281 -0.77649602 -2.88407584 -2.7172055   2.54564111
 -2.1365522  -2.04712776 -0.18154885  3.1499877   0.24664284  0.21384967
 -1.25020332 -0.67764023 -1.7337699  -3.03025075  2.87032667  1.23551007
 -0.48570738 -2.18838445  1.10971128 -1.10585772 -0.49042483 -2.7395409
 -2.06516892  1.86554802 -0.87381209  2.62185213 -0.4541951  -2.67151329
 -2.82019544  2.26182974 -3.1442335  -0.4453683  -1.00234832 -0.24660761
  2.34754185  1.84025282  0.01820737 -2.55288738 -2.6589219   0.24436957
 -0.7666623   1.24524138 -2.62771082  1.12505244 -0.38397802  0.42076277
  1.91903317  0.45811855  0.65074842 -1.27156713  1.79161222  2.93982488
  0.99593906  0.22180246 -1.14181223  2.42278782  0.72674086 -1.90977339
 -0.05037926  1.87092232  0.98664699 -1.08002972 -2.30130885  2.22238433
  2.00398642  1.92832367  2.29723373  1.91578714 -1.66121699 -3.10389856
  0.42852309  1.344758   -2.26275505 -1.12583547  2.31183716  1.39294657
 -0.2719568  -1.84442288 -1.64823713  1.96528109  1.30723909 -1.01188297
 -0.23075457 -0.69309151 -0.30339028  2.30246085 -0.66193843 -0.93534313
  0.77591007 -2.35268939  0.59026886  2.78422844 -0.35242991  2.04722763
 -1.86126412 -1.35336621 -2.59736799 -2.42273031 -1.50153057 -3.02896621
  2.01620173  1.78191048  1.58151667  1.12533485  1.58819409 -2.44421567
 -2.50736714  1.78907351  1.03427237 -0.29185924 -2.47720459  1.43098287
 -1.043948   -3.04762117 -0.04720677  1.89751594 -2.70128479 -2.36816624
  1.87611904  1.0296662  -0.6261748  -0.49631345 -0.92140775  1.9640551
  0.47262273 -0.35622604  0.40183275 -2.26662923  1.26136566 -0.15330682
  2.40236184  1.23319558  2.87809267 -1.05733884  2.10171172 -0.42989454
 -3.26841179  2.20322022  0.81147117  1.92881088 -1.28919664  1.43910623
 -2.12172269  0.20898513  0.08303724 -2.79059104 -0.90191444 -2.39307474
  0.07227818 -0.56898608]
Sat May 25 20:49:01 2024,910,0.095938006199157,[-4.65847849  2.36664257 -1.84106091 -0.12409686  0.18672559 -2.6876509
  3.01282928  2.10571238  1.45518705 -0.92536049  0.61239967  1.0917023
  1.13210063 -1.54196776  0.77712886  2.80621752 -0.79815534 -0.63691741
 -1.75472041  0.60195895  1.67657208  2.99185608 -1.20875799 -0.31571277
 -2.42357608 -2.33803681  2.99458172  2.76322742 -0.54433288 -2.36481313
  1.48280764 -0.05850804 -2.31787452  2.09556445  1.2895402  -0.63853959
  0.84777184 -2.31880679 -0.02589546  2.1533292  -0.1639419   0.3888665
  2.71395761  1.04622482  2.46285651  3.16174769  2.64140816 -2.93932967
  0.26537417 -0.81572868  1.75888673  2.86399319 -0.51095137 -2.31763482
  2.78736962 -3.2107674   0.79394316 -0.63487992 -1.74135905  2.69818403
 -1.80955061 -1.5881307  -2.30391402  2.188007   -2.45128527  2.13559756
  2.07465232  1.53540757  2.38308432  2.80474833  1.64886116  1.20012665
 -1.51324546 -2.22927525  1.47130192  0.71194286  1.31361915 -3.01402367
 -0.37770316  2.51831689 -1.03585437  1.28752027  1.48329452  0.54455012
 -0.83302117  1.1151437   0.66824172 -0.38370033  2.80473728 -1.99307051
  1.53804631 -0.48681172  1.09033623 -2.84976599 -2.45832375  0.45773147
 -1.16150473 -0.494576    0.36531626 -0.1112674  -1.65032848 -0.04116997
 -0.8597056   2.81181082 -1.06239944 -1.3801351  -0.94883424  1.07796535
  1.85224718 -0.69616522  1.97232747 -2.19417579 -0.34727714 -0.73251675
 -2.89008058  3.16480374 -1.6319449   3.13522484 -1.26602544 -2.70847992
  3.36217157 -1.2332228  -0.77649601 -2.88407583 -2.71720549  2.54564112
 -2.13655219 -2.04712775 -0.18154884  3.14998772  0.24664285  0.21384968
 -1.25020331 -0.67764022 -1.73376989 -3.03025074  2.87032668  1.23551005
 -0.48570739 -2.18838444  1.10971127 -1.10585771 -0.49042484 -2.73954089
 -2.06516891  1.86554801 -0.87381208  2.62185212 -0.45419509 -2.6715133
 -2.82019543  2.26182975 -3.14423351 -0.44536831 -1.00234831 -0.2466076
  2.34754184  1.84025283  0.01820736 -2.55288737 -2.65892189  0.24436956
 -0.76666231  1.2452414  -2.62771083  1.12505242 -0.38397803  0.42076276
  1.91903316  0.45811854  0.65074843 -1.27156712  1.79161221  2.93982489
  0.99593908  0.22180247 -1.14181221  2.42278781  0.72674085 -1.9097734
 -0.05037927  1.87092233  0.986647   -1.08002973 -2.30130886  2.22238434
  2.00398643  1.92832366  2.29723371  1.91578715 -1.661217   -3.10389855
  0.4285231   1.34475798 -2.26275504 -1.12583548  2.31183715  1.39294655
 -0.27195679 -1.84442287 -1.64823712  1.9652811   1.30723908 -1.01188298
 -0.23075456 -0.6930915  -0.3033903   2.30246086 -0.66193845 -0.93534314
  0.77591009 -2.35268941  0.59026887  2.78422843 -0.35242992  2.04722762
 -1.8612641  -1.35336622 -2.59736798 -2.4227303  -1.50153058 -3.02896622
  2.01620171  1.78191046  1.58151668  1.12533486  1.5881941  -2.44421568
 -2.50736712  1.78907349  1.03427238 -0.29185926 -2.4772046   1.43098286
 -1.04394799 -3.04762116 -0.04720678  1.89751595 -2.7012848  -2.36816623
  1.87611905  1.02966619 -0.62617479 -0.49631344 -0.92140774  1.96405511
  0.47262274 -0.35622603  0.40183274 -2.26662924  1.26136565 -0.15330684
  2.40236182  1.23319559  2.87809266 -1.05733885  2.10171171 -0.42989455
 -3.2684118   2.20322021  0.81147116  1.92881089 -1.28919665  1.43910622
 -2.1217227   0.20898514  0.08303725 -2.79059103 -0.90191445 -2.39307475
  0.07227819 -0.56898607]
Sat May 25 20:49:29 2024,911,0.09593800619858792,[-4.6584785   2.36664256 -1.84106089 -0.12409687  0.1867256  -2.68765089
  3.01282929  2.10571237  1.45518704 -0.9253605   0.61239968  1.09170229
  1.13210064 -1.54196775  0.77712885  2.80621751 -0.79815533 -0.6369174
 -1.7547204   0.60195894  1.67657206  2.99185609 -1.20875798 -0.31571276
 -2.42357609 -2.3380368   2.99458174  2.76322743 -0.54433289 -2.36481314
  1.48280765 -0.05850805 -2.31787451  2.09556446  1.28954021 -0.6385396
  0.84777183 -2.31880678 -0.02589547  2.15332921 -0.16394191  0.38886651
  2.7139576   1.04622481  2.4628565   3.16174767  2.64140817 -2.93932966
  0.26537418 -0.81572869  1.75888674  2.86399318 -0.51095138 -2.31763483
  2.78736963 -3.21076739  0.79394317 -0.6348799  -1.74135904  2.69818404
 -1.80955062 -1.58813069 -2.30391401  2.18800699 -2.45128528  2.13559757
  2.07465233  1.53540758  2.38308433  2.80474834  1.64886115  1.20012666
 -1.51324547 -2.22927527  1.47130194  0.71194287  1.31361916 -3.01402366
 -0.37770317  2.5183169  -1.03585438  1.28752029  1.4832945   0.54455011
 -0.83302118  1.11514371  0.66824171 -0.38370035  2.80473727 -1.99307052
  1.5380463  -0.48681171  1.09033624 -2.849766   -2.45832374  0.45773148
 -1.16150472 -0.49457599  0.36531627 -0.11126739 -1.65032847 -0.04116998
 -0.85970559  2.81181083 -1.06239945 -1.38013508 -0.94883425  1.07796534
  1.85224717 -0.69616523  1.97232746 -2.19417578 -0.34727716 -0.73251674
 -2.89008059  3.16480375 -1.63194488  3.13522485 -1.26602543 -2.70847991
  3.36217156 -1.23322279 -0.77649602 -2.88407582 -2.7172055   2.54564113
 -2.1365522  -2.04712774 -0.18154885  3.14998773  0.24664284  0.21384969
 -1.25020332 -0.67764021 -1.73376988 -3.03025073  2.87032669  1.23551004
 -0.48570738 -2.18838445  1.10971126 -1.10585769 -0.49042483 -2.7395409
 -2.0651689   1.865548   -0.87381209  2.62185211 -0.4541951  -2.67151329
 -2.82019542  2.26182976 -3.1442335  -0.44536832 -1.00234832 -0.24660759
  2.34754183  1.84025284  0.01820737 -2.55288738 -2.6589219   0.24436957
 -0.7666623   1.24524138 -2.62771084  1.12505241 -0.38397804  0.42076275
  1.91903315  0.45811853  0.65074844 -1.27156711  1.7916122   2.93982488
  0.99593906  0.22180246 -1.1418122   2.42278782  0.72674084 -1.90977341
 -0.05037928  1.87092232  0.98664699 -1.08002972 -2.30130887  2.22238433
  2.00398642  1.92832367  2.29723373  1.91578716 -1.66121701 -3.10389854
  0.42852311  1.344758   -2.26275505 -1.12583549  2.31183714  1.39294654
 -0.2719568  -1.84442288 -1.64823711  1.96528109  1.30723907 -1.011883
 -0.23075455 -0.69309149 -0.30339031  2.30246085 -0.66193846 -0.93534313
  0.77591007 -2.35268942  0.59026886  2.78422842 -0.35242991  2.04722763
 -1.86126412 -1.35336621 -2.59736797 -2.42273029 -1.50153057 -3.02896623
  2.01620173  1.78191048  1.58151667  1.12533485  1.58819409 -2.44421567
 -2.50736714  1.78907348  1.03427239 -0.29185927 -2.47720461  1.43098285
 -1.043948   -3.04762117 -0.04720679  1.89751596 -2.70128479 -2.36816622
  1.87611904  1.02966618 -0.6261748  -0.49631343 -0.92140773  1.9640551
  0.47262273 -0.35622602  0.40183273 -2.26662925  1.26136564 -0.15330685
  2.40236184  1.23319558  2.87809267 -1.05733884  2.10171172 -0.42989454
 -3.26841179  2.2032202   0.81147117  1.92881088 -1.28919664  1.43910621
 -2.12172271  0.20898513  0.08303724 -2.79059102 -0.90191444 -2.39307474
  0.0722782  -0.56898608]
Sat May 25 20:49:52 2024,912,0.09593800619801977,[-4.65847851  2.36664257 -1.84106091 -0.12409686  0.18672559 -2.6876509
  3.01282928  2.10571238  1.45518703 -0.92536051  0.61239967  1.09170228
  1.13210065 -1.54196774  0.77712884  2.8062175  -0.79815534 -0.63691738
 -1.75472039  0.60195895  1.67657205  2.99185608 -1.20875797 -0.31571277
 -2.4235761  -2.33803679  2.99458175  2.76322742 -0.54433288 -2.36481315
  1.48280764 -0.05850806 -2.3178745   2.09556445  1.2895402  -0.63853959
  0.84777182 -2.31880679 -0.02589546  2.1533292  -0.16394192  0.38886652
  2.71395759  1.0462248   2.46285649  3.16174766  2.64140818 -2.93932965
  0.26537417 -0.8157287   1.75888675  2.86399319 -0.51095139 -2.31763482
  2.78736964 -3.21076738  0.79394319 -0.63487991 -1.74135903  2.69818403
 -1.80955063 -1.5881307  -2.30391399  2.188007   -2.45128529  2.13559758
  2.07465234  1.53540759  2.38308434  2.80474835  1.64886114  1.20012665
 -1.51324546 -2.22927525  1.47130195  0.71194288  1.31361917 -3.01402365
 -0.37770318  2.51831691 -1.03585439  1.2875203   1.48329452  0.54455012
 -0.83302117  1.1151437   0.6682417  -0.38370033  2.80473725 -1.99307051
  1.53804629 -0.48681172  1.09033625 -2.84976601 -2.45832373  0.45773149
 -1.16150473 -0.494576    0.36531628 -0.1112674  -1.65032848 -0.04116997
 -0.85970558  2.81181084 -1.06239946 -1.3801351  -0.94883426  1.07796535
  1.85224716 -0.69616525  1.97232747 -2.19417579 -0.34727717 -0.73251673
 -2.89008061  3.16480374 -1.6319449   3.13522484 -1.26602542 -2.7084799
  3.36217155 -1.2332228  -0.77649603 -2.88407583 -2.71720551  2.54564114
 -2.13655219 -2.04712775 -0.18154884  3.14998774  0.24664283  0.2138497
 -1.25020333 -0.6776402  -1.73376989 -3.03025074  2.87032668  1.23551003
 -0.48570737 -2.18838446  1.10971127 -1.10585771 -0.49042484 -2.73954091
 -2.06516891  1.86554801 -0.87381208  2.62185212 -0.45419511 -2.6715133
 -2.82019543  2.26182977 -3.14423351 -0.44536831 -1.00234831 -0.24660758
  2.34754184  1.84025283  0.01820738 -2.55288737 -2.65892191  0.24436956
 -0.76666231  1.24524137 -2.62771085  1.12505242 -0.38397803  0.42076276
  1.91903316  0.45811851  0.65074843 -1.27156712  1.79161221  2.93982489
  0.99593908  0.22180245 -1.14181219  2.42278781  0.72674083 -1.90977342
 -0.05037927  1.87092233  0.986647   -1.08002971 -2.30130888  2.22238432
  2.00398643  1.92832368  2.29723371  1.91578715 -1.66121702 -3.10389855
  0.42852313  1.34475798 -2.26275506 -1.12583548  2.31183713  1.39294655
 -0.27195679 -1.84442289 -1.64823712  1.9652811   1.30723908 -1.01188301
 -0.23075456 -0.69309148 -0.30339032  2.30246086 -0.66193847 -0.93534314
  0.77591009 -2.35268943  0.59026887  2.7842284  -0.35242992  2.04722762
 -1.86126413 -1.35336622 -2.59736798 -2.42273028 -1.50153058 -3.02896624
  2.01620171  1.78191049  1.58151668  1.12533484  1.58819408 -2.44421568
 -2.50736715  1.78907349  1.0342724  -0.29185926 -2.4772046   1.43098284
 -1.04394801 -3.04762116 -0.04720678  1.89751597 -2.7012848  -2.36816623
  1.87611905  1.02966619 -0.62617479 -0.49631344 -0.92140774  1.96405511
  0.47262274 -0.35622603  0.40183272 -2.26662924  1.26136565 -0.15330686
  2.40236185  1.23319559  2.87809269 -1.05733883  2.10171173 -0.42989453
 -3.26841178  2.20322019  0.81147118  1.92881089 -1.28919665  1.43910622
 -2.1217227   0.20898514  0.08303725 -2.79059103 -0.90191445 -2.39307472
  0.07227821 -0.56898607]
Sat May 25 20:50:15 2024,913,0.09593800619745227,[-4.65847852  2.36664256 -1.84106089 -0.12409687  0.1867256  -2.68765089
  3.01282926  2.10571237  1.45518702 -0.92536052  0.61239968  1.09170229
  1.13210066 -1.54196773  0.77712885  2.80621749 -0.79815533 -0.6369174
 -1.7547204   0.60195894  1.67657206  2.99185607 -1.20875798 -0.31571276
 -2.42357611 -2.3380368   2.99458174  2.76322743 -0.54433287 -2.36481314
  1.48280765 -0.05850807 -2.31787451  2.09556446  1.28954021 -0.63853958
  0.84777181 -2.31880678 -0.02589545  2.15332919 -0.16394194  0.38886651
  2.7139576   1.04622481  2.46285648  3.16174765  2.64140819 -2.93932964
  0.26537415 -0.81572871  1.75888674  2.86399318 -0.51095138 -2.31763483
  2.78736965 -3.21076737  0.7939432  -0.6348799  -1.74135904  2.69818401
 -1.80955062 -1.58813071 -2.30391401  2.18800699 -2.4512853   2.13559759
  2.07465236  1.5354076   2.38308433  2.80474836  1.64886115  1.20012664
 -1.51324545 -2.22927524  1.47130196  0.71194287  1.31361916 -3.01402366
 -0.37770319  2.5183169  -1.0358544   1.28752031  1.48329453  0.54455013
 -0.83302116  1.11514371  0.66824171 -0.38370035  2.80473727 -1.9930705
  1.53804628 -0.48681171  1.09033624 -2.849766   -2.45832371  0.4577315
 -1.16150472 -0.49457601  0.36531627 -0.11126741 -1.65032847 -0.04116998
 -0.85970556  2.81181085 -1.06239947 -1.38013508 -0.94883427  1.07796534
  1.85224717 -0.69616523  1.97232748 -2.19417578 -0.34727718 -0.73251672
 -2.89008059  3.16480375 -1.63194491  3.13522483 -1.26602541 -2.70847989
  3.36217154 -1.23322279 -0.77649604 -2.88407582 -2.7172055   2.54564113
 -2.1365522  -2.04712776 -0.18154883  3.14998775  0.24664284  0.21384969
 -1.25020332 -0.67764019 -1.7337699  -3.03025073  2.87032667  1.23551004
 -0.48570736 -2.18838447  1.10971128 -1.10585772 -0.49042485 -2.73954092
 -2.06516892  1.86554802 -0.87381207  2.62185211 -0.45419512 -2.67151329
 -2.82019542  2.26182976 -3.14423352 -0.44536832 -1.0023483  -0.24660759
  2.34754183  1.84025282  0.01820737 -2.55288736 -2.6589219   0.24436957
 -0.7666623   1.24524136 -2.62771087  1.12505244 -0.38397802  0.42076275
  1.91903315  0.45811853  0.65074842 -1.27156713  1.7916122   2.93982488
  0.99593909  0.22180246 -1.1418122   2.42278782  0.72674084 -1.90977341
 -0.05037928  1.87092232  0.98664701 -1.0800297  -2.30130889  2.22238433
  2.00398642  1.92832367  2.2972337   1.91578716 -1.66121701 -3.10389854
  0.42852314  1.34475797 -2.26275507 -1.12583549  2.31183712  1.39294654
 -0.27195677 -1.8444229  -1.64823713  1.96528109  1.30723907 -1.011883
 -0.23075457 -0.69309149 -0.30339031  2.30246085 -0.66193846 -0.93534313
  0.7759101  -2.35268944  0.59026888  2.78422842 -0.35242993  2.04722761
 -1.86126414 -1.35336621 -2.59736799 -2.42273027 -1.50153057 -3.02896625
  2.01620173  1.7819105   1.58151667  1.12533485  1.58819407 -2.44421569
 -2.50736716  1.78907351  1.03427242 -0.29185924 -2.47720459  1.43098285
 -1.04394802 -3.04762117 -0.04720679  1.89751596 -2.70128481 -2.36816624
  1.87611904  1.0296662  -0.6261748  -0.49631345 -0.92140773  1.9640551
  0.47262273 -0.35622602  0.40183271 -2.26662923  1.26136566 -0.15330687
  2.40236184  1.23319558  2.87809267 -1.05733882  2.10171174 -0.42989454
 -3.26841177  2.20322018  0.81147117  1.9288109  -1.28919666  1.43910621
 -2.12172271  0.20898513  0.08303724 -2.79059104 -0.90191446 -2.39307474
  0.0722782  -0.56898606]
Sat May 25 20:50:38 2024,914,0.09593800619688621,[-4.65847853  2.36664255 -1.84106088 -0.12409688  0.18672561 -2.6876509
  3.01282925  2.10571235  1.45518701 -0.92536051  0.6123997   1.0917023
  1.13210068 -1.54196774  0.77712884  2.8062175  -0.79815534 -0.63691741
 -1.75472039  0.60195895  1.67657205  2.99185608 -1.20875799 -0.31571277
 -2.4235761  -2.33803679  2.99458175  2.76322744 -0.54433288 -2.36481315
  1.48280766 -0.05850806 -2.31787452  2.09556447  1.28954022 -0.63853959
  0.84777182 -2.31880679 -0.02589546  2.15332918 -0.16394195  0.3888665
  2.71395761  1.0462248   2.46285647  3.16174766  2.6414082  -2.93932965
  0.26537417 -0.81572872  1.75888675  2.86399319 -0.51095139 -2.31763484
  2.78736964 -3.21076736  0.79394321 -0.63487989 -1.74135905  2.698184
 -1.80955063 -1.5881307  -2.30391399  2.18800698 -2.45128531  2.13559758
  2.07465237  1.53540761  2.38308432  2.80474835  1.64886114  1.20012662
 -1.51324546 -2.22927525  1.47130195  0.71194288  1.31361915 -3.01402367
 -0.37770318  2.51831691 -1.03585439  1.28752032  1.48329454  0.54455012
 -0.83302115  1.1151437   0.6682417  -0.38370033  2.80473728 -1.99307051
  1.53804629 -0.4868117   1.09033623 -2.84976599 -2.4583237   0.45773151
 -1.16150471 -0.494576    0.36531628 -0.1112674  -1.65032848 -0.04116997
 -0.85970558  2.81181084 -1.06239946 -1.38013507 -0.94883428  1.07796535
  1.85224716 -0.69616522  1.97232747 -2.19417576 -0.34727717 -0.73251671
 -2.89008061  3.16480374 -1.63194492  3.13522482 -1.26602542 -2.70847987
  3.36217155 -1.2332228  -0.77649603 -2.88407583 -2.71720549  2.54564114
 -2.13655219 -2.04712775 -0.18154884  3.14998774  0.24664283  0.2138497
 -1.25020333 -0.67764018 -1.73376989 -3.03025071  2.87032665  1.23551005
 -0.48570737 -2.18838446  1.10971129 -1.10585771 -0.49042487 -2.73954091
 -2.06516891  1.86554801 -0.87381206  2.62185212 -0.45419513 -2.67151328
 -2.82019543  2.26182975 -3.14423351 -0.44536831 -1.00234829 -0.2466076
  2.34754181  1.84025283  0.01820736 -2.55288737 -2.65892189  0.24436958
 -0.76666229  1.24524137 -2.62771088  1.12505245 -0.38397801  0.42076276
  1.91903314  0.45811851  0.65074841 -1.27156712  1.79161221  2.93982489
  0.9959391   0.22180245 -1.14181219  2.42278783  0.72674085 -1.90977342
 -0.05037927  1.87092233  0.986647   -1.08002969 -2.30130888  2.22238434
  2.00398643  1.92832366  2.29723371  1.91578715 -1.661217   -3.10389853
  0.42852315  1.34475798 -2.26275508 -1.12583548  2.31183713  1.39294655
 -0.27195679 -1.84442291 -1.64823714  1.96528108  1.30723906 -1.01188301
 -0.23075458 -0.6930915  -0.3033903   2.30246084 -0.66193845 -0.93534312
  0.77591009 -2.35268943  0.59026889  2.78422843 -0.35242994  2.0472276
 -1.86126415 -1.3533662  -2.597368   -2.42273026 -1.50153056 -3.02896626
  2.01620171  1.78191049  1.58151668  1.12533486  1.58819405 -2.4442157
 -2.50736717  1.78907352  1.03427243 -0.29185923 -2.4772046   1.43098286
 -1.04394801 -3.04762116 -0.04720678  1.89751595 -2.70128483 -2.36816625
  1.87611903  1.02966619 -0.62617481 -0.49631344 -0.92140772  1.96405511
  0.47262274 -0.35622603  0.40183272 -2.26662924  1.26136567 -0.15330686
  2.40236182  1.23319557  2.87809266 -1.05733881  2.10171175 -0.42989455
 -3.26841178  2.20322019  0.81147118  1.92881089 -1.28919665  1.4391062
 -2.1217227   0.20898514  0.08303725 -2.79059103 -0.90191447 -2.39307472
  0.07227821 -0.56898607]
Sat May 25 20:51:01 2024,915,0.09593800619632083,[-4.65847854  2.36664256 -1.84106089 -0.1240969   0.18672562 -2.68765091
  3.01282926  2.10571234  1.45518702 -0.92536052  0.61239971  1.09170231
  1.13210069 -1.54196773  0.77712885  2.80621749 -0.79815533 -0.6369174
 -1.7547204   0.60195894  1.67657204  2.99185607 -1.20875798 -0.31571278
 -2.42357609 -2.33803678  2.99458176  2.76322745 -0.54433289 -2.36481316
  1.48280767 -0.05850805 -2.31787451  2.09556448  1.28954023 -0.6385396
  0.84777181 -2.31880678 -0.02589547  2.15332917 -0.16394196  0.38886649
  2.71395762  1.04622481  2.46285648  3.16174765  2.64140819 -2.93932966
  0.26537415 -0.81572873  1.75888674  2.8639932  -0.5109514  -2.31763485
  2.78736963 -3.21076734  0.79394322 -0.6348799  -1.74135904  2.69818399
 -1.80955062 -1.58813071 -2.30391398  2.18800697 -2.45128532  2.13559757
  2.07465236  1.53540762  2.38308431  2.80474834  1.64886113  1.20012664
 -1.51324547 -2.22927524  1.47130196  0.71194289  1.31361916 -3.01402366
 -0.37770319  2.51831692 -1.0358544   1.28752031  1.48329455  0.54455011
 -0.83302116  1.11514369  0.66824171 -0.38370035  2.80473729 -1.99307052
  1.5380463  -0.48681171  1.09033624 -2.84976598 -2.45832369  0.45773152
 -1.16150472 -0.49457599  0.36531629 -0.11126741 -1.65032847 -0.04116996
 -0.85970559  2.81181085 -1.06239947 -1.38013506 -0.94883427  1.07796536
  1.85224715 -0.69616521  1.97232746 -2.19417578 -0.34727716 -0.7325167
 -2.89008059  3.16480375 -1.63194491  3.13522481 -1.26602543 -2.70847986
  3.36217156 -1.23322281 -0.77649604 -2.88407582 -2.7172055   2.54564113
 -2.13655218 -2.04712774 -0.18154885  3.14998773  0.24664284  0.21384969
 -1.25020334 -0.67764019 -1.7337699  -3.03025073  2.87032667  1.23551004
 -0.48570736 -2.18838445  1.10971128 -1.10585769 -0.49042486 -2.73954092
 -2.06516892  1.86554802 -0.87381205  2.62185211 -0.45419514 -2.67151327
 -2.82019542  2.26182976 -3.1442335  -0.44536832 -1.0023483  -0.24660761
  2.3475418   1.84025282  0.01820735 -2.55288738 -2.65892188  0.24436959
 -0.76666227  1.24524136 -2.62771087  1.12505244 -0.38397802  0.42076275
  1.91903315  0.4581185   0.6507484  -1.27156711  1.7916122   2.9398249
  0.99593911  0.22180244 -1.1418122   2.42278784  0.72674084 -1.90977341
 -0.05037926  1.87092232  0.98664699 -1.08002967 -2.30130889  2.22238433
  2.00398642  1.92832364  2.29723373  1.91578714 -1.66121701 -3.10389854
  0.42852316  1.34475797 -2.26275507 -1.12583549  2.31183714  1.39294656
 -0.27195677 -1.84442292 -1.64823715  1.96528109  1.30723907 -1.011883
 -0.23075459 -0.69309151 -0.30339031  2.30246085 -0.66193843 -0.93534311
  0.7759101  -2.35268944  0.5902689   2.78422844 -0.35242995  2.04722761
 -1.86126416 -1.35336619 -2.59736799 -2.42273025 -1.50153055 -3.02896625
  2.0162017   1.78191048  1.58151667  1.12533487  1.58819404 -2.44421569
 -2.50736718  1.78907353  1.03427242 -0.29185924 -2.47720459  1.43098285
 -1.043948   -3.04762115 -0.04720679  1.89751594 -2.70128484 -2.36816626
  1.87611904  1.02966618 -0.62617482 -0.49631345 -0.92140771  1.96405512
  0.47262273 -0.35622604  0.40183273 -2.26662923  1.26136566 -0.15330687
  2.40236181  1.23319556  2.87809265 -1.05733882  2.10171176 -0.42989456
 -3.26841179  2.2032202   0.81147119  1.92881088 -1.28919666  1.43910621
 -2.12172271  0.20898513  0.08303724 -2.79059102 -0.90191446 -2.39307471
  0.0722782  -0.56898606]
Sat May 25 20:51:24 2024,916,0.09593800619575686,[-4.65847855  2.36664255 -1.84106091 -0.12409688  0.18672563 -2.68765093
  3.01282928  2.10571233  1.45518703 -0.92536051  0.6123997   1.0917023
  1.1321007  -1.54196772  0.77712884  2.8062175  -0.79815532 -0.63691738
 -1.75472041  0.60195893  1.67657203  2.99185608 -1.20875799 -0.31571277
 -2.4235761  -2.33803679  2.99458177  2.76322744 -0.54433288 -2.36481315
  1.48280768 -0.05850806 -2.3178745   2.09556447  1.28954022 -0.63853961
  0.84777182 -2.31880679 -0.02589546  2.15332918 -0.16394197  0.3888665
  2.71395761  1.0462248   2.46285649  3.16174764  2.64140818 -2.93932967
  0.26537417 -0.81572872  1.75888673  2.86399322 -0.51095141 -2.31763486
  2.78736962 -3.21076736  0.79394321 -0.63487991 -1.74135905  2.698184
 -1.80955063 -1.58813073 -2.30391397  2.18800696 -2.45128533  2.13559756
  2.07465237  1.53540761  2.38308432  2.80474833  1.64886114  1.20012662
 -1.51324546 -2.22927525  1.47130195  0.71194288  1.31361917 -3.01402365
 -0.3777032   2.51831693 -1.03585441  1.28752032  1.48329454  0.54455012
 -0.83302115  1.11514367  0.66824172 -0.38370036  2.8047373  -1.99307051
  1.53804631 -0.48681172  1.09033623 -2.84976599 -2.45832368  0.45773153
 -1.16150473 -0.49457598  0.36531628 -0.1112674  -1.65032848 -0.04116994
 -0.8597056   2.81181084 -1.06239948 -1.38013507 -0.94883428  1.07796537
  1.85224713 -0.6961652   1.97232747 -2.19417576 -0.34727717 -0.73251669
 -2.89008058  3.16480374 -1.6319449   3.1352248  -1.26602544 -2.70847987
  3.36217157 -1.23322283 -0.77649603 -2.88407581 -2.71720551  2.54564112
 -2.13655219 -2.04712773 -0.18154886  3.14998774  0.24664285  0.2138497
 -1.25020335 -0.67764018 -1.73376991 -3.03025071  2.87032665  1.23551003
 -0.48570737 -2.18838444  1.10971129 -1.10585771 -0.49042487 -2.73954093
 -2.06516891  1.86554801 -0.87381206  2.6218521  -0.45419515 -2.67151328
 -2.82019543  2.26182977 -3.14423351 -0.44536833 -1.00234829 -0.2466076
  2.34754179  1.84025283  0.01820736 -2.55288737 -2.65892187  0.2443696
 -0.76666226  1.24524135 -2.62771088  1.12505242 -0.38397801  0.42076274
  1.91903314  0.45811849  0.65074839 -1.2715671   1.79161221  2.93982491
  0.99593912  0.22180245 -1.14181219  2.42278783  0.72674083 -1.90977342
 -0.05037927  1.87092233  0.986647   -1.08002969 -2.30130891  2.22238432
  2.00398641  1.92832363  2.29723371  1.91578715 -1.66121702 -3.10389853
  0.42852315  1.34475796 -2.26275508 -1.12583548  2.31183715  1.39294658
 -0.27195676 -1.84442291 -1.64823716  1.96528108  1.30723908 -1.01188298
 -0.2307546  -0.69309152 -0.30339032  2.30246084 -0.66193842 -0.9353431
  0.77591011 -2.35268945  0.59026891  2.78422843 -0.35242996  2.04722762
 -1.86126417 -1.3533662  -2.59736798 -2.42273026 -1.50153056 -3.02896624
  2.01620171  1.78191049  1.58151666  1.12533488  1.58819403 -2.44421568
 -2.50736719  1.78907352  1.0342724  -0.29185926 -2.47720457  1.43098286
 -1.04394799 -3.04762116 -0.0472068   1.89751593 -2.70128485 -2.36816627
  1.87611905  1.02966617 -0.62617481 -0.49631346 -0.92140772  1.96405511
  0.47262272 -0.35622603  0.40183274 -2.26662922  1.26136565 -0.15330688
  2.40236182  1.23319555  2.87809266 -1.05733883  2.10171175 -0.42989455
 -3.2684118   2.20322021  0.8114712   1.92881087 -1.28919665  1.4391062
 -2.12172272  0.20898511  0.08303723 -2.79059103 -0.90191445 -2.39307472
  0.07227821 -0.56898607]
Sat May 25 20:52:10 2024,917,0.09593800619519352,[-4.65847856  2.36664254 -1.84106092 -0.12409687  0.18672562 -2.68765091
  3.01282929  2.10571234  1.45518702 -0.92536052  0.61239969  1.09170229
  1.13210071 -1.54196773  0.77712885  2.80621751 -0.7981553  -0.63691737
 -1.75472042  0.60195894  1.67657204  2.99185609 -1.20875798 -0.31571276
 -2.42357609 -2.3380368   2.99458178  2.76322745 -0.54433287 -2.36481314
  1.48280769 -0.05850805 -2.31787449  2.09556448  1.28954021 -0.6385396
  0.84777183 -2.3188068  -0.02589545  2.15332917 -0.16394196  0.38886651
  2.71395762  1.04622481  2.46285648  3.16174763  2.64140817 -2.93932966
  0.26537415 -0.81572873  1.75888674  2.86399323 -0.5109514  -2.31763487
  2.78736963 -3.21076734  0.7939432  -0.6348799  -1.74135904  2.69818399
 -1.80955064 -1.58813074 -2.30391398  2.18800695 -2.45128534  2.13559757
  2.07465236  1.53540762  2.38308433  2.80474832  1.64886113  1.20012661
 -1.51324547 -2.22927524  1.47130194  0.71194287  1.31361916 -3.01402366
 -0.37770321  2.51831694 -1.0358544   1.28752031  1.48329453  0.54455011
 -0.83302114  1.11514366  0.66824171 -0.38370037  2.80473731 -1.9930705
  1.53804633 -0.48681173  1.09033622 -2.84976598 -2.45832367  0.45773154
 -1.16150474 -0.49457599  0.36531627 -0.11126741 -1.65032847 -0.04116996
 -0.85970559  2.81181083 -1.0623995  -1.38013508 -0.9488343   1.07796539
  1.85224712 -0.69616519  1.97232748 -2.19417578 -0.34727716 -0.73251668
 -2.89008057  3.16480375 -1.63194491  3.13522479 -1.26602543 -2.70847989
  3.36217158 -1.23322284 -0.77649602 -2.88407582 -2.7172055   2.54564111
 -2.1365522  -2.04712772 -0.18154887  3.14998775  0.24664284  0.21384971
 -1.25020336 -0.67764019 -1.7337699  -3.0302507   2.87032664  1.23551004
 -0.48570738 -2.18838443  1.10971128 -1.10585769 -0.49042486 -2.73954092
 -2.0651689   1.865548   -0.87381205  2.62185208 -0.45419514 -2.67151327
 -2.82019542  2.26182978 -3.1442335  -0.44536832 -1.0023483  -0.24660761
  2.3475418   1.84025284  0.01820737 -2.55288736 -2.65892188  0.24436961
 -0.76666227  1.24524134 -2.62771087  1.12505241 -0.38397802  0.42076273
  1.91903313  0.4581185   0.65074838 -1.27156711  1.79161222  2.9398249
  0.99593913  0.22180244 -1.1418122   2.42278784  0.72674082 -1.90977341
 -0.05037928  1.87092232  0.98664699 -1.0800297  -2.30130892  2.22238431
  2.00398642  1.92832364  2.29723373  1.91578716 -1.66121701 -3.10389854
  0.42852316  1.34475797 -2.26275509 -1.12583549  2.31183716  1.39294656
 -0.27195677 -1.84442292 -1.64823718  1.96528109  1.30723909 -1.011883
 -0.23075459 -0.69309151 -0.30339031  2.30246082 -0.66193841 -0.93534311
  0.77591012 -2.35268946  0.5902689   2.78422842 -0.35242995  2.04722763
 -1.86126418 -1.35336619 -2.59736799 -2.42273025 -1.50153055 -3.02896625
  2.01620173  1.7819105   1.58151667  1.12533489  1.58819404 -2.44421569
 -2.50736718  1.78907351  1.03427239 -0.29185924 -2.47720456  1.43098287
 -1.04394798 -3.04762117 -0.04720682  1.89751592 -2.70128484 -2.36816626
  1.87611906  1.02966616 -0.62617482 -0.49631345 -0.92140773  1.96405512
  0.47262271 -0.35622602  0.40183273 -2.26662921  1.26136566 -0.15330689
  2.40236181  1.23319554  2.87809265 -1.05733882  2.10171176 -0.42989456
 -3.26841179  2.20322022  0.81147119  1.92881086 -1.28919664  1.43910619
 -2.12172271  0.2089851   0.08303724 -2.79059102 -0.90191446 -2.39307474
  0.07227822 -0.56898608]
Sat May 25 20:52:33 2024,918,0.09593800619463155,[-4.65847857  2.36664255 -1.84106091 -0.12409686  0.18672563 -2.6876509
  3.01282928  2.10571233  1.45518703 -0.92536051  0.6123997   1.09170228
  1.1321007  -1.54196774  0.77712886  2.80621752 -0.79815532 -0.63691738
 -1.75472043  0.60195895  1.67657203  2.99185608 -1.20875799 -0.31571277
 -2.4235761  -2.33803679  2.99458179  2.76322746 -0.54433286 -2.36481313
  1.4828077  -0.05850804 -2.31787448  2.09556449  1.2895402  -0.63853959
  0.84777182 -2.31880681 -0.02589544  2.15332918 -0.16394197  0.38886652
  2.71395763  1.04622482  2.46285647  3.16174764  2.64140818 -2.93932965
  0.26537417 -0.81572872  1.75888675  2.86399324 -0.51095141 -2.31763489
  2.78736964 -3.21076736  0.79394319 -0.63487991 -1.74135905  2.698184
 -1.80955065 -1.58813073 -2.30391397  2.18800696 -2.45128533  2.13559756
  2.07465237  1.53540761  2.38308434  2.80474831  1.64886114  1.2001266
 -1.51324548 -2.22927523  1.47130192  0.71194288  1.31361917 -3.01402367
 -0.37770322  2.51831693 -1.03585441  1.2875203   1.48329454  0.54455012
 -0.83302115  1.11514367  0.6682417  -0.38370038  2.8047373  -1.99307051
  1.53804634 -0.48681172  1.09033621 -2.84976599 -2.45832368  0.45773155
 -1.16150475 -0.494576    0.36531626 -0.1112674  -1.65032848 -0.04116994
 -0.85970558  2.81181082 -1.06239951 -1.38013507 -0.94883428  1.0779654
  1.85224713 -0.6961652   1.97232749 -2.19417579 -0.34727717 -0.73251669
 -2.89008056  3.16480376 -1.6319449   3.13522478 -1.26602542 -2.70847987
  3.36217159 -1.23322285 -0.77649601 -2.88407581 -2.71720549  2.5456411
 -2.13655221 -2.04712771 -0.18154886  3.14998774  0.24664285  0.2138497
 -1.25020337 -0.67764018 -1.73376989 -3.03025069  2.87032663  1.23551005
 -0.48570739 -2.18838444  1.10971127 -1.10585771 -0.49042484 -2.73954093
 -2.06516889  1.86554799 -0.87381204  2.62185207 -0.45419513 -2.67151326
 -2.82019543  2.2618298  -3.14423349 -0.44536831 -1.00234829 -0.2466076
  2.34754179  1.84025285  0.01820736 -2.55288735 -2.65892189  0.24436962
 -0.76666226  1.24524135 -2.62771086  1.12505242 -0.38397801  0.42076274
  1.91903314  0.45811849  0.65074837 -1.27156712  1.79161221  2.93982491
  0.99593912  0.22180243 -1.14181219  2.42278785  0.72674083 -1.9097734
 -0.05037929  1.87092233  0.986647   -1.08002969 -2.30130891  2.22238432
  2.00398643  1.92832366  2.29723374  1.91578717 -1.661217   -3.10389853
  0.42852315  1.34475796 -2.2627551  -1.1258355   2.31183717  1.39294658
 -0.27195679 -1.84442293 -1.64823716  1.9652811   1.3072391  -1.01188301
 -0.23075458 -0.69309152 -0.3033903   2.30246084 -0.6619384  -0.93534312
  0.77591013 -2.35268947  0.59026889  2.78422843 -0.35242996  2.04722764
 -1.86126417 -1.3533662  -2.597368   -2.42273026 -1.50153054 -3.02896624
  2.01620174  1.78191049  1.58151666  1.12533488  1.58819403 -2.44421568
 -2.50736719  1.78907352  1.0342724  -0.29185926 -2.47720457  1.43098286
 -1.04394799 -3.04762118 -0.0472068   1.89751593 -2.70128483 -2.36816627
  1.87611905  1.02966617 -0.62617483 -0.49631344 -0.92140774  1.96405511
  0.4726227  -0.35622601  0.40183272 -2.26662922  1.26136567 -0.1533069
  2.4023618   1.23319555  2.87809264 -1.05733883  2.10171177 -0.42989458
 -3.2684118   2.20322021  0.81147118  1.92881087 -1.28919665  1.4391062
 -2.12172272  0.20898511  0.08303725 -2.79059103 -0.90191445 -2.39307472
  0.07227821 -0.56898607]
Sat May 25 20:52:55 2024,919,0.09593800619406981,[-4.65847859  2.36664256 -1.84106089 -0.12409687  0.18672564 -2.68765091
  3.01282929  2.10571232  1.45518702 -0.92536052  0.61239969  1.09170227
  1.13210071 -1.54196773  0.77712888  2.80621754 -0.7981553  -0.63691739
 -1.75472042  0.60195896  1.67657204  2.99185609 -1.208758   -0.31571278
 -2.42357611 -2.33803678  2.9945818   2.76322745 -0.54433287 -2.36481312
  1.48280769 -0.05850805 -2.31787447  2.09556448  1.28954019 -0.63853958
  0.84777181 -2.3188068  -0.02589543  2.15332917 -0.16394196  0.38886651
  2.71395764  1.04622481  2.46285648  3.16174765  2.64140819 -2.93932966
  0.26537415 -0.81572873  1.75888676  2.86399323 -0.51095142 -2.3176349
  2.78736963 -3.21076737  0.7939432  -0.6348799  -1.74135906  2.69818401
 -1.80955064 -1.58813071 -2.30391398  2.18800697 -2.45128532  2.13559757
  2.07465238  1.53540762  2.38308435  2.8047483   1.64886113  1.20012659
 -1.51324549 -2.22927524  1.47130191  0.71194287  1.31361916 -3.01402366
 -0.37770323  2.51831694 -1.0358544   1.28752029  1.48329455  0.54455011
 -0.83302116  1.11514369  0.66824171 -0.38370037  2.80473729 -1.9930705
  1.53804635 -0.48681173  1.09033622 -2.849766   -2.45832369  0.45773154
 -1.16150476 -0.49457601  0.36531625 -0.11126741 -1.65032849 -0.04116993
 -0.85970556  2.81181083 -1.0623995  -1.38013506 -0.9488343   1.07796539
  1.85224712 -0.69616521  1.97232748 -2.1941758  -0.34727718 -0.7325167
 -2.89008055  3.16480378 -1.63194489  3.13522479 -1.26602541 -2.70847989
  3.3621716  -1.23322286 -0.776496   -2.8840758  -2.7172055   2.54564111
 -2.13655222 -2.0471277  -0.18154887  3.14998775  0.24664286  0.21384969
 -1.25020336 -0.67764019 -1.73376988 -3.0302507   2.87032662  1.23551004
 -0.4857074  -2.18838443  1.10971128 -1.10585769 -0.49042483 -2.73954094
 -2.06516888  1.865548   -0.87381205  2.62185208 -0.45419514 -2.67151327
 -2.82019542  2.26182978 -3.14423348 -0.4453683  -1.0023483  -0.24660759
  2.34754178  1.84025284  0.01820737 -2.55288734 -2.6589219   0.24436963
 -0.76666227  1.24524134 -2.62771087  1.12505241 -0.38397799  0.42076273
  1.91903315  0.4581185   0.65074838 -1.27156713  1.79161222  2.9398249
  0.99593913  0.22180242 -1.1418122   2.42278784  0.72674082 -1.90977339
 -0.05037931  1.87092232  0.98664701 -1.08002967 -2.30130892  2.22238433
  2.00398644  1.92832367  2.29723373  1.91578718 -1.66121699 -3.10389854
  0.42852314  1.34475795 -2.26275509 -1.12583551  2.31183716  1.39294657
 -0.27195677 -1.84442294 -1.64823718  1.96528111  1.30723909 -1.01188302
 -0.23075457 -0.69309151 -0.30339031  2.30246085 -0.66193841 -0.93534311
  0.77591014 -2.35268948  0.59026888  2.78422844 -0.35242997  2.04722763
 -1.86126416 -1.35336619 -2.59736801 -2.42273025 -1.50153053 -3.02896625
  2.01620173  1.78191048  1.58151667  1.12533489  1.58819402 -2.44421569
 -2.50736718  1.78907351  1.03427239 -0.29185927 -2.47720456  1.43098287
 -1.04394798 -3.04762119 -0.04720682  1.89751594 -2.70128484 -2.36816628
  1.87611906  1.02966618 -0.62617482 -0.49631345 -0.92140773  1.96405512
  0.47262269 -0.35622602  0.40183271 -2.26662923  1.26136566 -0.15330689
  2.40236181  1.23319556  2.87809263 -1.05733884  2.10171176 -0.42989459
 -3.26841181  2.2032202   0.81147117  1.92881088 -1.28919664  1.43910619
 -2.12172273  0.20898513  0.08303726 -2.79059102 -0.90191444 -2.39307471
  0.07227822 -0.56898606]
Sat May 25 20:53:50 2024,920,0.09593800619350942,[-4.6584786   2.36664257 -1.84106088 -0.12409688  0.18672565 -2.68765093
  3.0128293   2.10571233  1.45518701 -0.92536053  0.61239967  1.09170228
  1.1321007  -1.54196774  0.77712889  2.80621752 -0.79815529 -0.63691738
 -1.75472043  0.60195895  1.67657203  2.9918561  -1.20875801 -0.31571279
 -2.42357612 -2.33803677  2.99458179  2.76322744 -0.54433286 -2.36481313
  1.4828077  -0.05850804 -2.31787448  2.09556447  1.2895402  -0.63853959
  0.8477718  -2.31880679 -0.02589544  2.15332916 -0.16394197  0.3888665
  2.71395763  1.04622482  2.46285647  3.16174764  2.64140818 -2.93932965
  0.26537414 -0.81572874  1.75888677  2.86399324 -0.51095141 -2.31763489
  2.78736962 -3.21076736  0.79394321 -0.63487989 -1.74135908  2.698184
 -1.80955063 -1.5881307  -2.30391397  2.18800698 -2.45128531  2.13559758
  2.07465239  1.53540761  2.38308436  2.80474831  1.64886112  1.20012658
 -1.51324551 -2.22927523  1.4713019   0.71194286  1.31361915 -3.01402367
 -0.37770322  2.51831695 -1.03585441  1.28752027  1.48329454  0.5445501
 -0.83302117  1.11514367  0.6682417  -0.38370038  2.8047373  -1.99307051
  1.53804636 -0.48681172  1.09033623 -2.84976601 -2.45832368  0.45773155
 -1.16150477 -0.49457602  0.36531626 -0.11126742 -1.65032848 -0.04116992
 -0.85970558  2.81181084 -1.06239948 -1.38013505 -0.94883428  1.07796537
  1.85224713 -0.69616522  1.97232747 -2.19417579 -0.34727717 -0.73251669
 -2.89008054  3.16480379 -1.63194487  3.1352248  -1.26602542 -2.70847987
  3.36217159 -1.23322285 -0.77649601 -2.88407579 -2.71720551  2.5456411
 -2.13655221 -2.04712771 -0.18154888  3.14998774  0.24664287  0.21384968
 -1.25020335 -0.6776402  -1.73376987 -3.03025069  2.87032663  1.23551003
 -0.48570741 -2.18838442  1.10971129 -1.10585771 -0.49042482 -2.73954095
 -2.06516887  1.86554799 -0.87381204  2.62185207 -0.45419513 -2.67151326
 -2.82019541  2.26182977 -3.14423347 -0.44536829 -1.00234831 -0.24660758
  2.34754177  1.84025283  0.01820738 -2.55288735 -2.65892191  0.24436964
 -0.76666226  1.24524133 -2.62771086  1.12505242 -0.38397798  0.42076272
  1.91903316  0.45811851  0.65074839 -1.27156712  1.79161221  2.93982489
  0.99593912  0.22180241 -1.14181221  2.42278785  0.72674083 -1.90977338
 -0.05037932  1.87092231  0.986647   -1.08002969 -2.30130891  2.22238434
  2.00398643  1.92832366  2.29723374  1.91578717 -1.66121698 -3.10389853
  0.42852315  1.34475796 -2.2627551  -1.12583552  2.31183715  1.39294658
 -0.27195679 -1.84442295 -1.64823716  1.96528112  1.30723908 -1.01188303
 -0.23075458 -0.6930915  -0.3033903   2.30246086 -0.66193842 -0.93534312
  0.77591015 -2.35268949  0.59026889  2.78422845 -0.35242998  2.04722762
 -1.86126417 -1.35336618 -2.597368   -2.42273024 -1.50153054 -3.02896626
  2.01620171  1.78191046  1.58151668  1.12533488  1.58819401 -2.4442157
 -2.50736717  1.78907349  1.03427238 -0.29185928 -2.47720455  1.43098289
 -1.04394799 -3.0476212  -0.0472068   1.89751595 -2.70128483 -2.36816627
  1.87611907  1.02966619 -0.62617483 -0.49631346 -0.92140774  1.96405513
  0.4726227  -0.35622601  0.4018327  -2.26662922  1.26136565 -0.15330688
  2.40236182  1.23319555  2.87809264 -1.05733883  2.10171175 -0.42989458
 -3.26841182  2.20322021  0.81147116  1.92881089 -1.28919663  1.4391062
 -2.12172274  0.20898514  0.08303727 -2.79059103 -0.90191445 -2.39307472
  0.07227823 -0.56898607]
Sat May 25 20:54:14 2024,921,0.09593800619294991,[-4.65847861  2.36664258 -1.84106087 -0.1240969   0.18672566 -2.68765094
  3.01282931  2.10571232  1.45518702 -0.92536052  0.61239969  1.09170227
  1.13210069 -1.54196773  0.7771289   2.80621751 -0.79815528 -0.63691739
 -1.75472042  0.60195894  1.67657204  2.99185609 -1.20875802 -0.3157128
 -2.42357613 -2.33803676  2.9945818   2.76322743 -0.54433287 -2.36481312
  1.48280769 -0.05850805 -2.31787447  2.09556446  1.28954019 -0.6385396
  0.84777179 -2.31880678 -0.02589543  2.15332917 -0.16394198  0.38886651
  2.71395764  1.04622483  2.46285646  3.16174765  2.64140817 -2.93932964
  0.26537413 -0.81572875  1.75888678  2.86399323 -0.51095142 -2.31763487
  2.78736963 -3.21076734  0.79394322 -0.6348799  -1.74135906  2.69818399
 -1.80955064 -1.58813069 -2.30391396  2.18800697 -2.45128532  2.13559759
  2.0746524   1.5354076   2.38308435  2.80474832  1.64886113  1.20012657
 -1.51324549 -2.22927522  1.47130189  0.71194285  1.31361916 -3.01402368
 -0.37770323  2.51831694 -1.03585442  1.28752026  1.48329455  0.54455009
 -0.83302118  1.11514366  0.66824171 -0.38370037  2.80473729 -1.9930705
  1.53804637 -0.48681173  1.09033622 -2.84976602 -2.45832367  0.45773156
 -1.16150476 -0.49457601  0.36531625 -0.11126741 -1.65032847 -0.04116991
 -0.85970556  2.81181083 -1.06239947 -1.38013504 -0.94883427  1.07796539
  1.85224712 -0.69616521  1.97232748 -2.1941758  -0.34727716 -0.7325167
 -2.89008053  3.1648038  -1.63194486  3.13522481 -1.26602541 -2.70847989
  3.3621716  -1.23322284 -0.776496   -2.8840758  -2.71720552  2.54564109
 -2.1365522  -2.0471277  -0.18154889  3.14998773  0.24664286  0.21384967
 -1.25020334 -0.67764019 -1.73376986 -3.0302507   2.87032664  1.23551002
 -0.4857074  -2.18838441  1.1097113  -1.10585772 -0.49042481 -2.73954096
 -2.06516886  1.865548   -0.87381203  2.62185206 -0.45419512 -2.67151325
 -2.8201954   2.26182978 -3.14423348 -0.4453683  -1.0023483  -0.24660757
  2.34754178  1.84025284  0.01820737 -2.55288734 -2.65892192  0.24436963
 -0.76666227  1.24524132 -2.62771084  1.12505241 -0.38397797  0.42076273
  1.91903315  0.4581185   0.65074838 -1.27156713  1.79161222  2.93982488
  0.99593913  0.22180242 -1.14181222  2.42278784  0.72674082 -1.90977337
 -0.05037931  1.8709223   0.98664701 -1.0800297  -2.30130892  2.22238433
  2.00398642  1.92832367  2.29723375  1.91578718 -1.66121697 -3.10389852
  0.42852316  1.34475797 -2.26275509 -1.12583554  2.31183716  1.39294659
 -0.2719568  -1.84442296 -1.64823715  1.96528111  1.30723907 -1.01188304
 -0.23075457 -0.69309151 -0.30339028  2.30246087 -0.66193843 -0.93534313
  0.77591016 -2.35268948  0.5902689   2.78422846 -0.35242997  2.04722763
 -1.86126416 -1.35336619 -2.59736801 -2.42273023 -1.50153055 -3.02896627
  2.0162017   1.78191048  1.58151667  1.12533489  1.58819402 -2.44421569
 -2.50736718  1.78907348  1.03427239 -0.29185927 -2.47720454  1.4309829
 -1.043948   -3.04762119 -0.04720679  1.89751594 -2.70128484 -2.36816628
  1.87611908  1.0296662  -0.62617482 -0.49631347 -0.92140773  1.96405512
  0.47262269 -0.356226    0.40183269 -2.26662921  1.26136564 -0.15330689
  2.40236181  1.23319554  2.87809263 -1.05733884  2.10171174 -0.42989459
 -3.26841184  2.2032202   0.81147117  1.9288109  -1.28919662  1.43910621
 -2.12172275  0.20898513  0.08303728 -2.79059104 -0.90191446 -2.39307473
  0.07227822 -0.56898608]
Sat May 25 20:54:38 2024,922,0.09593800619239175,[-4.65847862  2.36664259 -1.84106086 -0.12409688  0.18672565 -2.68765095
  3.0128293   2.10571233  1.45518701 -0.92536053  0.6123997   1.09170228
  1.1321007  -1.54196772  0.77712889  2.8062175  -0.79815529 -0.63691738
 -1.75472043  0.60195895  1.67657205  2.9918561  -1.20875803 -0.31571279
 -2.42357612 -2.33803677  2.99458181  2.76322742 -0.54433288 -2.36481313
  1.4828077  -0.05850804 -2.31787448  2.09556447  1.2895402  -0.63853959
  0.8477718  -2.31880676 -0.02589542  2.15332916 -0.16394199  0.38886652
  2.71395763  1.04622484  2.46285647  3.16174766  2.64140818 -2.93932965
  0.26537412 -0.81572876  1.75888677  2.86399322 -0.51095141 -2.31763489
  2.78736962 -3.21076736  0.79394321 -0.63487991 -1.74135905  2.69818398
 -1.80955063 -1.58813068 -2.30391397  2.18800696 -2.45128533  2.1355976
  2.07465241  1.53540761  2.38308436  2.80474833  1.64886114  1.20012656
 -1.51324548 -2.22927521  1.4713019   0.71194284  1.31361917 -3.01402369
 -0.37770324  2.51831693 -1.03585441  1.28752025  1.48329454  0.54455008
 -0.8330212   1.11514365  0.6682417  -0.38370038  2.8047373  -1.99307051
  1.53804638 -0.48681172  1.09033621 -2.84976601 -2.45832368  0.45773155
 -1.16150477 -0.49457602  0.36531626 -0.11126742 -1.65032848 -0.0411699
 -0.85970555  2.81181084 -1.06239946 -1.38013503 -0.94883426  1.07796537
  1.85224713 -0.6961652   1.97232747 -2.19417579 -0.34727715 -0.73251669
 -2.89008054  3.16480381 -1.63194485  3.1352248  -1.2660254  -2.7084799
  3.36217161 -1.23322285 -0.77649599 -2.88407581 -2.71720553  2.54564108
 -2.13655219 -2.04712771 -0.18154888  3.14998772  0.24664285  0.21384968
 -1.25020333 -0.6776402  -1.73376985 -3.03025071  2.87032665  1.23551003
 -0.48570741 -2.18838442  1.10971131 -1.10585771 -0.4904248  -2.73954097
 -2.06516887  1.86554801 -0.87381201  2.62185207 -0.45419513 -2.67151324
 -2.82019539  2.26182977 -3.14423349 -0.44536829 -1.00234829 -0.24660756
  2.34754179  1.84025285  0.01820738 -2.55288735 -2.65892193  0.24436962
 -0.76666226  1.24524133 -2.62771083  1.1250524  -0.38397798  0.42076272
  1.91903316  0.45811849  0.65074837 -1.27156714  1.79161223  2.93982487
  0.99593912  0.22180241 -1.14181224  2.42278783  0.72674081 -1.90977336
 -0.05037932  1.87092231  0.98664703 -1.08002969 -2.30130891  2.22238434
  2.00398643  1.92832368  2.29723374  1.91578719 -1.66121698 -3.10389853
  0.42852317  1.34475798 -2.26275508 -1.12583555  2.31183715  1.39294658
 -0.27195681 -1.84442295 -1.64823714  1.96528112  1.30723908 -1.01188305
 -0.23075456 -0.6930915  -0.30339027  2.30246088 -0.66193845 -0.93534312
  0.77591015 -2.35268947  0.59026889  2.78422847 -0.35242998  2.04722764
 -1.86126415 -1.3533662  -2.59736802 -2.42273021 -1.50153054 -3.02896628
  2.01620171  1.78191049  1.58151666  1.1253349   1.58819401 -2.44421568
 -2.50736717  1.78907347  1.0342724  -0.29185928 -2.47720453  1.43098289
 -1.04394799 -3.0476212  -0.04720678  1.89751595 -2.70128483 -2.36816627
  1.87611907  1.02966619 -0.62617483 -0.49631346 -0.92140774  1.96405513
  0.47262268 -0.35622599  0.4018327  -2.26662922  1.26136565 -0.15330688
  2.40236182  1.23319555  2.87809262 -1.05733883  2.10171175 -0.42989458
 -3.26841185  2.20322021  0.81147116  1.92881091 -1.28919663  1.43910622
 -2.12172274  0.20898511  0.08303727 -2.79059105 -0.90191447 -2.39307475
  0.07227823 -0.56898609]
Sat May 25 20:55:11 2024,923,0.09593800619183387,[-4.65847863  2.3666426  -1.84106087 -0.12409687  0.18672564 -2.68765096
  3.01282931  2.10571234  1.45518702 -0.92536054  0.61239969  1.09170229
  1.13210071 -1.54196773  0.7771289   2.80621751 -0.7981553  -0.63691739
 -1.75472042  0.60195894  1.67657206  2.99185609 -1.20875802 -0.3157128
 -2.42357613 -2.33803676  2.9945818   2.76322741 -0.54433287 -2.36481314
  1.48280769 -0.05850803 -2.31787447  2.09556448  1.28954019 -0.63853958
  0.84777181 -2.31880675 -0.02589541  2.15332917 -0.163942    0.38886651
  2.71395762  1.04622483  2.46285646  3.16174767  2.64140819 -2.93932964
  0.26537413 -0.81572877  1.75888676  2.8639932  -0.51095142 -2.31763487
  2.78736963 -3.21076737  0.7939432  -0.6348799  -1.74135906  2.69818397
 -1.80955062 -1.58813069 -2.30391398  2.18800695 -2.45128534  2.13559759
  2.0746524   1.5354076   2.38308437  2.80474832  1.64886115  1.20012657
 -1.51324549 -2.2292752   1.47130191  0.71194285  1.31361916 -3.01402368
 -0.37770325  2.51831694 -1.03585442  1.28752024  1.48329453  0.54455007
 -0.83302118  1.11514364  0.66824169 -0.38370039  2.80473731 -1.9930705
  1.53804637 -0.48681173  1.09033622 -2.84976602 -2.45832367  0.45773156
 -1.16150476 -0.49457603  0.36531625 -0.11126743 -1.65032849 -0.04116991
 -0.85970554  2.81181083 -1.06239947 -1.38013502 -0.94883427  1.07796536
  1.85224712 -0.69616521  1.97232746 -2.19417578 -0.34727713 -0.7325167
 -2.89008053  3.1648038  -1.63194484  3.13522481 -1.26602538 -2.70847989
  3.36217162 -1.23322284 -0.77649598 -2.88407582 -2.71720554  2.54564107
 -2.1365522  -2.04712772 -0.18154889  3.14998773  0.24664286  0.21384969
 -1.25020334 -0.67764019 -1.73376986 -3.0302507   2.87032667  1.23551002
 -0.4857074  -2.18838443  1.10971132 -1.10585769 -0.49042479 -2.73954096
 -2.06516888  1.86554802 -0.873812    2.62185208 -0.45419514 -2.67151325
 -2.8201954   2.26182976 -3.1442335  -0.44536828 -1.0023483  -0.24660757
  2.3475418   1.84025284  0.01820739 -2.55288736 -2.65892194  0.24436963
 -0.76666225  1.24524132 -2.62771082  1.12505239 -0.38397799  0.42076273
  1.91903317  0.4581185   0.65074838 -1.27156715  1.79161222  2.93982488
  0.99593911  0.22180242 -1.14181225  2.42278782  0.7267408  -1.90977335
 -0.05037931  1.8709223   0.98664701 -1.0800297  -2.30130889  2.22238435
  2.00398644  1.92832367  2.29723375  1.9157872  -1.66121697 -3.10389854
  0.42852316  1.34475797 -2.26275509 -1.12583556  2.31183716  1.39294657
 -0.27195682 -1.84442296 -1.64823713  1.96528113  1.30723909 -1.01188306
 -0.23075455 -0.69309149 -0.30339028  2.30246087 -0.66193846 -0.93534313
  0.77591014 -2.35268946  0.59026888  2.78422846 -0.35243     2.04722765
 -1.86126414 -1.35336621 -2.59736801 -2.42273023 -1.50153053 -3.02896627
  2.0162017   1.7819105   1.58151667  1.12533491  1.58819402 -2.44421567
 -2.50736718  1.78907348  1.03427242 -0.29185927 -2.47720454  1.43098287
 -1.043948   -3.04762119 -0.04720677  1.89751594 -2.70128484 -2.36816626
  1.87611908  1.02966618 -0.62617482 -0.49631345 -0.92140773  1.96405512
  0.47262267 -0.356226    0.40183271 -2.26662923  1.26136564 -0.15330687
  2.40236181  1.23319556  2.87809261 -1.05733884  2.10171174 -0.42989456
 -3.26841184  2.20322022  0.81147115  1.9288109  -1.28919662  1.43910621
 -2.12172275  0.20898513  0.08303726 -2.79059106 -0.90191448 -2.39307473
  0.07227822 -0.56898608]
Sat May 25 20:55:34 2024,924,0.0959380061912774,[-4.65847864  2.36664261 -1.84106086 -0.12409688  0.18672565 -2.68765095
  3.0128293   2.10571235  1.45518703 -0.92536055  0.6123997   1.09170228
  1.1321007  -1.54196772  0.77712891  2.80621752 -0.79815529 -0.63691741
 -1.75472041  0.60195895  1.67657207  2.9918561  -1.20875801 -0.31571279
 -2.42357612 -2.33803677  2.99458179  2.76322742 -0.54433288 -2.36481313
  1.48280768 -0.05850802 -2.31787446  2.09556449  1.28954018 -0.63853959
  0.8477718  -2.31880676 -0.0258954   2.15332916 -0.16394199  0.3888665
  2.71395761  1.04622484  2.46285645  3.16174769  2.64140818 -2.93932965
  0.26537412 -0.81572876  1.75888675  2.86399319 -0.51095141 -2.31763486
  2.78736962 -3.21076736  0.79394321 -0.63487991 -1.74135908  2.69818396
 -1.80955061 -1.5881307  -2.30391399  2.18800696 -2.45128535  2.13559758
  2.07465239  1.53540759  2.38308436  2.80474833  1.64886116  1.20012658
 -1.51324551 -2.22927521  1.4713019   0.71194284  1.31361917 -3.01402367
 -0.37770326  2.51831695 -1.03585443  1.28752025  1.48329454  0.54455008
 -0.8330212   1.11514365  0.66824168 -0.3837004   2.80473732 -1.99307049
  1.53804636 -0.48681172  1.09033623 -2.84976601 -2.45832368  0.45773155
 -1.16150475 -0.49457602  0.36531626 -0.11126742 -1.65032848 -0.04116992
 -0.85970555  2.81181082 -1.06239946 -1.38013503 -0.94883426  1.07796537
  1.85224713 -0.69616522  1.97232745 -2.19417579 -0.34727715 -0.73251671
 -2.89008052  3.16480381 -1.63194485  3.13522482 -1.2660254  -2.70847987
  3.36217161 -1.23322285 -0.77649597 -2.88407583 -2.71720556  2.54564108
 -2.13655219 -2.04712771 -0.1815489   3.14998772  0.24664287  0.2138497
 -1.25020335 -0.67764018 -1.73376987 -3.03025069  2.87032668  1.23551003
 -0.48570739 -2.18838444  1.10971131 -1.10585771 -0.4904248  -2.73954097
 -2.06516889  1.86554803 -0.87381201  2.6218521  -0.45419513 -2.67151326
 -2.82019539  2.26182975 -3.14423351 -0.44536829 -1.00234829 -0.24660756
  2.34754181  1.84025285  0.01820738 -2.55288737 -2.65892193  0.24436962
 -0.76666226  1.24524131 -2.62771083  1.12505238 -0.38397801  0.42076274
  1.91903316  0.45811851  0.65074839 -1.27156714  1.79161221  2.93982487
  0.99593912  0.22180241 -1.14181224  2.42278781  0.72674081 -1.90977336
 -0.05037929  1.87092229  0.98664703 -1.08002969 -2.30130888  2.22238434
  2.00398645  1.92832368  2.29723374  1.91578719 -1.66121698 -3.10389853
  0.42852315  1.34475798 -2.26275508 -1.12583555  2.31183715  1.39294658
 -0.27195683 -1.84442295 -1.64823712  1.96528114  1.3072391  -1.01188307
 -0.23075454 -0.69309148 -0.30339027  2.30246086 -0.66193845 -0.93534312
  0.77591015 -2.35268947  0.59026887  2.78422845 -0.35242998  2.04722764
 -1.86126415 -1.3533662  -2.597368   -2.42273021 -1.50153052 -3.02896628
  2.01620169  1.78191049  1.58151666  1.12533492  1.58819401 -2.44421568
 -2.50736717  1.78907349  1.0342724  -0.29185928 -2.47720453  1.43098286
 -1.04394799 -3.0476212  -0.04720676  1.89751595 -2.70128485 -2.36816625
  1.87611909  1.02966619 -0.62617481 -0.49631344 -0.92140774  1.96405513
  0.47262268 -0.35622601  0.40183272 -2.26662924  1.26136565 -0.15330688
  2.40236182  1.23319555  2.8780926  -1.05733885  2.10171173 -0.42989458
 -3.26841185  2.20322021  0.81147114  1.92881089 -1.28919663  1.4391062
 -2.12172274  0.20898511  0.08303727 -2.79059105 -0.90191449 -2.39307472
  0.07227821 -0.56898609]
Sat May 25 20:55:58 2024,925,0.09593800619072193,[-4.65847865  2.36664262 -1.84106087 -0.12409687  0.18672566 -2.68765096
  3.01282929  2.10571236  1.45518702 -0.92536056  0.61239969  1.09170227
  1.13210071 -1.54196773  0.7771289   2.80621754 -0.79815528 -0.63691742
 -1.75472042  0.60195894  1.67657209  2.99185609 -1.208758   -0.3157128
 -2.42357611 -2.33803678  2.99458178  2.76322741 -0.54433289 -2.36481312
  1.48280769 -0.05850803 -2.31787447  2.0955645   1.28954017 -0.6385396
  0.84777181 -2.31880675 -0.02589539  2.15332917 -0.16394198  0.38886651
  2.71395762  1.04622483  2.46285646  3.1617477   2.64140817 -2.93932966
  0.26537411 -0.81572877  1.75888674  2.86399318 -0.51095142 -2.31763485
  2.78736963 -3.21076734  0.7939432  -0.63487993 -1.74135906  2.69818395
 -1.8095506  -1.58813071 -2.30391398  2.18800695 -2.45128536  2.13559757
  2.07465238  1.5354076   2.38308437  2.80474832  1.64886115  1.20012657
 -1.51324549 -2.2292752   1.47130191  0.71194285  1.31361918 -3.01402366
 -0.37770328  2.51831697 -1.03585444  1.28752024  1.48329455  0.54455007
 -0.83302118  1.11514366  0.66824169 -0.38370039  2.80473731 -1.9930705
  1.53804637 -0.48681173  1.09033624 -2.84976602 -2.45832369  0.45773154
 -1.16150474 -0.49457601  0.36531625 -0.11126743 -1.65032849 -0.04116991
 -0.85970554  2.81181081 -1.06239947 -1.38013504 -0.94883425  1.07796539
  1.85224712 -0.69616523  1.97232746 -2.1941758  -0.34727716 -0.7325167
 -2.89008053  3.1648038  -1.63194486  3.13522483 -1.26602541 -2.70847989
  3.3621716  -1.23322284 -0.77649598 -2.88407584 -2.71720557  2.54564109
 -2.1365522  -2.0471277  -0.18154891  3.1499877   0.24664288  0.21384969
 -1.25020334 -0.67764019 -1.73376988 -3.0302507   2.87032669  1.23551002
 -0.4857074  -2.18838445  1.1097113  -1.10585772 -0.49042479 -2.73954098
 -2.0651689   1.86554804 -0.873812    2.62185208 -0.45419514 -2.67151325
 -2.8201954   2.26182976 -3.1442335  -0.4453683  -1.00234828 -0.24660754
  2.3475418   1.84025286  0.01820737 -2.55288738 -2.65892192  0.24436963
 -0.76666225  1.2452413  -2.62771082  1.12505239 -0.38397802  0.42076275
  1.91903315  0.45811853  0.65074838 -1.27156715  1.7916122   2.93982488
  0.99593913  0.2218024  -1.14181225  2.4227878   0.7267408  -1.90977337
 -0.05037931  1.8709223   0.98664704 -1.08002967 -2.30130887  2.22238435
  2.00398644  1.92832367  2.29723375  1.9157872  -1.66121697 -3.10389852
  0.42852314  1.34475799 -2.26275509 -1.12583554  2.31183714  1.39294659
 -0.27195682 -1.84442294 -1.64823711  1.96528115  1.30723911 -1.01188306
 -0.23075453 -0.69309147 -0.30339026  2.30246085 -0.66193843 -0.93534311
  0.77591016 -2.35268946  0.59026886  2.78422846 -0.35242997  2.04722765
 -1.86126416 -1.35336619 -2.59736801 -2.42273023 -1.50153053 -3.02896629
  2.01620168  1.78191048  1.58151664  1.12533493  1.588194   -2.44421567
 -2.50736716  1.78907348  1.03427239 -0.29185927 -2.47720452  1.43098285
 -1.04394798 -3.04762119 -0.04720675  1.89751594 -2.70128484 -2.36816624
  1.8761191   1.0296662  -0.62617482 -0.49631343 -0.92140773  1.96405514
  0.47262269 -0.356226    0.40183271 -2.26662925  1.26136566 -0.15330689
  2.40236183  1.23319556  2.87809261 -1.05733884  2.10171172 -0.42989456
 -3.26841184  2.20322022  0.81147113  1.92881088 -1.28919662  1.43910621
 -2.12172275  0.2089851   0.08303728 -2.79059104 -0.90191448 -2.39307471
  0.07227822 -0.5689861 ]
Sat May 25 20:56:34 2024,926,0.09593800619016704,[-4.65847866  2.36664263 -1.84106086 -0.12409686  0.18672565 -2.68765097
  3.01282928  2.10571235  1.45518701 -0.92536057  0.61239967  1.09170226
  1.1321007  -1.54196774  0.77712889  2.80621752 -0.79815529 -0.63691743
 -1.75472041  0.60195895  1.6765721   2.99185608 -1.20875799 -0.31571279
 -2.4235761  -2.33803679  2.99458177  2.7632274  -0.54433288 -2.36481311
  1.48280768 -0.05850804 -2.31787446  2.09556452  1.28954016 -0.63853959
  0.8477718  -2.31880674 -0.0258954   2.15332918 -0.16394197  0.38886652
  2.71395761  1.04622484  2.46285647  3.16174769  2.64140816 -2.93932965
  0.26537412 -0.81572876  1.75888675  2.86399317 -0.51095143 -2.31763486
  2.78736962 -3.21076733  0.79394319 -0.63487991 -1.74135905  2.69818394
 -1.80955059 -1.5881307  -2.30391399  2.18800694 -2.45128535  2.13559756
  2.07465237  1.53540761  2.38308438  2.80474831  1.64886114  1.20012658
 -1.51324548 -2.22927519  1.4713019   0.71194286  1.31361919 -3.01402365
 -0.37770326  2.51831698 -1.03585443  1.28752025  1.48329454  0.54455008
 -0.83302119  1.11514365  0.66824168 -0.3837004   2.80473732 -1.99307049
  1.53804638 -0.48681172  1.09033623 -2.84976601 -2.45832368  0.45773155
 -1.16150473 -0.49457602  0.36531626 -0.11126742 -1.65032848 -0.0411699
 -0.85970555  2.8118108  -1.06239948 -1.38013503 -0.94883424  1.07796537
  1.85224713 -0.69616522  1.97232745 -2.19417581 -0.34727715 -0.73251669
 -2.89008054  3.16480379 -1.63194487  3.13522482 -1.26602542 -2.7084799
  3.36217159 -1.23322285 -0.77649597 -2.88407583 -2.71720558  2.54564108
 -2.13655219 -2.04712769 -0.1815489   3.14998769  0.24664289  0.2138497
 -1.25020333 -0.67764018 -1.73376987 -3.03025069  2.87032668  1.23551001
 -0.48570741 -2.18838446  1.10971131 -1.10585771 -0.4904248  -2.73954097
 -2.06516891  1.86554803 -0.87381201  2.62185207 -0.45419515 -2.67151326
 -2.82019541  2.26182975 -3.14423351 -0.44536831 -1.00234829 -0.24660753
  2.34754179  1.84025287  0.01820738 -2.55288739 -2.65892193  0.24436962
 -0.76666224  1.24524129 -2.62771083  1.12505238 -0.38397801  0.42076274
  1.91903314  0.45811854  0.65074837 -1.27156716  1.79161221  2.93982489
  0.99593914  0.22180241 -1.14181224  2.42278779  0.72674081 -1.90977338
 -0.05037929  1.87092231  0.98664703 -1.08002969 -2.30130888  2.22238436
  2.00398643  1.92832366  2.29723376  1.91578719 -1.66121696 -3.10389853
  0.42852315  1.34475801 -2.2627551  -1.12583555  2.31183715  1.39294658
 -0.27195681 -1.84442295 -1.6482371   1.96528114  1.30723912 -1.01188305
 -0.23075454 -0.69309146 -0.30339025  2.30246084 -0.66193842 -0.93534312
  0.77591015 -2.35268945  0.59026887  2.78422845 -0.35242998  2.04722764
 -1.86126415 -1.35336618 -2.59736802 -2.42273024 -1.50153052 -3.0289663
  2.01620167  1.78191049  1.58151666  1.12533495  1.58819399 -2.44421568
 -2.50736717  1.78907349  1.0342724  -0.29185926 -2.47720453  1.43098286
 -1.04394797 -3.0476212  -0.04720676  1.89751595 -2.70128483 -2.36816623
  1.87611912  1.02966619 -0.62617481 -0.49631342 -0.92140774  1.96405515
  0.47262268 -0.35622601  0.4018327  -2.26662926  1.26136565 -0.15330688
  2.40236185  1.23319557  2.8780926  -1.05733883  2.10171171 -0.42989458
 -3.26841183  2.20322023  0.81147112  1.92881089 -1.28919663  1.43910622
 -2.12172276  0.20898511  0.08303727 -2.79059105 -0.90191447 -2.3930747
  0.07227823 -0.56898609]
Sat May 25 20:56:56 2024,927,0.09593800618961319,[-4.65847867  2.36664262 -1.84106085 -0.12409687  0.18672566 -2.68765098
  3.01282927  2.10571234  1.45518702 -0.92536058  0.61239966  1.09170227
  1.13210071 -1.54196773  0.77712888  2.80621751 -0.7981553  -0.63691744
 -1.7547204   0.60195894  1.67657211  2.99185609 -1.20875798 -0.31571278
 -2.42357611 -2.3380368   2.99458178  2.76322741 -0.54433289 -2.3648131
  1.48280767 -0.05850805 -2.31787445  2.09556453  1.28954015 -0.63853958
  0.84777179 -2.31880675 -0.02589541  2.15332919 -0.16394196  0.38886651
  2.7139576   1.04622483  2.46285646  3.1617477   2.64140815 -2.93932964
  0.26537413 -0.81572875  1.75888676  2.86399316 -0.51095142 -2.31763487
  2.78736961 -3.21076732  0.7939432  -0.63487993 -1.74135904  2.69818395
 -1.8095506  -1.58813069 -2.30391401  2.18800695 -2.45128534  2.13559757
  2.07465238  1.53540762  2.38308437  2.80474832  1.64886113  1.20012659
 -1.51324547 -2.22927518  1.47130191  0.71194285  1.3136192  -3.01402366
 -0.37770325  2.51831697 -1.03585444  1.28752024  1.48329455  0.54455007
 -0.83302121  1.11514366  0.66824167 -0.38370041  2.80473733 -1.99307048
  1.53804637 -0.48681171  1.09033622 -2.84976602 -2.45832369  0.45773154
 -1.16150474 -0.49457601  0.36531627 -0.11126741 -1.65032849 -0.04116991
 -0.85970556  2.81181078 -1.06239947 -1.38013504 -0.94883425  1.07796536
  1.85224712 -0.69616521  1.97232744 -2.1941758  -0.34727716 -0.73251668
 -2.89008053  3.1648038  -1.63194488  3.13522481 -1.26602543 -2.70847989
  3.3621716  -1.23322286 -0.77649596 -2.88407582 -2.71720557  2.54564109
 -2.13655218 -2.04712768 -0.18154891  3.1499877   0.2466429   0.21384969
 -1.25020332 -0.67764017 -1.73376988 -3.0302507   2.87032667  1.23551
 -0.48570742 -2.18838445  1.10971132 -1.10585769 -0.49042481 -2.73954096
 -2.0651689   1.86554802 -0.87381203  2.62185206 -0.45419516 -2.67151325
 -2.82019542  2.26182974 -3.1442335  -0.44536832 -1.00234828 -0.24660754
  2.3475418   1.84025288  0.01820739 -2.5528874  -2.65892194  0.24436961
 -0.76666223  1.2452413  -2.62771082  1.12505237 -0.38397802  0.42076273
  1.91903315  0.45811855  0.65074838 -1.27156715  1.79161222  2.93982488
  0.99593913  0.2218024  -1.14181222  2.4227878   0.7267408  -1.90977337
 -0.05037931  1.87092232  0.98664704 -1.0800297  -2.30130887  2.22238437
  2.00398644  1.92832367  2.29723377  1.91578718 -1.66121695 -3.10389852
  0.42852314  1.34475799 -2.26275512 -1.12583556  2.31183714  1.39294657
 -0.2719568  -1.84442296 -1.64823709  1.96528115  1.30723911 -1.01188306
 -0.23075453 -0.69309147 -0.30339024  2.30246085 -0.66193841 -0.93534313
  0.77591016 -2.35268944  0.59026886  2.78422844 -0.35242999  2.04722765
 -1.86126416 -1.35336619 -2.59736801 -2.42273025 -1.50153051 -3.02896629
  2.01620166  1.78191048  1.58151667  1.12533496  1.588194   -2.44421569
 -2.50736718  1.78907351  1.03427242 -0.29185924 -2.47720452  1.43098287
 -1.04394796 -3.04762121 -0.04720677  1.89751594 -2.70128482 -2.36816622
  1.8761191   1.0296662  -0.62617482 -0.49631341 -0.92140773  1.96405516
  0.47262269 -0.356226    0.40183271 -2.26662925  1.26136566 -0.15330689
  2.40236186  1.23319556  2.87809261 -1.05733884  2.1017117  -0.42989459
 -3.26841184  2.20322022  0.81147113  1.9288109  -1.28919662  1.43910621
 -2.12172275  0.20898513  0.08303726 -2.79059106 -0.90191448 -2.39307469
  0.07227824 -0.56898608]
Sat May 25 20:57:19 2024,928,0.09593800618905993,[-4.65847868  2.36664263 -1.84106086 -0.12409688  0.18672567 -2.68765097
  3.01282925  2.10571235  1.45518703 -0.92536059  0.61239965  1.09170228
  1.1321007  -1.54196774  0.77712889  2.80621752 -0.79815531 -0.63691745
 -1.75472041  0.60195893  1.67657212  2.99185608 -1.20875797 -0.31571277
 -2.42357612 -2.33803679  2.99458179  2.7632274  -0.54433288 -2.36481309
  1.48280768 -0.05850804 -2.31787446  2.09556454  1.28954014 -0.63853959
  0.84777178 -2.31880674 -0.0258954   2.1533292  -0.16394195  0.3888665
  2.71395759  1.04622482  2.46285647  3.16174769  2.64140816 -2.93932963
  0.26537412 -0.81572876  1.75888675  2.86399317 -0.51095143 -2.31763486
  2.7873696  -3.21076733  0.79394321 -0.63487991 -1.74135905  2.69818394
 -1.80955059 -1.58813068 -2.30391402  2.18800696 -2.45128535  2.13559756
  2.07465237  1.53540764  2.38308438  2.80474831  1.64886114  1.2001266
 -1.51324546 -2.22927517  1.4713019   0.71194284  1.31361921 -3.01402365
 -0.37770326  2.51831698 -1.03585445  1.28752023  1.48329456  0.54455008
 -0.8330212   1.11514367  0.66824168 -0.38370042  2.80473732 -1.99307049
  1.53804636 -0.4868117   1.09033623 -2.84976601 -2.45832368  0.45773155
 -1.16150475 -0.494576    0.36531628 -0.11126742 -1.65032848 -0.0411699
 -0.85970555  2.81181077 -1.06239946 -1.38013505 -0.94883426  1.07796537
  1.85224711 -0.69616522  1.97232743 -2.19417581 -0.34727717 -0.73251667
 -2.89008052  3.16480381 -1.63194487  3.13522482 -1.26602544 -2.7084799
  3.36217159 -1.23322285 -0.77649597 -2.88407581 -2.71720558  2.5456411
 -2.13655219 -2.04712769 -0.18154892  3.14998772  0.24664291  0.21384968
 -1.25020331 -0.67764018 -1.73376987 -3.03025071  2.87032665  1.23551001
 -0.48570744 -2.18838444  1.10971131 -1.10585771 -0.49042482 -2.73954095
 -2.06516889  1.86554803 -0.87381201  2.62185205 -0.45419517 -2.67151326
 -2.82019543  2.26182975 -3.14423351 -0.44536831 -1.00234827 -0.24660753
  2.34754181  1.84025287  0.0182074  -2.55288741 -2.65892195  0.24436962
 -0.76666222  1.24524129 -2.62771083  1.12505238 -0.38397801  0.42076272
  1.91903314  0.45811854  0.65074839 -1.27156716  1.79161223  2.93982489
  0.99593912  0.22180239 -1.14181224  2.42278781  0.72674081 -1.90977336
 -0.05037932  1.87092231  0.98664703 -1.08002971 -2.30130888  2.22238438
  2.00398645  1.92832366  2.29723378  1.91578717 -1.66121694 -3.10389851
  0.42852315  1.34475798 -2.2627551  -1.12583555  2.31183715  1.39294658
 -0.27195679 -1.84442295 -1.64823708  1.96528116  1.3072391  -1.01188305
 -0.23075454 -0.69309148 -0.30339023  2.30246084 -0.6619384  -0.93534312
  0.77591017 -2.35268943  0.59026885  2.78422845 -0.35242998  2.04722764
 -1.86126415 -1.35336618 -2.59736802 -2.42273026 -1.5015305  -3.0289663
  2.01620165  1.78191049  1.58151668  1.12533497  1.58819401 -2.44421568
 -2.50736719  1.78907352  1.03427243 -0.29185926 -2.47720451  1.43098286
 -1.04394797 -3.04762122 -0.04720678  1.89751595 -2.7012848  -2.36816623
  1.87611912  1.02966621 -0.62617483 -0.49631342 -0.92140774  1.96405517
  0.47262268 -0.35622601  0.4018327  -2.26662924  1.26136567 -0.15330688
  2.40236185  1.23319555  2.8780926  -1.05733883  2.10171169 -0.4298946
 -3.26841185  2.20322021  0.81147112  1.92881089 -1.28919661  1.4391062
 -2.12172276  0.20898511  0.08303727 -2.79059105 -0.90191447 -2.3930747
  0.07227823 -0.56898607]
Sat May 25 20:57:42 2024,929,0.09593800618850838,[-4.65847869  2.36664264 -1.84106087 -0.1240969   0.18672568 -2.68765096
  3.01282924  2.10571234  1.45518704 -0.92536058  0.61239966  1.09170229
  1.13210071 -1.54196775  0.7771289   2.80621754 -0.79815533 -0.63691744
 -1.75472042  0.60195892  1.67657213  2.99185607 -1.20875796 -0.31571276
 -2.42357611 -2.3380368   2.99458178  2.76322741 -0.54433289 -2.3648131
  1.48280767 -0.05850805 -2.31787447  2.09556453  1.28954015 -0.6385396
  0.84777177 -2.31880675 -0.02589539  2.15332921 -0.16394196  0.38886649
  2.71395758  1.04622483  2.46285648  3.16174767  2.64140817 -2.93932964
  0.26537413 -0.81572875  1.75888674  2.86399318 -0.51095144 -2.31763485
  2.78736959 -3.21076732  0.79394322 -0.63487993 -1.74135904  2.69818395
 -1.80955058 -1.58813069 -2.30391403  2.18800697 -2.45128536  2.13559757
  2.07465236  1.53540765  2.38308439  2.8047483   1.64886115  1.20012659
 -1.51324547 -2.22927518  1.47130189  0.71194283  1.31361922 -3.01402364
 -0.37770325  2.51831699 -1.03585446  1.28752024  1.48329455  0.54455007
 -0.83302118  1.11514369  0.66824167 -0.38370041  2.80473731 -1.99307048
  1.53804637 -0.48681171  1.09033624 -2.849766   -2.45832369  0.45773156
 -1.16150476 -0.49457599  0.36531629 -0.11126741 -1.65032847 -0.04116991
 -0.85970554  2.81181076 -1.06239945 -1.38013504 -0.94883425  1.07796539
  1.85224712 -0.69616521  1.97232744 -2.1941758  -0.34727716 -0.73251668
 -2.89008053  3.16480382 -1.63194488  3.13522481 -1.26602545 -2.70847989
  3.36217158 -1.23322286 -0.77649598 -2.88407582 -2.71720559  2.54564109
 -2.1365522  -2.0471277  -0.18154891  3.1499877   0.2466429   0.21384969
 -1.2502033  -0.67764017 -1.73376986 -3.03025072  2.87032664  1.23551
 -0.48570743 -2.18838445  1.10971132 -1.10585769 -0.49042483 -2.73954094
 -2.0651689   1.86554802 -0.87381202  2.62185206 -0.45419516 -2.67151327
 -2.82019542  2.26182976 -3.14423352 -0.44536832 -1.00234826 -0.24660752
  2.3475418   1.84025288  0.01820739 -2.55288742 -2.65892196  0.24436963
 -0.76666221  1.24524128 -2.62771084  1.12505239 -0.38397802  0.42076273
  1.91903315  0.45811853  0.65074838 -1.27156715  1.79161222  2.9398249
  0.99593911  0.2218024  -1.14181225  2.42278782  0.72674082 -1.90977335
 -0.05037933  1.87092232  0.98664704 -1.0800297  -2.30130887  2.22238437
  2.00398644  1.92832367  2.29723377  1.91578718 -1.66121693 -3.10389852
  0.42852314  1.34475799 -2.26275509 -1.12583556  2.31183716  1.39294657
 -0.27195677 -1.84442296 -1.64823709  1.96528117  1.30723909 -1.01188306
 -0.23075453 -0.69309149 -0.30339022  2.30246082 -0.66193839 -0.93534313
  0.77591016 -2.35268942  0.59026884  2.78422846 -0.35242999  2.04722765
 -1.86126414 -1.35336619 -2.59736801 -2.42273025 -1.50153051 -3.02896629
  2.01620164  1.7819105   1.58151667  1.12533496  1.588194   -2.44421569
 -2.50736718  1.78907353  1.03427242 -0.29185925 -2.47720452  1.43098287
 -1.04394796 -3.04762121 -0.04720677  1.89751594 -2.70128479 -2.36816622
  1.87611911  1.0296662  -0.62617485 -0.49631343 -0.92140775  1.96405516
  0.47262267 -0.356226    0.40183271 -2.26662923  1.26136568 -0.15330689
  2.40236183  1.23319554  2.87809261 -1.05733884  2.1017117  -0.42989459
 -3.26841184  2.20322022  0.81147111  1.92881088 -1.28919662  1.43910619
 -2.12172277  0.2089851   0.08303726 -2.79059106 -0.90191446 -2.39307471
  0.07227822 -0.56898608]
Sat May 25 20:58:10 2024,930,0.09593800618795727,[-4.6584787   2.36664265 -1.84106086 -0.12409691  0.18672567 -2.68765095
  3.01282923  2.10571233  1.45518705 -0.92536057  0.61239967  1.0917023
  1.1321007  -1.54196776  0.77712891  2.80621755 -0.79815531 -0.63691745
 -1.75472043  0.60195893  1.67657214  2.99185608 -1.20875795 -0.31571277
 -2.4235761  -2.33803679  2.99458177  2.7632274  -0.5443329  -2.36481309
  1.48280768 -0.05850806 -2.31787446  2.09556452  1.28954014 -0.63853959
  0.84777176 -2.31880674 -0.0258954   2.1533292  -0.16394195  0.3888665
  2.71395757  1.04622484  2.46285647  3.16174766  2.64140818 -2.93932963
  0.26537414 -0.81572876  1.75888675  2.86399319 -0.51095143 -2.31763484
  2.7873696  -3.21076733  0.79394321 -0.63487994 -1.74135903  2.69818396
 -1.80955056 -1.5881307  -2.30391404  2.18800696 -2.45128538  2.13559756
  2.07465235  1.53540764  2.38308438  2.80474831  1.64886114  1.2001266
 -1.51324546 -2.22927519  1.4713019   0.71194281  1.31361923 -3.01402363
 -0.37770326  2.518317   -1.03585448  1.28752025  1.48329454  0.54455006
 -0.83302117  1.11514367  0.66824166 -0.38370042  2.80473732 -1.99307049
  1.53804636 -0.48681172  1.09033625 -2.84976599 -2.4583237   0.45773155
 -1.16150475 -0.494576    0.3653163  -0.11126742 -1.65032848 -0.0411699
 -0.85970553  2.81181077 -1.06239944 -1.38013505 -0.94883424  1.07796537
  1.85224711 -0.6961652   1.97232743 -2.19417581 -0.34727717 -0.73251667
 -2.89008052  3.16480383 -1.63194487  3.1352248  -1.26602544 -2.70847987
  3.36217159 -1.23322285 -0.77649597 -2.88407581 -2.7172056   2.5456411
 -2.13655221 -2.04712771 -0.18154892  3.14998769  0.24664291  0.2138497
 -1.25020329 -0.67764016 -1.73376985 -3.03025071  2.87032663  1.23551001
 -0.48570741 -2.18838446  1.10971131 -1.10585771 -0.49042482 -2.73954095
 -2.06516891  1.86554803 -0.87381204  2.62185205 -0.45419517 -2.67151326
 -2.82019543  2.26182975 -3.14423353 -0.44536831 -1.00234827 -0.24660753
  2.34754179  1.84025287  0.01820738 -2.55288743 -2.65892195  0.24436962
 -0.76666222  1.24524129 -2.62771085  1.1250524  -0.38397803  0.42076274
  1.91903314  0.45811854  0.65074839 -1.27156714  1.79161221  2.93982491
  0.9959391   0.22180241 -1.14181226  2.42278781  0.72674081 -1.90977336
 -0.05037934  1.87092233  0.98664705 -1.08002971 -2.30130888  2.22238438
  2.00398643  1.92832368  2.29723376  1.91578717 -1.66121692 -3.10389851
  0.42852315  1.34475798 -2.2627551  -1.12583555  2.31183715  1.39294655
 -0.27195676 -1.84442297 -1.6482371   1.96528119  1.3072391  -1.01188307
 -0.23075454 -0.69309148 -0.30339023  2.30246081 -0.66193838 -0.93534312
  0.77591017 -2.35268943  0.59026883  2.78422845 -0.35243001  2.04722766
 -1.86126415 -1.3533662  -2.59736802 -2.42273026 -1.50153052 -3.0289663
  2.01620165  1.78191051  1.58151668  1.12533497  1.58819401 -2.44421568
 -2.50736719  1.78907352  1.0342724  -0.29185923 -2.47720451  1.43098286
 -1.04394795 -3.0476212  -0.04720678  1.89751595 -2.7012848  -2.36816623
  1.87611912  1.02966621 -0.62617483 -0.49631342 -0.92140774  1.96405517
  0.47262268 -0.35622601  0.40183272 -2.26662924  1.26136569 -0.1533069
  2.40236185  1.23319555  2.87809262 -1.05733883  2.10171171 -0.4298946
 -3.26841183  2.20322023  0.81147112  1.92881089 -1.28919661  1.43910618
 -2.12172276  0.20898509  0.08303727 -2.79059105 -0.90191445 -2.3930747
  0.07227823 -0.56898609]
Sat May 25 20:58:32 2024,931,0.09593800618740705,[-4.65847871  2.36664264 -1.84106087 -0.1240969   0.18672566 -2.68765094
  3.01282924  2.10571234  1.45518704 -0.92536058  0.61239968  1.09170231
  1.13210069 -1.54196777  0.7771289   2.80621756 -0.7981553  -0.63691746
 -1.75472042  0.60195894  1.67657213  2.99185607 -1.20875794 -0.31571276
 -2.42357611 -2.33803678  2.99458176  2.76322739 -0.54433291 -2.3648131
  1.48280767 -0.05850807 -2.31787447  2.0955645   1.28954015 -0.6385396
  0.84777175 -2.31880675 -0.02589539  2.15332919 -0.16394194  0.38886651
  2.71395755  1.04622483  2.46285646  3.16174767  2.64140819 -2.93932964
  0.26537413 -0.81572877  1.75888676  2.8639932  -0.51095142 -2.31763483
  2.78736959 -3.21076732  0.79394322 -0.63487995 -1.74135904  2.69818397
 -1.80955058 -1.58813069 -2.30391403  2.18800695 -2.45128536  2.13559757
  2.07465236  1.53540762  2.38308437  2.8047483   1.64886115  1.20012661
 -1.51324547 -2.22927518  1.47130189  0.7119428   1.31361922 -3.01402362
 -0.37770325  2.51831699 -1.03585449  1.28752024  1.48329455  0.54455005
 -0.83302118  1.11514366  0.66824165 -0.38370041  2.80473733 -1.99307048
  1.53804637 -0.48681171  1.09033624 -2.849766   -2.45832369  0.45773156
 -1.16150474 -0.49457599  0.36531631 -0.11126741 -1.65032849 -0.04116989
 -0.85970552  2.81181076 -1.06239943 -1.38013506 -0.94883425  1.07796536
  1.8522471  -0.69616521  1.97232742 -2.1941758  -0.34727716 -0.73251666
 -2.89008051  3.16480382 -1.63194488  3.13522479 -1.26602543 -2.70847986
  3.3621716  -1.23322284 -0.77649596 -2.8840758  -2.71720561  2.54564111
 -2.1365522  -2.04712772 -0.18154893  3.14998768  0.24664292  0.21384969
 -1.25020328 -0.67764015 -1.73376986 -3.03025072  2.87032662  1.23551002
 -0.48570742 -2.18838447  1.1097113  -1.10585769 -0.49042483 -2.73954096
 -2.0651689   1.86554804 -0.87381203  2.62185206 -0.45419518 -2.67151327
 -2.82019542  2.26182974 -3.14423352 -0.4453683  -1.00234828 -0.24660754
  2.34754178  1.84025288  0.01820739 -2.55288742 -2.65892194  0.24436963
 -0.76666221  1.2452413  -2.62771084  1.12505241 -0.38397802  0.42076273
  1.91903315  0.45811855  0.65074838 -1.27156713  1.7916122   2.93982492
  0.99593911  0.22180242 -1.14181225  2.4227878   0.7267408  -1.90977335
 -0.05037935  1.87092232  0.98664706 -1.0800297  -2.30130889  2.22238439
  2.00398642  1.92832367  2.29723375  1.91578716 -1.66121691 -3.10389852
  0.42852314  1.34475799 -2.26275512 -1.12583556  2.31183714  1.39294654
 -0.27195675 -1.84442298 -1.64823709  1.96528117  1.30723909 -1.01188308
 -0.23075453 -0.69309147 -0.30339022  2.30246082 -0.66193839 -0.93534313
  0.77591018 -2.35268944  0.59026882  2.78422846 -0.35242999  2.04722767
 -1.86126414 -1.35336621 -2.59736803 -2.42273025 -1.50153053 -3.02896631
  2.01620164  1.7819105   1.58151669  1.12533498  1.588194   -2.44421567
 -2.5073672   1.78907351  1.03427239 -0.29185924 -2.4772045   1.43098285
 -1.04394796 -3.04762121 -0.04720677  1.89751596 -2.70128479 -2.36816624
  1.87611911  1.02966622 -0.62617485 -0.49631343 -0.92140773  1.96405518
  0.47262267 -0.35622602  0.40183271 -2.26662923  1.26136568 -0.15330691
  2.40236186  1.23319554  2.87809261 -1.05733884  2.10171172 -0.42989461
 -3.26841181  2.20322024  0.81147111  1.92881088 -1.28919662  1.43910617
 -2.12172277  0.2089851   0.08303726 -2.79059106 -0.90191446 -2.39307471
  0.07227824 -0.56898608]
Sat May 25 20:58:56 2024,932,0.09593800618685813,[-4.65847872  2.36664263 -1.84106088 -0.12409688  0.18672565 -2.68765093
  3.01282923  2.10571235  1.45518703 -0.92536059  0.6123997   1.0917023
  1.13210068 -1.54196776  0.77712889  2.80621755 -0.79815529 -0.63691745
 -1.75472043  0.60195895  1.67657214  2.99185606 -1.20875793 -0.31571277
 -2.42357612 -2.33803677  2.99458175  2.76322738 -0.54433292 -2.36481311
  1.48280766 -0.05850808 -2.31787448  2.09556452  1.28954016 -0.63853961
  0.84777176 -2.31880674 -0.02589538  2.1533292  -0.16394193  0.38886652
  2.71395754  1.04622484  2.46285645  3.16174766  2.64140818 -2.93932963
  0.26537412 -0.81572876  1.75888677  2.86399319 -0.51095141 -2.31763482
  2.7873696  -3.21076733  0.79394321 -0.63487996 -1.74135903  2.69818396
 -1.80955056 -1.58813068 -2.30391402  2.18800694 -2.45128535  2.13559756
  2.07465237  1.53540761  2.38308436  2.80474831  1.64886116  1.2001266
 -1.51324548 -2.22927517  1.4713019   0.71194279  1.31361923 -3.0140236
 -0.37770326  2.518317   -1.0358545   1.28752023  1.48329456  0.54455006
 -0.83302119  1.11514367  0.66824166 -0.38370042  2.80473734 -1.99307047
  1.53804636 -0.48681172  1.09033623 -2.84976601 -2.45832368  0.45773157
 -1.16150473 -0.494576    0.3653163  -0.11126742 -1.6503285  -0.0411699
 -0.85970553  2.81181075 -1.06239942 -1.38013507 -0.94883424  1.07796537
  1.85224711 -0.69616522  1.97232743 -2.19417581 -0.34727717 -0.73251665
 -2.89008052  3.16480383 -1.6319449   3.13522478 -1.26602542 -2.70847985
  3.36217161 -1.23322285 -0.77649597 -2.88407581 -2.7172056   2.5456411
 -2.13655221 -2.04712773 -0.18154892  3.14998769  0.24664291  0.21384968
 -1.25020327 -0.67764016 -1.73376985 -3.03025071  2.87032661  1.23551001
 -0.48570744 -2.18838446  1.10971131 -1.10585768 -0.49042482 -2.73954095
 -2.06516891  1.86554806 -0.87381204  2.62185205 -0.45419517 -2.67151326
 -2.82019541  2.26182973 -3.14423351 -0.44536829 -1.00234827 -0.24660753
  2.34754179  1.84025287  0.01820738 -2.55288743 -2.65892193  0.24436964
 -0.76666222  1.24524129 -2.62771083  1.1250524  -0.38397801  0.42076272
  1.91903316  0.45811856  0.65074839 -1.27156714  1.79161219  2.93982491
  0.99593912  0.22180241 -1.14181224  2.42278779  0.72674079 -1.90977336
 -0.05037936  1.87092231  0.98664705 -1.08002971 -2.3013089   2.22238441
  2.00398641  1.92832366  2.29723376  1.91578717 -1.66121692 -3.10389853
  0.42852313  1.34475798 -2.2627551  -1.12583557  2.31183715  1.39294655
 -0.27195674 -1.84442297 -1.6482371   1.96528119  1.30723908 -1.01188307
 -0.23075454 -0.69309148 -0.30339023  2.30246084 -0.66193838 -0.93534314
  0.77591017 -2.35268943  0.59026883  2.78422847 -0.35242998  2.04722766
 -1.86126415 -1.3533662  -2.59736802 -2.42273024 -1.50153054 -3.0289663
  2.01620165  1.78191049  1.5815167   1.12533497  1.58819399 -2.44421566
 -2.50736721  1.78907349  1.0342724  -0.29185923 -2.47720449  1.43098286
 -1.04394797 -3.04762122 -0.04720678  1.89751597 -2.70128478 -2.36816623
  1.87611909  1.02966621 -0.62617483 -0.49631344 -0.92140772  1.96405519
  0.47262266 -0.35622601  0.4018327  -2.26662922  1.26136569 -0.1533069
  2.40236187  1.23319555  2.87809262 -1.05733883  2.10171171 -0.4298946
 -3.2684118   2.20322025  0.81147109  1.92881089 -1.28919661  1.43910618
 -2.12172276  0.20898509  0.08303725 -2.79059107 -0.90191447 -2.3930747
  0.07227825 -0.56898609]
Sat May 25 20:59:20 2024,933,0.09593800618630961,[-4.65847873  2.36664262 -1.84106087 -0.12409687  0.18672566 -2.68765092
  3.01282924  2.10571236  1.45518702 -0.9253606   0.61239971  1.09170229
  1.13210067 -1.54196777  0.7771289   2.80621756 -0.79815528 -0.63691746
 -1.75472042  0.60195896  1.67657213  2.99185605 -1.20875794 -0.31571276
 -2.42357613 -2.33803678  2.99458176  2.76322737 -0.54433291 -2.3648131
  1.48280765 -0.05850809 -2.31787449  2.09556453  1.28954017 -0.63853962
  0.84777175 -2.31880675 -0.02589537  2.15332919 -0.16394191  0.38886653
  2.71395755  1.04622483  2.46285644  3.16174767  2.64140817 -2.93932962
  0.26537411 -0.81572875  1.75888678  2.8639932  -0.51095142 -2.31763481
  2.78736959 -3.21076734  0.7939432  -0.63487997 -1.74135902  2.69818397
 -1.80955055 -1.58813067 -2.30391401  2.18800695 -2.45128534  2.13559755
  2.07465238  1.5354076   2.38308435  2.8047483   1.64886117  1.20012661
 -1.51324547 -2.22927516  1.47130189  0.7119428   1.31361922 -3.01402362
 -0.37770325  2.51831699 -1.03585449  1.28752024  1.48329455  0.54455007
 -0.83302118  1.11514369  0.66824167 -0.38370041  2.80473735 -1.99307048
  1.53804637 -0.48681173  1.09033624 -2.84976602 -2.45832367  0.45773158
 -1.16150474 -0.49457601  0.36531631 -0.11126743 -1.65032851 -0.04116989
 -0.85970554  2.81181074 -1.06239941 -1.38013508 -0.94883423  1.07796539
  1.85224712 -0.69616521  1.97232742 -2.19417582 -0.34727716 -0.73251666
 -2.89008051  3.16480384 -1.63194491  3.13522477 -1.26602541 -2.70847986
  3.3621716  -1.23322286 -0.77649598 -2.88407582 -2.71720561  2.54564111
 -2.1365522  -2.04712772 -0.18154891  3.1499877   0.2466429   0.21384969
 -1.25020326 -0.67764017 -1.73376984 -3.0302507   2.8703266   1.23551002
 -0.48570743 -2.18838447  1.10971132 -1.10585767 -0.49042483 -2.73954096
 -2.06516892  1.86554804 -0.87381203  2.62185204 -0.45419518 -2.67151325
 -2.8201954   2.26182974 -3.1442335  -0.44536828 -1.00234826 -0.24660754
  2.3475418   1.84025286  0.01820739 -2.55288744 -2.65892192  0.24436963
 -0.76666221  1.2452413  -2.62771082  1.12505241 -0.38397799  0.42076271
  1.91903315  0.45811857  0.65074838 -1.27156713  1.7916122   2.9398249
  0.99593913  0.22180242 -1.14181225  2.42278778  0.7267408  -1.90977335
 -0.05037935  1.8709223   0.98664706 -1.0800297  -2.30130889  2.22238439
  2.0039864   1.92832364  2.29723375  1.91578718 -1.66121693 -3.10389852
  0.42852314  1.34475797 -2.26275512 -1.12583556  2.31183716  1.39294657
 -0.27195673 -1.84442298 -1.64823711  1.9652812   1.30723909 -1.01188306
 -0.23075455 -0.69309147 -0.30339024  2.30246085 -0.66193839 -0.93534315
  0.77591016 -2.35268942  0.59026884  2.78422846 -0.35242999  2.04722767
 -1.86126414 -1.35336619 -2.59736801 -2.42273023 -1.50153053 -3.02896631
  2.01620164  1.78191048  1.58151671  1.12533496  1.588194   -2.44421565
 -2.5073672   1.78907348  1.03427239 -0.29185922 -2.47720448  1.43098287
 -1.04394798 -3.04762121 -0.04720677  1.89751596 -2.70128479 -2.36816622
  1.87611911  1.0296662  -0.62617482 -0.49631343 -0.92140773  1.9640552
  0.47262267 -0.35622602  0.40183271 -2.26662923  1.2613657  -0.15330691
  2.40236186  1.23319556  2.87809261 -1.05733884  2.1017117  -0.42989461
 -3.26841181  2.20322026  0.81147108  1.9288109  -1.28919662  1.43910619
 -2.12172277  0.2089851   0.08303726 -2.79059108 -0.90191446 -2.39307469
  0.07227824 -0.56898608]
Sat May 25 20:59:44 2024,934,0.09593800618576258,[-4.65847874  2.36664263 -1.84106088 -0.12409686  0.18672565 -2.68765091
  3.01282925  2.10571237  1.45518701 -0.92536059  0.61239972  1.0917023
  1.13210068 -1.54196776  0.77712889  2.80621755 -0.79815527 -0.63691745
 -1.75472043  0.60195897  1.67657212  2.99185606 -1.20875793 -0.31571277
 -2.42357612 -2.33803679  2.99458175  2.76322738 -0.5443329  -2.36481311
  1.48280766 -0.0585081  -2.31787448  2.09556454  1.28954016 -0.63853963
  0.84777174 -2.31880676 -0.02589536  2.15332918 -0.16394193  0.38886655
  2.71395757  1.04622482  2.46285643  3.16174769  2.64140816 -2.93932961
  0.2653741  -0.81572874  1.75888677  2.86399319 -0.51095141 -2.31763482
  2.78736958 -3.21076733  0.79394321 -0.63487996 -1.74135903  2.69818398
 -1.80955056 -1.58813066 -2.30391399  2.18800696 -2.45128535  2.13559756
  2.07465239  1.53540759  2.38308436  2.80474829  1.64886118  1.20012662
 -1.51324548 -2.22927515  1.47130188  0.71194281  1.31361923 -3.01402363
 -0.37770326  2.518317   -1.03585448  1.28752025  1.48329454  0.54455006
 -0.83302117  1.11514367  0.66824166 -0.3837004   2.80473734 -1.99307049
  1.53804636 -0.48681174  1.09033623 -2.84976603 -2.45832368  0.45773159
 -1.16150475 -0.494576    0.36531632 -0.11126742 -1.6503285  -0.0411699
 -0.85970553  2.81181075 -1.0623994  -1.38013509 -0.94883424  1.0779654
  1.85224713 -0.6961652   1.97232743 -2.19417581 -0.34727717 -0.73251665
 -2.8900805   3.16480385 -1.63194492  3.13522478 -1.26602542 -2.70847985
  3.36217159 -1.23322285 -0.77649597 -2.88407583 -2.7172056   2.54564112
 -2.13655221 -2.04712773 -0.18154892  3.14998769  0.24664289  0.2138497
 -1.25020325 -0.67764016 -1.73376985 -3.03025071  2.87032659  1.23551001
 -0.48570741 -2.18838448  1.10971133 -1.10585768 -0.49042484 -2.73954097
 -2.06516891  1.86554806 -0.87381201  2.62185205 -0.45419519 -2.67151324
 -2.82019539  2.26182975 -3.14423349 -0.44536829 -1.00234825 -0.24660756
  2.34754181  1.84025285  0.01820738 -2.55288745 -2.65892193  0.24436962
 -0.76666222  1.24524129 -2.62771083  1.1250524  -0.38397801  0.42076272
  1.91903316  0.45811856  0.65074839 -1.27156714  1.79161221  2.93982489
  0.99593914  0.22180241 -1.14181226  2.42278779  0.72674079 -1.90977336
 -0.05037934  1.87092231  0.98664707 -1.08002971 -2.3013089   2.22238438
  2.00398639  1.92832363  2.29723376  1.91578719 -1.66121694 -3.10389853
  0.42852313  1.34475796 -2.26275513 -1.12583555  2.31183717  1.39294655
 -0.27195672 -1.84442297 -1.64823712  1.96528121  1.30723908 -1.01188307
 -0.23075456 -0.69309146 -0.30339023  2.30246084 -0.6619384  -0.93534316
  0.77591017 -2.35268941  0.59026883  2.78422845 -0.35243001  2.04722769
 -1.86126413 -1.35336618 -2.597368   -2.42273022 -1.50153054 -3.02896632
  2.01620165  1.78191049  1.58151672  1.12533497  1.58819399 -2.44421566
 -2.50736719  1.78907349  1.03427238 -0.29185921 -2.47720449  1.43098288
 -1.04394797 -3.0476212  -0.04720676  1.89751595 -2.70128478 -2.36816621
  1.87611909  1.02966621 -0.62617481 -0.49631342 -0.92140774  1.96405519
  0.47262268 -0.35622601  0.4018327  -2.26662924  1.26136569 -0.15330692
  2.40236185  1.23319557  2.8780926  -1.05733885  2.10171171 -0.42989462
 -3.2684118   2.20322027  0.81147109  1.92881089 -1.28919663  1.43910618
 -2.12172276  0.20898511  0.08303725 -2.79059109 -0.90191447 -2.39307468
  0.07227823 -0.56898607]
Sat May 25 21:00:06 2024,935,0.09593800618521603,[-4.65847875  2.36664264 -1.84106087 -0.12409687  0.18672564 -2.68765089
  3.01282926  2.10571239  1.455187   -0.92536058  0.61239973  1.09170229
  1.13210069 -1.54196775  0.77712888  2.80621754 -0.79815528 -0.63691744
 -1.75472042  0.60195898  1.67657211  2.99185605 -1.20875792 -0.31571278
 -2.42357611 -2.3380368   2.99458176  2.76322739 -0.54433291 -2.3648131
  1.48280765 -0.05850811 -2.31787449  2.09556455  1.28954017 -0.63853964
  0.84777173 -2.31880675 -0.02589537  2.15332919 -0.16394194  0.38886653
  2.71395755  1.04622481  2.46285641  3.1617477   2.64140815 -2.9393296
  0.26537409 -0.81572873  1.75888678  2.86399318 -0.5109514  -2.31763483
  2.78736959 -3.21076732  0.7939432  -0.63487997 -1.74135904  2.69818399
 -1.80955055 -1.58813067 -2.30391398  2.18800697 -2.45128536  2.13559757
  2.0746524   1.53540758  2.38308437  2.8047483   1.64886119  1.20012663
 -1.51324547 -2.22927516  1.47130187  0.71194282  1.31361924 -3.01402362
 -0.37770325  2.51831701 -1.03585447  1.28752024  1.48329453  0.54455007
 -0.83302116  1.11514366  0.66824165 -0.38370039  2.80473733 -1.99307048
  1.53804635 -0.48681173  1.09033622 -2.84976604 -2.45832369  0.45773158
 -1.16150476 -0.49457601  0.36531631 -0.11126743 -1.65032849 -0.04116989
 -0.85970552  2.81181076 -1.06239941 -1.38013508 -0.94883423  1.07796541
  1.85224714 -0.69616521  1.97232742 -2.1941758  -0.34727716 -0.73251663
 -2.89008051  3.16480386 -1.63194493  3.13522477 -1.26602543 -2.70847986
  3.3621716  -1.23322286 -0.77649596 -2.88407582 -2.71720561  2.54564113
 -2.13655222 -2.04712774 -0.18154891  3.1499877   0.2466429   0.21384969
 -1.25020326 -0.67764017 -1.73376984 -3.0302507   2.87032658  1.23551
 -0.48570742 -2.18838447  1.10971132 -1.10585767 -0.49042483 -2.73954096
 -2.0651689   1.86554804 -0.873812    2.62185206 -0.45419518 -2.67151325
 -2.82019538  2.26182974 -3.14423348 -0.4453683  -1.00234824 -0.24660757
  2.34754182  1.84025286  0.01820737 -2.55288746 -2.65892192  0.24436961
 -0.76666221  1.2452413  -2.62771082  1.12505239 -0.38397802  0.42076271
  1.91903315  0.45811855  0.65074838 -1.27156713  1.79161222  2.9398249
  0.99593913  0.2218024  -1.14181227  2.42278778  0.7267408  -1.90977335
 -0.05037935  1.87092232  0.98664706 -1.08002972 -2.30130889  2.22238439
  2.0039864   1.92832362  2.29723375  1.9157872  -1.66121693 -3.10389852
  0.42852314  1.34475795 -2.26275514 -1.12583554  2.31183716  1.39294657
 -0.27195671 -1.84442296 -1.64823711  1.9652812   1.30723907 -1.01188306
 -0.23075455 -0.69309145 -0.30339024  2.30246083 -0.66193841 -0.93534315
  0.77591016 -2.35268942  0.59026882  2.78422846 -0.35242999  2.0472277
 -1.86126414 -1.35336619 -2.59736799 -2.4227302  -1.50153055 -3.02896634
  2.01620166  1.7819105   1.58151673  1.12533496  1.588194   -2.44421565
 -2.5073672   1.78907351  1.03427239 -0.29185922 -2.4772045   1.4309829
 -1.04394798 -3.04762121 -0.04720675  1.89751594 -2.70128479 -2.36816622
  1.87611908  1.02966622 -0.6261748  -0.49631341 -0.92140775  1.9640552
  0.47262269 -0.35622602  0.40183271 -2.26662923  1.2613657  -0.15330693
  2.40236184  1.23319558  2.87809261 -1.05733886  2.1017117  -0.42989463
 -3.26841181  2.20322028  0.81147111  1.92881088 -1.28919664  1.43910617
 -2.12172275  0.2089851   0.08303724 -2.79059108 -0.90191448 -2.39307469
  0.07227822 -0.56898606]
Sat May 25 21:00:34 2024,936,0.09593800618467045,[-4.65847877  2.36664263 -1.84106088 -0.12409688  0.18672565 -2.68765088
  3.01282928  2.10571238  1.45518699 -0.92536057  0.61239972  1.09170228
  1.13210068 -1.54196774  0.77712887  2.80621752 -0.79815527 -0.63691745
 -1.75472043  0.60195897  1.67657212  2.99185606 -1.20875791 -0.31571277
 -2.4235761  -2.33803681  2.99458177  2.76322738 -0.54433292 -2.36481311
  1.48280766 -0.0585081  -2.3178745   2.09556454  1.28954016 -0.63853965
  0.84777174 -2.31880674 -0.02589538  2.15332918 -0.16394193  0.38886655
  2.71395754  1.04622482  2.46285643  3.16174769  2.64140814 -2.93932958
  0.2653741  -0.81572872  1.75888677  2.86399317 -0.51095139 -2.31763482
  2.78736958 -3.21076733  0.79394319 -0.63487996 -1.74135903  2.698184
 -1.80955054 -1.58813068 -2.30391397  2.18800696 -2.45128535  2.13559756
  2.07465241  1.53540757  2.38308438  2.80474829  1.64886118  1.20012662
 -1.51324546 -2.22927515  1.47130188  0.71194281  1.31361925 -3.01402363
 -0.37770324  2.518317   -1.03585448  1.28752025  1.48329452  0.54455008
 -0.83302117  1.11514367  0.66824164 -0.3837004   2.80473732 -1.99307047
  1.53804636 -0.48681174  1.09033623 -2.84976605 -2.4583237   0.45773157
 -1.16150477 -0.49457602  0.36531632 -0.11126744 -1.6503285  -0.04116988
 -0.85970553  2.81181075 -1.06239942 -1.38013509 -0.94883422  1.07796542
  1.85224716 -0.69616522  1.97232741 -2.19417579 -0.34727717 -0.73251662
 -2.89008052  3.16480387 -1.63194492  3.13522478 -1.26602544 -2.70847987
  3.36217159 -1.23322287 -0.77649595 -2.88407583 -2.7172056   2.54564112
 -2.13655221 -2.04712775 -0.18154892  3.14998772  0.24664291  0.21384968
 -1.25020325 -0.67764018 -1.73376985 -3.03025069  2.87032657  1.23551001
 -0.48570741 -2.18838448  1.10971133 -1.10585768 -0.49042484 -2.73954095
 -2.06516889  1.86554803 -0.87381201  2.62185205 -0.45419519 -2.67151326
 -2.82019539  2.26182975 -3.14423347 -0.44536829 -1.00234825 -0.24660758
  2.34754181  1.84025287  0.01820736 -2.55288745 -2.65892193  0.2443696
 -0.76666222  1.24524131 -2.62771083  1.1250524  -0.38397801  0.42076272
  1.91903314  0.45811856  0.65074839 -1.27156712  1.79161221  2.93982491
  0.99593914  0.22180241 -1.14181228  2.42278777  0.72674079 -1.90977334
 -0.05037934  1.87092231  0.98664707 -1.08002971 -2.3013089   2.22238441
  2.00398639  1.92832361  2.29723376  1.91578721 -1.66121694 -3.10389853
  0.42852315  1.34475796 -2.26275515 -1.12583555  2.31183715  1.39294658
 -0.2719567  -1.84442295 -1.64823712  1.96528121  1.30723908 -1.01188305
 -0.23075454 -0.69309146 -0.30339025  2.30246081 -0.6619384  -0.93534314
  0.77591015 -2.35268943  0.59026881  2.78422847 -0.35242998  2.04722771
 -1.86126413 -1.35336618 -2.59736798 -2.42273019 -1.50153054 -3.02896632
  2.01620167  1.78191049  1.58151672  1.12533497  1.58819401 -2.44421564
 -2.50736721  1.78907349  1.03427238 -0.29185921 -2.47720449  1.43098288
 -1.04394799 -3.04762122 -0.04720676  1.89751595 -2.7012848  -2.36816621
  1.87611907  1.02966621 -0.62617481 -0.49631342 -0.92140774  1.96405519
  0.4726227  -0.35622603  0.4018327  -2.26662922  1.26136571 -0.15330692
  2.40236185  1.23319557  2.8780926  -1.05733887  2.10171169 -0.42989464
 -3.26841182  2.20322029  0.81147109  1.92881087 -1.28919663  1.43910616
 -2.12172274  0.20898511  0.08303723 -2.79059109 -0.90191447 -2.3930747
  0.07227821 -0.56898607]
Sat May 25 21:00:58 2024,937,0.09593800618412571,[-4.65847878  2.36664262 -1.84106087 -0.12409687  0.18672564 -2.68765087
  3.01282926  2.10571239  1.45518698 -0.92536056  0.61239971  1.09170229
  1.13210067 -1.54196773  0.77712886  2.80621751 -0.79815528 -0.63691746
 -1.75472042  0.60195896  1.67657211  2.99185607 -1.20875792 -0.31571276
 -2.42357611 -2.33803682  2.99458178  2.76322737 -0.54433291 -2.3648131
  1.48280767 -0.05850811 -2.31787451  2.09556453  1.28954015 -0.63853966
  0.84777175 -2.31880673 -0.02589539  2.15332917 -0.16394194  0.38886656
  2.71395753  1.04622481  2.46285641  3.1617477   2.64140815 -2.9393296
  0.26537409 -0.81572871  1.75888676  2.86399316 -0.5109514  -2.31763481
  2.78736959 -3.21076734  0.79394318 -0.63487995 -1.74135902  2.69818401
 -1.80955053 -1.58813069 -2.30391396  2.18800695 -2.45128534  2.13559757
  2.0746524   1.53540758  2.38308437  2.8047483   1.64886117  1.20012663
 -1.51324545 -2.22927514  1.47130187  0.7119428   1.31361924 -3.01402362
 -0.37770323  2.51831701 -1.03585449  1.28752024  1.48329453  0.54455007
 -0.83302118  1.11514366  0.66824163 -0.38370039  2.80473733 -1.99307046
  1.53804635 -0.48681175  1.09033622 -2.84976604 -2.45832371  0.45773158
 -1.16150476 -0.49457603  0.36531633 -0.11126743 -1.65032849 -0.04116987
 -0.85970554  2.81181074 -1.06239943 -1.38013508 -0.94883423  1.07796541
  1.85224717 -0.69616523  1.97232742 -2.1941758  -0.34727718 -0.73251661
 -2.89008053  3.16480386 -1.63194491  3.13522477 -1.26602543 -2.70847986
  3.3621716  -1.23322288 -0.77649596 -2.88407582 -2.71720559  2.54564111
 -2.13655222 -2.04712776 -0.18154891  3.1499877   0.2466429   0.21384967
 -1.25020326 -0.67764019 -1.73376986 -3.0302507   2.87032656  1.23551
 -0.4857074  -2.18838449  1.10971134 -1.10585769 -0.49042483 -2.73954094
 -2.06516888  1.86554804 -0.873812    2.62185204 -0.4541952  -2.67151325
 -2.82019538  2.26182974 -3.14423346 -0.4453683  -1.00234826 -0.24660759
  2.3475418   1.84025286  0.01820737 -2.55288746 -2.65892192  0.24436959
 -0.76666221  1.24524132 -2.62771084  1.12505241 -0.38397799  0.42076273
  1.91903315  0.45811857  0.65074838 -1.27156713  1.79161222  2.93982492
  0.99593913  0.2218024  -1.14181227  2.42278778  0.7267408  -1.90977333
 -0.05037935  1.87092232  0.98664706 -1.08002972 -2.30130892  2.22238439
  2.00398638  1.9283236   2.29723377  1.91578722 -1.66121695 -3.10389854
  0.42852314  1.34475797 -2.26275516 -1.12583554  2.31183714  1.39294657
 -0.27195669 -1.84442296 -1.64823711  1.9652812   1.30723907 -1.01188304
 -0.23075453 -0.69309147 -0.30339024  2.3024608  -0.66193839 -0.93534313
  0.77591016 -2.35268944  0.5902688   2.78422846 -0.35242999  2.0472277
 -1.86126412 -1.35336619 -2.59736797 -2.42273018 -1.50153053 -3.02896631
  2.01620166  1.7819105   1.58151671  1.12533498  1.58819402 -2.44421565
 -2.50736722  1.78907351  1.03427239 -0.29185922 -2.4772045   1.43098287
 -1.043948   -3.04762123 -0.04720677  1.89751596 -2.70128482 -2.36816622
  1.87611906  1.0296662  -0.6261748  -0.49631343 -0.92140773  1.9640552
  0.47262271 -0.35622602  0.40183271 -2.26662921  1.2613657  -0.15330693
  2.40236186  1.23319558  2.87809259 -1.05733886  2.1017117  -0.42989465
 -3.26841184  2.20322028  0.81147111  1.92881088 -1.28919664  1.43910615
 -2.12172275  0.2089851   0.08303724 -2.7905911  -0.90191448 -2.39307469
  0.07227822 -0.56898608]
Sat May 25 21:01:22 2024,938,0.09593800618358196,[-4.65847879  2.36664263 -1.84106086 -0.12409688  0.18672563 -2.68765088
  3.01282925  2.1057124   1.45518699 -0.92536057  0.6123997   1.09170228
  1.13210065 -1.54196772  0.77712884  2.8062175  -0.79815529 -0.63691745
 -1.75472043  0.60195897  1.67657212  2.99185606 -1.20875793 -0.31571275
 -2.4235761  -2.33803683  2.99458179  2.76322736 -0.5443329  -2.36481309
  1.48280768 -0.0585081  -2.3178745   2.09556454  1.28954016 -0.63853965
  0.84777174 -2.31880672 -0.02589538  2.15332918 -0.16394193  0.38886657
  2.71395752  1.0462248   2.46285643  3.16174769  2.64140816 -2.93932961
  0.26537408 -0.81572872  1.75888675  2.86399315 -0.51095141 -2.3176348
  2.7873696  -3.21076733  0.79394319 -0.63487994 -1.74135903  2.69818402
 -1.80955052 -1.5881307  -2.30391395  2.18800694 -2.45128535  2.13559758
  2.07465241  1.53540757  2.38308436  2.80474831  1.64886118  1.20012662
 -1.51324544 -2.22927513  1.47130188  0.71194281  1.31361925 -3.01402363
 -0.37770322  2.51831702 -1.03585448  1.28752025  1.48329454  0.54455008
 -0.83302117  1.11514365  0.66824162 -0.38370038  2.80473734 -1.99307047
  1.53804636 -0.48681174  1.09033623 -2.84976605 -2.45832372  0.45773159
 -1.16150475 -0.49457602  0.36531632 -0.11126744 -1.6503285  -0.04116986
 -0.85970555  2.81181075 -1.06239942 -1.38013507 -0.94883422  1.07796542
  1.85224718 -0.69616524  1.97232741 -2.19417579 -0.34727717 -0.7325166
 -2.89008052  3.16480387 -1.63194492  3.13522478 -1.26602544 -2.70847985
  3.36217161 -1.23322287 -0.77649595 -2.88407581 -2.7172056   2.5456411
 -2.13655221 -2.04712775 -0.1815489   3.14998772  0.24664291  0.21384968
 -1.25020325 -0.67764018 -1.73376987 -3.03025069  2.87032657  1.23551001
 -0.48570741 -2.18838448  1.10971135 -1.10585768 -0.49042484 -2.73954093
 -2.06516887  1.86554803 -0.87381199  2.62185205 -0.45419521 -2.67151324
 -2.82019537  2.26182973 -3.14423347 -0.44536831 -1.00234825 -0.24660758
  2.34754179  1.84025285  0.01820736 -2.55288747 -2.65892191  0.24436958
 -0.7666622   1.24524133 -2.62771085  1.12505242 -0.38397801  0.42076274
  1.91903316  0.45811856  0.65074837 -1.27156712  1.79161223  2.93982491
  0.99593912  0.22180241 -1.14181226  2.42278777  0.72674081 -1.90977332
 -0.05037936  1.87092231  0.98664705 -1.08002973 -2.3013089   2.22238438
  2.00398639  1.92832361  2.29723376  1.91578721 -1.66121696 -3.10389853
  0.42852315  1.34475798 -2.26275515 -1.12583553  2.31183713  1.39294655
 -0.27195668 -1.84442295 -1.64823712  1.96528121  1.30723908 -1.01188303
 -0.23075454 -0.69309148 -0.30339023  2.30246081 -0.6619384  -0.93534312
  0.77591017 -2.35268945  0.59026878  2.78422845 -0.35243001  2.04722769
 -1.86126413 -1.3533662  -2.59736796 -2.42273017 -1.50153054 -3.0289663
  2.01620165  1.78191051  1.58151672  1.12533497  1.58819401 -2.44421564
 -2.50736721  1.78907349  1.0342724  -0.29185921 -2.47720451  1.43098288
 -1.04394801 -3.04762124 -0.04720676  1.89751595 -2.7012848  -2.36816623
  1.87611905  1.02966619 -0.62617479 -0.49631342 -0.92140772  1.96405521
  0.4726227  -0.35622603  0.4018327  -2.2666292   1.26136569 -0.15330694
  2.40236185  1.23319557  2.87809258 -1.05733887  2.10171171 -0.42989466
 -3.26841183  2.20322029  0.81147112  1.92881087 -1.28919665  1.43910616
 -2.12172276  0.20898511  0.08303725 -2.79059111 -0.90191449 -2.3930747
  0.07227821 -0.56898607]
Sat May 25 21:01:45 2024,939,0.09593800618303883,[-4.6584788   2.36664264 -1.84106085 -0.12409687  0.18672564 -2.68765087
  3.01282926  2.10571239  1.45518698 -0.92536056  0.61239969  1.09170227
  1.13210067 -1.54196773  0.77712883  2.80621749 -0.79815528 -0.63691744
 -1.75472042  0.60195896  1.67657211  2.99185607 -1.20875792 -0.31571274
 -2.42357609 -2.33803684  2.99458178  2.76322735 -0.54433289 -2.36481308
  1.48280767 -0.05850809 -2.31787449  2.09556455  1.28954015 -0.63853964
  0.84777173 -2.31880671 -0.02589539  2.15332919 -0.16394191  0.38886656
  2.71395751  1.04622481  2.46285641  3.16174767  2.64140815 -2.9393296
  0.26537409 -0.81572873  1.75888674  2.86399314 -0.51095142 -2.31763481
  2.78736961 -3.21076732  0.7939432  -0.63487993 -1.74135902  2.69818401
 -1.80955051 -1.58813069 -2.30391396  2.18800695 -2.45128536  2.13559757
  2.07465242  1.53540756  2.38308435  2.8047483   1.64886117  1.20012663
 -1.51324545 -2.22927514  1.47130187  0.71194282  1.31361926 -3.01402364
 -0.37770323  2.51831701 -1.03585447  1.28752024  1.48329455  0.54455009
 -0.83302118  1.11514366  0.66824163 -0.38370037  2.80473733 -1.99307048
  1.53804635 -0.48681173  1.09033622 -2.84976604 -2.45832373  0.45773158
 -1.16150474 -0.49457603  0.36531631 -0.11126745 -1.65032849 -0.04116987
 -0.85970554  2.81181076 -1.06239941 -1.38013508 -0.94883421  1.07796543
  1.85224719 -0.69616525  1.9723274  -2.1941758  -0.34727716 -0.73251661
 -2.89008053  3.16480388 -1.63194493  3.13522479 -1.26602545 -2.70847986
  3.36217162 -1.23322286 -0.77649594 -2.88407582 -2.71720559  2.54564111
 -2.1365522  -2.04712774 -0.18154889  3.1499877   0.2466429   0.21384969
 -1.25020326 -0.67764019 -1.73376986 -3.03025068  2.87032658  1.23551
 -0.4857074  -2.18838447  1.10971136 -1.10585767 -0.49042485 -2.73954094
 -2.06516888  1.86554804 -0.873812    2.62185206 -0.45419522 -2.67151323
 -2.82019536  2.26182974 -3.14423346 -0.44536832 -1.00234824 -0.24660759
  2.34754178  1.84025284  0.01820735 -2.55288746 -2.65892192  0.24436957
 -0.76666221  1.24524132 -2.62771084  1.12505241 -0.38397802  0.42076273
  1.91903317  0.45811857  0.65074838 -1.27156713  1.79161222  2.9398249
  0.99593913  0.2218024  -1.14181227  2.42278776  0.72674082 -1.90977333
 -0.05037937  1.87092232  0.98664704 -1.08002974 -2.30130892  2.22238439
  2.00398638  1.9283236   2.29723375  1.91578722 -1.66121695 -3.10389852
  0.42852314  1.34475799 -2.26275514 -1.12583551  2.31183712  1.39294654
 -0.27195669 -1.84442294 -1.64823711  1.9652812   1.30723907 -1.01188302
 -0.23075455 -0.69309149 -0.30339022  2.3024608  -0.66193841 -0.93534313
  0.77591016 -2.35268946  0.59026877  2.78422844 -0.35243002  2.04722767
 -1.86126414 -1.35336619 -2.59736797 -2.42273018 -1.50153053 -3.02896629
  2.01620166  1.78191052  1.58151671  1.12533496  1.58819402 -2.44421563
 -2.50736722  1.78907351  1.03427241 -0.2918592  -2.4772045   1.43098287
 -1.04394802 -3.04762123 -0.04720677  1.89751594 -2.70128479 -2.36816622
  1.87611904  1.02966618 -0.62617478 -0.49631341 -0.92140771  1.9640552
  0.47262269 -0.35622602  0.40183269 -2.26662918  1.2613657  -0.15330693
  2.40236184  1.23319556  2.87809259 -1.05733888  2.10171172 -0.42989467
 -3.26841181  2.20322028  0.81147113  1.92881086 -1.28919666  1.43910617
 -2.12172275  0.20898513  0.08303724 -2.7905911  -0.9019145  -2.39307469
  0.07227822 -0.56898608]
Sat May 25 21:02:08 2024,940,0.09593800618249719,[-4.65847881  2.36664265 -1.84106084 -0.12409688  0.18672563 -2.68765086
  3.01282928  2.1057124   1.45518699 -0.92536057  0.61239967  1.09170226
  1.13210065 -1.54196774  0.77712884  2.80621748 -0.79815527 -0.63691745
 -1.75472043  0.60195895  1.67657212  2.99185606 -1.20875791 -0.31571275
 -2.4235761  -2.33803683  2.99458177  2.76322734 -0.54433288 -2.36481307
  1.48280768 -0.0585081  -2.31787448  2.09556456  1.28954014 -0.63853965
  0.84777172 -2.3188067  -0.0258954   2.15332918 -0.1639419   0.38886657
  2.71395752  1.04622482  2.4628564   3.16174769  2.64140816 -2.93932958
  0.2653741  -0.81572872  1.75888673  2.86399315 -0.51095143 -2.3176348
  2.7873696  -3.21076733  0.79394319 -0.63487992 -1.74135901  2.698184
 -1.80955052 -1.5881307  -2.30391397  2.18800696 -2.45128538  2.13559756
  2.07465241  1.53540755  2.38308436  2.80474829  1.64886116  1.20012662
 -1.51324544 -2.22927513  1.47130188  0.71194281  1.31361925 -3.01402365
 -0.37770322  2.518317   -1.03585445  1.28752023  1.48329456  0.54455008
 -0.83302119  1.11514367  0.66824164 -0.38370036  2.80473734 -1.99307047
  1.53804636 -0.48681174  1.09033621 -2.84976603 -2.45832375  0.45773159
 -1.16150473 -0.49457602  0.36531632 -0.11126744 -1.65032848 -0.04116988
 -0.85970555  2.81181075 -1.0623994  -1.38013509 -0.94883422  1.07796544
  1.85224718 -0.69616524  1.97232739 -2.19417581 -0.34727717 -0.7325166
 -2.89008052  3.16480389 -1.63194492  3.1352248  -1.26602544 -2.70847985
  3.36217163 -1.23322285 -0.77649595 -2.88407583 -2.7172056   2.5456411
 -2.13655219 -2.04712775 -0.18154888  3.14998769  0.24664289  0.21384968
 -1.25020325 -0.67764018 -1.73376985 -3.03025067  2.87032659  1.23551001
 -0.48570741 -2.18838446  1.10971137 -1.10585766 -0.49042484 -2.73954093
 -2.06516887  1.86554806 -0.87381199  2.62185205 -0.45419523 -2.67151322
 -2.82019535  2.26182975 -3.14423347 -0.44536833 -1.00234825 -0.24660758
  2.34754177  1.84025285  0.01820736 -2.55288747 -2.65892193  0.24436956
 -0.7666622   1.24524133 -2.62771085  1.1250524  -0.38397801  0.42076274
  1.91903318  0.45811858  0.65074839 -1.27156714  1.79161221  2.93982489
  0.99593912  0.22180239 -1.14181226  2.42278775  0.72674081 -1.90977334
 -0.05037938  1.87092231  0.98664703 -1.08002973 -2.3013089   2.22238441
  2.00398639  1.92832361  2.29723374  1.91578723 -1.66121694 -3.10389851
  0.42852315  1.34475801 -2.26275515 -1.12583553  2.31183711  1.39294653
 -0.27195668 -1.84442295 -1.64823712  1.96528121  1.30723908 -1.01188301
 -0.23075454 -0.6930915  -0.30339021  2.30246081 -0.6619384  -0.93534312
  0.77591015 -2.35268945  0.59026876  2.78422845 -0.35243003  2.04722769
 -1.86126415 -1.35336618 -2.59736796 -2.42273019 -1.50153054 -3.02896628
  2.01620167  1.78191051  1.58151672  1.12533495  1.58819401 -2.44421562
 -2.50736721  1.78907349  1.0342724  -0.29185919 -2.47720449  1.43098288
 -1.04394803 -3.04762122 -0.04720676  1.89751593 -2.7012848  -2.36816623
  1.87611905  1.02966617 -0.62617477 -0.49631342 -0.9214077   1.96405521
  0.47262268 -0.35622603  0.40183268 -2.26662917  1.26136569 -0.15330692
  2.40236185  1.23319557  2.87809258 -1.05733887  2.10171171 -0.42989468
 -3.2684118   2.20322029  0.81147112  1.92881085 -1.28919667  1.43910616
 -2.12172274  0.20898511  0.08303723 -2.79059111 -0.90191449 -2.39307468
  0.07227823 -0.56898609]
Sat May 25 21:02:32 2024,941,0.09593800618195615,[-4.65847882  2.36664264 -1.84106085 -0.12409689  0.18672562 -2.68765085
  3.01282929  2.10571239  1.455187   -0.92536058  0.61239966  1.09170227
  1.13210064 -1.54196775  0.77712883  2.80621749 -0.79815526 -0.63691746
 -1.75472042  0.60195894  1.67657213  2.99185605 -1.20875792 -0.31571274
 -2.42357609 -2.33803682  2.99458178  2.76322735 -0.54433287 -2.36481306
  1.48280769 -0.05850809 -2.31787449  2.09556457  1.28954015 -0.63853964
  0.84777171 -2.31880669 -0.02589541  2.15332917 -0.16394189  0.38886658
  2.71395753  1.04622483  2.46285641  3.16174767  2.64140817 -2.9393296
  0.26537411 -0.81572873  1.75888674  2.86399314 -0.51095144 -2.31763481
  2.78736959 -3.21076732  0.79394318 -0.6348799  -1.741359    2.69818399
 -1.80955053 -1.58813069 -2.30391396  2.18800697 -2.45128539  2.13559757
  2.07465242  1.53540754  2.38308435  2.8047483   1.64886115  1.20012663
 -1.51324543 -2.22927514  1.47130187  0.71194282  1.31361924 -3.01402366
 -0.37770321  2.51831701 -1.03585447  1.28752022  1.48329457  0.54455007
 -0.83302118  1.11514369  0.66824163 -0.38370035  2.80473735 -1.99307046
  1.53804635 -0.48681173  1.0903362  -2.84976602 -2.45832373  0.45773158
 -1.16150474 -0.49457603  0.36531631 -0.11126745 -1.65032849 -0.04116989
 -0.85970556  2.81181076 -1.06239939 -1.38013508 -0.94883421  1.07796545
  1.85224717 -0.69616525  1.97232738 -2.1941758  -0.34727716 -0.73251661
 -2.89008053  3.1648039  -1.63194493  3.13522481 -1.26602545 -2.70847986
  3.36217162 -1.23322284 -0.77649596 -2.88407582 -2.71720561  2.54564111
 -2.13655218 -2.04712774 -0.18154887  3.1499877   0.24664288  0.21384969
 -1.25020323 -0.67764017 -1.73376984 -3.03025066  2.87032658  1.23551002
 -0.4857074  -2.18838447  1.10971138 -1.10585765 -0.49042483 -2.73954094
 -2.06516888  1.86554807 -0.87381198  2.62185204 -0.45419522 -2.67151323
 -2.82019536  2.26182974 -3.14423346 -0.44536834 -1.00234826 -0.24660757
  2.34754178  1.84025284  0.01820737 -2.55288746 -2.65892194  0.24436955
 -0.76666221  1.24524134 -2.62771086  1.12505239 -0.38397799  0.42076275
  1.91903317  0.45811857  0.65074838 -1.27156715  1.79161222  2.93982488
  0.99593913  0.22180238 -1.14181227  2.42278776  0.7267408  -1.90977333
 -0.05037939  1.87092232  0.98664704 -1.08002974 -2.30130889  2.22238439
  2.0039864   1.9283236   2.29723373  1.91578722 -1.66121693 -3.1038985
  0.42852316  1.34475799 -2.26275516 -1.12583551  2.3118371   1.39294654
 -0.27195667 -1.84442294 -1.64823713  1.9652812   1.30723907 -1.011883
 -0.23075453 -0.69309149 -0.3033902   2.30246082 -0.66193839 -0.93534311
  0.77591014 -2.35268944  0.59026877  2.78422846 -0.35243002  2.04722767
 -1.86126416 -1.35336617 -2.59736795 -2.4227302  -1.50153055 -3.02896629
  2.01620168  1.78191052  1.58151673  1.12533494  1.58819402 -2.44421563
 -2.5073672   1.78907351  1.03427241 -0.2918592  -2.47720448  1.4309829
 -1.04394802 -3.04762121 -0.04720675  1.89751592 -2.70128481 -2.36816622
  1.87611906  1.02966616 -0.62617476 -0.49631343 -0.92140771  1.96405522
  0.47262269 -0.35622604  0.40183269 -2.26662918  1.2613657  -0.15330693
  2.40236184  1.23319558  2.87809257 -1.05733886  2.10171172 -0.42989467
 -3.26841179  2.2032203   0.81147111  1.92881084 -1.28919666  1.43910615
 -2.12172273  0.2089851   0.08303722 -2.79059112 -0.9019145  -2.39307469
  0.07227822 -0.56898608]
Sat May 25 21:02:56 2024,942,0.09593800618141565,[-4.65847883  2.36664265 -1.84106086 -0.12409688  0.18672563 -2.68765086
  3.0128293   2.10571238  1.45518701 -0.92536057  0.61239965  1.09170228
  1.13210063 -1.54196776  0.77712882  2.80621748 -0.79815527 -0.63691747
 -1.75472043  0.60195895  1.67657212  2.99185606 -1.20875791 -0.31571275
 -2.42357608 -2.33803681  2.99458179  2.76322736 -0.54433286 -2.36481305
  1.48280768 -0.0585081  -2.3178745   2.09556456  1.28954016 -0.63853963
  0.8477717  -2.3188067  -0.02589542  2.15332916 -0.16394188  0.38886659
  2.71395754  1.04622484  2.46285642  3.16174766  2.64140818 -2.93932958
  0.26537412 -0.81572872  1.75888675  2.86399315 -0.51095143 -2.3176348
  2.78736958 -3.21076733  0.79394319 -0.63487992 -1.74135901  2.69818398
 -1.80955052 -1.5881307  -2.30391397  2.18800698 -2.4512854   2.13559756
  2.07465243  1.53540755  2.38308436  2.80474829  1.64886116  1.20012662
 -1.51324542 -2.22927513  1.47130186  0.71194284  1.31361923 -3.01402367
 -0.37770322  2.51831702 -1.03585445  1.28752021  1.48329458  0.54455008
 -0.83302119  1.11514367  0.66824164 -0.38370034  2.80473736 -1.99307045
  1.53804636 -0.48681172  1.09033621 -2.84976603 -2.45832372  0.45773159
 -1.16150475 -0.49457602  0.3653163  -0.11126747 -1.65032848 -0.04116988
 -0.85970557  2.81181075 -1.0623994  -1.38013509 -0.9488342   1.07796544
  1.85224718 -0.69616524  1.97232739 -2.19417579 -0.34727715 -0.73251662
 -2.89008052  3.16480389 -1.63194494  3.13522482 -1.26602546 -2.70847987
  3.36217161 -1.23322285 -0.77649597 -2.88407581 -2.7172056   2.54564112
 -2.13655217 -2.04712773 -0.18154886  3.14998769  0.24664289  0.21384968
 -1.25020325 -0.67764016 -1.73376985 -3.03025065  2.87032657  1.23551001
 -0.48570739 -2.18838446  1.10971137 -1.10585764 -0.49042482 -2.73954095
 -2.06516889  1.86554808 -0.87381197  2.62185205 -0.45419521 -2.67151324
 -2.82019537  2.26182973 -3.14423345 -0.44536835 -1.00234825 -0.24660758
  2.34754179  1.84025283  0.01820738 -2.55288747 -2.65892193  0.24436956
 -0.7666622   1.24524135 -2.62771085  1.12505238 -0.38397801  0.42076274
  1.91903316  0.45811858  0.65074837 -1.27156716  1.79161223  2.93982489
  0.99593914  0.22180239 -1.14181228  2.42278777  0.72674081 -1.90977334
 -0.0503794   1.87092231  0.98664705 -1.08002973 -2.30130888  2.22238438
  2.00398641  1.92832361  2.29723372  1.91578721 -1.66121692 -3.10389851
  0.42852317  1.34475798 -2.26275515 -1.1258355   2.31183709  1.39294655
 -0.27195666 -1.84442295 -1.64823712  1.96528121  1.30723908 -1.01188301
 -0.23075454 -0.6930915  -0.30339021  2.30246081 -0.6619384  -0.93534312
  0.77591013 -2.35268945  0.59026878  2.78422845 -0.35243003  2.04722769
 -1.86126415 -1.35336618 -2.59736794 -2.42273021 -1.50153054 -3.02896628
  2.01620167  1.78191051  1.58151672  1.12533495  1.58819401 -2.44421564
 -2.50736721  1.78907349  1.0342724  -0.29185919 -2.47720447  1.43098291
 -1.04394803 -3.0476212  -0.04720674  1.89751593 -2.70128483 -2.36816621
  1.87611905  1.02966617 -0.62617477 -0.49631344 -0.9214077   1.96405521
  0.47262268 -0.35622605  0.40183268 -2.2666292   1.26136571 -0.15330692
  2.40236185  1.23319557  2.87809258 -1.05733885  2.10171173 -0.42989468
 -3.26841178  2.20322031  0.81147109  1.92881083 -1.28919667  1.43910616
 -2.12172274  0.20898509  0.08303721 -2.79059113 -0.90191449 -2.39307468
  0.07227823 -0.56898609]
Sat May 25 21:03:19 2024,943,0.09593800618087633,[-4.65847884  2.36664264 -1.84106085 -0.12409689  0.18672564 -2.68765085
  3.01282929  2.10571236  1.455187   -0.92536056  0.61239966  1.09170229
  1.13210062 -1.54196777  0.77712881  2.80621747 -0.79815528 -0.63691746
 -1.75472042  0.60195896  1.67657213  2.99185607 -1.20875792 -0.31571274
 -2.42357607 -2.33803682  2.9945818   2.76322735 -0.54433287 -2.36481306
  1.48280769 -0.05850811 -2.31787451  2.09556455  1.28954017 -0.63853962
  0.84777171 -2.31880669 -0.02589543  2.15332915 -0.16394189  0.38886658
  2.71395753  1.04622483  2.46285644  3.16174765  2.64140819 -2.93932957
  0.26537411 -0.81572873  1.75888676  2.86399316 -0.51095142 -2.31763481
  2.78736957 -3.21076732  0.7939432  -0.63487993 -1.74135902  2.69818399
 -1.80955053 -1.58813069 -2.30391398  2.18800697 -2.45128539  2.13559757
  2.07465244  1.53540756  2.38308437  2.8047483   1.64886115  1.20012663
 -1.51324541 -2.22927514  1.47130185  0.71194282  1.31361924 -3.01402368
 -0.37770321  2.51831701 -1.03585444  1.2875202   1.48329459  0.54455009
 -0.83302121  1.11514369  0.66824163 -0.38370035  2.80473737 -1.99307044
  1.53804637 -0.48681171  1.09033622 -2.84976604 -2.45832371  0.45773161
 -1.16150474 -0.49457603  0.36531629 -0.11126745 -1.65032847 -0.04116989
 -0.85970559  2.81181074 -1.06239939 -1.3801351  -0.94883421  1.07796545
  1.85224717 -0.69616525  1.9723274  -2.19417578 -0.34727716 -0.73251661
 -2.89008053  3.16480388 -1.63194493  3.13522481 -1.26602547 -2.70847986
  3.3621716  -1.23322284 -0.77649596 -2.8840758  -2.71720559  2.54564111
 -2.13655216 -2.04712774 -0.18154887  3.14998768  0.24664288  0.21384969
 -1.25020326 -0.67764017 -1.73376986 -3.03025064  2.87032656  1.23551
 -0.4857074  -2.18838447  1.10971138 -1.10585763 -0.49042481 -2.73954094
 -2.0651689   1.86554809 -0.87381196  2.62185204 -0.45419522 -2.67151325
 -2.82019536  2.26182972 -3.14423344 -0.44536836 -1.00234824 -0.24660757
  2.3475418   1.84025284  0.01820739 -2.55288746 -2.65892194  0.24436957
 -0.76666221  1.24524134 -2.62771086  1.12505239 -0.38397799  0.42076273
  1.91903317  0.45811859  0.65074836 -1.27156717  1.79161222  2.93982488
  0.99593913  0.2218024  -1.14181227  2.42278776  0.72674082 -1.90977335
 -0.05037939  1.8709223   0.98664704 -1.08002972 -2.30130887  2.22238439
  2.0039864   1.9283236   2.29723371  1.91578722 -1.66121693 -3.1038985
  0.42852316  1.34475799 -2.26275516 -1.12583549  2.3118371   1.39294656
 -0.27195667 -1.84442296 -1.64823713  1.96528122  1.30723907 -1.01188302
 -0.23075453 -0.69309151 -0.30339022  2.3024608  -0.66193839 -0.93534313
  0.77591014 -2.35268944  0.59026879  2.78422844 -0.35243002  2.0472277
 -1.86126414 -1.35336617 -2.59736795 -2.4227302  -1.50153053 -3.02896629
  2.01620168  1.7819105   1.58151673  1.12533494  1.588194   -2.44421565
 -2.5073672   1.78907348  1.03427241 -0.29185918 -2.47720448  1.4309829
 -1.04394802 -3.04762121 -0.04720675  1.89751594 -2.70128482 -2.3681662
  1.87611904  1.02966618 -0.62617478 -0.49631343 -0.92140769  1.9640552
  0.47262267 -0.35622606  0.40183267 -2.26662921  1.2613657  -0.15330691
  2.40236186  1.23319558  2.87809259 -1.05733884  2.10171174 -0.42989469
 -3.26841179  2.20322032  0.81147111  1.92881082 -1.28919666  1.43910617
 -2.12172273  0.20898508  0.08303722 -2.79059112 -0.9019145  -2.39307469
  0.07227824 -0.5689861 ]
Sat May 25 21:03:42 2024,944,0.09593800618033785,[-4.65847885  2.36664265 -1.84106084 -0.12409691  0.18672563 -2.68765086
  3.0128293   2.10571238  1.45518699 -0.92536057  0.61239967  1.0917023
  1.13210061 -1.54196778  0.7771288   2.80621746 -0.79815529 -0.63691745
 -1.75472041  0.60195897  1.67657214  2.99185608 -1.20875791 -0.31571273
 -2.42357608 -2.33803681  2.99458179  2.76322736 -0.54433288 -2.36481307
  1.4828077  -0.05850812 -2.3178745   2.09556456  1.28954016 -0.63853961
  0.8477717  -2.3188067  -0.02589542  2.15332914 -0.1639419   0.38886659
  2.71395752  1.04622484  2.46285642  3.16174766  2.6414082  -2.93932956
  0.2653741  -0.81572872  1.75888675  2.86399317 -0.51095143 -2.31763482
  2.78736958 -3.21076731  0.79394319 -0.63487992 -1.74135903  2.69818398
 -1.80955054 -1.5881307  -2.30391399  2.18800696 -2.45128538  2.13559756
  2.07465245  1.53540757  2.38308438  2.80474829  1.64886116  1.20012662
 -1.5132454  -2.22927513  1.47130186  0.71194284  1.31361923 -3.01402369
 -0.37770322  2.518317   -1.03585443  1.28752019  1.48329458  0.54455008
 -0.83302122  1.11514367  0.66824164 -0.38370034  2.80473738 -1.99307045
  1.53804638 -0.4868117   1.09033621 -2.84976605 -2.4583237   0.45773162
 -1.16150475 -0.49457604  0.3653163  -0.11126744 -1.65032846 -0.0411699
 -0.8597056   2.81181075 -1.0623994  -1.38013511 -0.94883422  1.07796546
  1.85224716 -0.69616526  1.97232739 -2.19417579 -0.34727715 -0.7325166
 -2.89008054  3.16480387 -1.63194492  3.13522482 -1.26602548 -2.70847985
  3.36217161 -1.23322285 -0.77649597 -2.88407579 -2.71720558  2.5456411
 -2.13655217 -2.04712773 -0.18154888  3.14998769  0.24664289  0.2138497
 -1.25020325 -0.67764018 -1.73376985 -3.03025063  2.87032657  1.23550999
 -0.48570741 -2.18838446  1.10971137 -1.10585762 -0.4904248  -2.73954095
 -2.06516891  1.86554808 -0.87381195  2.62185203 -0.45419523 -2.67151326
 -2.82019535  2.26182973 -3.14423343 -0.44536837 -1.00234823 -0.24660756
  2.34754181  1.84025285  0.0182074  -2.55288745 -2.65892195  0.24436958
 -0.76666222  1.24524135 -2.62771088  1.12505238 -0.38397798  0.42076274
  1.91903318  0.45811858  0.65074837 -1.27156716  1.79161223  2.93982487
  0.99593912  0.22180241 -1.14181228  2.42278777  0.72674083 -1.90977334
 -0.0503794   1.87092229  0.98664703 -1.08002973 -2.30130888  2.22238441
  2.00398641  1.92832359  2.2972337   1.91578721 -1.66121694 -3.10389849
  0.42852317  1.34475798 -2.26275517 -1.1258355   2.31183709  1.39294658
 -0.27195666 -1.84442297 -1.64823712  1.96528121  1.30723906 -1.01188301
 -0.23075452 -0.6930915  -0.30339021  2.30246081 -0.66193838 -0.93534314
  0.77591013 -2.35268945  0.59026878  2.78422845 -0.35243003  2.04722771
 -1.86126413 -1.35336618 -2.59736796 -2.42273019 -1.50153052 -3.0289663
  2.01620167  1.78191049  1.58151672  1.12533495  1.58819401 -2.44421564
 -2.50736719  1.78907349  1.0342724  -0.29185919 -2.47720449  1.43098291
 -1.04394801 -3.04762122 -0.04720674  1.89751595 -2.7012848  -2.36816621
  1.87611905  1.02966617 -0.62617477 -0.49631342 -0.92140768  1.96405521
  0.47262266 -0.35622605  0.40183268 -2.26662922  1.26136571 -0.15330692
  2.40236187  1.23319557  2.87809258 -1.05733885  2.10171175 -0.42989468
 -3.26841178  2.20322031  0.81147109  1.92881081 -1.28919665  1.43910618
 -2.12172272  0.20898509  0.08303721 -2.79059111 -0.90191451 -2.3930747
  0.07227825 -0.56898609]
Sat May 25 21:04:21 2024,945,0.09593800617980028,[-4.65847886  2.36664266 -1.84106085 -0.12409692  0.18672564 -2.68765087
  3.01282931  2.10571236  1.45518698 -0.92536056  0.61239966  1.09170229
  1.1321006  -1.54196777  0.77712879  2.80621745 -0.7981553  -0.63691746
 -1.75472042  0.60195896  1.67657215  2.99185607 -1.20875792 -0.31571274
 -2.42357609 -2.33803682  2.9945818   2.76322737 -0.54433289 -2.36481308
  1.48280769 -0.05850811 -2.31787451  2.09556457  1.28954015 -0.63853962
  0.84777168 -2.31880669 -0.02589543  2.15332915 -0.16394189  0.3888666
  2.71395751  1.04622485  2.46285641  3.16174765  2.64140821 -2.93932955
  0.26537411 -0.81572871  1.75888674  2.86399318 -0.51095142 -2.31763481
  2.78736957 -3.21076732  0.7939432  -0.63487991 -1.74135904  2.69818397
 -1.80955055 -1.58813069 -2.303914    2.18800695 -2.45128539  2.13559757
  2.07465246  1.53540758  2.38308439  2.8047483   1.64886115  1.20012661
 -1.51324539 -2.22927514  1.47130185  0.71194285  1.31361924 -3.01402368
 -0.37770321  2.51831699 -1.03585444  1.28752018  1.48329459  0.54455007
 -0.83302121  1.11514366  0.66824163 -0.38370033  2.80473737 -1.99307044
  1.53804639 -0.48681171  1.09033622 -2.84976604 -2.45832369  0.45773161
 -1.16150474 -0.49457603  0.36531629 -0.11126745 -1.65032845 -0.04116991
 -0.85970559  2.81181076 -1.06239939 -1.38013513 -0.94883421  1.07796545
  1.85224717 -0.69616528  1.97232738 -2.19417578 -0.34727716 -0.73251661
 -2.89008053  3.16480388 -1.63194493  3.13522481 -1.26602549 -2.70847986
  3.36217162 -1.23322286 -0.77649596 -2.88407578 -2.71720557  2.54564109
 -2.13655216 -2.04712772 -0.18154889  3.1499877   0.2466429   0.21384971
 -1.25020326 -0.67764017 -1.73376986 -3.03025062  2.87032656  1.23551
 -0.48570742 -2.18838445  1.10971138 -1.10585761 -0.49042479 -2.73954094
 -2.06516892  1.86554809 -0.87381194  2.62185204 -0.45419522 -2.67151327
 -2.82019534  2.26182972 -3.14423344 -0.44536839 -1.00234822 -0.24660757
  2.34754182  1.84025284  0.01820741 -2.55288746 -2.65892194  0.24436957
 -0.76666223  1.24524134 -2.62771086  1.12505239 -0.38397799  0.42076273
  1.91903317  0.45811859  0.65074838 -1.27156717  1.79161224  2.93982488
  0.99593913  0.22180242 -1.14181227  2.42278776  0.72674082 -1.90977335
 -0.05037939  1.8709223   0.98664702 -1.08002972 -2.30130889  2.22238439
  2.0039864   1.92832358  2.29723368  1.9157872  -1.66121693 -3.1038985
  0.42852318  1.34475797 -2.26275518 -1.12583549  2.31183708  1.39294656
 -0.27195665 -1.84442296 -1.64823713  1.96528122  1.30723907 -1.01188302
 -0.23075453 -0.69309149 -0.3033902   2.30246082 -0.66193837 -0.93534315
  0.77591012 -2.35268944  0.59026877  2.78422844 -0.35243002  2.0472277
 -1.86126414 -1.35336617 -2.59736795 -2.4227302  -1.50153053 -3.02896629
  2.01620166  1.7819105   1.58151673  1.12533496  1.588194   -2.44421565
 -2.50736718  1.78907351  1.03427241 -0.29185918 -2.47720448  1.43098292
 -1.04394802 -3.04762121 -0.04720675  1.89751596 -2.70128481 -2.3681662
  1.87611904  1.02966618 -0.62617476 -0.49631343 -0.92140767  1.96405522
  0.47262265 -0.35622604  0.40183269 -2.26662921  1.26136572 -0.15330691
  2.40236188  1.23319558  2.87809257 -1.05733884  2.10171174 -0.42989469
 -3.26841179  2.2032203   0.81147108  1.9288108  -1.28919664  1.43910619
 -2.12172273  0.20898508  0.0830372  -2.79059112 -0.9019145  -2.39307469
  0.07227824 -0.56898608]
Sat May 25 21:04:45 2024,946,0.09593800617926337,[-4.65847887  2.36664267 -1.84106086 -0.12409693  0.18672565 -2.68765086
  3.0128293   2.10571235  1.45518699 -0.92536057  0.61239967  1.09170228
  1.13210061 -1.54196778  0.7771288   2.80621744 -0.79815531 -0.63691747
 -1.75472043  0.60195897  1.67657214  2.99185606 -1.20875791 -0.31571273
 -2.4235761  -2.33803683  2.99458181  2.76322736 -0.5443329  -2.36481307
  1.48280768 -0.05850812 -2.31787452  2.09556458  1.28954016 -0.63853961
  0.84777167 -2.3188067  -0.02589542  2.15332916 -0.1639419   0.38886659
  2.7139575   1.04622486  2.4628564   3.16174766  2.6414082  -2.93932954
  0.2653741  -0.8157287   1.75888673  2.86399317 -0.51095143 -2.3176348
  2.78736958 -3.21076731  0.79394319 -0.63487989 -1.74135903  2.69818398
 -1.80955056 -1.58813068 -2.30391402  2.18800696 -2.4512854   2.13559758
  2.07465245  1.53540759  2.3830844   2.80474829  1.64886116  1.20012662
 -1.5132454  -2.22927513  1.47130184  0.71194286  1.31361925 -3.01402369
 -0.3777032   2.51831698 -1.03585443  1.28752019  1.48329458  0.54455006
 -0.83302119  1.11514367  0.66824164 -0.38370032  2.80473738 -1.99307045
  1.5380464  -0.48681172  1.09033621 -2.84976605 -2.4583237   0.45773159
 -1.16150475 -0.49457602  0.3653163  -0.11126744 -1.65032846 -0.0411699
 -0.85970557  2.81181077 -1.0623994  -1.38013511 -0.94883422  1.07796544
  1.85224718 -0.69616526  1.97232737 -2.19417579 -0.34727717 -0.7325166
 -2.89008052  3.16480389 -1.63194492  3.1352248  -1.26602548 -2.70847987
  3.36217163 -1.23322285 -0.77649597 -2.88407579 -2.71720556  2.5456411
 -2.13655215 -2.04712773 -0.18154888  3.14998772  0.24664291  0.2138497
 -1.25020325 -0.67764016 -1.73376985 -3.03025061  2.87032657  1.23550999
 -0.48570741 -2.18838446  1.10971139 -1.1058576  -0.4904248  -2.73954093
 -2.06516893  1.86554808 -0.87381195  2.62185203 -0.45419521 -2.67151326
 -2.82019533  2.26182973 -3.14423343 -0.4453684  -1.00234823 -0.24660758
  2.34754183  1.84025283  0.0182074  -2.55288745 -2.65892193  0.24436958
 -0.76666224  1.24524135 -2.62771085  1.1250524  -0.38397801  0.42076274
  1.91903316  0.45811858  0.65074839 -1.27156716  1.79161223  2.93982489
  0.99593912  0.22180241 -1.14181228  2.42278775  0.72674083 -1.90977336
 -0.05037938  1.87092231  0.986647   -1.08002971 -2.3013089   2.22238441
  2.00398639  1.92832357  2.2972337   1.91578719 -1.66121692 -3.10389849
  0.42852317  1.34475798 -2.26275519 -1.12583548  2.31183709  1.39294655
 -0.27195664 -1.84442297 -1.64823714  1.96528121  1.30723906 -1.01188303
 -0.23075454 -0.69309148 -0.30339021  2.30246081 -0.66193836 -0.93534314
  0.77591013 -2.35268945  0.59026878  2.78422845 -0.35243003  2.04722769
 -1.86126415 -1.35336616 -2.59736794 -2.42273021 -1.50153052 -3.0289663
  2.01620165  1.78191051  1.58151672  1.12533497  1.58819401 -2.44421566
 -2.50736719  1.78907349  1.0342724  -0.29185919 -2.47720449  1.43098291
 -1.04394801 -3.0476212  -0.04720674  1.89751595 -2.70128483 -2.36816619
  1.87611903  1.02966617 -0.62617475 -0.49631344 -0.92140766  1.96405521
  0.47262264 -0.35622605  0.40183268 -2.2666292   1.26136573 -0.15330692
  2.40236189  1.23319559  2.87809256 -1.05733885  2.10171175 -0.4298947
 -3.26841178  2.20322029  0.81147107  1.92881079 -1.28919663  1.4391062
 -2.12172272  0.20898509  0.08303721 -2.79059111 -0.90191451 -2.3930747
  0.07227825 -0.56898609]
Sat May 25 21:05:08 2024,947,0.09593800617872762,[-4.65847888  2.36664266 -1.84106085 -0.12409692  0.18672564 -2.68765085
  3.01282929  2.10571234  1.45518698 -0.92536056  0.61239968  1.09170229
  1.13210062 -1.54196777  0.77712881  2.80621743 -0.7981553  -0.63691746
 -1.75472042  0.60195898  1.67657215  2.99185605 -1.20875792 -0.31571274
 -2.42357611 -2.33803684  2.99458182  2.76322737 -0.54433289 -2.36481306
  1.48280769 -0.05850813 -2.31787453  2.09556459  1.28954015 -0.63853962
  0.84777166 -2.31880669 -0.02589541  2.15332915 -0.16394189  0.3888666
  2.71395749  1.04622487  2.46285641  3.16174767  2.64140821 -2.93932953
  0.26537411 -0.81572869  1.75888672  2.86399318 -0.51095144 -2.31763479
  2.78736957 -3.2107673   0.7939432  -0.63487991 -1.74135904  2.69818397
 -1.80955055 -1.58813069 -2.303914    2.18800697 -2.45128539  2.13559759
  2.07465246  1.5354076   2.38308441  2.8047483   1.64886117  1.20012663
 -1.51324539 -2.22927512  1.47130185  0.71194287  1.31361926 -3.0140237
 -0.37770319  2.51831697 -1.03585442  1.2875202   1.48329459  0.54455005
 -0.83302121  1.11514369  0.66824165 -0.38370033  2.80473739 -1.99307046
  1.53804641 -0.48681173  1.0903362  -2.84976606 -2.45832371  0.45773161
 -1.16150476 -0.49457603  0.36531629 -0.11126745 -1.65032847 -0.04116989
 -0.85970556  2.81181076 -1.06239941 -1.38013513 -0.94883421  1.07796545
  1.85224719 -0.69616528  1.97232738 -2.19417578 -0.34727718 -0.73251661
 -2.89008051  3.16480388 -1.63194493  3.13522479 -1.26602547 -2.70847986
  3.36217164 -1.23322286 -0.77649598 -2.88407578 -2.71720555  2.54564111
 -2.13655216 -2.04712774 -0.18154889  3.14998773  0.24664292  0.21384971
 -1.25020326 -0.67764015 -1.73376986 -3.0302506   2.87032658  1.23551
 -0.4857074  -2.18838445  1.1097114  -1.10585759 -0.49042479 -2.73954092
 -2.06516892  1.86554809 -0.87381196  2.62185204 -0.45419522 -2.67151327
 -2.82019532  2.26182972 -3.14423344 -0.44536841 -1.00234824 -0.24660759
  2.34754184  1.84025282  0.01820739 -2.55288744 -2.65892192  0.24436959
 -0.76666225  1.24524134 -2.62771086  1.12505239 -0.38397799  0.42076273
  1.91903315  0.45811859  0.65074838 -1.27156715  1.79161224  2.9398249
  0.99593913  0.2218024  -1.14181229  2.42278774  0.72674084 -1.90977335
 -0.05037937  1.8709223   0.98664702 -1.08002972 -2.30130889  2.22238442
  2.0039864   1.92832356  2.29723368  1.91578718 -1.66121693 -3.10389848
  0.42852316  1.34475797 -2.26275518 -1.12583549  2.3118371   1.39294656
 -0.27195663 -1.84442296 -1.64823713  1.9652812   1.30723905 -1.01188304
 -0.23075455 -0.69309147 -0.3033902   2.3024608  -0.66193835 -0.93534313
  0.77591012 -2.35268944  0.59026877  2.78422846 -0.35243004  2.04722767
 -1.86126416 -1.35336617 -2.59736795 -2.4227302  -1.50153051 -3.02896631
  2.01620164  1.78191052  1.58151673  1.12533496  1.588194   -2.44421565
 -2.5073672   1.78907348  1.03427239 -0.29185918 -2.47720448  1.4309829
 -1.043948   -3.04762121 -0.04720675  1.89751596 -2.70128482 -2.36816617
  1.87611904  1.02966618 -0.62617476 -0.49631345 -0.92140765  1.96405522
  0.47262263 -0.35622606  0.40183267 -2.26662921  1.26136574 -0.15330693
  2.4023619   1.2331956   2.87809257 -1.05733884  2.10171174 -0.42989469
 -3.26841179  2.2032203   0.81147108  1.92881077 -1.28919664  1.43910621
 -2.12172273  0.20898508  0.0830372  -2.79059112 -0.9019145  -2.39307469
  0.07227826 -0.5689861 ]
Sat May 25 21:05:32 2024,948,0.09593800617819237,[-4.65847889  2.36664265 -1.84106086 -0.12409691  0.18672565 -2.68765086
  3.0128293   2.10571235  1.45518699 -0.92536055  0.61239967  1.09170228
  1.13210061 -1.54196776  0.7771288   2.80621742 -0.79815531 -0.63691747
 -1.75472041  0.60195899  1.67657214  2.99185604 -1.20875791 -0.31571275
 -2.42357612 -2.33803683  2.99458181  2.76322738 -0.5443329  -2.36481305
  1.48280768 -0.05850812 -2.31787454  2.09556458  1.28954014 -0.63853961
  0.84777165 -2.3188067  -0.0258954   2.15332914 -0.16394188  0.38886661
  2.7139575   1.04622488  2.46285642  3.16174768  2.6414082  -2.93932952
  0.26537412 -0.8157287   1.75888673  2.86399319 -0.51095143 -2.31763478
  2.78736956 -3.21076731  0.79394321 -0.63487992 -1.74135903  2.69818398
 -1.80955054 -1.58813068 -2.30391402  2.18800698 -2.45128538  2.13559758
  2.07465247  1.53540761  2.3830844   2.80474831  1.64886118  1.20012664
 -1.51324538 -2.22927511  1.47130186  0.71194286  1.31361927 -3.01402371
 -0.37770318  2.51831698 -1.03585443  1.28752019  1.4832946   0.54455006
 -0.83302122  1.1151437   0.66824164 -0.38370032  2.80473738 -1.99307047
  1.5380464  -0.48681172  1.09033619 -2.84976605 -2.45832372  0.45773162
 -1.16150475 -0.49457602  0.3653163  -0.11126744 -1.65032846 -0.04116988
 -0.85970557  2.81181077 -1.0623994  -1.38013511 -0.94883422  1.07796544
  1.85224718 -0.69616526  1.97232739 -2.19417577 -0.34727717 -0.73251662
 -2.89008052  3.16480387 -1.63194492  3.13522478 -1.26602548 -2.70847987
  3.36217165 -1.23322285 -0.77649597 -2.88407579 -2.71720556  2.54564112
 -2.13655215 -2.04712773 -0.1815489   3.14998772  0.24664291  0.2138497
 -1.25020325 -0.67764014 -1.73376987 -3.03025061  2.87032657  1.23550999
 -0.48570741 -2.18838446  1.10971139 -1.1058576  -0.4904248  -2.73954093
 -2.06516891  1.8655481  -0.87381195  2.62185203 -0.45419521 -2.67151326
 -2.82019531  2.26182971 -3.14423343 -0.4453684  -1.00234825 -0.2466076
  2.34754185  1.84025281  0.0182074  -2.55288745 -2.65892191  0.24436958
 -0.76666226  1.24524133 -2.62771085  1.1250524  -0.38397801  0.42076274
  1.91903316  0.4581186   0.65074839 -1.27156716  1.79161223  2.93982491
  0.99593914  0.22180241 -1.1418123   2.42278775  0.72674085 -1.90977334
 -0.05037936  1.87092229  0.98664703 -1.08002973 -2.30130888  2.22238443
  2.00398641  1.92832357  2.2972337   1.91578717 -1.66121692 -3.10389846
  0.42852317  1.34475796 -2.26275519 -1.12583548  2.31183711  1.39294658
 -0.27195662 -1.84442295 -1.64823712  1.96528119  1.30723906 -1.01188305
 -0.23075456 -0.69309146 -0.30339019  2.30246079 -0.66193836 -0.93534314
  0.77591011 -2.35268945  0.59026878  2.78422845 -0.35243003  2.04722766
 -1.86126417 -1.35336616 -2.59736796 -2.42273019 -1.50153052 -3.02896632
  2.01620165  1.78191051  1.58151672  1.12533495  1.58819399 -2.44421564
 -2.50736721  1.78907349  1.0342724  -0.29185919 -2.47720447  1.43098291
 -1.04394801 -3.0476212  -0.04720674  1.89751595 -2.70128483 -2.36816616
  1.87611903  1.02966619 -0.62617477 -0.49631344 -0.92140766  1.96405521
  0.47262262 -0.35622605  0.40183266 -2.26662922  1.26136573 -0.15330694
  2.40236191  1.23319561  2.87809258 -1.05733883  2.10171173 -0.42989468
 -3.26841178  2.20322029  0.81147109  1.92881076 -1.28919665  1.4391062
 -2.12172272  0.20898509  0.08303721 -2.79059113 -0.90191449 -2.3930747
  0.07227827 -0.56898611]
Sat May 25 21:05:55 2024,949,0.0959380061776588,[-4.6584789   2.36664266 -1.84106085 -0.1240969   0.18672564 -2.68765087
  3.01282929  2.10571234  1.45518698 -0.92536054  0.61239968  1.09170227
  1.1321006  -1.54196775  0.77712881  2.80621743 -0.7981553  -0.63691746
 -1.75472042  0.60195901  1.67657215  2.99185605 -1.2087579  -0.31571274
 -2.42357611 -2.33803684  2.99458182  2.76322737 -0.54433291 -2.36481306
  1.48280767 -0.05850811 -2.31787455  2.09556459  1.28954015 -0.63853962
  0.84777164 -2.31880669 -0.02589539  2.15332913 -0.16394187  0.38886662
  2.71395751  1.04622489  2.46285644  3.16174767  2.64140819 -2.93932953
  0.26537411 -0.81572871  1.75888674  2.8639932  -0.51095144 -2.31763479
  2.78736955 -3.21076732  0.7939432  -0.63487991 -1.74135904  2.69818399
 -1.80955055 -1.58813069 -2.303914    2.18800699 -2.45128539  2.13559757
  2.07465246  1.53540762  2.38308441  2.80474832  1.64886119  1.20012665
 -1.51324539 -2.2292751   1.47130187  0.71194285  1.31361926 -3.0140237
 -0.37770317  2.51831699 -1.03585442  1.2875202   1.48329461  0.54455007
 -0.83302123  1.11514371  0.66824165 -0.38370033  2.80473737 -1.99307048
  1.53804639 -0.48681171  1.0903362  -2.84976604 -2.45832373  0.45773161
 -1.16150474 -0.49457603  0.36531631 -0.11126743 -1.65032847 -0.04116989
 -0.85970556  2.81181078 -1.06239939 -1.38013512 -0.94883421  1.07796545
  1.85224717 -0.69616528  1.9723274  -2.19417576 -0.34727716 -0.73251663
 -2.89008053  3.16480386 -1.63194491  3.13522477 -1.26602549 -2.70847988
  3.36217164 -1.23322284 -0.77649596 -2.88407578 -2.71720555  2.54564111
 -2.13655216 -2.04712774 -0.18154889  3.14998773  0.24664292  0.21384969
 -1.25020326 -0.67764013 -1.73376988 -3.03025062  2.87032656  1.23550998
 -0.4857074  -2.18838447  1.1097114  -1.10585759 -0.49042481 -2.73954094
 -2.06516892  1.86554811 -0.87381196  2.62185204 -0.45419522 -2.67151327
 -2.82019532  2.26182972 -3.14423344 -0.44536839 -1.00234824 -0.24660761
  2.34754187  1.8402528   0.01820741 -2.55288746 -2.6589219   0.24436959
 -0.76666225  1.24524134 -2.62771086  1.12505239 -0.38397802  0.42076273
  1.91903317  0.45811861  0.6507484  -1.27156715  1.79161222  2.9398249
  0.99593915  0.22180242 -1.14181231  2.42278774  0.72674086 -1.90977333
 -0.05037937  1.8709223   0.98664702 -1.08002972 -2.30130887  2.22238444
  2.0039864   1.92832358  2.29723368  1.91578716 -1.66121691 -3.10389848
  0.42852316  1.34475795 -2.2627552  -1.12583549  2.31183712  1.39294659
 -0.27195663 -1.84442294 -1.64823713  1.9652812   1.30723907 -1.01188306
 -0.23075455 -0.69309147 -0.3033902   2.3024608  -0.66193835 -0.93534313
  0.7759101  -2.35268946  0.59026879  2.78422846 -0.35243004  2.04722767
 -1.86126418 -1.35336615 -2.59736795 -2.42273018 -1.50153051 -3.02896631
  2.01620164  1.7819105   1.58151671  1.12533494  1.588194   -2.44421563
 -2.5073672   1.78907348  1.03427239 -0.2918592  -2.47720448  1.4309829
 -1.043948   -3.04762121 -0.04720673  1.89751594 -2.70128482 -2.36816615
  1.87611902  1.0296662  -0.62617478 -0.49631345 -0.92140767  1.96405522
  0.47262263 -0.35622604  0.40183267 -2.26662921  1.26136572 -0.15330695
  2.4023619   1.2331956   2.87809257 -1.05733882  2.10171172 -0.42989467
 -3.26841179  2.2032203   0.81147108  1.92881075 -1.28919666  1.43910621
 -2.12172271  0.20898508  0.08303722 -2.79059112 -0.9019145  -2.39307469
  0.07227828 -0.56898612]
Sat May 25 21:06:18 2024,950,0.09593800617712571,[-4.65847891  2.36664265 -1.84106084 -0.12409691  0.18672563 -2.68765088
  3.01282928  2.10571235  1.45518697 -0.92536053  0.61239967  1.09170228
  1.13210061 -1.54196776  0.7771288   2.80621744 -0.79815529 -0.63691747
 -1.75472041  0.60195899  1.67657214  2.99185604 -1.20875791 -0.31571275
 -2.4235761  -2.33803683  2.99458181  2.76322738 -0.5443329  -2.36481307
  1.48280768 -0.05850812 -2.31787456  2.0955646   1.28954016 -0.63853963
  0.84777163 -2.31880668 -0.0258954   2.15332912 -0.16394188  0.38886661
  2.71395752  1.0462249   2.46285642  3.16174768  2.64140818 -2.93932954
  0.26537412 -0.8157287   1.75888673  2.86399321 -0.51095143 -2.3176348
  2.78736954 -3.21076733  0.79394321 -0.63487989 -1.74135903  2.69818398
 -1.80955056 -1.5881307  -2.30391399  2.188007   -2.45128538  2.13559758
  2.07465245  1.53540763  2.3830844   2.80474833  1.6488612   1.20012666
 -1.5132454  -2.22927509  1.47130186  0.71194284  1.31361927 -3.01402369
 -0.37770316  2.51831698 -1.03585443  1.28752021  1.4832946   0.54455006
 -0.83302122  1.1151437   0.66824164 -0.38370032  2.80473738 -1.99307049
  1.5380464  -0.48681172  1.09033621 -2.84976605 -2.45832372  0.45773162
 -1.16150475 -0.49457602  0.36531632 -0.11126744 -1.65032846 -0.0411699
 -0.85970557  2.81181079 -1.06239938 -1.38013514 -0.94883422  1.07796546
  1.85224716 -0.69616529  1.97232741 -2.19417575 -0.34727715 -0.73251664
 -2.89008052  3.16480385 -1.63194492  3.13522476 -1.26602548 -2.70847987
  3.36217165 -1.23322283 -0.77649595 -2.88407579 -2.71720554  2.5456411
 -2.13655217 -2.04712775 -0.1815489   3.14998774  0.24664291  0.2138497
 -1.25020327 -0.67764014 -1.73376987 -3.03025061  2.87032657  1.23550999
 -0.48570739 -2.18838448  1.10971141 -1.10585758 -0.49042482 -2.73954095
 -2.06516891  1.86554812 -0.87381197  2.62185203 -0.45419523 -2.67151328
 -2.82019533  2.26182973 -3.14423343 -0.4453684  -1.00234823 -0.2466076
  2.34754185  1.84025281  0.0182074  -2.55288747 -2.65892189  0.2443696
 -0.76666226  1.24524133 -2.62771085  1.12505238 -0.38397801  0.42076272
  1.91903316  0.45811862  0.65074839 -1.27156716  1.79161223  2.93982489
  0.99593916  0.22180241 -1.1418123   2.42278775  0.72674087 -1.90977332
 -0.05037938  1.87092231  0.986647   -1.08002971 -2.30130888  2.22238445
  2.00398641  1.92832357  2.2972337   1.91578715 -1.6612169  -3.10389846
  0.42852317  1.34475796 -2.26275521 -1.12583548  2.31183713  1.3929466
 -0.27195664 -1.84442295 -1.64823714  1.96528121  1.30723906 -1.01188305
 -0.23075456 -0.69309148 -0.30339021  2.30246079 -0.66193834 -0.93534312
  0.77591011 -2.35268947  0.59026881  2.78422847 -0.35243005  2.04722766
 -1.86126417 -1.35336614 -2.59736796 -2.42273019 -1.5015305  -3.02896632
  2.01620163  1.78191051  1.58151672  1.12533495  1.58819399 -2.44421564
 -2.50736719  1.78907349  1.03427238 -0.29185919 -2.47720447  1.43098289
 -1.04394799 -3.04762122 -0.04720674  1.89751593 -2.70128483 -2.36816614
  1.87611901  1.02966619 -0.62617479 -0.49631346 -0.92140766  1.96405523
  0.47262262 -0.35622603  0.40183268 -2.2666292   1.26136571 -0.15330696
  2.40236189  1.23319561  2.87809256 -1.05733883  2.10171173 -0.42989468
 -3.2684118   2.20322031  0.81147107  1.92881076 -1.28919665  1.43910622
 -2.12172272  0.20898509  0.08303721 -2.79059111 -0.90191449 -2.39307468
  0.07227829 -0.56898611]
Sat May 25 21:06:42 2024,951,0.09593800617659305,[-4.65847892  2.36664264 -1.84106085 -0.1240969   0.18672564 -2.68765087
  3.01282927  2.10571236  1.45518698 -0.92536052  0.61239966  1.09170229
  1.13210062 -1.54196775  0.77712879  2.80621743 -0.7981553  -0.63691746
 -1.7547204   0.60195901  1.67657213  2.99185605 -1.20875792 -0.31571276
 -2.42357611 -2.33803684  2.9945818   2.76322737 -0.54433289 -2.36481306
  1.48280767 -0.05850811 -2.31787457  2.09556461  1.28954017 -0.63853962
  0.84777162 -2.31880669 -0.02589541  2.15332911 -0.16394187  0.3888666
  2.71395753  1.04622489  2.46285644  3.16174767  2.64140819 -2.93932953
  0.26537413 -0.81572869  1.75888674  2.8639932  -0.51095144 -2.31763479
  2.78736955 -3.21076732  0.7939432  -0.63487988 -1.74135904  2.69818399
 -1.80955055 -1.58813071 -2.30391398  2.18800699 -2.45128536  2.13559759
  2.07465244  1.53540762  2.38308441  2.80474834  1.64886119  1.20012665
 -1.51324541 -2.2292751   1.47130185  0.71194285  1.31361928 -3.01402368
 -0.37770315  2.51831699 -1.03585444  1.2875202   1.48329459  0.54455007
 -0.83302123  1.11514371  0.66824165 -0.38370031  2.80473737 -1.99307048
  1.53804641 -0.48681171  1.09033622 -2.84976604 -2.45832371  0.45773163
 -1.16150474 -0.49457603  0.36531631 -0.11126743 -1.65032845 -0.04116991
 -0.85970558  2.81181078 -1.06239937 -1.38013512 -0.94883421  1.07796545
  1.85224717 -0.6961653   1.9723274  -2.19417574 -0.34727716 -0.73251663
 -2.89008051  3.16480386 -1.63194493  3.13522475 -1.26602549 -2.70847986
  3.36217166 -1.23322282 -0.77649596 -2.8840758  -2.71720555  2.54564111
 -2.13655218 -2.04712776 -0.18154891  3.14998773  0.2466429   0.21384969
 -1.25020326 -0.67764013 -1.73376988 -3.03025062  2.87032656  1.23550998
 -0.4857074  -2.18838449  1.1097114  -1.10585757 -0.49042481 -2.73954096
 -2.06516892  1.86554813 -0.87381196  2.62185202 -0.45419522 -2.67151327
 -2.82019534  2.26182974 -3.14423344 -0.44536839 -1.00234822 -0.24660759
  2.34754184  1.8402528   0.01820739 -2.55288746 -2.65892188  0.24436959
 -0.76666227  1.24524134 -2.62771084  1.12505239 -0.38397802  0.42076271
  1.91903315  0.45811863  0.65074838 -1.27156715  1.79161222  2.9398249
  0.99593917  0.2218024  -1.14181229  2.42278776  0.72674086 -1.90977333
 -0.05037937  1.87092232  0.98664699 -1.08002972 -2.30130887  2.22238446
  2.00398642  1.92832356  2.29723368  1.91578716 -1.66121689 -3.10389845
  0.42852316  1.34475797 -2.2627552  -1.12583547  2.31183714  1.39294661
 -0.27195663 -1.84442296 -1.64823713  1.9652812   1.30723905 -1.01188306
 -0.23075455 -0.69309147 -0.30339022  2.30246078 -0.66193833 -0.93534313
  0.7759101  -2.35268946  0.59026879  2.78422848 -0.35243006  2.04722765
 -1.86126418 -1.35336613 -2.59736797 -2.4227302  -1.50153051 -3.02896633
  2.01620162  1.78191052  1.58151673  1.12533494  1.588194   -2.44421565
 -2.50736718  1.78907351  1.03427237 -0.2918592  -2.47720446  1.43098287
 -1.04394798 -3.04762123 -0.04720673  1.89751592 -2.70128484 -2.36816613
  1.876119    1.0296662  -0.6261748  -0.49631347 -0.92140767  1.96405524
  0.47262263 -0.35622604  0.40183269 -2.26662921  1.26136572 -0.15330697
  2.4023619   1.2331956   2.87809255 -1.05733882  2.10171174 -0.42989469
 -3.26841181  2.2032203   0.81147106  1.92881075 -1.28919664  1.43910623
 -2.12172273  0.20898508  0.0830372  -2.79059112 -0.9019145  -2.39307467
  0.07227828 -0.56898612]
Sat May 25 21:07:05 2024,952,0.09593800617606141,[-4.65847893  2.36664265 -1.84106084 -0.12409691  0.18672565 -2.68765088
  3.01282926  2.10571235  1.45518697 -0.92536051  0.61239965  1.09170228
  1.13210061 -1.54196776  0.7771288   2.80621742 -0.79815531 -0.63691747
 -1.75472041  0.60195902  1.67657214  2.99185606 -1.20875793 -0.31571277
 -2.42357612 -2.33803685  2.99458181  2.76322738 -0.54433288 -2.36481305
  1.48280768 -0.0585081  -2.31787456  2.09556462  1.28954018 -0.63853961
  0.84777161 -2.31880668 -0.02589542  2.1533291  -0.16394186  0.38886659
  2.71395752  1.0462249   2.46285642  3.16174766  2.64140818 -2.93932952
  0.26537414 -0.8157287   1.75888675  2.86399319 -0.51095145 -2.3176348
  2.78736954 -3.21076731  0.79394319 -0.63487989 -1.74135905  2.69818398
 -1.80955056 -1.58813072 -2.30391397  2.18800698 -2.45128538  2.13559758
  2.07465245  1.53540761  2.38308442  2.80474833  1.6488612   1.20012664
 -1.5132454  -2.22927511  1.47130184  0.71194284  1.31361929 -3.01402367
 -0.37770314  2.518317   -1.03585445  1.28752021  1.48329458  0.54455006
 -0.83302122  1.1151437   0.66824164 -0.38370032  2.80473736 -1.99307049
  1.5380464  -0.4868117   1.09033621 -2.84976603 -2.45832372  0.45773164
 -1.16150475 -0.49457602  0.3653163  -0.11126742 -1.65032846 -0.04116992
 -0.8597056   2.81181079 -1.06239938 -1.38013514 -0.94883422  1.07796546
  1.85224716 -0.69616529  1.97232741 -2.19417575 -0.34727715 -0.73251662
 -2.89008052  3.16480387 -1.63194494  3.13522476 -1.2660255  -2.70847985
  3.36217165 -1.23322283 -0.77649597 -2.88407581 -2.71720554  2.54564112
 -2.13655217 -2.04712777 -0.18154892  3.14998772  0.24664291  0.21384968
 -1.25020325 -0.67764012 -1.73376989 -3.03025061  2.87032655  1.23550999
 -0.48570739 -2.18838448  1.10971139 -1.10585756 -0.49042482 -2.73954095
 -2.06516893  1.86554812 -0.87381195  2.62185201 -0.45419523 -2.67151326
 -2.82019533  2.26182973 -3.14423343 -0.4453684  -1.00234821 -0.2466076
  2.34754185  1.84025281  0.0182074  -2.55288745 -2.65892187  0.2443696
 -0.76666228  1.24524133 -2.62771085  1.12505238 -0.38397803  0.42076272
  1.91903314  0.45811864  0.65074837 -1.27156716  1.79161221  2.93982491
  0.99593918  0.22180239 -1.14181228  2.42278775  0.72674085 -1.90977334
 -0.05037936  1.87092231  0.98664698 -1.08002971 -2.30130886  2.22238447
  2.00398643  1.92832357  2.29723367  1.91578715 -1.66121688 -3.10389846
  0.42852317  1.34475796 -2.26275519 -1.12583546  2.31183713  1.39294662
 -0.27195664 -1.84442297 -1.64823712  1.96528119  1.30723906 -1.01188307
 -0.23075454 -0.69309148 -0.30339021  2.30246077 -0.66193834 -0.93534314
  0.77591009 -2.35268947  0.59026881  2.78422849 -0.35243007  2.04722766
 -1.86126417 -1.35336614 -2.59736796 -2.42273019 -1.50153052 -3.02896634
  2.01620161  1.78191051  1.58151672  1.12533493  1.58819401 -2.44421566
 -2.50736719  1.78907349  1.03427236 -0.29185919 -2.47720447  1.43098289
 -1.04394797 -3.04762124 -0.04720674  1.89751593 -2.70128483 -2.36816612
  1.87611901  1.02966621 -0.62617479 -0.49631346 -0.92140768  1.96405523
  0.47262264 -0.35622605  0.4018327  -2.2666292   1.26136571 -0.15330696
  2.40236191  1.23319559  2.87809254 -1.05733881  2.10171173 -0.4298947
 -3.26841182  2.20322031  0.81147105  1.92881074 -1.28919663  1.43910624
 -2.12172274  0.20898507  0.08303721 -2.79059111 -0.90191449 -2.39307466
  0.07227829 -0.56898611]
Sat May 25 21:07:28 2024,953,0.09593800617553075,[-4.65847894  2.36664264 -1.84106083 -0.1240969   0.18672566 -2.68765089
  3.01282927  2.10571234  1.45518696 -0.9253605   0.61239966  1.09170229
  1.13210062 -1.54196777  0.77712881  2.80621741 -0.7981553  -0.63691748
 -1.7547204   0.60195903  1.67657213  2.99185607 -1.20875794 -0.31571278
 -2.42357611 -2.33803686  2.9945818   2.76322739 -0.54433287 -2.36481304
  1.48280767 -0.05850809 -2.31787455  2.09556463  1.28954017 -0.63853962
  0.84777162 -2.31880667 -0.02589543  2.15332911 -0.16394185  0.38886658
  2.71395753  1.04622491  2.46285641  3.16174767  2.64140819 -2.93932953
  0.26537413 -0.81572869  1.75888676  2.86399318 -0.51095146 -2.31763481
  2.78736955 -3.21076732  0.79394318 -0.63487988 -1.74135906  2.69818397
 -1.80955055 -1.58813073 -2.30391396  2.18800697 -2.45128536  2.13559757
  2.07465246  1.5354076   2.38308443  2.80474832  1.64886121  1.20012663
 -1.51324541 -2.2292751   1.47130183  0.71194283  1.3136193  -3.01402366
 -0.37770315  2.51831699 -1.03585444  1.2875202   1.48329457  0.54455007
 -0.83302123  1.11514371  0.66824165 -0.38370033  2.80473735 -1.9930705
  1.53804639 -0.48681169  1.09033622 -2.84976604 -2.45832373  0.45773165
 -1.16150476 -0.49457601  0.36531631 -0.11126743 -1.65032847 -0.04116991
 -0.85970561  2.81181078 -1.06239939 -1.38013513 -0.94883421  1.07796547
  1.85224715 -0.6961653   1.97232742 -2.19417576 -0.34727716 -0.73251661
 -2.89008053  3.16480388 -1.63194495  3.13522475 -1.26602551 -2.70847986
  3.36217164 -1.23322284 -0.77649596 -2.88407582 -2.71720555  2.54564111
 -2.13655216 -2.04712776 -0.18154893  3.14998773  0.24664292  0.21384967
 -1.25020323 -0.67764013 -1.7337699  -3.0302506   2.87032654  1.23551
 -0.48570738 -2.18838449  1.10971138 -1.10585757 -0.49042483 -2.73954094
 -2.06516894  1.86554813 -0.87381194  2.62185202 -0.45419522 -2.67151325
 -2.82019532  2.26182974 -3.14423344 -0.44536841 -1.00234822 -0.24660761
  2.34754187  1.8402528   0.01820741 -2.55288744 -2.65892186  0.24436961
 -0.76666229  1.24524132 -2.62771084  1.12505237 -0.38397804  0.42076271
  1.91903313  0.45811863  0.65074836 -1.27156715  1.7916122   2.93982492
  0.99593917  0.22180238 -1.14181229  2.42278774  0.72674086 -1.90977335
 -0.05037935  1.8709223   0.98664699 -1.0800297  -2.30130887  2.22238446
  2.00398644  1.92832356  2.29723366  1.91578716 -1.66121687 -3.10389845
  0.42852316  1.34475797 -2.2627552  -1.12583545  2.31183712  1.39294661
 -0.27195663 -1.84442296 -1.64823711  1.9652812   1.30723905 -1.01188308
 -0.23075453 -0.69309149 -0.30339022  2.30246076 -0.66193833 -0.93534315
  0.7759101  -2.35268946  0.59026879  2.78422848 -0.35243006  2.04722767
 -1.86126416 -1.35336613 -2.59736795 -2.4227302  -1.50153051 -3.02896633
  2.01620162  1.7819105   1.58151671  1.12533491  1.588194   -2.44421567
 -2.50736718  1.78907348  1.03427235 -0.29185918 -2.47720448  1.43098287
 -1.04394798 -3.04762125 -0.04720675  1.89751594 -2.70128484 -2.36816611
  1.87611902  1.0296662  -0.62617478 -0.49631345 -0.92140767  1.96405522
  0.47262265 -0.35622606  0.40183271 -2.26662919  1.26136572 -0.15330697
  2.4023619   1.2331956   2.87809255 -1.05733882  2.10171172 -0.42989471
 -3.26841183  2.2032203   0.81147104  1.92881075 -1.28919664  1.43910625
 -2.12172273  0.20898508  0.08303722 -2.7905911  -0.9019145  -2.39307465
  0.0722783  -0.5689861 ]
Sat May 25 21:07:51 2024,954,0.09593800617500063,[-4.65847895  2.36664265 -1.84106084 -0.12409688  0.18672565 -2.68765088
  3.01282928  2.10571233  1.45518697 -0.92536049  0.61239967  1.09170228
  1.13210063 -1.54196776  0.77712882  2.80621742 -0.79815529 -0.63691747
 -1.75472039  0.60195904  1.67657214  2.99185606 -1.20875793 -0.31571279
 -2.4235761  -2.33803685  2.99458179  2.7632274  -0.54433288 -2.36481303
  1.48280766 -0.05850808 -2.31787456  2.09556464  1.28954016 -0.63853961
  0.84777161 -2.31880666 -0.02589542  2.15332912 -0.16394184  0.38886659
  2.71395754  1.0462249   2.4628564   3.16174766  2.64140818 -2.93932952
  0.26537414 -0.81572868  1.75888675  2.86399317 -0.51095145 -2.31763482
  2.78736954 -3.21076731  0.79394319 -0.63487989 -1.74135905  2.69818398
 -1.80955054 -1.58813072 -2.30391395  2.18800696 -2.45128538  2.13559758
  2.07465247  1.53540761  2.38308444  2.80474831  1.6488612   1.20012662
 -1.5132454  -2.22927511  1.47130184  0.71194284  1.31361929 -3.01402365
 -0.37770314  2.51831698 -1.03585443  1.28752019  1.48329458  0.54455008
 -0.83302122  1.1151437   0.66824166 -0.38370032  2.80473736 -1.99307051
  1.53804638 -0.48681168  1.09033623 -2.84976603 -2.45832374  0.45773166
 -1.16150475 -0.49457602  0.36531632 -0.11126744 -1.65032848 -0.04116992
 -0.85970562  2.81181077 -1.06239938 -1.38013514 -0.94883422  1.07796548
  1.85224716 -0.69616531  1.97232741 -2.19417575 -0.34727717 -0.7325166
 -2.89008052  3.16480389 -1.63194494  3.13522474 -1.26602552 -2.70847987
  3.36217163 -1.23322285 -0.77649595 -2.88407583 -2.71720556  2.54564112
 -2.13655215 -2.04712777 -0.18154892  3.14998772  0.24664291  0.21384968
 -1.25020325 -0.67764014 -1.73376991 -3.03025059  2.87032655  1.23550999
 -0.48570737 -2.1883845   1.10971137 -1.10585758 -0.49042482 -2.73954093
 -2.06516893  1.86554814 -0.87381195  2.62185201 -0.45419521 -2.67151326
 -2.82019533  2.26182973 -3.14423343 -0.44536842 -1.00234823 -0.2466076
  2.34754188  1.84025279  0.0182074  -2.55288743 -2.65892185  0.24436962
 -0.76666228  1.24524131 -2.62771085  1.12505236 -0.38397803  0.4207627
  1.91903312  0.45811864  0.65074835 -1.27156716  1.79161221  2.93982493
  0.99593916  0.22180239 -1.1418123   2.42278773  0.72674087 -1.90977334
 -0.05037936  1.87092231  0.986647   -1.08002971 -2.30130886  2.22238445
  2.00398643  1.92832355  2.29723367  1.91578715 -1.66121686 -3.10389844
  0.42852317  1.34475798 -2.26275519 -1.12583546  2.31183713  1.3929466
 -0.27195662 -1.84442295 -1.6482371   1.96528121  1.30723906 -1.01188309
 -0.23075452 -0.6930915  -0.30339023  2.30246075 -0.66193832 -0.93534316
  0.77591011 -2.35268945  0.59026878  2.78422849 -0.35243007  2.04722768
 -1.86126417 -1.35336612 -2.59736796 -2.42273019 -1.50153052 -3.02896634
  2.01620161  1.78191049  1.58151672  1.12533493  1.58819401 -2.44421568
 -2.50736719  1.78907349  1.03427236 -0.29185917 -2.47720447  1.43098286
 -1.04394799 -3.04762124 -0.04720676  1.89751595 -2.70128485 -2.3681661
  1.87611901  1.02966619 -0.62617477 -0.49631346 -0.92140766  1.96405521
  0.47262264 -0.35622605  0.4018327  -2.2666292   1.26136573 -0.15330698
  2.40236191  1.23319561  2.87809254 -1.05733881  2.10171171 -0.42989472
 -3.26841182  2.20322031  0.81147105  1.92881076 -1.28919665  1.43910624
 -2.12172272  0.20898509  0.08303723 -2.79059111 -0.90191449 -2.39307466
  0.07227831 -0.56898609]
Sat May 25 21:08:14 2024,955,0.09593800617447197,[-4.65847896  2.36664266 -1.84106083 -0.12409687  0.18672566 -2.68765087
  3.01282929  2.10571234  1.45518698 -0.9253605   0.61239966  1.09170229
  1.13210062 -1.54196775  0.77712883  2.80621743 -0.7981553  -0.63691746
 -1.7547204   0.60195905  1.67657213  2.99185605 -1.20875792 -0.3157128
 -2.42357611 -2.33803684  2.99458178  2.76322739 -0.54433287 -2.36481304
  1.48280767 -0.05850809 -2.31787455  2.09556465  1.28954017 -0.6385396
  0.8477716  -2.31880667 -0.02589543  2.15332911 -0.16394185  0.3888666
  2.71395753  1.04622489  2.46285641  3.16174767  2.64140819 -2.93932953
  0.26537415 -0.81572869  1.75888674  2.86399318 -0.51095144 -2.31763483
  2.78736953 -3.21076732  0.79394318 -0.6348799  -1.74135906  2.69818397
 -1.80955053 -1.58813071 -2.30391396  2.18800695 -2.45128536  2.13559759
  2.07465246  1.5354076   2.38308443  2.8047483   1.64886119  1.20012661
 -1.51324539 -2.2292751   1.47130183  0.71194283  1.31361928 -3.01402366
 -0.37770313  2.51831699 -1.03585444  1.28752018  1.48329459  0.54455009
 -0.83302123  1.11514369  0.66824167 -0.38370031  2.80473737 -1.9930705
  1.53804639 -0.48681167  1.09033622 -2.84976604 -2.45832375  0.45773165
 -1.16150476 -0.49457603  0.36531633 -0.11126743 -1.65032849 -0.04116993
 -0.85970563  2.81181078 -1.06239937 -1.38013513 -0.94883423  1.07796547
  1.85224715 -0.69616532  1.97232742 -2.19417574 -0.34727718 -0.73251659
 -2.89008053  3.16480388 -1.63194493  3.13522475 -1.26602551 -2.70847986
  3.36217162 -1.23322286 -0.77649594 -2.88407582 -2.71720557  2.54564113
 -2.13655214 -2.04712778 -0.18154891  3.14998773  0.24664292  0.21384967
 -1.25020326 -0.67764013 -1.73376992 -3.0302506   2.87032656  1.23550998
 -0.48570736 -2.18838451  1.10971136 -1.10585759 -0.49042483 -2.73954092
 -2.06516892  1.86554813 -0.87381194  2.62185202 -0.45419522 -2.67151325
 -2.82019532  2.26182974 -3.14423344 -0.44536843 -1.00234822 -0.24660761
  2.34754189  1.8402528   0.01820739 -2.55288744 -2.65892186  0.24436963
 -0.76666227  1.2452413  -2.62771084  1.12505237 -0.38397802  0.42076269
  1.91903313  0.45811865  0.65074836 -1.27156715  1.79161222  2.93982494
  0.99593915  0.22180238 -1.14181229  2.42278774  0.72674088 -1.90977333
 -0.05037937  1.87092232  0.98664699 -1.0800297  -2.30130887  2.22238446
  2.00398642  1.92832354  2.29723366  1.91578716 -1.66121685 -3.10389843
  0.42852318  1.34475797 -2.26275518 -1.12583547  2.31183712  1.39294659
 -0.27195663 -1.84442294 -1.64823709  1.9652812   1.30723907 -1.01188308
 -0.23075453 -0.69309151 -0.30339022  2.30246076 -0.66193833 -0.93534317
  0.7759101  -2.35268944  0.59026877  2.7842285  -0.35243008  2.0472277
 -1.86126416 -1.35336613 -2.59736795 -2.4227302  -1.50153051 -3.02896633
  2.01620162  1.78191048  1.58151673  1.12533491  1.588194   -2.44421567
 -2.50736718  1.78907351  1.03427235 -0.29185916 -2.47720446  1.43098285
 -1.043948   -3.04762123 -0.04720677  1.89751596 -2.70128486 -2.36816609
  1.87611902  1.02966618 -0.62617478 -0.49631345 -0.92140767  1.96405522
  0.47262265 -0.35622604  0.40183271 -2.26662919  1.26136572 -0.15330697
  2.4023619   1.2331956   2.87809253 -1.05733882  2.1017117  -0.42989473
 -3.26841183  2.20322032  0.81147104  1.92881077 -1.28919666  1.43910623
 -2.12172273  0.20898508  0.08303724 -2.7905911  -0.90191448 -2.39307465
  0.0722783  -0.5689861 ]
Sat May 25 21:08:36 2024,956,0.09593800617394385,[-4.65847897  2.36664265 -1.84106082 -0.12409688  0.18672565 -2.68765086
  3.01282928  2.10571233  1.45518699 -0.92536051  0.61239965  1.09170228
  1.13210063 -1.54196774  0.77712882  2.80621742 -0.79815529 -0.63691747
 -1.75472041  0.60195904  1.67657214  2.99185604 -1.20875793 -0.31571281
 -2.4235761  -2.33803685  2.99458179  2.76322738 -0.54433288 -2.36481305
  1.48280768 -0.0585081  -2.31787454  2.09556464  1.28954018 -0.63853961
  0.84777159 -2.31880666 -0.02589544  2.15332912 -0.16394186  0.38886659
  2.71395752  1.04622488  2.46285642  3.16174768  2.64140818 -2.93932952
  0.26537416 -0.8157287   1.75888673  2.86399317 -0.51095145 -2.31763482
  2.78736954 -3.21076731  0.79394319 -0.63487989 -1.74135905  2.69818396
 -1.80955054 -1.58813072 -2.30391395  2.18800696 -2.45128535  2.1355976
  2.07465247  1.53540761  2.38308444  2.80474831  1.64886118  1.2001266
 -1.51324538 -2.22927511  1.47130182  0.71194281  1.31361929 -3.01402365
 -0.37770314  2.518317   -1.03585443  1.28752017  1.48329458  0.54455008
 -0.83302124  1.11514368  0.66824166 -0.38370032  2.80473736 -1.99307051
  1.5380464  -0.48681168  1.09033623 -2.84976605 -2.45832374  0.45773166
 -1.16150477 -0.49457604  0.36531634 -0.11126744 -1.65032848 -0.04116992
 -0.85970562  2.81181077 -1.06239938 -1.38013514 -0.94883424  1.07796546
  1.85224714 -0.69616533  1.97232741 -2.19417575 -0.34727719 -0.7325166
 -2.89008054  3.16480389 -1.63194492  3.13522476 -1.2660255  -2.70847985
  3.36217163 -1.23322285 -0.77649593 -2.88407581 -2.71720558  2.54564114
 -2.13655215 -2.04712779 -0.1815489   3.14998774  0.24664293  0.21384968
 -1.25020325 -0.67764012 -1.73376993 -3.03025061  2.87032655  1.23550999
 -0.48570737 -2.18838452  1.10971135 -1.10585758 -0.49042484 -2.73954091
 -2.06516891  1.86554812 -0.87381195  2.62185201 -0.45419523 -2.67151324
 -2.82019531  2.26182975 -3.14423345 -0.44536844 -1.00234821 -0.2466076
  2.3475419   1.84025279  0.0182074  -2.55288743 -2.65892187  0.24436962
 -0.76666228  1.24524129 -2.62771083  1.12505236 -0.38397801  0.42076268
  1.91903312  0.45811866  0.65074835 -1.27156714  1.79161221  2.93982495
  0.99593914  0.22180237 -1.14181228  2.42278773  0.72674087 -1.90977334
 -0.05037938  1.87092231  0.98664698 -1.08002969 -2.30130886  2.22238447
  2.00398643  1.92832353  2.29723365  1.91578717 -1.66121684 -3.10389844
  0.42852317  1.34475796 -2.26275519 -1.12583548  2.31183711  1.39294658
 -0.27195664 -1.84442295 -1.64823708  1.96528121  1.30723908 -1.01188309
 -0.23075452 -0.69309152 -0.30339021  2.30246077 -0.66193834 -0.93534318
  0.77591011 -2.35268945  0.59026878  2.78422849 -0.35243007  2.04722768
 -1.86126415 -1.35336612 -2.59736796 -2.42273021 -1.5015305  -3.02896632
  2.01620161  1.78191047  1.58151674  1.1253349   1.58819401 -2.44421566
 -2.50736717  1.78907352  1.03427236 -0.29185917 -2.47720445  1.43098284
 -1.04394801 -3.04762122 -0.04720678  1.89751597 -2.70128487 -2.36816608
  1.87611901  1.02966617 -0.62617477 -0.49631346 -0.92140768  1.96405521
  0.47262266 -0.35622603  0.40183272 -2.26662918  1.26136573 -0.15330698
  2.40236191  1.23319561  2.87809254 -1.05733883  2.10171169 -0.42989472
 -3.26841182  2.20322031  0.81147103  1.92881076 -1.28919665  1.43910624
 -2.12172272  0.20898507  0.08303723 -2.79059109 -0.90191449 -2.39307464
  0.07227829 -0.56898611]
Sat May 25 21:09:05 2024,957,0.09593800617341638,[-4.65847898  2.36664264 -1.84106083 -0.12409687  0.18672566 -2.68765085
  3.01282929  2.10571234  1.45518698 -0.9253605   0.61239966  1.09170227
  1.13210062 -1.54196775  0.77712881  2.80621743 -0.79815528 -0.63691748
 -1.75472042  0.60195905  1.67657213  2.99185603 -1.20875794 -0.3157128
 -2.42357611 -2.33803684  2.9945818   2.76322739 -0.54433287 -2.36481304
  1.48280767 -0.05850811 -2.31787453  2.09556465  1.28954019 -0.6385396
  0.84777158 -2.31880665 -0.02589543  2.15332913 -0.16394187  0.3888666
  2.71395753  1.04622489  2.46285641  3.16174767  2.64140817 -2.93932951
  0.26537417 -0.81572871  1.75888674  2.86399316 -0.51095146 -2.31763483
  2.78736953 -3.2107673   0.79394318 -0.63487988 -1.74135904  2.69818397
 -1.80955055 -1.58813073 -2.30391394  2.18800695 -2.45128536  2.13559761
  2.07465248  1.53540762  2.38308445  2.8047483   1.64886117  1.20012659
 -1.51324539 -2.2292751   1.47130181  0.7119428   1.31361928 -3.01402364
 -0.37770313  2.51831701 -1.03585442  1.28752016  1.48329457  0.54455009
 -0.83302125  1.11514369  0.66824165 -0.38370033  2.80473735 -1.9930705
  1.53804641 -0.48681167  1.09033624 -2.84976606 -2.45832373  0.45773165
 -1.16150476 -0.49457605  0.36531635 -0.11126743 -1.65032849 -0.04116991
 -0.85970563  2.81181076 -1.06239937 -1.38013515 -0.94883425  1.07796545
  1.85224713 -0.69616534  1.97232742 -2.19417574 -0.3472772  -0.73251659
 -2.89008053  3.16480388 -1.63194493  3.13522475 -1.26602551 -2.70847984
  3.36217164 -1.23322286 -0.77649592 -2.88407582 -2.71720559  2.54564113
 -2.13655214 -2.04712778 -0.18154889  3.14998775  0.24664292  0.21384967
 -1.25020326 -0.67764011 -1.73376994 -3.03025062  2.87032654  1.23550998
 -0.48570738 -2.18838451  1.10971134 -1.10585759 -0.49042483 -2.73954092
 -2.0651689   1.86554813 -0.87381196  2.621852   -0.45419522 -2.67151323
 -2.8201953   2.26182974 -3.14423346 -0.44536845 -1.0023482  -0.24660761
  2.34754189  1.8402528   0.01820741 -2.55288744 -2.65892188  0.24436963
 -0.76666229  1.24524128 -2.62771082  1.12505237 -0.383978    0.42076269
  1.91903313  0.45811865  0.65074834 -1.27156715  1.7916122   2.93982496
  0.99593913  0.22180238 -1.14181229  2.42278774  0.72674086 -1.90977333
 -0.05037937  1.87092232  0.98664699 -1.08002968 -2.30130885  2.22238448
  2.00398644  1.92832354  2.29723364  1.91578716 -1.66121685 -3.10389843
  0.42852316  1.34475795 -2.26275518 -1.12583549  2.3118371   1.39294659
 -0.27195663 -1.84442294 -1.64823707  1.96528122  1.30723907 -1.01188308
 -0.23075451 -0.69309153 -0.3033902   2.30246076 -0.66193835 -0.93534317
  0.77591012 -2.35268944  0.59026877  2.78422848 -0.35243008  2.04722767
 -1.86126416 -1.35336611 -2.59736797 -2.42273022 -1.50153051 -3.02896633
  2.01620162  1.78191048  1.58151673  1.12533489  1.588194   -2.44421567
 -2.50736718  1.78907351  1.03427235 -0.29185916 -2.47720444  1.43098283
 -1.04394802 -3.04762121 -0.04720679  1.89751596 -2.70128488 -2.36816607
  1.876119    1.02966616 -0.62617478 -0.49631345 -0.92140767  1.96405522
  0.47262267 -0.35622604  0.40183273 -2.26662919  1.26136574 -0.15330699
  2.4023619   1.2331956   2.87809255 -1.05733882  2.1017117  -0.42989471
 -3.26841183  2.2032203   0.81147104  1.92881077 -1.28919664  1.43910625
 -2.12172273  0.20898506  0.08303722 -2.79059108 -0.90191448 -2.39307465
  0.0722783  -0.5689861 ]
Sat May 25 21:09:28 2024,958,0.09593800617288975,[-4.65847899  2.36664265 -1.84106082 -0.12409686  0.18672567 -2.68765084
  3.0128293   2.10571235  1.45518699 -0.92536051  0.61239967  1.09170226
  1.13210061 -1.54196776  0.77712882  2.80621744 -0.79815527 -0.63691747
 -1.75472041  0.60195904  1.67657212  2.99185604 -1.20875793 -0.31571279
 -2.42357612 -2.33803685  2.99458181  2.7632274  -0.54433286 -2.36481305
  1.48280766 -0.0585081  -2.31787454  2.09556464  1.2895402  -0.63853959
  0.84777159 -2.31880664 -0.02589542  2.15332914 -0.16394186  0.38886661
  2.71395754  1.0462249   2.46285642  3.16174768  2.64140818 -2.93932952
  0.26537416 -0.8157287   1.75888673  2.86399317 -0.51095147 -2.31763484
  2.78736954 -3.21076729  0.79394319 -0.63487989 -1.74135903  2.69818398
 -1.80955054 -1.58813072 -2.30391393  2.18800694 -2.45128538  2.13559762
  2.07465249  1.53540761  2.38308446  2.80474829  1.64886116  1.2001266
 -1.51324538 -2.22927511  1.4713018   0.71194281  1.31361927 -3.01402365
 -0.37770314  2.51831702 -1.03585441  1.28752017  1.48329456  0.5445501
 -0.83302126  1.11514368  0.66824164 -0.38370034  2.80473736 -1.99307051
  1.5380464  -0.48681168  1.09033623 -2.84976605 -2.45832372  0.45773164
 -1.16150475 -0.49457604  0.36531636 -0.11126742 -1.65032848 -0.0411699
 -0.85970562  2.81181077 -1.06239938 -1.38013514 -0.94883426  1.07796544
  1.85224714 -0.69616535  1.97232743 -2.19417573 -0.34727721 -0.7325166
 -2.89008054  3.16480387 -1.63194494  3.13522476 -1.26602552 -2.70847985
  3.36217163 -1.23322285 -0.77649593 -2.88407583 -2.7172056   2.54564112
 -2.13655215 -2.04712779 -0.1815489   3.14998776  0.24664291  0.21384968
 -1.25020327 -0.67764012 -1.73376995 -3.03025061  2.87032653  1.23550997
 -0.48570739 -2.18838452  1.10971135 -1.10585758 -0.49042482 -2.73954093
 -2.06516891  1.86554814 -0.87381195  2.62185199 -0.45419523 -2.67151322
 -2.82019531  2.26182973 -3.14423347 -0.44536844 -1.00234821 -0.24660762
  2.34754188  1.84025279  0.01820742 -2.55288745 -2.65892187  0.24436964
 -0.76666228  1.24524129 -2.62771083  1.12505236 -0.38397801  0.42076268
  1.91903314  0.45811866  0.65074835 -1.27156716  1.79161221  2.93982495
  0.99593912  0.22180237 -1.1418123   2.42278773  0.72674085 -1.90977332
 -0.05037936  1.87092233  0.98664698 -1.08002967 -2.30130884  2.22238447
  2.00398645  1.92832353  2.29723365  1.91578715 -1.66121686 -3.10389842
  0.42852317  1.34475794 -2.26275517 -1.12583548  2.31183709  1.39294658
 -0.27195662 -1.84442293 -1.64823708  1.96528121  1.30723906 -1.01188307
 -0.23075452 -0.69309154 -0.30339021  2.30246075 -0.66193836 -0.93534318
  0.77591013 -2.35268945  0.59026878  2.78422847 -0.35243007  2.04722768
 -1.86126415 -1.35336612 -2.59736798 -2.42273023 -1.5015305  -3.02896632
  2.01620163  1.78191049  1.58151672  1.1253349   1.58819399 -2.44421568
 -2.50736719  1.78907352  1.03427236 -0.29185915 -2.47720443  1.43098282
 -1.04394801 -3.0476212  -0.04720678  1.89751595 -2.70128487 -2.36816606
  1.87611899  1.02966615 -0.62617477 -0.49631346 -0.92140766  1.96405523
  0.47262268 -0.35622603  0.40183274 -2.2666292   1.26136573 -0.15330698
  2.40236189  1.23319559  2.87809256 -1.05733883  2.10171169 -0.42989472
 -3.26841184  2.20322031  0.81147105  1.92881078 -1.28919663  1.43910624
 -2.12172272  0.20898507  0.08303723 -2.79059109 -0.90191449 -2.39307466
  0.07227831 -0.56898609]
Sat May 25 21:09:54 2024,959,0.09593800617236412,[-4.658479    2.36664266 -1.84106081 -0.12409687  0.18672568 -2.68765085
  3.01282929  2.10571236  1.45518698 -0.92536052  0.61239968  1.09170227
  1.1321006  -1.54196777  0.77712881  2.80621745 -0.79815526 -0.63691746
 -1.7547204   0.60195903  1.67657213  2.99185605 -1.20875794 -0.3157128
 -2.42357611 -2.33803684  2.9945818   2.76322741 -0.54433287 -2.36481304
  1.48280765 -0.05850811 -2.31787453  2.09556463  1.28954021 -0.63853958
  0.84777158 -2.31880663 -0.02589541  2.15332915 -0.16394185  0.3888666
  2.71395755  1.04622489  2.46285644  3.16174767  2.64140819 -2.93932951
  0.26537415 -0.81572869  1.75888674  2.86399316 -0.51095148 -2.31763485
  2.78736955 -3.2107673   0.79394318 -0.63487988 -1.74135904  2.69818399
 -1.80955053 -1.58813073 -2.30391392  2.18800695 -2.45128536  2.13559763
  2.0746525   1.53540762  2.38308447  2.8047483   1.64886115  1.20012659
 -1.51324539 -2.22927512  1.47130179  0.71194283  1.31361928 -3.01402364
 -0.37770313  2.51831703 -1.03585442  1.28752016  1.48329457  0.54455011
 -0.83302125  1.11514369  0.66824163 -0.38370033  2.80473735 -1.99307052
  1.53804639 -0.48681169  1.09033624 -2.84976606 -2.45832371  0.45773165
 -1.16150476 -0.49457603  0.36531635 -0.11126743 -1.65032847 -0.04116989
 -0.85970561  2.81181078 -1.06239939 -1.38013515 -0.94883425  1.07796543
  1.85224713 -0.69616536  1.97232744 -2.19417574 -0.34727722 -0.73251661
 -2.89008053  3.16480388 -1.63194495  3.13522477 -1.26602553 -2.70847984
  3.36217162 -1.23322286 -0.77649592 -2.88407582 -2.71720559  2.54564113
 -2.13655214 -2.04712778 -0.18154889  3.14998775  0.2466429   0.21384969
 -1.25020328 -0.67764011 -1.73376994 -3.03025062  2.87032652  1.23550998
 -0.4857074  -2.18838451  1.10971136 -1.10585759 -0.49042481 -2.73954094
 -2.06516892  1.86554813 -0.87381194  2.62185198 -0.45419522 -2.67151323
 -2.8201953   2.26182972 -3.14423346 -0.44536843 -1.00234822 -0.24660763
  2.34754189  1.8402528   0.01820741 -2.55288746 -2.65892186  0.24436963
 -0.76666229  1.2452413  -2.62771084  1.12505235 -0.383978    0.42076267
  1.91903315  0.45811867  0.65074836 -1.27156717  1.79161222  2.93982494
  0.99593911  0.22180236 -1.14181229  2.42278772  0.72674084 -1.90977331
 -0.05037937  1.87092234  0.98664697 -1.08002968 -2.30130885  2.22238446
  2.00398644  1.92832352  2.29723364  1.91578716 -1.66121685 -3.10389843
  0.42852316  1.34475793 -2.26275518 -1.12583549  2.3118371   1.39294659
 -0.27195663 -1.84442292 -1.64823707  1.96528122  1.30723905 -1.01188308
 -0.23075451 -0.69309153 -0.30339022  2.30246074 -0.66193835 -0.93534319
  0.77591014 -2.35268944  0.59026877  2.78422848 -0.35243006  2.04722767
 -1.86126416 -1.35336611 -2.59736797 -2.42273022 -1.50153051 -3.02896633
  2.01620164  1.78191048  1.58151673  1.12533489  1.588194   -2.44421569
 -2.5073672   1.78907351  1.03427235 -0.29185916 -2.47720444  1.43098283
 -1.04394802 -3.04762121 -0.04720677  1.89751596 -2.70128488 -2.36816605
  1.87611898  1.02966614 -0.62617478 -0.49631347 -0.92140767  1.96405524
  0.47262267 -0.35622602  0.40183273 -2.26662919  1.26136572 -0.15330697
  2.4023619   1.2331956   2.87809257 -1.05733884  2.10171168 -0.42989473
 -3.26841183  2.20322032  0.81147106  1.92881079 -1.28919664  1.43910625
 -2.12172271  0.20898506  0.08303724 -2.7905911  -0.9019145  -2.39307465
  0.0722783  -0.5689861 ]
Sat May 25 21:10:17 2024,960,0.09593800617183927,[-4.65847901  2.36664267 -1.8410608  -0.12409688  0.18672569 -2.68765086
  3.0128293   2.10571237  1.45518699 -0.92536053  0.61239969  1.09170228
  1.13210059 -1.54196778  0.7771288   2.80621746 -0.79815527 -0.63691745
 -1.75472041  0.60195904  1.67657212  2.99185606 -1.20875793 -0.31571279
 -2.4235761  -2.33803685  2.99458179  2.76322742 -0.54433286 -2.36481305
  1.48280764 -0.0585081  -2.31787454  2.09556462  1.2895402  -0.63853959
  0.84777157 -2.31880662 -0.0258954   2.15332914 -0.16394184  0.38886661
  2.71395754  1.04622488  2.46285642  3.16174766  2.6414082  -2.93932952
  0.26537414 -0.81572868  1.75888675  2.86399317 -0.51095147 -2.31763484
  2.78736956 -3.21076731  0.79394317 -0.63487989 -1.74135905  2.698184
 -1.80955052 -1.58813074 -2.30391391  2.18800694 -2.45128538  2.13559762
  2.07465251  1.53540761  2.38308448  2.80474829  1.64886114  1.2001266
 -1.5132454  -2.22927511  1.47130178  0.71194284  1.31361927 -3.01402365
 -0.37770312  2.51831702 -1.03585441  1.28752017  1.48329458  0.5445501
 -0.83302126  1.1151437   0.66824164 -0.38370034  2.80473734 -1.99307053
  1.53804638 -0.48681168  1.09033625 -2.84976607 -2.4583237   0.45773166
 -1.16150477 -0.49457604  0.36531636 -0.11126742 -1.65032846 -0.0411699
 -0.85970562  2.81181079 -1.0623994  -1.38013514 -0.94883426  1.07796542
  1.85224714 -0.69616535  1.97232745 -2.19417575 -0.34727723 -0.73251662
 -2.89008054  3.16480387 -1.63194494  3.13522478 -1.26602554 -2.70847983
  3.36217161 -1.23322285 -0.77649593 -2.88407581 -2.7172056   2.54564112
 -2.13655215 -2.04712777 -0.18154888  3.14998776  0.24664291  0.21384968
 -1.25020329 -0.67764012 -1.73376995 -3.03025061  2.87032653  1.23550999
 -0.48570741 -2.18838452  1.10971137 -1.10585758 -0.4904248  -2.73954093
 -2.06516893  1.86554814 -0.87381193  2.62185197 -0.45419523 -2.67151324
 -2.82019529  2.26182973 -3.14423345 -0.44536842 -1.00234823 -0.24660764
  2.34754188  1.84025281  0.01820742 -2.55288745 -2.65892187  0.24436964
 -0.7666623   1.24524131 -2.62771083  1.12505236 -0.38397799  0.42076268
  1.91903316  0.45811868  0.65074837 -1.27156716  1.79161223  2.93982495
  0.99593912  0.22180235 -1.1418123   2.42278771  0.72674083 -1.9097733
 -0.05037936  1.87092235  0.98664698 -1.08002969 -2.30130886  2.22238445
  2.00398643  1.92832353  2.29723363  1.91578715 -1.66121684 -3.10389842
  0.42852317  1.34475794 -2.26275519 -1.1258355   2.31183709  1.39294658
 -0.27195664 -1.84442291 -1.64823708  1.96528121  1.30723906 -1.01188309
 -0.23075452 -0.69309154 -0.30339021  2.30246075 -0.66193836 -0.93534318
  0.77591015 -2.35268945  0.59026878  2.78422847 -0.35243005  2.04722768
 -1.86126415 -1.35336612 -2.59736798 -2.42273023 -1.50153052 -3.02896634
  2.01620163  1.78191047  1.58151672  1.1253349   1.58819399 -2.44421568
 -2.50736721  1.7890735   1.03427236 -0.29185917 -2.47720443  1.43098282
 -1.04394801 -3.0476212  -0.04720678  1.89751595 -2.70128487 -2.36816604
  1.87611897  1.02966615 -0.62617477 -0.49631346 -0.92140768  1.96405525
  0.47262268 -0.35622603  0.40183272 -2.2666292   1.26136573 -0.15330696
  2.40236191  1.23319559  2.87809256 -1.05733883  2.10171167 -0.42989474
 -3.26841184  2.20322033  0.81147105  1.92881078 -1.28919663  1.43910624
 -2.1217227   0.20898505  0.08303723 -2.79059109 -0.90191449 -2.39307464
  0.07227829 -0.56898611]
Sat May 25 21:10:40 2024,961,0.09593800617131557,[-4.65847902  2.36664268 -1.84106081 -0.12409689  0.18672568 -2.68765085
  3.01282931  2.10571236  1.45518698 -0.92536052  0.61239968  1.09170227
  1.1321006  -1.54196779  0.77712879  2.80621745 -0.79815526 -0.63691744
 -1.75472042  0.60195903  1.67657213  2.99185607 -1.20875794 -0.31571278
 -2.42357611 -2.33803684  2.99458178  2.76322741 -0.54433285 -2.36481306
  1.48280763 -0.05850809 -2.31787453  2.09556461  1.28954019 -0.63853958
  0.84777158 -2.31880663 -0.02589539  2.15332915 -0.16394185  0.3888666
  2.71395755  1.04622489  2.46285643  3.16174767  2.64140821 -2.93932953
  0.26537413 -0.81572869  1.75888676  2.86399316 -0.51095148 -2.31763485
  2.78736957 -3.2107673   0.79394318 -0.63487988 -1.74135906  2.69818399
 -1.80955053 -1.58813075 -2.3039139   2.18800695 -2.45128539  2.13559761
  2.07465252  1.53540762  2.38308449  2.80474828  1.64886113  1.20012661
 -1.51324541 -2.22927512  1.47130177  0.71194285  1.31361928 -3.01402366
 -0.37770311  2.51831703 -1.03585442  1.28752016  1.48329459  0.54455011
 -0.83302125  1.11514369  0.66824165 -0.38370033  2.80473735 -1.99307052
  1.53804637 -0.48681169  1.09033626 -2.84976606 -2.45832371  0.45773165
 -1.16150476 -0.49457605  0.36531635 -0.11126741 -1.65032845 -0.04116991
 -0.85970561  2.81181078 -1.06239941 -1.38013513 -0.94883427  1.07796543
  1.85224715 -0.69616534  1.97232746 -2.19417576 -0.34727724 -0.73251661
 -2.89008053  3.16480386 -1.63194495  3.13522477 -1.26602553 -2.70847982
  3.36217162 -1.23322286 -0.77649592 -2.8840758  -2.71720559  2.54564111
 -2.13655216 -2.04712778 -0.18154889  3.14998775  0.24664292  0.21384969
 -1.2502033  -0.67764013 -1.73376994 -3.0302506   2.87032654  1.23550998
 -0.48570742 -2.18838453  1.10971138 -1.10585757 -0.49042481 -2.73954092
 -2.06516892  1.86554815 -0.87381194  2.62185196 -0.45419522 -2.67151323
 -2.82019528  2.26182972 -3.14423346 -0.44536841 -1.00234824 -0.24660763
  2.34754189  1.84025282  0.01820743 -2.55288744 -2.65892188  0.24436963
 -0.76666229  1.2452413  -2.62771084  1.12505235 -0.383978    0.42076267
  1.91903317  0.45811869  0.65074838 -1.27156715  1.79161222  2.93982494
  0.99593913  0.22180236 -1.14181231  2.4227877   0.72674084 -1.90977329
 -0.05037935  1.87092236  0.98664697 -1.0800297  -2.30130885  2.22238446
  2.00398642  1.92832352  2.29723364  1.91578716 -1.66121685 -3.10389841
  0.42852316  1.34475793 -2.26275518 -1.12583549  2.3118371   1.39294659
 -0.27195663 -1.8444229  -1.64823709  1.96528122  1.30723905 -1.01188308
 -0.23075451 -0.69309153 -0.30339022  2.30246076 -0.66193835 -0.93534319
  0.77591014 -2.35268944  0.59026879  2.78422846 -0.35243004  2.04722767
 -1.86126416 -1.35336613 -2.59736797 -2.42273022 -1.50153053 -3.02896635
  2.01620164  1.78191046  1.58151671  1.12533489  1.588194   -2.44421567
 -2.50736722  1.78907348  1.03427235 -0.29185916 -2.47720444  1.43098283
 -1.043948   -3.04762121 -0.04720679  1.89751596 -2.70128486 -2.36816603
  1.87611898  1.02966614 -0.62617478 -0.49631347 -0.92140769  1.96405524
  0.47262267 -0.35622602  0.40183271 -2.26662921  1.26136574 -0.15330697
  2.4023619   1.23319558  2.87809257 -1.05733882  2.10171168 -0.42989475
 -3.26841185  2.20322034  0.81147104  1.92881077 -1.28919664  1.43910623
 -2.12172269  0.20898506  0.08303724 -2.79059108 -0.90191448 -2.39307463
  0.0722783  -0.56898612]
Sat May 25 21:11:10 2024,962,0.0959380061707922,[-4.65847903  2.36664267 -1.8410608  -0.12409691  0.18672569 -2.68765084
  3.0128293   2.10571235  1.45518697 -0.92536053  0.61239969  1.09170228
  1.13210059 -1.5419678   0.77712878  2.80621744 -0.79815527 -0.63691743
 -1.75472041  0.60195904  1.67657212  2.99185608 -1.20875795 -0.31571277
 -2.42357612 -2.33803683  2.99458177  2.76322742 -0.54433284 -2.36481307
  1.48280764 -0.05850808 -2.31787454  2.09556462  1.2895402  -0.63853957
  0.84777159 -2.31880662 -0.02589538  2.15332914 -0.16394184  0.38886659
  2.71395754  1.04622488  2.46285645  3.16174768  2.6414082  -2.93932954
  0.26537412 -0.81572868  1.75888677  2.86399315 -0.51095149 -2.31763484
  2.78736958 -3.21076729  0.79394317 -0.63487987 -1.74135907  2.69818398
 -1.80955054 -1.58813074 -2.30391389  2.18800696 -2.45128538  2.1355976
  2.07465253  1.53540763  2.3830845   2.80474827  1.64886112  1.20012662
 -1.5132454  -2.22927511  1.47130176  0.71194284  1.31361929 -3.01402365
 -0.3777031   2.51831702 -1.03585441  1.28752017  1.48329458  0.54455012
 -0.83302124  1.1151437   0.66824164 -0.38370034  2.80473736 -1.99307051
  1.53804636 -0.48681168  1.09033627 -2.84976607 -2.45832372  0.45773164
 -1.16150475 -0.49457604  0.36531634 -0.1112674  -1.65032844 -0.04116992
 -0.85970562  2.81181079 -1.0623994  -1.38013514 -0.94883426  1.07796542
  1.85224716 -0.69616535  1.97232745 -2.19417575 -0.34727723 -0.7325166
 -2.89008052  3.16480387 -1.63194494  3.13522478 -1.26602552 -2.70847981
  3.36217163 -1.23322285 -0.77649591 -2.88407581 -2.7172056   2.5456411
 -2.13655215 -2.04712779 -0.18154888  3.14998774  0.24664293  0.2138497
 -1.25020329 -0.67764012 -1.73376995 -3.03025061  2.87032655  1.23550999
 -0.48570743 -2.18838452  1.10971137 -1.10585758 -0.49042482 -2.73954091
 -2.06516893  1.86554816 -0.87381193  2.62185195 -0.45419521 -2.67151324
 -2.82019526  2.26182973 -3.14423345 -0.44536842 -1.00234823 -0.24660764
  2.3475419   1.84025281  0.01820742 -2.55288743 -2.65892187  0.24436964
 -0.76666228  1.24524131 -2.62771083  1.12505234 -0.38397801  0.42076266
  1.91903316  0.45811868  0.65074837 -1.27156714  1.79161221  2.93982495
  0.99593914  0.22180235 -1.1418123   2.42278771  0.72674085 -1.9097733
 -0.05037936  1.87092237  0.98664696 -1.08002969 -2.30130886  2.22238447
  2.00398643  1.92832351  2.29723365  1.91578717 -1.66121686 -3.10389842
  0.42852317  1.34475792 -2.26275519 -1.1258355   2.31183711  1.3929466
 -0.27195664 -1.84442291 -1.6482371   1.96528123  1.30723906 -1.01188309
 -0.2307545  -0.69309154 -0.30339021  2.30246077 -0.66193834 -0.9353432
  0.77591013 -2.35268943  0.5902688   2.78422847 -0.35243003  2.04722766
 -1.86126417 -1.35336612 -2.59736796 -2.42273021 -1.50153054 -3.02896637
  2.01620163  1.78191047  1.5815167   1.1253349   1.58819401 -2.44421566
 -2.50736721  1.78907347  1.03427236 -0.29185917 -2.47720443  1.43098282
 -1.04394801 -3.0476212  -0.0472068   1.89751597 -2.70128487 -2.36816604
  1.87611899  1.02966615 -0.62617479 -0.49631348 -0.92140768  1.96405523
  0.47262268 -0.35622603  0.4018327  -2.2666292   1.26136575 -0.15330696
  2.40236191  1.23319559  2.87809258 -1.05733883  2.10171169 -0.42989476
 -3.26841184  2.20322033  0.81147103  1.92881078 -1.28919663  1.43910622
 -2.12172268  0.20898505  0.08303725 -2.79059109 -0.90191449 -2.39307464
  0.07227829 -0.56898611]
Sat May 25 21:11:38 2024,963,0.09593800617026986,[-4.65847904  2.36664268 -1.84106079 -0.12409689  0.18672568 -2.68765085
  3.01282931  2.10571234  1.45518696 -0.92536054  0.6123997   1.09170227
  1.1321006  -1.54196779  0.77712877  2.80621743 -0.79815528 -0.63691742
 -1.75472042  0.60195903  1.67657213  2.99185609 -1.20875796 -0.31571278
 -2.42357611 -2.33803684  2.99458178  2.76322743 -0.54433285 -2.36481308
  1.48280763 -0.05850807 -2.31787455  2.09556461  1.28954021 -0.63853956
  0.84777158 -2.31880663 -0.02589539  2.15332913 -0.16394185  0.38886658
  2.71395753  1.04622489  2.46285646  3.16174769  2.64140821 -2.93932953
  0.26537413 -0.81572867  1.75888676  2.86399314 -0.5109515  -2.31763483
  2.78736959 -3.21076728  0.79394318 -0.63487988 -1.74135908  2.69818397
 -1.80955055 -1.58813075 -2.30391388  2.18800697 -2.45128536  2.13559761
  2.07465254  1.53540762  2.38308451  2.80474828  1.64886113  1.20012661
 -1.51324539 -2.22927512  1.47130177  0.71194283  1.3136193  -3.01402364
 -0.37770309  2.51831701 -1.0358544   1.28752016  1.48329457  0.54455013
 -0.83302125  1.11514371  0.66824163 -0.38370035  2.80473737 -1.9930705
  1.53804637 -0.48681169  1.09033628 -2.84976608 -2.45832373  0.45773165
 -1.16150474 -0.49457603  0.36531633 -0.11126739 -1.65032845 -0.04116991
 -0.85970563  2.8118108  -1.06239939 -1.38013515 -0.94883427  1.07796543
  1.85224715 -0.69616534  1.97232744 -2.19417574 -0.34727722 -0.73251661
 -2.89008051  3.16480388 -1.63194495  3.13522477 -1.26602553 -2.70847982
  3.36217162 -1.23322284 -0.77649592 -2.8840758  -2.71720561  2.54564109
 -2.13655214 -2.0471278  -0.18154887  3.14998775  0.24664292  0.21384971
 -1.2502033  -0.67764013 -1.73376996 -3.0302506   2.87032654  1.23551
 -0.48570744 -2.18838451  1.10971138 -1.10585759 -0.49042483 -2.73954092
 -2.06516894  1.86554817 -0.87381194  2.62185196 -0.45419522 -2.67151323
 -2.82019525  2.26182972 -3.14423344 -0.44536843 -1.00234822 -0.24660765
  2.34754189  1.84025282  0.01820743 -2.55288742 -2.65892188  0.24436963
 -0.76666227  1.24524132 -2.62771084  1.12505233 -0.38397802  0.42076265
  1.91903317  0.45811869  0.65074836 -1.27156713  1.7916122   2.93982496
  0.99593915  0.22180236 -1.14181231  2.4227877   0.72674086 -1.90977331
 -0.05037935  1.87092236  0.98664697 -1.0800297  -2.30130885  2.22238448
  2.00398642  1.9283235   2.29723366  1.91578716 -1.66121685 -3.10389841
  0.42852318  1.34475793 -2.2627552  -1.12583551  2.3118371   1.39294659
 -0.27195663 -1.84442292 -1.64823709  1.96528122  1.30723905 -1.0118831
 -0.23075449 -0.69309153 -0.30339022  2.30246078 -0.66193833 -0.93534319
  0.77591014 -2.35268942  0.59026879  2.78422846 -0.35243004  2.04722765
 -1.86126416 -1.35336613 -2.59736797 -2.4227302  -1.50153053 -3.02896638
  2.01620162  1.78191048  1.58151671  1.12533491  1.588194   -2.44421565
 -2.50736722  1.78907346  1.03427237 -0.29185916 -2.47720444  1.43098283
 -1.043948   -3.04762119 -0.04720679  1.89751598 -2.70128486 -2.36816603
  1.876119    1.02966616 -0.6261748  -0.49631349 -0.92140767  1.96405522
  0.47262269 -0.35622602  0.40183271 -2.26662919  1.26136574 -0.15330697
  2.4023619   1.23319558  2.87809259 -1.05733884  2.1017117  -0.42989477
 -3.26841185  2.20322034  0.81147102  1.92881077 -1.28919664  1.43910623
 -2.12172269  0.20898506  0.08303726 -2.7905911  -0.90191448 -2.39307465
  0.0722783  -0.56898612]
Sat May 25 21:12:01 2024,964,0.0959380061697482,[-4.65847905  2.36664267 -1.8410608  -0.12409688  0.18672569 -2.68765086
  3.01282932  2.10571233  1.45518695 -0.92536055  0.61239971  1.09170228
  1.13210059 -1.54196778  0.77712878  2.80621742 -0.79815529 -0.63691743
 -1.75472041  0.60195902  1.67657212  2.9918561  -1.20875795 -0.31571279
 -2.42357612 -2.33803683  2.99458179  2.76322744 -0.54433284 -2.36481307
  1.48280764 -0.05850808 -2.31787456  2.09556462  1.2895402  -0.63853957
  0.84777159 -2.31880662 -0.02589538  2.15332914 -0.16394184  0.38886657
  2.71395752  1.04622488  2.46285645  3.1617477   2.64140822 -2.93932954
  0.26537414 -0.81572866  1.75888677  2.86399315 -0.51095149 -2.31763482
  2.7873696  -3.21076727  0.79394319 -0.63487987 -1.74135909  2.69818398
 -1.80955054 -1.58813076 -2.30391389  2.18800696 -2.45128538  2.1355976
  2.07465255  1.53540763  2.38308452  2.80474827  1.64886112  1.2001266
 -1.51324538 -2.22927511  1.47130178  0.71194282  1.31361929 -3.01402365
 -0.37770308  2.518317   -1.03585439  1.28752015  1.48329456  0.54455012
 -0.83302124  1.1151437   0.66824162 -0.38370034  2.80473738 -1.99307049
  1.53804638 -0.48681168  1.09033627 -2.84976607 -2.45832374  0.45773164
 -1.16150475 -0.49457602  0.36531632 -0.1112674  -1.65032844 -0.0411699
 -0.85970564  2.81181079 -1.06239938 -1.38013514 -0.94883426  1.07796542
  1.85224716 -0.69616535  1.97232743 -2.19417573 -0.34727723 -0.73251662
 -2.8900805   3.16480389 -1.63194494  3.13522478 -1.26602554 -2.70847981
  3.36217163 -1.23322283 -0.77649593 -2.88407579 -2.71720562  2.54564108
 -2.13655213 -2.04712781 -0.18154888  3.14998774  0.24664291  0.21384972
 -1.25020329 -0.67764014 -1.73376995 -3.03025059  2.87032655  1.23551001
 -0.48570743 -2.18838452  1.10971139 -1.10585758 -0.49042484 -2.73954091
 -2.06516893  1.86554818 -0.87381195  2.62185195 -0.45419521 -2.67151324
 -2.82019524  2.26182971 -3.14423343 -0.44536842 -1.00234821 -0.24660766
  2.34754188  1.84025283  0.01820744 -2.55288743 -2.65892187  0.24436964
 -0.76666226  1.24524131 -2.62771085  1.12505232 -0.38397803  0.42076264
  1.91903318  0.45811868  0.65074837 -1.27156712  1.79161219  2.93982497
  0.99593916  0.22180235 -1.14181232  2.42278769  0.72674087 -1.90977332
 -0.05037936  1.87092235  0.98664698 -1.08002971 -2.30130886  2.22238449
  2.00398641  1.92832349  2.29723365  1.91578715 -1.66121686 -3.1038984
  0.42852317  1.34475792 -2.26275521 -1.12583552  2.31183709  1.39294658
 -0.27195662 -1.84442291 -1.64823708  1.96528121  1.30723906 -1.01188309
 -0.2307545  -0.69309152 -0.30339023  2.30246077 -0.66193834 -0.9353432
  0.77591013 -2.35268943  0.5902688   2.78422847 -0.35243005  2.04722764
 -1.86126417 -1.35336614 -2.59736796 -2.42273021 -1.50153054 -3.02896639
  2.01620163  1.78191047  1.5815167   1.12533492  1.58819401 -2.44421566
 -2.50736721  1.78907347  1.03427236 -0.29185915 -2.47720443  1.43098282
 -1.04394799 -3.0476212  -0.04720678  1.89751599 -2.70128487 -2.36816604
  1.87611901  1.02966615 -0.62617481 -0.49631348 -0.92140768  1.96405521
  0.4726227  -0.35622603  0.40183272 -2.26662918  1.26136573 -0.15330698
  2.40236189  1.23319559  2.87809258 -1.05733885  2.10171169 -0.42989476
 -3.26841186  2.20322033  0.81147101  1.92881076 -1.28919663  1.43910624
 -2.1217227   0.20898505  0.08303727 -2.79059109 -0.90191449 -2.39307466
  0.07227831 -0.56898611]
Sat May 25 21:12:31 2024,965,0.09593800616922733,[-4.65847906  2.36664266 -1.84106081 -0.12409689  0.1867257  -2.68765085
  3.01282933  2.10571232  1.45518696 -0.92536056  0.61239972  1.09170227
  1.13210058 -1.54196779  0.77712879  2.80621743 -0.7981553  -0.63691742
 -1.75472042  0.60195903  1.67657213  2.99185609 -1.20875794 -0.3157128
 -2.42357613 -2.33803682  2.99458178  2.76322745 -0.54433283 -2.36481306
  1.48280763 -0.05850807 -2.31787457  2.09556461  1.28954021 -0.63853956
  0.84777158 -2.31880661 -0.02589539  2.15332915 -0.16394185  0.38886656
  2.71395753  1.04622487  2.46285646  3.16174769  2.64140823 -2.93932953
  0.26537415 -0.81572865  1.75888676  2.86399314 -0.51095148 -2.31763481
  2.78736959 -3.21076726  0.7939432  -0.63487988 -1.74135908  2.69818399
 -1.80955055 -1.58813077 -2.3039139   2.18800695 -2.45128536  2.13559761
  2.07465256  1.53540764  2.38308451  2.80474826  1.64886113  1.20012659
 -1.51324539 -2.2292751   1.47130179  0.71194283  1.31361928 -3.01402366
 -0.37770309  2.51831699 -1.0358544   1.28752014  1.48329455  0.54455013
 -0.83302125  1.11514369  0.66824163 -0.38370035  2.80473739 -1.99307048
  1.53804639 -0.48681167  1.09033626 -2.84976608 -2.45832373  0.45773165
 -1.16150476 -0.49457603  0.36531633 -0.11126741 -1.65032845 -0.04116989
 -0.85970563  2.8118108  -1.06239937 -1.38013515 -0.94883427  1.07796541
  1.85224717 -0.69616534  1.97232744 -2.19417574 -0.34727724 -0.73251663
 -2.89008049  3.1648039  -1.63194493  3.13522479 -1.26602555 -2.7084798
  3.36217162 -1.23322284 -0.77649592 -2.88407578 -2.71720561  2.54564109
 -2.13655214 -2.0471278  -0.18154887  3.14998775  0.2466429   0.21384973
 -1.2502033  -0.67764013 -1.73376994 -3.03025058  2.87032656  1.23551002
 -0.48570742 -2.18838453  1.1097114  -1.10585757 -0.49042483 -2.7395409
 -2.06516894  1.86554817 -0.87381194  2.62185196 -0.45419522 -2.67151323
 -2.82019525  2.2618297  -3.14423344 -0.44536841 -1.00234822 -0.24660765
  2.34754187  1.84025282  0.01820745 -2.55288744 -2.65892188  0.24436965
 -0.76666225  1.24524132 -2.62771086  1.12505231 -0.38397802  0.42076263
  1.91903317  0.45811869  0.65074838 -1.27156713  1.7916122   2.93982498
  0.99593917  0.22180234 -1.14181233  2.4227877   0.72674086 -1.90977331
 -0.05037935  1.87092234  0.98664697 -1.08002972 -2.30130885  2.2223845
  2.0039864   1.9283235   2.29723366  1.91578714 -1.66121685 -3.10389839
  0.42852316  1.34475791 -2.2627552  -1.12583553  2.31183708  1.39294657
 -0.27195663 -1.8444229  -1.64823709  1.9652812   1.30723907 -1.0118831
 -0.23075449 -0.69309153 -0.30339022  2.30246078 -0.66193835 -0.93534321
  0.77591014 -2.35268942  0.59026879  2.78422848 -0.35243004  2.04722763
 -1.86126418 -1.35336613 -2.59736795 -2.4227302  -1.50153055 -3.02896638
  2.01620164  1.78191048  1.58151671  1.12533491  1.588194   -2.44421567
 -2.50736722  1.78907346  1.03427235 -0.29185914 -2.47720444  1.43098281
 -1.043948   -3.04762119 -0.04720679  1.897516   -2.70128486 -2.36816603
  1.87611902  1.02966614 -0.62617482 -0.49631349 -0.92140769  1.9640552
  0.47262269 -0.35622604  0.40183273 -2.26662917  1.26136574 -0.15330699
  2.4023619   1.23319558  2.87809259 -1.05733886  2.10171168 -0.42989475
 -3.26841185  2.20322032  0.811471    1.92881075 -1.28919662  1.43910625
 -2.12172271  0.20898506  0.08303728 -2.79059108 -0.9019145  -2.39307465
  0.07227832 -0.56898612]
Sat May 25 21:13:15 2024,966,0.09593800616870729,[-4.65847907  2.36664265 -1.8410608  -0.12409688  0.18672571 -2.68765086
  3.01282932  2.10571233  1.45518695 -0.92536057  0.61239974  1.09170228
  1.13210059 -1.5419678   0.7771288   2.80621744 -0.79815531 -0.63691741
 -1.75472041  0.60195902  1.67657214  2.99185608 -1.20875795 -0.31571279
 -2.42357614 -2.33803683  2.99458179  2.76322744 -0.54433284 -2.36481307
  1.48280764 -0.05850806 -2.31787456  2.0955646   1.28954022 -0.63853955
  0.84777157 -2.3188066  -0.02589538  2.15332916 -0.16394186  0.38886657
  2.71395754  1.04622488  2.46285647  3.1617477   2.64140824 -2.93932952
  0.26537416 -0.81572866  1.75888677  2.86399313 -0.51095149 -2.3176348
  2.7873696  -3.21076727  0.79394321 -0.63487989 -1.74135907  2.698184
 -1.80955054 -1.58813078 -2.30391391  2.18800696 -2.45128535  2.1355976
  2.07465255  1.53540765  2.38308452  2.80474827  1.64886114  1.2001266
 -1.51324538 -2.22927509  1.47130178  0.71194284  1.31361927 -3.01402365
 -0.37770308  2.518317   -1.03585441  1.28752015  1.48329454  0.54455014
 -0.83302124  1.1151437   0.66824164 -0.38370036  2.80473738 -1.99307047
  1.5380464  -0.48681166  1.09033627 -2.84976609 -2.45832372  0.45773166
 -1.16150475 -0.49457604  0.36531634 -0.11126742 -1.65032846 -0.0411699
 -0.85970564  2.81181079 -1.06239938 -1.38013514 -0.94883426  1.0779654
  1.85224716 -0.69616533  1.97232743 -2.19417575 -0.34727725 -0.73251664
 -2.8900805   3.16480391 -1.63194494  3.13522478 -1.26602556 -2.70847979
  3.36217161 -1.23322285 -0.77649591 -2.88407579 -2.71720562  2.5456411
 -2.13655213 -2.04712779 -0.18154886  3.14998774  0.24664291  0.21384974
 -1.25020329 -0.67764014 -1.73376995 -3.03025057  2.87032657  1.23551003
 -0.48570743 -2.18838452  1.10971139 -1.10585758 -0.49042484 -2.73954089
 -2.06516893  1.86554816 -0.87381195  2.62185195 -0.45419523 -2.67151322
 -2.82019524  2.26182969 -3.14423343 -0.44536842 -1.00234821 -0.24660764
  2.34754188  1.84025283  0.01820744 -2.55288743 -2.65892189  0.24436966
 -0.76666224  1.24524133 -2.62771087  1.12505232 -0.38397803  0.42076264
  1.91903318  0.45811868  0.65074839 -1.27156714  1.79161221  2.93982499
  0.99593918  0.22180233 -1.14181234  2.42278769  0.72674085 -1.9097733
 -0.05037936  1.87092235  0.98664698 -1.08002971 -2.30130886  2.22238449
  2.00398639  1.92832349  2.29723367  1.91578713 -1.66121686 -3.10389838
  0.42852317  1.34475792 -2.26275521 -1.12583552  2.31183709  1.39294658
 -0.27195662 -1.84442291 -1.6482371   1.96528119  1.30723906 -1.01188311
 -0.23075448 -0.69309154 -0.30339021  2.30246079 -0.66193834 -0.9353432
  0.77591015 -2.35268941  0.59026878  2.78422849 -0.35243003  2.04722764
 -1.86126419 -1.35336612 -2.59736794 -2.42273021 -1.50153056 -3.02896639
  2.01620165  1.78191047  1.58151672  1.1253349   1.58819399 -2.44421566
 -2.50736723  1.78907347  1.03427236 -0.29185915 -2.47720443  1.43098282
 -1.04394801 -3.0476212  -0.0472068   1.89751601 -2.70128487 -2.36816602
  1.87611903  1.02966613 -0.62617481 -0.49631348 -0.92140768  1.96405519
  0.47262268 -0.35622603  0.40183272 -2.26662918  1.26136573 -0.153307
  2.40236189  1.23319559  2.87809258 -1.05733885  2.10171167 -0.42989476
 -3.26841186  2.20322033  0.81147101  1.92881074 -1.28919663  1.43910626
 -2.1217227   0.20898505  0.08303727 -2.79059109 -0.90191451 -2.39307466
  0.07227831 -0.56898613]
Sat May 25 21:14:24 2024,967,0.09593800616818882,[-4.65847908  2.36664264 -1.84106079 -0.12409687  0.1867257  -2.68765087
  3.01282931  2.10571234  1.45518694 -0.92536058  0.61239975  1.09170229
  1.13210058 -1.54196781  0.77712879  2.80621745 -0.79815532 -0.6369174
 -1.7547204   0.60195903  1.67657213  2.99185607 -1.20875796 -0.31571278
 -2.42357615 -2.33803682  2.9945818   2.76322745 -0.54433285 -2.36481308
  1.48280765 -0.05850807 -2.31787455  2.09556461  1.28954023 -0.63853954
  0.84777158 -2.31880659 -0.02589539  2.15332915 -0.16394187  0.38886658
  2.71395755  1.04622489  2.46285648  3.16174771  2.64140823 -2.93932953
  0.26537417 -0.81572865  1.75888678  2.86399314 -0.51095148 -2.31763481
  2.78736959 -3.21076728  0.7939432  -0.63487988 -1.74135906  2.69818399
 -1.80955053 -1.58813079 -2.3039139   2.18800697 -2.45128534  2.13559759
  2.07465256  1.53540766  2.38308453  2.80474828  1.64886115  1.20012659
 -1.51324537 -2.2292751   1.47130177  0.71194285  1.31361926 -3.01402364
 -0.37770307  2.51831701 -1.0358544   1.28752016  1.48329453  0.54455013
 -0.83302123  1.11514371  0.66824165 -0.38370037  2.80473739 -1.99307046
  1.53804641 -0.48681167  1.09033626 -2.8497661  -2.45832373  0.45773165
 -1.16150474 -0.49457605  0.36531633 -0.11126743 -1.65032847 -0.04116989
 -0.85970565  2.81181078 -1.06239939 -1.38013515 -0.94883427  1.07796541
  1.85224715 -0.69616534  1.97232744 -2.19417574 -0.34727724 -0.73251665
 -2.89008049  3.1648039  -1.63194495  3.13522477 -1.26602555 -2.7084798
  3.3621716  -1.23322286 -0.77649592 -2.8840758  -2.71720563  2.54564109
 -2.13655214 -2.0471278  -0.18154887  3.14998773  0.24664292  0.21384973
 -1.25020328 -0.67764015 -1.73376994 -3.03025056  2.87032656  1.23551004
 -0.48570744 -2.18838451  1.1097114  -1.10585759 -0.49042485 -2.73954088
 -2.06516894  1.86554817 -0.87381194  2.62185194 -0.45419524 -2.67151323
 -2.82019523  2.26182968 -3.14423342 -0.44536841 -1.00234822 -0.24660765
  2.34754189  1.84025284  0.01820743 -2.55288742 -2.65892188  0.24436965
 -0.76666223  1.24524134 -2.62771088  1.12505231 -0.38397802  0.42076265
  1.91903317  0.45811867  0.6507484  -1.27156713  1.79161222  2.93982498
  0.99593917  0.22180232 -1.14181233  2.4227877   0.72674084 -1.90977329
 -0.05037937  1.87092234  0.98664697 -1.0800297  -2.30130887  2.2223845
  2.0039864   1.92832348  2.29723368  1.91578712 -1.66121685 -3.10389837
  0.42852318  1.34475793 -2.26275522 -1.12583551  2.3118371   1.39294657
 -0.27195663 -1.8444229  -1.64823711  1.96528118  1.30723905 -1.01188312
 -0.23075449 -0.69309155 -0.30339022  2.30246078 -0.66193833 -0.93534321
  0.77591014 -2.3526894   0.59026879  2.78422848 -0.35243002  2.04722765
 -1.8612642  -1.35336611 -2.59736793 -2.4227302  -1.50153055 -3.02896638
  2.01620166  1.78191046  1.58151671  1.12533489  1.58819398 -2.44421567
 -2.50736724  1.78907348  1.03427235 -0.29185916 -2.47720442  1.43098283
 -1.04394802 -3.04762121 -0.04720679  1.897516   -2.70128486 -2.36816601
  1.87611902  1.02966614 -0.6261748  -0.49631347 -0.92140769  1.9640552
  0.47262267 -0.35622602  0.40183271 -2.26662917  1.26136574 -0.15330699
  2.40236188  1.2331956   2.87809259 -1.05733884  2.10171168 -0.42989477
 -3.26841187  2.20322032  0.81147102  1.92881075 -1.28919662  1.43910627
 -2.12172271  0.20898506  0.08303726 -2.7905911  -0.9019145  -2.39307465
  0.07227832 -0.56898614]
Sat May 25 21:14:50 2024,968,0.09593800616767033,[-4.65847909  2.36664263 -1.84106078 -0.12409688  0.18672569 -2.68765088
  3.0128293   2.10571235  1.45518693 -0.92536059  0.61239976  1.0917023
  1.13210059 -1.54196782  0.77712878  2.80621746 -0.79815531 -0.63691741
 -1.75472041  0.60195902  1.67657212  2.99185606 -1.20875795 -0.31571279
 -2.42357616 -2.33803683  2.99458181  2.76322746 -0.54433286 -2.36481309
  1.48280766 -0.05850806 -2.31787454  2.09556462  1.28954024 -0.63853955
  0.84777159 -2.3188066  -0.0258954   2.15332914 -0.16394188  0.38886659
  2.71395754  1.04622488  2.46285647  3.16174772  2.64140824 -2.93932952
  0.26537416 -0.81572864  1.75888679  2.86399313 -0.51095147 -2.31763482
  2.78736958 -3.21076729  0.79394321 -0.63487989 -1.74135907  2.69818398
 -1.80955054 -1.5881308  -2.30391391  2.18800698 -2.45128533  2.13559758
  2.07465257  1.53540767  2.38308452  2.80474827  1.64886114  1.2001266
 -1.51324536 -2.22927511  1.47130178  0.71194284  1.31361927 -3.01402363
 -0.37770308  2.51831702 -1.03585439  1.28752017  1.48329452  0.54455014
 -0.83302124  1.11514372  0.66824166 -0.38370038  2.8047374  -1.99307047
  1.5380464  -0.48681168  1.09033627 -2.84976609 -2.45832372  0.45773166
 -1.16150473 -0.49457606  0.36531632 -0.11126744 -1.65032846 -0.04116988
 -0.85970566  2.81181079 -1.06239938 -1.38013516 -0.94883428  1.07796542
  1.85224714 -0.69616533  1.97232745 -2.19417573 -0.34727725 -0.73251666
 -2.89008048  3.16480389 -1.63194494  3.13522478 -1.26602554 -2.70847979
  3.36217159 -1.23322287 -0.77649593 -2.88407581 -2.71720564  2.54564108
 -2.13655215 -2.04712779 -0.18154886  3.14998774  0.24664293  0.21384972
 -1.25020329 -0.67764016 -1.73376995 -3.03025057  2.87032655  1.23551003
 -0.48570743 -2.1883845   1.10971141 -1.1058576  -0.49042484 -2.73954087
 -2.06516893  1.86554816 -0.87381193  2.62185193 -0.45419525 -2.67151324
 -2.82019524  2.26182967 -3.14423343 -0.44536842 -1.00234823 -0.24660764
  2.34754188  1.84025285  0.01820744 -2.55288741 -2.65892187  0.24436966
 -0.76666222  1.24524135 -2.62771089  1.12505232 -0.38397803  0.42076264
  1.91903316  0.45811868  0.65074841 -1.27156714  1.79161223  2.93982499
  0.99593916  0.22180233 -1.14181234  2.42278771  0.72674083 -1.90977328
 -0.05037936  1.87092233  0.98664696 -1.08002969 -2.30130886  2.22238449
  2.00398641  1.92832347  2.29723369  1.91578711 -1.66121684 -3.10389836
  0.42852319  1.34475794 -2.26275523 -1.12583552  2.31183709  1.39294658
 -0.27195664 -1.84442289 -1.64823712  1.96528117  1.30723904 -1.01188313
 -0.2307545  -0.69309154 -0.30339021  2.30246077 -0.66193832 -0.93534322
  0.77591015 -2.35268939  0.59026878  2.78422849 -0.35243003  2.04722766
 -1.86126421 -1.35336612 -2.59736792 -2.42273019 -1.50153056 -3.02896637
  2.01620167  1.78191047  1.5815167   1.1253349   1.58819399 -2.44421568
 -2.50736725  1.78907349  1.03427234 -0.29185917 -2.47720443  1.43098282
 -1.04394801 -3.0476212  -0.04720678  1.89751599 -2.70128485 -2.368166
  1.87611903  1.02966613 -0.62617481 -0.49631348 -0.9214077   1.96405521
  0.47262268 -0.35622603  0.4018327  -2.26662918  1.26136575 -0.153307
  2.40236187  1.23319559  2.8780926  -1.05733883  2.10171167 -0.42989478
 -3.26841186  2.20322033  0.81147103  1.92881074 -1.28919661  1.43910626
 -2.1217227   0.20898505  0.08303725 -2.79059111 -0.90191449 -2.39307466
  0.07227831 -0.56898613]
Sat May 25 21:15:16 2024,969,0.09593800616715269,[-4.6584791   2.36664262 -1.84106079 -0.12409689  0.18672568 -2.68765089
  3.01282929  2.10571236  1.45518694 -0.92536058  0.61239975  1.09170231
  1.13210058 -1.54196783  0.77712877  2.80621747 -0.7981553  -0.6369174
 -1.7547204   0.60195901  1.67657211  2.99185607 -1.20875794 -0.3157128
 -2.42357617 -2.33803682  2.9945818   2.76322747 -0.54433285 -2.36481308
  1.48280767 -0.05850805 -2.31787455  2.09556461  1.28954023 -0.63853956
  0.84777158 -2.31880659 -0.02589541  2.15332915 -0.16394189  0.38886658
  2.71395753  1.04622487  2.46285646  3.16174773  2.64140823 -2.93932953
  0.26537417 -0.81572863  1.7588868   2.86399314 -0.51095146 -2.31763483
  2.78736957 -3.2107673   0.7939432  -0.63487988 -1.74135906  2.69818397
 -1.80955055 -1.58813081 -2.30391392  2.18800697 -2.45128532  2.13559759
  2.07465256  1.53540766  2.38308451  2.80474826  1.64886115  1.20012661
 -1.51324537 -2.2292751   1.47130179  0.71194285  1.31361926 -3.01402362
 -0.37770307  2.51831703 -1.03585438  1.28752016  1.48329451  0.54455013
 -0.83302125  1.11514371  0.66824165 -0.38370037  2.80473741 -1.99307046
  1.53804639 -0.48681169  1.09033626 -2.84976608 -2.45832373  0.45773167
 -1.16150472 -0.49457605  0.36531633 -0.11126743 -1.65032845 -0.04116989
 -0.85970567  2.81181078 -1.06239939 -1.38013515 -0.94883427  1.07796541
  1.85224715 -0.69616534  1.97232746 -2.19417572 -0.34727726 -0.73251665
 -2.89008049  3.1648039  -1.63194493  3.13522479 -1.26602555 -2.70847978
  3.3621716  -1.23322288 -0.77649594 -2.88407582 -2.71720563  2.54564109
 -2.13655214 -2.04712778 -0.18154885  3.14998775  0.24664294  0.21384973
 -1.25020328 -0.67764017 -1.73376994 -3.03025056  2.87032656  1.23551002
 -0.48570744 -2.18838451  1.10971142 -1.10585761 -0.49042483 -2.73954088
 -2.06516894  1.86554815 -0.87381194  2.62185194 -0.45419526 -2.67151323
 -2.82019523  2.26182968 -3.14423342 -0.44536841 -1.00234822 -0.24660763
  2.34754187  1.84025284  0.01820745 -2.55288742 -2.65892186  0.24436967
 -0.76666223  1.24524136 -2.6277109   1.12505233 -0.38397802  0.42076265
  1.91903315  0.45811869  0.6507484  -1.27156713  1.79161224  2.939825
  0.99593917  0.22180234 -1.14181235  2.42278772  0.72674082 -1.90977327
 -0.05037935  1.87092234  0.98664695 -1.0800297  -2.30130887  2.2223845
  2.0039864   1.92832348  2.29723368  1.91578712 -1.66121683 -3.10389835
  0.4285232   1.34475795 -2.26275524 -1.12583551  2.3118371   1.39294657
 -0.27195663 -1.84442288 -1.64823711  1.96528118  1.30723903 -1.01188314
 -0.23075449 -0.69309153 -0.3033902   2.30246078 -0.66193833 -0.93534321
  0.77591016 -2.3526894   0.59026877  2.7842285  -0.35243004  2.04722767
 -1.8612642  -1.35336611 -2.59736793 -2.4227302  -1.50153055 -3.02896638
  2.01620166  1.78191046  1.58151669  1.12533489  1.58819398 -2.44421569
 -2.50736724  1.7890735   1.03427233 -0.29185916 -2.47720442  1.43098281
 -1.043948   -3.04762121 -0.04720679  1.89751598 -2.70128486 -2.36816601
  1.87611902  1.02966614 -0.6261748  -0.49631349 -0.92140771  1.96405522
  0.47262269 -0.35622604  0.40183269 -2.26662919  1.26136576 -0.15330701
  2.40236188  1.2331956   2.87809259 -1.05733882  2.10171166 -0.42989479
 -3.26841187  2.20322032  0.81147104  1.92881073 -1.28919662  1.43910625
 -2.12172269  0.20898504  0.08303726 -2.7905911  -0.9019145  -2.39307467
  0.0722783  -0.56898614]
Sat May 25 21:15:40 2024,970,0.09593800616663599,[-4.65847911  2.36664261 -1.84106078 -0.12409688  0.18672567 -2.68765088
  3.01282928  2.10571237  1.45518693 -0.92536059  0.61239976  1.09170232
  1.13210059 -1.54196782  0.77712878  2.80621746 -0.79815529 -0.63691739
 -1.75472041  0.60195902  1.6765721   2.99185608 -1.20875795 -0.31571281
 -2.42357618 -2.33803683  2.99458181  2.76322748 -0.54433284 -2.36481307
  1.48280766 -0.05850804 -2.31787456  2.09556462  1.28954024 -0.63853955
  0.84777159 -2.3188066  -0.02589542  2.15332914 -0.1639419   0.38886659
  2.71395754  1.04622488  2.46285645  3.16174774  2.64140824 -2.93932954
  0.26537416 -0.81572864  1.75888681  2.86399315 -0.51095145 -2.31763482
  2.78736958 -3.21076729  0.79394319 -0.63487989 -1.74135905  2.69818398
 -1.80955054 -1.5881308  -2.30391391  2.18800696 -2.45128533  2.13559758
  2.07465255  1.53540767  2.3830845   2.80474825  1.64886114  1.2001266
 -1.51324538 -2.22927509  1.47130178  0.71194284  1.31361925 -3.01402363
 -0.37770306  2.51831704 -1.03585439  1.28752015  1.48329452  0.54455014
 -0.83302124  1.11514372  0.66824166 -0.38370038  2.8047374  -1.99307045
  1.5380464  -0.4868117   1.09033625 -2.84976609 -2.45832372  0.45773168
 -1.16150471 -0.49457606  0.36531632 -0.11126742 -1.65032846 -0.04116988
 -0.85970568  2.81181077 -1.0623994  -1.38013516 -0.94883426  1.07796542
  1.85224714 -0.69616535  1.97232747 -2.19417571 -0.34727727 -0.73251666
 -2.89008048  3.16480391 -1.63194494  3.13522478 -1.26602556 -2.70847979
  3.36217161 -1.23322289 -0.77649595 -2.88407583 -2.71720564  2.54564108
 -2.13655213 -2.04712779 -0.18154884  3.14998776  0.24664293  0.21384972
 -1.25020329 -0.67764018 -1.73376993 -3.03025057  2.87032657  1.23551001
 -0.48570745 -2.18838452  1.10971143 -1.1058576  -0.49042482 -2.73954089
 -2.06516893  1.86554814 -0.87381193  2.62185193 -0.45419527 -2.67151324
 -2.82019524  2.26182969 -3.14423343 -0.44536842 -1.00234823 -0.24660762
  2.34754188  1.84025285  0.01820744 -2.55288743 -2.65892187  0.24436968
 -0.76666222  1.24524135 -2.62771089  1.12505232 -0.38397803  0.42076266
  1.91903316  0.45811868  0.65074841 -1.27156712  1.79161225  2.93982501
  0.99593918  0.22180233 -1.14181236  2.42278773  0.72674081 -1.90977326
 -0.05037934  1.87092235  0.98664694 -1.08002969 -2.30130886  2.22238449
  2.00398639  1.92832347  2.29723369  1.91578711 -1.66121682 -3.10389836
  0.42852321  1.34475796 -2.26275525 -1.12583552  2.31183709  1.39294658
 -0.27195662 -1.84442287 -1.64823712  1.96528119  1.30723902 -1.01188313
 -0.23075448 -0.69309154 -0.30339019  2.30246077 -0.66193832 -0.9353432
  0.77591017 -2.35268941  0.59026876  2.78422851 -0.35243005  2.04722766
 -1.86126419 -1.35336612 -2.59736792 -2.42273019 -1.50153056 -3.02896639
  2.01620167  1.78191047  1.58151668  1.1253349   1.58819399 -2.4442157
 -2.50736725  1.78907349  1.03427232 -0.29185915 -2.47720443  1.4309828
 -1.04394801 -3.04762122 -0.04720678  1.89751599 -2.70128485 -2.368166
  1.87611903  1.02966615 -0.62617481 -0.49631348 -0.9214077   1.96405521
  0.4726227  -0.35622603  0.4018327  -2.26662918  1.26136577 -0.153307
  2.40236189  1.23319559  2.87809258 -1.05733883  2.10171165 -0.4298948
 -3.26841188  2.20322031  0.81147105  1.92881074 -1.28919661  1.43910624
 -2.12172268  0.20898503  0.08303725 -2.79059111 -0.90191449 -2.39307468
  0.07227829 -0.56898613]
Sat May 25 21:16:09 2024,971,0.09593800616612014,[-4.65847912  2.36664262 -1.84106077 -0.12409689  0.18672568 -2.68765089
  3.01282927  2.10571238  1.45518694 -0.92536058  0.61239976  1.09170233
  1.13210058 -1.54196781  0.77712877  2.80621745 -0.79815528 -0.63691738
 -1.75472042  0.60195903  1.67657209  2.99185609 -1.20875794 -0.3157128
 -2.42357617 -2.33803682  2.99458182  2.76322749 -0.54433285 -2.36481306
  1.48280765 -0.05850803 -2.31787457  2.09556463  1.28954025 -0.63853954
  0.84777158 -2.31880659 -0.02589541  2.15332913 -0.16394191  0.3888666
  2.71395753  1.04622487  2.46285646  3.16174775  2.64140823 -2.93932955
  0.26537415 -0.81572865  1.7588868   2.86399314 -0.51095144 -2.31763483
  2.78736959 -3.21076728  0.79394318 -0.6348799  -1.74135906  2.69818399
 -1.80955055 -1.58813079 -2.30391392  2.18800697 -2.45128532  2.13559757
  2.07465254  1.53540768  2.38308451  2.80474826  1.64886113  1.20012661
 -1.51324537 -2.22927508  1.47130179  0.71194285  1.31361926 -3.01402362
 -0.37770307  2.51831705 -1.0358544   1.28752016  1.48329451  0.54455015
 -0.83302123  1.11514373  0.66824167 -0.38370039  2.80473741 -1.99307046
  1.53804639 -0.48681169  1.09033626 -2.84976608 -2.45832373  0.45773169
 -1.1615047  -0.49457607  0.36531631 -0.11126741 -1.65032845 -0.04116987
 -0.85970567  2.81181078 -1.06239941 -1.38013515 -0.94883427  1.07796541
  1.85224713 -0.69616534  1.97232746 -2.1941757  -0.34727726 -0.73251665
 -2.89008049  3.1648039  -1.63194495  3.13522477 -1.26602557 -2.7084798
  3.3621716  -1.2332229  -0.77649596 -2.88407584 -2.71720563  2.54564107
 -2.13655214 -2.04712778 -0.18154883  3.14998775  0.24664294  0.21384971
 -1.2502033  -0.67764017 -1.73376994 -3.03025056  2.87032658  1.23551002
 -0.48570744 -2.18838453  1.10971144 -1.10585759 -0.49042483 -2.73954088
 -2.06516894  1.86554813 -0.87381192  2.62185194 -0.45419528 -2.67151323
 -2.82019525  2.2618297  -3.14423342 -0.44536843 -1.00234822 -0.24660763
  2.34754189  1.84025284  0.01820745 -2.55288742 -2.65892188  0.24436969
 -0.76666221  1.24524134 -2.6277109   1.12505231 -0.38397804  0.42076267
  1.91903317  0.45811869  0.65074842 -1.27156711  1.79161226  2.93982502
  0.99593917  0.22180232 -1.14181237  2.42278772  0.7267408  -1.90977325
 -0.05037935  1.87092236  0.98664693 -1.08002968 -2.30130887  2.22238448
  2.0039864   1.92832346  2.29723368  1.9157871  -1.66121683 -3.10389835
  0.42852322  1.34475797 -2.26275526 -1.12583553  2.31183708  1.39294659
 -0.27195663 -1.84442286 -1.64823711  1.96528118  1.30723901 -1.01188312
 -0.23075447 -0.69309155 -0.3033902   2.30246076 -0.66193831 -0.93534321
  0.77591018 -2.35268942  0.59026875  2.7842285  -0.35243004  2.04722767
 -1.8612642  -1.35336611 -2.59736793 -2.42273018 -1.50153057 -3.0289664
  2.01620166  1.78191046  1.58151667  1.12533491  1.588194   -2.44421571
 -2.50736726  1.7890735   1.03427231 -0.29185914 -2.47720444  1.43098281
 -1.04394802 -3.04762123 -0.04720679  1.89751598 -2.70128484 -2.36816599
  1.87611904  1.02966616 -0.62617482 -0.49631347 -0.92140769  1.9640552
  0.47262269 -0.35622602  0.40183271 -2.26662919  1.26136578 -0.15330701
  2.4023619   1.23319558  2.87809257 -1.05733882  2.10171166 -0.42989481
 -3.26841189  2.20322032  0.81147106  1.92881075 -1.28919662  1.43910623
 -2.12172267  0.20898504  0.08303726 -2.79059112 -0.9019145  -2.39307467
  0.07227828 -0.56898614]
Sat May 25 21:16:35 2024,972,0.0959380061656054,[-4.65847913  2.36664263 -1.84106076 -0.1240969   0.18672569 -2.68765088
  3.01282928  2.10571237  1.45518693 -0.92536057  0.61239976  1.09170234
  1.13210057 -1.54196782  0.77712878  2.80621746 -0.79815527 -0.63691739
 -1.75472041  0.60195904  1.6765721   2.99185608 -1.20875795 -0.31571279
 -2.42357616 -2.33803681  2.99458183  2.76322748 -0.54433284 -2.36481305
  1.48280764 -0.05850804 -2.31787458  2.09556462  1.28954026 -0.63853955
  0.84777157 -2.3188066  -0.02589542  2.15332914 -0.1639419   0.38886661
  2.71395754  1.04622486  2.46285647  3.16174774  2.64140822 -2.93932956
  0.26537414 -0.81572866  1.75888681  2.86399315 -0.51095143 -2.31763482
  2.7873696  -3.21076729  0.79394317 -0.63487991 -1.74135905  2.69818398
 -1.80955056 -1.58813078 -2.30391393  2.18800698 -2.45128532  2.13559756
  2.07465253  1.53540769  2.38308452  2.80474825  1.64886112  1.20012662
 -1.51324538 -2.22927507  1.4713018   0.71194284  1.31361925 -3.01402363
 -0.37770308  2.51831704 -1.03585439  1.28752015  1.48329452  0.54455014
 -0.83302124  1.11514374  0.66824166 -0.3837004   2.80473742 -1.99307047
  1.5380464  -0.4868117   1.09033625 -2.84976607 -2.45832374  0.45773168
 -1.16150469 -0.49457608  0.3653163  -0.11126742 -1.65032844 -0.04116986
 -0.85970568  2.81181077 -1.0623994  -1.38013514 -0.94883426  1.07796542
  1.85224712 -0.69616533  1.97232747 -2.19417571 -0.34727725 -0.73251666
 -2.89008048  3.16480391 -1.63194494  3.13522478 -1.26602558 -2.70847979
  3.36217159 -1.23322289 -0.77649595 -2.88407583 -2.71720564  2.54564108
 -2.13655215 -2.04712777 -0.18154882  3.14998776  0.24664295  0.21384972
 -1.25020331 -0.67764016 -1.73376993 -3.03025057  2.87032657  1.23551003
 -0.48570745 -2.18838454  1.10971143 -1.1058576  -0.49042482 -2.73954087
 -2.06516895  1.86554814 -0.87381193  2.62185193 -0.45419527 -2.67151324
 -2.82019526  2.26182971 -3.14423343 -0.44536844 -1.00234821 -0.24660764
  2.3475419   1.84025285  0.01820744 -2.55288741 -2.65892189  0.24436968
 -0.7666622   1.24524133 -2.62771091  1.1250523  -0.38397803  0.42076268
  1.91903318  0.45811868  0.65074841 -1.2715671   1.79161227  2.93982501
  0.99593918  0.22180231 -1.14181238  2.42278773  0.72674079 -1.90977326
 -0.05037936  1.87092235  0.98664692 -1.08002967 -2.30130888  2.22238449
  2.00398639  1.92832347  2.29723367  1.91578711 -1.66121684 -3.10389836
  0.42852321  1.34475796 -2.26275527 -1.12583552  2.31183707  1.3929466
 -0.27195662 -1.84442285 -1.64823712  1.96528119  1.30723902 -1.01188313
 -0.23075446 -0.69309156 -0.30339021  2.30246077 -0.66193832 -0.9353432
  0.77591019 -2.35268941  0.59026876  2.78422851 -0.35243005  2.04722768
 -1.86126419 -1.3533661  -2.59736794 -2.42273019 -1.50153056 -3.0289664
  2.01620167  1.78191045  1.58151668  1.1253349   1.58819401 -2.4442157
 -2.50736727  1.78907349  1.03427232 -0.29185915 -2.47720445  1.43098282
 -1.04394801 -3.04762122 -0.04720678  1.89751597 -2.70128483 -2.36816598
  1.87611903  1.02966617 -0.62617483 -0.49631348 -0.9214077   1.96405521
  0.47262268 -0.35622601  0.4018327  -2.2666292   1.26136579 -0.15330702
  2.40236189  1.23319557  2.87809256 -1.05733883  2.10171165 -0.42989482
 -3.26841188  2.20322033  0.81147105  1.92881074 -1.28919661  1.43910624
 -2.12172268  0.20898505  0.08303725 -2.79059111 -0.90191451 -2.39307468
  0.07227827 -0.56898613]
Sat May 25 21:16:58 2024,973,0.09593800616509103,[-4.65847914  2.36664262 -1.84106075 -0.12409691  0.18672568 -2.68765087
  3.01282927  2.10571236  1.45518694 -0.92536058  0.61239975  1.09170233
  1.13210056 -1.54196781  0.77712879  2.80621747 -0.79815528 -0.6369174
 -1.7547204   0.60195903  1.67657209  2.99185607 -1.20875794 -0.31571278
 -2.42357617 -2.33803682  2.99458184  2.76322747 -0.54433285 -2.36481304
  1.48280765 -0.05850803 -2.31787457  2.09556463  1.28954027 -0.63853954
  0.84777158 -2.31880659 -0.02589541  2.15332915 -0.16394191  0.38886662
  2.71395753  1.04622485  2.46285648  3.16174775  2.64140821 -2.93932955
  0.26537415 -0.81572865  1.7588868   2.86399316 -0.51095144 -2.31763481
  2.78736959 -3.21076728  0.79394316 -0.6348799  -1.74135904  2.69818397
 -1.80955055 -1.58813077 -2.30391394  2.18800697 -2.45128532  2.13559757
  2.07465252  1.5354077   2.38308451  2.80474824  1.64886111  1.20012661
 -1.51324537 -2.22927506  1.47130181  0.71194283  1.31361926 -3.01402362
 -0.37770309  2.51831705 -1.03585438  1.28752014  1.48329453  0.54455013
 -0.83302123  1.11514373  0.66824165 -0.38370039  2.80473743 -1.99307046
  1.53804639 -0.48681169  1.09033624 -2.84976606 -2.45832373  0.45773167
 -1.1615047  -0.49457609  0.36531631 -0.11126741 -1.65032845 -0.04116987
 -0.85970567  2.81181078 -1.06239939 -1.38013515 -0.94883425  1.07796543
  1.85224711 -0.69616532  1.97232748 -2.1941757  -0.34727726 -0.73251667
 -2.89008049  3.16480392 -1.63194495  3.13522477 -1.26602557 -2.7084798
  3.3621716  -1.2332229  -0.77649596 -2.88407584 -2.71720563  2.54564109
 -2.13655216 -2.04712778 -0.18154881  3.14998777  0.24664296  0.21384973
 -1.25020332 -0.67764015 -1.73376994 -3.03025058  2.87032658  1.23551004
 -0.48570746 -2.18838453  1.10971144 -1.10585761 -0.49042481 -2.73954088
 -2.06516894  1.86554815 -0.87381192  2.62185194 -0.45419526 -2.67151325
 -2.82019525  2.26182972 -3.14423342 -0.44536845 -1.0023482  -0.24660765
  2.34754189  1.84025284  0.01820743 -2.55288742 -2.65892188  0.24436967
 -0.76666221  1.24524134 -2.62771092  1.12505229 -0.38397804  0.42076267
  1.91903319  0.45811867  0.65074842 -1.27156711  1.79161228  2.939825
  0.99593919  0.22180232 -1.14181237  2.42278772  0.7267408  -1.90977325
 -0.05037935  1.87092234  0.98664691 -1.08002968 -2.30130887  2.2223845
  2.00398638  1.92832346  2.29723368  1.91578712 -1.66121683 -3.10389837
  0.42852322  1.34475797 -2.26275526 -1.12583551  2.31183706  1.39294659
 -0.27195661 -1.84442286 -1.64823711  1.9652812   1.30723901 -1.01188312
 -0.23075445 -0.69309155 -0.30339022  2.30246076 -0.66193831 -0.93534319
  0.77591018 -2.3526894   0.59026875  2.7842285  -0.35243006  2.04722767
 -1.8612642  -1.35336609 -2.59736795 -2.42273018 -1.50153057 -3.02896641
  2.01620166  1.78191046  1.58151669  1.12533489  1.58819402 -2.44421569
 -2.50736728  1.7890735   1.03427233 -0.29185916 -2.47720446  1.43098281
 -1.04394802 -3.04762121 -0.04720677  1.89751598 -2.70128484 -2.36816597
  1.87611904  1.02966618 -0.62617482 -0.49631349 -0.92140771  1.9640552
  0.47262267 -0.35622602  0.40183271 -2.26662919  1.26136578 -0.15330703
  2.4023619   1.23319556  2.87809257 -1.05733884  2.10171166 -0.42989481
 -3.26841189  2.20322032  0.81147106  1.92881075 -1.28919662  1.43910625
 -2.12172267  0.20898504  0.08303726 -2.7905911  -0.90191452 -2.39307467
  0.07227828 -0.56898614]
Sat May 25 21:17:28 2024,974,0.09593800616457718,[-4.65847915  2.36664263 -1.84106076 -0.12409692  0.18672569 -2.68765088
  3.01282928  2.10571235  1.45518695 -0.92536057  0.61239976  1.09170234
  1.13210057 -1.54196782  0.7771288   2.80621746 -0.79815527 -0.63691741
 -1.75472039  0.60195904  1.67657208  2.99185608 -1.20875793 -0.31571277
 -2.42357616 -2.33803681  2.99458183  2.76322746 -0.54433286 -2.36481305
  1.48280766 -0.05850802 -2.31787456  2.09556464  1.28954028 -0.63853953
  0.84777157 -2.3188066  -0.0258954   2.15332914 -0.16394192  0.38886661
  2.71395754  1.04622484  2.46285648  3.16174774  2.64140822 -2.93932954
  0.26537416 -0.81572866  1.75888681  2.86399315 -0.51095143 -2.3176348
  2.78736958 -3.21076727  0.79394315 -0.63487989 -1.74135905  2.69818396
 -1.80955054 -1.58813076 -2.30391393  2.18800696 -2.45128533  2.13559756
  2.07465251  1.53540771  2.3830845   2.80474823  1.6488611   1.2001266
 -1.51324536 -2.22927505  1.47130182  0.71194282  1.31361927 -3.01402363
 -0.37770308  2.51831704 -1.03585437  1.28752015  1.48329452  0.54455012
 -0.83302122  1.11514372  0.66824166 -0.38370038  2.80473744 -1.99307047
  1.5380464  -0.48681168  1.09033623 -2.84976607 -2.45832374  0.45773168
 -1.16150469 -0.4945761   0.3653163  -0.11126742 -1.65032844 -0.04116986
 -0.85970566  2.81181077 -1.0623994  -1.38013516 -0.94883426  1.07796542
  1.8522471  -0.69616533  1.97232747 -2.19417569 -0.34727725 -0.73251666
 -2.8900805   3.16480393 -1.63194496  3.13522478 -1.26602558 -2.70847979
  3.36217161 -1.23322289 -0.77649597 -2.88407585 -2.71720562  2.5456411
 -2.13655217 -2.04712777 -0.1815488   3.14998776  0.24664297  0.21384974
 -1.25020333 -0.67764014 -1.73376993 -3.03025057  2.87032657  1.23551005
 -0.48570745 -2.18838454  1.10971145 -1.1058576  -0.49042482 -2.73954089
 -2.06516893  1.86554816 -0.87381191  2.62185195 -0.45419525 -2.67151326
 -2.82019526  2.26182973 -3.14423341 -0.44536846 -1.00234821 -0.24660766
  2.34754188  1.84025285  0.01820744 -2.55288741 -2.65892187  0.24436966
 -0.76666222  1.24524135 -2.62771091  1.12505228 -0.38397803  0.42076268
  1.9190332   0.45811868  0.65074841 -1.2715671   1.79161227  2.93982501
  0.9959392   0.22180233 -1.14181238  2.42278773  0.72674079 -1.90977326
 -0.05037936  1.87092233  0.98664692 -1.08002967 -2.30130886  2.22238451
  2.00398639  1.92832345  2.29723367  1.91578713 -1.66121682 -3.10389836
  0.42852321  1.34475796 -2.26275525 -1.1258355   2.31183705  1.3929466
 -0.27195662 -1.84442285 -1.64823712  1.96528119  1.30723902 -1.01188313
 -0.23075444 -0.69309156 -0.30339023  2.30246075 -0.6619383  -0.9353432
  0.77591019 -2.35268941  0.59026876  2.78422849 -0.35243005  2.04722768
 -1.86126419 -1.35336608 -2.59736796 -2.42273017 -1.50153056 -3.02896642
  2.01620167  1.78191045  1.58151668  1.1253349   1.58819401 -2.44421568
 -2.50736729  1.78907351  1.03427232 -0.29185917 -2.47720447  1.43098282
 -1.04394801 -3.0476212  -0.04720676  1.89751597 -2.70128483 -2.36816596
  1.87611903  1.02966617 -0.62617481 -0.49631348 -0.92140772  1.96405521
  0.47262266 -0.35622601  0.4018327  -2.26662918  1.26136579 -0.15330702
  2.40236191  1.23319555  2.87809258 -1.05733883  2.10171167 -0.4298948
 -3.2684119   2.20322033  0.81147107  1.92881076 -1.28919663  1.43910626
 -2.12172266  0.20898503  0.08303725 -2.79059109 -0.90191451 -2.39307466
  0.07227829 -0.56898613]
Sat May 25 21:17:52 2024,975,0.09593800616406459,[-4.65847916  2.36664262 -1.84106075 -0.12409693  0.18672568 -2.68765087
  3.01282929  2.10571236  1.45518694 -0.92536058  0.61239976  1.09170233
  1.13210058 -1.54196783  0.77712881  2.80621745 -0.79815528 -0.6369174
 -1.7547204   0.60195905  1.67657209  2.99185609 -1.20875794 -0.31571276
 -2.42357617 -2.3380368   2.99458184  2.76322745 -0.54433287 -2.36481306
  1.48280765 -0.05850803 -2.31787457  2.09556463  1.28954027 -0.63853954
  0.84777156 -2.31880661 -0.02589541  2.15332913 -0.16394193  0.3888666
  2.71395755  1.04622485  2.46285648  3.16174773  2.64140821 -2.93932953
  0.26537417 -0.81572867  1.7588868   2.86399314 -0.51095144 -2.31763481
  2.78736957 -3.21076726  0.79394314 -0.63487988 -1.74135904  2.69818395
 -1.80955055 -1.58813075 -2.30391394  2.18800697 -2.45128532  2.13559757
  2.0746525   1.53540772  2.38308451  2.80474824  1.64886109  1.20012661
 -1.51324535 -2.22927506  1.47130181  0.71194283  1.31361928 -3.01402362
 -0.37770307  2.51831705 -1.03585436  1.28752016  1.48329451  0.54455011
 -0.83302123  1.11514371  0.66824167 -0.38370037  2.80473743 -1.99307048
  1.53804639 -0.48681169  1.09033624 -2.84976606 -2.45832373  0.45773167
 -1.16150468 -0.49457611  0.36531631 -0.11126743 -1.65032845 -0.04116985
 -0.85970565  2.81181078 -1.06239939 -1.38013515 -0.94883427  1.07796543
  1.85224709 -0.69616534  1.97232746 -2.19417568 -0.34727726 -0.73251667
 -2.89008051  3.16480392 -1.63194497  3.13522479 -1.26602559 -2.70847978
  3.36217162 -1.2332229  -0.77649598 -2.88407586 -2.71720561  2.54564111
 -2.13655216 -2.04712778 -0.18154881  3.14998777  0.24664296  0.21384973
 -1.25020334 -0.67764015 -1.73376994 -3.03025058  2.87032656  1.23551006
 -0.48570744 -2.18838455  1.10971144 -1.10585759 -0.49042483 -2.73954088
 -2.06516894  1.86554815 -0.8738119   2.62185196 -0.45419524 -2.67151327
 -2.82019525  2.26182972 -3.1442334  -0.44536847 -1.0023482  -0.24660767
  2.34754187  1.84025286  0.01820745 -2.5528874  -2.65892186  0.24436965
 -0.76666223  1.24524134 -2.62771092  1.12505227 -0.38397802  0.42076267
  1.91903321  0.45811869  0.65074842 -1.27156711  1.79161226  2.93982502
  0.99593921  0.22180234 -1.14181239  2.42278772  0.7267408  -1.90977327
 -0.05037937  1.87092234  0.98664693 -1.08002966 -2.30130885  2.2223845
  2.00398638  1.92832344  2.29723368  1.91578714 -1.66121681 -3.10389837
  0.42852322  1.34475797 -2.26275524 -1.12583551  2.31183704  1.39294661
 -0.27195663 -1.84442284 -1.64823711  1.96528118  1.30723903 -1.01188314
 -0.23075445 -0.69309157 -0.30339024  2.30246074 -0.66193829 -0.93534321
  0.7759102  -2.3526894   0.59026875  2.7842285  -0.35243004  2.04722769
 -1.8612642  -1.35336607 -2.59736797 -2.42273016 -1.50153055 -3.02896643
  2.01620168  1.78191046  1.58151669  1.12533489  1.588194   -2.44421569
 -2.5073673   1.78907352  1.03427231 -0.29185916 -2.47720448  1.43098281
 -1.04394802 -3.04762119 -0.04720675  1.89751596 -2.70128482 -2.36816595
  1.87611902  1.02966618 -0.6261748  -0.49631349 -0.92140773  1.96405522
  0.47262267 -0.356226    0.40183271 -2.26662917  1.2613658  -0.15330703
  2.40236192  1.23319556  2.87809257 -1.05733882  2.10171168 -0.42989481
 -3.26841189  2.20322032  0.81147108  1.92881077 -1.28919662  1.43910625
 -2.12172267  0.20898502  0.08303726 -2.79059108 -0.90191452 -2.39307465
  0.07227828 -0.56898614]
Sat May 25 21:18:15 2024,976,0.09593800616355293,[-4.65847917  2.36664261 -1.84106076 -0.12409692  0.18672567 -2.68765086
  3.0128293   2.10571237  1.45518693 -0.92536057  0.61239976  1.09170232
  1.13210057 -1.54196784  0.77712882  2.80621746 -0.79815527 -0.63691741
 -1.75472041  0.60195906  1.6765721   2.9918561  -1.20875793 -0.31571275
 -2.42357618 -2.33803679  2.99458185  2.76322746 -0.54433286 -2.36481305
  1.48280766 -0.05850802 -2.31787458  2.09556464  1.28954028 -0.63853953
  0.84777157 -2.3188066  -0.02589542  2.15332912 -0.16394194  0.38886661
  2.71395756  1.04622484  2.46285647  3.16174774  2.6414082  -2.93932952
  0.26537416 -0.81572868  1.75888681  2.86399315 -0.51095143 -2.3176348
  2.78736956 -3.21076727  0.79394315 -0.63487989 -1.74135903  2.69818396
 -1.80955056 -1.58813076 -2.30391395  2.18800696 -2.45128532  2.13559756
  2.07465249  1.53540773  2.3830845   2.80474823  1.64886108  1.2001266
 -1.51324536 -2.22927507  1.4713018   0.71194284  1.31361927 -3.01402361
 -0.37770306  2.51831706 -1.03585437  1.28752017  1.4832945   0.5445501
 -0.83302122  1.1151437   0.66824166 -0.38370036  2.80473744 -1.99307047
  1.53804638 -0.48681168  1.09033625 -2.84976605 -2.45832374  0.45773168
 -1.16150469 -0.4945761   0.3653163  -0.11126742 -1.65032844 -0.04116984
 -0.85970566  2.81181077 -1.06239938 -1.38013514 -0.94883428  1.07796544
  1.8522471  -0.69616533  1.97232747 -2.19417569 -0.34727727 -0.73251666
 -2.89008052  3.16480391 -1.63194498  3.13522478 -1.2660256  -2.70847979
  3.36217161 -1.23322291 -0.77649599 -2.88407585 -2.7172056   2.54564112
 -2.13655217 -2.04712777 -0.1815488   3.14998778  0.24664295  0.21384972
 -1.25020335 -0.67764016 -1.73376993 -3.03025057  2.87032657  1.23551007
 -0.48570743 -2.18838454  1.10971145 -1.10585758 -0.49042484 -2.73954087
 -2.06516893  1.86554814 -0.87381191  2.62185195 -0.45419523 -2.67151326
 -2.82019526  2.26182971 -3.14423341 -0.44536848 -1.00234821 -0.24660768
  2.34754188  1.84025287  0.01820744 -2.55288739 -2.65892187  0.24436966
 -0.76666224  1.24524135 -2.62771091  1.12505228 -0.38397803  0.42076266
  1.91903322  0.4581187   0.65074843 -1.27156712  1.79161227  2.93982503
  0.9959392   0.22180235 -1.14181238  2.42278771  0.72674081 -1.90977326
 -0.05037936  1.87092235  0.98664694 -1.08002967 -2.30130886  2.22238451
  2.00398637  1.92832343  2.29723369  1.91578713 -1.6612168  -3.10389836
  0.42852323  1.34475798 -2.26275523 -1.1258355   2.31183705  1.3929466
 -0.27195662 -1.84442285 -1.64823712  1.96528117  1.30723904 -1.01188313
 -0.23075444 -0.69309158 -0.30339023  2.30246073 -0.66193828 -0.9353432
  0.77591021 -2.35268941  0.59026876  2.78422851 -0.35243005  2.0472277
 -1.86126421 -1.35336608 -2.59736798 -2.42273015 -1.50153054 -3.02896644
  2.01620169  1.78191045  1.5815167   1.1253349   1.58819399 -2.44421568
 -2.50736729  1.78907351  1.03427232 -0.29185915 -2.47720447  1.4309828
 -1.04394801 -3.0476212  -0.04720674  1.89751595 -2.70128483 -2.36816596
  1.87611901  1.02966617 -0.62617481 -0.4963135  -0.92140772  1.96405521
  0.47262266 -0.35622599  0.4018327  -2.26662916  1.26136581 -0.15330704
  2.40236191  1.23319557  2.87809256 -1.05733881  2.10171169 -0.42989482
 -3.26841188  2.20322033  0.81147107  1.92881076 -1.28919663  1.43910624
 -2.12172268  0.20898501  0.08303727 -2.79059107 -0.90191453 -2.39307464
  0.07227829 -0.56898613]
Sat May 25 21:18:39 2024,977,0.09593800616304157,[-4.65847918  2.3666426  -1.84106075 -0.12409693  0.18672568 -2.68765085
  3.01282931  2.10571236  1.45518692 -0.92536058  0.61239976  1.09170231
  1.13210056 -1.54196783  0.77712883  2.80621745 -0.79815528 -0.6369174
 -1.75472042  0.60195905  1.67657211  2.99185609 -1.20875792 -0.31571274
 -2.42357617 -2.33803678  2.99458186  2.76322747 -0.54433285 -2.36481306
  1.48280767 -0.05850801 -2.31787457  2.09556463  1.28954029 -0.63853952
  0.84777156 -2.31880661 -0.02589541  2.15332911 -0.16394193  0.38886662
  2.71395757  1.04622485  2.46285648  3.16174775  2.64140819 -2.93932951
  0.26537417 -0.81572869  1.7588868   2.86399316 -0.51095144 -2.31763481
  2.78736957 -3.21076726  0.79394314 -0.63487988 -1.74135904  2.69818397
 -1.80955055 -1.58813075 -2.30391394  2.18800695 -2.45128532  2.13559755
  2.07465248  1.53540772  2.38308449  2.80474824  1.64886109  1.20012661
 -1.51324535 -2.22927506  1.47130181  0.71194284  1.31361928 -3.01402362
 -0.37770305  2.51831707 -1.03585438  1.28752016  1.48329449  0.54455011
 -0.83302121  1.11514371  0.66824165 -0.38370037  2.80473745 -1.99307048
  1.53804637 -0.48681167  1.09033626 -2.84976606 -2.45832375  0.45773167
 -1.16150468 -0.49457609  0.36531629 -0.11126743 -1.65032845 -0.04116983
 -0.85970565  2.81181076 -1.06239937 -1.38013515 -0.94883427  1.07796545
  1.85224709 -0.69616534  1.97232748 -2.1941757  -0.34727728 -0.73251667
 -2.89008053  3.16480392 -1.63194499  3.13522477 -1.26602561 -2.7084798
  3.3621716  -1.23322292 -0.776496   -2.88407586 -2.71720561  2.54564113
 -2.13655218 -2.04712778 -0.18154881  3.14998779  0.24664294  0.21384973
 -1.25020334 -0.67764017 -1.73376992 -3.03025058  2.87032656  1.23551008
 -0.48570744 -2.18838453  1.10971146 -1.10585759 -0.49042483 -2.73954088
 -2.06516892  1.86554815 -0.8738119   2.62185194 -0.45419522 -2.67151327
 -2.82019527  2.2618297  -3.1442334  -0.44536849 -1.0023482  -0.24660767
  2.34754187  1.84025288  0.01820745 -2.55288738 -2.65892186  0.24436967
 -0.76666225  1.24524134 -2.6277109   1.12505227 -0.38397804  0.42076265
  1.91903323  0.45811871  0.65074844 -1.27156711  1.79161226  2.93982504
  0.99593919  0.22180236 -1.14181239  2.4227877   0.72674082 -1.90977327
 -0.05037937  1.87092234  0.98664693 -1.08002966 -2.30130887  2.22238452
  2.00398636  1.92832344  2.29723368  1.91578714 -1.66121679 -3.10389837
  0.42852324  1.34475799 -2.26275524 -1.12583549  2.31183704  1.39294659
 -0.27195661 -1.84442284 -1.64823713  1.96528116  1.30723905 -1.01188314
 -0.23075443 -0.69309157 -0.30339024  2.30246074 -0.66193829 -0.93534321
  0.7759102  -2.3526894   0.59026875  2.7842285  -0.35243006  2.04722769
 -1.8612642  -1.35336609 -2.59736797 -2.42273016 -1.50153053 -3.02896643
  2.01620168  1.78191044  1.58151669  1.12533489  1.58819398 -2.44421569
 -2.50736728  1.7890735   1.03427233 -0.29185914 -2.47720446  1.43098279
 -1.04394802 -3.04762121 -0.04720673  1.89751596 -2.70128482 -2.36816597
  1.87611902  1.02966618 -0.62617482 -0.49631349 -0.92140773  1.9640552
  0.47262267 -0.356226    0.40183269 -2.26662917  1.2613658  -0.15330705
  2.4023619   1.23319556  2.87809257 -1.05733882  2.1017117  -0.42989483
 -3.26841188  2.20322034  0.81147106  1.92881077 -1.28919662  1.43910623
 -2.12172269  0.208985    0.08303726 -2.79059108 -0.90191454 -2.39307465
  0.07227828 -0.56898612]
Sat May 25 21:19:27 2024,978,0.0959380061625315,[-4.65847919  2.36664259 -1.84106074 -0.12409694  0.18672569 -2.68765086
  3.0128293   2.10571235  1.45518693 -0.92536057  0.61239977  1.0917023
  1.13210055 -1.54196782  0.77712884  2.80621746 -0.79815527 -0.63691739
 -1.75472043  0.60195904  1.67657212  2.9918561  -1.20875791 -0.31571273
 -2.42357618 -2.33803677  2.99458185  2.76322746 -0.54433286 -2.36481305
  1.48280768 -0.05850802 -2.31787456  2.09556464  1.2895403  -0.63853951
  0.84777155 -2.3188066  -0.02589542  2.15332912 -0.16394192  0.38886663
  2.71395756  1.04622486  2.46285647  3.16174776  2.6414082  -2.9393295
  0.26537418 -0.8157287   1.75888681  2.86399315 -0.51095145 -2.3176348
  2.78736958 -3.21076727  0.79394313 -0.63487987 -1.74135903  2.69818398
 -1.80955056 -1.58813075 -2.30391393  2.18800696 -2.45128532  2.13559756
  2.07465249  1.53540773  2.3830845   2.80474825  1.64886108  1.20012662
 -1.51324536 -2.22927507  1.47130182  0.71194285  1.31361929 -3.01402363
 -0.37770306  2.51831706 -1.03585437  1.28752015  1.48329448  0.5445501
 -0.83302122  1.11514372  0.66824166 -0.38370036  2.80473744 -1.99307049
  1.53804636 -0.48681166  1.09033625 -2.84976607 -2.45832374  0.45773166
 -1.16150469 -0.49457608  0.3653163  -0.11126744 -1.65032844 -0.04116982
 -0.85970566  2.81181077 -1.06239938 -1.38013514 -0.94883426  1.07796546
  1.85224708 -0.69616533  1.97232747 -2.19417569 -0.34727727 -0.73251668
 -2.89008054  3.16480393 -1.63194498  3.13522476 -1.2660256  -2.70847981
  3.36217159 -1.23322291 -0.77649601 -2.88407585 -2.7172056   2.54564112
 -2.13655219 -2.04712779 -0.18154882  3.1499878   0.24664295  0.21384972
 -1.25020333 -0.67764016 -1.73376991 -3.03025057  2.87032657  1.23551007
 -0.48570743 -2.18838452  1.10971147 -1.1058576  -0.49042482 -2.73954089
 -2.06516891  1.86554816 -0.87381189  2.62185195 -0.45419521 -2.67151328
 -2.82019526  2.26182969 -3.14423341 -0.4453685  -1.00234819 -0.24660768
  2.34754186  1.84025287  0.01820746 -2.55288739 -2.65892185  0.24436968
 -0.76666224  1.24524133 -2.62771089  1.12505228 -0.38397803  0.42076264
  1.91903322  0.45811872  0.65074845 -1.27156712  1.79161225  2.93982505
  0.9959392   0.22180237 -1.1418124   2.42278771  0.72674081 -1.90977328
 -0.05037936  1.87092235  0.98664692 -1.08002965 -2.30130886  2.22238453
  2.00398637  1.92832343  2.29723369  1.91578715 -1.6612168  -3.10389836
  0.42852325  1.344758   -2.26275523 -1.1258355   2.31183703  1.39294658
 -0.2719566  -1.84442285 -1.64823712  1.96528117  1.30723904 -1.01188313
 -0.23075442 -0.69309158 -0.30339023  2.30246075 -0.6619383  -0.93534322
  0.77591021 -2.35268939  0.59026876  2.78422851 -0.35243005  2.0472277
 -1.86126419 -1.3533661  -2.59736798 -2.42273017 -1.50153054 -3.02896642
  2.01620167  1.78191045  1.58151668  1.12533488  1.58819399 -2.44421568
 -2.50736729  1.7890735   1.03427234 -0.29185913 -2.47720447  1.4309828
 -1.04394801 -3.0476212  -0.04720672  1.89751597 -2.70128483 -2.36816596
  1.87611903  1.02966619 -0.62617481 -0.4963135  -0.92140774  1.96405519
  0.47262266 -0.35622599  0.4018327  -2.26662916  1.26136579 -0.15330706
  2.40236191  1.23319557  2.87809256 -1.05733881  2.10171171 -0.42989484
 -3.26841188  2.20322033  0.81147105  1.92881076 -1.28919663  1.43910622
 -2.12172268  0.20898501  0.08303725 -2.79059109 -0.90191455 -2.39307464
  0.07227829 -0.56898613]
Sat May 25 21:19:49 2024,979,0.0959380061620219,[-4.6584792   2.3666426  -1.84106075 -0.12409695  0.1867257  -2.68765087
  3.01282931  2.10571236  1.45518694 -0.92536058  0.61239978  1.09170231
  1.13210056 -1.54196781  0.77712883  2.80621745 -0.79815526 -0.63691738
 -1.75472044  0.60195903  1.67657213  2.99185611 -1.2087579  -0.31571272
 -2.42357617 -2.33803676  2.99458186  2.76322745 -0.54433285 -2.36481306
  1.48280767 -0.05850801 -2.31787455  2.09556463  1.28954031 -0.6385395
  0.84777154 -2.31880659 -0.02589541  2.15332913 -0.16394193  0.38886662
  2.71395755  1.04622487  2.46285648  3.16174777  2.64140821 -2.93932951
  0.26537419 -0.81572871  1.7588868   2.86399314 -0.51095146 -2.31763481
  2.78736959 -3.21076728  0.79394314 -0.63487987 -1.74135904  2.69818399
 -1.80955057 -1.58813075 -2.30391392  2.18800697 -2.45128531  2.13559757
  2.07465248  1.53540774  2.38308449  2.80474824  1.64886109  1.20012663
 -1.51324535 -2.22927508  1.47130181  0.71194286  1.31361928 -3.01402364
 -0.37770305  2.51831707 -1.03585438  1.28752016  1.48329449  0.54455009
 -0.83302123  1.11514373  0.66824165 -0.38370035  2.80473743 -1.9930705
  1.53804637 -0.48681167  1.09033624 -2.84976606 -2.45832373  0.45773165
 -1.1615047  -0.49457607  0.36531631 -0.11126743 -1.65032845 -0.04116983
 -0.85970567  2.81181078 -1.06239939 -1.38013515 -0.94883427  1.07796545
  1.85224709 -0.69616534  1.97232748 -2.1941757  -0.34727728 -0.73251669
 -2.89008055  3.16480392 -1.63194499  3.13522477 -1.26602561 -2.7084798
  3.36217158 -1.23322292 -0.77649602 -2.88407584 -2.71720561  2.54564113
 -2.1365522  -2.04712778 -0.18154883  3.14998779  0.24664296  0.21384971
 -1.25020332 -0.67764017 -1.73376992 -3.03025056  2.87032656  1.23551006
 -0.48570742 -2.18838453  1.10971146 -1.10585761 -0.49042481 -2.7395409
 -2.0651689   1.86554815 -0.8738119   2.62185194 -0.45419522 -2.67151327
 -2.82019525  2.26182968 -3.14423342 -0.44536851 -1.00234818 -0.24660769
  2.34754187  1.84025288  0.01820747 -2.5528874  -2.65892184  0.24436969
 -0.76666223  1.24524132 -2.6277109   1.12505229 -0.38397804  0.42076265
  1.91903321  0.45811871  0.65074846 -1.27156713  1.79161226  2.93982506
  0.99593921  0.22180236 -1.14181241  2.4227877   0.7267408  -1.90977327
 -0.05037935  1.87092236  0.98664693 -1.08002964 -2.30130887  2.22238454
  2.00398636  1.92832344  2.2972337   1.91578716 -1.66121681 -3.10389837
  0.42852324  1.34475801 -2.26275522 -1.12583549  2.31183702  1.39294657
 -0.27195659 -1.84442284 -1.64823711  1.96528116  1.30723905 -1.01188314
 -0.23075441 -0.69309159 -0.30339024  2.30246074 -0.66193829 -0.93534321
  0.77591022 -2.35268938  0.59026877  2.78422852 -0.35243004  2.04722771
 -1.8612642  -1.35336609 -2.59736797 -2.42273018 -1.50153055 -3.02896642
  2.01620166  1.78191044  1.58151667  1.12533488  1.58819398 -2.44421567
 -2.50736728  1.78907349  1.03427233 -0.29185914 -2.47720448  1.43098281
 -1.043948   -3.04762121 -0.04720673  1.89751598 -2.70128484 -2.36816595
  1.87611904  1.02966618 -0.6261748  -0.49631351 -0.92140773  1.9640552
  0.47262267 -0.35622598  0.40183269 -2.26662915  1.2613658  -0.15330705
  2.4023619   1.23319556  2.87809257 -1.0573388   2.1017117  -0.42989485
 -3.26841188  2.20322034  0.81147104  1.92881077 -1.28919662  1.43910623
 -2.12172267  0.208985    0.08303726 -2.7905911  -0.90191456 -2.39307463
  0.07227828 -0.56898614]
Sat May 25 21:20:20 2024,980,0.09593800616151313,[-4.65847921  2.36664259 -1.84106076 -0.12409696  0.18672569 -2.68765088
  3.0128293   2.10571237  1.45518693 -0.92536057  0.61239977  1.0917023
  1.13210057 -1.54196782  0.77712882  2.80621746 -0.79815527 -0.63691739
 -1.75472043  0.60195902  1.67657214  2.99185612 -1.20875789 -0.31571273
 -2.42357618 -2.33803675  2.99458185  2.76322746 -0.54433286 -2.36481307
  1.48280766 -0.05850802 -2.31787456  2.09556464  1.28954032 -0.63853951
  0.84777155 -2.3188066  -0.02589542  2.15332912 -0.16394192  0.38886661
  2.71395754  1.04622488  2.46285648  3.16174778  2.64140822 -2.9393295
  0.2653742  -0.81572872  1.75888681  2.86399315 -0.51095147 -2.3176348
  2.78736958 -3.21076727  0.79394313 -0.63487986 -1.74135905  2.698184
 -1.80955058 -1.58813075 -2.30391391  2.18800696 -2.4512853   2.13559756
  2.07465247  1.53540773  2.3830845   2.80474825  1.64886108  1.20012664
 -1.51324534 -2.22927507  1.47130182  0.71194287  1.31361929 -3.01402365
 -0.37770304  2.51831706 -1.03585437  1.28752015  1.4832945   0.54455008
 -0.83302124  1.11514372  0.66824164 -0.38370034  2.80473742 -1.99307049
  1.53804636 -0.48681168  1.09033625 -2.84976605 -2.45832374  0.45773166
 -1.16150469 -0.49457608  0.36531632 -0.11126742 -1.65032844 -0.04116982
 -0.85970568  2.81181079 -1.06239938 -1.38013514 -0.94883426  1.07796546
  1.8522471  -0.69616535  1.97232749 -2.19417571 -0.34727727 -0.73251668
 -2.89008054  3.16480391 -1.631945    3.13522478 -1.26602562 -2.70847979
  3.36217157 -1.23322293 -0.77649601 -2.88407583 -2.71720562  2.54564112
 -2.13655219 -2.04712777 -0.18154882  3.14998778  0.24664295  0.21384972
 -1.25020331 -0.67764018 -1.73376991 -3.03025055  2.87032655  1.23551005
 -0.48570743 -2.18838452  1.10971147 -1.10585762 -0.49042482 -2.73954089
 -2.06516891  1.86554816 -0.87381191  2.62185195 -0.45419523 -2.67151328
 -2.82019526  2.26182969 -3.14423343 -0.44536851 -1.00234817 -0.2466077
  2.34754188  1.84025289  0.01820746 -2.55288739 -2.65892185  0.2443697
 -0.76666224  1.24524133 -2.62771089  1.1250523  -0.38397805  0.42076266
  1.9190332   0.45811872  0.65074845 -1.27156714  1.79161225  2.93982505
  0.9959392   0.22180237 -1.14181242  2.42278769  0.72674079 -1.90977328
 -0.05037934  1.87092235  0.98664694 -1.08002965 -2.30130888  2.22238455
  2.00398637  1.92832345  2.29723369  1.91578715 -1.6612168  -3.10389836
  0.42852325  1.344758   -2.26275521 -1.1258355   2.31183703  1.39294656
 -0.27195658 -1.84442285 -1.6482371   1.96528117  1.30723904 -1.01188315
 -0.23075442 -0.6930916  -0.30339023  2.30246073 -0.6619383  -0.9353432
  0.77591021 -2.35268939  0.59026876  2.78422851 -0.35243005  2.0472277
 -1.86126421 -1.35336608 -2.59736796 -2.42273017 -1.50153054 -3.02896641
  2.01620167  1.78191045  1.58151666  1.12533488  1.58819397 -2.44421568
 -2.50736729  1.78907348  1.03427234 -0.29185913 -2.47720447  1.43098282
 -1.04394799 -3.04762122 -0.04720674  1.89751599 -2.70128483 -2.36816594
  1.87611905  1.02966617 -0.62617479 -0.49631352 -0.92140774  1.96405521
  0.47262268 -0.35622597  0.40183268 -2.26662914  1.26136581 -0.15330706
  2.40236189  1.23319557  2.87809256 -1.05733879  2.10171169 -0.42989484
 -3.26841188  2.20322033  0.81147103  1.92881076 -1.28919663  1.43910624
 -2.12172268  0.20898501  0.08303727 -2.79059111 -0.90191455 -2.39307462
  0.07227827 -0.56898615]
Sat May 25 21:20:42 2024,981,0.09593800616100502,[-4.65847922  2.3666426  -1.84106077 -0.12409695  0.1867257  -2.68765087
  3.01282931  2.10571238  1.45518694 -0.92536058  0.61239976  1.09170231
  1.13210058 -1.54196783  0.77712881  2.80621747 -0.79815528 -0.63691738
 -1.75472044  0.60195901  1.67657213  2.99185613 -1.20875788 -0.31571274
 -2.42357617 -2.33803676  2.99458184  2.76322745 -0.54433285 -2.36481308
  1.48280765 -0.05850801 -2.31787457  2.09556463  1.28954033 -0.6385395
  0.84777154 -2.31880659 -0.02589543  2.15332913 -0.16394193  0.38886662
  2.71395753  1.04622489  2.46285648  3.16174777  2.64140821 -2.93932949
  0.26537421 -0.81572873  1.7588868   2.86399316 -0.51095146 -2.31763479
  2.78736957 -3.21076726  0.79394314 -0.63487985 -1.74135904  2.69818401
 -1.80955059 -1.58813074 -2.3039139   2.18800695 -2.45128531  2.13559755
  2.07465246  1.53540774  2.38308449  2.80474826  1.64886109  1.20012663
 -1.51324535 -2.22927506  1.47130181  0.71194288  1.31361928 -3.01402364
 -0.37770305  2.51831707 -1.03585436  1.28752014  1.48329449  0.54455007
 -0.83302123  1.11514373  0.66824163 -0.38370035  2.80473743 -1.99307048
  1.53804637 -0.48681167  1.09033624 -2.84976604 -2.45832375  0.45773165
 -1.1615047  -0.49457609  0.36531631 -0.11126743 -1.65032845 -0.04116981
 -0.85970567  2.8118108  -1.06239939 -1.38013515 -0.94883427  1.07796545
  1.85224711 -0.69616534  1.9723275  -2.1941757  -0.34727728 -0.73251669
 -2.89008055  3.1648039  -1.63194499  3.13522477 -1.26602561 -2.7084798
  3.36217158 -1.23322292 -0.77649602 -2.88407582 -2.71720561  2.54564113
 -2.13655218 -2.04712778 -0.18154881  3.14998777  0.24664296  0.21384971
 -1.2502033  -0.67764019 -1.73376992 -3.03025056  2.87032656  1.23551006
 -0.48570742 -2.18838451  1.10971148 -1.10585761 -0.49042481 -2.73954088
 -2.0651689   1.86554815 -0.87381192  2.62185194 -0.45419524 -2.67151327
 -2.82019527  2.26182968 -3.14423344 -0.44536851 -1.00234818 -0.24660769
  2.34754189  1.8402529   0.01820745 -2.5528874  -2.65892186  0.24436969
 -0.76666225  1.24524134 -2.62771088  1.12505229 -0.38397805  0.42076267
  1.91903321  0.45811871  0.65074846 -1.27156713  1.79161224  2.93982506
  0.99593919  0.22180236 -1.14181241  2.4227877   0.7267408  -1.90977328
 -0.05037933  1.87092236  0.98664695 -1.08002964 -2.30130887  2.22238456
  2.00398638  1.92832344  2.2972337   1.91578714 -1.66121681 -3.10389835
  0.42852324  1.34475801 -2.2627552  -1.12583551  2.31183704  1.39294657
 -0.27195657 -1.84442286 -1.64823711  1.96528116  1.30723905 -1.01188314
 -0.23075441 -0.69309161 -0.30339024  2.30246074 -0.66193829 -0.93534319
  0.7759102  -2.3526894   0.59026875  2.7842285  -0.35243004  2.04722771
 -1.8612642  -1.35336607 -2.59736797 -2.42273016 -1.50153053 -3.0289664
  2.01620166  1.78191046  1.58151665  1.12533489  1.58819396 -2.44421567
 -2.5073673   1.78907347  1.03427235 -0.29185914 -2.47720446  1.43098281
 -1.04394798 -3.04762123 -0.04720675  1.897516   -2.70128484 -2.36816593
  1.87611906  1.02966616 -0.6261748  -0.49631351 -0.92140775  1.96405522
  0.47262269 -0.35622598  0.40183269 -2.26662913  1.2613658  -0.15330707
  2.40236188  1.23319558  2.87809257 -1.0573388   2.1017117  -0.42989483
 -3.26841189  2.20322034  0.81147102  1.92881077 -1.28919662  1.43910623
 -2.12172267  0.208985    0.08303728 -2.79059112 -0.90191456 -2.39307463
  0.07227826 -0.56898614]
Sat May 25 21:21:05 2024,982,0.09593800616049779,[-4.65847923  2.36664261 -1.84106078 -0.12409696  0.18672569 -2.68765088
  3.0128293   2.10571239  1.45518695 -0.92536059  0.61239977  1.0917023
  1.13210057 -1.54196782  0.77712882  2.80621748 -0.79815527 -0.63691737
 -1.75472043  0.601959    1.67657214  2.99185612 -1.20875789 -0.31571275
 -2.42357616 -2.33803677  2.99458183  2.76322746 -0.54433284 -2.36481309
  1.48280766 -0.058508   -2.31787456  2.09556464  1.28954032 -0.63853951
  0.84777153 -2.3188066  -0.02589544  2.15332912 -0.16394192  0.38886663
  2.71395752  1.0462249   2.46285648  3.16174778  2.64140822 -2.9393295
  0.26537422 -0.81572874  1.75888679  2.86399317 -0.51095147 -2.31763478
  2.78736956 -3.21076725  0.79394315 -0.63487986 -1.74135905  2.69818402
 -1.8095506  -1.58813075 -2.30391391  2.18800694 -2.45128532  2.13559756
  2.07465245  1.53540773  2.3830845   2.80474827  1.64886108  1.20012664
 -1.51324534 -2.22927507  1.4713018   0.71194287  1.31361929 -3.01402365
 -0.37770304  2.51831708 -1.03585437  1.28752013  1.48329448  0.54455008
 -0.83302124  1.11514373  0.66824162 -0.38370034  2.80473744 -1.99307047
  1.53804636 -0.48681168  1.09033625 -2.84976603 -2.45832376  0.45773164
 -1.16150471 -0.49457608  0.3653163  -0.11126742 -1.65032846 -0.0411698
 -0.85970566  2.81181081 -1.0623994  -1.38013514 -0.94883428  1.07796544
  1.85224712 -0.69616533  1.97232749 -2.19417571 -0.34727729 -0.73251668
 -2.89008056  3.16480391 -1.63194498  3.13522478 -1.2660256  -2.70847979
  3.36217159 -1.23322293 -0.77649601 -2.88407583 -2.7172056   2.54564112
 -2.13655217 -2.04712777 -0.1815488   3.14998778  0.24664297  0.21384972
 -1.25020331 -0.67764018 -1.73376991 -3.03025055  2.87032655  1.23551005
 -0.48570741 -2.18838452  1.10971147 -1.1058576  -0.49042482 -2.73954089
 -2.06516891  1.86554816 -0.87381193  2.62185193 -0.45419525 -2.67151328
 -2.82019526  2.26182969 -3.14423345 -0.4453685  -1.00234819 -0.24660768
  2.34754188  1.84025291  0.01820746 -2.55288741 -2.65892185  0.2443697
 -0.76666224  1.24524135 -2.62771089  1.1250523  -0.38397805  0.42076266
  1.9190332   0.4581187   0.65074847 -1.27156712  1.79161225  2.93982505
  0.9959392   0.22180237 -1.14181242  2.42278769  0.72674081 -1.90977328
 -0.05037932  1.87092235  0.98664694 -1.08002963 -2.30130886  2.22238455
  2.00398639  1.92832343  2.29723371  1.91578713 -1.6612168  -3.10389834
  0.42852323  1.344758   -2.26275519 -1.12583552  2.31183705  1.39294658
 -0.27195658 -1.84442287 -1.64823712  1.96528115  1.30723904 -1.01188313
 -0.23075442 -0.69309162 -0.30339025  2.30246075 -0.66193828 -0.93534318
  0.77591019 -2.35268939  0.59026875  2.78422849 -0.35243003  2.04722772
 -1.86126421 -1.35336608 -2.59736798 -2.42273016 -1.50153052 -3.02896639
  2.01620167  1.78191045  1.58151666  1.12533488  1.58819395 -2.44421568
 -2.50736731  1.78907346  1.03427234 -0.29185913 -2.47720447  1.43098282
 -1.04394797 -3.04762122 -0.04720676  1.89751599 -2.70128483 -2.36816594
  1.87611905  1.02966617 -0.62617479 -0.4963135  -0.92140774  1.96405523
  0.4726227  -0.35622599  0.4018327  -2.26662912  1.26136581 -0.15330706
  2.40236187  1.23319559  2.87809258 -1.05733879  2.10171169 -0.42989484
 -3.26841188  2.20322033  0.81147103  1.92881078 -1.28919663  1.43910624
 -2.12172266  0.20898499  0.08303727 -2.79059113 -0.90191455 -2.39307464
  0.07227825 -0.56898613]
Sat May 25 21:21:28 2024,983,0.0959380061599913,[-4.65847924  2.3666426  -1.84106079 -0.12409697  0.18672568 -2.68765087
  3.01282929  2.1057124   1.45518696 -0.9253606   0.61239976  1.09170229
  1.13210058 -1.54196783  0.77712883  2.80621749 -0.79815528 -0.63691736
 -1.75472042  0.60195899  1.67657215  2.99185613 -1.20875788 -0.31571276
 -2.42357615 -2.33803678  2.99458184  2.76322745 -0.54433283 -2.3648131
  1.48280767 -0.05850799 -2.31787455  2.09556465  1.28954031 -0.6385395
  0.84777152 -2.31880661 -0.02589543  2.15332913 -0.16394191  0.38886664
  2.71395753  1.04622489  2.46285648  3.16174777  2.64140821 -2.93932951
  0.26537421 -0.81572873  1.75888678  2.86399318 -0.51095146 -2.31763477
  2.78736957 -3.21076726  0.79394314 -0.63487987 -1.74135904  2.69818401
 -1.80955059 -1.58813075 -2.30391392  2.18800695 -2.45128531  2.13559757
  2.07465246  1.53540772  2.38308451  2.80474828  1.64886107  1.20012663
 -1.51324533 -2.22927508  1.47130181  0.71194286  1.31361928 -3.01402366
 -0.37770303  2.51831709 -1.03585438  1.28752014  1.48329447  0.54455009
 -0.83302123  1.11514373  0.66824161 -0.38370035  2.80473743 -1.99307048
  1.53804637 -0.48681167  1.09033626 -2.84976604 -2.45832375  0.45773165
 -1.1615047  -0.49457609  0.36531631 -0.11126743 -1.65032845 -0.04116981
 -0.85970565  2.81181082 -1.06239941 -1.38013515 -0.94883429  1.07796543
  1.85224711 -0.69616532  1.97232748 -2.19417571 -0.3472773  -0.73251667
 -2.89008055  3.16480392 -1.63194499  3.13522479 -1.26602561 -2.70847978
  3.36217158 -1.23322292 -0.77649602 -2.88407582 -2.71720559  2.54564111
 -2.13655218 -2.04712778 -0.18154881  3.14998777  0.24664296  0.21384973
 -1.25020332 -0.67764017 -1.7337699  -3.03025056  2.87032656  1.23551006
 -0.4857074  -2.18838453  1.10971148 -1.10585761 -0.49042483 -2.7395409
 -2.06516892  1.86554817 -0.87381192  2.62185194 -0.45419526 -2.67151329
 -2.82019525  2.2618297  -3.14423344 -0.44536849 -1.0023482  -0.24660769
  2.34754187  1.84025292  0.01820747 -2.55288742 -2.65892184  0.24436971
 -0.76666225  1.24524134 -2.6277109   1.12505229 -0.38397805  0.42076267
  1.91903321  0.45811869  0.65074848 -1.27156713  1.79161226  2.93982504
  0.99593919  0.22180236 -1.14181241  2.4227877   0.72674082 -1.90977328
 -0.05037933  1.87092236  0.98664693 -1.08002962 -2.30130887  2.22238456
  2.0039864   1.92832342  2.2972337   1.91578714 -1.66121681 -3.10389833
  0.42852322  1.34475801 -2.26275518 -1.12583551  2.31183706  1.39294657
 -0.27195659 -1.84442288 -1.64823713  1.96528116  1.30723903 -1.01188314
 -0.23075443 -0.69309163 -0.30339026  2.30246074 -0.66193829 -0.93534317
  0.77591018 -2.35268938  0.59026874  2.78422848 -0.35243002  2.04722773
 -1.8612642  -1.35336607 -2.59736797 -2.42273015 -1.50153053 -3.0289664
  2.01620168  1.78191046  1.58151667  1.12533488  1.58819394 -2.44421569
 -2.5073673   1.78907347  1.03427233 -0.29185912 -2.47720446  1.43098283
 -1.04394798 -3.04762121 -0.04720675  1.89751598 -2.70128484 -2.36816595
  1.87611904  1.02966618 -0.6261748  -0.49631349 -0.92140773  1.96405522
  0.47262269 -0.35622598  0.40183269 -2.26662913  1.26136582 -0.15330705
  2.40236186  1.23319558  2.87809257 -1.0573388   2.1017117  -0.42989483
 -3.26841189  2.20322032  0.81147104  1.92881077 -1.28919664  1.43910625
 -2.12172267  0.208985    0.08303728 -2.79059112 -0.90191454 -2.39307463
  0.07227826 -0.56898612]
Sat May 25 21:22:26 2024,984,0.0959380061594857,[-4.65847925  2.36664261 -1.84106078 -0.12409696  0.18672567 -2.68765088
  3.01282928  2.10571241  1.45518697 -0.92536061  0.61239977  1.09170228
  1.13210057 -1.54196784  0.77712882  2.80621748 -0.79815527 -0.63691735
 -1.75472043  0.601959    1.67657214  2.99185614 -1.20875789 -0.31571275
 -2.42357616 -2.33803677  2.99458185  2.76322744 -0.54433282 -2.36481309
  1.48280768 -0.05850798 -2.31787456  2.09556464  1.28954032 -0.63853949
  0.84777153 -2.3188066  -0.02589542  2.15332914 -0.1639419   0.38886665
  2.71395754  1.0462249   2.46285648  3.16174778  2.6414082  -2.93932952
  0.2653742  -0.81572872  1.75888679  2.86399319 -0.51095145 -2.31763478
  2.78736956 -3.21076727  0.79394313 -0.63487986 -1.74135905  2.69818402
 -1.80955058 -1.58813076 -2.30391391  2.18800696 -2.4512853   2.13559758
  2.07465245  1.53540771  2.3830845   2.80474829  1.64886108  1.20012664
 -1.51324532 -2.22927509  1.4713018   0.71194287  1.31361929 -3.01402367
 -0.37770304  2.51831708 -1.03585437  1.28752013  1.48329446  0.54455008
 -0.83302122  1.11514372  0.6682416  -0.38370034  2.80473744 -1.99307049
  1.53804638 -0.48681166  1.09033627 -2.84976603 -2.45832376  0.45773164
 -1.16150471 -0.49457608  0.3653163  -0.11126742 -1.65032846 -0.04116982
 -0.85970564  2.81181081 -1.0623994  -1.38013516 -0.9488343   1.07796544
  1.8522471  -0.69616533  1.97232749 -2.19417571 -0.34727729 -0.73251668
 -2.89008056  3.16480391 -1.63194498  3.13522478 -1.2660256  -2.70847977
  3.36217159 -1.23322291 -0.77649603 -2.88407581 -2.71720558  2.5456411
 -2.13655217 -2.04712777 -0.1815488   3.14998778  0.24664297  0.21384974
 -1.25020331 -0.67764016 -1.73376991 -3.03025057  2.87032655  1.23551007
 -0.4857074  -2.18838454  1.10971149 -1.10585762 -0.49042484 -2.73954091
 -2.06516891  1.86554818 -0.87381193  2.62185193 -0.45419525 -2.67151328
 -2.82019526  2.26182969 -3.14423345 -0.4453685  -1.00234821 -0.24660768
  2.34754186  1.84025291  0.01820748 -2.55288741 -2.65892183  0.2443697
 -0.76666226  1.24524133 -2.62771091  1.12505228 -0.38397805  0.42076266
  1.9190332   0.45811868  0.65074849 -1.27156712  1.79161227  2.93982503
  0.99593918  0.22180237 -1.1418124   2.42278769  0.72674081 -1.90977329
 -0.05037932  1.87092235  0.98664692 -1.08002963 -2.30130888  2.22238455
  2.00398639  1.92832343  2.29723369  1.91578713 -1.6612168  -3.10389834
  0.42852321  1.34475802 -2.26275517 -1.1258355   2.31183707  1.39294658
 -0.2719566  -1.84442289 -1.64823712  1.96528117  1.30723902 -1.01188313
 -0.23075442 -0.69309164 -0.30339027  2.30246073 -0.66193828 -0.93534318
  0.77591017 -2.35268937  0.59026875  2.78422847 -0.35243001  2.04722772
 -1.86126421 -1.35336608 -2.59736798 -2.42273016 -1.50153052 -3.02896641
  2.01620167  1.78191045  1.58151668  1.12533487  1.58819395 -2.44421568
 -2.50736729  1.78907348  1.03427232 -0.29185911 -2.47720445  1.43098284
 -1.04394797 -3.04762122 -0.04720674  1.89751599 -2.70128485 -2.36816594
  1.87611903  1.02966619 -0.62617479 -0.4963135  -0.92140772  1.96405521
  0.47262268 -0.35622599  0.4018327  -2.26662914  1.26136583 -0.15330706
  2.40236185  1.23319557  2.87809258 -1.05733881  2.10171169 -0.42989484
 -3.26841188  2.20322033  0.81147105  1.92881076 -1.28919663  1.43910624
 -2.12172268  0.20898499  0.08303729 -2.79059113 -0.90191453 -2.39307464
  0.07227825 -0.56898611]
Sat May 25 21:22:49 2024,985,0.09593800615898083,[-4.65847926  2.36664262 -1.84106077 -0.12409697  0.18672566 -2.68765087
  3.01282929  2.1057124   1.45518696 -0.9253606   0.61239978  1.09170229
  1.13210058 -1.54196783  0.77712883  2.80621747 -0.79815528 -0.63691734
 -1.75472044  0.60195899  1.67657215  2.99185615 -1.20875788 -0.31571276
 -2.42357617 -2.33803676  2.99458184  2.76322745 -0.54433283 -2.36481308
  1.48280767 -0.05850797 -2.31787455  2.09556465  1.28954031 -0.63853948
  0.84777152 -2.31880661 -0.02589543  2.15332913 -0.16394189  0.38886666
  2.71395753  1.04622489  2.46285649  3.16174777  2.64140821 -2.93932953
  0.26537421 -0.81572871  1.7588868   2.86399318 -0.51095144 -2.31763479
  2.78736955 -3.21076726  0.79394314 -0.63487987 -1.74135906  2.69818401
 -1.80955059 -1.58813077 -2.30391392  2.18800695 -2.45128531  2.13559759
  2.07465244  1.5354077   2.38308449  2.8047483   1.64886107  1.20012665
 -1.51324533 -2.2292751   1.47130179  0.71194288  1.31361928 -3.01402366
 -0.37770303  2.51831707 -1.03585438  1.28752014  1.48329447  0.54455009
 -0.83302123  1.11514373  0.66824161 -0.38370035  2.80473745 -1.99307048
  1.53804637 -0.48681167  1.09033626 -2.84976604 -2.45832375  0.45773165
 -1.16150472 -0.49457607  0.36531631 -0.11126741 -1.65032845 -0.04116981
 -0.85970565  2.81181082 -1.06239941 -1.38013515 -0.94883431  1.07796545
  1.85224709 -0.69616534  1.97232748 -2.1941757  -0.34727728 -0.73251669
 -2.89008057  3.1648039  -1.63194499  3.13522479 -1.26602559 -2.70847976
  3.3621716  -1.23322292 -0.77649604 -2.88407582 -2.71720559  2.54564111
 -2.13655216 -2.04712778 -0.18154881  3.14998777  0.24664298  0.21384975
 -1.2502033  -0.67764017 -1.7337699  -3.03025056  2.87032654  1.23551006
 -0.48570739 -2.18838453  1.10971148 -1.10585761 -0.49042485 -2.7395409
 -2.0651689   1.86554817 -0.87381192  2.62185192 -0.45419526 -2.67151327
 -2.82019525  2.26182968 -3.14423344 -0.44536851 -1.0023482  -0.24660767
  2.34754187  1.84025292  0.01820747 -2.5528874  -2.65892184  0.24436971
 -0.76666227  1.24524132 -2.62771092  1.12505227 -0.38397805  0.42076267
  1.91903319  0.45811867  0.6507485  -1.27156711  1.79161226  2.93982502
  0.99593919  0.22180236 -1.14181239  2.42278768  0.72674082 -1.9097733
 -0.05037933  1.87092234  0.98664693 -1.08002964 -2.30130889  2.22238456
  2.0039864   1.92832342  2.2972337   1.91578714 -1.66121681 -3.10389833
  0.4285232   1.34475801 -2.26275516 -1.12583551  2.31183708  1.39294657
 -0.27195661 -1.8444229  -1.64823713  1.96528116  1.30723903 -1.01188314
 -0.23075443 -0.69309163 -0.30339028  2.30246072 -0.66193829 -0.93534317
  0.77591018 -2.35268936  0.59026874  2.78422846 -0.35243002  2.04722773
 -1.86126422 -1.35336607 -2.59736797 -2.42273016 -1.50153051 -3.02896641
  2.01620168  1.78191046  1.58151667  1.12533486  1.58819396 -2.44421569
 -2.5073673   1.78907349  1.03427233 -0.29185912 -2.47720446  1.43098283
 -1.04394798 -3.04762123 -0.04720675  1.89751598 -2.70128484 -2.36816593
  1.87611902  1.0296662  -0.62617478 -0.49631349 -0.92140773  1.96405522
  0.47262269 -0.35622598  0.40183271 -2.26662915  1.26136584 -0.15330707
  2.40236184  1.23319558  2.87809259 -1.05733882  2.1017117  -0.42989483
 -3.26841189  2.20322034  0.81147106  1.92881075 -1.28919662  1.43910623
 -2.12172267  0.20898498  0.0830373  -2.79059114 -0.90191454 -2.39307465
  0.07227824 -0.5689861 ]
Sat May 25 21:23:28 2024,986,0.09593800615847678,[-4.65847927  2.36664261 -1.84106078 -0.12409696  0.18672567 -2.68765086
  3.01282928  2.10571239  1.45518697 -0.92536061  0.61239977  1.09170228
  1.13210057 -1.54196782  0.77712884  2.80621746 -0.79815529 -0.63691733
 -1.75472045  0.601959    1.67657214  2.99185614 -1.20875789 -0.31571275
 -2.42357618 -2.33803677  2.99458183  2.76322746 -0.54433284 -2.36481309
  1.48280768 -0.05850798 -2.31787454  2.09556466  1.2895403  -0.63853949
  0.84777151 -2.31880662 -0.02589542  2.15332912 -0.16394188  0.38886667
  2.71395754  1.04622488  2.46285648  3.16174778  2.6414082  -2.93932952
  0.2653742  -0.8157287   1.75888679  2.86399317 -0.51095145 -2.31763478
  2.78736956 -3.21076727  0.79394315 -0.63487986 -1.74135905  2.698184
 -1.8095506  -1.58813076 -2.30391391  2.18800696 -2.4512853   2.13559758
  2.07465245  1.53540769  2.3830845   2.80474829  1.64886106  1.20012664
 -1.51324534 -2.22927509  1.47130178  0.71194289  1.31361927 -3.01402367
 -0.37770304  2.51831706 -1.03585437  1.28752013  1.48329448  0.54455008
 -0.83302122  1.11514372  0.6682416  -0.38370036  2.80473746 -1.99307047
  1.53804638 -0.48681168  1.09033627 -2.84976603 -2.45832376  0.45773166
 -1.16150473 -0.49457608  0.36531632 -0.1112674  -1.65032844 -0.04116982
 -0.85970564  2.81181083 -1.0623994  -1.38013514 -0.9488343   1.07796546
  1.85224708 -0.69616533  1.97232749 -2.19417571 -0.34727727 -0.73251668
 -2.89008056  3.16480389 -1.631945    3.13522478 -1.2660256  -2.70847977
  3.36217159 -1.23322293 -0.77649605 -2.88407583 -2.7172056   2.54564112
 -2.13655215 -2.04712779 -0.1815488   3.14998776  0.24664297  0.21384974
 -1.25020331 -0.67764018 -1.73376991 -3.03025057  2.87032653  1.23551005
 -0.48570738 -2.18838452  1.10971149 -1.1058576  -0.49042484 -2.73954089
 -2.06516889  1.86554818 -0.87381193  2.62185191 -0.45419525 -2.67151326
 -2.82019526  2.26182969 -3.14423343 -0.44536851 -1.00234819 -0.24660766
  2.34754188  1.84025293  0.01820748 -2.55288741 -2.65892183  0.24436972
 -0.76666226  1.24524131 -2.62771093  1.12505226 -0.38397806  0.42076266
  1.91903318  0.45811866  0.65074849 -1.2715671   1.79161225  2.93982501
  0.99593918  0.22180237 -1.14181238  2.42278767  0.72674081 -1.90977329
 -0.05037934  1.87092233  0.98664692 -1.08002965 -2.3013089   2.22238455
  2.00398639  1.92832341  2.29723371  1.91578713 -1.66121682 -3.10389834
  0.42852321  1.34475802 -2.26275517 -1.1258355   2.31183707  1.39294658
 -0.27195662 -1.84442289 -1.64823712  1.96528115  1.30723902 -1.01188315
 -0.23075442 -0.69309162 -0.30339027  2.30246071 -0.6619383  -0.93534318
  0.77591019 -2.35268935  0.59026875  2.78422847 -0.35243001  2.04722772
 -1.86126421 -1.35336608 -2.59736796 -2.42273016 -1.50153052 -3.02896642
  2.01620169  1.78191047  1.58151666  1.12533485  1.58819395 -2.4442157
 -2.50736729  1.78907349  1.03427232 -0.29185913 -2.47720447  1.43098282
 -1.04394799 -3.04762124 -0.04720674  1.89751597 -2.70128483 -2.36816594
  1.87611901  1.02966619 -0.62617477 -0.49631348 -0.92140774  1.96405521
  0.47262268 -0.35622597  0.4018327  -2.26662916  1.26136583 -0.15330708
  2.40236185  1.23319557  2.87809258 -1.05733881  2.10171171 -0.42989482
 -3.2684119   2.20322033  0.81147105  1.92881074 -1.28919663  1.43910624
 -2.12172268  0.20898499  0.08303729 -2.79059115 -0.90191455 -2.39307464
  0.07227823 -0.56898611]
Sat May 25 21:23:52 2024,987,0.09593800615797379,[-4.65847928  2.3666426  -1.84106079 -0.12409695  0.18672568 -2.68765085
  3.01282929  2.1057124   1.45518698 -0.92536062  0.61239978  1.09170227
  1.13210056 -1.54196783  0.77712885  2.80621745 -0.79815528 -0.63691734
 -1.75472044  0.60195899  1.67657213  2.99185615 -1.20875788 -0.31571276
 -2.42357617 -2.33803676  2.99458182  2.76322747 -0.54433285 -2.3648131
  1.48280767 -0.05850797 -2.31787455  2.09556467  1.28954029 -0.63853948
  0.84777152 -2.31880663 -0.02589543  2.15332913 -0.16394189  0.38886666
  2.71395755  1.04622489  2.46285648  3.16174779  2.64140819 -2.93932953
  0.26537419 -0.81572871  1.75888678  2.86399316 -0.51095144 -2.31763479
  2.78736955 -3.21076728  0.79394316 -0.63487985 -1.74135904  2.69818401
 -1.80955059 -1.58813077 -2.30391392  2.18800697 -2.45128529  2.13559759
  2.07465246  1.5354077   2.38308451  2.80474828  1.64886107  1.20012665
 -1.51324533 -2.22927508  1.47130177  0.7119429   1.31361928 -3.01402366
 -0.37770305  2.51831707 -1.03585438  1.28752014  1.48329447  0.54455007
 -0.83302121  1.11514371  0.66824159 -0.38370037  2.80473747 -1.99307048
  1.53804637 -0.48681169  1.09033626 -2.84976604 -2.45832377  0.45773165
 -1.16150472 -0.49457609  0.36531633 -0.11126741 -1.65032845 -0.04116981
 -0.85970565  2.81181084 -1.06239941 -1.38013513 -0.94883431  1.07796545
  1.85224709 -0.69616534  1.9723275  -2.1941757  -0.34727728 -0.73251667
 -2.89008057  3.16480388 -1.63194501  3.13522477 -1.26602561 -2.70847978
  3.3621716  -1.23322292 -0.77649604 -2.88407584 -2.71720559  2.54564111
 -2.13655214 -2.0471278  -0.18154879  3.14998775  0.24664296  0.21384973
 -1.25020332 -0.67764017 -1.73376992 -3.03025056  2.87032654  1.23551006
 -0.48570739 -2.18838453  1.10971148 -1.10585761 -0.49042485 -2.7395409
 -2.0651689   1.86554819 -0.87381194  2.6218519  -0.45419526 -2.67151325
 -2.82019527  2.26182968 -3.14423344 -0.44536852 -1.0023482  -0.24660765
  2.34754189  1.84025294  0.01820747 -2.55288742 -2.65892184  0.24436971
 -0.76666227  1.2452413  -2.62771094  1.12505227 -0.38397805  0.42076267
  1.91903319  0.45811867  0.6507485  -1.27156711  1.79161224  2.93982502
  0.99593917  0.22180238 -1.14181239  2.42278766  0.72674082 -1.90977329
 -0.05037935  1.87092234  0.98664692 -1.08002966 -2.30130889  2.22238456
  2.00398638  1.9283234   2.29723372  1.91578714 -1.66121683 -3.10389833
  0.42852322  1.34475801 -2.26275518 -1.12583549  2.31183706  1.39294657
 -0.27195663 -1.84442288 -1.64823713  1.96528116  1.30723903 -1.01188316
 -0.23075441 -0.69309163 -0.30339028  2.30246072 -0.66193829 -0.93534319
  0.7759102  -2.35268934  0.59026874  2.78422848 -0.35243002  2.04722773
 -1.8612642  -1.35336609 -2.59736797 -2.42273016 -1.50153053 -3.02896641
  2.01620168  1.78191046  1.58151667  1.12533484  1.58819396 -2.44421571
 -2.50736728  1.7890735   1.03427233 -0.29185914 -2.47720446  1.43098281
 -1.043948   -3.04762125 -0.04720675  1.89751598 -2.70128482 -2.36816593
  1.876119    1.0296662  -0.62617476 -0.49631349 -0.92140773  1.96405522
  0.47262267 -0.35622596  0.40183269 -2.26662917  1.26136584 -0.15330707
  2.40236186  1.23319558  2.87809257 -1.0573388   2.10171172 -0.42989483
 -3.26841189  2.20322034  0.81147104  1.92881074 -1.28919664  1.43910623
 -2.12172267  0.20898498  0.0830373  -2.79059114 -0.90191454 -2.39307465
  0.07227823 -0.56898612]
Sat May 25 21:24:15 2024,988,0.09593800615747072,[-4.65847929  2.36664261 -1.84106078 -0.12409694  0.18672567 -2.68765086
  3.01282928  2.10571239  1.45518697 -0.92536063  0.61239979  1.09170226
  1.13210057 -1.54196784  0.77712884  2.80621746 -0.79815527 -0.63691733
 -1.75472043  0.60195898  1.67657214  2.99185616 -1.20875787 -0.31571275
 -2.42357618 -2.33803677  2.99458181  2.76322746 -0.54433286 -2.36481309
  1.48280768 -0.05850798 -2.31787454  2.09556466  1.28954028 -0.63853949
  0.84777153 -2.31880664 -0.02589542  2.15332912 -0.1639419   0.38886665
  2.71395754  1.0462249   2.46285647  3.1617478   2.6414082  -2.93932952
  0.26537418 -0.81572872  1.75888677  2.86399317 -0.51095143 -2.31763478
  2.78736954 -3.21076727  0.79394315 -0.63487984 -1.74135905  2.69818402
 -1.80955058 -1.58813076 -2.30391391  2.18800696 -2.45128528  2.13559758
  2.07465245  1.53540769  2.3830845   2.80474827  1.64886108  1.20012664
 -1.51324534 -2.22927509  1.47130178  0.71194291  1.31361929 -3.01402367
 -0.37770306  2.51831706 -1.03585439  1.28752013  1.48329446  0.54455006
 -0.8330212   1.1151437   0.66824158 -0.38370036  2.80473746 -1.99307047
  1.53804638 -0.4868117   1.09033627 -2.84976605 -2.45832376  0.45773166
 -1.16150471 -0.4945761   0.36531634 -0.11126742 -1.65032844 -0.0411698
 -0.85970564  2.81181083 -1.0623994  -1.38013514 -0.94883432  1.07796546
  1.8522471  -0.69616535  1.97232751 -2.19417571 -0.34727727 -0.73251666
 -2.89008056  3.16480387 -1.631945    3.13522478 -1.26602562 -2.70847977
  3.36217161 -1.23322291 -0.77649603 -2.88407585 -2.71720558  2.54564112
 -2.13655213 -2.04712779 -0.18154878  3.14998776  0.24664295  0.21384974
 -1.25020331 -0.67764018 -1.73376991 -3.03025057  2.87032655  1.23551007
 -0.48570738 -2.18838454  1.10971147 -1.10585762 -0.49042484 -2.73954089
 -2.06516889  1.86554818 -0.87381195  2.62185189 -0.45419525 -2.67151324
 -2.82019528  2.26182969 -3.14423345 -0.44536851 -1.00234821 -0.24660764
  2.34754188  1.84025293  0.01820746 -2.55288743 -2.65892183  0.24436972
 -0.76666228  1.24524129 -2.62771093  1.12505228 -0.38397805  0.42076266
  1.9190332   0.45811868  0.65074851 -1.27156712  1.79161223  2.93982503
  0.99593918  0.22180237 -1.1418124   2.42278767  0.72674083 -1.90977329
 -0.05037936  1.87092233  0.98664691 -1.08002965 -2.3013089   2.22238457
  2.00398637  1.92832341  2.29723373  1.91578713 -1.66121682 -3.10389832
  0.42852321  1.34475802 -2.26275519 -1.12583548  2.31183707  1.39294658
 -0.27195664 -1.84442287 -1.64823712  1.96528115  1.30723902 -1.01188315
 -0.23075442 -0.69309164 -0.30339027  2.30246073 -0.6619383  -0.9353432
  0.77591021 -2.35268933  0.59026875  2.78422847 -0.35243003  2.04722772
 -1.86126421 -1.35336608 -2.59736798 -2.42273017 -1.50153054 -3.02896642
  2.01620169  1.78191047  1.58151668  1.12533483  1.58819397 -2.44421572
 -2.50736727  1.78907349  1.03427234 -0.29185913 -2.47720445  1.43098282
 -1.04394799 -3.04762126 -0.04720676  1.89751597 -2.70128483 -2.36816592
  1.87611901  1.02966621 -0.62617475 -0.49631348 -0.92140774  1.96405523
  0.47262268 -0.35622597  0.40183268 -2.26662916  1.26136583 -0.15330706
  2.40236187  1.23319559  2.87809258 -1.05733879  2.10171171 -0.42989484
 -3.2684119   2.20322033  0.81147103  1.92881073 -1.28919665  1.43910624
 -2.12172268  0.20898499  0.08303729 -2.79059115 -0.90191455 -2.39307464
  0.07227823 -0.56898611]
Sat May 25 21:24:39 2024,989,0.09593800615696907,[-4.6584793   2.36664262 -1.84106077 -0.12409693  0.18672566 -2.68765085
  3.01282929  2.10571238  1.45518698 -0.92536064  0.61239978  1.09170227
  1.13210056 -1.54196783  0.77712885  2.80621745 -0.79815526 -0.63691732
 -1.75472042  0.60195897  1.67657215  2.99185615 -1.20875786 -0.31571274
 -2.42357619 -2.33803676  2.9945818   2.76322745 -0.54433287 -2.3648131
  1.48280769 -0.05850797 -2.31787453  2.09556465  1.28954027 -0.6385395
  0.84777154 -2.31880665 -0.02589541  2.15332913 -0.16394191  0.38886666
  2.71395755  1.04622489  2.46285646  3.16174779  2.64140819 -2.93932953
  0.26537417 -0.81572871  1.75888676  2.86399316 -0.51095144 -2.31763477
  2.78736955 -3.21076726  0.79394316 -0.63487983 -1.74135904  2.69818401
 -1.80955057 -1.58813075 -2.3039139   2.18800697 -2.45128527  2.13559757
  2.07465244  1.53540768  2.38308449  2.80474826  1.64886107  1.20012665
 -1.51324533 -2.22927508  1.47130179  0.71194292  1.31361928 -3.01402366
 -0.37770305  2.51831705 -1.03585438  1.28752012  1.48329445  0.54455007
 -0.83302121  1.11514371  0.66824159 -0.38370037  2.80473745 -1.99307048
  1.53804637 -0.48681169  1.09033628 -2.84976606 -2.45832377  0.45773167
 -1.16150472 -0.49457611  0.36531635 -0.11126741 -1.65032843 -0.04116981
 -0.85970565  2.81181082 -1.06239941 -1.38013513 -0.94883433  1.07796545
  1.85224709 -0.69616534  1.97232752 -2.1941757  -0.34727726 -0.73251667
 -2.89008057  3.16480388 -1.63194499  3.13522479 -1.26602561 -2.70847976
  3.36217162 -1.23322292 -0.77649602 -2.88407586 -2.71720557  2.54564111
 -2.13655214 -2.04712778 -0.18154879  3.14998775  0.24664294  0.21384973
 -1.2502033  -0.67764019 -1.7337699  -3.03025056  2.87032656  1.23551006
 -0.48570737 -2.18838455  1.10971148 -1.10585763 -0.49042483 -2.7395409
 -2.06516888  1.86554817 -0.87381194  2.6218519  -0.45419526 -2.67151325
 -2.82019527  2.26182968 -3.14423346 -0.44536851 -1.0023482  -0.24660765
  2.34754189  1.84025294  0.01820745 -2.55288744 -2.65892182  0.24436971
 -0.76666229  1.2452413  -2.62771092  1.12505227 -0.38397805  0.42076265
  1.91903319  0.45811867  0.65074851 -1.27156713  1.79161224  2.93982504
  0.99593919  0.22180238 -1.14181241  2.42278766  0.72674082 -1.90977329
 -0.05037937  1.87092232  0.98664692 -1.08002966 -2.30130891  2.22238456
  2.00398638  1.9283234   2.29723372  1.91578714 -1.66121683 -3.10389832
  0.42852322  1.34475801 -2.2627552  -1.12583549  2.31183706  1.39294657
 -0.27195663 -1.84442286 -1.64823711  1.96528114  1.30723901 -1.01188316
 -0.23075443 -0.69309163 -0.30339026  2.30246074 -0.66193831 -0.93534321
  0.7759102  -2.35268934  0.59026874  2.78422846 -0.35243002  2.04722773
 -1.8612642  -1.35336609 -2.59736799 -2.42273016 -1.50153055 -3.02896641
  2.01620168  1.78191048  1.58151667  1.12533482  1.58819398 -2.44421571
 -2.50736726  1.78907349  1.03427235 -0.29185914 -2.47720444  1.43098283
 -1.043948   -3.04762127 -0.04720675  1.89751598 -2.70128484 -2.36816593
  1.876119    1.0296662  -0.62617476 -0.49631347 -0.92140773  1.96405524
  0.47262269 -0.35622596  0.40183269 -2.26662917  1.26136584 -0.15330705
  2.40236186  1.23319558  2.87809257 -1.05733878  2.1017117  -0.42989485
 -3.26841189  2.20322032  0.81147104  1.92881074 -1.28919664  1.43910623
 -2.12172267  0.20898498  0.08303728 -2.79059114 -0.90191454 -2.39307465
  0.07227823 -0.5689861 ]
Sat May 25 21:25:05 2024,990,0.09593800615646753,[-4.65847931  2.36664263 -1.84106078 -0.12409693  0.18672567 -2.68765086
  3.01282928  2.10571237  1.45518697 -0.92536065  0.61239979  1.09170226
  1.13210057 -1.54196784  0.77712884  2.80621744 -0.79815527 -0.63691733
 -1.75472041  0.60195896  1.67657214  2.99185616 -1.20875785 -0.31571273
 -2.4235762  -2.33803675  2.99458179  2.76322744 -0.54433286 -2.36481311
  1.48280768 -0.05850798 -2.31787452  2.09556464  1.28954028 -0.63853951
  0.84777155 -2.31880666 -0.02589542  2.15332914 -0.16394192  0.38886667
  2.71395754  1.0462249   2.46285647  3.16174778  2.6414082  -2.93932952
  0.26537416 -0.8157287   1.75888675  2.86399315 -0.51095145 -2.31763476
  2.78736956 -3.21076725  0.79394315 -0.63487984 -1.74135905  2.698184
 -1.80955056 -1.58813075 -2.30391389  2.18800698 -2.45128526  2.13559758
  2.07465243  1.53540769  2.3830845   2.80474827  1.64886108  1.20012664
 -1.51324532 -2.22927507  1.4713018   0.71194293  1.31361929 -3.01402367
 -0.37770306  2.51831704 -1.03585439  1.28752011  1.48329446  0.54455006
 -0.8330212   1.11514372  0.6682416  -0.38370038  2.80473744 -1.99307047
  1.53804638 -0.4868117   1.09033627 -2.84976607 -2.45832378  0.45773168
 -1.16150473 -0.49457612  0.36531634 -0.1112674  -1.65032844 -0.0411698
 -0.85970564  2.81181083 -1.06239942 -1.38013512 -0.94883434  1.07796544
  1.85224708 -0.69616533  1.97232753 -2.19417571 -0.34727727 -0.73251666
 -2.89008058  3.16480389 -1.631945    3.1352248  -1.26602562 -2.70847977
  3.36217163 -1.23322291 -0.77649603 -2.88407585 -2.71720556  2.54564112
 -2.13655213 -2.04712779 -0.1815488   3.14998776  0.24664293  0.21384974
 -1.25020331 -0.67764018 -1.73376991 -3.03025057  2.87032655  1.23551005
 -0.48570738 -2.18838456  1.10971147 -1.10585764 -0.49042484 -2.73954089
 -2.06516889  1.86554816 -0.87381193  2.62185189 -0.45419527 -2.67151326
 -2.82019526  2.26182969 -3.14423345 -0.44536851 -1.00234821 -0.24660766
  2.34754188  1.84025295  0.01820744 -2.55288743 -2.65892181  0.2443697
 -0.76666228  1.24524131 -2.62771093  1.12505226 -0.38397806  0.42076266
  1.9190332   0.45811868  0.65074852 -1.27156714  1.79161223  2.93982505
  0.99593918  0.22180237 -1.1418124   2.42278767  0.72674083 -1.90977329
 -0.05037936  1.87092231  0.98664692 -1.08002967 -2.3013089   2.22238457
  2.00398639  1.92832339  2.29723371  1.91578713 -1.66121684 -3.10389831
  0.42852321  1.344758   -2.26275519 -1.12583548  2.31183707  1.39294656
 -0.27195662 -1.84442285 -1.6482371   1.96528115  1.30723902 -1.01188315
 -0.23075442 -0.69309162 -0.30339025  2.30246073 -0.6619383  -0.9353432
  0.77591021 -2.35268935  0.59026873  2.78422847 -0.35243001  2.04722772
 -1.86126421 -1.3533661  -2.59736798 -2.42273017 -1.50153056 -3.02896641
  2.01620167  1.78191049  1.58151668  1.12533481  1.58819397 -2.4442157
 -2.50736725  1.78907349  1.03427234 -0.29185913 -2.47720443  1.43098282
 -1.04394801 -3.04762126 -0.04720676  1.89751599 -2.70128483 -2.36816594
  1.87611899  1.02966621 -0.62617477 -0.49631348 -0.92140774  1.96405523
  0.47262268 -0.35622597  0.4018327  -2.26662916  1.26136585 -0.15330704
  2.40236187  1.23319557  2.87809256 -1.05733877  2.10171171 -0.42989484
 -3.2684119   2.20322033  0.81147103  1.92881073 -1.28919665  1.43910624
 -2.12172266  0.20898499  0.08303727 -2.79059113 -0.90191455 -2.39307466
  0.07227822 -0.56898609]
Sat May 25 21:25:29 2024,991,0.09593800615596727,[-4.65847932  2.36664262 -1.84106077 -0.12409693  0.18672568 -2.68765085
  3.01282927  2.10571238  1.45518698 -0.92536066  0.61239978  1.09170225
  1.13210058 -1.54196783  0.77712885  2.80621745 -0.79815526 -0.63691732
 -1.7547204   0.60195895  1.67657215  2.99185617 -1.20875786 -0.31571272
 -2.42357619 -2.33803676  2.99458178  2.76322745 -0.54433285 -2.3648131
  1.48280769 -0.05850797 -2.31787453  2.09556465  1.28954027 -0.6385395
  0.84777156 -2.31880665 -0.02589541  2.15332913 -0.16394191  0.38886668
  2.71395753  1.04622491  2.46285646  3.16174777  2.64140821 -2.93932951
  0.26537417 -0.81572871  1.75888676  2.86399316 -0.51095144 -2.31763475
  2.78736957 -3.21076726  0.79394316 -0.63487983 -1.74135906  2.69818399
 -1.80955055 -1.58813074 -2.3039139   2.18800699 -2.45128525  2.13559757
  2.07465242  1.53540768  2.38308449  2.80474826  1.64886109  1.20012663
 -1.51324531 -2.22927508  1.47130179  0.71194294  1.31361928 -3.01402368
 -0.37770305  2.51831703 -1.03585438  1.2875201   1.48329447  0.54455007
 -0.83302121  1.11514371  0.66824159 -0.38370037  2.80473745 -1.99307048
  1.53804639 -0.48681171  1.09033628 -2.84976606 -2.45832379  0.45773169
 -1.16150472 -0.49457613  0.36531633 -0.11126741 -1.65032845 -0.04116981
 -0.85970563  2.81181084 -1.06239941 -1.38013511 -0.94883435  1.07796543
  1.85224709 -0.69616532  1.97232752 -2.1941757  -0.34727726 -0.73251667
 -2.89008057  3.1648039  -1.63194499  3.13522479 -1.26602563 -2.70847976
  3.36217164 -1.2332229  -0.77649604 -2.88407586 -2.71720557  2.54564111
 -2.13655212 -2.04712778 -0.18154881  3.14998777  0.24664294  0.21384975
 -1.25020332 -0.67764017 -1.73376992 -3.03025058  2.87032656  1.23551006
 -0.48570737 -2.18838455  1.10971146 -1.10585763 -0.49042485 -2.73954088
 -2.06516888  1.86554815 -0.87381194  2.6218519  -0.45419526 -2.67151327
 -2.82019526  2.2618297  -3.14423344 -0.44536851 -1.00234822 -0.24660767
  2.34754187  1.84025294  0.01820743 -2.55288744 -2.6589218   0.24436971
 -0.76666227  1.24524132 -2.62771092  1.12505225 -0.38397807  0.42076265
  1.91903321  0.45811869  0.65074853 -1.27156715  1.79161222  2.93982504
  0.99593919  0.22180238 -1.14181241  2.42278766  0.72674082 -1.9097733
 -0.05037935  1.8709223   0.98664692 -1.08002966 -2.30130889  2.22238458
  2.00398638  1.9283234   2.2972337   1.91578712 -1.66121684 -3.1038983
  0.4285232   1.34475801 -2.26275518 -1.12583549  2.31183706  1.39294657
 -0.27195663 -1.84442284 -1.64823711  1.96528116  1.30723901 -1.01188314
 -0.23075443 -0.69309161 -0.30339026  2.30246074 -0.66193831 -0.93534321
  0.7759102  -2.35268936  0.59026874  2.78422848 -0.35243     2.04722773
 -1.8612642  -1.35336611 -2.59736799 -2.42273018 -1.50153055 -3.0289664
  2.01620166  1.78191049  1.58151669  1.1253348   1.58819398 -2.44421569
 -2.50736724  1.78907349  1.03427233 -0.29185914 -2.47720442  1.43098281
 -1.04394802 -3.04762125 -0.04720677  1.89751598 -2.70128482 -2.36816595
  1.87611898  1.0296662  -0.62617478 -0.49631347 -0.92140775  1.96405524
  0.47262269 -0.35622598  0.40183269 -2.26662916  1.26136584 -0.15330705
  2.40236186  1.23319558  2.87809255 -1.05733878  2.1017117  -0.42989485
 -3.26841191  2.20322034  0.81147102  1.92881074 -1.28919664  1.43910623
 -2.12172265  0.208985    0.08303728 -2.79059114 -0.90191454 -2.39307465
  0.07227823 -0.56898608]
Sat May 25 21:25:53 2024,992,0.09593800615546784,[-4.65847933  2.36664263 -1.84106076 -0.12409694  0.18672567 -2.68765084
  3.01282926  2.10571239  1.45518699 -0.92536065  0.61239977  1.09170226
  1.13210059 -1.54196782  0.77712886  2.80621746 -0.79815525 -0.63691733
 -1.75472041  0.60195896  1.67657216  2.99185618 -1.20875785 -0.31571271
 -2.4235762  -2.33803677  2.99458179  2.76322746 -0.54433284 -2.36481309
  1.48280768 -0.05850796 -2.31787452  2.09556466  1.28954028 -0.63853949
  0.84777155 -2.31880664 -0.0258954   2.15332912 -0.16394192  0.38886667
  2.71395754  1.0462249   2.46285647  3.16174776  2.64140822 -2.93932952
  0.26537416 -0.81572872  1.75888675  2.86399317 -0.51095143 -2.31763476
  2.78736958 -3.21076727  0.79394315 -0.63487982 -1.74135907  2.69818398
 -1.80955054 -1.58813075 -2.30391389  2.188007   -2.45128524  2.13559756
  2.07465241  1.53540769  2.38308448  2.80474827  1.6488611   1.20012664
 -1.5132453  -2.22927509  1.4713018   0.71194295  1.31361929 -3.01402369
 -0.37770304  2.51831702 -1.03585437  1.28752009  1.48329446  0.54455008
 -0.8330212   1.1151437   0.66824158 -0.38370038  2.80473746 -1.99307047
  1.5380464  -0.4868117   1.09033629 -2.84976607 -2.45832378  0.45773169
 -1.16150471 -0.49457614  0.36531632 -0.1112674  -1.65032844 -0.0411698
 -0.85970564  2.81181085 -1.0623994  -1.38013512 -0.94883436  1.07796542
  1.85224708 -0.69616533  1.97232753 -2.19417569 -0.34727727 -0.73251666
 -2.89008056  3.16480391 -1.63194498  3.13522478 -1.26602564 -2.70847977
  3.36217165 -1.23322291 -0.77649605 -2.88407587 -2.71720558  2.5456411
 -2.13655211 -2.04712777 -0.18154882  3.14998778  0.24664295  0.21384976
 -1.25020333 -0.67764018 -1.73376993 -3.03025057  2.87032657  1.23551005
 -0.48570736 -2.18838454  1.10971145 -1.10585762 -0.49042484 -2.73954089
 -2.06516889  1.86554814 -0.87381193  2.62185191 -0.45419527 -2.67151328
 -2.82019526  2.26182971 -3.14423345 -0.44536851 -1.00234821 -0.24660768
  2.34754188  1.84025293  0.01820744 -2.55288745 -2.65892179  0.24436972
 -0.76666228  1.24524131 -2.62771091  1.12505224 -0.38397806  0.42076266
  1.9190332   0.45811868  0.65074852 -1.27156716  1.79161221  2.93982503
  0.9959392   0.22180239 -1.1418124   2.42278765  0.72674081 -1.90977329
 -0.05037936  1.87092231  0.98664691 -1.08002967 -2.30130888  2.22238459
  2.00398637  1.92832339  2.29723371  1.91578713 -1.66121684 -3.10389831
  0.42852321  1.34475802 -2.26275517 -1.1258355   2.31183705  1.39294656
 -0.27195664 -1.84442285 -1.64823712  1.96528115  1.30723902 -1.01188315
 -0.23075444 -0.69309162 -0.30339027  2.30246075 -0.6619383  -0.93534322
  0.77591019 -2.35268937  0.59026874  2.78422849 -0.35242999  2.04722772
 -1.86126419 -1.35336612 -2.59736799 -2.42273017 -1.50153056 -3.02896641
  2.01620165  1.7819105   1.58151668  1.12533479  1.58819397 -2.44421568
 -2.50736725  1.78907348  1.03427232 -0.29185913 -2.47720441  1.43098282
 -1.04394801 -3.04762126 -0.04720678  1.89751597 -2.70128481 -2.36816594
  1.87611899  1.02966621 -0.62617479 -0.49631346 -0.92140774  1.96405523
  0.47262268 -0.35622599  0.40183268 -2.26662916  1.26136585 -0.15330704
  2.40236185  1.23319559  2.87809256 -1.05733879  2.10171171 -0.42989486
 -3.2684119   2.20322033  0.81147103  1.92881073 -1.28919665  1.43910622
 -2.12172266  0.20898499  0.08303729 -2.79059113 -0.90191455 -2.39307466
  0.07227822 -0.56898609]
Sat May 25 21:26:16 2024,993,0.09593800615496892,[-4.65847934  2.36664264 -1.84106077 -0.12409695  0.18672566 -2.68765083
  3.01282925  2.10571238  1.455187   -0.92536064  0.61239977  1.09170225
  1.13210058 -1.54196783  0.77712885  2.80621745 -0.79815526 -0.63691734
 -1.7547204   0.60195897  1.67657215  2.99185617 -1.20875786 -0.3157127
 -2.42357621 -2.33803678  2.99458178  2.76322747 -0.54433285 -2.36481308
  1.48280769 -0.05850797 -2.31787451  2.09556467  1.28954027 -0.6385395
  0.84777154 -2.31880665 -0.02589539  2.15332913 -0.16394191  0.38886666
  2.71395753  1.04622489  2.46285646  3.16174776  2.64140823 -2.93932951
  0.26537417 -0.81572871  1.75888676  2.86399318 -0.51095144 -2.31763475
  2.78736957 -3.21076726  0.79394314 -0.63487983 -1.74135908  2.69818399
 -1.80955055 -1.58813074 -2.30391388  2.18800699 -2.45128523  2.13559757
  2.0746524   1.53540768  2.38308447  2.80474826  1.64886111  1.20012665
 -1.51324531 -2.22927508  1.47130179  0.71194294  1.31361928 -3.0140237
 -0.37770303  2.51831703 -1.03585436  1.28752008  1.48329445  0.54455009
 -0.83302119  1.11514369  0.66824157 -0.38370039  2.80473745 -1.99307046
  1.53804641 -0.48681171  1.09033628 -2.84976606 -2.45832377  0.4577317
 -1.1615047  -0.49457613  0.36531633 -0.1112674  -1.65032845 -0.04116979
 -0.85970565  2.81181086 -1.06239939 -1.38013513 -0.94883437  1.07796541
  1.85224707 -0.69616532  1.97232754 -2.19417568 -0.34727728 -0.73251665
 -2.89008057  3.1648039  -1.63194497  3.13522479 -1.26602565 -2.70847978
  3.36217166 -1.2332229  -0.77649606 -2.88407586 -2.71720557  2.54564109
 -2.13655212 -2.04712776 -0.18154881  3.14998778  0.24664296  0.21384975
 -1.25020333 -0.67764019 -1.73376992 -3.03025056  2.87032656  1.23551004
 -0.48570735 -2.18838455  1.10971144 -1.10585763 -0.49042485 -2.7395409
 -2.06516888  1.86554815 -0.87381194  2.62185192 -0.45419528 -2.67151327
 -2.82019526  2.26182972 -3.14423344 -0.44536851 -1.0023482  -0.24660767
  2.34754187  1.84025292  0.01820745 -2.55288744 -2.6589218   0.24436973
 -0.76666227  1.2452413  -2.6277109   1.12505223 -0.38397805  0.42076265
  1.91903321  0.45811869  0.65074853 -1.27156715  1.7916122   2.93982504
  0.99593919  0.22180238 -1.14181239  2.42278764  0.7267408  -1.90977329
 -0.05037935  1.8709223   0.9866469  -1.08002966 -2.30130889  2.22238459
  2.00398638  1.92832338  2.2972337   1.91578714 -1.66121683 -3.10389832
  0.42852322  1.34475803 -2.26275518 -1.12583551  2.31183704  1.39294657
 -0.27195665 -1.84442284 -1.64823711  1.96528116  1.30723903 -1.01188314
 -0.23075445 -0.69309161 -0.30339026  2.30246074 -0.66193831 -0.93534323
  0.7759102  -2.35268938  0.59026875  2.7842285  -0.35242998  2.04722771
 -1.86126418 -1.35336613 -2.597368   -2.42273016 -1.50153055 -3.02896641
  2.01620166  1.78191051  1.58151669  1.12533478  1.58819396 -2.44421569
 -2.50736724  1.78907349  1.03427233 -0.29185912 -2.4772044   1.43098281
 -1.043948   -3.04762127 -0.04720679  1.89751596 -2.70128482 -2.36816593
  1.876119    1.0296662  -0.6261748  -0.49631347 -0.92140773  1.96405522
  0.47262269 -0.356226    0.40183267 -2.26662916  1.26136586 -0.15330703
  2.40236184  1.23319558  2.87809257 -1.05733878  2.1017117  -0.42989485
 -3.26841191  2.20322034  0.81147102  1.92881072 -1.28919666  1.43910621
 -2.12172265  0.208985    0.08303728 -2.79059112 -0.90191454 -2.39307467
  0.07227823 -0.5689861 ]
Sat May 25 21:26:39 2024,994,0.09593800615447087,[-4.65847935  2.36664265 -1.84106078 -0.12409696  0.18672565 -2.68765084
  3.01282926  2.10571237  1.45518701 -0.92536065  0.61239976  1.09170226
  1.13210059 -1.54196782  0.77712884  2.80621746 -0.79815525 -0.63691733
 -1.75472041  0.60195898  1.67657214  2.99185616 -1.20875787 -0.31571269
 -2.4235762  -2.33803679  2.99458179  2.76322746 -0.54433284 -2.36481307
  1.48280768 -0.05850798 -2.31787452  2.09556466  1.28954028 -0.63853951
  0.84777153 -2.31880664 -0.0258954   2.15332914 -0.16394192  0.38886667
  2.71395754  1.04622488  2.46285645  3.16174776  2.64140822 -2.93932952
  0.26537418 -0.81572872  1.75888675  2.86399317 -0.51095145 -2.31763476
  2.78736956 -3.21076727  0.79394315 -0.63487982 -1.74135907  2.69818398
 -1.80955056 -1.58813073 -2.30391389  2.18800698 -2.45128524  2.13559758
  2.07465241  1.53540767  2.38308448  2.80474827  1.64886112  1.20012664
 -1.51324532 -2.22927509  1.4713018   0.71194295  1.31361929 -3.01402369
 -0.37770304  2.51831702 -1.03585435  1.28752009  1.48329444  0.5445501
 -0.83302118  1.1151437   0.66824156 -0.38370038  2.80473746 -1.99307045
  1.53804642 -0.4868117   1.09033629 -2.84976605 -2.45832376  0.45773169
 -1.16150471 -0.49457612  0.36531632 -0.1112674  -1.65032844 -0.04116978
 -0.85970566  2.81181085 -1.06239938 -1.38013514 -0.94883436  1.0779654
  1.85224708 -0.69616531  1.97232753 -2.19417569 -0.34727729 -0.73251666
 -2.89008058  3.16480391 -1.63194496  3.1352248  -1.26602566 -2.70847979
  3.36217167 -1.23322291 -0.77649606 -2.88407587 -2.71720556  2.54564108
 -2.13655211 -2.04712777 -0.1815488   3.14998778  0.24664297  0.21384976
 -1.25020333 -0.67764018 -1.73376993 -3.03025055  2.87032655  1.23551003
 -0.48570734 -2.18838456  1.10971145 -1.10585762 -0.49042486 -2.73954091
 -2.06516889  1.86554816 -0.87381195  2.62185193 -0.45419529 -2.67151326
 -2.82019525  2.26182973 -3.14423343 -0.4453685  -1.00234819 -0.24660766
  2.34754186  1.84025293  0.01820744 -2.55288743 -2.65892179  0.24436972
 -0.76666226  1.24524131 -2.6277109   1.12505224 -0.38397805  0.42076264
  1.9190332   0.45811868  0.65074854 -1.27156716  1.79161221  2.93982505
  0.99593918  0.22180239 -1.1418124   2.42278765  0.72674081 -1.90977328
 -0.05037934  1.87092229  0.98664691 -1.08002965 -2.30130888  2.22238459
  2.00398639  1.92832337  2.29723371  1.91578713 -1.66121682 -3.10389831
  0.42852321  1.34475804 -2.26275519 -1.12583552  2.31183705  1.39294658
 -0.27195664 -1.84442283 -1.6482371   1.96528117  1.30723902 -1.01188315
 -0.23075444 -0.69309162 -0.30339025  2.30246073 -0.6619383  -0.93534324
  0.77591019 -2.35268939  0.59026874  2.78422851 -0.35242997  2.04722772
 -1.86126419 -1.35336614 -2.59736801 -2.42273016 -1.50153056 -3.02896641
  2.01620165  1.7819105   1.5815167   1.12533479  1.58819395 -2.4442157
 -2.50736723  1.78907348  1.03427232 -0.29185913 -2.47720441  1.43098282
 -1.04394799 -3.04762128 -0.0472068   1.89751597 -2.70128481 -2.36816592
  1.87611901  1.02966621 -0.62617481 -0.49631346 -0.92140774  1.96405523
  0.4726227  -0.35622599  0.40183268 -2.26662917  1.26136585 -0.15330702
  2.40236185  1.23319557  2.87809256 -1.05733879  2.10171171 -0.42989484
 -3.2684119   2.20322035  0.81147103  1.92881071 -1.28919665  1.43910622
 -2.12172264  0.20898501  0.08303727 -2.79059113 -0.90191453 -2.39307468
  0.07227822 -0.56898609]
Sat May 25 21:27:07 2024,995,0.09593800615397345,[-4.65847936  2.36664266 -1.84106079 -0.12409695  0.18672566 -2.68765085
  3.01282927  2.10571238  1.455187   -0.92536066  0.61239975  1.09170227
  1.13210058 -1.54196781  0.77712885  2.80621745 -0.79815524 -0.63691734
 -1.7547204   0.60195897  1.67657213  2.99185615 -1.20875788 -0.31571268
 -2.42357619 -2.3380368   2.9945818   2.76322745 -0.54433285 -2.36481306
  1.48280767 -0.05850797 -2.31787451  2.09556465  1.28954027 -0.6385395
  0.84777154 -2.31880663 -0.02589539  2.15332913 -0.16394193  0.38886668
  2.71395753  1.04622487  2.46285644  3.16174776  2.64140823 -2.93932951
  0.26537419 -0.81572873  1.75888674  2.86399316 -0.51095146 -2.31763475
  2.78736955 -3.21076726  0.79394314 -0.63487983 -1.74135908  2.69818397
 -1.80955057 -1.58813072 -2.30391388  2.18800697 -2.45128523  2.13559759
  2.0746524   1.53540767  2.38308447  2.80474826  1.64886113  1.20012665
 -1.51324533 -2.22927508  1.47130181  0.71194294  1.3136193  -3.0140237
 -0.37770305  2.51831703 -1.03585434  1.2875201   1.48329445  0.54455009
 -0.83302119  1.11514369  0.66824155 -0.38370037  2.80473747 -1.99307044
  1.53804641 -0.48681169  1.09033628 -2.84976604 -2.45832377  0.45773169
 -1.1615047  -0.49457611  0.36531633 -0.11126741 -1.65032845 -0.04116979
 -0.85970565  2.81181086 -1.06239937 -1.38013514 -0.94883437  1.07796541
  1.85224709 -0.6961653   1.97232752 -2.1941757  -0.3472773  -0.73251665
 -2.89008059  3.1648039  -1.63194495  3.13522479 -1.26602565 -2.70847978
  3.36217168 -1.2332229  -0.77649606 -2.88407588 -2.71720557  2.54564109
 -2.1365521  -2.04712776 -0.18154879  3.14998777  0.24664296  0.21384977
 -1.25020333 -0.67764019 -1.73376992 -3.03025054  2.87032654  1.23551002
 -0.48570735 -2.18838457  1.10971144 -1.10585761 -0.49042485 -2.7395409
 -2.0651689   1.86554817 -0.87381194  2.62185194 -0.45419528 -2.67151325
 -2.82019524  2.26182972 -3.14423342 -0.44536851 -1.0023482  -0.24660767
  2.34754187  1.84025294  0.01820745 -2.55288742 -2.6589218   0.24436973
 -0.76666225  1.24524132 -2.62771089  1.12505223 -0.38397805  0.42076263
  1.91903321  0.45811867  0.65074853 -1.27156715  1.7916122   2.93982504
  0.99593919  0.22180238 -1.14181239  2.42278764  0.72674082 -1.90977329
 -0.05037933  1.87092228  0.9866469  -1.08002964 -2.30130889  2.22238458
  2.00398638  1.92832338  2.2972337   1.91578714 -1.66121683 -3.10389832
  0.42852322  1.34475803 -2.26275518 -1.12583553  2.31183706  1.39294657
 -0.27195665 -1.84442284 -1.64823709  1.96528118  1.30723903 -1.01188316
 -0.23075443 -0.69309163 -0.30339026  2.30246074 -0.66193829 -0.93534325
  0.77591018 -2.35268938  0.59026875  2.7842285  -0.35242998  2.04722773
 -1.86126418 -1.35336613 -2.597368   -2.42273016 -1.50153057 -3.02896641
  2.01620166  1.78191051  1.58151671  1.1253348   1.58819396 -2.44421571
 -2.50736722  1.78907347  1.03427231 -0.29185914 -2.47720442  1.43098283
 -1.04394798 -3.04762127 -0.04720681  1.89751598 -2.70128482 -2.36816593
  1.87611902  1.02966622 -0.6261748  -0.49631347 -0.92140773  1.96405522
  0.47262271 -0.356226    0.40183267 -2.26662916  1.26136584 -0.15330703
  2.40236184  1.23319556  2.87809255 -1.05733878  2.1017117  -0.42989485
 -3.26841189  2.20322034  0.81147102  1.92881072 -1.28919666  1.43910623
 -2.12172265  0.208985    0.08303728 -2.79059114 -0.90191452 -2.39307469
  0.07227821 -0.56898608]
Sat May 25 21:27:31 2024,996,0.09593800615347726,[-4.65847937  2.36664265 -1.8410608  -0.12409694  0.18672567 -2.68765086
  3.01282928  2.10571237  1.45518699 -0.92536067  0.61239974  1.09170226
  1.13210059 -1.54196782  0.77712886  2.80621746 -0.79815525 -0.63691733
 -1.75472039  0.60195898  1.67657214  2.99185614 -1.20875789 -0.31571269
 -2.42357618 -2.33803681  2.99458179  2.76322744 -0.54433284 -2.36481305
  1.48280766 -0.05850798 -2.3178745   2.09556464  1.28954026 -0.63853951
  0.84777153 -2.31880664 -0.02589538  2.15332912 -0.16394194  0.38886667
  2.71395752  1.04622488  2.46285643  3.16174776  2.64140824 -2.9393295
  0.26537418 -0.81572872  1.75888673  2.86399315 -0.51095145 -2.31763476
  2.78736956 -3.21076725  0.79394315 -0.63487982 -1.74135909  2.69818396
 -1.80955056 -1.58813073 -2.30391389  2.18800698 -2.45128524  2.13559758
  2.07465241  1.53540767  2.38308448  2.80474825  1.64886114  1.20012664
 -1.51324532 -2.22927509  1.4713018   0.71194293  1.31361931 -3.01402369
 -0.37770304  2.51831704 -1.03585434  1.28752011  1.48329444  0.54455008
 -0.83302118  1.11514368  0.66824156 -0.38370038  2.80473746 -1.99307043
  1.53804642 -0.48681168  1.09033627 -2.84976603 -2.45832376  0.45773168
 -1.16150469 -0.4945761   0.36531634 -0.11126742 -1.65032844 -0.04116978
 -0.85970564  2.81181085 -1.06239936 -1.38013515 -0.94883438  1.0779654
  1.85224708 -0.69616529  1.97232753 -2.19417569 -0.34727731 -0.73251666
 -2.8900806   3.16480389 -1.63194494  3.13522478 -1.26602566 -2.70847979
  3.36217167 -1.23322291 -0.77649605 -2.88407587 -2.71720556  2.54564108
 -2.13655209 -2.04712775 -0.18154878  3.14998776  0.24664295  0.21384976
 -1.25020333 -0.6776402  -1.73376991 -3.03025055  2.87032655  1.23551001
 -0.48570736 -2.18838458  1.10971143 -1.1058576  -0.49042486 -2.73954091
 -2.06516889  1.86554816 -0.87381195  2.62185193 -0.45419529 -2.67151326
 -2.82019523  2.26182971 -3.14423341 -0.4453685  -1.00234819 -0.24660766
  2.34754188  1.84025293  0.01820746 -2.55288741 -2.65892181  0.24436974
 -0.76666224  1.24524131 -2.62771088  1.12505222 -0.38397806  0.42076264
  1.91903322  0.45811868  0.65074852 -1.27156716  1.79161221  2.93982505
  0.99593918  0.22180237 -1.14181238  2.42278763  0.72674081 -1.90977328
 -0.05037932  1.87092228  0.98664691 -1.08002965 -2.3013089   2.22238459
  2.00398639  1.92832337  2.29723371  1.91578715 -1.66121684 -3.10389831
  0.42852321  1.34475804 -2.26275517 -1.12583554  2.31183705  1.39294656
 -0.27195666 -1.84442285 -1.6482371   1.96528119  1.30723902 -1.01188317
 -0.23075442 -0.69309162 -0.30339027  2.30246075 -0.6619383  -0.93534326
  0.77591017 -2.35268937  0.59026874  2.78422849 -0.35242997  2.04722772
 -1.86126417 -1.35336614 -2.59736801 -2.42273016 -1.50153058 -3.02896642
  2.01620165  1.78191052  1.5815167   1.12533481  1.58819395 -2.4442157
 -2.50736721  1.78907346  1.03427232 -0.29185915 -2.47720443  1.43098284
 -1.04394797 -3.04762128 -0.0472068   1.89751597 -2.70128483 -2.36816594
  1.87611901  1.02966623 -0.62617479 -0.49631346 -0.92140772  1.96405523
  0.4726227  -0.35622601  0.40183268 -2.26662917  1.26136583 -0.15330702
  2.40236183  1.23319555  2.87809254 -1.05733879  2.10171171 -0.42989486
 -3.2684119   2.20322033  0.81147103  1.92881073 -1.28919665  1.43910622
 -2.12172266  0.20898501  0.08303729 -2.79059115 -0.90191451 -2.39307468
  0.07227822 -0.56898609]
Sat May 25 21:27:54 2024,997,0.09593800615298126,[-4.65847938  2.36664266 -1.84106081 -0.12409695  0.18672568 -2.68765085
  3.01282929  2.10571238  1.45518698 -0.92536068  0.61239973  1.09170225
  1.1321006  -1.54196783  0.77712885  2.80621747 -0.79815524 -0.63691732
 -1.7547204   0.60195899  1.67657213  2.99185615 -1.20875788 -0.3157127
 -2.42357619 -2.3380368   2.99458178  2.76322743 -0.54433283 -2.36481304
  1.48280767 -0.05850799 -2.31787449  2.09556465  1.28954025 -0.6385395
  0.84777152 -2.31880663 -0.02589537  2.15332911 -0.16394193  0.38886666
  2.71395753  1.04622489  2.46285642  3.16174776  2.64140825 -2.93932951
  0.26537417 -0.81572871  1.75888672  2.86399316 -0.51095144 -2.31763475
  2.78736957 -3.21076724  0.79394314 -0.63487981 -1.74135908  2.69818395
 -1.80955055 -1.58813074 -2.3039139   2.18800699 -2.45128523  2.13559757
  2.0746524   1.53540767  2.38308449  2.80474824  1.64886115  1.20012663
 -1.51324533 -2.2292751   1.47130179  0.71194292  1.3136193  -3.0140237
 -0.37770305  2.51831703 -1.03585434  1.2875201   1.48329445  0.54455007
 -0.83302117  1.11514367  0.66824155 -0.38370039  2.80473747 -1.99307044
  1.53804641 -0.48681167  1.09033626 -2.84976604 -2.45832375  0.45773167
 -1.1615047  -0.49457609  0.36531633 -0.11126743 -1.65032843 -0.04116979
 -0.85970565  2.81181084 -1.06239935 -1.38013516 -0.94883437  1.07796539
  1.85224707 -0.69616528  1.97232754 -2.19417568 -0.34727732 -0.73251667
 -2.89008059  3.1648039  -1.63194493  3.13522479 -1.26602567 -2.7084798
  3.36217168 -1.2332229  -0.77649606 -2.88407586 -2.71720557  2.54564109
 -2.13655208 -2.04712776 -0.18154879  3.14998777  0.24664294  0.21384975
 -1.25020332 -0.67764019 -1.7337699  -3.03025056  2.87032656  1.23551
 -0.48570735 -2.18838457  1.10971144 -1.10585761 -0.49042485 -2.7395409
 -2.0651689   1.86554817 -0.87381194  2.62185194 -0.4541953  -2.67151325
 -2.82019524  2.2618297  -3.1442334  -0.44536849 -1.0023482  -0.24660767
  2.34754187  1.84025292  0.01820745 -2.55288742 -2.65892182  0.24436973
 -0.76666225  1.24524132 -2.62771087  1.12505221 -0.38397807  0.42076263
  1.91903323  0.45811867  0.65074853 -1.27156717  1.79161222  2.93982504
  0.99593919  0.22180238 -1.14181237  2.42278762  0.72674082 -1.90977327
 -0.05037933  1.87092228  0.9866469  -1.08002966 -2.30130891  2.22238459
  2.0039864   1.92832336  2.29723372  1.91578714 -1.66121684 -3.1038983
  0.4285232   1.34475805 -2.26275516 -1.12583555  2.31183706  1.39294657
 -0.27195667 -1.84442284 -1.64823711  1.96528118  1.30723903 -1.01188316
 -0.23075441 -0.69309161 -0.30339028  2.30246074 -0.66193829 -0.93534327
  0.77591018 -2.35268938  0.59026874  2.78422848 -0.35242998  2.04722771
 -1.86126416 -1.35336615 -2.597368   -2.42273015 -1.50153057 -3.02896643
  2.01620164  1.78191051  1.58151669  1.1253348   1.58819394 -2.44421571
 -2.50736722  1.78907347  1.03427231 -0.29185914 -2.47720444  1.43098283
 -1.04394796 -3.04762127 -0.04720681  1.89751598 -2.70128482 -2.36816595
  1.876119    1.02966622 -0.6261748  -0.49631347 -0.92140771  1.96405524
  0.47262269 -0.35622602  0.40183269 -2.26662917  1.26136582 -0.15330703
  2.40236182  1.23319556  2.87809253 -1.0573388   2.1017117  -0.42989485
 -3.26841191  2.20322034  0.81147104  1.92881074 -1.28919666  1.43910623
 -2.12172267  0.208985    0.08303728 -2.79059116 -0.90191452 -2.39307467
  0.07227823 -0.5689861 ]
Sat May 25 21:28:17 2024,998,0.09593800615248603,[-4.65847939  2.36664267 -1.8410608  -0.12409696  0.18672569 -2.68765086
  3.01282928  2.10571239  1.45518697 -0.92536069  0.61239974  1.09170226
  1.13210061 -1.54196782  0.77712884  2.80621746 -0.79815524 -0.63691731
 -1.75472041  0.60195898  1.67657214  2.99185616 -1.20875789 -0.31571269
 -2.4235762  -2.33803681  2.99458177  2.76322742 -0.54433284 -2.36481305
  1.48280766 -0.05850798 -2.3178745   2.09556464  1.28954024 -0.63853951
  0.84777151 -2.31880664 -0.02589536  2.1533291  -0.16394194  0.38886667
  2.71395752  1.04622488  2.46285641  3.16174775  2.64140826 -2.93932952
  0.26537418 -0.81572872  1.75888671  2.86399317 -0.51095143 -2.31763474
  2.78736956 -3.21076723  0.79394315 -0.63487982 -1.74135907  2.69818396
 -1.80955056 -1.58813073 -2.30391391  2.18800698 -2.45128524  2.13559756
  2.07465239  1.53540766  2.38308448  2.80474825  1.64886114  1.20012664
 -1.51324534 -2.22927509  1.4713018   0.71194291  1.31361931 -3.0140237
 -0.37770306  2.51831704 -1.03585434  1.28752009  1.48329444  0.54455008
 -0.83302116  1.11514366  0.66824154 -0.38370038  2.80473748 -1.99307043
  1.5380464  -0.48681166  1.09033627 -2.84976603 -2.45832376  0.45773166
 -1.16150471 -0.4945761   0.36531632 -0.11126744 -1.65032842 -0.04116978
 -0.85970566  2.81181083 -1.06239936 -1.38013517 -0.94883438  1.07796538
  1.85224706 -0.69616529  1.97232755 -2.19417567 -0.34727731 -0.73251666
 -2.8900806   3.16480391 -1.63194492  3.13522478 -1.26602566 -2.70847979
  3.36217167 -1.23322289 -0.77649605 -2.88407585 -2.71720558  2.54564108
 -2.13655209 -2.04712777 -0.1815488   3.14998778  0.24664295  0.21384974
 -1.25020331 -0.6776402  -1.73376991 -3.03025055  2.87032655  1.23551001
 -0.48570736 -2.18838458  1.10971143 -1.1058576  -0.49042484 -2.73954089
 -2.06516889  1.86554816 -0.87381193  2.62185193 -0.45419529 -2.67151324
 -2.82019523  2.26182971 -3.14423339 -0.4453685  -1.00234821 -0.24660766
  2.34754186  1.84025293  0.01820744 -2.55288741 -2.65892183  0.24436972
 -0.76666226  1.24524131 -2.62771086  1.1250522  -0.38397808  0.42076262
  1.91903324  0.45811866  0.65074852 -1.27156716  1.79161221  2.93982503
  0.9959392   0.22180237 -1.14181238  2.42278763  0.72674083 -1.90977328
 -0.05037932  1.87092228  0.98664689 -1.08002967 -2.3013089   2.22238459
  2.00398639  1.92832335  2.29723373  1.91578715 -1.66121684 -3.10389829
  0.42852321  1.34475804 -2.26275515 -1.12583556  2.31183705  1.39294658
 -0.27195668 -1.84442285 -1.6482371   1.96528117  1.30723902 -1.01188317
 -0.2307544  -0.69309162 -0.30339029  2.30246075 -0.66193828 -0.93534326
  0.77591017 -2.35268939  0.59026873  2.78422849 -0.35242997  2.04722772
 -1.86126415 -1.35336614 -2.597368   -2.42273014 -1.50153056 -3.02896644
  2.01620163  1.78191052  1.5815167   1.12533481  1.58819395 -2.44421572
 -2.50736721  1.78907346  1.0342723  -0.29185913 -2.47720443  1.43098284
 -1.04394797 -3.04762126 -0.0472068   1.89751599 -2.70128481 -2.36816596
  1.87611899  1.02966621 -0.62617479 -0.49631346 -0.9214077   1.96405523
  0.47262268 -0.35622603  0.4018327  -2.26662916  1.26136583 -0.15330704
  2.40236181  1.23319557  2.87809252 -1.05733881  2.10171171 -0.42989484
 -3.2684119   2.20322033  0.81147105  1.92881073 -1.28919667  1.43910622
 -2.12172266  0.20898499  0.08303727 -2.79059117 -0.90191453 -2.39307468
  0.07227823 -0.56898609]
Sat May 25 21:28:40 2024,999,0.09593800615199193,[-4.6584794   2.36664268 -1.84106081 -0.12409695  0.1867257  -2.68765085
  3.01282929  2.10571238  1.45518696 -0.92536068  0.61239973  1.09170227
  1.13210062 -1.54196783  0.77712885  2.80621747 -0.79815524 -0.6369173
 -1.7547204   0.60195899  1.67657215  2.99185617 -1.2087579  -0.31571268
 -2.42357621 -2.3380368   2.99458178  2.76322743 -0.54433285 -2.36481306
  1.48280767 -0.05850799 -2.31787449  2.09556465  1.28954025 -0.63853952
  0.84777152 -2.31880665 -0.02589535  2.15332909 -0.16394195  0.38886666
  2.71395751  1.04622487  2.46285642  3.16174776  2.64140827 -2.93932951
  0.26537419 -0.81572871  1.7588867   2.86399318 -0.51095142 -2.31763475
  2.78736955 -3.21076724  0.79394316 -0.63487983 -1.74135908  2.69818397
 -1.80955055 -1.58813074 -2.30391392  2.18800697 -2.45128525  2.13559755
  2.07465238  1.53540765  2.38308447  2.80474824  1.64886113  1.20012663
 -1.51324535 -2.2292751   1.47130181  0.7119429   1.31361932 -3.01402371
 -0.37770305  2.51831703 -1.03585433  1.28752008  1.48329443  0.54455009
 -0.83302117  1.11514365  0.66824153 -0.38370037  2.80473749 -1.99307044
  1.53804639 -0.48681167  1.09033628 -2.84976604 -2.45832375  0.45773167
 -1.16150472 -0.49457611  0.36531631 -0.11126743 -1.65032841 -0.04116977
 -0.85970567  2.81181084 -1.06239935 -1.38013518 -0.94883439  1.07796537
  1.85224707 -0.6961653   1.97232754 -2.19417566 -0.3472773  -0.73251667
 -2.89008059  3.1648039  -1.63194493  3.13522477 -1.26602565 -2.70847978
  3.36217168 -1.23322288 -0.77649604 -2.88407586 -2.71720557  2.54564107
 -2.1365521  -2.04712778 -0.18154879  3.14998778  0.24664294  0.21384975
 -1.25020332 -0.67764021 -1.73376992 -3.03025056  2.87032654  1.23551
 -0.48570735 -2.18838459  1.10971144 -1.10585761 -0.49042483 -2.7395409
 -2.06516888  1.86554815 -0.87381194  2.62185192 -0.4541953  -2.67151325
 -2.82019524  2.2618297  -3.1442334  -0.44536849 -1.00234822 -0.24660765
  2.34754185  1.84025292  0.01820743 -2.55288742 -2.65892184  0.24436971
 -0.76666225  1.24524132 -2.62771085  1.12505221 -0.38397807  0.42076261
  1.91903323  0.45811865  0.65074853 -1.27156717  1.7916122   2.93982502
  0.99593921  0.22180236 -1.14181237  2.42278764  0.72674082 -1.90977329
 -0.05037931  1.87092228  0.98664688 -1.08002968 -2.30130891  2.22238458
  2.00398638  1.92832334  2.29723374  1.91578716 -1.66121684 -3.1038983
  0.42852322  1.34475803 -2.26275516 -1.12583557  2.31183706  1.39294659
 -0.27195669 -1.84442284 -1.64823709  1.96528116  1.30723903 -1.01188318
 -0.23075441 -0.69309161 -0.30339028  2.30246076 -0.66193829 -0.93534327
  0.77591016 -2.3526894   0.59026874  2.78422848 -0.35242998  2.04722773
 -1.86126416 -1.35336615 -2.59736799 -2.42273013 -1.50153057 -3.02896645
  2.01620164  1.78191053  1.58151671  1.12533482  1.58819396 -2.44421573
 -2.50736722  1.78907345  1.03427229 -0.29185912 -2.47720442  1.43098283
 -1.04394798 -3.04762125 -0.04720681  1.897516   -2.7012848  -2.36816595
  1.876119    1.02966622 -0.62617478 -0.49631345 -0.92140769  1.96405522
  0.47262267 -0.35622604  0.40183269 -2.26662915  1.26136584 -0.15330705
  2.4023618   1.23319556  2.87809253 -1.0573388   2.1017117  -0.42989485
 -3.26841191  2.20322034  0.81147104  1.92881074 -1.28919668  1.43910621
 -2.12172265  0.208985    0.08303726 -2.79059118 -0.90191454 -2.39307467
  0.07227823 -0.56898608]
