Time,Iteration,Cost,Parameters
Thu Jun 13 19:52:39 2024,0,0.48647605675691974,[-2.91995567  2.22066241 -2.10750741 -0.0997588   0.5706593  -2.7868812
  3.05181276  2.17282923  1.20229221 -1.08325531  0.61948733  1.16109668
  1.32707121 -1.89031903  0.74642303  2.90255642 -0.56211558 -0.45845263
 -2.04331463  0.71220147  1.62189886  2.8475433  -1.28133932 -0.23458882
 -2.37601995 -2.25632552  3.11659932  2.56534181 -0.6922801  -2.70679424
  1.500244   -0.06324451 -2.32594148  2.02365991  1.13539089 -0.63378276
  1.02788146 -1.90378793 -0.30390765  2.3054881  -0.1890787   0.58314656
  2.67305909  1.05596139  2.59780089  2.9257681   2.78191813 -2.96255793
  0.38361281 -0.64048684  1.66836309  2.66364919 -0.26872177 -2.44130684
  2.65247747 -3.06253207  0.77452502 -0.74224548 -1.8009934   3.01546082
 -1.87564392 -1.62056865 -2.53693602  2.32603855 -2.27598546  1.96856329
  1.89203792  1.40840092  2.58253663  2.85470246  1.83054818  1.50460205
 -1.68189311 -2.36108439  1.21615189  0.68166251  1.5916133  -2.84358104
 -0.44674153  2.40513746 -0.91638851  1.41462558  1.69834469  0.5383186
 -0.91937605  1.20260128  0.70889406 -0.38611957  2.70043671 -2.23496423
  1.52194535 -0.54776409  1.0631215  -2.94081238 -2.27749346  0.41287957
 -1.07556382 -0.41771599  0.40584106 -0.08770559 -1.61987802 -0.14272323
 -0.68977218  2.87725786 -1.23095726 -1.12772229 -1.24789345  1.24999619
  1.66803459 -0.78542899  1.97509001 -1.95417168 -0.30817147 -0.86969148
 -2.96896751  3.06347795 -1.7425936   3.10837362 -1.29633578 -2.76561389
  3.08973057 -1.19421749 -0.69648779 -3.06607087 -2.47763164  2.82079827
 -2.03991312 -1.97315836 -0.47512292  3.14715262  0.27138326  0.09436056
 -1.5699676  -0.34875186 -1.53695124 -3.12487709  2.8373915   1.06215471
 -0.42803346 -2.24303179  0.97584366 -1.33869715 -0.20458865 -2.29772353
 -1.84494624  1.81584833 -0.97616328  2.6843002  -0.56359839 -3.09582095
 -2.88980166  2.01137537 -3.1128836  -0.25628151 -1.07894348 -0.23489045
  2.46554725  1.84742662  0.05718417 -2.50961947 -2.73193456  0.16328136
 -0.80578164  1.39942068 -2.59366665  0.96090393 -0.11103391  0.32577623
  1.97591987  0.68089098  0.68696111 -1.25852349  1.84789728  2.5137444
  1.11735775  0.289164   -1.13010826  2.46339981  0.72533521 -2.04066095
  0.05663434  1.91828618  1.00456397 -0.77053061 -2.39504582  2.5221975
  2.00874095  1.76695525  2.2100704   1.70667383 -1.73787579 -2.84845699
  0.66353593  1.51440801 -2.28301672 -1.35605983  2.35033213  1.38327271
 -0.25156915 -1.84356923 -1.58933826  1.94989019  1.49484613 -0.93909104
 -0.10549565 -0.4423369  -0.26571346  2.33794631 -0.38595144 -0.76873859
  0.84556705 -2.37754942  0.87797738  2.57426048 -0.51366923  2.23462917
 -1.96237792 -1.06479465 -2.49120349 -2.29652121 -1.51984787 -3.07535275
  1.67780783  1.75482632  1.48048682  1.04706891  1.30490134 -2.2199123
 -2.73974963  1.72652761  0.98123342 -0.37214818 -2.58967419  1.58570983
 -1.16985155 -2.73108019 -0.13520981]
Thu Jun 13 19:52:53 2024,1,0.48078965807307705,[-2.93063964  2.23134637 -2.11819137 -0.08907484  0.55997534 -2.79756516
  3.06249672  2.18351319  1.19160825 -1.07257135  0.60880337  1.17178064
  1.33775517 -1.87963506  0.73573907  2.89187246 -0.55143161 -0.44776866
 -2.05399859  0.70151751  1.63258283  2.83685933 -1.27065536 -0.22390486
 -2.38670392 -2.24564155  3.12728329  2.57602577 -0.68159614 -2.71747821
  1.51092797 -0.07392847 -2.33662544  2.01297595  1.14607486 -0.6230988
  1.03856543 -1.89310397 -0.29322369  2.31617207 -0.19976266  0.59383052
  2.66237512  1.04527743  2.60848485  2.91508413  2.79260209 -2.9732419
  0.39429678 -0.62980288  1.67904705  2.67433315 -0.27940573 -2.43062287
  2.66316144 -3.07321603  0.78520898 -0.73156152 -1.79030944  3.02614478
 -1.88632788 -1.63125261 -2.54761998  2.33672251 -2.2653015   1.97924726
  1.90272188  1.41908488  2.57185267  2.86538643  1.84123215  1.51528601
 -1.69257707 -2.35040043  1.22683585  0.67097855  1.60229726 -2.85426501
 -0.43605757  2.3944535  -0.90570455  1.40394162  1.68766073  0.54900256
 -0.93006002  1.21328524  0.6982101  -0.39680354  2.71112068 -2.22428026
  1.53262932 -0.55844806  1.05243754 -2.93012842 -2.2668095   0.40219561
 -1.06487986 -0.42839996  0.41652502 -0.09838955 -1.63056198 -0.1534072
 -0.70045614  2.88794183 -1.24164123 -1.13840626 -1.23720948  1.23931223
  1.67871855 -0.77474503  1.98577397 -1.94348772 -0.2974875  -0.85900751
 -2.95828355  3.07416191 -1.73190964  3.11905758 -1.28565181 -2.77629785
  3.07904661 -1.18353353 -0.70717176 -3.05538691 -2.4883156   2.8101143
 -2.05059709 -1.9624744  -0.48580688  3.15783658  0.2606993   0.10504452
 -1.55928364 -0.3380679  -1.52626728 -3.13556105  2.84807546  1.07283867
 -0.43871742 -2.25371575  0.98652763 -1.32801318 -0.21527262 -2.28703956
 -1.83426228  1.82653229 -0.96547932  2.69498417 -0.55291443 -3.10650491
 -2.90048562  2.00069141 -3.10219964 -0.24559755 -1.06825952 -0.24557441
  2.45486328  1.83674266  0.04650021 -2.52030344 -2.7212506   0.17396532
 -0.8164656   1.41010464 -2.60435061  0.9715879  -0.12171788  0.31509227
  1.9652359   0.69157495  0.69764507 -1.24783953  1.85858124  2.52442836
  1.12804171  0.29984796 -1.1194243   2.45271584  0.71465125 -2.05134491
  0.0673183   1.92897014  0.99388001 -0.75984665 -2.40572978  2.51151354
  1.99805698  1.77763921  2.22075437  1.71735779 -1.74855975 -2.83777302
  0.65285197  1.52509198 -2.29370068 -1.34537587  2.36101609  1.39395667
 -0.26225312 -1.8542532  -1.5786543   1.93920623  1.50553009 -0.92840707
 -0.09481168 -0.43165294 -0.27639742  2.34863028 -0.39663541 -0.75805462
  0.83488309 -2.36686546  0.88866134  2.56357651 -0.50298527  2.24531314
 -1.97306188 -1.07547861 -2.50188745 -2.28583725 -1.5091639  -3.08603671
  1.6884918   1.76551029  1.46980285  1.03638495  1.31558531 -2.23059626
 -2.75043359  1.73721158  0.99191739 -0.36146422 -2.57899023  1.59639379
 -1.18053552 -2.72039623 -0.12452585]
Thu Jun 13 19:53:07 2024,2,0.48132883798682025,[-2.93979627  2.24050301 -2.10903474 -0.0799182   0.5508187  -2.8067218
  3.05334008  2.19266983  1.18245161 -1.06341471  0.59964673  1.162624
  1.34691181 -1.87047843  0.7448957   2.90102909 -0.54227498 -0.43861203
 -2.06315523  0.69236087  1.64173946  2.84601597 -1.279812   -0.23306149
 -2.37754728 -2.25479819  3.13643992  2.56686913 -0.6724395  -2.70832157
  1.50177133 -0.08308511 -2.32746881  2.00381931  1.15523149 -0.61394216
  1.02940879 -1.88394733 -0.30238033  2.3253287  -0.19060602  0.58467388
  2.65321849  1.03612079  2.61764149  2.9059275   2.78344546 -2.96408526
  0.38514014 -0.62064624  1.66989041  2.66517652 -0.2702491  -2.42146624
  2.67231807 -3.08237267  0.79436562 -0.72240488 -1.79946607  3.01698815
 -1.89548452 -1.64040925 -2.55677662  2.32756587 -2.25614486  1.98840389
  1.91187852  1.42824152  2.56269603  2.85622979  1.85038878  1.52444265
 -1.70173371 -2.34124379  1.23599248  0.66182191  1.6114539  -2.86342164
 -0.4452142   2.40361014 -0.89654791  1.39478498  1.69681737  0.5581592
 -0.92090338  1.20412861  0.70736674 -0.3876469   2.70196404 -2.21512363
  1.54178595 -0.54929142  1.0432809  -2.93928506 -2.27596614  0.39303897
 -1.05572323 -0.41924332  0.42568166 -0.08923291 -1.63971862 -0.16256383
 -0.69129951  2.89709846 -1.23248459 -1.14756289 -1.22805285  1.23015559
  1.68787519 -0.76558839  1.97661733 -1.93433109 -0.30664414 -0.84985088
 -2.96744019  3.06500527 -1.722753    3.10990095 -1.29480845 -2.76714121
  3.06988997 -1.19269017 -0.69801512 -3.06454354 -2.47915896  2.80095767
 -2.04144045 -1.95331776 -0.49496352  3.14867995  0.26985593  0.09588788
 -1.56844028 -0.32891126 -1.53542392 -3.14471769  2.83891882  1.08199531
 -0.42956079 -2.24455912  0.97737099 -1.33716982 -0.22442925 -2.27788293
 -1.82510564  1.81737565 -0.97463596  2.7041408  -0.56207107 -3.11566155
 -2.89132898  2.00984805 -3.11135627 -0.25475419 -1.05910288 -0.25473105
  2.44570665  1.82758602  0.05565685 -2.5111468  -2.71209396  0.18312196
 -0.80730897  1.400948   -2.61350725  0.96243126 -0.13087451  0.30593563
  1.95607927  0.68241831  0.70680171 -1.23868289  1.84942461  2.51527172
  1.13719835  0.29069133 -1.12858094  2.44355921  0.72380788 -2.04218827
  0.07647494  1.9198135   1.00303665 -0.75069001 -2.39657314  2.5023569
  2.00721362  1.78679585  2.229911    1.72651443 -1.75771639 -2.84692966
  0.66200861  1.53424861 -2.28454404 -1.35453251  2.37017273  1.38480004
 -0.27140975 -1.86340983 -1.56949766  1.93004959  1.51468673 -0.93756371
 -0.10396832 -0.44080958 -0.26724078  2.35778691 -0.40579204 -0.74889799
  0.82572645 -2.35770882  0.89781798  2.55441988 -0.5121419   2.2361565
 -1.98221852 -1.08463524 -2.51104409 -2.27668061 -1.51832054 -3.07688007
  1.67933516  1.77466692  1.47895949  1.04554159  1.32474194 -2.22143962
 -2.74127695  1.74636821  0.98276075 -0.35230758 -2.56983359  1.58723715
 -1.17137888 -2.71123959 -0.11536921]
Thu Jun 13 19:53:21 2024,3,0.48131529744580365,[-2.93899267  2.24130661 -2.10983834 -0.08072181  0.55162231 -2.8075254
  3.05414369  2.19347343  1.18325522 -1.06261111  0.60045033  1.16342761
  1.34610821 -1.87128203  0.74569931  2.90022549 -0.54307858 -0.43780842
 -2.06395883  0.69155727  1.64093586  2.84521237 -1.27900839 -0.23225789
 -2.37835088 -2.25399459  3.13724353  2.56767274 -0.67163589 -2.70912517
  1.50257494 -0.08388871 -2.32827241  2.00301571  1.15442789 -0.61474576
  1.03021239 -1.88475094 -0.30157672  2.3245251  -0.18980242  0.58547749
  2.65241488  1.03531719  2.61683789  2.9067311   2.78264185 -2.96488886
  0.38594375 -0.62144985  1.66908681  2.66598012 -0.2710527  -2.42066263
  2.67312168 -3.08156906  0.79356201 -0.72320849 -1.79866247  3.01779175
 -1.89628812 -1.64121286 -2.55758022  2.32676227 -2.25534125  1.98760029
  1.91107491  1.42904513  2.56189242  2.85542618  1.84958518  1.52363905
 -1.7009301  -2.3420474   1.23679609  0.66101831  1.6122575  -2.86261804
 -0.44601781  2.40441374 -0.89735151  1.39558859  1.69601376  0.55735559
 -0.92009977  1.203325    0.70656313 -0.38684329  2.70276764 -2.21432002
  1.54258956 -0.54848782  1.04408451 -2.94008866 -2.27676974  0.39223537
 -1.05652683 -0.42004692  0.42648526 -0.08842931 -1.64052223 -0.16176023
 -0.69210311  2.89629486 -1.23168098 -1.1483665  -1.22724924  1.2309592
  1.68707158 -0.766392    1.97742094 -1.93352748 -0.30744775 -0.85065448
 -2.96824379  3.06580888 -1.7219494   3.10909734 -1.29561205 -2.76633761
  3.06908636 -1.19349377 -0.69721151 -3.06534715 -2.47835536  2.80176127
 -2.04224405 -1.95251416 -0.49576712  3.14948355  0.26905233  0.09669149
 -1.56763667 -0.32971487 -1.53462031 -3.14552129  2.83972243  1.0811917
 -0.43036439 -2.24375551  0.97817459 -1.33636621 -0.22362565 -2.27868653
 -1.82430204  1.81657205 -0.97543956  2.70494441 -0.56126746 -3.11485795
 -2.89213259  2.00904444 -3.11055267 -0.25395058 -1.05990649 -0.25553465
  2.44490304  1.82678242  0.05485324 -2.51195041 -2.71289756  0.18392556
 -0.80811257  1.40175161 -2.61270364  0.96162765 -0.13167812  0.30513203
  1.95527566  0.68161471  0.70599811 -1.23787929  1.85022821  2.51446812
  1.13639474  0.28988772 -1.12777733  2.4427556   0.72300428 -2.04299188
  0.07567133  1.9190099   1.00223304 -0.74988641 -2.39737675  2.50316051
  2.00801723  1.78599225  2.2291074   1.72571083 -1.75691278 -2.84773326
  0.66281221  1.53344501 -2.28534765 -1.3537289   2.37097633  1.38560364
 -0.27221336 -1.86421344 -1.56869406  1.9308532   1.51388313 -0.93836732
 -0.10316472 -0.44161318 -0.26804439  2.35859052 -0.40498844 -0.74970159
  0.82492285 -2.35690522  0.89862158  2.55522348 -0.51294551  2.23535289
 -1.98141491 -1.08383164 -2.51024048 -2.27748421 -1.51751694 -3.07607647
  1.68013876  1.77547053  1.4797631   1.04473798  1.32554555 -2.22224323
 -2.74047335  1.74717182  0.98356436 -0.35311119 -2.57063719  1.58804076
 -1.17057528 -2.71043599 -0.11456561]
Thu Jun 13 19:53:51 2024,4,0.46902546944746637,[-2.96276775  2.2650817  -2.08606326 -0.05694672  0.52784723 -2.78375032
  3.03036861  2.16969835  1.2070303  -1.03883602  0.57667525  1.13965253
  1.36988329 -1.84750695  0.72192423  2.92400057 -0.5193035  -0.41403334
 -2.04018375  0.71533235  1.66471094  2.86898745 -1.30278347 -0.25603297
 -2.3545758  -2.23021951  3.11346845  2.59144782 -0.69541098 -2.68535009
  1.47879985 -0.1076638  -2.35204749  1.97924063  1.17820297 -0.63852085
  1.00643731 -1.86097585 -0.3253518   2.34830018 -0.16602734  0.60925257
  2.6286398   1.0115421   2.64061297  2.88295602  2.75886677 -2.94111378
  0.36216866 -0.59767477  1.69286189  2.64220504 -0.29482778 -2.39688755
  2.69689676 -3.05779398  0.76978693 -0.74698357 -1.77488739  2.99401667
 -1.87251304 -1.66498794 -2.53380514  2.35053735 -2.23156617  2.01137537
  1.93484999  1.40527004  2.58566751  2.87920127  1.87336026  1.49986396
 -1.67715502 -2.36582248  1.21302101  0.68479339  1.63603259 -2.83884296
 -0.42224273  2.38063866 -0.92112659  1.41936367  1.67223868  0.58113067
 -0.94387486  1.17954992  0.73033821 -0.41061838  2.72654273 -2.2380951
  1.56636464 -0.5722629   1.02030943 -2.91631358 -2.25299466  0.36846029
 -1.03275175 -0.39627184  0.40271018 -0.11220439 -1.61674714 -0.18553531
 -0.71587819  2.92006994 -1.2079059  -1.17214158 -1.20347416  1.20718411
  1.6632965  -0.79016708  1.95364585 -1.9097524  -0.33122283 -0.87442956
 -2.99201887  3.08958396 -1.69817431  3.13287242 -1.27183697 -2.79011269
  3.04531128 -1.16971869 -0.7209866  -3.08912223 -2.50213044  2.77798619
 -2.06601914 -1.92873908 -0.51954221  3.12570847  0.24527725  0.12046657
 -1.54386159 -0.30593978 -1.55839539 -3.12174621  2.86349751  1.10496678
 -0.40658931 -2.26753059  1.00194968 -1.3601413  -0.24740073 -2.25491145
 -1.84807712  1.84034713 -0.95166448  2.68116933 -0.58504254 -3.13863303
 -2.91590767  2.03281952 -3.08677759 -0.27772567 -1.03613141 -0.23175957
  2.46867812  1.8505575   0.03107816 -2.48817532 -2.73667265  0.20770064
 -0.78433749  1.37797652 -2.63647872  0.98540274 -0.10790304  0.28135695
  1.93150058  0.70538979  0.72977319 -1.26165437  1.82645313  2.5382432
  1.16016983  0.26611264 -1.10400225  2.46653068  0.74677936 -2.06676696
  0.09944641  1.89523482  0.97845796 -0.72611133 -2.42115183  2.52693559
  1.98424214  1.76221716  2.20533232  1.70193575 -1.78068786 -2.82395818
  0.63903713  1.50966993 -2.26157257 -1.32995382  2.39475141  1.40937872
 -0.24843828 -1.84043836 -1.54491897  1.95462828  1.49010804 -0.91459223
 -0.1269398  -0.46538826 -0.2442693   2.3823656  -0.42876352 -0.72592651
  0.80114776 -2.33313014  0.8748465   2.57899856 -0.48917043  2.21157781
 -1.95763983 -1.06005656 -2.4864654  -2.25370913 -1.49374186 -3.05230139
  1.70391384  1.79924561  1.45598801  1.06851307  1.34932063 -2.24601831
 -2.71669827  1.72339674  1.00733944 -0.32933611 -2.54686211  1.61181584
 -1.14680019 -2.68666091 -0.13834069]
Thu Jun 13 19:54:10 2024,5,0.46900612388843577,[-2.96122309  2.26353703 -2.08760792 -0.05849139  0.52939189 -2.78220566
  3.02882394  2.17124301  1.20548563 -1.04038069  0.57821991  1.13810786
  1.36833862 -1.84596229  0.72037956  2.92554523 -0.51775883 -0.41248868
 -2.03863909  0.71687701  1.66316628  2.86744278 -1.30123881 -0.25757763
 -2.35303114 -2.23176417  3.11501311  2.58990316 -0.69386631 -2.68380543
  1.48034452 -0.10611913 -2.35050283  1.98078529  1.17665831 -0.63697618
  1.00489265 -1.86252052 -0.32689647  2.34984484 -0.167572    0.60770791
  2.62709514  1.00999744  2.64215763  2.88141135  2.76041143 -2.94265845
  0.36371333 -0.5961301   1.69440656  2.64066038 -0.29637245 -2.39534289
  2.69844142 -3.05624932  0.76824227 -0.74852823 -1.77643205  2.99247201
 -1.87096838 -1.6665326  -2.5353498   2.34899269 -2.23311084  2.00983071
  1.93639466  1.40372538  2.58721217  2.8776566   1.8718156   1.4983193
 -1.67561036 -2.36427782  1.21147634  0.68633805  1.63448792 -2.84038762
 -0.42378739  2.38218332 -0.92267126  1.42090833  1.67069402  0.57958601
 -0.94233019  1.18109458  0.72879355 -0.40907371  2.72808739 -2.23655044
  1.56481998 -0.57071823  1.02185409 -2.91785824 -2.25145     0.37000495
 -1.03120708 -0.39781651  0.40116552 -0.11065973 -1.61829181 -0.18707997
 -0.71433353  2.91852528 -1.20945057 -1.17368624 -1.20501882  1.20563945
  1.66484116 -0.79171174  1.95210119 -1.91129706 -0.33276749 -0.87597423
 -2.99047421  3.08803929 -1.69662965  3.13132776 -1.27338164 -2.79165735
  3.04685595 -1.17126335 -0.72253126 -3.08757757 -2.50058577  2.77953085
 -2.06447447 -1.93028374 -0.52108687  3.12725313  0.24373258  0.12201123
 -1.54231693 -0.30439512 -1.55994006 -3.12020155  2.86195285  1.10651145
 -0.40813397 -2.26907526  1.00040501 -1.35859663 -0.24585607 -2.25336679
 -1.84962178  1.83880247 -0.95011981  2.67962466 -0.58658721 -3.13708836
 -2.91436301  2.03436419 -3.08832225 -0.27927033 -1.03767607 -0.23330423
  2.47022279  1.85210216  0.03262282 -2.48971999 -2.73512798  0.20615598
 -0.78588215  1.37643186 -2.63493406  0.9869474  -0.10635837  0.28290161
  1.93304525  0.70693445  0.72822852 -1.26010971  1.82490846  2.53669854
  1.16171449  0.2676573  -1.10245759  2.46807535  0.74832402 -2.06831162
  0.09790175  1.89677948  0.9769133  -0.72456666 -2.42269649  2.52848025
  1.98269748  1.76376183  2.20687698  1.70348041 -1.7791432  -2.82550285
  0.6405818   1.51121459 -2.26311723 -1.32840916  2.39320675  1.40783406
 -0.24689361 -1.84198302 -1.54337431  1.95308361  1.49165271 -0.9161369
 -0.12848446 -0.4638436  -0.24581397  2.38391026 -0.42721886 -0.72438184
  0.80269243 -2.3346748   0.87330184  2.5774539  -0.48762576  2.21003315
 -1.95918449 -1.05851189 -2.48492074 -2.2552538  -1.49219719 -3.05075672
  1.70236918  1.79770095  1.45444335  1.0669684   1.35086529 -2.24447365
 -2.71824293  1.7249414   1.00579477 -0.33088077 -2.54840678  1.6133605
 -1.14834486 -2.68511624 -0.13679603]
Thu Jun 13 19:54:24 2024,6,0.44098087960796944,[-2.93214489  2.29261522 -2.05852973 -0.08756958  0.5003137  -2.81128385
  3.05790213  2.14216482  1.17640744 -1.0113025   0.54914172  1.16718605
  1.39741682 -1.87504048  0.69130137  2.89646704 -0.54683703 -0.44156687
 -2.0095609   0.68779882  1.63408808  2.89652098 -1.330317   -0.22849944
 -2.32395295 -2.26084236  3.08593492  2.61898135 -0.66478812 -2.71288362
  1.50942271 -0.13519732 -2.37958102  1.9517071   1.2057365  -0.60789799
  0.97581446 -1.89159871 -0.29781827  2.32076665 -0.13849381  0.57862972
  2.59801695  0.98091925  2.67123582  2.91048955  2.78948963 -2.91358025
  0.39279152 -0.56705191  1.72348475  2.66973857 -0.32545064 -2.3662647
  2.72751962 -3.08532751  0.79732046 -0.71945004 -1.74735386  2.96339381
 -1.84189019 -1.69561079 -2.50627161  2.37807088 -2.26218903  2.0389089
  1.90731647  1.43280357  2.61629036  2.84857841  1.90089379  1.46924111
 -1.70468855 -2.33519962  1.18239815  0.65725986  1.60540973 -2.81130943
 -0.3947092   2.35310513 -0.89359307  1.44998652  1.64161583  0.6086642
 -0.97140838  1.15201639  0.69971536 -0.37999552  2.6990092  -2.20747225
  1.53574178 -0.59979643  0.9927759  -2.88878005 -2.2223718   0.34092676
 -1.00212889 -0.36873831  0.37208733 -0.13973792 -1.64737    -0.21615817
 -0.68525534  2.88944709 -1.18037237 -1.20276444 -1.17594063  1.23471764
  1.63576297 -0.76263355  1.98117938 -1.88221887 -0.3036893  -0.90505242
 -2.96139602  3.11711749 -1.66755146  3.10224957 -1.30245983 -2.76257916
  3.07593414 -1.20034154 -0.69345307 -3.05849937 -2.52966397  2.80860904
 -2.09355266 -1.90120555 -0.49200868  3.09817494  0.27281077  0.15108942
 -1.57139512 -0.33347331 -1.53086186 -3.09112336  2.89103104  1.07743326
 -0.37905578 -2.29815345  0.97132682 -1.32951844 -0.27493426 -2.28244498
 -1.87869997  1.80972428 -0.92104162  2.65054647 -0.6156654  -3.10801017
 -2.88528481  2.06344238 -3.05924406 -0.25019214 -1.06675426 -0.26238243
  2.44114459  1.82302397  0.00354463 -2.51879818 -2.76420617  0.23523417
 -0.75680396  1.34735367 -2.60585587  1.01602559 -0.07728018  0.25382342
  1.96212344  0.73601264  0.75730672 -1.2891879   1.79583027  2.50762034
  1.1326363   0.23857911 -1.07337939  2.49715354  0.71924583 -2.03923343
  0.12697994  1.92585767  0.9478351  -0.69548847 -2.45177469  2.55755845
  2.01177567  1.73468364  2.23595517  1.7325586  -1.75006501 -2.79642465
  0.6115036   1.4821364  -2.29219542 -1.35748735  2.42228494  1.43691225
 -0.21781542 -1.81290483 -1.5724525   1.92400542  1.46257451 -0.88705871
 -0.09940627 -0.49292179 -0.27489216  2.35483207 -0.39814066 -0.69530365
  0.83177062 -2.30559661  0.90238003  2.54837571 -0.51670396  2.23911134
 -1.9301063  -1.08759009 -2.45584254 -2.28433199 -1.463119   -3.02167853
  1.73144737  1.82677914  1.48352154  1.03789021  1.3217871  -2.21539545
 -2.68916474  1.69586321  1.03487297 -0.30180258 -2.57748497  1.6424387
 -1.17742305 -2.71419444 -0.10771783]
Thu Jun 13 19:54:37 2024,7,0.43801328604246714,[-2.9431945   2.28156562 -2.04748013 -0.07651998  0.4892641  -2.82233345
  3.04685253  2.15321442  1.18745704 -1.0223521   0.53809212  1.15613645
  1.40846642 -1.86399088  0.70235097  2.90751664 -0.53578743 -0.43051727
 -1.9985113   0.69884842  1.64513768  2.90757058 -1.3413666  -0.23954904
 -2.31290335 -2.24979276  3.07488532  2.63003095 -0.65373852 -2.72393322
  1.49837311 -0.12414772 -2.39063062  1.9406575   1.1946869  -0.59684839
  0.98686406 -1.90264831 -0.28676867  2.30971705 -0.12744421  0.58967932
  2.60906655  0.96986965  2.68228543  2.92153915  2.80053923 -2.90253065
  0.38174192 -0.55600231  1.71243515  2.68078817 -0.31440104 -2.35521509
  2.71647001 -3.07427791  0.78627086 -0.70840044 -1.73630426  2.97444342
 -1.85293979 -1.70666039 -2.49522201  2.36702128 -2.25113943  2.0278593
  1.89626686  1.42175397  2.60524076  2.83752881  1.88984419  1.45819151
 -1.71573815 -2.34624922  1.19344775  0.66830946  1.61645933 -2.80025983
 -0.3836596   2.36415473 -0.88254346  1.43893692  1.65266543  0.6197138
 -0.96035878  1.16306599  0.71076496 -0.36894592  2.7100588  -2.21852185
  1.52469218 -0.61084603  1.0038255  -2.89982965 -2.2113222   0.35197636
 -1.01317849 -0.37978792  0.36103772 -0.12868832 -1.6363204  -0.20510856
 -0.69630494  2.90049669 -1.16932277 -1.19171484 -1.16489103  1.24576724
  1.64681257 -0.77368315  1.99222898 -1.87116927 -0.2926397  -0.89400282
 -2.97244562  3.10606789 -1.67860106  3.09119997 -1.29141023 -2.77362876
  3.06488454 -1.18929194 -0.70450267 -3.04744977 -2.51861437  2.81965865
 -2.10460227 -1.91225515 -0.48095908  3.10922454  0.28386038  0.14003982
 -1.58244472 -0.34452291 -1.54191147 -3.10217296  2.87998144  1.08848286
 -0.36800618 -2.30920305  0.96027722 -1.34056804 -0.26388466 -2.27139538
 -1.88974957  1.82077388 -0.90999202  2.63949687 -0.6046158  -3.11905977
 -2.89633441  2.05239278 -3.07029366 -0.26124174 -1.07780386 -0.27343203
  2.4521942   1.83407357 -0.00750497 -2.52984778 -2.75315657  0.24628377
 -0.76785356  1.35840327 -2.59480627  1.02707519 -0.08832978  0.26487302
  1.95107384  0.74706224  0.76835632 -1.3002375   1.80687987  2.51866995
  1.1215867   0.24962871 -1.08442899  2.50820314  0.70819623 -2.02818383
  0.13802954  1.91480807  0.95888471 -0.70653807 -2.44072509  2.54650884
  2.02282527  1.72363403  2.24700477  1.7436082  -1.76111461 -2.78537505
  0.600454    1.4710868  -2.28114582 -1.34643775  2.41123534  1.42586265
 -0.20676582 -1.80185523 -1.5614029   1.91295582  1.47362412 -0.89810831
 -0.11045587 -0.48187219 -0.28594176  2.36588167 -0.40919027 -0.70635325
  0.82072102 -2.31664621  0.89133043  2.55942531 -0.50565435  2.25016094
 -1.9190567  -1.07654049 -2.44479294 -2.29538159 -1.4520694  -3.03272813
  1.72039777  1.83782874  1.47247194  1.04893981  1.3107375  -2.20434585
 -2.70021434  1.70691281  1.04592257 -0.31285218 -2.56643537  1.6534883
 -1.18847265 -2.72524404 -0.09666823]
Thu Jun 13 19:55:02 2024,8,0.4380031809759978,[-2.9426127   2.28098383 -2.04806192 -0.07710177  0.48984589 -2.82291525
  3.04743433  2.15263263  1.18687525 -1.0217703   0.53867392  1.15555466
  1.40788462 -1.86457267  0.70293277  2.90693485 -0.53636922 -0.42993547
 -1.9979295   0.69826662  1.64455589  2.90698878 -1.3419484  -0.23896725
 -2.31232155 -2.24921096  3.07546711  2.62944916 -0.65432031 -2.72451502
  1.4989549  -0.12356593 -2.39121242  1.9400757   1.1941051  -0.59743018
  0.98628226 -1.90323011 -0.28618688  2.31029885 -0.12686241  0.59026111
  2.60848475  0.96928785  2.68286722  2.92095735  2.79995743 -2.90311245
  0.38232371 -0.55542051  1.71301694  2.68020637 -0.31498283 -2.3546333
  2.71588822 -3.0748597   0.78685265 -0.70781864 -1.73572246  2.97502521
 -1.85235799 -1.7060786  -2.49464021  2.36643948 -2.25172122  2.0272775
  1.89684866  1.42117218  2.60465897  2.8381106   1.89042598  1.45760971
 -1.71631995 -2.34566743  1.19286596  0.66772767  1.61587754 -2.80084162
 -0.38424139  2.36473653 -0.88196167  1.43835513  1.65208363  0.61913201
 -0.95977699  1.1624842   0.71134675 -0.36952771  2.71064059 -2.21794005
  1.52527398 -0.61142782  1.00324371 -2.89924786 -2.21074041  0.35255816
 -1.0125967  -0.37920612  0.36161952 -0.12810652 -1.6357386  -0.20569036
 -0.69688673  2.89991489 -1.16990457 -1.19113304 -1.16430923  1.24518545
  1.64739437 -0.77426495  1.99164719 -1.87058747 -0.29322149 -0.89458461
 -2.97302741  3.10664968 -1.67801926  3.09061817 -1.29199202 -2.77421056
  3.06430274 -1.18871015 -0.70508446 -3.04686798 -2.51803257  2.82024044
 -2.10518406 -1.91283694 -0.48154087  3.10864275  0.28444217  0.13945803
 -1.58302651 -0.34394112 -1.54132967 -3.10159116  2.88056323  1.08906465
 -0.36742439 -2.30978485  0.95969542 -1.34114984 -0.26446645 -2.27197717
 -1.89033137  1.82019208 -0.90941023  2.63891507 -0.60519759 -3.11964157
 -2.89575262  2.05297457 -3.07087545 -0.26182353 -1.07722207 -0.27401382
  2.4516124   1.83465537 -0.00692317 -2.53042958 -2.75257478  0.24570198
 -0.76727177  1.35782147 -2.59538806  1.0264934  -0.08891158  0.26545481
  1.95165563  0.74764404  0.76777452 -1.3008193   1.80629808  2.51808815
  1.1210049   0.24904692 -1.08501079  2.50878494  0.70761444 -2.02760204
  0.13861134  1.91538986  0.9594665  -0.70595628 -2.44130688  2.54709064
  2.02224348  1.72305224  2.24758657  1.74419    -1.76169641 -2.78479326
  0.59987221  1.47166859 -2.28056402 -1.34701954  2.41181713  1.42528086
 -0.20618402 -1.80127343 -1.56082111  1.91353762  1.47304232 -0.89752651
 -0.11103767 -0.4812904  -0.28652356  2.36646347 -0.40977206 -0.70577146
  0.82130281 -2.31722801  0.89191223  2.5600071  -0.50623615  2.24957915
 -1.9184749  -1.07595869 -2.44421115 -2.29596338 -1.4514876  -3.03214634
  1.72097957  1.83724694  1.47305374  1.04835802  1.3101557  -2.20376406
 -2.70079614  1.70633102  1.04650436 -0.31227038 -2.56701716  1.6529065
 -1.18905445 -2.72582583 -0.09725003]
Thu Jun 13 19:55:19 2024,9,0.4328355156742326,[-2.92782844  2.29576808 -2.06284618 -0.06231752  0.47506164 -2.8376995
  3.06221858  2.16741688  1.2016595  -1.00698605  0.55345817  1.17033891
  1.42266888 -1.84978842  0.71771702  2.9217191  -0.52158497 -0.44471973
 -1.98314524  0.68348237  1.62977163  2.89220453 -1.32716414 -0.2537515
 -2.29753729 -2.26399522  3.06068286  2.64423341 -0.66910457 -2.73929927
  1.48417065 -0.13835018 -2.40599667  1.92529145  1.17932085 -0.61221444
  1.00106652 -1.88844585 -0.30097113  2.29551459 -0.14164667  0.60504537
  2.62326901  0.98407211  2.69765148  2.93574161  2.78517318 -2.9178967
  0.39710797 -0.54063626  1.69823269  2.69499063 -0.30019858 -2.36941755
  2.70110396 -3.06007545  0.7720684  -0.7226029  -1.72093821  2.98980947
 -1.83757374 -1.69129434 -2.50942447  2.38122374 -2.23693697  2.04206176
  1.8820644   1.43595643  2.61944322  2.82332635  1.90521024  1.47239397
 -1.70153569 -2.36045169  1.1780817   0.65294341  1.60109328 -2.81562588
 -0.36945714  2.37952078 -0.86717741  1.45313938  1.63729938  0.63391626
 -0.94499273  1.17726845  0.6965625  -0.35474346  2.72542485 -2.2031558
  1.51048972 -0.59664357  0.98845945 -2.91403211 -2.19595615  0.3377739
 -1.02738095 -0.36442186  0.34683526 -0.14289078 -1.65052286 -0.22047461
 -0.71167099  2.91469915 -1.18468882 -1.17634878 -1.14952498  1.2599697
  1.63261011 -0.7890492   2.00643144 -1.85580322 -0.30800575 -0.87980036
 -2.98781167  3.12143394 -1.66323501  3.07583392 -1.30677628 -2.7594263
  3.079087   -1.17392589 -0.71986872 -3.03208372 -2.50324831  2.80545618
 -2.09039981 -1.89805269 -0.49632513  3.09385849  0.26965791  0.15424228
 -1.56824226 -0.35872538 -1.55611393 -3.11637542  2.89534749  1.10384891
 -0.38220864 -2.3245691   0.97447968 -1.32636558 -0.27925071 -2.25719292
 -1.90511563  1.83497634 -0.89462597  2.62413082 -0.59041334 -3.10485731
 -2.91053688  2.03819032 -3.08565971 -0.24703928 -1.06243781 -0.25922957
  2.46639666  1.84943962 -0.02170743 -2.54521383 -2.76735903  0.23091772
 -0.75248751  1.37260573 -2.61017232  1.04127765 -0.07412732  0.25067056
  1.93687138  0.7624283   0.75299027 -1.31560355  1.79151382  2.53287241
  1.13578916  0.23426266 -1.07022653  2.52356919  0.69283018 -2.04238629
  0.12382708  1.90060561  0.97425076 -0.72074053 -2.45609114  2.5618749
  2.00745922  1.70826798  2.26237082  1.75897425 -1.74691215 -2.770009
  0.58508795  1.48645285 -2.26577977 -1.3618038   2.39703288  1.44006511
 -0.22096828 -1.78648918 -1.54603685  1.89875336  1.45825807 -0.88274226
 -0.12582192 -0.46650614 -0.2717393   2.38124772 -0.42455632 -0.6909872
  0.80651856 -2.30244375  0.87712797  2.54522285 -0.52102041  2.2643634
 -1.90369065 -1.09074295 -2.4589954  -2.28117913 -1.46627186 -3.01736208
  1.73576382  1.82246269  1.48783799  1.06314227  1.29537145 -2.21854831
 -2.71558039  1.72111527  1.06128862 -0.29748613 -2.55223291  1.66769076
 -1.2038387  -2.71104158 -0.11203428]
Thu Jun 13 19:55:33 2024,10,0.43282623131209164,[-2.92806729  2.29600693 -2.06308503 -0.06255637  0.47482279 -2.83793835
  3.06245743  2.16717803  1.20142065 -1.0067472   0.55369702  1.17010006
  1.42243003 -1.85002726  0.71747817  2.92148025 -0.52182381 -0.44448088
 -1.9829064   0.68324352  1.62953278  2.89196568 -1.32692529 -0.25399035
 -2.29777614 -2.26423407  3.0609217   2.64447226 -0.66886572 -2.73953812
  1.4839318  -0.13858903 -2.40575782  1.9250526   1.179082   -0.61197559
  1.00130537 -1.8886847  -0.30120998  2.29527574 -0.14140782  0.60480652
  2.62303016  0.98431096  2.69789033  2.93550276  2.78493433 -2.91765785
  0.39734682 -0.54039741  1.69799384  2.69475178 -0.29995973 -2.3696564
  2.70086511 -3.0603143   0.77182955 -0.72236405 -1.72117705  2.99004832
 -1.83733489 -1.69105549 -2.50918562  2.38098489 -2.23669812  2.04182291
  1.88182555  1.43571758  2.61920437  2.8235652   1.90544909  1.47215512
 -1.70129684 -2.36021284  1.17784285  0.65270456  1.60133213 -2.81538703
 -0.36921829  2.37975963 -0.86693856  1.45290053  1.63706053  0.63367742
 -0.94475388  1.1775073   0.69632365 -0.35498231  2.725186   -2.20339465
  1.51025087 -0.59688242  0.9886983  -2.91427096 -2.196195    0.33753505
 -1.0276198  -0.36418302  0.34707411 -0.14312963 -1.65076171 -0.22023577
 -0.71143214  2.914938   -1.18492767 -1.17610994 -1.14928613  1.26020855
  1.63284896 -0.78881035  2.00667029 -1.85604207 -0.3077669  -0.88003921
 -2.98757282  3.12167279 -1.66299616  3.07559507 -1.30701513 -2.75918745
  3.07884815 -1.17416474 -0.72010757 -3.03232257 -2.50300947  2.80521734
 -2.09016096 -1.89829154 -0.49608628  3.09409734  0.26941907  0.15448113
 -1.56800341 -0.35896422 -1.55587508 -3.11661427  2.89558634  1.10361006
 -0.38244749 -2.32480795  0.97471853 -1.32660443 -0.27948956 -2.25743177
 -1.90535447  1.83473749 -0.89486482  2.62389197 -0.59065219 -3.10461846
 -2.91029803  2.03795147 -3.08589856 -0.24680043 -1.06267666 -0.25899072
  2.46663551  1.84920077 -0.02146858 -2.54497498 -2.76712018  0.23067887
 -0.75224866  1.37284458 -2.60993347  1.0410388  -0.07388847  0.25090941
  1.93711022  0.76266714  0.75275142 -1.3153647   1.79127497  2.53263356
  1.13555031  0.23402381 -1.07046538  2.52333034  0.69259133 -2.04262514
  0.12358823  1.90084446  0.97401191 -0.72097938 -2.45632999  2.56163605
  2.00769807  1.70802913  2.26213198  1.7592131  -1.7466733  -2.77024785
  0.5848491   1.4866917  -2.26601862 -1.36204265  2.39679403  1.43982626
 -0.22072943 -1.78625033 -1.5462757   1.89851451  1.45849691 -0.88250341
 -0.12606077 -0.46674499 -0.27150045  2.38100887 -0.42431747 -0.69122605
  0.80675741 -2.3022049   0.87736682  2.544984   -0.52078156  2.26412455
 -1.9034518  -1.0909818  -2.45923425 -2.28141798 -1.46603301 -3.01760093
  1.73600267  1.82222384  1.48807684  1.06290342  1.2951326  -2.21878716
 -2.71581924  1.72135412  1.06104977 -0.29772498 -2.55247176  1.66745191
 -1.20407755 -2.71128043 -0.11227313]
Thu Jun 13 19:55:46 2024,11,0.4157148266768472,[-2.95545917  2.26861506 -2.03569316 -0.08994824  0.44743092 -2.86533022
  3.03506556  2.13978616  1.17402878 -1.03413907  0.52630515  1.19749194
  1.4498219  -1.87741914  0.74487005  2.94887213 -0.49443194 -0.41708901
 -2.01029827  0.65585165  1.60214091  2.91935755 -1.29953342 -0.28138223
 -2.32516801 -2.2368422   3.08831358  2.67186413 -0.64147385 -2.71214625
  1.51132367 -0.11119716 -2.4331497   1.95244447  1.15169013 -0.58458372
  1.02869724 -1.91607657 -0.27381811  2.26788387 -0.16879969  0.63219839
  2.59563829  0.95691908  2.67049845  2.96289463  2.75754245 -2.94504973
  0.36995495 -0.51300554  1.67060197  2.72214365 -0.3273516  -2.34226453
  2.67347324 -3.03292243  0.74443768 -0.69497218 -1.69378518  3.01744019
 -1.86472676 -1.71844737 -2.48179375  2.35359302 -2.20930624  2.01443104
  1.85443368  1.46310945  2.5918125   2.85095707  1.87805722  1.49954699
 -1.72868871 -2.38760471  1.20523473  0.62531269  1.57394026 -2.78799516
 -0.34182642  2.4071515  -0.89433044  1.42550866  1.60966866  0.66106929
 -0.97214575  1.15011543  0.66893178 -0.38237418  2.75257787 -2.17600278
  1.53764274 -0.62427429  0.96130643 -2.94166283 -2.22358687  0.31014318
 -1.00022793 -0.33679114  0.37446599 -0.11573776 -1.62336984 -0.19284389
 -0.68404027  2.88754612 -1.21231954 -1.14871806 -1.12189426  1.28760042
  1.66024083 -0.81620223  1.97927842 -1.88343394 -0.28037503 -0.85264733
 -2.96018095  3.09428091 -1.63560429  3.10298694 -1.334407   -2.73179558
  3.05145628 -1.20155661 -0.74749944 -3.05971444 -2.47561759  2.83260921
 -2.11755283 -1.87089967 -0.46869441  3.06670547  0.29681094  0.181873
 -1.59539528 -0.33157235 -1.58326695 -3.14400614  2.86819446  1.07621819
 -0.40983936 -2.35219982  0.94732666 -1.3539963  -0.30688143 -2.28482364
 -1.93274635  1.80734562 -0.92225669  2.65128384 -0.61804406 -3.07722659
 -2.9376899   2.0105596  -3.05850669 -0.21940856 -1.09006853 -0.28638259
  2.43924363  1.8218089  -0.04886045 -2.51758311 -2.79451206  0.203287
 -0.77964054  1.40023645 -2.5825416   1.06843068 -0.10128034  0.22351754
  1.90971835  0.79005902  0.78014329 -1.34275657  1.7638831   2.56002543
  1.16294218  0.26141568 -1.04307351  2.55072221  0.66519946 -2.01523327
  0.09619636  1.87345259  1.00140378 -0.69358751 -2.42893811  2.53424417
  1.9803062   1.73542101  2.28952385  1.73182123 -1.71928143 -2.74285598
  0.61224097  1.45929982 -2.29341049 -1.38943452  2.36940216  1.41243439
 -0.2481213  -1.8136422  -1.51888383  1.87112264  1.48588879 -0.85511154
 -0.0986689  -0.43935312 -0.29889232  2.353617   -0.3969256  -0.71861792
  0.77936554 -2.27481303  0.84997495  2.57237587 -0.49338968  2.23673268
 -1.93084367 -1.06358992 -2.43184238 -2.25402611 -1.49342488 -3.0449928
  1.7086108   1.84961571  1.51546871  1.09029529  1.32252447 -2.24617903
 -2.68842737  1.69396225  1.0336579  -0.32511685 -2.57986363  1.69484378
 -1.23146942 -2.7386723  -0.08488126]
Thu Jun 13 19:56:00 2024,12,0.41520974780894104,[-2.95080332  2.26395922 -2.03103731 -0.09460408  0.44277507 -2.86067438
  3.0397214   2.13513032  1.16937294 -1.03879491  0.52164931  1.20214778
  1.45447774 -1.88207498  0.7402142   2.95352797 -0.4897761  -0.42174485
 -2.01495411  0.66050749  1.60679676  2.92401339 -1.29487758 -0.28603807
 -2.32982386 -2.24149804  3.08365773  2.66720829 -0.64612969 -2.71680209
  1.50666783 -0.115853   -2.42849385  1.94778863  1.15634597 -0.57992788
  1.0240414  -1.91142073 -0.26916227  2.27253971 -0.16414385  0.63685423
  2.60029413  0.95226324  2.66584261  2.95823879  2.7621983  -2.94039388
  0.3652991  -0.5083497   1.67525781  2.71748781 -0.32269576 -2.33760869
  2.6688174  -3.03757827  0.74909352 -0.69031633 -1.68912934  3.02209603
 -1.86007092 -1.71379152 -2.48644959  2.34893718 -2.2046504   2.00977519
  1.84977784  1.4677653   2.59646834  2.84630123  1.87340137  1.49489115
 -1.73334455 -2.39226055  1.20989057  0.62065685  1.5785961  -2.78333931
 -0.33717057  2.40249566 -0.88967459  1.4301645   1.6143245   0.66572513
 -0.9768016   1.14545959  0.66427594 -0.37771834  2.74792203 -2.18065862
  1.54229859 -0.62893013  0.96596227 -2.93700699 -2.22824271  0.30548734
 -1.00488377 -0.34144699  0.37912183 -0.11108191 -1.62802568 -0.18818805
 -0.68869611  2.88289028 -1.21697539 -1.15337391 -1.1265501   1.28294458
  1.66489668 -0.81154638  1.98393426 -1.8787781  -0.28503087 -0.84799149
 -2.95552511  3.08962507 -1.63094845  3.0983311  -1.33906284 -2.73645142
  3.05611212 -1.19690077 -0.75215528 -3.0550586  -2.48027344  2.82795337
 -2.11289699 -1.87555551 -0.47335025  3.07136131  0.30146678  0.17721716
 -1.60005112 -0.32691651 -1.58792279 -3.1393503   2.87285031  1.08087403
 -0.4144952  -2.35685566  0.9519825  -1.34934046 -0.30222559 -2.28947948
 -1.93740219  1.81200146 -0.91760085  2.646628   -0.61338821 -3.07257075
 -2.93303406  2.00590375 -3.06316253 -0.2240644  -1.09472438 -0.29103843
  2.43458779  1.82646474 -0.05351629 -2.51292727 -2.78985621  0.20794284
 -0.77498469  1.40489229 -2.57788575  1.06377483 -0.0966245   0.21886169
  1.9143742   0.79471486  0.77548745 -1.33810073  1.75922726  2.56468127
  1.16759802  0.26607153 -1.03841767  2.54606637  0.66054362 -2.01988911
  0.1008522   1.86879674  0.99674794 -0.68893167 -2.43359396  2.52958833
  1.98496204  1.73076516  2.284868    1.72716539 -1.72393727 -2.73820014
  0.60758513  1.45464398 -2.29806633 -1.39409036  2.374058    1.41709023
 -0.24346546 -1.80898636 -1.51422799  1.87577848  1.49054463 -0.85976738
 -0.10332474 -0.44400896 -0.29423648  2.34896116 -0.40158144 -0.71396208
  0.77470969 -2.27015719  0.85463079  2.57703171 -0.48873384  2.24138852
 -1.92618783 -1.06824577 -2.43649822 -2.24937026 -1.48876904 -3.04033696
  1.71326664  1.84495987  1.51081287  1.09495114  1.31786863 -2.24152319
 -2.69308321  1.68930641  1.02900205 -0.32977269 -2.58451947  1.69949962
 -1.23612527 -2.73401646 -0.08022542]
Thu Jun 13 19:56:14 2024,13,0.4147898967976782,[-2.94745457  2.26730797 -2.02768856 -0.09795283  0.43942632 -2.85732563
  3.03637265  2.13178157  1.17272169 -1.04214366  0.51830055  1.19879903
  1.4578265  -1.87872623  0.74356295  2.95687672 -0.48642735 -0.4250936
 -2.01830286  0.66385624  1.603448    2.92736214 -1.29822633 -0.28268932
 -2.32647511 -2.23814929  3.08030898  2.67055704 -0.64947844 -2.72015084
  1.51001658 -0.11920175 -2.43184261  1.95113738  1.15969472 -0.58327663
  1.02069264 -1.91476948 -0.27251102  2.26919096 -0.1674926   0.64020299
  2.60364288  0.94891449  2.66919136  2.95489004  2.75884955 -2.93704513
  0.36195035 -0.50500094  1.67190906  2.72083656 -0.32604451 -2.33425994
  2.66546865 -3.04092702  0.75244227 -0.68696758 -1.68578059  3.01874728
 -1.85672217 -1.71714028 -2.48310084  2.34558842 -2.20799915  2.01312395
  1.84642909  1.47111405  2.59311959  2.84964998  1.87675013  1.4915424
 -1.7299958  -2.3956093   1.21323932  0.61730809  1.57524735 -2.78668807
 -0.34051933  2.39914691 -0.89302335  1.42681575  1.61097575  0.66237638
 -0.97345284  1.14211083  0.66092718 -0.37436958  2.74457328 -2.18400737
  1.54564734 -0.62558138  0.96931102 -2.93365824 -2.22489396  0.30883609
 -1.00153502 -0.33809823  0.37577308 -0.11443067 -1.62467693 -0.1848393
 -0.69204486  2.88623903 -1.22032414 -1.15672266 -1.12989885  1.28629333
  1.66154792 -0.80819763  1.98058551 -1.87542934 -0.28168212 -0.85134024
 -2.95887386  3.09297382 -1.6342972   3.10167985 -1.34241159 -2.73980018
  3.05276337 -1.19355202 -0.75550404 -3.05840735 -2.47692468  2.83130212
 -2.10954823 -1.87220676 -0.4700015   3.06801256  0.30481553  0.17386841
 -1.60339988 -0.33026526 -1.59127154 -3.14269905  2.87619906  1.08422278
 -0.41114645 -2.35350691  0.94863375 -1.35268921 -0.29887683 -2.28613073
 -1.93405344  1.80865271 -0.9209496   2.64327925 -0.61673697 -3.069222
 -2.9296853   2.00925251 -3.06651128 -0.22741315 -1.09137562 -0.28768968
  2.43123904  1.8298135  -0.05016754 -2.50957852 -2.78650746  0.20459409
 -0.77833344  1.40824105 -2.574537    1.06712359 -0.09997325  0.22221045
  1.91102544  0.79806361  0.77213869 -1.33475198  1.75587851  2.56133252
  1.17094677  0.26942028 -1.04176642  2.54271762  0.65719486 -2.01654036
  0.09750345  1.8721455   1.00009669 -0.68558292 -2.43694271  2.52623958
  1.98161329  1.72741641  2.28821676  1.73051414 -1.72728602 -2.74154889
  0.60423638  1.45799273 -2.30141508 -1.39743912  2.37740675  1.41374148
 -0.24011671 -1.8056376  -1.51087923  1.87242973  1.48719588 -0.85641863
 -0.09997599 -0.44735771 -0.29088773  2.34561241 -0.39823269 -0.71731083
  0.77136094 -2.26680843  0.85797954  2.57368296 -0.49208259  2.24473728
 -1.92953658 -1.06489701 -2.43984698 -2.25271902 -1.48542029 -3.04368571
  1.70991789  1.84161112  1.50746412  1.09829989  1.32121738 -2.23817444
 -2.68973446  1.69265516  1.0256533  -0.32642394 -2.58117072  1.69615087
 -1.23277651 -2.7306677  -0.08357417]
Thu Jun 13 19:56:28 2024,14,0.40793524929404407,[-2.96407444  2.28392784 -2.04430843 -0.08133297  0.42280645 -2.8739455
  3.05299252  2.14840144  1.15610182 -1.02552379  0.53492042  1.18217916
  1.44120663 -1.8953461   0.76018282  2.97349659 -0.50304722 -0.44171347
 -2.00168299  0.68047611  1.62006787  2.91074228 -1.28160646 -0.26606945
 -2.34309497 -2.22152942  3.06368911  2.65393717 -0.66609831 -2.73677071
  1.49339671 -0.13582162 -2.41522274  1.93451751  1.14307485 -0.56665676
  1.03731251 -1.93138935 -0.25589115  2.28581083 -0.15087273  0.62358312
  2.58702301  0.93229462  2.65257149  2.97150991  2.74222968 -2.92042526
  0.34533048 -0.48838107  1.65528919  2.73745643 -0.34266438 -2.31764007
  2.68208852 -3.02430715  0.76906214 -0.67034771 -1.70240046  3.00212741
 -1.87334203 -1.70052041 -2.49972071  2.36220829 -2.22461902  2.02974382
  1.86304896  1.48773392  2.60973946  2.86626985  1.86013026  1.47492253
 -1.74661567 -2.41222917  1.22985919  0.63392796  1.59186722 -2.80330794
 -0.32389946  2.38252704 -0.90964322  1.44343562  1.59435588  0.67899625
 -0.99007271  1.1587307   0.67754705 -0.39098945  2.76119315 -2.1673875
  1.56226721 -0.60896151  0.95269115 -2.95027811 -2.24151383  0.29221622
 -1.01815489 -0.3547181   0.35915321 -0.0978108  -1.6412968  -0.20145917
 -0.70866473  2.9028589  -1.20370427 -1.14010279 -1.11327898  1.3029132
  1.64492806 -0.79157776  1.96396564 -1.89204921 -0.26506225 -0.86796011
 -2.97549373  3.10959369 -1.61767733  3.11829972 -1.35903146 -2.72318031
  3.06938324 -1.21017189 -0.73888417 -3.04178748 -2.46030482  2.81468225
 -2.09292836 -1.88882663 -0.45338163  3.05139269  0.28819566  0.19048828
 -1.58678001 -0.31364539 -1.60789141 -3.15931892  2.85957919  1.10084265
 -0.39452658 -2.37012678  0.96525362 -1.36930908 -0.28225697 -2.3027506
 -1.91743357  1.79203284 -0.90432973  2.62665938 -0.6001171  -3.08584187
 -2.94630517  2.02587237 -3.08313115 -0.24403302 -1.10799549 -0.30430955
  2.41461917  1.84643337 -0.03354767 -2.49295865 -2.76988759  0.18797422
 -0.79495331  1.42486091 -2.59115687  1.08374345 -0.08335338  0.23883031
  1.92764531  0.78144374  0.78875856 -1.35137185  1.73925864  2.57795239
  1.15432691  0.28604015 -1.02514655  2.55933749  0.67381473 -2.03316023
  0.11412332  1.85552563  1.01671656 -0.70220278 -2.45356258  2.50961971
  1.99823316  1.71079654  2.30483663  1.71389427 -1.71066615 -2.75816876
  0.58761651  1.4746126  -2.28479522 -1.38081925  2.39402662  1.43036135
 -0.22349684 -1.78901774 -1.5274991   1.85580986  1.50381575 -0.87303849
 -0.11659586 -0.43073784 -0.27426786  2.32899254 -0.38161282 -0.70069096
  0.78798081 -2.25018856  0.87459941  2.55706309 -0.47546273  2.26135714
 -1.94615645 -1.04827714 -2.42322711 -2.26933888 -1.46880042 -3.02706584
  1.69329802  1.82499125  1.52408399  1.08168002  1.30459751 -2.22155457
 -2.67311459  1.70927503  1.00903343 -0.34304381 -2.59779059  1.679531
 -1.24939638 -2.71404783 -0.0669543 ]
Thu Jun 13 19:56:41 2024,15,0.40658073141232676,[-2.97145976  2.29131316 -2.03692311 -0.07394765  0.43019177 -2.88133081
  3.0456072   2.15578675  1.14871651 -1.01813848  0.52753511  1.18956447
  1.44859194 -1.90273141  0.76756814  2.98088191 -0.51043253 -0.43432815
 -2.00906831  0.68786143  1.61268256  2.90335696 -1.28899178 -0.27345476
 -2.35048029 -2.22891474  3.0563038   2.64655186 -0.658713   -2.7293854
  1.50078203 -0.14320694 -2.42260805  1.94190283  1.13568954 -0.57404208
  1.04469783 -1.92400403 -0.24850584  2.29319615 -0.15825805  0.63096843
  2.59440833  0.93967994  2.64518618  2.96412459  2.74961499 -2.91303995
  0.33794517 -0.48099576  1.6626745   2.74484175 -0.35004969 -2.32502538
  2.6747032  -3.03169247  0.76167682 -0.67773303 -1.69501514  2.99474209
 -1.86595672 -1.70790572 -2.49233539  2.36959361 -2.23200434  2.03712913
  1.85566364  1.49511923  2.60235414  2.85888453  1.86751557  1.48230784
 -1.73923036 -2.41961449  1.22247387  0.64131328  1.59925253 -2.81069325
 -0.33128477  2.37514172 -0.9022579   1.4360503   1.60174119  0.67161093
 -0.9826874   1.16611602  0.68493237 -0.38360414  2.75380783 -2.16000219
  1.56965252 -0.61634683  0.96007647 -2.95766342 -2.24889915  0.29960154
 -1.02554021 -0.34733279  0.36653852 -0.09042548 -1.64868211 -0.19407385
 -0.70127942  2.91024422 -1.19631895 -1.14748811 -1.10589367  1.31029852
  1.63754274 -0.78419245  1.95658033 -1.8846639  -0.25767693 -0.87534543
 -2.96810841  3.10220838 -1.62506265  3.1109144  -1.35164615 -2.71579499
  3.07676855 -1.20278657 -0.74626948 -3.03440217 -2.46769013  2.82206756
 -2.08554305 -1.88144131 -0.46076694  3.04400737  0.28081035  0.19787359
 -1.57939469 -0.30626008 -1.61527673 -3.1519336   2.85219387  1.09345733
 -0.38714127 -2.3775121   0.9578683  -1.3766944  -0.28964228 -2.29536528
 -1.91004825  1.79941816 -0.89694442  2.63404469 -0.59273178 -3.07845655
 -2.93891986  2.01848706 -3.07574583 -0.25141834 -1.10061018 -0.29692423
  2.42200449  1.85381868 -0.04093299 -2.48557333 -2.76250228  0.19535954
 -0.80233863  1.4174756  -2.59854219  1.07635814 -0.0907387   0.231445
  1.92026     0.77405843  0.78137325 -1.34398653  1.73187332  2.5853377
  1.14694159  0.27865483 -1.01776124  2.5667228   0.68120005 -2.04054554
  0.106738    1.86291094  1.02410187 -0.7095881  -2.44617726  2.50223439
  2.00561848  1.70341123  2.29745131  1.70650895 -1.70328084 -2.75078344
  0.59500183  1.46722729 -2.29218053 -1.38820456  2.40141194  1.42297603
 -0.23088215 -1.79640305 -1.52011379  1.86319518  1.49643043 -0.86565318
 -0.10921054 -0.42335253 -0.28165318  2.33637785 -0.38899813 -0.69330565
  0.79536613 -2.24280325  0.88198473  2.54967778 -0.48284804  2.25397183
 -1.95354177 -1.04089183 -2.41584179 -2.26195357 -1.47618573 -3.01968053
  1.68591271  1.81760593  1.51669867  1.0742947   1.31198283 -2.22893989
 -2.66572927  1.70188971  1.01641875 -0.33565849 -2.6051759   1.67214569
 -1.24201107 -2.70666252 -0.07433962]
Thu Jun 13 19:56:55 2024,16,0.3983852048670236,[-2.99008314  2.27268977 -2.01829973 -0.09257104  0.41156838 -2.8999542
  3.06423059  2.17441014  1.13009312 -0.99951509  0.5461585   1.20818786
  1.46721533 -1.9213548   0.74894475  2.99950529 -0.52905592 -0.45295154
 -2.0276917   0.66923804  1.59405917  2.92198035 -1.27036839 -0.25483137
 -2.3318569  -2.21029135  3.03768041  2.66517525 -0.67733639 -2.71076201
  1.48215864 -0.12458355 -2.44123144  1.92327944  1.15431293 -0.55541869
  1.06332122 -1.94262742 -0.22988245  2.27457276 -0.17688144  0.64959182
  2.61303172  0.92105655  2.62656279  2.9455012   2.76823838 -2.93166334
  0.31932178 -0.46237237  1.64405111  2.72621836 -0.36867308 -2.34364877
  2.69332659 -3.05031586  0.74305343 -0.69635642 -1.67639175  3.01336548
 -1.88458011 -1.72652911 -2.51095878  2.388217   -2.21338095  2.05575252
  1.83704025  1.47649585  2.62097753  2.87750792  1.88613896  1.46368445
 -1.72060697 -2.4009911   1.24109726  0.62268989  1.61787592 -2.79206986
 -0.31266138  2.39376511 -0.92088129  1.41742692  1.58311781  0.65298754
 -1.00131079  1.14749263  0.70355576 -0.36498075  2.73518444 -2.1413788
  1.58827591 -0.59772344  0.97869986 -2.97628681 -2.23027576  0.31822492
 -1.0441636  -0.36595618  0.34791513 -0.10904887 -1.63005872 -0.17545046
 -0.7199028   2.92886761 -1.17769557 -1.12886472 -1.08727028  1.32892191
  1.65616613 -0.76556906  1.97520372 -1.86604051 -0.27630032 -0.89396882
 -2.94948502  3.12083176 -1.64368603  3.09229101 -1.37026953 -2.6971716
  3.09539194 -1.18416318 -0.76489287 -3.01577878 -2.44906674  2.84069095
 -2.06691966 -1.9000647  -0.47939033  3.06263076  0.26218696  0.21649698
 -1.5607713  -0.28763669 -1.59665334 -3.17055699  2.87081726  1.11208072
 -0.40576466 -2.39613549  0.93924491 -1.35807101 -0.27101889 -2.27674189
 -1.89142486  1.81804154 -0.9155678   2.65266808 -0.61135517 -3.05983316
 -2.92029647  2.03711045 -3.09436922 -0.27004173 -1.08198679 -0.27830084
  2.4033811   1.87244207 -0.0223096  -2.46694994 -2.78112566  0.21398293
 -0.78371524  1.39885221 -2.5799188   1.05773475 -0.07211531  0.25006839
  1.90163661  0.75543504  0.79999664 -1.32536314  1.75049671  2.56671432
  1.1283182   0.29727822 -1.03638463  2.58534619  0.69982344 -2.02192216
  0.12536139  1.88153433  1.00547849 -0.72821149 -2.42755387  2.52085778
  1.98699509  1.72203461  2.3160747   1.72513234 -1.68465745 -2.76940683
  0.61362522  1.4486039  -2.27355714 -1.36958117  2.38278855  1.40435264
 -0.24950554 -1.77777966 -1.53873717  1.88181857  1.51505382 -0.88427657
 -0.12783393 -0.40472914 -0.30027657  2.35500124 -0.37037475 -0.71192904
  0.77674274 -2.22417986  0.90060812  2.53105439 -0.46422465  2.27259522
 -1.97216515 -1.05951522 -2.3972184  -2.24333018 -1.49480912 -3.00105714
  1.70453609  1.83622932  1.49807528  1.05567132  1.33060622 -2.2103165
 -2.64710589  1.68326632  1.03504214 -0.3170351  -2.58655251  1.69076907
 -1.26063445 -2.68803913 -0.05571623]
Thu Jun 13 19:57:09 2024,17,0.39715004494262474,[-2.98361238  2.266219   -2.02477049 -0.08610027  0.40509762 -2.90642497
  3.07070136  2.1808809   1.13656388 -0.99304433  0.55262926  1.21465863
  1.46074457 -1.91488404  0.75541551  3.00597606 -0.52258516 -0.45942231
 -2.03416246  0.66276728  1.60052993  2.91550958 -1.26389763 -0.26130214
 -2.32538614 -2.20382058  3.03120964  2.67164601 -0.67086562 -2.71723277
  1.47568788 -0.13105431 -2.4477022   1.91680867  1.14784216 -0.54894792
  1.05685046 -1.94909819 -0.22341168  2.28104352 -0.1833522   0.64312106
  2.60656095  0.91458578  2.63303355  2.95197196  2.76176762 -2.92519257
  0.32579254 -0.45590161  1.65052188  2.7197476  -0.36220232 -2.33717801
  2.69979735 -3.05678662  0.7495242  -0.68988566 -1.68286251  3.01983624
 -1.89105087 -1.72005835 -2.51742954  2.38174623 -2.20691019  2.04928176
  1.83056949  1.48296661  2.61450677  2.88397868  1.8796682   1.45721369
 -1.7141362  -2.39452034  1.24756802  0.61621913  1.61140516 -2.7855991
 -0.30619062  2.40023588 -0.91441052  1.41095615  1.57664704  0.64651678
 -1.00778155  1.15396339  0.69708499 -0.37145151  2.7416552  -2.14784956
  1.59474668 -0.6041942   0.97222909 -2.98275757 -2.23674652  0.32469569
 -1.03769283 -0.37242694  0.34144437 -0.11551963 -1.63652949 -0.1689797
 -0.72637357  2.92239684 -1.1712248  -1.13533548 -1.08079952  1.33539267
  1.66263689 -0.75909829  1.98167448 -1.87251127 -0.26982956 -0.90043958
 -2.95595578  3.12730253 -1.63721527  3.08582025 -1.36379877 -2.70364237
  3.08892118 -1.17769242 -0.77136364 -3.00930801 -2.45553751  2.84716172
 -2.0604489  -1.89359393 -0.47291957  3.05616     0.2557162   0.21002622
 -1.56724207 -0.29410745 -1.59018258 -3.17702775  2.8643465   1.11855149
 -0.39929389 -2.38966472  0.93277415 -1.36454177 -0.27748966 -2.28321265
 -1.89789563  1.82451231 -0.92203857  2.65913884 -0.61782593 -3.0533624
 -2.92676723  2.03063968 -3.10083999 -0.27651249 -1.07551602 -0.28477161
  2.39691033  1.86597131 -0.01583884 -2.4734207  -2.7746549   0.22045369
 -0.77724448  1.39238145 -2.57344804  1.05126399 -0.07858608  0.24359762
  1.90810737  0.74896427  0.8064674  -1.31889238  1.75696747  2.56024355
  1.13478896  0.30374898 -1.02991386  2.57887543  0.7062942  -2.01545139
  0.13183216  1.8880051   0.99900772 -0.72174073 -2.43402463  2.52732855
  1.99346585  1.71556385  2.30960394  1.71866158 -1.67818669 -2.76293607
  0.62009598  1.44213314 -2.28002791 -1.37605194  2.37631779  1.39788188
 -0.24303478 -1.7713089  -1.53226641  1.88828933  1.52152458 -0.8778058
 -0.12136317 -0.39825838 -0.2938058   2.34853048 -0.36390398 -0.7183998
  0.77027197 -2.2177091   0.89413735  2.52458363 -0.45775389  2.26612445
 -1.97863592 -1.06598598 -2.40368916 -2.24980094 -1.50127989 -2.99458637
  1.69806533  1.82975856  1.49160452  1.04920055  1.33707698 -2.21678726
 -2.65357665  1.68973708  1.02857138 -0.31056434 -2.59302328  1.68429831
 -1.25416369 -2.69450989 -0.04924547]
Thu Jun 13 19:57:22 2024,18,0.39631448943131053,[-2.99458506  2.25524633 -2.01379781 -0.0751276   0.39412494 -2.91739764
  3.05972868  2.19185358  1.1255912  -0.98207165  0.54165658  1.2256313
  1.47171725 -1.90391136  0.76638819  2.99500338 -0.51161248 -0.44844963
 -2.02318979  0.6517946   1.61150261  2.92648226 -1.25292495 -0.25032946
 -2.33635882 -2.19284791  3.04218232  2.66067333 -0.6818383  -2.72820545
  1.4647152  -0.14202699 -2.43672953  1.92778135  1.13686949 -0.5599206
  1.04587778 -1.96007086 -0.23438436  2.27007084 -0.17237952  0.65409374
  2.59558828  0.90361311  2.64400623  2.96294464  2.7727403  -2.93616525
  0.31481986 -0.44492893  1.6395492   2.73072027 -0.373175   -2.32620533
  2.71077003 -3.04581394  0.76049687 -0.67891298 -1.69383519  3.03080892
 -1.88007819 -1.70908567 -2.50645687  2.37077356 -2.19593751  2.06025443
  1.81959681  1.49393928  2.60353409  2.87300601  1.86869552  1.46818637
 -1.72510888 -2.38354766  1.2585407   0.6271918   1.60043248 -2.77462642
 -0.29521795  2.41120855 -0.90343785  1.42192883  1.58761972  0.6355441
 -1.01875423  1.16493607  0.68611232 -0.38242419  2.75262788 -2.13687688
  1.583774   -0.61516688  0.96125642 -2.9717849  -2.22577384  0.33566836
 -1.04866551 -0.36145426  0.33047169 -0.12649231 -1.62555681 -0.15800702
 -0.71540089  2.91142417 -1.16025213 -1.1243628  -1.06982684  1.32441999
  1.65166421 -0.77007097  1.99264716 -1.88348395 -0.25885688 -0.91141226
 -2.94498311  3.11632985 -1.64818795  3.09679293 -1.3528261  -2.71461504
  3.0779485  -1.18866509 -0.76039096 -2.99833534 -2.46651018  2.83618904
 -2.04947622 -1.90456661 -0.48389225  3.04518732  0.26668887  0.19905354
 -1.57821474 -0.28313477 -1.60115525 -3.16605508  2.85337382  1.12952416
 -0.38832122 -2.37869205  0.92180147 -1.37551445 -0.28846233 -2.27223998
 -1.88692295  1.81353963 -0.93301124  2.64816617 -0.62879861 -3.06433507
 -2.93773991  2.01966701 -3.08986731 -0.26553981 -1.0864887  -0.29574428
  2.40788301  1.85499863 -0.00486616 -2.48439338 -2.78562758  0.23142637
 -0.7662718   1.40335412 -2.58442071  1.04029131 -0.08955875  0.2545703
  1.89713469  0.75993695  0.81744008 -1.3079197   1.7459948   2.54927088
  1.14576164  0.31472166 -1.01894119  2.58984811  0.69532152 -2.02642407
  0.12085948  1.87703242  1.0099804  -0.71076805 -2.44499731  2.51635587
  2.00443853  1.70459117  2.32057661  1.72963426 -1.68915936 -2.75196339
  0.63106865  1.43116046 -2.29100058 -1.36507926  2.36534511  1.40885456
 -0.2320621  -1.76033622 -1.54323909  1.89926201  1.53249726 -0.88877848
 -0.11039049 -0.3872857  -0.30477848  2.35950316 -0.35293131 -0.70742712
  0.78124465 -2.20673642  0.90511003  2.51361095 -0.46872657  2.27709713
 -1.96766324 -1.0550133  -2.41466184 -2.26077362 -1.49030721 -2.9836137
  1.68709265  1.81878588  1.50257719  1.06017323  1.3261043  -2.22775994
 -2.64260397  1.67876441  1.03954405 -0.32153702 -2.60399595  1.67332564
 -1.24319101 -2.68353722 -0.03827279]
Thu Jun 13 19:57:36 2024,19,0.3959146074098275,[-2.98961136  2.25027263 -2.00882412 -0.0701539   0.38915125 -2.92237134
  3.06470237  2.19682727  1.12061751 -0.97709796  0.53668289  1.230605
  1.47669094 -1.89893767  0.77136189  2.99002969 -0.51658618 -0.45342332
 -2.02816348  0.6468209   1.6164763   2.93145596 -1.25789865 -0.25530316
 -2.34133251 -2.18787421  3.03720863  2.65569964 -0.6768646  -2.72323175
  1.4597415  -0.14700069 -2.44170322  1.93275505  1.13189579 -0.55494691
  1.04090408 -1.96504456 -0.22941067  2.26509715 -0.16740583  0.64912004
  2.60056197  0.89863941  2.64897992  2.96791833  2.7677666  -2.93119155
  0.31979356 -0.43995523  1.6445229   2.73569397 -0.37814869 -2.32123164
  2.70579633 -3.05078764  0.75552318 -0.68388667 -1.69880889  3.02583523
 -1.88505189 -1.71405937 -2.51143056  2.37574725 -2.20091121  2.05528074
  1.81462312  1.49891298  2.60850779  2.86803231  1.86372183  1.47316006
 -1.72013518 -2.37857396  1.2635144   0.62221811  1.60540618 -2.76965273
 -0.29024425  2.41618225 -0.89846415  1.41695513  1.59259341  0.63057041
 -1.01378053  1.15996238  0.68113862 -0.37745049  2.75760157 -2.13190319
  1.5788003  -0.61019318  0.95628272 -2.9668112  -2.23074754  0.33069467
 -1.0536392  -0.36642796  0.33544539 -0.131466   -1.62058311 -0.15303333
 -0.7104272   2.91639786 -1.15527843 -1.1293365  -1.06485314  1.3194463
  1.65663791 -0.76509728  1.99762085 -1.87851025 -0.25388319 -0.90643856
 -2.9499568   3.11135616 -1.64321425  3.10176662 -1.35779979 -2.71958874
  3.0829222  -1.19363879 -0.75541726 -2.99336164 -2.47148388  2.83121535
 -2.04450253 -1.89959292 -0.47891855  3.04021363  0.27166257  0.20402724
 -1.57324105 -0.27816108 -1.59618156 -3.16108138  2.85834752  1.13449786
 -0.38334752 -2.37371835  0.91682778 -1.37054075 -0.29343603 -2.26726628
 -1.88194925  1.81851333 -0.92803755  2.64319247 -0.63377231 -3.06930877
 -2.9427136   2.0246407  -3.09484101 -0.26056612 -1.0914624  -0.29077059
  2.40290932  1.85997233 -0.00983986 -2.48936708 -2.78065388  0.22645267
 -0.7712455   1.39838043 -2.58939441  1.03531762 -0.09453245  0.259544
  1.892161    0.75496326  0.81246638 -1.3128934   1.7410211   2.54429718
  1.15073533  0.31969535 -1.01396749  2.58487441  0.70029522 -2.03139776
  0.12583317  1.88200611  1.0050067  -0.71574174 -2.44997101  2.51138217
  1.99946483  1.69961748  2.32555031  1.72466056 -1.69413306 -2.7469897
  0.63604235  1.42618676 -2.29597428 -1.37005296  2.3703188   1.40388086
 -0.22708841 -1.75536253 -1.53826539  1.9042357   1.53747095 -0.89375217
 -0.11536419 -0.39225939 -0.29980478  2.36447685 -0.357905   -0.71240082
  0.77627096 -2.21171011  0.91008372  2.51858464 -0.47370026  2.27212344
 -1.96268955 -1.05003961 -2.41963554 -2.25579992 -1.4952809  -2.98858739
  1.68211896  1.81381219  1.50755089  1.06514692  1.32113061 -2.23273363
 -2.64757767  1.6837381   1.03457036 -0.31656332 -2.60896965  1.67829933
 -1.24816471 -2.67856352 -0.04324648]
Thu Jun 13 19:57:50 2024,20,0.38893501238712785,[-2.97419198  2.23485325 -2.0242435  -0.05473452  0.40457063 -2.90695196
  3.04928299  2.21224666  1.13603689 -0.96167858  0.55210227  1.21518562
  1.49211032 -1.91435705  0.78678127  2.97461031 -0.5011668  -0.4688427
 -2.0127441   0.66224029  1.63189568  2.94687534 -1.24247926 -0.23988378
 -2.32591313 -2.17245483  3.02178925  2.67111902 -0.69228398 -2.70781237
  1.47516089 -0.13158131 -2.42628384  1.94817443  1.11647641 -0.53952753
  1.0254847  -1.94962518 -0.21399128  2.28051653 -0.15198645  0.66453942
  2.58514259  0.88322003  2.63356054  2.95249895  2.78318598 -2.94661093
  0.33521294 -0.42453585  1.62910351  2.75111335 -0.36272931 -2.33665102
  2.69037695 -3.06620702  0.77094256 -0.66846729 -1.71422827  3.01041585
 -1.90047127 -1.69863999 -2.49601118  2.36032787 -2.18549183  2.03986136
  1.79920374  1.51433236  2.62392717  2.85261293  1.87914121  1.48857944
 -1.7047158  -2.39399335  1.27893378  0.63763749  1.5899868  -2.78507211
 -0.27482487  2.40076287 -0.88304477  1.40153575  1.57717403  0.64598979
 -0.99836115  1.144543    0.696558   -0.39286987  2.74218219 -2.14732257
  1.56338092 -0.62561256  0.94086334 -2.98223058 -2.21532816  0.31527529
 -1.06905858 -0.38184734  0.35086477 -0.11604662 -1.60516373 -0.16845271
 -0.69500782  2.90097848 -1.13985905 -1.14475588 -1.04943376  1.33486568
  1.67205729 -0.78051666  1.98220147 -1.86309087 -0.23846381 -0.92185794
 -2.96537618  3.12677554 -1.65863363  3.117186   -1.34238041 -2.70416936
  3.09834158 -1.17821941 -0.73999788 -2.97794226 -2.4560645   2.84663473
 -2.02908314 -1.9150123  -0.46349917  3.05563301  0.28708195  0.18860786
 -1.55782167 -0.29358046 -1.58076218 -3.145662    2.8737669   1.11907848
 -0.36792814 -2.38913773  0.93224716 -1.35512137 -0.30885541 -2.28268566
 -1.89736864  1.83393271 -0.94345693  2.65861185 -0.64919169 -3.08472815
 -2.95813298  2.00922132 -3.07942162 -0.2759855  -1.10688178 -0.30618997
  2.4183287   1.84455295 -0.02525924 -2.4739477  -2.7652345   0.21103329
 -0.75582612  1.41379981 -2.57397503  1.050737   -0.10995183  0.24412462
  1.90758038  0.77038264  0.797047   -1.32831278  1.72560172  2.55971656
  1.16615471  0.33511473 -0.99854811  2.60029379  0.7157146  -2.04681714
  0.11041379  1.86658673  1.02042608 -0.70032236 -2.43455163  2.49596279
  1.98404545  1.71503686  2.31013093  1.74007994 -1.67871368 -2.76240908
  0.65146173  1.41076738 -2.2805549  -1.35463357  2.38573818  1.41930024
 -0.24250779 -1.73994315 -1.55368477  1.88881632  1.55289033 -0.90917156
 -0.13078357 -0.40767877 -0.2843854   2.34905747 -0.34248562 -0.69698144
  0.79169034 -2.19629073  0.9255031   2.53400402 -0.48911964  2.28754282
 -1.94727017 -1.06545899 -2.43505492 -2.24038054 -1.51070028 -2.97316801
  1.66669958  1.79839281  1.52297027  1.0805663   1.33654999 -2.21731425
 -2.63215829  1.69915748  1.04998974 -0.30114394 -2.62438903  1.69371871
 -1.26358409 -2.66314414 -0.0278271 ]
Thu Jun 13 19:58:03 2024,21,0.3704538102336167,[-2.99690578e+00  2.25756705e+00 -2.00152970e+00 -3.20207254e-02
  4.27284424e-01 -2.92966575e+00  3.07199679e+00  2.18953286e+00
  1.11332309e+00 -9.38964778e-01  5.29388470e-01  1.23789941e+00
  1.46939652e+00 -1.89164325e+00  8.09495063e-01  2.95189651e+00
 -5.23880594e-01 -4.46128907e-01 -1.99003030e+00  6.84954083e-01
  1.65460948e+00  2.92416154e+00 -1.21976547e+00 -2.62597573e-01
 -2.30319933e+00 -2.19516863e+00  2.99907545e+00  2.69383282e+00
 -6.69570187e-01 -2.68509857e+00  1.49787468e+00 -1.54295103e-01
 -2.44899764e+00  1.92546063e+00  1.13919021e+00 -5.16813728e-01
  1.04819850e+00 -1.92691138e+00 -1.91277487e-01  2.30323033e+00
 -1.74700244e-01  6.41825624e-01  2.56242879e+00  8.60506235e-01
  2.61084675e+00  2.92978516e+00  2.76047218e+00 -2.92389714e+00
  3.57926737e-01 -4.01822057e-01  1.65181731e+00  2.72839955e+00
 -3.40015513e-01 -2.35936482e+00  2.66766316e+00 -3.08892082e+00
  7.48228762e-01 -6.91181091e-01 -1.69151447e+00  3.03312964e+00
 -1.87775747e+00 -1.72135378e+00 -2.47329738e+00  2.33761407e+00
 -2.20820562e+00  2.06257516e+00  1.77648994e+00  1.49161856e+00
  2.60121337e+00  2.87532673e+00  1.85642741e+00  1.51129324e+00
 -1.68200201e+00 -2.37127955e+00  1.25621998e+00  6.14923693e-01
  1.61270059e+00 -2.80778591e+00 -2.52111073e-01  2.37804907e+00
 -9.05758571e-01  1.37882196e+00  1.55446024e+00  6.23275990e-01
 -9.75647353e-01  1.16725679e+00  6.73844205e-01 -3.70156076e-01
  2.71946840e+00 -2.12460877e+00  1.54066713e+00 -6.02898764e-01
  9.63577141e-01 -3.00494438e+00 -2.23804196e+00  3.37989087e-01
 -1.09177238e+00 -4.04561135e-01  3.28150972e-01 -1.38760422e-01
 -1.62787753e+00 -1.45738911e-01 -7.17721614e-01  2.87826469e+00
 -1.11714525e+00 -1.16746968e+00 -1.02671997e+00  1.35757948e+00
  1.64934349e+00 -8.03230454e-01  2.00491527e+00 -1.84037707e+00
 -2.15750010e-01 -9.44571741e-01 -2.98808998e+00  3.10406174e+00
 -1.68134743e+00  3.09447220e+00 -1.36509421e+00 -2.72688315e+00
  3.12105537e+00 -1.15550561e+00 -7.62711681e-01 -3.00065606e+00
 -2.47877829e+00  2.86934852e+00 -2.05179694e+00 -1.89229850e+00
 -4.40785373e-01  3.03291921e+00  3.09795745e-01  1.65894061e-01
 -1.53510787e+00 -3.16294258e-01 -1.60347598e+00 -3.12294820e+00
  2.89648070e+00  1.14179227e+00 -3.45214344e-01 -2.41185153e+00
  9.54960955e-01 -1.33240758e+00 -3.31569205e-01 -2.25997187e+00
 -1.92008243e+00  1.85664650e+00 -9.66170727e-01  2.63589806e+00
 -6.26477888e-01 -3.10744195e+00 -2.93541918e+00  1.98650752e+00
 -3.05670783e+00 -2.98699296e-01 -1.08416798e+00 -2.83476171e-01
  2.44104249e+00  1.86726674e+00 -2.54543921e-03 -2.45123390e+00
 -2.78794830e+00  1.88319493e-01 -7.78539913e-01  1.43651361e+00
 -2.55126123e+00  1.02802320e+00 -8.72380292e-02  2.21410817e-01
  1.93029418e+00  7.47668839e-01  8.19760798e-01 -1.30559898e+00
  1.70288792e+00  2.53700276e+00  1.18886851e+00  3.57828532e-01
 -1.02126191e+00  2.62300759e+00  7.38428397e-01 -2.02410335e+00
  8.76999967e-02  1.84387294e+00  9.97712287e-01 -6.77608566e-01
 -2.45726542e+00  2.51867659e+00  2.00675925e+00  1.69232306e+00
  2.28741713e+00  1.76279374e+00 -1.65599988e+00 -2.78512287e+00
  6.74175527e-01  1.43348118e+00 -2.30326870e+00 -1.33191978e+00
  2.36302439e+00  1.44201404e+00 -2.19793992e-01 -1.71722935e+00
 -1.53097098e+00  1.86610252e+00  1.53017653e+00 -8.86457758e-01
 -1.08069768e-01 -3.84964977e-01 -3.07099202e-01  2.37177127e+00
 -3.65199418e-01 -7.19695235e-01  8.14404134e-01 -2.17357694e+00
  9.48216902e-01  2.51129023e+00 -5.11833439e-01  2.31025661e+00
 -1.92455637e+00 -1.04274519e+00 -2.41234112e+00 -2.21766675e+00
 -1.48798649e+00 -2.95045421e+00  1.64398578e+00  1.77567901e+00
  1.54568407e+00  1.10328010e+00  1.35926379e+00 -2.24002805e+00
 -2.60944449e+00  1.67644369e+00  1.02727594e+00 -2.78430143e-01
 -2.60167523e+00  1.67100491e+00 -1.24087029e+00 -2.68585794e+00
 -5.11330687e-03]
Thu Jun 13 19:58:23 2024,22,0.3701568398676828,[-3.00018221e+00  2.25429062e+00 -2.00480613e+00 -2.87442994e-02
  4.24007998e-01 -2.93294218e+00  3.06872037e+00  2.19280928e+00
  1.11659952e+00 -9.35688352e-01  5.26112044e-01  1.23462299e+00
  1.47267295e+00 -1.88836682e+00  8.12771489e-01  2.94862008e+00
 -5.27157020e-01 -4.49405333e-01 -1.99330673e+00  6.88230509e-01
  1.65788591e+00  2.92743796e+00 -1.21648904e+00 -2.65873999e-01
 -2.30647576e+00 -2.19189220e+00  2.99579902e+00  2.69710924e+00
 -6.66293761e-01 -2.68182215e+00  1.50115111e+00 -1.57571529e-01
 -2.45227407e+00  1.92873705e+00  1.14246663e+00 -5.20090154e-01
  1.04492208e+00 -1.92363495e+00 -1.94553913e-01  2.30650675e+00
 -1.71423818e-01  6.38549198e-01  2.55915237e+00  8.57229809e-01
  2.60757032e+00  2.93306158e+00  2.76374861e+00 -2.92717356e+00
  3.54650311e-01 -3.98545631e-01  1.64854089e+00  2.72512312e+00
 -3.36739087e-01 -2.36264124e+00  2.67093958e+00 -3.09219724e+00
  7.51505188e-01 -6.87904665e-01 -1.69479089e+00  3.03640607e+00
 -1.87448104e+00 -1.72463021e+00 -2.47657381e+00  2.34089050e+00
 -2.21148205e+00  2.05929873e+00  1.77321351e+00  1.48834214e+00
  2.60448980e+00  2.87205030e+00  1.85970384e+00  1.51456967e+00
 -1.67872558e+00 -2.36800312e+00  1.25294355e+00  6.11647267e-01
  1.60942417e+00 -2.81106233e+00 -2.48834647e-01  2.38132549e+00
 -9.09034997e-01  1.38209838e+00  1.55118381e+00  6.19999564e-01
 -9.78923779e-01  1.17053322e+00  6.70567779e-01 -3.66879650e-01
  2.72274482e+00 -2.12133235e+00  1.53739070e+00 -5.99622338e-01
  9.66853567e-01 -3.00166796e+00 -2.23476553e+00  3.34712661e-01
 -1.08849596e+00 -4.07837561e-01  3.31427398e-01 -1.42036848e-01
 -1.63115396e+00 -1.42462485e-01 -7.14445188e-01  2.87498826e+00
 -1.12042168e+00 -1.16419325e+00 -1.02344354e+00  1.35430305e+00
  1.65261992e+00 -7.99954028e-01  2.00163884e+00 -1.84365350e+00
 -2.12473584e-01 -9.47848167e-01 -2.99136641e+00  3.10078531e+00
 -1.67807100e+00  3.09774863e+00 -1.36837063e+00 -2.73015958e+00
  3.11777895e+00 -1.15222919e+00 -7.59435256e-01 -2.99737963e+00
 -2.47550187e+00  2.87262495e+00 -2.05507337e+00 -1.89557493e+00
 -4.37508947e-01  3.02964279e+00  3.06519319e-01  1.62617635e-01
 -1.53838430e+00 -3.13017832e-01 -1.60019955e+00 -3.11967178e+00
  2.89320427e+00  1.13851585e+00 -3.48490770e-01 -2.41512796e+00
  9.51684529e-01 -1.33568400e+00 -3.34845631e-01 -2.26324829e+00
 -1.91680601e+00  1.85337008e+00 -9.62894301e-01  2.63262163e+00
 -6.23201462e-01 -3.11071837e+00 -2.93214276e+00  1.98978395e+00
 -3.05343140e+00 -2.95422870e-01 -1.08744440e+00 -2.86752597e-01
  2.44431892e+00  1.86399032e+00  7.30986755e-04 -2.45451032e+00
 -2.79122473e+00  1.85043067e-01 -7.75263488e-01  1.43323718e+00
 -2.55453765e+00  1.02474677e+00 -8.39616033e-02  2.18134392e-01
  1.93357060e+00  7.50945265e-01  8.23037224e-01 -1.30887541e+00
  1.69961150e+00  2.54027919e+00  1.19214494e+00  3.54552106e-01
 -1.01798548e+00  2.61973116e+00  7.41704823e-01 -2.02082692e+00
  8.44235708e-02  1.84059651e+00  1.00098871e+00 -6.80884992e-01
 -2.46054185e+00  2.51540017e+00  2.01003568e+00  1.68904664e+00
  2.28414070e+00  1.75951731e+00 -1.65272345e+00 -2.78839930e+00
  6.77451953e-01  1.43020476e+00 -2.30654512e+00 -1.32864335e+00
  2.35974796e+00  1.43873762e+00 -2.16517566e-01 -1.71395292e+00
 -1.52769455e+00  1.86937895e+00  1.53345296e+00 -8.83181332e-01
 -1.04793342e-01 -3.88241403e-01 -3.03822776e-01  2.37504769e+00
 -3.61922992e-01 -7.22971661e-01  8.17680560e-01 -2.17030051e+00
  9.44940476e-01  2.50801380e+00 -5.15109865e-01  2.30698019e+00
 -1.92127994e+00 -1.04602162e+00 -2.40906469e+00 -2.22094317e+00
 -1.49126291e+00 -2.95373064e+00  1.64070936e+00  1.77240258e+00
  1.54240764e+00  1.10655653e+00  1.36254021e+00 -2.23675162e+00
 -2.60616806e+00  1.67972011e+00  1.03055237e+00 -2.81706569e-01
 -2.60495166e+00  1.67428134e+00 -1.24414672e+00 -2.68258151e+00
 -8.38973283e-03]
Thu Jun 13 19:58:36 2024,23,0.36352088224853923,[-2.9817494   2.23585782 -1.98637332 -0.04717711  0.44244081 -2.95137499
  3.08715317  2.17437648  1.09816671 -0.91725554  0.50767924  1.21619018
  1.45424014 -1.86993402  0.8312043   2.96705289 -0.54558983 -0.46783814
 -1.97487392  0.6697977   1.67631871  2.90900516 -1.23492185 -0.24744119
 -2.28804295 -2.1734594   2.97736621  2.67867643 -0.68472657 -2.70025496
  1.4827183  -0.13913872 -2.47070687  1.94716986  1.12403383 -0.50165735
  1.06335488 -1.90520215 -0.21298672  2.32493956 -0.18985663  0.65698201
  2.54071956  0.87566262  2.58913751  2.91462877  2.7453158  -2.90874075
  0.3362175  -0.41697844  1.66697369  2.74355593 -0.3551719  -2.34420843
  2.65250677 -3.11063005  0.769938   -0.66947186 -1.67635809  3.01797326
 -1.89291385 -1.7061974  -2.49500662  2.32245769 -2.22991486  2.04086592
  1.7547807   1.46990933  2.58605699  2.89048311  1.87813664  1.53300247
 -1.69715839 -2.34957031  1.27137636  0.59321446  1.59099136 -2.82949514
 -0.26726745  2.36289269 -0.92746781  1.36366557  1.532751    0.63843237
 -0.99735659  1.15210041  0.68900059 -0.34844684  2.74117763 -2.10289954
  1.51895789 -0.58118953  0.94842076 -3.02010076 -2.21633272  0.31627985
 -1.10692876 -0.38940475  0.31299459 -0.12360404 -1.64958677 -0.16089529
 -0.732878    2.89342107 -1.13885449 -1.14576044 -1.00501073  1.33587024
  1.63418711 -0.78152122  1.98320603 -1.86208631 -0.19404078 -0.96628098
 -3.00979921  3.11921812 -1.69650381  3.11618144 -1.38680344 -2.74859239
  3.13621176 -1.13379638 -0.74100245 -3.01581244 -2.49393468  2.89105776
 -2.03664056 -1.91400773 -0.41907614  3.04807559  0.28808651  0.14418483
 -1.51995149 -0.33145064 -1.61863236 -3.10123897  2.87477146  1.15694866
 -0.33005796 -2.43356076  0.97011734 -1.35411681 -0.35327844 -2.24481548
 -1.8983732   1.83493727 -0.98132711  2.65105444 -0.60476865 -3.09228556
 -2.95057557  1.97135114 -3.03499859 -0.27699006 -1.0690116  -0.26831979
  2.42588611  1.88242313  0.0191638  -2.43607752 -2.80965754  0.16661026
 -0.7936963   1.45166999 -2.53610485  1.00631396 -0.06552879  0.19970158
  1.95200341  0.76937807  0.84147003 -1.32730821  1.71804431  2.558712
  1.17371213  0.37298491 -1.03641829  2.60129836  0.76013763 -2.00239411
  0.06599076  1.8221637   0.9825559  -0.66245218 -2.44210904  2.53383297
  1.99160287  1.70747945  2.26570789  1.74108451 -1.63429065 -2.76996649
  0.65901915  1.41177195 -2.32497793 -1.34707616  2.37818077  1.45717042
 -0.23495037 -1.69552012 -1.50926174  1.88781176  1.55188577 -0.86474852
 -0.08636053 -0.36980859 -0.32225558  2.3934805  -0.3803558  -0.74140447
  0.79924775 -2.18873332  0.92650767  2.52644661 -0.49667706  2.28854738
 -1.93971275 -1.02758881 -2.4274975  -2.23937598 -1.50969572 -2.97216345
  1.62227655  1.75396977  1.56084045  1.12498934  1.34410741 -2.25518443
 -2.62460087  1.69815292  1.04898517 -0.26327376 -2.62338447  1.69271415
 -1.22571391 -2.70101432 -0.02682254]
Thu Jun 13 19:59:00 2024,24,0.36058507655746863,[-2.99311542  2.24722383 -1.9750073  -0.03581109  0.45380683 -2.96274101
  3.09851919  2.18574249  1.10953273 -0.90588952  0.51904526  1.20482416
  1.44287412 -1.88130003  0.84257032  2.97841891 -0.55695585 -0.45647212
 -1.98623994  0.65843168  1.66495269  2.89763914 -1.22355583 -0.25880721
 -2.29940897 -2.18482541  2.96600019  2.66731041 -0.69609259 -2.68888894
  1.49408432 -0.1277727  -2.45934085  1.95853588  1.13539985 -0.49029133
  1.0747209  -1.89383613 -0.22435274  2.31357354 -0.17849061  0.66834803
  2.55208558  0.8642966   2.60050353  2.92599479  2.73394978 -2.92010677
  0.34758352 -0.42834446  1.67833971  2.75492195 -0.34380588 -2.35557445
  2.66387279 -3.09926403  0.78130402 -0.68083788 -1.66499207  3.02933928
 -1.88154783 -1.69483138 -2.4836406   2.31109167 -2.21854884  2.0294999
  1.74341468  1.45854331  2.57469097  2.87911709  1.86677062  1.54436849
 -1.68579237 -2.36093633  1.28274238  0.60458048  1.57962534 -2.84086116
 -0.27863347  2.35152667 -0.91610179  1.35229955  1.54411702  0.64979839
 -1.00872261  1.16346643  0.67763457 -0.33708082  2.72981161 -2.09153352
  1.53032391 -0.59255555  0.93705474 -3.03146678 -2.22769874  0.32764587
 -1.09556274 -0.37803873  0.32436061 -0.11223802 -1.66095279 -0.14952927
 -0.72151198  2.88205505 -1.15022051 -1.13439442 -0.99364471  1.32450422
  1.62282109 -0.79288724  1.97184001 -1.85072029 -0.2054068  -0.95491496
 -2.9984332   3.1078521  -1.70786983  3.10481542 -1.37543742 -2.75995841
  3.14757778 -1.12243036 -0.75236847 -3.00444642 -2.5053007   2.87969174
 -2.02527454 -1.90264171 -0.40771012  3.05944161  0.29945253  0.15555085
 -1.53131751 -0.34281666 -1.60726634 -3.11260499  2.88613748  1.16831468
 -0.34142398 -2.44492678  0.95875132 -1.36548283 -0.34191242 -2.2561815
 -1.88700718  1.84630329 -0.96996109  2.63968842 -0.61613467 -3.10365158
 -2.93920955  1.95998512 -3.04636461 -0.26562404 -1.08037762 -0.27968581
  2.41452009  1.89378915  0.00779778 -2.4247115  -2.82102355  0.15524424
 -0.78233028  1.44030397 -2.52473883  0.99494794 -0.07689481  0.18833556
  1.96336943  0.75801205  0.83010401 -1.33867423  1.70667829  2.57007802
  1.18507815  0.38435093 -1.02505227  2.58993234  0.74877161 -2.01376013
  0.05462474  1.81079768  0.97118988 -0.65108616 -2.43074302  2.52246695
  1.98023685  1.69611343  2.27707391  1.75245053 -1.62292463 -2.78133251
  0.64765313  1.40040593 -2.33634395 -1.33571014  2.38954679  1.46853644
 -0.24631639 -1.6841541  -1.49789572  1.89917778  1.54051975 -0.8533825
 -0.07499451 -0.35844258 -0.31088956  2.40484652 -0.39172182 -0.75277049
  0.81061377 -2.1773673   0.93787369  2.51508059 -0.50804308  2.2999134
 -1.92834673 -1.01622279 -2.41613148 -2.250742   -1.4983297  -2.96079743
  1.63364257  1.76533579  1.57220647  1.13635536  1.35547343 -2.26655045
 -2.61323485  1.70951894  1.03761915 -0.25190774 -2.61201845  1.70408017
 -1.23707993 -2.6896483  -0.03818856]
Thu Jun 13 19:59:14 2024,25,0.360420795762013,[-2.99520397  2.24513528 -1.97291874 -0.03789964  0.45589538 -2.96065245
  3.09643064  2.18783105  1.11162128 -0.90797808  0.5169567   1.20273561
  1.44496268 -1.87921148  0.84465887  2.97633036 -0.55486729 -0.45438357
 -1.98832849  0.66052024  1.66704125  2.89972769 -1.22564439 -0.25671866
 -2.29732041 -2.18691397  2.96808875  2.66939897 -0.69400403 -2.68680038
  1.49617288 -0.12568415 -2.46142941  1.96062444  1.1374884  -0.49237988
  1.07263235 -1.89592468 -0.22226419  2.3156621  -0.18057916  0.66625947
  2.54999703  0.86638515  2.60259209  2.92390624  2.73603834 -2.91801822
  0.34967208 -0.4262559   1.68042827  2.7528334  -0.34171732 -2.35766301
  2.66178424 -3.09717548  0.77921546 -0.67874932 -1.66708062  3.02725073
 -1.87945928 -1.69691994 -2.48572915  2.30900312 -2.22063739  2.02741135
  1.74132613  1.45645475  2.57260241  2.88120565  1.86885918  1.54227994
 -1.68788092 -2.35884778  1.28065383  0.60249192  1.57753679 -2.83877261
 -0.27654492  2.35361522 -0.91819034  1.350211    1.54202847  0.64770984
 -1.00663405  1.16137787  0.67972312 -0.33916938  2.72772306 -2.09362207
  1.53241247 -0.59046699  0.93496618 -3.02937823 -2.22561019  0.32555732
 -1.09347419 -0.38012729  0.32644916 -0.11014946 -1.65886423 -0.14744072
 -0.72360053  2.87996649 -1.14813195 -1.13648298 -0.99573327  1.32241567
  1.62490965 -0.79079868  1.96975146 -1.85280884 -0.20749535 -0.95700351
 -2.99634464  3.10576355 -1.70578128  3.10690397 -1.37752598 -2.75786985
  3.14548922 -1.1203418  -0.75027991 -3.00235787 -2.50321214  2.87760318
 -2.0273631  -1.90473027 -0.40562156  3.06153017  0.30154109  0.1576394
 -1.52922895 -0.34490521 -1.60517778 -3.11051643  2.88822604  1.16622612
 -0.33933543 -2.44701534  0.96083987 -1.36339427 -0.34400097 -2.25409295
 -1.88491862  1.84839184 -0.96787254  2.64177697 -0.61822323 -3.10156303
 -2.93712099  1.96207368 -3.04427606 -0.2677126  -1.07828906 -0.27759725
  2.41660865  1.8958777   0.00570922 -2.42680005 -2.818935    0.15733279
 -0.78024172  1.44239252 -2.52265027  0.99285939 -0.07480626  0.18624701
  1.96545799  0.7559235   0.83219257 -1.33658568  1.70876684  2.57216657
  1.1871667   0.38643949 -1.02296372  2.58784378  0.74668306 -2.01167158
  0.0567133   1.81288624  0.96910133 -0.65317472 -2.42865447  2.52455551
  1.97814829  1.69402487  2.27498536  1.75036197 -1.62501318 -2.78342107
  0.64974168  1.39831737 -2.33425539 -1.33362158  2.39163534  1.470625
 -0.24840495 -1.68624265 -1.49580717  1.90126633  1.5426083  -0.85547106
 -0.07290596 -0.35635402 -0.30880101  2.40275797 -0.39381037 -0.75068193
  0.80852522 -2.17945585  0.93578513  2.51299203 -0.51013163  2.29782484
 -1.92625818 -1.01831134 -2.41822004 -2.25283056 -1.49624115 -2.95870887
  1.63155401  1.76324724  1.57429502  1.13844391  1.35756198 -2.2644619
 -2.61532341  1.70743038  1.0355306  -0.24981919 -2.60992989  1.70199161
 -1.23499137 -2.69173686 -0.04027712]
Thu Jun 13 19:59:28 2024,26,0.3559984001548888,[-3.00634933  2.23398992 -1.96177339 -0.049045    0.44475002 -2.9495071
  3.08528528  2.17668569  1.10047593 -0.91912344  0.52810206  1.19159025
  1.43381732 -1.89035684  0.85580423  2.98747571 -0.54372194 -0.46552892
 -1.97718314  0.67166559  1.67818661  2.88858233 -1.23678974 -0.2455733
 -2.30846577 -2.17576861  2.97923411  2.68054433 -0.70514939 -2.67565502
  1.50731823 -0.11453879 -2.47257477  1.97176979  1.14863376 -0.50352524
  1.06148699 -1.90707004 -0.21111883  2.30451674 -0.1694338   0.67740483
  2.56114238  0.87753051  2.61373744  2.9350516   2.74718369 -2.90687286
  0.33852672 -0.43740126  1.69157363  2.76397875 -0.33057196 -2.36880837
  2.6729296  -3.08603012  0.7680701  -0.66760396 -1.65593526  3.03839608
 -1.89060464 -1.68577458 -2.4745838   2.32014847 -2.20949204  2.03855671
  1.75247149  1.46760011  2.58374777  2.87006029  1.88000454  1.53113458
 -1.69902628 -2.36999314  1.29179918  0.59134657  1.58868214 -2.82762725
 -0.26539956  2.36476058 -0.9293357   1.33906564  1.53088311  0.65885519
 -1.01777941  1.15023252  0.69086848 -0.35031473  2.7165777  -2.08247672
  1.54355782 -0.57932164  0.92382083 -3.01823287 -2.23675554  0.31441196
 -1.10461955 -0.36898193  0.33759452 -0.12129482 -1.67000959 -0.15858608
 -0.73474589  2.86882114 -1.15927731 -1.14762833 -0.98458791  1.33356103
  1.61376429 -0.77965333  1.98089682 -1.84166349 -0.19634999 -0.94585815
 -2.98519928  3.09461819 -1.71692664  3.09575862 -1.38867133 -2.7467245
  3.15663458 -1.13148716 -0.73913455 -2.99121251 -2.5143575   2.88874854
 -2.03850845 -1.89358491 -0.39447621  3.07267553  0.31268644  0.14649404
 -1.51808359 -0.33375986 -1.61632314 -3.09937108  2.87708068  1.17737148
 -0.32819007 -2.43586998  0.94969452 -1.37453963 -0.35514633 -2.24294759
 -1.89606398  1.83724649 -0.95672718  2.63063162 -0.60707787 -3.09041767
 -2.94826635  1.97321903 -3.05542141 -0.27885795 -1.0671437  -0.2664519
  2.427754    1.88473234  0.01685458 -2.41565469 -2.83008036  0.16847815
 -0.76909636  1.45353788 -2.53379563  1.00400475 -0.08595162  0.17510165
  1.97660334  0.74477814  0.82104721 -1.32544032  1.69762149  2.56102122
  1.19831206  0.37529413 -1.03410907  2.57669842  0.7355377  -2.00052622
  0.06785866  1.80174088  0.98024669 -0.64202936 -2.41750911  2.53570087
  1.98929365  1.70517023  2.26384     1.73921661 -1.63615854 -2.77227571
  0.63859632  1.38717201 -2.32311004 -1.32247623  2.4027807   1.45947964
 -0.23725959 -1.67509729 -1.48466181  1.89012097  1.53146295 -0.86661642
 -0.08405132 -0.34520866 -0.29765565  2.41390332 -0.38266502 -0.76182729
  0.81967057 -2.19060121  0.92463977  2.50184668 -0.49898627  2.28667949
 -1.93740353 -1.00716599 -2.40707468 -2.2416852  -1.5073865  -2.94756352
  1.62040865  1.7743926   1.56314967  1.12729855  1.36870734 -2.25331654
 -2.62646876  1.69628503  1.04667596 -0.26096454 -2.62107525  1.69084625
 -1.22384602 -2.70288221 -0.02913176]
Thu Jun 13 19:59:49 2024,27,0.3557904245269636,[-3.01074058  2.23838117 -1.95738214 -0.05343625  0.44035878 -2.94511585
  3.08967653  2.18107694  1.10486717 -0.92351468  0.52371081  1.19598149
  1.43820857 -1.89474808  0.85141298  2.98308447 -0.54811318 -0.46113768
 -1.98157438  0.67605684  1.68257785  2.88419109 -1.2323985  -0.24996454
 -2.30407452 -2.17137737  2.98362535  2.67615308 -0.70954064 -2.68004627
  1.51170948 -0.11893004 -2.47696601  1.96737855  1.14424251 -0.50791649
  1.06587824 -1.90267879 -0.20672758  2.30890799 -0.16504256  0.67301358
  2.55675114  0.87313926  2.6093462   2.93066035  2.74279245 -2.91126411
  0.34291797 -0.44179251  1.68718238  2.75958751 -0.32618072 -2.37319961
  2.66853835 -3.08163887  0.77246135 -0.66321272 -1.66032651  3.03400484
 -1.89499588 -1.68138333 -2.47019255  2.31575723 -2.20510079  2.04294795
  1.74808024  1.46320886  2.58813902  2.86566904  1.87561329  1.53552583
 -1.70341753 -2.37438438  1.29619043  0.59573781  1.5842909  -2.8320185
 -0.26100832  2.36036933 -0.92494445  1.33467439  1.52649186  0.65446395
 -1.02217066  1.14584127  0.68647723 -0.35470598  2.72096895 -2.08686796
  1.54794907 -0.57493039  0.91942958 -3.02262412 -2.2323643   0.31002071
 -1.10901079 -0.36459068  0.33320327 -0.12568607 -1.67440083 -0.15419483
 -0.73913714  2.86442989 -1.15488606 -1.14323709 -0.98897916  1.33795227
  1.60937304 -0.77526208  1.97650557 -1.84605473 -0.19195875 -0.9502494
 -2.98080804  3.09900944 -1.71253539  3.10014986 -1.39306258 -2.74233325
  3.16102582 -1.12709591 -0.73474331 -2.99560376 -2.51874875  2.89313979
 -2.03411721 -1.88919366 -0.39008496  3.06828428  0.3082952   0.15088529
 -1.51369235 -0.3381511  -1.62071439 -3.09497983  2.88147193  1.18176273
 -0.32379882 -2.44026123  0.95408576 -1.37014838 -0.35953758 -2.24733884
 -1.90045523  1.84163773 -0.96111842  2.62624037 -0.60268662 -3.08602642
 -2.9526576   1.97761028 -3.05981266 -0.27446671 -1.06275246 -0.26206065
  2.42336276  1.88912359  0.02124582 -2.42004594 -2.82568911  0.1640869
 -0.76470512  1.44914663 -2.53818688  0.9996135  -0.09034286  0.1794929
  1.9722121   0.74916939  0.81665596 -1.32983157  1.70201273  2.55662997
  1.20270331  0.37968538 -1.03850032  2.57230718  0.73992895 -2.00491747
  0.06346741  1.79734963  0.97585544 -0.64642061 -2.42190036  2.53130962
  1.9849024   1.70077898  2.26823125  1.74360786 -1.64054979 -2.77666696
  0.64298757  1.39156326 -2.32750128 -1.32686747  2.40717195  1.45508839
 -0.24165084 -1.67948854 -1.48027056  1.88572973  1.53585419 -0.86222517
 -0.08844256 -0.34081742 -0.3020469   2.40951208 -0.37827377 -0.76621854
  0.81527933 -2.18620997  0.92024853  2.49745543 -0.50337752  2.29107073
 -1.94179478 -1.00277474 -2.40268343 -2.24607644 -1.51177775 -2.95195476
  1.6247999   1.77878384  1.56754091  1.12290731  1.36431609 -2.24892529
 -2.63086001  1.69189378  1.04228471 -0.2565733  -2.616684    1.68645501
 -1.21945477 -2.70727346 -0.02474051]
Thu Jun 13 20:00:03 2024,28,0.35452072249006583,[-3.02000074  2.24764133 -1.9666423  -0.04417609  0.44961894 -2.93585569
  3.09893669  2.17181678  1.11412734 -0.91425452  0.51445065  1.18672133
  1.4289484  -1.88548792  0.84215282  2.9738243  -0.55737334 -0.45187752
 -1.97231422  0.685317    1.69183801  2.89345125 -1.22313833 -0.24070438
 -2.29481436 -2.1621172   2.97436519  2.66689292 -0.70028048 -2.67078611
  1.50244932 -0.10966987 -2.48622618  1.97663871  1.13498235 -0.49865632
  1.05661808 -1.91193895 -0.19746742  2.31816815 -0.17430272  0.68227374
  2.5660113   0.88239943  2.60008604  2.93992051  2.73353229 -2.90200395
  0.35217813 -0.43253235  1.69644254  2.76884767 -0.31692055 -2.36393945
  2.67779851 -3.07237871  0.76320119 -0.67247288 -1.66958667  3.043265
 -1.88573572 -1.67212317 -2.47945271  2.32501739 -2.21436095  2.03368779
  1.7573404   1.47246903  2.59739918  2.87492921  1.86635313  1.52626567
 -1.71267769 -2.38364454  1.30545059  0.60499797  1.57503074 -2.82275833
 -0.25174815  2.35110917 -0.93420461  1.32541423  1.5172317   0.64520379
 -1.03143082  1.15510143  0.6957374  -0.34544582  2.71170878 -2.09612812
  1.55720923 -0.56567023  0.91016942 -3.01336396 -2.22310414  0.30076055
 -1.11827095 -0.35533052  0.34246344 -0.11642591 -1.66514067 -0.14493467
 -0.7483973   2.87369005 -1.1456259  -1.15249725 -0.99823932  1.34721243
  1.6186332  -0.78452224  1.96724541 -1.83679457 -0.18269858 -0.94098924
 -2.9900682   3.1082696  -1.70327523  3.0908897  -1.40232274 -2.73307309
  3.17028599 -1.11783575 -0.74400347 -2.9863436  -2.50948858  2.90239995
 -2.02485704 -1.89845383 -0.39934512  3.07754444  0.29903503  0.14162513
 -1.52295251 -0.32889094 -1.62997455 -3.10423999  2.89073209  1.17250256
 -0.31453866 -2.43100107  0.9448256  -1.37940855 -0.36879774 -2.23807868
 -1.90971539  1.83237757 -0.97037859  2.61698021 -0.59342646 -3.09528659
 -2.94339743  1.96835012 -3.0505525  -0.26520655 -1.0534923  -0.25280049
  2.43262292  1.89838375  0.03050599 -2.41078578 -2.81642895  0.17334707
 -0.77396528  1.4584068  -2.54744704  1.00887366 -0.0810827   0.18875306
  1.98147226  0.73990923  0.8073958  -1.32057141  1.69275257  2.56589013
  1.19344315  0.37042522 -1.02924016  2.56304702  0.74918911 -2.01417763
  0.07272757  1.80660979  0.9851156  -0.65568077 -2.43116052  2.54056978
  1.97564224  1.71003914  2.25897109  1.75286802 -1.64980995 -2.78592712
  0.65224773  1.3823031  -2.33676144 -1.33612764  2.39791179  1.44582823
 -0.250911   -1.6887487  -1.4710104   1.87646957  1.52659403 -0.87148533
 -0.09770272 -0.35007758 -0.29278674  2.41877224 -0.36901361 -0.7754787
  0.82453949 -2.1769498   0.92950869  2.48819527 -0.49411736  2.3003309
 -1.93253462 -0.99351458 -2.41194359 -2.25533661 -1.50251759 -2.9426946
  1.61553974  1.788044    1.57680108  1.11364715  1.37357625 -2.25818545
 -2.62159985  1.70115394  1.03302455 -0.26583346 -2.62594416  1.69571517
 -1.22871493 -2.6980133  -0.01548035]
Thu Jun 13 20:00:23 2024,29,0.3529255335016071,[-3.01249548  2.25514659 -1.97414756 -0.03667083  0.44211368 -2.94336094
  3.10644194  2.16431152  1.12163259 -0.90674927  0.52195591  1.17921608
  1.42144315 -1.89299318  0.83464757  2.98132956 -0.54986809 -0.45938277
 -1.97981948  0.69282226  1.69934327  2.9009565  -1.23064359 -0.23319913
 -2.28730911 -2.15461195  2.98187045  2.65938766 -0.70778573 -2.67829137
  1.50995457 -0.11717513 -2.47872092  1.96913345  1.12747709 -0.49115107
  1.06412333 -1.91944421 -0.20497268  2.31066289 -0.16679746  0.689779
  2.55850604  0.87489417  2.60759129  2.93241526  2.72602703 -2.89449869
  0.35968338 -0.4400376   1.7039478   2.77635292 -0.32442581 -2.37144471
  2.67029325 -3.07988397  0.75569593 -0.67997813 -1.66208142  3.03575974
 -1.89324098 -1.66461792 -2.47194745  2.31751213 -2.20685569  2.04119305
  1.76484566  1.47997428  2.60490443  2.86742395  1.87385838  1.51876041
 -1.72018295 -2.37613929  1.29794534  0.61250323  1.58253599 -2.81525308
 -0.25925341  2.35861443 -0.94170987  1.33291949  1.52473696  0.65270904
 -1.02392556  1.16260669  0.70324265 -0.35295108  2.71921404 -2.08862287
  1.54970398 -0.55816497  0.90266416 -3.02086921 -2.23060939  0.30826581
 -1.12577621 -0.36283578  0.34996869 -0.12393116 -1.65763542 -0.13742941
 -0.75590255  2.88119531 -1.13812065 -1.1600025  -1.00574457  1.35471769
  1.61112795 -0.77701699  1.95974015 -1.84429983 -0.17519333 -0.93348398
 -2.99757345  3.11577485 -1.69576997  3.08338445 -1.409828   -2.72556783
  3.16278073 -1.1103305  -0.73649821 -2.97883834 -2.51699384  2.89489469
 -2.0323623  -1.89094857 -0.40685038  3.07003918  0.29152978  0.14913038
 -1.53045776 -0.32138569 -1.63747981 -3.09673474  2.89823734  1.18000782
 -0.32204392 -2.42349581  0.93732035 -1.37190329 -0.36129248 -2.23057342
 -1.90221013  1.82487232 -0.97788384  2.60947495 -0.58592121 -3.08778133
 -2.93589218  1.96084486 -3.05805776 -0.2727118  -1.04598704 -0.24529523
  2.44012818  1.90588901  0.02300073 -2.41829103 -2.80892369  0.16584181
 -0.78147053  1.46591205 -2.53994178  1.01637892 -0.07357745  0.1812478
  1.98897751  0.74741448  0.81490106 -1.32807666  1.68524731  2.55838487
  1.2009484   0.36291996 -1.0217349   2.55554176  0.74168385 -2.02168288
  0.06522231  1.79910454  0.99262086 -0.66318603 -2.43866577  2.53306453
  1.96813699  1.7175444   2.25146583  1.76037328 -1.6573152  -2.77842186
  0.65975299  1.37479784 -2.32925619 -1.34363289  2.39040653  1.45333349
 -0.24340574 -1.69625396 -1.46350515  1.88397482  1.53409929 -0.86398008
 -0.10520798 -0.34257232 -0.28528148  2.42627749 -0.36150835 -0.78298396
  0.81703423 -2.16944455  0.92200343  2.49570052 -0.50162261  2.30783615
 -1.94003987 -0.98600932 -2.40443834 -2.24783135 -1.51002284 -2.93518935
  1.623045    1.78053875  1.58430633  1.1211524   1.366071   -2.2506802
 -2.6291051   1.7086592   1.0405298  -0.27333871 -2.61843891  1.70322042
 -1.22120968 -2.70551855 -0.02298561]
Thu Jun 13 20:00:37 2024,30,0.3469545017021177,[-2.99655416  2.23920527 -1.95820624 -0.02072951  0.42617236 -2.92741962
  3.09050062  2.18025284  1.13757391 -0.92269059  0.50601459  1.16327476
  1.43738447 -1.87705186  0.85058889  2.99727088 -0.56580941 -0.44344145
 -1.9957608   0.67688094  1.68340195  2.88501518 -1.24658491 -0.24914045
 -2.27136779 -2.17055327  2.99781177  2.67532898 -0.72372705 -2.69423269
  1.52589589 -0.13311645 -2.49466224  1.95319213  1.11153577 -0.47520975
  1.08006465 -1.90350289 -0.18903136  2.32660421 -0.18273878  0.67383768
  2.57444736  0.89083549  2.62353261  2.91647394  2.71008571 -2.91044001
  0.3756247  -0.45597892  1.68800648  2.79229424 -0.34036713 -2.35550339
  2.68623457 -3.09582529  0.73975461 -0.69591945 -1.67802274  3.05170106
 -1.87729966 -1.68055924 -2.45600613  2.30157081 -2.22279701  2.05713437
  1.78078698  1.4959156   2.58896311  2.88336527  1.8897997   1.53470173
 -1.73612427 -2.39208061  1.28200402  0.59656191  1.56659467 -2.79931176
 -0.24331209  2.37455575 -0.92576855  1.31697817  1.50879564  0.63676772
 -1.03986688  1.17854801  0.71918397 -0.36889239  2.70327272 -2.10456419
  1.5656453  -0.57410629  0.88672284 -3.03681053 -2.24655071  0.29232449
 -1.14171753 -0.3787771   0.33402737 -0.13987248 -1.6416941  -0.15337073
 -0.77184387  2.86525399 -1.12217933 -1.17594382 -1.02168589  1.33877637
  1.59518663 -0.76107567  1.97568147 -1.82835851 -0.19113465 -0.91754266
 -3.01351477  3.09983353 -1.71171129  3.06744313 -1.39388668 -2.70962651
  3.14683941 -1.09438918 -0.72055689 -2.99477966 -2.53293516  2.91083601
 -2.01642098 -1.87500725 -0.39090906  3.05409786  0.27558846  0.1650717
 -1.54639908 -0.30544437 -1.62153849 -3.08079342  2.88229602  1.1640665
 -0.3061026  -2.43943713  0.92137903 -1.35596197 -0.3772338  -2.24651474
 -1.88626881  1.84081364 -0.96194252  2.62541627 -0.60186253 -3.10372265
 -2.9518335   1.97678618 -3.07399908 -0.28865312 -1.03004572 -0.22935391
  2.42418686  1.92183033  0.03894205 -2.40234971 -2.82486501  0.14990049
 -0.76552921  1.44997073 -2.5558831   1.0004376  -0.08951877  0.16530648
  1.97303619  0.73147316  0.79895974 -1.31213534  1.66930599  2.54244355
  1.18500708  0.37886128 -1.03767622  2.57148308  0.72574253 -2.0376242
  0.08116363  1.78316322  1.00856218 -0.64724471 -2.42272445  2.51712321
  1.98407831  1.70160308  2.23552451  1.74443196 -1.67325652 -2.76248054
  0.64381167  1.35885652 -2.31331487 -1.32769157  2.40634785  1.43739217
 -0.22746442 -1.71219528 -1.44756383  1.89991614  1.55004061 -0.8799214
 -0.08926666 -0.326631   -0.26934016  2.41033617 -0.37744967 -0.79892528
  0.83297555 -2.18538587  0.90606211  2.51164184 -0.51756393  2.32377747
 -1.92409855 -1.00195064 -2.42037966 -2.26377267 -1.49408152 -2.91924803
  1.60710368  1.76459743  1.56836501  1.10521108  1.35012968 -2.23473888
 -2.61316378  1.69271788  1.02458848 -0.28928003 -2.60249759  1.6872791
 -1.237151   -2.72145987 -0.03892693]
Thu Jun 13 20:00:51 2024,31,0.34574986077600833,[-2.99003788  2.24572155 -1.96472252 -0.01421322  0.43268865 -2.92090333
  3.08398434  2.17373655  1.1440902  -0.9161743   0.4994983   1.15675847
  1.44390076 -1.88356815  0.85710517  2.99075459 -0.55929312 -0.44995774
 -2.00227709  0.68339723  1.68991824  2.8784989  -1.24006862 -0.24262416
 -2.27788408 -2.17706956  3.00432805  2.68184527 -0.73024334 -2.70074897
  1.5193796  -0.12660016 -2.48814595  1.95970842  1.10501949 -0.46869346
  1.07354836 -1.8969866  -0.19554764  2.3331205  -0.18925507  0.66732139
  2.56793107  0.89735178  2.61701632  2.90995765  2.70356942 -2.9169563
  0.36910842 -0.46249521  1.69452277  2.78577796 -0.34688342 -2.3489871
  2.67971829 -3.10234157  0.73323833 -0.68940317 -1.68453902  3.05821735
 -1.87078337 -1.68707552 -2.46252242  2.3080871  -2.21628073  2.05061808
  1.78730327  1.48939931  2.58244683  2.87684898  1.88328342  1.52818544
 -1.74264055 -2.3985969   1.27548773  0.6030782   1.57311096 -2.80582805
 -0.24982838  2.38107203 -0.93228484  1.32349446  1.50227935  0.63025143
 -1.03335059  1.17203172  0.71266768 -0.36237611  2.70978901 -2.11108048
  1.57216159 -0.56759001  0.89323913 -3.04332682 -2.253067    0.2858082
 -1.13520124 -0.38529339  0.32751108 -0.14638877 -1.64821039 -0.15988702
 -0.76532758  2.8587377  -1.11566304 -1.18246011 -1.02820218  1.33226008
  1.60170292 -0.76759195  1.96916518 -1.8348748  -0.18461836 -0.91102638
 -3.00699848  3.10634982 -1.71822758  3.07395941 -1.38737039 -2.7161428
  3.14032312 -1.10090546 -0.72707318 -2.98826337 -2.53945145  2.9173523
 -2.00990469 -1.88152354 -0.39742534  3.06061415  0.28210475  0.17158799
 -1.55291537 -0.29892808 -1.6150222  -3.07427713  2.87577974  1.17058279
 -0.31261888 -2.43292084  0.92789531 -1.36247826 -0.37071752 -2.25303103
 -1.87975253  1.84732992 -0.96845881  2.63193256 -0.59534624 -3.11023894
 -2.94531721  1.9702699  -3.06748279 -0.28213683 -1.02352943 -0.2358702
  2.43070314  1.92834662  0.03242576 -2.39583343 -2.81834873  0.15641678
 -0.75901293  1.45648702 -2.54936681  0.99392131 -0.09603505  0.1587902
  1.97955248  0.72495687  0.80547603 -1.31865163  1.67582228  2.53592727
  1.19152337  0.37234499 -1.03115994  2.57799937  0.73225882 -2.04414049
  0.08767992  1.77664693  1.00204589 -0.64072842 -2.41620816  2.51060692
  1.97756202  1.69508679  2.2420408   1.75094825 -1.66674023 -2.76899683
  0.63729538  1.35234024 -2.30679858 -1.33420786  2.41286414  1.43087588
 -0.22094814 -1.71871157 -1.45408011  1.90643243  1.54352432 -0.87340511
 -0.08275037 -0.32011471 -0.26282387  2.41685246 -0.37093339 -0.79240899
  0.83949184 -2.19190216  0.9125784   2.51815813 -0.51104765  2.31726118
 -1.93061484 -1.00846693 -2.42689595 -2.27028896 -1.50059781 -2.92576431
  1.61361996  1.77111372  1.5748813   1.09869479  1.35664596 -2.24125517
 -2.6066475   1.68620159  1.03110477 -0.28276375 -2.60901388  1.68076282
 -1.24366728 -2.71494359 -0.04544321]
Thu Jun 13 20:01:06 2024,32,0.34569782478161326,[-2.99137608  2.24705976 -1.96338432 -0.01555143  0.43135045 -2.92224154
  3.08532254  2.17239835  1.142752   -0.91483609  0.49816009  1.15542027
  1.44256255 -1.88490635  0.85844338  2.9920928  -0.56063132 -0.45129594
 -2.00361529  0.68205902  1.69125644  2.87716069 -1.24140682 -0.24396236
 -2.27922228 -2.17573135  3.00298985  2.68318347 -0.73158154 -2.69941077
  1.5180414  -0.12793836 -2.48948416  1.95837022  1.10635769 -0.47003166
  1.07488657 -1.8956484  -0.19688585  2.3317823  -0.18791687  0.66865959
  2.56926928  0.89868998  2.61567812  2.91129585  2.70223122 -2.9156181
  0.37044662 -0.46115701  1.69318456  2.78443975 -0.34554521 -2.3476489
  2.67838008 -3.10367978  0.73190012 -0.69074137 -1.68587723  3.05687915
 -1.87212157 -1.68573732 -2.46118422  2.30942531 -2.21494252  2.04927987
  1.78864147  1.49073752  2.58378503  2.87818719  1.88194521  1.52684724
 -1.74397876 -2.39725869  1.27682593  0.6044164   1.57177275 -2.80716625
 -0.25116658  2.37973383 -0.93362304  1.32215625  1.50094114  0.62891323
 -1.0346888   1.17069352  0.71400589 -0.3610379   2.7084508  -2.10974227
  1.57349979 -0.56892821  0.89457733 -3.04466502 -2.2517288   0.28447
 -1.13386304 -0.38663159  0.32884929 -0.14505057 -1.64954859 -0.15854882
 -0.76666579  2.85739949 -1.11700124 -1.18112191 -1.02954039  1.33359829
  1.60036471 -0.76625375  1.97050339 -1.83353659 -0.18595656 -0.91236458
 -3.00566028  3.10501162 -1.71956578  3.07262121 -1.38870859 -2.717481
  3.13898492 -1.10224367 -0.72841139 -2.98692517 -2.54078965  2.9186905
 -2.0112429  -1.88286174 -0.39608714  3.06195236  0.28076654  0.1729262
 -1.55425358 -0.29758988 -1.6163604  -3.07561533  2.87444153  1.17192099
 -0.31395709 -2.43158264  0.92923352 -1.36114006 -0.36937931 -2.25436923
 -1.87841432  1.84866813 -0.96712061  2.63059436 -0.59400804 -3.11157714
 -2.94665541  1.96893169 -3.06882099 -0.28347504 -1.02219123 -0.2372084
  2.42936494  1.92968482  0.03376397 -2.39449522 -2.81701052  0.15775498
 -0.76035113  1.45514882 -2.55070502  0.99258311 -0.09737326  0.1601284
  1.98089068  0.72629508  0.80681423 -1.31998983  1.67448408  2.53458906
  1.19286157  0.3736832  -1.02982173  2.57933757  0.73359702 -2.04547869
  0.08634172  1.77798513  1.00338409 -0.64206662 -2.41486996  2.51194512
  1.97622381  1.69642499  2.2407026   1.75228645 -1.66540203 -2.77033503
  0.63863358  1.35100203 -2.30546038 -1.33286966  2.41152594  1.42953768
 -0.21960993 -1.72004977 -1.45541832  1.90509423  1.54486252 -0.8720669
 -0.08408858 -0.32145292 -0.26416208  2.41551426 -0.37227159 -0.79374719
  0.84083004 -2.19324036  0.91391661  2.51949633 -0.50970944  2.31859939
 -1.93195305 -1.00980514 -2.42555774 -2.26895076 -1.49925961 -2.92710252
  1.61495817  1.76977551  1.5762195   1.09735659  1.35798417 -2.24259337
 -2.60530929  1.68486339  1.03244298 -0.28410195 -2.60767567  1.67942461
 -1.24232908 -2.71628179 -0.04678142]
Thu Jun 13 20:01:21 2024,33,0.34543949467373813,[-2.98958224  2.2488536  -1.96159048 -0.01375758  0.42955661 -2.9204477
  3.0835287   2.17419219  1.14454584 -0.91662994  0.49995393  1.15362642
  1.44076871 -1.88670019  0.86023722  2.99388664 -0.55883748 -0.4495021
 -2.00182145  0.68385286  1.6894626   2.87895453 -1.23961298 -0.24216852
 -2.27742844 -2.17393751  3.00478369  2.68497732 -0.7297877  -2.70120461
  1.51983524 -0.12614452 -2.491278    1.96016406  1.10815153 -0.46823782
  1.07309273 -1.89744224 -0.19867969  2.32998845 -0.18612303  0.66686575
  2.56747544  0.90048382  2.61747196  2.91308969  2.70402506 -2.91741194
  0.37224046 -0.45936316  1.69139072  2.78264591 -0.34733906 -2.34585505
  2.68017392 -3.10547362  0.73369396 -0.68894753 -1.68408339  3.05508531
 -1.87391541 -1.68753116 -2.46297806  2.30763146 -2.21673636  2.05107372
  1.79043531  1.49253136  2.58199119  2.87639334  1.88015137  1.52864108
 -1.74218492 -2.39905253  1.27503209  0.60621024  1.5735666  -2.80896009
 -0.25296042  2.37793999 -0.93541688  1.32036241  1.50273499  0.62711939
 -1.03289496  1.16889967  0.71579973 -0.35924406  2.70665696 -2.11153611
  1.57170595 -0.56713437  0.89278349 -3.04287118 -2.25352264  0.28626384
 -1.13565688 -0.38842543  0.32705545 -0.14325673 -1.64775475 -0.15675498
 -0.76845963  2.85919334 -1.1152074  -1.18291575 -1.02774654  1.33180444
  1.60215855 -0.76445991  1.96870955 -1.83174275 -0.18775041 -0.91057074
 -3.00386644  3.10680546 -1.72135962  3.07441505 -1.38691475 -2.71568716
  3.14077876 -1.10403751 -0.73020523 -2.98871901 -2.54258349  2.91689666
 -2.01303674 -1.8810679  -0.3942933   3.06015852  0.28256038  0.17472004
 -1.55604742 -0.29579603 -1.61456656 -3.07740917  2.87623537  1.17371483
 -0.31575093 -2.4297888   0.93102736 -1.3629339  -0.36758547 -2.25616307
 -1.88020816  1.84687429 -0.96532676  2.62880052 -0.59580188 -3.1097833
 -2.94844926  1.97072553 -3.07061483 -0.2816812  -1.02398507 -0.23541456
  2.43115878  1.93147866  0.03197012 -2.39628906 -2.81521668  0.15596114
 -0.76214497  1.45335497 -2.55249886  0.99078926 -0.0991671   0.15833456
  1.98268453  0.72450124  0.80860807 -1.32178368  1.67269024  2.53279522
  1.19465542  0.37188936 -1.03161557  2.58113141  0.73180318 -2.04368485
  0.08454788  1.77619129  1.00159025 -0.64027278 -2.4166638   2.51373896
  1.97801766  1.69821884  2.23890875  1.75049261 -1.66719587 -2.76854119
  0.64042742  1.34920819 -2.30725422 -1.3346635   2.40973209  1.43133152
 -0.21781609 -1.71825593 -1.45362448  1.90688807  1.54665636 -0.87027306
 -0.08229473 -0.31965908 -0.26236824  2.41372042 -0.37047775 -0.79195335
  0.84262389 -2.19144652  0.91571045  2.52129018 -0.5079156   2.31680554
 -1.9301592  -1.00801129 -2.42735158 -2.2707446  -1.49746577 -2.92889636
  1.61675201  1.76798167  1.57801334  1.09915043  1.35977801 -2.24438721
 -2.60710313  1.68306954  1.03064913 -0.28230811 -2.60946951  1.67763077
 -1.24053524 -2.71448795 -0.04498758]
Thu Jun 13 20:01:35 2024,34,0.33843192963128393,[-3.00470896  2.26398032 -1.94646376 -0.0288843   0.44468333 -2.93557442
  3.09865542  2.15906547  1.12941912 -0.93175666  0.48482722  1.13849971
  1.45589543 -1.87157347  0.87536394  3.00901336 -0.54371076 -0.43437538
 -2.01694817  0.66872614  1.67433588  2.86382781 -1.2547397  -0.25729524
 -2.29255516 -2.18906423  2.98965697  2.70010403 -0.71466098 -2.68607789
  1.50470852 -0.14127124 -2.47615128  1.97529078  1.09302481 -0.4531111
  1.08821945 -1.88231552 -0.18355297  2.31486174 -0.17099631  0.65173903
  2.55234872  0.8853571   2.63259868  2.89796297  2.68889834 -2.93253866
  0.38736718 -0.47448988  1.70651744  2.76751919 -0.36246578 -2.36098177
  2.69530064 -3.12060034  0.71856724 -0.70407425 -1.66895667  3.03995859
 -1.85878869 -1.67240444 -2.47810478  2.32275818 -2.23186308  2.06620044
  1.80556203  1.47740464  2.59711791  2.86126662  1.89527809  1.51351436
 -1.75731164 -2.38392581  1.25990537  0.59108352  1.58869332 -2.82408681
 -0.26808714  2.39306671 -0.9505436   1.30523569  1.48760827  0.61199267
 -1.01776824  1.18402639  0.73092645 -0.37437078  2.72178368 -2.12666283
  1.58683267 -0.58226109  0.87765677 -3.0579979  -2.26864936  0.30139056
 -1.12053016 -0.37329871  0.34218217 -0.12813001 -1.66288147 -0.1718817
 -0.78358635  2.87432006 -1.13033412 -1.16778903 -1.04287326  1.31667772
  1.61728527 -0.74933319  1.98383627 -1.84686947 -0.17262369 -0.92569746
 -2.98873972  3.09167874 -1.73648634  3.08954177 -1.40204147 -2.70056044
  3.15590548 -1.11916423 -0.71507851 -3.00384573 -2.52745677  2.90176994
 -1.99791002 -1.86594118 -0.37916658  3.0450318   0.26743366  0.15959332
 -1.57117414 -0.31092275 -1.59943984 -3.06228245  2.89136209  1.18884155
 -0.30062421 -2.41466208  0.91590064 -1.34780718 -0.35245875 -2.27128979
 -1.86508144  1.86200101 -0.98045348  2.64392724 -0.6109286  -3.09465658
 -2.96357598  1.95559881 -3.05548811 -0.29680792 -1.00885835 -0.22028784
  2.41603206  1.94660538  0.01684341 -2.41141578 -2.8303434   0.14083442
 -0.77727169  1.43822826 -2.53737214  0.97566254 -0.11429382  0.17346128
  1.99781125  0.73962796  0.79348135 -1.30665696  1.65756352  2.54792194
  1.20978214  0.35676264 -1.01648885  2.56600469  0.71667646 -2.02855813
  0.0996746   1.76106457  1.01671697 -0.6553995  -2.40153708  2.52886568
  1.99314438  1.71334555  2.25403547  1.76561933 -1.65206915 -2.78366791
  0.6253007   1.36433491 -2.32238094 -1.34979022  2.42485881  1.4162048
 -0.20268937 -1.70312921 -1.4687512   1.92201479  1.56178308 -0.88539978
 -0.09742145 -0.3347858  -0.24724152  2.3985937  -0.38560447 -0.77682663
  0.85775061 -2.20657324  0.93083717  2.5364169  -0.49278888  2.30167883
 -1.91503248 -1.02313801 -2.41222486 -2.25561788 -1.48233905 -2.91376964
  1.60162529  1.78310839  1.56288662  1.08402371  1.34465129 -2.25951393
 -2.62222985  1.69819626  1.01552241 -0.29743483 -2.62459623  1.69275749
 -1.25566196 -2.69936123 -0.02986086]
Thu Jun 13 20:01:49 2024,35,0.33095929775263394,[-2.98627657  2.2824127  -1.92803138 -0.04731669  0.46311571 -2.91714203
  3.08022303  2.14063309  1.11098673 -0.95018904  0.46639483  1.12006732
  1.43746305 -1.85314109  0.89379632  3.02744574 -0.56214315 -0.45280777
 -1.99851578  0.68715853  1.6559035   2.84539543 -1.23630732 -0.27572763
 -2.31098754 -2.17063185  3.00808936  2.68167165 -0.73309337 -2.70451028
  1.52314091 -0.12283886 -2.49458366  1.9568584   1.1114572  -0.47154349
  1.06978706 -1.9007479  -0.20198535  2.29642935 -0.15256392  0.63330665
  2.5707811   0.86692472  2.65103106  2.91639536  2.67046596 -2.91410627
  0.3689348  -0.49292227  1.68808506  2.78595158 -0.34403339 -2.34254939
  2.67686826 -3.10216795  0.70013486 -0.72250663 -1.68738905  3.05839097
 -1.87722108 -1.69083683 -2.4596724   2.3043258  -2.25029547  2.04776805
  1.78712965  1.45897225  2.61555029  2.87969901  1.91371048  1.53194675
 -1.77574402 -2.4023582   1.24147299  0.60951591  1.57026093 -2.80565443
 -0.28651953  2.41149909 -0.96897599  1.32366808  1.46917588  0.63042505
 -1.03620062  1.16559401  0.74935883 -0.39280317  2.74021607 -2.14509522
  1.56840028 -0.5638287   0.85922439 -3.07643029 -2.28708174  0.28295817
 -1.13896254 -0.3917311   0.36061455 -0.10969762 -1.68131385 -0.19031408
 -0.76515397  2.85588767 -1.1487665  -1.18622142 -1.06130565  1.33511011
  1.63571766 -0.73090081  2.00226865 -1.86530185 -0.19105607 -0.90726507
 -3.0071721   3.07324636 -1.71805396  3.07110939 -1.38360909 -2.68212806
  3.17433786 -1.10073184 -0.69664612 -2.98541335 -2.50902439  2.92020233
 -1.97947763 -1.8475088  -0.3607342   3.02659941  0.28586605  0.14116093
 -1.58960652 -0.32935514 -1.61787222 -3.08071484  2.87292971  1.17040917
 -0.31905659 -2.39622969  0.93433302 -1.32937479 -0.37089114 -2.28972218
 -1.88351383  1.88043339 -0.99888587  2.62549485 -0.62936098 -3.0762242
 -2.94514359  1.9740312  -3.03705573 -0.27837553 -0.99042597 -0.20185546
  2.43446445  1.96503776  0.03527579 -2.3929834  -2.84877578  0.12240204
 -0.75883931  1.41979587 -2.51893975  0.99409493 -0.1327262   0.19189366
  2.01624363  0.75806034  0.77504897 -1.32508934  1.63913113  2.52948956
  1.22821452  0.37519502 -0.99805647  2.58443708  0.73510885 -2.04699052
  0.08124221  1.77949696  0.99828459 -0.63696712 -2.3831047   2.5104333
  2.01157676  1.69491317  2.27246786  1.78405171 -1.67050154 -2.8021003
  0.60686832  1.3827673  -2.34081332 -1.33135783  2.40642643  1.39777241
 -0.18425699 -1.68469682 -1.45031881  1.94044717  1.58021547 -0.90383217
 -0.11585384 -0.31635341 -0.22880913  2.38016131 -0.36717208 -0.79525901
  0.87618299 -2.22500562  0.94926955  2.55484928 -0.4743565   2.32011121
 -1.93346487 -1.00470563 -2.43065725 -2.27405026 -1.46390666 -2.93220202
  1.5831929   1.76467601  1.54445424  1.1024561   1.36308367 -2.27794631
 -2.60379747  1.67976388  1.0339548  -0.27900244 -2.60616385  1.67432511
 -1.23722957 -2.68092884 -0.01142847]
Thu Jun 13 20:02:04 2024,36,0.3309237783196652,[-2.98561032  2.28307895 -1.92736512 -0.04798294  0.46244946 -2.91780828
  3.08088928  2.14129934  1.11165298 -0.94952279  0.46706108  1.11940107
  1.4367968  -1.85380734  0.89446257  3.02811199 -0.5628094  -0.45214151
 -1.99784953  0.68649228  1.65656975  2.84472918 -1.23564107 -0.27506138
 -2.31165379 -2.1712981   3.00742311  2.6810054  -0.73242712 -2.70384402
  1.52247466 -0.12350511 -2.49524991  1.95752465  1.11212345 -0.47087724
  1.06912081 -1.90008165 -0.2026516   2.2970956  -0.15189767  0.6326404
  2.57144735  0.86759097  2.65169732  2.91706161  2.67113221 -2.91477252
  0.36826855 -0.49225602  1.68875131  2.78528533 -0.34469964 -2.34321564
  2.67620201 -3.1015017   0.69946861 -0.72317288 -1.6867228   3.05772472
 -1.87788733 -1.69150308 -2.46033865  2.30365955 -2.24962922  2.0484343
  1.7877959   1.458306    2.61621654  2.87903276  1.91437673  1.532613
 -1.77641027 -2.40169195  1.24213924  0.61018216  1.57092718 -2.80498818
 -0.28585328  2.41216534 -0.96830973  1.32300183  1.46850963  0.6297588
 -1.03686687  1.16626026  0.74869258 -0.39346942  2.73954982 -2.14442897
  1.56906653 -0.56316245  0.85989064 -3.07576404 -2.28641549  0.28229192
 -1.13829629 -0.39239735  0.3599483  -0.10903137 -1.6819801  -0.19098033
 -0.76448771  2.85522142 -1.14810025 -1.18688767 -1.0606394   1.33444386
  1.63505141 -0.73156706  2.0029349  -1.86596811 -0.19038982 -0.90659882
 -3.00650585  3.07391261 -1.71738771  3.07177564 -1.38427534 -2.68146181
  3.17367161 -1.1013981  -0.69597987 -2.9860796  -2.50969064  2.91953608
 -1.98014388 -1.84817505 -0.36006795  3.02593316  0.2865323   0.14049468
 -1.59027277 -0.32868889 -1.61720597 -3.08004859  2.87359596  1.16974292
 -0.31839034 -2.39556344  0.93499927 -1.32870854 -0.37155739 -2.28905593
 -1.88418008  1.87976714 -0.99955212  2.6261611  -0.62869473 -3.07555795
 -2.94447734  1.97336495 -3.03772198 -0.27904178 -0.98975971 -0.20252171
  2.4351307   1.96570401  0.03594204 -2.39231715 -2.84810953  0.12173579
 -0.75950556  1.41912962 -2.51960601  0.99476118 -0.13205995  0.19122741
  2.01557738  0.75872659  0.77571522 -1.32575559  1.63846488  2.53015581
  1.22888077  0.37452877 -0.99872272  2.58377083  0.7344426  -2.04765677
  0.08057596  1.77883071  0.99895084 -0.63630086 -2.38243845  2.51109955
  2.01224301  1.69557942  2.27180161  1.78471796 -1.67116779 -2.80276655
  0.60753457  1.38210105 -2.34147957 -1.33202408  2.40576018  1.39843866
 -0.18359074 -1.68403057 -1.44965256  1.94111342  1.58088172 -0.90449842
 -0.11652009 -0.31568716 -0.22947538  2.38082756 -0.36650583 -0.79592526
  0.87684924 -2.22433937  0.9486033   2.55418303 -0.47369025  2.31944496
 -1.93279862 -1.00403938 -2.4313235  -2.27471651 -1.46457291 -2.93286828
  1.58385915  1.76534226  1.54512049  1.10178984  1.36241742 -2.27861257
 -2.60446372  1.67909763  1.03462105 -0.27966869 -2.6068301   1.67499136
 -1.23789583 -2.68159509 -0.01076222]
Thu Jun 13 20:02:20 2024,37,0.32581757715929366,[-2.9996539   2.26903538 -1.91332155 -0.03393936  0.47649304 -2.90376471
  3.06684571  2.15534292  1.12569656 -0.93547921  0.48110466  1.13344465
  1.42275322 -1.83976376  0.90850615  3.04215557 -0.54876582 -0.46618509
 -1.98380596  0.6724487   1.64252617  2.85877276 -1.24968465 -0.2610178
 -2.29761022 -2.15725452  3.02146668  2.69504898 -0.74647069 -2.7178876
  1.53651823 -0.10946153 -2.48120633  1.97156822  1.09807987 -0.45683366
  1.08316439 -1.91412523 -0.18860803  2.28305202 -0.16594125  0.61859682
  2.55740377  0.85354739  2.63765374  2.93110518  2.68517578 -2.9288161
  0.38231212 -0.5062996   1.70279488  2.7993289  -0.33065606 -2.32917206
  2.66215843 -3.08745813  0.71351219 -0.73721646 -1.70076638  3.0717683
 -1.86384375 -1.6774595  -2.44629507  2.31770313 -2.23558564  2.06247788
  1.80183947  1.47234958  2.60217297  2.89307634  1.9284203   1.51856942
 -1.76236669 -2.41573553  1.25618281  0.59613858  1.58497076 -2.7909446
 -0.2718097   2.39812177 -0.98235331  1.30895825  1.48255321  0.61571523
 -1.02282329  1.18030384  0.76273616 -0.40751299  2.72550624 -2.15847254
  1.55502296 -0.54911887  0.84584706 -3.08980761 -2.27237191  0.2963355
 -1.12425272 -0.40644092  0.34590472 -0.09498779 -1.69602368 -0.20502391
 -0.77853129  2.869265   -1.16214383 -1.17284409 -1.07468298  1.34848744
  1.62100783 -0.74561063  2.01697848 -1.88001168 -0.17634624 -0.89255525
 -2.99246228  3.05986903 -1.70334413  3.08581921 -1.39831892 -2.66741823
  3.18771519 -1.08735452 -0.71002345 -2.97203602 -2.52373422  2.9054925
 -1.96610031 -1.83413147 -0.37411152  3.01188958  0.27248872  0.1264511
 -1.5762292  -0.34273247 -1.63124955 -3.09409216  2.85955238  1.15569934
 -0.33243392 -2.40960702  0.9209557  -1.31466496 -0.35751381 -2.3030995
 -1.89822366  1.86572356 -1.0135957   2.64020468 -0.61465115 -3.06151437
 -2.95852092  1.98740853 -3.05176556 -0.29308536 -0.97571614 -0.18847813
  2.42108712  1.95166044  0.02189846 -2.40636073 -2.86215311  0.13577936
 -0.77354913  1.4331732  -2.50556243  0.9807176  -0.11801638  0.20527099
  2.0015338   0.74468301  0.78975879 -1.31171201  1.65250846  2.51611223
  1.24292435  0.36048519 -0.98467914  2.5978144   0.74848617 -2.03361319
  0.06653239  1.79287428  1.01299441 -0.62225729 -2.39648203  2.52514313
  2.02628659  1.68153584  2.28584519  1.77067439 -1.68521136 -2.81681012
  0.62157815  1.39614462 -2.327436   -1.31798051  2.3917166   1.38439509
 -0.16954716 -1.69807415 -1.43560898  1.92706984  1.5949253  -0.89045484
 -0.13056367 -0.32973074 -0.24351896  2.39487114 -0.35246226 -0.78188169
  0.89089282 -2.23838295  0.96264688  2.54013945 -0.45964667  2.30540138
 -1.91875504 -1.01808296 -2.44536708 -2.26067293 -1.45052934 -2.9188247
  1.59790273  1.77938584  1.53107691  1.11583342  1.34837385 -2.29265614
 -2.6185073   1.66505405  1.02057747 -0.29371227 -2.62087368  1.68903494
 -1.2519394  -2.66755152  0.00328136]
Thu Jun 13 20:02:34 2024,38,0.3229207989047803,[-3.01033669  2.25835259 -1.92400434 -0.02325657  0.48717583 -2.89308192
  3.0775285   2.14466013  1.11501377 -0.946162    0.47042187  1.12276186
  1.43343601 -1.82908097  0.91918894  3.03147278 -0.55944861 -0.47686788
 -1.99448874  0.68313149  1.65320896  2.86945555 -1.23900186 -0.27170059
 -2.28692743 -2.14657173  3.03214947  2.70573177 -0.75715348 -2.70720481
  1.54720102 -0.12014432 -2.47052355  1.96088544  1.10876266 -0.46751645
  1.0724816  -1.92480802 -0.19929081  2.27236924 -0.15525846  0.60791403
  2.56808656  0.8428646   2.64833653  2.9204224   2.69585857 -2.91813331
  0.39299491 -0.49561681  1.6921121   2.78864611 -0.34133885 -2.31848927
  2.65147564 -3.07677534  0.7028294  -0.72653367 -1.71144917  3.08245108
 -1.85316096 -1.66677671 -2.45697786  2.30702034 -2.22490285  2.05179509
  1.81252226  1.46166679  2.61285575  2.88239355  1.93910309  1.50788663
 -1.77304948 -2.42641831  1.2668656   0.60682137  1.57428797 -2.80162739
 -0.26112691  2.38743898 -0.9930361   1.29827546  1.47187042  0.62639801
 -1.01214051  1.19098663  0.77341895 -0.39683021  2.73618903 -2.16915533
  1.54434017 -0.55980166  0.83516427 -3.07912482 -2.26168913  0.30701829
 -1.1349355  -0.39575813  0.33522193 -0.08430501 -1.68534089 -0.19434112
 -0.78921408  2.85858221 -1.15146104 -1.18352688 -1.06400019  1.35917022
  1.61032504 -0.75629342  2.02766127 -1.86932889 -0.18702903 -0.90323803
 -3.00314506  3.04918624 -1.69266134  3.07513643 -1.38763613 -2.65673544
  3.1770324  -1.09803731 -0.72070624 -2.96135323 -2.534417    2.89480971
 -1.97678309 -1.82344868 -0.38479431  3.02257237  0.26180593  0.11576832
 -1.56554641 -0.33204968 -1.64193234 -3.08340938  2.84886959  1.14501655
 -0.32175113 -2.39892423  0.91027291 -1.32534775 -0.34683102 -2.31378229
 -1.88754087  1.87640635 -1.02427848  2.62952189 -0.60396836 -3.05083158
 -2.96920371  1.97672574 -3.06244834 -0.30376815 -0.98639893 -0.19916092
  2.43176991  1.94097765  0.01121567 -2.39567794 -2.85147032  0.14646215
 -0.76286635  1.44385599 -2.49487964  0.97003481 -0.12869916  0.1945882
  2.01221659  0.73400023  0.77907601 -1.3223948   1.66319125  2.52679502
  1.23224156  0.3498024  -0.99536193  2.58713162  0.73780339 -2.04429598
  0.0558496   1.7821915   1.00231163 -0.63294008 -2.38579924  2.53582592
  2.03696938  1.67085306  2.29652797  1.78135717 -1.69589415 -2.82749291
  0.61089536  1.38546183 -2.33811878 -1.32866329  2.38103381  1.3737123
 -0.18022995 -1.68739136 -1.44629177  1.91638706  1.58424251 -0.87977205
 -0.11988088 -0.34041353 -0.25420175  2.38418835 -0.34177947 -0.79256448
  0.90157561 -2.22770016  0.97332967  2.55082224 -0.44896388  2.31608417
 -1.92943783 -1.00740017 -2.43468429 -2.27135572 -1.46121212 -2.90814191
  1.60858552  1.79006862  1.5417597   1.12651621  1.33769106 -2.28197335
 -2.62919009  1.65437126  1.03126026 -0.28302948 -2.61019089  1.69971772
 -1.26262219 -2.65686873 -0.00740143]
Thu Jun 13 20:02:48 2024,39,0.32077219541520924,[-3.00243467  2.26625461 -1.91610231 -0.0311586   0.49507785 -2.90098394
  3.06962647  2.15256215  1.1229158  -0.93825998  0.47832389  1.11485984
  1.42553398 -1.82117895  0.91128692  3.0393748  -0.55154659 -0.4847699
 -2.00239077  0.67522947  1.64530693  2.86155352 -1.24690388 -0.27960261
 -2.2790254  -2.15447375  3.02424745  2.69782974 -0.74925146 -2.71510684
  1.539299   -0.12804634 -2.47842557  1.95298341  1.11666468 -0.47541847
  1.06457958 -1.91690599 -0.19138879  2.26446721 -0.14735644  0.60001201
  2.57598858  0.83496258  2.6404345   2.91252037  2.70376059 -2.91023129
  0.38509289 -0.50351883  1.70001412  2.79654814 -0.33343683 -2.3263913
  2.65937767 -3.08467736  0.71073142 -0.71863165 -1.70354714  3.09035311
 -1.86106299 -1.65887469 -2.46487988  2.31492236 -2.21700083  2.04389307
  1.80462024  1.45376477  2.62075778  2.89029557  1.94700511  1.49998461
 -1.7809515  -2.41851629  1.25896358  0.59891935  1.58218999 -2.80952941
 -0.26902893  2.395341   -1.00093812  1.30617748  1.4639684   0.63430004
 -1.00423848  1.19888865  0.76551692 -0.38892818  2.74409105 -2.17705736
  1.53643815 -0.56770369  0.8430663  -3.08702685 -2.2537871   0.31492031
 -1.14283753 -0.38785611  0.32731991 -0.07640298 -1.69324291 -0.20224314
 -0.78131206  2.85068019 -1.14355902 -1.1914289  -1.07190221  1.36707225
  1.61822706 -0.7483914   2.03556329 -1.86142687 -0.19493105 -0.89533601
 -2.99524304  3.04128422 -1.70056337  3.0672344  -1.3797341  -2.64883342
  3.16913038 -1.10593933 -0.72860826 -2.96925525 -2.52651498  2.88690769
 -1.98468512 -1.81554666 -0.37689229  3.03047439  0.25390391  0.12367034
 -1.57344843 -0.32414765 -1.63403032 -3.0913114   2.85677162  1.13711453
 -0.31384911 -2.40682626  0.90237088 -1.31744573 -0.338929   -2.32168431
 -1.87963885  1.88430837 -1.03218051  2.63742391 -0.59606634 -3.0587336
 -2.96130168  1.96882371 -3.05454632 -0.31167017 -0.9784969  -0.20706294
  2.43967193  1.93307563  0.0191177  -2.38777592 -2.85937235  0.13856013
 -0.77076837  1.43595396 -2.48697762  0.96213279 -0.13660119  0.18668618
  2.00431457  0.7260982   0.77117398 -1.31449278  1.67109327  2.53469704
  1.22433954  0.34190038 -0.98745991  2.59503364  0.72990136 -2.03639396
  0.06375162  1.79009352  0.9944096  -0.62503805 -2.39370126  2.52792389
  2.0448714   1.67875508  2.30443     1.7892592  -1.68799213 -2.83539494
  0.60299334  1.39336386 -2.34602081 -1.33656532  2.37313179  1.36581028
 -0.18813197 -1.69529339 -1.45419379  1.92428908  1.57634049 -0.88767407
 -0.1277829  -0.34831555 -0.24629973  2.39209038 -0.34968149 -0.8004665
  0.89367358 -2.21979814  0.96542764  2.55872426 -0.4568659   2.32398619
 -1.92153581 -0.99949815 -2.44258631 -2.2634537  -1.46911415 -2.91604393
  1.6006835   1.7821666   1.53385768  1.11861419  1.34559308 -2.27407133
 -2.63709211  1.64646924  1.02335824 -0.27512746 -2.61809291  1.6918157
 -1.25472017 -2.64896671 -0.01530345]
Thu Jun 13 20:03:02 2024,40,0.3121149351501292,[-2.98348149e+00  2.28520779e+00 -1.89714914e+00 -5.01117714e-02
  4.76124673e-01 -2.88203076e+00  3.05067330e+00  2.17151532e+00
  1.14186897e+00 -9.57213152e-01  4.97277068e-01  1.13381301e+00
  1.40658081e+00 -1.80222577e+00  8.92333742e-01  3.02042163e+00
 -5.32593411e-01 -4.65816728e-01 -1.98343759e+00  6.56276290e-01
  1.66426011e+00  2.84260035e+00 -1.26585706e+00 -2.60649434e-01
 -2.29797858e+00 -2.13552058e+00  3.00529427e+00  2.71678292e+00
 -7.30298284e-01 -2.73406001e+00  1.55825217e+00 -1.46999518e-01
 -2.45947239e+00  1.93403024e+00  1.09771151e+00 -4.94371645e-01
  1.08353275e+00 -1.89795282e+00 -2.10341967e-01  2.28342039e+00
 -1.28403264e-01  5.81058834e-01  2.59494176e+00  8.16009406e-01
  2.62148133e+00  2.89356720e+00  2.68480742e+00 -2.89127811e+00
  3.66139713e-01 -4.84565655e-01  1.71896729e+00  2.81550131e+00
 -3.52390005e-01 -2.30743812e+00  2.67833084e+00 -3.10363054e+00
  7.29684595e-01 -6.99678475e-01 -1.72250032e+00  3.10930628e+00
 -1.88001616e+00 -1.67782786e+00 -2.44592671e+00  2.29596919e+00
 -2.23595400e+00  2.06284624e+00  1.78566706e+00  1.43481159e+00
  2.63971095e+00  2.90924874e+00  1.92805194e+00  1.51893778e+00
 -1.76199833e+00 -2.39956312e+00  1.27791675e+00  5.79966171e-01
  1.56323682e+00 -2.79057623e+00 -2.50075758e-01  2.37638783e+00
 -1.01989130e+00  1.32513066e+00  1.44501522e+00  6.53253211e-01
 -9.85285308e-01  1.17993547e+00  7.84470099e-01 -3.69975009e-01
  2.76304422e+00 -2.19601053e+00  1.55539132e+00 -5.86656861e-01
  8.62019472e-01 -3.10598002e+00 -2.27274028e+00  2.95967135e-01
 -1.12388435e+00 -3.68902937e-01  3.08366737e-01 -5.74498077e-02
 -1.71219609e+00 -2.21196317e-01 -8.00265232e-01  2.83172701e+00
 -1.12460585e+00 -1.21038207e+00 -1.09085538e+00  1.38602542e+00
  1.63718024e+00 -7.67344574e-01  2.05451646e+00 -1.84247370e+00
 -1.75977878e-01 -9.14289186e-01 -2.97628987e+00  3.02233104e+00
 -1.71951654e+00  3.04828123e+00 -1.36078093e+00 -2.62988024e+00
  3.18808356e+00 -1.08698615e+00 -7.09655085e-01 -2.98820843e+00
 -2.54546816e+00  2.86795451e+00 -2.00363829e+00 -1.79659348e+00
 -3.57939113e-01  3.01152122e+00  2.34950737e-01  1.04717164e-01
 -1.55449525e+00 -3.05194480e-01 -1.65298349e+00 -3.07235822e+00
  2.83781844e+00  1.11816135e+00 -3.32802284e-01 -2.42577943e+00
  9.21324060e-01 -1.29849256e+00 -3.57882174e-01 -2.34063749e+00
 -1.89859202e+00  1.86535520e+00 -1.05113368e+00  2.61847074e+00
 -5.77113167e-01 -3.07768678e+00 -2.98025486e+00  1.98777689e+00
 -3.07349950e+00 -3.30623345e-01 -9.97450078e-01 -1.88109768e-01
  2.42071875e+00  1.91412245e+00  1.64522198e-04 -2.36882274e+00
 -2.87832552e+00  1.19606955e-01 -7.89721544e-01  1.41700079e+00
 -2.50593079e+00  9.81085966e-01 -1.55554361e-01  1.67733004e-01
  1.98536139e+00  7.07145028e-01  7.90127158e-01 -1.29553960e+00
  1.69004645e+00  2.51574387e+00  1.24329271e+00  3.60853556e-01
 -9.68506732e-01  2.61398681e+00  7.48854538e-01 -2.05534713e+00
  8.27047945e-02  1.80904669e+00  1.01336278e+00 -6.43991228e-01
 -2.41265443e+00  2.50897072e+00  2.02591822e+00  1.69770825e+00
  2.28547682e+00  1.77030602e+00 -1.66903896e+00 -2.81644176e+00
  5.84040162e-01  1.37441068e+00 -2.36497398e+00 -1.31761214e+00
  2.39208497e+00  1.38476345e+00 -1.69178796e-01 -1.67634021e+00
 -1.47314697e+00  1.94324225e+00  1.59529366e+00 -8.68720900e-01
 -1.08829726e-01 -3.29362374e-01 -2.65252900e-01  2.37313720e+00
 -3.68634665e-01 -8.19419673e-01  9.12626759e-01 -2.23875131e+00
  9.84380819e-01  2.57767744e+00 -4.75819078e-01  2.34293937e+00
 -1.90258263e+00 -9.80544970e-01 -2.42363314e+00 -2.24450053e+00
 -1.48806732e+00 -2.93499711e+00  1.61963667e+00  1.80111978e+00
  1.55281085e+00  1.09966101e+00  1.36454626e+00 -2.29302451e+00
 -2.61813893e+00  1.66542242e+00  1.00440506e+00 -2.94080635e-01
 -2.63704609e+00  1.71076888e+00 -1.23576699e+00 -2.66791988e+00
 -3.42566292e-02]
Thu Jun 13 20:03:16 2024,41,0.3118003383152032,[-2.98749816  2.28119112 -1.9011658  -0.0460951   0.47210801 -2.88604743
  3.04665663  2.16749866  1.14588564 -0.96122982  0.4932604   1.12979634
  1.41059748 -1.79820911  0.89635041  3.0244383  -0.53661008 -0.4698334
 -1.98745426  0.66029296  1.66024344  2.83858368 -1.26184039 -0.2646661
 -2.30199525 -2.13953725  3.00931094  2.71276625 -0.73431495 -2.73807668
  1.55423551 -0.14298285 -2.45545573  1.93001357  1.09369484 -0.49035498
  1.08754942 -1.89393615 -0.21435863  2.28743706 -0.1243866   0.5850755
  2.59895843  0.82002607  2.625498    2.89758387  2.68882409 -2.88726145
  0.36212305 -0.48858232  1.72298396  2.81951798 -0.35640667 -2.31145479
  2.67431417 -3.09961387  0.73370126 -0.69566181 -1.72651699  3.10528962
 -1.87599949 -1.6738112  -2.44191004  2.29998585 -2.23997067  2.05882958
  1.78968373  1.43079493  2.64372762  2.91326541  1.93206861  1.51492112
 -1.766015   -2.39554645  1.27390009  0.5759495   1.56725349 -2.78655957
 -0.25409242  2.38040449 -1.02390796  1.32111399  1.44099856  0.64923654
 -0.98126864  1.18395214  0.78045343 -0.37399168  2.75902756 -2.19199386
  1.55940799 -0.58264019  0.86603614 -3.10999669 -2.26872361  0.2999838
 -1.12790102 -0.36488627  0.30435007 -0.05343314 -1.70817942 -0.22521298
 -0.79624857  2.82771035 -1.12058918 -1.20636541 -1.09487205  1.38200875
  1.64119691 -0.76332791  2.0504998  -1.84649036 -0.17196121 -0.91027252
 -2.98030653  3.01831438 -1.71549987  3.04426456 -1.3647976  -2.62586358
  3.18406689 -1.08296949 -0.71367175 -2.98419176 -2.54948482  2.86393785
 -1.99962162 -1.80061015 -0.36195578  3.00750455  0.2389674   0.1007005
 -1.55047859 -0.30921115 -1.65700016 -3.07637489  2.84183511  1.11414469
 -0.33681895 -2.42176276  0.91730739 -1.30250922 -0.36189884 -2.33662082
 -1.89457535  1.86133853 -1.04711702  2.61445407 -0.58112983 -3.08170345
 -2.98427152  1.99179356 -3.06948283 -0.33464001 -1.00146674 -0.19212643
  2.42473542  1.91010578  0.00418119 -2.36480607 -2.88234219  0.11559029
 -0.79373821  1.42101746 -2.50191413  0.9770693  -0.15153769  0.17174967
  1.98937806  0.70312836  0.78611049 -1.29955627  1.68602978  2.5117272
  1.23927605  0.35683689 -0.96449007  2.61800348  0.74483787 -2.05133046
  0.07868813  1.80503003  1.00934611 -0.63997456 -2.40863777  2.50495405
  2.02190156  1.69369159  2.28949349  1.76628935 -1.66502229 -2.82045843
  0.58805683  1.37842735 -2.36095732 -1.31359547  2.39610163  1.38074678
 -0.16516213 -1.68035688 -1.47716364  1.94725892  1.59931033 -0.87273757
 -0.10481306 -0.32534571 -0.26926957  2.37715387 -0.37265133 -0.81540301
  0.91664343 -2.23473465  0.98839749  2.5816941  -0.47180241  2.3389227
 -1.89856596 -0.98456164 -2.4276498  -2.24851719 -1.49208399 -2.93901377
  1.62365334  1.79710311  1.54879419  1.10367768  1.36856292 -2.28900784
 -2.6221556   1.66140575  1.00842173 -0.2980973  -2.63302942  1.70675221
 -1.23175033 -2.67193655 -0.0382733 ]
Thu Jun 13 20:03:30 2024,42,0.30688636054571583,[-2.97473484  2.29395443 -1.88840249 -0.03333179  0.48487132 -2.89881075
  3.05941995  2.15473534  1.13312232 -0.9484665   0.48049709  1.14255966
  1.39783416 -1.78544579  0.88358709  3.03720161 -0.52384676 -0.45707008
 -1.97469094  0.67305627  1.67300676  2.851347   -1.2746037  -0.27742942
 -2.28923193 -2.12677393  3.02207426  2.70000294 -0.74707827 -2.72531336
  1.54147219 -0.15574617 -2.46821904  1.91725026  1.08093152 -0.47759166
  1.10031273 -1.90669947 -0.22712195  2.27467374 -0.13714991  0.57231219
  2.58619511  0.80726276  2.63826131  2.88482055  2.7015874  -2.90002476
  0.37488636 -0.47581901  1.73574728  2.83228129 -0.36916999 -2.29869147
  2.68707749 -3.11237718  0.72093795 -0.68289849 -1.7392803   3.11805293
 -1.88876281 -1.66104788 -2.45467335  2.28722254 -2.22720736  2.04606626
  1.77692042  1.41803161  2.6309643   2.9005021   1.91930529  1.52768443
 -1.77877831 -2.38278313  1.2866634   0.58871282  1.5800168  -2.77379625
 -0.24132911  2.36764118 -1.03667128  1.33387731  1.45376187  0.66199986
 -0.99403196  1.17118883  0.79321675 -0.38675499  2.74626424 -2.17923055
  1.5721713  -0.56987688  0.87879945 -3.12276    -2.2559603   0.28722049
 -1.1151377  -0.37764959  0.31711339 -0.06619646 -1.69541611 -0.2379763
 -0.78348525  2.81494703 -1.10782586 -1.21912872 -1.08210874  1.39477207
  1.62843359 -0.75056459  2.03773648 -1.83372705 -0.1591979  -0.8975092
 -2.96754322  3.00555106 -1.72826319  3.05702788 -1.35203428 -2.63862689
  3.1968302  -1.0957328  -0.70090844 -2.99695508 -2.53672151  2.85117453
 -1.98685831 -1.78784684 -0.34919246  2.99474124  0.22620409  0.11346381
 -1.53771527 -0.29644783 -1.64423684 -3.08913821  2.85459842  1.10138137
 -0.32405564 -2.40899945  0.90454408 -1.31527254 -0.34913553 -2.32385751
 -1.90733867  1.84857522 -1.05988033  2.62721739 -0.56836652 -3.06894013
 -2.99703484  1.97903024 -3.05671951 -0.3218767  -0.98870343 -0.20488975
  2.41197211  1.89734247 -0.00858213 -2.37756939 -2.86957887  0.1283536
 -0.7809749   1.43378077 -2.51467744  0.98983261 -0.16430101  0.15898635
  1.97661474  0.69036505  0.77334718 -1.31231959  1.67326646  2.52449052
  1.25203936  0.34407357 -0.97725338  2.60524017  0.73207456 -2.06409378
  0.09145144  1.81779334  0.9965828  -0.62721125 -2.39587445  2.51771737
  2.03466487  1.7064549   2.3022568   1.75352604 -1.6777856  -2.80769511
  0.60082014  1.39119066 -2.37372063 -1.30083216  2.40886495  1.3935101
 -0.17792544 -1.69312019 -1.46440032  1.96002224  1.61207364 -0.85997425
 -0.11757637 -0.31258239 -0.28203288  2.38991718 -0.35988802 -0.80263969
  0.92940674 -2.24749796  0.97563417  2.56893079 -0.4590391   2.35168602
 -1.88580265 -0.97179832 -2.41488649 -2.23575388 -1.47932067 -2.92625046
  1.61089002  1.78433979  1.53603087  1.09091436  1.35579961 -2.27624452
 -2.63491892  1.64864243  1.02118505 -0.31086062 -2.6202661   1.69398889
 -1.21898701 -2.65917323 -0.02550998]
Thu Jun 13 20:03:44 2024,43,0.3023780519859067,[-2.96152147  2.3071678  -1.90161586 -0.02011842  0.47165795 -2.88559738
  3.07263331  2.16794871  1.11990895 -0.96167987  0.49371045  1.15577303
  1.41104753 -1.79865916  0.87037373  3.02398824 -0.51063339 -0.44385671
 -1.98790431  0.68626964  1.68622013  2.86456036 -1.28781707 -0.29064278
 -2.3024453  -2.11356056  3.00886089  2.7132163  -0.7338649  -2.73852673
  1.52825882 -0.16895953 -2.45500568  1.90403689  1.09414489 -0.49080503
  1.1135261  -1.91991284 -0.21390858  2.28788711 -0.12393655  0.55909882
  2.59940848  0.79404939  2.65147468  2.89803392  2.71480077 -2.91323813
  0.38809973 -0.46260564  1.72253391  2.81906793 -0.35595662 -2.31190484
  2.70029086 -3.09916382  0.73415131 -0.66968513 -1.72606693  3.1312663
 -1.87554944 -1.67426125 -2.46788672  2.27400917 -2.24042072  2.03285289
  1.76370705  1.43124498  2.61775094  2.88728873  1.93251866  1.5408978
 -1.79199168 -2.3959965   1.29987677  0.57549945  1.56680343 -2.78700962
 -0.25454248  2.35442781 -1.04988465  1.32066394  1.4405485   0.67521323
 -0.98081859  1.15797546  0.80643012 -0.37354162  2.73305087 -2.19244392
  1.58538467 -0.55666351  0.89201282 -3.10954664 -2.26917366  0.27400712
 -1.10192434 -0.36443622  0.33032675 -0.05298309 -1.70862947 -0.22476293
 -0.77027188  2.8281604  -1.0946125  -1.20591536 -1.06889537  1.3815587
  1.64164696 -0.73735122  2.05094985 -1.82051368 -0.17241126 -0.88429584
 -2.98075659  2.99233769 -1.74147656  3.07024124 -1.36524765 -2.65184026
  3.21004357 -1.08251943 -0.7141218  -2.98374171 -2.52350814  2.8643879
 -1.97364494 -1.77463347 -0.3359791   3.0079546   0.21299072  0.10025045
 -1.55092864 -0.3096612  -1.65745021 -3.07592484  2.84138506  1.11459474
 -0.337269   -2.39578608  0.89133071 -1.30205917 -0.33592216 -2.33707087
 -1.92055204  1.83536185 -1.04666696  2.61400402 -0.58157989 -3.05572676
 -3.01024821  1.99224361 -3.06993288 -0.30866333 -0.97549006 -0.19167638
  2.39875874  1.8841291   0.00463124 -2.39078276 -2.88279224  0.14156697
 -0.79418826  1.4205674  -2.50146407  1.00304598 -0.17751438  0.14577299
  1.96340138  0.67715168  0.76013381 -1.29910622  1.6600531   2.53770388
  1.23882599  0.33086021 -0.99046675  2.61845353  0.71886119 -2.05088041
  0.07823808  1.80457997  0.98336943 -0.64042461 -2.38266108  2.504504
  2.04787824  1.69324153  2.28904344  1.74031267 -1.69099897 -2.79448174
  0.61403351  1.3779773  -2.386934   -1.28761879  2.39565158  1.40672347
 -0.16471208 -1.70633356 -1.47761369  1.9732356   1.62528701 -0.87318762
 -0.10436301 -0.29936902 -0.26881952  2.40313055 -0.37310138 -0.81585306
  0.91619337 -2.26071133  0.9624208   2.55571742 -0.44582573  2.33847265
 -1.89901602 -0.98501169 -2.40167312 -2.24896724 -1.49253404 -2.93946383
  1.59767666  1.79755316  1.54924424  1.10412773  1.34258624 -2.28945789
 -2.62170555  1.6618558   1.00797168 -0.29764725 -2.60705274  1.68077553
 -1.20577364 -2.64595987 -0.03872335]
Thu Jun 13 20:03:58 2024,44,0.3016761670741646,[-2.96723146  2.30145782 -1.89590587 -0.01440844  0.46594797 -2.89130736
  3.06692333  2.16223873  1.12561894 -0.96738985  0.48800047  1.16148301
  1.41675751 -1.80436914  0.87608371  3.01827826 -0.51634338 -0.4495667
 -1.99361429  0.68055966  1.69193011  2.87027035 -1.29352705 -0.2849328
 -2.29673532 -2.10785058  3.01457087  2.70750632 -0.72815492 -2.73281675
  1.52254884 -0.17466952 -2.44929569  1.89832691  1.09985487 -0.49651501
  1.10781612 -1.91420285 -0.2081986   2.29359709 -0.11822656  0.55338884
  2.5936985   0.78833941  2.65718466  2.89232393  2.72051075 -2.91894811
  0.38238975 -0.46831562  1.72824389  2.82477791 -0.35024664 -2.31761482
  2.69458087 -3.1048738   0.7398613  -0.67539511 -1.72035695  3.12555632
 -1.86983946 -1.67997123 -2.46217674  2.27971915 -2.23471074  2.02714291
  1.75799707  1.43695496  2.62346092  2.89299871  1.92680868  1.54660778
 -1.7862817  -2.40170648  1.29416679  0.58120943  1.56109345 -2.7927196
 -0.24883249  2.34871783 -1.04417466  1.31495396  1.44625849  0.66950324
 -0.97510861  1.16368544  0.8121401  -0.37925161  2.72734089 -2.18673393
  1.59109465 -0.55095353  0.88630284 -3.11525662 -2.26346368  0.2797171
 -1.10763432 -0.3701462   0.33603674 -0.05869307 -1.71433946 -0.23047291
 -0.77598187  2.83387038 -1.10032248 -1.20020537 -1.06318539  1.38726869
  1.63593697 -0.74306121  2.05665983 -1.8148037  -0.16670128 -0.89000582
 -2.98646657  2.98662771 -1.74718654  3.07595123 -1.37095763 -2.64613028
  3.21575355 -1.08822942 -0.70841182 -2.97803173 -2.52921812  2.87009788
 -1.97935492 -1.78034345 -0.33026911  3.00224462  0.20728074  0.10596043
 -1.55663862 -0.31537118 -1.65174023 -3.07021486  2.84709504  1.10888476
 -0.33155902 -2.40149606  0.88562073 -1.30776915 -0.34163214 -2.34278086
 -1.91484205  1.82965187 -1.04095698  2.60829404 -0.5758699  -3.06143675
 -3.00453822  1.99795359 -3.07564286 -0.31437331 -0.96978008 -0.19738637
  2.40446872  1.87841912  0.01034122 -2.39649274 -2.87708226  0.14727695
 -0.79989825  1.41485742 -2.49575409  1.00875596 -0.18322436  0.15148297
  1.95769139  0.67144169  0.76584379 -1.29339624  1.66576308  2.5319939
  1.24453598  0.32515022 -0.99617673  2.61274355  0.72457117 -2.0565904
  0.07252809  1.79886999  0.98907941 -0.63471463 -2.3769511   2.51021398
  2.04216826  1.69895152  2.28333345  1.74602265 -1.68528899 -2.80019173
  0.61974349  1.37226731 -2.39264398 -1.29332877  2.40136156  1.41243345
 -0.17042206 -1.70062358 -1.48332367  1.96752562  1.61957703 -0.86747764
 -0.11007299 -0.30507901 -0.2745295   2.40884053 -0.37881137 -0.81014308
  0.91048339 -2.25500135  0.95671082  2.56142741 -0.45153571  2.33276267
 -1.89330603 -0.99072167 -2.39596314 -2.25467723 -1.48682406 -2.94517381
  1.60338664  1.79184318  1.54353425  1.10983771  1.34829622 -2.29516787
 -2.62741553  1.65614582  1.01368166 -0.30335723 -2.60134275  1.67506554
 -1.20006366 -2.64024988 -0.03301336]
Thu Jun 13 20:04:18 2024,45,0.30175874999356445,[-2.96543323  2.29965959 -1.8977041  -0.01261021  0.46414974 -2.88950913
  3.0651251   2.16403696  1.12382071 -0.96559163  0.4897987   1.15968478
  1.41855574 -1.80616737  0.87428548  3.02007649 -0.51454515 -0.45136492
 -1.99181606  0.67876143  1.69372834  2.86847212 -1.29172883 -0.28673103
 -2.29853354 -2.10964881  3.0163691   2.70570809 -0.72635669 -2.73101852
  1.52434707 -0.17287129 -2.44749746  1.89652868  1.09805664 -0.49831324
  1.10601789 -1.91600108 -0.20999683  2.29539532 -0.11642833  0.55159061
  2.59549672  0.79013764  2.65538643  2.89412216  2.72230898 -2.91714989
  0.38059152 -0.46651739  1.72644566  2.82297968 -0.34844841 -2.31941305
  2.69278265 -3.10307557  0.73806307 -0.67719334 -1.72215518  3.12735454
 -1.86804123 -1.68176946 -2.46037851  2.28151738 -2.23650897  2.02894114
  1.75619884  1.43515673  2.62525915  2.89120048  1.92501045  1.54840601
 -1.78807992 -2.39990826  1.29596502  0.58300766  1.55929522 -2.79451783
 -0.25063072  2.3469196  -1.04597289  1.31675218  1.44446026  0.67130147
 -0.97690683  1.16188721  0.81393833 -0.37745338  2.72554266 -2.1849357
  1.58929642 -0.5491553   0.88810107 -3.11705485 -2.26526191  0.27791887
 -1.10583609 -0.36834797  0.33423851 -0.0604913  -1.71613769 -0.23227114
 -0.77778009  2.83566861 -1.10212071 -1.19840714 -1.06138716  1.38547046
  1.63413875 -0.74126298  2.05845806 -1.81660193 -0.16849951 -0.89180405
 -2.98466834  2.98482948 -1.74898477  3.07774946 -1.3691594  -2.64433205
  3.21755178 -1.09002765 -0.71021005 -2.97982995 -2.53101635  2.86829965
 -1.9775567  -1.78214168 -0.33206734  3.00404285  0.20548251  0.1041622
 -1.55843685 -0.31357295 -1.649942   -3.06841663  2.84529681  1.10708653
 -0.33335725 -2.40329429  0.8838225  -1.30956738 -0.33983391 -2.34098263
 -1.91664028  1.82785364 -1.03915875  2.60649581 -0.57407167 -3.06323497
 -3.00274     1.99615536 -3.07384464 -0.31257508 -0.97157831 -0.19558814
  2.40267049  1.87662089  0.01213945 -2.39469451 -2.87888048  0.14907518
 -0.80169647  1.41305919 -2.49755232  1.01055419 -0.18142613  0.14968474
  1.95589317  0.66964347  0.76764202 -1.29159801  1.66396485  2.53019567
  1.2463342   0.32694845 -0.99797496  2.61454178  0.7263694  -2.05838862
  0.07432632  1.79707176  0.99087764 -0.63651286 -2.37515287  2.51201221
  2.04396648  1.70074975  2.28153522  1.74422443 -1.68708722 -2.80198996
  0.61794527  1.37406554 -2.39084575 -1.295127    2.39956334  1.41063522
 -0.17222029 -1.69882535 -1.4851219   1.96932385  1.6177788  -0.86567941
 -0.10827476 -0.30687724 -0.27632773  2.40704231 -0.38060959 -0.80834485
  0.90868516 -2.25320312  0.95850905  2.56322563 -0.44973748  2.33456089
 -1.89510426 -0.9925199  -2.39416491 -2.25647546 -1.48502583 -2.94697204
  1.60518487  1.79004495  1.54533248  1.10803949  1.34649799 -2.2969661
 -2.62921376  1.65794405  1.01188343 -0.301559   -2.60314098  1.67686377
 -1.19826543 -2.63845165 -0.03121514]
Thu Jun 13 20:04:32 2024,46,0.2975102731596161,[-2.97737304e+00  2.28771978e+00 -1.88576429e+00 -2.45500235e-02
  4.52209930e-01 -2.90144895e+00  3.07706492e+00  2.17597677e+00
  1.13576052e+00 -9.77531439e-01  4.77858885e-01  1.14774497e+00
  1.40661593e+00 -1.81810718e+00  8.86225294e-01  3.00813668e+00
 -5.02605336e-01 -4.63304737e-01 -2.00375588e+00  6.66821615e-01
  1.68178852e+00  2.88041193e+00 -1.30366864e+00 -2.74791215e-01
 -2.31047336e+00 -2.12158862e+00  3.00442929e+00  2.71764790e+00
 -7.38296501e-01 -2.74295833e+00  1.53628688e+00 -1.84811102e-01
 -2.43555765e+00  1.90846849e+00  1.08611683e+00 -5.10253055e-01
  1.09407808e+00 -1.92794089e+00 -2.21936640e-01  2.28345550e+00
 -1.04488521e-01  5.63530420e-01  2.58355691e+00  8.02077449e-01
  2.66732625e+00  2.88218235e+00  2.71036917e+00 -2.90521007e+00
  3.92531331e-01 -4.54577581e-01  1.71450585e+00  2.81103987e+00
 -3.36508595e-01 -2.33135287e+00  2.70472246e+00 -3.09113576e+00
  7.50002882e-01 -6.65253523e-01 -1.73409499e+00  3.11541473e+00
 -1.85610142e+00 -1.69370927e+00 -2.47231832e+00  2.26957757e+00
 -2.22456916e+00  2.01700133e+00  1.76813865e+00  1.42321692e+00
  2.61331933e+00  2.90314030e+00  1.93695026e+00  1.53646620e+00
 -1.80001974e+00 -2.38796844e+00  1.30790483e+00  5.71067850e-01
  1.57123504e+00 -2.78257802e+00 -2.62570535e-01  2.35885941e+00
 -1.03403308e+00  1.32869200e+00  1.43252044e+00  6.59361659e-01
 -9.64967022e-01  1.14994740e+00  8.01998513e-01 -3.65513565e-01
  2.71360285e+00 -2.17299589e+00  1.60123624e+00 -5.61095113e-01
  8.76161253e-01 -3.12899466e+00 -2.27720172e+00  2.89858687e-01
 -1.11777590e+00 -3.80287787e-01  3.46178321e-01 -7.24311137e-02
 -1.72807750e+00 -2.44210957e-01 -7.65840281e-01  2.84760842e+00
 -1.09018089e+00 -1.21034696e+00 -1.04944734e+00  1.39741027e+00
  1.64607856e+00 -7.53202792e-01  2.04651825e+00 -1.80466211e+00
 -1.56559695e-01 -8.79864234e-01 -2.99660815e+00  2.99676929e+00
 -1.76092458e+00  3.08968927e+00 -1.35721959e+00 -2.63239224e+00
  3.20561197e+00 -1.10196746e+00 -7.22149863e-01 -2.96789014e+00
 -2.54295616e+00  2.85635984e+00 -1.98949651e+00 -1.77020187e+00
 -3.44007156e-01  3.01598266e+00  2.17422323e-01  1.16102013e-01
 -1.54649704e+00 -3.01633140e-01 -1.66188181e+00 -3.08035644e+00
  2.85723662e+00  1.11902634e+00 -3.45297061e-01 -2.39135448e+00
  8.95762312e-01 -1.32150719e+00 -3.27894099e-01 -2.35292244e+00
 -1.90470047e+00  1.83979345e+00 -1.02721894e+00  2.59455600e+00
 -5.62131861e-01 -3.07517479e+00 -2.99080018e+00  1.98421555e+00
 -3.08578445e+00 -3.24514897e-01 -9.83518121e-01 -2.07527951e-01
  2.41461031e+00  1.86468108e+00  1.99639035e-04 -2.38275470e+00
 -2.89082030e+00  1.61014995e-01 -7.89756661e-01  1.42499901e+00
 -2.48561251e+00  9.98614380e-01 -1.93365945e-01  1.37744929e-01
  1.94395335e+00  6.57703653e-01  7.79581833e-01 -1.30353782e+00
  1.65202504e+00  2.54213548e+00  1.25827402e+00  3.15008638e-01
 -9.86035147e-01  2.62648159e+00  7.38309213e-01 -2.04644881e+00
  6.23865077e-02  1.80901158e+00  9.78937827e-01 -6.48452672e-01
 -2.36321306e+00  2.50007240e+00  2.03202667e+00  1.71268956e+00
  2.26959541e+00  1.75616424e+00 -1.67514740e+00 -2.81392977e+00
  6.06005453e-01  1.38600536e+00 -2.40278557e+00 -1.30706682e+00
  2.41150315e+00  1.39869541e+00 -1.60280475e-01 -1.71076516e+00
 -1.47318209e+00  1.98126366e+00  1.60583899e+00 -8.53739594e-01
 -9.63349486e-02 -3.18817049e-01 -2.64387913e-01  2.41898212e+00
 -3.68669782e-01 -7.96405033e-01  8.96745349e-01 -2.26514293e+00
  9.70448861e-01  2.57516545e+00 -4.37797670e-01  2.32262108e+00
 -1.90704408e+00 -1.00445971e+00 -2.40610472e+00 -2.24453564e+00
 -1.49696564e+00 -2.95891185e+00  1.61712468e+00  1.77810514e+00
  1.55727230e+00  1.09609967e+00  1.35843781e+00 -2.28502629e+00
 -2.61727395e+00  1.66988386e+00  1.02382325e+00 -2.89619192e-01
 -2.59120117e+00  1.66492396e+00 -1.21020525e+00 -2.62651184e+00
 -1.92753232e-02]
Thu Jun 13 20:04:47 2024,47,0.2964142976329672,[-2.98389884  2.29424558 -1.89229009 -0.01802422  0.44568413 -2.90797475
  3.07053911  2.18250257  1.12923472 -0.97100564  0.48438469  1.15427077
  1.40009013 -1.81158138  0.89275109  3.00161087 -0.50913114 -0.46983054
 -1.99723008  0.67334742  1.67526272  2.88693773 -1.29714284 -0.26826541
 -2.30394756 -2.12811442  2.99790349  2.7111221  -0.7317707  -2.74948413
  1.52976108 -0.1913369  -2.42903185  1.90194269  1.07959103 -0.51677886
  1.08755228 -1.9344667  -0.21541084  2.2769297  -0.11101432  0.55700462
  2.59008271  0.79555165  2.67385205  2.87565655  2.70384337 -2.89868427
  0.39905713 -0.46110338  1.72103165  2.81756567 -0.32998279 -2.32482706
  2.69819666 -3.08460996  0.75652868 -0.67177932 -1.72756919  3.12194053
 -1.84957562 -1.68718347 -2.47884412  2.26305177 -2.21804335  2.01047552
  1.77466445  1.41669112  2.60679353  2.9096661   1.94347606  1.5299404
 -1.79349394 -2.38144264  1.30137903  0.57759365  1.56470924 -2.78910382
 -0.26909634  2.35233361 -1.02750728  1.3221662   1.43904625  0.66588746
 -0.97149282  1.1434216   0.79547271 -0.37203937  2.72012865 -2.16647009
  1.60776204 -0.56762091  0.88268705 -3.12246886 -2.27067592  0.28333289
 -1.12430171 -0.37376199  0.35270412 -0.06590531 -1.7346033  -0.25073676
 -0.75931448  2.85413422 -1.09670669 -1.21687276 -1.05597314  1.40393607
  1.63955276 -0.75972859  2.05304405 -1.81118791 -0.15003389 -0.88639003
 -3.00313396  2.99024349 -1.75439878  3.09621507 -1.35069379 -2.63891804
  3.21213777 -1.10849326 -0.71562406 -2.96136434 -2.54948197  2.84983404
 -1.98297071 -1.76367607 -0.35053296  3.02250846  0.21089652  0.12262781
 -1.53997124 -0.29510734 -1.65535601 -3.07383064  2.86376243  1.12555214
 -0.35182286 -2.38482868  0.88923651 -1.31498139 -0.3344199  -2.35944824
 -1.91122627  1.84631925 -1.02069314  2.58803019 -0.55560606 -3.06864899
 -2.98427438  1.99074135 -3.07925865 -0.3310407  -0.99004392 -0.21405375
  2.40808451  1.87120688  0.00672544 -2.3762289  -2.8973461   0.1675408
 -0.79628246  1.43152481 -2.49213831  0.99208858 -0.18684014  0.13121913
  1.95047915  0.65117785  0.77305603 -1.29701202  1.65855084  2.54866129
  1.25174822  0.30848284 -0.97950935  2.63300739  0.74483501 -2.03992301
  0.06891231  1.81553738  0.97241203 -0.64192687 -2.36973886  2.5065982
  2.02550087  1.71921536  2.27612121  1.76269004 -1.6816732  -2.82045557
  0.61253125  1.39253116 -2.39625977 -1.30054102  2.41802895  1.40522121
 -0.15375467 -1.71729096 -1.47970789  1.98778946  1.59931318 -0.84721379
 -0.10286075 -0.31229125 -0.27091371  2.42550792 -0.36214398 -0.78987923
  0.90327115 -2.25861713  0.97697466  2.56863965 -0.44432347  2.32914688
 -1.90051827 -1.01098551 -2.39957892 -2.25106144 -1.50349144 -2.96543765
  1.62365048  1.78463094  1.5637981   1.10262547  1.36496361 -2.27850049
 -2.62379975  1.66335806  1.03034905 -0.29614499 -2.58467537  1.67144976
 -1.21673105 -2.61998604 -0.02580112]
Thu Jun 13 20:05:01 2024,48,0.2953292683361103,[-2.97627883e+00  2.30186560e+00 -1.88467007e+00 -2.56442410e-02
  4.38064110e-01 -2.90035473e+00  3.07815913e+00  2.17488255e+00
  1.13685474e+00 -9.78625657e-01  4.92004705e-01  1.16189079e+00
  1.40771014e+00 -1.80396136e+00  8.85131076e-01  3.00923089e+00
 -5.01511119e-01 -4.62210519e-01 -2.00485010e+00  6.80967435e-01
  1.68288274e+00  2.87931771e+00 -1.28952282e+00 -2.60645396e-01
 -2.31156757e+00 -2.13573444e+00  2.99028347e+00  2.71874212e+00
 -7.24150681e-01 -2.75710415e+00  1.53738110e+00 -1.98956921e-01
 -2.43665187e+00  1.90956271e+00  1.08721105e+00 -5.24398874e-01
  1.09517229e+00 -1.94208671e+00 -2.07790821e-01  2.28454972e+00
 -1.03394303e-01  5.49384601e-01  2.59770273e+00  8.03171666e-01
  2.68147207e+00  2.86803653e+00  2.71146338e+00 -2.90630429e+00
  3.91437114e-01 -4.68723400e-01  1.72865167e+00  2.82518569e+00
 -3.37602813e-01 -2.33244708e+00  2.69057664e+00 -3.09222998e+00
  7.48908665e-01 -6.79399343e-01 -1.71994917e+00  3.11432051e+00
 -1.85719563e+00 -1.69480349e+00 -2.48646414e+00  2.25543175e+00
 -2.21042334e+00  2.00285551e+00  1.76704443e+00  1.40907110e+00
  2.59917351e+00  2.91728612e+00  1.93585604e+00  1.52232038e+00
 -1.78587392e+00 -2.37382262e+00  1.30899905e+00  5.85213669e-01
  1.57232925e+00 -2.79672384e+00 -2.61476318e-01  2.35995363e+00
 -1.03512730e+00  1.31454618e+00  1.43142623e+00  6.73507478e-01
 -9.63872804e-01  1.15104162e+00  8.03092731e-01 -3.64419348e-01
  2.72774867e+00 -2.17409011e+00  1.61538206e+00 -5.60000895e-01
  8.75067036e-01 -3.13008888e+00 -2.27829594e+00  2.75712867e-01
 -1.13192172e+00 -3.81382004e-01  3.45084103e-01 -7.35253311e-02
 -1.72698328e+00 -2.43116739e-01 -7.66934498e-01  2.86175424e+00
 -1.10432671e+00 -1.22449278e+00 -1.06359316e+00  1.39631605e+00
  1.63193274e+00 -7.52108575e-01  2.04542403e+00 -1.80356790e+00
 -1.42413876e-01 -8.94010053e-01 -2.99551394e+00  2.99786351e+00
 -1.74677876e+00  3.08859505e+00 -1.34307377e+00 -2.63129802e+00
  3.20451775e+00 -1.10087324e+00 -7.08004043e-01 -2.96898436e+00
 -2.55710198e+00  2.84221402e+00 -1.99059073e+00 -1.75605605e+00
 -3.58152975e-01  3.01488844e+00  2.03276503e-01  1.30247833e-01
 -1.53235122e+00 -3.02727357e-01 -1.64773599e+00 -3.08145066e+00
  2.85614241e+00  1.13317216e+00 -3.59442881e-01 -2.37720866e+00
  8.96856529e-01 -1.30736138e+00 -3.42039919e-01 -2.35182823e+00
 -1.90360625e+00  1.83869923e+00 -1.01307312e+00  2.58041018e+00
 -5.47986042e-01 -3.07626900e+00 -2.97665436e+00  1.98312133e+00
 -3.08687867e+00 -3.38660716e-01 -9.97663940e-01 -2.21673770e-01
  2.40046449e+00  1.86358686e+00 -8.94578381e-04 -2.36860888e+00
 -2.90496612e+00  1.59920778e-01 -8.03902480e-01  1.42390479e+00
 -2.49975832e+00  9.84468560e-01 -1.79220126e-01  1.38839146e-01
  1.95809917e+00  6.58797870e-01  7.65436014e-01 -1.30463204e+00
  1.66617086e+00  2.54104127e+00  1.24412820e+00  3.00862819e-01
 -9.71889327e-01  2.62538737e+00  7.37214995e-01 -2.04754303e+00
  7.65323272e-02  1.82315740e+00  9.80032045e-01 -6.49546889e-01
 -2.37735888e+00  2.51421822e+00  2.03312089e+00  1.72683538e+00
  2.26850119e+00  1.77031006e+00 -1.67405319e+00 -2.81283555e+00
  6.20151273e-01  1.38491114e+00 -2.40387978e+00 -1.29292100e+00
  2.42564897e+00  1.39760119e+00 -1.61374692e-01 -1.70967094e+00
 -1.47208787e+00  1.98016945e+00  1.60693320e+00 -8.39593774e-01
 -1.10480768e-01 -3.04671230e-01 -2.78533733e-01  2.41788790e+00
 -3.69763999e-01 -7.82259214e-01  9.10891169e-01 -2.26623715e+00
  9.84594681e-01  2.57625966e+00 -4.36703453e-01  2.33676690e+00
 -1.89289826e+00 -1.00336550e+00 -2.40719894e+00 -2.24344142e+00
 -1.49587143e+00 -2.95781763e+00  1.61603046e+00  1.79225096e+00
  1.55617808e+00  1.11024549e+00  1.35734359e+00 -2.28612051e+00
 -2.63141977e+00  1.67097808e+00  1.02272903e+00 -3.03765011e-01
 -2.57705535e+00  1.66382974e+00 -1.20911103e+00 -2.61236602e+00
 -1.81811058e-02]
Thu Jun 13 20:05:15 2024,49,0.29142056433624147,[-2.99019122  2.31577799 -1.89858247 -0.01173184  0.45197651 -2.91426713
  3.09207153  2.16097015  1.12294234 -0.96471326  0.5059171   1.17580319
  1.39379775 -1.79004897  0.87121868  2.9953185  -0.51542352 -0.44829812
 -1.9909377   0.66705504  1.66897034  2.86540532 -1.30343522 -0.27455779
 -2.29765518 -2.14964684  2.97637107  2.70482972 -0.73806308 -2.74319175
  1.5234687  -0.21286932 -2.45056427  1.89565031  1.10112345 -0.51048648
  1.10908469 -1.95599911 -0.19387842  2.27063732 -0.08948191  0.563297
  2.58379033  0.78925927  2.69538446  2.85412413  2.72537578 -2.89239189
  0.40534951 -0.4826358   1.74256407  2.81127329 -0.32369042 -2.34635948
  2.70448904 -3.10614237  0.76282106 -0.66548695 -1.73386157  3.10040812
 -1.87110803 -1.68089109 -2.50037654  2.26934415 -2.22433573  1.98894311
  1.75313204  1.3951587   2.58526112  2.90337372  1.94976844  1.50840798
 -1.79978632 -2.35991023  1.29508665  0.57130127  1.55841686 -2.81063623
 -0.24756392  2.37386603 -1.04903969  1.32845858  1.44533862  0.68741988
 -0.9777852   1.16495401  0.81700513 -0.37833175  2.74166107 -2.18800251
  1.62929446 -0.57391329  0.88897943 -3.14400128 -2.29220834  0.28962526
 -1.11800933 -0.3952944   0.33117171 -0.05961293 -1.74089568 -0.22920434
 -0.7808469   2.87566664 -1.09041432 -1.21058038 -1.07750556  1.38240366
  1.64584514 -0.73819618  2.05933643 -1.7896555  -0.12850148 -0.88009766
 -2.98160154  2.98395111 -1.73286636  3.10250745 -1.35698617 -2.64521042
  3.21843015 -1.08696084 -0.72191644 -2.98289676 -2.57101438  2.82830162
 -1.97667833 -1.74214365 -0.37206537  3.00097605  0.2171889   0.11633544
 -1.51843882 -0.28881496 -1.66164839 -3.06753826  2.84223001  1.11925976
 -0.37335528 -2.36329626  0.88294413 -1.29344898 -0.35595232 -2.33791583
 -1.91751865  1.85261163 -0.99916072  2.59432257 -0.53407364 -3.06235661
 -2.96274197  1.96920893 -3.10079106 -0.32474832 -1.01157634 -0.23558617
  2.38655209  1.84967446  0.01301782 -2.35469648 -2.91887852  0.14600838
 -0.78999008  1.40999239 -2.48584593  0.99838096 -0.16530773  0.15275154
  1.97201157  0.67271027  0.77934841 -1.29071964  1.65225846  2.55495366
  1.2302158   0.28695042 -0.98580172  2.61147498  0.7233026  -2.06145543
  0.09044472  1.809245    0.99394444 -0.63563449 -2.39127128  2.50030582
  2.04703329  1.71292298  2.2545888   1.75639766 -1.66014079 -2.82674795
  0.63406367  1.37099874 -2.38996739 -1.2790086   2.43956137  1.38368879
 -0.17528709 -1.69575855 -1.45817547  1.99408184  1.59302081 -0.82568138
 -0.12439317 -0.29075883 -0.29244613  2.4318003  -0.3836764  -0.76834682
  0.89697877 -2.28014955  0.99850708  2.56234727 -0.45061585  2.3228545
 -1.87898586 -0.9894531  -2.39328654 -2.25735382 -1.48195903 -2.94390524
  1.60211807  1.77833856  1.54226568  1.09633309  1.37125599 -2.30003291
 -2.64533216  1.65706568  1.03664143 -0.31767741 -2.59096775  1.64991734
 -1.22302343 -2.59845362 -0.0320935 ]
Thu Jun 13 20:05:33 2024,50,0.2871107147021271,[-3.00533844  2.30063078 -1.91372969  0.00341537  0.46712373 -2.92941435
  3.10721875  2.14582294  1.10779512 -0.97986048  0.49076988  1.1909504
  1.40894496 -1.80519618  0.85607146  3.01046571 -0.5002763  -0.4331509
 -1.97579048  0.65190782  1.65382313  2.88055253 -1.31858244 -0.28970501
 -2.28250796 -2.13449962  2.99151829  2.71997694 -0.7532103  -2.75833897
  1.53861592 -0.22801654 -2.46571148  1.91079753  1.11627066 -0.49533926
  1.09393747 -1.94085189 -0.17873121  2.28578454 -0.10462912  0.57844422
  2.56864311  0.77411205  2.71053168  2.86927135  2.740523   -2.87724467
  0.39020229 -0.46748858  1.75771128  2.82642051 -0.33883763 -2.33121226
  2.68934182 -3.09099516  0.74767384 -0.65033973 -1.74900879  3.11555533
 -1.85596081 -1.69603831 -2.51552376  2.25419693 -2.20918852  2.00409033
  1.76827925  1.41030592  2.60040833  2.91852094  1.96491566  1.5235552
 -1.81493353 -2.37505744  1.31023387  0.55615405  1.57356407 -2.79548902
 -0.26271114  2.38901325 -1.06418691  1.31331136  1.46048584  0.70256709
 -0.99293242  1.18010123  0.80185791 -0.39347896  2.75680828 -2.20314972
  1.64444167 -0.58906051  0.90412665 -3.15914849 -2.27706112  0.30477248
 -1.10286211 -0.41044162  0.31602449 -0.04446572 -1.72574846 -0.24435156
 -0.76569968  2.86051942 -1.10556153 -1.2257276  -1.09265278  1.36725644
  1.66099236 -0.75334339  2.04418921 -1.80480272 -0.11335426 -0.86495044
 -2.96645432  2.9688039  -1.74801358  3.11765467 -1.34183895 -2.66035763
  3.23357737 -1.10210806 -0.73706366 -2.96774954 -2.55586716  2.84344884
 -1.99182555 -1.75729087 -0.38721259  3.01612326  0.20204168  0.13148265
 -1.5032916  -0.27366774 -1.64650117 -3.08268548  2.85737723  1.10411254
 -0.35820806 -2.34814904  0.89809135 -1.3085962  -0.37109953 -2.32276861
 -1.93266587  1.83746441 -1.01430794  2.60946979 -0.51892643 -3.04720939
 -2.97788918  1.95406172 -3.08564385 -0.33989554 -0.99642912 -0.22043895
  2.40169931  1.83452724  0.02816504 -2.33954926 -2.9037313   0.13086116
 -0.77484286  1.42513961 -2.50099314  1.01352818 -0.15016051  0.16789876
  1.95686435  0.65756305  0.76420119 -1.27557242  1.63711124  2.53980645
  1.24536302  0.30209764 -0.97065451  2.59632776  0.73844982 -2.07660264
  0.10559194  1.79409778  1.00909166 -0.62048727 -2.40641849  2.51545304
  2.0621805   1.69777576  2.26973601  1.77154488 -1.67528801 -2.81160073
  0.61891645  1.38614596 -2.4051146  -1.29415582  2.42441415  1.39883601
 -0.16013987 -1.71090576 -1.47332269  1.97893463  1.57787359 -0.84082859
 -0.10924595 -0.30590605 -0.27729891  2.44694752 -0.39882361 -0.7531996
  0.91212599 -2.26500233  0.98335986  2.57749448 -0.46576307  2.30770728
 -1.86383864 -0.97430588 -2.37813932 -2.2422066  -1.49710625 -2.92875802
  1.61726528  1.76319134  1.5574129   1.08118588  1.38640321 -2.28488569
 -2.66047938  1.6722129   1.02149421 -0.30253019 -2.57582053  1.66506456
 -1.20787621 -2.58330641 -0.01694629]
Thu Jun 13 20:05:47 2024,51,0.28516220095228795,[-2.99671107  2.29200341 -1.90510232  0.01204274  0.47575109 -2.92078698
  3.11584612  2.13719557  1.11642249 -0.97123311  0.48214252  1.19957777
  1.4003176  -1.79656882  0.84744409  3.00183835 -0.49164893 -0.44177827
 -1.96716311  0.64328045  1.64519576  2.8891799  -1.3272098  -0.28107764
 -2.29113533 -2.12587226  2.98289092  2.71134958 -0.74458293 -2.76696634
  1.54724329 -0.2366439  -2.45708412  1.90217016  1.1076433  -0.50396663
  1.10256484 -1.94947926 -0.17010384  2.27715718 -0.09600176  0.58707158
  2.57727048  0.78273942  2.70190431  2.86064398  2.73189563 -2.86861731
  0.38157493 -0.47611595  1.74908392  2.81779314 -0.347465   -2.3225849
  2.69796919 -3.09962252  0.73904648 -0.65896709 -1.75763615  3.1241827
 -1.84733345 -1.70466568 -2.50689639  2.26282429 -2.21781588  2.01271769
  1.77690662  1.40167855  2.59178097  2.90989357  1.95628829  1.51492783
 -1.80630617 -2.38368481  1.3016065   0.54752669  1.58219144 -2.80411638
 -0.2713385   2.38038588 -1.07281428  1.32193872  1.45185848  0.71119446
 -1.00155979  1.17147387  0.81048528 -0.3848516   2.74818092 -2.21177709
  1.63581431 -0.59768788  0.91275402 -3.16777586 -2.26843375  0.31339985
 -1.09423474 -0.41906899  0.32465185 -0.05309308 -1.73437583 -0.23572419
 -0.75707231  2.86914679 -1.1141889  -1.21710023 -1.08402541  1.35862907
  1.65236499 -0.76197076  2.03556184 -1.79617535 -0.10472689 -0.85632307
 -2.95782695  2.96017653 -1.75664095  3.1090273  -1.35046632 -2.65173027
  3.24220473 -1.0934807  -0.74569103 -2.95912217 -2.56449453  2.85207621
 -1.98319818 -1.7486635  -0.37858522  3.02475063  0.19341432  0.14011002
 -1.49466424 -0.26504038 -1.65512854 -3.07405811  2.86600459  1.09548518
 -0.36683543 -2.35677641  0.88946398 -1.31722356 -0.36247217 -2.33139598
 -1.9240385   1.82883705 -1.02293531  2.61809716 -0.51029906 -3.03858202
 -2.96926182  1.96268908 -3.09427121 -0.33126817 -0.98780175 -0.21181158
  2.41032667  1.84315461  0.01953767 -2.34817663 -2.89510393  0.1222338
 -0.7662155   1.43376697 -2.50962051  1.02215554 -0.14153314  0.17652613
  1.94823698  0.64893568  0.75557383 -1.26694506  1.62848388  2.54843381
  1.25399039  0.31072501 -0.97928187  2.60495513  0.74707718 -2.08523001
  0.11421931  1.80272515  1.01771903 -0.61185991 -2.41504586  2.50682567
  2.05355314  1.6891484   2.27836338  1.76291751 -1.68391537 -2.80297336
  0.61028909  1.39477333 -2.41374197 -1.28552845  2.41578678  1.40746338
 -0.16876724 -1.71953313 -1.48195006  1.97030726  1.58650095 -0.84945596
 -0.11787331 -0.31453342 -0.26867155  2.43832015 -0.40745098 -0.74457223
  0.92075336 -2.25637496  0.97473249  2.58612185 -0.47439043  2.29907992
 -1.85521127 -0.96567851 -2.36951196 -2.25083397 -1.48847888 -2.92013065
  1.60863792  1.75456397  1.56604027  1.07255851  1.39503057 -2.27625832
 -2.65185201  1.68084026  1.03012158 -0.29390282 -2.56719316  1.67369193
 -1.19924884 -2.57467904 -0.00831892]
Thu Jun 13 20:06:07 2024,52,0.28496435312008467,[-2.99981545  2.28889903 -1.90199794  0.01514712  0.47264671 -2.9176826
  3.11274174  2.14029995  1.11952687 -0.96812873  0.4852469   1.19647339
  1.39721322 -1.7996732   0.85054847  3.00494272 -0.49475331 -0.43867389
 -1.97026749  0.64017607  1.64209138  2.88607552 -1.33031418 -0.28418202
 -2.2942397  -2.12276788  2.9859953   2.71445395 -0.74147855 -2.77007072
  1.55034767 -0.23974828 -2.46018849  1.89906578  1.10453892 -0.50086225
  1.09946046 -1.94637488 -0.16699946  2.28026155 -0.09910613  0.5839672
  2.5741661   0.77963504  2.70500869  2.86374836  2.73500001 -2.86551293
  0.3846793  -0.47301157  1.74597954  2.81468876 -0.35056938 -2.31948052
  2.70107356 -3.1027269   0.7359421  -0.65586272 -1.76074053  3.12107832
 -1.85043783 -1.70777006 -2.51000077  2.25971992 -2.22092026  2.01582207
  1.77380224  1.40478293  2.59488535  2.90678919  1.95318391  1.51803221
 -1.80320179 -2.38678919  1.29850212  0.55063107  1.58529582 -2.80722076
 -0.26823413  2.3772815  -1.07591866  1.31883435  1.45496285  0.71429884
 -1.00466416  1.17457824  0.81358966 -0.38795597  2.7512853  -2.21488147
  1.63891868 -0.60079226  0.9158584  -3.16467148 -2.26532937  0.31029547
 -1.09733912 -0.42217336  0.32154748 -0.05619746 -1.73748021 -0.23882857
 -0.76017669  2.86604241 -1.11729328 -1.22020461 -1.08092103  1.35552469
  1.65546937 -0.76507514  2.03245747 -1.79927973 -0.10162252 -0.85942745
 -2.96093133  2.95707215 -1.75974533  3.11213168 -1.34736194 -2.65483464
  3.24530911 -1.09658507 -0.74258665 -2.96222655 -2.56139015  2.84897183
 -1.98630256 -1.74555912 -0.37548085  3.02164625  0.19030994  0.1432144
 -1.49776861 -0.261936   -1.65823292 -3.07716249  2.86910897  1.09858956
 -0.36993981 -2.35367203  0.8863596  -1.31411918 -0.36557655 -2.3282916
 -1.92714288  1.82573267 -1.01983093  2.61499278 -0.50719468 -3.0416864
 -2.96615744  1.96579346 -3.09737559 -0.33437255 -0.98469738 -0.20870721
  2.4072223   1.84005023  0.01643329 -2.34507225 -2.89199955  0.11912942
 -0.76931988  1.43687135 -2.50651613  1.01905116 -0.14463752  0.17963051
  1.95134136  0.64583131  0.75246945 -1.26384068  1.63158825  2.55153819
  1.25088601  0.31382938 -0.98238625  2.6080595   0.75018156 -2.08212563
  0.11111493  1.79962077  1.01461465 -0.61496428 -2.41815024  2.50993005
  2.05044876  1.69225277  2.28146776  1.76602189 -1.68081099 -2.80607774
  0.61339346  1.3978777  -2.41684635 -1.28242407  2.41889116  1.41056776
 -0.17187162 -1.72263751 -1.48505443  1.97341164  1.58339658 -0.84635158
 -0.11476894 -0.31763779 -0.27177592  2.44142453 -0.41055536 -0.74767661
  0.92385773 -2.25327058  0.97783687  2.58922623 -0.47749481  2.3021843
 -1.85831565 -0.96878289 -2.36640758 -2.24772959 -1.49158326 -2.91702627
  1.60553354  1.7514596   1.56293589  1.07566289  1.39813495 -2.2793627
 -2.64874764  1.67773589  1.03322595 -0.2970072  -2.56408878  1.67679631
 -1.20235322 -2.57778342 -0.00521454]
Thu Jun 13 20:06:23 2024,53,0.28446571214296157,[-3.00391444e+00  2.28480004e+00 -1.89789895e+00  1.10481303e-02
  4.76745703e-01 -2.91358361e+00  3.11684073e+00  2.13620096e+00
  1.11542788e+00 -9.64029743e-01  4.89345885e-01  1.19237440e+00
  1.40131221e+00 -1.80377218e+00  8.46449483e-01  3.00904171e+00
 -4.98852299e-01 -4.34574904e-01 -1.96616850e+00  6.44275063e-01
  1.64619037e+00  2.88197653e+00 -1.33441317e+00 -2.88281011e-01
 -2.29014071e+00 -2.11866889e+00  2.99009429e+00  2.71035496e+00
 -7.37379563e-01 -2.77416971e+00  1.55444665e+00 -2.43847270e-01
 -2.46428748e+00  1.89496679e+00  1.10863791e+00 -4.96763259e-01
  1.09536147e+00 -1.95047387e+00 -1.62900472e-01  2.28436054e+00
 -1.03205123e-01  5.88066194e-01  2.57006711e+00  7.75536051e-01
  2.70090970e+00  2.86784735e+00  2.73909900e+00 -2.86961192e+00
  3.88778294e-01 -4.68912580e-01  1.74188055e+00  2.81878775e+00
 -3.54668366e-01 -2.32357951e+00  2.69697458e+00 -3.09862791e+00
  7.31843111e-01 -6.59961705e-01 -1.76483952e+00  3.11697933e+00
 -1.84633884e+00 -1.70367107e+00 -2.51409976e+00  2.25562093e+00
 -2.22501925e+00  2.01172308e+00  1.77790123e+00  1.40888192e+00
  2.59898433e+00  2.90269020e+00  1.94908492e+00  1.51393322e+00
 -1.79910280e+00 -2.38269020e+00  1.29440313e+00  5.46532076e-01
  1.58119683e+00 -2.80312177e+00 -2.64135138e-01  2.38138049e+00
 -1.07181967e+00  1.31473536e+00  1.45086386e+00  7.10199850e-01
 -1.00056518e+00  1.17867723e+00  8.09490666e-01 -3.83856985e-01
  2.74718631e+00 -2.21078248e+00  1.64301767e+00 -5.96693267e-01
  9.19957385e-01 -3.16877047e+00 -2.26123039e+00  3.14394460e-01
 -1.10143811e+00 -4.18074375e-01  3.17448488e-01 -5.20984715e-02
 -1.74157920e+00 -2.42927559e-01 -7.56077701e-01  2.86194342e+00
 -1.12139227e+00 -1.22430360e+00 -1.07682205e+00  1.35962368e+00
  1.65137038e+00 -7.69174128e-01  2.02835848e+00 -1.80337872e+00
 -9.75235270e-02 -8.55328460e-01 -2.95683234e+00  2.96117114e+00
 -1.76384432e+00  3.11623067e+00 -1.35146093e+00 -2.65893363e+00
  3.24121012e+00 -1.09248608e+00 -7.46685636e-01 -2.96632554e+00
 -2.56548914e+00  2.85307082e+00 -1.98220357e+00 -1.74146013e+00
 -3.71381857e-01  3.02574524e+00  1.94408927e-01  1.39115409e-01
 -1.49366963e+00 -2.66034986e-01 -1.66233191e+00 -3.07306350e+00
  2.86500998e+00  1.10268854e+00 -3.65840817e-01 -2.35777102e+00
  8.82260616e-01 -1.31002020e+00 -3.69675534e-01 -2.33239059e+00
 -1.93124187e+00  1.82163368e+00 -1.01573194e+00  2.61089379e+00
 -5.03095693e-01 -3.03758741e+00 -2.96205845e+00  1.96169447e+00
 -3.09327660e+00 -3.38471536e-01 -9.88796364e-01 -2.12806194e-01
  2.40312331e+00  1.84414922e+00  1.23343036e-02 -2.34097326e+00
 -2.88790056e+00  1.23228407e-01 -7.65220887e-01  1.43277236e+00
 -2.51061512e+00  1.01495218e+00 -1.40538533e-01  1.75531518e-01
  1.95544035e+00  6.49930295e-01  7.56568438e-01 -1.25974169e+00
  1.63568724e+00  2.54743920e+00  1.25498500e+00  3.09730395e-01
 -9.78287263e-01  2.61215849e+00  7.54280549e-01 -2.08622462e+00
  1.07015943e-01  1.80371976e+00  1.01051566e+00 -6.10865296e-01
 -2.42224923e+00  2.50583106e+00  2.05454775e+00  1.69635176e+00
  2.28556675e+00  1.77012088e+00 -1.67671201e+00 -2.81017673e+00
  6.17492453e-01  1.40197669e+00 -2.41274736e+00 -1.27832508e+00
  2.41479217e+00  1.40646877e+00 -1.67772628e-01 -1.72673650e+00
 -1.48915342e+00  1.97751063e+00  1.57929759e+00 -8.42252594e-01
 -1.18867926e-01 -3.13538806e-01 -2.67676935e-01  2.44552352e+00
 -4.14654348e-01 -7.43577621e-01  9.19758744e-01 -2.25736957e+00
  9.73737883e-01  2.58512724e+00 -4.81593801e-01  2.30628328e+00
 -1.85421666e+00 -9.72881881e-01 -2.36230859e+00 -2.25182858e+00
 -1.49568225e+00 -2.91292728e+00  1.60963253e+00  1.75555858e+00
  1.55883690e+00  1.07156390e+00  1.40223394e+00 -2.27526371e+00
 -2.64464865e+00  1.68183487e+00  1.03732494e+00 -2.92908213e-01
 -2.55998980e+00  1.67269732e+00 -1.19825423e+00 -2.57368443e+00
 -1.11555234e-03]
Thu Jun 13 20:06:40 2024,54,0.28301029500063124,[-2.99631354  2.29240094 -1.90549985  0.01864903  0.4691448  -2.92118451
  3.12444163  2.12860006  1.10782698 -0.97163064  0.49694679  1.1847735
  1.40891311 -1.81137309  0.85405038  3.00144081 -0.4912514  -0.426974
 -1.9737694   0.65187596  1.63858947  2.88957744 -1.34201407 -0.29588191
 -2.29774162 -2.12626979  2.98249339  2.70275406 -0.72977866 -2.7665688
  1.56204756 -0.23624637 -2.47188838  1.88736589  1.11623881 -0.48916236
  1.10296238 -1.95807477 -0.15529957  2.27675964 -0.09560422  0.58046529
  2.57766802  0.76793515  2.6933088   2.86024645  2.7466999  -2.87721282
  0.38117739 -0.47651348  1.73427965  2.82638865 -0.34706747 -2.33118041
  2.68937367 -3.09102701  0.73944401 -0.6523608  -1.77244042  3.10937843
 -1.85393974 -1.71127197 -2.50649886  2.26322183 -2.23262015  2.01932398
  1.78550213  1.41648282  2.59138343  2.9102911   1.95668583  1.52153412
 -1.8067037  -2.3902911   1.28680223  0.53893118  1.57359593 -2.79552087
 -0.25653424  2.38898139 -1.06421877  1.32233626  1.45846477  0.70259895
 -1.00816608  1.18627813  0.81709157 -0.39145789  2.73958541 -2.20318158
  1.63541677 -0.60429417  0.92755829 -3.16116957 -2.26883129  0.32199536
 -1.10903901 -0.42567528  0.30984759 -0.05969937 -1.7491801  -0.25052846
 -0.7484768   2.85434252 -1.11379137 -1.2319045  -1.06922114  1.35202278
  1.65897128 -0.77677503  2.03595938 -1.79577781 -0.08992263 -0.86292936
 -2.96443324  2.96877204 -1.75624341  3.10862977 -1.34386003 -2.65133273
  3.24881102 -1.08488518 -0.73908473 -2.95872464 -2.57309004  2.84546992
 -1.98980447 -1.73385923 -0.36378096  3.01814434  0.18680803  0.14671631
 -1.50127053 -0.27363589 -1.654731   -3.0806644   2.87261088  1.09508764
 -0.35823992 -2.36537192  0.87465971 -1.30241929 -0.36207463 -2.32478969
 -1.92364097  1.81403278 -1.02333284  2.61849469 -0.51069659 -3.02998651
 -2.95445755  1.96929537 -3.1008775  -0.33087063 -0.99639727 -0.2204071
  2.39552241  1.85175012  0.0199352  -2.33337236 -2.89550147  0.11562751
 -0.77282179  1.42517146 -2.50301422  1.00735127 -0.13293763  0.16793062
  1.96304125  0.6575312   0.76416934 -1.25214079  1.64328814  2.5398383
  1.24738409  0.3173313  -0.97068636  2.60455759  0.76188145 -2.07862372
  0.11461684  1.81132066  1.01811656 -0.60326439 -2.42985013  2.51343196
  2.04694685  1.70395266  2.29316765  1.76251998 -1.6691111  -2.80257583
  0.62509335  1.40957759 -2.42034826 -1.27072418  2.40719127  1.39886787
 -0.17537353 -1.7343374  -1.49675432  1.98511153  1.58689849 -0.8498535
 -0.11126702 -0.32113971 -0.26007603  2.45312442 -0.42225525 -0.75117852
  0.92735965 -2.26497047  0.98133878  2.57752634 -0.4891947   2.31388419
 -1.84661576 -0.96528098 -2.35470769 -2.25942948 -1.48808134 -2.90532638
  1.60203163  1.76315949  1.5664378   1.063963    1.39463304 -2.28286461
 -2.63704775  1.68943578  1.04492584 -0.30050911 -2.55238889  1.66509641
 -1.19065333 -2.58128533 -0.00871645]
Thu Jun 13 20:07:05 2024,55,0.28332453020443815,[-2.99952498  2.2891895  -1.90228841  0.01543759  0.46593336 -2.92439596
  3.12765307  2.12538861  1.10461554 -0.9684192   0.50015823  1.18798495
  1.41212455 -1.80816164  0.85726183  3.00465225 -0.48803995 -0.43018545
 -1.97698085  0.64866452  1.64180091  2.88636599 -1.33880263 -0.29267047
 -2.30095306 -2.12305835  2.98570483  2.69954262 -0.73299011 -2.76335736
  1.565259   -0.23303493 -2.47509983  1.88415445  1.11945025 -0.48595091
  1.10617382 -1.96128622 -0.15851101  2.2735482  -0.09239278  0.58367674
  2.57445657  0.77114659  2.69652025  2.85703501  2.74991134 -2.88042426
  0.37796595 -0.47972492  1.73106821  2.82317721 -0.34385602 -2.33439185
  2.68616223 -3.09423845  0.73623257 -0.64914936 -1.77565187  3.10616699
 -1.85072829 -1.70806053 -2.5097103   2.26001039 -2.23583159  2.01611254
  1.78229069  1.41327138  2.58817199  2.91350255  1.95347438  1.52474556
 -1.80991514 -2.38707966  1.28359079  0.54214262  1.57038448 -2.79873231
 -0.25332279  2.39219283 -1.06743021  1.31912482  1.45525332  0.6993875
 -1.01137752  1.18948958  0.82030301 -0.39466933  2.73637396 -2.19997013
  1.63220533 -0.60108272  0.93076973 -3.16438101 -2.27204273  0.3252068
 -1.11225045 -0.42246383  0.31305903 -0.06291082 -1.75239154 -0.24731702
 -0.74526536  2.85113108 -1.11057992 -1.22869305 -1.07243259  1.35523422
  1.65575984 -0.77356359  2.03917082 -1.79898926 -0.08671118 -0.85971792
 -2.96764469  2.97198349 -1.75945486  3.11184121 -1.34707147 -2.64812129
  3.24559958 -1.08167374 -0.74229618 -2.96193608 -2.5698786   2.84225847
 -1.99301591 -1.73064779 -0.3669924   3.02135578  0.19001947  0.14350487
 -1.49805908 -0.27042444 -1.65794245 -3.07745296  2.86939944  1.0918762
 -0.35502847 -2.36216048  0.87144827 -1.29920785 -0.35886319 -2.32800113
 -1.92042952  1.81724422 -1.02654428  2.61528325 -0.50748515 -3.03319795
 -2.95766899  1.96608393 -3.10408895 -0.32765919 -0.99960871 -0.22361854
  2.39231096  1.84853868  0.02314665 -2.3365838  -2.89229002  0.11241606
 -0.77603323  1.42196002 -2.50622566  1.01056272 -0.13614907  0.17114206
  1.95982981  0.65431975  0.7609579  -1.24892934  1.6400767   2.54304974
  1.24417265  0.31411985 -0.96747492  2.60776903  0.76509289 -2.08183516
  0.1114054   1.80810922  1.021328   -0.60005295 -2.43306157  2.51022052
  2.05015829  1.70074122  2.29637909  1.75930853 -1.67232255 -2.80578727
  0.6283048   1.40636615 -2.41713682 -1.26751274  2.40397983  1.39565642
 -0.17858497 -1.73754884 -1.49354288  1.98190008  1.59010993 -0.85306494
 -0.11447847 -0.32435115 -0.25686459  2.44991298 -0.42546669 -0.74796708
  0.93057109 -2.26175903  0.97812734  2.58073778 -0.48598326  2.31067274
 -1.84340432 -0.96849242 -2.35149625 -2.26264093 -1.49129279 -2.90853783
  1.60524307  1.75994804  1.56964924  1.06075155  1.39784448 -2.28607605
 -2.64025919  1.68622433  1.04813729 -0.29729767 -2.54917745  1.66188497
 -1.19386477 -2.58449677 -0.0119279 ]
Thu Jun 13 20:07:37 2024,56,0.27786906651563065,[-2.9828792   2.30583529 -1.88564263  0.03208337  0.44928757 -2.94104174
  3.14429886  2.10874283  1.12126132 -0.98506499  0.51680401  1.20463073
  1.39547877 -1.82480743  0.84061604  2.98800647 -0.50468574 -0.44683123
 -1.99362663  0.63201874  1.62515513  2.90301178 -1.32215684 -0.30931625
 -2.31759884 -2.10641256  3.00235062  2.71618841 -0.74963589 -2.74671158
  1.58190478 -0.24968071 -2.49174561  1.90080023  1.10280447 -0.46930513
  1.1228196  -1.94464043 -0.14186523  2.29019398 -0.07574699  0.56703095
  2.55781079  0.78779238  2.71316603  2.84038922  2.76655713 -2.89707005
  0.36132016 -0.46307914  1.74771399  2.839823   -0.36050181 -2.31774607
  2.66951645 -3.07759267  0.71958678 -0.63250358 -1.79229765  3.0895212
 -1.86737408 -1.72470631 -2.49306451  2.27665617 -2.21918581  2.03275833
  1.7656449   1.39662559  2.60481778  2.89685676  1.9368286   1.50809978
 -1.79326936 -2.40372544  1.266945    0.5587884   1.58703027 -2.78208653
 -0.23667701  2.37554705 -1.084076    1.3357706   1.43860754  0.71603329
 -0.99473173  1.20613536  0.8369488  -0.41131512  2.75301975 -2.18332435
  1.64885111 -0.61772851  0.94741551 -3.1810268  -2.25539694  0.34185259
 -1.09560467 -0.40581805  0.29641324 -0.04626503 -1.76903733 -0.23067123
 -0.72861957  2.86777686 -1.12722571 -1.21204727 -1.0557868   1.33858844
  1.63911405 -0.7569178   2.05581661 -1.81563504 -0.10335697 -0.8763637
 -2.98429047  2.98862927 -1.74280907  3.09519542 -1.33042568 -2.6314755
  3.26224537 -1.06502795 -0.72565039 -2.97858187 -2.58652439  2.85890426
 -2.0096617  -1.714002   -0.38363818  3.03800157  0.20666525  0.16015065
 -1.51470487 -0.28707023 -1.67458823 -3.06080717  2.88604523  1.07523041
 -0.37167426 -2.34551469  0.88809406 -1.28256207 -0.37550897 -2.31135534
 -1.93707531  1.80059844 -1.0098985   2.63192903 -0.49083937 -3.04984374
 -2.97431478  1.94943815 -3.08744316 -0.31101341 -0.98296292 -0.20697275
  2.37566518  1.86518447  0.03979243 -2.35322959 -2.90893581  0.12906185
 -0.79267902  1.4386058  -2.52287145  0.99391693 -0.15279486  0.18778784
  1.94318402  0.67096554  0.74431211 -1.23228356  1.65672249  2.52640396
  1.26081844  0.29747407 -0.9841207   2.62441482  0.74844711 -2.09848095
  0.12805119  1.824755    1.00468222 -0.58340717 -2.41641579  2.5268663
  2.03351251  1.68409544  2.31302488  1.74266275 -1.65567676 -2.78914149
  0.61165901  1.42301194 -2.4337826  -1.25086695  2.42062561  1.37901064
 -0.16193919 -1.72090306 -1.47689709  1.99854587  1.57346415 -0.83641915
 -0.13112425 -0.30770536 -0.24021881  2.43326719 -0.44211248 -0.73132129
  0.94721687 -2.27840482  0.99477313  2.59738357 -0.46933747  2.29402696
 -1.8600501  -0.98513821 -2.36814203 -2.27928671 -1.50793857 -2.92518361
  1.62188886  1.77659383  1.55300346  1.04410577  1.41449027 -2.26943027
 -2.6236134   1.70287012  1.06478307 -0.28065189 -2.53253167  1.67853076
 -1.17721899 -2.56785099  0.00471789]
Thu Jun 13 20:07:51 2024,57,0.2772839178716483,[-2.97816773e+00  2.31054676e+00 -1.88093116e+00  2.73719055e-02
  4.53999041e-01 -2.94575321e+00  3.14901032e+00  2.11345430e+00
  1.11654985e+00 -9.89776455e-01  5.12092546e-01  1.19991926e+00
  1.40019024e+00 -1.82951890e+00  8.35904574e-01  2.99271794e+00
 -4.99974271e-01 -4.51542700e-01 -1.99833810e+00  6.27307268e-01
  1.62986659e+00  2.90772325e+00 -1.32686831e+00 -3.14027723e-01
 -2.31288738e+00 -2.11112403e+00  3.00706208e+00  2.71147694e+00
 -7.54347359e-01 -2.75142304e+00  1.58661625e+00 -2.54392179e-01
 -2.49645708e+00  1.90551170e+00  1.10751594e+00 -4.64593661e-01
  1.11810814e+00 -1.94935190e+00 -1.46576697e-01  2.28548251e+00
 -7.10355247e-02  5.62319482e-01  2.55309932e+00  7.92503847e-01
  2.70845456e+00  2.84510069e+00  2.77126860e+00 -2.90178152e+00
  3.56608695e-01 -4.58367671e-01  1.74300252e+00  2.84453446e+00
 -3.55790339e-01 -2.31303460e+00  2.67422791e+00 -3.08230414e+00
  7.14875315e-01 -6.37215043e-01 -1.78758618e+00  3.09423267e+00
 -1.87208555e+00 -1.71999484e+00 -2.48835305e+00  2.27194470e+00
 -2.21447434e+00  2.02804686e+00  1.77035637e+00  1.40133706e+00
  2.60010631e+00  2.89214529e+00  1.93211713e+00  1.50338831e+00
 -1.78855789e+00 -2.39901397e+00  1.26223353e+00  5.54076935e-01
  1.59174174e+00 -2.78679800e+00 -2.31965539e-01  2.37083558e+00
 -1.07936453e+00  1.34048207e+00  1.43389607e+00  7.11321822e-01
 -9.99443203e-01  1.20142389e+00  8.41660265e-01 -4.06603647e-01
  2.75773122e+00 -2.18803582e+00  1.65356258e+00 -6.22439979e-01
  9.52126983e-01 -3.18573827e+00 -2.26010841e+00  3.37141122e-01
 -1.10031614e+00 -4.10529516e-01  3.01124713e-01 -5.09764990e-02
 -1.76432586e+00 -2.25959763e-01 -7.33331039e-01  2.87248833e+00
 -1.12251424e+00 -1.21675874e+00 -1.05107533e+00  1.34329991e+00
  1.64382552e+00 -7.61629269e-01  2.06052807e+00 -1.81092357e+00
 -1.08068436e-01 -8.81075172e-01 -2.97957901e+00  2.98391780e+00
 -1.74752054e+00  3.09990689e+00 -1.33513715e+00 -2.63618697e+00
  3.25753390e+00 -1.06031649e+00 -7.20938924e-01 -2.97387040e+00
 -2.58181292e+00  2.85419279e+00 -2.00495023e+00 -1.70929054e+00
 -3.78926716e-01  3.03329010e+00  2.11376723e-01  1.64862121e-01
 -1.51941634e+00 -2.82358761e-01 -1.67929970e+00 -3.06551864e+00
  2.88133376e+00  1.07994188e+00 -3.66962789e-01 -2.34080323e+00
  8.83382589e-01 -1.27785060e+00 -3.70797507e-01 -2.30664388e+00
 -1.93236384e+00  1.80530990e+00 -1.00518703e+00  2.62721757e+00
 -4.95550834e-01 -3.05455521e+00 -2.97902625e+00  1.94472668e+00
 -3.08273169e+00 -3.06301938e-01 -9.78251455e-01 -2.11684222e-01
  2.38037665e+00  1.86047300e+00  3.50809653e-02 -2.34851812e+00
 -2.91364728e+00  1.33773316e-01 -7.87967549e-01  1.43389434e+00
 -2.52758292e+00  9.89205464e-01 -1.57506329e-01  1.83076377e-01
  1.93847256e+00  6.75677006e-01  7.49023579e-01 -1.22757209e+00
  1.66143395e+00  2.53111543e+00  1.26552991e+00  2.92762599e-01
 -9.88832172e-01  2.62912629e+00  7.53158576e-01 -2.09376948e+00
  1.32762654e-01  1.82946647e+00  1.00939369e+00 -5.88118634e-01
 -2.42112726e+00  2.52215483e+00  2.03822397e+00  1.68880690e+00
  2.30831341e+00  1.74737422e+00 -1.65096529e+00 -2.78443002e+00
  6.06947543e-01  1.42772340e+00 -2.42907114e+00 -1.24615549e+00
  2.42533708e+00  1.37429917e+00 -1.66650656e-01 -1.71619159e+00
 -1.48160856e+00  2.00325734e+00  1.56875268e+00 -8.31707685e-01
 -1.26412785e-01 -3.02993896e-01 -2.35507337e-01  2.42855572e+00
 -4.37401010e-01 -7.36032762e-01  9.51928343e-01 -2.27369335e+00
  9.90061658e-01  2.59267210e+00 -4.64626006e-01  2.28931549e+00
 -1.86476157e+00 -9.89849677e-01 -2.37285350e+00 -2.28399818e+00
 -1.51265004e+00 -2.92989508e+00  1.62660032e+00  1.77188236e+00
  1.54829199e+00  1.03939430e+00  1.40977880e+00 -2.26471880e+00
 -2.61890194e+00  1.69815865e+00  1.06007160e+00 -2.75940418e-01
 -2.53724313e+00  1.68324223e+00 -1.17250752e+00 -2.57256246e+00
  6.42019826e-06]
Thu Jun 13 20:08:06 2024,58,0.2772795285221189,[-2.97883650e+00  2.30987799e+00 -1.88159993e+00  2.80406757e-02
  4.54667812e-01 -2.94508444e+00  3.14834155e+00  2.11278553e+00
  1.11721862e+00 -9.90445225e-01  5.12761317e-01  1.20058803e+00
  1.39952147e+00 -1.83018767e+00  8.35235804e-01  2.99204917e+00
 -4.99305501e-01 -4.50873930e-01 -1.99900687e+00  6.26638498e-01
  1.63053536e+00  2.90705448e+00 -1.32753708e+00 -3.13358953e-01
 -2.31355615e+00 -2.11179280e+00  3.00773085e+00  2.71214571e+00
 -7.55016129e-01 -2.75075427e+00  1.58594748e+00 -2.55060949e-01
 -2.49578831e+00  1.90618047e+00  1.10818471e+00 -4.65262431e-01
  1.11877691e+00 -1.95002067e+00 -1.47245467e-01  2.28615129e+00
 -7.03667545e-02  5.62988252e-01  2.55376809e+00  7.91835076e-01
  2.70778579e+00  2.84443192e+00  2.77193737e+00 -2.90245029e+00
  3.55939925e-01 -4.57698901e-01  1.74233375e+00  2.84520323e+00
 -3.55121569e-01 -2.31370337e+00  2.67489668e+00 -3.08163537e+00
  7.15544086e-01 -6.36546273e-01 -1.78691741e+00  3.09490144e+00
 -1.87275432e+00 -1.71932607e+00 -2.48902182e+00  2.27127593e+00
 -2.21514311e+00  2.02871563e+00  1.76968760e+00  1.40200583e+00
  2.59943754e+00  2.89147652e+00  1.93278590e+00  1.50271954e+00
 -1.78922666e+00 -2.39834520e+00  1.26156476e+00  5.54745706e-01
  1.59107297e+00 -2.78746677e+00 -2.31296769e-01  2.37016681e+00
 -1.08003330e+00  1.34115084e+00  1.43456484e+00  7.11990592e-01
 -1.00011197e+00  1.20075512e+00  8.40991495e-01 -4.07272417e-01
  2.75706245e+00 -2.18870459e+00  1.65423135e+00 -6.23108749e-01
  9.51458213e-01 -3.18640704e+00 -2.25943964e+00  3.37809892e-01
 -1.10098491e+00 -4.09860746e-01  3.01793483e-01 -5.16452692e-02
 -1.76499463e+00 -2.26628534e-01 -7.32662269e-01  2.87315710e+00
 -1.12184547e+00 -1.21608997e+00 -1.05040656e+00  1.34263114e+00
  1.64315675e+00 -7.62298039e-01  2.05985930e+00 -1.81159234e+00
 -1.08737206e-01 -8.81743942e-01 -2.98024778e+00  2.98324903e+00
 -1.74818931e+00  3.09923812e+00 -1.33580592e+00 -2.63685574e+00
  3.25820267e+00 -1.05964772e+00 -7.21607694e-01 -2.97320163e+00
 -2.58248169e+00  2.85486156e+00 -2.00561900e+00 -1.70995931e+00
 -3.78257946e-01  3.03262133e+00  2.10707953e-01  1.64193351e-01
 -1.51874757e+00 -2.81689991e-01 -1.67863093e+00 -3.06484987e+00
  2.88200253e+00  1.07927311e+00 -3.67631559e-01 -2.34013446e+00
  8.84051359e-01 -1.27851937e+00 -3.70128736e-01 -2.30597511e+00
 -1.93169507e+00  1.80597867e+00 -1.00451826e+00  2.62788634e+00
 -4.94882064e-01 -3.05388644e+00 -2.97969502e+00  1.94405791e+00
 -3.08340046e+00 -3.05633167e-01 -9.77582685e-01 -2.11015452e-01
  2.37970788e+00  1.86114177e+00  3.44121951e-02 -2.34784935e+00
 -2.91431605e+00  1.33104546e-01 -7.87298779e-01  1.43322557e+00
 -2.52691415e+00  9.88536694e-01 -1.58175099e-01  1.83745147e-01
  1.93780379e+00  6.76345777e-01  7.48354809e-01 -1.22690332e+00
  1.66076518e+00  2.53178420e+00  1.26619868e+00  2.92093829e-01
 -9.88163402e-01  2.62979506e+00  7.53827346e-01 -2.09443825e+00
  1.33431425e-01  1.83013524e+00  1.01006246e+00 -5.87449864e-01
 -2.42179603e+00  2.52148606e+00  2.03889274e+00  1.68813813e+00
  2.30764464e+00  1.74670545e+00 -1.65029652e+00 -2.78376125e+00
  6.06278773e-01  1.42839217e+00 -2.42840236e+00 -1.24682426e+00
  2.42600585e+00  1.37363040e+00 -1.65981885e-01 -1.71686036e+00
 -1.48227733e+00  2.00392611e+00  1.56942145e+00 -8.32376455e-01
 -1.25744015e-01 -3.03662667e-01 -2.36176107e-01  2.42788695e+00
 -4.38069780e-01 -7.35363992e-01  9.51259573e-01 -2.27436212e+00
  9.89392888e-01  2.59200333e+00 -4.63957236e-01  2.28864672e+00
 -1.86409280e+00 -9.90518447e-01 -2.37352227e+00 -2.28466695e+00
 -1.51198127e+00 -2.92922631e+00  1.62726909e+00  1.77121359e+00
  1.54762322e+00  1.04006307e+00  1.40911003e+00 -2.26538757e+00
 -2.61957071e+00  1.69882742e+00  1.05940283e+00 -2.76609188e-01
 -2.53791190e+00  1.68257346e+00 -1.17317629e+00 -2.57323123e+00
 -6.62349981e-04]
Thu Jun 13 20:08:20 2024,59,0.2724552605003409,[-2.9657627   2.32295178 -1.89467373  0.01496688  0.44159401 -2.95815824
  3.13526776  2.12585933  1.10414482 -1.00351902  0.49968752  1.18751423
  1.38644767 -1.84326147  0.8483096   2.97897537 -0.4862317  -0.46394773
 -1.98593307  0.6397123   1.61746157  2.92012828 -1.34061088 -0.32643275
 -2.32662995 -2.1248666   3.02080465  2.72521951 -0.74194233 -2.73768047
  1.57287368 -0.26813475 -2.50886211  1.89310667  1.12125851 -0.47833623
  1.13185071 -1.96309447 -0.16031927  2.27307749 -0.08344055  0.57606205
  2.54069429  0.77876128  2.69471199  2.83135812  2.75886357 -2.91552409
  0.36901372 -0.4446251   1.72925995  2.85827703 -0.34204777 -2.32677717
  2.68797048 -3.09470917  0.72861788 -0.64962007 -1.77384361  3.08182764
 -1.85968052 -1.73239987 -2.50209562  2.28434973 -2.22821691  2.01564183
  1.7566138   1.38893203  2.58636374  2.90455032  1.9458597   1.51579334
 -1.80230046 -2.3852714   1.27463856  0.54167191  1.57799917 -2.77439297
 -0.21822297  2.38324061 -1.0931071   1.32807704  1.42149104  0.69891679
 -1.01318577  1.18768132  0.8279177  -0.39419862  2.74398865 -2.17563079
  1.66730515 -0.61003495  0.96453201 -3.19948084 -2.24636584  0.32473609
 -1.11405871 -0.42293455  0.31486728 -0.03857147 -1.77806843 -0.23970233
 -0.74573607  2.8600833  -1.13491927 -1.22916377 -1.03733276  1.35570494
  1.63008295 -0.74922424  2.0729331  -1.79851855 -0.12181101 -0.86867014
 -2.99332157  2.97017523 -1.73511551  3.11231192 -1.34887972 -2.62378194
  3.27127647 -1.04657392 -0.7085339  -2.98627543 -2.59555549  2.86793536
 -2.0186928  -1.7230331  -0.39133175  3.04569513  0.22378175  0.15111955
 -1.50567377 -0.26861619 -1.69170473 -3.05177607  2.86892873  1.06619931
 -0.35455776 -2.35320825  0.89712516 -1.26544557 -0.38320254 -2.3190489
 -1.91862127  1.81905247 -1.01759206  2.64096014 -0.48180826 -3.06696024
 -2.96662122  1.95713171 -3.07032666 -0.31870697 -0.96450889 -0.19794165
  2.36663408  1.87421557  0.0213384  -2.36092315 -2.92738985  0.14617834
 -0.80037258  1.42015177 -2.51384035  1.00161049 -0.1712489   0.17067135
  1.92472999  0.66327198  0.76142861 -1.23997712  1.64769138  2.544858
  1.27927247  0.27902003 -1.0012372   2.64286886  0.76690115 -2.10751205
  0.12035763  1.81706144  1.02313626 -0.60052366 -2.40872223  2.50841226
  2.02581894  1.70121193  2.32071844  1.75977925 -1.66337032 -2.79683505
  0.59320497  1.41531837 -2.41532857 -1.25989805  2.41293205  1.3867042
 -0.17905568 -1.72993416 -1.49535113  1.99085231  1.58249525 -0.81930266
 -0.11267022 -0.29058887 -0.24924991  2.44096075 -0.45114358 -0.72229019
  0.96433337 -2.28743592  0.97631909  2.60507713 -0.47703103  2.30172052
 -1.851019   -0.97744465 -2.36044847 -2.27159315 -1.52505507 -2.91615251
  1.61419529  1.78428739  1.56069702  1.02698927  1.42218383 -2.27846137
 -2.60649691  1.68575362  1.07247663 -0.28968299 -2.5509857   1.66949966
 -1.16010249 -2.58630503  0.01241145]
Thu Jun 13 20:08:45 2024,60,0.2725424091059153,[-2.96529004  2.32247913 -1.89420107  0.01449422  0.44112136 -2.9586309
  3.13574041  2.12538667  1.10461748 -1.00399168  0.50016017  1.18798689
  1.38597501 -1.84373412  0.84783695  2.97850271 -0.48575905 -0.46442038
 -1.98546042  0.63923964  1.61698891  2.92060093 -1.34013822 -0.3259601
 -2.3271026  -2.12533926  3.020332    2.72569216 -0.74241499 -2.73720782
  1.57240103 -0.26766209 -2.50933477  1.89357933  1.12078585 -0.47786357
  1.13232336 -1.96356712 -0.16079192  2.27355014 -0.08391321  0.57653471
  2.54116695  0.77828862  2.69423934  2.83183077  2.75839091 -2.91505143
  0.36854107 -0.44509776  1.72973261  2.85780438 -0.34252043 -2.32630451
  2.68749783 -3.09423651  0.72909054 -0.64914742 -1.77431627  3.0823003
 -1.86015317 -1.73287253 -2.50162296  2.28482239 -2.22868957  2.01611448
  1.75614115  1.38940469  2.58683639  2.90407767  1.94633235  1.516266
 -1.8018278  -2.38574406  1.27416591  0.54214456  1.57847182 -2.77392031
 -0.21869563  2.38276795 -1.09263444  1.3285497   1.4219637   0.69938945
 -1.01365843  1.18720867  0.82744504 -0.39372596  2.7444613  -2.17610344
  1.66777781 -0.60956229  0.96405936 -3.19995349 -2.2468385   0.32426344
 -1.11358605 -0.42246189  0.31533994 -0.03904413 -1.77759577 -0.23922968
 -0.74620872  2.86055596 -1.13444661 -1.22869111 -1.03686011  1.35617759
  1.62961029 -0.74875158  2.07340576 -1.7989912  -0.12133835 -0.8691428
 -2.99284892  2.97064789 -1.73558817  3.11183927 -1.34840707 -2.6242546
  3.27080381 -1.04610126 -0.70900655 -2.98674808 -2.59508283  2.86840802
 -2.01822015 -1.72256045 -0.3918044   3.04522247  0.2233091   0.15159221
 -1.50520111 -0.26908885 -1.69123208 -3.05224873  2.86940138  1.06667197
 -0.35503042 -2.3527356   0.89759781 -1.26591822 -0.38367519 -2.31857625
 -1.91814861  1.81952513 -1.01806472  2.64048748 -0.48228092 -3.06648758
 -2.96614856  1.95760436 -3.07079932 -0.31823431 -0.96498154 -0.197469
  2.36616142  1.87374291  0.02086574 -2.36139581 -2.92691719  0.146651
 -0.79989992  1.42062442 -2.51336769  1.00113784 -0.17077624  0.171144
  1.92520264  0.66279932  0.76095595 -1.23950446  1.64721873  2.54533065
  1.27974513  0.27949269 -1.00170986  2.6423962   0.7673738  -2.10703939
  0.12083028  1.8175341   1.02360891 -0.60099632 -2.40824957  2.50888492
  2.0262916   1.70073928  2.32024578  1.7602519  -1.66384298 -2.7973077
  0.59273232  1.41579103 -2.41485591 -1.2594254   2.41340471  1.38717685
 -0.17858303 -1.73040681 -1.49487848  1.99132496  1.58202259 -0.81883
 -0.11314287 -0.29011621 -0.24877725  2.44048809 -0.45067092 -0.72276285
  0.96386072 -2.28696326  0.97584643  2.60554978 -0.47655838  2.30124786
 -1.85054635 -0.9779173  -2.35997581 -2.2711205  -1.52552773 -2.91662517
  1.61372264  1.78476004  1.56022436  1.02651662  1.42265648 -2.27798871
 -2.60602425  1.68528096  1.07294929 -0.29015564 -2.55145836  1.669027
 -1.15962983 -2.58677768  0.01193879]
Thu Jun 13 20:08:59 2024,61,0.2722083914241467,[-2.96154554  2.31873463 -1.89045657  0.01823872  0.43737686 -2.9548864
  3.13948491  2.12164217  1.10836198 -1.00024718  0.50390467  1.19173139
  1.38971951 -1.83998962  0.84409245  2.97475821 -0.48950355 -0.46816488
 -1.98171592  0.63549514  1.62073341  2.92434543 -1.33639372 -0.3297046
 -2.3308471  -2.12908375  3.0165875   2.72194766 -0.74615948 -2.74095232
  1.57614553 -0.27140659 -2.51307927  1.88983483  1.12453035 -0.48160807
  1.12857886 -1.96731162 -0.16453642  2.27729464 -0.08016871  0.57279021
  2.53742245  0.77454412  2.69798384  2.82808628  2.76213541 -2.91879593
  0.36479657 -0.44884226  1.73347711  2.86154888 -0.34626492 -2.32256001
  2.69124233 -3.09798101  0.72534604 -0.65289192 -1.77057177  3.0785558
 -1.85640868 -1.72912803 -2.49787846  2.28856689 -2.22494507  2.01985898
  1.75988565  1.39314919  2.58309189  2.90782217  1.95007685  1.5125215
 -1.8055723  -2.38199956  1.27042141  0.54588906  1.58221632 -2.77017581
 -0.21495113  2.38651245 -1.08888994  1.3248052   1.42570819  0.70313395
 -1.01740293  1.18346417  0.82370054 -0.39747046  2.7407168  -2.17984794
  1.66403331 -0.60581779  0.96031486 -3.20369799 -2.250583    0.32800794
 -1.11733055 -0.42620639  0.31908444 -0.04278862 -1.78134027 -0.24297418
 -0.74246422  2.86430046 -1.13819111 -1.23243561 -1.04060461  1.35992209
  1.62586579 -0.74500709  2.07715026 -1.8027357  -0.11759385 -0.8728873
 -2.98910442  2.97439239 -1.73933267  3.11558376 -1.34466257 -2.6205101
  3.26705931 -1.04984576 -0.71275105 -2.98300358 -2.59133833  2.86466352
 -2.01447565 -1.71881595 -0.3880599   3.04147798  0.2270536   0.15533671
 -1.50145661 -0.26534435 -1.69497657 -3.05599323  2.87314588  1.07041647
 -0.35128592 -2.3489911   0.89385331 -1.26966272 -0.37993069 -2.32232075
 -1.92189311  1.81578063 -1.01432022  2.64423198 -0.48602542 -3.06274308
 -2.96240406  1.95385986 -3.07454382 -0.31448981 -0.96872604 -0.1937245
  2.36990592  1.87748741  0.02461024 -2.35765131 -2.92317269  0.1503955
 -0.79615542  1.41687992 -2.50962319  1.00488234 -0.17452074  0.1673995
  1.92145814  0.65905482  0.76470045 -1.23575997  1.64347423  2.54907515
  1.27600063  0.27574819 -0.99796536  2.6461407   0.7636293  -2.11078389
  0.12457478  1.8212786   1.02735341 -0.60474082 -2.41199407  2.51262942
  2.0225471   1.70448378  2.32399028  1.7639964  -1.66009848 -2.79356321
  0.58898782  1.41953553 -2.41111141 -1.2556809   2.41714921  1.39092135
 -0.18232753 -1.73415131 -1.49113398  1.99506946  1.57827809 -0.8225745
 -0.10939837 -0.28637171 -0.25252175  2.4367436  -0.45441542 -0.72650735
  0.96011622 -2.29070776  0.97959093  2.60929428 -0.47281388  2.29750336
 -1.85429085 -0.9741728  -2.36372031 -2.267376   -1.52178323 -2.91288067
  1.60997814  1.78850454  1.56396886  1.02277212  1.42640098 -2.27424422
 -2.60976875  1.68153647  1.06920479 -0.29390014 -2.55520286  1.6652825
 -1.16337433 -2.59052218  0.01568329]
Thu Jun 13 20:09:22 2024,62,0.2721405315781177,[-2.96429943  2.31598074 -1.88770268  0.01548483  0.44013075 -2.95764028
  3.13673102  2.12439606  1.10560809 -1.00300107  0.50665856  1.1889775
  1.38696562 -1.84274351  0.84684634  2.9775121  -0.48674966 -0.47091877
 -1.9844698   0.63274125  1.61797952  2.92709932 -1.33914761 -0.33245848
 -2.33360099 -2.13183764  3.01383361  2.71919378 -0.7434056  -2.73819843
  1.57339164 -0.27416048 -2.51032538  1.88708094  1.12728424 -0.47885418
  1.13133275 -1.96455774 -0.16178253  2.28004853 -0.0829226   0.5755441
  2.54017633  0.77729801  2.70073772  2.83084016  2.75938152 -2.92154982
  0.36204268 -0.44608837  1.736231    2.86430277 -0.34901881 -2.31980612
  2.69399621 -3.09522712  0.72809993 -0.65013803 -1.76781788  3.07580191
 -1.85916256 -1.72637414 -2.49512457  2.29132078 -2.22219118  2.01710509
  1.76263953  1.3903953   2.58033801  2.90506828  1.94732297  1.50976761
 -1.80281842 -2.38475345  1.2731753   0.54864295  1.58497021 -2.7729297
 -0.21770502  2.38375856 -1.09164383  1.32205131  1.42846208  0.70588784
 -1.01464904  1.18621806  0.82094665 -0.40022435  2.73796292 -2.17709406
  1.66127942 -0.60306391  0.96306875 -3.20645188 -2.24782911  0.33076182
 -1.11457666 -0.4234525   0.31633055 -0.04554251 -1.77858638 -0.24022029
 -0.74521811  2.86154657 -1.140945   -1.22968172 -1.0433585   1.36267598
  1.62861968 -0.7422532   2.07990415 -1.79998181 -0.11483996 -0.87564119
 -2.98635053  2.97714628 -1.74208655  3.11282988 -1.34741646 -2.62326399
  3.26430543 -1.04709187 -0.70999716 -2.9802497  -2.59409222  2.86190963
 -2.01172176 -1.71606206 -0.38530601  3.03872409  0.22429971  0.15258282
 -1.5042105  -0.26259046 -1.69222269 -3.05323934  2.870392    1.06766258
 -0.35403981 -2.35174499  0.8966072  -1.26690883 -0.3771768  -2.31956686
 -1.91913922  1.81853452 -1.0170741   2.64698587 -0.48327153 -3.05998919
 -2.96515795  1.95661375 -3.07729771 -0.31173592 -0.96597215 -0.19647839
  2.37265981  1.87473352  0.02736413 -2.35489742 -2.92592658  0.15314939
 -0.79340153  1.41412604 -2.51237708  1.00212845 -0.17727463  0.16464562
  1.92421203  0.65630093  0.76194656 -1.23851385  1.64622812  2.54632126
  1.27324674  0.2729943  -1.00071925  2.64338681  0.76087541 -2.10803
  0.12732867  1.82403248  1.0301073  -0.60749471 -2.41474796  2.50987553
  2.02530099  1.70172989  2.32123639  1.76675029 -1.66285237 -2.79080932
  0.58623393  1.41678164 -2.40835752 -1.25292701  2.41990309  1.38816746
 -0.17957364 -1.73139742 -1.49388787  1.99782335  1.57552421 -0.81982061
 -0.10664448 -0.2891256  -0.24976786  2.43398971 -0.45716931 -0.72375346
  0.95736233 -2.28795387  0.97683704  2.61204817 -0.47005999  2.29474947
 -1.85153696 -0.97692669 -2.36096643 -2.26462211 -1.52453712 -2.91563456
  1.61273203  1.78575066  1.56672275  1.02001823  1.42364709 -2.27149033
 -2.61252264  1.67878258  1.0664509  -0.29665403 -2.55795675  1.66803639
 -1.16062044 -2.59327607  0.01843718]
Thu Jun 13 20:09:43 2024,63,0.2672018970502547,[-2.97859003  2.33027134 -1.87341209  0.02977543  0.42584015 -2.94334969
  3.15102162  2.13868665  1.09131749 -0.98871047  0.49236797  1.2032681
  1.40125622 -1.85703411  0.83255574  2.96322151 -0.47245906 -0.45662818
 -1.97017921  0.64703185  1.63227012  2.94138991 -1.32485702 -0.31816789
 -2.31931039 -2.11754705  3.02812421  2.73348437 -0.729115   -2.75248902
  1.55910104 -0.25986988 -2.49603478  1.90137154  1.11299364 -0.46456359
  1.11704216 -1.95026714 -0.17607313  2.29433912 -0.09721319  0.58983469
  2.52588574  0.76300742  2.68644713  2.81654957  2.77367212 -2.90725922
  0.37633328 -0.43179777  1.7219404   2.87859336 -0.33472822 -2.30551553
  2.70828681 -3.10951772  0.71380933 -0.66442862 -1.75352729  3.09009251
 -1.87345316 -1.74066474 -2.50941517  2.27703018 -2.20790058  2.0028145
  1.77693013  1.3761047   2.5946286   2.91935887  1.96161356  1.5240582
 -1.81710901 -2.37046285  1.2588847   0.56293354  1.59926081 -2.7872203
 -0.20341442  2.36946797 -1.10593443  1.30776071  1.41417149  0.72017843
 -1.02893963  1.20050865  0.80665606 -0.41451494  2.72367232 -2.16280346
  1.64698883 -0.58877331  0.97735934 -3.19216129 -2.23353851  0.31647123
 -1.12886726 -0.4377431   0.30203995 -0.05983311 -1.79287698 -0.25451088
 -0.73092752  2.84725597 -1.15523559 -1.21539113 -1.0290679   1.34838538
  1.64291028 -0.7279626   2.09419474 -1.81427241 -0.12913056 -0.88993178
 -2.97205994  2.96285568 -1.75637715  3.09853928 -1.33312586 -2.63755458
  3.27859602 -1.06138247 -0.69570657 -2.9659591  -2.57980162  2.87620022
 -1.99743116 -1.70177147 -0.39959661  3.05301468  0.21000911  0.13829222
 -1.5185011  -0.27688106 -1.67793209 -3.06752993  2.88468259  1.08195318
 -0.33974921 -2.33745439  0.9108978  -1.28119943 -0.3914674  -2.30527626
 -1.90484863  1.80424392 -1.0313647   2.66127646 -0.49756213 -3.07427979
 -2.95086735  1.94232316 -3.06300711 -0.29744533 -0.95168156 -0.21076898
  2.3869504   1.86044293  0.01307353 -2.34060682 -2.91163598  0.13885879
 -0.77911094  1.39983544 -2.52666768  0.98783785 -0.16298403  0.17893621
  1.93850263  0.64201034  0.74765597 -1.22422326  1.63193752  2.56061186
  1.28753734  0.28728489 -1.01500984  2.62909622  0.74658482 -2.1223206
  0.11303807  1.80974189  1.0443979  -0.6217853  -2.40045736  2.49558494
  2.01101039  1.68743929  2.3069458   1.78104088 -1.67714296 -2.80509991
  0.57194334  1.43107224 -2.39406693 -1.23863642  2.4056125   1.40245806
 -0.19386423 -1.74568802 -1.47959727  2.01211395  1.56123361 -0.83411121
 -0.12093508 -0.3034162  -0.26405846  2.41969911 -0.44287872 -0.73804405
  0.94307173 -2.30224447  0.96254645  2.59775758 -0.4557694   2.28045888
 -1.86582755 -0.9626361  -2.37525702 -2.25033151 -1.51024652 -2.90134396
  1.62702262  1.80004125  1.58101335  1.03430882  1.43793769 -2.28578092
 -2.62681323  1.69307317  1.0807415  -0.28236344 -2.57224734  1.68232698
 -1.14632985 -2.57898547  0.00414659]
Thu Jun 13 20:09:57 2024,64,0.26720415235350903,[-2.97862853  2.33023283 -1.87337359  0.02981393  0.42580165 -2.94331119
  3.15106012  2.13864815  1.09127899 -0.98874898  0.49240647  1.2033066
  1.40121771 -1.8569956   0.83259424  2.96326001 -0.47242056 -0.45658968
 -1.97014071  0.64707035  1.63223161  2.94135141 -1.32489552 -0.31820639
 -2.31927189 -2.11750855  3.0280857   2.73344587 -0.7291535  -2.75252753
  1.55913954 -0.25990839 -2.49599628  1.90141004  1.11295514 -0.46452509
  1.11700365 -1.95022864 -0.17603463  2.29430062 -0.09717469  0.58979619
  2.52592424  0.76296891  2.68648563  2.81651107  2.77363362 -2.90729772
  0.37629478 -0.43183627  1.7219019   2.87863186 -0.33476672 -2.30555403
  2.70832531 -3.10947921  0.71377083 -0.66446712 -1.75356579  3.090054
 -1.87341466 -1.74070324 -2.50937667  2.27706868 -2.20793908  2.002776
  1.77696863  1.37614321  2.5946671   2.91939737  1.96165206  1.52409671
 -1.81714751 -2.37050136  1.2589232   0.56289504  1.59929931 -2.7871818
 -0.20345292  2.36942947 -1.10597293  1.30772221  1.41420999  0.72013993
 -1.02890113  1.20054715  0.80661756 -0.41447644  2.72363382 -2.16276496
  1.64702733 -0.58873481  0.97739784 -3.19219979 -2.23350001  0.31643273
 -1.12882875 -0.4377816   0.30200145 -0.05987161 -1.79291548 -0.25454938
 -0.73096602  2.84721747 -1.1552741  -1.21535263 -1.0290294   1.34834688
  1.64294878 -0.7280011   2.09415624 -1.81431091 -0.12909206 -0.88989328
 -2.97202144  2.96289418 -1.75641565  3.09850078 -1.33308736 -2.63759308
  3.27863452 -1.06134397 -0.69566806 -2.9659206  -2.57984013  2.87616172
 -1.99746966 -1.70180997 -0.39955811  3.05297618  0.21004761  0.13825372
 -1.5185396  -0.27684255 -1.67789359 -3.06756844  2.88472109  1.08191467
 -0.33978771 -2.33741589  0.9109363  -1.28123793 -0.3914289  -2.30523776
 -1.90488713  1.80428243 -1.0314032   2.66123796 -0.49752362 -3.07424129
 -2.95082885  1.94236166 -3.06304561 -0.29748383 -0.95164306 -0.21073048
  2.3869119   1.86048143  0.01311203 -2.34056832 -2.91167449  0.13882029
 -0.77907244  1.39979694 -2.52670618  0.98779935 -0.16302254  0.17897471
  1.93846413  0.64197184  0.74769447 -1.22426176  1.63197602  2.56065036
  1.28749884  0.28724639 -1.01504834  2.62905772  0.74662332 -2.1223591
  0.11299957  1.80978039  1.04435939 -0.6218238  -2.40049586  2.49562344
  2.01097189  1.68740079  2.3069073   1.78100238 -1.67710446 -2.80506141
  0.57190483  1.43111074 -2.39410543 -1.23859792  2.405651    1.40249656
 -0.19382573 -1.74572652 -1.47963577  2.01215245  1.56119511 -0.83414971
 -0.12097358 -0.3034547  -0.26409696  2.41973761 -0.44291722 -0.73800555
  0.94303323 -2.30220597  0.96250795  2.59779608 -0.4558079   2.28042038
 -1.86586605 -0.9625976  -2.37521852 -2.25037001 -1.51020802 -2.90130546
  1.62706112  1.80000275  1.58097484  1.03427032  1.43789919 -2.28574242
 -2.62677473  1.69311167  1.08078    -0.28240194 -2.57220884  1.68228848
 -1.14636835 -2.57902397  0.00418509]
Thu Jun 13 20:10:11 2024,65,0.26645580232259475,[-2.97511394  2.32671825 -1.869859    0.03332852  0.42931624 -2.94682578
  3.14754553  2.13513356  1.09479358 -0.99226357  0.49592106  1.19979201
  1.39770312 -1.85348101  0.83610883  2.9667746  -0.46890597 -0.46010427
 -1.96662612  0.65058494  1.6357462   2.944866   -1.32138093 -0.32172098
 -2.3157573  -2.11399396  3.03160029  2.73696046 -0.72563891 -2.74901294
  1.55562495 -0.2563938  -2.49951087  1.89789545  1.11646973 -0.46803968
  1.12051824 -1.95374323 -0.17954922  2.29078603 -0.10068928  0.59331078
  2.52943883  0.75945432  2.69000022  2.82002566  2.77714821 -2.91081231
  0.37278019 -0.43535086  1.71838731  2.87511727 -0.33125213 -2.30203944
  2.7118399  -3.1129938   0.71728542 -0.66798171 -1.75708038  3.08653941
 -1.86990007 -1.73718865 -2.51289126  2.28058327 -2.21145367  2.00629059
  1.78048322  1.3796578   2.59115251  2.91588278  1.95813747  1.5276113
 -1.81363292 -2.37401595  1.26243779  0.56640963  1.59578472 -2.78366721
 -0.19993833  2.37294406 -1.10245834  1.3112368   1.41772458  0.72365452
 -1.02538654  1.20406174  0.81013215 -0.41096185  2.72714841 -2.16627955
  1.65054192 -0.5922494   0.98091243 -3.1886852  -2.22998542  0.31994732
 -1.13234334 -0.44129619  0.29848686 -0.0633862  -1.78940089 -0.25103479
 -0.72745143  2.84370288 -1.15175951 -1.21183804 -1.03254399  1.35186147
  1.64646337 -0.73151569  2.09767083 -1.81079632 -0.13260665 -0.88637869
 -2.97553603  2.96640877 -1.75290106  3.10201537 -1.32957277 -2.63407849
  3.27511993 -1.06485856 -0.69918265 -2.96943519 -2.57632554  2.87967631
 -1.99395507 -1.70532456 -0.4030727   3.05649077  0.2135622   0.13473913
 -1.52205419 -0.28035714 -1.674379   -3.06405385  2.8812065   1.08542926
 -0.33627312 -2.34093048  0.91445089 -1.28475252 -0.38791431 -2.30172317
 -1.90840172  1.80779702 -1.02788861  2.65772337 -0.49400903 -3.07775588
 -2.95434344  1.93884707 -3.0665602  -0.30099842 -0.95515765 -0.21424507
  2.39042649  1.85696684  0.01662662 -2.33705373 -2.91518908  0.14233488
 -0.78258703  1.39628235 -2.52319159  0.98428476 -0.15950795  0.1824893
  1.93494954  0.64548643  0.74417988 -1.22777635  1.63549061  2.55713577
  1.28398425  0.29076098 -1.01856293  2.62554313  0.74310873 -2.12587369
  0.10948498  1.81329498  1.0408448  -0.62533839 -2.40401045  2.49913803
  2.0074573   1.6838862   2.31042189  1.77748779 -1.67358987 -2.808576
  0.56839024  1.42759615 -2.39059084 -1.2421125   2.40916559  1.39898197
 -0.19031114 -1.74221193 -1.48315036  2.00863786  1.55768052 -0.83063512
 -0.12448817 -0.29994011 -0.26761155  2.4232522  -0.43940263 -0.74152014
  0.93951864 -2.30572056  0.96602254  2.60131067 -0.45229331  2.28393497
 -1.86938064 -0.96611219 -2.37170393 -2.2538846  -1.51372261 -2.90482005
  1.62354653  1.79648816  1.57746025  1.03075573  1.44141378 -2.28925701
 -2.62326014  1.68959708  1.08429459 -0.27888735 -2.56869425  1.68580307
 -1.14988294 -2.58253856  0.00769968]
Thu Jun 13 20:10:26 2024,66,0.26634117911681027,[-2.97659136  2.32819566 -1.87133642  0.0318511   0.42783882 -2.9483032
  3.14902295  2.13661098  1.09331617 -0.99374098  0.49739847  1.19831459
  1.39622571 -1.8520036   0.83463142  2.96825202 -0.46742855 -0.45862685
 -1.96810354  0.65206236  1.63722362  2.94634342 -1.32285835 -0.3231984
 -2.31723472 -2.11251654  3.03012288  2.73548304 -0.72416149 -2.74753552
  1.55710237 -0.25491638 -2.50098829  1.89937287  1.11794715 -0.4695171
  1.12199566 -1.95226581 -0.18102663  2.28930861 -0.09921186  0.59183336
  2.52796141  0.75797691  2.6885228   2.82150308  2.77567079 -2.91228973
  0.3742576  -0.43682828  1.71690989  2.87659469 -0.33272955 -2.30056202
  2.71331732 -3.11151639  0.71876284 -0.6665043  -1.7585578   3.085062
 -1.87137749 -1.73866606 -2.51436867  2.27910585 -2.20997626  2.00481317
  1.7790058   1.37818038  2.58967509  2.9173602   1.95666005  1.52613388
 -1.81511034 -2.37253853  1.26096038  0.56788705  1.59726214 -2.78514462
 -0.20141575  2.37442148 -1.10098092  1.31271422  1.419202    0.72513194
 -1.02686396  1.20553916  0.80865473 -0.41243927  2.72567099 -2.16480213
  1.65201933 -0.59372682  0.98238985 -3.19016261 -2.22850801  0.3184699
 -1.13382076 -0.43981877  0.29996428 -0.06486362 -1.78792347 -0.24955738
 -0.72597401  2.84222546 -1.15028209 -1.21036062 -1.03402141  1.35333889
  1.64794079 -0.73003828  2.09619341 -1.81227374 -0.13112923 -0.88490127
 -2.97405861  2.96493135 -1.75142364  3.10053795 -1.33105019 -2.63260108
  3.27364251 -1.06633597 -0.69770524 -2.96795777 -2.57780295  2.88115373
 -1.99247766 -1.70384714 -0.40159528  3.05501335  0.21503962  0.13621655
 -1.52353161 -0.27887973 -1.67290158 -3.06257643  2.88268392  1.08395185
 -0.33775054 -2.3424079   0.91297347 -1.28622994 -0.38643689 -2.30024576
 -1.9069243   1.8063196  -1.02641119  2.65920079 -0.49548645 -3.07923329
 -2.95286603  1.93736965 -3.06803762 -0.30247584 -0.95663506 -0.21572249
  2.39190391  1.85844426  0.01514921 -2.33557632 -2.91666649  0.1438123
 -0.78406445  1.39775977 -2.52466901  0.98576218 -0.16098536  0.18396672
  1.93347212  0.64696385  0.74270246 -1.22925377  1.63696803  2.55861319
  1.28546167  0.2922384  -1.02004035  2.62406571  0.74163131 -2.12735111
  0.1109624   1.81181756  1.03936739 -0.62681581 -2.40253304  2.49766061
  2.00893472  1.68536362  2.30894447  1.77896521 -1.67506729 -2.81005342
  0.56691283  1.42611873 -2.39206826 -1.24358992  2.40768817  1.39750455
 -0.19178856 -1.74073451 -1.48167294  2.01011528  1.55915794 -0.83211254
 -0.12596559 -0.30141753 -0.26613413  2.42177479 -0.44088004 -0.74004272
  0.94099606 -2.30424314  0.96454512  2.60278809 -0.45377073  2.28245755
 -1.86790323 -0.9675896  -2.37022651 -2.25536202 -1.51224519 -2.90629747
  1.62206912  1.79501074  1.57598284  1.02927831  1.43993636 -2.28777959
 -2.62178272  1.6910745   1.08577201 -0.28036476 -2.57017167  1.68728049
 -1.14840552 -2.58401598  0.00917709]
Thu Jun 13 20:10:44 2024,67,0.2655503028538971,[-2.969135    2.33565202 -1.86388006  0.03930745  0.42038247 -2.95575955
  3.14156659  2.14406733  1.08585981 -1.00119734  0.48994212  1.19085824
  1.40368206 -1.85945995  0.84208777  2.97570837 -0.4599722  -0.45117049
 -1.97555989  0.65951871  1.62976727  2.93888707 -1.3303147  -0.33065475
 -2.30977837 -2.10506018  3.02266652  2.74293939 -0.73161785 -2.75499187
  1.54964602 -0.26237273 -2.50844464  1.90682922  1.1254035  -0.47697345
  1.11453931 -1.95972216 -0.18848299  2.29676497 -0.09175551  0.58437701
  2.53541777  0.76543326  2.68106645  2.81404672  2.78312714 -2.91974609
  0.36680125 -0.42937193  1.70945354  2.88405104 -0.32527319 -2.29310567
  2.72077367 -3.11897274  0.72621919 -0.65904794 -1.76601415  3.09251835
 -1.86392113 -1.73120971 -2.50691232  2.2716495  -2.2025199   1.99735682
  1.78646216  1.37072402  2.58221874  2.90990385  1.96411641  1.53359023
 -1.80765399 -2.36508217  1.25350402  0.5753434   1.60471849 -2.77768827
 -0.2088721   2.38187783 -1.09352457  1.32017057  1.41174564  0.73258829
 -1.01940761  1.19808281  0.80119837 -0.40498292  2.71821464 -2.17225848
  1.64456298 -0.58627046  0.9898462  -3.19761897 -2.23596436  0.32592625
 -1.12636441 -0.43236242  0.29250793 -0.07231997 -1.78046712 -0.25701373
 -0.73343037  2.84968182 -1.15773844 -1.20290426 -1.04147776  1.34588254
  1.65539714 -0.73749463  2.08873706 -1.80481738 -0.13858558 -0.87744492
 -2.98151496  2.97238771 -1.74396729  3.0930816  -1.32359383 -2.62514472
  3.26618616 -1.07379233 -0.70516159 -2.96050142 -2.5703466   2.87369738
 -1.99993401 -1.69639079 -0.39413893  3.047557    0.20758327  0.1287602
 -1.51607525 -0.27142337 -1.66544523 -3.07003278  2.87522757  1.0914082
 -0.34520689 -2.33495155  0.92042983 -1.29368629 -0.37898054 -2.2927894
 -1.89946795  1.79886324 -1.03386755  2.65174444 -0.4880301  -3.08668965
 -2.94540967  1.944826   -3.06058127 -0.30993219 -0.96409142 -0.22317884
  2.38444756  1.86590061  0.02260556 -2.34303267 -2.92412285  0.13635595
 -0.7915208   1.40521612 -2.53212536  0.99321853 -0.15352901  0.19142307
  1.94092847  0.63950749  0.73524611 -1.22179741  1.62951168  2.56606954
  1.29291802  0.29969475 -1.0274967   2.61660935  0.73417496 -2.11989476
  0.10350605  1.80436121  1.04682374 -0.61935946 -2.40998939  2.49020426
  2.00147837  1.69281997  2.31640082  1.77150886 -1.66761094 -2.81750977
  0.55945647  1.41866238 -2.39952461 -1.23613357  2.40023182  1.40496091
 -0.18433221 -1.73327816 -1.47421659  2.01757163  1.56661429 -0.82465618
 -0.11850923 -0.29396117 -0.27359048  2.41431843 -0.43342369 -0.73258637
  0.93353971 -2.31169949  0.95708877  2.59533173 -0.44631437  2.2750012
 -1.86044687 -0.97504596 -2.36277016 -2.26281838 -1.50478884 -2.91375382
  1.62952547  1.78755439  1.58343919  1.02182196  1.43248001 -2.29523595
 -2.61432637  1.69853086  1.07831565 -0.27290841 -2.57762802  1.69473684
 -1.15586188 -2.57655963  0.01663345]
Thu Jun 13 20:10:58 2024,68,0.2650458285095481,[-2.96500222  2.3397848  -1.85974727  0.03517467  0.42451525 -2.95989234
  3.13743381  2.13993455  1.0899926  -1.00533012  0.48580933  1.19499102
  1.39954927 -1.85532716  0.83795498  2.97984116 -0.45583941 -0.44703771
 -1.97969268  0.6636515   1.62563448  2.94301985 -1.32618191 -0.33478754
 -2.31391115 -2.1009274   3.01853374  2.74707218 -0.72748506 -2.75912466
  1.54551323 -0.26650552 -2.50431186  1.91096201  1.12127071 -0.48110624
  1.11040652 -1.95558938 -0.19261578  2.30089776 -0.0958883   0.5885098
  2.53955055  0.76956605  2.68519924  2.80991393  2.77899436 -2.9156133
  0.37093404 -0.42523914  1.70532075  2.87991826 -0.32940598 -2.28897288
  2.71664088 -3.12310553  0.73035198 -0.65491516 -1.76188136  3.08838556
 -1.85978834 -1.7353425  -2.51104511  2.26751671 -2.20665269  2.0014896
  1.78232937  1.37485681  2.58635153  2.90577106  1.96824919  1.53772302
 -1.8035212  -2.36094939  1.25763681  0.57947619  1.6005857  -2.77355548
 -0.20473932  2.38601062 -1.09765735  1.32430336  1.41587843  0.73672108
 -1.02354039  1.19395002  0.80533116 -0.4091157   2.72234742 -2.1681257
  1.64869577 -0.58213768  0.98571342 -3.20175176 -2.24009715  0.32179347
 -1.12223162 -0.42822963  0.28837514 -0.07645276 -1.77633433 -0.25288094
 -0.72929758  2.84554903 -1.16187123 -1.20703705 -1.03734497  1.34174975
  1.65126435 -0.73336184  2.09286985 -1.8006846  -0.14271837 -0.88157771
 -2.98564775  2.96825492 -1.74810008  3.08894881 -1.32772662 -2.62101194
  3.27031895 -1.07792511 -0.70929438 -2.9646342  -2.56621381  2.86956459
 -1.99580122 -1.692258   -0.39827171  3.05168979  0.21171605  0.13289298
 -1.51194246 -0.26729059 -1.66957802 -3.06589999  2.87109478  1.09554099
 -0.34933968 -2.33081876  0.92456261 -1.2895535  -0.38311332 -2.29692219
 -1.89533516  1.80299603 -1.03800033  2.64761165 -0.49216289 -3.09082244
 -2.94127688  1.94069322 -3.06471406 -0.3057994  -0.95995863 -0.22731163
  2.38031477  1.8700334   0.01847277 -2.33889988 -2.91999006  0.14048873
 -0.78738801  1.40934891 -2.53625815  0.99735132 -0.1576618   0.19555586
  1.94506126  0.64364028  0.73111332 -1.21766463  1.63364447  2.57020233
  1.29705081  0.30382754 -1.03162949  2.61247657  0.73004217 -2.12402754
  0.09937326  1.808494    1.04269095 -0.62349224 -2.41412218  2.48607147
  2.00561115  1.69695276  2.31226804  1.76737607 -1.67174372 -2.82164256
  0.56358926  1.41452959 -2.4036574  -1.23200078  2.39609903  1.40909369
 -0.18846499 -1.72914537 -1.4700838   2.01343884  1.57074708 -0.82878897
 -0.12264202 -0.29809396 -0.2694577   2.41018564 -0.43755648 -0.72845358
  0.93767249 -2.3075667   0.95295598  2.59119894 -0.45044716  2.27913398
 -1.85631409 -0.97917874 -2.36690295 -2.26695116 -1.50892162 -2.91788661
  1.63365826  1.79168717  1.58757198  1.01768917  1.42834722 -2.29936873
 -2.61845916  1.69439807  1.07418286 -0.2770412  -2.57349523  1.69060406
 -1.15999466 -2.58069242  0.01250066]
Thu Jun 13 20:11:19 2024,69,0.2647133958724658,[-2.9716238   2.34640638 -1.8531257   0.02855309  0.41789368 -2.96651392
  3.13081223  2.13331297  1.08337102 -0.99870855  0.47918775  1.18836944
  1.39292769 -1.86194874  0.84457656  2.97321958 -0.46246099 -0.45365929
 -1.98631426  0.67027308  1.6190129   2.93639827 -1.31956033 -0.34140912
 -2.32053273 -2.09430582  3.01191216  2.7404506  -0.73410664 -2.75250308
  1.55213481 -0.2731271  -2.49769028  1.91758359  1.12789229 -0.48772782
  1.1170281  -1.9489678  -0.1859942   2.30751933 -0.08926672  0.59513137
  2.53292898  0.76294447  2.67857766  2.80329236  2.78561593 -2.90899172
  0.37755561 -0.41861756  1.69869917  2.88653983 -0.33602756 -2.29559446
  2.72326246 -3.12972711  0.7237304  -0.66153673 -1.76850294  3.08176398
 -1.86640992 -1.74196408 -2.51766669  2.27413829 -2.21327427  1.99486802
  1.77570779  1.38147839  2.57972995  2.91239264  1.96162762  1.53110144
 -1.81014278 -2.35432781  1.26425839  0.57285461  1.60720728 -2.78017706
 -0.21136089  2.39263219 -1.09103577  1.33092494  1.40925685  0.74334266
 -1.01691882  1.2005716   0.81195274 -0.40249413  2.728969   -2.16150412
  1.65531735 -0.58875925  0.97909184 -3.20837333 -2.23347557  0.31517189
 -1.1288532  -0.43485121  0.29499672 -0.06983118 -1.76971275 -0.24625936
 -0.722676    2.83892745 -1.16849281 -1.21365863 -1.04396655  1.34837133
  1.64464277 -0.73998342  2.08624827 -1.80730617 -0.14933995 -0.87495613
 -2.99226933  2.9748765  -1.75472166  3.08232723 -1.32110504 -2.62763351
  3.26369737 -1.08454669 -0.71591596 -2.97125578 -2.57283539  2.87618617
 -2.0024228  -1.68563642 -0.39165014  3.05831137  0.20509448  0.13951456
 -1.50532089 -0.27391216 -1.67619959 -3.07252157  2.87771636  1.10216257
 -0.35596126 -2.33744034  0.93118419 -1.28293193 -0.3897349  -2.29030061
 -1.90195674  1.80961761 -1.04462191  2.65423323 -0.49878446 -3.08420086
 -2.94789846  1.94731479 -3.05809248 -0.29917783 -0.95333705 -0.23393321
  2.38693635  1.86341182  0.02509435 -2.3322783  -2.91336848  0.14711031
 -0.78076643  1.41597049 -2.54287973  0.99072974 -0.15104022  0.18893428
  1.93843968  0.65026186  0.7377349  -1.21104305  1.62702289  2.56358075
  1.29042923  0.31044912 -1.02500791  2.61909815  0.72342059 -2.13064912
  0.09275168  1.80187242  1.04931253 -0.61687067 -2.4075006   2.49269305
  1.99898958  1.69033118  2.30564646  1.77399765 -1.6783653  -2.81502098
  0.55696768  1.40790801 -2.39703582 -1.23862236  2.38947745  1.40247212
 -0.18184342 -1.72252379 -1.46346222  2.02006042  1.5641255  -0.82216739
 -0.1292636  -0.29147238 -0.26283612  2.41680722 -0.4309349  -0.72183201
  0.93105092 -2.30094513  0.95957756  2.58457737 -0.45706874  2.28575556
 -1.84969251 -0.97255717 -2.36028137 -2.26032958 -1.5155432  -2.91126503
  1.64027984  1.79830875  1.59419356  1.0110676   1.4349688  -2.29274716
 -2.61183758  1.70101965  1.06756129 -0.28366278 -2.56687366  1.69722564
 -1.15337309 -2.57407084  0.01912224]
Thu Jun 13 20:11:35 2024,70,0.2592854388052953,[-2.95617914  2.33096172 -1.83768104  0.04399775  0.43333834 -2.98195857
  3.11536757  2.11786831  1.09881568 -1.01415321  0.4637431   1.2038141
  1.37748304 -1.84650408  0.8291319   2.95777492 -0.44701633 -0.46910394
 -2.00175892  0.68571774  1.60356824  2.92095362 -1.33500499 -0.32596446
 -2.30508807 -2.07886116  3.02735682  2.75589526 -0.7495513  -2.73705842
  1.56757947 -0.28857176 -2.51313494  1.93302825  1.11244763 -0.47228316
  1.13247276 -1.93352314 -0.17054954  2.29207468 -0.10471138  0.57968672
  2.51748432  0.77838913  2.663133    2.7878477   2.77017128 -2.92443638
  0.36211096 -0.4031729   1.68325451  2.90198449 -0.35147222 -2.31103912
  2.7078178  -3.11428245  0.73917506 -0.64609207 -1.7839476   3.06631933
 -1.85096526 -1.72651942 -2.50222203  2.28958295 -2.19782961  2.01031268
  1.79115245  1.36603373  2.56428529  2.9278373   1.94618296  1.5465461
 -1.82558744 -2.36977247  1.27970305  0.58829927  1.59176262 -2.7647324
 -0.19591623  2.40807685 -1.07559112  1.31548028  1.39381219  0.727898
 -1.00147416  1.21601626  0.79650808 -0.38704947  2.74441366 -2.17694878
  1.63987269 -0.5733146   0.96364718 -3.22381799 -2.24892023  0.29972723
 -1.14429786 -0.41940655  0.31044138 -0.05438652 -1.78515741 -0.23081471
 -0.70723134  2.85437211 -1.18393747 -1.19821397 -1.05941121  1.33292667
  1.62919812 -0.75542808  2.07080361 -1.82275083 -0.16478461 -0.89040079
 -3.00771399  2.99032116 -1.77016631  3.06688257 -1.3365497  -2.64307817
  3.27914203 -1.09999135 -0.73136062 -2.95581112 -2.58828005  2.89163083
 -2.01786746 -1.70108108 -0.37620548  3.04286671  0.18964982  0.1240699
 -1.52076555 -0.28935682 -1.66075493 -3.05707691  2.8622717   1.08671791
 -0.37140592 -2.352885    0.91573953 -1.26748727 -0.37429024 -2.27485595
 -1.88651208  1.82506227 -1.06006657  2.66967789 -0.48333981 -3.0687562
 -2.9324538   1.93187014 -3.07353714 -0.31462248 -0.96878171 -0.21848855
  2.40238101  1.87885648  0.00964969 -2.31683364 -2.92881314  0.13166565
 -0.76532177  1.40052583 -2.52743507  1.0061744  -0.13559556  0.20437894
  1.95388434  0.66570652  0.72229024 -1.22648771  1.61157823  2.57902541
  1.30587389  0.32589378 -1.00956325  2.60365349  0.70797593 -2.14609378
  0.07730702  1.78642776  1.03386787 -0.60142601 -2.39205594  2.47724839
  1.98354492  1.70577584  2.32109112  1.78944231 -1.66292064 -2.79957632
  0.57241234  1.42335267 -2.38159116 -1.2231777   2.40492211  1.41791677
 -0.16639876 -1.70707913 -1.47890688  2.00461576  1.54868084 -0.83761205
 -0.11381894 -0.30691704 -0.27828078  2.43225188 -0.44637956 -0.70638735
  0.91560626 -2.31638979  0.97502222  2.56913271 -0.4725134   2.2703109
 -1.86513717 -0.95711251 -2.37572603 -2.27577424 -1.53098786 -2.92670969
  1.6557245   1.81375341  1.60963822  1.02651225  1.41952414 -2.30819181
 -2.62728224  1.71646431  1.05211663 -0.29910744 -2.551429    1.68178098
 -1.16881774 -2.5895155   0.0345669 ]
Thu Jun 13 20:11:57 2024,71,0.25914157735864213,[-2.95874749  2.33353008 -1.83511268  0.04656611  0.43076998 -2.97939022
  3.11279921  2.11529995  1.10138404 -1.01158485  0.46117474  1.20638246
  1.37491468 -1.84393572  0.82656354  2.96034328 -0.44958469 -0.4716723
 -2.00432727  0.6882861   1.6061366   2.92352197 -1.33243664 -0.32853282
 -2.30251971 -2.0762928   3.02992517  2.75846362 -0.74698294 -2.73449006
  1.57014783 -0.29114012 -2.51056658  1.9355966   1.11501599 -0.47485151
  1.13504112 -1.9360915  -0.1731179   2.29464303 -0.10727974  0.58225507
  2.52005267  0.78095749  2.66570136  2.78527934  2.76760292 -2.92186802
  0.36467931 -0.40060454  1.68068616  2.89941614 -0.34890386 -2.30847076
  2.71038616 -3.1168508   0.7366067  -0.64352372 -1.78137924  3.06375097
 -1.84839691 -1.72908778 -2.49965367  2.28701459 -2.19526125  2.01288104
  1.78858409  1.36860209  2.56171693  2.93040566  1.9436146   1.54397774
 -1.82815579 -2.36720411  1.2822714   0.58573091  1.58919426 -2.76730076
 -0.19848459  2.4055085  -1.07302276  1.31804864  1.39124383  0.72532964
 -1.00404251  1.2134479   0.79393972 -0.38448111  2.74698202 -2.17951714
  1.64244105 -0.57074624  0.96621554 -3.22638635 -2.25148859  0.29715887
 -1.1417295  -0.42197491  0.30787302 -0.05181816 -1.78772577 -0.23338306
 -0.7097997   2.85694047 -1.18136911 -1.20078233 -1.05684285  1.33549503
  1.62662976 -0.75799644  2.06823525 -1.82018247 -0.16221625 -0.88783243
 -3.00514563  2.9877528  -1.76759796  3.06945093 -1.33911806 -2.64050982
  3.28171039 -1.09742299 -0.72879226 -2.95324277 -2.58571169  2.88906247
 -2.02043582 -1.70364944 -0.37877383  3.04543506  0.19221817  0.12150154
 -1.5233339  -0.29192518 -1.66332329 -3.05964527  2.86484006  1.08928626
 -0.36883756 -2.35031664  0.91317117 -1.27005563 -0.3768586  -2.27228759
 -1.88394372  1.82763063 -1.05749821  2.67224624 -0.48590816 -3.07132456
 -2.92988545  1.92930178 -3.07096878 -0.31205413 -0.97135007 -0.21592019
  2.39981265  1.87628812  0.01221805 -2.319402   -2.92624478  0.13423401
 -0.76789013  1.40309418 -2.52486671  1.00874276 -0.13816392  0.20181058
  1.9564527   0.66827487  0.71972188 -1.22391935  1.61414659  2.57645705
  1.30844225  0.32332542 -1.01213161  2.60108513  0.70540758 -2.14866214
  0.07987538  1.78899612  1.03643623 -0.59885765 -2.3946243   2.47981675
  1.98097656  1.70320748  2.32365947  1.78687395 -1.665489   -2.79700796
  0.5749807   1.42592103 -2.38415952 -1.22574606  2.40749047  1.42048513
 -0.1638304  -1.70964749 -1.47633853  2.0020474   1.5512492  -0.83504369
 -0.1163873  -0.3094854  -0.28084914  2.42968352 -0.44894792 -0.7089557
  0.9130379  -2.31382143  0.97759057  2.56656435 -0.47508176  2.26774254
 -1.86770552 -0.95968087 -2.37315767 -2.2783426  -1.5284195  -2.92414133
  1.65829285  1.81118505  1.60706986  1.0239439   1.4220925  -2.31076017
 -2.62471388  1.71389595  1.04954827 -0.30167579 -2.54886064  1.68434933
 -1.1713861  -2.58694714  0.03199854]
Thu Jun 13 20:12:12 2024,72,0.258401352782033,[-2.96351521  2.3382978  -1.8398804   0.05133383  0.4355377  -2.9746225
  3.10803149  2.11053223  1.09661632 -1.00681713  0.46594246  1.21115018
  1.37014696 -1.84870344  0.82179582  2.95557556 -0.44481697 -0.47644002
 -2.00909499  0.68351837  1.61090432  2.91875425 -1.33720436 -0.33330054
 -2.29775199 -2.08106052  3.02515745  2.7536959  -0.75175066 -2.73925778
  1.56538011 -0.2863724  -2.5153343   1.94036432  1.11024827 -0.47961923
  1.13980884 -1.94085922 -0.17788562  2.29941075 -0.11204746  0.58702279
  2.52482039  0.77618977  2.66093364  2.78051162  2.77237064 -2.92663574
  0.35991159 -0.40537227  1.67591844  2.89464842 -0.35367158 -2.30370304
  2.71515388 -3.11208308  0.73183898 -0.638756   -1.77661152  3.05898325
 -1.84362919 -1.72432006 -2.49488595  2.29178231 -2.20002897  2.00811332
  1.79335181  1.36383437  2.56648465  2.92563794  1.94838232  1.54874546
 -1.82338807 -2.36243639  1.27750368  0.59049863  1.58442654 -2.77206848
 -0.20325231  2.40074078 -1.07779048  1.31328092  1.38647611  0.72056192
 -0.99927479  1.20868018  0.79870744 -0.37971339  2.75174974 -2.17474942
  1.64720877 -0.57551396  0.97098326 -3.23115407 -2.24672087  0.29239115
 -1.14649722 -0.42674263  0.3031053  -0.04705044 -1.79249349 -0.22861534
 -0.71456742  2.85217275 -1.17660139 -1.20555005 -1.05207513  1.33072731
  1.63139748 -0.76276416  2.06346753 -1.81541475 -0.16698397 -0.88306471
 -3.00037791  2.98298508 -1.76283024  3.07421865 -1.33435034 -2.63574209
  3.28647811 -1.10219071 -0.72402454 -2.95801049 -2.58094397  2.89383019
 -2.02520354 -1.70841716 -0.37400611  3.05020278  0.18745045  0.12626926
 -1.51856618 -0.28715746 -1.66809101 -3.05487755  2.86007234  1.09405398
 -0.36406984 -2.35508436  0.90840345 -1.26528791 -0.37209088 -2.27705531
 -1.879176    1.83239835 -1.05273049  2.66747852 -0.48114044 -3.07609228
 -2.93465317  1.92453406 -3.06620106 -0.31682185 -0.96658235 -0.21115247
  2.40458037  1.8715204   0.00745033 -2.32416972 -2.92147706  0.12946629
 -0.77265785  1.39832646 -2.52963443  1.00397504 -0.14293164  0.19704286
  1.96122042  0.66350715  0.7244896  -1.22868707  1.61891431  2.58122477
  1.30367452  0.3185577  -1.01689933  2.59631741  0.7101753  -2.15342986
  0.07510766  1.7842284   1.04120395 -0.60362537 -2.38985658  2.47504903
  1.97620884  1.7079752   2.32842719  1.78210623 -1.67025672 -2.79224024
  0.57021298  1.42115331 -2.3793918  -1.23051378  2.40272275  1.42525285
 -0.15906268 -1.71441521 -1.47157081  1.99727968  1.54648148 -0.83027597
 -0.11161958 -0.31425312 -0.27608141  2.43445124 -0.45371564 -0.70418798
  0.91780562 -2.30905371  0.97282285  2.57133207 -0.47031404  2.26297482
 -1.87247324 -0.95491314 -2.37792539 -2.27357488 -1.52365178 -2.91937361
  1.66306057  1.81595277  1.61183758  1.02871162  1.42686022 -2.30599245
 -2.6294816   1.70912823  1.05431599 -0.30644351 -2.54409292  1.68911705
 -1.17615382 -2.59171486  0.02723082]
Thu Jun 13 20:12:28 2024,73,0.24535874450569412,[-2.94285457  2.35895845 -1.81921975  0.07199447  0.41487705 -2.99528314
  3.12869214  2.08987158  1.07595567 -1.02747777  0.44528181  1.23181083
  1.3908076  -1.8280428   0.80113518  2.9762362  -0.46547761 -0.45577938
 -2.02975564  0.70417902  1.59024368  2.89809361 -1.357865   -0.35396118
 -2.31841264 -2.10172117  3.0458181   2.77435655 -0.77241131 -2.71859714
  1.54471946 -0.26571175 -2.53599494  1.96102497  1.08958762 -0.50027988
  1.11914819 -1.96151986 -0.19854626  2.3200714  -0.09138681  0.56636215
  2.50415975  0.75552912  2.68159428  2.75985097  2.79303128 -2.94729639
  0.38057224 -0.42603291  1.69657908  2.91530906 -0.37433223 -2.32436369
  2.69449324 -3.13274373  0.71117834 -0.65941664 -1.79727217  3.07964389
 -1.86428983 -1.70365941 -2.4742253   2.27112167 -2.17936833  2.02877397
  1.81401246  1.38449502  2.54582401  2.94629858  1.96904297  1.52808482
 -1.80272743 -2.34177574  1.25684304  0.61115928  1.60508719 -2.79272913
 -0.18259167  2.42140142 -1.05712983  1.29262027  1.36581547  0.74122257
 -0.97861415  1.22934083  0.7780468  -0.35905274  2.77241039 -2.15408877
  1.62654812 -0.55485331  0.95032261 -3.21049343 -2.22606022  0.2717305
 -1.16715787 -0.40608198  0.32376594 -0.06771109 -1.81315414 -0.24927599
 -0.69390677  2.8315121  -1.15594074 -1.1848894  -1.03141449  1.31006666
  1.61073683 -0.7834248   2.08412818 -1.8360754  -0.18764462 -0.90372535
 -2.97971726  3.00364573 -1.78349088  3.05355801 -1.35501099 -2.61508145
  3.30713875 -1.08153007 -0.74468518 -2.93734984 -2.56028333  2.91449084
 -2.00454289 -1.68775651 -0.35334547  3.07086343  0.16678981  0.10560862
 -1.49790554 -0.30781811 -1.68875166 -3.0342169   2.83941169  1.11471463
 -0.34340919 -2.33442371  0.88774281 -1.28594855 -0.35143023 -2.25639467
 -1.85851536  1.8117377  -1.07339114  2.64681788 -0.50180109 -3.05543163
 -2.91399252  1.9451947  -3.0868617  -0.33748249 -0.9459217  -0.19049182
  2.42524101  1.85085975 -0.01321032 -2.30350908 -2.90081642  0.10880564
 -0.7933185   1.41898711 -2.55029508  0.98331439 -0.12227099  0.21770351
  1.94055977  0.64284651  0.70382896 -1.20802642  1.59825366  2.56056413
  1.32433517  0.29789705 -1.03755998  2.57565676  0.73083594 -2.17409051
  0.09576831  1.80488904  1.0205433  -0.62428602 -2.36919593  2.45438838
  1.99686948  1.68731456  2.34908784  1.80276688 -1.69091737 -2.81290089
  0.54955233  1.40049266 -2.35873115 -1.25117443  2.4233834   1.40459221
 -0.13840203 -1.73507586 -1.49223145  1.97661904  1.52582083 -0.85093662
 -0.13228023 -0.29359247 -0.25542077  2.4137906  -0.43305499 -0.68352734
  0.93846626 -2.32971435  0.95216221  2.59199271 -0.49097468  2.24231418
 -1.89313389 -0.97557379 -2.39858603 -2.29423553 -1.50299114 -2.89871296
  1.68372122  1.79529213  1.63249822  1.04937226  1.44752086 -2.3266531
 -2.65014225  1.72978887  1.03365534 -0.28578287 -2.56475356  1.66845641
 -1.15549318 -2.57105421  0.00657017]
Thu Jun 13 20:12:43 2024,74,0.24537845313961393,[-2.9418462   2.35795008 -1.82022812  0.07300284  0.41588542 -2.99427477
  3.12970051  2.08886321  1.07696404 -1.0264694   0.44629018  1.2328192
  1.39181598 -1.82905117  0.80214355  2.97522783 -0.46648599 -0.45678775
 -2.02874727  0.70518739  1.5892353   2.89708523 -1.35685663 -0.35496955
 -2.31942101 -2.10272954  3.04682647  2.77536492 -0.77341968 -2.71960551
  1.54371109 -0.26470338 -2.53498657  1.9600166   1.08857925 -0.49927151
  1.12015656 -1.96252824 -0.19753789  2.32107977 -0.09037844  0.56535378
  2.50315138  0.75653749  2.68260266  2.7588426   2.79202291 -2.94830476
  0.38158061 -0.42704128  1.69758745  2.91631743 -0.37332385 -2.32335532
  2.69348486 -3.13173536  0.71218671 -0.66042501 -1.79828054  3.07863552
 -1.8652982  -1.70265104 -2.47523367  2.27213004 -2.1803767   2.02978234
  1.81300409  1.38550339  2.54481563  2.94529021  1.96803459  1.52707644
 -1.8037358  -2.34278412  1.25785141  0.61015091  1.60609556 -2.79172075
 -0.18158329  2.42039305 -1.05612146  1.29362864  1.36682384  0.74223094
 -0.97760578  1.2303492   0.77703842 -0.35804437  2.77341876 -2.1530804
  1.62755649 -0.55586168  0.94931424 -3.20948505 -2.22505185  0.27273888
 -1.16614949 -0.40507361  0.32275757 -0.06670272 -1.81214576 -0.24826762
 -0.6928984   2.83050373 -1.15493237 -1.18589777 -1.03242286  1.31107503
  1.6117452  -0.78241643  2.0831198  -1.83506703 -0.18865299 -0.90473373
 -2.98072563  3.00263735 -1.78449925  3.05254963 -1.35601936 -2.61608982
  3.30814713 -1.08253844 -0.74367681 -2.93835821 -2.5612917   2.91348246
 -2.00555127 -1.68876488 -0.3523371   3.0718718   0.16779818  0.10460025
 -1.49689716 -0.30680973 -1.68976003 -3.03522528  2.84042006  1.115723
 -0.34441757 -2.33341534  0.88875118 -1.28695692 -0.35042186 -2.25740304
 -1.85750698  1.81072933 -1.07238277  2.64782625 -0.50280946 -3.05442326
 -2.91298415  1.94620308 -3.08787008 -0.33647412 -0.94491333 -0.19150019
  2.42624939  1.85186813 -0.01421869 -2.30451745 -2.90182479  0.10779727
 -0.79231013  1.41999548 -2.55130345  0.98432276 -0.12327936  0.21871188
  1.94156814  0.64385488  0.70282058 -1.2090348   1.59724529  2.55955575
  1.32534354  0.29688868 -1.03856835  2.57464839  0.72982757 -2.17308213
  0.09677668  1.80589742  1.02155168 -0.62327764 -2.36818756  2.45338001
  1.99586111  1.68832293  2.35009621  1.8017585  -1.69192574 -2.81390926
  0.5505607   1.39948429 -2.35973952 -1.2521828   2.42237502  1.40358383
 -0.1394104  -1.73608423 -1.49323982  1.97561066  1.52481246 -0.85194499
 -0.1332886  -0.2925841  -0.2544124   2.41479897 -0.43204662 -0.68251897
  0.93947464 -2.33072273  0.95317058  2.59300109 -0.48996631  2.24332255
 -1.89414226 -0.97456542 -2.39757766 -2.2952439  -1.50198277 -2.89972134
  1.68271285  1.79428376  1.63148985  1.05038064  1.44651249 -2.32766147
 -2.64913388  1.7287805   1.03466371 -0.2847745  -2.56576194  1.66946478
 -1.15650155 -2.57206258  0.0055618 ]
Thu Jun 13 20:12:59 2024,75,0.2416625316727905,[-2.93001194  2.36978433 -1.80839387  0.06116859  0.42771968 -3.00610903
  3.11786625  2.07702896  1.0887983  -1.03830366  0.45812444  1.22098494
  1.40365023 -1.81721691  0.8139778   2.96339357 -0.47832024 -0.44495349
 -2.01691301  0.71702165  1.60106956  2.88525098 -1.34502237 -0.3431353
 -2.30758676 -2.1145638   3.05866073  2.78719918 -0.76158542 -2.73143977
  1.53187683 -0.27653763 -2.52315232  1.97185085  1.076745   -0.48743725
  1.10832231 -1.95069398 -0.18570363  2.30924552 -0.07854418  0.57718803
  2.51498563  0.74470324  2.69443691  2.74700834  2.80385717 -2.96013902
  0.39341487 -0.43887554  1.70942171  2.92815169 -0.38515811 -2.33518957
  2.68165061 -3.1199011   0.72402097 -0.64859076 -1.78644628  3.09046978
 -1.87713246 -1.69081678 -2.46339942  2.2839643  -2.16854244  2.01794808
  1.82483834  1.39733764  2.55664989  2.93345595  1.97986885  1.5389107
 -1.79190154 -2.35461837  1.24601715  0.62198517  1.59426131 -2.80355501
 -0.16974904  2.40855879 -1.06795571  1.28179439  1.3786581   0.75406519
 -0.96577152  1.24218346  0.78887268 -0.36987863  2.78525302 -2.14124614
  1.61572224 -0.54402743  0.93747998 -3.1976508  -2.21321759  0.28457313
 -1.17798375 -0.39323935  0.33459183 -0.07853697 -1.82398002 -0.26010187
 -0.68106414  2.84233799 -1.16676663 -1.17406352 -1.04425711  1.32290929
  1.59991095 -0.79425069  2.09495406 -1.82323277 -0.20048724 -0.89289947
 -2.99255989  3.01447161 -1.772665    3.04071538 -1.36785361 -2.60425556
  3.31998138 -1.07070418 -0.75551107 -2.92652396 -2.54945744  2.92531672
 -2.01738552 -1.67693063 -0.36417135  3.06003755  0.17963244  0.09276599
 -1.50873142 -0.29497548 -1.70159429 -3.04705953  2.82858581  1.12755726
 -0.33258331 -2.32158108  0.87691692 -1.27512267 -0.33858761 -2.24556878
 -1.86934124  1.79889507 -1.08421702  2.65966051 -0.51464372 -3.06625751
 -2.90114989  1.95803733 -3.09970433 -0.32463986 -0.95674759 -0.17966594
  2.43808364  1.84003387 -0.02605295 -2.29268319 -2.91365904  0.09596301
 -0.78047587  1.40816123 -2.53946919  0.97248851 -0.13511362  0.20687763
  1.92973389  0.63202062  0.71465484 -1.22086905  1.58541103  2.57139001
  1.31350929  0.28505442 -1.05040261  2.58648264  0.74166183 -2.16124788
  0.10861093  1.79406316  1.00971742 -0.61144339 -2.3563533   2.44154575
  1.98402686  1.67648867  2.33826196  1.78992425 -1.70376    -2.82574352
  0.53872645  1.38765003 -2.37157378 -1.24034854  2.43420928  1.39174958
 -0.15124466 -1.74791849 -1.50507408  1.96377641  1.5129782  -0.84011073
 -0.12145434 -0.28074984 -0.24257814  2.40296471 -0.44388088 -0.67068471
  0.92764038 -2.31888847  0.94133632  2.60483534 -0.50180057  2.23148829
 -1.90597652 -0.96273116 -2.38574341 -2.28340964 -1.49014851 -2.91155559
  1.67087859  1.7824495   1.64332411  1.06221489  1.43467823 -2.33949573
 -2.63729962  1.74061476  1.02282946 -0.29660875 -2.57759619  1.65763052
 -1.16833581 -2.58389684  0.01739606]
Thu Jun 13 20:13:15 2024,76,0.24164739040691258,[-2.92923729  2.37055898 -1.80761922  0.06194324  0.42849433 -3.00688368
  3.1170916   2.0778036   1.08957295 -1.03752901  0.45734979  1.2202103
  1.40287558 -1.81644227  0.81320316  2.96261893 -0.47754559 -0.44572814
 -2.01768766  0.7177963   1.60029491  2.88602563 -1.34579702 -0.34390995
 -2.30681211 -2.11533844  3.05943538  2.78642453 -0.76081077 -2.73221441
  1.53265148 -0.27731228 -2.52392696  1.9726255   1.07597035 -0.4882119
  1.10909696 -1.94991933 -0.18647828  2.30847087 -0.07776953  0.57641338
  2.51421098  0.74392859  2.69366226  2.74778299  2.80463182 -2.96091366
  0.39418952 -0.43810089  1.71019636  2.92737704 -0.38438346 -2.33596422
  2.68242526 -3.12067575  0.72479562 -0.64781611 -1.78722093  3.09124443
 -1.87790711 -1.69159143 -2.46417407  2.28473894 -2.16931709  2.01872273
  1.82406369  1.396563    2.55587524  2.93268131  1.9790942   1.53968535
 -1.7911269  -2.35539302  1.24524251  0.62275981  1.59348666 -2.80278036
 -0.16897439  2.40933344 -1.06873036  1.28256904  1.37943275  0.75483984
 -0.96499687  1.2429581   0.78964733 -0.36910398  2.78447837 -2.14202079
  1.61649688 -0.54480208  0.93825463 -3.19842545 -2.21244294  0.28534778
 -1.1787584  -0.3924647   0.33536648 -0.07931162 -1.82475467 -0.25932722
 -0.68183879  2.84156334 -1.16754127 -1.17483817 -1.04503176  1.32213464
  1.6006856  -0.79502534  2.09417941 -1.82400742 -0.1997126  -0.89212482
 -2.99178524  3.01369696 -1.77189035  3.03994073 -1.36862826 -2.60503021
  3.32075603 -1.07147883 -0.75628572 -2.9272986  -2.55023209  2.92609137
 -2.01816017 -1.67770528 -0.364946    3.0608122   0.17885779  0.09354064
 -1.50795677 -0.29420083 -1.70081964 -3.04783418  2.82936045  1.12833191
 -0.33335796 -2.32080643  0.87769157 -1.27434802 -0.33781296 -2.24634343
 -1.86856659  1.79966972 -1.08344238  2.66043515 -0.51541837 -3.06548287
 -2.90037524  1.95726268 -3.10047898 -0.32541451 -0.95752223 -0.17889129
  2.43885829  1.83925922 -0.0252783  -2.29345784 -2.91443369  0.09518837
 -0.77970122  1.40738658 -2.53869454  0.97171386 -0.13433897  0.20765227
  1.92895924  0.63124598  0.71542949 -1.2200944   1.58463638  2.57216466
  1.31273464  0.28582907 -1.04962796  2.585708    0.74243648 -2.16202253
  0.10938558  1.79483781  1.01049207 -0.61221804 -2.35557865  2.4407711
  1.9848015   1.67571402  2.33903661  1.7891496  -1.70298535 -2.82496887
  0.5395011   1.38687538 -2.37079913 -1.24112319  2.43498393  1.39097493
 -0.15201931 -1.74714384 -1.50584873  1.96455106  1.51375285 -0.83933608
 -0.12067969 -0.28152449 -0.24180349  2.40373936 -0.44310623 -0.66991006
  0.92841503 -2.31966312  0.94211097  2.6040607  -0.50257521  2.23226294
 -1.90675117 -0.96195651 -2.38651805 -2.28418429 -1.48937386 -2.91078094
  1.67165324  1.78167485  1.64254946  1.06144024  1.43545288 -2.33872108
 -2.63652497  1.73984011  1.02360411 -0.2958341  -2.57837084  1.65685588
 -1.16756116 -2.58467149  0.01662141]
Thu Jun 13 20:13:30 2024,77,0.24018181429382449,[-2.9220369   2.37775938 -1.80041882  0.06914363  0.42129393 -2.99968328
  3.124292    2.085004    1.09677334 -1.03032861  0.4501494   1.2130099
  1.39567519 -1.82364266  0.80600276  2.96981932 -0.48474599 -0.43852775
 -2.01048726  0.7105959   1.59309452  2.87882523 -1.35299742 -0.35111034
 -2.29961171 -2.12253884  3.05223498  2.77922413 -0.76801117 -2.73941481
  1.53985188 -0.27011189 -2.53112736  1.9798259   1.06876995 -0.4954123
  1.11629735 -1.95711973 -0.17927789  2.31567126 -0.07056914  0.56921299
  2.50701059  0.73672819  2.68646187  2.75498339  2.81183221 -2.96811406
  0.38698912 -0.44530129  1.70299596  2.92017665 -0.39158386 -2.34316462
  2.68962565 -3.12787615  0.71759522 -0.6550165  -1.78002054  3.09844482
 -1.8851075  -1.68439103 -2.47137446  2.27753855 -2.16211669  2.02592313
  1.83126409  1.40376339  2.54867485  2.92548091  1.97189381  1.53248495
 -1.7839265  -2.36259342  1.23804211  0.61555942  1.60068705 -2.80998076
 -0.16177399  2.41653384 -1.06152997  1.28976943  1.37223235  0.76204024
 -0.97219727  1.2501585   0.79684772 -0.37630437  2.79167876 -2.13482039
  1.60929649 -0.55200247  0.94545503 -3.19122505 -2.20524255  0.29254818
 -1.171558   -0.3996651   0.34256687 -0.08651202 -1.81755427 -0.25212683
 -0.6746384   2.83436294 -1.16034088 -1.18203856 -1.05223216  1.31493424
  1.5934852  -0.78782494  2.10137981 -1.83120782 -0.20691299 -0.88492443
 -2.98458485  3.02089736 -1.77909074  3.03274033 -1.37582866 -2.59782982
  3.32795643 -1.06427844 -0.76348611 -2.92009821 -2.5430317   2.93329176
 -2.01095977 -1.68490567 -0.3577456   3.0536118   0.18605818  0.10074103
 -1.51515717 -0.28700043 -1.69361924 -3.05503458  2.83656085  1.1355323
 -0.32615756 -2.32800683  0.87049118 -1.28154841 -0.34501335 -2.23914304
 -1.87576699  1.80687012 -1.07624198  2.66763555 -0.52261876 -3.05828247
 -2.89317485  1.95006229 -3.10767938 -0.31821412 -0.96472263 -0.17169089
  2.44605869  1.84645962 -0.0180779  -2.30065824 -2.9072333   0.08798797
 -0.78690162  1.40018618 -2.54589494  0.96451346 -0.14153937  0.21485267
  1.93615963  0.62404558  0.72262988 -1.21289401  1.57743599  2.57936505
  1.30553424  0.29302947 -1.05682835  2.59290839  0.74963687 -2.15482213
  0.11658598  1.78763741  1.01769246 -0.61941843 -2.34837826  2.43357071
  1.9920019   1.68291442  2.33183621  1.7819492  -1.71018574 -2.83216927
  0.54670149  1.39407578 -2.36359874 -1.24832359  2.42778353  1.38377453
 -0.14481891 -1.75434423 -1.49864833  1.95735066  1.50655246 -0.84653648
 -0.12788009 -0.28872489 -0.24900389  2.41093976 -0.43590583 -0.67711046
  0.93561542 -2.32686351  0.94931137  2.61126109 -0.50977561  2.22506255
 -1.89955077 -0.96915691 -2.39371845 -2.2769839  -1.48217346 -2.90358055
  1.66445285  1.78887525  1.63534906  1.06864064  1.42825249 -2.33152068
 -2.64372537  1.7470405   1.0308045  -0.28863371 -2.57117045  1.64965548
 -1.16036076 -2.57747109  0.00942101]
Thu Jun 13 20:13:46 2024,78,0.23977202803358294,[-2.92534339  2.38106587 -1.80372532  0.07245012  0.41798744 -3.00298977
  3.12098551  2.08831049  1.10007984 -1.03363511  0.4468429   1.21631639
  1.39898168 -1.82694915  0.80930925  2.97312581 -0.48805248 -0.44183424
 -2.01379376  0.71390239  1.58978802  2.87551874 -1.34969093 -0.35441683
 -2.3029182  -2.12584533  3.05554147  2.78253062 -0.76470468 -2.7427213
  1.54315837 -0.27341838 -2.52782087  1.98313239  1.07207644 -0.49871879
  1.11299086 -1.95381324 -0.18258438  2.31236477 -0.06726265  0.57251948
  2.51031708  0.7334217   2.68315538  2.7516769   2.80852572 -2.96480757
  0.39029561 -0.44860778  1.70630246  2.91687015 -0.38827737 -2.34647111
  2.69293214 -3.13118264  0.71428873 -0.65171001 -1.78332703  3.10175131
 -1.88180101 -1.68108454 -2.46806797  2.27423206 -2.16542319  2.02922962
  1.83457058  1.40706988  2.54536836  2.92217442  1.96858731  1.52917846
 -1.78723299 -2.35928692  1.23473562  0.61886591  1.59738056 -2.80667427
 -0.1584675   2.41322735 -1.05822348  1.28646294  1.36892586  0.75873375
 -0.96889077  1.24685201  0.79354123 -0.37299788  2.78837227 -2.1315139
  1.61260298 -0.55530896  0.94214853 -3.19453154 -2.20193605  0.29585467
 -1.16825151 -0.39635861  0.33926038 -0.08981851 -1.81424778 -0.24882034
 -0.67794489  2.83105645 -1.15703439 -1.17873207 -1.04892567  1.31824074
  1.59679169 -0.79113143  2.1046863  -1.83451431 -0.2036065  -0.88161794
 -2.98127835  3.01759087 -1.78239724  3.03604682 -1.37913515 -2.60113631
  3.32464993 -1.06097195 -0.76017962 -2.9234047  -2.54633819  2.92998527
 -2.00765328 -1.68821216 -0.35443911  3.05030531  0.18936468  0.10404752
 -1.51846366 -0.28369394 -1.69031275 -3.05172809  2.83325436  1.13222581
 -0.32946405 -2.32470034  0.86718468 -1.27824192 -0.34170686 -2.24244953
 -1.87907348  1.80356362 -1.07293549  2.66432906 -0.51931227 -3.06158896
 -2.89648134  1.9467558  -3.11098587 -0.32152061 -0.96141614 -0.1683844
  2.44275219  1.84976611 -0.02138439 -2.29735174 -2.91053979  0.09129446
 -0.78359513  1.40349267 -2.54920143  0.96781996 -0.14484586  0.21815916
  1.93285314  0.62735207  0.72593637 -1.2162005   1.5741295   2.57605856
  1.30884074  0.29633596 -1.05352186  2.5896019   0.75294336 -2.15151564
  0.11327949  1.7909439   1.01438597 -0.62272492 -2.34507177  2.43026422
  1.99530839  1.68622091  2.32852972  1.77864271 -1.71349223 -2.83547576
  0.543395    1.39076929 -2.36029224 -1.25163008  2.42447704  1.38708103
 -0.14812541 -1.75103774 -1.50195483  1.95404417  1.50985895 -0.84322999
 -0.1245736  -0.2854184  -0.25231038  2.41424625 -0.43921232 -0.67380396
  0.93230893 -2.33017     0.95261786  2.6079546  -0.50646912  2.22175606
 -1.90285726 -0.9724634  -2.39041196 -2.28029039 -1.48547996 -2.90688704
  1.66114635  1.79218174  1.63865556  1.06533415  1.424946   -2.33482718
 -2.64703186  1.74373401  1.03411099 -0.2919402  -2.57447694  1.64634899
 -1.15705427 -2.58077759  0.01272751]
Thu Jun 13 20:14:01 2024,79,0.2394197275110011,[-2.9232381   2.38317115 -1.8058306   0.07034484  0.42009273 -3.00509506
  3.11888022  2.09041578  1.09797455 -1.03152982  0.44894819  1.21842168
  1.39687639 -1.82484386  0.80720396  2.97102053 -0.48594719 -0.43972895
 -2.01589904  0.71600768  1.59189331  2.87762403 -1.34758564 -0.35652212
 -2.30502349 -2.12795062  3.05343619  2.78042534 -0.76680997 -2.74061601
  1.54105308 -0.27131309 -2.52992616  1.98523768  1.07418173 -0.4966135
  1.11509615 -1.95591852 -0.18047909  2.31025948 -0.06936793  0.57462477
  2.50821179  0.73552699  2.68105009  2.75378218  2.80642043 -2.96270228
  0.3924009  -0.44650249  1.70840774  2.91897544 -0.39038265 -2.34436582
  2.69082686 -3.13328792  0.71639402 -0.64960473 -1.78543232  3.1038566
 -1.8839063  -1.68318983 -2.46596268  2.27633734 -2.16752847  2.02712433
  1.83246529  1.40917517  2.54326307  2.92427971  1.96648203  1.52707317
 -1.78933828 -2.35718164  1.23263033  0.6209712   1.59527527 -2.80877955
 -0.16057279  2.41112206 -1.05611819  1.28856823  1.36682057  0.75662846
 -0.97099606  1.2489573   0.79143595 -0.37089259  2.79047756 -2.12940862
  1.61470827 -0.55320368  0.94425382 -3.19242625 -2.19983077  0.29795995
 -1.1703568  -0.39425332  0.33715509 -0.08771322 -1.81214249 -0.24671505
 -0.68005018  2.83316174 -1.15913968 -1.17662678 -1.05103095  1.32034602
  1.59889698 -0.78902615  2.10679159 -1.83240902 -0.20571179 -0.88372322
 -2.98338364  3.01969615 -1.78450252  3.03394154 -1.38124044 -2.6032416
  3.32675522 -1.06307723 -0.75807433 -2.92550999 -2.54844347  2.92787999
 -2.00975857 -1.68610688 -0.3565444   3.0524106   0.19146996  0.10615281
 -1.51635837 -0.28158866 -1.69241804 -3.05383337  2.83535964  1.1343311
 -0.33156934 -2.32680563  0.86928997 -1.28034721 -0.33960157 -2.24034424
 -1.87696819  1.80145834 -1.0708302   2.66222377 -0.51720698 -3.06369425
 -2.89437605  1.94465051 -3.11309116 -0.3236259  -0.96352143 -0.17048969
  2.44485748  1.84766082 -0.02348968 -2.29524646 -2.91264508  0.08918918
 -0.78570041  1.40559796 -2.55130672  0.96571467 -0.14274057  0.22026445
  1.93074786  0.62524678  0.72383109 -1.21409521  1.57202421  2.57816385
  1.30673545  0.29844125 -1.05141657  2.59170719  0.75083807 -2.15362093
  0.1111742   1.79304919  1.01228068 -0.62061963 -2.34296648  2.4323695
  1.99741368  1.6883262   2.33063501  1.780748   -1.71559752 -2.83758104
  0.54550029  1.39287458 -2.35818696 -1.25373536  2.42237175  1.38918631
 -0.14602012 -1.74893246 -1.50406011  1.95614946  1.50775366 -0.8411247
 -0.12246831 -0.28331311 -0.25020509  2.41635154 -0.44131761 -0.67590925
  0.93441422 -2.32806472  0.95472315  2.61005989 -0.50436383  2.22386134
 -1.90496255 -0.97456869 -2.39251725 -2.2781851  -1.48337467 -2.90478175
  1.65904107  1.79428703  1.63655027  1.06322886  1.42284071 -2.33272189
 -2.64492657  1.74162873  1.03200571 -0.29404549 -2.57237165  1.64845428
 -1.15915956 -2.5786723   0.01062222]
Thu Jun 13 20:14:15 2024,80,0.23562145328125017,[-2.93450928  2.39444234 -1.79455942  0.08161602  0.40882155 -3.01636624
  3.1301514   2.0791446   1.08670337 -1.02025864  0.46021937  1.2071505
  1.40814757 -1.83611505  0.81847515  2.98229171 -0.47467601 -0.42845777
 -2.02717022  0.7047365   1.58062213  2.86635285 -1.33631446 -0.34525094
 -2.29375231 -2.1392218   3.04216501  2.79169652 -0.75553878 -2.75188719
  1.5297819  -0.26004191 -2.51865497  1.9739665   1.06291055 -0.50788468
  1.10382497 -1.94464734 -0.16920791  2.2989883  -0.08063912  0.56335359
  2.49694061  0.72425581  2.66977891  2.76505336  2.79514925 -2.9514311
  0.40367208 -0.43523131  1.69713656  2.93024662 -0.40165383 -2.33309464
  2.67955567 -3.14455911  0.7276652  -0.66087591 -1.77416114  3.09258542
 -1.89517748 -1.67191865 -2.47723386  2.28760853 -2.17879966  2.03839551
  1.84373647  1.39790399  2.55453425  2.93555089  1.97775321  1.51580199
 -1.7780671  -2.36845282  1.22135915  0.63224238  1.60654645 -2.82005073
 -0.17184397  2.39985088 -1.06738937  1.27729705  1.37809175  0.76789964
 -0.98226724  1.23768611  0.78016476 -0.35962141  2.77920638 -2.1406798
  1.60343709 -0.56447486  0.93298264 -3.18115507 -2.18855959  0.30923114
 -1.15908562 -0.4055245   0.34842627 -0.07644204 -1.80087131 -0.25798623
 -0.66877899  2.82189056 -1.14786849 -1.18789796 -1.03975977  1.30907484
  1.61016816 -0.77775496  2.0955204  -1.8436802  -0.21698297 -0.8949944
 -2.99465482  3.03096733 -1.77323134  3.02267036 -1.39251162 -2.59197042
  3.31548404 -1.07434841 -0.76934551 -2.91423881 -2.53717229  2.9166088
 -2.02102975 -1.69737806 -0.34527322  3.06368178  0.20274114  0.09488163
 -1.50508719 -0.27031747 -1.68114686 -3.06510455  2.82408846  1.14560228
 -0.32029816 -2.33807681  0.88056115 -1.29161839 -0.32833039 -2.22907306
 -1.88823937  1.81272952 -1.08210138  2.67349495 -0.52847816 -3.07496543
 -2.90564723  1.93337933 -3.10181997 -0.31235472 -0.97479261 -0.18176087
  2.45612866  1.83638964 -0.0122185  -2.28397528 -2.92391626  0.07791799
 -0.77442923  1.39432678 -2.54003554  0.95444349 -0.15401175  0.20899327
  1.94201904  0.6139756   0.71255991 -1.22536639  1.58329539  2.58943503
  1.29546427  0.30971243 -1.04014539  2.60297837  0.73956689 -2.16489211
  0.12244538  1.80432037  1.0010095  -0.60934845 -2.35423766  2.44364068
  2.00868486  1.67705502  2.31936382  1.79201918 -1.7268687  -2.82630986
  0.55677147  1.40414576 -2.36945814 -1.26500655  2.43364294  1.4004575
 -0.13474894 -1.76020364 -1.51533129  1.94487828  1.51902484 -0.82985352
 -0.11119713 -0.29458429 -0.23893391  2.40508036 -0.43004643 -0.66463807
  0.92314304 -2.31679354  0.96599433  2.62133107 -0.51563501  2.23513252
 -1.89369137 -0.96329751 -2.40378843 -2.28945628 -1.47210349 -2.91605293
  1.64776988  1.78301584  1.62527909  1.05195768  1.43411189 -2.34399307
 -2.65619775  1.73035754  1.04327689 -0.30531667 -2.56110047  1.63718309
 -1.17043074 -2.56740112  0.0218934 ]
Thu Jun 13 20:14:29 2024,81,0.23268307303750016,[-2.92277021e+00  2.38270326e+00 -1.78282035e+00  9.33550898e-02
  4.20560620e-01 -3.00462717e+00  3.11841233e+00  2.09088367e+00
  1.09844244e+00 -1.00851956e+00  4.71958446e-01  1.21888957e+00
  1.41988665e+00 -1.84785412e+00  8.06736074e-01  2.97055263e+00
 -4.86415085e-01 -4.40196841e-01 -2.01543115e+00  6.92997428e-01
  1.59236120e+00  2.87809192e+00 -1.32457538e+00 -3.56990012e-01
 -2.28201324e+00 -2.12748273e+00  3.05390408e+00  2.80343559e+00
 -7.43799712e-01 -2.74014812e+00  1.51804283e+00 -2.71780982e-01
 -2.50691590e+00  1.96222742e+00  1.07464962e+00 -5.19623754e-01
  1.11556404e+00 -1.93290827e+00 -1.57468837e-01  2.28724923e+00
 -6.89000439e-02  5.75092658e-01  2.50867968e+00  7.12516734e-01
  2.68151798e+00  2.77679244e+00  2.80688832e+00 -2.96317017e+00
  3.91933010e-01 -4.23492237e-01  1.68539749e+00  2.94198570e+00
 -3.89914762e-01 -2.32135557e+00  2.66781660e+00 -3.15629818e+00
  7.15926125e-01 -6.72614979e-01 -1.76242206e+00  3.08084635e+00
 -1.88343841e+00 -1.66017958e+00 -2.46549479e+00  2.29934760e+00
 -2.16706058e+00  2.02665644e+00  1.83199740e+00  1.38616492e+00
  2.56627332e+00  2.92381182e+00  1.96601414e+00  1.50406292e+00
 -1.76632803e+00 -2.38019189e+00  1.20962008e+00  6.43981452e-01
  1.59480738e+00 -2.80831166e+00 -1.60104899e-01  2.38811180e+00
 -1.05565030e+00  1.28903612e+00  1.36635268e+00  7.79638713e-01
 -9.70528171e-01  1.24942519e+00  7.68425691e-01 -3.47882340e-01
  2.76746730e+00 -2.12894072e+00  1.61517616e+00 -5.52735784e-01
  9.44721713e-01 -3.16941600e+00 -2.17682051e+00  2.97492064e-01
 -1.17082469e+00 -4.17263572e-01  3.60165347e-01 -8.81811114e-02
 -1.78913224e+00 -2.46247160e-01 -6.57039922e-01  2.83362963e+00
 -1.15960757e+00 -1.17615889e+00 -1.05149885e+00  1.32081392e+00
  1.62190723e+00 -7.89494037e-01  2.10725948e+00 -1.83194113e+00
 -2.05243896e-01 -8.83255331e-01 -3.00639390e+00  3.04270641e+00
 -1.76149227e+00  3.03440943e+00 -1.38077255e+00 -2.60370949e+00
  3.32722311e+00 -1.08608749e+00 -7.57606441e-01 -2.92597788e+00
 -2.54891137e+00  2.92834788e+00 -2.03276882e+00 -1.70911713e+00
 -3.57012292e-01  3.05194270e+00  2.14480217e-01  8.31425579e-02
 -1.51682626e+00 -2.58578402e-01 -1.66940779e+00 -3.05336548e+00
  2.81234939e+00  1.13386321e+00 -3.32037233e-01 -2.32633773e+00
  8.92300226e-01 -1.27987932e+00 -3.16591320e-01 -2.24081213e+00
 -1.89997845e+00  1.80099045e+00 -1.07036231e+00  2.66175588e+00
 -5.16739092e-01 -3.06322636e+00 -2.91738631e+00  1.92164026e+00
 -3.09008090e+00 -3.00615643e-01 -9.86531680e-01 -1.70021799e-01
  2.46786774e+00  1.82465057e+00 -4.79427431e-04 -2.27223620e+00
 -2.91217719e+00  6.61789213e-02 -7.62690159e-01  1.38258771e+00
 -2.52829646e+00  9.42704415e-01 -1.65750825e-01  1.97254195e-01
  1.95375811e+00  6.25714676e-01  7.24298979e-01 -1.23710547e+00
  1.57155632e+00  2.57769596e+00  1.30720334e+00  2.97973356e-01
 -1.05188447e+00  2.59123930e+00  7.51305966e-01 -2.17663118e+00
  1.10706307e-01  1.79258130e+00  1.01274858e+00 -5.97609381e-01
 -2.34249859e+00  2.45537976e+00  1.99694579e+00  1.68879409e+00
  2.33110290e+00  1.78028011e+00 -1.73860778e+00 -2.81457079e+00
  5.45032397e-01  1.39240668e+00 -2.35771907e+00 -1.27674562e+00
  2.42190386e+00  1.38871842e+00 -1.23009865e-01 -1.74846456e+00
 -1.50359222e+00  1.93313920e+00  1.50728577e+00 -8.18114447e-01
 -9.94580547e-02 -2.82845217e-01 -2.50672982e-01  2.41681943e+00
 -4.41785502e-01 -6.52898997e-01  9.34882111e-01 -2.32853261e+00
  9.54255255e-01  2.60959199e+00 -5.27374084e-01  2.22339345e+00
 -1.88195230e+00 -9.75036579e-01 -2.39204935e+00 -2.27771721e+00
 -1.46036442e+00 -2.92779201e+00  1.63603081e+00  1.77127677e+00
  1.61354001e+00  1.04021861e+00  1.42237282e+00 -2.35573214e+00
 -2.66793682e+00  1.74209662e+00  1.03153782e+00 -3.17055741e-01
 -2.57283954e+00  1.64892217e+00 -1.18216981e+00 -2.55566205e+00
  1.01543275e-02]
Thu Jun 13 20:14:43 2024,82,0.2320048117749769,[-2.9180923   2.38738117 -1.77814244  0.08867718  0.41588271 -2.99994926
  3.12309023  2.08620576  1.10312035 -1.00384166  0.47663635  1.22356748
  1.42456455 -1.84317621  0.81141398  2.96587473 -0.48173718 -0.43551893
 -2.02010906  0.69767533  1.59703911  2.87341401 -1.32925329 -0.36166792
 -2.27733533 -2.13216063  3.04922617  2.8081135  -0.74847762 -2.73547022
  1.51336492 -0.26710308 -2.50223799  1.95754952  1.06997172 -0.51494585
  1.11088613 -1.92823036 -0.15279093  2.29192714 -0.06422214  0.57041475
  2.50400178  0.70783883  2.68619589  2.77211453  2.80221042 -2.95849227
  0.3872551  -0.42817014  1.6900754   2.93730779 -0.39459267 -2.31667766
  2.6631387  -3.16097608  0.72060403 -0.67729289 -1.76709997  3.08552425
 -1.88811632 -1.66485748 -2.46081688  2.3040255  -2.16238268  2.03133435
  1.83667531  1.38148701  2.56159542  2.92848972  1.96133623  1.49938501
 -1.76165012 -2.37551398  1.21429798  0.63930355  1.59948529 -2.80363376
 -0.16478281  2.3834339  -1.0603282   1.29371403  1.37103059  0.77496081
 -0.96585026  1.25410309  0.76374778 -0.35256025  2.7627894  -2.12426282
  1.61049825 -0.55741369  0.94939962 -3.17409391 -2.17214261  0.29281416
 -1.16614678 -0.42194148  0.35548744 -0.09285902 -1.78445433 -0.25092507
 -0.66171783  2.83830754 -1.16428547 -1.17148099 -1.05617675  1.31613601
  1.62658514 -0.78481613  2.10258157 -1.82726322 -0.20056599 -0.87857742
 -3.00171599  3.04738431 -1.75681436  3.03908733 -1.38545045 -2.59903158
  3.32254521 -1.08140958 -0.76228435 -2.92129997 -2.54423346  2.92366997
 -2.02809092 -1.70443922 -0.35233439  3.05662061  0.21915812  0.07846465
 -1.51214836 -0.2539005  -1.67408569 -3.05804339  2.80767148  1.1291853
 -0.32735933 -2.32165983  0.89697813 -1.27520141 -0.31191341 -2.23613422
 -1.90465635  1.80566835 -1.0656844   2.65707797 -0.521417   -3.05854845
 -2.9127084   1.91696235 -3.08540299 -0.30529355 -0.99120959 -0.17469971
  2.46318983  1.82932847 -0.00515733 -2.2675583  -2.91685509  0.06150101
 -0.75801225  1.3779098  -2.52361856  0.94738232 -0.17042873  0.19257629
  1.95843602  0.62103677  0.72897689 -1.23242756  1.57623422  2.58237386
  1.30252543  0.29329545 -1.05656237  2.58656139  0.74662806 -2.18130909
  0.1060284   1.78790339  1.00807067 -0.59293147 -2.3471765   2.45070185
  1.99226788  1.68411618  2.32642499  1.7756022  -1.74328568 -2.80989288
  0.5497103   1.38772878 -2.36239697 -1.27206771  2.42658177  1.38404052
 -0.11833196 -1.75314247 -1.50827013  1.93781711  1.50260786 -0.82279235
 -0.10413596 -0.27816731 -0.25535089  2.42149733 -0.4371076  -0.6575769
  0.93956002 -2.3238547   0.94957735  2.6142699  -0.53205199  2.22807136
 -1.8866302  -0.97971449 -2.38737145 -2.28239512 -1.45568651 -2.9231141
  1.63135291  1.76659887  1.60886211  1.04489651  1.41769491 -2.36041005
 -2.67261473  1.73741871  1.03621572 -0.32173365 -2.57751745  1.65360007
 -1.17749191 -2.55098414  0.00547642]
Thu Jun 13 20:14:57 2024,83,0.2260775232755754,[-2.90369944  2.37298831 -1.79253531  0.07428432  0.43027558 -3.01434213
  3.10869737  2.0718129   1.08872748 -1.01823452  0.49102922  1.20917461
  1.41017169 -1.85756908  0.79702112  2.95148186 -0.49613004 -0.4499118
 -2.0057162   0.68328247  1.61143197  2.85902115 -1.31486043 -0.37606078
 -2.26294247 -2.11776777  3.06361903  2.82250636 -0.73408475 -2.72107735
  1.52775778 -0.25271021 -2.48784513  1.97194238  1.08436458 -0.50055298
  1.09649327 -1.94262323 -0.13839807  2.27753427 -0.078615    0.55602189
  2.48960891  0.69344596  2.67180302  2.75772167  2.81660328 -2.9440994
  0.37286224 -0.41377728  1.67568253  2.92291493 -0.40898553 -2.3022848
  2.67753156 -3.17536895  0.70621117 -0.66290002 -1.78149283  3.07113139
 -1.87372345 -1.65046462 -2.47520975  2.31841837 -2.17677554  2.01694148
  1.85106817  1.39587987  2.54720255  2.91409686  1.97572909  1.48499215
 -1.77604298 -2.38990685  1.19990512  0.65369641  1.61387815 -2.78924089
 -0.15038994  2.39782676 -1.07472107  1.27932116  1.38542345  0.76056794
 -0.98024313  1.23971023  0.77814065 -0.33816738  2.74839653 -2.13865568
  1.59610539 -0.57180655  0.96379248 -3.15970104 -2.18653547  0.30720702
 -1.15175392 -0.43633434  0.34109458 -0.07846615 -1.77006147 -0.2365322
 -0.67611069  2.82391467 -1.17867834 -1.15708812 -1.07056962  1.30174314
  1.61219228 -0.79920899  2.08818871 -1.81287036 -0.21495885 -0.86418456
 -3.01610885  3.03299145 -1.7424215   3.02469447 -1.37105759 -2.58463872
  3.33693807 -1.09580244 -0.74789148 -2.90690711 -2.5298406   2.93806283
 -2.04248378 -1.69004636 -0.33794152  3.04222775  0.20476526  0.09285752
 -1.52654122 -0.23950763 -1.68847856 -3.04365052  2.82206435  1.14357817
 -0.31296646 -2.30726696  0.88258527 -1.26080855 -0.32630628 -2.22174136
 -1.91904922  1.82006122 -1.05129154  2.64268511 -0.53580986 -3.07294132
 -2.89831553  1.90256948 -3.07101013 -0.29090069 -0.97681672 -0.18909257
  2.47758269  1.81493561 -0.0195502  -2.25316543 -2.93124796  0.07589388
 -0.77240512  1.39230267 -2.53801142  0.93298946 -0.15603587  0.17818342
  1.94404315  0.60664391  0.71458402 -1.24682042  1.59062709  2.567981
  1.28813257  0.30768831 -1.04216951  2.60095425  0.7322352  -2.16691622
  0.09163554  1.77351053  1.02246353 -0.60732434 -2.33278363  2.43630899
  2.00666074  1.66972332  2.31203213  1.76120934 -1.75767855 -2.82428575
  0.56410317  1.37333591 -2.34800411 -1.28646058  2.41218891  1.36964765
 -0.10393909 -1.76753534 -1.49387726  1.95220997  1.488215   -0.83718522
 -0.0897431  -0.29256017 -0.24095802  2.4358902  -0.42271473 -0.64318404
  0.92516715 -2.33824757  0.96397021  2.59987704 -0.51765913  2.21367849
 -1.90102307 -0.99410735 -2.40176431 -2.29678798 -1.44129365 -2.93750696
  1.61696004  1.752206    1.59446924  1.05928938  1.43208777 -2.34601718
 -2.65822187  1.75181157  1.05060859 -0.33612651 -2.59191031  1.63920721
 -1.16309904 -2.565377   -0.00891644]
Thu Jun 13 20:15:10 2024,84,0.2260653293767997,[-2.90617829  2.37546716 -1.79005645  0.07180547  0.42779672 -3.01186327
  3.11117622  2.07429175  1.09120634 -1.01575567  0.48855036  1.20669576
  1.41265054 -1.85509022  0.79949997  2.94900301 -0.4986089  -0.44743294
 -2.00323734  0.68576132  1.60895312  2.8615     -1.31238157 -0.37358193
 -2.26046361 -2.11528892  3.06114018  2.82498521 -0.73656361 -2.7185985
  1.52527893 -0.25023136 -2.49032399  1.97442124  1.08188573 -0.50303184
  1.09401441 -1.94510208 -0.13591921  2.28001313 -0.07613615  0.55850074
  2.49208777  0.69096711  2.66932417  2.75524281  2.81412443 -2.94162055
  0.37534109 -0.41129843  1.67816139  2.92539378 -0.40650668 -2.29980594
  2.68001041 -3.17289009  0.70869002 -0.66042117 -1.78397169  3.06865253
 -1.87620231 -1.65294347 -2.4776886   2.32089722 -2.17925439  2.01446263
  1.85354703  1.39340102  2.54968141  2.911618    1.97325024  1.4825133
 -1.77852184 -2.3923857   1.19742627  0.65121755  1.61635701 -2.78676204
 -0.14791109  2.40030562 -1.07719992  1.27684231  1.3829446   0.75808909
 -0.98272198  1.23723137  0.7806195  -0.33568853  2.75087539 -2.14113454
  1.59858424 -0.5693277   0.96131363 -3.15722219 -2.18405662  0.30472817
 -1.15423278 -0.4388132   0.34357343 -0.0759873  -1.76758262 -0.23405335
 -0.67363184  2.82639353 -1.18115719 -1.15956698 -1.07304847  1.29926429
  1.61467113 -0.79673014  2.08570985 -1.81534921 -0.21248    -0.86170571
 -3.01363     3.0305126  -1.73994265  3.02717332 -1.37353644 -2.58711757
  3.33941692 -1.09332359 -0.75037034 -2.90938596 -2.52736174  2.94054169
 -2.04496264 -1.69252521 -0.34042038  3.03974889  0.20228641  0.09533637
 -1.52902007 -0.24198649 -1.69095741 -3.04117167  2.8245432   1.14605702
 -0.31544532 -2.30974582  0.88010641 -1.2632874  -0.32382742 -2.21926251
 -1.92152807  1.82254007 -1.04881269  2.64020626 -0.53828872 -3.07542017
 -2.89583668  1.90009063 -3.06853128 -0.29337954 -0.97929558 -0.19157142
  2.47510384  1.81741446 -0.01707134 -2.25068658 -2.93372681  0.07837273
 -0.76992626  1.38982381 -2.54049027  0.9305106  -0.15355701  0.18066228
  1.94652201  0.60416505  0.71210517 -1.24929928  1.58814823  2.57045986
  1.28565371  0.31016717 -1.03969065  2.60343311  0.73471405 -2.16939508
  0.08915668  1.77598938  1.02494239 -0.60980319 -2.33030478  2.43878784
  2.0091396   1.66724447  2.30955327  1.75873048 -1.75519969 -2.8267646
  0.56162431  1.37085706 -2.35048296 -1.28893943  2.41466776  1.3671688
 -0.10641795 -1.76505648 -1.49139841  1.95468883  1.48573614 -0.83470636
 -0.09222195 -0.29503903 -0.24343688  2.43836905 -0.42519359 -0.64070519
  0.92764601 -2.34072642  0.96644907  2.60235589 -0.52013798  2.21615735
 -1.90350192 -0.9916285  -2.39928546 -2.29430913 -1.4437725  -2.93998582
  1.61448119  1.74972715  1.59199039  1.06176823  1.43456663 -2.34353833
 -2.65574301  1.74933272  1.04812973 -0.33860537 -2.58943146  1.64168606
 -1.1655779  -2.56289815 -0.0113953 ]
Thu Jun 13 20:15:25 2024,85,0.22438110546608928,[-2.91167237  2.38096123 -1.79555053  0.07729954  0.4332908  -3.0063692
  3.10568215  2.06879768  1.08571226 -1.01026159  0.48305629  1.20120169
  1.40715647 -1.8605843   0.7940059   2.94350894 -0.49311482 -0.45292702
 -2.00873141  0.68026725  1.61444719  2.85600593 -1.31787565 -0.36808786
 -2.25496954 -2.12078299  3.06663425  2.81949114 -0.74205768 -2.71310442
  1.530773   -0.25572543 -2.48482991  1.96892716  1.0873798  -0.50852591
  1.09950849 -1.95059615 -0.14141329  2.2855072  -0.08163022  0.55300667
  2.48659369  0.68547304  2.6638301   2.76073689  2.80863035 -2.93612647
  0.38083517 -0.40580435  1.67266731  2.93088785 -0.41200075 -2.30530002
  2.68550449 -3.17838417  0.70319595 -0.66591524 -1.78946576  3.07414661
 -1.88169638 -1.6474494  -2.47219453  2.31540315 -2.17376032  2.00896856
  1.84805295  1.39889509  2.55517548  2.91711208  1.96775617  1.48800737
 -1.77302776 -2.39787977  1.20292034  0.65671163  1.62185108 -2.78126796
 -0.15340516  2.40579969 -1.082694    1.27134823  1.38843867  0.75259501
 -0.97722791  1.24272545  0.78611358 -0.33019446  2.75636946 -2.13564046
  1.60407832 -0.56383363  0.9668077  -3.15172812 -2.17856254  0.29923409
 -1.1487387  -0.43331912  0.33807936 -0.07049323 -1.76208854 -0.22855927
 -0.67912591  2.8318876  -1.18665126 -1.1540729  -1.07854254  1.30475836
  1.6201652  -0.80222421  2.08021578 -1.80985514 -0.21797407 -0.85621163
 -3.00813593  3.02501852 -1.73444857  3.02167925 -1.36804237 -2.5816235
  3.344911   -1.09881766 -0.74487626 -2.91488004 -2.52186767  2.94603576
 -2.05045671 -1.69801929 -0.3349263   3.04524297  0.19679233  0.0898423
 -1.53451415 -0.23649241 -1.69645148 -3.04666574  2.83003728  1.15155109
 -0.32093939 -2.30425174  0.88560049 -1.25779333 -0.31833335 -2.22475658
 -1.916034    1.817046   -1.05430676  2.64570033 -0.54378279 -3.08091424
 -2.90133075  1.89459656 -3.0630372  -0.29887361 -0.9738015  -0.18607735
  2.48059791  1.81192039 -0.01157727 -2.24519251 -2.92823274  0.08386681
 -0.77542034  1.38432974 -2.54598435  0.92501653 -0.14806294  0.17516821
  1.94102793  0.60965912  0.70661109 -1.2438052   1.59364231  2.56496578
  1.28015964  0.30467309 -1.03419658  2.60892718  0.74020812 -2.163901
  0.09465076  1.77049531  1.01944831 -0.61529727 -2.3248107   2.44428191
  2.01463367  1.67273854  2.31504735  1.76422456 -1.74970562 -2.83225868
  0.56711839  1.36536299 -2.35597704 -1.2944335   2.40917369  1.36167472
 -0.11191202 -1.75956241 -1.48590434  1.94919475  1.49123022 -0.84020044
 -0.08672788 -0.28954495 -0.24893095  2.44386313 -0.41969951 -0.63521111
  0.92215193 -2.33523235  0.97194314  2.59686182 -0.51464391  2.22165142
 -1.89800785 -0.98613442 -2.40477953 -2.2998032  -1.43827843 -2.93449174
  1.61997526  1.75522122  1.59748446  1.05627416  1.42907256 -2.33804426
 -2.65024894  1.75482679  1.04263566 -0.33311129 -2.59492553  1.63619199
 -1.17107197 -2.55740408 -0.01688937]
Thu Jun 13 20:15:39 2024,86,0.22439656600592395,[-2.91060217  2.38203143 -1.79448033  0.07836974  0.434361   -3.005299
  3.10675235  2.06986788  1.08678246 -1.01133179  0.48198609  1.20013149
  1.40608627 -1.86165449  0.7950761   2.94457914 -0.49204462 -0.45399722
 -2.00766122  0.68133745  1.61337699  2.85707613 -1.31894585 -0.36915805
 -2.25389934 -2.12185319  3.06556405  2.81842094 -0.74098748 -2.71203423
  1.5318432  -0.25679563 -2.48590011  1.96785696  1.0863096  -0.50745571
  1.10057869 -1.94952595 -0.14034309  2.2865774  -0.08270042  0.55407687
  2.4855235   0.68440284  2.6627599   2.75966669  2.80756015 -2.93505627
  0.37976497 -0.40473415  1.67159711  2.93195805 -0.41093055 -2.30422982
  2.68657469 -3.17731397  0.70426615 -0.66698544 -1.78839556  3.07307641
 -1.88276658 -1.6463792  -2.47112433  2.31647335 -2.17269012  2.00789836
  1.84698275  1.39782489  2.55410528  2.91818228  1.96882637  1.48907757
 -1.77195756 -2.39894997  1.20185014  0.65778183  1.62292128 -2.78233816
 -0.15447536  2.40472949 -1.0816238   1.27027803  1.38950887  0.75152482
 -0.97829811  1.24165525  0.78504338 -0.32912426  2.75529926 -2.13457026
  1.60514852 -0.56276343  0.9678779  -3.15065792 -2.17963274  0.29816389
 -1.1498089  -0.43224892  0.33914956 -0.07156343 -1.76101834 -0.22748908
 -0.68019611  2.8308174  -1.18558106 -1.1530027  -1.07961274  1.30582856
  1.619095   -0.80329441  2.08128598 -1.80878494 -0.21690387 -0.85514143
 -3.00920613  3.02394832 -1.73551877  3.02060905 -1.36911257 -2.5805533
  3.3438408  -1.09988786 -0.74594646 -2.91595024 -2.52079747  2.94710596
 -2.04938651 -1.69908949 -0.3338561   3.04631317  0.19572213  0.0887721
 -1.53344395 -0.23756261 -1.69538128 -3.04559554  2.82896708  1.15048089
 -0.31986919 -2.30318155  0.88667069 -1.25672313 -0.31940355 -2.22368638
 -1.9149638   1.8181162  -1.05537696  2.64463013 -0.54271259 -3.08198444
 -2.90240095  1.89352636 -3.061967   -0.29994381 -0.9748717  -0.18500715
  2.48166811  1.81085019 -0.01050707 -2.2462627  -2.92930294  0.08279661
 -0.77435014  1.38539994 -2.54491415  0.92608673 -0.14913314  0.1762384
  1.94209813  0.60858893  0.70554089 -1.242735    1.59257211  2.56603598
  1.27908944  0.30574329 -1.03312638  2.60785698  0.73913792 -2.1628308
  0.09358056  1.77156551  1.02051851 -0.61422707 -2.3258809   2.44321171
  2.01356347  1.67166834  2.31397715  1.76529476 -1.75077582 -2.83118848
  0.56604819  1.36429279 -2.35490684 -1.2955037   2.41024389  1.36060453
 -0.11298222 -1.75849221 -1.48483414  1.94812455  1.49016002 -0.83913024
 -0.08565768 -0.29061515 -0.24786075  2.44493333 -0.41862931 -0.63414091
  0.92108173 -2.33630255  0.97087294  2.59793202 -0.51357371  2.22272162
 -1.89907805 -0.98720462 -2.40584973 -2.3008734  -1.43934863 -2.93342155
  1.61890506  1.75629142  1.59641426  1.05734436  1.43014275 -2.33911446
 -2.65131914  1.75375659  1.04156546 -0.33418149 -2.59385533  1.63512179
 -1.17000177 -2.55847427 -0.01795957]
Thu Jun 13 20:15:53 2024,87,0.2238876618674011,[-2.90621447  2.38641913 -1.79886802  0.08275744  0.4299733  -3.0096867
  3.10236465  2.07425558  1.09117016 -1.01571949  0.47759839  1.19574379
  1.41047397 -1.8572668   0.7906884   2.94896683 -0.49643232 -0.44960952
 -2.00327352  0.68572515  1.61776469  2.85268843 -1.31455815 -0.36477036
 -2.24951164 -2.11746549  3.06995175  2.82280864 -0.73659979 -2.70764653
  1.5274555  -0.25240793 -2.49028781  1.97224466  1.0906973  -0.51184341
  1.10496638 -1.95391365 -0.13595539  2.2821897  -0.07831272  0.55846456
  2.48991119  0.68001514  2.66714759  2.76405438  2.80317246 -2.93944397
  0.38415266 -0.40912185  1.67598481  2.92757036 -0.40654285 -2.29984212
  2.68218699 -3.17292627  0.69987845 -0.67137314 -1.79278326  3.06868871
 -1.88715428 -1.6507669  -2.47551203  2.31208565 -2.16830242  2.00351066
  1.84259506  1.3934372   2.55849298  2.92256997  1.96443867  1.49346527
 -1.76756987 -2.39456228  1.19746244  0.66216953  1.62730898 -2.78672586
 -0.15886306  2.40034179 -1.0772361   1.26589034  1.38512117  0.74713712
 -0.97391041  1.23726755  0.78065568 -0.33351195  2.75091156 -2.13895796
  1.60953621 -0.56715112  0.9722656  -3.14627022 -2.17524505  0.2937762
 -1.1454212  -0.42786123  0.34353725 -0.06717573 -1.76540604 -0.23187677
 -0.68458381  2.8264297  -1.18119337 -1.1573904  -1.07522504  1.31021626
  1.61470731 -0.79890672  2.08567368 -1.80439724 -0.21251618 -0.85952913
 -3.01359382  3.01956063 -1.73113107  3.02499675 -1.36472487 -2.584941
  3.3394531  -1.09550017 -0.74155877 -2.92033793 -2.51640977  2.94271826
 -2.04499881 -1.70347718 -0.3382438   3.04192547  0.20010983  0.09315979
 -1.53783165 -0.23317491 -1.69976898 -3.04120785  2.83335477  1.1460932
 -0.32425689 -2.30756924  0.89105838 -1.26111083 -0.32379125 -2.21929868
 -1.91935149  1.8137285  -1.05976466  2.64901783 -0.53832489 -3.07759675
 -2.89801326  1.88913866 -3.0663547  -0.29555612 -0.9792594  -0.18061945
  2.47728041  1.80646249 -0.01489477 -2.24187501 -2.93369063  0.07840891
 -0.77873783  1.38101224 -2.54052645  0.93047443 -0.14474544  0.17185071
  1.94648583  0.61297662  0.70992859 -1.2471227   1.58818441  2.56164828
  1.27470174  0.31013099 -1.03751408  2.60346928  0.73475023 -2.1672185
  0.09796825  1.76717781  1.01613082 -0.61861476 -2.32149321  2.44759941
  2.00917578  1.66728064  2.30958945  1.76090706 -1.75516352 -2.82680078
  0.56166049  1.36868048 -2.35929453 -1.2998914   2.41463158  1.36499222
 -0.10859452 -1.76287991 -1.48044644  1.95251225  1.48577232 -0.84351793
 -0.08126998 -0.29500285 -0.24347306  2.44932102 -0.42301701 -0.63852861
  0.92546943 -2.34069024  0.96648524  2.59354432 -0.51796141  2.21833392
 -1.90346575 -0.99159232 -2.41023743 -2.2964857  -1.44373632 -2.93780924
  1.62329276  1.75190372  1.59202657  1.05295666  1.43453045 -2.33472676
 -2.65570684  1.7493689   1.03717776 -0.32979379 -2.58946763  1.63073409
 -1.17438947 -2.55408658 -0.02234727]
Thu Jun 13 20:16:07 2024,88,0.22259210629628123,[-2.89966371  2.39296989 -1.80541878  0.0893082   0.42342254 -3.01623745
  3.09581389  2.08080634  1.09772092 -1.02227025  0.47104763  1.20229455
  1.40392321 -1.85071604  0.78413764  2.94241607 -0.50298308 -0.44305876
 -2.00982428  0.67917439  1.61121393  2.84613767 -1.32110891 -0.37132112
 -2.24296088 -2.11091473  3.07650251  2.8293594  -0.73004903 -2.70109577
  1.53400626 -0.24585717 -2.48373705  1.97879542  1.08414654 -0.50529265
  1.09841562 -1.94736289 -0.12940463  2.28874046 -0.07176196  0.56501532
  2.48336043  0.67346438  2.66059683  2.77060514  2.80972322 -2.94599473
  0.37760191 -0.41567261  1.66943405  2.9210196  -0.3999921  -2.30639288
  2.67563623 -3.16637551  0.70642921 -0.6779239  -1.79933402  3.06213795
 -1.89370503 -1.65731766 -2.48206279  2.31863641 -2.16175166  2.01006142
  1.84914582  1.39998795  2.55194222  2.91601921  1.97098943  1.48691451
 -1.76101911 -2.40111304  1.2040132   0.65561877  1.63385974 -2.7801751
 -0.1523123   2.40689255 -1.08378686  1.2724411   1.39167193  0.75368788
 -0.98046117  1.23071679  0.77410492 -0.34006271  2.74436081 -2.1324072
  1.61608697 -0.57370188  0.96571484 -3.13971946 -2.1817958   0.30032696
 -1.15197196 -0.43441199  0.3369865  -0.07372649 -1.75885528 -0.23842753
 -0.69113457  2.83298046 -1.17464261 -1.15083964 -1.06867429  1.3036655
  1.62125807 -0.79235596  2.09222444 -1.810948   -0.21906693 -0.86607989
 -3.02014458  3.01300987 -1.72458032  3.01844599 -1.37127563 -2.57839024
  3.33290234 -1.08894941 -0.74810953 -2.91378717 -2.50985901  2.94926902
 -2.05154957 -1.69692642 -0.33169304  3.03537471  0.20666059  0.09971055
 -1.5443824  -0.22662415 -1.69321822 -3.04775861  2.83990553  1.15264396
 -0.31770613 -2.30101848  0.89760914 -1.25456007 -0.33034201 -2.22584944
 -1.92590225  1.82027926 -1.06631542  2.64246707 -0.53177413 -3.0841475
 -2.90456402  1.89568942 -3.05980394 -0.28900536 -0.97270864 -0.17406869
  2.48383117  1.79991173 -0.02144553 -2.23532425 -2.92713987  0.08495967
 -0.77218707  1.387563   -2.53397569  0.92392367 -0.13819468  0.17840147
  1.95303659  0.60642586  0.71647935 -1.24057194  1.59473517  2.55509752
  1.2812525   0.30358023 -1.03096332  2.59691852  0.74130099 -2.17376926
  0.0914175   1.76062705  1.00958006 -0.62516552 -2.31494245  2.45415017
  2.00262502  1.6738314   2.31614021  1.76745782 -1.76171427 -2.82025002
  0.56821125  1.36212973 -2.36584529 -1.29334064  2.42118234  1.35844146
 -0.10204376 -1.76943066 -1.47389568  1.95906301  1.49232308 -0.85006869
 -0.08782074 -0.30155361 -0.2369223   2.45587178 -0.41646625 -0.63197785
  0.91891867 -2.347241    0.973036    2.58699356 -0.51141065  2.21178316
 -1.9100165  -0.98504156 -2.41678819 -2.30303646 -1.43718556 -2.93125848
  1.62984352  1.74535296  1.59857733  1.0464059   1.42797969 -2.328176
 -2.64915608  1.74281814  1.04372852 -0.32324303 -2.58291688  1.62418333
 -1.16783871 -2.56063734 -0.02889803]
Thu Jun 13 20:16:23 2024,89,0.22251786571989726,[-2.89794823  2.39125441 -1.80713426  0.08759272  0.42170706 -3.01452198
  3.09752937  2.07909086  1.09600544 -1.02055477  0.47276311  1.20057907
  1.40220773 -1.84900056  0.78242216  2.94413155 -0.50469856 -0.44134328
 -2.0081088   0.68088987  1.61292941  2.84785315 -1.32282438 -0.36960564
 -2.24124541 -2.10919926  3.07821799  2.82764392 -0.72833355 -2.70281125
  1.53229079 -0.24757265 -2.48202157  1.9805109   1.08243106 -0.50357717
  1.1001311  -1.94907837 -0.13112011  2.29045594 -0.07004649  0.5667308
  2.48164496  0.6717489   2.65888136  2.77232062  2.80800774 -2.94427925
  0.37588643 -0.41738809  1.66771857  2.91930412 -0.39827662 -2.3046774
  2.67392075 -3.16809099  0.70814469 -0.67620842 -1.79761854  3.06385343
 -1.89198956 -1.65560218 -2.48377826  2.32035189 -2.16003619  2.0117769
  1.85086129  1.39827248  2.55365769  2.91773469  1.9727049   1.48519903
 -1.75930363 -2.40282851  1.20229773  0.65390329  1.63214426 -2.77845963
 -0.15402778  2.40517707 -1.08550234  1.27072562  1.38995645  0.7519724
 -0.97874569  1.22900132  0.7758204  -0.34177819  2.74607628 -2.13069172
  1.6143715  -0.57198641  0.96743032 -3.14143494 -2.18351128  0.30204243
 -1.15368744 -0.43269651  0.33870197 -0.07201101 -1.76057076 -0.23671206
 -0.68941909  2.83126499 -1.17635808 -1.15255512 -1.07038976  1.30195002
  1.61954259 -0.79064048  2.09393991 -1.80923253 -0.22078241 -0.86436441
 -3.01842911  3.01472534 -1.72629579  3.02016147 -1.37299111 -2.57667476
  3.33118686 -1.09066488 -0.749825   -2.9120717  -2.51157449  2.9509845
 -2.0498341  -1.6986419  -0.32997756  3.03709019  0.20494511  0.09799508
 -1.54266693 -0.22490868 -1.69150275 -3.04947408  2.84162101  1.15092848
 -0.31942161 -2.30273396  0.89932462 -1.25284459 -0.33205748 -2.22413397
 -1.92761773  1.81856378 -1.06459994  2.64418254 -0.53005866 -3.08243203
 -2.90627949  1.8974049  -3.06151942 -0.29072083 -0.97442412 -0.17235322
  2.48554665  1.80162721 -0.023161   -2.23360877 -2.92885535  0.08667515
 -0.7704716   1.38584752 -2.53226021  0.92563914 -0.13647921  0.17668599
  1.95475207  0.60471039  0.71476387 -1.24228742  1.59301969  2.556813
  1.28296798  0.30186476 -1.0326788   2.598634    0.74301646 -2.17205378
  0.09313297  1.75891158  1.01129553 -0.626881   -2.31322697  2.45586565
  2.00090954  1.67211592  2.31442473  1.76917329 -1.7599988  -2.81853454
  0.56649577  1.36041425 -2.36412982 -1.29505612  2.41946687  1.35672599
 -0.10032829 -1.76771519 -1.4721802   1.96077849  1.4906076  -0.84835322
 -0.08610526 -0.30326909 -0.23520682  2.45758726 -0.41475077 -0.63369333
  0.9172032  -2.34552553  0.97475148  2.58870904 -0.50969517  2.21006769
 -1.90830103 -0.98675704 -2.41850366 -2.30475194 -1.43890104 -2.92954301
  1.62812804  1.74706844  1.6002928   1.04812138  1.42626422 -2.32646052
 -2.65087155  1.74453361  1.04201304 -0.32152756 -2.58463235  1.62589881
 -1.16955418 -2.55892186 -0.02718255]
Thu Jun 13 20:16:38 2024,90,0.22193428608917945,[-2.90147316  2.39477934 -1.80360933  0.08406779  0.41818214 -3.0180469
  3.09400444  2.08261579  1.09953037 -1.01702985  0.47628804  1.204104
  1.40573266 -1.84547564  0.78594709  2.94060662 -0.50822348 -0.44486821
 -2.01163373  0.67736494  1.61645433  2.84432822 -1.31929946 -0.37313057
 -2.23772048 -2.11272418  3.08174291  2.83116885 -0.72480862 -2.69928632
  1.53581571 -0.25109758 -2.47849665  1.97698597  1.08595599 -0.50005225
  1.10365603 -1.95260329 -0.12759518  2.28693101 -0.06652156  0.57025573
  2.47812003  0.67527383  2.66240628  2.77584555  2.81153267 -2.94075433
  0.37941135 -0.41386316  1.66419365  2.91577919 -0.40180154 -2.30820233
  2.67039583 -3.16456606  0.71166961 -0.67973335 -1.79409362  3.0603285
 -1.89551448 -1.65912711 -2.48730319  2.31682696 -2.15651126  2.01530182
  1.84733637  1.4017974   2.55718262  2.91420977  1.97622983  1.4816741
 -1.76282856 -2.39930359  1.20582265  0.65037836  1.63566919 -2.78198455
 -0.1575527   2.408702   -1.08902726  1.26720069  1.38643153  0.74844747
 -0.98227062  1.22547639  0.77229547 -0.34530311  2.74255136 -2.1271668
  1.61084657 -0.57551133  0.97095524 -3.14495986 -2.17998636  0.29851751
 -1.15016251 -0.43622143  0.33517705 -0.06848609 -1.75704583 -0.23318713
 -0.68589417  2.83478991 -1.17988301 -1.15608004 -1.06686484  1.30547495
  1.62306752 -0.79416541  2.09746484 -1.81275745 -0.21725749 -0.86083949
 -3.02195403  3.01120042 -1.72982072  3.02368639 -1.36946618 -2.58019969
  3.33471179 -1.09418981 -0.74630008 -2.91559662 -2.51509941  2.94745957
 -2.04630917 -1.70216683 -0.32645264  3.04061511  0.20142019  0.09447015
 -1.539142   -0.22138375 -1.69502767 -3.04594916  2.84514594  1.1544534
 -0.32294653 -2.30625889  0.89579969 -1.24931966 -0.33558241 -2.22060904
 -1.93114266  1.81503886 -1.06107501  2.64065762 -0.52653373 -3.08595695
 -2.90980442  1.89387997 -3.05799449 -0.29424576 -0.97089919 -0.16882829
  2.48202173  1.80515214 -0.02668593 -2.2371337  -2.93238028  0.08315022
 -0.76694667  1.38937245 -2.52873529  0.92916407 -0.14000413  0.17316106
  1.95122714  0.60118546  0.7182888  -1.24581235  1.59654462  2.55328808
  1.27944305  0.29833983 -1.03620372  2.59510908  0.73949154 -2.16852886
  0.08960805  1.75538665  1.01482046 -0.62335607 -2.30970204  2.45234072
  1.99738461  1.668591    2.31794966  1.77269822 -1.76352372 -2.82205947
  0.5700207   1.35688932 -2.36765474 -1.29153119  2.41594194  1.35320106
 -0.09680336 -1.77124011 -1.46865528  1.95725356  1.49413253 -0.84482829
 -0.08963019 -0.30679401 -0.23873175  2.45406233 -0.4182757  -0.63721825
  0.92072812 -2.34905045  0.97122655  2.58518411 -0.5132201   2.20654276
 -1.9047761  -0.98323211 -2.42202859 -2.30122701 -1.43537611 -2.92601808
  1.63165297  1.74354351  1.60381773  1.04459645  1.42978914 -2.32998545
 -2.64734663  1.74100869  1.03848812 -0.32505248 -2.58110743  1.62942374
 -1.16602926 -2.55539693 -0.03070748]
Thu Jun 13 20:16:51 2024,91,0.21968976088903922,[-2.89329188  2.38659806 -1.81179061  0.07588652  0.41000086 -3.02622818
  3.10218572  2.09079706  1.10771164 -1.02521112  0.48446931  1.19592272
  1.41391393 -1.83729436  0.77776581  2.93242535 -0.50004221 -0.43668693
 -2.019815    0.68554621  1.62463561  2.8525095  -1.31111818 -0.38131184
 -2.24590176 -2.12090546  3.07356164  2.82298757 -0.71662735 -2.69110504
  1.52763444 -0.2429163  -2.47031537  1.96880469  1.09413726 -0.49187097
  1.09547475 -1.96078457 -0.11941391  2.27874974 -0.07470284  0.578437
  2.46993876  0.6834551   2.67058756  2.76766427  2.80335139 -2.93257305
  0.37123008 -0.40568189  1.67237492  2.90759792 -0.39362027 -2.3163836
  2.66221455 -3.17274734  0.70348834 -0.67155207 -1.78591234  3.05214723
 -1.90369576 -1.65094583 -2.47912191  2.30864569 -2.16469254  2.0234831
  1.83915509  1.39361613  2.56536389  2.90602849  1.96804855  1.47349283
 -1.75464728 -2.40748486  1.19764138  0.64219709  1.62748791 -2.77380328
 -0.14937143  2.41688328 -1.09720854  1.27538197  1.3946128   0.75662875
 -0.99045189  1.21729511  0.7641142  -0.35348439  2.75073263 -2.11898552
  1.60266529 -0.58369261  0.97913652 -3.13677859 -2.18816763  0.29033623
 -1.14198124 -0.42804016  0.32699577 -0.07666736 -1.74886456 -0.22500585
 -0.69407544  2.84297119 -1.18806429 -1.16426132 -1.07504611  1.31365623
  1.63124879 -0.80234668  2.10564611 -1.80457618 -0.22543876 -0.85265821
 -3.03013531  3.01938169 -1.72163944  3.01550512 -1.37764746 -2.57201841
  3.34289307 -1.08600853 -0.75448135 -2.90741535 -2.50691814  2.9392783
 -2.03812789 -1.7103481  -0.33463391  3.04879639  0.20960146  0.10265143
 -1.54732328 -0.22956503 -1.70320895 -3.03776788  2.85332721  1.16263468
 -0.31476526 -2.29807761  0.88761842 -1.24113839 -0.32740113 -2.21242777
 -1.93932393  1.82322013 -1.05289374  2.63247634 -0.53471501 -3.09413823
 -2.91798569  1.90206125 -3.06617577 -0.30242703 -0.96271792 -0.16064702
  2.47384045  1.81333341 -0.0348672  -2.22895242 -2.94056155  0.07496894
 -0.77512795  1.39755372 -2.53691656  0.9209828  -0.14818541  0.16497979
  1.95940841  0.60936674  0.72647008 -1.25399362  1.58836334  2.5451068
  1.27126178  0.3065211  -1.044385    2.5869278   0.73131026 -2.16034758
  0.08142677  1.74720538  1.00663918 -0.63153735 -2.30152077  2.460522
  1.98920334  1.67677227  2.32613093  1.7808795  -1.771705   -2.83024074
  0.57820197  1.3650706  -2.37583602 -1.28334992  2.42412322  1.36138234
 -0.08862209 -1.76305884 -1.460474    1.94907229  1.5023138  -0.83664702
 -0.08144891 -0.31497529 -0.23055047  2.44588106 -0.42645697 -0.62903698
  0.9289094  -2.34086918  0.97940783  2.57700284 -0.50503882  2.19836149
 -1.89659483 -0.99141339 -2.41384731 -2.29304574 -1.42719484 -2.91783681
  1.63983424  1.73536224  1.611999    1.03641517  1.42160787 -2.33816672
 -2.6555279   1.73282741  1.03030684 -0.33323376 -2.5892887   1.62124246
 -1.17421053 -2.54721566 -0.0225262 ]
Thu Jun 13 20:17:05 2024,92,0.21921451004711354,[-2.89768773  2.39099391 -1.80739476  0.08028237  0.40560501 -3.03062403
  3.10658157  2.08640121  1.10331579 -1.02081527  0.48886516  1.20031857
  1.40951808 -1.84169021  0.78216166  2.9368212  -0.49564636 -0.43229109
 -2.02421085  0.68115037  1.62023976  2.84811365 -1.31551403 -0.38570769
 -2.2502976  -2.1253013   3.06916579  2.82738342 -0.7210232  -2.69550089
  1.52323859 -0.23852045 -2.46591952  1.97320054  1.09853311 -0.49626682
  1.0910789  -1.96518042 -0.12380975  2.27435389 -0.07909868  0.57404115
  2.46554291  0.68785095  2.66619171  2.76326842  2.79895554 -2.92817721
  0.36683423 -0.40128604  1.66797908  2.91199377 -0.38922442 -2.31198775
  2.6666104  -3.16835149  0.70788418 -0.67594792 -1.79030819  3.04775138
 -1.90809161 -1.64654998 -2.48351776  2.31304153 -2.16908838  2.02787894
  1.83475924  1.39801198  2.56096805  2.91042434  1.9724444   1.46909698
 -1.75904313 -2.41188071  1.19324553  0.63780124  1.62309206 -2.76940743
 -0.14497558  2.42127912 -1.09281269  1.27098612  1.39021696  0.7522329
 -0.98605605  1.21289927  0.75971835 -0.35788024  2.75512848 -2.12338137
  1.60706114 -0.58808846  0.97474067 -3.14117444 -2.18377178  0.29473208
 -1.13758539 -0.43243601  0.32259992 -0.07227151 -1.74446871 -0.2294017
 -0.69847129  2.84736703 -1.18366844 -1.16865717 -1.07944196  1.30926038
  1.62685294 -0.79795083  2.10125027 -1.80897202 -0.22104291 -0.85705406
 -3.02573946  3.02377754 -1.72603529  3.01990097 -1.37325161 -2.57641426
  3.33849722 -1.08161269 -0.7588772  -2.9030195  -2.51131399  2.94367415
 -2.03373205 -1.71474395 -0.33902976  3.04440054  0.20520561  0.10704727
 -1.55171913 -0.23396088 -1.6988131  -3.03337203  2.84893136  1.15823883
 -0.31036941 -2.30247346  0.88322257 -1.23674254 -0.32300529 -2.20803192
 -1.94371978  1.82761598 -1.04849789  2.63687219 -0.53911085 -3.09853408
 -2.91358985  1.90645709 -3.07057162 -0.29803119 -0.95832207 -0.15625117
  2.4694446   1.80893756 -0.03926305 -2.22455657 -2.9449574   0.0705731
 -0.7707321   1.39315788 -2.53252072  0.91658695 -0.14378956  0.16937564
  1.96380426  0.60497089  0.73086592 -1.24959777  1.5839675   2.54950265
  1.27565763  0.31091695 -1.03998915  2.58253195  0.73570611 -2.16474343
  0.07703092  1.74280953  1.00224334 -0.6359332  -2.30591662  2.46491784
  1.98480749  1.67237643  2.32173508  1.77648365 -1.76730915 -2.8258449
  0.58259782  1.36946645 -2.38023187 -1.27895407  2.42851906  1.36577818
 -0.08422624 -1.75866299 -1.46486985  1.95346813  1.50670965 -0.83225117
 -0.08584476 -0.31057944 -0.22615462  2.44148521 -0.42206113 -0.62464113
  0.93330524 -2.33647333  0.98380368  2.58139868 -0.50064297  2.20275734
 -1.90099068 -0.99580923 -2.40945147 -2.28864989 -1.43159069 -2.91344096
  1.64423009  1.73096639  1.61639485  1.04081102  1.42600371 -2.33377088
 -2.65992375  1.72843156  1.03470269 -0.32883791 -2.59368455  1.61684661
 -1.17860638 -2.55161151 -0.01813035]
Thu Jun 13 20:17:19 2024,93,0.21883642655256538,[-2.90009657  2.38858508 -1.80980359  0.07787353  0.40801385 -3.02821519
  3.10417273  2.08399238  1.10090696 -1.02322411  0.48645632  1.2027274
  1.40710925 -1.84409904  0.7845705   2.93923003 -0.49323753 -0.43469992
 -2.02661968  0.67874153  1.62264859  2.85052248 -1.3131052  -0.38329885
 -2.24788877 -2.12771014  3.07157462  2.82979225 -0.71861436 -2.69790973
  1.52082976 -0.24092929 -2.46351069  1.97079171  1.10094194 -0.49867565
  1.09348774 -1.96758925 -0.12140092  2.27676272 -0.07668985  0.57163232
  2.46313407  0.69025979  2.66378288  2.76567726  2.80136438 -2.92576837
  0.3644254  -0.3988772   1.67038791  2.90958493 -0.39163326 -2.30957892
  2.66420157 -3.16594266  0.70547535 -0.67353909 -1.79271702  3.05016021
 -1.91050044 -1.64414115 -2.4859266   2.31545037 -2.17149722  2.02547011
  1.83235041  1.39560314  2.56337688  2.9080155   1.97485324  1.46668815
 -1.7566343  -2.40947188  1.19565436  0.64021007  1.6255009  -2.76699859
 -0.14256674  2.42368796 -1.09522152  1.27339495  1.39262579  0.74982407
 -0.98846488  1.2153081   0.76212718 -0.36028907  2.75271965 -2.12097254
  1.60946998 -0.58567962  0.97233184 -3.14358327 -2.18618062  0.29714091
 -1.13517656 -0.43002717  0.32500876 -0.06986268 -1.74687754 -0.22699287
 -0.70088012  2.8449582  -1.18607727 -1.171066   -1.07703313  1.31166921
  1.62444411 -0.80035967  2.09884143 -1.80656319 -0.21863408 -0.85946289
 -3.02814829  3.02618637 -1.72362646  3.01749213 -1.37566044 -2.57882309
  3.34090605 -1.08402152 -0.76128603 -2.90542833 -2.50890515  2.94608298
 -2.03614088 -1.71715278 -0.33662093  3.04680937  0.20761445  0.10463844
 -1.55412796 -0.23155204 -1.69640427 -3.03578087  2.84652253  1.16064766
 -0.30796057 -2.30488229  0.88081374 -1.23915138 -0.32059645 -2.21044075
 -1.94131095  1.82520714 -1.05090672  2.63928102 -0.54151969 -3.10094291
 -2.91118101  1.90404826 -3.06816278 -0.30044002 -0.9607309  -0.15384233
  2.46703577  1.8113464  -0.04167189 -2.22214774 -2.94736623  0.07298193
 -0.76832327  1.39556671 -2.53011188  0.91899578 -0.14619839  0.1669668
  1.9662131   0.60737972  0.72845709 -1.24718894  1.58637633  2.54709381
  1.27324879  0.30850812 -1.04239798  2.58012312  0.73811494 -2.16715226
  0.07462209  1.74040069  0.9998345  -0.63834203 -2.30832545  2.46732668
  1.98721632  1.66996759  2.32414392  1.77889248 -1.76490032 -2.82825373
  0.58018899  1.36705761 -2.37782303 -1.2813629   2.4309279   1.36336935
 -0.08181741 -1.76107182 -1.46727868  1.95587697  1.50911849 -0.83466
 -0.0882536  -0.30817061 -0.22856346  2.44389404 -0.41965229 -0.62704996
  0.93089641 -2.3340645   0.98621251  2.58380752 -0.49823414  2.2003485
 -1.89858184 -0.99821807 -2.4118603  -2.29105872 -1.43399952 -2.91584979
  1.64663892  1.72855756  1.61880369  1.03840219  1.42359488 -2.33136204
 -2.66233258  1.72602273  1.03711152 -0.33124674 -2.59127572  1.61443778
 -1.18101521 -2.55402034 -0.01572152]
Thu Jun 13 20:17:32 2024,94,0.21883968675167945,[-2.90036714  2.38885565 -1.80953302  0.07760296  0.40828442 -3.02794462
  3.10390216  2.08372181  1.10117753 -1.02295353  0.4867269   1.20299798
  1.40737982 -1.84436962  0.78429992  2.93895946 -0.4935081  -0.43442935
 -2.02689026  0.67847096  1.62291917  2.85025191 -1.31283462 -0.38302828
 -2.2476182  -2.12798071  3.0718452   2.82952168 -0.71834379 -2.6981803
  1.52055918 -0.24065871 -2.46324012  1.97106228  1.10067137 -0.49894623
  1.09321716 -1.96785982 -0.12167149  2.27649215 -0.07696042  0.57190289
  2.46340465  0.68998921  2.6635123   2.76540668  2.80163495 -2.92603895
  0.36415482 -0.39914778  1.67065848  2.90985551 -0.39190383 -2.30930835
  2.66447214 -3.16621323  0.70574592 -0.67380966 -1.7929876   3.05043079
 -1.91022987 -1.64441172 -2.48565602  2.31517979 -2.17122664  2.02519954
  1.83207984  1.39587372  2.56310631  2.90774493  1.97512381  1.46641757
 -1.75690487 -2.40974245  1.19592494  0.6399395   1.62577147 -2.76726917
 -0.14229617  2.42395853 -1.09495095  1.27366553  1.39289636  0.75009464
 -0.98873545  1.21557867  0.76239775 -0.3600185   2.75299022 -2.12070196
  1.60974055 -0.5859502   0.97260241 -3.14385384 -2.18591004  0.29687034
 -1.13544713 -0.4297566   0.32527933 -0.06959211 -1.74660697 -0.2267223
 -0.7011507   2.84522877 -1.1858067  -1.17133657 -1.0773037   1.31193978
  1.62417354 -0.80008909  2.09857086 -1.80629262 -0.21836351 -0.85919232
 -3.02787772  3.02645695 -1.72335588  3.01722156 -1.37593102 -2.57855252
  3.34117662 -1.08429209 -0.76155661 -2.90569891 -2.50917573  2.94581241
 -2.03587031 -1.71742336 -0.3368915   3.04707995  0.20788502  0.10490901
 -1.55439853 -0.23128147 -1.69667484 -3.03605144  2.8467931   1.16091824
 -0.30769    -2.30461172  0.88108431 -1.23942195 -0.32032588 -2.21071132
 -1.94104037  1.82547772 -1.05063615  2.63901045 -0.54124911 -3.10067234
 -2.91091044  1.90431883 -3.06789221 -0.30016945 -0.96046033 -0.15411291
  2.4667652   1.81161697 -0.04194246 -2.22241831 -2.94709566  0.07271136
 -0.76859384  1.39583728 -2.53038246  0.91872521 -0.14592782  0.16669623
  1.96648367  0.60710915  0.72818652 -1.24745951  1.58610576  2.54682324
  1.27297822  0.30877869 -1.04266856  2.58039369  0.73838552 -2.16688169
  0.07489266  1.74067127  0.99956393 -0.6386126  -2.30805488  2.46759725
  1.98694575  1.67023817  2.32441449  1.77916305 -1.76462974 -2.82798316
  0.57991841  1.36732819 -2.37809361 -1.28163348  2.43119847  1.36309878
 -0.08154683 -1.7613424  -1.46700811  1.95614754  1.50884791 -0.83493058
 -0.08798302 -0.30844118 -0.22829288  2.44416462 -0.41992287 -0.62732054
  0.93116698 -2.33379392  0.98648308  2.58407809 -0.49796357  2.20007793
 -1.89831127 -0.99848864 -2.41158973 -2.29078815 -1.43372895 -2.91612036
  1.64636835  1.72882813  1.61907426  1.03867276  1.42332431 -2.33163262
 -2.66206201  1.7262933   1.0373821  -0.33151732 -2.59154629  1.61416721
 -1.18128579 -2.55374977 -0.01599209]
Thu Jun 13 20:17:47 2024,95,0.21819773636141065,[-2.89543985  2.39378294 -1.81446031  0.07267567  0.40335713 -3.03287191
  3.09897487  2.07879452  1.09625025 -1.02788082  0.49165419  1.19807069
  1.40245254 -1.83944233  0.78922721  2.94388675 -0.48858081 -0.43935663
 -2.02196297  0.68339825  1.61799188  2.8551792  -1.30790734 -0.37810099
 -2.25254549 -2.12305342  3.06691791  2.83444897 -0.72327108 -2.70310759
  1.52548647 -0.23573143 -2.45831283  1.966135    1.09574408 -0.49401894
  1.08828988 -1.96293254 -0.12659878  2.28141944 -0.07203314  0.56697561
  2.46833194  0.6949165   2.65858502  2.77033397  2.80656224 -2.92111166
  0.35922754 -0.39422049  1.67558577  2.90492822 -0.38697654 -2.31423563
  2.65954485 -3.17114052  0.71067321 -0.67873695 -1.79791488  3.0455035
 -1.91515715 -1.63948443 -2.49058331  2.31025251 -2.17615393  2.02027225
  1.82715255  1.400801    2.56803359  2.91267222  1.9800511   1.47134486
 -1.76183216 -2.40481516  1.19099765  0.63501221  1.62084418 -2.76234188
 -0.13736888  2.41903124 -1.09987824  1.26873824  1.38796908  0.74516735
 -0.98380817  1.22050596  0.75747047 -0.35509121  2.74806293 -2.11577468
  1.60481326 -0.59087748  0.9775297  -3.14878113 -2.18098276  0.30179763
 -1.14037442 -0.43468389  0.33020662 -0.06466482 -1.75153426 -0.23164958
 -0.69622341  2.85015606 -1.19073399 -1.17626386 -1.08223099  1.3070125
  1.62910082 -0.80501638  2.09364357 -1.80136533 -0.21343622 -0.85426503
 -3.02295043  3.02152966 -1.7184286   3.02214885 -1.3808583  -2.57362523
  3.33624934 -1.07936481 -0.75662932 -2.91062619 -2.50424844  2.95073969
 -2.04079759 -1.71249607 -0.33196421  3.05200723  0.21281231  0.09998173
 -1.55932582 -0.22635418 -1.70160213 -3.03112415  2.85172039  1.16584553
 -0.30276271 -2.30953901  0.87615702 -1.23449466 -0.31539859 -2.21563861
 -1.93611308  1.83040501 -1.05556344  2.63408316 -0.53632183 -3.10559962
 -2.91583773  1.90924612 -3.06296492 -0.30509673 -0.95553304 -0.14918562
  2.46183791  1.80668968 -0.04686975 -2.21749103 -2.94216837  0.06778407
 -0.77352113  1.40076457 -2.52545517  0.91379792 -0.14100053  0.17162352
  1.96155638  0.60218186  0.72325923 -1.24253222  1.58117847  2.55175053
  1.27790551  0.3038514  -1.03774127  2.58532098  0.73345823 -2.1619544
  0.06996538  1.73574398  1.00449122 -0.64353989 -2.30312759  2.47252454
  1.99187304  1.66531088  2.3194872   1.77423577 -1.76955703 -2.82305587
  0.5848457   1.3624009  -2.38302089 -1.27670619  2.42627118  1.36802606
 -0.08647412 -1.75641511 -1.4719354   1.96107483  1.50392063 -0.83000329
 -0.08305574 -0.31336847 -0.23322017  2.4490919  -0.41499558 -0.62239325
  0.93609427 -2.32886663  0.9815558   2.58900538 -0.50289085  2.19515064
 -1.89338398 -1.00341593 -2.40666244 -2.28586086 -1.42880166 -2.91119308
  1.64144106  1.73375542  1.62400155  1.04360005  1.41839702 -2.32670533
 -2.6669893   1.73122059  1.04230939 -0.33644461 -2.586619    1.61909449
 -1.18621308 -2.54882248 -0.01106481]
Thu Jun 13 20:18:00 2024,96,0.21684014751011754,[-2.90198292  2.38723987 -1.82100338  0.0661326   0.40990021 -3.03941498
  3.0924318   2.07225145  1.10279332 -1.03442389  0.48511111  1.19152762
  1.39590947 -1.8459854   0.79577028  2.95042982 -0.48203774 -0.43281356
 -2.02850604  0.68994132  1.62453495  2.86172227 -1.31445041 -0.38464407
 -2.25908856 -2.1295965   3.07346098  2.8279059  -0.72981415 -2.69656452
  1.53202954 -0.22918835 -2.45176976  1.95959192  1.10228715 -0.50056201
  1.09483295 -1.96947561 -0.13314185  2.28796251 -0.06549007  0.57351868
  2.46178886  0.68837343  2.65204194  2.7637909   2.80001917 -2.91456859
  0.35268447 -0.38767742  1.6690427   2.91147129 -0.38043347 -2.30769256
  2.66608792 -3.17768359  0.71721628 -0.68528002 -1.79137181  3.05204657
 -1.92170023 -1.63294136 -2.49712638  2.31679558 -2.16961086  2.01372918
  1.82060948  1.40734408  2.57457667  2.91921529  1.97350803  1.46480179
 -1.76837523 -2.39827209  1.18445458  0.62846914  1.62738725 -2.76888495
 -0.13082581  2.41248817 -1.10642131  1.27528131  1.381426    0.73862428
 -0.97726509  1.21396289  0.7509274  -0.36163428  2.754606   -2.12231775
  1.59827019 -0.58433441  0.98407277 -3.1553242  -2.18752583  0.29525456
 -1.14691749 -0.44122696  0.32366355 -0.05812175 -1.75807733 -0.22510651
 -0.70276648  2.84361299 -1.19727706 -1.16972079 -1.08877406  1.30046943
  1.62255775 -0.79847331  2.10018664 -1.8079084  -0.20689315 -0.86080811
 -3.0294935   3.02807273 -1.72497167  3.01560577 -1.38740137 -2.56708216
  3.34279241 -1.07282173 -0.75008625 -2.90408312 -2.51079151  2.95728276
 -2.04734066 -1.705953   -0.33850728  3.04546416  0.21935538  0.09343865
 -1.55278275 -0.21981111 -1.69505905 -3.03766722  2.85826346  1.1723886
 -0.29621964 -2.30299594  0.86961395 -1.22795159 -0.32194166 -2.22218168
 -1.94265616  1.83694808 -1.04902037  2.64062624 -0.5428649  -3.1121427
 -2.9223808   1.90270305 -3.06950799 -0.3116398  -0.94898997 -0.14264255
  2.45529484  1.80014661 -0.04032668 -2.21094796 -2.9356253   0.07432714
 -0.76697806  1.40730764 -2.53199824  0.90725485 -0.1475436   0.17816659
  1.96809945  0.60872493  0.71671616 -1.23598915  1.58772154  2.5582936
  1.28444858  0.29730833 -1.0311982   2.59186405  0.7400013  -2.16849747
  0.07650845  1.72920091  1.01103429 -0.63699682 -2.29658452  2.46598147
  1.99841611  1.65876781  2.31294413  1.7676927  -1.7761001  -2.82959894
  0.59138877  1.36894397 -2.38956396 -1.28324926  2.43281425  1.37456914
 -0.09301719 -1.74987204 -1.46539233  1.9676179   1.49737755 -0.83654636
 -0.08959881 -0.3068254  -0.2266771   2.44254883 -0.42153865 -0.61585018
  0.94263734 -2.32232356  0.98809887  2.58246231 -0.49634778  2.20169371
 -1.89992705 -0.99687286 -2.41320551 -2.29240393 -1.43534473 -2.90465001
  1.63489799  1.74029849  1.61745847  1.03705698  1.41185395 -2.32016226
 -2.66044623  1.72467752  1.03576631 -0.34298768 -2.59316207  1.61255142
 -1.19275615 -2.55536555 -0.01760788]
Thu Jun 13 20:18:39 2024,97,0.21558584290847138,[-2.90804638  2.38117641 -1.81493992  0.06006914  0.40383675 -3.04547844
  3.08636834  2.07831491  1.10885678 -1.02836043  0.49117457  1.19759108
  1.38984601 -1.85204886  0.80183374  2.94436636 -0.47597428 -0.43887702
 -2.02244258  0.69600478  1.61847149  2.85565881 -1.32051387 -0.37858061
 -2.2530251  -2.13565995  3.06739752  2.83396936 -0.72375069 -2.70262797
  1.538093   -0.23525181 -2.4457063   1.95352847  1.10835061 -0.50662547
  1.10089641 -1.97553907 -0.13920531  2.28189905 -0.05942661  0.57958214
  2.45572541  0.68230997  2.64597849  2.75772744  2.79395571 -2.92063205
  0.35874792 -0.39374088  1.67510616  2.91753475 -0.37437001 -2.31375602
  2.66002447 -3.18374705  0.71115282 -0.67921656 -1.78530835  3.04598311
 -1.92776368 -1.63900482 -2.49106292  2.31073212 -2.1635474   2.01979264
  1.81454602  1.41340753  2.58064012  2.92527875  1.96744457  1.45873833
 -1.77443869 -2.39220863  1.17839112  0.62240568  1.63345071 -2.76282149
 -0.13688927  2.40642471 -1.10035785  1.26921785  1.37536255  0.73256082
 -0.98332855  1.20789943  0.74486394 -0.35557082  2.76066946 -2.12838121
  1.59220673 -0.59039787  0.97800931 -3.16138766 -2.19358929  0.2891911
 -1.14085403 -0.44729042  0.31760009 -0.06418521 -1.76414079 -0.21904305
 -0.69670302  2.84967645 -1.1912136  -1.16365733 -1.09483752  1.29440597
  1.61649429 -0.79240985  2.09412318 -1.81397186 -0.20082969 -0.86687156
 -3.03555696  3.02200927 -1.73103513  3.00954232 -1.39346483 -2.5610187
  3.34885587 -1.07888519 -0.74402279 -2.91014658 -2.50472805  2.95121931
 -2.04127721 -1.71201646 -0.34457074  3.0394007   0.21329192  0.09950211
 -1.55884621 -0.21374765 -1.6889956  -3.03160377  2.86432692  1.17845206
 -0.3022831  -2.29693248  0.87567741 -1.22188813 -0.3158782  -2.22824514
 -1.9365927   1.83088462 -1.04295691  2.63456278 -0.54892836 -3.11820615
 -2.91631734  1.90876651 -3.07557145 -0.31770326 -0.95505343 -0.13657909
  2.4613583   1.79408315 -0.04639013 -2.21701141 -2.92956184  0.06826368
 -0.7609146   1.40124418 -2.5380617   0.90119139 -0.14148014  0.17210313
  1.96203599  0.60266147  0.7106527  -1.2299257   1.593785    2.56435706
  1.29051204  0.29124488 -1.03726166  2.59792751  0.74606476 -2.16243402
  0.07044499  1.73526437  1.00497083 -0.64306028 -2.30264798  2.45991801
  1.99235265  1.66483127  2.31900759  1.76162924 -1.78216356 -2.8356624
  0.59745223  1.37500743 -2.39562742 -1.28931272  2.43887771  1.36850568
 -0.08695373 -1.7559355  -1.45932887  1.96155444  1.50344101 -0.8304829
 -0.09566226 -0.30076194 -0.23274056  2.43648537 -0.41547519 -0.62191364
  0.93657388 -2.3162601   0.98203541  2.57639885 -0.50241124  2.20775717
 -1.90599051 -0.9908094  -2.40714205 -2.28634048 -1.44140819 -2.89858655
  1.64096145  1.73423503  1.61139502  1.04312044  1.40579049 -2.3140988
 -2.66650968  1.73074098  1.02970286 -0.34905113 -2.59922553  1.60648797
 -1.1988196  -2.56142901 -0.01154442]
Thu Jun 13 20:18:53 2024,98,0.2145620257066731,[-2.91426914  2.38739917 -1.80871716  0.05384638  0.39761399 -3.0517012
  3.08014558  2.08453767  1.10263402 -1.0345832   0.48495181  1.20381384
  1.38362325 -1.85827162  0.79561098  2.9381436  -0.46975152 -0.43265426
 -2.01621982  0.70222754  1.62469425  2.86188157 -1.31429111 -0.37235785
 -2.25924786 -2.12943719  3.07362028  2.84019212 -0.71752793 -2.69640521
  1.53187024 -0.22902905 -2.45192906  1.94730571  1.11457337 -0.50040271
  1.09467365 -1.96931631 -0.14542807  2.28812181 -0.05320385  0.57335937
  2.44950264  0.68853273  2.63975573  2.75150468  2.78773295 -2.91440928
  0.35252516 -0.39996364  1.6688834   2.92375751 -0.38059277 -2.31997878
  2.66624723 -3.18996981  0.70493006 -0.68543932 -1.77908559  3.03976035
 -1.92154092 -1.63278206 -2.49728568  2.31695488 -2.15732464  2.01356988
  1.80832326  1.41963029  2.58686288  2.91905599  1.97366733  1.45251557
 -1.78066145 -2.38598587  1.18461388  0.61618292  1.63967347 -2.76904425
 -0.13066651  2.40020195 -1.10658061  1.27544061  1.38158531  0.73878359
 -0.97710579  1.21412219  0.7510867  -0.34934806  2.7544467  -2.13460397
  1.58598397 -0.58417511  0.97178655 -3.16761042 -2.19981205  0.28296834
 -1.13463127 -0.45351318  0.32382285 -0.07040797 -1.75791802 -0.21282029
 -0.70292578  2.85589921 -1.19743636 -1.16988009 -1.08861476  1.30062873
  1.62271705 -0.79863261  2.10034594 -1.82019462 -0.20705245 -0.87309432
 -3.04177972  3.01578651 -1.73725789  3.00331956 -1.39968759 -2.56724146
  3.35507863 -1.08510795 -0.73780003 -2.91636934 -2.51095081  2.94499655
 -2.03505445 -1.7057937  -0.33834798  3.03317794  0.20706916  0.10572487
 -1.56506897 -0.20752489 -1.68277284 -3.02538101  2.87054968  1.18467482
 -0.29606034 -2.29070972  0.86945465 -1.21566537 -0.30965544 -2.22202238
 -1.94281546  1.83710738 -1.03673415  2.62834002 -0.5427056  -3.12442891
 -2.91009458  1.91498927 -3.08179421 -0.3114805  -0.96127619 -0.14280185
  2.45513553  1.78786039 -0.0526129  -2.21078865 -2.9357846   0.07448644
 -0.76713736  1.39502142 -2.53183894  0.90741415 -0.13525738  0.17832589
  1.95581323  0.60888423  0.70442994 -1.22370293  1.60000776  2.57057982
  1.2967348   0.29746764 -1.0310389   2.60415027  0.75228752 -2.16865678
  0.07666775  1.72904161  1.01119359 -0.63683752 -2.30887074  2.45369525
  1.98612989  1.67105403  2.32523035  1.75540648 -1.78838632 -2.82943964
  0.59122947  1.38123019 -2.40185018 -1.29553548  2.44510047  1.36228292
 -0.08073097 -1.74971274 -1.45310611  1.9677772   1.50966377 -0.83670566
 -0.0894395  -0.3069847  -0.2265178   2.43026261 -0.40925243 -0.6281364
  0.93035112 -2.31003734  0.98825817  2.57017609 -0.508634    2.20153441
 -1.89976775 -0.98458664 -2.40091929 -2.28011771 -1.44763095 -2.89236379
  1.63473869  1.72801227  1.61761778  1.0493432   1.41201325 -2.30787604
 -2.66028692  1.72451822  1.03592562 -0.3552739  -2.60544829  1.61271073
 -1.20504237 -2.55520625 -0.00532166]
Thu Jun 13 20:19:14 2024,99,0.21358683357881927,[-2.91875563e+00  2.38291268e+00 -1.80423067e+00  5.83328684e-02
  3.93127499e-01 -3.05618769e+00  3.08463207e+00  2.08005118e+00
  1.09814753e+00 -1.03009671e+00  4.89438299e-01  1.20830033e+00
  1.37913676e+00 -1.85378513e+00  7.91124491e-01  2.93365711e+00
 -4.65265035e-01 -4.37140748e-01 -2.01173333e+00  6.97741050e-01
  1.62020777e+00  2.86636806e+00 -1.31877759e+00 -3.67871359e-01
 -2.25476137e+00 -2.13392368e+00  3.07810677e+00  2.83570563e+00
 -7.13041441e-01 -2.69191873e+00  1.53635673e+00 -2.33515540e-01
 -2.45641555e+00  1.95179219e+00  1.11008689e+00 -4.95916221e-01
  1.09916013e+00 -1.96482982e+00 -1.49914559e-01  2.28363532e+00
 -4.87173585e-02  5.68872887e-01  2.45398913e+00  6.93019218e-01
  2.64424221e+00  2.75599117e+00  2.78324646e+00 -2.90992280e+00
  3.48038676e-01 -4.04450126e-01  1.67336988e+00  2.92824400e+00
 -3.85079260e-01 -2.32446527e+00  2.67073371e+00 -3.19445629e+00
  7.09416552e-01 -6.80952833e-01 -1.78357208e+00  3.03527386e+00
 -1.92602741e+00 -1.62829557e+00 -2.50177217e+00  2.32144137e+00
 -2.16181113e+00  2.01805636e+00  1.80383677e+00  1.41514381e+00
  2.58237640e+00  2.92354248e+00  1.97815382e+00  1.44802908e+00
 -1.77617496e+00 -2.38149938e+00  1.18012739e+00  6.11696435e-01
  1.64415996e+00 -2.77353074e+00 -1.26180023e-01  2.39571547e+00
 -1.11106710e+00  1.27992710e+00  1.37709882e+00  7.34297098e-01
 -9.81592279e-01  1.20963571e+00  7.55573186e-01 -3.44861575e-01
  2.74996021e+00 -2.13909045e+00  1.59047046e+00 -5.88661597e-01
  9.76273036e-01 -3.17209691e+00 -2.20429853e+00  2.87454825e-01
 -1.13911776e+00 -4.49026691e-01  3.28309336e-01 -7.48944537e-02
 -1.76240451e+00 -2.17306780e-01 -7.07412269e-01  2.85141272e+00
 -1.20192285e+00 -1.17436658e+00 -1.09310124e+00  1.29614224e+00
  1.62720354e+00 -8.03119099e-01  2.09585946e+00 -1.81570813e+00
 -2.02565962e-01 -8.68607837e-01 -3.03729323e+00  3.02027300e+00
 -1.74174437e+00  3.00780604e+00 -1.40417408e+00 -2.56275498e+00
  3.35059214e+00 -1.08062147e+00 -7.42286516e-01 -2.91188286e+00
 -2.50646433e+00  2.94051006e+00 -2.03056796e+00 -1.70130721e+00
 -3.42834470e-01  3.02869146e+00  2.02582672e-01  1.01238387e-01
 -1.56058248e+00 -2.03038403e-01 -1.67828635e+00 -3.02089452e+00
  2.86606319e+00  1.18916130e+00 -2.91573853e-01 -2.29519620e+00
  8.64968164e-01 -1.21117888e+00 -3.14141931e-01 -2.21753589e+00
 -1.93832897e+00  1.84159387e+00 -1.04122063e+00  2.63282650e+00
 -5.38219108e-01 -3.11994243e+00 -2.90560809e+00  1.91050278e+00
 -3.08628070e+00 -3.06994014e-01 -9.56789702e-01 -1.38315365e-01
  2.45962202e+00  1.78337390e+00 -5.70993828e-02 -2.20630217e+00
 -2.93129812e+00  7.89729303e-02 -7.71623845e-01  1.39053493e+00
 -2.52735245e+00  9.02927664e-01 -1.39743871e-01  1.73839404e-01
  1.95132675e+00  6.13370722e-01  6.99943451e-01 -1.22818942e+00
  1.59552127e+00  2.57506631e+00  1.30122129e+00  2.92981149e-01
 -1.03552538e+00  2.60863676e+00  7.47801032e-01 -2.17314326e+00
  7.21812619e-02  1.72455512e+00  1.01568008e+00 -6.41324005e-01
 -2.30438425e+00  2.44920876e+00  1.98164340e+00  1.66656754e+00
  2.32074386e+00  1.75091999e+00 -1.78389983e+00 -2.83392612e+00
  5.95715958e-01  1.37674370e+00 -2.40633667e+00 -1.29104899e+00
  2.44061399e+00  1.35779643e+00 -7.62444840e-02 -1.75419922e+00
 -1.44861962e+00  1.97226369e+00  1.50517729e+00 -8.41192149e-01
 -9.39259915e-02 -3.11471187e-01 -2.22031309e-01  2.42577613e+00
 -4.13738919e-01 -6.32622886e-01  9.25864637e-01 -2.31452383e+00
  9.92744657e-01  2.57466258e+00 -5.13120488e-01  2.20602090e+00
 -1.89528126e+00 -9.80100150e-01 -2.39643280e+00 -2.27563123e+00
 -1.45211744e+00 -2.89685027e+00  1.63922518e+00  1.73249876e+00
  1.62210426e+00  1.04485671e+00  1.40752676e+00 -2.31236253e+00
 -2.65580044e+00  1.72900471e+00  1.03143913e+00 -3.50787408e-01
 -2.60096180e+00  1.61719721e+00 -1.20952885e+00 -2.55071976e+00
 -8.35169549e-04]
Thu Jun 13 20:19:29 2024,100,0.21363718069135543,[-2.91925589e+00  2.38341294e+00 -1.80473093e+00  5.78326113e-02
  3.93627756e-01 -3.05668794e+00  3.08513233e+00  2.07955092e+00
  1.09764727e+00 -1.02959645e+00  4.89938556e-01  1.20880058e+00
  1.37863650e+00 -1.85428539e+00  7.90624234e-01  2.93315685e+00
 -4.64764778e-01 -4.36640491e-01 -2.01123308e+00  6.97240793e-01
  1.61970751e+00  2.86586780e+00 -1.31927785e+00 -3.67371102e-01
 -2.25526163e+00 -2.13342342e+00  3.07760651e+00  2.83520537e+00
 -7.12541184e-01 -2.69241898e+00  1.53585647e+00 -2.33015283e-01
 -2.45591529e+00  1.95229245e+00  1.10958663e+00 -4.95415964e-01
  1.09865988e+00 -1.96533008e+00 -1.49414302e-01  2.28413558e+00
 -4.82171014e-02  5.69373144e-01  2.45348888e+00  6.92518961e-01
  2.64474247e+00  2.75649142e+00  2.78274620e+00 -2.91042305e+00
  3.48538933e-01 -4.04950383e-01  1.67387014e+00  2.92774374e+00
 -3.85579517e-01 -2.32496553e+00  2.67023346e+00 -3.19495655e+00
  7.09916809e-01 -6.80452576e-01 -1.78307182e+00  3.03577412e+00
 -1.92652767e+00 -1.62779532e+00 -2.50227243e+00  2.32094111e+00
 -2.16131087e+00  2.01755611e+00  1.80433703e+00  1.41464355e+00
  2.58187614e+00  2.92404273e+00  1.97865407e+00  1.44752883e+00
 -1.77667522e+00 -2.38199964e+00  1.17962713e+00  6.12196692e-01
  1.64365970e+00 -2.77403100e+00 -1.26680280e-01  2.39621572e+00
 -1.11056684e+00  1.28042736e+00  1.37759908e+00  7.33796841e-01
 -9.82092536e-01  1.21013596e+00  7.55072929e-01 -3.44361318e-01
  2.75046047e+00 -2.13959071e+00  1.59097072e+00 -5.88161340e-01
  9.76773293e-01 -3.17159665e+00 -2.20479879e+00  2.86954567e-01
 -1.13861750e+00 -4.48526434e-01  3.28809593e-01 -7.53947108e-02
 -1.76290477e+00 -2.16806523e-01 -7.07912526e-01  2.85191298e+00
 -1.20142259e+00 -1.17386632e+00 -1.09260099e+00  1.29664250e+00
  1.62770380e+00 -8.02618842e-01  2.09535920e+00 -1.81520788e+00
 -2.02065705e-01 -8.69108094e-01 -3.03779349e+00  3.01977274e+00
 -1.74124412e+00  3.00830630e+00 -1.40367382e+00 -2.56225472e+00
  3.35009188e+00 -1.08012121e+00 -7.42786773e-01 -2.91238311e+00
 -2.50596407e+00  2.94000980e+00 -2.03106822e+00 -1.70080695e+00
 -3.42334212e-01  3.02819120e+00  2.03082929e-01  1.00738130e-01
 -1.56108274e+00 -2.02538146e-01 -1.67878661e+00 -3.02039426e+00
  2.86656345e+00  1.18966156e+00 -2.92074110e-01 -2.29569646e+00
  8.65468421e-01 -1.21167914e+00 -3.13641673e-01 -2.21703564e+00
 -1.93882923e+00  1.84109361e+00 -1.04172089e+00  2.63332676e+00
 -5.37718851e-01 -3.12044268e+00 -2.90510783e+00  1.91000252e+00
 -3.08578044e+00 -3.07494271e-01 -9.56289445e-01 -1.38815622e-01
  2.46012228e+00  1.78287365e+00 -5.65991257e-02 -2.20680242e+00
 -2.93079786e+00  7.84726732e-02 -7.72124102e-01  1.39103519e+00
 -2.52685219e+00  9.02427407e-01 -1.40244128e-01  1.73339147e-01
  1.95182700e+00  6.12870465e-01  6.99443194e-01 -1.22868968e+00
  1.59602153e+00  2.57456605e+00  1.30072103e+00  2.93481406e-01
 -1.03502513e+00  2.60813650e+00  7.47300775e-01 -2.17364352e+00
  7.16810048e-02  1.72505538e+00  1.01618033e+00 -6.40823747e-01
 -2.30488451e+00  2.44870850e+00  1.98214366e+00  1.66706780e+00
  2.32024361e+00  1.75041973e+00 -1.78440009e+00 -2.83342587e+00
  5.96216215e-01  1.37724396e+00 -2.40583641e+00 -1.29054873e+00
  2.44011373e+00  1.35829669e+00 -7.67447411e-02 -1.75469948e+00
 -1.44811936e+00  1.97176343e+00  1.50467703e+00 -8.40691892e-01
 -9.44262485e-02 -3.11971444e-01 -2.22531566e-01  2.42627638e+00
 -4.14239176e-01 -6.33123143e-01  9.25364380e-01 -2.31502409e+00
  9.92244400e-01  2.57516283e+00 -5.12620231e-01  2.20552064e+00
 -1.89578152e+00 -9.80600407e-01 -2.39593255e+00 -2.27513097e+00
 -1.45161718e+00 -2.89635002e+00  1.63872492e+00  1.73299902e+00
  1.62160401e+00  1.04435645e+00  1.40802702e+00 -2.31186227e+00
 -2.65530018e+00  1.72850445e+00  1.03093887e+00 -3.51287665e-01
 -2.60146206e+00  1.61669696e+00 -1.20902860e+00 -2.55021950e+00
 -1.33542661e-03]
Thu Jun 13 20:19:42 2024,101,0.21198251004374832,[-2.92545127  2.37721755 -1.79853554  0.064028    0.39982314 -3.05049256
  3.07893694  2.08574631  1.09145188 -1.02340106  0.49613394  1.21499597
  1.37244112 -1.84809     0.78442885  2.93935224 -0.45856939 -0.44283588
 -2.00503769  0.70343618  1.61351212  2.85967241 -1.32547324 -0.36117571
 -2.26145701 -2.12722804  3.07141113  2.82900998 -0.71873657 -2.69861437
  1.54205186 -0.2268199  -2.46211068  1.94609706  1.10339124 -0.50161135
  1.09246449 -1.95913469 -0.14321892  2.27794019 -0.05441249  0.56317776
  2.44729349  0.69871435  2.63854708  2.75029604  2.77655082 -2.90422767
  0.34234355 -0.41114577  1.66767475  2.93393913 -0.3917749  -2.33116091
  2.66403807 -3.20115194  0.7161122  -0.67425719 -1.77687644  3.04196951
 -1.93272305 -1.62159993 -2.50846781  2.3271365  -2.15511549  2.01136072
  1.79814164  1.40844816  2.58807153  2.93023812  1.98484946  1.45372421
 -1.77047983 -2.37580426  1.18582252  0.61839208  1.63746432 -2.78022639
 -0.13287567  2.40241111 -1.11676223  1.27423197  1.37140369  0.72760145
 -0.97589715  1.20394058  0.76126832 -0.33816593  2.74426508 -2.13339532
  1.58477533 -0.59435673  0.98296868 -3.17779204 -2.21099418  0.29314995
 -1.13242211 -0.44233105  0.32261421 -0.06919932 -1.76910016 -0.22300191
 -0.70171714  2.85810837 -1.1952272  -1.18006171 -1.09879637  1.30283788
  1.63389918 -0.79642346  2.10155459 -1.80901249 -0.20826109 -0.86291271
 -3.0315981   3.02596813 -1.7474395   3.01450169 -1.39747844 -2.56845011
  3.35628727 -1.07392582 -0.73659139 -2.9185785  -2.51215946  2.93381441
 -2.02487283 -1.69461156 -0.3485296   3.03438659  0.19688754  0.10693352
 -1.55488735 -0.19634276 -1.68498199 -3.01419887  2.86036806  1.18346617
 -0.2982695  -2.30189185  0.87166381 -1.20548375 -0.31983706 -2.22323102
 -1.93263384  1.83489822 -1.04791628  2.63952215 -0.53152346 -3.12663807
 -2.91130322  1.90380714 -3.07958506 -0.31368966 -0.95009406 -0.13262024
  2.45392689  1.78906903 -0.06279451 -2.21299781 -2.92460247  0.08466806
 -0.77831949  1.39723058 -2.52065681  0.90862279 -0.14643952  0.17953453
  1.94563162  0.60667508  0.69324781 -1.22249429  1.60221692  2.56837066
  1.29452564  0.29967679 -1.02882974  2.60194111  0.75349616 -2.16744813
  0.07787639  1.73125076  1.02237572 -0.63462836 -2.29868912  2.45490389
  1.98833905  1.67326318  2.31404822  1.75661512 -1.7782047  -2.82723048
  0.59002083  1.37104857 -2.4120318  -1.28435335  2.43391834  1.36449207
 -0.07054935 -1.7485041  -1.45431475  1.97795882  1.51087242 -0.83449651
 -0.08823086 -0.30577606 -0.22872695  2.420081   -0.42043456 -0.62692776
  0.93155977 -2.3088287   0.98604901  2.58135822 -0.51881562  2.19932525
 -1.90197691 -0.97440502 -2.38973716 -2.26893558 -1.44542179 -2.89015463
  1.64492031  1.72680363  1.62779939  1.03816107  1.41422241 -2.31805766
 -2.66149557  1.72230906  1.03713426 -0.34509228 -2.59526667  1.61050157
 -1.20283321 -2.54402412  0.00485996]
Thu Jun 13 20:19:56 2024,102,0.21148280835437397,[-2.92955988e+00  2.38132616e+00 -1.80264415e+00  6.81366041e-02
  4.03931748e-01 -3.04638395e+00  3.08304555e+00  2.08985491e+00
  1.08734328e+00 -1.02750967e+00  4.92025337e-01  1.21088736e+00
  1.36833251e+00 -1.84398140e+00  7.80320241e-01  2.93524363e+00
 -4.62677997e-01 -4.46944484e-01 -2.00914630e+00  7.07544786e-01
  1.60940352e+00  2.85556381e+00 -1.32958184e+00 -3.65284321e-01
 -2.25734841e+00 -2.13133664e+00  3.06730252e+00  2.82490138e+00
 -7.22845177e-01 -2.69450576e+00  1.53794325e+00 -2.22711290e-01
 -2.45800207e+00  1.94198846e+00  1.09928264e+00 -5.05719957e-01
  1.09657310e+00 -1.95502608e+00 -1.39110309e-01  2.28204880e+00
 -5.85210942e-02  5.59069152e-01  2.44318488e+00  7.02822954e-01
  2.64265569e+00  2.74618743e+00  2.77244221e+00 -2.90011906e+00
  3.38234941e-01 -4.15254376e-01  1.67178336e+00  2.92983052e+00
 -3.87666298e-01 -2.33526952e+00  2.65992946e+00 -3.19704333e+00
  7.12003589e-01 -6.78365796e-01 -1.78098504e+00  3.04607811e+00
 -1.93683166e+00 -1.62570854e+00 -2.51257642e+00  2.33124510e+00
 -2.15100688e+00  2.00725211e+00  1.80225025e+00  1.41255677e+00
  2.58396292e+00  2.93434672e+00  1.98074085e+00  1.44961561e+00
 -1.77458844e+00 -2.37169565e+00  1.18993113e+00  6.22500685e-01
  1.64157292e+00 -2.78433499e+00 -1.28767061e-01  2.40651971e+00
 -1.11265362e+00  1.27834058e+00  1.36729508e+00  7.31710061e-01
 -9.71788544e-01  1.20804918e+00  7.65376922e-01 -3.34057325e-01
  2.74837369e+00 -2.12928672e+00  1.58888394e+00 -5.98465333e-01
  9.87077286e-01 -3.18190064e+00 -2.21510278e+00  2.97258560e-01
 -1.12831351e+00 -4.46439653e-01  3.26722813e-01 -6.50907180e-02
 -1.77320876e+00 -2.18893304e-01 -6.97608533e-01  2.86221697e+00
 -1.19111860e+00 -1.17595310e+00 -1.10290498e+00  1.30694649e+00
  1.63800779e+00 -7.92314849e-01  2.10566319e+00 -1.80490388e+00
 -2.04152486e-01 -8.67021314e-01 -3.03570671e+00  3.02185952e+00
 -1.75154811e+00  3.01861029e+00 -1.39336983e+00 -2.57255871e+00
  3.35217866e+00 -1.06981722e+00 -7.32482781e-01 -2.91446989e+00
 -2.50805085e+00  2.93792302e+00 -2.02076422e+00 -1.69872017e+00
 -3.52638205e-01  3.03027798e+00  2.00996149e-01  1.02824910e-01
 -1.55899596e+00 -2.00451366e-01 -1.68087339e+00 -3.01009027e+00
  2.86447667e+00  1.18757478e+00 -3.02378103e-01 -2.30600045e+00
  8.75772413e-01 -1.20959236e+00 -3.23945666e-01 -2.22733963e+00
 -1.93674245e+00  1.83078962e+00 -1.05202488e+00  2.63541354e+00
 -5.35632070e-01 -3.13074668e+00 -2.91541183e+00  1.90791574e+00
 -3.07547645e+00 -3.09581052e-01 -9.54202664e-01 -1.36728842e-01
  2.45803550e+00  1.79317764e+00 -5.86859061e-02 -2.20888920e+00
 -2.92871108e+00  8.05594537e-02 -7.82428095e-01  1.40133918e+00
 -2.51654820e+00  9.12731400e-01 -1.50548121e-01  1.83643139e-01
  1.94974022e+00  6.02566472e-01  6.89139201e-01 -1.21838569e+00
  1.59810831e+00  2.56426206e+00  1.29863425e+00  3.03785398e-01
 -1.02472113e+00  2.60604972e+00  7.57604767e-01 -2.16333953e+00
  8.19849976e-02  1.73535937e+00  1.01826711e+00 -6.30519755e-01
 -2.30279773e+00  2.45079528e+00  1.99244765e+00  1.67737179e+00
  2.30993962e+00  1.75250651e+00 -1.78231331e+00 -2.82312187e+00
  5.94129434e-01  1.37515718e+00 -2.40792319e+00 -1.28846195e+00
  2.43802695e+00  1.36038347e+00 -6.64407483e-02 -1.75261270e+00
 -1.45842336e+00  1.97385021e+00  1.50676381e+00 -8.30387899e-01
 -9.23394681e-02 -3.01667451e-01 -2.32835559e-01  2.41597239e+00
 -4.16325956e-01 -6.22819150e-01  9.27451160e-01 -2.31293731e+00
  9.81940407e-01  2.58546683e+00 -5.22924224e-01  2.19521665e+00
 -1.89786830e+00 -9.70296414e-01 -2.39384577e+00 -2.27304419e+00
 -1.44953040e+00 -2.88604602e+00  1.64081170e+00  1.73091223e+00
  1.62369079e+00  1.03405246e+00  1.41833101e+00 -2.31394905e+00
 -2.65738696e+00  1.72641767e+00  1.03302565e+00 -3.49200885e-01
 -2.59115807e+00  1.61461018e+00 -1.19872460e+00 -2.53991551e+00
  7.51353818e-04]
Thu Jun 13 20:20:13 2024,103,0.20982835135760994,[-2.92164275  2.37340903 -1.81056128  0.07605373  0.41184888 -3.05430108
  3.09096268  2.08193779  1.09526041 -1.0354268   0.48410821  1.21880449
  1.37624964 -1.85189852  0.77240311  2.9273265  -0.45476087 -0.45486161
 -2.00122917  0.71546191  1.61732064  2.86348094 -1.33749897 -0.35736719
 -2.26526554 -2.12341951  3.07521965  2.83281851 -0.71492805 -2.68658863
  1.53002612 -0.23062842 -2.4659192   1.93407133  1.10719976 -0.51363709
  1.08865597 -1.96294321 -0.14702744  2.27413167 -0.06643822  0.56698628
  2.45110201  0.69490583  2.63473856  2.75410456  2.76452508 -2.89220193
  0.34615207 -0.40733725  1.66386623  2.93774765 -0.37974917 -2.34318665
  2.65201233 -3.20496046  0.70408646 -0.68628292 -1.77306791  3.03816099
 -1.94474879 -1.63362567 -2.52049355  2.33916223 -2.14308975  2.01516924
  1.81016738  1.40463964  2.59188005  2.94226385  1.98865798  1.44169848
 -1.78250556 -2.37961278  1.19784826  0.63041781  1.64949005 -2.79225212
 -0.12084993  2.39860259 -1.12057075  1.27042345  1.37521221  0.72379293
 -0.97970567  1.21596631  0.77329405 -0.3261402   2.75629082 -2.12136959
  1.58096681 -0.60638246  0.99499441 -3.17398351 -2.22301991  0.30517569
 -1.13623064 -0.45435678  0.33463994 -0.07300785 -1.78112589 -0.21097617
 -0.6896914   2.85429984 -1.19903573 -1.16803597 -1.09498785  1.31486362
  1.64592492 -0.80023198  2.09774606 -1.79698675 -0.19623536 -0.85910418
 -3.04362384  3.01394239 -1.74363098  3.01069316 -1.3854527  -2.58047584
  3.36009579 -1.06190009 -0.74039991 -2.92238702 -2.51596798  2.93000589
 -2.02868135 -1.7066373  -0.34472108  3.02236085  0.20891328  0.09490778
 -1.56691309 -0.19253424 -1.67295626 -3.0180074   2.8723938   1.17965765
 -0.29446097 -2.29808332  0.86785528 -1.20167523 -0.3318628  -2.23525676
 -1.94465958  1.82287249 -1.05994201  2.64333067 -0.52771494 -3.13866381
 -2.92332895  1.91583287 -3.06755932 -0.30166392 -0.96211979 -0.12881171
  2.46595263  1.80109477 -0.05076878 -2.20097207 -2.92079395  0.08847658
 -0.79034522  1.40925631 -2.52446533  0.92064853 -0.14263099  0.17572601
  1.94182309  0.59464934  0.69705633 -1.21046856  1.59019118  2.55634493
  1.30655138  0.31170253 -1.016804    2.61396685  0.7655219  -2.17125666
  0.07406787  1.72744224  1.01034999 -0.63843688 -2.2948806   2.44287816
  2.00036478  1.66945466  2.30202249  1.74458938 -1.79023044 -2.831039
  0.58621231  1.38307431 -2.41584032 -1.29637908  2.43010982  1.3683006
 -0.07435788 -1.76052983 -1.46634049  1.98176734  1.51468094 -0.82247077
 -0.08442234 -0.30958458 -0.22491843  2.42388952 -0.42424308 -0.61490202
  0.93536829 -2.30502018  0.98985754  2.59338395 -0.5150071   2.20313378
 -1.88995117 -0.96237929 -2.4017629  -2.28096132 -1.45744753 -2.89396315
  1.63289457  1.73882936  1.61577366  1.04196959  1.41041389 -2.32186618
 -2.64946983  1.71850054  1.02510852 -0.35711801 -2.58324094  1.6225273
 -1.19080747 -2.54783264  0.00866848]
Thu Jun 13 20:20:26 2024,104,0.2085364410190873,[-2.9116672   2.36343348 -1.80058573  0.08602929  0.40187332 -3.06427663
  3.08098712  2.07196223  1.10523596 -1.04540235  0.49408376  1.22878004
  1.36627409 -1.86187408  0.78237866  2.93730206 -0.46473642 -0.44488606
 -1.99125361  0.70548636  1.60734509  2.85350538 -1.32752342 -0.36734274
 -2.25528999 -2.11344396  3.0851952   2.84279406 -0.7049525  -2.69656419
  1.54000167 -0.24060397 -2.45594365  1.94404688  1.09722421 -0.52361264
  1.09863152 -1.97291876 -0.15700299  2.26415612 -0.05646267  0.55701073
  2.44112646  0.68493027  2.64471411  2.74412901  2.75454953 -2.90217749
  0.33617652 -0.39736169  1.65389068  2.9277721  -0.38972472 -2.3332111
  2.66198789 -3.21493601  0.71406201 -0.69625848 -1.78304347  3.02818543
 -1.95472434 -1.62365011 -2.510518    2.32918668 -2.1331142   2.00519369
  1.80019182  1.41461519  2.6018556   2.9322883   1.97868243  1.45167403
 -1.77253001 -2.36963723  1.1878727   0.64039337  1.6395145  -2.78227657
 -0.13082548  2.40857814 -1.1105952   1.2604479   1.36523666  0.73376848
 -0.98968122  1.20599076  0.7832696  -0.33611575  2.74631527 -2.11139404
  1.59094236 -0.61635801  0.98501886 -3.16400796 -2.21304436  0.31515124
 -1.12625508 -0.44438123  0.32466439 -0.06303229 -1.79110144 -0.20100062
 -0.67971585  2.8642754  -1.18906017 -1.15806042 -1.1049634   1.30488807
  1.65590047 -0.81020753  2.10772162 -1.7870112  -0.20621091 -0.84912863
 -3.03364829  3.02391795 -1.73365543  3.02066872 -1.37547715 -2.59045139
  3.35012024 -1.07187564 -0.75037546 -2.91241147 -2.50599243  2.92003034
 -2.0386569  -1.69666175 -0.35469663  3.0123853   0.19893773  0.08493223
 -1.57688864 -0.18255868 -1.6629807  -3.02798295  2.86241825  1.1896332
 -0.28448542 -2.28810777  0.87783084 -1.19169968 -0.32188724 -2.22528121
 -1.93468402  1.83284804 -1.04996646  2.63335512 -0.51773939 -3.12868825
 -2.9133534   1.90585732 -3.05758377 -0.29168837 -0.97209535 -0.13878727
  2.45597707  1.81107032 -0.06074433 -2.21094763 -2.9108184   0.09845213
 -0.78036967  1.39928076 -2.53444088  0.93062408 -0.15260654  0.18570156
  1.95179865  0.58467379  0.70703188 -1.22044411  1.58021563  2.54636938
  1.29657582  0.30172697 -1.00682845  2.6039913   0.77549745 -2.1612811
  0.06409232  1.73741779  1.00037443 -0.62846133 -2.30485615  2.4329026
  2.01034033  1.67943021  2.31199804  1.75456494 -1.80020599 -2.84101456
  0.59618786  1.39304986 -2.42581587 -1.28640353  2.44008537  1.35832504
 -0.08433343 -1.75055428 -1.47631604  1.99174289  1.52465649 -0.83244632
 -0.09439789 -0.31956013 -0.21494288  2.41391397 -0.43421864 -0.60492647
  0.92539274 -2.29504463  0.99983309  2.60335951 -0.52498265  2.19315822
 -1.87997562 -0.95240373 -2.39178734 -2.29093687 -1.44747198 -2.8839876
  1.62291902  1.72885381  1.60579811  1.05194514  1.42038944 -2.33184173
 -2.63949428  1.70852499  1.01513297 -0.36709357 -2.57326539  1.61255175
 -1.20078303 -2.53785709  0.01864403]
Thu Jun 13 20:20:40 2024,105,0.20444515845157243,[-2.92237279  2.35272788 -1.78988013  0.09673488  0.41257892 -3.05357104
  3.09169272  2.06125664  1.09453036 -1.05610795  0.50478936  1.23948564
  1.37697968 -1.85116848  0.79308426  2.94800765 -0.45403083 -0.45559166
 -1.98054802  0.71619196  1.61805069  2.84279979 -1.31681782 -0.35663715
 -2.24458439 -2.10273837  3.07448961  2.83208846 -0.6942469  -2.70726978
  1.55070727 -0.22989838 -2.44523805  1.95475248  1.10792981 -0.53431823
  1.10933711 -1.98362436 -0.1462974   2.25345052 -0.06716827  0.54630513
  2.43042086  0.67422468  2.65541971  2.7548346   2.74384393 -2.91288308
  0.34688211 -0.3866561   1.64318508  2.93847769 -0.40043032 -2.3225055
  2.65128229 -3.20423042  0.70335642 -0.70696407 -1.77233787  3.03889103
 -1.94401875 -1.63435571 -2.52122359  2.33989228 -2.1224086   2.01589929
  1.78948623  1.4039096   2.59115001  2.92158271  1.96797683  1.46237963
 -1.76182442 -2.38034282  1.17716711  0.65109896  1.6288089  -2.77157097
 -0.14153108  2.39787254 -1.12130079  1.27115349  1.35453106  0.72306289
 -0.97897563  1.19528516  0.7939752  -0.32541015  2.75702086 -2.12209963
  1.60164795 -0.60565242  0.97431327 -3.17471356 -2.22374996  0.30444565
 -1.13696068 -0.43367563  0.31395879 -0.0523267  -1.80180704 -0.19029503
 -0.66901026  2.87498099 -1.17835458 -1.16876602 -1.09425781  1.31559366
  1.66660607 -0.79950193  2.09701602 -1.77630561 -0.19550531 -0.83842304
 -3.04435388  3.03462354 -1.72294983  3.00996312 -1.36477155 -2.5797458
  3.36082584 -1.08258123 -0.73966987 -2.90170587 -2.51669802  2.93073594
 -2.0493625  -1.68595615 -0.36540222  3.02309089  0.18823213  0.09563782
 -1.58759423 -0.19326428 -1.65227511 -3.01727735  2.87312384  1.17892761
 -0.29519102 -2.29881337  0.88853643 -1.18099408 -0.33259284 -2.21457561
 -1.94538962  1.82214245 -1.06067206  2.62264952 -0.50703379 -3.13939385
 -2.90264781  1.89515172 -3.04687817 -0.30239397 -0.96138975 -0.12808167
  2.46668267  1.82177592 -0.07144993 -2.20024203 -2.9001128   0.08774654
 -0.79107527  1.40998636 -2.52373529  0.94132968 -0.16331214  0.17499597
  1.96250424  0.59537939  0.71773748 -1.2311497   1.59092122  2.53566378
  1.28587023  0.29102138 -1.01753405  2.5932857   0.78620304 -2.15057551
  0.05338672  1.7267122   1.01108003 -0.61775574 -2.29415056  2.4436082
  2.02104593  1.66872462  2.30129244  1.76527053 -1.7895004  -2.85172015
  0.58548226  1.38234426 -2.41511028 -1.29710913  2.45079097  1.34761945
 -0.07362783 -1.76125987 -1.48702163  2.00244849  1.5139509  -0.84315192
 -0.0836923  -0.33026573 -0.20423728  2.40320837 -0.42351304 -0.61563206
  0.93609833 -2.28433903  0.98912749  2.6140651  -0.51427705  2.18245263
 -1.86927002 -0.96310933 -2.40249294 -2.28023128 -1.43676638 -2.87328201
  1.61221342  1.73955941  1.6165037   1.04123955  1.40968384 -2.32113613
 -2.62878868  1.69781939  1.00442738 -0.35638797 -2.58397098  1.60184616
 -1.21148862 -2.52715149  0.00793844]
Thu Jun 13 20:21:03 2024,106,0.20445111671321556,[-2.92413084  2.35448592 -1.78812209  0.09849292  0.41082088 -3.05181299
  3.08993468  2.0594986   1.09277232 -1.05434991  0.5065474   1.24124368
  1.37873772 -1.84941044  0.7948423   2.94976569 -0.45227278 -0.4573497
 -1.97878998  0.71443392  1.61980873  2.84104175 -1.31857587 -0.35839519
 -2.24282635 -2.10098033  3.07273157  2.83384651 -0.69248886 -2.70551174
  1.54894923 -0.23165642 -2.44348001  1.95651052  1.10968785 -0.53256019
  1.10757907 -1.9853824  -0.14453935  2.25520856 -0.06892631  0.54454709
  2.4321789   0.67598272  2.65366167  2.75659264  2.74208589 -2.91464112
  0.34864015 -0.38841414  1.64142704  2.94023573 -0.40218836 -2.32426354
  2.65304033 -3.20598846  0.70159838 -0.70872211 -1.77057983  3.03713299
 -1.94577679 -1.63611375 -2.52298163  2.34165032 -2.12416664  2.01765733
  1.79124427  1.40215156  2.58939196  2.92334075  1.96973488  1.46062158
 -1.76006638 -2.37858478  1.17892515  0.652857    1.63056694 -2.76981293
 -0.13977304  2.39963058 -1.12305883  1.27291153  1.35277302  0.72130485
 -0.98073367  1.1970432   0.79573324 -0.32716819  2.7587789  -2.12385767
  1.603406   -0.60389438  0.97255523 -3.17295552 -2.225508    0.30620369
 -1.13520264 -0.43543368  0.31571684 -0.05408474 -1.800049   -0.19205307
 -0.6707683   2.87322295 -1.18011262 -1.17052406 -1.09249976  1.3173517
  1.66836411 -0.79774389  2.09877406 -1.77806365 -0.19374727 -0.836665
 -3.04259584  3.03638158 -1.72470787  3.00820508 -1.36301351 -2.57798776
  3.36258388 -1.08433928 -0.74142791 -2.90346391 -2.51493998  2.93249398
 -2.05112054 -1.68771419 -0.36716027  3.02133285  0.18647409  0.09387978
 -1.58583619 -0.19502232 -1.65051707 -3.01551931  2.87488188  1.17716957
 -0.29694906 -2.29705533  0.89029447 -1.17923604 -0.3308348  -2.21281757
 -1.94714766  1.82390049 -1.05891402  2.62440756 -0.50879184 -3.14115189
 -2.90088977  1.89339368 -3.04863621 -0.30415201 -0.96314779 -0.12632363
  2.46844071  1.82001787 -0.07320797 -2.20200007 -2.90187084  0.0859885
 -0.79283331  1.4117444  -2.52197724  0.93957164 -0.16507018  0.17675401
  1.9607462   0.59362134  0.71597944 -1.22939166  1.59267926  2.53742182
  1.28411219  0.28926334 -1.01929209  2.59152766  0.78796109 -2.15233355
  0.05162868  1.72847024  1.00932199 -0.61951378 -2.2959086   2.44536624
  2.01928789  1.67048266  2.30305048  1.76702857 -1.78774235 -2.84996211
  0.58372422  1.3841023  -2.41335224 -1.29886717  2.45254901  1.34586141
 -0.07186979 -1.76301791 -1.48877967  2.00069045  1.51570894 -0.84490996
 -0.08193425 -0.32850769 -0.20247924  2.40145033 -0.42527108 -0.61739011
  0.93434029 -2.28609707  0.99088553  2.61230706 -0.51251901  2.18421067
 -1.86751198 -0.96486737 -2.4007349  -2.28198932 -1.43500834 -2.87504005
  1.61397147  1.73780137  1.61474566  1.03948151  1.4079258  -2.31937809
 -2.63054672  1.69957743  1.00618542 -0.35814601 -2.58221294  1.60008812
 -1.21324666 -2.52890953  0.0061804 ]
Thu Jun 13 20:21:21 2024,107,0.2031756125711816,[-2.93102179e+00  2.34759497e+00 -1.78123113e+00  9.16019646e-02
  4.17711836e-01 -3.04492204e+00  3.08304372e+00  2.06638955e+00
  1.08588137e+00 -1.04745895e+00  4.99656440e-01  1.23435272e+00
  1.37184676e+00 -1.84251948e+00  7.87951344e-01  2.95665665e+00
 -4.59163742e-01 -4.64240655e-01 -1.97189902e+00  7.07542959e-01
  1.62669969e+00  2.84793271e+00 -1.32546682e+00 -3.51504233e-01
 -2.24971731e+00 -2.09408937e+00  3.07962252e+00  2.82695555e+00
 -6.85597902e-01 -2.69862078e+00  1.55584019e+00 -2.38547375e-01
 -2.43658905e+00  1.94961956e+00  1.11657881e+00 -5.39451150e-01
  1.10068812e+00 -1.99227336e+00 -1.51430311e-01  2.24831761e+00
 -6.20353501e-02  5.37656133e-01  2.42528795e+00  6.82873677e-01
  2.64677071e+00  2.74970169e+00  2.74897685e+00 -2.90775016e+00
  3.55531112e-01 -3.81523183e-01  1.64831800e+00  2.94712669e+00
 -3.95297401e-01 -2.31737258e+00  2.64614938e+00 -3.19909750e+00
  6.94707418e-01 -7.01831156e-01 -1.76368887e+00  3.04402394e+00
 -1.95266775e+00 -1.62922279e+00 -2.51609068e+00  2.34854127e+00
 -2.13105760e+00  2.01076637e+00  1.78435331e+00  1.40904251e+00
  2.58250101e+00  2.93023170e+00  1.96284392e+00  1.46751254e+00
 -1.75317542e+00 -2.37169382e+00  1.18581611e+00  6.45966046e-01
  1.63745790e+00 -2.76292197e+00 -1.32882081e-01  2.39273963e+00
 -1.12994979e+00  1.26602058e+00  1.34588207e+00  7.28195805e-01
 -9.73842713e-01  1.19015225e+00  7.88842282e-01 -3.20277237e-01
  2.76566986e+00 -2.11696672e+00  1.59651504e+00 -6.10785335e-01
  9.65664268e-01 -3.16606456e+00 -2.23239895e+00  3.13094645e-01
 -1.12831168e+00 -4.42324633e-01  3.08825878e-01 -4.71937828e-02
 -1.80693995e+00 -1.98944026e-01 -6.63877341e-01  2.88011391e+00
 -1.17322166e+00 -1.17741502e+00 -1.08560881e+00  1.31046075e+00
  1.67525507e+00 -7.90852936e-01  2.10566502e+00 -1.77117269e+00
 -1.86856315e-01 -8.29774038e-01 -3.03570488e+00  3.02949063e+00
 -1.73159883e+00  3.00131412e+00 -1.36990447e+00 -2.58487871e+00
  3.35569292e+00 -1.09123023e+00 -7.48318865e-01 -2.91035487e+00
 -2.50804902e+00  2.92560302e+00 -2.05801150e+00 -1.69460515e+00
 -3.74051223e-01  3.01444189e+00  1.93365046e-01  8.69888253e-02
 -1.57894523e+00 -1.88131364e-01 -1.65740803e+00 -3.02241027e+00
  2.88177284e+00  1.18406052e+00 -2.90058101e-01 -2.30394628e+00
  8.97185431e-01 -1.17234508e+00 -3.37725754e-01 -2.20592661e+00
 -1.95403862e+00  1.83079144e+00 -1.06580497e+00  2.61751661e+00
 -5.01900878e-01 -3.14804285e+00 -2.90778072e+00  1.88650273e+00
 -3.05552717e+00 -2.97261050e-01 -9.56256834e-01 -1.19432671e-01
  2.46154975e+00  1.81312692e+00 -6.63170091e-02 -2.19510912e+00
 -2.90876180e+00  7.90975402e-02 -7.99724266e-01  1.40485344e+00
 -2.52886820e+00  9.46462593e-01 -1.71961139e-01  1.69863051e-01
  1.96763716e+00  5.86730387e-01  7.09088479e-01 -1.23628262e+00
  1.59957022e+00  2.54431278e+00  1.29100315e+00  2.96154295e-01
 -1.02618305e+00  2.58463670e+00  7.81070128e-01 -2.14544259e+00
  5.85196371e-02  1.73536120e+00  1.01621295e+00 -6.12622820e-01
 -2.30279955e+00  2.45225720e+00  2.02617885e+00  1.67737362e+00
  2.29615953e+00  1.76013762e+00 -1.79463331e+00 -2.84307115e+00
  5.90615179e-01  1.37721135e+00 -2.42024320e+00 -1.30575812e+00
  2.45943997e+00  1.35275236e+00 -6.49788348e-02 -1.75612696e+00
 -1.49567063e+00  1.99379949e+00  1.52259989e+00 -8.51800917e-01
 -8.88252123e-02 -3.21616728e-01 -1.95588283e-01  2.40834129e+00
 -4.32162041e-01 -6.24281064e-01  9.27449333e-01 -2.29298803e+00
  9.97776492e-01  2.61919802e+00 -5.05628053e-01  2.17731971e+00
 -1.86062102e+00 -9.71758328e-01 -2.40762585e+00 -2.28888027e+00
 -1.44189930e+00 -2.88193100e+00  1.62086242e+00  1.73091041e+00
  1.60785470e+00  1.04637246e+00  1.41481676e+00 -2.31248714e+00
 -2.62365577e+00  1.70646839e+00  9.99294460e-01 -3.51255054e-01
 -2.58910390e+00  1.59319716e+00 -1.22013762e+00 -2.52201858e+00
 -7.10559642e-04]
Thu Jun 13 20:21:36 2024,108,0.20311711217615622,[-2.93247547e+00  2.34614129e+00 -1.77977746e+00  9.30556390e-02
  4.19165511e-01 -3.04346836e+00  3.08159005e+00  2.06784323e+00
  1.08442769e+00 -1.04891262e+00  5.01110114e-01  1.23580640e+00
  1.37039309e+00 -1.84106581e+00  7.89405018e-01  2.95811033e+00
 -4.60617416e-01 -4.65694329e-01 -1.97044535e+00  7.06089284e-01
  1.62815336e+00  2.84938638e+00 -1.32692050e+00 -3.50050559e-01
 -2.25117098e+00 -2.09263569e+00  3.08107620e+00  2.82550187e+00
 -6.84144227e-01 -2.69716711e+00  1.55729386e+00 -2.40001049e-01
 -2.43513538e+00  1.94816589e+00  1.11803248e+00 -5.37997475e-01
  1.09923444e+00 -1.99081968e+00 -1.49976637e-01  2.24977128e+00
 -6.34890244e-02  5.39109808e-01  2.42383427e+00  6.81420002e-01
  2.64822438e+00  2.74824801e+00  2.74752317e+00 -2.90920384e+00
  3.56984786e-01 -3.82976857e-01  1.64686433e+00  2.94567302e+00
 -3.96751075e-01 -2.31591891e+00  2.64469570e+00 -3.19764383e+00
  6.93253744e-01 -7.03284830e-01 -1.76514255e+00  3.04257027e+00
 -1.95121407e+00 -1.63067647e+00 -2.51754435e+00  2.34999495e+00
 -2.12960393e+00  2.00931270e+00  1.78580699e+00  1.40758884e+00
  2.58104733e+00  2.93168538e+00  1.96139024e+00  1.46896622e+00
 -1.75172174e+00 -2.37024015e+00  1.18726978e+00  6.47419720e-01
  1.63600423e+00 -2.76146830e+00 -1.34335755e-01  2.39128595e+00
 -1.12849612e+00  1.26456690e+00  1.34442839e+00  7.29649479e-01
 -9.75296387e-01  1.19160592e+00  7.90295957e-01 -3.21730911e-01
  2.76421619e+00 -2.11551304e+00  1.59506136e+00 -6.09331660e-01
  9.64210593e-01 -3.16751823e+00 -2.23385263e+00  3.11640971e-01
 -1.12685801e+00 -4.40870959e-01  3.07372203e-01 -4.57401084e-02
 -1.80839363e+00 -2.00397700e-01 -6.65331015e-01  2.88156758e+00
 -1.17176799e+00 -1.17596134e+00 -1.08415513e+00  1.30900707e+00
  1.67670874e+00 -7.89399261e-01  2.10421135e+00 -1.76971902e+00
 -1.88309989e-01 -8.28320364e-01 -3.03425121e+00  3.03094430e+00
 -1.73305251e+00  2.99986045e+00 -1.36845080e+00 -2.58633239e+00
  3.35714659e+00 -1.09268391e+00 -7.49772540e-01 -2.91180855e+00
 -2.50659535e+00  2.92414934e+00 -2.05655782e+00 -1.69315148e+00
 -3.75504898e-01  3.01589557e+00  1.94818720e-01  8.55351510e-02
 -1.58039891e+00 -1.86677690e-01 -1.65886170e+00 -3.02386394e+00
  2.88322651e+00  1.18260685e+00 -2.91511775e-01 -2.30539996e+00
  8.95731757e-01 -1.17379876e+00 -3.36272080e-01 -2.20447294e+00
 -1.95549229e+00  1.82933777e+00 -1.06435130e+00  2.61606293e+00
 -5.00447203e-01 -3.14658917e+00 -2.90632705e+00  1.88504905e+00
 -3.05698085e+00 -2.98714724e-01 -9.57710508e-01 -1.20886345e-01
  2.46300343e+00  1.81458059e+00 -6.48633348e-02 -2.19656279e+00
 -2.90730813e+00  8.05512146e-02 -8.01177940e-01  1.40630711e+00
 -2.52741453e+00  9.47916267e-01 -1.73414814e-01  1.68409377e-01
  1.96618348e+00  5.85276713e-01  7.07634804e-01 -1.23482895e+00
  1.60102390e+00  2.54576645e+00  1.29245682e+00  2.97607970e-01
 -1.02472937e+00  2.58609038e+00  7.82523802e-01 -2.14689627e+00
  5.99733115e-02  1.73681487e+00  1.01475927e+00 -6.11169145e-01
 -2.30134588e+00  2.45080352e+00  2.02472517e+00  1.67882729e+00
  2.29761320e+00  1.75868394e+00 -1.79317964e+00 -2.84452483e+00
  5.89161504e-01  1.37575767e+00 -2.41878952e+00 -1.30430445e+00
  2.46089364e+00  1.35420604e+00 -6.64325092e-02 -1.75758063e+00
 -1.49421696e+00  1.99234582e+00  1.52405357e+00 -8.53254592e-01
 -8.73715379e-02 -3.23070403e-01 -1.94134609e-01  2.40688761e+00
 -4.33615715e-01 -6.25734738e-01  9.25995658e-01 -2.29444171e+00
  9.99230166e-01  2.62065169e+00 -5.07081728e-01  2.17877339e+00
 -1.85916735e+00 -9.73212002e-01 -2.40617218e+00 -2.28742660e+00
 -1.44044562e+00 -2.88338468e+00  1.61940875e+00  1.73236408e+00
  1.60930838e+00  1.04782614e+00  1.41627043e+00 -2.31103346e+00
 -2.62510944e+00  1.70792207e+00  1.00074813e+00 -3.49801380e-01
 -2.58765022e+00  1.59174348e+00 -1.21868395e+00 -2.52347225e+00
  7.43114722e-04]
Thu Jun 13 20:21:51 2024,109,0.20238624304238434,[-2.92819865  2.35041811 -1.77550064  0.08877882  0.42344233 -3.04774518
  3.08586686  2.07212004  1.08015088 -1.05318944  0.50538693  1.24008321
  1.37466991 -1.83678899  0.7851282   2.96238714 -0.4563406  -0.46141751
 -1.96616853  0.70181247  1.63243018  2.85366319 -1.32264368 -0.34577374
 -2.24689416 -2.09691251  3.07679938  2.82977869 -0.68842104 -2.70144392
  1.55301704 -0.23572423 -2.43941219  1.9524427   1.1223093  -0.53372066
  1.10351126 -1.98654287 -0.15425345  2.24549447 -0.06776584  0.54338662
  2.41955746  0.68569682  2.6525012   2.75252483  2.74324636 -2.91348065
  0.3612616  -0.37870004  1.65114114  2.94994983 -0.39247426 -2.3116421
  2.64897252 -3.19336701  0.68897693 -0.69900802 -1.76086573  3.04684709
 -1.94693726 -1.62639965 -2.52182117  2.34571813 -2.12532711  2.01358951
  1.7900838   1.40331202  2.57677052  2.92740856  1.95711343  1.4646894
 -1.75599856 -2.37451696  1.18299297  0.6431429   1.63172741 -2.75719148
 -0.13005894  2.38700914 -1.13277293  1.26884372  1.34015158  0.72537266
 -0.9795732   1.18732911  0.79457277 -0.32600773  2.75993937 -2.11123623
  1.59933818 -0.61360848  0.96848741 -3.17179505 -2.22957581  0.30736416
 -1.12258119 -0.43659414  0.30309539 -0.05001692 -1.81267044 -0.19612089
 -0.6610542   2.87729077 -1.1760448  -1.17168453 -1.07987832  1.31328389
  1.67243193 -0.79367608  2.09993453 -1.7654422  -0.18403317 -0.82404355
 -3.03852802  3.02666748 -1.73732932  3.00413726 -1.36417398 -2.58205557
  3.35286978 -1.08840709 -0.74549572 -2.91608536 -2.50231853  2.91987253
 -2.05228101 -1.68887466 -0.37978171  3.01161875  0.19909554  0.08125834
 -1.57612209 -0.18240087 -1.65458488 -3.01958713  2.88750333  1.18688367
 -0.28723496 -2.30112314  0.90000857 -1.16952194 -0.33199526 -2.20019612
 -1.95976911  1.82506095 -1.06007448  2.61178612 -0.50472402 -3.15086599
 -2.91060386  1.88932587 -3.05270403 -0.29443791 -0.96198732 -0.12516316
  2.46728024  1.81885741 -0.06914015 -2.19228597 -2.91158494  0.0762744
 -0.79690113  1.41058393 -2.52313771  0.94363945 -0.169138    0.16413256
  1.96190667  0.58955353  0.70335799 -1.23910576  1.59674708  2.54148964
  1.28818     0.29333115 -1.02045256  2.59036719  0.78680062 -2.15117308
  0.06425013  1.73253806  1.01048246 -0.61544596 -2.29706906  2.44652671
  2.02044836  1.68310411  2.29333639  1.76296076 -1.78890282 -2.84024801
  0.59343832  1.38003449 -2.41451271 -1.30858127  2.45661683  1.34992922
 -0.06215569 -1.75330382 -1.49849377  1.988069    1.51977675 -0.85753141
 -0.09164835 -0.31879359 -0.18985779  2.4026108  -0.43789253 -0.62145792
  0.93027247 -2.29016489  1.00350698  2.61637488 -0.51135854  2.1830502
 -1.86344416 -0.96893519 -2.410449   -2.29170341 -1.43616881 -2.88766149
  1.61513193  1.7366409   1.61358519  1.04354932  1.42054725 -2.30675665
 -2.62938626  1.70364525  1.00502495 -0.3540782  -2.59192704  1.5960203
 -1.21440713 -2.51919544  0.00501993]
Thu Jun 13 20:22:05 2024,110,0.20246056869936097,[-2.92866964  2.3508891  -1.77502965  0.08924981  0.42391332 -3.04727419
  3.08633785  2.07164905  1.08062187 -1.05366043  0.50491594  1.23961222
  1.37419892 -1.83725998  0.78559919  2.96285813 -0.45586961 -0.46094652
 -1.96569754  0.70228346  1.63195919  2.85413418 -1.32311467 -0.34530275
 -2.24736515 -2.09644152  3.07727037  2.83024968 -0.68889203 -2.70097293
  1.55254606 -0.23619522 -2.43988318  1.95197171  1.12183831 -0.53419165
  1.10398225 -1.98607188 -0.15378246  2.24596546 -0.06729485  0.54291563
  2.42002845  0.68616781  2.65203021  2.75299582  2.74371735 -2.91395164
  0.36173259 -0.37822905  1.65067015  2.94947884 -0.39200327 -2.31211309
  2.64850153 -3.19289602  0.68944792 -0.69947901 -1.76039474  3.04731807
 -1.94740825 -1.62592866 -2.52229216  2.34524714 -2.1257981   2.0140605
  1.79055479  1.40378301  2.57724151  2.92787955  1.95758442  1.46421841
 -1.75552757 -2.37498795  1.18252198  0.64267192  1.63125642 -2.75766247
 -0.12958795  2.38748013 -1.13230194  1.26931471  1.33968059  0.72490167
 -0.97910221  1.1878001   0.79410178 -0.32647872  2.76041036 -2.11170722
  1.59980917 -0.61313749  0.96801642 -3.17226604 -2.22910482  0.30689317
 -1.1221102  -0.43612315  0.3026244  -0.05048791 -1.81219945 -0.19659188
 -0.66058321  2.87681978 -1.17557381 -1.17121354 -1.07940733  1.31375488
  1.67196094 -0.79414707  2.10040552 -1.76591319 -0.18450416 -0.82357256
 -3.03805703  3.02713847 -1.73685833  3.00460825 -1.36370299 -2.58252656
  3.35239879 -1.08887808 -0.74502473 -2.91655635 -2.50278952  2.92034352
 -2.05181002 -1.68840367 -0.3802527   3.01114776  0.19956653  0.08078735
 -1.57659308 -0.18192988 -1.65505587 -3.02005812  2.88703234  1.18735465
 -0.28770595 -2.30159413  0.90047956 -1.16999293 -0.33152428 -2.19972513
 -1.9602401   1.82553194 -1.05960349  2.61131513 -0.50519501 -3.15133698
 -2.91107485  1.88885488 -3.05317502 -0.2949089  -0.96151633 -0.12469217
  2.46680925  1.8193284  -0.06866916 -2.19275696 -2.91111395  0.07674539
 -0.79737212  1.41105492 -2.52266672  0.94316846 -0.16866701  0.16460355
  1.96237766  0.59002452  0.702887   -1.23957675  1.59721807  2.54101865
  1.28865099  0.29286016 -1.02092355  2.5898962   0.78632963 -2.15164407
  0.06472112  1.73206707  1.01001147 -0.61497497 -2.29754005  2.4469977
  2.01997737  1.68263312  2.2928654   1.76343175 -1.78937381 -2.83977702
  0.59390931  1.3795635  -2.4149837  -1.30905225  2.45708782  1.35040021
 -0.06262668 -1.75377481 -1.49896476  1.98853999  1.52024774 -0.8580024
 -0.09117736 -0.31926458 -0.1893868   2.40213981 -0.43836352 -0.62098693
  0.93074346 -2.29063588  1.00303599  2.61590389 -0.51182953  2.18352119
 -1.86391515 -0.9684642  -2.40997801 -2.2921744  -1.43569782 -2.88813248
  1.61466094  1.73616991  1.6131142   1.04307833  1.42101824 -2.30628566
 -2.62985725  1.70317426  1.00549594 -0.35454918 -2.59145605  1.59649129
 -1.21487812 -2.51872445  0.00454894]
Thu Jun 13 20:22:29 2024,111,0.199695061466938,[-2.91911954  2.341339   -1.76547956  0.09879991  0.41436322 -3.03772409
  3.07678775  2.06209896  1.07107177 -1.06321052  0.49536584  1.24916232
  1.36464882 -1.84681008  0.7760491   2.95330803 -0.44631951 -0.47049662
 -1.97524764  0.69273336  1.64150928  2.84458409 -1.33266477 -0.33575266
 -2.23781506 -2.10599162  3.06772028  2.82069958 -0.69844213 -2.71052303
  1.56209615 -0.24574532 -2.43033309  1.94242161  1.11228821 -0.54374175
  1.11353234 -1.97652178 -0.14423237  2.25551555 -0.05774475  0.53336554
  2.41047835  0.67661771  2.66158031  2.74344572  2.73416725 -2.92350174
  0.35218249 -0.38777915  1.66022025  2.95902894 -0.38245317 -2.30256299
  2.65805162 -3.18334593  0.67989782 -0.68992891 -1.75084464  3.03776798
 -1.95695834 -1.61637856 -2.51274206  2.33569705 -2.1353482   2.0045104
  1.78100469  1.41333311  2.56769141  2.91832946  1.94803432  1.45466831
 -1.76507767 -2.38453805  1.19207207  0.63312182  1.64080652 -2.74811238
 -0.13913805  2.39703022 -1.12275184  1.25976461  1.33013049  0.71535158
 -0.98865231  1.19735019  0.78455169 -0.33602881  2.75086026 -2.10215712
  1.59025907 -0.60358739  0.95846632 -3.18181614 -2.23865492  0.31644326
 -1.1316603  -0.42657306  0.2930743  -0.04093782 -1.82174955 -0.18704178
 -0.65103311  2.86726968 -1.18512391 -1.18076363 -1.08895743  1.30420478
  1.66241084 -0.80369716  2.09085542 -1.75636309 -0.17495407 -0.83312266
 -3.04760713  3.03668857 -1.72730824  3.01415835 -1.37325309 -2.59207666
  3.36194889 -1.07932799 -0.75457483 -2.90700625 -2.49323943  2.92989362
 -2.04225992 -1.67885357 -0.37070261  3.00159767  0.20911662  0.07123725
 -1.56704299 -0.19147998 -1.66460597 -3.01050802  2.89658244  1.17780456
 -0.27815585 -2.31114423  0.91002966 -1.17954303 -0.34107437 -2.19017503
 -1.96979019  1.83508204 -1.0500534   2.62086522 -0.5147451  -3.16088707
 -2.90152476  1.89840497 -3.04362492 -0.2853588  -0.97106643 -0.11514207
  2.45725916  1.8097783  -0.07821926 -2.18320687 -2.92066405  0.06719529
 -0.80692221  1.42060502 -2.53221682  0.93361837 -0.17821711  0.15505345
  1.97192776  0.59957461  0.7124371  -1.23002665  1.60676817  2.53146855
  1.29820109  0.28331007 -1.01137345  2.58034611  0.79587972 -2.16119417
  0.05517102  1.72251697  1.01956156 -0.60542487 -2.30709015  2.4374476
  2.02952746  1.67308302  2.30241549  1.75388165 -1.77982372 -2.84932712
  0.58435921  1.3700134  -2.4054336  -1.31860235  2.44753772  1.35995031
 -0.05307659 -1.74422471 -1.50851486  1.99809009  1.52979784 -0.8484523
 -0.10072746 -0.32881467 -0.17983671  2.41168991 -0.44791362 -0.63053703
  0.94029356 -2.30018598  1.01258609  2.62545399 -0.50227944  2.17397109
 -1.87346525 -0.97801429 -2.40042791 -2.28262431 -1.42614772 -2.89768258
  1.60511085  1.74572     1.6226643   1.05262843  1.41146814 -2.29673556
 -2.63940734  1.71272436  1.01504604 -0.34499909 -2.60100615  1.58694119
 -1.22442822 -2.52827454  0.01409904]
Thu Jun 13 20:22:52 2024,112,0.1989530634097185,[-2.91431194  2.3365314  -1.76067195  0.09399231  0.41917082 -3.04253169
  3.08159536  2.05729135  1.07587937 -1.05840292  0.49055824  1.25396992
  1.35984121 -1.84200248  0.77124149  2.94850043 -0.44151191 -0.46568902
 -1.97044003  0.68792576  1.64631689  2.84939169 -1.32785717 -0.34056026
 -2.24262266 -2.11079922  3.06291267  2.81589198 -0.70324973 -2.71533064
  1.55728855 -0.24093772 -2.43514069  1.93761401  1.11709581 -0.53893414
  1.10872474 -1.97171418 -0.13942476  2.25070795 -0.06255236  0.52855793
  2.40567075  0.67181011  2.66638791  2.74825332  2.72935965 -2.92830934
  0.3569901  -0.39258675  1.66502785  2.96383654 -0.37764557 -2.29775538
  2.66285923 -3.18815353  0.67509022 -0.6851213  -1.75565225  3.04257558
 -1.96176595 -1.62118617 -2.51754966  2.34050465 -2.1401558   2.00931801
  1.77619709  1.41814072  2.56288381  2.91352185  1.95284193  1.44986071
 -1.76988527 -2.37973045  1.19687968  0.62831421  1.63599892 -2.75291998
 -0.13433044  2.40183783 -1.12755945  1.25495701  1.32532288  0.71054397
 -0.99345991  1.2021578   0.77974408 -0.34083642  2.75566787 -2.10696472
  1.58545147 -0.60839499  0.96327393 -3.18662374 -2.24346252  0.31163566
 -1.12685269 -0.43138066  0.2882667  -0.03613021 -1.82655716 -0.19184938
 -0.64622551  2.87207728 -1.18993151 -1.17595603 -1.09376503  1.29939718
  1.65760324 -0.80850477  2.09566303 -1.75155549 -0.17976167 -0.83793026
 -3.04279953  3.04149618 -1.73211584  3.00935075 -1.36844548 -2.58726905
  3.35714128 -1.07452038 -0.75938244 -2.90219865 -2.49804703  2.93470122
 -2.03745232 -1.68366118 -0.37551021  2.99679006  0.21392423  0.07604485
 -1.57185059 -0.19628759 -1.66941358 -3.01531563  2.90139004  1.18261216
 -0.27334825 -2.30633663  0.90522205 -1.17473543 -0.34588198 -2.18536743
 -1.96498259  1.83027444 -1.04524579  2.61605762 -0.51955271 -3.15607947
 -2.89671715  1.90321258 -3.04843253 -0.2805512  -0.96625883 -0.11994968
  2.45245155  1.8145859  -0.08302686 -2.18801447 -2.92547165  0.0720029
 -0.81172982  1.42541262 -2.53702442  0.93842597 -0.18302471  0.15986106
  1.97673536  0.60438222  0.7172447  -1.22521905  1.60196056  2.52666095
  1.29339349  0.27850246 -1.00656585  2.58515371  0.80068733 -2.16600177
  0.05036342  1.71770936  1.02436917 -0.61023248 -2.31189776  2.44225521
  2.03433507  1.66827541  2.29760789  1.74907405 -1.77501611 -2.84451951
  0.57955161  1.37482101 -2.40062599 -1.32340996  2.45234532  1.35514271
 -0.04826898 -1.73941711 -1.50370726  2.00289769  1.52499024 -0.8436447
 -0.10553506 -0.33362228 -0.1750291   2.4068823  -0.45272122 -0.62572943
  0.94510116 -2.30499358  1.00777848  2.63026159 -0.50708704  2.1787787
 -1.87827286 -0.9828219  -2.3956203  -2.28743191 -1.42134012 -2.90249018
  1.60991845  1.75052761  1.6178567   1.05743603  1.40666054 -2.30154316
 -2.64421495  1.71753196  1.01023843 -0.34980669 -2.59619854  1.5917488
 -1.21962061 -2.53308215  0.01890664]
Thu Jun 13 20:23:06 2024,113,0.19892276367472722,[-2.91487497  2.33596837 -1.76010892  0.09342928  0.41860779 -3.04196866
  3.08103233  2.05672832  1.0764424  -1.05783989  0.49112127  1.25340689
  1.35927818 -1.84143944  0.77180452  2.94906346 -0.44094888 -0.46512599
 -1.97100306  0.68848879  1.64687992  2.84995472 -1.3284202  -0.33999723
 -2.24318569 -2.11136225  3.06234964  2.81532895 -0.70381276 -2.7147676
  1.55672552 -0.24150075 -2.43457766  1.93817704  1.11653278 -0.53837111
  1.10816171 -1.97227721 -0.13998779  2.25127098 -0.06311539  0.52912096
  2.40510772  0.67124707  2.66695094  2.74769029  2.72879662 -2.92887238
  0.35755313 -0.39314978  1.66446482  2.96327351 -0.37708254 -2.29831842
  2.66342226 -3.1875905   0.67452719 -0.68568434 -1.75621528  3.04201255
 -1.96232898 -1.6217492  -2.51811269  2.33994162 -2.13959277  2.00875498
  1.77563406  1.41870375  2.56232078  2.91295882  1.95227889  1.45042374
 -1.76932224 -2.37916741  1.19744271  0.62887725  1.63543588 -2.75235695
 -0.13376741  2.4012748  -1.12699642  1.25439397  1.32588592  0.70998094
 -0.99402295  1.20159477  0.78030711 -0.34139945  2.75510484 -2.10640169
  1.5860145  -0.60783196  0.96383696 -3.18718677 -2.24402556  0.31107263
 -1.12741573 -0.43081763  0.28770367 -0.03556718 -1.82599412 -0.19128635
 -0.64566248  2.87151425 -1.18936848 -1.175393   -1.09432806  1.29996021
  1.6570402  -0.80794174  2.09622606 -1.75099246 -0.17919864 -0.83736723
 -3.0422365   3.04093314 -1.73155281  3.00991378 -1.36788245 -2.58783209
  3.35770431 -1.07395735 -0.7588194  -2.90276168 -2.497484    2.93526425
 -2.03801535 -1.68309815 -0.37607324  2.99622703  0.21336119  0.07660788
 -1.57241362 -0.19572455 -1.66885054 -3.01587866  2.90082701  1.18317519
 -0.27278522 -2.30689966  0.90465902 -1.17529846 -0.34531894 -2.18593046
 -1.96441956  1.83083747 -1.04580882  2.61662065 -0.52011574 -3.1566425
 -2.89615412  1.90377561 -3.0478695  -0.27998817 -0.96682186 -0.11938665
  2.45188852  1.81514894 -0.08358989 -2.18745144 -2.92490862  0.07143987
 -0.81229285  1.42597565 -2.53646139  0.938989   -0.18246168  0.15929803
  1.97729839  0.60494525  0.71668167 -1.22578208  1.6025236   2.52609792
  1.29283046  0.2790655  -1.00600281  2.58459068  0.8001243  -2.16543874
  0.05092645  1.7182724   1.02380614 -0.61079551 -2.31246079  2.44169217
  2.0348981   1.66883845  2.29817092  1.74963708 -1.77445308 -2.84508255
  0.57898858  1.37538404 -2.40118903 -1.32284692  2.45290835  1.35457967
 -0.04883201 -1.73885407 -1.50314422  2.00233466  1.52555327 -0.84308166
 -0.10497203 -0.33305925 -0.17446607  2.40631927 -0.45328425 -0.62516639
  0.9456642  -2.30555661  1.00721545  2.62969856 -0.50765007  2.17821567
 -1.87883589 -0.98338493 -2.39618334 -2.28799494 -1.42077709 -2.90192715
  1.61048148  1.75109064  1.61841973  1.056873    1.40609751 -2.30210619
 -2.64477798  1.71696893  1.01080146 -0.35036972 -2.59676157  1.59231183
 -1.22018365 -2.53251911  0.01946967]
Thu Jun 13 20:23:20 2024,114,0.19890771319252293,[-2.91459656  2.33568995 -1.76038733  0.09370769  0.41888621 -3.04169025
  3.08131074  2.05700674  1.07616399 -1.0581183   0.49084286  1.25368531
  1.3595566  -1.84116103  0.77152611  2.94934188 -0.44067046 -0.46484757
 -1.97128148  0.68821037  1.6466015   2.84967631 -1.32869861 -0.33971882
 -2.24346411 -2.11164067  3.06262805  2.81505053 -0.70353435 -2.71448919
  1.55700393 -0.24122233 -2.43429925  1.93789863  1.11625437 -0.5380927
  1.10844012 -1.97255562 -0.13970938  2.25099257 -0.0633938   0.52939938
  2.4048293   0.67152549  2.66667253  2.74796871  2.7285182  -2.92915079
  0.35783154 -0.39287137  1.66474323  2.96355193 -0.37736095 -2.29859683
  2.66370067 -3.18786891  0.6748056  -0.68596275 -1.75649369  3.04173414
 -1.96260739 -1.62147079 -2.51783428  2.34022003 -2.13987119  2.00847656
  1.77535564  1.41898216  2.56259919  2.91268041  1.95255731  1.45014533
 -1.76904382 -2.378889    1.19772112  0.62915566  1.63515747 -2.75263536
 -0.133489    2.40099638 -1.12727483  1.25467239  1.32616433  0.71025936
 -0.99374453  1.20187318  0.7800287  -0.34112103  2.75538325 -2.10612328
  1.58629291 -0.60811038  0.96411537 -3.18746519 -2.24430397  0.31135104
 -1.12713731 -0.43109604  0.28742525 -0.03528877 -1.82627254 -0.19100794
 -0.64538406  2.87123584 -1.1896469  -1.17511458 -1.09404965  1.29968179
  1.65676179 -0.80766332  2.09650447 -1.75071404 -0.17892023 -0.83764564
 -3.04251491  3.04065473 -1.73183122  3.00963536 -1.36760404 -2.5881105
  3.35798273 -1.07423577 -0.75854099 -2.90248327 -2.49776241  2.93498584
 -2.03773693 -1.68281973 -0.37635166  2.99594862  0.21308278  0.07632947
 -1.57269204 -0.19544614 -1.66857213 -3.01615707  2.90110542  1.18289678
 -0.27306363 -2.30717807  0.90438061 -1.17502004 -0.34559736 -2.18620888
 -1.96469797  1.83055905 -1.04608724  2.61689907 -0.51983733 -3.15692092
 -2.89643254  1.90405402 -3.04814791 -0.27970975 -0.96710027 -0.11910823
  2.45161011  1.81542735 -0.08386831 -2.18772985 -2.92463021  0.07116145
 -0.81257126  1.42569724 -2.53618298  0.93871059 -0.18274009  0.15901961
  1.97701998  0.60466684  0.71640325 -1.22550367  1.60280201  2.52637633
  1.29255204  0.27878708 -1.0057244   2.58486909  0.79984588 -2.16516033
  0.05064803  1.71855081  1.02352772 -0.61107392 -2.3127392   2.44197059
  2.03461968  1.66856003  2.29789251  1.74935866 -1.7747315  -2.84480413
  0.57926699  1.37510562 -2.40091061 -1.32312534  2.45262994  1.35430126
 -0.0485536  -1.73857566 -1.50342264  2.00261308  1.52527485 -0.84280325
 -0.10525045 -0.33333766 -0.17418766  2.40659768 -0.45356267 -0.62544481
  0.94594261 -2.3052782   1.00693704  2.62997697 -0.50737166  2.17793725
 -1.8791143  -0.98310651 -2.39646175 -2.28827336 -1.42049867 -2.90164874
  1.6107599   1.75081223  1.61814131  1.05715142  1.40581909 -2.30182778
 -2.64449956  1.71724734  1.01107988 -0.35064814 -2.59648316  1.59203341
 -1.22046206 -2.53279753  0.01974809]
Thu Jun 13 20:23:34 2024,115,0.19421114625496205,[-2.90279546  2.32388885 -1.77218843  0.08190659  0.43068731 -3.02988915
  3.09311184  2.04520564  1.08796509 -1.0463172   0.50264396  1.26548641
  1.3477555  -1.85296213  0.78332721  2.96114298 -0.45247156 -0.47664867
 -1.95948038  0.70001147  1.6348004   2.86147741 -1.34049971 -0.32791772
 -2.23166301 -2.09983957  3.07442915  2.80324943 -0.71533545 -2.70268809
  1.54520283 -0.25302343 -2.42249815  1.94969973  1.12805547 -0.5262916
  1.12024122 -1.96075452 -0.15151048  2.26279367 -0.0751949   0.54120048
  2.3930282   0.65972439  2.65487143  2.75976981  2.7403193  -2.91734969
  0.34603044 -0.40467247  1.67654433  2.95175083 -0.36555985 -2.31039793
  2.67550177 -3.17606781  0.6630045  -0.67416165 -1.74469259  3.05353524
 -1.95080629 -1.60966969 -2.50603318  2.32841893 -2.12807009  1.99667546
  1.76355454  1.43078326  2.55079809  2.92448151  1.96435841  1.46194643
 -1.75724272 -2.3670879   1.20952222  0.64095676  1.62335637 -2.76443646
 -0.1216879   2.41279748 -1.13907593  1.24287129  1.31436323  0.72206046
 -1.00554563  1.21367428  0.7918298  -0.32931993  2.76718435 -2.11792438
  1.57449181 -0.61991148  0.97591647 -3.19926629 -2.23250287  0.32315214
 -1.13893841 -0.44289714  0.29922635 -0.02348767 -1.81447144 -0.20280904
 -0.63358296  2.88303694 -1.1778458  -1.18691568 -1.08224855  1.28788069
  1.66856289 -0.81946442  2.10830557 -1.73891294 -0.19072133 -0.84944674
 -3.03071381  3.02885363 -1.74363232  3.02143646 -1.35580294 -2.5999116
  3.36978383 -1.08603687 -0.74673989 -2.91428437 -2.48596131  2.92318474
 -2.02593583 -1.69462083 -0.38815276  3.00774972  0.20128168  0.06452837
 -1.56089094 -0.18364504 -1.68037323 -3.00435597  2.91290652  1.19469788
 -0.28486473 -2.31897917  0.91618171 -1.16321894 -0.35739846 -2.17440778
 -1.95289687  1.84236015 -1.05788834  2.62870016 -0.53163843 -3.16872202
 -2.88463144  1.89225292 -3.03634681 -0.26790865 -0.95529917 -0.13090933
  2.46341121  1.80362625 -0.09566941 -2.17592875 -2.93643131  0.05936035
 -0.82437236  1.41389614 -2.52438188  0.95051169 -0.17093899  0.14721851
  1.98882108  0.61646794  0.72820435 -1.23730477  1.61460311  2.51457523
  1.28075094  0.26698598 -1.0175255   2.59667019  0.81164698 -2.17696143
  0.06244913  1.73035191  1.01172662 -0.62287502 -2.3009381   2.45377169
  2.04642078  1.65675893  2.30969361  1.76115976 -1.78653259 -2.83300303
  0.56746589  1.38690672 -2.41271171 -1.33492644  2.44082884  1.34250016
 -0.0603547  -1.72677456 -1.51522374  1.99081198  1.51347375 -0.83100215
 -0.11705155 -0.32153656 -0.16238656  2.41839878 -0.44176157 -0.63724591
  0.93414151 -2.3170793   0.99513594  2.64177807 -0.51917276  2.16613615
 -1.8909154  -0.99490761 -2.40826285 -2.27647226 -1.40869757 -2.88984764
  1.5989588   1.76261332  1.62994241  1.06895252  1.41762019 -2.29002668
 -2.65630066  1.72904844  0.99927878 -0.36244924 -2.60828426  1.58023231
 -1.20866096 -2.52099643  0.03154919]
Thu Jun 13 20:23:56 2024,116,0.1932770303427062,[-2.89856991  2.3196633  -1.77641398  0.07768104  0.43491286 -3.0341147
  3.09733739  2.04098009  1.08373954 -1.04209165  0.5068695   1.26971196
  1.34352995 -1.84873658  0.77910166  2.96536852 -0.44824602 -0.47242312
 -1.95525483  0.69578593  1.63902595  2.86570296 -1.34472526 -0.33214326
 -2.22743746 -2.10406511  3.07020361  2.79902388 -0.719561   -2.70691364
  1.54942838 -0.25724898 -2.42672369  1.94547418  1.12382992 -0.52206605
  1.11601567 -1.96498007 -0.14728493  2.25856812 -0.07942045  0.54542603
  2.38880265  0.65549884  2.65064588  2.76399536  2.74454485 -2.92157524
  0.35025599 -0.40044692  1.67231879  2.94752528 -0.3613343  -2.31462348
  2.67127622 -3.18029336  0.65877895 -0.6699361  -1.74046704  3.05776079
 -1.94658074 -1.60544414 -2.50180763  2.33264448 -2.13229564  1.99244991
  1.76778009  1.43500881  2.55502364  2.92025596  1.96013286  1.46617198
 -1.76146827 -2.37131345  1.20529667  0.63673121  1.62758192 -2.76866201
 -0.11746235  2.40857193 -1.13485038  1.24709684  1.31858878  0.72628601
 -1.00132008  1.20944873  0.79605535 -0.32509439  2.7714099  -2.11369883
  1.57026627 -0.61568593  0.98014202 -3.19504074 -2.23672842  0.31892659
 -1.13471286 -0.4386716   0.2950008  -0.01926212 -1.81869699 -0.20703459
 -0.62935741  2.87881139 -1.18207135 -1.19114123 -1.078023    1.28365514
  1.66433734 -0.81523887  2.11253112 -1.73468739 -0.18649578 -0.85367229
 -3.02648826  3.02462808 -1.74785787  3.01721091 -1.35157739 -2.60413715
  3.37400938 -1.09026241 -0.74251434 -2.91005882 -2.48173576  2.91895919
 -2.03016138 -1.69039528 -0.3923783   3.01197527  0.19705613  0.06875392
 -1.56511649 -0.18787059 -1.67614768 -3.00858152  2.91713207  1.19047233
 -0.28909028 -2.32320472  0.92040726 -1.15899339 -0.35317291 -2.17018223
 -1.95712242  1.8381346  -1.06211389  2.62447462 -0.53586397 -3.17294757
 -2.88885698  1.88802737 -3.04057236 -0.2636831  -0.95107362 -0.12668378
  2.45918566  1.8078518  -0.09144386 -2.17170321 -2.94065686  0.0551348
 -0.82859791  1.41812169 -2.52860743  0.94628614 -0.16671344  0.14299296
  1.99304663  0.62069348  0.7324299  -1.24153032  1.61882866  2.51880078
  1.28497649  0.27121153 -1.02175105  2.60089574  0.80742143 -2.17273588
  0.05822358  1.72612636  1.01595217 -0.62710057 -2.30516365  2.44954614
  2.05064633  1.66098448  2.31391916  1.75693421 -1.79075814 -2.83722858
  0.57169144  1.39113227 -2.41693726 -1.33070089  2.43660329  1.33827461
 -0.05612915 -1.73100011 -1.51944929  1.98658643  1.5176993  -0.8352277
 -0.112826   -0.32576211 -0.15816101  2.41417324 -0.44598712 -0.63302036
  0.92991596 -2.32130485  0.99091039  2.63755252 -0.51494721  2.1619106
 -1.88668985 -0.99068207 -2.4040373  -2.28069781 -1.40447202 -2.88562209
  1.60318435  1.76683887  1.63416796  1.06472697  1.42184574 -2.29425223
 -2.66052621  1.73327399  1.00350433 -0.35822369 -2.60405871  1.58445786
 -1.21288651 -2.51677088  0.02732364]
Thu Jun 13 20:24:10 2024,117,0.19300715887952577,[-2.90181023  2.32290363 -1.77965431  0.08092137  0.43815318 -3.03735502
  3.09409706  2.04422041  1.08049922 -1.04533198  0.50362918  1.27295228
  1.34677027 -1.84549626  0.77586133  2.96860885 -0.44500569 -0.4691828
 -1.95201451  0.6925456   1.63578563  2.86246263 -1.34796558 -0.32890294
 -2.22419713 -2.10730544  3.06696328  2.79578356 -0.71632067 -2.71015396
  1.54618806 -0.26048931 -2.42996402  1.9487145   1.12058959 -0.52530637
  1.11277535 -1.9682204  -0.1440446   2.26180844 -0.07618013  0.54866635
  2.38556233  0.65873917  2.6538862   2.76723568  2.74130453 -2.92481556
  0.35349632 -0.3972066   1.67555911  2.94428495 -0.35809398 -2.31138315
  2.6680359  -3.17705304  0.66201928 -0.67317643 -1.74370737  3.05452046
 -1.94334042 -1.60868446 -2.50504796  2.33588481 -2.13553596  1.99569024
  1.76453977  1.43824913  2.55178331  2.92349628  1.95689253  1.46293165
 -1.75822795 -2.37455377  1.208537    0.63997154  1.63082224 -2.76542169
 -0.12070267  2.41181226 -1.13809071  1.25033716  1.31534846  0.72304568
 -0.99807976  1.20620841  0.79281502 -0.32833471  2.76816958 -2.11693915
  1.56702594 -0.6124456   0.98338235 -3.19180041 -2.23348809  0.32216692
 -1.13795319 -0.44191192  0.29176048 -0.02250244 -1.82193731 -0.21027491
 -0.63259774  2.88205171 -1.18531167 -1.19438156 -1.07478267  1.28041482
  1.66757766 -0.8184792   2.11577145 -1.73792772 -0.1897361  -0.85043197
 -3.02324794  3.02138776 -1.74461755  3.01397059 -1.35481771 -2.60737747
  3.3772497  -1.08702209 -0.73927402 -2.91329914 -2.47849544  2.92219951
 -2.02692106 -1.68715496 -0.39561863  3.00873494  0.20029646  0.07199424
 -1.56835681 -0.18463026 -1.67290736 -3.0053412   2.9203724   1.18723201
 -0.28584996 -2.32644505  0.92364758 -1.16223372 -0.35641323 -2.1669419
 -1.96036275  1.84137493 -1.06535421  2.62123429 -0.5391043  -3.17618789
 -2.88561666  1.88478705 -3.03733204 -0.26044278 -0.95431395 -0.12992411
  2.46242598  1.81109212 -0.08820353 -2.16846288 -2.93741653  0.05189448
 -0.82535759  1.42136201 -2.53184775  0.94304581 -0.16347312  0.13975264
  1.9898063   0.62393381  0.73567023 -1.23828999  1.61558833  2.5220411
  1.28821681  0.26797121 -1.02499137  2.60413607  0.80418111 -2.16949555
  0.05498326  1.72288604  1.0191925  -0.6303409  -2.30840398  2.45278646
  2.05388666  1.66422481  2.31067883  1.75369389 -1.79399847 -2.8404689
  0.57493177  1.38789195 -2.41369694 -1.32746057  2.43984362  1.34151494
 -0.05936948 -1.72775978 -1.52268961  1.9833461   1.52093963 -0.83846802
 -0.11606632 -0.32252179 -0.16140133  2.41741356 -0.44922744 -0.63626068
  0.92667564 -2.32454517  0.99415071  2.6343122  -0.51818753  2.16515093
 -1.88344953 -0.98744174 -2.40727763 -2.28393813 -1.40771235 -2.88886241
  1.60642467  1.76359855  1.63740829  1.06148664  1.41860542 -2.29749255
 -2.65728589  1.73651432  1.000264   -0.35498336 -2.60729904  1.58769819
 -1.21612683 -2.51353056  0.03056396]
Thu Jun 13 20:24:24 2024,118,0.19266975655979865,[-2.89805058  2.32666328 -1.77589466  0.07716172  0.43439353 -3.03359537
  3.09785671  2.04046076  1.08425886 -1.04157233  0.49986953  1.27671193
  1.35052992 -1.84173661  0.77962098  2.9648492  -0.44876534 -0.47294245
 -1.94825486  0.69630525  1.63202598  2.85870298 -1.34420594 -0.33266259
 -2.22795678 -2.10354579  3.06320363  2.79954321 -0.71256103 -2.71391361
  1.54242841 -0.26424896 -2.43372367  1.94495485  1.12434924 -0.52906602
  1.1090157  -1.97198005 -0.14780425  2.26556809 -0.07993978  0.552426
  2.38932198  0.65497952  2.65012655  2.77099533  2.73754488 -2.92105592
  0.35725597 -0.39344695  1.67931876  2.9480446  -0.35433433 -2.3151428
  2.67179555 -3.17329339  0.65825963 -0.66941678 -1.74746702  3.05076081
 -1.94710007 -1.61244411 -2.5088076   2.33212516 -2.13929561  1.99193059
  1.76078012  1.43448949  2.55554296  2.91973663  1.96065218  1.459172
 -1.7544683  -2.37831342  1.21229665  0.63621189  1.62706259 -2.76166204
 -0.12446232  2.40805261 -1.14185036  1.24657751  1.3191081   0.71928603
 -0.99432011  1.20244876  0.79657467 -0.33209436  2.76440993 -2.11317951
  1.57078559 -0.61620525  0.9796227  -3.18804076 -2.23724774  0.32592657
 -1.13419354 -0.43815227  0.28800083 -0.02626209 -1.82569696 -0.21403456
 -0.62883809  2.87829206 -1.18155202 -1.19062191 -1.07854232  1.28417447
  1.66381802 -0.81471955  2.1120118  -1.74168737 -0.19349575 -0.85419162
 -3.01948829  3.0251474  -1.7483772   3.01021094 -1.35857736 -2.60361783
  3.38100935 -1.08326244 -0.74303366 -2.91705879 -2.48225509  2.92595916
 -2.03068071 -1.68339531 -0.39185898  3.01249459  0.2040561   0.0682346
 -1.56459716 -0.18087062 -1.66914771 -3.00910085  2.91661275  1.19099165
 -0.28960961 -2.33020469  0.91988793 -1.16599337 -0.35265359 -2.16318225
 -1.9566031   1.83761528 -1.06159456  2.62499394 -0.54286395 -3.17242824
 -2.88185701  1.8885467  -3.03357239 -0.25668313 -0.9505543  -0.12616446
  2.46618563  1.81485177 -0.08444388 -2.16470323 -2.93365688  0.04813483
 -0.82159794  1.41760236 -2.5356074   0.93928616 -0.15971347  0.14351229
  1.99356595  0.62769346  0.73191058 -1.23453034  1.61934798  2.52580075
  1.28445717  0.26421156 -1.02875102  2.60789571  0.80042146 -2.1732552
  0.05874291  1.72664569  1.02295214 -0.62658125 -2.30464433  2.45654611
  2.05764631  1.66046516  2.31443848  1.75745354 -1.79775812 -2.83670926
  0.57117212  1.3916516  -2.40993729 -1.33122021  2.43608397  1.33775529
 -0.05560983 -1.72400013 -1.52644926  1.97958645  1.52469928 -0.83470837
 -0.11230667 -0.32628143 -0.15764168  2.41365391 -0.45298709 -0.64002033
  0.93043529 -2.32078552  0.99791036  2.63807185 -0.52194718  2.16891058
 -1.87968988 -0.99120139 -2.40351798 -2.28769778 -1.4039527  -2.89262206
  1.61018432  1.7673582   1.64116794  1.06524629  1.42236506 -2.3012522
 -2.66104554  1.73275467  0.99650435 -0.35122372 -2.60353939  1.58393854
 -1.21236719 -2.50977091  0.02680431]
Thu Jun 13 20:24:46 2024,119,0.19185320935945677,[-2.89411636  2.32272905 -1.77982888  0.08109594  0.43832775 -3.03752959
  3.10179093  2.04439498  1.08819309 -1.03763811  0.49593531  1.28064615
  1.35446414 -1.83780239  0.7835552   2.96878342 -0.45269956 -0.46900823
 -1.94432064  0.69237103  1.6359602   2.85476876 -1.34814016 -0.33659681
 -2.231891   -2.10748001  3.06713785  2.79560899 -0.7086268  -2.71784783
  1.54636263 -0.26031473 -2.42978945  1.94888907  1.12828346 -0.5251318
  1.10508148 -1.96804583 -0.15173847  2.26950231 -0.083874    0.55636022
  2.38538775  0.65891374  2.64619233  2.76706111  2.7414791  -2.91712169
  0.36119019 -0.38951273  1.67538454  2.95197882 -0.35040011 -2.31907702
  2.67572977 -3.16935917  0.66219385 -0.66548256 -1.75140124  3.05469503
 -1.94316585 -1.61637833 -2.51274182  2.32819094 -2.14322983  1.98799637
  1.76471434  1.43842371  2.55160874  2.91580241  1.95671796  1.45523778
 -1.75053408 -2.3743792   1.21623087  0.64014611  1.63099682 -2.75772782
 -0.12839654  2.41198683 -1.13791614  1.24264329  1.32304233  0.72322025
 -0.99038589  1.19851454  0.79264045 -0.32816014  2.76047571 -2.11711373
  1.56685137 -0.61227103  0.98355692 -3.18410654 -2.23331352  0.32986079
 -1.13025932 -0.43421805  0.29193505 -0.02232787 -1.82176274 -0.21010034
 -0.62490387  2.87435784 -1.18548624 -1.18668769 -1.0746081   1.28024025
  1.66775224 -0.81865377  2.10807758 -1.73775315 -0.18956153 -0.85025739
 -3.02342251  3.02908163 -1.75231142  3.00627672 -1.35464314 -2.5996836
  3.38494357 -1.07932822 -0.74696789 -2.91312457 -2.48618931  2.92989338
 -2.02674649 -1.68732953 -0.3957932   3.00856037  0.20012188  0.06430037
 -1.56066294 -0.17693639 -1.67308193 -3.00516662  2.91267853  1.18705743
 -0.29354383 -2.32627047  0.92382215 -1.16992759 -0.34871936 -2.16711648
 -1.95266888  1.83368106 -1.05766034  2.62105972 -0.54679817 -3.17636246
 -2.88579123  1.88461248 -3.02963817 -0.26061735 -0.94662008 -0.12223024
  2.47011985  1.81878599 -0.08837811 -2.16863745 -2.9375911   0.05206905
 -0.82553216  1.41366814 -2.53954162  0.93535194 -0.15577925  0.14744651
  1.98963173  0.63162768  0.72797636 -1.23846456  1.61541376  2.52973497
  1.28839139  0.26814578 -1.0248168   2.60396149  0.80435568 -2.17718942
  0.06267713  1.72271146  1.01901792 -0.63051547 -2.30071011  2.45261189
  2.06158053  1.66439938  2.31050426  1.76138776 -1.80169234 -2.83277503
  0.57510634  1.38771737 -2.40600307 -1.32728599  2.43214975  1.33382107
 -0.05954405 -1.72006591 -1.53038348  1.98352067  1.5286335  -0.8386426
 -0.1162409  -0.32234721 -0.1615759   2.41758813 -0.45692131 -0.64395455
  0.93436951 -2.3168513   0.99397614  2.63413763 -0.5258814   2.16497636
 -1.87575566 -0.99513561 -2.4074522  -2.28376356 -1.40788692 -2.88868784
  1.61411854  1.77129242  1.63723371  1.06131207  1.41843084 -2.30518642
 -2.65711132  1.73668889  0.99257013 -0.34728949 -2.60747361  1.58787276
 -1.20843296 -2.51370513  0.03073853]
Thu Jun 13 20:25:01 2024,120,0.19119036690554417,[-2.8999486   2.31689682 -1.78566112  0.08692818  0.43249551 -3.04336183
  3.10762317  2.03856275  1.09402532 -1.03180587  0.50176755  1.28647839
  1.34863191 -1.84363462  0.77772297  2.96295118 -0.4585318  -0.47484046
 -1.95015287  0.68653879  1.64179244  2.84893652 -1.34230792 -0.33076457
 -2.22605877 -2.10164777  3.07297009  2.78977675 -0.70279457 -2.71201559
  1.54053039 -0.2544825  -2.42395721  1.94305684  1.1341157  -0.53096404
  1.09924924 -1.96221359 -0.15757071  2.27533455 -0.07804176  0.55052798
  2.37955552  0.6530815   2.64036009  2.76122887  2.73564686 -2.92295393
  0.36702243 -0.38368049  1.6695523   2.94614658 -0.35623235 -2.32490926
  2.68156201 -3.16352693  0.65636161 -0.67131479 -1.75723348  3.04886279
 -1.94899808 -1.61054609 -2.51857406  2.3223587  -2.13739759  1.99382861
  1.7588821   1.43259147  2.5457765   2.92163465  1.9625502   1.44940554
 -1.74470184 -2.36854696  1.22206311  0.63431387  1.62516458 -2.76356006
 -0.1225643   2.40615459 -1.1320839   1.23681105  1.31721009  0.71738801
 -0.98455365  1.1926823   0.79847269 -0.3223279   2.75464347 -2.11128149
  1.56101913 -0.60643879  0.98938916 -3.1782743  -2.23914576  0.33569303
 -1.13609156 -0.42838581  0.29776729 -0.02816011 -1.82759498 -0.21593258
 -0.61907163  2.88019008 -1.19131848 -1.19251993 -1.06877586  1.28607249
  1.67358448 -0.82448601  2.11390982 -1.74358539 -0.19539377 -0.84442516
 -3.01759027  3.02324939 -1.74647918  3.00044448 -1.3488109  -2.59385137
  3.37911133 -1.08516046 -0.74113565 -2.90729233 -2.48035707  2.93572562
 -2.02091425 -1.68149729 -0.40162544  3.01439261  0.20595412  0.05846814
 -1.5548307  -0.18276863 -1.66724969 -2.99933439  2.90684629  1.19288967
 -0.28771159 -2.33210271  0.92965439 -1.16409535 -0.3545516  -2.16128424
 -1.95850112  1.82784882 -1.06349258  2.61522748 -0.54096593 -3.17053022
 -2.87995899  1.89044472 -3.0354704  -0.26644959 -0.95245232 -0.116398
  2.46428761  1.81295375 -0.08254587 -2.16280522 -2.94342334  0.05790129
 -0.81969992  1.41950038 -2.54537386  0.94118418 -0.16161149  0.15327875
  1.98379949  0.62579544  0.72214412 -1.2442968   1.621246    2.53556721
  1.29422363  0.27397802 -1.01898456  2.60979373  0.81018792 -2.17135719
  0.06850937  1.71687923  1.02485016 -0.63634771 -2.30654234  2.44677965
  2.06741277  1.65856714  2.30467202  1.76722    -1.80752458 -2.8269428
  0.58093858  1.39354961 -2.40017083 -1.32145375  2.42631751  1.3396533
 -0.06537629 -1.71423368 -1.53621572  1.97768844  1.53446573 -0.84447483
 -0.11040866 -0.31651498 -0.15574367  2.42342037 -0.46275355 -0.64978679
  0.94020174 -2.31101906  0.99980838  2.62830539 -0.53171364  2.17080859
 -1.86992342 -0.98930337 -2.41328444 -2.27793132 -1.41371916 -2.89452008
  1.6082863   1.77712466  1.63140148  1.06714431  1.4125986  -2.29935419
 -2.66294355  1.73085665  0.98673789 -0.35312173 -2.60164137  1.593705
 -1.2142652  -2.51953737  0.03657077]
Thu Jun 13 20:25:24 2024,121,0.19113820778535634,[-2.90440348  2.31244194 -1.78120624  0.0824733   0.43695039 -3.04781671
  3.11207805  2.03410787  1.0984802  -1.02735099  0.49731267  1.29093327
  1.35308678 -1.8480895   0.77326809  2.96740606 -0.45407692 -0.47038559
 -1.945698    0.68208391  1.63733756  2.84448165 -1.34676279 -0.3263097
 -2.23051364 -2.10610265  3.06851522  2.79423162 -0.69833969 -2.70756072
  1.54498527 -0.25002762 -2.41950233  1.94751171  1.12966083 -0.53541891
  1.10370412 -1.96666846 -0.15311584  2.27087967 -0.07358688  0.54607311
  2.38401039  0.64862662  2.64481497  2.75677399  2.74010174 -2.91849906
  0.36256755 -0.38813536  1.66509742  2.95060146 -0.36068722 -2.32045439
  2.68601688 -3.15907205  0.65190673 -0.67576967 -1.76168835  3.05331767
 -1.94454321 -1.61500097 -2.51411919  2.32681358 -2.14185247  1.99828348
  1.76333698  1.43704634  2.54132163  2.92608953  1.95809533  1.44495067
 -1.74024696 -2.36409209  1.22651798  0.62985899  1.6207097  -2.76801493
 -0.11810943  2.41060947 -1.12762902  1.24126593  1.32166496  0.71293314
 -0.98900852  1.18822742  0.79401781 -0.31787302  2.75018859 -2.11573636
  1.55656425 -0.61089367  0.99384403 -3.18272918 -2.23469089  0.33123815
 -1.14054643 -0.42393094  0.30222216 -0.02370523 -1.8231401  -0.2114777
 -0.61461675  2.88464496 -1.19577336 -1.18806505 -1.06432099  1.29052736
  1.6691296  -0.82894088  2.11836469 -1.73913051 -0.19093889 -0.83997028
 -3.01313539  3.02770426 -1.75093405  3.00489936 -1.34435603 -2.58939649
  3.37465646 -1.08070558 -0.74559052 -2.90283746 -2.47590219  2.93127075
 -2.02536912 -1.68595217 -0.40608032  3.01884748  0.210409    0.06292301
 -1.55928558 -0.18722351 -1.66279481 -2.99487951  2.90239141  1.1884348
 -0.28325671 -2.32764784  0.93410927 -1.15964047 -0.35009673 -2.16573911
 -1.96295599  1.8323037  -1.0590377   2.6107726  -0.54542081 -3.1749851
 -2.88441387  1.89489959 -3.03992528 -0.27090447 -0.95690719 -0.11194312
  2.45983274  1.80849888 -0.08700074 -2.16726009 -2.93896847  0.05344641
 -0.81524504  1.42395526 -2.54091898  0.94563906 -0.16606636  0.15773362
  1.98825437  0.62134056  0.726599   -1.24875168  1.62570088  2.54002209
  1.2986785   0.26952314 -1.02343944  2.61424861  0.80573304 -2.16690231
  0.07296424  1.7213341   1.02039529 -0.63189283 -2.31099722  2.45123453
  2.06295789  1.65411226  2.30021714  1.77167487 -1.81197945 -2.82248792
  0.5764837   1.38909474 -2.4046257  -1.31699888  2.42186263  1.34410818
 -0.06983116 -1.71868855 -1.5406706   1.98214331  1.53892061 -0.84001996
 -0.11486353 -0.3120601  -0.16019854  2.41896549 -0.45829867 -0.65424167
  0.94465662 -2.31547394  1.00426326  2.62385051 -0.52725876  2.16635372
 -1.8743783  -0.9848485  -2.40882956 -2.2823862  -1.40926428 -2.89897496
  1.61274118  1.78157953  1.63585635  1.06268943  1.40814373 -2.30380906
 -2.66739843  1.73531153  0.99119277 -0.35757661 -2.59718649  1.59815987
 -1.20981033 -2.51508249  0.0321159 ]
Thu Jun 13 20:25:38 2024,122,0.18997646218785164,[-2.89598435  2.32086107 -1.77278711  0.09089243  0.42853126 -3.05623584
  3.10365892  2.02568874  1.10689933 -1.01893186  0.5057318   1.28251413
  1.34466765 -1.83967037  0.78168722  2.95898693 -0.44565779 -0.46196646
 -1.93727887  0.69050305  1.62891843  2.85290078 -1.35518193 -0.33472883
 -2.22209451 -2.11452178  3.06009608  2.78581249 -0.70675882 -2.69914159
  1.5534044  -0.24160849 -2.4110832   1.93909258  1.13807996 -0.54383805
  1.11212325 -1.97508759 -0.16153497  2.2792988  -0.08200601  0.53765398
  2.39242952  0.64020749  2.6532341   2.74835486  2.7316826  -2.91007993
  0.37098668 -0.3965545   1.67351656  2.95902059 -0.36910636 -2.31203525
  2.67759775 -3.16749118  0.66032587 -0.6841888  -1.75326922  3.04489854
 -1.95296234 -1.60658184 -2.50570006  2.33523271 -2.13343334  2.00670261
  1.77175611  1.44546548  2.54974076  2.9176704   1.96651446  1.4533698
 -1.73182783 -2.35567295  1.21809885  0.62143986  1.62912883 -2.77643407
 -0.1096903   2.40219034 -1.13604815  1.24968506  1.33008409  0.70451401
 -0.98058939  1.17980829  0.80243694 -0.30945389  2.74176946 -2.10731723
  1.54814512 -0.60247454  0.9854249  -3.19114831 -2.22627175  0.32281902
 -1.1321273  -0.4155118   0.29380303 -0.0152861  -1.83155923 -0.21989683
 -0.60619762  2.89306409 -1.18735423 -1.19648418 -1.07274012  1.28210823
  1.67754873 -0.82052175  2.10994556 -1.74754964 -0.18251976 -0.84838941
 -3.00471626  3.03612339 -1.74251492  2.99648022 -1.3359369  -2.58097736
  3.38307559 -1.07228645 -0.73717139 -2.89441832 -2.46748306  2.93968988
 -2.01694999 -1.6943713  -0.41449945  3.01042835  0.20198987  0.07134214
 -1.55086645 -0.17880438 -1.67121394 -3.00329864  2.89397228  1.19685393
 -0.29167584 -2.3192287   0.92569014 -1.15122134 -0.3416776  -2.15731998
 -1.95453686  1.84072283 -1.05061857  2.61919174 -0.53700167 -3.16656597
 -2.892833    1.90331872 -3.04834441 -0.2793236  -0.94848806 -0.10352399
  2.45141361  1.81691801 -0.07858161 -2.15884096 -2.9473876   0.06186554
 -0.80682591  1.43237439 -2.54933812  0.95405819 -0.1744855   0.16615276
  1.9966735   0.6297597   0.73501813 -1.24033255  1.63412001  2.54844122
  1.29025937  0.27794227 -1.01502031  2.62266774  0.81415218 -2.17532144
  0.08138337  1.71291497  1.02881442 -0.6234737  -2.30257809  2.4428154
  2.07137702  1.64569313  2.29179801  1.780094   -1.82039858 -2.83090705
  0.58490283  1.39751387 -2.39620657 -1.30857975  2.4134435   1.35252731
 -0.06141203 -1.71026942 -1.54908973  1.99056244  1.53050148 -0.83160083
 -0.12328266 -0.30364097 -0.15177941  2.41054636 -0.4667178  -0.6626608
  0.95307575 -2.30705481  0.99584412  2.61543138 -0.5356779   2.17477285
 -1.86595916 -0.99326763 -2.40041043 -2.27396707 -1.40084515 -2.89055583
  1.62116031  1.78999867  1.64427548  1.0542703   1.41656286 -2.31222819
 -2.67581756  1.7268924   0.9996119  -0.34915748 -2.58876736  1.606579
 -1.20139119 -2.50666336  0.04053503]
Thu Jun 13 20:25:52 2024,123,0.1892677071266354,[-2.90038827  2.31645715 -1.77719104  0.08648851  0.42412733 -3.06063977
  3.09925499  2.03009266  1.10249541 -1.02333579  0.51013573  1.28691806
  1.34026372 -1.83526644  0.7772833   2.96339085 -0.44125387 -0.46637038
 -1.94168279  0.68609912  1.62451451  2.8573047  -1.35958585 -0.33913275
 -2.21769059 -2.11011786  3.05569216  2.78140857 -0.71116275 -2.70354551
  1.54900047 -0.24601241 -2.40667928  1.9434965   1.13367603 -0.54824197
  1.11652717 -1.97068367 -0.16593889  2.28370273 -0.08640994  0.5420579
  2.39683345  0.63580357  2.64883018  2.75275879  2.73608653 -2.905676
  0.37539061 -0.39215057  1.67792048  2.96342452 -0.37351028 -2.30763133
  2.68200168 -3.17189511  0.66472979 -0.68859273 -1.75767315  3.04930246
 -1.95736627 -1.60217791 -2.51010398  2.33082878 -2.13783726  2.01110654
  1.77616004  1.44106155  2.55414468  2.92207432  1.97091838  1.44896587
 -1.72742391 -2.36007688  1.22250278  0.61703594  1.62472491 -2.78083799
 -0.11409422  2.40659426 -1.13164423  1.24528114  1.32568017  0.70011008
 -0.97618547  1.18421221  0.80684087 -0.30504997  2.74617338 -2.11172116
  1.55254905 -0.60687846  0.98102098 -3.18674439 -2.23067568  0.32722294
 -1.12772337 -0.41991573  0.28939911 -0.01969002 -1.82715531 -0.21549291
 -0.6017937   2.89746801 -1.19175815 -1.20088811 -1.07714404  1.28651215
  1.67314481 -0.81611783  2.10554164 -1.74314572 -0.18692368 -0.85279334
 -3.00031234  3.04052732 -1.738111    3.00088415 -1.34034082 -2.58538128
  3.38747951 -1.07669037 -0.74157532 -2.8900144  -2.47188699  2.93528595
 -2.01254607 -1.68996738 -0.41890337  3.01483228  0.19758594  0.06693822
 -1.55527037 -0.1832083  -1.66681002 -3.00770257  2.88956836  1.19245
 -0.29607977 -2.31482478  0.92128621 -1.15562527 -0.33727367 -2.15291606
 -1.95894078  1.8363189  -1.0550225   2.62359566 -0.53259775 -3.17096989
 -2.88842908  1.8989148  -3.04394049 -0.27491967 -0.95289199 -0.09912007
  2.44700968  1.81251409 -0.08298554 -2.15443703 -2.95179152  0.06626947
 -0.81122984  1.42797046 -2.54493419  0.94965426 -0.17008157  0.16174883
  1.99226957  0.62535577  0.73942205 -1.24473647  1.62971608  2.55284515
  1.29466329  0.27353835 -1.01061638  2.62707166  0.80974825 -2.17972537
  0.0857873   1.70851105  1.03321834 -0.62787762 -2.30698201  2.43841147
  2.07578095  1.65009706  2.28739409  1.78449793 -1.81599466 -2.83531098
  0.58049891  1.39310994 -2.39180265 -1.31298367  2.40903957  1.35693124
 -0.05700811 -1.7058655  -1.5446858   1.99496637  1.5349054  -0.8271969
 -0.12768659 -0.30804489 -0.15618334  2.41495029 -0.46231388 -0.65825688
  0.95747968 -2.31145873  0.9914402   2.6198353  -0.54008182  2.17036893
 -1.87036309 -0.9888637  -2.3960065  -2.26956314 -1.40524907 -2.8861519
  1.62556423  1.78559474  1.63987156  1.04986638  1.41215894 -2.31663212
 -2.67141364  1.73129632  0.99520798 -0.3535614  -2.58436344  1.61098293
 -1.19698727 -2.51106728  0.04493895]
Thu Jun 13 20:26:32 2024,124,0.18926132907364152,[-2.90055778  2.31662666 -1.77702152  0.08665802  0.42395782 -3.06047025
  3.09908548  2.03026218  1.10266492 -1.0235053   0.50996621  1.28674854
  1.34009421 -1.83543596  0.77711378  2.96322134 -0.44142338 -0.46653989
 -1.94151328  0.68592961  1.62434499  2.85747422 -1.35941634 -0.33896324
 -2.2178601  -2.10994834  3.05552265  2.78157808 -0.71099323 -2.703376
  1.54916999 -0.2458429  -2.40650976  1.94332699  1.13384555 -0.54807246
  1.11669669 -1.97085318 -0.16610841  2.28387224 -0.08657945  0.54222741
  2.39700296  0.63563405  2.64899969  2.7529283   2.73625604 -2.90550649
  0.37522109 -0.39232009  1.67808999  2.96359403 -0.37334077 -2.30780084
  2.68217119 -3.17172559  0.6648993  -0.68842321 -1.75784266  3.04913295
 -1.95753578 -1.60234743 -2.51027349  2.3309983  -2.13800677  2.01093702
  1.77632955  1.44089204  2.5543142   2.92224383  1.97074887  1.44879636
 -1.72759342 -2.35990736  1.22267229  0.61686642  1.62489442 -2.78066848
 -0.11392471  2.40676377 -1.13147471  1.24511162  1.32551066  0.69994057
 -0.97601595  1.18438173  0.80667135 -0.30521948  2.7463429  -2.11155164
  1.55237953 -0.60704797  0.98119049 -3.18657487 -2.23084519  0.32739246
 -1.12755386 -0.41974621  0.28956862 -0.01952051 -1.8269858  -0.21566242
 -0.60196321  2.8972985  -1.19158864 -1.20071859 -1.07731356  1.28668167
  1.67297529 -0.81628734  2.10571115 -1.74331523 -0.18675417 -0.85262382
 -3.00014282  3.04069683 -1.73794148  3.00105366 -1.34017131 -2.58521177
  3.38731    -1.07685989 -0.74174483 -2.89018391 -2.4720565   2.93511644
 -2.01237655 -1.69013689 -0.41873386  3.01500179  0.19741643  0.06710773
 -1.55543989 -0.18303879 -1.66664051 -3.00787208  2.88973787  1.19261952
 -0.29591025 -2.31465526  0.92145573 -1.15545575 -0.33710416 -2.15274654
 -1.9591103   1.83648842 -1.05519201  2.62342615 -0.53276726 -3.17080038
 -2.88825956  1.89908431 -3.04377097 -0.27508919 -0.9530615  -0.09895055
  2.44684017  1.8126836  -0.08315505 -2.15460655 -2.95196104  0.06643898
 -0.81139935  1.42780095 -2.5451037   0.94982378 -0.17025109  0.16157932
  1.99210006  0.62552529  0.73925254 -1.24490599  1.62954657  2.55301466
  1.29483281  0.27336883 -1.01044687  2.62690215  0.80991777 -2.17955585
  0.08561778  1.70834153  1.03304883 -0.62770811 -2.3068125   2.43824196
  2.07595046  1.65026657  2.2875636   1.78466744 -1.81616417 -2.83514146
  0.58032939  1.39327946 -2.39197216 -1.31281416  2.40887006  1.35710075
 -0.05683859 -1.70603501 -1.54451629  1.99513588  1.53473589 -0.82736642
 -0.12751707 -0.30821441 -0.15635285  2.41478077 -0.46214437 -0.65842639
  0.95764919 -2.31128922  0.99160971  2.61966579 -0.53991231  2.17053844
 -1.8705326  -0.98903322 -2.39583699 -2.26939363 -1.40507956 -2.88632141
  1.62573375  1.78576426  1.63970204  1.04969686  1.41232845 -2.3164626
 -2.67124412  1.73112681  0.99503846 -0.35339189 -2.58419392  1.61081342
 -1.19681776 -2.51089777  0.04476944]
Thu Jun 13 20:26:49 2024,125,0.1882287156379645,[-2.90480152  2.31238293 -1.78126525  0.08241429  0.42820155 -3.06471398
  3.09484175  2.03450591  1.10690865 -1.01926157  0.51420995  1.29099228
  1.34433794 -1.83119223  0.78135752  2.9589776  -0.44566711 -0.46229616
 -1.93726954  0.68168587  1.62010126  2.85323049 -1.3551726  -0.34320697
 -2.21361637 -2.10570461  3.05127891  2.78582181 -0.7067495  -2.69913226
  1.54492625 -0.24159917 -2.41075349  1.93908326  1.12960182 -0.54382872
  1.12094042 -1.96660945 -0.17035214  2.28811598 -0.08233572  0.53798368
  2.4012467   0.63987778  2.64475596  2.75717203  2.73201231 -2.90975022
  0.37097736 -0.38807635  1.67384626  2.9593503  -0.3775845  -2.30355711
  2.68641492 -3.17596933  0.66065557 -0.69266694 -1.75359893  3.05337668
 -1.96177951 -1.59810369 -2.50602976  2.33524203 -2.13376304  2.00669329
  1.78057328  1.44513577  2.55855793  2.92648757  1.96650513  1.44455263
 -1.73183715 -2.35566363  1.21842856  0.62111016  1.62065069 -2.78491221
 -0.10968097  2.41100751 -1.12723098  1.24935536  1.32126692  0.7041843
 -0.97177222  1.18862546  0.80242762 -0.30097575  2.75058663 -2.11579538
  1.55662326 -0.61129171  0.97694676 -3.18233114 -2.22660146  0.32314872
 -1.12331013 -0.42398995  0.28532489 -0.02376424 -1.82274206 -0.21990615
 -0.59771948  2.89305477 -1.19583237 -1.19647486 -1.07306982  1.28243794
  1.67721903 -0.81204361  2.10146742 -1.74755896 -0.1909979  -0.84838009
 -2.99589909  3.0364531  -1.73369775  3.0052974  -1.33592757 -2.58096804
  3.39155373 -1.08110362 -0.74598856 -2.89442765 -2.47630023  2.93087271
 -2.01662029 -1.69438062 -0.42297759  3.01075806  0.1931727   0.062864
 -1.55119615 -0.17879506 -1.67088424 -3.00362835  2.8939816   1.18837578
 -0.29166652 -2.318899    0.92569946 -1.15121202 -0.33286042 -2.15699027
 -1.95486657  1.83224469 -1.05943574  2.61918241 -0.52852353 -3.16655665
 -2.88401583  1.90332805 -3.03952724 -0.27084545 -0.94881777 -0.10319428
  2.4510839   1.81692733 -0.08739878 -2.15036282 -2.9477173   0.06219525
 -0.80715562  1.42355722 -2.54085997  0.94558005 -0.16600735  0.16582305
  1.98785633  0.62976902  0.74349627 -1.24066225  1.6337903   2.55725839
  1.29907654  0.27761257 -1.0146906   2.63114588  0.80567403 -2.18379958
  0.08137405  1.7040978   1.03729256 -0.63195184 -2.30256877  2.44248569
  2.07170673  1.64602284  2.28331987  1.78042371 -1.82040791 -2.83089773
  0.57608566  1.39752319 -2.39621589 -1.30857042  2.40462633  1.35285702
 -0.06108232 -1.70179128 -1.54876002  1.99089215  1.53897962 -0.82312268
 -0.13176081 -0.31245814 -0.15210912  2.41902451 -0.4663881  -0.66267012
  0.96189292 -2.31553295  0.99585345  2.62390952 -0.53566857  2.17478217
 -1.86628887 -0.98478949 -2.39159326 -2.26514989 -1.40083583 -2.88207768
  1.62997748  1.78152052  1.63545831  1.05394059  1.41657218 -2.31221887
 -2.66700039  1.73537054  0.99079473 -0.34914815 -2.57995019  1.61505715
 -1.20106149 -2.50665404  0.04901317]
Thu Jun 13 20:27:05 2024,126,0.18814911466459447,[-2.9057995   2.31338091 -1.78026727  0.08141631  0.42720357 -3.063716
  3.09583973  2.03350793  1.10591067 -1.02025955  0.51520793  1.29199026
  1.34333996 -1.83019424  0.78035953  2.95797962 -0.44466913 -0.46129818
 -1.93627156  0.68068789  1.62109924  2.85422847 -1.35617059 -0.34420495
 -2.21261839 -2.10670259  3.05028093  2.78482383 -0.70575152 -2.69813428
  1.54392827 -0.24060118 -2.40975551  1.93808528  1.1305998  -0.54482671
  1.11994244 -1.96760743 -0.17135012  2.28711799 -0.08133774  0.5369857
  2.40024871  0.6388798   2.64375798  2.75817002  2.73301029 -2.90875224
  0.36997938 -0.38707837  1.67484424  2.96034828 -0.37858248 -2.30455509
  2.68541694 -3.17696731  0.66165355 -0.69366493 -1.75459691  3.0523787
 -1.96078153 -1.59710571 -2.50503178  2.33424405 -2.13476102  2.00769127
  1.7795753   1.44413779  2.55755995  2.92548959  1.96550715  1.44355465
 -1.73083917 -2.35666161  1.21743058  0.62210814  1.62164867 -2.78391423
 -0.10868299  2.41200549 -1.126233    1.24835737  1.32026894  0.70318632
 -0.9727702   1.18962344  0.80142964 -0.29997777  2.74958865 -2.11479739
  1.55762125 -0.61228969  0.97794474 -3.18133316 -2.22560348  0.32215074
 -1.12231215 -0.42498793  0.28432691 -0.02276626 -1.82374004 -0.21890817
 -0.59871746  2.89205679 -1.19483439 -1.19747284 -1.07207184  1.28343592
  1.67821701 -0.81104563  2.10046944 -1.74855694 -0.19199588 -0.84937807
 -2.99689707  3.03545512 -1.73269977  3.00629538 -1.33692555 -2.57997005
  3.39255171 -1.0821016  -0.74698654 -2.89342967 -2.47729822  2.92987472
 -2.0156223  -1.6953786  -0.42397557  3.00976008  0.19217471  0.06186602
 -1.55019817 -0.17979304 -1.67188222 -3.00263037  2.89497959  1.18937377
 -0.2926645  -2.31989698  0.92669744 -1.15221    -0.33385841 -2.15599229
 -1.95586455  1.83124671 -1.06043373  2.61818443 -0.52952151 -3.16555866
 -2.88301785  1.90432603 -3.03852926 -0.27184344 -0.94781979 -0.10419227
  2.45008592  1.81592935 -0.0864008  -2.1513608  -2.94671932  0.06319323
 -0.80615764  1.42255923 -2.53986199  0.94657803 -0.16500937  0.16482507
  1.98685835  0.630767    0.74449425 -1.23966427  1.63279232  2.55626041
  1.30007452  0.27661458 -1.01369262  2.63214386  0.80667201 -2.18479756
  0.08237203  1.70309982  1.03829054 -0.63294982 -2.30356675  2.44348367
  2.07070875  1.64702082  2.28431785  1.77942573 -1.82140589 -2.82989975
  0.57708364  1.39852117 -2.39521791 -1.30757244  2.40562431  1.353855
 -0.06008434 -1.70278926 -1.549758    1.99189013  1.53798164 -0.8221247
 -0.13076283 -0.31146016 -0.1531071   2.41802652 -0.46539012 -0.6636681
  0.96089494 -2.31453497  0.99485546  2.62291154 -0.53666656  2.17378419
 -1.86728685 -0.9837915  -2.39259124 -2.26614788 -1.40183381 -2.8810797
  1.63097546  1.7825185   1.63645629  1.05493858  1.41757016 -2.31122089
 -2.66600241  1.73437256  0.98979675 -0.34815017 -2.58094817  1.61405917
 -1.20205947 -2.50765202  0.04801519]
Thu Jun 13 20:27:19 2024,127,0.18815841392751642,[-2.90404757  2.31162898 -1.7820192   0.07966438  0.4289555  -3.06546793
  3.0940878   2.03525986  1.10415874 -1.02201148  0.513456    1.29023833
  1.34509189 -1.82844232  0.78211146  2.9562277  -0.44642106 -0.45954625
 -1.93451964  0.67893597  1.61934731  2.8559804  -1.35792251 -0.34245302
 -2.21086646 -2.10845452  3.05203286  2.78657576 -0.70750345 -2.69638235
  1.5456802  -0.24235311 -2.41150744  1.93633335  1.13235172 -0.54657863
  1.11819051 -1.96935936 -0.16959819  2.28886992 -0.08308967  0.53523377
  2.40200064  0.64063173  2.64550991  2.75641809  2.73125836 -2.91050417
  0.36822745 -0.38532644  1.67659617  2.96210021 -0.37683055 -2.30630702
  2.68716887 -3.17871924  0.66340548 -0.69541685 -1.75284498  3.05413063
 -1.96253346 -1.59885764 -2.50678371  2.33249212 -2.1330091   2.00593935
  1.78132723  1.44588972  2.55580802  2.92373766  1.96725908  1.44530657
 -1.7325911  -2.35490969  1.21567865  0.62035621  1.61989674 -2.7821623
 -0.11043492  2.41025356 -1.12798493  1.24660545  1.32202087  0.70493825
 -0.97452213  1.18787151  0.79967771 -0.29822584  2.75134058 -2.11304547
  1.55937317 -0.61404162  0.97969667 -3.18308509 -2.22385155  0.32390267
 -1.12056022 -0.423236    0.28607884 -0.02101433 -1.82549197 -0.21715624
 -0.60046939  2.89030486 -1.19308246 -1.19922477 -1.07031991  1.28518785
  1.67646508 -0.8092937   2.09871751 -1.74680502 -0.19024395 -0.85113
 -2.998649    3.03370319 -1.7344517   3.0080473  -1.33517363 -2.58172198
  3.39430364 -1.08034967 -0.74873847 -2.89518159 -2.47554629  2.9281228
 -2.01737423 -1.69362668 -0.4257275   3.00800815  0.19042279  0.06011409
 -1.54844624 -0.18154496 -1.67013029 -3.00438229  2.89322766  1.18762184
 -0.29091257 -2.31814505  0.92494551 -1.15045807 -0.33210648 -2.15774422
 -1.95411262  1.83299863 -1.06218565  2.61993636 -0.52776959 -3.16731059
 -2.88126592  1.90607796 -3.04028119 -0.27009151 -0.94957171 -0.10594419
  2.45183785  1.81417742 -0.08464887 -2.15311273 -2.94496739  0.06494516
 -0.80440571  1.42080731 -2.54161392  0.94832996 -0.16325744  0.16307314
  1.98861027  0.62901507  0.74624618 -1.23791234  1.63104039  2.55801234
  1.29832259  0.27486266 -1.01544455  2.63039194  0.80842394 -2.18654949
  0.08062011  1.70134789  1.04004247 -0.6311979  -2.30181482  2.44173174
  2.07246067  1.64526889  2.28606978  1.78117766 -1.82315782 -2.82814782
  0.57533171  1.4002731  -2.39696984 -1.30932437  2.40387238  1.35210307
 -0.05833241 -1.70454119 -1.55150993  1.99364206  1.53622971 -0.82387663
 -0.1290109  -0.31321209 -0.15485903  2.41977845 -0.46714205 -0.66542003
  0.96264687 -2.3162869   0.99310354  2.62115961 -0.53841848  2.17203226
 -1.86903878 -0.98203958 -2.39434317 -2.2678998  -1.40358574 -2.88283163
  1.62922353  1.78076658  1.63820822  1.0566905   1.41581824 -2.30946896
 -2.66775434  1.73612449  0.99154868 -0.3499021  -2.5827001   1.61230724
 -1.2038114  -2.50590009  0.04976712]
Thu Jun 13 20:27:35 2024,128,0.1874324197998853,[-2.90863018  2.30704637 -1.78660181  0.08424699  0.43353811 -3.06088532
  3.09867041  2.03984246  1.09957614 -1.02659409  0.50887339  1.28565572
  1.3496745  -1.82385971  0.78669407  2.9608103  -0.44183845 -0.46412886
 -1.92993703  0.67435336  1.61476471  2.860563   -1.35333991 -0.33787041
 -2.20628385 -2.11303713  3.05661547  2.78199315 -0.71208605 -2.69179975
  1.55026281 -0.24693572 -2.40692483  1.93175074  1.12776912 -0.55116124
  1.12277312 -1.97394197 -0.1741808   2.28428731 -0.08767228  0.53981638
  2.39741803  0.64521434  2.65009251  2.7610007   2.73584097 -2.90592156
  0.37281006 -0.38074384  1.67201356  2.9575176  -0.38141316 -2.31088963
  2.68258626 -3.17413663  0.66798809 -0.69083425 -1.75742759  3.05871324
 -1.96711607 -1.60344025 -2.5022011   2.33707473 -2.12842649  2.01052195
  1.78590984  1.44130711  2.56039063  2.92832027  1.96267647  1.44072397
 -1.72800849 -2.35949229  1.22026126  0.62493882  1.62447935 -2.77757969
 -0.11501753  2.41483617 -1.13256754  1.24202284  1.31743826  0.70952086
 -0.97910474  1.19245412  0.80426032 -0.29364323  2.75592319 -2.11762807
  1.55479057 -0.61862422  0.98427928 -3.18766769 -2.21926894  0.32848528
 -1.12514283 -0.41865339  0.29066144 -0.01643173 -1.82090936 -0.22173885
 -0.605052    2.89488747 -1.18849985 -1.20380738 -1.06573731  1.28060524
  1.67188247 -0.81387631  2.10330012 -1.74222241 -0.19482656 -0.85571261
 -3.00323161  3.0382858  -1.72986909  3.01262991 -1.33975623 -2.58630459
  3.39888625 -1.08493228 -0.75332108 -2.8997642  -2.4801289   2.92354019
 -2.02195684 -1.68904407 -0.42114489  3.01259076  0.18584018  0.05553148
 -1.55302885 -0.17696236 -1.66554768 -3.0089649   2.89781026  1.19220445
 -0.29549518 -2.32272766  0.92952812 -1.15504068 -0.32752387 -2.15316161
 -1.95869523  1.82841603 -1.05760305  2.61535375 -0.53235219 -3.1718932
 -2.88584853  1.91066056 -3.03569858 -0.2655089  -0.94498911 -0.10136159
  2.44725524  1.80959482 -0.08923148 -2.15769533 -2.94038479  0.06952777
 -0.7998231   1.42538991 -2.53703131  0.95291256 -0.16784005  0.16765575
  1.98402767  0.63359768  0.74166357 -1.23332974  1.635623    2.55342973
  1.29373999  0.27944526 -1.01086194  2.62580933  0.80384133 -2.1911321
  0.0760375   1.69676528  1.03545986 -0.62661529 -2.30639743  2.43714914
  2.07704328  1.64068628  2.28148717  1.78576027 -1.82774042 -2.83273043
  0.57074911  1.39569049 -2.39238723 -1.30474176  2.40845499  1.35668568
 -0.06291502 -1.70912379 -1.54692732  1.98905945  1.54081232 -0.81929402
 -0.12442829 -0.30862948 -0.15944163  2.42436106 -0.47172465 -0.66083742
  0.95806426 -2.3208695   0.99768614  2.62574222 -0.54300109  2.16744966
 -1.87362139 -0.98662218 -2.39892578 -2.2633172  -1.40816834 -2.88741424
  1.63380614  1.78534918  1.63362561  1.06127311  1.41123563 -2.31405157
 -2.66317173  1.74070709  0.98696607 -0.34531949 -2.57811749  1.60772463
 -1.20839401 -2.5104827   0.04518451]
Thu Jun 13 20:27:49 2024,129,0.18688520521470403,[-2.9122968   2.310713   -1.78293519  0.08791361  0.43720473 -3.0572187
  3.10233703  2.03617584  1.10324276 -1.02292747  0.51254001  1.28932234
  1.35334112 -1.82019309  0.79036069  2.95714368 -0.43817183 -0.46046224
 -1.92627041  0.67068674  1.61109808  2.85689638 -1.34967328 -0.34153704
 -2.20995047 -2.10937051  3.06028209  2.78565977 -0.70841943 -2.69546637
  1.55392943 -0.2432691  -2.40325821  1.92808412  1.1241025  -0.55482786
  1.12643974 -1.97027535 -0.17784742  2.28795394 -0.08400565  0.543483
  2.39375141  0.64888096  2.65375914  2.76466732  2.73217435 -2.90958818
  0.36914344 -0.37707721  1.66834694  2.96118422 -0.37774654 -2.31455625
  2.67891964 -3.17780325  0.67165471 -0.68716763 -1.75376097  3.05504661
 -1.97078269 -1.59977363 -2.49853448  2.34074135 -2.13209311  2.00685533
  1.78957646  1.44497373  2.56405725  2.92465364  1.96634309  1.44439059
 -1.72434187 -2.35582567  1.21659464  0.6212722   1.62081273 -2.77391307
 -0.11135091  2.41850279 -1.12890091  1.24568946  1.31377164  0.70585423
 -0.98277136  1.19612074  0.80792694 -0.28997661  2.75225656 -2.11396145
  1.55845719 -0.62229085  0.9879459  -3.19133432 -2.22293556  0.3321519
 -1.12880945 -0.42232001  0.29432807 -0.0127651  -1.81724274 -0.21807223
 -0.60871862  2.89122084 -1.19216647 -1.207474   -1.06940393  1.28427186
  1.66821585 -0.81754293  2.09963349 -1.73855579 -0.19849318 -0.85204599
 -3.00689823  3.03461918 -1.73353571  3.01629653 -1.34342286 -2.58263797
  3.40255287 -1.08126566 -0.7569877  -2.89609758 -2.47646227  2.92720681
 -2.01829022 -1.68537745 -0.41747827  3.01625738  0.18217356  0.0591981
 -1.54936223 -0.17329574 -1.66921431 -3.00529828  2.90147689  1.19587107
 -0.2991618  -2.32639428  0.9258615  -1.1587073  -0.32385725 -2.15682823
 -1.95502861  1.8247494  -1.06126967  2.61902037 -0.53601881 -3.16822658
 -2.88951515  1.91432719 -3.03203196 -0.26184228 -0.94865573 -0.10502821
  2.44358862  1.81326144 -0.08556486 -2.15402871 -2.93671817  0.07319439
 -0.80348972  1.42172329 -2.53336469  0.94924594 -0.16417343  0.16398913
  1.98769429  0.62993106  0.73799695 -1.22966311  1.63195638  2.55709635
  1.29740661  0.28311189 -1.01452856  2.62214271  0.80017471 -2.18746548
  0.07237088  1.69309866  1.03179324 -0.62294867 -2.31006405  2.43348252
  2.07337666  1.6443529   2.27782055  1.78942689 -1.83140705 -2.82906381
  0.56708248  1.39202387 -2.39605385 -1.30840838  2.40478837  1.35301906
 -0.06658164 -1.71279042 -1.5432607   1.98539283  1.54447894 -0.82296064
 -0.12809491 -0.30496286 -0.15577501  2.42802768 -0.46805803 -0.66450405
  0.96173088 -2.31720288  0.99401952  2.6220756  -0.54666771  2.16378303
 -1.87728801 -0.98295556 -2.39525915 -2.25965057 -1.40450172 -2.88374762
  1.63013952  1.78901581  1.62995899  1.06493973  1.41490225 -2.31038495
 -2.66683835  1.73704047  0.98329945 -0.34165287 -2.57445087  1.60405801
 -1.20472738 -2.50681608  0.04885113]
Thu Jun 13 20:28:13 2024,130,0.18679050537873013,[-2.9142112   2.3087986  -1.78102079  0.08982801  0.43911912 -3.0591331
  3.10425142  2.03426145  1.10132836 -1.02484186  0.51445441  1.29123674
  1.35142672 -1.81827869  0.79227509  2.95522929 -0.44008623 -0.45854784
 -1.92435601  0.67260113  1.61301248  2.85881078 -1.35158768 -0.34345143
 -2.20803607 -2.1112849   3.06219649  2.78757417 -0.70650504 -2.69738076
  1.55584383 -0.2451835  -2.40517261  1.92616972  1.12601689 -0.55291347
  1.12835413 -1.97218974 -0.17593303  2.28986833 -0.08209126  0.5415686
  2.39183702  0.64696656  2.65184474  2.76275292  2.73025995 -2.90767378
  0.37105783 -0.37899161  1.67026134  2.95926982 -0.37966093 -2.31647065
  2.67700524 -3.17588885  0.67356911 -0.68908202 -1.75567536  3.05313222
 -1.96886829 -1.59785923 -2.49662008  2.34265575 -2.13400751  2.00494094
  1.78766206  1.44688813  2.56214285  2.92656804  1.96825749  1.44630498
 -1.72242748 -2.35774007  1.21850903  0.62318659  1.61889833 -2.77199867
 -0.1132653   2.42041719 -1.13081531  1.24377506  1.31185724  0.70776863
 -0.98468576  1.19803514  0.80601255 -0.28806221  2.75034217 -2.11587585
  1.56037158 -0.62420524  0.9860315  -3.19324871 -2.22484996  0.3340663
 -1.12689505 -0.42423441  0.29624246 -0.01085071 -1.81915714 -0.21615783
 -0.60680422  2.89313524 -1.19408087 -1.2055596  -1.07131832  1.28235746
  1.67013025 -0.81945733  2.0977191  -1.74047018 -0.19657879 -0.85396038
 -3.00881263  3.03653357 -1.73162131  3.01438214 -1.34150846 -2.58455237
  3.40446727 -1.07935126 -0.75507331 -2.89418318 -2.47837667  2.92912121
 -2.02020462 -1.68729184 -0.41556387  3.01817177  0.18408795  0.0611125
 -1.54744783 -0.17521013 -1.66729991 -3.00721268  2.90339128  1.19778546
 -0.3010762  -2.32447988  0.9277759  -1.1606217  -0.32194285 -2.15874263
 -1.95311421  1.8266638  -1.05935527  2.61710598 -0.53793321 -3.16631218
 -2.89142955  1.91241279 -3.03394636 -0.25992788 -0.95057012 -0.1069426
  2.44167422  1.81517583 -0.08365046 -2.15594311 -2.93480377  0.07127999
 -0.80157533  1.42363769 -2.53145029  0.95116034 -0.16225903  0.16207473
  1.98577989  0.63184545  0.73991135 -1.22774872  1.63004198  2.55518196
  1.299321    0.28502628 -1.01644296  2.6240571   0.79826032 -2.18555108
  0.07045648  1.69501306  1.02987884 -0.62486306 -2.31197844  2.43539691
  2.07529106  1.6462673   2.27590615  1.79134128 -1.82949265 -2.8309782
  0.56516809  1.39393827 -2.39413946 -1.31032278  2.40287397  1.35493345
 -0.06849604 -1.71087602 -1.5451751   1.98730723  1.54639334 -0.82104625
 -0.12618051 -0.30304846 -0.15768941  2.42611329 -0.46614364 -0.66641844
  0.95981649 -2.31911728  0.99210513  2.62399    -0.54475332  2.16186864
 -1.87920241 -0.98104117 -2.39334476 -2.25773618 -1.40641612 -2.88566201
  1.63205392  1.78710141  1.63187339  1.06685413  1.41298785 -2.31229934
 -2.66875275  1.73895487  0.98138505 -0.33973848 -2.57636527  1.60214361
 -1.20664178 -2.50873047  0.05076553]
Thu Jun 13 20:28:28 2024,131,0.18676403982949405,[-2.91365347  2.30824088 -1.78046307  0.08927028  0.43967685 -3.05969082
  3.1036937   2.03370372  1.10188608 -1.02428414  0.51501213  1.29179446
  1.35198445 -1.81883641  0.79171736  2.95467156 -0.4395285  -0.45910557
 -1.92379829  0.67204341  1.6135702   2.85825306 -1.35102996 -0.34400916
 -2.2085938  -2.11184263  3.06163876  2.78701645 -0.70594731 -2.69793849
  1.55640155 -0.24462577 -2.40461488  1.925612    1.12545917 -0.55235574
  1.12891186 -1.97274747 -0.17649075  2.29042606 -0.08264898  0.54212633
  2.39127929  0.64752429  2.65128702  2.7621952   2.72970223 -2.90711606
  0.37161556 -0.37843389  1.66970362  2.95982755 -0.37910321 -2.31591292
  2.67756297 -3.17644658  0.67301138 -0.68963975 -1.75623309  3.05257449
 -1.96942601 -1.59841695 -2.49606236  2.34321347 -2.13344978  2.00438321
  1.78821979  1.44744585  2.56270058  2.92712576  1.96881521  1.44574726
 -1.72186975 -2.35829779  1.21795131  0.62374432  1.61834061 -2.7725564
 -0.11382303  2.41985946 -1.13025759  1.24321734  1.31241497  0.70721091
 -0.98524348  1.19859286  0.80657027 -0.28750449  2.74978444 -2.11643357
  1.55981386 -0.62364752  0.98658922 -3.19380644 -2.22429224  0.33462402
 -1.12633733 -0.42367669  0.29568474 -0.01140843 -1.81859942 -0.21560011
 -0.6062465   2.89369296 -1.19352314 -1.20500188 -1.0707606   1.28179974
  1.66957252 -0.82001505  2.09716137 -1.74102791 -0.19602106 -0.85340266
 -3.0082549   3.03597585 -1.73106359  3.01493986 -1.34095074 -2.58511009
  3.40502499 -1.07990899 -0.75451558 -2.89362546 -2.47893439  2.92967893
 -2.02076234 -1.68673412 -0.41500615  3.01761405  0.18353023  0.06167022
 -1.54800556 -0.17576786 -1.66674219 -3.0077704   2.90394901  1.19834319
 -0.30163392 -2.32392216  0.92833362 -1.16006398 -0.32138513 -2.15818491
 -1.95255649  1.82722152 -1.05879755  2.61654825 -0.53849093 -3.16575446
 -2.89087182  1.91185507 -3.03450408 -0.25937016 -0.95112785 -0.10750033
  2.4411165   1.81461811 -0.08420819 -2.15538539 -2.93536149  0.07072227
 -0.80213305  1.42307997 -2.53089257  0.95171806 -0.16281676  0.16151701
  1.98633761  0.63128773  0.74046907 -1.22719099  1.62948426  2.55573968
  1.29987873  0.28558401 -1.01700068  2.62461483  0.79770259 -2.18610881
  0.0710142   1.69557078  1.02932112 -0.62542079 -2.31253617  2.43483919
  2.07473333  1.64682502  2.27646388  1.79189901 -1.82893493 -2.83153593
  0.56461036  1.39338054 -2.39358173 -1.3108805   2.4034317   1.35549118
 -0.06793832 -1.7103183  -1.54573282  1.9867495   1.54695106 -0.82160397
 -0.12673824 -0.30360618 -0.15713169  2.42555556 -0.46558591 -0.66697617
  0.96037421 -2.319675    0.9915474   2.62454772 -0.54419559  2.16242636
 -1.87976013 -0.98048344 -2.39278703 -2.2582939  -1.40697384 -2.88510429
  1.63261164  1.78765913  1.63131567  1.06741185  1.41243013 -2.31285707
 -2.66819502  1.73951259  0.98082733 -0.33918075 -2.57692299  1.60270134
 -1.20608406 -2.5092882   0.0502078 ]
Thu Jun 13 20:28:43 2024,132,0.18657066825734514,[-2.91164148  2.31025287 -1.77845108  0.09128227  0.43766486 -3.06170281
  3.10168171  2.03169173  1.10389808 -1.02227215  0.51702412  1.29380645
  1.35399644 -1.81682442  0.78970537  2.95668355 -0.43751651 -0.46111756
 -1.92581028  0.67003142  1.61155821  2.86026505 -1.35304195 -0.34199717
 -2.20658181 -2.10983064  3.05962677  2.78902844 -0.7079593  -2.69995048
  1.55438956 -0.24663776 -2.40260289  1.92360001  1.12747116 -0.55436773
  1.12689987 -1.97475946 -0.17850274  2.29243805 -0.08466097  0.54413832
  2.3892673   0.6455123   2.65329901  2.76420719  2.72769024 -2.90510407
  0.36960357 -0.3764219   1.67171561  2.96183954 -0.37709122 -2.31792491
  2.67957496 -3.17443459  0.67502337 -0.68762775 -1.7542211   3.0505625
 -1.96741402 -1.59640496 -2.49807435  2.34522546 -2.13143779  2.0063952
  1.78620779  1.44543386  2.56068859  2.92511377  1.97082721  1.44373527
 -1.71985776 -2.3562858   1.2199633   0.62575631  1.61632862 -2.77054441
 -0.11583502  2.42187145 -1.1282456   1.24120535  1.31442696  0.70519892
 -0.98725547  1.19658087  0.80455828 -0.2854925   2.75179643 -2.11442158
  1.55780187 -0.62565951  0.98860121 -3.19581843 -2.22228025  0.33663601
 -1.12432534 -0.4216647   0.29367275 -0.00939644 -1.82061141 -0.21358812
 -0.60423451  2.89570496 -1.19553514 -1.20701387 -1.07277259  1.28381173
  1.66756053 -0.82202704  2.09917336 -1.7430399  -0.19400907 -0.85139067
 -3.01026689  3.03396386 -1.73307558  3.01695185 -1.33893874 -2.58712208
  3.40703698 -1.08192098 -0.75250359 -2.89563745 -2.48094638  2.93169092
 -2.02277433 -1.68874611 -0.41701814  3.01560206  0.18554222  0.05965823
 -1.54599357 -0.17375586 -1.66473019 -3.00575841  2.90193702  1.1963312
 -0.30364591 -2.32593415  0.92632163 -1.15805199 -0.32339712 -2.15617292
 -1.9505445   1.82520953 -1.05678556  2.61856024 -0.53647894 -3.16374247
 -2.88885983  1.90984307 -3.03651607 -0.26138215 -0.95313984 -0.10951232
  2.43910451  1.8166301  -0.08622018 -2.1533734  -2.9333495   0.07273426
 -0.80414504  1.42509196 -2.53290456  0.95373005 -0.16482875  0.163529
  1.98432562  0.62927574  0.74248106 -1.22920298  1.62747227  2.55775167
  1.30189072  0.28357201 -1.01498869  2.62662682  0.7956906  -2.1881208
  0.06900221  1.69758277  1.03133311 -0.62743278 -2.31052418  2.4328272
  2.07272134  1.64481303  2.27445189  1.793911   -1.82692294 -2.82952394
  0.56259837  1.39136855 -2.39559372 -1.30886851  2.4014197   1.35750317
 -0.06592633 -1.71233029 -1.54372083  1.98473751  1.54896305 -0.81959198
 -0.12875023 -0.30561817 -0.15914368  2.42756755 -0.4675979  -0.66496418
  0.95836222 -2.31766301  0.98953541  2.62655971 -0.5421836   2.16443835
 -1.87774814 -0.97847145 -2.39479902 -2.25628191 -1.40496185 -2.88711628
  1.63059965  1.78564714  1.62930367  1.06539986  1.41041814 -2.31084508
 -2.67020702  1.74152458  0.97881534 -0.34119274 -2.57893498  1.60471333
 -1.20407207 -2.51130019  0.0522198 ]
Thu Jun 13 20:28:57 2024,133,0.18645631042412977,[-2.91395755  2.3079368  -1.78076714  0.09359834  0.43534879 -3.06401887
  3.10399777  2.03400779  1.10158201 -1.01995608  0.51470806  1.29149039
  1.35168037 -1.81450836  0.78738931  2.95899962 -0.43983258 -0.45880149
 -1.92349421  0.66771536  1.60924215  2.86258111 -1.35072589 -0.3396811
 -2.20889787 -2.1121467   3.06194283  2.7913445  -0.71027537 -2.70226654
  1.55670562 -0.2443217  -2.40028683  1.92591607  1.12978722 -0.5566838
  1.1245838  -1.9724434  -0.1808188   2.29012198 -0.08697703  0.54645438
  2.39158337  0.64319623  2.65561507  2.76652325  2.7300063  -2.90278801
  0.3672875  -0.37873796  1.67403167  2.95952348 -0.37940728 -2.31560885
  2.68189102 -3.17675065  0.67733944 -0.68994382 -1.75653716  3.04824644
 -1.96973009 -1.59872103 -2.50039041  2.34754152 -2.13375385  2.00407914
  1.78852386  1.4431178   2.55837252  2.92279771  1.97314327  1.44605133
 -1.7175417  -2.35396974  1.21764724  0.62807237  1.61401256 -2.77286047
 -0.11351895  2.42418752 -1.12592953  1.24352141  1.31674302  0.70288285
 -0.98493941  1.19889694  0.80687434 -0.28317644  2.7541125  -2.11673764
  1.55548581 -0.62334345  0.99091728 -3.19350236 -2.21996418  0.33431995
 -1.12200927 -0.41934863  0.29598881 -0.0117125  -1.82292747 -0.21127206
 -0.60655057  2.89802102 -1.19321907 -1.20469781 -1.07045653  1.28612779
  1.66524447 -0.81971098  2.0968573  -1.74072383 -0.19169301 -0.85370673
 -3.01258296  3.0316478  -1.73075952  3.01926791 -1.34125481 -2.58943814
  3.40935304 -1.08423704 -0.75481965 -2.89795351 -2.47863032  2.93400698
 -2.02045827 -1.69106217 -0.41470208  3.013286    0.18322616  0.05734217
 -1.54830963 -0.17607193 -1.66704626 -3.00807447  2.90425308  1.19401513
 -0.30596198 -2.32361809  0.92863769 -1.15573592 -0.32571318 -2.15848898
 -1.95286056  1.8275256  -1.05446949  2.61624418 -0.53879501 -3.16142641
 -2.8911759   1.90752701 -3.03883213 -0.26369821 -0.95082377 -0.11182838
  2.44142057  1.81431404 -0.08853624 -2.15105733 -2.93103344  0.0704182
 -0.8064611   1.42277589 -2.53522062  0.95604612 -0.16251268  0.16121293
  1.98664169  0.62695968  0.74479712 -1.23151905  1.62978833  2.56006773
  1.29957466  0.28588808 -1.01730475  2.62894288  0.79800667 -2.18580473
  0.06668615  1.69989883  1.02901705 -0.62511671 -2.30820811  2.43514326
  2.07503741  1.6471291   2.27213582  1.79159493 -1.82460687 -2.83184
  0.56491444  1.39368462 -2.39790979 -1.30655245  2.40373577  1.35518711
 -0.06824239 -1.71001422 -1.54140477  1.98242145  1.54664699 -0.81727592
 -0.12643417 -0.30793424 -0.16145974  2.42525149 -0.46991397 -0.66264811
  0.96067828 -2.31534695  0.99185148  2.62424365 -0.54449967  2.16212229
 -1.8800642  -0.97615539 -2.39248296 -2.25396585 -1.40727792 -2.88480022
  1.62828359  1.7879632   1.62698761  1.06771593  1.4127342  -2.31316114
 -2.66789095  1.74384065  0.97649927 -0.34350881 -2.57661892  1.60239726
 -1.201756   -2.50898412  0.05453586]
Thu Jun 13 20:29:14 2024,134,0.1861229584702467,[-2.91670596  2.30518839 -1.77801872  0.09084992  0.43809721 -3.06676729
  3.10674619  2.03125938  1.10433043 -1.0227045   0.51745648  1.29423881
  1.35442879 -1.81725678  0.79013773  2.9562512  -0.43708416 -0.45605308
 -1.9207458   0.67046377  1.61199057  2.85983269 -1.3534743  -0.34242952
 -2.21164629 -2.10939828  3.06469125  2.79409292 -0.71302378 -2.69951813
  1.55395721 -0.24707012 -2.39753842  1.92316766  1.12703881 -0.55393538
  1.12733222 -1.96969498 -0.18356722  2.2928704  -0.08972545  0.54370597
  2.39433178  0.64044782  2.65836348  2.76377483  2.72725789 -2.90553642
  0.36453909 -0.38148638  1.67678008  2.95677506 -0.37665887 -2.31835727
  2.67914261 -3.17400223  0.68008785 -0.6871954  -1.75928558  3.05099486
 -1.96698167 -1.59597261 -2.50313883  2.35028994 -2.13650227  2.00682755
  1.79127227  1.44586621  2.55562411  2.92554613  1.97589168  1.44330292
 -1.72029011 -2.35122132  1.22039565  0.62532395  1.61126414 -2.77011205
 -0.11626737  2.42693593 -1.12318112  1.240773    1.31949144  0.70563127
 -0.98219099  1.19614852  0.80412593 -0.28592485  2.75136408 -2.11398923
  1.55823422 -0.62609186  0.99366569 -3.19625078 -2.2227126   0.33706836
 -1.11926086 -0.41660022  0.29873723 -0.01446092 -1.82017905 -0.20852364
 -0.60380216  2.8952726  -1.19047066 -1.20744622 -1.06770811  1.28337938
  1.66249605 -0.82245939  2.09960572 -1.74347225 -0.19444143 -0.85645515
 -3.00983454  3.03439621 -1.73350793  3.02201633 -1.34400322 -2.58668973
  3.41210146 -1.08698546 -0.75207124 -2.8952051  -2.47588191  2.93125857
 -2.01770985 -1.69381059 -0.41195366  3.01603441  0.18597457  0.06009059
 -1.55105804 -0.17882034 -1.66429784 -3.00532606  2.90700149  1.19126672
 -0.30321356 -2.32086967  0.93138611 -1.15848434 -0.32296477 -2.15574056
 -1.95011214  1.82477718 -1.05721791  2.61349577 -0.53604659 -3.15867799
 -2.88842748  1.91027543 -3.04158055 -0.2609498  -0.95357219 -0.1145768
  2.44416899  1.81156562 -0.09128466 -2.14830892 -2.92828502  0.06766978
 -0.80920952  1.42552431 -2.53796904  0.9532977  -0.15976427  0.16396135
  1.9893901   0.62970809  0.74204871 -1.23426746  1.62703992  2.56281615
  1.30232307  0.28863649 -1.01455634  2.6316913   0.80075508 -2.18855315
  0.06943457  1.70264725  1.03176546 -0.6223683  -2.3054597   2.43789168
  2.07778582  1.64438068  2.27488424  1.78884652 -1.82185846 -2.83458841
  0.56216602  1.3909362  -2.4006582  -1.30380404  2.40098735  1.35793552
 -0.0709908  -1.71276264 -1.53865635  1.97967303  1.5493954  -0.82002433
 -0.12918258 -0.30518582 -0.16420816  2.4279999  -0.47266238 -0.66539653
  0.95792987 -2.31809536  0.99459989  2.62699206 -0.54724808  2.15937387
 -1.87731579 -0.9789038  -2.39523138 -2.25121743 -1.4045295  -2.88754863
  1.631032    1.78521479  1.6242392   1.06496751  1.40998579 -2.31041273
 -2.66514254  1.74658906  0.97375086 -0.34625722 -2.5738705   1.60514568
 -1.20450442 -2.51173254  0.05178744]
Thu Jun 13 20:29:28 2024,135,0.18589985543910545,[-2.91322708  2.3017095  -1.78149761  0.09432881  0.43461832 -3.06328841
  3.11022507  2.02778049  1.10085154 -1.01922561  0.51397759  1.29771769
  1.3509499  -1.82073566  0.78665884  2.95277232 -0.44056305 -0.45953196
 -1.92422468  0.66698489  1.60851168  2.85635381 -1.35695319 -0.3459084
 -2.21512517 -2.1059194   3.06121236  2.79061403 -0.7095449  -2.69603924
  1.55743609 -0.24359123 -2.39405953  1.92664654  1.13051769 -0.5504565
  1.12385333 -1.97317387 -0.1870461   2.28939151 -0.08624657  0.54022708
  2.3908529   0.6439267   2.66184237  2.76725372  2.723779   -2.90901531
  0.36801797 -0.38496526  1.6733012   2.95329617 -0.38013775 -2.32183615
  2.68262149 -3.17052335  0.68356674 -0.69067429 -1.76276446  3.05447374
 -1.96350279 -1.59249373 -2.49965994  2.34681105 -2.13998115  2.00334867
  1.79475116  1.44238733  2.55910299  2.92902501  1.97937057  1.4467818
 -1.723769   -2.34774244  1.21691677  0.62184507  1.60778526 -2.77359094
 -0.11974626  2.42345705 -1.11970223  1.23729411  1.31601255  0.70215238
 -0.98566988  1.19266964  0.80760481 -0.28244597  2.75484297 -2.11051034
  1.55475534 -0.62261298  0.99714458 -3.19277189 -2.21923371  0.34054725
 -1.12273974 -0.4200791   0.29525834 -0.01098203 -1.81670017 -0.20504476
 -0.60728104  2.89875149 -1.18699177 -1.21092511 -1.071187    1.28685826
  1.65901717 -0.81898051  2.1030846  -1.73999337 -0.19792031 -0.85993403
 -3.00635566  3.0378751  -1.73002905  3.01853745 -1.34748211 -2.59016861
  3.40862257 -1.08350657 -0.74859235 -2.89868398 -2.47240302  2.93473745
 -2.01423097 -1.69728947 -0.40847478  3.0195133   0.18945346  0.06356947
 -1.55453693 -0.17534146 -1.66081896 -3.00880494  2.91048038  1.1947456
 -0.29973468 -2.31739079  0.93486499 -1.15500545 -0.32644365 -2.15921945
 -1.95359103  1.82825607 -1.06069679  2.61001688 -0.53256771 -3.15519911
 -2.8849486   1.91375431 -3.04505943 -0.26442868 -0.9500933  -0.11805568
  2.4406901   1.80808674 -0.09476354 -2.14483003 -2.93176391  0.0641909
 -0.8126884   1.42900319 -2.54144792  0.95677659 -0.15628538  0.16744023
  1.99286899  0.63318698  0.74552759 -1.23078858  1.6305188   2.56629503
  1.30580196  0.29211538 -1.01803522  2.62821241  0.7972762  -2.18507426
  0.07291345  1.70612613  1.03524435 -0.62584718 -2.30893858  2.44137056
  2.07430694  1.6409018   2.27140535  1.78536763 -1.82533734 -2.83110953
  0.56564491  1.39441509 -2.40413709 -1.30032515  2.40446624  1.36141441
 -0.07446969 -1.70928375 -1.53517747  1.97619415  1.55287429 -0.82350322
 -0.13266147 -0.30866471 -0.16072927  2.42452102 -0.4691835  -0.66191764
  0.96140875 -2.32157425  0.99112101  2.62351318 -0.55072697  2.15589499
 -1.88079467 -0.98238269 -2.39871026 -2.25469632 -1.40800839 -2.89102752
  1.63451089  1.78869367  1.62076031  1.0684464   1.41346467 -2.30693384
 -2.66166365  1.75006795  0.97722974 -0.34277834 -2.57734939  1.60862456
 -1.20102553 -2.51521142  0.05526633]
Thu Jun 13 20:29:42 2024,136,0.18560645435948753,[-2.90987086  2.30506572 -1.7781414   0.09768502  0.43126211 -3.05993219
  3.11358129  2.03113671  1.10420776 -1.02258183  0.51733381  1.29436148
  1.34759369 -1.82409188  0.78330263  2.9494161  -0.44391926 -0.45617575
 -1.92086847  0.6703411   1.6118679   2.85971002 -1.3603094  -0.34255219
 -2.21848139 -2.10256318  3.05785615  2.79397025 -0.70618868 -2.69268303
  1.56079231 -0.24694744 -2.39070332  1.92329033  1.13387391 -0.54710028
  1.12720955 -1.96981765 -0.19040232  2.2860353  -0.08960278  0.5435833
  2.38749668  0.64728292  2.65848616  2.76389751  2.72042279 -2.90565909
  0.36466176 -0.38160905  1.66994498  2.94993996 -0.38349397 -2.31847994
  2.67926528 -3.17387956  0.68692295 -0.68731807 -1.75940825  3.05782996
 -1.96014657 -1.59584994 -2.50301616  2.35016727 -2.14333737  2.00670488
  1.79810737  1.43903111  2.56245921  2.93238122  1.98272678  1.45013802
 -1.72041278 -2.35109865  1.21356055  0.62520128  1.61114147 -2.77694715
 -0.11639004  2.42681326 -1.12305845  1.24065033  1.31265634  0.69879617
 -0.98231366  1.19602585  0.8042486  -0.27908975  2.75148675 -2.10715413
  1.55811155 -0.62596919  0.99378836 -3.18941568 -2.2158775   0.33719103
 -1.12609596 -0.42343532  0.29861456 -0.00762582 -1.82005638 -0.20840097
 -0.60392483  2.9021077  -1.18363556 -1.20756889 -1.07454321  1.28350205
  1.66237338 -0.82233672  2.09972839 -1.73663715 -0.20127653 -0.85657782
 -3.00971187  3.03451888 -1.72667283  3.01518123 -1.34412589 -2.59352483
  3.41197879 -1.08686279 -0.75194857 -2.89532777 -2.47575924  2.93138124
 -2.01087475 -1.70064569 -0.40511856  3.02286951  0.18609724  0.06021326
 -1.55118072 -0.17869767 -1.65746274 -3.00544873  2.90712416  1.19138939
 -0.29637846 -2.31403457  0.93822121 -1.15836167 -0.32308744 -2.16257566
 -1.95694724  1.83161228 -1.05734058  2.6133731  -0.53592392 -3.15184289
 -2.88159238  1.91711053 -3.04841565 -0.2677849  -0.94673709 -0.1214119
  2.43733389  1.80473052 -0.09811976 -2.14818625 -2.93512012  0.06754711
 -0.80933219  1.43235941 -2.53809171  0.9601328  -0.15292917  0.16408402
  1.9962252   0.63654319  0.74217138 -1.23414479  1.62716259  2.56965125
  1.30244574  0.28875916 -1.01467901  2.6248562   0.79391998 -2.18843048
  0.06955724  1.70948235  1.03188813 -0.62249097 -2.3122948   2.43801435
  2.07766315  1.64425801  2.26804914  1.78201142 -1.82869356 -2.83446574
  0.56900112  1.3977713  -2.40078087 -1.29696894  2.40111002  1.35805819
 -0.0778259  -1.70592754 -1.53182125  1.97283793  1.54951808 -0.82685943
 -0.12930525 -0.30530849 -0.16408548  2.4211648  -0.46582728 -0.65856143
  0.95805254 -2.31821804  0.98776479  2.62015696 -0.55408318  2.1592512
 -1.87743846 -0.9857389  -2.40206648 -2.25805253 -1.4113646  -2.89438373
  1.63115467  1.78533746  1.6174041   1.06509018  1.41010846 -2.31029005
 -2.66501987  1.75342416  0.97387353 -0.34613455 -2.57399317  1.61198078
 -1.20438175 -2.51185521  0.05862254]
Thu Jun 13 20:29:57 2024,137,0.18453065155680926,[-2.90441151  2.31052507 -1.77268205  0.10314437  0.43672146 -3.06539154
  3.11904064  2.03659606  1.10966711 -1.01712248  0.51187446  1.29982083
  1.35305304 -1.81863253  0.78876198  2.95487545 -0.44937861 -0.4616351
 -1.92632782  0.66488175  1.60640855  2.85425067 -1.35485005 -0.33709284
 -2.21302204 -2.09710383  3.0633155   2.7885109  -0.71164803 -2.69814238
  1.56625166 -0.24148809 -2.38524397  1.92874968  1.13933326 -0.55255963
  1.1217502  -1.9643583  -0.19586167  2.28057595 -0.09506213  0.54904265
  2.38203733  0.64182357  2.66394551  2.76935686  2.71496344 -2.90019974
  0.37012111 -0.3870684   1.67540433  2.95539931 -0.37803462 -2.32393929
  2.68472463 -3.16842021  0.6814636  -0.69277742 -1.7539489   3.06328931
 -1.95468722 -1.60130929 -2.50847551  2.34470792 -2.14879672  2.01216423
  1.79264802  1.43357176  2.55699986  2.93784057  1.97726743  1.45559737
 -1.72587213 -2.356558    1.2190199   0.63066063  1.61660082 -2.7714878
 -0.12184939  2.43227261 -1.1285178   1.24610968  1.31811569  0.69333682
 -0.97685431  1.2014852   0.79878925 -0.2845491   2.7569461  -2.11261348
  1.5526522  -0.63142854  0.99924771 -3.19487503 -2.22133685  0.34265038
 -1.12063661 -0.42889467  0.30407391 -0.01308517 -1.82551573 -0.20294162
 -0.59846548  2.89664835 -1.17817621 -1.21302824 -1.06908386  1.2780427
  1.65691403 -0.82779607  2.10518774 -1.7311778  -0.20673588 -0.85111847
 -3.01517122  3.02905953 -1.73213218  3.02064058 -1.33866654 -2.58806548
  3.41743814 -1.08140344 -0.74648922 -2.90078712 -2.47029989  2.92592189
 -2.0054154  -1.70610504 -0.41057791  3.01741016  0.18063789  0.06567261
 -1.55664007 -0.18415702 -1.66292209 -2.99998938  2.90166481  1.19684874
 -0.30183781 -2.31949392  0.93276186 -1.16382102 -0.32854679 -2.15711631
 -1.95148789  1.82615293 -1.05188123  2.60791375 -0.54138327 -3.15730224
 -2.88705173  1.91165118 -3.0429563  -0.26232555 -0.95219644 -0.11595255
  2.44279324  1.81018987 -0.10357911 -2.1536456  -2.92966077  0.06208776
 -0.81479154  1.42690006 -2.54355106  0.96559215 -0.14746982  0.15862467
  1.99076585  0.64200254  0.73671203 -1.23960414  1.63262194  2.5751106
  1.30790509  0.28329981 -1.00921966  2.61939685  0.79937933 -2.18297113
  0.06409789  1.7149417   1.02642878 -0.61703162 -2.31775415  2.4434737
  2.0722038   1.64971736  2.26258979  1.78747077 -1.83415291 -2.83992509
  0.57446047  1.39231195 -2.40624022 -1.30242829  2.40656937  1.35259884
 -0.08328525 -1.70046819 -1.5372806   1.97829728  1.55497743 -0.83231878
 -0.1347646  -0.29984914 -0.15862613  2.41570545 -0.47128663 -0.65310208
  0.95259319 -2.32367739  0.98230544  2.61469761 -0.54862383  2.16471055
 -1.87197911 -0.98027955 -2.40752583 -2.26351188 -1.41682395 -2.88892438
  1.63661402  1.79079681  1.61194475  1.07054953  1.40464911 -2.3048307
 -2.67047922  1.75888351  0.96841418 -0.3515939  -2.57945252  1.61744013
 -1.1989224  -2.51731456  0.05316319]
Thu Jun 13 20:30:11 2024,138,0.18300086151723982,[-2.89727059  2.30338415 -1.76554112  0.09600345  0.42958054 -3.07253246
  3.12618156  2.02945514  1.11680803 -1.00998156  0.51901538  1.30696175
  1.34591212 -1.82577345  0.7959029   2.96201637 -0.45651953 -0.45449418
 -1.93346874  0.67202267  1.61354947  2.84710975 -1.36199097 -0.34423376
 -2.22016296 -2.08996291  3.07045642  2.78136997 -0.71878895 -2.69100146
  1.55911074 -0.23434717 -2.39238489  1.92160876  1.13219234 -0.54541871
  1.12889112 -1.97149922 -0.20300259  2.27343503 -0.10220305  0.54190172
  2.38917825  0.63468265  2.65680458  2.76221593  2.72210436 -2.89305882
  0.36298019 -0.37992748  1.68254526  2.96254023 -0.38517554 -2.33108021
  2.69186555 -3.17556113  0.67432268 -0.69991834 -1.76108982  3.05614839
 -1.96182814 -1.60845021 -2.50133459  2.35184884 -2.15593764  2.01930515
  1.79978894  1.44071268  2.54985894  2.93069965  1.97012651  1.46273829
 -1.73301306 -2.36369892  1.21187898  0.63780155  1.62374174 -2.77862872
 -0.12899031  2.43941353 -1.12137688  1.2532506   1.32525661  0.70047774
 -0.98399523  1.19434428  0.79164833 -0.29169002  2.76408702 -2.1197544
  1.54551128 -0.63856946  1.00638863 -3.20201595 -2.21419593  0.3497913
 -1.12777753 -0.42175375  0.29693299 -0.00594425 -1.81837481 -0.1958007
 -0.59132456  2.90378927 -1.17103529 -1.20588732 -1.07622478  1.27090178
  1.66405495 -0.83493699  2.11232866 -1.73831872 -0.2138768  -0.85825939
 -3.02231214  3.02191861 -1.73927311  3.0277815  -1.33152562 -2.5952064
  3.42457906 -1.08854436 -0.75363014 -2.8936462  -2.47744081  2.93306281
 -1.99827448 -1.69896412 -0.41771883  3.01026924  0.18777881  0.07281353
 -1.56378099 -0.19129794 -1.65578117 -2.99284846  2.90880574  1.18970782
 -0.29469689 -2.312353    0.93990278 -1.1566801  -0.33568771 -2.14997539
 -1.95862881  1.81901201 -1.04474031  2.60077282 -0.54852419 -3.15016132
 -2.89419265  1.9187921  -3.05009722 -0.25518463 -0.94505552 -0.12309347
  2.43565232  1.80304895 -0.11072003 -2.14650468 -2.93680169  0.06922868
 -0.80765062  1.43404098 -2.53641014  0.95845123 -0.1403289   0.16576559
  1.99790677  0.63486162  0.74385295 -1.23246322  1.62548102  2.56796968
  1.30076417  0.27615889 -1.00207874  2.62653777  0.79223841 -2.19011205
  0.07123881  1.72208262  1.0335697  -0.6098907  -2.32489507  2.43633278
  2.06506288  1.65685828  2.25544887  1.79461169 -1.82701199 -2.83278417
  0.56731955  1.39945287 -2.3990993  -1.30956921  2.41371029  1.34545792
 -0.07614433 -1.69332727 -1.53013968  1.97115636  1.5478365  -0.8394597
 -0.12762368 -0.29270822 -0.16576706  2.42284638 -0.47842755 -0.660243
  0.95973411 -2.33081831  0.98944636  2.62183853 -0.54148291  2.17185147
 -1.87912003 -0.97313863 -2.40038491 -2.25637096 -1.42396487 -2.8960653
  1.6294731   1.79793773  1.61908567  1.06340861  1.41179003 -2.31197163
 -2.67762014  1.75174259  0.9755551  -0.34445298 -2.58659344  1.62458105
 -1.20606332 -2.51017364  0.06030411]
Thu Jun 13 20:30:25 2024,139,0.1819739052373407,[-2.89178304  2.3088717  -1.76005357  0.0905159   0.43506809 -3.07802001
  3.12069401  2.02396759  1.12229558 -1.01546911  0.51352783  1.3014742
  1.35139967 -1.831261    0.80139045  2.95652882 -0.46200708 -0.44900663
 -1.92798119  0.67751022  1.61903702  2.8525973  -1.36747852 -0.33874621
 -2.22565051 -2.09545046  3.06496887  2.77588242 -0.7133014  -2.69648901
  1.56459829 -0.23983472 -2.38689734  1.91612121  1.12670479 -0.53993116
  1.12340357 -1.97698677 -0.19751504  2.27892258 -0.1076906   0.53641418
  2.3836907   0.6401702   2.66229213  2.75672839  2.72759191 -2.89854637
  0.36846774 -0.37443993  1.67705771  2.96802778 -0.37968799 -2.32559266
  2.6973531  -3.17007358  0.66883513 -0.69443079 -1.75560227  3.06163594
 -1.96731569 -1.61393776 -2.50682214  2.35733639 -2.16142519  2.0138176
  1.79430139  1.43522513  2.54437139  2.9252121   1.97561406  1.45725074
 -1.72752551 -2.35821137  1.20639143  0.632314    1.61825419 -2.78411627
 -0.13447786  2.44490108 -1.11588933  1.25873815  1.31976906  0.69499019
 -0.98948278  1.18885673  0.79713588 -0.28620247  2.75859947 -2.11426685
  1.55099883 -0.64405701  1.00090108 -3.2075035  -2.21968348  0.35527885
 -1.12228998 -0.4162662   0.30242054 -0.0114318  -1.82386236 -0.20128825
 -0.58583701  2.90927682 -1.17652284 -1.20039977 -1.07073723  1.27638933
  1.6585674  -0.84042454  2.10684111 -1.74380627 -0.21936435 -0.86374694
 -3.01682459  3.01643106 -1.74476066  3.03326905 -1.33701317 -2.58971885
  3.43006661 -1.09403191 -0.74814259 -2.88815865 -2.48292836  2.93855036
 -2.00376203 -1.70445167 -0.41223128  3.01575679  0.18229126  0.07830108
 -1.55829344 -0.18581039 -1.65029362 -2.98736091  2.91429329  1.19519537
 -0.30018444 -2.31784055  0.94539033 -1.16216765 -0.33020016 -2.14448784
 -1.96411636  1.81352446 -1.03925276  2.59528528 -0.55401174 -3.14467377
 -2.8887051   1.92427965 -3.05558477 -0.26067218 -0.95054307 -0.11760592
  2.43016477  1.8085365  -0.11620758 -2.14101713 -2.94228924  0.07471623
 -0.80216307  1.42855343 -2.53092259  0.96393878 -0.13484135  0.16027804
  2.00339432  0.64034917  0.7493405  -1.22697567  1.61999347  2.56248213
  1.30625172  0.27067134 -0.99659119  2.63202532  0.79772596 -2.1846245
  0.07672636  1.71659507  1.03905725 -0.61537825 -2.33038262  2.43084523
  2.07055043  1.66234583  2.26093642  1.78912414 -1.83249954 -2.83827172
  0.5728071   1.39396532 -2.39361175 -1.30408166  2.40822274  1.35094547
 -0.08163188 -1.69881482 -1.52465213  1.96566881  1.55332405 -0.84494725
 -0.13311123 -0.29819577 -0.16027951  2.42833393 -0.4839151  -0.66573055
  0.95424656 -2.33630586  0.98395881  2.62732608 -0.54697046  2.16636392
 -1.88460758 -0.97862618 -2.39489736 -2.25088341 -1.41847732 -2.89057775
  1.62398555  1.79245018  1.62457322  1.05792106  1.41727758 -2.31745918
 -2.67213259  1.75723014  0.98104265 -0.34994053 -2.58110589  1.6300686
 -1.20057577 -2.51566119  0.06579166]
Thu Jun 13 20:30:43 2024,140,0.18076284779284452,[-2.8860744   2.31458034 -1.75434493  0.09622454  0.44077673 -3.07231137
  3.12640265  2.01825894  1.11658693 -1.02117775  0.51923647  1.30718284
  1.34569102 -1.83696964  0.80709909  2.96223747 -0.45629844 -0.44329799
 -1.93368983  0.67180158  1.62474566  2.84688866 -1.37318716 -0.33303757
 -2.23135915 -2.08974182  3.07067751  2.77017378 -0.71901005 -2.69078036
  1.55888964 -0.23412608 -2.38118869  1.91041256  1.13241343 -0.5456398
  1.11769493 -1.98269542 -0.19180639  2.28463122 -0.10198196  0.54212282
  2.38939935  0.63446155  2.66800078  2.76243703  2.73330055 -2.89283773
  0.36275909 -0.38014857  1.67134906  2.96231914 -0.37397934 -2.3313013
  2.70306174 -3.17578223  0.67454378 -0.70013944 -1.74989362  3.06734458
 -1.96160705 -1.61964641 -2.51253078  2.35162775 -2.15571655  2.00810896
  1.80001004  1.44093378  2.55008003  2.91950346  1.98132271  1.46295938
 -1.73323415 -2.35250273  1.21210007  0.62660536  1.62396283 -2.77840763
 -0.14018651  2.45060972 -1.11018068  1.2530295   1.31406041  0.68928155
 -0.99519143  1.18314809  0.80284452 -0.29191112  2.75289083 -2.10855821
  1.54529019 -0.63834837  1.00660973 -3.20179486 -2.22539212  0.3609875
 -1.11658134 -0.41055755  0.29671189 -0.01714044 -1.82957101 -0.20699689
 -0.58012836  2.90356818 -1.17081419 -1.20610842 -1.07644588  1.27068068
  1.65285876 -0.84613319  2.10113247 -1.73809763 -0.22507299 -0.86945558
 -3.02253323  3.01072242 -1.73905201  3.02756041 -1.34272182 -2.5840102
  3.43577525 -1.08832326 -0.75385123 -2.89386729 -2.488637    2.944259
 -1.99805339 -1.71016031 -0.40652264  3.01004815  0.17658262  0.07259243
 -1.56400208 -0.19151904 -1.64458498 -2.98165227  2.90858464  1.20090401
 -0.30589309 -2.32354919  0.93968168 -1.156459   -0.32449151 -2.1387792
 -1.96982501  1.80781582 -1.0449614   2.58957663 -0.5483031  -3.13896513
 -2.89441375  1.918571   -3.06129341 -0.26638082 -0.94483443 -0.11189727
  2.42445612  1.81424514 -0.11049893 -2.14672577 -2.94799789  0.06900759
 -0.80787171  1.43426207 -2.53663123  0.96964742 -0.12913271  0.1545694
  1.99768568  0.63464053  0.75504914 -1.22126703  1.62570211  2.56819077
  1.30054308  0.2649627  -0.99088254  2.62631667  0.79201732 -2.17891586
  0.07101771  1.71088643  1.0447659  -0.62108689 -2.32467398  2.43655387
  2.07625907  1.66805447  2.25522777  1.79483278 -1.83820818 -2.84398037
  0.57851574  1.39967396 -2.3993204  -1.29837301  2.4025141   1.34523683
 -0.07592324 -1.69310617 -1.53036078  1.97137746  1.5590327  -0.83923861
 -0.13881987 -0.30390442 -0.16598815  2.42262528 -0.47820646 -0.66002191
  0.9599552  -2.3420145   0.98966746  2.63303473 -0.5526791   2.17207257
 -1.87889893 -0.97291754 -2.400606   -2.25659205 -1.42418596 -2.88486911
  1.61827691  1.78674154  1.63028186  1.0636297   1.41156893 -2.32316782
 -2.66642394  1.76293878  0.98675129 -0.35564917 -2.58681454  1.62435996
 -1.20628441 -2.52136983  0.07150031]
Thu Jun 13 20:30:59 2024,141,0.18023297885663236,[-2.88953046  2.3180364  -1.75088887  0.09276848  0.44423279 -3.07576743
  3.12294659  2.02171501  1.11313087 -1.01772169  0.52269253  1.30372678
  1.34914709 -1.83351358  0.81055515  2.9587814  -0.45284237 -0.44675405
 -1.93023377  0.67525764  1.62820172  2.85034472 -1.3697311  -0.3295815
 -2.23481521 -2.09319788  3.06722145  2.76671772 -0.72246611 -2.6873243
  1.5623457  -0.23067002 -2.38464476  1.91386863  1.13586949 -0.54909587
  1.12115099 -1.98615148 -0.19526246  2.28117516 -0.09852589  0.53866676
  2.39285541  0.63100549  2.66454472  2.75898097  2.73675661 -2.89629379
  0.36621516 -0.37669251  1.67480512  2.95886307 -0.37052328 -2.33475736
  2.69960568 -3.17232617  0.67108771 -0.69668338 -1.74643756  3.06388852
 -1.96506311 -1.62310247 -2.50907472  2.35508381 -2.15226048  2.01156502
  1.79655397  1.43747771  2.54662397  2.92295952  1.97786664  1.45950332
 -1.72977809 -2.35595879  1.20864401  0.6231493   1.62050677 -2.77495157
 -0.14364257  2.44715366 -1.11363675  1.25648557  1.31751648  0.68582548
 -0.99173536  1.17969202  0.80630058 -0.29536718  2.74943477 -2.10510214
  1.54874625 -0.63489231  1.01006579 -3.20525092 -2.22884818  0.35753144
 -1.1200374  -0.41401361  0.29325583 -0.01368438 -1.82611494 -0.20354083
 -0.5766723   2.90011212 -1.16735813 -1.20265235 -1.07298981  1.27413675
  1.6494027  -0.84958925  2.10458853 -1.74155369 -0.22852905 -0.87291164
 -3.01907717  3.01417848 -1.73559595  3.03101647 -1.33926575 -2.58055414
  3.43923131 -1.0848672  -0.75730729 -2.89732335 -2.48518094  2.94771507
 -2.00150945 -1.70670425 -0.40306658  3.00659209  0.17312656  0.06913637
 -1.56745814 -0.18806297 -1.64804104 -2.98510833  2.90512858  1.20436007
 -0.30243702 -2.32700526  0.93622562 -1.15991506 -0.32794758 -2.13532314
 -1.96636894  1.81127188 -1.04841746  2.58612057 -0.55175916 -3.14242119
 -2.89095768  1.91511494 -3.06474947 -0.26983688 -0.94829049 -0.10844121
  2.42100006  1.81078908 -0.11395499 -2.14326971 -2.94454182  0.07246365
 -0.80441565  1.43771814 -2.53317517  0.97310349 -0.13258877  0.15111333
  2.00114174  0.63809659  0.75850521 -1.22472309  1.62915817  2.56473471
  1.29708701  0.26150664 -0.98742648  2.62286061  0.78856125 -2.17545979
  0.06756165  1.70743036  1.04130984 -0.61763083 -2.32121791  2.43309781
  2.07280301  1.66459841  2.25868384  1.79137672 -1.84166424 -2.84743643
  0.58197181  1.40313003 -2.39586433 -1.30182908  2.40597016  1.34869289
 -0.0793793  -1.68965011 -1.52690471  1.97483352  1.56248876 -0.83578255
 -0.14227594 -0.30736048 -0.16944421  2.41916922 -0.4747504  -0.65656584
  0.96341127 -2.33855844  0.99312352  2.63649079 -0.55613517  2.1686165
 -1.87544287 -0.96946148 -2.39714994 -2.26004812 -1.42764203 -2.88141305
  1.61482085  1.78328547  1.6268258   1.06708577  1.415025   -2.32662388
 -2.66988001  1.75948272  0.99020736 -0.35910524 -2.5902706   1.62090389
 -1.20282835 -2.51791377  0.07495637]
Thu Jun 13 20:31:21 2024,142,0.18020771667509644,[-2.89032836  2.3188343  -1.75168677  0.09356638  0.44343489 -3.07656533
  3.12214869  2.02091711  1.11233297 -1.01851959  0.52349043  1.30292888
  1.34834919 -1.83431148  0.81135305  2.9595793  -0.45204447 -0.44595615
 -1.93103167  0.67445974  1.62740382  2.84954682 -1.370529   -0.3287836
 -2.23561311 -2.09399578  3.06801935  2.76751562 -0.72326401 -2.6881222
  1.56314361 -0.22987212 -2.38544266  1.91307072  1.13507159 -0.54829797
  1.12194889 -1.98694938 -0.19446456  2.28197306 -0.0993238   0.53946466
  2.39205751  0.63180339  2.66534262  2.75977887  2.73595871 -2.89549589
  0.36701306 -0.37749041  1.67400722  2.95966098 -0.37132118 -2.33395946
  2.70040358 -3.17152826  0.67188561 -0.69748128 -1.74723546  3.06309061
 -1.96586101 -1.62390037 -2.50987262  2.35588171 -2.15305839  2.01236292
  1.79575607  1.43827562  2.54582607  2.92216162  1.97866455  1.46030122
 -1.73057599 -2.35516089  1.20784611  0.6223514   1.62130467 -2.77574947
 -0.14284467  2.44635576 -1.11443465  1.25568766  1.31831438  0.68662339
 -0.99093746  1.18048992  0.80550268 -0.29616508  2.74863687 -2.10430424
  1.54794835 -0.6340944   1.00926789 -3.20604882 -2.22805028  0.35673353
 -1.1192395  -0.41321571  0.29405373 -0.01288648 -1.82691285 -0.20433873
 -0.5774702   2.89931422 -1.16656023 -1.20185445 -1.07219191  1.27493465
  1.6486048  -0.84879135  2.10379063 -1.74075579 -0.22773115 -0.87370955
 -3.01827927  3.01497638 -1.73479805  3.03181437 -1.34006366 -2.58135204
  3.43843341 -1.0856651  -0.7581052  -2.89652545 -2.48597884  2.94691716
 -2.00071155 -1.70750215 -0.40226868  3.00579418  0.17232866  0.06833847
 -1.56666024 -0.18726507 -1.64724314 -2.98590623  2.90433068  1.20356217
 -0.30323492 -2.32780316  0.93542772 -1.16071297 -0.32714968 -2.13612104
 -1.96716685  1.81047398 -1.04921537  2.58532267 -0.55255706 -3.14321909
 -2.89015978  1.91591284 -3.06554738 -0.26903898 -0.94908839 -0.10923911
  2.42179796  1.80999118 -0.1147529  -2.14247181 -2.94374392  0.07326155
 -0.80521355  1.43851604 -2.53237727  0.97390139 -0.13338667  0.15191124
  2.00193964  0.63729869  0.75930311 -1.22552099  1.62836027  2.56393681
  1.29628911  0.26230454 -0.98822438  2.62365851  0.78935916 -2.1762577
  0.06676375  1.70663246  1.04210774 -0.61842873 -2.32042001  2.43229991
  2.07360091  1.66539631  2.25948174  1.79217462 -1.84246214 -2.84663853
  0.58276971  1.40392793 -2.39506643 -1.30103117  2.40517226  1.34949079
 -0.0801772  -1.68885221 -1.52770262  1.97403562  1.56169086 -0.83498465
 -0.14147804 -0.30656258 -0.16864631  2.41837132 -0.47395249 -0.65576794
  0.96420917 -2.33776054  0.99232562  2.63569289 -0.55533726  2.1678186
 -1.87464497 -0.96866358 -2.39635204 -2.25925022 -1.42684413 -2.88221095
  1.61561875  1.78248757  1.6260279   1.06788367  1.4158229  -2.32742178
 -2.67067791  1.76028062  0.98940946 -0.35990314 -2.5910685   1.62170179
 -1.20362625 -2.51711587  0.07415847]
Thu Jun 13 20:31:45 2024,143,0.18020616627011915,[-2.88985021  2.31835615 -1.75216492  0.09308823  0.44295674 -3.07704349
  3.12262684  2.02043895  1.11281112 -1.01899774  0.52301228  1.30340703
  1.34882734 -1.83478963  0.8108749   2.95910115 -0.45156632 -0.44547799
 -1.93055352  0.67493789  1.62692567  2.84906867 -1.37100716 -0.32926176
 -2.23513496 -2.09351763  3.06849751  2.76703747 -0.72278586 -2.68860036
  1.56266545 -0.22939396 -2.38592081  1.91354888  1.13554974 -0.54781981
  1.12242704 -1.98647123 -0.1939864   2.28149491 -0.09884564  0.53994281
  2.39157935  0.63228155  2.66486446  2.76025702  2.73548056 -2.89597404
  0.36749121 -0.37796856  1.67352907  2.96013913 -0.37084303 -2.33348131
  2.70088173 -3.17200642  0.67140746 -0.69700312 -1.74675731  3.06356877
 -1.96633917 -1.62342222 -2.50939447  2.35635986 -2.15353654  2.01284108
  1.79623423  1.43875377  2.54630422  2.92263978  1.97818639  1.46077937
 -1.73009783 -2.35563904  1.20736796  0.62187324  1.62082652 -2.77527132
 -0.14236651  2.44587761 -1.11395649  1.25520951  1.31879253  0.68710154
 -0.99045931  1.18001177  0.80502453 -0.29664323  2.74911502 -2.1047824
  1.5484265  -0.63457256  1.00878974 -3.20557067 -2.22757213  0.35721169
 -1.11876134 -0.41273756  0.29357558 -0.01240833 -1.82643469 -0.20481689
 -0.57794836  2.89883606 -1.16703838 -1.2023326  -1.07171376  1.2754128
  1.64908295 -0.8492695   2.10426878 -1.74027764 -0.2282093  -0.87323139
 -3.01780112  3.01449823 -1.7352762   3.03229253 -1.34054181 -2.5818302
  3.43891157 -1.08614326 -0.75858335 -2.8960473  -2.48550068  2.94739532
 -2.0011897  -1.7079803  -0.40274683  3.00531603  0.17280681  0.06786032
 -1.56713839 -0.18774323 -1.64772129 -2.98638438  2.90480883  1.20308402
 -0.30371308 -2.32732501  0.93590587 -1.16023481 -0.32762783 -2.13659919
 -1.967645    1.81095213 -1.04873721  2.58580082 -0.55207891 -3.14369724
 -2.89063793  1.916391   -3.06506922 -0.26951713 -0.94956654 -0.10971727
  2.42227611  1.80951303 -0.11523105 -2.14294996 -2.94422208  0.0727834
 -0.80569171  1.43899419 -2.53189912  0.97437954 -0.13386482  0.15238939
  2.00146149  0.63777684  0.75978126 -1.22504284  1.62883842  2.56345865
  1.29581096  0.26182639 -0.98870254  2.62413667  0.788881   -2.17577954
  0.0672419   1.70711062  1.04162958 -0.61890689 -2.32089817  2.43277806
  2.07312276  1.66491816  2.25900358  1.79169647 -1.84198399 -2.84711668
  0.58324786  1.40344978 -2.39458828 -1.30055302  2.40565041  1.34996894
 -0.07969905 -1.68933036 -1.52818077  1.97355746  1.56216901 -0.8354628
 -0.14099988 -0.30704073 -0.16816816  2.41789316 -0.47347434 -0.65624609
  0.96468732 -2.33823869  0.99184746  2.63617104 -0.55581542  2.16829676
 -1.87416682 -0.96914173 -2.39587388 -2.25972837 -1.42636597 -2.88173279
  1.6160969   1.78200942  1.62650605  1.06740551  1.41630105 -2.32789994
 -2.67115606  1.75980247  0.9889313  -0.35942498 -2.59154665  1.62122364
 -1.20410441 -2.51663772  0.07463662]
Thu Jun 13 20:32:03 2024,144,0.17980429213618118,[-2.89311864  2.32162458 -1.74889649  0.08981979  0.43968831 -3.07377505
  3.12589528  2.02370738  1.10954269 -1.02226618  0.52628071  1.3001386
  1.34555891 -1.8315212   0.80760647  2.96236958 -0.45483475 -0.44220956
 -1.92728509  0.67820632  1.6301941   2.8523371  -1.37427559 -0.32599332
 -2.23840339 -2.0902492   3.07176594  2.76376903 -0.72605429 -2.69186879
  1.55939702 -0.22612553 -2.38265238  1.91681731  1.13881818 -0.55108825
  1.12569548 -1.98320279 -0.19725484  2.27822647 -0.09557721  0.54321124
  2.39484779  0.62901311  2.6681329   2.76352545  2.73221213 -2.89924247
  0.36422278 -0.37470013  1.6767975   2.96340756 -0.37411146 -2.33674974
  2.70415017 -3.17527485  0.66813903 -0.69373469 -1.75002574  3.06030033
 -1.9696076  -1.62669065 -2.50612603  2.3596283  -2.15680497  2.01610951
  1.79296579  1.4420222   2.54957265  2.92590821  1.98145483  1.45751094
 -1.7268294  -2.35237061  1.21063639  0.62514168  1.62409495 -2.77853975
 -0.13909808  2.44914604 -1.11722493  1.25847794  1.3155241   0.69036997
 -0.99372774  1.1832802   0.80829296 -0.2933748   2.75238345 -2.10805083
  1.55169493 -0.63784099  1.01205817 -3.20230223 -2.23084056  0.36048012
 -1.11549291 -0.41600599  0.29684401 -0.01567676 -1.82316626 -0.20154845
 -0.57467992  2.9021045  -1.16376995 -1.19906417 -1.07498219  1.27214437
  1.64581452 -0.84600107  2.10753721 -1.7370092  -0.23147774 -0.86996296
 -3.02106955  3.01776666 -1.73200777  3.03556096 -1.34381024 -2.58509863
  3.44218    -1.08941169 -0.75531492 -2.89931573 -2.48223225  2.94412688
 -1.99792127 -1.71124874 -0.40601526  3.0020476   0.16953838  0.06459188
 -1.57040683 -0.18447479 -1.64445286 -2.98965282  2.9015404   1.20635245
 -0.30698151 -2.33059344  0.93917431 -1.16350325 -0.3243594  -2.13333076
 -1.96437657  1.81422056 -1.04546878  2.58253239 -0.54881047 -3.14696568
 -2.8873695   1.91312256 -3.06833766 -0.2662487  -0.95283498 -0.1129857
  2.41900768  1.80624459 -0.11849948 -2.13968153 -2.94749051  0.06951496
 -0.80896014  1.43572576 -2.53516755  0.97111111 -0.13713326  0.14912096
  2.00472992  0.64104528  0.75651283 -1.22177441  1.63210686  2.56019022
  1.29254253  0.25855795 -0.9854341   2.6274051   0.79214944 -2.17904798
  0.07051034  1.70384218  1.04489802 -0.62217532 -2.31762973  2.42950963
  2.07639119  1.66164973  2.25573515  1.7949649  -1.83871556 -2.85038511
  0.58651629  1.40671821 -2.39131985 -1.29728459  2.40238198  1.34670051
 -0.07643062 -1.6925988  -1.52491234  1.97028903  1.55890058 -0.83219437
 -0.14426832 -0.3037723  -0.16489972  2.41462473 -0.47674277 -0.65297766
  0.96141889 -2.33497026  0.98857903  2.63290261 -0.55908385  2.16502832
 -1.87089838 -0.9658733  -2.39260545 -2.2629968  -1.42309754 -2.87846436
  1.61282847  1.78527785  1.62323762  1.06413708  1.41303262 -2.3246315
 -2.67442449  1.75653404  0.99219974 -0.36269342 -2.59481509  1.61795521
 -1.20083597 -2.51990615  0.07136819]
Thu Jun 13 20:32:19 2024,145,0.1793942873667187,[-2.89033175  2.31883769 -1.7461096   0.09260669  0.43690142 -3.07098816
  3.12310838  2.02092049  1.1067558  -1.02505307  0.52349382  1.29735171
  1.34277201 -1.83430809  0.80481958  2.96515648 -0.45762164 -0.44499645
 -1.93007198  0.68099322  1.63298099  2.84955021 -1.37706248 -0.32878021
 -2.24119028 -2.09303609  3.07455283  2.76098214 -0.72884118 -2.69465568
  1.55661013 -0.22333864 -2.37986549  1.91403042  1.13603129 -0.55387514
  1.12290859 -1.9804159  -0.19446794  2.27543958 -0.09279032  0.54599814
  2.39763468  0.6318      2.67091979  2.76631235  2.72942523 -2.90202937
  0.36700967 -0.37748702  1.67958439  2.96619445 -0.37689835 -2.33953663
  2.70693706 -3.17248796  0.67092592 -0.6909478  -1.75281263  3.05751344
 -1.97239449 -1.62947754 -2.50333914  2.3568414  -2.15401808  2.01332262
  1.79575268  1.44480909  2.54678576  2.92312132  1.98424172  1.45472405
 -1.72404251 -2.3551575   1.21342328  0.62792857  1.62130806 -2.77575286
 -0.13631119  2.45193293 -1.11443804  1.26126484  1.31831099  0.69315686
 -0.99651463  1.18049331  0.80550607 -0.29616169  2.75517034 -2.11083772
  1.55448183 -0.6350541   1.01484506 -3.20508912 -2.22805367  0.36326701
 -1.1182798  -0.4132191   0.29405712 -0.01846365 -1.82595315 -0.19876156
 -0.57746681  2.8993176  -1.16098306 -1.20185106 -1.07776908  1.26935748
  1.64860141 -0.84878796  2.1103241  -1.73422231 -0.22869085 -0.87274985
 -3.01828266  3.02055355 -1.73479466  3.03277407 -1.34659713 -2.58231174
  3.44496689 -1.09219858 -0.75252802 -2.90210262 -2.48501914  2.94133999
 -2.00070816 -1.71403563 -0.40880216  3.00483449  0.17232527  0.06180499
 -1.57319372 -0.18726168 -1.64166597 -2.99243971  2.90432729  1.20356556
 -0.30419462 -2.33338033  0.93638742 -1.16629014 -0.3215725  -2.13054387
 -1.96158967  1.81700746 -1.04268189  2.58531928 -0.55159737 -3.14975257
 -2.88458261  1.91033567 -3.07112455 -0.26903559 -0.95562187 -0.11019881
  2.41622079  1.8034577  -0.12128637 -2.13689463 -2.9502774   0.06672807
 -0.81174703  1.43851265 -2.53795444  0.96832422 -0.13434637  0.14633407
  2.00194303  0.64383217  0.75929972 -1.2245613   1.62931997  2.55740333
  1.28975563  0.26134484 -0.98264721  2.63019199  0.79493633 -2.17626108
  0.07329723  1.70662907  1.04768491 -0.62496221 -2.32041662  2.43229652
  2.0736043   1.65886284  2.25852204  1.79217801 -1.83592866 -2.84759822
  0.58930319  1.4095051  -2.39410674 -1.2944977   2.40516887  1.3494874
 -0.07364372 -1.69538569 -1.52769923  1.97307592  1.55611369 -0.83498126
 -0.14705521 -0.3009854  -0.16768661  2.41183784 -0.47395588 -0.65019077
  0.96420578 -2.33775715  0.99136592  2.6356895  -0.55629696  2.16224143
 -1.86811149 -0.9630864  -2.38981856 -2.26020991 -1.42588443 -2.88125125
  1.61004158  1.78806474  1.62602451  1.06692397  1.41581951 -2.32184461
 -2.6716376   1.75932093  0.98941284 -0.35990653 -2.59760198  1.6207421
 -1.20362286 -2.52269304  0.0685813 ]
Thu Jun 13 20:32:50 2024,146,0.17942675482854079,[-2.8897174   2.31945204 -1.74672395  0.09199234  0.43628707 -3.07037381
  3.12249404  2.02153484  1.10614145 -1.02443872  0.52410817  1.29796606
  1.34338636 -1.83492244  0.80420523  2.96577083 -0.45700729 -0.4443821
 -1.93068633  0.68160757  1.63236664  2.85016456 -1.37767683 -0.32816586
 -2.24180463 -2.09242174  3.07393848  2.76159649 -0.72945553 -2.69527003
  1.55722448 -0.22272429 -2.37925114  1.91341607  1.13541694 -0.55326079
  1.12229424 -1.98103025 -0.19385359  2.27605393 -0.09340467  0.54661249
  2.39824903  0.63118565  2.67153414  2.765698    2.72881089 -2.90264372
  0.36639532 -0.37810137  1.68019874  2.96558011 -0.3775127  -2.34015098
  2.70632271 -3.17310231  0.67031157 -0.69033345 -1.75219829  3.05812779
 -1.97300884 -1.62886319 -2.50272479  2.35622705 -2.15463243  2.01270827
  1.79513834  1.44419474  2.54617141  2.92250697  1.98362737  1.4553384
 -1.72465686 -2.35577185  1.21280893  0.62731422  1.62069371 -2.77513851
 -0.13569684  2.45131858 -1.11505239  1.26065049  1.31892534  0.69254251
 -0.99590029  1.18110766  0.80612042 -0.29677604  2.754556   -2.11145207
  1.55386748 -0.63566845  1.01545941 -3.20570347 -2.22866802  0.36265266
 -1.11889415 -0.41260475  0.29467147 -0.0178493  -1.8265675  -0.19937591
 -0.57685246  2.89870325 -1.16036871 -1.20123671 -1.07838343  1.26874313
  1.64798706 -0.84817361  2.10970975 -1.73483666 -0.2293052  -0.8733642
 -3.01766831  3.0211679  -1.73418031  3.03215972 -1.34721148 -2.58169739
  3.44558124 -1.09281293 -0.75314237 -2.90148827 -2.48563349  2.94072564
 -2.00009381 -1.71464998 -0.40818781  3.00422014  0.17171092  0.06241934
 -1.57380807 -0.18787603 -1.64105162 -2.99182536  2.90494164  1.20295121
 -0.30358027 -2.33399468  0.93577307 -1.16567579 -0.32218685 -2.12992952
 -1.96220402  1.81639311 -1.04329624  2.58593363 -0.55098302 -3.15036692
 -2.88396826  1.90972132 -3.0717389  -0.26842124 -0.95623622 -0.10958446
  2.41683514  1.80284335 -0.12190072 -2.13628028 -2.95089175  0.06734242
 -0.81236138  1.4378983  -2.53734009  0.96893856 -0.13496071  0.14694841
  2.00255738  0.64444652  0.75991407 -1.22394695  1.62870562  2.55678898
  1.29036998  0.26073049 -0.98203286  2.63080634  0.79432198 -2.17564673
  0.07391158  1.70601472  1.04829926 -0.62557656 -2.32103097  2.43168217
  2.07298995  1.65824849  2.25790769  1.79279236 -1.83531431 -2.84821257
  0.58868884  1.41011945 -2.39472109 -1.29388335  2.40578322  1.34887305
 -0.07425807 -1.69477134 -1.52831358  1.97369027  1.55672804 -0.83559561
 -0.14644086 -0.30037106 -0.16707226  2.41245219 -0.47334153 -0.65080512
  0.96482013 -2.3383715   0.99198027  2.63630385 -0.55568261  2.16162708
 -1.86872584 -0.96247205 -2.39043291 -2.26082426 -1.42649878 -2.8806369
  1.60942723  1.7874504   1.62663886  1.06630962  1.41520516 -2.32123026
 -2.67102325  1.75870658  0.99002719 -0.36052088 -2.59698763  1.62135645
 -1.20423721 -2.52330739  0.06796695]
Thu Jun 13 20:33:21 2024,147,0.1794245474675214,[-2.89057314  2.3185963  -1.74586821  0.09113659  0.43543132 -3.07122955
  3.12163829  2.0206791   1.10699719 -1.02358298  0.52496391  1.29711031
  1.34424211 -1.83577818  0.80334948  2.96662657 -0.45615155 -0.44523784
 -1.92983058  0.68246331  1.63322239  2.8510203  -1.37853257 -0.32902161
 -2.24094889 -2.09327748  3.07308274  2.76245223 -0.72859979 -2.69441429
  1.55636874 -0.22358003 -2.38010688  1.91427181  1.13627268 -0.55411653
  1.12143849 -1.98017451 -0.19299785  2.27690968 -0.09426041  0.54746823
  2.39739329  0.6320414   2.67238988  2.76655374  2.72966663 -2.90178797
  0.36725106 -0.37895711  1.68105449  2.96472436 -0.37836845 -2.34100673
  2.70717845 -3.17224657  0.67116731 -0.69118919 -1.75305403  3.05727205
 -1.9721531  -1.62971893 -2.50186905  2.35537131 -2.15377669  2.01356401
  1.79599408  1.443339    2.54531567  2.92165123  1.98448311  1.45619414
 -1.72380112 -2.35491611  1.21195319  0.62645848  1.61983797 -2.77428277
 -0.1348411   2.45046284 -1.11590813  1.25979474  1.31978108  0.69339826
 -0.99504454  1.18025192  0.80697616 -0.2959203   2.75541174 -2.11059633
  1.55472322 -0.63652419  1.01460367 -3.20484773 -2.22781228  0.36350841
 -1.11803841 -0.41346049  0.29381573 -0.01699356 -1.82571176 -0.19852017
 -0.57770821  2.899559   -1.16122445 -1.20209246 -1.07752769  1.26959887
  1.6488428  -0.84902935  2.1105655  -1.7356924  -0.22844945 -0.87421994
 -3.01852405  3.02202365 -1.73503605  3.03130398 -1.34806723 -2.58084165
  3.4447255  -1.09195719 -0.75228663 -2.90063253 -2.48648923  2.9398699
 -2.00094955 -1.71550572 -0.40733206  3.00507588  0.17256666  0.06327508
 -1.57295233 -0.18873178 -1.64190736 -2.9926811   2.9040859   1.20209547
 -0.30272453 -2.33313894  0.93662881 -1.16653153 -0.3230426  -2.12907378
 -1.96134828  1.81553736 -1.04415198  2.58507789 -0.55183876 -3.14951118
 -2.884824    1.90886558 -3.07259464 -0.2675655  -0.95709196 -0.1104402
  2.4159794   1.8036991  -0.12104498 -2.13542454 -2.95003601  0.06819816
 -0.81321712  1.43875404 -2.53648435  0.96979431 -0.13410497  0.14780416
  2.00170164  0.64530226  0.75905833 -1.22309121  1.62956136  2.55593324
  1.29122573  0.25987475 -0.98117712  2.63166208  0.79346624 -2.17650248
  0.07476732  1.70515898  1.04744352 -0.62472082 -2.32188672  2.43082643
  2.07384569  1.65739274  2.25876344  1.7936481  -1.83617006 -2.84906832
  0.58954458  1.41097519 -2.39557683 -1.29473909  2.40492748  1.34801731
 -0.07340233 -1.6939156  -1.52916932  1.97283453  1.55758378 -0.83473986
 -0.1472966  -0.29951531 -0.16621652  2.41330793 -0.47419728 -0.64994938
  0.96567587 -2.33751575  0.99283601  2.63544811 -0.55482687  2.16248282
 -1.86958158 -0.9633278  -2.38957716 -2.26168    -1.42564304 -2.87978116
  1.61028297  1.78830614  1.62578312  1.06545388  1.4160609  -2.322086
 -2.671879    1.75785084  0.98917145 -0.36137662 -2.59613189  1.62050071
 -1.20509296 -2.52245165  0.0671112 ]
Thu Jun 13 20:33:43 2024,148,0.17944248697224371,[-2.89127352  2.31789592 -1.74656858  0.09183697  0.4361317  -3.07192993
  3.12093791  2.01997872  1.10629681 -1.0228826   0.52566429  1.29640993
  1.34494249 -1.8350778   0.80404986  2.96732695 -0.45545117 -0.44593822
 -1.92913021  0.68176293  1.63392276  2.85172068 -1.37783219 -0.32972199
 -2.24164927 -2.0925771   3.07378312  2.76175186 -0.72930017 -2.69371391
  1.55566836 -0.22428041 -2.38080726  1.91357143  1.1355723  -0.55481691
  1.12213887 -1.97947413 -0.19369823  2.27761005 -0.09496079  0.54676785
  2.39669291  0.63134102  2.67309026  2.76585336  2.73036701 -2.90248835
  0.36795144 -0.37825673  1.68035411  2.96402398 -0.37766807 -2.34030635
  2.70787883 -3.17154619  0.67186769 -0.69188957 -1.75375441  3.05657167
 -1.97285348 -1.62901855 -2.50116867  2.35467093 -2.15307631  2.01426439
  1.7952937   1.44403938  2.54461529  2.9223516   1.98518349  1.45549376
 -1.72310074 -2.35421573  1.21125281  0.6257581   1.62053835 -2.77498314
 -0.13554147  2.44976246 -1.11660851  1.26049512  1.32048146  0.69269788
 -0.99434416  1.17955154  0.80767654 -0.29662068  2.75471136 -2.11129671
  1.55402284 -0.63722457  1.01530405 -3.20554811 -2.2271119   0.36280803
 -1.11873879 -0.41416087  0.2945161  -0.01769394 -1.82641214 -0.19781979
 -0.57840859  2.90025938 -1.16052407 -1.20279283 -1.07682731  1.26889849
  1.64814242 -0.84972973  2.11126588 -1.73639278 -0.22914983 -0.87492032
 -3.01782367  3.02132327 -1.73573643  3.03200435 -1.3487676  -2.58154203
  3.44402512 -1.09265757 -0.75298701 -2.89993215 -2.48578886  2.94057028
 -2.00164993 -1.7162061  -0.40663168  3.00577626  0.17186628  0.06257471
 -1.5736527  -0.1880314  -1.64260774 -2.99198072  2.90478627  1.20139509
 -0.30202415 -2.33383932  0.93592843 -1.16583115 -0.32234222 -2.1283734
 -1.96204866  1.81623774 -1.04485236  2.58437751 -0.55253914 -3.15021155
 -2.88412362  1.90956596 -3.07189426 -0.26826588 -0.95639158 -0.10973982
  2.41667978  1.80439947 -0.12174536 -2.13612492 -2.95073639  0.06889854
 -0.81251674  1.43945442 -2.53578397  0.97049469 -0.13480535  0.14850454
  2.00100126  0.64600264  0.75835795 -1.22379158  1.63026174  2.55523286
  1.29052535  0.25917437 -0.98047674  2.63236246  0.79416661 -2.17720286
  0.0754677   1.70585936  1.04674314 -0.6254212  -2.32258709  2.4315268
  2.07454607  1.65669236  2.25806306  1.79294772 -1.83546968 -2.84836794
  0.59024496  1.41027481 -2.39627721 -1.29403871  2.4042271   1.34731693
 -0.07270195 -1.69461598 -1.52846894  1.97353491  1.55828416 -0.83403949
 -0.14659622 -0.29881493 -0.1669169   2.41260755 -0.47489765 -0.649249
  0.96497549 -2.33821613  0.99353639  2.63474773 -0.55552725  2.16178245
 -1.87028196 -0.96262742 -2.39027754 -2.26097962 -1.42494266 -2.87908078
  1.60958259  1.78760576  1.62648349  1.0647535   1.41676128 -2.32138563
 -2.67257937  1.75855121  0.98987183 -0.36067624 -2.59543151  1.61980033
 -1.20439258 -2.52175127  0.06641083]
Thu Jun 13 20:33:57 2024,149,0.17755026475439664,[-2.89835794  2.3108115  -1.753653    0.09892139  0.44321612 -3.07901435
  3.12802233  2.02706314  1.09921239 -1.01579818  0.53274871  1.28932552
  1.3520269  -1.82799338  0.81113428  2.96024253 -0.46253559 -0.45302264
 -1.92204579  0.68884735  1.62683835  2.84463626 -1.37074778 -0.3368064
 -2.24873369 -2.09966152  3.08086754  2.75466744 -0.73638459 -2.68662949
  1.56275278 -0.23136483 -2.38789168  1.92065585  1.12848788 -0.54773249
  1.12922329 -1.97238971 -0.20078265  2.27052564 -0.10204521  0.55385227
  2.40377732  0.63842544  2.66600584  2.77293778  2.72328259 -2.89540393
  0.37503586 -0.38534115  1.68743853  2.95693957 -0.38475249 -2.33322193
  2.70079441 -3.17863061  0.66478327 -0.68480515 -1.76083882  3.06365609
 -1.9799379  -1.63610297 -2.49408425  2.34758652 -2.14599189  2.00717997
  1.80237812  1.4511238   2.53753087  2.92943602  1.97809907  1.46257818
 -1.71601632 -2.36130015  1.20416839  0.61867368  1.61345393 -2.76789873
 -0.14262589  2.44267804 -1.10952409  1.2534107   1.31339704  0.6997823
 -1.00142858  1.18663596  0.81476096 -0.28953626  2.76179578 -2.11838113
  1.54693842 -0.63014015  1.00821963 -3.19846369 -2.22002748  0.36989244
 -1.11165437 -0.40707645  0.30160052 -0.02477836 -1.81932772 -0.19073537
 -0.585493    2.89317496 -1.15343965 -1.20987725 -1.06974289  1.27598291
  1.65522684 -0.85681415  2.11835029 -1.72930836 -0.22206541 -0.8678359
 -3.01073926  3.01423885 -1.72865201  3.02491994 -1.35585202 -2.57445761
  3.4369407  -1.08557315 -0.76007143 -2.89284774 -2.49287327  2.93348586
 -1.99456551 -1.70912168 -0.39954727  3.01286068  0.1789507   0.06965912
 -1.56656829 -0.18094698 -1.63552332 -2.99906514  2.89770186  1.20847951
 -0.29493973 -2.34092373  0.94301285 -1.17291557 -0.32942664 -2.13545782
 -1.96913308  1.82332216 -1.05193678  2.59146193 -0.54545472 -3.14312714
 -2.89120804  1.91665038 -3.06480984 -0.2753503  -0.963476   -0.11682424
  2.40959536  1.81148389 -0.12882978 -2.1290405  -2.94365197  0.07598296
 -0.80543232  1.43237    -2.54286839  0.96341027 -0.12772093  0.14142012
  1.99391684  0.63891822  0.75127353 -1.230876    1.63734616  2.56231728
  1.29760977  0.26625879 -0.98756116  2.62527804  0.80125103 -2.18428727
  0.06838328  1.71294378  1.03965872 -0.63250561 -2.31550268  2.43861122
  2.06746165  1.66377678  2.25097864  1.80003214 -1.8425541  -2.85545235
  0.59732938  1.40319039 -2.38919279 -1.30112313  2.41131152  1.34023251
 -0.06561753 -1.70170039 -1.53555336  1.98061933  1.55119974 -0.8411239
 -0.1395118  -0.30589935 -0.17400132  2.40552313 -0.48198207 -0.65633342
  0.95789107 -2.34530055  1.00062081  2.62766331 -0.54844283  2.15469803
 -1.87736638 -0.955543   -2.39736196 -2.26806404 -1.41785824 -2.87199636
  1.61666701  1.79469018  1.63356791  1.07183792  1.40967686 -2.32847004
 -2.66549496  1.7514668   0.98278741 -0.36776066 -2.58834709  1.61271591
 -1.19730816 -2.52883569  0.07349524]
Thu Jun 13 20:34:25 2024,150,0.17739897228315737,[-2.90060679  2.31306036 -1.75140415  0.09667254  0.44546497 -3.0767655
  3.12577348  2.02481429  1.09696354 -1.01804703  0.53499756  1.29157437
  1.35427576 -1.82574453  0.80888543  2.95799367 -0.46478445 -0.45077379
 -1.91979693  0.68659849  1.6290872   2.84238741 -1.36849892 -0.33455755
 -2.25098254 -2.09741267  3.08311639  2.75241858 -0.73863344 -2.68887834
  1.56500163 -0.22911597 -2.39014053  1.92290471  1.12623903 -0.54998134
  1.13147214 -1.97014086 -0.2030315   2.26827678 -0.10429406  0.55160341
  2.40602618  0.64067429  2.66825469  2.77068893  2.72553144 -2.89765279
  0.37728471 -0.3830923   1.68968738  2.95918842 -0.38700134 -2.33097308
  2.70304327 -3.17638175  0.66253442 -0.6825563  -1.76308768  3.06140724
 -1.97768904 -1.63835183 -2.4918354   2.34533766 -2.14824074  2.00493112
  1.80462697  1.45337265  2.53528202  2.92718717  1.98034792  1.46032933
 -1.71376747 -2.363549    1.20191954  0.62092253  1.61120508 -2.76564987
 -0.14487475  2.4449269  -1.11177294  1.25565956  1.31114819  0.70203115
 -0.99917973  1.18438711  0.81700981 -0.29178511  2.75954692 -2.11613227
  1.54468957 -0.6278913   1.00597077 -3.19621484 -2.21777863  0.36764359
 -1.11390322 -0.4048276   0.30384938 -0.0225295  -1.81707886 -0.18848652
 -0.58324415  2.89542381 -1.15568851 -1.21212611 -1.07199175  1.27373406
  1.65297799 -0.859063    2.12059915 -1.73155722 -0.22431427 -0.87008476
 -3.01298811  3.01199    -1.72640316  3.02716879 -1.35360317 -2.57220875
  3.43918955 -1.08332429 -0.75782258 -2.89059888 -2.49062442  2.93123701
 -1.99681437 -1.71137053 -0.40179612  3.01510953  0.18119955  0.06741027
 -1.56881714 -0.17869813 -1.63327447 -3.00131399  2.89995071  1.21072836
 -0.29718858 -2.33867488  0.94076399 -1.17516442 -0.33167549 -2.13770667
 -1.96688423  1.82557101 -1.05418563  2.58921307 -0.54770357 -3.14087828
 -2.8934569   1.91440152 -3.06256099 -0.27310144 -0.96572485 -0.11457539
  2.4073465   1.81373275 -0.12658092 -2.12679165 -2.94140311  0.07823182
 -0.80768118  1.43461885 -2.54061953  0.96565912 -0.12547208  0.13917126
  1.99166799  0.64116707  0.74902468 -1.23312486  1.63959501  2.56006842
  1.29536091  0.26850764 -0.98531231  2.6275269   0.80349989 -2.18203842
  0.06613443  1.71519263  1.04190757 -0.63025676 -2.31775153  2.43636237
  2.0652128   1.66602564  2.24872979  1.802281   -1.84480295 -2.8532035
  0.59508052  1.40543925 -2.38694394 -1.29887428  2.40906267  1.33798366
 -0.06336868 -1.69945154 -1.53780221  1.98286818  1.54895089 -0.84337276
 -0.13726295 -0.3036505  -0.17625017  2.40777199 -0.47973322 -0.65858227
  0.95564222 -2.3430517   0.99837196  2.62541446 -0.55069168  2.15694688
 -1.87511753 -0.95329415 -2.39961081 -2.26581519 -1.42010709 -2.86974751
  1.61441816  1.79244132  1.63131906  1.07408677  1.41192572 -2.3307189
 -2.66774381  1.74921794  0.98503626 -0.37000951 -2.59059594  1.61046706
 -1.19955701 -2.52658683  0.07124639]
Thu Jun 13 20:34:38 2024,151,0.17733128098311607,[-2.89918662  2.31448053 -1.74998398  0.09809271  0.4440448  -3.07534532
  3.12719365  2.02623446  1.09554337 -1.01662686  0.53357739  1.29299454
  1.35285559 -1.82432436  0.80746526  2.95941385 -0.46620462 -0.45219396
 -1.91837676  0.68517832  1.62766703  2.84096723 -1.36707875 -0.33313738
 -2.24956237 -2.09599249  3.08453656  2.75383876 -0.74005361 -2.69029852
  1.56358146 -0.23053615 -2.3915607   1.92148453  1.1276592  -0.54856117
  1.13289232 -1.96872069 -0.20161133  2.26685661 -0.10287389  0.55302359
  2.40460601  0.63925412  2.66683452  2.7721091   2.72695161 -2.89907296
  0.37870489 -0.38167213  1.69110755  2.95776825 -0.38842151 -2.33239325
  2.70446344 -3.17496158  0.66395459 -0.68113613 -1.76450785  3.05998706
 -1.97626887 -1.639772   -2.49041523  2.34391749 -2.14682057  2.00351095
  1.8032068   1.45195248  2.53670219  2.925767    1.9817681   1.45890916
 -1.71234729 -2.36212883  1.20333971  0.61950236  1.60978491 -2.7642297
 -0.14345457  2.44634707 -1.11035277  1.25707973  1.30972802  0.70345132
 -1.0005999   1.18580728  0.81842998 -0.29320528  2.7609671  -2.1147121
  1.54610974 -0.62931147  1.00739095 -3.19479467 -2.21635846  0.36906376
 -1.11248305 -0.40624777  0.3024292  -0.02394967 -1.81849904 -0.18706635
 -0.58182398  2.89684398 -1.15426833 -1.21070593 -1.07341192  1.27231388
  1.65439816 -0.85764283  2.12201932 -1.73297739 -0.22573444 -0.86866458
 -3.01156794  3.01056982 -1.72782333  3.02574862 -1.35502334 -2.57362893
  3.43776938 -1.08190412 -0.7564024  -2.88917871 -2.48920425  2.93265718
 -1.99539419 -1.70995036 -0.40037595  3.01368936  0.18261973  0.0659901
 -1.56739697 -0.17727795 -1.63469464 -3.00273417  2.90137088  1.20930819
 -0.29576841 -2.34009505  0.94218417 -1.1765846  -0.33025532 -2.13912684
 -1.9683044   1.82415084 -1.0556058   2.5877929  -0.54912375 -3.14229845
 -2.89487707  1.91298135 -3.06398116 -0.27168127 -0.96430468 -0.11599556
  2.40876668  1.81231257 -0.1280011  -2.12537148 -2.94282329  0.07681164
 -0.80910135  1.43603903 -2.54203971  0.96423895 -0.12405191  0.14059144
  1.99024781  0.64258724  0.7476045  -1.23170468  1.63817484  2.55864825
  1.29678109  0.26992782 -0.98389213  2.62894707  0.80492006 -2.18061825
  0.0675546   1.71377246  1.04332774 -0.63167693 -2.3191717   2.4349422
  2.06663297  1.66744581  2.24730961  1.80370117 -1.84338278 -2.85178333
  0.59650069  1.40685942 -2.38836411 -1.2974541   2.40764249  1.33656349
 -0.06194851 -1.69803137 -1.53638204  1.98428835  1.54753071 -0.84195259
 -0.13584278 -0.30223033 -0.17483     2.40635182 -0.48115339 -0.6571621
  0.95422205 -2.34163153  0.99979213  2.62399428 -0.54927151  2.15552671
 -1.8765377  -0.95187397 -2.39819064 -2.26439502 -1.41868692 -2.87116768
  1.61299798  1.7938615   1.63273923  1.0726666   1.41050554 -2.33213907
 -2.66632364  1.74779777  0.98645644 -0.36858934 -2.59201612  1.61188723
 -1.20097718 -2.52800701  0.06982622]
Thu Jun 13 20:34:52 2024,152,0.17624615436222624,[-2.89357403  2.30886793 -1.74437138  0.1037053   0.4496574  -3.08095792
  3.12158106  2.03184705  1.10115596 -1.01101427  0.53918999  1.29860713
  1.35846818 -1.81871177  0.81307785  2.95380125 -0.47181721 -0.45780655
 -1.91276417  0.69079092  1.63327962  2.84657983 -1.36146616 -0.33874997
 -2.25517496 -2.0903799   3.09014916  2.74822616 -0.73444102 -2.68468592
  1.55796886 -0.23614874 -2.3971733   1.92709713  1.12204661 -0.55417376
  1.12727972 -1.97433328 -0.19599874  2.2724692  -0.09726129  0.55863618
  2.39899341  0.63364153  2.66122193  2.77772169  2.73256421 -2.89346037
  0.37309229 -0.38728472  1.68549496  2.96338084 -0.39403411 -2.33800584
  2.69885084 -3.18057417  0.66956718 -0.67552353 -1.75889526  3.05437447
 -1.97065628 -1.63415941 -2.49602782  2.3383049  -2.14120798  2.00912354
  1.80881939  1.45756507  2.54231478  2.9201544   1.9761555   1.46452175
 -1.7067347  -2.36774142  1.2089523   0.62511495  1.6153975  -2.75861711
 -0.13784198  2.44073448 -1.11596536  1.25146714  1.30411542  0.69783873
 -1.00621249  1.18019469  0.82404258 -0.28759269  2.7553545  -2.12032469
  1.55172233 -0.62369888  1.01300354 -3.20040726 -2.22197105  0.37467636
 -1.10687046 -0.40063518  0.29681661 -0.01833708 -1.81288644 -0.19267894
 -0.58743657  2.90245658 -1.14865574 -1.21631853 -1.07902451  1.26670129
  1.64878557 -0.86325542  2.12763191 -1.72736479 -0.23134703 -0.86305199
 -3.00595534  3.01618242 -1.72221074  3.02013602 -1.36063594 -2.57924152
  3.43215679 -1.08751672 -0.75078981 -2.88356612 -2.49481684  2.92704459
 -2.00100679 -1.71556296 -0.40598854  3.01930195  0.17700713  0.07160269
 -1.57300956 -0.17166536 -1.64030723 -2.99712157  2.90698348  1.2036956
 -0.30138101 -2.34570765  0.93657157 -1.170972   -0.32464272 -2.13351425
 -1.97391699  1.81853825 -1.04999321  2.58218031 -0.54351115 -3.13668586
 -2.88926448  1.90736876 -3.06959375 -0.26606868 -0.96991727 -0.12160815
  2.41437927  1.80669998 -0.13361369 -2.13098407 -2.94843588  0.08242424
 -0.81471394  1.44165162 -2.5476523   0.95862636 -0.1296645   0.14620403
  1.98463522  0.64819984  0.7532171  -1.22609209  1.63256224  2.56426084
  1.29116849  0.26431522 -0.98950473  2.62333447  0.81053265 -2.17500566
  0.07316719  1.70815987  1.04894034 -0.62606434 -2.31355911  2.4293296
  2.06102038  1.66183322  2.25292221  1.79808858 -1.84899537 -2.84617074
  0.60211329  1.40124683 -2.38275152 -1.3030667   2.41325509  1.33095089
 -0.0675611  -1.70364396 -1.53076945  1.98990095  1.55314331 -0.83633999
 -0.14145537 -0.29661773 -0.16921741  2.40073922 -0.4755408  -0.66277469
  0.94860945 -2.33601893  1.00540472  2.61838169 -0.5548841   2.14991412
 -1.87092511 -0.95748657 -2.40380324 -2.27000761 -1.41307433 -2.87678027
  1.60738539  1.7882489   1.63835182  1.0782792   1.41611814 -2.33775166
 -2.67193623  1.74218518  0.99206903 -0.36297675 -2.59762871  1.60627463
 -1.20658978 -2.5336196   0.07543881]
Thu Jun 13 20:35:06 2024,153,0.17624641353766504,[-2.89340425  2.30869815 -1.7442016   0.10353552  0.44982718 -3.0811277
  3.12141128  2.03167727  1.10098618 -1.01118405  0.53935977  1.29877691
  1.3582984  -1.81888155  0.81290807  2.95397103 -0.47164743 -0.45763677
 -1.91293395  0.6909607   1.63310984  2.84674961 -1.36129638 -0.33858019
 -2.25500518 -2.09021012  3.09031894  2.74839594 -0.7346108  -2.68451614
  1.55779908 -0.23597896 -2.39734308  1.92726691  1.12221639 -0.55400398
  1.1274495  -1.9741635  -0.19582896  2.27263898 -0.09709151  0.5584664
  2.39882363  0.63347174  2.66105215  2.77755191  2.73273399 -2.89363015
  0.37326207 -0.3874545   1.68532518  2.96321106 -0.39386433 -2.33817562
  2.69902062 -3.18074395  0.6693974  -0.67569331 -1.75872548  3.05420469
 -1.97082606 -1.63432919 -2.4961976   2.33847468 -2.14137776  2.00895376
  1.80864961  1.45739529  2.54248457  2.92032418  1.97632528  1.46435197
 -1.70656492 -2.3679112   1.20912209  0.62528473  1.61556728 -2.75844733
 -0.1376722   2.4405647  -1.11613514  1.25129736  1.30394564  0.69800851
 -1.00638227  1.18036447  0.8238728  -0.28776247  2.75518472 -2.12049447
  1.55189211 -0.62386866  1.01283376 -3.20057704 -2.22214083  0.37484614
 -1.10704024 -0.4004654   0.29664683 -0.0181673  -1.81305622 -0.19284872
 -0.58726679  2.90262636 -1.14882552 -1.21614875 -1.07919429  1.26653151
  1.64895535 -0.86308564  2.12746213 -1.72719501 -0.23117725 -0.86288221
 -3.00612512  3.0163522  -1.72204096  3.01996624 -1.36046615 -2.57907174
  3.43198701 -1.0876865  -0.75062003 -2.88339634 -2.49498662  2.92687481
 -2.00083701 -1.71573274 -0.40615832  3.01947173  0.17683735  0.07143291
 -1.57283978 -0.17149558 -1.64047701 -2.99729135  2.9068137   1.20386538
 -0.30121123 -2.34587743  0.93640179 -1.17114178 -0.3248125  -2.13334447
 -1.97374721  1.81870803 -1.05016299  2.58235009 -0.54368093 -3.13651608
 -2.88909469  1.90719898 -3.06976353 -0.2658989  -0.97008705 -0.12143837
  2.41420949  1.8065302  -0.13344391 -2.13115385 -2.9482661   0.08259402
 -0.81454416  1.4418214  -2.54748252  0.95879614 -0.12983428  0.14637381
  1.984805    0.64836962  0.75338688 -1.22592231  1.63239246  2.56409106
  1.29099871  0.264485   -0.98967451  2.62316469  0.81070243 -2.17483587
  0.07333697  1.70832965  1.04877056 -0.62589456 -2.31338933  2.42949938
  2.06119016  1.662003    2.25275243  1.79825836 -1.84882559 -2.84634052
  0.60228307  1.40107705 -2.38258174 -1.30289692  2.41342487  1.33078111
 -0.06773088 -1.70347418 -1.53059967  1.99007073  1.55297353 -0.83617021
 -0.14128559 -0.29678751 -0.16904763  2.400909   -0.47537102 -0.66260491
  0.94843967 -2.33618871  1.0055745   2.61855147 -0.55505388  2.1500839
 -1.87075533 -0.95765635 -2.40363346 -2.26983783 -1.41324411 -2.87695006
  1.60755517  1.78807912  1.63852161  1.07844898  1.41594836 -2.33758188
 -2.67176645  1.74235496  0.99189925 -0.36280697 -2.59779849  1.60610485
 -1.20642    -2.53378938  0.07526903]
Thu Jun 13 20:35:19 2024,154,0.17464011611276037,[-2.88719926  2.30249316 -1.75040659  0.09733053  0.44362219 -3.07492271
  3.11520629  2.03788226  1.09478119 -1.00497906  0.53315478  1.3049819
  1.36450339 -1.82508653  0.81911306  2.96017602 -0.46544244 -0.46384176
 -1.90672896  0.69716568  1.63931483  2.8529546  -1.36750137 -0.34478518
 -2.26121017 -2.09641511  3.09652393  2.75460093 -0.74081579 -2.69072113
  1.55159409 -0.22977397 -2.40354806  1.9334719   1.1160114  -0.56020897
  1.12124451 -1.96795851 -0.20203395  2.27884397 -0.1032965   0.56467139
  2.39261864  0.62726676  2.65484716  2.7837569   2.73893898 -2.89983513
  0.36705708 -0.39365949  1.69153017  2.95700607 -0.40006931 -2.34438061
  2.69281564 -3.18694894  0.67560239 -0.6818983  -1.75252049  3.06040968
 -1.97703105 -1.6281242  -2.50240259  2.34467967 -2.13517277  2.01515875
  1.8148546   1.46360028  2.54868955  2.92652917  1.97012029  1.47055696
 -1.71276991 -2.37411619  1.2029171   0.61907974  1.62177227 -2.76465231
 -0.14387719  2.43435971 -1.10993015  1.24509237  1.29774065  0.69180352
 -1.01258726  1.17415948  0.83007779 -0.29396746  2.76138971 -2.12669946
  1.5580971  -0.61766367  1.01903875 -3.20678203 -2.21593584  0.38105113
 -1.10083525 -0.39426041  0.30285182 -0.01196231 -1.80685123 -0.19905371
 -0.59347178  2.90883135 -1.15503051 -1.22235374 -1.08539928  1.26032652
  1.65516033 -0.85688065  2.13366712 -1.72099003 -0.22497226 -0.85667722
 -3.01233011  3.01014721 -1.71583597  3.02617123 -1.35426117 -2.57286675
  3.438192   -1.09389148 -0.75682502 -2.87719135 -2.50119161  2.93307979
 -1.99463202 -1.70952775 -0.41236331  3.02567672  0.18304234  0.06522792
 -1.56663479 -0.17770057 -1.646682   -3.00349634  2.91301868  1.19766039
 -0.29500624 -2.33967244  0.94260678 -1.17734677 -0.31860752 -2.12713948
 -1.9799522   1.82491302 -1.05636798  2.5761451  -0.53747594 -3.13031109
 -2.88288971  1.90099399 -3.06355855 -0.25969391 -0.97629204 -0.11523338
  2.4080045   1.81273519 -0.12723892 -2.12494886 -2.95447109  0.07638903
 -0.80833917  1.44802639 -2.54127753  0.96500112 -0.12362929  0.1525788
  1.99100999  0.64216463  0.75959187 -1.21971732  1.62618748  2.55788608
  1.2972037   0.25828001 -0.9958795   2.62936968  0.81690742 -2.16863089
  0.07954196  1.71453464  1.04256557 -0.61968957 -2.31959432  2.43570437
  2.05498517  1.66820798  2.24654744  1.79205337 -1.85503058 -2.84013553
  0.60848806  1.39487206 -2.38878672 -1.30910191  2.41962986  1.3369861
 -0.06152589 -1.69726919 -1.53680466  1.98386574  1.54676854 -0.82996522
 -0.1350806  -0.29058253 -0.17525262  2.39470401 -0.46916603 -0.6688099
  0.94223469 -2.3423937   0.99936951  2.62475646 -0.54884889  2.15628888
 -1.87696031 -0.95145136 -2.39742847 -2.27604282 -1.4194491  -2.87074507
  1.60135018  1.78187413  1.63231662  1.08465396  1.40974337 -2.33137689
 -2.66556146  1.74855995  0.98569426 -0.35660198 -2.5915935   1.61230984
 -1.21262499 -2.53999437  0.08147402]
Thu Jun 13 20:35:34 2024,155,0.17401982870814153,[-2.89173217  2.30702607 -1.74587368  0.10186344  0.43908928 -3.07945562
  3.11067338  2.04241517  1.0993141  -1.00044615  0.52862187  1.30951481
  1.35997048 -1.82961944  0.81458015  2.96470893 -0.46090953 -0.45930885
 -1.90219605  0.69263278  1.64384774  2.85748751 -1.37203428 -0.34931809
 -2.26574308 -2.0918822   3.09199102  2.75006802 -0.7453487  -2.68618822
  1.54706118 -0.22524106 -2.39901515  1.92893899  1.11147849 -0.55567606
  1.12577742 -1.9634256  -0.20656686  2.27431106 -0.10782941  0.56013848
  2.38808573  0.63179967  2.65031425  2.77922399  2.74347189 -2.90436804
  0.36252417 -0.38912658  1.68699726  2.95247316 -0.40460222 -2.34891352
  2.68828273 -3.18241603  0.67106948 -0.67736539 -1.7570534   3.06494259
 -1.97249814 -1.62359129 -2.5069355   2.34921257 -2.13063986  2.01062584
  1.81032169  1.45906737  2.54415664  2.92199626  1.96558738  1.47508987
 -1.71730282 -2.36958328  1.19838419  0.61454683  1.61723936 -2.76918522
 -0.13934428  2.43889262 -1.11446306  1.24055946  1.30227356  0.68727061
 -1.00805435  1.16962657  0.82554488 -0.29850037  2.76592262 -2.13123237
  1.56263001 -0.61313076  1.02357166 -3.20224912 -2.22046875  0.37651822
 -1.10536816 -0.39879332  0.30738473 -0.0074294  -1.80231832 -0.20358662
 -0.58893887  2.90429844 -1.1504976  -1.21782083 -1.08993219  1.26485943
  1.65969324 -0.86141356  2.13820003 -1.71645712 -0.22950517 -0.86121013
 -3.01686302  3.0056143  -1.72036888  3.03070414 -1.35879408 -2.56833384
  3.43365909 -1.09842439 -0.75229211 -2.87265844 -2.50572452  2.92854689
 -1.99916493 -1.70499484 -0.41689622  3.02114381  0.18757525  0.06976083
 -1.5711677  -0.18223348 -1.64214909 -3.00802925  2.91755159  1.19312748
 -0.29953915 -2.33513953  0.94713969 -1.18187968 -0.32314042 -2.13167239
 -1.97541929  1.82944593 -1.05183507  2.58067801 -0.54200885 -3.134844
 -2.88742262  1.89646108 -3.05902564 -0.255161   -0.97175913 -0.11976629
  2.41253741  1.80820228 -0.12270601 -2.12041595 -2.959004    0.08092194
 -0.80380627  1.4525593  -2.53674462  0.96953403 -0.1281622   0.14804589
  1.9955429   0.64669754  0.76412478 -1.22425023  1.63072038  2.56241898
  1.30173661  0.25374711 -1.00041241  2.63390259  0.81237451 -2.16409798
  0.07500905  1.71000173  1.03803266 -0.61515666 -2.32412723  2.43117146
  2.05951808  1.67274089  2.25108035  1.78752046 -1.85956349 -2.83560262
  0.60395515  1.39033915 -2.38425381 -1.304569    2.41509695  1.33245319
 -0.0660588  -1.7018021  -1.53227175  1.97933283  1.55130145 -0.83449813
 -0.13961351 -0.29511543 -0.17071971  2.3901711  -0.46463312 -0.67334281
  0.9467676  -2.34692661  1.00390242  2.62022355 -0.54431598  2.15175598
 -1.88149322 -0.94691845 -2.40196138 -2.27150991 -1.42398201 -2.86621216
  1.59681727  1.77734122  1.62778371  1.08918687  1.41427628 -2.3359098
 -2.67009437  1.75309285  0.98116135 -0.35206907 -2.59612641  1.60777693
 -1.20809208 -2.53546146  0.08600693]
Thu Jun 13 20:35:47 2024,156,0.17360310294676637,[-2.88814634  2.30344025 -1.74228786  0.10544927  0.43550345 -3.07586979
  3.11425921  2.03882934  1.09572828 -0.99686032  0.53220769  1.31310064
  1.3635563  -1.83320527  0.81816598  2.9611231  -0.46449536 -0.46289468
 -1.90578188  0.68904695  1.64026191  2.85390168 -1.36844845 -0.35290392
 -2.26215725 -2.08829637  3.08840519  2.7464822  -0.74893452 -2.68260239
  1.55064701 -0.22882689 -2.40260098  1.93252481  1.10789266 -0.55209024
  1.12936325 -1.96701143 -0.20298103  2.27789689 -0.10424359  0.56372431
  2.38449991  0.63538549  2.64672842  2.78280982  2.74705771 -2.90795387
  0.35893835 -0.39271241  1.68341143  2.95605899 -0.4010164  -2.34532769
  2.69186855 -3.17883021  0.66748366 -0.67377957 -1.75346757  3.06852842
 -1.97608396 -1.62000546 -2.51052133  2.34562675 -2.13422569  2.01421167
  1.80673586  1.4626532   2.54774247  2.91841044  1.96917321  1.47150404
 -1.71371699 -2.37316911  1.19479836  0.61813266  1.62082518 -2.77277105
 -0.13575845  2.43530679 -1.11804889  1.24414528  1.30585939  0.68368478
 -1.01164018  1.17321239  0.82195905 -0.29491454  2.76233679 -2.12764654
  1.56621584 -0.61671659  1.01998583 -3.19866329 -2.22405458  0.37293239
 -1.10178233 -0.40237915  0.3037989  -0.00384358 -1.7987325  -0.20000079
 -0.58535304  2.90071261 -1.14691177 -1.22140665 -1.08634636  1.2612736
  1.66327907 -0.86499939  2.1346142  -1.71287129 -0.233091   -0.86479596
 -3.02044885  3.00920013 -1.71678305  3.02711831 -1.3623799  -2.56474801
  3.43724491 -1.10201022 -0.74870628 -2.87624426 -2.50931035  2.92496106
 -2.00275076 -1.70858066 -0.41331039  3.01755799  0.18398942  0.06617501
 -1.57475353 -0.17864765 -1.63856327 -3.00444342  2.91396577  1.18954165
 -0.29595332 -2.3315537   0.94355386 -1.17829385 -0.3195546  -2.13525821
 -1.97900512  1.8258601  -1.04824924  2.58426383 -0.53842303 -3.13842983
 -2.88383679  1.90004691 -3.05543981 -0.25874683 -0.97534496 -0.11618047
  2.40895158  1.81178811 -0.11912019 -2.12400178 -2.96258982  0.08450776
 -0.80739209  1.44897347 -2.5331588   0.97311986 -0.12457637  0.14446006
  1.99912873  0.65028337  0.76053895 -1.22783606  1.63430621  2.55883316
  1.29815078  0.25016128 -0.99682658  2.63748842  0.81596034 -2.1676838
  0.07859488  1.7064159   1.03444683 -0.61157083 -2.3205414   2.42758564
  2.06310391  1.66915507  2.25466617  1.79110628 -1.86314932 -2.83201679
  0.60754097  1.39392498 -2.38783964 -1.30815482  2.41868277  1.32886737
 -0.06964463 -1.70538793 -1.53585757  1.98291865  1.54771562 -0.83091231
 -0.14319934 -0.29870126 -0.16713388  2.39375693 -0.46104729 -0.67692864
  0.95035342 -2.35051244  1.0003166   2.61663772 -0.54073016  2.14817015
 -1.88507905 -0.95050428 -2.4055472  -2.26792408 -1.42756783 -2.86979798
  1.59323145  1.7737554   1.62419788  1.08560105  1.41069045 -2.33949563
 -2.66650854  1.75667868  0.98474718 -0.35565489 -2.59971224  1.61136276
 -1.20450625 -2.53187563  0.0824211 ]
Thu Jun 13 20:36:03 2024,157,0.17354368595214192,[-2.88722667  2.30435992 -1.74136818  0.10636894  0.43642312 -3.07678947
  3.11517888  2.03790967  1.09664795 -0.99594065  0.53128802  1.31218097
  1.36447598 -1.8322856   0.81908565  2.96204278 -0.46357569 -0.46381435
 -1.9048622   0.68996662  1.64118158  2.85298201 -1.36752878 -0.35382359
 -2.26307693 -2.08921605  3.08932486  2.74556252 -0.7498542  -2.68168272
  1.54972734 -0.22790721 -2.40352066  1.93160514  1.10697299 -0.55117056
  1.12844358 -1.9679311  -0.2039007   2.27697722 -0.10332391  0.56280463
  2.38358023  0.63630517  2.64580875  2.78372949  2.74797739 -2.9070342
  0.35985802 -0.39363208  1.68249176  2.95513931 -0.40193607 -2.34440802
  2.69094888 -3.17974988  0.66840333 -0.67285989 -1.7525479   3.06760874
 -1.97700364 -1.62092513 -2.511441    2.34470707 -2.13514536  2.01329199
  1.80765554  1.46357287  2.54866214  2.91749076  1.96825354  1.47058437
 -1.71279732 -2.37408878  1.19571803  0.61905234  1.61990551 -2.77185138
 -0.13483878  2.43438712 -1.11712922  1.24322561  1.30677906  0.68460446
 -1.01072051  1.17413207  0.82287872 -0.29583422  2.76325647 -2.12856622
  1.56713551 -0.61579691  1.01906616 -3.19958297 -2.22497425  0.37385206
 -1.10086266 -0.40329882  0.30287923 -0.00476325 -1.79781282 -0.20092046
 -0.58443337  2.89979294 -1.14783145 -1.22048698 -1.08542669  1.26219328
  1.6623594  -0.86407972  2.13369453 -1.71195162 -0.23401067 -0.86387628
 -3.01952917  3.0101198  -1.71770273  3.02803799 -1.36146023 -2.56566769
  3.43632524 -1.10109055 -0.74962596 -2.87716394 -2.51023002  2.92588073
 -2.00367043 -1.70950034 -0.41423007  3.01663831  0.1849091   0.06709468
 -1.57383385 -0.17772798 -1.63764359 -3.0053631   2.91304609  1.18862198
 -0.29503365 -2.33247338  0.94263419 -1.17921353 -0.31863492 -2.13617789
 -1.97992479  1.82494043 -1.04732957  2.58518351 -0.5393427  -3.13751015
 -2.88475646  1.90096658 -3.05452014 -0.25782715 -0.97626463 -0.11526079
  2.40987126  1.81086843 -0.12003986 -2.12492145 -2.9635095   0.08358809
 -0.80647242  1.44989315 -2.53407847  0.97403953 -0.1236567   0.14354039
  2.0000484   0.64936369  0.75961927 -1.22875573  1.63338654  2.55791348
  1.29723111  0.24924161 -0.99774625  2.63656875  0.81504066 -2.16676413
  0.07951455  1.70733557  1.03536651 -0.61249051 -2.31962173  2.42850531
  2.06402358  1.66823539  2.2537465   1.79018661 -1.86222964 -2.83109712
  0.6066213   1.3930053  -2.38691997 -1.3090745   2.41960245  1.32794769
 -0.06872496 -1.70446826 -1.5349379   1.98199898  1.54679595 -0.82999263
 -0.14411901 -0.29962093 -0.16805355  2.39467661 -0.46012762 -0.67784831
  0.94943375 -2.34959276  0.99939692  2.6175574  -0.54164983  2.14725047
 -1.88415938 -0.9495846  -2.40462753 -2.26884376 -1.42664816 -2.87071766
  1.59415112  1.77283572  1.62511755  1.08468137  1.40977078 -2.3404153
 -2.66558887  1.75759836  0.9838275  -0.35657457 -2.59879256  1.61044309
 -1.20542592 -2.53279531  0.08150143]
Thu Jun 13 20:36:17 2024,158,0.17296226257129077,[-2.88206340e+00  2.30952319e+00 -1.73620492e+00  1.11532210e-01
  4.31259858e-01 -3.08195273e+00  3.11001561e+00  2.04307294e+00
  1.09148468e+00 -9.90777384e-01  5.36451287e-01  1.30701770e+00
  1.35931271e+00 -1.82712233e+00  8.13922383e-01  2.96720604e+00
 -4.68738952e-01 -4.68977618e-01 -1.91002547e+00  6.95129888e-01
  1.64634485e+00  2.85814527e+00 -1.36236551e+00 -3.58986856e-01
 -2.25791366e+00 -2.09437931e+00  3.09448813e+00  2.74039926e+00
 -7.55017463e-01 -2.67651945e+00  1.55489060e+00 -2.22743949e-01
 -2.39835739e+00  1.93676841e+00  1.11213625e+00 -5.56333830e-01
  1.12328031e+00 -1.96276783e+00 -2.09063968e-01  2.28214048e+00
 -1.08487178e-01  5.67967898e-01  2.37841697e+00  6.41468432e-01
  2.65097202e+00  2.78889276e+00  2.74281412e+00 -2.90187093e+00
  3.54694755e-01 -3.88468813e-01  1.67732849e+00  2.96030258e+00
 -3.96772804e-01 -2.34957128e+00  2.68578561e+00 -3.17458661e+00
  6.63240065e-01 -6.78023158e-01 -1.75771116e+00  3.06244548e+00
 -1.97184037e+00 -1.61576187e+00 -2.51660426e+00  2.33954381e+00
 -2.14030863e+00  2.00812873e+00  1.81281880e+00  1.46873614e+00
  2.55382541e+00  2.92265403e+00  1.97341680e+00  1.47574763e+00
 -1.70763405e+00 -2.36892552e+00  1.19055477e+00  6.24215601e-01
  1.61474225e+00 -2.77701464e+00 -1.40002046e-01  2.43955038e+00
 -1.11196595e+00  1.23806234e+00  1.30161580e+00  6.79441192e-01
 -1.00555724e+00  1.17929533e+00  8.28041989e-01 -3.00997483e-01
  2.76841973e+00 -2.13372948e+00  1.56197225e+00 -6.20960178e-01
  1.02422942e+00 -3.20474623e+00 -2.21981098e+00  3.68688797e-01
 -1.09569939e+00 -3.98135554e-01  3.08042495e-01  4.00016923e-04
 -1.79264956e+00 -1.95757199e-01 -5.89596637e-01  2.89462967e+00
 -1.15299471e+00 -1.22565025e+00 -1.09058996e+00  1.25703001e+00
  1.65719613e+00 -8.69242982e-01  2.13885780e+00 -1.71711488e+00
 -2.39173938e-01 -8.69039550e-01 -3.02469244e+00  3.00495653e+00
 -1.72286599e+00  3.03320125e+00 -1.36662349e+00 -2.56050442e+00
  3.44148851e+00 -1.10625381e+00 -7.54789222e-01 -2.87200067e+00
 -2.51539329e+00  2.92071747e+00 -2.00883369e+00 -1.70433707e+00
 -4.19393332e-01  3.02180158e+00  1.90072364e-01  6.19314128e-02
 -1.56867059e+00 -1.82891244e-01 -1.63248033e+00 -3.01052636e+00
  2.90788283e+00  1.18345871e+00 -2.89870379e-01 -2.33763664e+00
  9.37470925e-01 -1.18437679e+00 -3.13471658e-01 -2.13101462e+00
 -1.98508806e+00  1.81977716e+00 -1.04216630e+00  2.58002024e+00
 -5.44505965e-01 -3.14267342e+00 -2.88991973e+00  1.89580331e+00
 -3.05968340e+00 -2.62990419e-01 -9.81427901e-01 -1.20424059e-01
  2.41503452e+00  1.81603170e+00 -1.25203125e-01 -2.11975819e+00
 -2.96867276e+00  7.84248241e-02 -8.11635684e-01  1.45505641e+00
 -2.52891520e+00  9.79202800e-01 -1.18493434e-01  1.38377123e-01
  1.99488513e+00  6.54526958e-01  7.54456009e-01 -1.23391900e+00
  1.63854980e+00  2.56307675e+00  1.29206784e+00  2.44078339e-01
 -9.92582987e-01  2.64173201e+00  8.20203930e-01 -2.16160086e+00
  7.43512851e-02  1.70217231e+00  1.03020324e+00 -6.17653774e-01
 -2.32478499e+00  2.43366858e+00  2.06918685e+00  1.66307213e+00
  2.24858323e+00  1.79534988e+00 -1.85706638e+00 -2.83626038e+00
  6.01458035e-01  1.38784204e+00 -2.39208323e+00 -1.30391123e+00
  2.41443918e+00  1.33311096e+00 -6.35616902e-02 -1.70963152e+00
 -1.54010117e+00  1.97683572e+00  1.54163268e+00 -8.24829366e-01
 -1.49282277e-01 -3.04784201e-01 -1.73216820e-01  2.39983987e+00
 -4.65290886e-01 -6.72685043e-01  9.54597014e-01 -2.34442950e+00
  9.94233657e-01  2.62272066e+00 -5.46813097e-01  2.14208721e+00
 -1.88932264e+00 -9.54747869e-01 -2.39946426e+00 -2.27400702e+00
 -1.42148489e+00 -2.86555439e+00  1.59931439e+00  1.76767246e+00
  1.63028082e+00  1.08984464e+00  1.40460751e+00 -2.33525204e+00
 -2.66042560e+00  1.76276162e+00  9.78664239e-01 -3.61737834e-01
 -2.60395583e+00  1.60527982e+00 -1.21058919e+00 -2.53795857e+00
  8.66646955e-02]
Thu Jun 13 20:36:30 2024,159,0.17292456321485186,[-2.88103183e+00  2.30849161e+00 -1.73723649e+00  1.12563785e-01
  4.32291433e-01 -3.08092116e+00  3.11104719e+00  2.04410451e+00
  1.09251626e+00 -9.91808959e-01  5.35419712e-01  1.30598613e+00
  1.36034429e+00 -1.82609076e+00  8.12890808e-01  2.96823762e+00
 -4.67707377e-01 -4.70009193e-01 -1.90899389e+00  6.94098314e-01
  1.64737643e+00  2.85917685e+00 -1.36133393e+00 -3.57955281e-01
 -2.25688209e+00 -2.09334774e+00  3.09345655e+00  2.74143083e+00
 -7.53985889e-01 -2.67548788e+00  1.55385903e+00 -2.23775523e-01
 -2.39732581e+00  1.93573683e+00  1.11316783e+00 -5.55302255e-01
  1.12431189e+00 -1.96173626e+00 -2.08032393e-01  2.28110891e+00
 -1.09518753e-01  5.66936324e-01  2.37738539e+00  6.40436857e-01
  2.64994044e+00  2.78992433e+00  2.74178254e+00 -2.90290251e+00
  3.53663180e-01 -3.87437239e-01  1.67836007e+00  2.96133416e+00
 -3.95741230e-01 -2.35060286e+00  2.68475404e+00 -3.17561819e+00
  6.62208490e-01 -6.76991584e-01 -1.75667959e+00  3.06347705e+00
 -1.97287195e+00 -1.61679344e+00 -2.51763584e+00  2.34057538e+00
 -2.14134020e+00  2.00916030e+00  1.81178723e+00  1.46770457e+00
  2.55279384e+00  2.92162245e+00  1.97238523e+00  1.47677921e+00
 -1.70866563e+00 -2.36789394e+00  1.19158634e+00  6.23184026e-01
  1.61577382e+00 -2.77804622e+00 -1.38970472e-01  2.43851881e+00
 -1.11299753e+00  1.23703077e+00  1.30058422e+00  6.80472767e-01
 -1.00658882e+00  1.17826376e+00  8.27010414e-01 -3.02029057e-01
  2.76945131e+00 -2.13476106e+00  1.56300382e+00 -6.21991753e-01
  1.02526100e+00 -3.20371466e+00 -2.21877941e+00  3.69720372e-01
 -1.09673097e+00 -3.97103980e-01  3.09074070e-01  1.43159165e-03
 -1.79161798e+00 -1.96788773e-01 -5.88565062e-01  2.89359809e+00
 -1.15402629e+00 -1.22461867e+00 -1.08955838e+00  1.25599844e+00
  1.65822771e+00 -8.70274557e-01  2.13782622e+00 -1.71608331e+00
 -2.38142364e-01 -8.68007975e-01 -3.02572402e+00  3.00392496e+00
 -1.72389757e+00  3.03423283e+00 -1.36765507e+00 -2.56153600e+00
  3.44045693e+00 -1.10522224e+00 -7.55820797e-01 -2.87096910e+00
 -2.51436171e+00  2.92174904e+00 -2.00986527e+00 -1.70330550e+00
 -4.20424907e-01  3.02077000e+00  1.89040789e-01  6.29629875e-02
 -1.56970216e+00 -1.81859670e-01 -1.63351190e+00 -3.00949479e+00
  2.90685125e+00  1.18449029e+00 -2.88838805e-01 -2.33660507e+00
  9.36439350e-01 -1.18540837e+00 -3.14503233e-01 -2.13204620e+00
 -1.98611963e+00  1.82080874e+00 -1.04319788e+00  2.57898867e+00
 -5.43474391e-01 -3.14370500e+00 -2.89095130e+00  1.89477174e+00
 -3.06071498e+00 -2.61958844e-01 -9.80396326e-01 -1.19392484e-01
  2.41400295e+00  1.81706327e+00 -1.26234700e-01 -2.12078976e+00
 -2.96970434e+00  7.73932493e-02 -8.10604110e-01  1.45608799e+00
 -2.52788363e+00  9.78171226e-01 -1.17461860e-01  1.37345548e-01
  1.99591671e+00  6.53495383e-01  7.55487584e-01 -1.23495057e+00
  1.63751823e+00  2.56410833e+00  1.29309942e+00  2.45109914e-01
 -9.93614562e-01  2.64070044e+00  8.19172356e-01 -2.16263244e+00
  7.33197104e-02  1.70320388e+00  1.03123481e+00 -6.16622199e-01
 -2.32375342e+00  2.43470015e+00  2.07021842e+00  1.66410370e+00
  2.24961481e+00  1.79638145e+00 -1.85603480e+00 -2.83729196e+00
  6.02489609e-01  1.38887361e+00 -2.39311481e+00 -1.30287966e+00
  2.41547076e+00  1.33414253e+00 -6.45932649e-02 -1.70859995e+00
 -1.54113274e+00  1.97786729e+00  1.54266426e+00 -8.23797791e-01
 -1.50313852e-01 -3.05815775e-01 -1.72185245e-01  2.39880830e+00
 -4.64259311e-01 -6.73716618e-01  9.53565439e-01 -2.34546107e+00
  9.95265232e-01  2.62168909e+00 -5.47844672e-01  2.14311878e+00
 -1.88829107e+00 -9.53716294e-01 -2.40049584e+00 -2.27503860e+00
 -1.42251647e+00 -2.86452282e+00  1.59828281e+00  1.76664088e+00
  1.63131239e+00  1.09087621e+00  1.40357594e+00 -2.33422046e+00
 -2.66145718e+00  1.76379320e+00  9.77632664e-01 -3.60706259e-01
 -2.60292425e+00  1.60424825e+00 -1.21162076e+00 -2.53899015e+00
  8.56331208e-02]
Thu Jun 13 20:36:44 2024,160,0.17207157641293996,[-2.87679431  2.30425409 -1.74147401  0.1168013   0.42805391 -3.08515868
  3.11528471  2.04834203  1.09675378 -0.98757144  0.53965723  1.31022364
  1.35610677 -1.83032828  0.80865329  2.97247514 -0.46346986 -0.47424671
 -1.90475637  0.69833583  1.65161394  2.85493933 -1.35709641 -0.3621928
 -2.26111961 -2.09758526  3.08921903  2.74566835 -0.75822341 -2.67125036
  1.54962151 -0.22801304 -2.40156333  1.93997435  1.10893031 -0.55953977
  1.12854941 -1.96597378 -0.21226991  2.28534643 -0.10528123  0.57117384
  2.38162291  0.63619934  2.65417796  2.78568681  2.74602006 -2.90714003
  0.3579007  -0.38319972  1.67412255  2.96557168 -0.39150371 -2.35484038
  2.68899156 -3.17138067  0.65797097 -0.67275406 -1.75244207  3.05923953
 -1.96863443 -1.62103096 -2.51339832  2.33633786 -2.13710268  2.00492278
  1.81602475  1.47194208  2.54855632  2.91738493  1.97662275  1.48101673
 -1.71290315 -2.36365642  1.18734882  0.62742155  1.62001134 -2.7738087
 -0.13473295  2.43428129 -1.11723504  1.23279325  1.2963467   0.67623525
 -1.01082634  1.17402624  0.8227729  -0.29779154  2.76521379 -2.13899858
  1.56724134 -0.62622927  1.02102348 -3.20795218 -2.21454189  0.36548285
 -1.09249345 -0.39286646  0.31331159  0.00566911 -1.7958555  -0.20102629
 -0.58432754  2.88936058 -1.14978877 -1.22038115 -1.0937959   1.25176092
  1.66246522 -0.87451208  2.1335887  -1.71184579 -0.23390484 -0.87224549
 -3.02996153  3.00816248 -1.71966005  3.02999531 -1.37189259 -2.55729848
  3.44469445 -1.10945976 -0.76005832 -2.87520662 -2.51859923  2.92598656
 -2.00562775 -1.70754302 -0.41618739  3.01653248  0.18480327  0.05872547
 -1.56546464 -0.17762215 -1.63774942 -3.00525727  2.90261373  1.18025277
 -0.28460129 -2.34084259  0.93220183 -1.18964589 -0.31026571 -2.12780868
 -1.99035715  1.82504625 -1.03896036  2.58322619 -0.54771191 -3.13946748
 -2.88671378  1.89900926 -3.0649525  -0.26619636 -0.97615881 -0.11515496
  2.41824047  1.82130079 -0.13047222 -2.11655224 -2.96546682  0.08163077
 -0.80636659  1.46032551 -2.53212115  0.98240874 -0.11322434  0.13310803
  2.00015423  0.6577329   0.7597251  -1.23071305  1.63328071  2.56834584
  1.29733694  0.24934743 -0.98937704  2.63646292  0.81493484 -2.15839492
  0.06908219  1.7074414   1.03547233 -0.61238468 -2.32799094  2.43046263
  2.0659809   1.65986618  2.25385233  1.79214393 -1.85179728 -2.84152948
  0.60672713  1.39311113 -2.39735233 -1.29864214  2.41970828  1.33838005
 -0.06035575 -1.71283747 -1.54537026  1.98210481  1.54690178 -0.81956027
 -0.15455137 -0.30157826 -0.16794773  2.40304582 -0.46849683 -0.67795414
  0.95780296 -2.34122355  0.99102771  2.62592661 -0.54360715  2.1473563
 -1.89252859 -0.95795381 -2.40473336 -2.27927612 -1.42675399 -2.86876034
  1.59404529  1.76240336  1.62707488  1.09511373  1.40781346 -2.33845798
 -2.65721966  1.75955568  0.98187018 -0.36494378 -2.60716177  1.60848576
 -1.21585828 -2.53475263  0.0813956 ]
Thu Jun 13 20:36:57 2024,161,0.1720688819202413,[-2.87655435  2.30449405 -1.74123406  0.11704126  0.42781396 -3.08491872
  3.11504475  2.04858199  1.09699373 -0.98733148  0.53941728  1.3104636
  1.35634672 -1.83056823  0.80889324  2.97223518 -0.46370981 -0.47400676
 -1.90499633  0.69857579  1.65137399  2.85517928 -1.35685646 -0.36195284
 -2.26135956 -2.09782521  3.08945899  2.74590831 -0.75846336 -2.6710104
  1.54938155 -0.228253   -2.40132338  1.94021431  1.10917027 -0.55929982
  1.12878936 -1.96621374 -0.21202996  2.28510647 -0.10504128  0.57093389
  2.38186287  0.63595938  2.65441792  2.78544686  2.74578011 -2.90737998
  0.35814066 -0.38295976  1.6743625   2.96581163 -0.39174367 -2.35508034
  2.6887516  -3.17162063  0.65773101 -0.67299402 -1.75220211  3.05947949
 -1.96887438 -1.62127092 -2.51315836  2.33657782 -2.13734264  2.00468283
  1.81578479  1.47218204  2.54831636  2.91714498  1.97638279  1.48077677
 -1.71266319 -2.36341647  1.18710887  0.6276615   1.61977138 -2.77356874
 -0.134493    2.43452124 -1.117475    1.23255329  1.29610675  0.6764752
 -1.01058638  1.1742662   0.82253294 -0.29755158  2.76545375 -2.13923853
  1.5674813  -0.62646923  1.02126343 -3.20771222 -2.21478185  0.36572281
 -1.09225349 -0.39310642  0.31355155  0.00542915 -1.79609546 -0.20126625
 -0.58408759  2.88912062 -1.15002873 -1.22062111 -1.09355595  1.25200087
  1.66222527 -0.87427212  2.13334875 -1.71208574 -0.23366489 -0.87248545
 -3.02972158  3.00840243 -1.7199      3.03023527 -1.37213254 -2.55705852
  3.44493441 -1.1092198  -0.76029827 -2.87544657 -2.51835928  2.9257466
 -2.00538779 -1.70730306 -0.41594743  3.01629253  0.18456331  0.05896542
 -1.56522469 -0.17786211 -1.63750946 -3.00501731  2.90237378  1.18001281
 -0.28484124 -2.34108254  0.93244179 -1.18940593 -0.31050567 -2.12756872
 -1.99011719  1.82528621 -1.03920031  2.58346614 -0.54747195 -3.13922752
 -2.88695374  1.89924921 -3.06471254 -0.26643632 -0.97591885 -0.11539492
  2.41800051  1.82154075 -0.13023226 -2.1167922  -2.96570678  0.08139081
 -0.80612663  1.46056546 -2.53188119  0.98216879 -0.1134643   0.13334798
  2.00039418  0.65749295  0.75996506 -1.2304731   1.63352067  2.56810589
  1.29709698  0.24958739 -0.98913709  2.63670287  0.81469488 -2.15863488
  0.06932215  1.70720145  1.03523238 -0.61214472 -2.32775098  2.43022268
  2.06574095  1.65962623  2.25409228  1.79238389 -1.85203724 -2.84128952
  0.60696708  1.39287117 -2.39711237 -1.29888209  2.41946832  1.33862001
 -0.06011579 -1.71307742 -1.5451303   1.98234477  1.54666182 -0.81932032
 -0.15431141 -0.3013383  -0.16818768  2.40328577 -0.46825687 -0.67771418
  0.957563   -2.3409836   0.99078776  2.62616656 -0.5433672   2.14759626
 -1.89228863 -0.95771386 -2.4044934  -2.27951607 -1.42699394 -2.86852038
  1.59380534  1.76216341  1.62683492  1.09487378  1.40805341 -2.33869794
 -2.65745962  1.75979563  0.98211014 -0.36518373 -2.60740173  1.60824581
 -1.21609824 -2.53451267  0.08163556]
Thu Jun 13 20:37:11 2024,162,0.17199893824505813,[-2.8752092   2.3058392  -1.74257921  0.11838641  0.4264688  -3.08626387
  3.1136996   2.04723683  1.09564858 -0.98867664  0.54076243  1.30911845
  1.35769188 -1.83191339  0.8102384   2.97358034 -0.46236466 -0.47535191
 -1.90365118  0.69723064  1.65002883  2.85652444 -1.35820161 -0.36060769
 -2.26270472 -2.09648006  3.08811384  2.74725346 -0.75980852 -2.66966525
  1.55072671 -0.22959815 -2.39997822  1.93886915  1.10782511 -0.56064497
  1.13013452 -1.96486858 -0.2106848   2.28376132 -0.10369612  0.57227904
  2.38051772  0.63461423  2.65307276  2.78679201  2.74443495 -2.90603483
  0.3567955  -0.38161461  1.67301735  2.96446648 -0.39039851 -2.35373518
  2.69009676 -3.17296578  0.65907617 -0.67433917 -1.75354727  3.06082464
 -1.96752923 -1.61992576 -2.51181321  2.33792297 -2.13599748  2.00333767
  1.81712995  1.47083689  2.54697121  2.91579982  1.97503764  1.47943162
 -1.71131804 -2.36476162  1.18845402  0.62631635  1.61842623 -2.77222359
 -0.13583815  2.43317609 -1.11882016  1.23389845  1.2974519   0.67782036
 -1.01193153  1.17292104  0.82387809 -0.29889674  2.7667989  -2.13789338
  1.56882645 -0.62781438  1.01991828 -3.20905737 -2.21343669  0.36437765
 -1.09090834 -0.39445157  0.31220639  0.00677431 -1.79475031 -0.19992109
 -0.58543274  2.88777547 -1.14868357 -1.22196626 -1.09221079  1.25065572
  1.66357042 -0.87561727  2.1346939  -1.71074059 -0.23501004 -0.8738306
 -3.02837642  3.00974759 -1.72124516  3.02889011 -1.3734777  -2.55571337
  3.44627956 -1.10787465 -0.76164343 -2.87679173 -2.51701412  2.92709176
 -2.00404264 -1.70595791 -0.41460228  3.01763768  0.18590847  0.05762027
 -1.56387953 -0.17651695 -1.63616431 -3.00636247  2.90102862  1.17866766
 -0.28349609 -2.33973739  0.93378694 -1.18806078 -0.31185082 -2.12891388
 -1.98877204  1.82394106 -1.04054547  2.58212099 -0.5461268  -3.14057267
 -2.88560859  1.89790406 -3.06336739 -0.26778147 -0.977264   -0.11404977
  2.41665536  1.8201956  -0.12888711 -2.11813735 -2.96436162  0.08004566
 -0.80747179  1.46191062 -2.53322635  0.98351394 -0.11480945  0.13200283
  2.00173934  0.65614779  0.76131021 -1.23181825  1.63217551  2.56676073
  1.29575183  0.24824224 -0.99048224  2.63535772  0.81604003 -2.15998003
  0.06797699  1.7085466   1.03657753 -0.61348988 -2.32909613  2.43156783
  2.06439579  1.65828107  2.25274713  1.79103873 -1.85069208 -2.84263468
  0.60831224  1.39421633 -2.39576722 -1.30022725  2.42081347  1.33727486
 -0.05877064 -1.71442258 -1.54647546  1.98099961  1.54800697 -0.82066547
 -0.15565657 -0.30268345 -0.16953284  2.40194062 -0.46960203 -0.67905934
  0.95621785 -2.33963844  0.99213291  2.62482141 -0.54202204  2.14894141
 -1.89363379 -0.95905901 -2.40583856 -2.28086123 -1.42564879 -2.86986553
  1.59515049  1.76350856  1.62818007  1.09352862  1.40670826 -2.33735278
 -2.65611446  1.76114079  0.98076499 -0.36652889 -2.60605658  1.60690065
 -1.21475309 -2.53316752  0.08298071]
Thu Jun 13 20:37:25 2024,163,0.1685384470722685,[-2.88372034e+00  2.31435034e+00 -1.75109035e+00  1.26897555e-01
  4.34979944e-01 -3.09477502e+00  3.12221074e+00  2.05574797e+00
  1.08713744e+00 -9.80165496e-01  5.49273571e-01  1.30060731e+00
  1.36620302e+00 -1.82340224e+00  8.01727258e-01  2.96506920e+00
 -4.53853519e-01 -4.66840769e-01 -1.91216232e+00  7.05741776e-01
  1.64151769e+00  2.86503558e+00 -1.34969047e+00 -3.52096549e-01
 -2.25419358e+00 -2.10499120e+00  3.07960270e+00  2.75576460e+00
 -7.51297377e-01 -2.67817639e+00  1.55923785e+00 -2.21087012e-01
 -2.39146708e+00  1.93035801e+00  1.11633625e+00 -5.52133832e-01
  1.13864566e+00 -1.95635744e+00 -2.19195944e-01  2.27525018e+00
 -9.51849825e-02  5.63767900e-01  2.38902886e+00  6.26103087e-01
  2.64456162e+00  2.77828087e+00  2.75294609e+00 -2.91454597e+00
  3.65306643e-01 -3.90125750e-01  1.68152849e+00  2.97297762e+00
 -3.81887371e-01 -2.36224632e+00  2.68158561e+00 -3.18147692e+00
  6.50565027e-01 -6.82850315e-01 -1.74503613e+00  3.06933578e+00
 -1.95901809e+00 -1.62843691e+00 -2.52032435e+00  2.34643411e+00
 -2.14450863e+00  1.99482653e+00  1.80861881e+00  1.46232575e+00
  2.55548235e+00  2.90728868e+00  1.98354878e+00  1.48794276e+00
 -1.70280690e+00 -2.35625048e+00  1.17994288e+00  6.17805207e-01
  1.60991509e+00 -2.76371245e+00 -1.44349291e-01  2.42466495e+00
 -1.12733130e+00  1.22538731e+00  1.28894076e+00  6.86331498e-01
 -1.02044267e+00  1.16440990e+00  8.32389234e-01 -2.90385595e-01
  2.77531004e+00 -2.14640452e+00  1.56031531e+00 -6.36325523e-01
  1.01140714e+00 -3.20054623e+00 -2.22194783e+00  3.55866514e-01
 -1.08239719e+00 -3.85940430e-01  3.03695250e-01 -1.73683210e-03
 -1.78623916e+00 -1.91409954e-01 -5.93943881e-01  2.89628661e+00
 -1.15719471e+00 -1.23047740e+00 -1.10072193e+00  1.25916686e+00
  1.65505928e+00 -8.84128415e-01  2.12618276e+00 -1.70222945e+00
 -2.43521183e-01 -8.82341746e-01 -3.01986528e+00  3.00123645e+00
 -1.72975630e+00  3.02037897e+00 -1.36496656e+00 -2.54720223e+00
  3.45479070e+00 -1.09936351e+00 -7.53132286e-01 -2.86828059e+00
 -2.52552526e+00  2.93560290e+00 -1.99553150e+00 -1.69744677e+00
 -4.23113418e-01  3.00912654e+00  1.77397327e-01  6.61314112e-02
 -1.57239067e+00 -1.68005811e-01 -1.62765317e+00 -2.99785133e+00
  2.90953976e+00  1.18717880e+00 -2.92007228e-01 -2.34824853e+00
  9.25275800e-01 -1.19657192e+00 -3.20361965e-01 -2.12040273e+00
 -1.99728318e+00  1.83245220e+00 -1.03203433e+00  2.59063213e+00
 -5.37615659e-01 -3.14908382e+00 -2.87709744e+00  1.88939292e+00
 -3.07187853e+00 -2.59270332e-01 -9.85775146e-01 -1.22560908e-01
  2.40814422e+00  1.81168445e+00 -1.37398250e-01 -2.10962621e+00
 -2.97287276e+00  8.85567996e-02 -7.98960647e-01  1.47042176e+00
 -2.52471520e+00  9.75002802e-01 -1.06298310e-01  1.40513972e-01
  2.01025048e+00  6.47636652e-01  7.69821354e-01 -1.22330711e+00
  1.64068665e+00  2.55824959e+00  1.28724069e+00  2.56753377e-01
 -9.81971099e-01  2.64386886e+00  8.24551175e-01 -2.16849117e+00
  7.64881341e-02  1.70003546e+00  1.04508867e+00 -6.22001019e-01
 -2.33760727e+00  2.42305669e+00  2.05588465e+00  1.64976993e+00
  2.24423599e+00  1.79954988e+00 -1.85920323e+00 -2.83412353e+00
  5.99801098e-01  1.38570519e+00 -2.38725608e+00 -1.30873839e+00
  2.41230233e+00  1.32876371e+00 -5.02594944e-02 -1.70591144e+00
 -1.53796432e+00  1.97248847e+00  1.55651811e+00 -8.12154329e-01
 -1.47145428e-01 -3.11194595e-01 -1.78043977e-01  2.41045176e+00
 -4.61090888e-01 -6.87570476e-01  9.47706708e-01 -2.34814958e+00
  1.00064405e+00  2.63333255e+00 -5.50533183e-01  2.14043027e+00
 -1.88512264e+00 -9.67570153e-01 -2.41434970e+00 -2.27235009e+00
 -1.43415993e+00 -2.86135439e+00  1.60366163e+00  1.75499742e+00
  1.61966893e+00  1.08501748e+00  1.39819712e+00 -2.32884164e+00
 -2.66462560e+00  1.76965193e+00  9.89276126e-01 -3.58017748e-01
 -2.61456772e+00  1.61541180e+00 -1.22326423e+00 -2.54167866e+00
  7.44695706e-02]
Thu Jun 13 20:37:38 2024,164,0.1669473511985202,[-2.89026724  2.30780344 -1.74454345  0.13344446  0.42843304 -3.10132192
  3.11566384  2.06229487  1.09368434 -0.9736186   0.55582047  1.30715421
  1.37274992 -1.82994915  0.79518036  2.95852229 -0.46040042 -0.47338767
 -1.91870922  0.69919488  1.64806459  2.85848868 -1.34314357 -0.35864345
 -2.24764668 -2.1115381   3.0861496   2.7492177  -0.75784428 -2.67162949
  1.56578475 -0.22763391 -2.38492018  1.92381111  1.12288315 -0.55868073
  1.14519256 -1.94981054 -0.22574284  2.26870327 -0.10173188  0.5703148
  2.38248196  0.63264999  2.63801472  2.77173397  2.74639919 -2.92109287
  0.37185354 -0.38357885  1.67498159  2.97952452 -0.38843427 -2.36879322
  2.67503871 -3.17493002  0.64401813 -0.68939722 -1.73848923  3.07588268
 -1.96556499 -1.63498381 -2.52687125  2.35298102 -2.15105553  2.00137343
  1.80207191  1.45577884  2.54893545  2.90074178  1.97700188  1.49448966
 -1.7093538  -2.36279738  1.18648978  0.61125831  1.61646199 -2.77025935
 -0.15089619  2.41811805 -1.1338782   1.21884041  1.29548766  0.6797846
 -1.02698957  1.1709568   0.82584233 -0.2969325   2.76876314 -2.13985762
  1.56686221 -0.64287242  1.00486024 -3.19399933 -2.21540093  0.34931961
 -1.07585029 -0.39248733  0.31024215 -0.00828373 -1.77969226 -0.18486305
 -0.60049078  2.90283351 -1.15064781 -1.2370243  -1.09417503  1.25261996
  1.64851238 -0.87758151  2.11963586 -1.70877635 -0.23697428 -0.87579485
 -3.02641218  3.00778335 -1.7363032   3.01383207 -1.37151346 -2.54065533
  3.4613376  -1.10591041 -0.74658539 -2.87482749 -2.51897836  2.929056
 -1.9889846  -1.70399367 -0.42966032  3.00257964  0.17085043  0.07267831
 -1.56584377 -0.17455271 -1.63420007 -2.99130443  2.91608666  1.1937257
 -0.29855413 -2.34170163  0.9318227  -1.20311882 -0.31381506 -2.12694964
 -2.00383008  1.8259053  -1.03858123  2.59717903 -0.53106876 -3.14253691
 -2.87055054  1.89593982 -3.06533163 -0.26581723 -0.99232205 -0.12910781
  2.41469112  1.80513755 -0.14394515 -2.10307931 -2.96632586  0.0951037
 -0.80550755  1.46387486 -2.5181683   0.9815497  -0.09975141  0.14706087
  2.00370358  0.64108975  0.77636825 -1.22985401  1.64723355  2.55170269
  1.29378759  0.25020648 -0.988518    2.63732196  0.83109808 -2.16194427
  0.06994123  1.70658236  1.03854177 -0.61545412 -2.34415418  2.41650979
  2.04933775  1.64322303  2.25078289  1.80609678 -1.86575013 -2.82757663
  0.5932542   1.39225209 -2.39380298 -1.31528529  2.41884923  1.32221681
 -0.04371259 -1.69936453 -1.54451122  1.97903537  1.56306501 -0.81870123
 -0.14059853 -0.3177415  -0.18459088  2.40390486 -0.45454399 -0.69411738
  0.95425361 -2.34160268  1.00719095  2.62678565 -0.55708008  2.13388337
 -1.89166955 -0.96102325 -2.4208966  -2.27889699 -1.42761303 -2.85480749
  1.59711473  1.76154432  1.62621583  1.07847058  1.40474402 -2.33538854
 -2.6711725   1.76310503  0.98272923 -0.36456465 -2.60802082  1.6219587
 -1.22981113 -2.53513176  0.06792267]
Thu Jun 13 20:37:52 2024,165,0.16705459045207868,[-2.88879196  2.30632817 -1.74601873  0.13491973  0.42990832 -3.09984664
  3.11713911  2.06377015  1.09515962 -0.97509387  0.55729575  1.30862948
  1.37127464 -1.83142442  0.79665563  2.95704702 -0.4618757  -0.47191239
 -1.92018449  0.70067015  1.64658932  2.8570134  -1.34461885 -0.36011873
 -2.24912195 -2.11006283  3.08762487  2.74774242 -0.756369   -2.67310477
  1.56430947 -0.22615864 -2.38639546  1.92233583  1.12140788 -0.56015601
  1.14371728 -1.95128582 -0.22426757  2.27017855 -0.10320716  0.57179008
  2.38395723  0.63117471  2.63949     2.77320924  2.74492392 -2.92256814
  0.37037827 -0.38210357  1.67350631  2.9809998  -0.38990955 -2.36731795
  2.67356344 -3.17345474  0.6454934  -0.69087249 -1.7399645   3.07440741
 -1.96408971 -1.63350853 -2.52539598  2.35150574 -2.14958025  2.00284871
  1.80354718  1.45725412  2.55041072  2.90221706  1.97847715  1.49301438
 -1.71082907 -2.3613221   1.18796506  0.60978303  1.61498671 -2.77173462
 -0.15237147  2.41664277 -1.13535347  1.21736513  1.29696294  0.67830932
 -1.0255143   1.17243208  0.82731761 -0.29840777  2.77023842 -2.13838235
  1.56538693 -0.64139715  1.00338496 -3.19252406 -2.21392566  0.34784434
 -1.07732557 -0.39396261  0.31171743 -0.00975901 -1.78116754 -0.18338778
 -0.59901551  2.90135823 -1.15212309 -1.23849958 -1.09565031  1.25114468
  1.6470371  -0.87610624  2.11816058 -1.71025163 -0.23844956 -0.87727012
 -3.02788746  3.00925862 -1.73777847  3.01235679 -1.37003818 -2.5421306
  3.46281288 -1.10738568 -0.74511011 -2.87335221 -2.52045364  2.92758072
 -1.98750932 -1.70546894 -0.42818504  3.00110436  0.16937515  0.07120304
 -1.56731905 -0.17307744 -1.63272479 -2.9927797   2.91461139  1.19520098
 -0.30002941 -2.3431769   0.93329798 -1.2045941  -0.31529034 -2.12547436
 -2.00530536  1.82443002 -1.03710595  2.59865431 -0.52959348 -3.14106164
 -2.87202582  1.89446454 -3.0668069  -0.26729251 -0.99379732 -0.12763253
  2.41321584  1.80366228 -0.14246987 -2.10455459 -2.96485059  0.09657898
 -0.80403227  1.46239958 -2.51964358  0.98007443 -0.09827613  0.1455856
  2.0022283   0.63961447  0.77784353 -1.22837873  1.64575828  2.55022742
  1.29231231  0.2487312  -0.98704272  2.63584668  0.83257335 -2.16341955
  0.06846596  1.70805764  1.0370665  -0.61397884 -2.34562945  2.41503451
  2.04786247  1.64174776  2.25225817  1.80757205 -1.8672254  -2.82905191
  0.59472947  1.39372736 -2.3923277  -1.31381001  2.41737396  1.32074154
 -0.04518787 -1.69788926 -1.54598649  1.98051065  1.56454029 -0.81722595
 -0.13912325 -0.31921677 -0.1831156   2.40242958 -0.45601926 -0.69559265
  0.95572888 -2.34012741  1.00866623  2.62531037 -0.55560481  2.1324081
 -1.89314482 -0.95954798 -2.41942132 -2.27742171 -1.42613775 -2.85628277
  1.59563945  1.7630196   1.62769111  1.07994586  1.40326874 -2.33391327
 -2.67264778  1.76162975  0.98125395 -0.36308937 -2.60654554  1.62048342
 -1.2312864  -2.53365648  0.06939795]
Thu Jun 13 20:38:05 2024,166,0.166843722916134,[-2.88585528  2.30926485 -1.74308204  0.13785641  0.42697164 -3.09690996
  3.1200758   2.06670683  1.0980963  -0.97803055  0.55435907  1.31156616
  1.36833796 -1.8343611   0.79959231  2.95411034 -0.46481238 -0.47484908
 -1.92312118  0.69773347  1.64365264  2.85995008 -1.34168217 -0.36305541
 -2.24618527 -2.11299951  3.08468819  2.75067911 -0.75343232 -2.67604145
  1.56137279 -0.22322196 -2.38345878  1.92527252  1.1184712  -0.56309269
  1.14665396 -1.9542225  -0.22720425  2.27311523 -0.10614384  0.56885339
  2.38102055  0.63411139  2.64242668  2.77027256  2.74198724 -2.91963146
  0.36744159 -0.38504026  1.67644299  2.97806311 -0.39284623 -2.37025463
  2.67650012 -3.17639143  0.64255672 -0.68793581 -1.73702782  3.07734409
 -1.96702639 -1.63057185 -2.52833266  2.34856906 -2.14664357  1.99991203
  1.8006105   1.4601908   2.54747404  2.89928038  1.97554047  1.49595106
 -1.70789239 -2.36425879  1.18502838  0.61271971  1.61792339 -2.76879794
 -0.14943479  2.41957945 -1.13829015  1.22030181  1.29402626  0.681246
 -1.02257762  1.1694954   0.82438093 -0.29547109  2.76730173 -2.14131903
  1.56245025 -0.64433383  1.00632164 -3.19546074 -2.21098897  0.34490766
 -1.08026225 -0.39689929  0.30878075 -0.00682233 -1.78410422 -0.18632446
 -0.60195219  2.89842155 -1.14918641 -1.24143626 -1.09858699  1.25408137
  1.64997379 -0.87904292  2.1152239  -1.71318831 -0.23551288 -0.87433344
 -3.02495078  3.00632194 -1.74071516  3.01529348 -1.37297486 -2.54506728
  3.46574956 -1.104449   -0.74217343 -2.87628889 -2.52339032  2.92464404
 -1.990446   -1.70840562 -0.42524836  3.00404105  0.16643847  0.06826635
 -1.57025573 -0.17014075 -1.63566148 -2.99571638  2.91754807  1.19813766
 -0.30296609 -2.34611359  0.93623466 -1.20753078 -0.31235366 -2.12841104
 -2.00236868  1.8273667  -1.04004263  2.60159099 -0.5266568  -3.13812496
 -2.86908914  1.89740123 -3.06387022 -0.27022919 -0.99086064 -0.13056921
  2.41615252  1.8007256  -0.13953319 -2.1016179  -2.96778727  0.09951566
 -0.80109559  1.4594629  -2.52258026  0.97713774 -0.10121281  0.14264891
  2.00516498  0.64255116  0.78078021 -1.23131542  1.64869496  2.54729074
  1.29524899  0.25166788 -0.98410604  2.63291     0.83551003 -2.16048286
  0.06552928  1.70512095  1.04000318 -0.61104216 -2.34269277  2.41209783
  2.05079916  1.64468444  2.25519485  1.81050873 -1.87016208 -2.82611523
  0.59766615  1.39079068 -2.39526438 -1.31674669  2.41443728  1.32367822
 -0.04225119 -1.70082594 -1.54304981  1.98344733  1.56747697 -0.81428927
 -0.14205993 -0.31628009 -0.18017892  2.3994929  -0.45895594 -0.69265597
  0.95866557 -2.33719073  1.00572955  2.62237369 -0.55266813  2.13534478
 -1.8960815  -0.96248466 -2.41648464 -2.27448503 -1.42320107 -2.85334609
  1.59270277  1.76595628  1.62475443  1.07700918  1.40033206 -2.33684995
 -2.6697111   1.75869307  0.97831727 -0.36015269 -2.60360886  1.61754674
 -1.23422309 -2.53659316  0.07233463]
Thu Jun 13 20:38:19 2024,167,0.16628734929025935,[-2.88115889e+00  2.31396124e+00 -1.73838565e+00  1.42552808e-01
  4.31668032e-01 -3.10160635e+00  3.11537940e+00  2.07140323e+00
  1.09339990e+00 -9.73334159e-01  5.59055460e-01  1.30686977e+00
  1.37303436e+00 -1.83905750e+00  8.04288709e-01  2.95880673e+00
 -4.60115983e-01 -4.70152681e-01 -1.91842478e+00  7.02429864e-01
  1.64834903e+00  2.85525369e+00 -1.33698577e+00 -3.58359013e-01
 -2.25088166e+00 -2.10830311e+00  3.08938459e+00  2.75537550e+00
 -7.48735926e-01 -2.67134505e+00  1.55667640e+00 -2.27918350e-01
 -2.37876238e+00  1.92996891e+00  1.11377480e+00 -5.67789084e-01
  1.15135036e+00 -1.95891889e+00 -2.31900644e-01  2.26841884e+00
 -1.10840235e-01  5.64157000e-01  2.38571694e+00  6.29414998e-01
  2.64712307e+00  2.77496896e+00  2.73729084e+00 -2.91493507e+00
  3.62745191e-01 -3.89736650e-01  1.67174660e+00  2.98275951e+00
 -3.88149835e-01 -2.37495102e+00  2.67180372e+00 -3.18108782e+00
  6.47253116e-01 -6.92632205e-01 -1.74172421e+00  3.08204048e+00
 -1.96233000e+00 -1.62587545e+00 -2.53302905e+00  2.35326545e+00
 -2.15133996e+00  1.99521563e+00  1.79591411e+00  1.45549441e+00
  2.54277765e+00  2.90397677e+00  1.97084408e+00  1.50064746e+00
 -1.71258879e+00 -2.36895518e+00  1.18972477e+00  6.08023317e-01
  1.61322700e+00 -2.76410155e+00 -1.44738392e-01  2.41488306e+00
 -1.14298655e+00  1.22499821e+00  1.28932986e+00  6.76549609e-01
 -1.01788122e+00  1.17419179e+00  8.29077322e-01 -3.00167485e-01
  2.77199813e+00 -2.13662263e+00  1.56714665e+00 -6.39637435e-01
  1.00162525e+00 -3.20015713e+00 -2.20629258e+00  3.40211261e-01
 -1.08495865e+00 -4.01595682e-01  3.04084351e-01 -2.12593275e-03
 -1.78880062e+00 -1.91020853e-01 -5.97255793e-01  2.89372516e+00
 -1.15388280e+00 -1.23673987e+00 -1.10328338e+00  1.25877776e+00
  1.64527739e+00 -8.83739314e-01  2.11992030e+00 -1.70849191e+00
 -2.30816482e-01 -8.79029834e-01 -3.02025438e+00  3.01101834e+00
 -1.74541155e+00  3.01059708e+00 -1.36827847e+00 -2.54976368e+00
  3.47044596e+00 -1.10914540e+00 -7.46869822e-01 -2.87159250e+00
 -2.52808671e+00  2.92934044e+00 -1.98574961e+00 -1.70370923e+00
 -4.20551967e-01  3.00873744e+00  1.71134863e-01  6.35699600e-02
 -1.56555934e+00 -1.65444360e-01 -1.64035787e+00 -3.00041278e+00
  2.92224446e+00  1.19344126e+00 -3.07662481e-01 -2.35080998e+00
  9.40931053e-01 -1.21222717e+00 -3.07657264e-01 -2.13310744e+00
 -1.99767228e+00  1.83206310e+00 -1.03534624e+00  2.59689459e+00
 -5.21960406e-01 -3.14282135e+00 -2.86439274e+00  1.90209762e+00
 -3.06856661e+00 -2.74925585e-01 -9.86164246e-01 -1.35265609e-01
  2.41145613e+00  1.80542199e+00 -1.44229588e-01 -2.09692151e+00
 -2.97248366e+00  1.04212052e-01 -8.05791985e-01  1.46415929e+00
 -2.52727666e+00  9.81834139e-01 -1.05909209e-01  1.47345309e-01
  2.00046859e+00  6.47247551e-01  7.76083818e-01 -1.23601181e+00
  1.64399856e+00  2.55198713e+00  1.29055260e+00  2.56364276e-01
 -9.88802437e-01  2.63760640e+00  8.40206428e-01 -2.15578647e+00
  7.02256703e-02  1.70981735e+00  1.03530678e+00 -6.15738555e-01
 -2.34738916e+00  2.41679423e+00  2.05549555e+00  1.63998804e+00
  2.25989124e+00  1.80581234e+00 -1.86546569e+00 -2.83081162e+00
  5.92969760e-01  1.39548708e+00 -2.39996078e+00 -1.32144309e+00
  2.41913367e+00  1.31898183e+00 -4.69475826e-02 -1.69612955e+00
 -1.53835342e+00  1.98814372e+00  1.56278058e+00 -8.09592877e-01
 -1.37363538e-01 -3.20976484e-01 -1.84875315e-01  2.40418930e+00
 -4.63652339e-01 -6.97352366e-01  9.63361960e-01 -2.33249433e+00
  1.00103315e+00  2.61767730e+00 -5.57364521e-01  2.14004117e+00
 -1.90077790e+00 -9.67181052e-01 -2.41178825e+00 -2.27918142e+00
 -1.42789747e+00 -2.85804248e+00  1.58800638e+00  1.77065267e+00
  1.62945082e+00  1.08170557e+00  1.40502845e+00 -2.33215356e+00
 -2.67440749e+00  1.75399668e+00  9.73620874e-01 -3.64849086e-01
 -2.59891246e+00  1.62224313e+00 -1.23891948e+00 -2.54128956e+00
  7.70310218e-02]
Thu Jun 13 20:38:33 2024,168,0.165820058718121,[-2.87811326e+00  2.31091562e+00 -1.74143127e+00  1.39507184e-01
  4.34713656e-01 -3.10465198e+00  3.11842503e+00  2.07444885e+00
  1.09035428e+00 -9.76379783e-01  5.62101084e-01  1.30382415e+00
  1.37607998e+00 -1.83601187e+00  8.01243085e-01  2.95576111e+00
 -4.63161607e-01 -4.73198305e-01 -1.92147041e+00  7.05475488e-01
  1.64530341e+00  2.85829931e+00 -1.33394015e+00 -3.55313389e-01
 -2.24783604e+00 -2.11134874e+00  3.09243021e+00  2.75842112e+00
 -7.51781550e-01 -2.67439068e+00  1.55972202e+00 -2.24872726e-01
 -2.38180801e+00  1.93301453e+00  1.11682043e+00 -5.70834708e-01
  1.15439598e+00 -1.96196452e+00 -2.28855020e-01  2.26537321e+00
 -1.07794611e-01  5.67202625e-01  2.38267132e+00  6.26369374e-01
  2.65016870e+00  2.77192333e+00  2.73424522e+00 -2.91798069e+00
  3.65790816e-01 -3.92782274e-01  1.66870098e+00  2.98580513e+00
 -3.91195459e-01 -2.37799665e+00  2.66875810e+00 -3.18413344e+00
  6.50298740e-01 -6.95677829e-01 -1.73867859e+00  3.07899486e+00
 -1.95928437e+00 -1.62892108e+00 -2.52998343e+00  2.35021983e+00
 -2.15438559e+00  1.99826126e+00  1.79286848e+00  1.45244878e+00
  2.54582327e+00  2.90093115e+00  1.97388970e+00  1.49760183e+00
 -1.71563441e+00 -2.36590956e+00  1.18667915e+00  6.11068942e-01
  1.61627262e+00 -2.76714717e+00 -1.47784016e-01  2.41792868e+00
 -1.14603217e+00  1.22804383e+00  1.29237549e+00  6.79595233e-01
 -1.01483560e+00  1.17723741e+00  8.32122946e-01 -2.97121860e-01
  2.77504375e+00 -2.13357701e+00  1.57019227e+00 -6.36591811e-01
  1.00467087e+00 -3.19711151e+00 -2.20933820e+00  3.43256885e-01
 -1.08191302e+00 -4.04641306e-01  3.07129975e-01  9.19691397e-04
 -1.78575499e+00 -1.94066477e-01 -6.00301417e-01  2.89067953e+00
 -1.15692843e+00 -1.23978549e+00 -1.10632901e+00  1.25573214e+00
  1.64223177e+00 -8.80693690e-01  2.12296592e+00 -1.70544629e+00
 -2.27770858e-01 -8.75984210e-01 -3.01720876e+00  3.01406396e+00
 -1.74845717e+00  3.00755146e+00 -1.36523285e+00 -2.54671805e+00
  3.47349158e+00 -1.11219102e+00 -7.49915446e-01 -2.87463812e+00
 -2.52504109e+00  2.93238606e+00 -1.98879523e+00 -1.70675485e+00
 -4.23597591e-01  3.00569182e+00  1.74180487e-01  6.05243358e-02
 -1.56251371e+00 -1.68489984e-01 -1.63731225e+00 -2.99736715e+00
  2.92529009e+00  1.19039564e+00 -3.04616857e-01 -2.34776436e+00
  9.37885429e-01 -1.20918155e+00 -3.04611640e-01 -2.13615306e+00
 -1.99462666e+00  1.82901747e+00 -1.03230062e+00  2.59384897e+00
 -5.25006030e-01 -3.14586698e+00 -2.86743837e+00  1.89905200e+00
 -3.06552099e+00 -2.77971209e-01 -9.89209870e-01 -1.38311233e-01
  2.41450175e+00  1.80846762e+00 -1.47275212e-01 -2.09996713e+00
 -2.97552929e+00  1.01166428e-01 -8.02746361e-01  1.46111367e+00
 -2.52423103e+00  9.78788515e-01 -1.02863585e-01  1.44299685e-01
  2.00351421e+00  6.50293175e-01  7.73038194e-01 -1.23296619e+00
  1.64095294e+00  2.54894151e+00  1.29359822e+00  2.53318652e-01
 -9.91848061e-01  2.63456077e+00  8.43252052e-01 -2.15883209e+00
  6.71800462e-02  1.71286297e+00  1.03835241e+00 -6.12692931e-01
 -2.35043479e+00  2.41374860e+00  2.05854117e+00  1.64303367e+00
  2.26293687e+00  1.80885796e+00 -1.86851131e+00 -2.83385725e+00
  5.96015384e-01  1.39853270e+00 -2.40300640e+00 -1.32448871e+00
  2.42217929e+00  1.32202745e+00 -4.39019584e-02 -1.69308392e+00
 -1.53530779e+00  1.98509810e+00  1.55973495e+00 -8.12638501e-01
 -1.40409162e-01 -3.24022109e-01 -1.87920939e-01  2.40723492e+00
 -4.66697963e-01 -6.94306742e-01  9.66407585e-01 -2.32944871e+00
  9.97987528e-01  2.62072292e+00 -5.60410145e-01  2.13699555e+00
 -1.89773227e+00 -9.64135428e-01 -2.40874262e+00 -2.28222705e+00
 -1.42485184e+00 -2.85499686e+00  1.59105200e+00  1.76760705e+00
  1.62640520e+00  1.07865995e+00  1.40807408e+00 -2.33519918e+00
 -2.67136187e+00  1.75095105e+00  9.76666498e-01 -3.67894710e-01
 -2.60195809e+00  1.61919751e+00 -1.24196510e+00 -2.54433518e+00
  7.39853977e-02]
Thu Jun 13 20:38:46 2024,169,0.16499292975709956,[-2.87336797  2.30617032 -1.74617657  0.14425248  0.43945895 -3.10939727
  3.11367973  2.06970355  1.08560898 -0.98112508  0.56684638  1.29907885
  1.37133468 -1.83126658  0.79649779  2.95101581 -0.4679069  -0.4779436
 -1.91672511  0.70073019  1.6500487   2.85355402 -1.33868544 -0.36005868
 -2.24309074 -2.11609403  3.08768491  2.75367583 -0.74703625 -2.66964538
  1.55497673 -0.22012743 -2.37706271  1.92826924  1.12156572 -0.56608941
  1.15914128 -1.95721922 -0.23360032  2.26062792 -0.11253991  0.57194792
  2.38741662  0.63111467  2.65491399  2.77666863  2.72949992 -2.9132354
  0.37053611 -0.38803698  1.66395568  2.98105984 -0.38645016 -2.37325135
  2.6735034  -3.18887874  0.65504403 -0.70042312 -1.73393329  3.07424956
 -1.95453908 -1.62417578 -2.53472872  2.34547453 -2.15913088  2.00300655
  1.79761378  1.45719408  2.54107798  2.90567644  1.978635    1.49285654
 -1.7203797  -2.37065485  1.19142444  0.60632365  1.61152733 -2.77189247
 -0.14303872  2.41318339 -1.15077747  1.22329854  1.29712078  0.68434053
 -1.01958089  1.18198271  0.83686824 -0.30186716  2.77978905 -2.1383223
  1.57493757 -0.64133711  1.00941617 -3.2018568  -2.2140835   0.33851159
 -1.07716773 -0.4093866   0.31187527  0.00566499 -1.7810097  -0.19881177
 -0.60504671  2.89542483 -1.16167372 -1.24453079 -1.10158371  1.25098684
  1.64697706 -0.87594839  2.11822063 -1.70070099 -0.22302556 -0.88072951
 -3.02195406  3.01880926 -1.75320247  3.00280616 -1.36997814 -2.55146335
  3.47823688 -1.11693632 -0.75466074 -2.87938342 -2.52978638  2.93713135
 -1.98404994 -1.70200956 -0.42834289  3.00094652  0.17892578  0.05577904
 -1.56725901 -0.17323528 -1.63256695 -2.99262186  2.93003538  1.19514093
 -0.29987156 -2.34301906  0.94263072 -1.20443625 -0.30935694 -2.14089835
 -1.99937195  1.83376277 -1.02755532  2.58910367 -0.52975133 -3.14112168
 -2.87218366  1.90379729 -3.07026629 -0.27322591 -0.99395517 -0.14305653
  2.40975646  1.80372232 -0.15202051 -2.09522184 -2.97078399  0.09642113
 -0.79800107  1.46585896 -2.51948574  0.97404322 -0.09811829  0.13955439
  2.00825951  0.64554788  0.77778349 -1.22822089  1.63620765  2.5536868
  1.28885293  0.24857336 -0.99659336  2.63930607  0.84799735 -2.1540868
  0.07192534  1.71760827  1.0430977  -0.61743823 -2.34568949  2.40900331
  2.06328647  1.63828837  2.25819157  1.81360326 -1.87325661 -2.83860254
  0.60076068  1.403278   -2.4077517  -1.31974342  2.417434    1.31728215
 -0.03915666 -1.69782922 -1.54005309  1.9803528   1.56448025 -0.80789321
 -0.14515446 -0.3287674  -0.18317564  2.41198021 -0.46195267 -0.68956145
  0.96166229 -2.32470341  0.99324223  2.61597763 -0.55566485  2.14174084
 -1.89298698 -0.95939013 -2.41348792 -2.28697234 -1.42010655 -2.85974215
  1.58630671  1.77235234  1.6216599   1.08340524  1.41281937 -2.33994447
 -2.67610716  1.75569635  0.98141179 -0.36314941 -2.60670338  1.6239428
 -1.23721981 -2.53958989  0.07873069]
Thu Jun 13 20:39:00 2024,170,0.16293035432012648,[-2.86596121  2.29876356 -1.73876981  0.13684572  0.44686571 -3.11680403
  3.12108649  2.07711032  1.07820222 -0.97371832  0.57425314  1.30648561
  1.37874145 -1.82385982  0.78909103  2.94360905 -0.47531366 -0.48535036
 -1.90931835  0.69332343  1.64264194  2.84614726 -1.3460922  -0.36746545
 -2.25049751 -2.10868727  3.09509168  2.76108259 -0.75444302 -2.67705214
  1.54756996 -0.21272067 -2.36965595  1.935676    1.12897248 -0.57349617
  1.16654804 -1.94981246 -0.24100708  2.26803468 -0.10513314  0.56454116
  2.38000985  0.62370791  2.66232075  2.78407539  2.72209316 -2.90582864
  0.37794287 -0.38063022  1.67136244  2.97365308 -0.3790434  -2.38065811
  2.68091016 -3.18147198  0.64763727 -0.69301636 -1.72652653  3.08165633
 -1.96194584 -1.63158254 -2.54213548  2.35288129 -2.16653764  1.99559979
  1.80502054  1.44978732  2.54848474  2.9130832   1.98604176  1.5002633
 -1.72778647 -2.36324809  1.1988312   0.59891688  1.60412057 -2.77929923
 -0.15044548  2.40577663 -1.14337071  1.2307053   1.30452754  0.67693377
 -1.01217413  1.17457595  0.82946148 -0.30927392  2.78719581 -2.13091554
  1.5675308  -0.63393034  1.01682293 -3.20926357 -2.20667674  0.33110483
 -1.08457449 -0.40197984  0.31928203  0.01307175 -1.77360293 -0.20621853
 -0.61245347  2.90283159 -1.15426696 -1.23712402 -1.09417695  1.24358008
  1.6395703  -0.86854163  2.12562739 -1.70810776 -0.23043232 -0.88813627
 -3.01454729  3.02621602 -1.74579571  3.01021292 -1.3773849  -2.54405659
  3.48564364 -1.12434308 -0.74725398 -2.88679018 -2.52237962  2.92972459
 -1.9914567  -1.6946028  -0.42093613  2.99353976  0.18633254  0.04837228
 -1.57466577 -0.16582852 -1.63997371 -2.9852151   2.92262862  1.18773417
 -0.30727832 -2.35042582  0.95003749 -1.21184301 -0.30195017 -2.14830512
 -1.99196519  1.82635601 -1.02014856  2.59651044 -0.53715809 -3.13371492
 -2.8647769   1.89639053 -3.07767305 -0.28063268 -0.9865484  -0.15046329
  2.41716322  1.79631556 -0.15942727 -2.08781508 -2.96337723  0.10382789
 -0.80540783  1.4584522  -2.5268925   0.98144998 -0.09071153  0.13214763
  2.01566627  0.63814112  0.77037673 -1.23562765  1.62880088  2.54628004
  1.29625969  0.24116659 -0.98918659  2.63189931  0.84059059 -2.14668004
  0.06451858  1.71020151  1.03569094 -0.61003146 -2.35309625  2.41641007
  2.05587971  1.64569513  2.25078481  1.8061965  -1.88066337 -2.83119578
  0.59335392  1.41068476 -2.40034494 -1.31233666  2.41002724  1.32468892
 -0.0317499  -1.69042246 -1.53264633  1.98775957  1.55707349 -0.80048644
 -0.1377477  -0.32136064 -0.17576888  2.40457345 -0.46935943 -0.68215469
  0.96906905 -2.33211017  0.98583547  2.60857087 -0.56307161  2.13433408
 -1.90039374 -0.95198337 -2.42089468 -2.2943791  -1.42751331 -2.85233539
  1.57889995  1.77975911  1.61425314  1.07599848  1.40541261 -2.33253771
 -2.68351392  1.74828958  0.98881855 -0.37055618 -2.61411015  1.63134957
 -1.24462657 -2.53218312  0.08613745]
Thu Jun 13 20:39:14 2024,171,0.1628811424030936,[-2.86663289  2.29943525 -1.73809812  0.13617403  0.4475374  -3.11613235
  3.12175818  2.07643863  1.07753054 -0.97439     0.57492483  1.30581393
  1.37806976 -1.8245315   0.78976271  2.94293737 -0.47598535 -0.48602205
 -1.90864666  0.69399512  1.64331363  2.84681894 -1.34676389 -0.36679376
 -2.25116919 -2.10935896  3.09576336  2.76041091 -0.7551147  -2.67638046
  1.54689828 -0.21204898 -2.36898427  1.93500432  1.1283008  -0.57416786
  1.16721972 -1.95048414 -0.24033539  2.267363   -0.10580483  0.56521284
  2.38068154  0.62303622  2.66299244  2.78474707  2.72142148 -2.90650032
  0.37861456 -0.37995853  1.67069076  2.97298139 -0.37837172 -2.37998643
  2.68158184 -3.18080029  0.64830896 -0.69234468 -1.72585485  3.08232801
 -1.96261753 -1.63225423 -2.54280717  2.35355298 -2.16586596  1.99492811
  1.80434885  1.44911563  2.54781305  2.91375489  1.98671344  1.49959162
 -1.72711478 -2.36257641  1.19815952  0.5982452   1.60479225 -2.77997091
 -0.15111717  2.40510494 -1.14269902  1.23003361  1.30385586  0.67626208
 -1.01284582  1.17524763  0.83013316 -0.30860223  2.78786749 -2.13024386
  1.56820249 -0.63325866  1.01615125 -3.20993525 -2.20734842  0.33043314
 -1.0839028  -0.40130816  0.31995372  0.01240006 -1.77293125 -0.20689022
 -0.61312516  2.9021599  -1.15493864 -1.23645234 -1.09484863  1.24290839
  1.64024199 -0.86786995  2.1249557  -1.70877944 -0.23110401 -0.88746458
 -3.01521898  3.0268877  -1.74512402  3.00954124 -1.37805659 -2.5433849
  3.48497195 -1.12367139 -0.7465823  -2.88746186 -2.52305131  2.93039628
 -1.99212838 -1.69527448 -0.42160781  2.99286808  0.18700423  0.04904396
 -1.57399409 -0.16515683 -1.63930203 -2.98454341  2.92195694  1.18706249
 -0.30795001 -2.35109751  0.9493658  -1.2125147  -0.30262186 -2.14763343
 -1.99129351  1.82702769 -1.01947687  2.59583875 -0.5364864  -3.13304323
 -2.86544859  1.89571885 -3.07700136 -0.28130436 -0.98722009 -0.14979161
  2.41649153  1.79564387 -0.16009895 -2.08848676 -2.96404891  0.10315621
 -0.80473614  1.45912389 -2.52756418  0.9807783  -0.09003984  0.13281931
  2.01633795  0.63746943  0.76970504 -1.23629934  1.62947257  2.54560836
  1.29693137  0.24183828 -0.98985828  2.63122762  0.8399189  -2.14600835
  0.06519026  1.71087319  1.03636263 -0.60935978 -2.35242457  2.41573838
  2.05655139  1.64502345  2.25011312  1.80552481 -1.88133505 -2.83186747
  0.59268223  1.41001307 -2.39967325 -1.31166497  2.41069892  1.3253606
 -0.03242159 -1.69109414 -1.53331801  1.98708788  1.55774517 -0.80115813
 -0.13841938 -0.32068896 -0.17644057  2.40390177 -0.46868775 -0.68282637
  0.96974074 -2.33278186  0.98516379  2.60924255 -0.56239993  2.1336624
 -1.89972206 -0.95265506 -2.42022299 -2.29505079 -1.42684162 -2.85166371
  1.57957163  1.78043079  1.61492483  1.0753268   1.40474093 -2.3332094
 -2.68284224  1.7476179   0.98949024 -0.36988449 -2.61478183  1.63202125
 -1.24395489 -2.53151144  0.08680914]
Thu Jun 13 20:39:36 2024,172,0.16273396874621293,[-2.86435712  2.30171101 -1.74037389  0.1384498   0.44526163 -3.11385658
  3.11948241  2.07416287  1.07525477 -0.97666577  0.57720059  1.30353816
  1.38034553 -1.82225574  0.79203848  2.94521313 -0.47370958 -0.48374628
 -1.9063709   0.69171935  1.64103786  2.84909471 -1.34448812 -0.364518
 -2.25344496 -2.10708319  3.09803913  2.75813514 -0.75739047 -2.67865623
  1.54462251 -0.20977322 -2.3667085   1.93272855  1.12602503 -0.57189209
  1.16494396 -1.95275991 -0.24261116  2.26508723 -0.10808059  0.56293708
  2.37840577  0.62531199  2.66071667  2.78702284  2.71914571 -2.90422455
  0.38089032 -0.37768277  1.66841499  2.97070563 -0.38064748 -2.38226219
  2.67930608 -3.18307606  0.65058472 -0.69006891 -1.72813061  3.08460378
 -1.96489329 -1.63452999 -2.54508293  2.35582874 -2.16359019  1.99720387
  1.80207309  1.44683987  2.55008882  2.91147912  1.98443768  1.50186738
 -1.72939055 -2.36485217  1.19588375  0.60052097  1.60251649 -2.77769515
 -0.1488414   2.40282918 -1.14497479  1.23230938  1.30158009  0.67853785
 -1.01057005  1.1775234   0.8278574  -0.30632647  2.79014326 -2.12796809
  1.57047825 -0.63553443  1.01387548 -3.21221102 -2.20507266  0.32815738
 -1.08617857 -0.40358392  0.32222948  0.01467583 -1.77520702 -0.20461445
 -0.61540092  2.89988414 -1.15266288 -1.23872811 -1.09257287  1.24063263
  1.64251775 -0.86559418  2.12267994 -1.71105521 -0.23337977 -0.88518882
 -3.01749474  3.02916347 -1.74739979  3.011817   -1.38033235 -2.54110914
  3.48724772 -1.12594716 -0.74430653 -2.88973763 -2.52077554  2.93267204
 -1.98985262 -1.69755025 -0.41933204  2.99514384  0.18472846  0.0467682
 -1.57626985 -0.1674326  -1.64157779 -2.98681918  2.9242327   1.18478672
 -0.31022577 -2.34882174  0.95164157 -1.21023893 -0.30489762 -2.1499092
 -1.99356927  1.82475193 -1.01720111  2.59811452 -0.53876217 -3.13076747
 -2.86772435  1.89799461 -3.07927713 -0.27902859 -0.98949585 -0.14751584
  2.4187673   1.79336811 -0.16237472 -2.086211   -2.96177315  0.10088044
 -0.80246038  1.46139965 -2.52983995  0.98305406 -0.08776408  0.13054355
  2.01406219  0.6397452   0.76742928 -1.23402357  1.6271968   2.54333259
  1.29465561  0.24411404 -0.99213404  2.63350339  0.83764314 -2.14373259
  0.0629145   1.71314896  1.03408686 -0.60708401 -2.35014881  2.41801415
  2.05427563  1.64274768  2.25238889  1.80780058 -1.87905929 -2.8295917
  0.59040647  1.40773731 -2.39739749 -1.30938921  2.41297469  1.32308483
 -0.03014582 -1.69336991 -1.53104225  1.98936365  1.55546941 -0.79888236
 -0.13614361 -0.32296472 -0.17871633  2.401626   -0.47096351 -0.6805506
  0.96746497 -2.33050609  0.98288802  2.60696678 -0.56467569  2.13593816
 -1.89744629 -0.95037929 -2.42249876 -2.29277502 -1.42911739 -2.84938794
  1.5818474   1.78270656  1.61264906  1.07760256  1.40701669 -2.33548516
 -2.68511801  1.74534213  0.991766   -0.36760873 -2.61250606  1.63429702
 -1.24167912 -2.53378721  0.0890849 ]
Thu Jun 13 20:39:52 2024,173,0.16251231351720843,[-2.86048545  2.29783934 -1.73650222  0.14232147  0.4491333  -3.10998491
  3.12335408  2.0702912   1.0713831  -0.98053744  0.57332892  1.30740983
  1.37647386 -1.8261274   0.78816681  2.94134146 -0.47758125 -0.48761795
 -1.90249923  0.69559102  1.64490953  2.84522304 -1.34835979 -0.36838967
 -2.25731663 -2.11095486  3.09416746  2.76200681 -0.76126214 -2.67478456
  1.54075085 -0.20590155 -2.37058017  1.93660022  1.1298967  -0.56802042
  1.16881563 -1.94888824 -0.23873949  2.26121556 -0.11195226  0.56680875
  2.38227744  0.62918366  2.66458834  2.78315117  2.71527404 -2.90035289
  0.37701865 -0.38155444  1.66454332  2.97457729 -0.38451915 -2.38613386
  2.68317775 -3.18694773  0.64671305 -0.69394058 -1.73200228  3.08847544
 -1.96102162 -1.63065833 -2.54121126  2.35970041 -2.15971852  2.00107554
  1.79820142  1.4429682   2.54621715  2.91535079  1.98056601  1.50573905
 -1.72551888 -2.3609805   1.19201208  0.60439264  1.60638816 -2.77382348
 -0.15271307  2.40670085 -1.14884646  1.22843771  1.29770842  0.67466618
 -1.01444172  1.17365173  0.82398573 -0.31019814  2.78627159 -2.13183976
  1.56660659 -0.63166276  1.01774715 -3.21608269 -2.20894433  0.32428571
 -1.0823069  -0.40745559  0.32610115  0.0185475  -1.77907869 -0.20074278
 -0.61152925  2.89601247 -1.14879121 -1.24259978 -1.0887012   1.2445043
  1.63864608 -0.86946585  2.11880827 -1.70718354 -0.23725144 -0.88131715
 -3.02136641  3.03303514 -1.75127146  3.01568867 -1.37646068 -2.54498081
  3.49111939 -1.12207549 -0.7481782  -2.8936093  -2.51690387  2.92880037
 -1.99372429 -1.70142192 -0.42320371  2.99127217  0.18085679  0.04289653
 -1.57239818 -0.17130427 -1.64544946 -2.99069085  2.92036103  1.18865839
 -0.31409744 -2.35269341  0.95551324 -1.2141106  -0.30102595 -2.15378087
 -1.9896976   1.8286236  -1.02107278  2.59424285 -0.54263384 -3.1268958
 -2.86385268  1.90186628 -3.0831488  -0.28290026 -0.98562418 -0.15138751
  2.42263897  1.78949644 -0.15850305 -2.09008267 -2.95790148  0.10475211
 -0.79858871  1.46527132 -2.52596828  0.98692573 -0.08389241  0.12667188
  2.01019052  0.63587353  0.77130095 -1.23789524  1.62332513  2.53946092
  1.29078394  0.24024238 -0.99600571  2.62963172  0.84151481 -2.14760426
  0.06678617  1.71702063  1.03795853 -0.61095568 -2.34627714  2.42188582
  2.0581473   1.64661935  2.24851722  1.81167225 -1.88293096 -2.83346337
  0.5865348   1.41160898 -2.40126916 -1.31326087  2.41684636  1.3269565
 -0.02627415 -1.69724157 -1.53491392  1.98549198  1.55159774 -0.79501069
 -0.14001528 -0.32683639 -0.182588    2.39775433 -0.46709184 -0.67667893
  0.97133664 -2.32663442  0.97901635  2.60309511 -0.56854736  2.13206649
 -1.89357462 -0.94650762 -2.41862709 -2.28890335 -1.42524572 -2.84551627
  1.57797573  1.77883489  1.60877739  1.07373089  1.40314502 -2.33161349
 -2.68898968  1.74147047  0.99563767 -0.3714804  -2.60863439  1.63042535
 -1.24555079 -2.52991554  0.08521323]
Thu Jun 13 20:40:11 2024,174,0.16237677617941423,[-2.86237846  2.29973234 -1.73839522  0.14042847  0.4472403  -3.10809191
  3.12524708  2.0721842   1.0694901  -0.97864444  0.57522192  1.30930283
  1.37836686 -1.8242344   0.79005981  2.93944846 -0.47947425 -0.48951095
 -1.90439223  0.69369802  1.64680253  2.84711604 -1.35025279 -0.37028267
 -2.25920963 -2.10906186  3.09606046  2.76389981 -0.75936914 -2.67667756
  1.54264385 -0.20779455 -2.37247317  1.93470722  1.1280037  -0.56612742
  1.16692263 -1.94699524 -0.24063249  2.26310856 -0.11384526  0.56870175
  2.38417044  0.62729066  2.66648134  2.78504417  2.71338104 -2.90224589
  0.37512565 -0.38344744  1.66265032  2.97268429 -0.38262615 -2.38424086
  2.68128475 -3.18505473  0.64860605 -0.69204758 -1.73389528  3.08658244
 -1.95912862 -1.63255133 -2.53931826  2.35780741 -2.16161152  1.99918254
  1.79630842  1.4448612   2.54432415  2.91724379  1.97867301  1.50384605
 -1.72362588 -2.3628735   1.19390508  0.60249964  1.60828116 -2.77193048
 -0.15082007  2.40480785 -1.14695346  1.22654471  1.29960142  0.67277318
 -1.01254872  1.17175873  0.82587873 -0.31209114  2.78816459 -2.13373276
  1.56849959 -0.62976976  1.01964015 -3.21797569 -2.20705133  0.32239271
 -1.0804139  -0.40934859  0.32799415  0.0204405  -1.78097169 -0.19884978
 -0.60963625  2.89790547 -1.15068421 -1.24070678 -1.0905942   1.2426113
  1.64053908 -0.86757285  2.12070127 -1.70907654 -0.23914444 -0.88321015
 -3.02325941  3.03492814 -1.74937846  3.01758167 -1.37456768 -2.54308781
  3.48922639 -1.12018249 -0.7462852  -2.8955023  -2.51879687  2.93069337
 -1.99561729 -1.70331492 -0.42131071  2.98937917  0.17896379  0.04100353
 -1.57429118 -0.17319727 -1.64734246 -2.99258385  2.91846803  1.19055139
 -0.31599044 -2.35080041  0.95362024 -1.2122176  -0.30291895 -2.15567387
 -1.9878046   1.8267306  -1.01917978  2.59613585 -0.54074084 -3.1287888
 -2.86195968  1.90375928 -3.0850418  -0.28479326 -0.98751718 -0.14949451
  2.42074597  1.78760344 -0.16039605 -2.08818966 -2.95979448  0.10285911
 -0.79669571  1.46716432 -2.52407528  0.98503273 -0.08578541  0.12477888
  2.00829752  0.63398053  0.76940795 -1.23978824  1.62143213  2.54135392
  1.28889094  0.24213538 -0.99789871  2.63152472  0.83962181 -2.14949726
  0.06867917  1.71891363  1.03606553 -0.61284868 -2.34438414  2.41999282
  2.0600403   1.64851235  2.24662422  1.81356525 -1.88482396 -2.83535637
  0.5884278   1.40971598 -2.39937616 -1.31136787  2.41873936  1.3250635
 -0.02438115 -1.69913457 -1.53302092  1.98359898  1.54970474 -0.79690369
 -0.13812228 -0.32872939 -0.180695    2.39586133 -0.46519884 -0.67857193
  0.97322964 -2.32852742  0.97712335  2.60498811 -0.57044036  2.13017349
 -1.89168162 -0.94840062 -2.41673409 -2.29079635 -1.42713872 -2.84362327
  1.57608273  1.78072789  1.60688439  1.07183789  1.40125202 -2.33350649
 -2.69088268  1.74336347  0.99753067 -0.3733734  -2.60674139  1.63231835
 -1.24744379 -2.52802254  0.08332023]
Thu Jun 13 20:40:25 2024,175,0.16197914170922023,[-2.85799099  2.30411981 -1.73400776  0.13604101  0.44285284 -3.11247938
  3.12963454  2.07657166  1.06510264 -0.9830319   0.57083446  1.30491537
  1.3739794  -1.81984694  0.79444727  2.935061   -0.47508679 -0.48512349
 -1.90000477  0.69808548  1.64241507  2.8515035  -1.34586533 -0.3658952
 -2.25482216 -2.1046744   3.10044792  2.76828727 -0.7637566  -2.67229009
  1.53825638 -0.20340709 -2.37686063  1.93909468  1.12361624 -0.57051489
  1.16253516 -1.9513827  -0.24501995  2.26749602 -0.11823273  0.57308921
  2.37978298  0.6229032   2.6708688   2.78943163  2.70899358 -2.89785842
  0.37073819 -0.3878349   1.66703779  2.96829683 -0.38701362 -2.38862833
  2.68567221 -3.18944219  0.64421859 -0.69643504 -1.72950782  3.09096991
 -1.96351608 -1.62816386 -2.54370573  2.36219488 -2.15722406  1.99479508
  1.80069588  1.44924866  2.54871161  2.92163126  1.97428555  1.49945859
 -1.72801334 -2.35848604  1.18951762  0.59811217  1.60389369 -2.77631794
 -0.14643261  2.40919531 -1.15134092  1.23093217  1.30398889  0.66838572
 -1.01693618  1.17614619  0.83026619 -0.3164786   2.79255205 -2.1293453
  1.56411212 -0.63415722  1.02402761 -3.22236315 -2.21143879  0.31800525
 -1.08480136 -0.41373605  0.32360669  0.02482796 -1.77658422 -0.19446232
 -0.61402372  2.89351801 -1.15507167 -1.24509424 -1.08620674  1.23822384
  1.64492654 -0.87196032  2.12508873 -1.70468907 -0.23475698 -0.87882268
 -3.01887195  3.03054067 -1.75376592  3.02196914 -1.37018022 -2.53870034
  3.49361385 -1.12456995 -0.75067266 -2.89988976 -2.52318433  2.93508084
 -1.99122983 -1.70770238 -0.42569818  2.98499171  0.18335126  0.04539099
 -1.56990372 -0.17758473 -1.65172993 -2.99697131  2.9228555   1.18616393
 -0.31160298 -2.34641295  0.94923277 -1.21660506 -0.29853149 -2.16006133
 -1.98341714  1.82234313 -1.02356724  2.60052331 -0.5451283  -3.12440134
 -2.85757222  1.90814674 -3.08065434 -0.2804058  -0.99190465 -0.15388197
  2.41635851  1.7919909  -0.15600859 -2.09257713 -2.96418194  0.10724658
 -0.80108317  1.46277686 -2.52846274  0.98064527 -0.08139795  0.12039141
  2.00391006  0.63836799  0.77379541 -1.23540078  1.61704467  2.54574138
  1.28450348  0.24652284 -1.00228618  2.62713726  0.84400927 -2.15388472
  0.06429171  1.72330109  1.04045299 -0.60846122 -2.3487716   2.41560536
  2.05565283  1.64412489  2.25101168  1.80917779 -1.88921142 -2.83096891
  0.59281526  1.40532851 -2.39498869 -1.30698041  2.41435189  1.32945097
 -0.01999369 -1.70352204 -1.52863345  1.98798644  1.54531727 -0.80129116
 -0.13373482 -0.32434193 -0.18508246  2.4002488  -0.4695863  -0.6829594
  0.9776171  -2.32413996  0.97273589  2.60060065 -0.57482782  2.13456096
 -1.88729416 -0.95278808 -2.42112155 -2.29518382 -1.42275126 -2.84801073
  1.57169526  1.78511535  1.60249693  1.07622535  1.40563949 -2.32911903
 -2.69527014  1.74775093  1.00191814 -0.36898593 -2.60235393  1.62793088
 -1.24305633 -2.53241     0.07893277]
Thu Jun 13 20:40:48 2024,176,0.16054633684488287,[-2.86399472  2.29811607 -1.72800403  0.14204474  0.43684911 -3.10647565
  3.12363081  2.08257539  1.07110637 -0.98903563  0.56483073  1.3109191
  1.37998313 -1.82585067  0.800451    2.92905727 -0.46908306 -0.47911976
 -1.9060085   0.70408921  1.6484188   2.84549977 -1.35186906 -0.35989147
 -2.2608259  -2.09867067  3.10645165  2.774291   -0.76976033 -2.67829383
  1.53225265 -0.20941082 -2.38286436  1.93309095  1.11761251 -0.57651862
  1.15653143 -1.95738643 -0.25102368  2.27349975 -0.12423646  0.56708548
  2.37377925  0.61689946  2.66486507  2.79543536  2.71499731 -2.90386215
  0.36473446 -0.39383863  1.66103405  2.97430056 -0.39301735 -2.3826246
  2.69167594 -3.19544592  0.63821486 -0.70243878 -1.72350409  3.09697364
 -1.96951982 -1.62216013 -2.54970946  2.36819861 -2.15122033  1.98879135
  1.79469215  1.44324493  2.54270788  2.91562752  1.96828181  1.49345486
 -1.72200961 -2.35248231  1.18351389  0.60411591  1.59788996 -2.78232167
 -0.15243634  2.40319158 -1.15734465  1.22492844  1.30999262  0.67438945
 -1.02293991  1.17014246  0.82426246 -0.32248233  2.78654832 -2.12334157
  1.57011585 -0.64016095  1.03003134 -3.21635942 -2.20543506  0.32400898
 -1.07879763 -0.40773232  0.32961042  0.01882423 -1.78258795 -0.18845859
 -0.60801999  2.89952174 -1.1610754  -1.23909051 -1.09221047  1.24422757
  1.63892281 -0.86595658  2.13109246 -1.69868534 -0.24076071 -0.88482642
 -3.01286822  3.02453694 -1.75976965  3.01596541 -1.36417649 -2.53269661
  3.49961758 -1.13057368 -0.74466893 -2.89388603 -2.52918807  2.9290771
 -1.99723356 -1.70169865 -0.43170191  2.99099544  0.18935499  0.03938726
 -1.56389999 -0.18358846 -1.64572619 -3.00297504  2.92885923  1.1801602
 -0.31760671 -2.34040922  0.95523651 -1.21060133 -0.30453522 -2.1540576
 -1.98942087  1.8163394  -1.02957097  2.59451958 -0.53912457 -3.13040507
 -2.86357595  1.91415047 -3.0746506  -0.28640953 -0.99790838 -0.1598857
  2.42236224  1.78598717 -0.15000485 -2.09858086 -2.97018567  0.10124284
 -0.79507944  1.45677313 -2.52245901  0.97464154 -0.08740168  0.12639515
  2.00991379  0.64437172  0.76779168 -1.24140451  1.61104094  2.53973765
  1.27849974  0.25252657 -1.00828991  2.62113352  0.83800554 -2.14788099
  0.07029544  1.72930482  1.03444926 -0.61446495 -2.34276787  2.40960162
  2.0496491   1.63812116  2.25701542  1.80317405 -1.89521515 -2.83697264
  0.58681153  1.41133225 -2.40099242 -1.31298414  2.40834816  1.32344723
 -0.01398996 -1.70952577 -1.53463718  1.98198271  1.55132101 -0.80729489
 -0.12773109 -0.3183382  -0.1910862   2.39424506 -0.46358257 -0.67695566
  0.97161337 -2.33014369  0.97873962  2.60660438 -0.58083156  2.14056469
 -1.89329789 -0.94678435 -2.42712528 -2.30118755 -1.42875499 -2.85401447
  1.56569153  1.79111908  1.5964932   1.07022162  1.41164322 -2.33512276
 -2.70127387  1.75375466  0.9959144  -0.3629822  -2.5963502   1.62192715
 -1.2370526  -2.53841373  0.07292904]
Thu Jun 13 20:41:05 2024,177,0.1597620484524261,[-2.85902537  2.29314672 -1.72303467  0.13707539  0.44181846 -3.111445
  3.11866146  2.07760604  1.07607572 -0.99400498  0.55986138  1.30594975
  1.37501378 -1.82088132  0.80542035  2.92408792 -0.46411371 -0.4741504
 -1.91097785  0.70905857  1.65338815  2.85046912 -1.34689971 -0.36486082
 -2.26579525 -2.09370131  3.1014823   2.77926036 -0.76479098 -2.67332447
  1.5272833  -0.20444147 -2.37789501  1.9380603   1.11264316 -0.57154927
  1.16150078 -1.96235578 -0.25599303  2.2685304  -0.11926711  0.56211613
  2.3688099   0.62186882  2.65989572  2.80040472  2.71996666 -2.8988928
  0.35976511 -0.39880798  1.66600341  2.97926992 -0.3979867  -2.37765524
  2.69664529 -3.19047657  0.64318421 -0.70740813 -1.72847344  3.10194299
 -1.96455046 -1.61719078 -2.55467881  2.37316796 -2.15618968  1.9937607
  1.7897228   1.44821428  2.53773853  2.92059688  1.97325117  1.48848551
 -1.72697896 -2.35745166  1.17854454  0.60908526  1.59292061 -2.78729102
 -0.15740569  2.40816093 -1.1523753   1.22989779  1.30502327  0.6694201
 -1.01797056  1.17511181  0.81929311 -0.31751298  2.79151767 -2.11837222
  1.5651465  -0.6351916   1.0350007  -3.21139006 -2.2004657   0.31903963
 -1.08376698 -0.41270167  0.32464107  0.02379358 -1.78755731 -0.19342794
 -0.61298934  2.89455239 -1.15610605 -1.23412115 -1.08724112  1.23925822
  1.64389216 -0.86098723  2.12612311 -1.70365469 -0.23579136 -0.87985706
 -3.01783757  3.01956759 -1.76473901  3.01099605 -1.35920714 -2.53766596
  3.50458693 -1.12560433 -0.73969958 -2.89885538 -2.52421871  2.93404646
 -1.99226421 -1.69672929 -0.43667126  2.98602609  0.18438564  0.04435661
 -1.56886934 -0.17861911 -1.64075684 -3.00794439  2.93382858  1.18512955
 -0.32257606 -2.34537857  0.95026715 -1.21557068 -0.29956587 -2.14908825
 -1.98445152  1.82130875 -1.02460162  2.58955023 -0.54409392 -3.12543572
 -2.8685453   1.91911983 -3.06968125 -0.29137888 -0.99293903 -0.15491635
  2.41739289  1.78101782 -0.15497421 -2.09361151 -2.97515502  0.09627349
 -0.79011009  1.46174248 -2.51748966  0.97961089 -0.08243233  0.1313645
  2.00494444  0.64934108  0.77276103 -1.23643516  1.61601029  2.544707
  1.27353039  0.24755722 -1.00332056  2.62610288  0.84297489 -2.15285034
  0.06532609  1.72433547  1.03941861 -0.61943431 -2.34773722  2.40463227
  2.04467975  1.63315181  2.26198477  1.80814341 -1.8902458  -2.83200329
  0.59178088  1.40636289 -2.39602307 -1.3179535   2.40337881  1.32841659
 -0.0090206  -1.71449512 -1.52966783  1.97701336  1.55629036 -0.81226424
 -0.13270044 -0.32330755 -0.19605555  2.39921442 -0.45861322 -0.67198631
  0.97658272 -2.33511304  0.97377027  2.60163503 -0.58580091  2.14553404
 -1.89826724 -0.9517537  -2.42215593 -2.3061569  -1.42378564 -2.84904511
  1.57066088  1.78614973  1.60146255  1.06525227  1.41661257 -2.33015341
 -2.69630452  1.74878531  1.00088376 -0.35801285 -2.60131955  1.6268965
 -1.24202195 -2.53344438  0.07789839]
Thu Jun 13 20:41:21 2024,178,0.1580812169796559,[-2.85138823  2.28550958 -1.71539753  0.14471253  0.4494556  -3.11908214
  3.1262986   2.08524319  1.08371287 -0.98636784  0.55222423  1.31358689
  1.36737663 -1.82851847  0.8130575   2.93172506 -0.45647656 -0.46651326
 -1.9033407   0.71669571  1.645751    2.85810627 -1.35453686 -0.37249797
 -2.2581581  -2.08606417  3.10911944  2.7868975  -0.77242812 -2.68096162
  1.53492045 -0.21207861 -2.38553216  1.94569745  1.1202803  -0.57918641
  1.15386364 -1.96999293 -0.26363018  2.27616755 -0.11162996  0.56975327
  2.37644704  0.62950596  2.66753287  2.79276757  2.72760381 -2.90652995
  0.35212796 -0.40644513  1.65836626  2.98690706 -0.39034955 -2.38529239
  2.70428244 -3.19811372  0.63554707 -0.71504527 -1.73611059  3.10958014
 -1.95691332 -1.62482793 -2.56231596  2.38080511 -2.14855254  2.00139784
  1.78208565  1.44057713  2.54537567  2.92823402  1.98088831  1.48084836
 -1.71934181 -2.36508881  1.18618168  0.6167224   1.60055776 -2.77965388
 -0.14976854  2.41579807 -1.16001245  1.23753494  1.29738612  0.66178295
 -1.02560771  1.16747466  0.81165596 -0.32515013  2.78388053 -2.11073507
  1.55750936 -0.62755445  1.02736355 -3.21902721 -2.20810285  0.32667677
 -1.09140413 -0.40506453  0.31700392  0.01615644 -1.79519445 -0.20106509
 -0.60535219  2.90218953 -1.1637432  -1.22648401 -1.09487826  1.24689536
  1.63625502 -0.86862438  2.11848596 -1.69601755 -0.24342851 -0.87221992
 -3.01020042  3.01193045 -1.75710186  3.0186332  -1.36684428 -2.54530311
  3.51222408 -1.11796719 -0.73206243 -2.90649253 -2.51658157  2.9416836
 -1.98462706 -1.68909215 -0.44430841  2.97838894  0.17674849  0.05199376
 -1.56123219 -0.17098197 -1.6331197  -3.01558154  2.94146573  1.1774924
 -0.33021321 -2.33774142  0.94263001 -1.20793354 -0.30720302 -2.15672539
 -1.97681437  1.81367161 -1.01696447  2.59718737 -0.53645677 -3.11779857
 -2.86090816  1.91148268 -3.0773184  -0.28374174 -0.98530188 -0.14727921
  2.40975574  1.78865496 -0.14733706 -2.08597436 -2.98279217  0.08863635
 -0.79774723  1.46937963 -2.5251268   0.97197374 -0.09006947  0.12372735
  2.01258158  0.65697822  0.78039818 -1.2440723   1.60837314  2.53706986
  1.26589325  0.23992007 -1.0109577   2.63374002  0.85061203 -2.16048749
  0.05768894  1.73197261  1.04705576 -0.61179716 -2.34010007  2.41226942
  2.0370426   1.62551466  2.25434762  1.80050626 -1.89788295 -2.83964043
  0.59941803  1.39872575 -2.40366022 -1.31031635  2.39574166  1.33605373
 -0.01665775 -1.72213227 -1.53730498  1.9846505   1.54865321 -0.81990139
 -0.1250633  -0.3309447  -0.1884184   2.40685156 -0.46625037 -0.66434917
  0.98421987 -2.3274759   0.98140742  2.60927218 -0.57816376  2.15317118
 -1.89063009 -0.95939085 -2.42979308 -2.31379405 -1.41614849 -2.84140797
  1.56302374  1.79378688  1.60909969  1.05761512  1.42424972 -2.32251626
 -2.70394166  1.75642245  0.99324661 -0.36565    -2.59368241  1.61925936
 -1.2343848  -2.52580723  0.08553554]
Thu Jun 13 20:41:35 2024,179,0.15741051245206616,[-2.85664109  2.29076244 -1.71014467  0.14996539  0.45470847 -3.11382928
  3.12104574  2.09049605  1.07846001 -0.9916207   0.55747709  1.30833403
  1.36212377 -1.83377133  0.81831036  2.93697792 -0.46172942 -0.47176612
 -1.90859357  0.71144285  1.65100386  2.86335913 -1.34928399 -0.36724511
 -2.25290524 -2.08081131  3.11437231  2.78164464 -0.77768098 -2.67570876
  1.54017331 -0.21733147 -2.3802793   1.95095031  1.12553316 -0.58443927
  1.14861078 -1.97524579 -0.26888304  2.28142041 -0.11688282  0.57500613
  2.37119418  0.63475882  2.66228001  2.79802043  2.73285667 -2.91178281
  0.35738082 -0.41169799  1.66361912  2.9816542  -0.39560241 -2.38003953
  2.69902958 -3.19286086  0.64079993 -0.70979241 -1.74136345  3.114833
 -1.96216618 -1.61957506 -2.5570631   2.38605797 -2.14329968  2.00665071
  1.78733851  1.43532427  2.54012281  2.93348688  1.97563545  1.48610122
 -1.72459468 -2.37034167  1.18092882  0.61146954  1.60581062 -2.77440102
 -0.15502141  2.42105094 -1.15475959  1.23228208  1.29213326  0.65653009
 -1.02035485  1.1622218   0.8064031  -0.33040299  2.78913339 -2.11598793
  1.56276222 -0.63280731  1.02211069 -3.22428007 -2.21335571  0.33192963
 -1.09665699 -0.41031739  0.32225678  0.01090358 -1.80044731 -0.19581223
 -0.61060505  2.89693667 -1.16899606 -1.22123115 -1.10013112  1.2416425
  1.63100216 -0.87387724  2.1132331  -1.70127041 -0.23817565 -0.86696706
 -3.00494756  3.00667758 -1.751849    3.01338034 -1.37209714 -2.55055597
  3.51747694 -1.12322005 -0.73731529 -2.91174539 -2.51132871  2.94693646
 -1.98987992 -1.69434501 -0.44956127  2.9836418   0.18200135  0.05724662
 -1.56648505 -0.1657291  -1.63837256 -3.01032868  2.94671859  1.18274526
 -0.33546607 -2.33248856  0.93737715 -1.20268068 -0.31245588 -2.15147253
 -1.98206724  1.80841875 -1.02221734  2.59193451 -0.53120391 -3.11254571
 -2.86616102  1.90622982 -3.07206554 -0.27848888 -0.99055474 -0.14202635
  2.40450288  1.79390782 -0.15258992 -2.0807215  -2.97753931  0.08338349
 -0.79249437  1.46412677 -2.53037966  0.96672088 -0.09532233  0.12898021
  2.01783444  0.65172536  0.77514532 -1.24932516  1.60312028  2.54232272
  1.27114611  0.24517293 -1.01621056  2.63899288  0.84535917 -2.16574035
  0.05243608  1.72671975  1.05230862 -0.61705002 -2.33484721  2.40701656
  2.03178974  1.63076752  2.24909476  1.80575912 -1.90313581 -2.84489329
  0.60467089  1.39347289 -2.39840736 -1.30506349  2.3904888   1.33080087
 -0.01140489 -1.72738513 -1.54255784  1.97939764  1.54340035 -0.82515425
 -0.13031616 -0.33619756 -0.19367126  2.41210442 -0.46099751 -0.65909631
  0.98947273 -2.32222304  0.98666028  2.60401932 -0.5729109   2.14791832
 -1.89588296 -0.95413799 -2.42454022 -2.31904691 -1.42140135 -2.84666083
  1.5682766   1.79903974  1.60384683  1.06286799  1.42950258 -2.32776913
 -2.6986888   1.75116959  0.99849947 -0.36039714 -2.59893527  1.6140065
 -1.22913194 -2.53106009  0.0907884 ]
Thu Jun 13 20:41:55 2024,180,0.15664949715479257,[-2.85278735  2.29461617 -1.70629093  0.15381913  0.4585622  -3.10997555
  3.12489948  2.09434978  1.07460628 -0.98776696  0.56133082  1.31218777
  1.35827004 -1.83762506  0.82216409  2.93312419 -0.46558315 -0.46791239
 -1.90473983  0.70758912  1.64715013  2.86721286 -1.35313773 -0.36339138
 -2.25675897 -2.07695757  3.11822604  2.78549837 -0.77382725 -2.67956249
  1.54402704 -0.21347774 -2.37642556  1.94709658  1.12167943 -0.58829301
  1.14475704 -1.97909952 -0.27273677  2.28527414 -0.12073655  0.5711524
  2.36734045  0.63090509  2.66613374  2.80187416  2.7367104  -2.91563654
  0.36123455 -0.41555172  1.66747285  2.97780047 -0.39945615 -2.38389326
  2.70288331 -3.19671459  0.64465366 -0.71364615 -1.73750972  3.11097926
 -1.96601991 -1.6234288  -2.56091683  2.38220423 -2.14715341  2.00279697
  1.78348478  1.43147054  2.54397655  2.92963315  1.97178172  1.48995495
 -1.72844841 -2.36648793  1.18478256  0.60761581  1.60966435 -2.77054728
 -0.15887514  2.42490467 -1.15861332  1.23613581  1.28827953  0.66038382
 -1.02420858  1.15836807  0.81025683 -0.33425672  2.79298712 -2.1121342
  1.55890848 -0.63666105  1.01825696 -3.2281338  -2.20950198  0.3280759
 -1.10051072 -0.40646366  0.32611052  0.01475731 -1.80430105 -0.19966596
 -0.60675132  2.89308294 -1.16514232 -1.21737742 -1.10398486  1.24549623
  1.62714842 -0.87002351  2.11708684 -1.70512414 -0.23432191 -0.87082079
 -3.0088013   3.01053132 -1.75570273  3.01723407 -1.37595088 -2.54670224
  3.52133067 -1.11936631 -0.74116903 -2.90789165 -2.50747497  2.94308273
 -1.99373365 -1.69819874 -0.453415    2.98749554  0.17814762  0.06110035
 -1.56263132 -0.16187537 -1.63451882 -3.00647495  2.94286485  1.17889153
 -0.33161234 -2.32863483  0.94123088 -1.19882694 -0.31630961 -2.15532627
 -1.9782135   1.80456501 -1.02607107  2.58808078 -0.52735018 -3.10869198
 -2.87001475  1.90237609 -3.07591927 -0.28234261 -0.99440847 -0.13817261
  2.40835661  1.79776156 -0.14873619 -2.07686777 -2.98139304  0.08723722
 -0.79634811  1.4679805  -2.5342334   0.96286715 -0.0914686   0.13283395
  2.02168818  0.65557909  0.77129158 -1.24547143  1.60697402  2.53846898
  1.27499984  0.2413192  -1.01235683  2.63513915  0.84921291 -2.16188661
  0.04858235  1.72286602  1.04845488 -0.62090375 -2.33099348  2.40316282
  2.02793601  1.63462125  2.25294849  1.80961285 -1.90698954 -2.84103956
  0.60852462  1.39732662 -2.39455362 -1.30120976  2.39434254  1.3346546
 -0.01525862 -1.72353139 -1.53870411  1.97554391  1.53954662 -0.82130051
 -0.13416989 -0.34005129 -0.18981753  2.41595816 -0.45714377 -0.65524257
  0.99332646 -2.32607677  0.99051401  2.60787305 -0.57676463  2.14406459
 -1.89973669 -0.95028425 -2.42068648 -2.32290064 -1.42525509 -2.84280709
  1.57213033  1.795186    1.60770057  1.05901425  1.42564884 -2.33162286
 -2.69483507  1.75502333  0.99464574 -0.36425087 -2.59508153  1.61786023
 -1.22527821 -2.52720636  0.08693467]
Thu Jun 13 20:42:18 2024,181,0.15615307869728076,[-2.84888092  2.29070974 -1.71019736  0.1499127   0.46246863 -3.10606912
  3.12880591  2.09044335  1.07069984 -0.99167339  0.56523725  1.3160942
  1.35436361 -1.83371863  0.81825766  2.92921776 -0.46948958 -0.46400595
 -1.90864626  0.71149555  1.65105656  2.87111929 -1.35704416 -0.35948494
 -2.2606654  -2.07305114  3.11431961  2.78159194 -0.76992082 -2.68346892
  1.54012061 -0.21738417 -2.38033199  1.94319015  1.117773   -0.58438658
  1.14085061 -1.98300596 -0.26883034  2.28136771 -0.12464299  0.56724597
  2.36343402  0.63481152  2.67004017  2.80578059  2.74061683 -2.91954297
  0.35732812 -0.41945815  1.66356642  2.9817069  -0.39554972 -2.37998683
  2.69897688 -3.19280816  0.64856009 -0.70973972 -1.73360328  3.10707283
 -1.96992634 -1.61952237 -2.56482326  2.38611066 -2.15105984  1.99889054
  1.78739121  1.43537697  2.54007012  2.92572672  1.96787529  1.49386138
 -1.72454198 -2.3625815   1.18087612  0.61152224  1.61357078 -2.77445371
 -0.15496871  2.4288111  -1.16251975  1.23222938  1.28437309  0.66429025
 -1.02030215  1.1622745   0.81416327 -0.33816315  2.79689355 -2.11604063
  1.55500205 -0.63275462  1.02216339 -3.22422737 -2.20559555  0.32416947
 -1.10441715 -0.40255722  0.33001695  0.01085088 -1.80039462 -0.19575953
 -0.61065775  2.89698937 -1.16123589 -1.21347098 -1.10789129  1.24940267
  1.63105486 -0.86611707  2.12099327 -1.70121771 -0.23822834 -0.87472722
 -3.00489487  3.01443775 -1.7517963   3.01332764 -1.37985731 -2.54279581
  3.51742424 -1.11545988 -0.74507546 -2.91179808 -2.50356854  2.9391763
 -1.99764008 -1.69429231 -0.44950857  2.99140197  0.18205405  0.06500678
 -1.56653775 -0.15796894 -1.63061239 -3.00256852  2.93895842  1.1749851
 -0.33551877 -2.3247284   0.94513731 -1.19492051 -0.32021604 -2.15141983
 -1.97430707  1.80847144 -1.02216464  2.58417435 -0.53125661 -3.11259841
 -2.86610832  1.89846966 -3.0798257  -0.27843618 -0.99050204 -0.13426618
  2.40445018  1.79385513 -0.14482976 -2.0807742  -2.97748661  0.09114365
 -0.79244167  1.47188693 -2.53032697  0.95896072 -0.08756217  0.13674038
  2.01778175  0.65167266  0.77519801 -1.241565    1.61088045  2.53456255
  1.27109341  0.23741277 -1.0084504   2.63904558  0.84530648 -2.15798018
  0.05248878  1.71895959  1.04454845 -0.62481018 -2.33489991  2.40706926
  2.03184244  1.63071482  2.24904206  1.80570642 -1.91089597 -2.83713313
  0.60461819  1.39342019 -2.39064719 -1.29730333  2.39824897  1.33856104
 -0.01916505 -1.71962496 -1.53479768  1.97945034  1.53564019 -0.81739408
 -0.13026346 -0.34395772 -0.19372396  2.41986459 -0.4610502  -0.659149
  0.98942003 -2.3299832   0.98660758  2.60396662 -0.5728582   2.14015816
 -1.90364312 -0.95419069 -2.42459292 -2.31899421 -1.42134866 -2.84671353
  1.5682239   1.79127957  1.611607    1.05510782  1.42955527 -2.33552929
 -2.69092864  1.7511169   0.99855217 -0.3681573  -2.59898796  1.62176666
 -1.22918464 -2.52329993  0.08302823]
Thu Jun 13 20:42:35 2024,182,0.15548180597859534,[-2.85203107  2.29385988 -1.71334751  0.15306284  0.46561877 -3.10921926
  3.12565576  2.09359349  1.07384999 -0.99482354  0.5683874   1.31294405
  1.35751375 -1.83056849  0.81510752  2.9323679  -0.46633944 -0.46085581
 -1.90549612  0.71464569  1.65420671  2.86796915 -1.3601943  -0.3563348
 -2.26381555 -2.07620129  3.11116946  2.7784418  -0.77307096 -2.68661907
  1.53697046 -0.21423403 -2.38348214  1.94634029  1.12092314 -0.58753672
  1.13770047 -1.97985581 -0.27198049  2.27821757 -0.12779313  0.57039611
  2.36658416  0.63166138  2.66689003  2.80893074  2.74376698 -2.91639283
  0.36047827 -0.4226083   1.66041628  2.97855676 -0.39869986 -2.38313698
  2.70212702 -3.18965802  0.65171023 -0.71288986 -1.73675343  3.10392269
 -1.9667762  -1.61637222 -2.5679734   2.38926081 -2.15420998  1.9957404
  1.79054135  1.43222683  2.53691997  2.92887686  1.97102543  1.49071124
 -1.72139183 -2.35943136  1.18402627  0.61467238  1.61042064 -2.77130357
 -0.15811885  2.43196124 -1.16566989  1.23537952  1.28122295  0.6674404
 -1.02345229  1.15912436  0.81101312 -0.34131329  2.80004369 -2.11919077
  1.5581522  -0.62960447  1.01901324 -3.22107723 -2.20874569  0.32731961
 -1.10126701 -0.40570737  0.33316709  0.01400102 -1.79724447 -0.19260938
 -0.61380789  2.89383923 -1.15808575 -1.21662113 -1.10474114  1.25255281
  1.634205   -0.86926722  2.12414341 -1.69806757 -0.2350782  -0.87157708
 -3.00804501  3.01758789 -1.74864616  3.0101775  -1.37670716 -2.53964566
  3.5142741  -1.11230974 -0.7482256  -2.90864794 -2.5004184   2.93602615
 -2.00079023 -1.69114217 -0.45265871  2.98825182  0.1789039   0.06185664
 -1.56338761 -0.1548188  -1.63376254 -3.00571866  2.93580828  1.17813524
 -0.33236862 -2.32157825  0.94828746 -1.19177037 -0.3170659  -2.14826969
 -1.97115693  1.81162159 -1.02531478  2.5810242  -0.53440676 -3.11574855
 -2.86925846  1.9016198  -3.08297585 -0.27528604 -0.9873519  -0.13741632
  2.40130004  1.79070498 -0.1479799  -2.07762405 -2.98063676  0.08799351
 -0.79559182  1.46873679 -2.52717682  0.95581058 -0.09071231  0.13359023
  2.0146316   0.65482281  0.77834816 -1.24471514  1.61403059  2.53141241
  1.26794326  0.24056291 -1.01160054  2.64219572  0.84215633 -2.16113033
  0.05563892  1.71580945  1.0476986  -0.62166004 -2.33174976  2.40391911
  2.0286923   1.63386497  2.25219221  1.80255628 -1.91404612 -2.84028327
  0.60146805  1.39657033 -2.39379734 -1.30045347  2.40139911  1.34171118
 -0.0223152  -1.72277511 -1.53164753  1.98260048  1.53249004 -0.81424394
 -0.1334136  -0.34080758 -0.1968741   2.41671444 -0.45790006 -0.65599886
  0.98626989 -2.32683306  0.98975772  2.60081648 -0.56970806  2.1433083
 -1.90049298 -0.95104054 -2.42774306 -2.31584406 -1.41819851 -2.84356338
  1.56507376  1.79442972  1.60845685  1.05825797  1.43270542 -2.33867943
 -2.69407878  1.74796675  0.99540202 -0.37130744 -2.59583782  1.62491681
 -1.23233478 -2.52014979  0.08617838]
Thu Jun 13 20:42:52 2024,183,0.15525427098025943,[-2.84950995  2.29133876 -1.71586863  0.15054172  0.46309765 -3.11174038
  3.12313464  2.09611461  1.07132887 -0.99230242  0.57090852  1.31546518
  1.35499263 -1.82804737  0.81762864  2.93488902 -0.46381832 -0.45833469
 -1.902975    0.71716681  1.65168558  2.87049027 -1.35767318 -0.35381368
 -2.26633667 -2.07872241  3.10864834  2.78096292 -0.77054984 -2.68914019
  1.53949159 -0.21171291 -2.38096102  1.94381917  1.12344427 -0.5850156
  1.14022159 -1.98237693 -0.26945937  2.27569645 -0.13031425  0.56787499
  2.36406304  0.62914026  2.66436891  2.80640962  2.7462881  -2.91387171
  0.36299939 -0.42008718  1.6629374   2.97603563 -0.40122098 -2.3856581
  2.70464814 -3.18713689  0.64918911 -0.71036874 -1.73927455  3.10140157
 -1.96425508 -1.6138511  -2.56545228  2.38673969 -2.15168886  1.99826152
  1.79306248  1.43474795  2.53439885  2.93139798  1.96850431  1.48819012
 -1.72391296 -2.35691024  1.18654739  0.61215126  1.61294176 -2.77382469
 -0.15559773  2.43448236 -1.16314877  1.23790064  1.27870183  0.66491928
 -1.02093117  1.16164548  0.808492   -0.33879217  2.79752257 -2.11666965
  1.56067332 -0.63212559  1.01649212 -3.21855611 -2.21126681  0.32984073
 -1.10378813 -0.40822849  0.33568821  0.0114799  -1.79976559 -0.19008826
 -0.61128677  2.89636035 -1.15556463 -1.21410001 -1.10726227  1.25003169
  1.63672612 -0.87178834  2.12162229 -1.70058869 -0.23255708 -0.86905596
 -3.01056613  3.02010901 -1.74612504  3.01269862 -1.37418604 -2.53712454
  3.51679522 -1.11483086 -0.75074672 -2.90612682 -2.50293952  2.93350503
 -2.00331135 -1.68862105 -0.45517983  2.9857307   0.17638278  0.06437776
 -1.56086649 -0.15229768 -1.63124142 -3.00823978  2.9383294   1.18065637
 -0.33488975 -2.31905713  0.94576633 -1.19429149 -0.31958702 -2.15079081
 -1.97367805  1.81414271 -1.0278359   2.57850308 -0.53188563 -3.11322743
 -2.86673734  1.90414092 -3.08549697 -0.27276491 -0.98987302 -0.1348952
  2.39877892  1.78818386 -0.14545878 -2.07510293 -2.97811563  0.08547238
 -0.79811294  1.46621566 -2.5246557   0.9583317  -0.08819119  0.13106911
  2.01211048  0.65734393  0.77582703 -1.24723627  1.61150947  2.52889129
  1.27046439  0.24308403 -1.01412166  2.64471685  0.83963521 -2.16365145
  0.0531178   1.71328832  1.04517748 -0.62418116 -2.33427089  2.40139799
  2.03121342  1.63638609  2.25471333  1.8050774  -1.91656724 -2.84280439
  0.59894692  1.39404921 -2.39631846 -1.29793235  2.40392023  1.33919006
 -0.02483632 -1.72025399 -1.53416865  1.9851216   1.52996892 -0.81172282
 -0.13089248 -0.3433287  -0.19435298  2.41923556 -0.46042118 -0.65851998
  0.98879101 -2.32431194  0.99227884  2.6033376  -0.57222918  2.14078718
 -1.9030141  -0.94851942 -2.42522194 -2.31836519 -1.42071963 -2.8460845
  1.56255264  1.79190859  1.61097797  1.06077909  1.4301843  -2.33615831
 -2.69659991  1.74544563  0.99792315 -0.37382856 -2.5933167   1.62239568
 -1.22981366 -2.51762866  0.0886995 ]
Thu Jun 13 20:43:14 2024,184,0.15524238987758252,[-2.84999496  2.29182377 -1.71635364  0.15102673  0.46358266 -3.1122254
  3.12361965  2.09659963  1.07181388 -0.9918174   0.57042351  1.31595019
  1.35547764 -1.82756235  0.81714363  2.93537404 -0.46430333 -0.4588197
 -1.90248999  0.7166818   1.6521706   2.87097528 -1.35718817 -0.35429869
 -2.26682168 -2.0782374   3.10816333  2.78047791 -0.77103485 -2.6896252
  1.5399766  -0.21122789 -2.38144603  1.94333416  1.12295925 -0.58550061
  1.1407066  -1.98286195 -0.26994438  2.27618146 -0.13079926  0.56738998
  2.36454805  0.62962527  2.66485392  2.80689463  2.74677311 -2.9133867
  0.36251438 -0.42057219  1.66245239  2.97555062 -0.40073597 -2.38614311
  2.70513316 -3.18762191  0.64967412 -0.70988373 -1.73975956  3.10091656
 -1.96377006 -1.61336609 -2.56496727  2.38625467 -2.15120385  1.99874653
  1.79257746  1.43426294  2.53391384  2.93091297  1.9680193   1.48867513
 -1.72439797 -2.35739525  1.18606238  0.61166625  1.61245675 -2.7743097
 -0.15608274  2.43399735 -1.16363378  1.23741563  1.27821682  0.66443426
 -1.02141618  1.16116047  0.80800699 -0.33830716  2.79800758 -2.11618464
  1.56115833 -0.63164058  1.01600711 -3.2180711  -2.2107818   0.32935572
 -1.10330312 -0.40774348  0.33617322  0.01196491 -1.80025061 -0.19057327
 -0.61177178  2.89684536 -1.15604964 -1.21458502 -1.10774728  1.2505167
  1.63721113 -0.87130333  2.12113728 -1.70010368 -0.23207207 -0.86857094
 -3.01105114  3.019624   -1.74661005  3.01221361 -1.37467105 -2.53760955
  3.51631021 -1.11531587 -0.75026171 -2.90564181 -2.50342453  2.93302002
 -2.00379636 -1.68910606 -0.45469482  2.98621571  0.17589777  0.06389275
 -1.56038147 -0.15181266 -1.63172643 -3.00872479  2.93784439  1.18017135
 -0.33440473 -2.31857212  0.94625135 -1.19380648 -0.31910201 -2.15127582
 -1.97319304  1.8136577  -1.02735089  2.57801807 -0.53140062 -3.11371244
 -2.86625233  1.90365591 -3.08598198 -0.2722799  -0.98938801 -0.13441019
  2.39926393  1.78866887 -0.14497377 -2.07461792 -2.97860065  0.08498737
 -0.79859795  1.46670068 -2.52417069  0.95784669 -0.08770618  0.13155412
  2.01259549  0.65685892  0.77534202 -1.24772128  1.61199448  2.52840628
  1.2709494   0.24259902 -1.01363665  2.64520186  0.8391502  -2.16413646
  0.05263279  1.71280331  1.04469246 -0.62466617 -2.3347559   2.40091298
  2.03072841  1.6368711   2.25519834  1.80459239 -1.91705225 -2.84328941
  0.59943194  1.3935642  -2.39680347 -1.29841736  2.40440525  1.33967507
 -0.02435131 -1.71976897 -1.53368364  1.98560662  1.52948391 -0.81220783
 -0.13137749 -0.34284369 -0.19386797  2.41972058 -0.45993617 -0.65803497
  0.988306   -2.32382692  0.99276386  2.60382261 -0.57271419  2.14030217
 -1.90349911 -0.94900443 -2.42473693 -2.3188502  -1.42120464 -2.84656952
  1.56206762  1.79239361  1.61049296  1.0612641   1.43066931 -2.33664332
 -2.69611489  1.74593064  0.99840816 -0.37334355 -2.59283169  1.6228807
 -1.23029867 -2.51714365  0.08918451]
Thu Jun 13 20:43:29 2024,185,0.1552875149196697,[-2.84826072  2.29355801 -1.71808788  0.14929249  0.46184842 -3.11049116
  3.1253539   2.09833387  1.07354812 -0.99355165  0.56868927  1.31768443
  1.35721188 -1.82582811  0.81887787  2.9336398  -0.46256909 -0.45708546
 -1.90075574  0.71841604  1.65043636  2.86924104 -1.35545393 -0.35603293
 -2.26508744 -2.07997164  3.10989757  2.77874367 -0.7727691  -2.68789096
  1.54171084 -0.20949365 -2.37971179  1.9450684   1.12122501 -0.58376637
  1.13897236 -1.98459619 -0.27167862  2.2779157  -0.12906502  0.56912422
  2.36628229  0.62789103  2.66658816  2.80516039  2.74850735 -2.91165246
  0.36078014 -0.41883795  1.66418663  2.97381638 -0.40247021 -2.38440887
  2.70339892 -3.18935615  0.64793988 -0.70814949 -1.7414938   3.1026508
 -1.96203582 -1.61163185 -2.56323303  2.38452043 -2.15293809  1.99701229
  1.79084322  1.43599718  2.53564808  2.92917873  1.96975354  1.49040937
 -1.72613221 -2.35912949  1.18432814  0.60993201  1.61419099 -2.77604395
 -0.15781698  2.43573159 -1.16536802  1.23568139  1.27648258  0.66270002
 -1.01968194  1.15942623  0.80627275 -0.33657292  2.79974183 -2.11791888
  1.56289257 -0.62990634  1.01427287 -3.21633685 -2.20904756  0.32762148
 -1.10503736 -0.40947772  0.33790747  0.01369915 -1.80198485 -0.18883903
 -0.61003754  2.8985796  -1.15778388 -1.21285078 -1.10948152  1.24878246
  1.63547689 -0.87303757  2.12287152 -1.69836944 -0.23033783 -0.87030519
 -3.01278538  3.01788976 -1.74487581  3.01047937 -1.37640529 -2.53587531
  3.51457597 -1.11358163 -0.74852747 -2.90390757 -2.50169029  2.93128578
 -2.00206212 -1.6908403  -0.45296058  2.98794995  0.17416353  0.06215851
 -1.55864723 -0.1535469  -1.63346067 -3.01045903  2.93957863  1.18190559
 -0.33267049 -2.32030636  0.9445171  -1.19207224 -0.31736777 -2.15301006
 -1.97492728  1.81539194 -1.02561665  2.57975231 -0.53313486 -3.1119782
 -2.86798657  1.90539015 -3.08424774 -0.27054566 -0.98765377 -0.13267595
  2.40099817  1.78693463 -0.14323953 -2.07288368 -2.97686641  0.08672161
 -0.80033219  1.46843492 -2.52243645  0.95611244 -0.08597194  0.12981988
  2.01086125  0.65859316  0.77707626 -1.24598704  1.61026024  2.53014052
  1.27268364  0.24086478 -1.01537089  2.6469361   0.83741596 -2.1658707
  0.05089855  1.71106907  1.04295822 -0.62640041 -2.33302166  2.40264722
  2.03246265  1.63860534  2.2534641   1.80632663 -1.91878649 -2.84502365
  0.5976977   1.39182996 -2.39506923 -1.29668312  2.402671    1.33794083
 -0.02608555 -1.72150321 -1.53541788  1.98734086  1.53121815 -0.81047359
 -0.12964325 -0.34110945 -0.19560221  2.42145482 -0.45820193 -0.65630073
  0.99004024 -2.32209268  0.9944981   2.60555685 -0.57097995  2.13856793
 -1.90176487 -0.95073867 -2.42647117 -2.32058444 -1.42293889 -2.84483527
  1.56380186  1.79065936  1.60875872  1.06299834  1.42893507 -2.33837756
 -2.69784913  1.74766488  1.0001424  -0.37160931 -2.59456593  1.62114645
 -1.22856443 -2.51887789  0.08745027]
Thu Jun 13 20:43:48 2024,186,0.15456200178233656,[-2.84473215  2.29002945 -1.72161645  0.15282106  0.45831985 -3.10696259
  3.12888246  2.0948053   1.07707669 -0.99002308  0.5651607   1.321213
  1.36074045 -1.82935668  0.8153493   2.93716836 -0.46609766 -0.46061403
 -1.89722718  0.72194461  1.64690779  2.87276961 -1.3589825  -0.35250436
 -2.26861601 -2.07644307  3.11342614  2.78227224 -0.77629766 -2.69141953
  1.53818227 -0.21302222 -2.38324036  1.94859697  1.11769644 -0.5802378
  1.14250093 -1.98106762 -0.27520719  2.28144427 -0.12553645  0.56559565
  2.36275372  0.63141959  2.67011673  2.80868896  2.75203592 -2.90812389
  0.3643087  -0.41530938  1.6677152   2.97734495 -0.39894164 -2.38793744
  2.69987035 -3.18582758  0.64441131 -0.71167805 -1.74502237  3.10617937
 -1.96556439 -1.61516042 -2.55970446  2.38099187 -2.14940952  1.99348372
  1.78731465  1.43952575  2.53917665  2.92565016  1.97328211  1.4868808
 -1.72260364 -2.36265806  1.18079957  0.61346058  1.61771955 -2.77957251
 -0.16134555  2.43926016 -1.16183946  1.23215282  1.27295401  0.65917146
 -1.02321051  1.15589766  0.80274418 -0.34010149  2.80327039 -2.12144745
  1.559364   -0.63343491  1.01780144 -3.21986542 -2.20551899  0.32409291
 -1.10150879 -0.41300629  0.34143603  0.01722772 -1.79845628 -0.1923676
 -0.61356611  2.89505103 -1.15425531 -1.21637935 -1.11301009  1.25231103
  1.63900546 -0.869509    2.11934295 -1.69484087 -0.22680926 -0.87383375
 -3.00925682  3.01436119 -1.74134724  3.01400793 -1.37993386 -2.53234674
  3.5110474  -1.1171102  -0.7449989  -2.90743613 -2.50521886  2.92775721
 -2.00559069 -1.69436887 -0.44943201  2.99147852  0.1776921   0.05862994
 -1.5621758  -0.15707547 -1.63698924 -3.0139876   2.9431072   1.17837703
 -0.33619906 -2.31677779  0.94804567 -1.19560081 -0.32089634 -2.1494815
 -1.97845585  1.81892051 -1.02914522  2.58328088 -0.5296063  -3.11550677
 -2.864458    1.90186158 -3.08071917 -0.27407423 -0.99118234 -0.12914738
  2.40452674  1.7904632  -0.14676809 -2.06935511 -2.98039497  0.08319305
 -0.80386076  1.46490635 -2.51890788  0.95258388 -0.08244337  0.12629131
  2.01438982  0.65506459  0.78060483 -1.24245847  1.60673167  2.52661195
  1.26915507  0.23733621 -1.01184233  2.65046467  0.83388739 -2.16234213
  0.05442711  1.7075405   1.03942966 -0.62287185 -2.33655023  2.40617579
  2.02893408  1.63507677  2.24993553  1.80279806 -1.92231506 -2.84149508
  0.60122626  1.38830139 -2.39154066 -1.29315455  2.39914244  1.33441226
 -0.02255698 -1.72503178 -1.53894645  1.98381229  1.52768958 -0.80694502
 -0.13317182 -0.34463801 -0.19207364  2.42498339 -0.4617305  -0.6598293
  0.98651167 -2.31856411  0.99096953  2.60202828 -0.56745138  2.13503936
 -1.8982363  -0.9472101  -2.42999973 -2.31705587 -1.42646745 -2.84130671
  1.56733043  1.79418793  1.60523015  1.05946977  1.43246364 -2.34190613
 -2.69432057  1.74413631  1.00367097 -0.36808074 -2.5980945   1.62467502
 -1.232093   -2.51534933  0.0839217 ]
Thu Jun 13 20:44:02 2024,187,0.15339573120520406,[-2.84846293  2.28629866 -1.71788567  0.15655184  0.46205064 -3.10323181
  3.13261324  2.09853608  1.08080747 -0.99375386  0.56142992  1.32494378
  1.35700967 -1.83308746  0.81161852  2.93343758 -0.46236688 -0.45688325
 -1.8934964   0.71821383  1.65063857  2.86903883 -1.35525171 -0.35623514
 -2.27234679 -2.07271229  3.11715692  2.78600302 -0.77256688 -2.69515031
  1.54191305 -0.216753   -2.38697114  1.94486618  1.11396566 -0.57650702
  1.13877015 -1.97733684 -0.27147641  2.27771349 -0.12180567  0.56186487
  2.35902294  0.62768881  2.66638594  2.81241974  2.74830514 -2.91185467
  0.36057792 -0.41904016  1.66398442  2.98107573 -0.39521086 -2.39166822
  2.70360113 -3.1820968   0.64068053 -0.71540884 -1.74875315  3.10244858
 -1.96929517 -1.6188912  -2.55597368  2.37726108 -2.1531403   1.98975294
  1.78358387  1.44325653  2.54290743  2.92191938  1.97701289  1.49061159
 -1.72633442 -2.35892728  1.18453035  0.6097298   1.62145034 -2.78330329
 -0.16507633  2.44299094 -1.15810868  1.23588361  1.27668479  0.65544067
 -1.01947973  1.15216688  0.7990134  -0.34383227  2.79953961 -2.11771667
  1.56309478 -0.63716569  1.02153222 -3.2235962  -2.20178821  0.32036213
 -1.10523957 -0.40927551  0.33770525  0.0209585  -1.80218706 -0.19609838
 -0.61729689  2.89132025 -1.15798609 -1.22011013 -1.10927931  1.24858025
  1.63527468 -0.86577822  2.11561217 -1.69111009 -0.22307848 -0.87756454
 -3.00552604  3.01063041 -1.73761646  3.01773872 -1.37620308 -2.52861596
  3.51477818 -1.11337942 -0.74872968 -2.91116692 -2.50148808  2.92402643
 -2.00185991 -1.69063809 -0.44570123  2.9952093   0.17396132  0.05489916
 -1.56590658 -0.15334469 -1.64072002 -3.01771838  2.94683798  1.17464624
 -0.33246828 -2.31304701  0.95177645 -1.19187003 -0.32462712 -2.14575072
 -1.97472506  1.82265129 -1.02541444  2.5795501  -0.52587551 -3.11177599
 -2.86818878  1.90559236 -3.08444995 -0.27034345 -0.99491312 -0.13287816
  2.40825752  1.79419398 -0.14303731 -2.07308589 -2.98412576  0.08692383
 -0.80759154  1.46117557 -2.5151771   0.95631466 -0.07871259  0.1300221
  2.01065904  0.65879537  0.77687405 -1.23872769  1.61046245  2.53034273
  1.27288585  0.23360543 -1.01557311  2.65419545  0.83015661 -2.15861135
  0.0581579   1.70380972  1.04316044 -0.62660263 -2.33281944  2.40990657
  2.03266486  1.63880756  2.25366631  1.79906728 -1.92604584 -2.8377643
  0.59749548  1.38457061 -2.38780988 -1.28942377  2.39541165  1.33068148
 -0.0188262  -1.72876256 -1.53521567  1.98008151  1.53142036 -0.8106758
 -0.1369026  -0.34090723 -0.18834286  2.42871417 -0.46546128 -0.66356008
  0.99024245 -2.3222949   0.99470031  2.5982975  -0.5637206   2.13877014
 -1.90196708 -0.94347932 -2.42626895 -2.32078665 -1.43019824 -2.83757592
  1.57106121  1.79791871  1.60896094  1.06320055  1.43619442 -2.34563691
 -2.69058979  1.74040553  0.99994019 -0.37181153 -2.59436371  1.6284058
 -1.23582378 -2.51908011  0.08765248]
Thu Jun 13 20:44:31 2024,188,0.1533294565484549,[-2.84894162  2.28677736 -1.71836436  0.15703053  0.46252933 -3.10275311
  3.13213455  2.09901477  1.08128616 -0.99423255  0.56095122  1.32542247
  1.35653097 -1.83260877  0.81209722  2.93391628 -0.46188818 -0.45736194
 -1.89397509  0.71773514  1.65015987  2.86856013 -1.35477302 -0.35671384
 -2.2718681  -2.07319098  3.11763561  2.78552432 -0.77304558 -2.69467162
  1.54239175 -0.21627431 -2.38649244  1.94438749  1.11444436 -0.57698571
  1.13924884 -1.97685814 -0.27099771  2.27819218 -0.12132698  0.56234356
  2.35854425  0.62816751  2.66590725  2.81289843  2.74782644 -2.91137597
  0.36009923 -0.41951885  1.66446311  2.98059704 -0.39473217 -2.39214691
  2.70312244 -3.18257549  0.64115923 -0.71493014 -1.74923185  3.10292728
 -1.96881648 -1.6184125  -2.55645237  2.37773978 -2.15266161  1.99023163
  1.78406257  1.44277783  2.54242874  2.92144069  1.97749158  1.49013289
 -1.72681312 -2.35940597  1.18405166  0.61020849  1.62097164 -2.7828246
 -0.16459764  2.44346964 -1.15762998  1.2363623   1.27716348  0.65591937
 -1.01995842  1.15168818  0.7985347  -0.34431096  2.80001831 -2.11819536
  1.56357348 -0.636687    1.02105352 -3.2240749  -2.20130952  0.31988344
 -1.10571827 -0.4097542   0.33818395  0.0214372  -1.80170837 -0.19657708
 -0.6168182   2.89084156 -1.1575074  -1.22058882 -1.10880061  1.24810155
  1.63479598 -0.86529953  2.11513348 -1.69063139 -0.22259978 -0.87708584
 -3.00504734  3.01015172 -1.73713776  3.01821741 -1.37668178 -2.52813727
  3.51525688 -1.11385811 -0.74920838 -2.91164561 -2.50196677  2.92450512
 -2.00138121 -1.69111678 -0.44617993  2.995688    0.17348262  0.05442046
 -1.56638528 -0.15382338 -1.64119871 -3.01723969  2.94635929  1.17512494
 -0.33198959 -2.31256832  0.95129776 -1.19234872 -0.32414842 -2.14527202
 -1.97520376  1.82217259 -1.02493574  2.58002879 -0.52635421 -3.11129729
 -2.86866748  1.90607106 -3.08492865 -0.26986475 -0.99539181 -0.13335686
  2.40777882  1.79371529 -0.14351601 -2.0726072  -2.98364706  0.08740252
 -0.80711285  1.46165426 -2.51565579  0.95583596 -0.07919128  0.13050079
  2.01018034  0.65927407  0.77639536 -1.23920638  1.61094115  2.52986404
  1.27240716  0.23312674 -1.0160518   2.65371675  0.8306353  -2.15909004
  0.05863659  1.70428842  1.04363913 -0.62612393 -2.33234075  2.40942787
  2.03314356  1.63928625  2.25414501  1.79858859 -1.92556715 -2.83824299
  0.59797418  1.3850493  -2.38828858 -1.28990246  2.39493296  1.33020279
 -0.01834751 -1.72924126 -1.53473698  1.97960281  1.53189906 -0.81115449
 -0.1373813  -0.34042854 -0.18786417  2.42823547 -0.46593997 -0.66403877
  0.99072114 -2.32277359  0.99422162  2.5987762  -0.56324191  2.13924884
 -1.90244578 -0.94395802 -2.42674765 -2.32126535 -1.42971954 -2.83805462
  1.57058252  1.79744002  1.60943963  1.06272186  1.43571572 -2.34611561
 -2.69106848  1.74088423  1.00041888 -0.37229022 -2.59388502  1.62792711
 -1.23534509 -2.51860141  0.08717379]
Thu Jun 13 20:44:49 2024,189,0.15283376498544543,[-2.84541669  2.28325242 -1.71483943  0.15350559  0.45900439 -3.09922817
  3.13565949  2.09548984  1.0848111  -0.99775749  0.55742629  1.32189754
  1.36005591 -1.82908383  0.80857228  2.93744121 -0.46541312 -0.453837
 -1.89750003  0.72126007  1.64663494  2.86503519 -1.35124808 -0.3531889
 -2.26834316 -2.07671592  3.11411068  2.78904926 -0.77657051 -2.69114668
  1.54591668 -0.21274937 -2.39001738  1.94086255  1.11796929 -0.58051065
  1.14277378 -1.98038308 -0.26747277  2.27466724 -0.12485192  0.55881863
  2.35501931  0.63169244  2.66238231  2.80937349  2.74430151 -2.90785104
  0.36362417 -0.42304379  1.66093817  2.98412197 -0.39120723 -2.39567185
  2.70664737 -3.18610043  0.63763429 -0.7114052  -1.74570691  3.09940234
 -1.97234142 -1.62193744 -2.55292744  2.37421484 -2.14913667  1.9867067
  1.78053763  1.4392529   2.54595367  2.91791575  1.97396664  1.49365783
 -1.73033805 -2.35588103  1.18757659  0.60668355  1.62449658 -2.78634954
 -0.1610727   2.44699457 -1.15410504  1.23283736  1.27363855  0.65239443
 -1.01643349  1.15521312  0.80205964 -0.34078603  2.79649337 -2.1217203
  1.56004854 -0.63316206  1.02457846 -3.22759984 -2.19778458  0.32340838
 -1.10219333 -0.40622926  0.33465901  0.02496213 -1.8052333  -0.19305214
 -0.62034313  2.88731662 -1.16103234 -1.21706388 -1.11232555  1.25162649
  1.63832092 -0.86882446  2.11865841 -1.69415633 -0.22612472 -0.8735609
 -3.00857228  3.01367666 -1.7406627   3.02174235 -1.38020671 -2.52461233
  3.51878181 -1.11738305 -0.74568344 -2.91517055 -2.49844184  2.92803006
 -1.99785628 -1.69464172 -0.44970486  2.99216306  0.16995768  0.0579454
 -1.56991021 -0.15734832 -1.64472365 -3.02076463  2.94283435  1.17864988
 -0.32846465 -2.30904338  0.9548227  -1.19587366 -0.32062349 -2.14879696
 -1.97167882  1.82569753 -1.02846068  2.58355373 -0.52282927 -3.10777236
 -2.87219242  1.90959599 -3.08140371 -0.27338969 -0.99186688 -0.12983192
  2.41130376  1.79724022 -0.14704094 -2.07613214 -2.98012212  0.08387758
 -0.81063779  1.4651792  -2.51918073  0.95231103 -0.07566635  0.12697585
  2.01370528  0.65574913  0.77992029 -1.23568144  1.61446609  2.5263391
  1.26888222  0.23665167 -1.01957674  2.65724169  0.83416024 -2.16261498
  0.05511165  1.70781335  1.04716407 -0.622599   -2.33586569  2.40590294
  2.03666849  1.63576131  2.25766994  1.79506365 -1.92909208 -2.84176793
  0.60149911  1.38857424 -2.39181351 -1.2934274   2.39140802  1.32667785
 -0.01482257 -1.72571632 -1.53121204  1.98312775  1.52837412 -0.80762956
 -0.13385636 -0.34395348 -0.1913891   2.42471054 -0.46241503 -0.66051384
  0.99424608 -2.31924865  0.99069668  2.59525126 -0.55971697  2.14277377
 -1.90597071 -0.94043308 -2.42322271 -2.32479028 -1.43324448 -2.84157956
  1.56705758  1.80096496  1.60591469  1.0662468   1.43924066 -2.34259067
 -2.69459342  1.73735929  1.00394382 -0.36876528 -2.59036008  1.62440217
 -1.23182015 -2.52212635  0.08364885]
Thu Jun 13 20:45:03 2024,190,0.15286897694718843,[-2.84640852  2.28424426 -1.71583126  0.15449743  0.45999623 -3.10022001
  3.13665132  2.09648167  1.08381926 -0.99874933  0.55643445  1.32288937
  1.35906407 -1.828092    0.80956411  2.93843305 -0.46640496 -0.45284517
 -1.89650819  0.72225191  1.64762677  2.86602703 -1.35223992 -0.35219707
 -2.26735132 -2.07770775  3.11510251  2.78805743 -0.77756235 -2.69213851
  1.54690852 -0.21374121 -2.38902554  1.94185439  1.11896113 -0.58150249
  1.14178194 -1.97939124 -0.26846461  2.27565908 -0.12386008  0.55981046
  2.35402748  0.63070061  2.66139048  2.80838166  2.74330967 -2.90884287
  0.364616   -0.42403563  1.65994634  2.98313014 -0.3902154  -2.39666368
  2.70763921 -3.18510859  0.63664245 -0.71041337 -1.74669874  3.0984105
 -1.97333325 -1.62094561 -2.5519356   2.37322301 -2.14814484  1.98769853
  1.77954579  1.44024473  2.54694551  2.91692391  1.97297481  1.49464966
 -1.73132989 -2.3548892   1.18658476  0.60569172  1.62350474 -2.7853577
 -0.16206454  2.44600274 -1.15311321  1.2338292   1.27264671  0.65140259
 -1.01544165  1.15620496  0.80305148 -0.33979419  2.79748521 -2.12072846
  1.55905671 -0.63217022  1.0255703  -3.226608   -2.19877642  0.32241654
 -1.10120149 -0.4072211   0.33565085  0.0239703  -1.80424147 -0.19404398
 -0.6193513   2.88632478 -1.16202417 -1.21607205 -1.11133371  1.25261832
  1.63931276 -0.8698163   2.11766658 -1.69514816 -0.22513288 -0.87256907
 -3.00956411  3.01466849 -1.74165454  3.02075051 -1.38119855 -2.52560417
  3.51977365 -1.11837488 -0.7446916  -2.91616238 -2.49745     2.9290219
 -1.99686444 -1.69563355 -0.44871303  2.99117123  0.16896585  0.05695356
 -1.56891838 -0.15834016 -1.64571548 -3.02175646  2.94184251  1.17964171
 -0.32747281 -2.30805155  0.95383086 -1.19488182 -0.32161532 -2.14780512
 -1.97068699  1.82668937 -1.02945252  2.58256189 -0.52183743 -3.10678052
 -2.87318425  1.91058783 -3.08041187 -0.27239786 -0.99285871 -0.13082376
  2.41031193  1.79823206 -0.14604911 -2.0751403  -2.98111396  0.08486942
 -0.81162962  1.46617103 -2.52017257  0.95330286 -0.07467451  0.12598402
  2.01271344  0.65475729  0.78091213 -1.23468961  1.61545792  2.52534726
  1.26987406  0.23565984 -1.02056857  2.65624986  0.8331684  -2.16360682
  0.05411982  1.70880519  1.0481559  -0.62160716 -2.33487385  2.4049111
  2.03567666  1.63675315  2.25866178  1.79605548 -1.92810025 -2.84275976
  0.60050728  1.38956608 -2.39082168 -1.29243556  2.39041619  1.32766968
 -0.01383073 -1.72472449 -1.5302202   1.98411959  1.52738228 -0.80862139
 -0.13484819 -0.34494531 -0.19039727  2.42570237 -0.4614232  -0.66150567
  0.99523792 -2.31825682  0.98970484  2.59425942 -0.56070881  2.14376561
 -1.90497888 -0.93944124 -2.42223087 -2.32379845 -1.43225264 -2.84257139
  1.56606575  1.79997312  1.60690653  1.06723863  1.43824882 -2.34358251
 -2.69558525  1.73835113  1.00493565 -0.36777345 -2.59135192  1.62539401
 -1.23082831 -2.52113451  0.08464069]
Thu Jun 13 20:45:17 2024,191,0.152859554773405,[-2.84603681  2.28387255 -1.71545955  0.15412572  0.46036794 -3.0998483
  3.13627961  2.09685338  1.08419097 -0.99912103  0.55680616  1.32251766
  1.35943578 -1.82772029  0.80993582  2.93806134 -0.46603325 -0.45247346
 -1.8968799   0.7218802   1.64799848  2.86565532 -1.35186821 -0.35256877
 -2.26697961 -2.07733605  3.11547422  2.78842913 -0.77719064 -2.69251022
  1.54653681 -0.2133695  -2.38865384  1.94148268  1.11933284 -0.58187419
  1.14215365 -1.97901954 -0.26883632  2.27603079 -0.12423179  0.56018217
  2.35365577  0.6303289   2.66101877  2.80800995  2.74293796 -2.90921458
  0.36424429 -0.42440733  1.66031805  2.98350185 -0.38984369 -2.39703539
  2.7072675  -3.18473688  0.63701416 -0.71078508 -1.74632704  3.0980388
 -1.97296154 -1.6205739  -2.55156389  2.3728513  -2.14851655  1.98807024
  1.7799175   1.43987302  2.54731722  2.91729562  1.9726031   1.49427796
 -1.7317016  -2.35526091  1.18695647  0.60606343  1.62387645 -2.78498599
 -0.16169283  2.44563103 -1.1527415   1.23420091  1.27301842  0.6517743
 -1.01506994  1.15583325  0.80267977 -0.3401659   2.79785691 -2.12110017
  1.558685   -0.63254193  1.02519859 -3.22697971 -2.19914812  0.32278825
 -1.10082979 -0.40759281  0.33527914  0.02434201 -1.80386976 -0.19441568
 -0.61897959  2.88669649 -1.16165246 -1.21570034 -1.11170542  1.25224662
  1.63894105 -0.87018801  2.11729487 -1.69477646 -0.22550459 -0.87294078
 -3.00993582  3.01429678 -1.74202624  3.02112222 -1.38082684 -2.52523246
  3.51940194 -1.11800318 -0.74506331 -2.91653409 -2.49707829  2.92865019
 -1.99723615 -1.69600526 -0.44908474  2.99079952  0.16933756  0.05658186
 -1.56854667 -0.15871187 -1.64608719 -3.02212817  2.9414708   1.17927
 -0.3271011  -2.30767984  0.95420257 -1.19451011 -0.32124361 -2.14817683
 -1.97031528  1.82631766 -1.02982422  2.5829336  -0.52146573 -3.10715223
 -2.87355596  1.91021612 -3.08078358 -0.27276956 -0.992487   -0.13045205
  2.40994022  1.79860377 -0.1456774  -2.07551201 -2.98148567  0.08449771
 -0.81200133  1.46654274 -2.51980086  0.95367457 -0.07504622  0.12635573
  2.01234174  0.65438558  0.78128384 -1.23506132  1.61508621  2.52571897
  1.26950235  0.23603155 -1.02094028  2.65662156  0.83354011 -2.16323511
  0.05449153  1.70843348  1.04778419 -0.62197887 -2.33450214  2.40528281
  2.03604837  1.63712486  2.25829007  1.79568378 -1.92847196 -2.84313147
  0.60013557  1.38993779 -2.39044997 -1.29280727  2.3907879   1.32804139
 -0.01420244 -1.72435278 -1.52984849  1.98374788  1.52775399 -0.8089931
 -0.13447649 -0.34531702 -0.19076898  2.42533066 -0.46105149 -0.66187738
  0.99486621 -2.31788511  0.98933313  2.59388771 -0.56108052  2.14413732
 -1.90460717 -0.93981295 -2.42185917 -2.32342674 -1.43262435 -2.8429431
  1.56643746  1.79960141  1.60653482  1.06686692  1.43862053 -2.3432108
 -2.69595696  1.73797942  1.00530736 -0.36814516 -2.59172363  1.62576572
 -1.23120002 -2.52150622  0.0850124 ]
Thu Jun 13 20:45:31 2024,192,0.1511773001384153,[-2.85262057  2.27728879 -1.7088758   0.16070948  0.45378418 -3.10643206
  3.14286337  2.09026963  1.09077473 -1.00570479  0.55022241  1.31593391
  1.35285203 -1.82113653  0.81651958  2.94464509 -0.45944949 -0.45905721
 -1.90346365  0.72846395  1.65458224  2.87223908 -1.35845197 -0.35915253
 -2.26039586 -2.0839198   3.10889047  2.78184538 -0.78377439 -2.69909398
  1.53995306 -0.21995325 -2.39523759  1.93489893  1.12591659 -0.58845795
  1.1355699  -1.97243578 -0.27542007  2.28261454 -0.13081554  0.55359842
  2.36023952  0.62374514  2.65443502  2.8014262   2.74952172 -2.91579834
  0.35766054 -0.41782358  1.65373429  2.97691809 -0.39642744 -2.39045164
  2.70068374 -3.17815313  0.64359792 -0.71736883 -1.73974328  3.09145504
 -1.96637779 -1.62715765 -2.54498014  2.37943505 -2.14193279  1.98148649
  1.77333375  1.44645678  2.54073346  2.91071187  1.96601935  1.50086171
 -1.73828535 -2.36184466  1.19354022  0.59947967  1.6172927  -2.77840224
 -0.16827658  2.45221478 -1.15932525  1.22761715  1.27960217  0.65835806
 -1.0216537   1.14924949  0.80926352 -0.33358214  2.80444067 -2.11451641
  1.55210124 -0.63912569  1.03178234 -3.23356346 -2.20573188  0.31620449
 -1.10741354 -0.41417656  0.32869538  0.03092576 -1.81045351 -0.20099944
 -0.61239584  2.88011274 -1.15506871 -1.22228409 -1.10512167  1.25883037
  1.6455248  -0.86360425  2.11071111 -1.6881927  -0.23208835 -0.87952453
 -3.01651958  3.02088054 -1.73544249  3.02770597 -1.38741059 -2.53181621
  3.52598569 -1.12458693 -0.73847956 -2.90995034 -2.50366205  2.93523394
 -1.99065239 -1.70258901 -0.44250098  2.98421576  0.1627538   0.06316561
 -1.57513042 -0.15212811 -1.63950344 -3.01554442  2.94805456  1.18585376
 -0.32051735 -2.31426359  0.96078632 -1.20109387 -0.32782737 -2.14159308
 -1.97689903  1.83290141 -1.02324047  2.58951736 -0.51488197 -3.11373598
 -2.88013971  1.91679988 -3.07419983 -0.26618581 -0.98590325 -0.12386829
  2.40335646  1.80518752 -0.13909365 -2.06892825 -2.97490191  0.07791396
 -0.80541758  1.45995899 -2.52638461  0.94709082 -0.08162997  0.11977197
  2.00575798  0.66096934  0.77470008 -1.24164507  1.62166997  2.53230273
  1.26291859  0.2426153  -1.01435653  2.65003781  0.84012387 -2.15665135
  0.06107528  1.71501723  1.04120044 -0.62856262 -2.3410859   2.39869906
  2.02946461  1.64370861  2.25170632  1.80226753 -1.93505571 -2.83654772
  0.60671932  1.38335403 -2.39703372 -1.29939103  2.39737165  1.33462515
 -0.00761869 -1.73093653 -1.52326474  1.97716412  1.53433775 -0.80240935
 -0.12789273 -0.33873327 -0.19735273  2.43191442 -0.46763524 -0.65529363
  1.00144996 -2.31130135  0.98274938  2.60047147 -0.55449676  2.15072107
 -1.91119092 -0.9332292  -2.41527541 -2.33001049 -1.43920811 -2.84952685
  1.57302121  1.79301766  1.61311857  1.07345068  1.43203678 -2.34979455
 -2.68937321  1.74456317  0.99872361 -0.3615614  -2.59830738  1.63234947
 -1.22461627 -2.51492247  0.09159615]
Thu Jun 13 20:45:44 2024,193,0.15119280265708163,[-2.85189319  2.27656142 -1.70814842  0.1599821   0.45451156 -3.10715943
  3.14359075  2.08954225  1.09004735 -1.00643217  0.54949503  1.31666129
  1.35357941 -1.82186391  0.81724695  2.94391772 -0.45872212 -0.45978459
 -1.90419103  0.72773658  1.65530961  2.87296645 -1.35917934 -0.35987991
 -2.25966848 -2.08319242  3.10816309  2.781118   -0.78450177 -2.69982135
  1.54068043 -0.22068063 -2.39596497  1.9356263   1.12518922 -0.58918533
  1.13484252 -1.97316316 -0.2746927   2.28188716 -0.13154292  0.55432579
  2.3609669   0.62447252  2.65370764  2.80215357  2.74879434 -2.91507096
  0.35693316 -0.4170962   1.65300691  2.97619071 -0.39570006 -2.38972426
  2.70141112 -3.17888051  0.64287054 -0.71664145 -1.74047066  3.09072767
 -1.96565041 -1.62643027 -2.54425276  2.38016243 -2.14120541  1.98075911
  1.77406113  1.4457294   2.54146084  2.90998449  1.96529197  1.50158909
 -1.73755797 -2.36257204  1.19281284  0.60020705  1.61656532 -2.77912962
 -0.16754921  2.45148741 -1.15859788  1.22834453  1.2788748   0.65908543
 -1.02092632  1.14852212  0.8099909  -0.33430952  2.80371329 -2.11524379
  1.55137387 -0.63985306  1.03105497 -3.23283609 -2.20645926  0.31547712
 -1.10814092 -0.41490394  0.32942276  0.03165314 -1.81118089 -0.20027206
 -0.61166846  2.88084011 -1.15579609 -1.22155672 -1.10584904  1.25810299
  1.64479743 -0.86287688  2.10998374 -1.68892008 -0.23281572 -0.87879715
 -3.0157922   3.02015316 -1.73616987  3.0269786  -1.38813797 -2.53108884
  3.52671307 -1.12385955 -0.73920694 -2.90922296 -2.50438942  2.93596132
 -1.99137977 -1.70331639 -0.4417736   2.98494314  0.16348118  0.06243823
 -1.5758578  -0.15140073 -1.63877606 -3.01627179  2.94878194  1.18512638
 -0.31978997 -2.31353621  0.96005895 -1.20036649 -0.32709999 -2.14232045
 -1.97762641  1.83362879 -1.02396785  2.59024473 -0.51415459 -3.11300861
 -2.88086709  1.91752725 -3.07347245 -0.26545843 -0.98517587 -0.12459567
  2.40262909  1.80446015 -0.13982102 -2.06965563 -2.97417454  0.07718658
 -0.8046902   1.45923161 -2.52711199  0.94781819 -0.0809026   0.11904459
  2.00648536  0.66169672  0.77397271 -1.24091769  1.62094259  2.53157535
  1.26219122  0.24334268 -1.01508391  2.65076519  0.84085124 -2.15592398
  0.0603479   1.71574461  1.04192782 -0.62783525 -2.34035852  2.39797168
  2.02873723  1.64443599  2.25097894  1.80154015 -1.93432833 -2.8372751
  0.60599195  1.38408141 -2.39630635 -1.3001184   2.39664427  1.33535252
 -0.00834606 -1.73020915 -1.52399212  1.97643675  1.53506512 -0.80168197
 -0.12716535 -0.33946064 -0.19808011  2.43264179 -0.46836262 -0.65456625
  1.00072259 -2.31202873  0.98347676  2.59974409 -0.55376939  2.1499937
 -1.9119183  -0.93250182 -2.41454803 -2.33073787 -1.43848073 -2.85025423
  1.57374859  1.79374504  1.6123912   1.07417805  1.43276416 -2.34906718
 -2.69010058  1.74529055  0.99799623 -0.36083402 -2.59903476  1.63307685
 -1.22534365 -2.51419509  0.09232353]
Thu Jun 13 20:45:58 2024,194,0.15100452481475424,[-2.85536691  2.28003514 -1.7046747   0.16345582  0.45798528 -3.11063315
  3.14706447  2.09301597  1.09352107 -1.00990589  0.54602131  1.31318757
  1.35010569 -1.82533763  0.82072067  2.940444   -0.46219584 -0.45631087
 -1.90071731  0.72426286  1.65878333  2.86949273 -1.36265306 -0.36335363
 -2.25619476 -2.08666614  3.11163681  2.77764428 -0.78797549 -2.69634763
  1.54415415 -0.22415435 -2.39249125  1.93215258  1.1217155  -0.58571161
  1.13831624 -1.97663688 -0.27816642  2.28536088 -0.1280692   0.55779951
  2.36444062  0.62794624  2.65023392  2.79867985  2.74532062 -2.91854468
  0.35345944 -0.42056992  1.65648063  2.97966443 -0.39917378 -2.38625054
  2.70488484 -3.18235423  0.63939682 -0.72011517 -1.74394438  3.08725395
 -1.96912413 -1.62990399 -2.54077904  2.37668871 -2.13773169  1.97728539
  1.77753485  1.44920312  2.53798712  2.91345821  1.96181825  1.49811537
 -1.73408425 -2.36604576  1.19628656  0.59673333  1.6130916  -2.78260334
 -0.16407549  2.44801369 -1.15512416  1.23181825  1.27540108  0.66255915
 -1.0174526   1.1450484   0.80651718 -0.33778324  2.80023957 -2.11871751
  1.54790015 -0.64332678  1.02758125 -3.23630981 -2.20993298  0.3120034
 -1.1046672  -0.41837766  0.33289648  0.02817942 -1.80770717 -0.19679834
 -0.60819474  2.88431383 -1.15926981 -1.218083   -1.10932276  1.25462927
  1.64827115 -0.8663506   2.10651002 -1.6923938  -0.23628944 -0.87532343
 -3.01926592  3.02362688 -1.73269615  3.02350488 -1.39161169 -2.52761512
  3.52323935 -1.12733327 -0.73573322 -2.91269668 -2.5009157   2.93943504
 -1.99485349 -1.70679011 -0.44524732  2.98841686  0.1669549   0.05896451
 -1.57238408 -0.14792701 -1.63530234 -3.01974551  2.95225566  1.1886001
 -0.32326369 -2.31700993  0.96353267 -1.19689277 -0.32362627 -2.13884673
 -1.98110013  1.83015507 -1.02744157  2.59371845 -0.51068088 -3.11648233
 -2.87739337  1.91405353 -3.06999873 -0.26893215 -0.98170215 -0.12806939
  2.40610281  1.80098643 -0.1363473  -2.06618191 -2.97764826  0.0806603
 -0.80816392  1.45575789 -2.53058571  0.94434447 -0.08437632  0.12251831
  2.00301164  0.66517044  0.77049899 -1.23744397  1.62441631  2.53504907
  1.26566494  0.2468164  -1.01161019  2.65423891  0.83737752 -2.1593977
  0.05687418  1.71921833  1.04540154 -0.63130897 -2.34383224  2.4014454
  2.02526351  1.64790971  2.24750522  1.80501387 -1.93780205 -2.83380138
  0.60251823  1.38060769 -2.39283263 -1.30359212  2.40011799  1.3318788
 -0.01181978 -1.72673543 -1.52746584  1.97991047  1.53853884 -0.79820825
 -0.13063907 -0.33598692 -0.19460639  2.43611551 -0.4648889  -0.65803997
  1.00419631 -2.31550245  0.98000304  2.59627037 -0.55029567  2.15346742
 -1.90844458 -0.93597554 -2.41107431 -2.33421159 -1.44195445 -2.84678051
  1.57027487  1.79721876  1.60891748  1.07070433  1.42929044 -2.3525409
 -2.6935743   1.74181683  0.99452251 -0.3573603  -2.60250848  1.63655057
 -1.22881737 -2.51766881  0.08884981]
Thu Jun 13 20:46:12 2024,195,0.1504004489267587,[-2.85956518  2.27583687 -1.70887297  0.16765408  0.46218355 -3.11483142
  3.1428662   2.09721424  1.0893228  -1.00570762  0.55021957  1.3089893
  1.35430395 -1.8295359   0.81652241  2.94464226 -0.45799757 -0.45211261
 -1.90491558  0.72846112  1.6629816   2.86529447 -1.36685133 -0.35915536
 -2.2519965  -2.09086441  3.11583508  2.78184255 -0.78377723 -2.69214937
  1.53995589 -0.21995608 -2.39668951  1.93635085  1.11751723 -0.58151334
  1.13411797 -1.97243861 -0.27396815  2.28955915 -0.12387093  0.55360125
  2.36024235  0.62374798  2.64603565  2.80287812  2.74951889 -2.91434641
  0.35765771 -0.42476819  1.6606789   2.97546617 -0.39497552 -2.39044881
  2.70908311 -3.17815596  0.63519856 -0.72431344 -1.73974611  3.09145221
 -1.96492587 -1.63410226 -2.53658078  2.37249044 -2.14192996  1.98148366
  1.78173311  1.45340139  2.53378885  2.91765648  1.95761998  1.50231363
 -1.72988599 -2.36184749  1.20048483  0.59253506  1.60889334 -2.7868016
 -0.15987722  2.45221195 -1.15932242  1.23601651  1.27120281  0.65836089
 -1.02165087  1.14924666  0.81071544 -0.33358498  2.80443784 -2.12291578
  1.54370188 -0.63912852  1.03177951 -3.23211154 -2.21413124  0.30780513
 -1.10046893 -0.41417939  0.33709474  0.03237768 -1.8035089  -0.20099661
 -0.60399647  2.88011557 -1.16346807 -1.21388473 -1.1051245   1.25043101
  1.64407288 -0.87054886  2.11070828 -1.68819553 -0.24048771 -0.87112517
 -3.02346419  3.02782515 -1.73689441  3.01930661 -1.38741343 -2.53181338
  3.51904109 -1.13153154 -0.73153495 -2.90849841 -2.49671744  2.93523677
 -1.99065523 -1.71098838 -0.44104906  2.98421859  0.17115317  0.05476625
 -1.56818581 -0.14372875 -1.63110408 -3.02394378  2.94805739  1.19279837
 -0.31906543 -2.31281167  0.96773093 -1.1926945  -0.319428   -2.143045
 -1.98529839  1.8259568  -1.0232433   2.58952019 -0.50648261 -3.12068059
 -2.88159164  1.9182518  -3.06580047 -0.26473389 -0.97750389 -0.13226766
  2.40190454  1.79678816 -0.13214904 -2.06198365 -2.97344999  0.08485857
 -0.80396565  1.45995616 -2.53478397  0.94014621 -0.08857458  0.12671658
  2.0072099   0.66097217  0.77469725 -1.23324571  1.62861458  2.53924733
  1.26146667  0.25101466 -1.00741192  2.65004064  0.83317926 -2.16359596
  0.05267592  1.7234166   1.0495998  -0.63550723 -2.34803051  2.39724713
  2.02106525  1.65210797  2.24330695  1.80081561 -1.94200032 -2.83799964
  0.59831996  1.37640942 -2.39703089 -1.30779039  2.40431626  1.32768054
 -0.00762152 -1.7309337  -1.52326757  1.98410873  1.53434058 -0.79400999
 -0.12644081 -0.34018519 -0.19880465  2.43191725 -0.46908717 -0.66223823
  1.00839457 -2.31970072  0.97580477  2.59207211 -0.5460974   2.14926915
 -1.91264284 -0.94017381 -2.41527258 -2.33001333 -1.43775618 -2.85097878
  1.5660766   1.79302049  1.60471921  1.06650607  1.4334887  -2.35673916
 -2.68937604  1.74601509  0.99872077 -0.36155857 -2.60670674  1.6323523
 -1.23301563 -2.51347055  0.08465154]
Thu Jun 13 20:46:26 2024,196,0.14989119540528684,[-2.8636784   2.27172364 -1.70475974  0.17176731  0.46629677 -3.11071819
  3.14697943  2.10132746  1.08520958 -1.00159439  0.5543328   1.31310253
  1.35841718 -1.82542267  0.81240918  2.94052904 -0.4621108  -0.44799938
 -1.90080235  0.73257435  1.65886837  2.8694077  -1.37096456 -0.36326859
 -2.24788327 -2.08675118  3.1199483   2.77772932 -0.779664   -2.68803614
  1.54406912 -0.22406931 -2.39257629  1.93223762  1.12163046 -0.58562657
  1.13000475 -1.96832539 -0.27808138  2.29367238 -0.12798416  0.55771448
  2.36435558  0.61963475  2.65014888  2.79876489  2.75363211 -2.91023319
  0.36177093 -0.42065496  1.66479213  2.97135294 -0.39908875 -2.39456203
  2.70496988 -3.17404273  0.63108533 -0.72842667 -1.73563289  3.09556544
 -1.96903909 -1.63821549 -2.540694    2.37660367 -2.13781673  1.98559688
  1.77761988  1.44928816  2.52967563  2.91354325  1.96173321  1.4982004
 -1.73399922 -2.35773426  1.20459806  0.59664829  1.61300656 -2.78268837
 -0.16399045  2.45632518 -1.1552092   1.24012974  1.27531604  0.66247412
 -1.01753764  1.15335989  0.80660222 -0.3376982   2.80855106 -2.11880255
  1.53958865 -0.63501529  1.02766628 -3.23622477 -2.21824447  0.31191836
 -1.10458216 -0.41006617  0.33298152  0.03649091 -1.80762213 -0.20510983
 -0.6081097   2.8842288  -1.15935484 -1.2097715  -1.10101127  1.25454423
  1.63995965 -0.86643563  2.11482151 -1.69230876 -0.24460094 -0.86701194
 -3.01935096  3.02371192 -1.74100764  3.01519338 -1.39152665 -2.53592661
  3.52315431 -1.12741831 -0.72742172 -2.91261164 -2.49260421  2.93935
 -1.99476845 -1.7151016  -0.44516229  2.98010537  0.16703994  0.05887947
 -1.57229904 -0.13961552 -1.6352173  -3.01983055  2.95217062  1.18868514
 -0.32317865 -2.3169249   0.97184416 -1.18858128 -0.32354123 -2.14715823
 -1.98941162  1.83007003 -1.01913007  2.59363342 -0.50236938 -3.12479382
 -2.87747841  1.92236503 -3.06168724 -0.26062066 -0.98161711 -0.13638088
  2.39779131  1.80090139 -0.13626226 -2.05787042 -2.96933676  0.08897179
 -0.79985243  1.45584293 -2.5388972   0.93603298 -0.09268781  0.12260335
  2.00309668  0.6650854   0.77058402 -1.22913248  1.6327278   2.53513411
  1.25735344  0.25512789 -1.01152515  2.64592741  0.82906603 -2.16770919
  0.05678914  1.71930337  1.04548658 -0.63962046 -2.34391728  2.39313391
  2.01695202  1.6562212   2.24742018  1.80492884 -1.94611355 -2.84211287
  0.59420673  1.37229619 -2.40114412 -1.31190362  2.40020303  1.32356731
 -0.01173475 -1.72682047 -1.5273808   1.98822196  1.53022735 -0.79812321
 -0.13055404 -0.33607196 -0.19469143  2.42780402 -0.46497394 -0.65812501
  1.0125078  -2.32381394  0.97169154  2.58795888 -0.54198417  2.14515592
 -1.91675607 -0.93606058 -2.41115935 -2.3259001  -1.43364296 -2.855092
  1.57018983  1.79713372  1.60060598  1.0706193   1.43760193 -2.35262593
 -2.68526281  1.75012832  0.99460755 -0.3656718  -2.60259352  1.62823908
 -1.23712886 -2.50935732  0.08053832]
Thu Jun 13 20:46:40 2024,197,0.14946848326309964,[-2.85870218  2.27669986 -1.70973596  0.17674353  0.46132055 -3.11569441
  3.15195565  2.10630368  1.0901858  -0.99661817  0.54935658  1.30812631
  1.3633934  -1.83039889  0.80743296  2.94550526 -0.45713458 -0.44302316
 -1.90577857  0.72759813  1.66384459  2.86443148 -1.37594078 -0.35829237
 -2.25285949 -2.0917274   3.11497208  2.78270554 -0.77468778 -2.68305992
  1.54904534 -0.22904553 -2.39755251  1.93721384  1.11665424 -0.58065035
  1.13498097 -1.97330161 -0.2830576   2.2986486  -0.13296038  0.5626907
  2.3693318   0.61465853  2.64517266  2.79378867  2.74865589 -2.90525697
  0.36674715 -0.41567874  1.66976835  2.97632916 -0.39411253 -2.39953825
  2.69999366 -3.17901895  0.63606155 -0.73340289 -1.74060911  3.10054166
 -1.96406287 -1.64319171 -2.53571778  2.37162745 -2.14279295  1.98062066
  1.77264366  1.45426438  2.52469941  2.91851947  1.95675699  1.49322418
 -1.73897544 -2.35275804  1.20957428  0.59167207  1.61798278 -2.77771215
 -0.16896667  2.4613014  -1.16018542  1.24510596  1.27033982  0.66745034
 -1.01256142  1.14838367  0.81157844 -0.33272198  2.81352728 -2.12377877
  1.53461243 -0.63003907  1.02269006 -3.23124855 -2.21326825  0.30694214
 -1.10955838 -0.40508995  0.3280053   0.03151469 -1.80264591 -0.20013361
 -0.60313348  2.87925258 -1.15437862 -1.21474772 -1.09603505  1.25952046
  1.63498343 -0.87141185  2.11979773 -1.68733254 -0.24957716 -0.86203572
 -3.02432718  3.0187357  -1.74598386  3.01021716 -1.38655043 -2.53095039
  3.52813053 -1.12244209 -0.7224455  -2.90763542 -2.48762799  2.93437378
 -1.99974467 -1.71012538 -0.44018607  2.97512915  0.16206372  0.06385569
 -1.56732282 -0.14459174 -1.63024108 -3.01485433  2.9471944   1.19366136
 -0.32815488 -2.31194868  0.96686794 -1.1935575  -0.31856501 -2.14218201
 -1.9844354   1.82509381 -1.01415385  2.59860964 -0.49739316 -3.12977004
 -2.87250219  1.91738881 -3.05671102 -0.26559688 -0.98659333 -0.1413571
  2.39281509  1.79592517 -0.13128604 -2.0528942  -2.97431298  0.09394801
 -0.80482865  1.45086671 -2.53392098  0.93105676 -0.09766403  0.11762713
  1.99812046  0.67006162  0.77556024 -1.2341087   1.62775158  2.53015789
  1.25237722  0.25015167 -1.01650137  2.64095119  0.83404225 -2.16273297
  0.05181292  1.72427959  1.0504628  -0.64459668 -2.33894106  2.39811013
  2.02192824  1.65124498  2.2523964   1.79995262 -1.94113733 -2.84708909
  0.59918295  1.36731997 -2.3961679  -1.31687984  2.39522681  1.31859109
 -0.01671097 -1.73179669 -1.52240458  1.98324574  1.52525113 -0.79314699
 -0.13553026 -0.33109574 -0.19966765  2.43278024 -0.46995016 -0.66310123
  1.01748402 -2.31883772  0.96671532  2.5929351  -0.53700795  2.1401797
 -1.91177985 -0.9410368  -2.40618313 -2.32092388 -1.42866674 -2.85011578
  1.56521361  1.80210994  1.59562976  1.06564308  1.43262571 -2.35760215
 -2.68028659  1.7451521   0.98963133 -0.36069558 -2.60756974  1.62326286
 -1.23215264 -2.51433354  0.08551454]
Thu Jun 13 20:46:53 2024,198,0.14865652728436024,[-2.85407831  2.28132374 -1.70511209  0.17211966  0.45669668 -3.11107054
  3.15657952  2.11092755  1.09480967 -0.9919943   0.55398045  1.31275018
  1.35876953 -1.83502276  0.81205683  2.95012913 -0.45251071 -0.43839929
 -1.91040244  0.72297426  1.65922072  2.8598076  -1.37131691 -0.3536685
 -2.25748336 -2.09635127  3.11959595  2.78732941 -0.77931165 -2.67843605
  1.54442146 -0.22442166 -2.39292863  1.94183771  1.11203037 -0.57602648
  1.13960484 -1.97792548 -0.27843373  2.30327247 -0.12833651  0.55806683
  2.37395567  0.6192824   2.64979653  2.79841254  2.74403202 -2.9006331
  0.37137103 -0.41105487  1.66514448  2.97170529 -0.3987364  -2.40416212
  2.70461753 -3.17439508  0.64068542 -0.72877902 -1.73598524  3.09591779
 -1.96868674 -1.63856784 -2.53109391  2.36700358 -2.14741682  1.97599679
  1.76801979  1.45888825  2.52932328  2.9138956   1.95213312  1.48860031
 -1.73435157 -2.35738192  1.20495041  0.5870482   1.62260665 -2.78233602
 -0.17359054  2.46592527 -1.15556155  1.24048209  1.26571595  0.66282647
 -1.01718529  1.1437598   0.81620231 -0.32809811  2.81815115 -2.1191549
  1.5392363  -0.6254152   1.02731393 -3.23587242 -2.21789212  0.30231827
 -1.11418225 -0.40046607  0.32338143  0.02689082 -1.79802204 -0.19550974
 -0.60775735  2.88387645 -1.14975475 -1.21012385 -1.10065892  1.25489658
  1.6396073  -0.86678798  2.1244216  -1.68270867 -0.24495329 -0.85741185
 -3.02895105  3.02335957 -1.74135999  3.01484103 -1.3911743  -2.53557426
  3.5327544  -1.11781822 -0.71782163 -2.91225929 -2.48300412  2.93899765
 -1.9951208  -1.70550151 -0.44480994  2.97050528  0.15743985  0.06847957
 -1.57194669 -0.13996787 -1.62561721 -3.0194782   2.95181827  1.18903749
 -0.33277875 -2.30732481  0.96224407 -1.18893363 -0.32318888 -2.14680588
 -1.98905927  1.82046994 -1.01877772  2.60323351 -0.50201703 -3.12514617
 -2.86787832  1.92201268 -3.05208715 -0.26097301 -0.9912172  -0.14598097
  2.39743896  1.7913013  -0.13590991 -2.04827033 -2.97893685  0.09857188
 -0.80945252  1.45549058 -2.53854485  0.93568063 -0.1022879   0.122251
  2.00274433  0.67468549  0.78018412 -1.23873257  1.62312771  2.52553402
  1.25700109  0.2455278  -1.02112524  2.64557506  0.82941838 -2.16735684
  0.04718905  1.72890346  1.04583893 -0.63997281 -2.34356493  2.402734
  2.02655211  1.65586885  2.25702027  1.80457649 -1.9457612  -2.85171296
  0.59455908  1.37194385 -2.40079177 -1.32150371  2.39060294  1.31396722
 -0.0120871  -1.73642056 -1.52702845  1.97862187  1.52062726 -0.78852312
 -0.14015413 -0.33571961 -0.19504378  2.42815637 -0.46532629 -0.6677251
  1.01286015 -2.32346159  0.9713392   2.58831123 -0.54163182  2.14480357
 -1.91640372 -0.93641293 -2.410807   -2.32554775 -1.42404286 -2.85473965
  1.56983748  1.80673381  1.60025363  1.07026695  1.43724958 -2.35297828
 -2.68491046  1.74052823  0.9942552  -0.36531945 -2.60294587  1.62788673
 -1.23677651 -2.50970967  0.08089067]
Thu Jun 13 20:47:07 2024,199,0.14839934344565608,[-2.85593525  2.2794668  -1.70696902  0.17026273  0.45855361 -3.11292747
  3.15843645  2.11278449  1.09295274 -0.99385123  0.55583738  1.31089325
  1.36062646 -1.83687969  0.8101999   2.95198606 -0.45065377 -0.44025622
 -1.90854551  0.72483119  1.66107765  2.85795067 -1.37317384 -0.35552543
 -2.25562643 -2.0982082   3.11773902  2.78547248 -0.77745472 -2.68029298
  1.54256453 -0.22256473 -2.3910717   1.93998078  1.1138873  -0.57788341
  1.14146177 -1.97978241 -0.28029066  2.3051294  -0.13019344  0.55620989
  2.37209874  0.61742547  2.6479396   2.80026947  2.74217509 -2.90249003
  0.37322796 -0.40919794  1.66700141  2.96984836 -0.39687946 -2.40230519
  2.7027606  -3.17625202  0.64254235 -0.72692209 -1.7341283   3.09777472
 -1.97054368 -1.6367109  -2.53295084  2.36514665 -2.14555989  1.97413986
  1.76616286  1.45703132  2.52746634  2.91203867  1.95027619  1.48674338
 -1.73249463 -2.35923885  1.20680734  0.58519127  1.62446359 -2.78419296
 -0.17173361  2.46406834 -1.15370461  1.24233902  1.26757288  0.6646834
 -1.01904222  1.14190287  0.81434538 -0.32995504  2.82000809 -2.12101183
  1.54109324 -0.62355827  1.02917087 -3.23401549 -2.21974905  0.3041752
 -1.11603918 -0.39860914  0.3215245   0.02874775 -1.79987897 -0.19365281
 -0.60961428  2.88573338 -1.14789782 -1.20826692 -1.09880199  1.25303965
  1.63775037 -0.86493105  2.12627853 -1.6845656  -0.24681022 -0.85926878
 -3.02709412  3.0252165  -1.73950306  3.01669797 -1.39303123 -2.53371733
  3.53089747 -1.11967515 -0.7159647  -2.91411622 -2.48486105  2.93714072
 -1.99326387 -1.70735845 -0.442953    2.96864834  0.15929678  0.06662263
 -1.57008976 -0.1418248  -1.62747414 -3.01762127  2.9536752   1.19089442
 -0.33463568 -2.30546787  0.96038714 -1.18707669 -0.32504581 -2.14866281
 -1.98720234  1.82232687 -1.01692079  2.60137657 -0.50387396 -3.1270031
 -2.86602139  1.92386961 -3.05023022 -0.25911608 -0.98936027 -0.14412404
  2.39929589  1.78944437 -0.13776685 -2.0464134  -2.97707992  0.09671495
 -0.80759558  1.45363365 -2.53668792  0.93753756 -0.10043097  0.12039407
  2.0008874   0.67654242  0.78204105 -1.2405895   1.62498464  2.52367708
  1.25885803  0.24367087 -1.02298217  2.64371813  0.83127531 -2.16921377
  0.04904599  1.72704653  1.04769586 -0.64182974 -2.34542186  2.40087706
  2.02840904  1.65772578  2.2588772   1.80643342 -1.94390426 -2.85356989
  0.59641601  1.37380078 -2.4026487  -1.32336064  2.38874601  1.31211029
 -0.01023016 -1.73827749 -1.52517152  1.9804788   1.52248419 -0.79038005
 -0.14201106 -0.33757654 -0.19318684  2.42629944 -0.46718322 -0.66586817
  1.01471708 -2.32531853  0.97319613  2.59016816 -0.54348875  2.1466605
 -1.91826065 -0.93826986 -2.41266393 -2.32369082 -1.4258998  -2.85288272
  1.56798055  1.80487688  1.60211057  1.06841002  1.43539265 -2.35112135
 -2.68305353  1.74238516  0.99611213 -0.36717638 -2.6048028   1.62974366
 -1.23491958 -2.50785274  0.0827476 ]
Thu Jun 13 20:47:21 2024,200,0.1482618509708532,[-2.8540396   2.27757116 -1.70507338  0.17215837  0.46044926 -3.11482312
  3.16033209  2.11088884  1.09484838 -0.99195559  0.55773303  1.3089976
  1.35873082 -1.83877533  0.80830426  2.9538817  -0.44875813 -0.44215186
 -1.91044115  0.72293555  1.6629733   2.85605503 -1.37506948 -0.35362979
 -2.25752207 -2.09631256  3.11963466  2.78736812 -0.77555908 -2.67839734
  1.54446018 -0.22066909 -2.39296735  1.94187642  1.11578294 -0.57977905
  1.13956613 -1.97788677 -0.27839502  2.30702504 -0.13208909  0.55810554
  2.37399438  0.61932111  2.64604396  2.79837383  2.74027945 -2.90059439
  0.3751236  -0.41109358  1.66510577  2.971744   -0.39498382 -2.40420084
  2.70086496 -3.17814766  0.64443799 -0.72881773 -1.73602395  3.09967036
 -1.97243932 -1.63860655 -2.5310552   2.36704229 -2.14366425  1.97224422
  1.7680585   1.45892696  2.52936199  2.91393431  1.94838055  1.48863902
 -1.73059899 -2.3573432   1.20870298  0.58708691  1.62635923 -2.78229731
 -0.16983796  2.46596398 -1.15180897  1.24044338  1.26567724  0.66278776
 -1.02093786  1.14000722  0.81624102 -0.3280594   2.82190373 -2.12290747
  1.53919759 -0.62166263  1.03106651 -3.23211984 -2.22164469  0.30227956
 -1.11414354 -0.40050479  0.32342014  0.02685211 -1.80177462 -0.19175717
 -0.61150993  2.88383774 -1.14600218 -1.21016256 -1.10069763  1.25114401
  1.63585473 -0.86303541  2.12817417 -1.68646124 -0.24870586 -0.85737314
 -3.02519847  3.02332086 -1.7413987   3.01480232 -1.39492688 -2.53561297
  3.53279311 -1.11777951 -0.71406906 -2.91601187 -2.48675669  2.93524508
 -1.99136823 -1.7054628  -0.44484865  2.9667527   0.15740114  0.06851828
 -1.5719854  -0.13992916 -1.62936979 -3.01951691  2.95177956  1.19279006
 -0.33274003 -2.30357223  0.96228278 -1.18518105 -0.32315017 -2.14676717
 -1.98909798  1.82043123 -1.01502515  2.59948093 -0.50576961 -3.12510746
 -2.86412574  1.92197397 -3.04833457 -0.26101172 -0.99125591 -0.14601969
  2.40119154  1.79134001 -0.13966249 -2.04830904 -2.97518428  0.09481931
 -0.80569994  1.45173801 -2.53858356  0.93564192 -0.09853533  0.11849843
  2.00278304  0.67843806  0.7801454  -1.23869386  1.62688029  2.52557273
  1.26075367  0.24556651 -1.02487781  2.64182249  0.82937967 -2.16731813
  0.05094163  1.72515089  1.04580021 -0.6399341  -2.34352622  2.40277271
  2.0265134   1.65583014  2.25698156  1.80453778 -1.94579991 -2.85167425
  0.59452037  1.37190513 -2.40454434 -1.32525628  2.39064165  1.31021465
 -0.01212581 -1.74017314 -1.52706716  1.97858316  1.52437984 -0.78848441
 -0.1439067  -0.33947219 -0.19508249  2.4244038  -0.46528758 -0.66776381
  1.01661272 -2.32721417  0.97130048  2.58827252 -0.54159311  2.14855615
 -1.9201563  -0.9401655  -2.41076829 -2.32179517 -1.42779544 -2.85098708
  1.56608491  1.80677252  1.60400621  1.06651437  1.433497   -2.35301699
 -2.68115789  1.74048952  0.99421649 -0.36528074 -2.60669844  1.6316393
 -1.23681522 -2.50974838  0.08464324]
Thu Jun 13 20:47:35 2024,201,0.14816522877356064,[-2.85134609  2.27487765 -1.70776689  0.16946486  0.45775574 -3.1121296
  3.16302561  2.11358236  1.09215486 -0.99464911  0.56042654  1.30630409
  1.36142433 -1.84146885  0.80561074  2.95118819 -0.44606462 -0.44484538
 -1.91313466  0.72024203  1.66566681  2.85336152 -1.37237596 -0.35093627
 -2.26021559 -2.09900608  3.12232818  2.79006164 -0.77825259 -2.68109086
  1.54176666 -0.2233626  -2.39566086  1.94456994  1.11847646 -0.58247257
  1.14225964 -1.98058028 -0.28108853  2.30971856 -0.12939557  0.56079905
  2.3766879   0.61662759  2.64873747  2.80106735  2.74297296 -2.89790087
  0.37243008 -0.40840007  1.66241225  2.96905049 -0.39229031 -2.40150732
  2.70355847 -3.17545414  0.64713151 -0.73151124 -1.73871746  3.09697685
 -1.9697458  -1.63591303 -2.52836169  2.36973581 -2.14635776  1.97493773
  1.77075202  1.45623345  2.52666847  2.91662783  1.94568703  1.49133254
 -1.72790548 -2.36003672  1.2113965   0.58978043  1.62905274 -2.78499083
 -0.16714445  2.46327047 -1.15450249  1.23774987  1.26837075  0.66009424
 -1.02363138  1.13731371  0.8135475  -0.32536589  2.82459724 -2.12021396
  1.53650408 -0.62435614  1.02837299 -3.23481336 -2.21895118  0.30497307
 -1.11683705 -0.39781127  0.32611365  0.02415859 -1.7990811  -0.18906365
 -0.61420344  2.88653125 -1.14869569 -1.20746905 -1.09800412  1.2484505
  1.63316121 -0.86572892  2.13086769 -1.68915476 -0.24601235 -0.86006666
 -3.02789199  3.02601437 -1.73870518  3.01749584 -1.39223336 -2.53830649
  3.53548663 -1.12047302 -0.71676257 -2.91870538 -2.48406318  2.93255156
 -1.99406174 -1.70276929 -0.44754216  2.96944622  0.15470762  0.07121179
 -1.56929189 -0.14262268 -1.62667627 -3.02221043  2.94908604  1.19548358
 -0.33004652 -2.30626575  0.96497629 -1.18248754 -0.32045666 -2.14407365
 -1.98640447  1.82312475 -1.01233163  2.59678742 -0.50846312 -3.12780097
 -2.86143223  1.91928045 -3.04564106 -0.2583182  -0.99394943 -0.1487132
  2.39849802  1.79403352 -0.142356   -2.04561552 -2.9778778   0.09751282
 -0.80300643  1.44904449 -2.53589005  0.93833544 -0.09584181  0.11580491
  2.00547655  0.68113158  0.78283892 -1.23600035  1.6295738   2.52287921
  1.26344718  0.24826003 -1.0221843   2.64451601  0.82668615 -2.17001165
  0.05363514  1.7278444   1.04849373 -0.63724058 -2.34621973  2.40007919
  2.02920692  1.65852366  2.25428805  1.80723129 -1.94849342 -2.85436776
  0.59182686  1.37459865 -2.40723786 -1.32256277  2.39333517  1.31290816
 -0.01481932 -1.73747962 -1.52437364  1.98127667  1.52707335 -0.7857909
 -0.14121319 -0.3421657  -0.197776    2.42709731 -0.46259406 -0.66507029
  1.01930624 -2.32990768  0.96860697  2.585579   -0.54428663  2.15124966
 -1.92284981 -0.93747199 -2.40807478 -2.31910166 -1.43048895 -2.8536806
  1.56339139  1.80946603  1.60669972  1.06382086  1.43080349 -2.35571051
 -2.67846437  1.74318304  0.99152297 -0.36797425 -2.60400493  1.62894579
 -1.2341217  -2.51244189  0.08733676]
Thu Jun 13 20:47:53 2024,202,0.14815347821656258,[-2.85172262  2.27525418 -1.70739036  0.16908832  0.45813228 -3.11175307
  3.16264907  2.11395889  1.09177833 -0.99427257  0.56005001  1.30668062
  1.3610478  -1.84184538  0.80523421  2.95081165 -0.44568808 -0.44446884
 -1.9135112   0.7198655   1.66529028  2.85373805 -1.37199943 -0.35055974
 -2.25983905 -2.09938261  3.12270471  2.7896851  -0.77787606 -2.68146739
  1.54139013 -0.22373914 -2.39528433  1.9441934   1.11885299 -0.58209603
  1.14263618 -1.98095681 -0.28146507  2.31009509 -0.12901904  0.56117559
  2.37631136  0.61700413  2.64911401  2.80069081  2.74259643 -2.89752434
  0.37205355 -0.4087766   1.66203572  2.96942702 -0.39266684 -2.40113079
  2.70318194 -3.17507761  0.64675497 -0.73113471 -1.739094    3.09735338
 -1.96936927 -1.63628957 -2.52798515  2.37011234 -2.1467343   1.97531427
  1.77037549  1.45585691  2.52704501  2.91625129  1.94606356  1.49095601
 -1.72752894 -2.35966019  1.21101996  0.58940389  1.62942928 -2.7846143
 -0.16676792  2.46289393 -1.15487902  1.23737333  1.26799422  0.65971771
 -1.02325484  1.13769024  0.81392404 -0.32574242  2.82497378 -2.12059049
  1.53612754 -0.62473267  1.02799646 -3.23443682 -2.21857464  0.30534961
 -1.11721359 -0.3981878   0.32649019  0.02453513 -1.79945763 -0.18868712
 -0.61382691  2.88615472 -1.14831916 -1.20709251 -1.09838065  1.24882703
  1.63353775 -0.86610546  2.13049116 -1.68877823 -0.24563581 -0.85969012
 -3.02751546  3.02639091 -1.73908172  3.01787237 -1.39185683 -2.53868302
  3.5351101  -1.12009649 -0.71638604 -2.91908192 -2.48443971  2.9329281
 -1.99368521 -1.70239275 -0.4479187   2.96906968  0.15433109  0.07158832
 -1.56966842 -0.14299921 -1.62705281 -3.02258696  2.94870951  1.19586011
 -0.33042305 -2.30664228  0.96459976 -1.18286407 -0.32008012 -2.14445019
 -1.98602793  1.82350128 -1.0119551   2.59716395 -0.50808659 -3.12742444
 -2.8610557   1.91890392 -3.04526452 -0.25869474 -0.9935729  -0.14833667
  2.39812149  1.79441006 -0.14273254 -2.04523899 -2.97825433  0.09788936
 -0.80262989  1.44866796 -2.53551351  0.9379589  -0.09621834  0.11542838
  2.00585309  0.68075504  0.78321545 -1.23562381  1.62919727  2.52250268
  1.26382372  0.24788349 -1.02256083  2.64489254  0.82630962 -2.17038818
  0.05325861  1.72822093  1.0481172  -0.63686405 -2.34659627  2.39970266
  2.02958345  1.65814712  2.25466458  1.80685476 -1.94886996 -2.8547443
  0.59145032  1.37422212 -2.40686132 -1.3229393   2.39295863  1.31253163
 -0.01519586 -1.73785616 -1.52475018  1.98165321  1.52669682 -0.78616743
 -0.14158972 -0.34254223 -0.19815254  2.42747385 -0.46221753 -0.66544683
  1.0189297  -2.33028422  0.9689835   2.58520247 -0.54466316  2.15087313
 -1.92322635 -0.93784852 -2.40845131 -2.31872513 -1.43011242 -2.85405713
  1.56376792  1.8090895   1.60707626  1.06344432  1.43118002 -2.35533397
 -2.6788409   1.7428065   0.99114644 -0.36759772 -2.60362839  1.62932232
 -1.23374517 -2.51281843  0.08771329]
Thu Jun 13 20:48:32 2024,203,0.1480621631379556,[-2.85008275  2.27361431 -1.70903023  0.16744845  0.4564924  -3.11011319
  3.1610092   2.11559876  1.0934182  -0.99591245  0.55841013  1.30832049
  1.36268767 -1.84348525  0.80687408  2.94917178 -0.44404821 -0.44610872
 -1.91515107  0.72150537  1.6636504   2.85537792 -1.37035956 -0.35219961
 -2.25819918 -2.09774274  3.12434459  2.78804523 -0.77623618 -2.67982752
  1.54303    -0.22537901 -2.3969242   1.94583328  1.12049286 -0.58045616
  1.1409963  -1.97931694 -0.27982519  2.30845522 -0.13065891  0.56281546
  2.37795124  0.618644    2.64747413  2.80233068  2.74095656 -2.89916421
  0.37369342 -0.40713673  1.66367559  2.96778715 -0.39430671 -2.39949091
  2.70154207 -3.17343774  0.6451151  -0.73277458 -1.73745412  3.09571351
 -1.9677294  -1.63464969 -2.52634528  2.37175221 -2.14837417  1.9736744
  1.76873561  1.45421704  2.52868488  2.91461142  1.94442369  1.49259588
 -1.72588907 -2.36130006  1.20938009  0.59104376  1.6277894  -2.78625417
 -0.16840779  2.46125406 -1.15323915  1.23573346  1.26635435  0.65807783
 -1.02489472  1.13933012  0.81556391 -0.32410255  2.82661365 -2.12223036
  1.53776742 -0.62637255  1.02635659 -3.23279695 -2.22021452  0.30370973
 -1.11885346 -0.39654793  0.32813006  0.026175   -1.79781776 -0.18704725
 -0.61218703  2.88779459 -1.14667929 -1.20873239 -1.10002052  1.24718716
  1.63189787 -0.86446559  2.12885128 -1.68713835 -0.24727568 -0.86132999
 -3.02915533  3.02803078 -1.74072159  3.01951225 -1.3934967  -2.53704315
  3.53347022 -1.11845662 -0.71802591 -2.92072179 -2.48607959  2.93128822
 -1.99532508 -1.70075288 -0.44955857  2.96742981  0.15269122  0.06994845
 -1.56802855 -0.14135934 -1.62541293 -3.02422683  2.94706964  1.19749998
 -0.32878318 -2.30500241  0.96623963 -1.18450394 -0.32172    -2.14281031
 -1.98438806  1.82186141 -1.01031523  2.59552408 -0.50644672 -3.12906431
 -2.86269557  1.92054379 -3.04362465 -0.26033461 -0.99193302 -0.14669679
  2.39648162  1.79277018 -0.14437241 -2.04687886 -2.9798942   0.09952923
 -0.80426977  1.45030783 -2.53715339  0.93959877 -0.09785822  0.11706825
  2.00421321  0.67911517  0.78485533 -1.23398394  1.62755739  2.52414255
  1.26218385  0.24952337 -1.02092096  2.64325267  0.82794949 -2.17202805
  0.05161874  1.72986081  1.04975707 -0.63850392 -2.34495639  2.39806279
  2.03122332  1.65650725  2.25302471  1.80849463 -1.95050983 -2.85638417
  0.58981045  1.37586199 -2.40522145 -1.32457917  2.39459851  1.3141715
 -0.01355598 -1.73949603 -1.52639005  1.98001334  1.52505694 -0.7878073
 -0.14322959 -0.34090236 -0.19979241  2.42583397 -0.46057766 -0.66380695
  1.01728983 -2.32864435  0.97062338  2.5835626  -0.54630303  2.14923326
 -1.92486622 -0.93620865 -2.40681144 -2.31708525 -1.43175229 -2.855697
  1.56212805  1.81072937  1.60871613  1.06180445  1.4328199  -2.35697385
 -2.67720103  1.74444638  0.98950657 -0.36923759 -2.60526826  1.63096219
 -1.23538504 -2.51117855  0.08607342]
Thu Jun 13 20:48:48 2024,204,0.14684741112615474,[-2.84422332  2.27947373 -1.71488966  0.17330788  0.46235183 -3.11597262
  3.15514977  2.12145819  1.09927763 -0.99005302  0.55255071  1.31417992
  1.3685471  -1.84934468  0.81273351  2.94331235 -0.44990764 -0.45196814
 -1.9210105   0.71564595  1.66950983  2.86123735 -1.37621899 -0.35805904
 -2.25233975 -2.10360217  3.13020401  2.79390466 -0.77037676 -2.68568694
  1.54888943 -0.21951958 -2.39106477  1.93997385  1.12635229 -0.58631559
  1.13513688 -1.97345751 -0.27396577  2.30259579 -0.13651834  0.56867489
  2.38381066  0.61278457  2.65333356  2.80819011  2.74681599 -2.89330478
  0.367834   -0.41299616  1.65781616  2.96192772 -0.40016614 -2.39363149
  2.70740149 -3.17929716  0.65097453 -0.72691515 -1.73159469  3.10157294
 -1.97358882 -1.62879027 -2.52048585  2.37761164 -2.14251474  1.97953382
  1.76287618  1.46007647  2.53454431  2.90875199  1.93856426  1.48673645
 -1.72002964 -2.36715949  1.21523952  0.59690319  1.62192998 -2.7921136
 -0.16254836  2.46711349 -1.14737972  1.22987403  1.26049492  0.65221841
 -1.01903529  1.14518954  0.82142334 -0.31824312  2.83247308 -2.11637094
  1.54362684 -0.62051312  1.03221601 -3.22693752 -2.21435509  0.30956916
 -1.12471289 -0.40240736  0.32227063  0.03203443 -1.80367719 -0.18118782
 -0.60632761  2.89365402 -1.15253872 -1.20287296 -1.0941611   1.25304658
  1.6377573  -0.85860616  2.13471071 -1.68127893 -0.24141626 -0.86718942
 -3.0232959   3.03389021 -1.74658102  3.02537167 -1.38763727 -2.54290257
  3.53932965 -1.12431605 -0.72388534 -2.92658122 -2.48022016  2.9254288
 -1.98946566 -1.69489345 -0.455418    2.96157038  0.15855064  0.06408902
 -1.57388798 -0.14721876 -1.6195535  -3.03008626  2.94121021  1.20335941
 -0.33464261 -2.29914298  0.97209906 -1.17864451 -0.31586057 -2.14866974
 -1.97852863  1.81600198 -1.0044558   2.58966465 -0.50058729 -3.13492374
 -2.85683614  1.91468436 -3.03776522 -0.26619404 -0.99779245 -0.15255622
  2.39062219  1.79862961 -0.15023184 -2.04101943 -2.98575363  0.10538866
 -0.79841034  1.45616726 -2.53129396  0.9454582  -0.10371764  0.12292768
  2.01007264  0.6849746   0.79071475 -1.23984337  1.62169797  2.51828312
  1.25632442  0.24366394 -1.02678039  2.63739324  0.82209006 -2.16616862
  0.05747816  1.72400138  1.04389764 -0.64436335 -2.35081582  2.40392221
  2.0253639   1.66236668  2.25888413  1.81435406 -1.95636926 -2.85052474
  0.59566988  1.38172142 -2.39936202 -1.3304386   2.40045793  1.30831207
 -0.01941541 -1.74535546 -1.53224948  1.97415391  1.51919752 -0.79366673
 -0.14908902 -0.34676179 -0.19393298  2.4316934  -0.46643708 -0.65794753
  1.0114304  -2.32278492  0.96476395  2.57770317 -0.55216246  2.15509268
 -1.91900679 -0.93034922 -2.41267087 -2.32294468 -1.43761172 -2.86155643
  1.55626862  1.80486995  1.6028567   1.06766388  1.43867932 -2.35111442
 -2.6713416   1.73858695  0.98364714 -0.37509702 -2.59940884  1.62510276
 -1.22952562 -2.51703798  0.08021399]
Thu Jun 13 20:49:15 2024,205,0.14617347273383918,[-2.84045487  2.27570528 -1.71865811  0.16953943  0.46612028 -3.11974107
  3.15891822  2.11768974  1.10304608 -0.99382147  0.55631916  1.31041147
  1.36477865 -1.85311313  0.81650196  2.9395439  -0.45367609 -0.44819969
 -1.91724205  0.7118775   1.66574138  2.8650058  -1.37245054 -0.36182749
 -2.2561082  -2.10737062  3.13397246  2.79767311 -0.77414521 -2.68191849
  1.55265788 -0.22328803 -2.38729632  1.9362054   1.13012074 -0.59008404
  1.13890533 -1.97722596 -0.27773422  2.29882734 -0.14028679  0.56490644
  2.38004221  0.60901612  2.64956511  2.81195856  2.74304754 -2.89707323
  0.36406555 -0.41676461  1.66158461  2.96569617 -0.39639769 -2.38986304
  2.71116994 -3.17552871  0.65474298 -0.7231467  -1.73536314  3.10534139
 -1.97735727 -1.63255872 -2.5242543   2.38138009 -2.14628319  1.97576537
  1.76664463  1.45630802  2.53077586  2.91252044  1.94233271  1.482968
 -1.71626119 -2.37092794  1.21147107  0.59313474  1.62569843 -2.79588205
 -0.16631681  2.47088194 -1.15114817  1.22610558  1.26426337  0.65598686
 -1.02280374  1.14895799  0.82519179 -0.31447467  2.82870463 -2.12013939
  1.53985839 -0.61674467  1.02844756 -3.22316907 -2.21812354  0.30580071
 -1.12094444 -0.40617581  0.32603908  0.03580288 -1.80744564 -0.18495627
 -0.60255916  2.88988557 -1.14877027 -1.20664141 -1.09792955  1.25681503
  1.63398885 -0.85483771  2.13094226 -1.68504738 -0.23764781 -0.86342097
 -3.01952745  3.03765866 -1.75034947  3.02914012 -1.39140572 -2.53913412
  3.5430981  -1.1205476  -0.72011689 -2.93034967 -2.48398861  2.92919725
 -1.98569721 -1.691125   -0.45164955  2.96533883  0.15478219  0.06032057
 -1.57765643 -0.14345031 -1.61578505 -3.03385471  2.94497866  1.19959096
 -0.33841106 -2.30291143  0.96833061 -1.18241296 -0.31209212 -2.15243819
 -1.97476018  1.81223353 -1.00822425  2.5934331  -0.49681884 -3.13869219
 -2.85306769  1.91091591 -3.04153367 -0.26996249 -1.0015609  -0.14878777
  2.38685374  1.80239806 -0.14646339 -2.04478788 -2.98952208  0.10915711
 -0.79464189  1.45993571 -2.52752551  0.94168975 -0.09994919  0.12669613
  2.00630419  0.68874305  0.7944832  -1.24361182  1.62546642  2.52205157
  1.26009287  0.24743239 -1.03054884  2.63362479  0.82585851 -2.16993707
  0.05370971  1.72023293  1.04766609 -0.6405949  -2.34704737  2.40015376
  2.02159545  1.65859823  2.26265258  1.81058561 -1.96013771 -2.84675629
  0.59190143  1.38548987 -2.40313047 -1.33420705  2.39668948  1.31208052
 -0.01564696 -1.74158701 -1.53601793  1.97038546  1.52296597 -0.79743518
 -0.14532057 -0.35053024 -0.19016453  2.43546185 -0.46266863 -0.65417908
  1.00766195 -2.31901647  0.9609955   2.57393472 -0.55593091  2.15132423
 -1.92277524 -0.93411767 -2.40890242 -2.31917623 -1.44138017 -2.86532488
  1.56003707  1.8086384   1.60662515  1.06389543  1.43491087 -2.35488287
 -2.67511005  1.7423554   0.97987869 -0.37132857 -2.60317729  1.62133431
 -1.23329407 -2.52080643  0.08398244]
Thu Jun 13 20:49:40 2024,206,0.14519752121764756,[-2.84800006  2.28325047 -1.7262033   0.17708461  0.47366546 -3.12728626
  3.16646341  2.12523493  1.11059126 -0.98627628  0.56386434  1.31795666
  1.35723346 -1.86065832  0.82404714  2.93199872 -0.4461309  -0.45574488
 -1.92478723  0.71942268  1.67328657  2.87255098 -1.37999572 -0.36937267
 -2.24856302 -2.1149158   3.12642728  2.80521829 -0.78169039 -2.68946368
  1.54511269 -0.21574285 -2.37975114  1.92866021  1.12257556 -0.59762922
  1.13136014 -1.98477115 -0.27018903  2.29128216 -0.1327416   0.57245162
  2.3875874   0.61656131  2.64201993  2.81950375  2.75059272 -2.88952805
  0.35652036 -0.42430979  1.6691298   2.95815099 -0.40394288 -2.39740822
  2.70362476 -3.1830739   0.66228816 -0.73069189 -1.72781796  3.0977962
 -1.96981209 -1.6401039  -2.53179949  2.38892527 -2.13873801  1.96822019
  1.75909945  1.4638532   2.52323067  2.92006563  1.9498779   1.49051319
 -1.72380638 -2.36338275  1.21901625  0.58558956  1.63324361 -2.80342723
 -0.17386199  2.47842712 -1.15869335  1.2185604   1.25671818  0.64844167
 -1.01525856  1.14141281  0.8176466  -0.32201985  2.83624981 -2.1125942
  1.54740358 -0.62428985  1.02090238 -3.21562389 -2.22566872  0.3133459
 -1.11339925 -0.39863062  0.3184939   0.04334806 -1.79990045 -0.17741109
 -0.59501397  2.88234038 -1.14122508 -1.21418659 -1.10547473  1.26436022
  1.62644367 -0.84729252  2.13848744 -1.67750219 -0.24519299 -0.87096616
 -3.01198227  3.04520384 -1.75789465  3.03668531 -1.38386054 -2.53158894
  3.55064328 -1.12809278 -0.71257171 -2.93789485 -2.49153379  2.93674243
 -1.97815202 -1.68357982 -0.45919473  2.97288402  0.14723701  0.05277539
 -1.58520161 -0.1509955  -1.60823987 -3.0413999   2.93743347  1.19204578
 -0.34595624 -2.31045661  0.9758758  -1.17486778 -0.30454693 -2.14489301
 -1.967215    1.81977871 -1.01576944  2.58588792 -0.48927365 -3.13114701
 -2.84552251  1.90337073 -3.03398849 -0.27750767 -1.00910609 -0.15633296
  2.39439892  1.79485288 -0.1389182  -2.0372427  -2.9819769   0.11670229
 -0.80218707  1.46748089 -2.51998032  0.93414457 -0.09240401  0.13424131
  2.01384938  0.69628823  0.78693802 -1.23606663  1.6330116   2.52959676
  1.26763805  0.2398872  -1.03809402  2.64116997  0.8334037  -2.17748226
  0.04616453  1.72777811  1.05521128 -0.63304972 -2.33950219  2.40769895
  2.02914063  1.65105304  2.2551074   1.80304042 -1.96768289 -2.85430148
  0.59944661  1.37794468 -2.39558529 -1.34175223  2.40423467  1.30453534
 -0.02319214 -1.73404182 -1.54356311  1.96284027  1.51542078 -0.80498036
 -0.15286575 -0.35807542 -0.18261935  2.44300704 -0.45512345 -0.66172426
  1.01520714 -2.31147128  0.96854068  2.56638953 -0.54838573  2.15886942
 -1.93032043 -0.94166286 -2.40135723 -2.31163105 -1.43383499 -2.87287006
  1.55249189  1.81618358  1.59907997  1.07144061  1.44245606 -2.36242805
 -2.68265524  1.73481021  0.9723335  -0.36378338 -2.61072247  1.6288795
 -1.24083925 -2.51326125  0.09152762]
Thu Jun 13 20:50:10 2024,207,0.1448285455052873,[-2.85290658  2.28815699 -1.73110982  0.17217809  0.47857198 -3.13219278
  3.17136993  2.12032841  1.11549778 -0.9911828   0.56877086  1.31305014
  1.36213999 -1.8557518   0.81914062  2.9270922  -0.45103742 -0.45083836
 -1.92969375  0.7243292   1.66838005  2.8774575  -1.3750892  -0.37427919
 -2.25346954 -2.11982232  3.1313338   2.81012481 -0.78659691 -2.68455716
  1.55001921 -0.22064937 -2.38465766  1.93356673  1.11766904 -0.5927227
  1.13626666 -1.98967767 -0.26528251  2.28637564 -0.13764812  0.57735814
  2.38268088  0.61165479  2.63711341  2.82441027  2.7456862  -2.88462153
  0.35161384 -0.41940327  1.67403632  2.96305751 -0.4088494  -2.3925017
  2.70853128 -3.18798042  0.65738164 -0.73559841 -1.73272448  3.10270272
 -1.96490557 -1.63519738 -2.52689297  2.38401875 -2.14364453  1.96331367
  1.75419293  1.46875972  2.51832415  2.91515911  1.94497138  1.48560667
 -1.7287129  -2.36828927  1.22392277  0.59049608  1.63815013 -2.80833375
 -0.16895547  2.4735206  -1.15378683  1.21365388  1.25181166  0.65334819
 -1.01035204  1.14631933  0.81274008 -0.32692637  2.83134329 -2.10768768
  1.5523101  -0.62919637  1.01599586 -3.21071737 -2.2207622   0.31825242
 -1.11830577 -0.3937241   0.31358738  0.04825458 -1.79499393 -0.18231761
 -0.59992049  2.87743386 -1.1461316  -1.20928007 -1.10056821  1.2594537
  1.62153715 -0.842386    2.13358092 -1.67259567 -0.25009951 -0.87587268
 -3.00707575  3.05011036 -1.76280117  3.03177879 -1.38876706 -2.52668242
  3.54573676 -1.1329993  -0.71747823 -2.93298833 -2.49644031  2.93183591
 -1.98305854 -1.68848634 -0.46410125  2.97779054  0.14233049  0.04786887
 -1.59010813 -0.14608898 -1.60333335 -3.04630642  2.93252695  1.1969523
 -0.35086276 -2.31536313  0.98078232 -1.16996126 -0.30945345 -2.13998649
 -1.96230848  1.82468523 -1.01086291  2.59079444 -0.48436713 -3.13605353
 -2.85042903  1.90827725 -3.03889501 -0.28241419 -1.00419956 -0.16123948
  2.39930544  1.78994636 -0.14382472 -2.04214922 -2.98688342  0.11179577
 -0.80709359  1.47238741 -2.52488684  0.92923805 -0.09731053  0.12933479
  2.00894286  0.70119475  0.7820315  -1.23116011  1.62810508  2.53450328
  1.26273153  0.24479372 -1.0331875   2.64607649  0.82849718 -2.18238878
  0.04125801  1.73268463  1.05030475 -0.63795624 -2.33459567  2.40279243
  2.02423411  1.65595956  2.25020088  1.80794694 -1.96277637 -2.859208
  0.59454009  1.3828512  -2.40049181 -1.33684571  2.39932815  1.29962882
 -0.01828562 -1.7291353  -1.54846963  1.96774679  1.5203273  -0.80007384
 -0.14795923 -0.36298194 -0.18752587  2.44791356 -0.45021693 -0.66663078
  1.02011366 -2.3163778   0.96363416  2.57129605 -0.54347921  2.1539629
 -1.9254139  -0.94656938 -2.39645071 -2.30672453 -1.42892847 -2.87777658
  1.54758537  1.8210901   1.60398649  1.06653409  1.43754954 -2.35752153
 -2.67774872  1.73971673  0.97724002 -0.35887686 -2.61562899  1.62397298
 -1.24574577 -2.50835473  0.0866211 ]
Thu Jun 13 20:50:34 2024,208,0.14483684260534416,[-2.85273823  2.28798864 -1.73127816  0.17234644  0.47874033 -3.13202443
  3.17120158  2.12016006  1.11566613 -0.99101446  0.56893921  1.31288179
  1.36197164 -1.85558345  0.81897228  2.92726054 -0.45120577 -0.45067001
 -1.9298621   0.72449755  1.66854839  2.87762585 -1.37492085 -0.37411085
 -2.25330119 -2.11965397  3.13150215  2.80995647 -0.78642856 -2.68438881
  1.54985087 -0.22048102 -2.38448931  1.93373508  1.11783738 -0.59289105
  1.13609832 -1.98950932 -0.26511417  2.28620729 -0.13747978  0.57718979
  2.38251253  0.61148644  2.63694506  2.82424192  2.74585455 -2.88478987
  0.35178219 -0.41923492  1.67386797  2.96322585 -0.40868105 -2.39267005
  2.70836293 -3.18814876  0.65754999 -0.73543006 -1.73255613  3.10287107
 -1.96507392 -1.63502903 -2.52672462  2.3841871  -2.14347618  1.96314532
  1.75436128  1.46859138  2.5184925   2.91532745  1.94513972  1.48577501
 -1.72854455 -2.36812093  1.22409112  0.59066442  1.63798178 -2.8085021
 -0.16878713  2.47335226 -1.15361849  1.21382222  1.25198001  0.65351654
 -1.01052038  1.14615098  0.81257174 -0.32709472  2.83151164 -2.10785603
  1.55247844 -0.62936472  1.01616421 -3.21088572 -2.22093055  0.31842076
 -1.11847412 -0.39389245  0.31341903  0.04808624 -1.79482559 -0.18214926
 -0.59975215  2.87760221 -1.14596326 -1.20911173 -1.10039986  1.25928535
  1.6213688  -0.84221766  2.13341258 -1.67276402 -0.25026786 -0.87604102
 -3.0069074   3.04994202 -1.76296952  3.03161044 -1.38859871 -2.52685077
  3.54556842 -1.13283095 -0.71730988 -2.93315668 -2.49660866  2.93200426
 -1.98322689 -1.68831799 -0.4642696   2.97762219  0.14249883  0.04770052
 -1.59027648 -0.14625732 -1.603165   -3.04647476  2.93235861  1.19678395
 -0.35069442 -2.31553148  0.98061397 -1.16979291 -0.3096218  -2.13981814
 -1.96214013  1.82485358 -1.01103126  2.59096278 -0.48453548 -3.13588518
 -2.85059737  1.9081089  -3.03872666 -0.28224585 -1.00403122 -0.16140782
  2.3991371   1.7901147  -0.14399307 -2.04198087 -2.98671507  0.11162743
 -0.80726194  1.47255576 -2.5247185   0.92940639 -0.09714218  0.12950314
  2.0091112   0.70102641  0.78186315 -1.23132846  1.62793674  2.53467162
  1.26256319  0.24462538 -1.03335585  2.64624484  0.82832883 -2.18222043
  0.04142636  1.73285298  1.05013641 -0.63812458 -2.33476401  2.40296077
  2.02440245  1.65579122  2.25003253  1.80811529 -1.96294472 -2.85937634
  0.59470844  1.38301955 -2.40032346 -1.33701406  2.3991598   1.29946047
 -0.01845397 -1.72896696 -1.54830129  1.96757845  1.52015896 -0.7999055
 -0.14812758 -0.36315029 -0.18769421  2.4480819  -0.45038528 -0.66646243
  1.01994531 -2.31620946  0.96380251  2.5714644  -0.54364755  2.15379455
 -1.92558225 -0.94673772 -2.39661906 -2.30655618 -1.42909681 -2.87760824
  1.54741702  1.82092175  1.60381814  1.06636575  1.43738119 -2.35735319
 -2.67758037  1.73988508  0.97740837 -0.35904521 -2.61579734  1.62380463
 -1.24591412 -2.50818638  0.08678945]
Thu Jun 13 20:50:49 2024,209,0.14410537197852613,[-2.8472874   2.28253782 -1.72582734  0.16689561  0.4732895  -3.1265736
  3.16575076  2.12561089  1.1102153  -0.99646528  0.57439003  1.31833262
  1.35652081 -1.86103428  0.8244231   2.93271137 -0.44575494 -0.44521919
 -1.93531293  0.72994837  1.66309757  2.88307668 -1.38037168 -0.37956167
 -2.24785037 -2.1251048   3.13695297  2.80450564 -0.78097774 -2.68983964
  1.55530169 -0.2150302  -2.37903849  1.93918591  1.12328821 -0.59834187
  1.13064749 -1.9840585  -0.27056499  2.29165812 -0.1429306   0.57173897
  2.37706171  0.61693727  2.63149423  2.82969275  2.75130537 -2.8902407
  0.34633136 -0.42468575  1.6793188   2.96867668 -0.40323022 -2.39812087
  2.70291211 -3.19359959  0.65209916 -0.74088089 -1.72710531  3.09742024
 -1.95962309 -1.62957821 -2.53217545  2.37873627 -2.13802536  1.96859615
  1.7598121   1.4740422   2.51304167  2.90987663  1.95059055  1.48032419
 -1.72309372 -2.37357175  1.21864029  0.5852136   1.63253096 -2.81395292
 -0.17423795  2.47880308 -1.14816766  1.2083714   1.24652918  0.65896736
 -1.01597121  1.15160181  0.80712091 -0.33254555  2.82606081 -2.1024052
  1.55792927 -0.63481555  1.01071338 -3.21633654 -2.21547972  0.31296994
 -1.11302329 -0.38844162  0.31886986  0.04263541 -1.80027641 -0.17669844
 -0.59430132  2.87215138 -1.15141408 -1.21456255 -1.10585069  1.26473618
  1.62681963 -0.83676683  2.12796175 -1.66731319 -0.25571868 -0.8705902
 -3.00145657  3.04449119 -1.75751869  3.02615961 -1.38314789 -2.52139994
  3.54011759 -1.12738013 -0.71185905 -2.9386075  -2.50205948  2.92655343
 -1.97777606 -1.68286717 -0.46972042  2.98307302  0.14794966  0.0422497
 -1.58482565 -0.1408065  -1.60861583 -3.05192559  2.93780943  1.19133313
 -0.34524359 -2.31008065  0.97516314 -1.16434209 -0.31507263 -2.14526897
 -1.95668931  1.8303044  -1.01648209  2.59641361 -0.47908465 -3.14133601
 -2.8560482   1.91355973 -3.03327584 -0.27679502 -0.99858039 -0.155957
  2.40458792  1.78466388 -0.13854224 -2.03653005 -2.98126424  0.1061766
 -0.81271276  1.47800658 -2.53016932  0.93485722 -0.10259301  0.12405231
  2.00366038  0.70647723  0.78731398 -1.23677928  1.62248591  2.54012245
  1.26801401  0.23917455 -1.03880667  2.65169567  0.83377966 -2.17676961
  0.04687718  1.72740215  1.04468558 -0.64357541 -2.34021484  2.39750995
  2.02985328  1.66124204  2.25548336  1.81356612 -1.96839554 -2.86482717
  0.58925761  1.37756872 -2.39487264 -1.33156323  2.40461063  1.3049113
 -0.0239048  -1.72351613 -1.55375211  1.97302927  1.51470813 -0.79445467
 -0.15357841 -0.36860112 -0.18224339  2.44263108 -0.44493445 -0.67191326
  1.02539614 -2.31075863  0.95835168  2.56601357 -0.54909838  2.15924538
 -1.92013142 -0.9412869  -2.39116823 -2.30110535 -1.42364599 -2.88305906
  1.5419662   1.82637258  1.59836732  1.07181657  1.43193037 -2.36280401
 -2.6830312   1.73443425  0.9828592  -0.36449604 -2.62124816  1.62925546
 -1.24046329 -2.50273556  0.08133862]
Thu Jun 13 20:51:05 2024,210,0.14407526012384178,[-2.84780242  2.28305283 -1.72531232  0.16638059  0.47380452 -3.12605859
  3.16523574  2.12509587  1.10970029 -0.99595027  0.57387502  1.3178176
  1.3560058  -1.86154929  0.82390808  2.93322639 -0.44523993 -0.4457342
 -1.93479791  0.72943335  1.66361258  2.88256166 -1.37985666 -0.37904665
 -2.24836538 -2.12561982  3.13643795  2.80502066 -0.78149276 -2.69035466
  1.55581671 -0.21554521 -2.3795535   1.93970092  1.12380323 -0.59885689
  1.13013247 -1.98457351 -0.27004997  2.2911431  -0.14241558  0.57225399
  2.37757672  0.61642225  2.63097922  2.83020776  2.75182039 -2.89075572
  0.34581634 -0.42520077  1.67983381  2.9691917  -0.40271521 -2.39863589
  2.70342712 -3.19411461  0.65158415 -0.74139591 -1.72659029  3.09793526
 -1.95910807 -1.63009323 -2.53166043  2.37925129 -2.13854038  1.96911117
  1.76032712  1.47455722  2.51252665  2.91039164  1.95007553  1.4808392
 -1.72360874 -2.37305673  1.21812527  0.58572862  1.63304598 -2.8134379
 -0.17372294  2.47828806 -1.14765264  1.20785638  1.2470442   0.65845235
 -1.01545619  1.15211683  0.80763593 -0.33306056  2.82554579 -2.10292022
  1.55741425 -0.63430053  1.0112284  -3.21582152 -2.21599474  0.31348495
 -1.11250828 -0.38895664  0.31835484  0.04212039 -1.7997614  -0.17721345
 -0.5937863   2.8726664  -1.15089906 -1.21507757 -1.10636571  1.2652512
  1.62733465 -0.83625181  2.12744674 -1.66679817 -0.2562337  -0.87007518
 -3.00197159  3.04397617 -1.75700368  3.02667463 -1.3836629  -2.52088492
  3.54063261 -1.12686511 -0.71237407 -2.93912252 -2.5025745   2.92603841
 -1.97829108 -1.68235215 -0.4692054   2.982558    0.14846468  0.04276472
 -1.58431063 -0.14132152 -1.60913085 -3.05244061  2.93729442  1.19081811
 -0.34472857 -2.30956564  0.97464813 -1.16382707 -0.31558764 -2.14475395
 -1.95617429  1.82978939 -1.0169971   2.59589859 -0.47959967 -3.14185102
 -2.85656322  1.91407475 -3.03379086 -0.27628    -0.99806538 -0.15647201
  2.40510294  1.78414886 -0.13905726 -2.03704507 -2.98074923  0.10669162
 -0.81322778  1.47749157 -2.53068434  0.93537224 -0.10207799  0.1235373
  2.00417539  0.70596222  0.787829   -1.23626427  1.62300093  2.54063747
  1.26749899  0.23968957 -1.03932169  2.65118065  0.83429468 -2.17728462
  0.04636216  1.72688714  1.04417057 -0.64306039 -2.34072986  2.39699493
  2.0303683   1.66175706  2.25599838  1.8130511  -1.96788052 -2.86534219
  0.58874259  1.37808374 -2.39435762 -1.33104822  2.40409561  1.30542632
 -0.02338978 -1.72403115 -1.55426713  1.97251426  1.51419311 -0.79393965
 -0.15306339 -0.36911613 -0.1827584   2.44314609 -0.44441943 -0.67139824
  1.02591116 -2.31127365  0.9588667   2.56652859 -0.54858336  2.15873036
 -1.92064644 -0.94180191 -2.39168325 -2.30162037 -1.424161   -2.88357408
  1.54145118  1.8268876   1.5978523   1.07233159  1.43244538 -2.36331903
 -2.68251618  1.73391924  0.98337421 -0.36501105 -2.62176318  1.62977048
 -1.23994827 -2.50222054  0.08082361]
Thu Jun 13 20:51:30 2024,211,0.14398693138487978,[-2.8456851   2.28517016 -1.72319499  0.16426327  0.4716872  -3.12817591
  3.16735306  2.12297855  1.11181761 -0.99383294  0.57599234  1.31993492
  1.35388847 -1.86366662  0.82602541  2.93534371 -0.44735725 -0.44361688
 -1.93691523  0.72731603  1.66572991  2.88467898 -1.38197399 -0.38116398
 -2.25048271 -2.12773714  3.13855528  2.80290334 -0.77937543 -2.69247198
  1.55793403 -0.21342789 -2.37743618  1.9375836   1.12592055 -0.60097421
  1.1322498  -1.98245619 -0.2721673   2.29326042 -0.14029826  0.57437131
  2.3754594   0.61853957  2.63309654  2.83232509  2.74970307 -2.88863839
  0.34369902 -0.42731809  1.67771649  2.96707437 -0.40483253 -2.40075321
  2.7013098  -3.19199728  0.65370147 -0.74351323 -1.72870762  3.10005258
 -1.95699075 -1.63221055 -2.53377775  2.37713397 -2.1406577   1.97122849
  1.76244444  1.4724399   2.51464398  2.91250897  1.95219286  1.48295653
 -1.72149142 -2.37093941  1.2202426   0.58784594  1.63092865 -2.81132058
 -0.17584026  2.48040539 -1.14553532  1.2099737   1.24492688  0.66056967
 -1.01757351  1.1499995   0.80975325 -0.33094324  2.82766312 -2.10503754
  1.55529693 -0.63641785  1.00911107 -3.21793885 -2.21811206  0.31560228
 -1.11039095 -0.39107397  0.32047216  0.04423772 -1.80187872 -0.17933078
 -0.59590363  2.87054908 -1.14878174 -1.21719489 -1.10424838  1.26736852
  1.62521732 -0.83413449  2.12956406 -1.66468085 -0.25411638 -0.8721925
 -2.99985427  3.0460935  -1.759121    3.02879196 -1.38154558 -2.5187676
  3.54274993 -1.12898243 -0.7144914  -2.9370052  -2.50469183  2.92815574
 -1.97617376 -1.68023483 -0.46708808  2.98044068  0.14634735  0.04064739
 -1.58219331 -0.13920419 -1.61124817 -3.05455793  2.93941174  1.19293543
 -0.3468459  -2.30744831  0.97676545 -1.16594439 -0.31770497 -2.14687127
 -1.95829161  1.83190671 -1.01487978  2.59378127 -0.48171699 -3.1397337
 -2.85868054  1.91195742 -3.03167353 -0.27416268 -0.99594805 -0.15858934
  2.40298562  1.78203154 -0.14117459 -2.03916239 -2.98286655  0.10880894
 -0.81111046  1.47537424 -2.52856702  0.93748956 -0.10419532  0.12141997
  2.00205807  0.70807954  0.78994632 -1.23838159  1.6208836   2.53852014
  1.26961632  0.23757225 -1.04143901  2.64906332  0.83217735 -2.1751673
  0.04847949  1.72900446  1.04628789 -0.64094307 -2.34284718  2.39911225
  2.02825097  1.66387438  2.25388105  1.81093377 -1.9657632  -2.86322486
  0.59085992  1.38020106 -2.39647494 -1.32893089  2.40197829  1.30754364
 -0.02127245 -1.72614847 -1.55214981  1.97463158  1.51631044 -0.79605698
 -0.15518071 -0.36699881 -0.18064108  2.44102877 -0.44230211 -0.67351557
  1.02379383 -2.30915633  0.95674938  2.56864592 -0.55070069  2.16084768
 -1.91852912 -0.93968459 -2.38956593 -2.29950305 -1.42204368 -2.88569141
  1.53933386  1.82900492  1.59573498  1.07021427  1.43456271 -2.36120171
 -2.68039886  1.73180191  0.98549154 -0.36712838 -2.6238805   1.6318878
 -1.23783095 -2.50433786  0.07870628]
Thu Jun 13 20:51:47 2024,212,0.1439846766817213,[-2.84524976  2.28560549 -1.72363033  0.16382794  0.47125186 -3.12861125
  3.1677884   2.12254321  1.11225295 -0.99339761  0.575557    1.31949959
  1.35432381 -1.86410195  0.82559007  2.93577904 -0.44779259 -0.44405221
 -1.9364799   0.7268807   1.66616524  2.88424365 -1.38153865 -0.38159931
 -2.25004737 -2.12817248  3.13899061  2.80333867 -0.7789401  -2.69290731
  1.5574987  -0.21299255 -2.37700084  1.93801894  1.12635588 -0.60053888
  1.13268513 -1.98289153 -0.27173196  2.29369576 -0.13986293  0.57393597
  2.37502407  0.61810424  2.63353188  2.83276042  2.74926773 -2.88820306
  0.34326368 -0.42688275  1.67815183  2.96663904 -0.40526786 -2.40118855
  2.70174514 -3.19243262  0.65326613 -0.74307789 -1.72827228  3.10048792
 -1.95742608 -1.63264588 -2.53334242  2.37669863 -2.14022236  1.97079315
  1.76200911  1.47287523  2.51507931  2.91207363  1.95262819  1.48339186
 -1.72192675 -2.37137475  1.21980726  0.5874106   1.63049332 -2.81175592
 -0.1762756   2.47997005 -1.14509999  1.20953837  1.24536221  0.66100501
 -1.01713818  1.15043484  0.81018859 -0.33050791  2.82809845 -2.10547288
  1.55573226 -0.63598252  1.00867574 -3.21837418 -2.21767673  0.31603761
 -1.10995562 -0.39063863  0.32003683  0.04467305 -1.80144339 -0.17889544
 -0.59633896  2.87098441 -1.14834641 -1.21763023 -1.10381305  1.26693318
  1.62478199 -0.83369916  2.12912872 -1.66424551 -0.25368104 -0.87262784
 -3.0002896   3.04565816 -1.75868566  3.02835662 -1.38111025 -2.51833226
  3.5423146  -1.1285471  -0.71405606 -2.93656986 -2.50512716  2.92859107
 -1.97573842 -1.68067016 -0.46752342  2.98087601  0.14591202  0.04108273
 -1.58262865 -0.13963953 -1.61168351 -3.05412259  2.93984707  1.19337077
 -0.34641056 -2.30701298  0.97720079 -1.16637973 -0.3181403  -2.14730661
 -1.95785628  1.83234205 -1.01531512  2.59334593 -0.48215233 -3.13929837
 -2.8582452   1.91152209 -3.03210887 -0.27372735 -0.99638339 -0.15902467
  2.40342095  1.7815962  -0.14073925 -2.03872705 -2.98243122  0.10837361
 -0.81067512  1.47580958 -2.52813168  0.93705423 -0.10463065  0.12185531
  2.00249341  0.70851488  0.79038166 -1.23794626  1.62131894  2.53895548
  1.27005165  0.23800758 -1.04187435  2.64949866  0.83261269 -2.17560264
  0.04804415  1.7294398   1.04585255 -0.6413784  -2.34328252  2.39954759
  2.02868631  1.66343905  2.25344572  1.81136911 -1.96619854 -2.86278953
  0.59129525  1.37976573 -2.39691028 -1.32849556  2.40241362  1.3071083
 -0.02083712 -1.72658381 -1.55258514  1.97506691  1.5158751  -0.79562164
 -0.15474538 -0.36743415 -0.18107642  2.4414641  -0.44186677 -0.6739509
  1.02422917 -2.30959166  0.95718471  2.56908125 -0.55026535  2.16128302
 -1.91809378 -0.93924925 -2.39000126 -2.29906771 -1.42160834 -2.88525607
  1.53976919  1.82944026  1.59529964  1.06977893  1.43499804 -2.36076637
 -2.68083419  1.73136658  0.9850562  -0.36756371 -2.62431584  1.63232313
 -1.23739561 -2.5047732   0.07914162]
Thu Jun 13 20:52:04 2024,213,0.14395135763184075,[-2.84401637  2.28683888 -1.72239694  0.16259455  0.47001847 -3.12984464
  3.16655501  2.12130982  1.11348634 -0.994631    0.57432361  1.32073298
  1.3555572  -1.86533534  0.82682346  2.93701244 -0.44655919 -0.44281882
 -1.9352465   0.7256473   1.66493185  2.88301026 -1.38277204 -0.3828327
 -2.25128076 -2.12693909  3.13775722  2.80457206 -0.78017349 -2.69414071
  1.55873209 -0.21422595 -2.37823424  1.93678554  1.12512249 -0.60177227
  1.13391852 -1.98165813 -0.27049857  2.29246237 -0.13862953  0.57516937
  2.37625746  0.61687085  2.63229848  2.83152703  2.75050112 -2.88696967
  0.34203029 -0.42564936  1.67938522  2.96540565 -0.40403447 -2.39995516
  2.70051175 -3.19119923  0.65449953 -0.7418445  -1.72950567  3.09925453
 -1.95619269 -1.63387928 -2.53457581  2.37546524 -2.14145575  1.97202655
  1.76077572  1.47164184  2.5163127   2.91084024  1.9513948   1.48215847
 -1.72069336 -2.37260814  1.21857387  0.58617721  1.62925993 -2.81052253
 -0.17750899  2.48120344 -1.14633338  1.21077176  1.2465956   0.65977161
 -1.01590479  1.14920145  0.8089552  -0.32927451  2.82686506 -2.10670627
  1.55449887 -0.63474913  1.00744235 -3.21960757 -2.21891012  0.31480422
 -1.10872223 -0.38940524  0.31880344  0.04343966 -1.80020999 -0.17766205
 -0.59757235  2.8722178  -1.14711301 -1.21639684 -1.10257966  1.26569979
  1.6235486  -0.83493255  2.12789533 -1.66547891 -0.25491443 -0.87386123
 -2.99905621  3.04689155 -1.75745227  3.02712323 -1.37987685 -2.51709887
  3.54108121 -1.12978049 -0.71282267 -2.93780325 -2.50636055  2.92735768
 -1.97697181 -1.67943677 -0.46629003  2.97964262  0.14714541  0.04231612
 -1.58386204 -0.13840614 -1.61045012 -3.05535598  2.93861368  1.19213738
 -0.34764395 -2.30577959  0.97843418 -1.16761312 -0.31937369 -2.14854
 -1.95908967  1.83110866 -1.01408172  2.59457932 -0.48091894 -3.13806497
 -2.8594786   1.91275548 -3.03087548 -0.27496074 -0.99761678 -0.15779128
  2.40218756  1.78282959 -0.14197264 -2.03749366 -2.98119782  0.109607
 -0.81190851  1.47704297 -2.52936507  0.93828762 -0.10586404  0.12062192
  2.00126001  0.70974827  0.78914826 -1.23671286  1.62255233  2.53772209
  1.27128504  0.23924097 -1.04310774  2.64826527  0.8313793  -2.17683603
  0.04927754  1.7282064   1.04708594 -0.64014501 -2.34451591  2.40078098
  2.02745292  1.66220566  2.25221233  1.8126025  -1.96496514 -2.86155614
  0.59252864  1.37853234 -2.39567689 -1.32726217  2.40364701  1.3083417
 -0.01960373 -1.7278172  -1.55381853  1.97383352  1.51710849 -0.79438825
 -0.15597877 -0.36620075 -0.18230981  2.44023071 -0.44063338 -0.67518429
  1.02546256 -2.30835827  0.9584181   2.57031464 -0.54903196  2.16251641
 -1.91932717 -0.93801586 -2.39123465 -2.29783432 -1.42037495 -2.88648946
  1.5385358   1.82820686  1.59406625  1.06854554  1.43376465 -2.36199976
 -2.6796008   1.73259997  0.98382281 -0.3687971  -2.62308245  1.63355653
 -1.23616222 -2.50353981  0.08037501]
Thu Jun 13 20:52:21 2024,214,0.1431294307055091,[-2.8485633   2.28229196 -1.71785001  0.15804762  0.46547154 -3.13439156
  3.17110193  2.11676289  1.11803326 -0.99917793  0.57887054  1.31618605
  1.35101027 -1.86988227  0.82227654  2.93246551 -0.45110612 -0.4382719
 -1.93069958  0.73019423  1.66038492  2.87846333 -1.37822511 -0.38737963
 -2.25582769 -2.12239216  3.13321029  2.80002513 -0.78472042 -2.68959378
  1.56327902 -0.21877287 -2.38278116  1.94133247  1.12057557 -0.59722534
  1.13846545 -1.98620506 -0.26595164  2.29700929 -0.14317646  0.57062244
  2.37171053  0.62141778  2.63684541  2.83607396  2.74595419 -2.89151659
  0.33748337 -0.42110244  1.67483829  2.96995257 -0.4085814  -2.40450208
  2.69596482 -3.1866523   0.6499526  -0.73729758 -1.7340526   3.10380145
 -1.96073962 -1.62933235 -2.53912274  2.38001217 -2.13690883  1.96747962
  1.76532265  1.46709491  2.51176578  2.91538717  1.94684787  1.47761154
 -1.72524029 -2.37715507  1.2231208   0.58163029  1.63380685 -2.81506945
 -0.17296206  2.47665652 -1.14178645  1.20622483  1.25114253  0.66431854
 -1.01135786  1.14465452  0.81350212 -0.33382144  2.82231813 -2.10215934
  1.54995195 -0.63929605  1.00289542 -3.2241545  -2.21436319  0.31935115
 -1.1041753  -0.38485831  0.31425651  0.03889273 -1.79566307 -0.17311512
 -0.60211928  2.86767088 -1.14256609 -1.22094377 -1.10712658  1.27024672
  1.62809552 -0.83947947  2.13244226 -1.66093198 -0.2503675  -0.87840816
 -2.99450928  3.05143848 -1.7619992   3.0225763  -1.38442378 -2.5216458
  3.53653428 -1.12523356 -0.7173696  -2.93325632 -2.51090748  2.93190461
 -1.97242488 -1.6839837  -0.4617431   2.97509569  0.14259848  0.03776919
 -1.58840896 -0.14295306 -1.60590319 -3.05990291  2.93406676  1.18759045
 -0.35219088 -2.31032651  0.9829811  -1.17216005 -0.31482677 -2.14399307
 -1.95454274  1.82656173 -1.0095348   2.59912625 -0.47637201 -3.1426119
 -2.85493167  1.91730241 -3.0354224  -0.27950766 -1.00216371 -0.15324435
  2.40673449  1.77828266 -0.14651957 -2.03294674 -2.98574475  0.10506007
 -0.81645544  1.4815899  -2.52481815  0.94283455 -0.11041097  0.12516884
  1.99671309  0.70520134  0.79369519 -1.23216594  1.62709926  2.53317516
  1.26673812  0.2437879  -1.03856081  2.64371834  0.82683237 -2.1722891
  0.04473062  1.72365948  1.05163287 -0.64469194 -2.33996898  2.40532791
  2.03199985  1.66675259  2.2476654   1.81714943 -1.96951207 -2.86610307
  0.58798172  1.38307927 -2.40022382 -1.32271524  2.39910009  1.30379477
 -0.0150568  -1.72327027 -1.54927161  1.97838045  1.52165542 -0.78984132
 -0.1605257  -0.37074768 -0.18685673  2.44477764 -0.44518031 -0.67063736
  1.03000949 -2.30381134  0.95387117  2.57486157 -0.55357889  2.15796948
 -1.9238741  -0.94256279 -2.38668772 -2.29328739 -1.41582803 -2.89103639
  1.54308273  1.82365994  1.59861318  1.06399861  1.43831158 -2.36654669
 -2.67505387  1.72805304  0.98836974 -0.37334403 -2.61853552  1.6290096
 -1.23161529 -2.50808673  0.07582808]
Thu Jun 13 20:52:40 2024,215,0.1431620281112979,[-2.84795204  2.28290322 -1.71846127  0.15743636  0.46486029 -3.1337803
  3.17049068  2.11737415  1.11742201 -0.99978919  0.5794818   1.31679731
  1.35039901 -1.87049353  0.82166528  2.93185425 -0.45171738 -0.43766064
 -1.93131084  0.72958297  1.66099618  2.87785207 -1.37883637 -0.38799089
 -2.25643895 -2.12300342  3.13259903  2.80063639 -0.78410916 -2.69020504
  1.56266776 -0.21938413 -2.3821699   1.94072121  1.11996431 -0.59661408
  1.13785419 -1.9855938  -0.26534038  2.29639804 -0.14378772  0.5712337
  2.37232179  0.62080652  2.63623415  2.83668522  2.74534293 -2.89212785
  0.33809462 -0.4217137   1.67422703  2.97056383 -0.40797014 -2.40389083
  2.69657608 -3.18604104  0.65056386 -0.73668632 -1.73344134  3.10441271
 -1.96012836 -1.62994361 -2.53851148  2.38062343 -2.13629757  1.96809088
  1.76471139  1.46648365  2.51115452  2.91599843  1.94745913  1.47700028
 -1.72585155 -2.37654381  1.22250954  0.58101903  1.6331956  -2.81445819
 -0.17357332  2.47604526 -1.14239771  1.20561357  1.25053127  0.6649298
 -1.01196912  1.14404326  0.81411338 -0.33321018  2.82170688 -2.10154808
  1.54934069 -0.63990731  1.00350668 -3.22354324 -2.21497445  0.31873989
 -1.10478656 -0.38546957  0.31486777  0.03828147 -1.79505181 -0.17372638
 -0.60273054  2.86705962 -1.14195483 -1.22033251 -1.10651533  1.26963546
  1.62870678 -0.83886821  2.13305352 -1.66154324 -0.24975625 -0.87901942
 -2.99512054  3.05204974 -1.76261046  3.02318756 -1.38381252 -2.52225706
  3.53714554 -1.12584482 -0.71798086 -2.93386758 -2.51029622  2.93129335
 -1.97303614 -1.68459496 -0.46235436  2.97570695  0.14320974  0.03715793
 -1.58902022 -0.14356432 -1.60529193 -3.06051417  2.93467801  1.18820171
 -0.35157962 -2.30971526  0.98359236 -1.17154879 -0.31421551 -2.14338181
 -1.955154    1.82595047 -1.00892354  2.59851499 -0.47698327 -3.14322316
 -2.85432041  1.91791366 -3.03481114 -0.2788964  -1.00155245 -0.15385561
  2.40734575  1.77889392 -0.14590831 -2.03355799 -2.98635601  0.10567133
 -0.8170667   1.48097864 -2.52420689  0.9434458  -0.10979971  0.1257801
  1.99610183  0.7058126   0.79430645 -1.2327772   1.62771052  2.53378642
  1.26734938  0.24439916 -1.03794955  2.6443296   0.82622111 -2.17167784
  0.04534188  1.72304822  1.05102161 -0.64408068 -2.33935772  2.40471665
  2.03261111  1.66736385  2.24827666  1.81653817 -1.97012333 -2.86549181
  0.58737046  1.38369052 -2.40083508 -1.3233265   2.39848883  1.30318351
 -0.01444554 -1.72265901 -1.54866035  1.97776919  1.52226668 -0.78923007
 -0.15991444 -0.37013642 -0.18746799  2.44416638 -0.44456905 -0.67124862
  1.02939823 -2.3044226   0.95325991  2.57425031 -0.55419015  2.15735822
 -1.92448536 -0.94317405 -2.38607646 -2.29267613 -1.41521677 -2.89164765
  1.54247147  1.82304868  1.59922444  1.06338735  1.43892284 -2.36593543
 -2.67444261  1.72744178  0.98775848 -0.37273277 -2.61914678  1.62839834
 -1.23222655 -2.50747547  0.07643934]
Thu Jun 13 20:52:56 2024,216,0.14297069160894077,[-2.84577347  2.28072464 -1.72063984  0.15525779  0.46268171 -3.13595888
  3.17266925  2.11955272  1.11524343 -1.00196776  0.58166037  1.31897588
  1.34822044 -1.8726721   0.81948671  2.92967568 -0.44953881 -0.43548206
 -1.93348941  0.73176154  1.65881761  2.88003064 -1.38101494 -0.38581232
 -2.25426038 -2.12082484  3.13042046  2.79845782 -0.78628773 -2.69238361
  1.56048919 -0.21720556 -2.37999133  1.93854264  1.12214288 -0.59443551
  1.13567562 -1.98777238 -0.26316181  2.29421946 -0.14160915  0.56905512
  2.37450036  0.62298509  2.63841273  2.83450665  2.74752151 -2.89430642
  0.33591605 -0.41953512  1.6764056   2.9727424  -0.41014871 -2.40171225
  2.69875465 -3.18821961  0.64838528 -0.73450774 -1.73561991  3.10659129
 -1.96230693 -1.62776503 -2.53633291  2.382802   -2.134119    1.9659123
  1.76253281  1.46866222  2.51333309  2.91381986  1.9496377   1.47482171
 -1.72803012 -2.37436523  1.22468811  0.57884045  1.63537417 -2.81663677
 -0.17139475  2.47822383 -1.14457628  1.20779214  1.25270985  0.66710837
 -1.00979055  1.14186469  0.81629196 -0.33538876  2.82388545 -2.10372665
  1.55151926 -0.63772874  1.00132811 -3.22572181 -2.21279588  0.32091846
 -1.10696513 -0.38764814  0.3126892   0.04046005 -1.79723038 -0.17590495
 -0.60490911  2.86488105 -1.13977626 -1.22251108 -1.1086939   1.27181403
  1.62652821 -0.84104679  2.13087495 -1.65936466 -0.25193482 -0.88119799
 -2.99294197  3.04987117 -1.76478903  3.02536613 -1.38163395 -2.52443563
  3.53932411 -1.12802339 -0.71580228 -2.93604615 -2.50811765  2.92911478
 -1.97085757 -1.68241639 -0.46017578  2.97352838  0.14103117  0.0393365
 -1.5911988  -0.1457429  -1.60311336 -3.06269274  2.93249944  1.19038028
 -0.34940105 -2.31189383  0.98577094 -1.16937022 -0.31203693 -2.14120324
 -1.95297543  1.8237719  -1.00674497  2.59633642 -0.4748047  -3.14104459
 -2.85214184  1.92009224 -3.03263257 -0.27671783 -0.99937387 -0.15167704
  2.40516718  1.7810725  -0.14808688 -2.03573657 -2.98417744  0.10349276
 -0.81924527  1.47880006 -2.52202831  0.94562438 -0.10762114  0.12360153
  1.9982804   0.70799117  0.79648502 -1.23495577  1.62553194  2.53596499
  1.26952795  0.24222059 -1.03577098  2.64650817  0.82839968 -2.16949927
  0.0431633   1.72086964  1.05320019 -0.64625925 -2.33717915  2.40253808
  2.03478968  1.66518527  2.25045523  1.8143596  -1.9723019  -2.86331323
  0.58954903  1.3858691  -2.3986565  -1.32114793  2.4006674   1.30100494
 -0.01226697 -1.72048044 -1.54648177  1.97994776  1.52444525 -0.79140864
 -0.15773586 -0.36795785 -0.18964657  2.44634495 -0.44239048 -0.6734272
  1.0315768  -2.30660117  0.95108134  2.57642888 -0.55636872  2.15953679
 -1.92230679 -0.94535262 -2.38825504 -2.29485471 -1.41739534 -2.88946908
  1.5402929   1.82522725  1.59704586  1.06120878  1.44110141 -2.368114
 -2.67662119  1.72526321  0.98993705 -0.37491134 -2.61696821  1.63057691
 -1.23440513 -2.5052969   0.07861791]
Thu Jun 13 20:53:11 2024,217,0.14293979627683137,[-2.84660584  2.27989227 -1.72147221  0.15442542  0.46184934 -3.13679125
  3.17350162  2.12038509  1.11441106 -1.00113539  0.58249274  1.31814351
  1.34738807 -1.87183973  0.82031907  2.92884331 -0.44870644 -0.43631443
 -1.93265704  0.73092918  1.65964998  2.87919827 -1.38184731 -0.38664469
 -2.25342801 -2.11999248  3.12958809  2.79929019 -0.7871201  -2.69155124
  1.56132156 -0.21637319 -2.3808237   1.93771027  1.12297525 -0.59360314
  1.13484325 -1.98694001 -0.26232944  2.29338709 -0.14077678  0.56822276
  2.37366799  0.62381746  2.63924509  2.83367428  2.74668914 -2.89513879
  0.33674842 -0.42036749  1.67557323  2.97191004 -0.41098108 -2.40087988
  2.69958702 -3.18905198  0.64755292 -0.73534011 -1.73645228  3.10742366
 -1.96147456 -1.6285974  -2.53550054  2.38363437 -2.13328663  1.96674467
  1.76336518  1.46782986  2.51250072  2.91465222  1.94880533  1.47398934
 -1.72886249 -2.37353286  1.22552048  0.57967282  1.63620654 -2.81746914
 -0.17056238  2.4790562  -1.14540865  1.20862451  1.25354221  0.666276
 -1.01062292  1.14103232  0.81712432 -0.33455639  2.82305308 -2.10455902
  1.55068689 -0.63689637  1.00049574 -3.22488945 -2.21362825  0.32175083
 -1.1077975  -0.38848051  0.31352157  0.04129241 -1.79806275 -0.17673732
 -0.60407674  2.86571341 -1.13894389 -1.22167871 -1.10786153  1.2726464
  1.62736058 -0.84187916  2.13004258 -1.66019703 -0.25276719 -0.88203036
 -2.99377434  3.05070354 -1.7656214   3.0261985  -1.38080158 -2.52360326
  3.54015648 -1.12885576 -0.71663465 -2.93521379 -2.50895002  2.92828241
 -1.97168994 -1.68324876 -0.46100815  2.97436075  0.1401988   0.04016887
 -1.59036643 -0.14491053 -1.60394573 -3.06186037  2.93333181  1.18954791
 -0.34856868 -2.31106146  0.98493857 -1.16853785 -0.31120457 -2.14203561
 -1.95214306  1.82460427 -1.0059126   2.59550405 -0.47563707 -3.14021222
 -2.85130947  1.92092461 -3.0318002  -0.2775502  -0.99854151 -0.15250941
  2.40433481  1.78190486 -0.14891925 -2.03656894 -2.98500981  0.10266039
 -0.8184129   1.47963243 -2.52286068  0.94479201 -0.10845351  0.12276916
  1.99911277  0.70882354  0.79731739 -1.2341234   1.62469958  2.53513262
  1.27036032  0.24138822 -1.03493861  2.64734054  0.82923205 -2.17033164
  0.04233093  1.72003728  1.05403255 -0.64542688 -2.33634678  2.40170571
  2.03395731  1.6643529   2.2512876   1.81519197 -1.97313427 -2.86248086
  0.5903814   1.38503673 -2.39782413 -1.3219803   2.40149977  1.30183731
 -0.0114346  -1.71964807 -1.54731414  1.97911539  1.52527762 -0.79224101
 -0.15690349 -0.36712548 -0.19047894  2.44717732 -0.44155811 -0.67425956
  1.03240917 -2.30743354  0.95024897  2.57559651 -0.55553635  2.16036916
 -1.92147442 -0.94452025 -2.38742267 -2.29568708 -1.41822771 -2.88863671
  1.53946053  1.82439488  1.5962135   1.06037641  1.44193378 -2.36894637
 -2.67745356  1.72443084  0.98910468 -0.37574371 -2.61780058  1.62974454
 -1.23357276 -2.50612927  0.07778554]
Thu Jun 13 20:53:26 2024,218,0.14291385380395466,[-2.84561845  2.27890489 -1.72048483  0.15343803  0.46086196 -3.13580386
  3.174489    2.11939771  1.11342368 -1.00212277  0.58150536  1.3191309
  1.34640069 -1.87282712  0.81933169  2.92983069 -0.44969382 -0.43532705
 -1.93364442  0.73191656  1.66063736  2.88018565 -1.3828347  -0.38565731
 -2.25441539 -2.11900509  3.13057548  2.80027757 -0.78613271 -2.69056386
  1.56230894 -0.21538581 -2.38181109  1.93672289  1.12396263 -0.59459053
  1.13583063 -1.98792739 -0.26134206  2.29239971 -0.1397894   0.56921014
  2.37465537  0.62480484  2.63825771  2.83466166  2.74570175 -2.89415141
  0.33576104 -0.42135488  1.67656062  2.97092265 -0.41196847 -2.3998925
  2.7005744  -3.1880646   0.64656553 -0.7363275  -1.73743966  3.10841104
 -1.96246195 -1.62761002 -2.53451315  2.38462175 -2.13427401  1.96773206
  1.76435257  1.46684247  2.51151334  2.91366484  1.94979272  1.47497673
 -1.72787511 -2.37254548  1.22650787  0.58066021  1.63719392 -2.81648175
 -0.17154976  2.48004358 -1.14442126  1.2096119   1.25255483  0.66726339
 -1.00963553  1.14004494  0.81613694 -0.33554377  2.82206569 -2.10357164
  1.54969951 -0.63788376  0.99950835 -3.22390206 -2.21461563  0.32273822
 -1.10878488 -0.38749313  0.31450895  0.04030503 -1.79905013 -0.17574994
 -0.60308936  2.86472603 -1.13993127 -1.22069133 -1.10884891  1.27363379
  1.6263732  -0.84089177  2.12905519 -1.66118442 -0.2517798  -0.88104297
 -2.99278696  3.05169092 -1.76463402  3.02718589 -1.38178897 -2.52459065
  3.5391691  -1.12984315 -0.71564727 -2.93620117 -2.5099374   2.92926979
 -1.97267732 -1.68226137 -0.46002077  2.97534813  0.13921142  0.03918149
 -1.58937904 -0.14392314 -1.60295834 -3.06284776  2.9343192   1.19053529
 -0.3475813  -2.31007407  0.98592595 -1.16952523 -0.31219195 -2.14302299
 -1.95115568  1.82559165 -1.00689998  2.59649143 -0.47662445 -3.1411996
 -2.85229685  1.92191199 -3.03278759 -0.27853759 -0.99755412 -0.15152203
  2.40532219  1.78091748 -0.14990663 -2.03558155 -2.98402242  0.101673
 -0.81940029  1.48061982 -2.5218733   0.94380462 -0.10746612  0.12178178
  2.00010015  0.70981092  0.79633001 -1.23313601  1.62371219  2.53414524
  1.2713477   0.2423756  -1.03395123  2.64635316  0.82824467 -2.17131902
  0.04331832  1.71904989  1.05304517 -0.64641427 -2.33535939  2.40071832
  2.03296992  1.66534029  2.25227498  1.81420458 -1.97412166 -2.86149348
  0.58939401  1.38602411 -2.39881152 -1.32296768  2.40248715  1.30282469
 -0.01044722 -1.72063545 -1.54632676  1.97812801  1.526265   -0.79322839
 -0.15789088 -0.36811287 -0.19146632  2.44816471 -0.44254549 -0.67524695
  1.03142178 -2.30842093  0.95123636  2.5765839  -0.55454896  2.15938178
 -1.9224618  -0.94353287 -2.38643528 -2.29469969 -1.41724032 -2.88764932
  1.54044791  1.82538226  1.59522611  1.05938903  1.4409464  -2.36993376
 -2.67646617  1.72541822  0.9881173  -0.3767311  -2.61681319  1.62875716
 -1.23258537 -2.50514189  0.07679816]
Thu Jun 13 20:53:41 2024,219,0.1427167420164911,[-2.84808548  2.28137192 -1.72295186  0.15590506  0.45839493 -3.13827089
  3.17695603  2.12186474  1.11589071 -1.0045898   0.57903833  1.32159792
  1.34886771 -1.87036009  0.82179872  2.92736366 -0.45216085 -0.43779408
 -1.93117739  0.73438359  1.65817034  2.88265268 -1.38530173 -0.38812433
 -2.25688242 -2.11653806  3.12810845  2.79781055 -0.78366569 -2.69303088
  1.56477597 -0.21785284 -2.38427811  1.93425586  1.1214956  -0.5921235
  1.13829766 -1.98546036 -0.25887503  2.28993268 -0.14225643  0.57167717
  2.3771224   0.62727187  2.64072474  2.83219463  2.74323472 -2.89661844
  0.33822807 -0.4238219   1.67409359  2.96845562 -0.40950144 -2.40235953
  2.69810737 -3.18559757  0.6440985  -0.73879453 -1.73990669  3.11087807
 -1.96492898 -1.62514299 -2.53204612  2.38215473 -2.13180698  1.97019909
  1.76188554  1.46437544  2.50904631  2.91613187  1.94732569  1.47744375
 -1.73034214 -2.37007845  1.22897489  0.57819318  1.63966095 -2.81401472
 -0.17401679  2.48251061 -1.14688829  1.20714487  1.25502186  0.66479636
 -1.0071685   1.14251196  0.81860397 -0.33307674  2.82453272 -2.10603867
  1.54723248 -0.64035078  0.99704133 -3.22636909 -2.21708266  0.32520524
 -1.10631786 -0.38996016  0.31204192  0.04277206 -1.7965831  -0.17328291
 -0.60062233  2.86719306 -1.13746424 -1.2182243  -1.11131594  1.27610081
  1.62390617 -0.8433588   2.12658817 -1.66365145 -0.25424683 -0.87857594
 -2.99031993  3.05415795 -1.76216699  3.02471886 -1.37932194 -2.52212362
  3.54163612 -1.12737612 -0.7181143  -2.93373414 -2.51240443  2.92680276
 -1.9702103  -1.6847284  -0.4624878   2.9728811   0.13674439  0.04164852
 -1.59184607 -0.14145611 -1.60049131 -3.06531479  2.93678622  1.19300232
 -0.35004833 -2.30760705  0.98839298 -1.17199226 -0.31465898 -2.14549002
 -1.94868865  1.82312462 -1.00936701  2.59402441 -0.47909148 -3.13873258
 -2.84982982  1.92437902 -3.03032056 -0.27607056 -1.00002115 -0.15398905
  2.40285516  1.78338451 -0.15237366 -2.03311452 -2.9815554   0.10414003
 -0.81693326  1.47815279 -2.51940627  0.94627165 -0.1049991   0.11931475
  2.00256718  0.71227795  0.79386298 -1.23560304  1.62124516  2.53661227
  1.27381473  0.24484263 -1.0314842   2.64882019  0.82577764 -2.16885199
  0.04578535  1.72151692  1.05057814 -0.64394724 -2.33782642  2.39825129
  2.03543695  1.66287326  2.24980796  1.81667161 -1.97658869 -2.86396051
  0.59186104  1.38849114 -2.40127855 -1.32050065  2.40495418  1.30529172
 -0.00798019 -1.71816842 -1.54879379  1.97566098  1.52379798 -0.79076136
 -0.15542385 -0.36564584 -0.19393335  2.44569768 -0.44007847 -0.67277992
  1.02895476 -2.3059539   0.94876933  2.57905093 -0.55701599  2.15691475
 -1.92492883 -0.9459999  -2.38890231 -2.29716672 -1.41970735 -2.89011635
  1.54291494  1.82291524  1.59769314  1.056922    1.44341342 -2.36746673
 -2.67399914  1.7229512   0.98565027 -0.37426407 -2.61928022  1.62629013
 -1.23011834 -2.50267486  0.07433113]
Thu Jun 13 20:53:57 2024,220,0.1416978181798144,[-2.85316796e+00  2.27628944e+00 -1.71786938e+00  1.60987537e-01
  4.63477408e-01 -3.13318841e+00  3.17187355e+00  2.12694721e+00
  1.11080823e+00 -9.99507324e-01  5.73955853e-01  1.32668040e+00
  1.34378524e+00 -1.86527761e+00  8.16716243e-01  2.92228119e+00
 -4.57243329e-01 -4.42876554e-01 -1.93625987e+00  7.39466063e-01
  1.65308786e+00  2.88773516e+00 -1.38021925e+00 -3.83041858e-01
 -2.26196490e+00 -2.11145559e+00  3.13319093e+00  2.79272807e+00
 -7.78583210e-01 -2.68794841e+00  1.55969349e+00 -2.12770360e-01
 -2.37919564e+00  1.92917338e+00  1.12657808e+00 -5.97205973e-01
  1.14338014e+00 -1.99054284e+00 -2.53792555e-01  2.29501516e+00
 -1.37173950e-01  5.66594692e-01  2.38220488e+00  6.22189393e-01
  2.63564226e+00  2.83727711e+00  2.74831720e+00 -2.89153596e+00
  3.33145591e-01 -4.18739429e-01  1.67917606e+00  2.97353810e+00
 -4.04418963e-01 -2.40744201e+00  2.70318985e+00 -3.18051509e+00
  6.49180979e-01 -7.43877002e-01 -1.74498917e+00  3.11596054e+00
 -1.95984650e+00 -1.63022547e+00 -2.53712860e+00  2.37707225e+00
 -2.13688946e+00  1.97528156e+00  1.76696801e+00  1.45929297e+00
  2.51412878e+00  2.92121435e+00  1.94224321e+00  1.48252623e+00
 -1.72525966e+00 -2.36499598e+00  1.23405737e+00  5.73110703e-01
  1.63457847e+00 -2.81909720e+00 -1.68934313e-01  2.47742813e+00
 -1.15197077e+00  1.20206239e+00  1.26010433e+00  6.59713884e-01
 -1.00208603e+00  1.14759444e+00  8.23686445e-01 -3.38159217e-01
  2.81945025e+00 -2.11112114e+00  1.55231495e+00 -6.35268308e-01
  1.00212380e+00 -3.22128661e+00 -2.21200019e+00  3.30287720e-01
 -1.10123538e+00 -3.84877681e-01  3.06959445e-01  3.76895831e-02
 -1.79150063e+00 -1.78365386e-01 -6.05704806e-01  2.87227553e+00
 -1.14254672e+00 -1.22330677e+00 -1.10623346e+00  1.27101834e+00
  1.62898864e+00 -8.38276325e-01  2.13167064e+00 -1.66873392e+00
 -2.59329307e-01 -8.73493469e-01 -2.99540240e+00  3.04907547e+00
 -1.75708451e+00  3.01963638e+00 -1.38440441e+00 -2.51704114e+00
  3.54671860e+00 -1.13245859e+00 -7.23196774e-01 -2.93881662e+00
 -2.50732195e+00  2.93188524e+00 -1.97529277e+00 -1.67964592e+00
 -4.57405323e-01  2.97796358e+00  1.31661912e-01  4.67309929e-02
 -1.59692855e+00 -1.46538590e-01 -1.59540884e+00 -3.06023231e+00
  2.94186870e+00  1.18791985e+00 -3.44965849e-01 -2.30252457e+00
  9.93475454e-01 -1.16690978e+00 -3.19741453e-01 -2.14040754e+00
 -1.94360617e+00  1.82820710e+00 -1.01444948e+00  2.59910688e+00
 -4.74009004e-01 -3.13365010e+00 -2.85491230e+00  1.92946149e+00
 -3.02523808e+00 -2.81153033e-01 -1.00510363e+00 -1.59071531e-01
  2.39777269e+00  1.78846699e+00 -1.57456139e-01 -2.02803205e+00
 -2.97647292e+00  9.90575571e-02 -8.22015735e-01  1.48323527e+00
 -2.51432380e+00  9.41189176e-01 -1.10081572e-01  1.24397226e-01
  2.00764966e+00  7.07195475e-01  7.88780505e-01 -1.23052057e+00
  1.62632764e+00  2.54169474e+00  1.26873225e+00  2.39760155e-01
 -1.03656667e+00  2.64373771e+00  8.20695163e-01 -2.17393447e+00
  4.07028703e-02  1.72659940e+00  1.04549567e+00 -6.38864762e-01
 -2.33274395e+00  2.40333377e+00  2.03035448e+00  1.65779078e+00
  2.24472548e+00  1.82175409e+00 -1.98167116e+00 -2.86904299e+00
  5.86778567e-01  1.38340866e+00 -2.40636102e+00 -1.31541818e+00
  2.41003666e+00  1.30020924e+00 -2.89771237e-03 -1.71308595e+00
 -1.54371131e+00  1.98074346e+00  1.51871550e+00 -7.95843838e-01
 -1.60506326e-01 -3.60563362e-01 -1.99015823e-01  2.45078015e+00
 -4.34995990e-01 -6.67697444e-01  1.03403723e+00 -2.31103637e+00
  9.43686853e-01  2.57396845e+00 -5.51933518e-01  2.16199723e+00
 -1.91984636e+00 -9.40917423e-01 -2.39398479e+00 -2.29208424e+00
 -1.41462488e+00 -2.88503388e+00  1.53783246e+00  1.81783276e+00
  1.60277562e+00  1.05183952e+00  1.44849590e+00 -2.36238425e+00
 -2.66891667e+00  1.71786872e+00  9.80567794e-01 -3.79346545e-01
 -2.62436270e+00  1.62120765e+00 -1.23520082e+00 -2.49759238e+00
  6.92486538e-02]
Thu Jun 13 20:54:17 2024,221,0.14093331996058128,[-2.84924445e+00  2.27236593e+00 -1.71394587e+00  1.64911048e-01
  4.59553897e-01 -3.12926490e+00  3.16795004e+00  2.12302370e+00
  1.10688472e+00 -9.95583814e-01  5.70032343e-01  1.33060391e+00
  1.34770875e+00 -1.86920112e+00  8.12792733e-01  2.91835768e+00
 -4.53319818e-01 -4.38953044e-01 -1.93233636e+00  7.35542553e-01
  1.65701137e+00  2.89165867e+00 -1.37629574e+00 -3.86965369e-01
 -2.25804139e+00 -2.11537910e+00  3.12926741e+00  2.79665158e+00
 -7.74659700e-01 -2.68402490e+00  1.55576998e+00 -2.08846849e-01
 -2.38311915e+00  1.92524987e+00  1.12265457e+00 -5.93282463e-01
  1.13945663e+00 -1.98661933e+00 -2.57716065e-01  2.29893867e+00
 -1.33250439e-01  5.62671181e-01  2.37828137e+00  6.18265883e-01
  2.63956577e+00  2.83335360e+00  2.75224071e+00 -2.89545947e+00
  3.29222080e-01 -4.22662940e-01  1.67525255e+00  2.97746161e+00
 -4.08342474e-01 -2.41136552e+00  2.70711336e+00 -3.18443860e+00
  6.53104489e-01 -7.39953491e-01 -1.74891268e+00  3.11203703e+00
 -1.95592299e+00 -1.63414898e+00 -2.54105211e+00  2.37314874e+00
 -2.14081297e+00  1.97135805e+00  1.76304450e+00  1.45536946e+00
  2.51805229e+00  2.91729083e+00  1.94616672e+00  1.48644974e+00
 -1.72918317e+00 -2.36107247e+00  1.23798088e+00  5.77034214e-01
  1.63850198e+00 -2.82302071e+00 -1.65010803e-01  2.47350462e+00
 -1.15589428e+00  1.19813888e+00  1.26402785e+00  6.55790373e-01
 -9.98162517e-01  1.14367093e+00  8.19762934e-01 -3.34235706e-01
  2.82337376e+00 -2.10719763e+00  1.55623846e+00 -6.31344798e-01
  1.00604731e+00 -3.21736310e+00 -2.20807667e+00  3.34211230e-01
 -1.09731187e+00 -3.80954170e-01  3.10882955e-01  3.37660727e-02
 -1.78757712e+00 -1.82288896e-01 -6.01781296e-01  2.87619905e+00
 -1.13862321e+00 -1.21938326e+00 -1.11015697e+00  1.27494185e+00
  1.62506513e+00 -8.34352814e-01  2.12774713e+00 -1.67265743e+00
 -2.63252817e-01 -8.69569959e-01 -2.99932592e+00  3.05299898e+00
 -1.76100802e+00  3.01571287e+00 -1.38048090e+00 -2.51311763e+00
  3.55064211e+00 -1.12853508e+00 -7.27120284e-01 -2.94274013e+00
 -2.51124546e+00  2.92796173e+00 -1.97921628e+00 -1.67572241e+00
 -4.53481812e-01  2.97404007e+00  1.27738402e-01  4.28074825e-02
 -1.59300504e+00 -1.50462101e-01 -1.59933235e+00 -3.06415582e+00
  2.93794519e+00  1.19184336e+00 -3.41042339e-01 -2.29860106e+00
  9.97398965e-01 -1.17083329e+00 -3.15817943e-01 -2.14433106e+00
 -1.94752968e+00  1.82428359e+00 -1.01837300e+00  2.59518337e+00
 -4.70085493e-01 -3.13757361e+00 -2.85098879e+00  1.92553798e+00
 -3.02916159e+00 -2.85076544e-01 -1.00118012e+00 -1.55148020e-01
  2.40169620e+00  1.78454347e+00 -1.61379650e-01 -2.02410854e+00
 -2.97254941e+00  1.02981068e-01 -8.25939245e-01  1.48715878e+00
 -2.51824731e+00  9.37265665e-01 -1.14005083e-01  1.28320736e-01
  2.01157317e+00  7.11118986e-01  7.84856995e-01 -1.22659706e+00
  1.63025115e+00  2.54561825e+00  1.26480874e+00  2.35836644e-01
 -1.03264316e+00  2.64766122e+00  8.24618673e-01 -2.17785798e+00
  4.46263808e-02  1.72267589e+00  1.04157216e+00 -6.42788272e-01
 -2.32882044e+00  2.39941026e+00  2.03427799e+00  1.66171429e+00
  2.24864899e+00  1.81783058e+00 -1.98559467e+00 -2.87296650e+00
  5.90702078e-01  1.38733217e+00 -2.40243751e+00 -1.31934169e+00
  2.41396017e+00  1.30413275e+00  1.02579810e-03 -1.70916244e+00
 -1.53978780e+00  1.98466697e+00  1.51479199e+00 -7.91920327e-01
 -1.64429837e-01 -3.64486872e-01 -2.02939334e-01  2.44685664e+00
 -4.31072480e-01 -6.71620955e-01  1.03011372e+00 -2.30711286e+00
  9.39763343e-01  2.57789196e+00 -5.55857028e-01  2.16592074e+00
 -1.92376987e+00 -9.44840933e-01 -2.39790830e+00 -2.28816073e+00
 -1.41070137e+00 -2.88895739e+00  1.54175597e+00  1.82175627e+00
  1.60669913e+00  1.04791601e+00  1.44457239e+00 -2.35846074e+00
 -2.67284018e+00  1.72179223e+00  9.84491305e-01 -3.83270055e-01
 -2.62043919e+00  1.61728414e+00 -1.23912433e+00 -2.49366887e+00
  6.53251433e-02]
Thu Jun 13 20:54:35 2024,222,0.14081943676201242,[-2.84738036e+00  2.27050185e+00 -1.71580996e+00  1.66775135e-01
  4.57689809e-01 -3.12740082e+00  3.16981413e+00  2.12488779e+00
  1.10874881e+00 -9.93719726e-01  5.71896431e-01  1.33246800e+00
  1.34584466e+00 -1.87106521e+00  8.10928645e-01  2.91649359e+00
 -4.55183906e-01 -4.37088956e-01 -1.93047227e+00  7.33678465e-01
  1.65514728e+00  2.88979458e+00 -1.37443165e+00 -3.88829456e-01
 -2.25617730e+00 -2.11724319e+00  3.12740333e+00  2.79851567e+00
 -7.76523788e-01 -2.68588899e+00  1.55763407e+00 -2.10710937e-01
 -2.38498324e+00  1.92338579e+00  1.12079048e+00 -5.95146551e-01
  1.13759254e+00 -1.98475524e+00 -2.55851978e-01  2.29707458e+00
 -1.35114527e-01  5.64535269e-01  2.38014546e+00  6.20129971e-01
  2.63770169e+00  2.83148951e+00  2.75037662e+00 -2.89359539e+00
  3.27357993e-01 -4.20798852e-01  1.67338846e+00  2.97559752e+00
 -4.10206562e-01 -2.40950143e+00  2.70524927e+00 -3.18630269e+00
  6.54968577e-01 -7.38089403e-01 -1.74704859e+00  3.11017294e+00
 -1.95778708e+00 -1.63228489e+00 -2.54291620e+00  2.37128465e+00
 -2.14267706e+00  1.97322214e+00  1.76490859e+00  1.45723354e+00
  2.51618821e+00  2.91542675e+00  1.94803081e+00  1.48831383e+00
 -1.72731908e+00 -2.35920838e+00  1.23611679e+00  5.78898301e-01
  1.64036607e+00 -2.82115662e+00 -1.63146715e-01  2.47164054e+00
 -1.15403019e+00  1.19627479e+00  1.26589193e+00  6.53926286e-01
 -1.00002660e+00  1.14553502e+00  8.17898847e-01 -3.32371619e-01
  2.82150967e+00 -2.10533355e+00  1.55437438e+00 -6.33208886e-01
  1.00418322e+00 -3.21549902e+00 -2.20994076e+00  3.36075318e-01
 -1.09544778e+00 -3.82818258e-01  3.09018867e-01  3.19019849e-02
 -1.78944120e+00 -1.80424809e-01 -5.99917208e-01  2.87806313e+00
 -1.14048729e+00 -1.21751918e+00 -1.10829289e+00  1.27307776e+00
  1.62320105e+00 -8.32488727e-01  2.12961122e+00 -1.67079334e+00
 -2.61388730e-01 -8.67705871e-01 -3.00119000e+00  3.05113490e+00
 -1.76287211e+00  3.01384878e+00 -1.38234499e+00 -2.51498172e+00
  3.54877802e+00 -1.12667100e+00 -7.28984372e-01 -2.94460421e+00
 -2.50938138e+00  2.92982582e+00 -1.97735219e+00 -1.67758650e+00
 -4.55345900e-01  2.97590416e+00  1.29602490e-01  4.09433947e-02
 -1.59114095e+00 -1.52326189e-01 -1.59746826e+00 -3.06601991e+00
  2.93980928e+00  1.18997927e+00 -3.42906427e-01 -2.29673697e+00
  9.99263052e-01 -1.17269738e+00 -3.13953855e-01 -2.14619514e+00
 -1.94566559e+00  1.82241950e+00 -1.02023708e+00  2.59331928e+00
 -4.68221406e-01 -3.13943770e+00 -2.85285288e+00  1.92367390e+00
 -3.03102568e+00 -2.86940632e-01 -1.00304420e+00 -1.53283932e-01
  2.39983211e+00  1.78267939e+00 -1.63243737e-01 -2.02224445e+00
 -2.97068532e+00  1.01116980e-01 -8.24075157e-01  1.48529469e+00
 -2.51638322e+00  9.35401577e-01 -1.15869170e-01  1.30184824e-01
  2.01343725e+00  7.09254898e-01  7.82992907e-01 -1.22846114e+00
  1.62838706e+00  2.54748234e+00  1.26294465e+00  2.37700732e-01
 -1.03450725e+00  2.64952531e+00  8.26482761e-01 -2.17972207e+00
  4.27622930e-02  1.72453997e+00  1.03970807e+00 -6.44652360e-01
 -2.32695635e+00  2.39754617e+00  2.03241390e+00  1.66357838e+00
  2.24678490e+00  1.81969466e+00 -1.98745876e+00 -2.87110241e+00
  5.92566166e-01  1.38919626e+00 -2.40430160e+00 -1.32120577e+00
  2.41209608e+00  1.30599684e+00 -8.38289647e-04 -1.70729835e+00
 -1.53792371e+00  1.98653106e+00  1.51292790e+00 -7.93784415e-01
 -1.66293924e-01 -3.62622784e-01 -2.04803421e-01  2.44499256e+00
 -4.32936567e-01 -6.73485043e-01  1.03197781e+00 -2.30524878e+00
  9.37899255e-01  2.57975605e+00 -5.53992940e-01  2.16405665e+00
 -1.92563396e+00 -9.42976845e-01 -2.39604421e+00 -2.28629665e+00
 -1.40883728e+00 -2.88709330e+00  1.53989189e+00  1.82362036e+00
  1.60483504e+00  1.04978010e+00  1.44643648e+00 -2.36032483e+00
 -2.67470427e+00  1.72365632e+00  9.82627217e-01 -3.81405967e-01
 -2.61857510e+00  1.61914823e+00 -1.23726024e+00 -2.49180479e+00
  6.71892311e-02]
Thu Jun 13 20:55:50 2024,223,0.14062469721348464,[-2.85004392e+00  2.27316541e+00 -1.71314639e+00  1.64111573e-01
  4.60353372e-01 -3.12473725e+00  3.16715057e+00  2.12222423e+00
  1.11141237e+00 -9.91056163e-01  5.74559993e-01  1.32980444e+00
  1.34318110e+00 -1.87372877e+00  8.13592208e-01  2.91915715e+00
 -4.52520343e-01 -4.34425393e-01 -1.93313583e+00  7.36342028e-01
  1.65781085e+00  2.89245814e+00 -1.37709521e+00 -3.86165894e-01
 -2.25351374e+00 -2.11457962e+00  3.12473976e+00  2.80117923e+00
 -7.79187351e-01 -2.68322542e+00  1.55497051e+00 -2.13374500e-01
 -2.38764680e+00  1.92072222e+00  1.11812692e+00 -5.92482988e-01
  1.13492898e+00 -1.98209168e+00 -2.53188415e-01  2.29973814e+00
 -1.37778090e-01  5.61871706e-01  2.38280902e+00  6.22793534e-01
  2.63503812e+00  2.83415307e+00  2.75304019e+00 -2.89093182e+00
  3.30021556e-01 -4.23462415e-01  1.67072490e+00  2.97826108e+00
 -4.07542999e-01 -2.40683786e+00  2.70791283e+00 -3.18363913e+00
  6.52305014e-01 -7.35425841e-01 -1.74438503e+00  3.11283651e+00
 -1.96045064e+00 -1.62962133e+00 -2.54025264e+00  2.36862109e+00
 -2.14534062e+00  1.97055858e+00  1.76757215e+00  1.45989711e+00
  2.51885177e+00  2.91276318e+00  1.94536725e+00  1.49097739e+00
 -1.72998265e+00 -2.36187194e+00  1.23345323e+00  5.81561864e-01
  1.63770251e+00 -2.81849306e+00 -1.65810278e-01  2.46897697e+00
 -1.15136663e+00  1.19361123e+00  1.26322837e+00  6.51262723e-01
 -1.00269017e+00  1.14287145e+00  8.15235284e-01 -3.29708056e-01
  2.82417323e+00 -2.10799711e+00  1.55171081e+00 -6.30545323e-01
  1.00684679e+00 -3.21283545e+00 -2.21260433e+00  3.38738881e-01
 -1.09278422e+00 -3.80154695e-01  3.06355305e-01  3.45655477e-02
 -1.78677764e+00 -1.83088372e-01 -5.97253645e-01  2.88072670e+00
 -1.13782373e+00 -1.22018274e+00 -1.10562932e+00  1.27574132e+00
  1.62586461e+00 -8.35152289e-01  2.13227478e+00 -1.66812978e+00
 -2.64052292e-01 -8.65042308e-01 -2.99852644e+00  3.05379846e+00
 -1.76020855e+00  3.01118522e+00 -1.37968143e+00 -2.51231816e+00
  3.55144159e+00 -1.12400743e+00 -7.31647935e-01 -2.94194065e+00
 -2.50671781e+00  2.93248938e+00 -1.97468863e+00 -1.67492294e+00
 -4.52682337e-01  2.97856772e+00  1.32266052e-01  4.36069575e-02
 -1.59380451e+00 -1.49662626e-01 -1.60013182e+00 -3.06335635e+00
  2.93714571e+00  1.18731571e+00 -3.45569990e-01 -2.29407341e+00
  1.00192662e+00 -1.17536095e+00 -3.11290292e-01 -2.14353158e+00
 -1.94832916e+00  1.81975594e+00 -1.01757352e+00  2.59065572e+00
 -4.65557843e-01 -3.13677414e+00 -2.85018931e+00  1.92101033e+00
 -3.03368924e+00 -2.84277069e-01 -1.00038064e+00 -1.50620370e-01
  2.39716855e+00  1.78001582e+00 -1.60580175e-01 -2.02490801e+00
 -2.97334889e+00  1.03780543e-01 -8.26738720e-01  1.48795825e+00
 -2.51371966e+00  9.32738015e-01 -1.18532733e-01  1.32848387e-01
  2.01077369e+00  7.11918461e-01  7.80329344e-01 -1.23112471e+00
  1.62572350e+00  2.54481878e+00  1.26560822e+00  2.35037169e-01
 -1.03717081e+00  2.65218887e+00  8.23819198e-01 -2.18238563e+00
  4.00987302e-02  1.72720354e+00  1.04237163e+00 -6.47315923e-01
 -2.32961991e+00  2.40020974e+00  2.02975034e+00  1.66624194e+00
  2.24944847e+00  1.82235823e+00 -1.98479520e+00 -2.86843884e+00
  5.89902603e-01  1.38653270e+00 -2.40696516e+00 -1.31854221e+00
  2.40943251e+00  1.30333328e+00  1.82527317e-03 -1.70463479e+00
 -1.54058728e+00  1.98919462e+00  1.51559146e+00 -7.91120852e-01
 -1.63630361e-01 -3.65286347e-01 -2.07466984e-01  2.44232899e+00
 -4.35600130e-01 -6.76148605e-01  1.03464137e+00 -2.30258521e+00
  9.35235692e-01  2.58241961e+00 -5.51329377e-01  2.16672021e+00
 -1.92297039e+00 -9.40313282e-01 -2.39870777e+00 -2.28896021e+00
 -1.40617372e+00 -2.88442974e+00  1.53722832e+00  1.82628392e+00
  1.60749860e+00  1.04711654e+00  1.44910004e+00 -2.36298839e+00
 -2.67736783e+00  1.72631988e+00  9.85290780e-01 -3.84069530e-01
 -2.62123866e+00  1.62181179e+00 -1.23459668e+00 -2.48914122e+00
  6.45256683e-02]
Thu Jun 13 20:56:06 2024,224,0.1404633193114267,[-2.85289481e+00  2.27031453e+00 -1.71599728e+00  1.61260690e-01
  4.63204255e-01 -3.12758814e+00  3.16429969e+00  2.11937334e+00
  1.10856149e+00 -9.93907046e-01  5.71709111e-01  1.32695355e+00
  1.34603198e+00 -1.87087789e+00  8.16443091e-01  2.91630627e+00
 -4.49669460e-01 -4.37276276e-01 -1.93598672e+00  7.33491145e-01
  1.65495996e+00  2.89530903e+00 -1.37424433e+00 -3.89016776e-01
 -2.25636462e+00 -2.11172874e+00  3.12759065e+00  2.79832835e+00
 -7.76336468e-01 -2.68037454e+00  1.55211962e+00 -2.16225383e-01
 -2.39049768e+00  1.92357311e+00  1.11527603e+00 -5.89632105e-01
  1.13207809e+00 -1.97924079e+00 -2.56039298e-01  2.30258903e+00
 -1.34927207e-01  5.64722589e-01  2.38565990e+00  6.19942651e-01
  2.63788901e+00  2.83130219e+00  2.75589107e+00 -2.89378271e+00
  3.27170673e-01 -4.26313297e-01  1.67357578e+00  2.98111197e+00
 -4.10393881e-01 -2.40398698e+00  2.71076372e+00 -3.18649001e+00
  6.49454131e-01 -7.38276723e-01 -1.74723591e+00  3.10998562e+00
 -1.96330152e+00 -1.62677044e+00 -2.54310352e+00  2.37147197e+00
 -2.14819150e+00  1.96770769e+00  1.76472127e+00  1.45704622e+00
  2.51600089e+00  2.91561407e+00  1.94821813e+00  1.49382827e+00
 -1.73283353e+00 -2.36472282e+00  1.23060235e+00  5.84412747e-01
  1.63485163e+00 -2.82134394e+00 -1.62959395e-01  2.46612609e+00
 -1.15421751e+00  1.19076035e+00  1.26607925e+00  6.48411840e-01
 -1.00554105e+00  1.14572234e+00  8.18086167e-01 -3.32558939e-01
  2.82702412e+00 -2.10514623e+00  1.55456170e+00 -6.27694440e-01
  1.00399590e+00 -3.21568634e+00 -2.20975344e+00  3.35887998e-01
 -1.08993334e+00 -3.83005578e-01  3.03504422e-01  3.74164305e-02
 -1.78962852e+00 -1.85939254e-01 -6.00104528e-01  2.88357758e+00
 -1.14067461e+00 -1.21733186e+00 -1.10277844e+00  1.27289044e+00
  1.62301373e+00 -8.38003172e-01  2.12942390e+00 -1.66527890e+00
 -2.61201410e-01 -8.62191425e-01 -2.99567556e+00  3.05094758e+00
 -1.76305943e+00  3.01403610e+00 -1.38253231e+00 -2.51516904e+00
  3.55429247e+00 -1.12115655e+00 -7.28797052e-01 -2.94479153e+00
 -2.50386693e+00  2.92963850e+00 -1.97753951e+00 -1.67207206e+00
 -4.49831455e-01  2.97571684e+00  1.35116935e-01  4.07560748e-02
 -1.59665539e+00 -1.52513508e-01 -1.60298271e+00 -3.06050546e+00
  2.93429483e+00  1.19016659e+00 -3.42719107e-01 -2.29692429e+00
  9.99075733e-01 -1.17821183e+00 -3.08439409e-01 -2.14068070e+00
 -1.94547827e+00  1.81690505e+00 -1.01472264e+00  2.59350660e+00
 -4.68408725e-01 -3.13392325e+00 -2.84733843e+00  1.91815945e+00
 -3.03083836e+00 -2.81426186e-01 -9.97529758e-01 -1.53471252e-01
  2.39431766e+00  1.77716494e+00 -1.57729292e-01 -2.02205713e+00
 -2.97619977e+00  1.06631425e-01 -8.29589603e-01  1.48510737e+00
 -2.51657054e+00  9.29887132e-01 -1.21383616e-01  1.29997504e-01
  2.01362457e+00  7.14769343e-01  7.77478461e-01 -1.23397559e+00
  1.62287262e+00  2.54196789e+00  1.26845910e+00  2.37888052e-01
 -1.04002170e+00  2.64933799e+00  8.20968316e-01 -2.17953475e+00
  4.29496129e-02  1.72435265e+00  1.03952075e+00 -6.44465040e-01
 -2.32676903e+00  2.40306062e+00  2.02689945e+00  1.66909283e+00
  2.24659758e+00  1.81950734e+00 -1.98194431e+00 -2.86558796e+00
  5.92753485e-01  1.38368182e+00 -2.40981605e+00 -1.32139309e+00
  2.40658163e+00  1.30618416e+00 -1.02560957e-03 -1.70748567e+00
 -1.54343816e+00  1.99204550e+00  1.51844235e+00 -7.88269969e-01
 -1.66481244e-01 -3.68137230e-01 -2.10317867e-01  2.43947811e+00
 -4.38451013e-01 -6.73297723e-01  1.03749225e+00 -2.29973433e+00
  9.38086575e-01  2.58527049e+00 -5.48478495e-01  2.16957110e+00
 -1.92582128e+00 -9.43164165e-01 -2.39585689e+00 -2.29181109e+00
 -1.40332283e+00 -2.88157885e+00  1.54007921e+00  1.82913480e+00
  1.60464772e+00  1.04426566e+00  1.45195092e+00 -2.36013751e+00
 -2.68021871e+00  1.72917076e+00  9.88141662e-01 -3.86920413e-01
 -2.61838778e+00  1.62466268e+00 -1.23744756e+00 -2.49199211e+00
  6.16747855e-02]
Thu Jun 13 20:56:21 2024,225,0.1402339218414092,[-2.85060196e+00  2.27260737e+00 -1.71370443e+00  1.63553532e-01
  4.60911413e-01 -3.12988098e+00  3.16659253e+00  2.11708050e+00
  1.10626865e+00 -9.96199888e-01  5.74001953e-01  1.32924640e+00
  1.34832482e+00 -1.86858505e+00  8.14150248e-01  2.91401343e+00
 -4.51962303e-01 -4.34983433e-01 -1.93827956e+00  7.31198303e-01
  1.65266712e+00  2.89301618e+00 -1.37195149e+00 -3.86723934e-01
 -2.25865746e+00 -2.10943590e+00  3.12529780e+00  2.80062119e+00
 -7.78629310e-01 -2.68266738e+00  1.55441247e+00 -2.13932540e-01
 -2.38820484e+00  1.92128026e+00  1.11298319e+00 -5.87339263e-01
  1.12978525e+00 -1.97694795e+00 -2.58332140e-01  2.30488187e+00
 -1.37220049e-01  5.62429747e-01  2.38795274e+00  6.17649808e-01
  2.64018185e+00  2.83359503e+00  2.75818391e+00 -2.89607555e+00
  3.29463515e-01 -4.28606140e-01  1.67128294e+00  2.97881912e+00
 -4.12686724e-01 -2.40169414e+00  2.70847087e+00 -3.18878285e+00
  6.51746974e-01 -7.40569566e-01 -1.74952875e+00  3.10769278e+00
 -1.96100868e+00 -1.62906329e+00 -2.54539636e+00  2.36917913e+00
 -2.15048434e+00  1.97000054e+00  1.76701411e+00  1.45475338e+00
  2.51829373e+00  2.91332122e+00  1.94592529e+00  1.49612112e+00
 -1.73512637e+00 -2.36242998e+00  1.23289519e+00  5.82119904e-01
  1.63255878e+00 -2.81905110e+00 -1.60666553e-01  2.46841893e+00
 -1.15651035e+00  1.18846751e+00  1.26378641e+00  6.46118998e-01
 -1.00324821e+00  1.14801518e+00  8.15793324e-01 -3.34851781e-01
  2.82473127e+00 -2.10743907e+00  1.55685454e+00 -6.29987282e-01
  1.00628875e+00 -3.21797918e+00 -2.20746060e+00  3.38180841e-01
 -1.08764049e+00 -3.80712735e-01  3.05797264e-01  3.51235881e-02
 -1.79192137e+00 -1.88232097e-01 -6.02397370e-01  2.88587042e+00
 -1.13838177e+00 -1.21503901e+00 -1.10507128e+00  1.27518328e+00
  1.62072088e+00 -8.40296014e-01  2.12713106e+00 -1.66298606e+00
 -2.58908567e-01 -8.64484268e-01 -2.99338272e+00  3.04865473e+00
 -1.76535227e+00  3.01632895e+00 -1.38023947e+00 -2.51746188e+00
  3.55199963e+00 -1.11886371e+00 -7.31089895e-01 -2.94249869e+00
 -2.50615977e+00  2.93193134e+00 -1.97983236e+00 -1.67436490e+00
 -4.52124297e-01  2.97342400e+00  1.37409777e-01  3.84632324e-02
 -1.59894824e+00 -1.50220666e-01 -1.60068986e+00 -3.05821262e+00
  2.93658767e+00  1.19245943e+00 -3.40426264e-01 -2.29463145e+00
  9.96782890e-01 -1.17591899e+00 -3.06146567e-01 -2.13838786e+00
 -1.94318543e+00  1.81461221e+00 -1.01701548e+00  2.59579945e+00
 -4.70701568e-01 -3.13621609e+00 -2.84963127e+00  1.91586661e+00
 -3.03313120e+00 -2.83719029e-01 -9.95236915e-01 -1.51178410e-01
  2.39202482e+00  1.77945778e+00 -1.55436449e-01 -2.01976429e+00
 -2.97390693e+00  1.08924268e-01 -8.27296761e-01  1.48740021e+00
 -2.51427770e+00  9.32179974e-01 -1.19090774e-01  1.32290347e-01
  2.01133173e+00  7.17062186e-01  7.79771304e-01 -1.23168275e+00
  1.62516546e+00  2.53967505e+00  1.27075194e+00  2.40180894e-01
 -1.04231454e+00  2.65163083e+00  8.18675473e-01 -2.18182759e+00
  4.06567706e-02  1.72664550e+00  1.03722791e+00 -6.42172198e-01
 -2.32906187e+00  2.40076778e+00  2.02919230e+00  1.67138567e+00
  2.24430474e+00  1.81721450e+00 -1.98423716e+00 -2.86329512e+00
  5.90460643e-01  1.38138897e+00 -2.40752320e+00 -1.31910025e+00
  2.40887447e+00  1.30389132e+00  1.26723281e-03 -1.70977851e+00
 -1.54114532e+00  1.99433834e+00  1.52073519e+00 -7.90562812e-01
 -1.68774087e-01 -3.70430072e-01 -2.12610709e-01  2.44177095e+00
 -4.40743855e-01 -6.71004880e-01  1.03519941e+00 -2.29744149e+00
  9.35793733e-01  2.58297765e+00 -5.50771337e-01  2.16727825e+00
 -1.92811412e+00 -9.40871323e-01 -2.39356405e+00 -2.28951825e+00
 -1.40561568e+00 -2.87928601e+00  1.54237205e+00  1.82684196e+00
  1.60235488e+00  1.04197281e+00  1.45424376e+00 -2.35784467e+00
 -2.67792587e+00  1.72687792e+00  9.85848820e-01 -3.84627570e-01
 -2.62068062e+00  1.62236983e+00 -1.23974041e+00 -2.49428495e+00
  6.39676279e-02]
Thu Jun 13 20:56:36 2024,226,0.1398830933251772,[-2.85365059  2.27565599 -1.71675306  0.16660216  0.46396004 -3.13292961
  3.16964115  2.11403187  1.10931727 -0.99315126  0.57095333  1.33229502
  1.3452762  -1.87163367  0.81719887  2.9109648  -0.45501093 -0.43193481
 -1.93523093  0.73424693  1.64961849  2.89606481 -1.36890286 -0.38367531
 -2.25560884 -2.10638727  3.12834643  2.79757256 -0.77558068 -2.67961876
  1.55136384 -0.21088391 -2.38515621  1.91823164  1.10993457 -0.59038789
  1.13283388 -1.97999658 -0.25528351  2.3079305  -0.14026868  0.55938112
  2.39100137  0.62069843  2.63713322  2.83664366  2.75513528 -2.89302692
  0.32641489 -0.43165477  1.67433157  2.98186775 -0.41573535 -2.39864551
  2.70542225 -3.18573423  0.6547956  -0.74361819 -1.75257738  3.10464416
 -1.95796006 -1.62601466 -2.54234773  2.37222776 -2.15353297  1.96695191
  1.76396549  1.45780201  2.5152451   2.91636985  1.94287666  1.49916974
 -1.73207774 -2.35938136  1.22984656  0.58516853  1.63560741 -2.82209973
 -0.15761793  2.46537031 -1.15346173  1.19151613  1.26073778  0.64916762
 -1.00629683  1.14496655  0.8127447  -0.33180315  2.82168265 -2.1104877
  1.55990316 -0.63303591  1.00933737 -3.2210278  -2.20441197  0.34122947
 -1.09068912 -0.38376136  0.30884589  0.03207496 -1.79496999 -0.19128072
 -0.605446    2.88282179 -1.1414304  -1.21808764 -1.10811991  1.27823191
  1.61767226 -0.83724739  2.13017968 -1.66603468 -0.25585994 -0.86143564
 -2.99643134  3.04560611 -1.7684009   3.01328032 -1.38328809 -2.51441326
  3.55504825 -1.11581508 -0.72804127 -2.94554732 -2.5092084   2.92888271
 -1.98288098 -1.67131627 -0.45517292  2.97037537  0.13436115  0.03541461
 -1.60199686 -0.14717204 -1.59764124 -3.05516399  2.93353905  1.19550806
 -0.33737764 -2.29768008  0.99373426 -1.17896761 -0.30309794 -2.13533923
 -1.94623406  1.81156358 -1.02006411  2.59275082 -0.46765294 -3.13316747
 -2.8526799   1.91281798 -3.03008258 -0.2806704  -0.99218829 -0.14812978
  2.38897619  1.77640916 -0.15848508 -2.01671566 -2.9708583   0.11197289
 -0.83034539  1.49044884 -2.51732632  0.9352286  -0.11604215  0.13533897
  2.00828311  0.72011081  0.78281993 -1.23473137  1.62821409  2.54272368
  1.27380057  0.24322952 -1.03926591  2.65467946  0.8217241  -2.17877896
  0.0437054   1.72969412  1.04027653 -0.63912357 -2.3321105   2.39771915
  2.02614367  1.6744343   2.24735337  1.81416588 -1.98118853 -2.86024649
  0.58741202  1.3844376  -2.41057183 -1.32214888  2.40582585  1.30084269
  0.00431586 -1.70672989 -1.53809669  1.99738697  1.51768656 -0.79361144
 -0.17182271 -0.36738145 -0.21565934  2.44481958 -0.44379248 -0.66795625
  1.03215079 -2.29439286  0.93274511  2.58602628 -0.54772271  2.17032688
 -1.93116274 -0.9378227  -2.39661267 -2.29256688 -1.4086643  -2.88233464
  1.53932342  1.82989059  1.6054035   1.03892419  1.45729239 -2.35479604
 -2.6809745   1.72992655  0.98889745 -0.38157894 -2.61763199  1.62541846
 -1.24278903 -2.49123632  0.06701625]
Thu Jun 13 20:57:15 2024,227,0.13982739611300032,[-2.85517874  2.27412785 -1.71522491  0.16507401  0.46243189 -3.13140146
  3.1711693   2.11250373  1.10778913 -0.99162311  0.56942518  1.33382317
  1.34680434 -1.87316182  0.81872702  2.90943665 -0.45348278 -0.43346295
 -1.93675908  0.73271878  1.64809035  2.89453666 -1.37043101 -0.38520345
 -2.25713698 -2.10485912  3.12987458  2.79604442 -0.77405254 -2.6811469
  1.55289199 -0.20935577 -2.38362807  1.91975978  1.10840642 -0.59191604
  1.13130573 -1.97846843 -0.25681166  2.30640235 -0.13874053  0.55785297
  2.38947322  0.61917029  2.63866137  2.83817181  2.75666343 -2.89455507
  0.32488674 -0.43318291  1.67585972  2.9833959  -0.4142072  -2.39711737
  2.7069504  -3.18420608  0.65632375 -0.74209005 -1.75410553  3.10311601
 -1.9594882  -1.62448651 -2.54081959  2.37069961 -2.15200482  1.96542376
  1.76549363  1.45933016  2.51677325  2.9148417   1.94440481  1.4976416
 -1.73360589 -2.35785321  1.22831842  0.58364038  1.63407926 -2.82057158
 -0.15914607  2.46384216 -1.15498987  1.18998799  1.25920964  0.64763948
 -1.00476869  1.1464947   0.81121655 -0.33027501  2.8201545  -2.11201584
  1.55837502 -0.63456406  1.01086552 -3.21949966 -2.20594012  0.34275761
 -1.08916097 -0.38528951  0.30731774  0.03360311 -1.79649814 -0.19280887
 -0.60697414  2.88129365 -1.13990225 -1.21655949 -1.10659176  1.27670376
  1.61614411 -0.83571924  2.13170783 -1.66450654 -0.25433179 -0.86296379
 -2.99795949  3.04407796 -1.76687275  3.01175217 -1.38175995 -2.51288511
  3.55352011 -1.11428693 -0.72651312 -2.94401917 -2.50768025  2.93041086
 -1.98135284 -1.66978813 -0.45670107  2.96884722  0.1358893   0.03388646
 -1.60352501 -0.14564389 -1.59916938 -3.05363585  2.9320109   1.19397991
 -0.33890579 -2.29920822  0.99526241 -1.17743947 -0.30462609 -2.13686738
 -1.94776221  1.81309173 -1.02159225  2.59427897 -0.46612479 -3.13469562
 -2.85115175  1.91434613 -3.02855443 -0.27914225 -0.99066014 -0.14965793
  2.38744805  1.7779373  -0.15695693 -2.01518751 -2.96933015  0.11350104
 -0.82881724  1.49197698 -2.51579818  0.93675675 -0.11757029  0.13686712
  2.00675496  0.72163896  0.78129178 -1.23625952  1.62974223  2.54425183
  1.27227242  0.24475767 -1.03773777  2.65315131  0.82019595 -2.17725082
  0.04523354  1.72816598  1.04180468 -0.64065172 -2.33058235  2.396191
  2.02461552  1.67596244  2.24888151  1.81569402 -1.97966038 -2.86177464
  0.58894016  1.38290945 -2.40904368 -1.32062073  2.407354    1.29931454
  0.00584401 -1.70520174 -1.53962484  1.99891512  1.51615842 -0.79208329
 -0.17029457 -0.36890959 -0.21413119  2.44634773 -0.44532063 -0.6694844
  1.03062264 -2.29592101  0.93427325  2.58449813 -0.54925086  2.17185503
 -1.93269089 -0.93629455 -2.39508453 -2.29103873 -1.41019245 -2.88386278
  1.53779528  1.83141874  1.60693165  1.03739604  1.45576424 -2.35326789
 -2.67944635  1.73145469  0.99042559 -0.38310709 -2.61916014  1.62694661
 -1.24431718 -2.48970817  0.06548811]
Thu Jun 13 20:57:31 2024,228,0.1396812456040593,[-2.85764768e+00  2.27165890e+00 -1.71275597e+00  1.67542955e-01
  4.59962949e-01 -3.13387040e+00  3.16870036e+00  2.11497267e+00
  1.11025807e+00 -9.94092058e-01  5.66956236e-01  1.33135423e+00
  1.34927329e+00 -1.87563077e+00  8.21195965e-01  2.91190560e+00
 -4.51013839e-01 -4.35931897e-01 -1.93429014e+00  7.35187726e-01
  1.65055929e+00  2.89206772e+00 -1.37289995e+00 -3.82734511e-01
 -2.25960593e+00 -2.10732807e+00  3.12740563e+00  2.79357547e+00
 -7.71583593e-01 -2.68361585e+00  1.55536093e+00 -2.06886823e-01
 -2.38609701e+00  1.91729084e+00  1.11087536e+00 -5.94384980e-01
  1.13377467e+00 -1.97599949e+00 -2.59280604e-01  2.30887129e+00
 -1.36271585e-01  5.55384030e-01  2.38700428e+00  6.16701345e-01
  2.64113031e+00  2.84064075e+00  2.75419449e+00 -2.89702401e+00
  3.22417798e-01 -4.30713970e-01  1.67832866e+00  2.98092695e+00
 -4.11738260e-01 -2.39958631e+00  2.70941934e+00 -3.18667502e+00
  6.58792691e-01 -7.39621102e-01 -1.75657447e+00  3.10558495e+00
 -1.96195715e+00 -1.62695546e+00 -2.54328853e+00  2.37316855e+00
 -2.14953588e+00  1.96295482e+00  1.76302469e+00  1.45686121e+00
  2.51430431e+00  2.91731065e+00  1.94193587e+00  1.50011054e+00
 -1.73113695e+00 -2.35538426e+00  1.22584947e+00  5.86109327e-01
  1.63654821e+00 -2.82304052e+00 -1.61615016e-01  2.46631110e+00
 -1.15252093e+00  1.18751904e+00  1.25674069e+00  6.50108420e-01
 -1.00723763e+00  1.14896364e+00  8.08747607e-01 -3.32743951e-01
  2.82262344e+00 -2.11448479e+00  1.56084396e+00 -6.37032999e-01
  1.01333446e+00 -3.21703071e+00 -2.20347118e+00  3.40288671e-01
 -1.09162992e+00 -3.82820566e-01  3.09786687e-01  3.11341654e-02
 -1.79896708e+00 -1.95277814e-01 -6.09443087e-01  2.87882470e+00
 -1.13743331e+00 -1.21902844e+00 -1.10906071e+00  1.27917271e+00
  1.61367517e+00 -8.33250298e-01  2.13417677e+00 -1.66697548e+00
 -2.51862850e-01 -8.65432732e-01 -3.00042843e+00  3.04160902e+00
 -1.76440381e+00  3.00928323e+00 -1.37929100e+00 -2.51535405e+00
  3.55598905e+00 -1.11181799e+00 -7.28982064e-01 -2.94648811e+00
 -2.51014920e+00  2.93287980e+00 -1.98382178e+00 -1.67225707e+00
 -4.54232127e-01  2.97131617e+00  1.33420355e-01  3.14175155e-02
 -1.60105607e+00 -1.48112836e-01 -1.59670044e+00 -3.05610479e+00
  2.93447984e+00  1.19644885e+00 -3.36436842e-01 -2.30167717e+00
  9.97731354e-01 -1.17990841e+00 -3.02157144e-01 -2.13933632e+00
 -1.94529326e+00  1.81062279e+00 -1.01912331e+00  2.59674791e+00
 -4.68593738e-01 -3.13222667e+00 -2.84868281e+00  1.91681507e+00
 -3.03102337e+00 -2.81611198e-01 -9.93129085e-01 -1.52126874e-01
  2.38497910e+00  1.77546836e+00 -1.59425872e-01 -2.01271857e+00
 -2.96686121e+00  1.11032098e-01 -8.26348297e-01  1.48950804e+00
 -2.51826712e+00  9.34287805e-01 -1.15101351e-01  1.34398177e-01
  2.00428602e+00  7.19170016e-01  7.83760726e-01 -1.23872846e+00
  1.63221118e+00  2.54672077e+00  1.26980348e+00  2.47226611e-01
 -1.03526882e+00  2.65068237e+00  8.22664896e-01 -2.17971976e+00
  4.27646009e-02  1.72569703e+00  1.03933574e+00 -6.38182775e-01
 -2.32811341e+00  2.39372206e+00  2.02708447e+00  1.67843139e+00
  2.25135046e+00  1.81816297e+00 -1.97719144e+00 -2.86424358e+00
  5.86471220e-01  1.38044051e+00 -2.41151263e+00 -1.32308967e+00
  2.40488505e+00  1.30178349e+00  3.37506314e-03 -1.70767068e+00
 -1.53715589e+00  1.99644618e+00  1.51862736e+00 -7.94552234e-01
 -1.67825623e-01 -3.66440650e-01 -2.16600132e-01  2.44387878e+00
 -4.47789572e-01 -6.71953344e-01  1.02815370e+00 -2.29838995e+00
  9.36742197e-01  2.58202919e+00 -5.46781914e-01  2.16938608e+00
 -1.93515983e+00 -9.38763492e-01 -2.39261558e+00 -2.28856979e+00
 -1.40772351e+00 -2.88633173e+00  1.53532633e+00  1.83388768e+00
  1.60940059e+00  1.03986498e+00  1.45329530e+00 -2.35079895e+00
 -2.67697740e+00  1.73392364e+00  9.92894537e-01 -3.85576034e-01
 -2.61669120e+00  1.62447766e+00 -1.24678612e+00 -2.49217712e+00
  6.30191640e-02]
Thu Jun 13 20:57:46 2024,229,0.13968148228961944,[-2.85770123e+00  2.27171245e+00 -1.71280952e+00  1.67489407e-01
  4.60016497e-01 -3.13381685e+00  3.16875391e+00  2.11491912e+00
  1.11031162e+00 -9.94038510e-01  5.66902688e-01  1.33140777e+00
  1.34932684e+00 -1.87557722e+00  8.21142417e-01  2.91195914e+00
 -4.51067387e-01 -4.35878349e-01 -1.93423659e+00  7.35134178e-01
  1.65050574e+00  2.89201417e+00 -1.37295350e+00 -3.82680963e-01
 -2.25955238e+00 -2.10727452e+00  3.12735209e+00  2.79352193e+00
 -7.71530045e-01 -2.68366939e+00  1.55530738e+00 -2.06940371e-01
 -2.38615056e+00  1.91723729e+00  1.11082181e+00 -5.94331432e-01
  1.13372113e+00 -1.97594594e+00 -2.59227056e-01  2.30892484e+00
 -1.36218038e-01  5.55330482e-01  2.38705783e+00  6.16754892e-01
  2.64107676e+00  2.84069430e+00  2.75414094e+00 -2.89707756e+00
  3.22471346e-01 -4.30767518e-01  1.67838221e+00  2.98087341e+00
 -4.11791808e-01 -2.39963986e+00  2.70947289e+00 -3.18662148e+00
  6.58739143e-01 -7.39567554e-01 -1.75662802e+00  3.10563850e+00
 -1.96201069e+00 -1.62700900e+00 -2.54334208e+00  2.37311500e+00
 -2.14948233e+00  1.96300837e+00  1.76307824e+00  1.45691476e+00
  2.51435785e+00  2.91725710e+00  1.94188232e+00  1.50005699e+00
 -1.73119050e+00 -2.35543781e+00  1.22590302e+00  5.86055779e-01
  1.63649466e+00 -2.82298697e+00 -1.61668564e-01  2.46636465e+00
 -1.15257448e+00  1.18757259e+00  1.25668715e+00  6.50054872e-01
 -1.00718408e+00  1.14901719e+00  8.08694059e-01 -3.32797499e-01
  2.82256989e+00 -2.11453833e+00  1.56089751e+00 -6.36979451e-01
  1.01338801e+00 -3.21697717e+00 -2.20352473e+00  3.40235123e-01
 -1.09168346e+00 -3.82767018e-01  3.09840235e-01  3.11877132e-02
 -1.79902063e+00 -1.95331361e-01 -6.09496635e-01  2.87877116e+00
 -1.13748686e+00 -1.21908198e+00 -1.10911425e+00  1.27922625e+00
  1.61372871e+00 -8.33303845e-01  2.13412323e+00 -1.66692193e+00
 -2.51809302e-01 -8.65379184e-01 -3.00048198e+00  3.04166256e+00
 -1.76445736e+00  3.00933678e+00 -1.37934455e+00 -2.51530050e+00
  3.55593550e+00 -1.11187154e+00 -7.28928516e-01 -2.94654166e+00
 -2.51020274e+00  2.93293335e+00 -1.98376823e+00 -1.67220352e+00
 -4.54178579e-01  2.97136971e+00  1.33366807e-01  3.14710633e-02
 -1.60100252e+00 -1.48166384e-01 -1.59664689e+00 -3.05615834e+00
  2.93453339e+00  1.19639531e+00 -3.36490390e-01 -2.30162362e+00
  9.97784902e-01 -1.17996196e+00 -3.02210692e-01 -2.13938987e+00
 -1.94534681e+00  1.81056924e+00 -1.01906976e+00  2.59669436e+00
 -4.68647285e-01 -3.13217312e+00 -2.84862926e+00  1.91676152e+00
 -3.03107692e+00 -2.81664746e-01 -9.93182633e-01 -1.52180422e-01
  2.38503265e+00  1.77552191e+00 -1.59372324e-01 -2.01266502e+00
 -2.96691476e+00  1.11085646e-01 -8.26294749e-01  1.48956159e+00
 -2.51832067e+00  9.34341352e-01 -1.15047803e-01  1.34344629e-01
  2.00433956e+00  7.19116468e-01  7.83814274e-01 -1.23867492e+00
  1.63215763e+00  2.54677432e+00  1.26985703e+00  2.47173063e-01
 -1.03521527e+00  2.65062882e+00  8.22611348e-01 -2.17966621e+00
  4.27110530e-02  1.72564348e+00  1.03928219e+00 -6.38129227e-01
 -2.32816696e+00  2.39366851e+00  2.02703092e+00  1.67848493e+00
  2.25140401e+00  1.81821651e+00 -1.97713789e+00 -2.86419004e+00
  5.86524768e-01  1.38038696e+00 -2.41145908e+00 -1.32314322e+00
  2.40493860e+00  1.30183704e+00  3.32151527e-03 -1.70772423e+00
 -1.53720944e+00  1.99639263e+00  1.51868091e+00 -7.94498686e-01
 -1.67772075e-01 -3.66387102e-01 -2.16546584e-01  2.44382524e+00
 -4.47843120e-01 -6.72006892e-01  1.02810015e+00 -2.29833640e+00
  9.36688649e-01  2.58197564e+00 -5.46728366e-01  2.16933254e+00
 -1.93521338e+00 -9.38709945e-01 -2.39266913e+00 -2.28851624e+00
 -1.40766996e+00 -2.88638528e+00  1.53527278e+00  1.83383413e+00
  1.60934704e+00  1.03991853e+00  1.45324175e+00 -2.35074540e+00
 -2.67692386e+00  1.73387009e+00  9.92948085e-01 -3.85629582e-01
 -2.61674475e+00  1.62453121e+00 -1.24683967e+00 -2.49212357e+00
  6.29656161e-02]
Thu Jun 13 20:58:01 2024,230,0.13900885131549004,[-2.85351615e+00  2.26752737e+00 -1.71699460e+00  1.71674488e-01
  4.64201577e-01 -3.13800193e+00  3.17293899e+00  2.11910420e+00
  1.11449670e+00 -9.89853429e-01  5.62717607e-01  1.32722269e+00
  1.35351192e+00 -1.87139214e+00  8.25327498e-01  2.90777406e+00
 -4.46882306e-01 -4.40063430e-01 -1.93005151e+00  7.30949097e-01
  1.64632066e+00  2.88782909e+00 -1.37713858e+00 -3.86866044e-01
 -2.25536730e+00 -2.11145960e+00  3.13153717e+00  2.78933684e+00
 -7.75715126e-01 -2.68785447e+00  1.55949246e+00 -2.11125452e-01
 -2.39033564e+00  1.91305221e+00  1.11500689e+00 -5.98516513e-01
  1.12953605e+00 -1.97176086e+00 -2.55041975e-01  2.30473976e+00
 -1.32032957e-01  5.51145401e-01  2.39124291e+00  6.12569812e-01
  2.63689168e+00  2.83650922e+00  2.74995586e+00 -2.90126264e+00
  3.18286265e-01 -4.26582437e-01  1.68256729e+00  2.97668833e+00
 -4.07606727e-01 -2.40382494e+00  2.70528781e+00 -3.18243640e+00
  6.54554062e-01 -7.35382473e-01 -1.75244294e+00  3.10145342e+00
 -1.96619577e+00 -1.63119409e+00 -2.54752716e+00  2.37730008e+00
 -2.15366741e+00  1.96719345e+00  1.75889316e+00  1.45272968e+00
  2.51854293e+00  2.91307202e+00  1.93769724e+00  1.50424207e+00
 -1.73537558e+00 -2.35125273e+00  1.23008810e+00  5.81870698e-01
  1.63230958e+00 -2.81880189e+00 -1.65853645e-01  2.46217957e+00
 -1.15675956e+00  1.18338751e+00  1.25250206e+00  6.45869792e-01
 -1.00299900e+00  1.15320227e+00  8.12879140e-01 -3.28612418e-01
  2.81838481e+00 -2.11872341e+00  1.55671243e+00 -6.32794371e-01
  1.00920293e+00 -3.21279209e+00 -2.20770981e+00  3.44420204e-01
 -1.08749838e+00 -3.78581937e-01  3.14025316e-01  2.70026324e-02
 -1.80320571e+00 -1.91146281e-01 -6.13681716e-01  2.88295624e+00
 -1.13330178e+00 -1.22326706e+00 -1.11329934e+00  1.28341134e+00
  1.61791380e+00 -8.37488926e-01  2.12993815e+00 -1.67110701e+00
 -2.55994383e-01 -8.69564265e-01 -2.99629690e+00  3.04584764e+00
 -1.76864244e+00  3.01352186e+00 -1.37515947e+00 -2.51111542e+00
  3.56012058e+00 -1.11605662e+00 -7.33113597e-01 -2.94235658e+00
 -2.51438782e+00  2.92874827e+00 -1.97958315e+00 -1.66801844e+00
 -4.49993499e-01  2.96718463e+00  1.29181726e-01  3.56561442e-02
 -1.60518760e+00 -1.52351464e-01 -1.60083197e+00 -3.06034342e+00
  2.93871847e+00  1.20058039e+00 -3.32305309e-01 -2.29743854e+00
  1.00196998e+00 -1.18414704e+00 -3.06395773e-01 -2.14357495e+00
 -1.94116173e+00  1.80638416e+00 -1.01488468e+00  2.59250928e+00
 -4.72832366e-01 -3.12798804e+00 -2.84444418e+00  1.91257644e+00
 -3.03526200e+00 -2.85849827e-01 -9.97367714e-01 -1.47995341e-01
  2.38084757e+00  1.77970699e+00 -1.55187243e-01 -2.00847994e+00
 -2.96272968e+00  1.15270727e-01 -8.22109668e-01  1.49374667e+00
 -2.52250575e+00  9.30156272e-01 -1.10862722e-01  1.38529710e-01
  2.00852464e+00  7.14931387e-01  7.79629193e-01 -1.23448984e+00
  1.62797255e+00  2.55095940e+00  1.26567195e+00  2.42987983e-01
 -1.03940036e+00  2.65481390e+00  8.18426267e-01 -2.18385129e+00
  4.68961339e-02  1.72982856e+00  1.03509711e+00 -6.33944147e-01
 -2.32398187e+00  2.39785359e+00  2.02284584e+00  1.67429985e+00
  2.24721892e+00  1.81403143e+00 -1.98132297e+00 -2.86000496e+00
  5.82339687e-01  1.37620188e+00 -2.41564416e+00 -1.31895814e+00
  2.40075352e+00  1.30602212e+00 -8.63565590e-04 -1.70353915e+00
 -1.54139452e+00  2.00057771e+00  1.51449583e+00 -7.90313606e-01
 -1.63586994e-01 -3.62202021e-01 -2.12361503e-01  2.43964016e+00
 -4.43658039e-01 -6.67821811e-01  1.03228523e+00 -2.29415132e+00
  9.32503568e-01  2.58616072e+00 -5.50913447e-01  2.16514746e+00
 -1.93102830e+00 -9.34524864e-01 -2.39685421e+00 -2.29270132e+00
 -1.41185504e+00 -2.89057036e+00  1.53945787e+00  1.83801921e+00
  1.60516196e+00  1.03573345e+00  1.44905667e+00 -2.34656032e+00
 -2.68110894e+00  1.72968501e+00  9.97133166e-01 -3.81444501e-01
 -2.61255967e+00  1.62034613e+00 -1.24265459e+00 -2.49630865e+00
  5.87805353e-02]
Thu Jun 13 20:58:33 2024,231,0.13898382661939568,[-2.85267216e+00  2.26668339e+00 -1.71783858e+00  1.72518472e-01
  4.63357593e-01 -3.13884592e+00  3.17209500e+00  2.11826022e+00
  1.11365271e+00 -9.90697413e-01  5.61873623e-01  1.32637871e+00
  1.35266793e+00 -1.87054815e+00  8.26171482e-01  2.90861805e+00
 -4.47726290e-01 -4.39219446e-01 -1.92920752e+00  7.30105113e-01
  1.64716465e+00  2.88867308e+00 -1.37629460e+00 -3.87710028e-01
 -2.25621128e+00 -2.11061562e+00  3.13238115e+00  2.79018083e+00
 -7.74871142e-01 -2.68869846e+00  1.56033645e+00 -2.10281468e-01
 -2.38949165e+00  1.91389620e+00  1.11416291e+00 -5.99360497e-01
  1.13038003e+00 -1.97091687e+00 -2.55885959e-01  2.30389577e+00
 -1.31188973e-01  5.50301417e-01  2.39039892e+00  6.13413796e-01
  2.63604770e+00  2.83566523e+00  2.74911188e+00 -2.90041866e+00
  3.17442281e-01 -4.27426421e-01  1.68341127e+00  2.97584434e+00
 -4.06762743e-01 -2.40298095e+00  2.70613179e+00 -3.18328038e+00
  6.55398046e-01 -7.36226457e-01 -1.75159895e+00  3.10229740e+00
 -1.96703976e+00 -1.63035010e+00 -2.54837114e+00  2.37814407e+00
 -2.15451140e+00  1.96803743e+00  1.75804917e+00  1.45188570e+00
  2.51769895e+00  2.91391600e+00  1.93854122e+00  1.50339809e+00
 -1.73621956e+00 -2.35209672e+00  1.23093209e+00  5.82714683e-01
  1.63146559e+00 -2.81795791e+00 -1.65009661e-01  2.46133558e+00
 -1.15760354e+00  1.18254353e+00  1.25165808e+00  6.45025808e-01
 -1.00384299e+00  1.15404626e+00  8.12035156e-01 -3.27768434e-01
  2.81754083e+00 -2.11956740e+00  1.55755641e+00 -6.33638355e-01
  1.01004692e+00 -3.21363607e+00 -2.20686582e+00  3.43576220e-01
 -1.08834237e+00 -3.79425921e-01  3.14869300e-01  2.61586483e-02
 -1.80236173e+00 -1.91990265e-01 -6.12837732e-01  2.88211225e+00
 -1.13414576e+00 -1.22242308e+00 -1.11414332e+00  1.28425532e+00
  1.61706981e+00 -8.36644942e-01  2.13078213e+00 -1.67195100e+00
 -2.55150399e-01 -8.68720281e-01 -2.99545292e+00  3.04669163e+00
 -1.76779845e+00  3.01267787e+00 -1.37600346e+00 -2.51195941e+00
  3.56096457e+00 -1.11521264e+00 -7.32269613e-01 -2.94151260e+00
 -2.51523181e+00  2.92790429e+00 -1.97873917e+00 -1.66717446e+00
 -4.49149514e-01  2.96802862e+00  1.30025710e-01  3.65001283e-02
 -1.60603158e+00 -1.51507480e-01 -1.59998799e+00 -3.05949944e+00
  2.93787449e+00  1.19973640e+00 -3.31461325e-01 -2.29659455e+00
  1.00281397e+00 -1.18499102e+00 -3.07239757e-01 -2.14441893e+00
 -1.94200571e+00  1.80722814e+00 -1.01572867e+00  2.59335326e+00
 -4.71988382e-01 -3.12714406e+00 -2.84528816e+00  1.91173246e+00
 -3.03441802e+00 -2.85005843e-01 -9.96523730e-01 -1.48839325e-01
  2.38169156e+00  1.77886301e+00 -1.54343259e-01 -2.00763596e+00
 -2.96357366e+00  1.16114711e-01 -8.21265684e-01  1.49290269e+00
 -2.52166176e+00  9.31000256e-01 -1.10018738e-01  1.37685726e-01
  2.00768066e+00  7.14087403e-01  7.80473177e-01 -1.23533382e+00
  1.62881653e+00  2.55180338e+00  1.26651593e+00  2.43831967e-01
 -1.03855637e+00  2.65565788e+00  8.19270251e-01 -2.18300731e+00
  4.77401180e-02  1.72898458e+00  1.03425312e+00 -6.33100162e-01
 -2.32482586e+00  2.39700961e+00  2.02200185e+00  1.67345587e+00
  2.24806291e+00  1.81487542e+00 -1.98216696e+00 -2.85916097e+00
  5.83183671e-01  1.37535790e+00 -2.41648814e+00 -1.31980212e+00
  2.39990953e+00  1.30686610e+00 -1.95814924e-05 -1.70438313e+00
 -1.54055054e+00  2.00142169e+00  1.51533981e+00 -7.89469622e-01
 -1.64430978e-01 -3.61358037e-01 -2.11517519e-01  2.44048414e+00
 -4.44502023e-01 -6.68665795e-01  1.03144124e+00 -2.29499531e+00
  9.33347552e-01  2.58700470e+00 -5.51757431e-01  2.16430347e+00
 -1.93018432e+00 -9.33680880e-01 -2.39769820e+00 -2.29185733e+00
 -1.41101105e+00 -2.89141434e+00  1.53861388e+00  1.83886320e+00
  1.60600595e+00  1.03657743e+00  1.44821269e+00 -2.34740431e+00
 -2.68026495e+00  1.72884102e+00  9.96289182e-01 -3.82288485e-01
 -2.61340365e+00  1.61950215e+00 -1.24349857e+00 -2.49546467e+00
  5.96245194e-02]
Thu Jun 13 20:58:47 2024,232,0.13792389728023155,[-2.84762573  2.26163696 -1.71279215  0.1775649   0.46840402 -3.14389235
  3.17714143  2.11321379  1.10860628 -0.98565098  0.55682719  1.33142514
  1.35771436 -1.86550172  0.83121791  2.91366448 -0.44267986 -0.44426588
 -1.92416109  0.73515154  1.64211821  2.89371951 -1.38134103 -0.39275646
 -2.25116485 -2.11566205  3.12733472  2.7851344  -0.77991757 -2.69374489
  1.56538288 -0.20523504 -2.38444522  1.91894263  1.10911648 -0.59431407
  1.13542646 -1.97596331 -0.25083953  2.29884934 -0.1362354   0.54525499
  2.39544536  0.61846023  2.63100127  2.84071166  2.75415831 -2.90546509
  0.31239585 -0.43247285  1.6884577   2.98089077 -0.40171631 -2.39793452
  2.71117822 -3.17823395  0.65035161 -0.73118003 -1.75664539  3.09725097
 -1.96199333 -1.62530367 -2.55341757  2.3831905  -2.15955783  1.97308386
  1.75300274  1.45693213  2.51265252  2.91896243  1.94358765  1.49835166
 -1.74126599 -2.35714315  1.23597852  0.57766825  1.62641916 -2.81291148
 -0.17005609  2.46638202 -1.15255711  1.17749709  1.24661165  0.65007224
 -0.99879655  1.15909269  0.81708159 -0.33281487  2.82258726 -2.12461383
  1.55250998 -0.63868479  1.01509335 -3.20858964 -2.21191225  0.34862265
 -1.0933888  -0.38447235  0.30982287  0.02111222 -1.80740816 -0.18694383
 -0.6077913   2.87706582 -1.12909933 -1.22746951 -1.10909689  1.28930175
  1.62211624 -0.83159851  2.13582856 -1.66690457 -0.25010397 -0.86367385
 -2.99040648  3.05173806 -1.77284489  3.01772431 -1.38104989 -2.51700584
  3.566011   -1.1101662  -0.72722318 -2.93646617 -2.52027824  2.93295072
 -1.9837856  -1.66212802 -0.44410308  2.97307505  0.13507214  0.0314537
 -1.61107801 -0.14646105 -1.60503442 -3.054453    2.93282806  1.19468997
 -0.33650776 -2.30164098  1.0078604  -1.17994459 -0.30219333 -2.14946536
 -1.93695928  1.81227457 -1.01068223  2.58830683 -0.46694195 -3.12209763
 -2.84024173  1.91677889 -3.03946445 -0.27995941 -1.00157016 -0.15388576
  2.37664512  1.78390944 -0.15938969 -2.00258953 -2.96862009  0.11106828
 -0.82631212  1.49794912 -2.52670819  0.92595382 -0.11506517  0.14273216
  2.01272709  0.71913383  0.78551961 -1.24038025  1.6237701   2.54675695
  1.2614695   0.2488784  -1.0436028   2.65061145  0.81422382 -2.18805374
  0.04269369  1.73403101  1.02920669 -0.63814659 -2.31977943  2.39196318
  2.02704829  1.6785023   2.25310934  1.81992185 -1.97712052 -2.85411454
  0.5882301   1.37031147 -2.41144171 -1.32484856  2.3948631   1.31191253
 -0.00506601 -1.70942956 -1.54559697  2.00646812  1.52038624 -0.78442319
 -0.15938455 -0.35631161 -0.20647109  2.44553057 -0.44954845 -0.67371223
  1.03648768 -2.28994888  0.93839398  2.58195827 -0.546711    2.1693499
 -1.93523075 -0.93872731 -2.39265177 -2.29690377 -1.40596462 -2.89646077
  1.53356745  1.83381676  1.60095952  1.04162387  1.44316626 -2.35245074
 -2.67521852  1.72379459  1.00133561 -0.37724205 -2.60835722  1.61445571
 -1.248545   -2.49041824  0.06467095]
Thu Jun 13 20:59:00 2024,233,0.13780467244333333,[-2.8488683   2.26039439 -1.71154959  0.17880747  0.46716146 -3.14513492
  3.17589887  2.11197122  1.10984885 -0.98689355  0.55806976  1.33266771
  1.3564718  -1.86674429  0.82997535  2.91242191 -0.44143729 -0.44302331
 -1.92540366  0.73390898  1.64336078  2.89247694 -1.38009846 -0.39399903
 -2.24992228 -2.11690461  3.12857729  2.78389183 -0.78116014 -2.69250232
  1.56414031 -0.2064776  -2.38320266  1.92018519  1.11035905 -0.59555663
  1.13418389 -1.97472074 -0.25208209  2.29760678 -0.13747797  0.54649755
  2.39668792  0.61970279  2.6297587   2.84195423  2.75540087 -2.90422252
  0.31115328 -0.43371542  1.68721514  2.98213334 -0.40295888 -2.39669196
  2.70993565 -3.17947651  0.64910905 -0.73242259 -1.75540282  3.09600841
 -1.96323589 -1.6240611  -2.55217501  2.38443307 -2.16080039  1.9718413
  1.75176018  1.45817469  2.51389508  2.91771987  1.94483022  1.49710909
 -1.74002343 -2.35590058  1.23473595  0.57891082  1.6251766  -2.81415404
 -0.17129866  2.46762458 -1.15379968  1.17873966  1.24785422  0.64882967
 -1.00003912  1.15785012  0.81832415 -0.3315723   2.82134469 -2.12337126
  1.55375255 -0.63744222  1.01633591 -3.2098322  -2.21315482  0.34738008
 -1.09463137 -0.38571492  0.31106543  0.01986965 -1.80616559 -0.18570127
 -0.60903387  2.87582326 -1.13034189 -1.22622695 -1.10785432  1.28805918
  1.62335881 -0.83035594  2.13458599 -1.665662   -0.2488614  -0.86491642
 -2.99164905  3.05298063 -1.77160232  3.01896687 -1.37980732 -2.5182484
  3.56725356 -1.11140877 -0.72598062 -2.9352236  -2.51903567  2.93419328
 -1.98254303 -1.66337059 -0.44286052  2.97183248  0.13382958  0.03021113
 -1.60983545 -0.14770362 -1.60379185 -3.05321044  2.93407062  1.1934474
 -0.33775032 -2.30039842  1.00661783 -1.18118716 -0.30343589 -2.15070793
 -1.93571672  1.81103201 -1.00943967  2.5895494  -0.46569938 -3.12085506
 -2.83899917  1.91802146 -3.04070702 -0.27871684 -1.00032759 -0.15264319
  2.37540256  1.78266687 -0.15814712 -2.00134696 -2.96986266  0.11231085
 -0.82755468  1.49670655 -2.52795076  0.92719639 -0.1138226   0.14148959
  2.01396966  0.71789127  0.78427704 -1.24162282  1.62252753  2.54799952
  1.26271206  0.24763583 -1.04484537  2.64936889  0.81298125 -2.18681117
  0.04145112  1.73527358  1.02796413 -0.63938916 -2.32102199  2.39072061
  2.02829085  1.67974487  2.25186677  1.81867928 -1.97587796 -2.85535711
  0.58947267  1.37155403 -2.41019914 -1.32609112  2.39610567  1.3131551
 -0.00382345 -1.71067213 -1.54683954  2.00771069  1.52162881 -0.78566576
 -0.15814198 -0.35755417 -0.20771365  2.444288   -0.45079102 -0.67495479
  1.03524511 -2.28870631  0.93963655  2.58320084 -0.54795357  2.17059247
 -1.93647332 -0.93748474 -2.39389433 -2.2956612  -1.40720719 -2.89770334
  1.53481002  1.8325742   1.59971695  1.04286643  1.44192369 -2.35120817
 -2.67646109  1.72503716  1.00257818 -0.37599949 -2.60711465  1.61321315
 -1.24730244 -2.4916608   0.06591352]
Thu Jun 13 20:59:15 2024,234,0.13783737906401053,[-2.84773396  2.25926006 -1.71268392  0.17767314  0.46602712 -3.14400058
  3.1770332   2.11310556  1.10871452 -0.98802788  0.55693543  1.33153337
  1.35760613 -1.86787862  0.82884101  2.91128758 -0.44257163 -0.44415764
 -1.92426933  0.73277464  1.64449511  2.89361127 -1.3812328  -0.39513336
 -2.25105662 -2.11577028  3.12744295  2.7827575  -0.78002581 -2.69363666
  1.56300598 -0.20534327 -2.38206832  1.91905086  1.11149338 -0.5944223
  1.13531823 -1.97585507 -0.25321643  2.29874111 -0.1386123   0.54763189
  2.39555359  0.62083713  2.62862437  2.84308856  2.75426654 -2.90535685
  0.31001895 -0.43258109  1.68834947  2.98326767 -0.40182454 -2.39782629
  2.71106999 -3.17834218  0.64797471 -0.73128826 -1.75653715  3.09487407
 -1.96437023 -1.62519544 -2.55104067  2.3855674  -2.15966606  1.97070696
  1.75062584  1.45704036  2.51502942  2.9188542   1.94369589  1.49597476
 -1.74115776 -2.35476625  1.23587028  0.58004515  1.62404226 -2.81301971
 -0.17243299  2.46875892 -1.15266535  1.17760533  1.24671988  0.64996401
 -1.00117345  1.15671579  0.81718982 -0.33270663  2.82021036 -2.1245056
  1.55261821 -0.63857655  1.01747025 -3.21096654 -2.21428915  0.34624575
 -1.0957657  -0.38458059  0.31219977  0.02100398 -1.80729993 -0.1868356
 -0.60789953  2.87468892 -1.12920756 -1.22509261 -1.10671999  1.28692485
  1.62222448 -0.82922161  2.13572033 -1.66452767 -0.24772707 -0.86378208
 -2.99051472  3.05411496 -1.77273665  3.0201012  -1.37867299 -2.51711407
  3.56611923 -1.11027444 -0.72484628 -2.93635793 -2.51790134  2.93532762
 -1.98367736 -1.66450492 -0.44399485  2.97069815  0.13496391  0.0290768
 -1.60870112 -0.14656928 -1.60492619 -3.05434477  2.93293629  1.19231307
 -0.33661599 -2.30153275  1.00775217 -1.18005282 -0.30230156 -2.15184226
 -1.93458238  1.80989767 -1.010574    2.58841507 -0.46683372 -3.12198939
 -2.83786483  1.91688712 -3.04184135 -0.27985118 -1.00146193 -0.15377752
  2.37426822  1.78153254 -0.15928146 -2.00248129 -2.96872832  0.11344518
 -0.82868902  1.49784088 -2.52681643  0.92606206 -0.11495694  0.14262392
  2.01283532  0.71675693  0.78314271 -1.24048848  1.62366187  2.54913385
  1.26157773  0.24877016 -1.04371104  2.64823455  0.81411559 -2.18794551
  0.04258545  1.73413925  1.02909846 -0.64052349 -2.31988766  2.39185494
  2.02715652  1.6808792   2.25300111  1.81981362 -1.97474363 -2.85649144
  0.58833834  1.37268837 -2.41133348 -1.32495679  2.39724     1.31428943
 -0.00495778 -1.71180646 -1.54797387  2.00657636  1.52049448 -0.78453142
 -0.15700765 -0.35641984 -0.20657932  2.44315367 -0.44965669 -0.67382046
  1.03411078 -2.28757198  0.94077088  2.58433517 -0.5490879   2.1717268
 -1.93760765 -0.93861908 -2.39502867 -2.29452687 -1.40834152 -2.89656901
  1.53367568  1.83370853  1.59858262  1.04400077  1.44305802 -2.35007384
 -2.67759542  1.72390283  1.00371251 -0.37486515 -2.60824899  1.61207881
 -1.24843677 -2.49279513  0.06477918]
Thu Jun 13 20:59:29 2024,235,0.13780026299232778,[-2.8484753   2.26000139 -1.71342526  0.17841448  0.46528579 -3.14474192
  3.17777454  2.11384689  1.10945586 -0.98876922  0.55767676  1.33079203
  1.35834747 -1.86861996  0.82958235  2.91202892 -0.44331296 -0.44341631
 -1.92501066  0.73351598  1.64375377  2.89286994 -1.38197413 -0.3958747
 -2.25031528 -2.11651162  3.12818429  2.78201616 -0.78076715 -2.694378
  1.56374732 -0.20608461 -2.38132698  1.91830952  1.11075204 -0.59368096
  1.13605957 -1.97511373 -0.25247509  2.29948245 -0.13935364  0.54689055
  2.39629493  0.62157847  2.62788303  2.84234723  2.75500788 -2.90461552
  0.30927761 -0.43332242  1.68909081  2.98252633 -0.40256588 -2.39708495
  2.71181133 -3.17908352  0.64723338 -0.7320296  -1.75727849  3.09413273
 -1.96362889 -1.62593678 -2.55178201  2.38630874 -2.1604074   1.96996563
  1.7498845   1.45629902  2.51428808  2.91811286  1.94443723  1.4967161
 -1.74041642 -2.35550759  1.23661162  0.57930381  1.62330092 -2.81376105
 -0.17169165  2.46950025 -1.15340668  1.17686399  1.24746122  0.64922267
 -1.00191479  1.15597445  0.81793116 -0.33196529  2.81946902 -2.12376426
  1.55187687 -0.63783521  1.01672891 -3.2102252  -2.21354781  0.34550441
 -1.09502436 -0.38383925  0.31294111  0.02026264 -1.80804127 -0.18609426
 -0.60864087  2.87543026 -1.1299489  -1.22583395 -1.10746133  1.28766619
  1.62296581 -0.82996295  2.13646167 -1.66378633 -0.24698573 -0.86452342
 -2.98977338  3.05337362 -1.77199531  3.01935987 -1.37941433 -2.51637273
  3.56686057 -1.11101578 -0.72410494 -2.93709927 -2.51716     2.93606896
 -1.9844187  -1.66376359 -0.44473619  2.96995681  0.13422257  0.02981814
 -1.60795978 -0.14731062 -1.60418485 -3.05508611  2.93367763  1.19305441
 -0.33587465 -2.30227409  1.0084935  -1.18079416 -0.30156022 -2.1525836
 -1.93532372  1.80915634 -1.00983266  2.58767373 -0.46757506 -3.12124806
 -2.83712349  1.91614578 -3.04110001 -0.27910984 -1.00220327 -0.15303618
  2.37352689  1.78227388 -0.1600228  -2.00322263 -2.96798699  0.11418652
 -0.82794768  1.49858222 -2.52607509  0.9268034  -0.1142156   0.14188259
  2.01357666  0.7160156   0.78240137 -1.24122982  1.62292053  2.54839251
  1.26083639  0.2495115  -1.04445237  2.64897589  0.81337425 -2.18720417
  0.04184411  1.73488058  1.02835712 -0.64126483 -2.31914632  2.39259628
  2.02789786  1.68162054  2.25374245  1.81907228 -1.97400229 -2.8557501
  0.58907967  1.3734297  -2.41207482 -1.32569813  2.39798134  1.31354809
 -0.00569912 -1.71106513 -1.54871521  2.00583502  1.51975314 -0.78379008
 -0.15626631 -0.3556785  -0.20732066  2.44241233 -0.45039803 -0.6745618
  1.03336944 -2.28831331  0.94151222  2.58507651 -0.54834656  2.17246814
 -1.93686631 -0.93787774 -2.39577    -2.2952682  -1.40908286 -2.89731034
  1.53293434  1.83444987  1.59784128  1.0447421   1.44231668 -2.3493325
 -2.67833676  1.72316149  1.00297117 -0.37412382 -2.60750765  1.61133748
 -1.24917811 -2.4920538   0.06403785]
Thu Jun 13 20:59:45 2024,236,0.13691572311637887,[-2.85214638e+00  2.25633031e+00 -1.71709634e+00  1.82085557e-01
  4.68956868e-01 -3.14107084e+00  3.17410346e+00  2.11751798e+00
  1.10578477e+00 -9.85098139e-01  5.54005682e-01  1.32712095e+00
  1.36201855e+00 -1.86494888e+00  8.33253434e-01  2.91570000e+00
 -4.39641883e-01 -4.39745224e-01 -1.92868175e+00  7.37187065e-01
  1.64742486e+00  2.89654102e+00 -1.37830305e+00 -3.99545780e-01
 -2.24664420e+00 -2.12018270e+00  3.12451321e+00  2.78568724e+00
 -7.77096064e-01 -2.69804908e+00  1.56741840e+00 -2.02413527e-01
 -2.38499807e+00  1.91463844e+00  1.10708096e+00 -5.97352041e-01
  1.13238849e+00 -1.97144265e+00 -2.56146170e-01  2.29581137e+00
 -1.35682561e-01  5.43219465e-01  2.39262385e+00  6.17907384e-01
  2.63155411e+00  2.83867614e+00  2.75867896e+00 -2.90094443e+00
  3.12948693e-01 -4.29651343e-01  1.68541973e+00  2.97885525e+00
 -4.06236965e-01 -2.39341387e+00  2.70814025e+00 -3.18275460e+00
  6.50904458e-01 -7.28358516e-01 -1.76094957e+00  3.09780381e+00
 -1.96729997e+00 -1.62960786e+00 -2.55545309e+00  2.38263766e+00
 -2.16407848e+00  1.97363671e+00  1.75355559e+00  1.45262794e+00
  2.51061700e+00  2.92178394e+00  1.94810831e+00  1.49304501e+00
 -1.73674534e+00 -2.35917867e+00  1.23294054e+00  5.75632731e-01
  1.62697200e+00 -2.81008997e+00 -1.75362735e-01  2.47317134e+00
 -1.14973560e+00  1.17319291e+00  1.24379014e+00  6.45551585e-01
 -1.00558587e+00  1.15964553e+00  8.14260078e-01 -3.35636375e-01
  2.82314010e+00 -2.12743534e+00  1.55554796e+00 -6.34164133e-01
  1.02039999e+00 -3.21389628e+00 -2.21721890e+00  3.41833331e-01
 -1.09869544e+00 -3.80168165e-01  3.16612188e-01  2.39337265e-02
 -1.80437018e+00 -1.89765343e-01 -6.04969791e-01  2.87175918e+00
 -1.13361998e+00 -1.22950503e+00 -1.11113241e+00  1.29133727e+00
  1.62663690e+00 -8.33634031e-01  2.14013275e+00 -1.66011525e+00
 -2.50656811e-01 -8.68194503e-01 -2.98610230e+00  3.05704470e+00
 -1.76832423e+00  3.02303095e+00 -1.38308541e+00 -2.51270165e+00
  3.57053165e+00 -1.10734469e+00 -7.20433862e-01 -2.94077035e+00
 -2.52083108e+00  2.93239787e+00 -1.98074762e+00 -1.66743467e+00
 -4.48407270e-01  2.97362789e+00  1.37893651e-01  3.34892173e-02
 -1.61163086e+00 -1.43639539e-01 -1.60051377e+00 -3.05141503e+00
  2.93000655e+00  1.19672549e+00 -3.32203569e-01 -2.29860301e+00
  1.00482242e+00 -1.18446524e+00 -2.97889139e-01 -2.14891252e+00
 -1.93165264e+00  1.80548525e+00 -1.00616158e+00  2.59134481e+00
 -4.63903975e-01 -3.11757697e+00 -2.83345241e+00  1.91981687e+00
 -3.04477109e+00 -2.82780921e-01 -1.00587435e+00 -1.56707266e-01
  2.37719797e+00  1.78594496e+00 -1.63693878e-01 -1.99955155e+00
 -2.97165807e+00  1.17857600e-01 -8.31618758e-01  1.50225330e+00
 -2.52240401e+00  9.23132315e-01 -1.17886679e-01  1.38211504e-01
  2.01724774e+00  7.12344515e-01  7.78730289e-01 -1.23755874e+00
  1.61924945e+00  2.55206359e+00  1.26450747e+00  2.45840422e-01
 -1.04078129e+00  2.64530481e+00  8.09703166e-01 -2.18353309e+00
  3.81730331e-02  1.73120950e+00  1.03202820e+00 -6.44935914e-01
 -2.32281740e+00  2.39626736e+00  2.03156894e+00  1.68529162e+00
  2.25741353e+00  1.82274336e+00 -1.97767337e+00 -2.85942118e+00
  5.92750756e-01  1.37710079e+00 -2.41574590e+00 -1.32202705e+00
  2.39431026e+00  1.31721917e+00 -2.02803690e-03 -1.71473621e+00
 -1.54504413e+00  2.00950610e+00  1.51608206e+00 -7.87461166e-01
 -1.52595226e-01 -3.59349581e-01 -2.10991741e-01  2.44608341e+00
 -4.46726945e-01 -6.70890717e-01  1.03704052e+00 -2.29198440e+00
  9.37841140e-01  2.58140543e+00 -5.44675480e-01  2.16879706e+00
 -1.94053739e+00 -9.41548821e-01 -2.39209892e+00 -2.29893929e+00
 -1.40541178e+00 -2.90098143e+00  1.53660543e+00  1.83077879e+00
  1.60151236e+00  1.04841319e+00  1.44598777e+00 -2.35300358e+00
 -2.68200784e+00  1.71949041e+00  9.99300093e-01 -3.70452734e-01
 -2.60383656e+00  1.61500856e+00 -1.25284919e+00 -2.49572488e+00
  6.03667637e-02]
Thu Jun 13 20:59:59 2024,237,0.1360521930311345,[-2.84816067e+00  2.25234460e+00 -1.72108205e+00  1.78099842e-01
  4.72942583e-01 -3.14505656e+00  3.17808917e+00  2.12150369e+00
  1.10977049e+00 -9.81112424e-01  5.50019967e-01  1.32313524e+00
  1.35803284e+00 -1.86096316e+00  8.37239149e-01  2.91968571e+00
 -4.43627597e-01 -4.43730939e-01 -1.92469603e+00  7.41172780e-01
  1.65141057e+00  2.90052673e+00 -1.37431734e+00 -3.95560065e-01
 -2.25062991e+00 -2.11619699e+00  3.12849893e+00  2.78967296e+00
 -7.73110349e-01 -2.69406336e+00  1.56343268e+00 -1.98427812e-01
 -2.38101235e+00  1.91862416e+00  1.11106667e+00 -6.01337756e-01
  1.13637420e+00 -1.97542837e+00 -2.60131885e-01  2.29979708e+00
 -1.39668276e-01  5.47205180e-01  2.39660956e+00  6.21893099e-01
  2.62756840e+00  2.84266186e+00  2.75469325e+00 -2.90493015e+00
  3.08962978e-01 -4.33637058e-01  1.68940544e+00  2.98284097e+00
 -4.02251250e-01 -2.39739958e+00  2.70415453e+00 -3.17876889e+00
  6.46918743e-01 -7.32344231e-01 -1.75696386e+00  3.10178953e+00
 -1.97128568e+00 -1.63359357e+00 -2.55943881e+00  2.37865194e+00
 -2.16009277e+00  1.97762242e+00  1.74956987e+00  1.44864222e+00
  2.50663128e+00  2.91779823e+00  1.94412259e+00  1.49703073e+00
 -1.74073105e+00 -2.36316438e+00  1.22895483e+00  5.79618446e-01
  1.62298629e+00 -2.80610425e+00 -1.79348450e-01  2.47715705e+00
 -1.14574989e+00  1.16920719e+00  1.23980442e+00  6.49537300e-01
 -1.00160016e+00  1.15565982e+00  8.18245793e-01 -3.31650660e-01
  2.82712582e+00 -2.13142105e+00  1.55156224e+00 -6.38149848e-01
  1.01641427e+00 -3.21788200e+00 -2.21323318e+00  3.37847616e-01
 -1.10268116e+00 -3.76182451e-01  3.12626474e-01  2.79194414e-02
 -1.80835590e+00 -1.85779628e-01 -6.08955506e-01  2.87574489e+00
 -1.12963427e+00 -1.23349075e+00 -1.11511812e+00  1.29532299e+00
  1.63062261e+00 -8.29648316e-01  2.14411846e+00 -1.65612953e+00
 -2.46671096e-01 -8.72180217e-01 -2.98211658e+00  3.06103042e+00
 -1.77230995e+00  3.01904523e+00 -1.38707112e+00 -2.51668737e+00
  3.57451737e+00 -1.11133041e+00 -7.24419577e-01 -2.94475607e+00
 -2.51684537e+00  2.92841216e+00 -1.98473334e+00 -1.66344895e+00
 -4.52392985e-01  2.96964218e+00  1.41879366e-01  2.95035024e-02
 -1.61561657e+00 -1.39653824e-01 -1.60449948e+00 -3.05540074e+00
  2.93399226e+00  1.19273978e+00 -3.28217854e-01 -2.30258872e+00
  1.00083671e+00 -1.18845096e+00 -2.93903424e-01 -2.15289824e+00
 -1.92766692e+00  1.80149954e+00 -1.00217587e+00  2.58735909e+00
 -4.67889690e-01 -3.12156269e+00 -2.82946670e+00  1.92380258e+00
 -3.04875681e+00 -2.78795206e-01 -1.00986006e+00 -1.52721551e-01
  2.38118368e+00  1.78195924e+00 -1.59708163e-01 -1.99556584e+00
 -2.97564378e+00  1.21843315e-01 -8.35604473e-01  1.49826759e+00
 -2.52638972e+00  9.19146600e-01 -1.13900964e-01  1.34225789e-01
  2.02123346e+00  7.16330230e-01  7.74744574e-01 -1.24154446e+00
  1.62323516e+00  2.55604931e+00  1.26849319e+00  2.49826137e-01
 -1.03679558e+00  2.64929052e+00  8.13688881e-01 -2.18751880e+00
  4.21587480e-02  1.73519522e+00  1.03601392e+00 -6.48921629e-01
 -2.32680312e+00  2.40025308e+00  2.03555465e+00  1.68130591e+00
  2.25342781e+00  1.81875764e+00 -1.98165908e+00 -2.86340690e+00
  5.96736471e-01  1.38108650e+00 -2.41176018e+00 -1.32601276e+00
  2.39829598e+00  1.31323346e+00  1.95767801e-03 -1.71872192e+00
 -1.54902984e+00  2.01349181e+00  1.51209634e+00 -7.83475451e-01
 -1.48609512e-01 -3.63335296e-01 -2.07006026e-01  2.45006913e+00
 -4.50712660e-01 -6.66905002e-01  1.03305480e+00 -2.28799868e+00
  9.41826855e-01  2.57741971e+00 -5.40689765e-01  2.17278277e+00
 -1.94452311e+00 -9.45534536e-01 -2.39608464e+00 -2.30292500e+00
 -1.40939749e+00 -2.89699571e+00  1.53261971e+00  1.82679307e+00
  1.59752664e+00  1.04442747e+00  1.44200205e+00 -2.34901787e+00
 -2.68599356e+00  1.71550469e+00  1.00328581e+00 -3.74438449e-01
 -2.60782228e+00  1.61899427e+00 -1.25683491e+00 -2.49173916e+00
  6.43524786e-02]
Thu Jun 13 21:00:13 2024,238,0.1352478990829628,[-2.85164607  2.2488592  -1.72456745  0.18158524  0.47642798 -3.14854195
  3.18157457  2.11801829  1.10628509 -0.97762703  0.55350536  1.32662063
  1.35454744 -1.85747777  0.83375375  2.91620032 -0.4401422  -0.44024554
 -1.92121063  0.73768738  1.64792517  2.90401213 -1.37780274 -0.39904546
 -2.24714451 -2.11271159  3.13198432  2.79315835 -0.77659575 -2.69057797
  1.55994729 -0.19494241 -2.38449775  1.92210955  1.10758128 -0.59785236
  1.1398596  -1.97891376 -0.25664649  2.30328248 -0.14315367  0.54371978
  2.40009496  0.6253785   2.624083    2.83917646  2.75817864 -2.90841555
  0.30547758 -0.43015166  1.68592005  2.98632636 -0.39876585 -2.39391419
  2.70066913 -3.18225428  0.64343335 -0.73582963 -1.75347846  3.10527493
 -1.96780029 -1.63010817 -2.56292421  2.38213734 -2.16357816  1.97413702
  1.74608447  1.44515683  2.51011668  2.91431283  1.94760799  1.49354533
 -1.74421645 -2.35967899  1.22546943  0.57613305  1.61950089 -2.80261886
 -0.17586305  2.48064245 -1.14923529  1.1657218   1.23631903  0.6530227
 -0.99811476  1.15217442  0.8147604  -0.32816526  2.83061122 -2.13490645
  1.54807684 -0.64163524  1.01989967 -3.22136739 -2.20974778  0.34133301
 -1.09919576 -0.37966785  0.30914108  0.03140484 -1.8048705  -0.18926503
 -0.6124409   2.8722595  -1.13311966 -1.23697614 -1.11163273  1.29183759
  1.63410801 -0.83313371  2.14063307 -1.65264413 -0.25015649 -0.87566561
 -2.98560198  3.06451581 -1.76882455  3.02253063 -1.39055652 -2.52017276
  3.57800276 -1.11481581 -0.72093418 -2.94127067 -2.52033077  2.92492676
 -1.98124794 -1.65996355 -0.44890759  2.97312757  0.14536476  0.0329889
 -1.61910197 -0.14313922 -1.60101409 -3.05191535  2.93050687  1.18925438
 -0.33170325 -2.30607412  1.0043221  -1.18496556 -0.29738882 -2.14941284
 -1.92418153  1.79801414 -0.99869047  2.59084449 -0.46440429 -3.11807729
 -2.8259813   1.92728798 -3.04527141 -0.2822806  -1.01334546 -0.15620695
  2.37769828  1.77847385 -0.16319356 -1.99208044 -2.97912918  0.12532871
 -0.83211908  1.49478219 -2.52290433  0.9156612  -0.11738636  0.13771119
  2.01774806  0.71981563  0.77822997 -1.24502985  1.62672056  2.55953471
  1.27197859  0.25331153 -1.03331018  2.65277592  0.81717428 -2.1910042
  0.03867335  1.73868061  1.03252852 -0.64543623 -2.33028852  2.40373848
  2.03206926  1.6847913   2.25691321  1.81527225 -1.97817369 -2.8599215
  0.60022187  1.3776011  -2.40827479 -1.32252736  2.39481058  1.30974806
  0.00544308 -1.71523652 -1.54554445  2.01000642  1.51558174 -0.77999005
 -0.14512411 -0.3598499  -0.20352063  2.44658373 -0.45419806 -0.6703904
  1.0365402  -2.29148408  0.94531225  2.58090511 -0.54417516  2.16929738
 -1.94103771 -0.94204914 -2.39957003 -2.3064104  -1.41288289 -2.90048111
  1.52913431  1.82330768  1.60101204  1.04094207  1.43851665 -2.35250326
 -2.68250816  1.71201929  1.0067712  -0.37792385 -2.61130768  1.62247967
 -1.25334951 -2.48825377  0.06783788]
Thu Jun 13 21:00:27 2024,239,0.13495848979181757,[-2.85478164  2.24572363 -1.72143188  0.18472081  0.47329241 -3.14540638
  3.178439    2.12115386  1.10942066 -0.9807626   0.55664093  1.3297562
  1.35768301 -1.8543422   0.83688932  2.91306475 -0.44327777 -0.44338111
 -1.91807507  0.73455181  1.65106074  2.90087656 -1.3809383  -0.40218103
 -2.24400895 -2.10957602  3.12884875  2.79629392 -0.77973132 -2.6874424
  1.56308286 -0.19180685 -2.38763332  1.91897398  1.11071685 -0.59471679
  1.13672403 -1.98204933 -0.25351092  2.30014691 -0.14628924  0.54058421
  2.39695939  0.62851407  2.62094743  2.83604089  2.75504307 -2.90527998
  0.30861315 -0.43328723  1.68278448  2.98946193 -0.39563028 -2.39077862
  2.7038047  -3.18538985  0.64029778 -0.73269406 -1.75034289  3.1084105
 -1.96466472 -1.63324374 -2.56605978  2.38527291 -2.16044259  1.97727259
  1.7429489   1.4482924   2.50698111  2.9174484   1.95074356  1.49040976
 -1.74108088 -2.36281455  1.22233386  0.57926862  1.61636532 -2.79948329
 -0.17899862  2.47750688 -1.14609972  1.16885736  1.23318346  0.64988713
 -1.00125033  1.14903885  0.81162483 -0.32502969  2.83374678 -2.13177088
  1.55121241 -0.63849968  1.0167641  -3.22450296 -2.20661222  0.34446858
 -1.09606019 -0.37653228  0.30600551  0.02826927 -1.80800607 -0.19240059
 -0.61557647  2.87539507 -1.13625523 -1.23384058 -1.1147683   1.29497316
  1.63097244 -0.83626928  2.14376863 -1.64950856 -0.25329206 -0.87880118
 -2.98246641  3.06765138 -1.76568898  3.01939506 -1.39369209 -2.51703719
  3.57486719 -1.11795138 -0.72406975 -2.9381351  -2.52346633  2.92806233
 -1.98438351 -1.65682799 -0.44577202  2.97626314  0.14222919  0.02985333
 -1.62223754 -0.14000365 -1.59787852 -3.05505091  2.9273713   1.18611881
 -0.33483882 -2.30293855  1.00745767 -1.18810113 -0.29425325 -2.14627727
 -1.92104596  1.79487857 -0.9955549   2.59398006 -0.46753986 -3.11494172
 -2.82284573  1.93042355 -3.04213584 -0.27914503 -1.01020989 -0.15307138
  2.37456272  1.77533828 -0.16005799 -1.98894487 -2.97599361  0.12846428
 -0.83525464  1.49791776 -2.52603989  0.91879677 -0.12052193  0.13457562
  2.01461249  0.7229512   0.78136554 -1.24816542  1.62985613  2.55639914
  1.26884302  0.25017597 -1.03644575  2.65591149  0.82030985 -2.18786863
  0.03553778  1.74181618  1.03566409 -0.64230066 -2.32715295  2.40687404
  2.02893369  1.68165573  2.25377764  1.81840781 -1.98130925 -2.86305707
  0.5970863   1.38073667 -2.40513922 -1.32566293  2.39794615  1.31288363
  0.00857864 -1.71837209 -1.54240888  2.00687085  1.51244617 -0.78312562
 -0.14198855 -0.36298547 -0.2066562   2.4497193  -0.45733363 -0.67352597
  1.03340463 -2.29461965  0.94844782  2.57776954 -0.54103959  2.17243295
 -1.93790214 -0.93891357 -2.39643447 -2.30327483 -1.41601846 -2.89734554
  1.52599874  1.82017211  1.60414761  1.04407764  1.44165222 -2.35563883
 -2.67937259  1.70888373  1.00363564 -0.37478828 -2.61444325  1.62561524
 -1.25021394 -2.4851182   0.07097344]
Thu Jun 13 21:00:42 2024,240,0.13351196501007925,[-2.86112576e+00  2.23937951e+00 -1.72777600e+00  1.78376688e-01
  4.66948291e-01 -3.15175050e+00  3.18478312e+00  2.11480974e+00
  1.10307654e+00 -9.74418476e-01  5.62985053e-01  1.33610032e+00
  1.36402713e+00 -1.86068632e+00  8.30545201e-01  2.90672063e+00
 -4.49621889e-01 -4.37036991e-01 -1.92441919e+00  7.40895933e-01
  1.64471662e+00  2.89453244e+00 -1.38728242e+00 -3.95836911e-01
 -2.23766483e+00 -2.10323190e+00  3.12250463e+00  2.78994980e+00
 -7.86075435e-01 -2.68109828e+00  1.55673874e+00 -1.98150966e-01
 -2.38128920e+00  1.91262986e+00  1.10437273e+00 -6.01060910e-01
  1.13037991e+00 -1.98839345e+00 -2.59855039e-01  2.29380279e+00
 -1.52633362e-01  5.34240094e-01  2.39061527e+00  6.22169945e-01
  2.62729155e+00  2.84238501e+00  2.76138719e+00 -2.91162410e+00
  3.14957269e-01 -4.26943110e-01  1.67644036e+00  2.98311781e+00
 -3.89286164e-01 -2.38443450e+00  2.71014882e+00 -3.19173397e+00
  6.33953657e-01 -7.26349939e-01 -1.74399877e+00  3.10206638e+00
 -1.95832060e+00 -1.63958786e+00 -2.55971566e+00  2.39161703e+00
 -2.16678671e+00  1.97092847e+00  1.74929302e+00  1.45463652e+00
  2.51332523e+00  2.91110428e+00  1.94439944e+00  1.48406564e+00
 -1.74742500e+00 -2.36915867e+00  1.22867798e+00  5.72924497e-01
  1.62270944e+00 -2.80582741e+00 -1.72654502e-01  2.48385100e+00
 -1.15244384e+00  1.17520148e+00  1.22683934e+00  6.43543009e-01
 -9.94906212e-01  1.14269473e+00  8.17968947e-01 -3.31373814e-01
  2.82740267e+00 -2.13811500e+00  1.55755653e+00 -6.44843796e-01
  1.01041998e+00 -3.23084708e+00 -2.21295633e+00  3.50812702e-01
 -1.08971607e+00 -3.82876399e-01  2.99661388e-01  3.46133895e-02
 -1.80166195e+00 -1.98744714e-01 -6.21920591e-01  2.88173919e+00
 -1.12991111e+00 -1.24018470e+00 -1.10842418e+00  1.30131728e+00
  1.63731656e+00 -8.29925162e-01  2.13742451e+00 -1.64316444e+00
 -2.46947942e-01 -8.85145303e-01 -2.98881053e+00  3.06130726e+00
 -1.77203310e+00  3.01305094e+00 -1.38734797e+00 -2.51069307e+00
  3.58121131e+00 -1.12429550e+00 -7.17725628e-01 -2.93179098e+00
 -2.51712221e+00  2.92171821e+00 -1.99072763e+00 -1.66317211e+00
 -4.39427899e-01  2.98260726e+00  1.48573314e-01  3.61974505e-02
 -1.61589342e+00 -1.33659533e-01 -1.59153440e+00 -3.04870679e+00
  2.93371542e+00  1.17977469e+00 -3.41182940e-01 -2.29659443e+00
  1.01380179e+00 -1.18175701e+00 -2.87909132e-01 -2.13993315e+00
 -1.92739008e+00  1.78853445e+00 -1.00189902e+00  2.58763594e+00
 -4.73883981e-01 -3.12128584e+00 -2.82918985e+00  1.92407943e+00
 -3.04847996e+00 -2.72800914e-01 -1.00386577e+00 -1.59415499e-01
  2.38090684e+00  1.76899416e+00 -1.53713871e-01 -1.98260075e+00
 -2.98233773e+00  1.34808400e-01 -8.41598765e-01  1.49157364e+00
 -2.51969577e+00  9.25140891e-01 -1.26866050e-01  1.40919737e-01
  2.02095661e+00  7.29295315e-01  7.75021420e-01 -1.25450954e+00
  1.62351201e+00  2.55005502e+00  1.26249890e+00  2.43831845e-01
 -1.03010163e+00  2.64956737e+00  8.26653967e-01 -2.19421275e+00
  2.91936620e-02  1.73547206e+00  1.02931997e+00 -6.48644783e-01
 -2.32080883e+00  2.40052992e+00  2.03527781e+00  1.67531161e+00
  2.26012176e+00  1.82475193e+00 -1.98765337e+00 -2.86940119e+00
  5.90742180e-01  1.38708079e+00 -2.41148334e+00 -1.31931881e+00
  2.40429027e+00  1.31922775e+00  2.23452420e-03 -1.71202797e+00
 -1.53606476e+00  2.01321497e+00  1.51879029e+00 -7.76781503e-01
 -1.48332665e-01 -3.69329588e-01 -2.00312078e-01  2.44337518e+00
 -4.63677746e-01 -6.67181848e-01  1.03974875e+00 -2.30096377e+00
  9.54791941e-01  2.58411366e+00 -5.34695473e-01  2.17877707e+00
 -1.93155802e+00 -9.32569450e-01 -2.40277859e+00 -2.29693071e+00
 -1.42236258e+00 -2.89100142e+00  1.51965462e+00  1.81382799e+00
  1.61049173e+00  1.05042176e+00  1.43530810e+00 -2.34929471e+00
 -2.67302847e+00  1.70253961e+00  1.00997976e+00 -3.81132397e-01
 -2.62078737e+00  1.61927112e+00 -1.25655806e+00 -2.49146232e+00
  7.73175645e-02]
Thu Jun 13 21:00:58 2024,241,0.13350698432856295,[-2.86061974e+00  2.23988553e+00 -1.72726998e+00  1.78882707e-01
  4.67454310e-01 -3.15225652e+00  3.18427710e+00  2.11531576e+00
  1.10358256e+00 -9.74924495e-01  5.62479034e-01  1.33660634e+00
  1.36352111e+00 -1.86018030e+00  8.31051220e-01  2.90621461e+00
 -4.50127908e-01 -4.36530972e-01 -1.92492520e+00  7.40389914e-01
  1.64421060e+00  2.89402642e+00 -1.38778844e+00 -3.96342930e-01
 -2.23715881e+00 -2.10373792e+00  3.12199861e+00  2.79045582e+00
 -7.85569416e-01 -2.68160430e+00  1.55724476e+00 -1.98656985e-01
 -2.38179522e+00  1.91313588e+00  1.10386671e+00 -6.01566929e-01
  1.13088593e+00 -1.98889947e+00 -2.60361058e-01  2.29430881e+00
 -1.53139381e-01  5.34746113e-01  2.39112129e+00  6.22675964e-01
  2.62678553e+00  2.84187899e+00  2.76189321e+00 -2.91213012e+00
  3.14451250e-01 -4.26437090e-01  1.67593434e+00  2.98362383e+00
 -3.89792183e-01 -2.38392848e+00  2.70964280e+00 -3.19122795e+00
  6.33447638e-01 -7.26855959e-01 -1.74450479e+00  3.10156036e+00
 -1.95781458e+00 -1.64009388e+00 -2.55920964e+00  2.39111101e+00
 -2.16628070e+00  1.97143449e+00  1.74979904e+00  1.45514254e+00
  2.51383125e+00  2.91161030e+00  1.94389342e+00  1.48355962e+00
 -1.74691898e+00 -2.36966469e+00  1.22918400e+00  5.73430517e-01
  1.62321546e+00 -2.80633343e+00 -1.72148483e-01  2.48435702e+00
 -1.15193782e+00  1.17570750e+00  1.22734536e+00  6.43036989e-01
 -9.95412231e-01  1.14218871e+00  8.18474966e-01 -3.31879833e-01
  2.82790868e+00 -2.13862102e+00  1.55705051e+00 -6.44337776e-01
  1.01092600e+00 -3.23135310e+00 -2.21346235e+00  3.50306683e-01
 -1.09022209e+00 -3.82370379e-01  2.99155368e-01  3.41073703e-02
 -1.80216797e+00 -1.98238695e-01 -6.21414572e-01  2.88123317e+00
 -1.13041713e+00 -1.24069071e+00 -1.10791816e+00  1.30081126e+00
  1.63681054e+00 -8.30431182e-01  2.13793053e+00 -1.64367046e+00
 -2.47453961e-01 -8.85651323e-01 -2.98931655e+00  3.06181328e+00
 -1.77253912e+00  3.01355696e+00 -1.38684195e+00 -2.51119909e+00
  3.58171733e+00 -1.12378948e+00 -7.17219609e-01 -2.93128496e+00
 -2.51762823e+00  2.92121219e+00 -1.99123365e+00 -1.66266609e+00
 -4.38921880e-01  2.98311328e+00  1.49079333e-01  3.56914313e-02
 -1.61538740e+00 -1.34165552e-01 -1.59204042e+00 -3.04921281e+00
  2.93320940e+00  1.18028071e+00 -3.41688959e-01 -2.29608841e+00
  1.01430781e+00 -1.18125099e+00 -2.87403113e-01 -2.14043917e+00
 -1.92688406e+00  1.78904047e+00 -1.00240504e+00  2.58712992e+00
 -4.74390001e-01 -3.12179186e+00 -2.82969587e+00  1.92458545e+00
 -3.04797394e+00 -2.73306934e-01 -1.00437179e+00 -1.58909480e-01
  2.38141285e+00  1.76950018e+00 -1.54219891e-01 -1.98209473e+00
 -2.98284375e+00  1.35314420e-01 -8.42104784e-01  1.49207966e+00
 -2.51918976e+00  9.24634872e-01 -1.26360031e-01  1.40413718e-01
  2.02045059e+00  7.29801335e-01  7.75527439e-01 -1.25501556e+00
  1.62401803e+00  2.54954900e+00  1.26300492e+00  2.44337865e-01
 -1.02959561e+00  2.64906135e+00  8.26147948e-01 -2.19370673e+00
  2.96996813e-02  1.73597808e+00  1.02982599e+00 -6.49150802e-01
 -2.32030281e+00  2.40002391e+00  2.03578383e+00  1.67581763e+00
  2.26062778e+00  1.82525795e+00 -1.98714736e+00 -2.86990721e+00
  5.91248199e-01  1.38657477e+00 -2.41097732e+00 -1.31881279e+00
  2.40479629e+00  1.31973377e+00  1.72850496e-03 -1.71152195e+00
 -1.53555874e+00  2.01270895e+00  1.51828427e+00 -7.77287522e-01
 -1.47826646e-01 -3.69835607e-01 -2.00818097e-01  2.44286916e+00
 -4.64183765e-01 -6.67687868e-01  1.04025477e+00 -2.30146979e+00
  9.55297960e-01  2.58461968e+00 -5.34189454e-01  2.17928309e+00
 -1.93105200e+00 -9.33075469e-01 -2.40227257e+00 -2.29642469e+00
 -1.42185656e+00 -2.89049540e+00  1.51914861e+00  1.81433401e+00
  1.61099775e+00  1.05092778e+00  1.43480208e+00 -2.34980073e+00
 -2.67252245e+00  1.70304562e+00  1.01048577e+00 -3.80626378e-01
 -2.62129338e+00  1.61876510e+00 -1.25706408e+00 -2.49196834e+00
  7.78235838e-02]
Thu Jun 13 21:02:12 2024,242,0.13301525639651235,[-2.86381689  2.24308269 -1.73046714  0.17568555  0.46425716 -3.14905937
  3.18747426  2.11851292  1.10038541 -0.97812165  0.56567619  1.3398035
  1.36671826 -1.86337745  0.83424838  2.90941176 -0.45332506 -0.43972813
 -1.92812236  0.73719276  1.64101345  2.89082927 -1.3909856  -0.39314578
 -2.23396165 -2.10693507  3.11880146  2.79365298 -0.78237226 -2.68480145
  1.5540476  -0.20185414 -2.38499237  1.90993873  1.10066955 -0.60476408
  1.13408308 -1.98570232 -0.26355821  2.29111165 -0.15633654  0.53154896
  2.39431844  0.62587312  2.62998269  2.83868184  2.76509037 -2.91532727
  0.3112541  -0.42963425  1.67273718  2.98042668 -0.38659503 -2.38073132
  2.71283996 -3.1880308   0.63025048 -0.7236588  -1.74770195  3.10475751
 -1.96101173 -1.64329104 -2.56240679  2.38791385 -2.16308354  1.97463165
  1.74660189  1.45194538  2.5106341   2.90841315  1.94709057  1.48036247
 -1.75011614 -2.37286185  1.22598684  0.57023336  1.62001831 -2.80953058
 -0.16895133  2.48755417 -1.14874066  1.17890466  1.23054251  0.64623414
 -0.99221508  1.14538587  0.81527781 -0.33507699  2.82471153 -2.14181818
  1.56024767 -0.64114062  1.00772885 -3.23455026 -2.2102652   0.35350384
 -1.09341924 -0.37917322  0.30235252  0.03091022 -1.79897082 -0.19504154
 -0.61821742  2.87803601 -1.12721998 -1.23749356 -1.11111531  1.30400841
  1.63361338 -0.83362834  2.14112769 -1.64047331 -0.25065112 -0.88245417
 -2.98611939  3.06501044 -1.76934197  3.01035981 -1.38364479 -2.50800194
  3.58491449 -1.12698663 -0.71402245 -2.93448212 -2.52082539  2.92440935
 -1.9944308  -1.66586324 -0.43572473  2.98631044  0.14588218  0.03249428
 -1.61858455 -0.1309684  -1.59523757 -3.04601566  2.93001224  1.17708356
 -0.3384918  -2.29289126  1.01111066 -1.17805384 -0.29060027 -2.14363632
 -1.9236869   1.78584332 -0.99920788  2.58393277 -0.47119285 -3.11859471
 -2.82649872  1.9277826  -3.0511711  -0.27650409 -1.00756895 -0.15571233
  2.3782157   1.77269733 -0.15741705 -1.98529189 -2.9860409   0.13851157
 -0.83890763  1.49527681 -2.52238691  0.92783203 -0.12316288  0.13721656
  2.01725344  0.73299849  0.77872459 -1.25181841  1.62082087  2.55274615
  1.26620207  0.24753502 -1.02639846  2.6458642   0.8293451  -2.19050957
  0.03289684  1.73917524  1.02662883 -0.64595365 -2.32349996  2.40322106
  2.03258667  1.67901479  2.25743062  1.8220608  -1.99034451 -2.86671005
  0.58805104  1.38977193 -2.40778016 -1.32200995  2.40159913  1.31653662
  0.00492566 -1.71471911 -1.53236158  2.00951179  1.51508711 -0.78048468
 -0.1510238  -0.37303276 -0.19762094  2.43967201 -0.46098661 -0.67088502
  1.03705762 -2.29827263  0.95849512  2.58142253 -0.5309923   2.17608593
 -1.93424916 -0.92987831 -2.40546972 -2.29322754 -1.42505372 -2.88729825
  1.52234576  1.81753116  1.6141949   1.05412494  1.43160493 -2.34660358
 -2.67571961  1.70624278  1.01368293 -0.38382353 -2.61809623  1.61556794
 -1.26026123 -2.49516549  0.08102074]
Thu Jun 13 21:02:29 2024,243,0.1325990028147105,[-2.85847937  2.2484202  -1.72512962  0.17034804  0.45891964 -3.15439688
  3.19281177  2.1131754   1.09504789 -0.97278413  0.56033867  1.33446598
  1.36138075 -1.86871497  0.82891086  2.90407425 -0.44798755 -0.44506564
 -1.93345988  0.73185524  1.64635097  2.88549175 -1.38564808 -0.38780826
 -2.22862413 -2.11227259  3.11346394  2.78831546 -0.77703474 -2.67946393
  1.55938512 -0.20719166 -2.39032989  1.90460121  1.09533203 -0.6101016
  1.1394206  -1.99103983 -0.2582207   2.28577414 -0.16167405  0.53688648
  2.39965596  0.6205356   2.6353202   2.83334432  2.77042788 -2.90998975
  0.30591658 -0.42429673  1.6780747   2.97508916 -0.38125751 -2.38606884
  2.70750244 -3.18269328  0.635588   -0.71832129 -1.74236443  3.09941999
 -1.96634925 -1.63795352 -2.56774431  2.39325137 -2.15774602  1.97996916
  1.74126437  1.4572829   2.51597161  2.90307563  1.95242809  1.48569999
 -1.75545365 -2.36752433  1.22064933  0.56489585  1.61468079 -2.80419306
 -0.16361381  2.48221666 -1.14340315  1.18424217  1.225205    0.65157166
 -0.98687756  1.15072338  0.82061533 -0.3404145   2.83004905 -2.14715569
  1.55491015 -0.64647814  1.01306636 -3.23988777 -2.21560272  0.34816632
 -1.08808173 -0.37383571  0.30769004  0.03624773 -1.7936333  -0.18970402
 -0.6128799   2.88337353 -1.12188246 -1.24283108 -1.10577779  1.30934593
  1.62827587 -0.83896585  2.13579017 -1.64581083 -0.25598863 -0.88779168
 -2.98078188  3.07034795 -1.76400445  3.01569732 -1.37830728 -2.50266442
  3.590252   -1.12164911 -0.70868494 -2.9291446  -2.52616291  2.92974686
 -1.99976832 -1.67120076 -0.43038721  2.99164795  0.14054466  0.02715676
 -1.61324704 -0.13630591 -1.58990005 -3.05135318  2.93534976  1.18242107
 -0.33315429 -2.29822877  1.01644817 -1.18339135 -0.28526275 -2.14897384
 -1.91834939  1.79118083 -0.99387037  2.57859525 -0.47653036 -3.12393222
 -2.8211612   1.92244508 -3.05650861 -0.27116657 -1.01290646 -0.16104984
  2.37287818  1.76735981 -0.16275456 -1.9906294  -2.99137842  0.13317406
 -0.83357011  1.4899393  -2.51704939  0.93316954 -0.12850039  0.14255408
  2.01191592  0.72766097  0.77338708 -1.24648089  1.62615839  2.54740864
  1.27153959  0.2421975  -1.03173597  2.64052668  0.83468262 -2.19584709
  0.03823435  1.74451275  1.03196635 -0.65129116 -2.31816245  2.40855858
  2.03792419  1.68435231  2.25209311  1.81672328 -1.99568203 -2.87204757
  0.58271353  1.39510945 -2.40244265 -1.32734747  2.40693665  1.3111991
  0.01026318 -1.70938159 -1.52702407  2.01484931  1.52042463 -0.78582219
 -0.14568628 -0.37837028 -0.19228343  2.44500952 -0.46632413 -0.67622254
  1.0317201  -2.30361015  0.96383263  2.58676004 -0.52565478  2.17074841
 -1.93958667 -0.93521583 -2.41080724 -2.28789002 -1.4197162  -2.89263576
  1.52768328  1.82286868  1.61953242  1.04878742  1.42626741 -2.35194109
 -2.68105712  1.70090526  1.01902045 -0.37848602 -2.62343375  1.61023043
 -1.25492372 -2.50050301  0.07568322]
Thu Jun 13 21:02:51 2024,244,0.13259145937047143,[-2.85836655  2.24830738 -1.72524244  0.17023521  0.45880682 -3.15428406
  3.19269895  2.11328822  1.09516071 -0.97267131  0.5604515   1.33435316
  1.36149357 -1.86882779  0.82879804  2.90396142 -0.44787472 -0.44517847
 -1.93334705  0.73196807  1.64623814  2.88560457 -1.3857609  -0.38769544
 -2.22873696 -2.11215977  3.11335112  2.78820264 -0.77692192 -2.67957676
  1.55927229 -0.20730448 -2.39044271  1.90448839  1.09544486 -0.61021442
  1.13953342 -1.99092701 -0.25810787  2.28588696 -0.16156123  0.53677365
  2.39976878  0.62064843  2.63543303  2.8332315   2.77054071 -2.91010258
  0.30580376 -0.42418391  1.67796188  2.97497634 -0.38114469 -2.38618166
  2.70738962 -3.1828061   0.63570082 -0.71843411 -1.74247725  3.09953282
 -1.96623643 -1.63806634 -2.56785713  2.39336419 -2.1576332   1.97985634
  1.7413772   1.45717007  2.51585879  2.90296281  1.95231527  1.48581281
 -1.75556648 -2.36763715  1.22076215  0.56478302  1.61479361 -2.80408024
 -0.16372663  2.48232948 -1.14329032  1.18412935  1.22531782  0.65145884
 -0.98676474  1.15061056  0.8205025  -0.34030168  2.82993622 -2.14704287
  1.55479733 -0.64636532  1.01295354 -3.23977495 -2.21571554  0.34827914
 -1.0879689  -0.37372288  0.30780286  0.03613491 -1.79374612 -0.1895912
 -0.61299272  2.88348635 -1.12176964 -1.24271825 -1.10589062  1.30945875
  1.62816305 -0.83885303  2.135903   -1.645698   -0.25587581 -0.88790451
 -2.98066905  3.07023513 -1.76411727  3.0155845  -1.3784201  -2.5025516
  3.59013918 -1.12176194 -0.70879776 -2.92903178 -2.52605008  2.92985969
 -1.99988114 -1.67108794 -0.43050003  2.99176078  0.14043184  0.02704394
 -1.61335986 -0.13619309 -1.59001288 -3.051466    2.93546258  1.18253389
 -0.33304146 -2.29811595  1.016561   -1.18327853 -0.28537557 -2.14908666
 -1.91823656  1.79106801 -0.99375754  2.57848243 -0.47664319 -3.1238194
 -2.82127402  1.92233226 -3.05662144 -0.27105375 -1.01279364 -0.16093702
  2.37276536  1.76747264 -0.16286739 -1.99051658 -2.9912656   0.13306123
 -0.83345729  1.48982648 -2.51693657  0.93305672 -0.12838757  0.14244126
  2.01202875  0.7277738   0.77327425 -1.24659371  1.62604557  2.54729581
  1.27142677  0.24231033 -1.03162315  2.6406395   0.8345698  -2.19595991
  0.03834718  1.74462558  1.03207917 -0.65140399 -2.31804962  2.40844575
  2.03781137  1.68446513  2.25220593  1.81683611 -1.99579485 -2.87216039
  0.58282635  1.39522227 -2.40255547 -1.32746029  2.40682383  1.31131192
  0.01015035 -1.70926877 -1.52713689  2.01496213  1.52031181 -0.78570937
 -0.14579911 -0.37825746 -0.19239625  2.44512235 -0.4662113  -0.67610972
  1.03160728 -2.30372297  0.96394545  2.58664722 -0.52576761  2.17063559
 -1.9396995  -0.93510301 -2.41092006 -2.2877772  -1.41982902 -2.89252294
  1.5277961   1.8229815   1.6194196   1.0486746   1.42615459 -2.35182827
 -2.6809443   1.70101809  1.01890762 -0.37837319 -2.62332092  1.61011761
 -1.25503654 -2.50061583  0.0755704 ]
Thu Jun 13 21:03:06 2024,245,0.1325042467130217,[-2.8593546   2.24929543 -1.72623049  0.16924717  0.45781877 -3.15329601
  3.193687    2.11230018  1.09614876 -0.97168326  0.55946345  1.33336511
  1.36248162 -1.86783975  0.82978608  2.90494947 -0.44688668 -0.44419042
 -1.93235901  0.73295611  1.64722619  2.88659262 -1.38674895 -0.38868348
 -2.22774891 -2.11314782  3.11236307  2.78919068 -0.77790997 -2.6805648
  1.55828425 -0.20631643 -2.39143076  1.90350034  1.0964329  -0.61120247
  1.14052147 -1.99191506 -0.25711983  2.28687501 -0.16057318  0.53578561
  2.39878074  0.62163647  2.63642107  2.83224345  2.76955266 -2.91109062
  0.30481571 -0.42319586  1.67894992  2.97398829 -0.38015664 -2.38716971
  2.70837766 -3.18181806  0.63471278 -0.71942216 -1.7434653   3.09854477
 -1.96722447 -1.63905439 -2.56686908  2.39435224 -2.15862125  1.97886829
  1.74236524  1.45618203  2.51684684  2.90197476  1.95132722  1.48680086
 -1.75457843 -2.36664911  1.2217502   0.56379498  1.61578166 -2.80506829
 -0.16471468  2.48134143 -1.14230228  1.1831413   1.22630587  0.65244688
 -0.98577669  1.14962251  0.81951446 -0.34128973  2.82894818 -2.14605482
  1.55578538 -0.64735336  1.01196549 -3.2387869  -2.21472749  0.34926719
 -1.08698086 -0.37471093  0.30879091  0.03514686 -1.79275807 -0.18860315
 -0.61200468  2.8844744  -1.12078159 -1.24173021 -1.10490257  1.30847071
  1.62915109 -0.83786498  2.13689104 -1.64470996 -0.25686386 -0.88691646
 -2.9816571   3.06924708 -1.76510532  3.01459645 -1.37743205 -2.50156355
  3.58915113 -1.12077389 -0.70978581 -2.93001983 -2.52506204  2.93084773
 -1.99889309 -1.67207598 -0.42951198  2.99274882  0.14141989  0.02803198
 -1.61434791 -0.13520504 -1.58902483 -3.05047795  2.93447453  1.18352194
 -0.33402951 -2.29712791  1.01754904 -1.18229048 -0.28438753 -2.15007471
 -1.91724852  1.79007996 -0.99474559  2.57749438 -0.47763123 -3.12283135
 -2.82028598  1.92332031 -3.05563339 -0.2720418  -1.01378169 -0.15994897
  2.37177731  1.76648459 -0.16385543 -1.98952853 -2.99225364  0.13404928
 -0.83246924  1.49081452 -2.51594852  0.93404477 -0.12739952  0.14145321
  2.01301679  0.72678575  0.7742623  -1.24560567  1.62703361  2.54630777
  1.27043872  0.24329837 -1.0326112   2.64162755  0.83358175 -2.19497187
  0.03933522  1.74363753  1.03109113 -0.65239203 -2.31706158  2.4094338
  2.03682332  1.68545318  2.25319398  1.81782415 -1.9967829  -2.87314844
  0.5838144   1.39423422 -2.40354352 -1.32844834  2.40781187  1.31032387
  0.00916231 -1.71025682 -1.52812494  2.01595018  1.52129985 -0.78472132
 -0.14481106 -0.37726941 -0.1933843   2.4441343  -0.46719935 -0.67512167
  1.03061923 -2.30471102  0.96295741  2.58763527 -0.52477956  2.17162364
 -1.93871145 -0.93411496 -2.41190811 -2.28678915 -1.42081707 -2.89351099
  1.52680805  1.82396955  1.62040765  1.04768655  1.42714264 -2.35281632
 -2.68193235  1.70200613  1.01791958 -0.37936124 -2.62430897  1.61110565
 -1.25404849 -2.49962778  0.07458235]
Thu Jun 13 21:03:32 2024,246,0.1324812076955085,[-2.85808638  2.24802721 -1.7274987   0.17051538  0.45655056 -3.1520278
  3.19495521  2.11103196  1.09488054 -0.97041505  0.56073166  1.3320969
  1.36374983 -1.86910796  0.8310543   2.90368126 -0.44561846 -0.44545863
 -1.93362722  0.7316879   1.64595798  2.88532441 -1.38801717 -0.3899517
 -2.22901712 -2.11441603  3.11109486  2.7904589  -0.77917818 -2.68183302
  1.55701603 -0.20504822 -2.39269897  1.90476856  1.09770112 -0.60993426
  1.14178968 -1.99064684 -0.25585161  2.28814322 -0.15930497  0.53705382
  2.39751252  0.62036826  2.63768929  2.83351167  2.76828445 -2.90982241
  0.3035475  -0.42446407  1.67768171  2.97525651 -0.37888843 -2.38843792
  2.70964588 -3.18308627  0.63344456 -0.71815394 -1.74219708  3.09981298
 -1.96849269 -1.6403226  -2.5681373   2.39308403 -2.15988946  1.98013651
  1.74109703  1.45745024  2.51811505  2.90070654  1.95005901  1.48553264
 -1.75584664 -2.36791732  1.22048198  0.56506319  1.61704987 -2.80380007
 -0.16344647  2.48260965 -1.14103406  1.18440952  1.22757408  0.6537151
 -0.9870449   1.1483543   0.81824624 -0.34255794  2.83021639 -2.14732304
  1.55705359 -0.64608515  1.01323371 -3.24005512 -2.21345928  0.3505354
 -1.08571264 -0.37344272  0.31005912  0.03641508 -1.79402629 -0.18733494
 -0.61327289  2.88320618 -1.11951338 -1.24299842 -1.10617078  1.30720249
  1.62788288 -0.83659677  2.13562283 -1.64597817 -0.25813207 -0.88818467
 -2.98292532  3.06797887 -1.7638371   3.01332824 -1.37870027 -2.50029534
  3.58788292 -1.11950568 -0.71105402 -2.93128804 -2.52379382  2.92957952
 -2.00016131 -1.67080777 -0.42824377  2.99148061  0.1426881   0.0293002
 -1.61561612 -0.13393683 -1.59029304 -3.05174617  2.93320632  1.18479016
 -0.33529773 -2.29839612  1.01628083 -1.18102227 -0.28565574 -2.15134292
 -1.9159803   1.79134818 -0.9960138   2.57622617 -0.47636302 -3.12156314
 -2.82155419  1.92458852 -3.05436518 -0.27331001 -1.01251347 -0.15868076
  2.3705091   1.76521638 -0.16512365 -1.98826032 -2.99352186  0.13278107
 -0.83373746  1.48954631 -2.51721674  0.93277655 -0.12613131  0.14272142
  2.01428501  0.72805396  0.77553052 -1.24433745  1.62830183  2.54503955
  1.2691705   0.24203016 -1.03134298  2.64035934  0.83231354 -2.19624008
  0.03806701  1.74236932  1.03235934 -0.65112382 -2.31832979  2.40816559
  2.03555511  1.68672139  2.25446219  1.81655594 -1.99805111 -2.87188023
  0.58254618  1.39550243 -2.40481173 -1.32718012  2.40908009  1.30905566
  0.00789409 -1.71152503 -1.52939315  2.01468197  1.52256807 -0.78345311
 -0.14607927 -0.3760012  -0.19211608  2.44286609 -0.46593114 -0.67385346
  1.03188744 -2.3034428   0.96422562  2.58636705 -0.52604777  2.17289185
 -1.93744324 -0.93284675 -2.41063989 -2.28552094 -1.41954886 -2.89224277
  1.52807627  1.82523776  1.62167586  1.04895476  1.42587442 -2.35408453
 -2.68320056  1.70073792  1.01918779 -0.38062945 -2.62557718  1.61237387
 -1.25531671 -2.49835957  0.07331414]
Thu Jun 13 21:03:47 2024,247,0.13244808984332362,[-2.85751559  2.24745642 -1.7280695   0.17108617  0.45712135 -3.15259859
  3.195526    2.11160276  1.09545134 -0.97098584  0.56130246  1.3315261
  1.36317904 -1.86967875  0.83162509  2.90425205 -0.44618926 -0.44488784
 -1.93419801  0.73225869  1.64538718  2.8858952  -1.38858796 -0.39052249
 -2.22958792 -2.11384523  3.11166565  2.7898881  -0.77860739 -2.68126222
  1.55644524 -0.20561901 -2.39326976  1.90419776  1.09827191 -0.60936346
  1.14121889 -1.99007605 -0.25528082  2.28871402 -0.15987576  0.53762461
  2.39808332  0.62093905  2.63711849  2.83408246  2.76771365 -2.90925162
  0.30411829 -0.42389328  1.67711092  2.9758273  -0.37945922 -2.38786713
  2.71021667 -3.18365707  0.63287377 -0.71872474 -1.74162629  3.09924219
 -1.96906348 -1.6408934  -2.5675665   2.39365482 -2.16046026  1.9807073
  1.74166782  1.45802104  2.51754426  2.90127734  1.9506298   1.48496185
 -1.75527585 -2.36848812  1.21991119  0.56563398  1.61647908 -2.80322928
 -0.16401726  2.48203885 -1.14160486  1.18383872  1.22814487  0.6531443
 -0.9876157   1.14892509  0.81881704 -0.34198715  2.8296456  -2.14675224
  1.55762438 -0.64665594  1.0138045  -3.23948432 -2.21288848  0.34996461
 -1.08514185 -0.37401351  0.31062992  0.03584428 -1.79459708 -0.18790573
 -0.61384368  2.88263539 -1.11894258 -1.24242763 -1.10559999  1.30777329
  1.62731208 -0.83716756  2.13505203 -1.64654896 -0.25756128 -0.88875547
 -2.98235452  3.06854967 -1.76326631  3.01275744 -1.37927106 -2.49972454
  3.58731213 -1.11893488 -0.71162482 -2.93071725 -2.52436462  2.93015031
 -1.99959051 -1.67137856 -0.42881456  2.99090981  0.14325889  0.0287294
 -1.61504533 -0.13450762 -1.59086384 -3.05231696  2.93263553  1.18421936
 -0.33472693 -2.29782532  1.01685162 -1.18159306 -0.28622653 -2.15191372
 -1.91540951  1.79191897 -0.9965846   2.57679696 -0.47579222 -3.12213393
 -2.82098339  1.92515932 -3.05379438 -0.2738808  -1.01308427 -0.15810996
  2.36993831  1.76578717 -0.16455285 -1.98768952 -2.99409265  0.13335186
 -0.83316666  1.48897551 -2.51778753  0.93334735 -0.1267021   0.14329222
  2.01371421  0.72748317  0.77610131 -1.24490825  1.62773103  2.54561035
  1.26859971  0.24260095 -1.03077219  2.63978854  0.83174274 -2.19566929
  0.03749621  1.74294011  1.03293013 -0.65055303 -2.31890058  2.40759479
  2.03498431  1.6861506   2.25503299  1.81598514 -1.9986219  -2.87130943
  0.58311698  1.39607323 -2.40538252 -1.32660933  2.40850929  1.30848487
  0.00846489 -1.71209582 -1.52996394  2.01411117  1.52199727 -0.78288232
 -0.14665007 -0.37657199 -0.19268688  2.44343688 -0.46536034 -0.67442425
  1.03245824 -2.30287201  0.96365483  2.58579626 -0.52661857  2.17232106
 -1.93801403 -0.93227595 -2.4100691  -2.28609173 -1.42011965 -2.89167198
  1.52864706  1.82580856  1.62224665  1.04952556  1.42530363 -2.35465532
 -2.68377136  1.70016712  1.018617   -0.38120025 -2.62500639  1.61294466
 -1.2558875  -2.49893036  0.07274334]
Thu Jun 13 21:04:01 2024,248,0.13174624538987256,[-2.86218442  2.24278759 -1.72340067  0.16641735  0.46179017 -3.15726742
  3.20019483  2.10693393  1.09078251 -0.96631702  0.55663363  1.33619493
  1.36784786 -1.87434758  0.83629392  2.90892088 -0.44152043 -0.44021901
 -1.93886684  0.72758987  1.64071836  2.89056403 -1.39325678 -0.39519132
 -2.23425674 -2.11851406  3.10699683  2.78521928 -0.77393856 -2.68593105
  1.56111407 -0.20095019 -2.39793859  1.89952894  1.10294074 -0.61403229
  1.14588771 -1.98540722 -0.25061199  2.29338284 -0.16454459  0.54229344
  2.39341449  0.61627023  2.63244967  2.82941363  2.76304483 -2.91392044
  0.29944946 -0.4285621   1.68177974  2.98049613 -0.38412805 -2.39253596
  2.70554785 -3.18832589  0.62820494 -0.72339356 -1.74629512  3.09457337
 -1.96439466 -1.64556222 -2.57223533  2.39832365 -2.16512908  1.98537613
  1.736999    1.46268986  2.51287543  2.90594616  1.94596098  1.48029302
 -1.75994468 -2.37315694  1.21524236  0.56096516  1.62114791 -2.79856045
 -0.15934844  2.48670768 -1.14627368  1.1791699   1.22347605  0.64847548
 -0.98294687  1.14425627  0.82348586 -0.34665597  2.83431442 -2.15142107
  1.56229321 -0.65132477  1.00913568 -3.24415315 -2.20821966  0.34529579
 -1.08981068 -0.37868234  0.30596109  0.03117546 -1.78992826 -0.19257456
 -0.61851251  2.87796656 -1.11427376 -1.24709645 -1.10093116  1.30310446
  1.63198091 -0.84183639  2.13038321 -1.64188014 -0.2622301  -0.88408664
 -2.9776857   3.06388084 -1.75859749  3.01742627 -1.37460224 -2.49505572
  3.5826433  -1.11426606 -0.70695599 -2.93538607 -2.52903344  2.93481914
 -1.99492169 -1.67604739 -0.42414574  2.99557864  0.13859007  0.02406058
 -1.61971415 -0.1298388  -1.59553266 -3.04764813  2.93730435  1.17955054
 -0.33939576 -2.30249415  1.0121828  -1.17692424 -0.28155771 -2.15658254
 -1.91074068  1.78725015 -1.00125342  2.57212813 -0.4711234  -3.12680276
 -2.82565222  1.92049049 -3.05846321 -0.27854963 -1.01775309 -0.16277879
  2.36526948  1.770456   -0.16922168 -1.99235835 -2.98942383  0.13802069
 -0.83783549  1.48430669 -2.52245636  0.92867852 -0.12203328  0.13862339
  2.01838304  0.73215199  0.78077013 -1.24023942  1.63239986  2.54094152
  1.26393089  0.24726978 -1.02610336  2.63511972  0.83641157 -2.20033811
  0.03282739  1.74760894  1.03759896 -0.6458842  -2.31423176  2.40292597
  2.03965314  1.68148177  2.25036416  1.82065397 -2.00329073 -2.87597826
  0.5877858   1.40074205 -2.41005135 -1.33127815  2.41317812  1.31315369
  0.00379606 -1.71676465 -1.53463277  2.00944235  1.51732845 -0.78755114
 -0.15131889 -0.37190316 -0.1973557   2.4481057  -0.47002917 -0.66975542
  1.02778941 -2.30754084  0.958986    2.59046509 -0.53128739  2.16765223
 -1.9333452  -0.93694478 -2.41473793 -2.29076055 -1.41545082 -2.8963408
  1.53331589  1.82113973  1.62691548  1.04485673  1.4206348  -2.3499865
 -2.67910253  1.70483595  1.02328582 -0.38586907 -2.62033757  1.60827583
 -1.25121868 -2.50359919  0.06807452]
Thu Jun 13 21:04:16 2024,249,0.13121150969523948,[-2.86692196e+00  2.24752514e+00 -1.71866312e+00  1.71154897e-01
  4.66527723e-01 -3.16200497e+00  3.20493238e+00  2.11167148e+00
  1.08604496e+00 -9.71054567e-01  5.61371179e-01  1.34093248e+00
  1.36311031e+00 -1.86961003e+00  8.31556367e-01  2.91365843e+00
 -4.46257980e-01 -4.35481465e-01 -1.93412929e+00  7.32327416e-01
  1.63598081e+00  2.88582648e+00 -1.39799433e+00 -3.90453768e-01
 -2.22951920e+00 -2.12325161e+00  3.11173438e+00  2.78995683e+00
 -7.69201014e-01 -2.68119350e+00  1.56585161e+00 -2.05687736e-01
 -2.40267614e+00  1.90426648e+00  1.10767829e+00 -6.18769837e-01
  1.14115017e+00 -1.99014477e+00 -2.45874445e-01  2.28864529e+00
 -1.59807040e-01  5.37555890e-01  2.38867694e+00  6.11532678e-01
  2.63718721e+00  2.82467609e+00  2.75830728e+00 -2.90918289e+00
  2.94711915e-01 -4.33299653e-01  1.67704219e+00  2.97575858e+00
 -3.88865596e-01 -2.39727350e+00  2.71028540e+00 -3.19306344e+00
  6.23467394e-01 -7.28131111e-01 -1.75103266e+00  3.09931091e+00
 -1.95965711e+00 -1.64082468e+00 -2.56749778e+00  2.40306119e+00
 -2.16986663e+00  1.98063858e+00  1.74173655e+00  1.45795231e+00
  2.51761298e+00  2.90120862e+00  1.95069852e+00  1.48503057e+00
 -1.76468222e+00 -2.36841939e+00  1.21050482e+00  5.56227609e-01
  1.61641036e+00 -2.79382291e+00 -1.64085984e-01  2.49144523e+00
 -1.14153613e+00  1.18390745e+00  1.22821360e+00  6.53213028e-01
 -9.78209323e-01  1.13951872e+00  8.18748315e-01 -3.51393522e-01
  2.82957687e+00 -2.15615862e+00  1.56703076e+00 -6.46587219e-01
  1.01387322e+00 -3.24889070e+00 -2.21295721e+00  3.40558236e-01
 -1.09454822e+00 -3.83419886e-01  3.10698641e-01  3.59130052e-02
 -1.79466581e+00 -1.97312108e-01 -6.23250059e-01  2.87322902e+00
 -1.10953621e+00 -1.24235890e+00 -1.09619362e+00  1.30784201e+00
  1.63671846e+00 -8.37098841e-01  2.12564566e+00 -1.63714259e+00
 -2.57492553e-01 -8.88824192e-01 -2.97294815e+00  3.05914329e+00
 -1.75385994e+00  3.01268872e+00 -1.37933978e+00 -2.49031817e+00
  3.58738085e+00 -1.11900361e+00 -7.11693538e-01 -2.94012362e+00
 -2.52429589e+00  2.93008159e+00 -1.99018414e+00 -1.68078494e+00
 -4.19408191e-01  3.00031619e+00  1.33852520e-01  2.87981265e-02
 -1.62445170e+00 -1.34576347e-01 -1.59079512e+00 -3.05238568e+00
  2.93256680e+00  1.18428808e+00 -3.34658208e-01 -2.29775660e+00
  1.01692035e+00 -1.18166179e+00 -2.76820161e-01 -2.16132009e+00
 -1.91547823e+00  1.78251260e+00 -9.96515876e-01  2.56739059e+00
 -4.66385850e-01 -3.13154031e+00 -2.82091467e+00  1.92522804e+00
 -3.05372566e+00 -2.83287178e-01 -1.01301554e+00 -1.58041241e-01
  2.37000703e+00  1.76571845e+00 -1.64484129e-01 -1.98762080e+00
 -2.99416138e+00  1.33283139e-01 -8.33097939e-01  1.47956914e+00
 -2.52719391e+00  9.33416071e-01 -1.26770826e-01  1.43360941e-01
  2.01364549e+00  7.27414446e-01  7.76032586e-01 -1.24497697e+00
  1.62766231e+00  2.54567907e+00  1.26866843e+00  2.42532230e-01
 -1.02136581e+00  2.63985726e+00  8.31674019e-01 -2.20507566e+00
  3.75649379e-02  1.75234648e+00  1.03286141e+00 -6.50621749e-01
 -2.30949421e+00  2.40766352e+00  2.03491559e+00  1.68621932e+00
  2.25510171e+00  1.82539152e+00 -2.00802828e+00 -2.87124071e+00
  5.83048254e-01  1.39600451e+00 -2.41478890e+00 -1.32654060e+00
  2.40844057e+00  1.31789124e+00 -9.41487284e-04 -1.71202710e+00
 -1.53937032e+00  2.01417990e+00  1.52206600e+00 -7.92288690e-01
 -1.46581345e-01 -3.76640712e-01 -1.92618153e-01  2.45284325e+00
 -4.74766717e-01 -6.65017875e-01  1.02305186e+00 -2.30280329e+00
  9.63723551e-01  2.58572754e+00 -5.26549843e-01  2.16291468e+00
 -1.93808275e+00 -9.41682327e-01 -2.41947547e+00 -2.29549810e+00
 -1.42018837e+00 -2.90107835e+00  1.53805344e+00  1.82587728e+00
  1.62217793e+00  1.04011918e+00  1.41589725e+00 -2.34524895e+00
 -2.68384008e+00  1.70009840e+00  1.02802337e+00 -3.81131524e-01
 -2.61560002e+00  1.60353829e+00 -1.24648113e+00 -2.49886164e+00
  7.28120674e-02]
Thu Jun 13 21:04:30 2024,250,0.1304334871753528,[-2.87188574  2.24256137 -1.71369935  0.17611867  0.46156395 -3.16696874
  3.20989615  2.1067077   1.09100874 -0.97601834  0.5564074   1.3359687
  1.35814654 -1.86464625  0.82659259  2.9186222  -0.4412942  -0.44044524
 -1.92916552  0.73729119  1.64094458  2.89079025 -1.40295811 -0.38548999
 -2.22455542 -2.12821538  3.1067706   2.7949206  -0.77416479 -2.67622973
  1.57081539 -0.21065151 -2.40763991  1.90923026  1.10271451 -0.62373361
  1.13618639 -1.99510855 -0.25083822  2.29360907 -0.16477082  0.54251967
  2.39364072  0.6065689   2.64215099  2.81971231  2.76327105 -2.91414667
  0.29967569 -0.42833588  1.68200597  2.9707948  -0.38390182 -2.40223728
  2.70532162 -3.18809966  0.61850362 -0.73309489 -1.75599644  3.09434714
 -1.95469333 -1.64578845 -2.57246156  2.39809742 -2.17483041  1.9756748
  1.74670032  1.46291609  2.5126492   2.89624484  1.9556623   1.48999435
 -1.769646   -2.37338317  1.21546859  0.56119138  1.61144658 -2.79878668
 -0.16904976  2.496409   -1.14649991  1.18887122  1.23317737  0.64824925
 -0.9831731   1.13455494  0.81378454 -0.3563573   2.8246131  -2.15119484
  1.57199453 -0.65155099  1.018837   -3.25385447 -2.20799343  0.33559446
 -1.099512   -0.38838366  0.31566242  0.03094923 -1.78970203 -0.20227588
 -0.62821383  2.87819279 -1.11449998 -1.23739513 -1.10115739  1.31280579
  1.63175468 -0.84206262  2.12068188 -1.63217881 -0.25252878 -0.88386042
 -2.97791192  3.06410707 -1.74889616  3.0176525  -1.38430356 -2.49528195
  3.59234463 -1.11403983 -0.71665731 -2.94508739 -2.52925967  2.93504537
 -1.98522037 -1.67582116 -0.41444442  2.99535241  0.13881629  0.02383435
 -1.61948793 -0.13954012 -1.58583134 -3.05734946  2.92760303  1.17932431
 -0.32969443 -2.30272038  1.01195657 -1.18662556 -0.27185639 -2.15635632
 -1.91051446  1.77754882 -0.9915521   2.57235436 -0.46142207 -3.12657653
 -2.82587845  1.93019181 -3.05868943 -0.2783234  -1.01797932 -0.15307747
  2.3749708   1.76075467 -0.15952035 -1.98265703 -2.99912515  0.13824691
 -0.83806171  1.48453292 -2.53215768  0.9284523  -0.1317346   0.14832472
  2.00868171  0.73237822  0.78099636 -1.24001319  1.63262608  2.55064284
  1.27363221  0.23756845 -1.01640204  2.63489349  0.82671024 -2.21003944
  0.04252871  1.75731026  1.02789764 -0.65558552 -2.31445798  2.41262729
  2.02995181  1.69118309  2.25013793  1.82042774 -2.01299205 -2.86627693
  0.57808448  1.40096828 -2.41975267 -1.32157683  2.41340434  1.31292747
  0.00402229 -1.71699088 -1.53440654  2.01914367  1.51710222 -0.79725247
 -0.14161757 -0.37167694 -0.18765438  2.45780703 -0.47973049 -0.6600541
  1.01808809 -2.29783951  0.96868733  2.59069131 -0.53151362  2.15795091
 -1.93311898 -0.9466461  -2.4145117  -2.30046188 -1.4152246  -2.89611458
  1.54301721  1.83084105  1.62714171  1.04508296  1.42086103 -2.34028518
 -2.68880385  1.69513463  1.0230596  -0.3860953  -2.61063624  1.59857451
 -1.2514449  -2.50382542  0.06784829]
Thu Jun 13 21:04:44 2024,251,0.13028918376541396,[-2.8702284   2.2442187  -1.71535669  0.17446134  0.46322129 -3.16862608
  3.21155349  2.10505037  1.0893514  -0.974361    0.55806474  1.33762604
  1.3564892  -1.86298892  0.82493525  2.91696486 -0.43963687 -0.44210258
 -1.93082285  0.73563385  1.64260192  2.88913292 -1.40461545 -0.38383266
 -2.22289808 -2.12655805  3.10842794  2.79326326 -0.77582213 -2.67457239
  1.57247273 -0.20899417 -2.40929725  1.9108876   1.10437185 -0.62539095
  1.13452905 -1.99676589 -0.24918088  2.29195173 -0.16642815  0.544177
  2.39529805  0.60491157  2.64049365  2.82136965  2.76161372 -2.91248933
  0.30133303 -0.42999321  1.68034863  2.96913746 -0.38555916 -2.40389462
  2.70697896 -3.189757    0.62016096 -0.73143755 -1.7543391   3.09600448
 -1.95635067 -1.64413111 -2.57411889  2.39644008 -2.17648774  1.97401747
  1.74835766  1.46125875  2.51099187  2.8945875   1.95400496  1.49165168
 -1.76798866 -2.37172583  1.21712593  0.56284872  1.60978925 -2.80044402
 -0.16739242  2.49806634 -1.14484257  1.18721389  1.23483471  0.64990659
 -0.98483044  1.13289761  0.81544188 -0.35801463  2.82295576 -2.14953751
  1.57365187 -0.64989366  1.01717966 -3.25551181 -2.2063361   0.33393712
 -1.10116934 -0.390041    0.31731975  0.02929189 -1.79135937 -0.20061855
 -0.6265565   2.87653545 -1.11615732 -1.23573779 -1.09950005  1.31446312
  1.63341202 -0.84371995  2.12233922 -1.63383615 -0.25087144 -0.88220308
 -2.97956926  3.0657644  -1.74723882  3.01599516 -1.38264622 -2.49362461
  3.59068729 -1.11569717 -0.71831465 -2.94674473 -2.530917    2.9367027
 -1.9868777  -1.6774785  -0.41278708  2.99369508  0.13715896  0.02217701
 -1.62114526 -0.14119746 -1.58748868 -3.0590068   2.92926037  1.17766697
 -0.3280371  -2.30106304  1.01361391 -1.1882829  -0.27019905 -2.15469898
 -1.91217179  1.77589149 -0.99320944  2.5740117  -0.45976474 -3.12823387
 -2.82753578  1.92853448 -3.06034677 -0.27998074 -1.01632198 -0.1547348
  2.37331347  1.76241201 -0.16117769 -1.98099969 -2.99746781  0.13658958
 -0.83640438  1.48287558 -2.53381502  0.92679496 -0.13007726  0.14998205
  2.01033905  0.73072088  0.7826537  -1.23835586  1.63096875  2.55230018
  1.27197487  0.23922579 -1.01805938  2.63323615  0.82836758 -2.21169677
  0.04087138  1.7589676   1.0262403  -0.65724286 -2.31280065  2.41428463
  2.03160915  1.68952576  2.25179527  1.82208508 -2.01464939 -2.86793427
  0.57642714  1.40262562 -2.42141001 -1.32323417  2.41174701  1.31127013
  0.00567962 -1.71864821 -1.53274921  2.01748633  1.51875956 -0.7989098
 -0.14327491 -0.3700196  -0.18931171  2.45614969 -0.48138783 -0.66171144
  1.01643075 -2.29949685  0.97034466  2.59234865 -0.52985628  2.15629357
 -1.93477631 -0.94830344 -2.41616904 -2.30211922 -1.41688193 -2.89777191
  1.54467455  1.82918372  1.62879904  1.0467403   1.42251837 -2.34194251
 -2.69046119  1.69679196  1.02471693 -0.38775264 -2.6089789   1.59691717
 -1.24978757 -2.50548275  0.06619096]
Thu Jun 13 21:05:43 2024,252,0.13028036404965737,[-2.87115737  2.24328974 -1.71442772  0.1753903   0.46229232 -3.16955505
  3.21248246  2.10597933  1.09028037 -0.97343204  0.55713578  1.338555
  1.35556024 -1.86205995  0.82400629  2.9160359  -0.4387079  -0.44303154
 -1.92989389  0.73470489  1.64353088  2.89006188 -1.40554441 -0.38290369
 -2.22382705 -2.12748701  3.10749897  2.79419223 -0.77675109 -2.67550135
  1.57154376 -0.20806521 -2.41022622  1.91181656  1.10344288 -0.62631991
  1.13360009 -1.99769485 -0.25010985  2.29102277 -0.16549919  0.54510597
  2.39436909  0.6039826   2.64142262  2.82044068  2.76068475 -2.9134183
  0.30040406 -0.42906425  1.6812776   2.9682085  -0.38648812 -2.40296565
  2.70604999 -3.19068597  0.61923199 -0.73050858 -1.75341014  3.09693344
 -1.95542171 -1.64506008 -2.57504786  2.39736905 -2.17555878  1.9730885
  1.74928662  1.46218772  2.5100629   2.89551647  1.953076    1.49072272
 -1.7670597  -2.37079687  1.21805489  0.56191976  1.61071821 -2.79951505
 -0.16646346  2.4989953  -1.14577154  1.18628492  1.23390574  0.64897762
 -0.98390147  1.13196864  0.81637084 -0.3589436   2.8220268  -2.15046647
  1.57458083 -0.64896469  1.0162507  -3.25644077 -2.20726506  0.33486609
 -1.1020983  -0.39096996  0.31824872  0.03022086 -1.79228833 -0.20154751
 -0.62748546  2.87746442 -1.11708629 -1.23666676 -1.09857109  1.31353416
  1.63434098 -0.84464892  2.12141026 -1.63476512 -0.25180041 -0.88313204
 -2.98049822  3.06483544 -1.74816779  3.01692412 -1.38357519 -2.49269564
  3.59161625 -1.11662613 -0.71924362 -2.94581577 -2.53184597  2.93763167
 -1.98780667 -1.67654953 -0.41185811  2.99462404  0.13622999  0.02124805
 -1.62207423 -0.14212642 -1.58841764 -3.05807783  2.9283314   1.17859594
 -0.32896606 -2.30013408  1.01268494 -1.18921186 -0.27112801 -2.15377001
 -1.91124283  1.77496252 -0.99228047  2.57308273 -0.4606937  -3.12730491
 -2.82846475  1.92760551 -3.06127574 -0.2809097  -1.01539302 -0.15566377
  2.3723845   1.76334097 -0.16210666 -1.98007072 -2.99653885  0.13751854
 -0.83547541  1.48194661 -2.53474398  0.92772392 -0.1291483   0.15091102
  2.00941009  0.72979192  0.78358266 -1.23742689  1.63003978  2.55322915
  1.27290384  0.24015476 -1.01898834  2.63416512  0.82743862 -2.21262574
  0.04180034  1.75803863  1.02531133 -0.65817183 -2.31372961  2.41521359
  2.03068019  1.69045472  2.25272423  1.82301405 -2.01372043 -2.86700531
  0.57549818  1.40169665 -2.42233897 -1.3223052   2.41267597  1.31219909
  0.00475066 -1.71771925 -1.53182024  2.01655737  1.51968852 -0.79798084
 -0.14420387 -0.37094856 -0.19024068  2.45522073 -0.48231679 -0.66078247
  1.01550179 -2.30042581  0.9694157   2.59327761 -0.53078525  2.15722254
 -1.93570528 -0.9492324  -2.41524007 -2.30119025 -1.41595297 -2.89684295
  1.54560351  1.83011268  1.62972801  1.04766926  1.42344733 -2.34101355
 -2.68953223  1.695863    1.02378797 -0.38682367 -2.60804994  1.59784614
 -1.2488586  -2.50455379  0.06526199]
Thu Jun 13 21:06:00 2024,253,0.13031226126542408,[-2.86997639  2.24210876 -1.71324675  0.17657127  0.46347329 -3.17073602
  3.21366343  2.10716031  1.08909939 -0.97461301  0.55831675  1.33737403
  1.35674121 -1.86087898  0.82282532  2.91721687 -0.43752693 -0.44421252
 -1.92871291  0.73588586  1.64234991  2.88888091 -1.40672538 -0.38172272
 -2.22264607 -2.12630604  3.106318    2.7953732  -0.77557012 -2.67432038
  1.57036279 -0.20688424 -2.41140719  1.91063559  1.10226191 -0.62750089
  1.13478106 -1.99887582 -0.25129082  2.28984179 -0.16431821  0.54628694
  2.39318812  0.60516358  2.64260359  2.81925971  2.76186573 -2.91459927
  0.30158504 -0.43024522  1.68245857  2.96702753 -0.38530715 -2.40414663
  2.70723097 -3.18950499  0.62041297 -0.73168956 -1.75222916  3.09575247
 -1.95660268 -1.6438791  -2.57622883  2.39618807 -2.1743778   1.97190753
  1.74810565  1.46336869  2.50888193  2.89669744  1.95189502  1.48954174
 -1.76587872 -2.37197784  1.21687392  0.56073878  1.61189918 -2.80069603
 -0.16528248  2.49781433 -1.14459056  1.18510395  1.23272477  0.64779665
 -0.9827205   1.13314962  0.81518987 -0.36012457  2.82320777 -2.15164744
  1.57576181 -0.64778372  1.01506972 -3.2552598  -2.20608409  0.33368511
 -1.10327928 -0.39215094  0.31706774  0.02903988 -1.79110736 -0.20272849
 -0.62866644  2.87628344 -1.11826726 -1.23548578 -1.09975206  1.31471513
  1.63316001 -0.84346794  2.12022928 -1.63358414 -0.25298138 -0.88195107
 -2.9816792   3.06365446 -1.74698681  3.0181051  -1.38475616 -2.49387662
  3.59043528 -1.11780711 -0.72042459 -2.94463479 -2.53302694  2.93881264
 -1.98898764 -1.67536856 -0.41067714  2.99580502  0.13504902  0.02006708
 -1.6232552  -0.14094545 -1.58723667 -3.05925881  2.92715043  1.17977691
 -0.32778509 -2.30131505  1.01150397 -1.19039284 -0.27230899 -2.15495099
 -1.91006186  1.77378155 -0.9910995   2.57190176 -0.45951273 -3.12848588
 -2.82964572  1.92642454 -3.06009476 -0.28209068 -1.01657399 -0.15684474
  2.37356548  1.76452195 -0.16328763 -1.9812517  -2.99535787  0.13869952
 -0.83429444  1.48076564 -2.53356301  0.9289049  -0.13032927  0.15209199
  2.00822911  0.73097289  0.78240169 -1.23860787  1.62885881  2.55204817
  1.27408481  0.24133573 -1.01780737  2.63298414  0.82861959 -2.21144476
  0.04298132  1.75921961  1.02649231 -0.6593528  -2.31254864  2.41639457
  2.02949921  1.6916357   2.25390521  1.82183307 -2.0149014  -2.86818628
  0.57667915  1.40051568 -2.42351995 -1.32348618  2.41385695  1.31101812
  0.00593163 -1.71653827 -1.53063927  2.01773834  1.5208695  -0.79679986
 -0.1430229  -0.37212954 -0.1890597   2.45403975 -0.48113582 -0.6596015
  1.01432081 -2.29924484  0.96823472  2.59209664 -0.52960427  2.15840351
 -1.9345243  -0.95041338 -2.4140591  -2.30000928 -1.414772   -2.89802392
  1.54442254  1.82893171  1.62854703  1.04648829  1.42226636 -2.33983257
 -2.68835125  1.69704397  1.02260699 -0.38800465 -2.60923091  1.59902711
 -1.25003958 -2.50337281  0.06644296]
Thu Jun 13 21:06:41 2024,254,0.1292137478328692,[-2.87742867e+00  2.24956104e+00 -1.70579447e+00  1.69119001e-01
  4.70925568e-01 -3.17818829e+00  3.20621116e+00  2.09970803e+00
  1.08164712e+00 -9.67160741e-01  5.65769024e-01  1.34482630e+00
  1.34928894e+00 -1.86833125e+00  8.15373042e-01  2.90976460e+00
 -4.30074655e-01 -4.36760243e-01 -1.92126064e+00  7.43338137e-01
  1.63489764e+00  2.88142863e+00 -1.39927311e+00 -3.74270443e-01
 -2.23009835e+00 -2.11885376e+00  3.09886573e+00  2.78792093e+00
 -7.68117843e-01 -2.66686811e+00  1.56291051e+00 -2.14336509e-01
 -2.40395492e+00  1.90318331e+00  1.09480964e+00 -6.34953162e-01
  1.12732879e+00 -1.99142355e+00 -2.43838549e-01  2.28238952e+00
 -1.56865940e-01  5.53739215e-01  2.40064039e+00  5.97711302e-01
  2.63515132e+00  2.82671198e+00  2.75441345e+00 -2.90714700e+00
  2.94132764e-01 -4.22792951e-01  1.68991084e+00  2.97447980e+00
 -3.92759422e-01 -2.41159890e+00  2.71468324e+00 -3.18205272e+00
  6.12960692e-01 -7.24237286e-01 -1.75968144e+00  3.10320474e+00
 -1.94915041e+00 -1.65133138e+00 -2.58368111e+00  2.40364035e+00
 -2.18183008e+00  1.97935980e+00  1.75555792e+00  1.45591642e+00
  2.51633420e+00  2.88924517e+00  1.94444275e+00  1.49699402e+00
 -1.77333100e+00 -2.37943011e+00  1.20942164e+00  5.53286509e-01
  1.60444691e+00 -2.80814830e+00 -1.57830210e-01  2.50526660e+00
 -1.15204283e+00  1.19255622e+00  1.22527250e+00  6.55248924e-01
 -9.90172770e-01  1.14060189e+00  8.07737594e-01 -3.67576847e-01
  2.83066004e+00 -2.15909972e+00  1.58321408e+00 -6.40331445e-01
  1.00761745e+00 -3.26271207e+00 -2.21353636e+00  3.41137388e-01
 -1.09582700e+00 -3.99603211e-01  3.09615470e-01  3.64921566e-02
 -1.78365508e+00 -1.95276212e-01 -6.36118710e-01  2.88373572e+00
 -1.11081499e+00 -1.22803351e+00 -1.09229979e+00  1.30726286e+00
  1.62570774e+00 -8.50920216e-01  2.12768156e+00 -1.62613187e+00
 -2.60433654e-01 -8.89403343e-01 -2.98913147e+00  3.07110674e+00
 -1.75443909e+00  3.02555737e+00 -1.37730389e+00 -2.48642434e+00
  3.58298301e+00 -1.12525938e+00 -7.12972316e-01 -2.95208707e+00
 -2.54047922e+00  2.94626492e+00 -1.98153537e+00 -1.68282083e+00
 -4.18129413e-01  3.00325729e+00  1.27596745e-01  1.26148018e-02
 -1.61580293e+00 -1.33493176e-01 -1.57978439e+00 -3.06671108e+00
  2.93460270e+00  1.18722918e+00 -3.20332813e-01 -2.30876732e+00
  1.00405170e+00 -1.19784511e+00 -2.64856714e-01 -2.14749872e+00
 -1.91751413e+00  1.76632927e+00 -9.98551772e-01  2.57935403e+00
 -4.66965002e-01 -3.12103361e+00 -2.83709800e+00  1.93387681e+00
 -3.05264249e+00 -2.74638405e-01 -1.00912172e+00 -1.64297016e-01
  2.38101775e+00  1.75706968e+00 -1.70739903e-01 -1.97379943e+00
 -3.00281015e+00  1.31247243e-01 -8.26842165e-01  1.48821791e+00
 -2.52611073e+00  9.36357171e-01 -1.37781548e-01  1.44639719e-01
  2.00077684e+00  7.23520620e-01  7.89853962e-01 -1.23115559e+00
  1.62140653e+00  2.54459590e+00  1.26663254e+00  2.33883457e-01
 -1.02525964e+00  2.62553187e+00  8.36071864e-01 -2.20399249e+00
  5.04335887e-02  1.75176733e+00  1.03394458e+00 -6.66805074e-01
 -2.30509636e+00  2.40894229e+00  2.02204694e+00  1.69908797e+00
  2.24645294e+00  1.82928534e+00 -2.02235367e+00 -2.86073401e+00
  5.84131425e-01  1.39306341e+00 -2.41606768e+00 -1.31603390e+00
  2.40640467e+00  1.30356585e+00 -1.52063869e-03 -1.70908600e+00
 -1.52318699e+00  2.01028607e+00  1.51341723e+00 -8.04252137e-01
 -1.35570624e-01 -3.79581812e-01 -1.96511978e-01  2.44658748e+00
 -4.88588093e-01 -6.52149225e-01  1.02177309e+00 -2.30669711e+00
  9.75686997e-01  2.58464437e+00 -5.22151998e-01  2.15095124e+00
 -1.94197658e+00 -9.42961105e-01 -2.40660682e+00 -2.29255700e+00
 -1.42222427e+00 -2.90547620e+00  1.55187481e+00  1.82147943e+00
  1.63599931e+00  1.05394056e+00  1.42971863e+00 -2.33238030e+00
 -2.68089898e+00  1.68959170e+00  1.01515472e+00 -3.95456920e-01
 -2.61668319e+00  1.59157484e+00 -1.24258730e+00 -2.49592054e+00
  5.89906915e-02]
Thu Jun 13 21:06:56 2024,255,0.12922145192813161,[-2.87700854e+00  2.24914091e+00 -1.70621460e+00  1.68698877e-01
  4.70505444e-01 -3.17776817e+00  3.20579103e+00  2.09928791e+00
  1.08122700e+00 -9.66740617e-01  5.65348900e-01  1.34524643e+00
  1.34970906e+00 -1.86875138e+00  8.14952918e-01  2.90934448e+00
 -4.29654531e-01 -4.36340119e-01 -1.92084052e+00  7.43758261e-01
  1.63447751e+00  2.88184876e+00 -1.39969324e+00 -3.73850319e-01
 -2.23051847e+00 -2.11843364e+00  3.09928585e+00  2.78750081e+00
 -7.68537967e-01 -2.66644798e+00  1.56333064e+00 -2.14756633e-01
 -2.40353479e+00  1.90276319e+00  1.09438951e+00 -6.35373286e-01
  1.12690867e+00 -1.99184368e+00 -2.44258673e-01  2.28280964e+00
 -1.56445816e-01  5.54159339e-01  2.40106051e+00  5.98131426e-01
  2.63473119e+00  2.82629186e+00  2.75483358e+00 -2.90756712e+00
  2.93712640e-01 -4.23213075e-01  1.69033097e+00  2.97489992e+00
 -3.93179546e-01 -2.41117878e+00  2.71510336e+00 -3.18247284e+00
  6.13380816e-01 -7.23817162e-01 -1.76010156e+00  3.10362486e+00
 -1.94957053e+00 -1.65091125e+00 -2.58410123e+00  2.40406047e+00
 -2.18140995e+00  1.97977993e+00  1.75597805e+00  1.45549629e+00
  2.51675432e+00  2.88882505e+00  1.94402263e+00  1.49657389e+00
 -1.77291087e+00 -2.37985024e+00  1.20984177e+00  5.52866385e-01
  1.60402679e+00 -2.80772818e+00 -1.58250334e-01  2.50568673e+00
 -1.15246296e+00  1.19297634e+00  1.22485237e+00  6.54828800e-01
 -9.90592894e-01  1.14102201e+00  8.07317470e-01 -3.67996971e-01
  2.83108017e+00 -2.15867959e+00  1.58363421e+00 -6.40751569e-01
  1.00803757e+00 -3.26313220e+00 -2.21311623e+00  3.40717264e-01
 -1.09624713e+00 -4.00023335e-01  3.09195346e-01  3.69122807e-02
 -1.78407521e+00 -1.95696336e-01 -6.35698586e-01  2.88331559e+00
 -1.11039486e+00 -1.22761338e+00 -1.09271991e+00  1.30684273e+00
  1.62612786e+00 -8.51340340e-01  2.12726143e+00 -1.62571174e+00
 -2.60013530e-01 -8.89823467e-01 -2.98871135e+00  3.07152686e+00
 -1.75401896e+00  3.02597750e+00 -1.37772401e+00 -2.48684447e+00
  3.58256288e+00 -1.12483926e+00 -7.13392440e-01 -2.95166694e+00
 -2.54005909e+00  2.94584479e+00 -1.98195549e+00 -1.68240071e+00
 -4.18549537e-01  3.00283716e+00  1.27176621e-01  1.30349258e-02
 -1.61622305e+00 -1.33913300e-01 -1.58020452e+00 -3.06713120e+00
  2.93502282e+00  1.18764931e+00 -3.19912689e-01 -2.30918745e+00
  1.00363157e+00 -1.19742499e+00 -2.65276838e-01 -2.14707859e+00
 -1.91793425e+00  1.76674940e+00 -9.98131648e-01  2.57893391e+00
 -4.66544878e-01 -3.12061348e+00 -2.83751812e+00  1.93345669e+00
 -3.05222236e+00 -2.74218281e-01 -1.00870159e+00 -1.64717140e-01
  2.38059763e+00  1.75664955e+00 -1.70319779e-01 -1.97337930e+00
 -3.00323027e+00  1.30827119e-01 -8.27262289e-01  1.48779779e+00
 -2.52653086e+00  9.35937047e-01 -1.37361424e-01  1.45059843e-01
  2.00035671e+00  7.23940744e-01  7.90274086e-01 -1.23157572e+00
  1.62098641e+00  2.54417577e+00  1.26705266e+00  2.34303581e-01
 -1.02483952e+00  2.62595199e+00  8.35651740e-01 -2.20357237e+00
  5.00134647e-02  1.75134721e+00  1.03352446e+00 -6.67225198e-01
 -2.30551649e+00  2.40852217e+00  2.02162681e+00  1.69866785e+00
  2.24603281e+00  1.82970547e+00 -2.02277380e+00 -2.86115413e+00
  5.83711301e-01  1.39264328e+00 -2.41648780e+00 -1.31645403e+00
  2.40682480e+00  1.30314572e+00 -1.10051468e-03 -1.70950613e+00
 -1.52276687e+00  2.01070619e+00  1.51299710e+00 -8.04672261e-01
 -1.35990748e-01 -3.79161688e-01 -1.96091854e-01  2.44616736e+00
 -4.88167969e-01 -6.51729101e-01  1.02135296e+00 -2.30627699e+00
  9.75266873e-01  2.58422424e+00 -5.22572122e-01  2.15053111e+00
 -1.94155645e+00 -9.42540981e-01 -2.40618670e+00 -2.29297713e+00
 -1.42180414e+00 -2.90505607e+00  1.55229493e+00  1.82189956e+00
  1.63641943e+00  1.05436068e+00  1.42929851e+00 -2.33280042e+00
 -2.68131910e+00  1.69001182e+00  1.01557484e+00 -3.95877044e-01
 -2.61626306e+00  1.59199496e+00 -1.24300743e+00 -2.49634066e+00
  5.85705675e-02]
Thu Jun 13 21:07:10 2024,256,0.12903468001400326,[-2.88060549  2.25273786 -1.70261765  0.16510193  0.47410239 -3.17417122
  3.20938798  2.10288486  1.07763005 -0.96314367  0.56894585  1.34884338
  1.34611211 -1.87234832  0.81135597  2.90574753 -0.42605758 -0.43993707
 -1.92443746  0.74016131  1.63807446  2.87825181 -1.40329018 -0.37744727
 -2.23411542 -2.11483669  3.0956889   2.78390386 -0.76494102 -2.67004493
  1.55973369 -0.21115968 -2.39993784  1.89916624  1.09798646 -0.63177634
  1.13050561 -1.99544062 -0.24066172  2.27921269 -0.15284887  0.55775629
  2.40465746  0.60172837  2.63832814  2.82269491  2.75123663 -2.90397017
  0.29730959 -0.41961613  1.69392792  2.97130297 -0.3895826  -2.40758183
  2.71870031 -3.17887589  0.60978387 -0.72022021 -1.76369851  3.10722181
 -1.94597358 -1.6545082  -2.58769818  2.40046352 -2.177813    1.97618298
  1.75957499  1.45189934  2.51315738  2.8852281   1.94761957  1.50017084
 -1.77650782 -2.38344719  1.21343872  0.54926944  1.60042984 -2.80413123
 -0.16184728  2.50928368 -1.15605991  1.19657329  1.22125542  0.65842575
 -0.99418984  1.13742506  0.81091442 -0.37159392  2.82748322 -2.15508265
  1.58723115 -0.63715462  1.00444063 -3.25953525 -2.21671318  0.34431421
 -1.09984407 -0.40362028  0.3055984   0.04050923 -1.78047826 -0.19929328
 -0.63210164  2.87971865 -1.10679791 -1.22401644 -1.08912297  1.30324579
  1.62253091 -0.85493729  2.13085838 -1.6221148  -0.25641658 -0.88622652
 -2.9851144   3.06792991 -1.75761591  3.02238055 -1.37412706 -2.49044142
  3.58615983 -1.1284362  -0.71698939 -2.95526389 -2.54365604  2.94944174
 -1.98555244 -1.67880376 -0.41495259  3.00643411  0.12357967  0.01663187
 -1.61982    -0.13031635 -1.57660757 -3.06353425  2.93142588  1.19124626
 -0.31631574 -2.3127844   1.00722852 -1.20102194 -0.26887379 -2.15067554
 -1.9143373   1.76315245 -0.9945347   2.58253086 -0.47014183 -3.12421043
 -2.84111507  1.93705364 -3.05581931 -0.27062133 -1.01229854 -0.16831409
  2.37700068  1.7602465  -0.17391673 -1.96978235 -3.00682722  0.13442407
 -0.82366534  1.48420084 -2.52293391  0.939534   -0.13376448  0.14146289
  1.99675977  0.7203438   0.79387103 -1.23517267  1.62458336  2.54777272
  1.27064961  0.23070663 -1.02843646  2.62235504  0.83924869 -2.20716931
  0.04641652  1.74775026  1.03712141 -0.66362825 -2.30911344  2.41211912
  2.02522376  1.6950709   2.24243586  1.83330242 -2.02637075 -2.85755718
  0.58730825  1.38904633 -2.41289085 -1.32005097  2.40322785  1.30674267
 -0.00469746 -1.70590918 -1.51916992  2.00710925  1.50940015 -0.80826921
 -0.1323938  -0.37556474 -0.1996888   2.44257041 -0.49176492 -0.64813215
  1.02494991 -2.30268004  0.97886382  2.58782119 -0.51897517  2.15412806
 -1.93795951 -0.93894403 -2.40258975 -2.28938018 -1.42540109 -2.90145912
  1.54869799  1.82549651  1.63282248  1.05795763  1.43289545 -2.32920348
 -2.68491605  1.69360877  1.01917179 -0.3922801  -2.61266611  1.58839801
 -1.24660437 -2.49274372  0.06216752]
Thu Jun 13 21:07:25 2024,257,0.12864517459776428,[-2.87791866e+00  2.25005103e+00 -1.70530448e+00  1.62415095e-01
  4.76789227e-01 -3.17685806e+00  3.21207482e+00  2.10557169e+00
  1.07494321e+00 -9.60456835e-01  5.66259014e-01  1.35153021e+00
  1.34342528e+00 -1.87503516e+00  8.14042804e-01  2.90843436e+00
 -4.28744417e-01 -4.37250233e-01 -1.92175063e+00  7.42848147e-01
  1.64076130e+00  2.87556497e+00 -1.40060335e+00 -3.80134101e-01
 -2.23142859e+00 -2.11214986e+00  3.09300207e+00  2.78121702e+00
 -7.62254184e-01 -2.67273176e+00  1.56242052e+00 -2.08472850e-01
 -2.40262468e+00  1.90185308e+00  1.09529963e+00 -6.34463171e-01
  1.13319245e+00 -1.99275379e+00 -2.43348558e-01  2.28189953e+00
 -1.55535701e-01  5.60443121e-01  2.40734430e+00  5.99041541e-01
  2.63564131e+00  2.82538174e+00  2.75392346e+00 -2.90665701e+00
  2.94622754e-01 -4.22302960e-01  1.69661475e+00  2.96861614e+00
 -3.92269431e-01 -2.40489499e+00  2.71601348e+00 -3.17618906e+00
  6.07097033e-01 -7.17533380e-01 -1.76101168e+00  3.10453498e+00
 -1.94866042e+00 -1.65182137e+00 -2.58501134e+00  2.39777669e+00
 -2.18049984e+00  1.97349614e+00  1.76226183e+00  1.45458618e+00
  2.51047054e+00  2.88791493e+00  1.95030641e+00  1.49748401e+00
 -1.77382099e+00 -2.38613402e+00  1.21075188e+00  5.51956270e-01
  1.60311667e+00 -2.80681806e+00 -1.59160449e-01  2.51197051e+00
 -1.15337307e+00  1.19926013e+00  1.22394226e+00  6.61112582e-01
 -9.91503008e-01  1.13473823e+00  8.13601252e-01 -3.74280753e-01
  2.82479639e+00 -2.15239581e+00  1.58454432e+00 -6.34467787e-01
  1.00712746e+00 -3.25684841e+00 -2.21940002e+00  3.47001046e-01
 -1.10253091e+00 -4.00933449e-01  3.08285231e-01  4.31960630e-02
 -1.78316509e+00 -1.96606450e-01 -6.34788471e-01  2.87703181e+00
 -1.10411108e+00 -1.22132960e+00 -1.08643613e+00  1.30055895e+00
  1.62521775e+00 -8.57624123e-01  2.12817155e+00 -1.62480163e+00
 -2.59103415e-01 -8.88913353e-01 -2.98242757e+00  3.06524308e+00
 -1.76030275e+00  3.02506738e+00 -1.37144023e+00 -2.48775458e+00
  3.58347300e+00 -1.13112304e+00 -7.14302555e-01 -2.95257706e+00
 -2.54634288e+00  2.94675491e+00 -1.98823927e+00 -1.68149059e+00
 -4.17639422e-01  3.00912095e+00  1.20892839e-01  1.93187081e-02
 -1.62250684e+00 -1.33003186e-01 -1.57929440e+00 -3.06622109e+00
  2.92873904e+00  1.19393309e+00 -3.19002575e-01 -2.31547123e+00
  1.00991536e+00 -1.20370877e+00 -2.66186953e-01 -2.15336237e+00
 -1.91702414e+00  1.76583928e+00 -9.97221533e-01  2.57984402e+00
 -4.72828660e-01 -3.12689727e+00 -2.83842823e+00  1.93974047e+00
 -3.05850615e+00 -2.67934499e-01 -1.00961171e+00 -1.65627254e-01
  2.37431384e+00  1.76293333e+00 -1.76603561e-01 -1.96709552e+00
 -3.00951405e+00  1.31737233e-01 -8.26352175e-01  1.48688767e+00
 -2.52562074e+00  9.42220829e-01 -1.31077641e-01  1.38776060e-01
  1.99407293e+00  7.17656962e-01  7.96557868e-01 -1.23785950e+00
  1.62189653e+00  2.54508589e+00  1.27333644e+00  2.33393467e-01
 -1.03112330e+00  2.62504188e+00  8.36561854e-01 -2.20985615e+00
  4.37296823e-02  1.74506343e+00  1.03980824e+00 -6.60941415e-01
 -2.31180027e+00  2.41480595e+00  2.02791060e+00  1.69775773e+00
  2.24512270e+00  1.83061558e+00 -2.02368391e+00 -2.85487035e+00
  5.89995084e-01  1.38635950e+00 -2.41557769e+00 -1.31736414e+00
  2.40591468e+00  1.30942950e+00 -2.01062908e-03 -1.70859601e+00
 -1.51648309e+00  2.00979608e+00  1.51208699e+00 -8.05582375e-01
 -1.29706965e-01 -3.78251574e-01 -1.97001969e-01  2.43988357e+00
 -4.94451752e-01 -6.50818986e-01  1.02226308e+00 -2.30536687e+00
  9.81550656e-01  2.59050802e+00 -5.16288340e-01  2.15681490e+00
 -1.94064634e+00 -9.36257199e-01 -2.40527658e+00 -2.28669334e+00
 -1.42808793e+00 -2.90414596e+00  1.55138482e+00  1.82280967e+00
  1.63550932e+00  1.05527080e+00  1.43020862e+00 -2.32651664e+00
 -2.68222922e+00  1.69092194e+00  1.01648496e+00 -3.89593261e-01
 -2.60997928e+00  1.59108485e+00 -1.24391754e+00 -2.49543055e+00
  5.94806819e-02]
Thu Jun 13 21:07:51 2024,258,0.1285979104258788,[-2.87711287e+00  2.24924524e+00 -1.70449869e+00  1.63220883e-01
  4.75983438e-01 -3.17766384e+00  3.21288060e+00  2.10637748e+00
  1.07413742e+00 -9.59651046e-01  5.67064803e-01  1.35233600e+00
  1.34423107e+00 -1.87584095e+00  8.13237015e-01  2.90762857e+00
 -4.29550205e-01 -4.38056022e-01 -1.92255642e+00  7.43653935e-01
  1.64156708e+00  2.87475919e+00 -1.40140914e+00 -3.80939890e-01
 -2.23062280e+00 -2.11295565e+00  3.09219628e+00  2.78041123e+00
 -7.61448396e-01 -2.67353755e+00  1.56322631e+00 -2.09278639e-01
 -2.40343047e+00  1.90265886e+00  1.09449384e+00 -6.35268960e-01
  1.13399824e+00 -1.99194800e+00 -2.42542770e-01  2.28270532e+00
 -1.56341490e-01  5.59637333e-01  2.40815008e+00  5.99847329e-01
  2.63644710e+00  2.82618753e+00  2.75311767e+00 -2.90746280e+00
  2.93816965e-01 -4.23108749e-01  1.69580896e+00  2.96781035e+00
 -3.93075220e-01 -2.40570078e+00  2.71520769e+00 -3.17699485e+00
  6.06291245e-01 -7.18339168e-01 -1.76181746e+00  3.10372919e+00
 -1.94785463e+00 -1.65262716e+00 -2.58581713e+00  2.39697090e+00
 -2.17969405e+00  1.97430193e+00  1.76306762e+00  1.45378039e+00
  2.51127633e+00  2.88710914e+00  1.94950062e+00  1.49828980e+00
 -1.77462678e+00 -2.38532823e+00  1.21155767e+00  5.52762059e-01
  1.60392246e+00 -2.80762385e+00 -1.58354660e-01  2.51277630e+00
 -1.15417886e+00  1.19845434e+00  1.22474805e+00  6.60306794e-01
 -9.90697219e-01  1.13554402e+00  8.14407041e-01 -3.73474965e-01
  2.82399060e+00 -2.15320160e+00  1.58373853e+00 -6.35273575e-01
  1.00632167e+00 -3.25604263e+00 -2.22020581e+00  3.46195258e-01
 -1.10333670e+00 -4.00127661e-01  3.07479443e-01  4.40018516e-02
 -1.78235931e+00 -1.97412239e-01 -6.35594260e-01  2.87622602e+00
 -1.10491687e+00 -1.22213539e+00 -1.08724192e+00  1.29975316e+00
  1.62602354e+00 -8.58429911e-01  2.12736576e+00 -1.62399584e+00
 -2.59909204e-01 -8.88107564e-01 -2.98162178e+00  3.06604887e+00
 -1.75949696e+00  3.02426159e+00 -1.37224602e+00 -2.48856037e+00
  3.58266721e+00 -1.13192883e+00 -7.15108343e-01 -2.95177127e+00
 -2.54714866e+00  2.94594912e+00 -1.98904506e+00 -1.68229638e+00
 -4.16833634e-01  3.00992674e+00  1.21698627e-01  1.85129196e-02
 -1.62331262e+00 -1.32197397e-01 -1.57848861e+00 -3.06702688e+00
  2.92793325e+00  1.19312730e+00 -3.18196786e-01 -2.31627702e+00
  1.01072114e+00 -1.20290298e+00 -2.66992741e-01 -2.15416816e+00
 -1.91621835e+00  1.76664507e+00 -9.98027322e-01  2.58064981e+00
 -4.73634449e-01 -3.12609148e+00 -2.83762245e+00  1.93893468e+00
 -3.05770036e+00 -2.67128710e-01 -1.00880592e+00 -1.66433043e-01
  2.37511963e+00  1.76373912e+00 -1.77409350e-01 -1.96790131e+00
 -3.01031984e+00  1.30931445e-01 -8.25546386e-01  1.48608189e+00
 -2.52481496e+00  9.43026618e-01 -1.31883430e-01  1.39581849e-01
  1.99487872e+00  7.16851173e-01  7.95752080e-01 -1.23705371e+00
  1.62270231e+00  2.54428010e+00  1.27253066e+00  2.32587678e-01
 -1.03192909e+00  2.62423609e+00  8.35756065e-01 -2.20905036e+00
  4.29238938e-02  1.74586922e+00  1.03900245e+00 -6.61747204e-01
 -2.31099448e+00  2.41400016e+00  2.02710481e+00  1.69856352e+00
  2.24592849e+00  1.83142137e+00 -2.02287812e+00 -2.85406456e+00
  5.89189295e-01  1.38716529e+00 -2.41638347e+00 -1.31816993e+00
  2.40510889e+00  1.31023529e+00 -1.20484051e-03 -1.70940180e+00
 -1.51567730e+00  2.00899029e+00  1.51128120e+00 -8.06388164e-01
 -1.30512754e-01 -3.77445785e-01 -1.96196180e-01  2.43907778e+00
 -4.95257540e-01 -6.51624775e-01  1.02306886e+00 -2.30617266e+00
  9.80744867e-01  2.59131381e+00 -5.17094128e-01  2.15762068e+00
 -1.94145213e+00 -9.35451410e-01 -2.40447080e+00 -2.28749913e+00
 -1.42728214e+00 -2.90495175e+00  1.55057903e+00  1.82200388e+00
  1.63470353e+00  1.05446501e+00  1.42940283e+00 -2.32732243e+00
 -2.68303501e+00  1.69172773e+00  1.01729075e+00 -3.90399050e-01
 -2.60917349e+00  1.59189064e+00 -1.24311175e+00 -2.49623634e+00
  5.86748933e-02]
Thu Jun 13 21:08:07 2024,259,0.1283730512238618,[-2.87453306  2.24666543 -1.70191889  0.16580069  0.47856324 -3.17508404
  3.21546041  2.10379767  1.07155762 -0.96223085  0.564485    1.34975619
  1.34681087 -1.87842075  0.81581682  2.91020838 -0.4269704  -0.43547622
 -1.92513622  0.74623374  1.63898728  2.87733899 -1.40398894 -0.37836008
 -2.22804299 -2.11037584  3.09477608  2.78299104 -0.7640282  -2.67095775
  1.56064651 -0.20669883 -2.40601027  1.90523867  1.09707364 -0.63784876
  1.13141843 -1.99452781 -0.24512257  2.28012551 -0.15892129  0.56221714
  2.41072989  0.59726752  2.6390269   2.82360773  2.75053787 -2.9100426
  0.29639677 -0.42052894  1.69322916  2.96523055 -0.39565502 -2.40312098
  2.7177875  -3.17957465  0.60371144 -0.71575936 -1.76439727  3.10630899
 -1.94527482 -1.65004735 -2.58323733  2.3995507  -2.18227385  1.97172213
  1.76048781  1.45636019  2.50869653  2.88968895  1.95208042  1.49570999
 -1.77204697 -2.38274843  1.20897787  0.55534186  1.60134266 -2.81020366
 -0.16093446  2.5153561  -1.15675867  1.20103414  1.22732785  0.65772699
 -0.99327702  1.13812382  0.81182724 -0.37605477  2.8265704  -2.15062179
  1.58115873 -0.63269377  1.00890148 -3.25346282 -2.217626    0.34361545
 -1.1059165  -0.40270747  0.30489964  0.04658166 -1.7797795  -0.19483243
 -0.63301445  2.87364622 -1.10233706 -1.2247152  -1.08982173  1.30233297
  1.62860334 -0.86100972  2.12478595 -1.62657565 -0.2573294  -0.88552776
 -2.97904197  3.06346906 -1.76207676  3.02168179 -1.36966621 -2.48598057
  3.58524701 -1.12934902 -0.71252854 -2.95435107 -2.54456886  2.94852892
 -1.99162487 -1.67971658 -0.41425383  3.00734693  0.12427843  0.02109272
 -1.62073282 -0.1347772  -1.58106842 -3.06444707  2.92535345  1.1905475
 -0.32077659 -2.31885682  1.00814134 -1.20032318 -0.26957255 -2.15158836
 -1.91363854  1.76922488 -0.99544752  2.57807001 -0.47621425 -3.12351167
 -2.84020225  1.94151449 -3.06028016 -0.26970852 -1.00622611 -0.16385324
  2.37253983  1.76631893 -0.17482954 -1.9653215  -3.00774004  0.12835164
 -0.82812619  1.48866169 -2.52739476  0.94044681 -0.12930363  0.13700204
  1.99745853  0.71427137  0.79833188 -1.23447391  1.62528212  2.54170029
  1.26995085  0.23516748 -1.03450889  2.62165629  0.83833587 -2.21163017
  0.04034409  1.74844902  1.03642265 -0.6591674  -2.31357429  2.41142036
  2.024525    1.69598371  2.24334868  1.82884157 -2.02029832 -2.85148476
  0.5917691   1.38458548 -2.41896328 -1.31559012  2.4076887   1.30765549
 -0.00378465 -1.7119816  -1.5182571   2.00641049  1.50870139 -0.80896797
 -0.12793295 -0.38002559 -0.19361638  2.44165759 -0.49783735 -0.64904497
  1.02048906 -2.30359286  0.97816506  2.58873401 -0.51967393  2.16020049
 -1.94403193 -0.93803122 -2.4070506  -2.29007894 -1.42470233 -2.90237194
  1.55315884  1.82458369  1.63212372  1.0518852   1.42682303 -2.32474263
 -2.68561481  1.69430753  1.01471094 -0.39297885 -2.6117533   1.58931083
 -1.24569156 -2.49365653  0.05609509]
Thu Jun 13 21:08:30 2024,260,0.1281911434558416,[-2.8726544   2.2485441  -1.70004022  0.16767936  0.48044191 -3.17320537
  3.21733908  2.10567634  1.07343629 -0.96035218  0.56636367  1.34787752
  1.3449322  -1.87654208  0.81393815  2.91208705 -0.42509173 -0.43359755
 -1.92701489  0.74811241  1.64086595  2.87921766 -1.40586761 -0.38023875
 -2.22616432 -2.10849717  3.09289742  2.78111237 -0.76214953 -2.66907908
  1.55876784 -0.20482017 -2.4041316   1.90711734  1.09895231 -0.6359701
  1.1332971  -1.99264914 -0.24700124  2.28200418 -0.16079996  0.56033847
  2.41260856  0.59914619  2.63714823  2.8254864   2.7486592  -2.90816393
  0.29827544 -0.41865028  1.69135049  2.96335188 -0.39753369 -2.40124231
  2.71966616 -3.17769599  0.60183277 -0.71763803 -1.7625186   3.10443033
 -1.94339615 -1.64816868 -2.58135866  2.39767204 -2.18039519  1.97360079
  1.75860914  1.45448153  2.51057519  2.89156762  1.95020176  1.49383132
 -1.7701683  -2.38086976  1.21085653  0.5534632   1.59946399 -2.81208232
 -0.1590558   2.51347743 -1.15863734  1.19915547  1.22920652  0.65960566
 -0.99515569  1.13624516  0.8137059  -0.37793344  2.82469173 -2.14874313
  1.57928006 -0.6308151   1.00702281 -3.25158415 -2.21950467  0.34173678
 -1.10779517 -0.40458613  0.30302097  0.04846033 -1.78165817 -0.19295377
 -0.63113579  2.87552489 -1.1004584  -1.22283653 -1.09170039  1.3004543
  1.62672467 -0.86288838  2.12666462 -1.62469698 -0.25545073 -0.88740643
 -2.98092064  3.06159039 -1.76395543  3.01980312 -1.37154488 -2.4841019
  3.58336834 -1.12747035 -0.71440721 -2.95622974 -2.54269019  2.94665025
 -1.99350354 -1.67783791 -0.4161325   3.0092256   0.1261571   0.02297139
 -1.61885415 -0.13665587 -1.58294709 -3.06632574  2.92347478  1.18866883
 -0.32265526 -2.32073549  1.01002001 -1.19844451 -0.26769388 -2.15346703
 -1.91175988  1.77110355 -0.99356885  2.57994867 -0.47809292 -3.12539034
 -2.84208092  1.94339316 -3.05840149 -0.26782985 -1.00810478 -0.16573191
  2.37066116  1.76444026 -0.17295088 -1.96344283 -3.00961871  0.13023031
 -0.82624752  1.48678302 -2.52551609  0.93856814 -0.13118229  0.13512338
  1.99557986  0.7123927   0.80021055 -1.23635258  1.62716079  2.53982163
  1.27182952  0.23704615 -1.03638756  2.62353495  0.84021454 -2.2097515
  0.03846542  1.74657035  1.03830131 -0.65728873 -2.31545296  2.40954169
  2.02640367  1.69786238  2.24147001  1.83072023 -2.02217699 -2.85336342
  0.59364777  1.38270681 -2.41708461 -1.31371146  2.40956737  1.30953416
 -0.00566331 -1.71010294 -1.51637843  2.00453182  1.50682272 -0.8070893
 -0.12605428 -0.38190426 -0.19549504  2.44353626 -0.49971601 -0.6471663
  1.02236773 -2.30171419  0.98004373  2.58685534 -0.51779526  2.16207916
 -1.9459106  -0.93615255 -2.40892927 -2.29195761 -1.42282366 -2.90425061
  1.55503751  1.82646236  1.63400239  1.05376387  1.4287017  -2.32662129
 -2.68373614  1.6961862   1.01283227 -0.39110019 -2.61363197  1.58743216
 -1.24757023 -2.4955352   0.05421642]
Thu Jun 13 21:08:49 2024,261,0.12789413968018573,[-2.86872219e+00  2.24461190e+00 -1.70397242e+00  1.71611559e-01
  4.76509709e-01 -3.17713757e+00  3.22127128e+00  2.10174414e+00
  1.06950409e+00 -9.64284385e-01  5.70295869e-01  1.35180973e+00
  1.34100000e+00 -1.87260988e+00  8.17870354e-01  2.90815484e+00
 -4.21159529e-01 -4.29665346e-01 -1.92308269e+00  7.52044611e-01
  1.63693374e+00  2.88314986e+00 -1.40979981e+00 -3.84170956e-01
 -2.22223212e+00 -2.10456497e+00  3.09682962e+00  2.77718017e+00
 -7.58217330e-01 -2.66514688e+00  1.56270004e+00 -2.00887963e-01
 -2.40806381e+00  1.91104954e+00  1.10288451e+00 -6.32037894e-01
  1.12936490e+00 -1.99658134e+00 -2.43069041e-01  2.28593638e+00
 -1.64732166e-01  5.64270671e-01  2.41654076e+00  5.95213991e-01
  2.63321603e+00  2.82941860e+00  2.75259140e+00 -2.91209613e+00
  3.02207641e-01 -4.14718073e-01  1.69528269e+00  2.96728408e+00
 -4.01465896e-01 -2.40517451e+00  2.72359837e+00 -3.18162819e+00
  5.97900569e-01 -7.21570234e-01 -1.76645080e+00  3.10836253e+00
 -1.94732836e+00 -1.65210089e+00 -2.57742646e+00  2.39373983e+00
 -2.18432739e+00  1.96966859e+00  1.76254135e+00  1.45054932e+00
  2.50664299e+00  2.89549982e+00  1.94626955e+00  1.49776352e+00
 -1.77410050e+00 -2.38480196e+00  1.20692433e+00  5.49530993e-01
  1.59553179e+00 -2.81601453e+00 -1.62987999e-01  2.51740964e+00
 -1.15470513e+00  1.19522327e+00  1.22527432e+00  6.63537859e-01
 -9.91223491e-01  1.13231295e+00  8.17638106e-01 -3.74001236e-01
  2.82075953e+00 -2.15267533e+00  1.58321226e+00 -6.26882899e-01
  1.00309061e+00 -3.24765195e+00 -2.21557247e+00  3.37804582e-01
 -1.11172737e+00 -4.08518337e-01  2.99088767e-01  4.45281227e-02
 -1.77772597e+00 -1.89021563e-01 -6.35067989e-01  2.87945709e+00
 -1.10439060e+00 -1.22676873e+00 -1.09563260e+00  1.29652210e+00
  1.62279247e+00 -8.66820587e-01  2.13059682e+00 -1.62862918e+00
 -2.59382933e-01 -8.83474225e-01 -2.97698844e+00  3.06552260e+00
 -1.76788763e+00  3.01587092e+00 -1.37547709e+00 -2.48016970e+00
  3.57943614e+00 -1.13140256e+00 -7.10475005e-01 -2.95229754e+00
 -2.54662239e+00  2.95058246e+00 -1.98957133e+00 -1.68177011e+00
 -4.20064700e-01  3.00529340e+00  1.30089303e-01  1.90391907e-02
 -1.61492195e+00 -1.32723669e-01 -1.57901489e+00 -3.07025794e+00
  2.92740698e+00  1.18473663e+00 -3.18723057e-01 -2.32466769e+00
  1.01395221e+00 -1.19451231e+00 -2.71626080e-01 -2.15739923e+00
 -1.91569208e+00  1.77503575e+00 -9.89636646e-01  2.57601647e+00
 -4.82025124e-01 -3.12145814e+00 -2.83814872e+00  1.94732536e+00
 -3.06233370e+00 -2.71762049e-01 -1.00417258e+00 -1.69664108e-01
  2.36672896e+00  1.76050806e+00 -1.76883079e-01 -1.95951063e+00
 -3.01355091e+00  1.34162511e-01 -8.30179725e-01  1.48285082e+00
 -2.52944829e+00  9.34635942e-01 -1.27250091e-01  1.31191173e-01
  1.99951206e+00  7.16324902e-01  7.96278351e-01 -1.23242037e+00
  1.62322858e+00  2.53588942e+00  1.26789732e+00  2.33113949e-01
 -1.04031976e+00  2.62746716e+00  8.36282337e-01 -2.20581929e+00
  4.23976227e-02  1.74263815e+00  1.04223352e+00 -6.53356528e-01
 -2.31938516e+00  2.41347389e+00  2.02247147e+00  1.70179459e+00
  2.24540222e+00  1.83465244e+00 -2.01824478e+00 -2.84943122e+00
  5.97579971e-01  1.37877461e+00 -2.41315241e+00 -1.31764366e+00
  2.41349957e+00  1.30560195e+00 -1.73111163e-03 -1.70617073e+00
 -1.51244623e+00  2.00846402e+00  1.50289052e+00 -8.03157098e-01
 -1.29986483e-01 -3.77972057e-01 -1.99427246e-01  2.43960406e+00
 -4.95783811e-01 -6.43234099e-01  1.02629993e+00 -2.29778199e+00
  9.83975933e-01  2.59078754e+00 -5.21727467e-01  2.15814695e+00
 -1.94984280e+00 -9.40084749e-01 -2.40499707e+00 -2.28802540e+00
 -1.42675587e+00 -2.90031841e+00  1.55896971e+00  1.83039456e+00
  1.63007019e+00  1.04983167e+00  1.43263390e+00 -2.33055350e+00
 -2.67980394e+00  1.70011840e+00  1.00890007e+00 -3.95032389e-01
 -2.60969976e+00  1.58349996e+00 -1.24363802e+00 -2.49946740e+00
  5.02842175e-02]
Thu Jun 13 21:09:05 2024,262,0.1278734030973328,[-2.86796126e+00  2.24385097e+00 -1.70321149e+00  1.70850629e-01
  4.77270639e-01 -3.17789850e+00  3.22051035e+00  2.10098321e+00
  1.06874316e+00 -9.63523455e-01  5.71056799e-01  1.35104880e+00
  1.34176093e+00 -1.87337081e+00  8.17109424e-01  2.90739391e+00
 -4.21920460e-01 -4.30426276e-01 -1.92232176e+00  7.51283681e-01
  1.63769468e+00  2.88391079e+00 -1.40903888e+00 -3.84931886e-01
 -2.22299305e+00 -2.10380404e+00  3.09606869e+00  2.77641924e+00
 -7.57456400e-01 -2.66438595e+00  1.56346097e+00 -2.01648893e-01
 -2.40730288e+00  1.91181047e+00  1.10364544e+00 -6.31276964e-01
  1.13012583e+00 -1.99734227e+00 -2.43829971e-01  2.28669731e+00
 -1.65493096e-01  5.65031602e-01  2.41730169e+00  5.95974921e-01
  2.63397696e+00  2.82865767e+00  2.75183047e+00 -2.91285707e+00
  3.01446711e-01 -4.15479003e-01  1.69452176e+00  2.96652315e+00
 -4.00704965e-01 -2.40441358e+00  2.72283744e+00 -3.18238912e+00
  5.97139639e-01 -7.20809304e-01 -1.76568987e+00  3.10912346e+00
 -1.94656743e+00 -1.65133995e+00 -2.57818739e+00  2.39450076e+00
 -2.18508832e+00  1.97042952e+00  1.76330228e+00  1.45131025e+00
  2.50740392e+00  2.89473889e+00  1.94550862e+00  1.49852446e+00
 -1.77333957e+00 -2.38556289e+00  1.20616340e+00  5.48770063e-01
  1.59477086e+00 -2.81525360e+00 -1.63748929e-01  2.51817057e+00
 -1.15394420e+00  1.19598420e+00  1.22603525e+00  6.62776929e-01
 -9.90462560e-01  1.13155202e+00  8.16877176e-01 -3.73240306e-01
  2.81999860e+00 -2.15191440e+00  1.58245133e+00 -6.27643830e-01
  1.00232968e+00 -3.24841288e+00 -2.21481154e+00  3.38565512e-01
 -1.11096644e+00 -4.09279267e-01  2.98327836e-01  4.37671924e-02
 -1.77848690e+00 -1.88260633e-01 -6.34307058e-01  2.88021802e+00
 -1.10515153e+00 -1.22600780e+00 -1.09487167e+00  1.29728303e+00
  1.62355340e+00 -8.67581518e-01  2.12983589e+00 -1.62939011e+00
 -2.60143863e-01 -8.84235156e-01 -2.97774937e+00  3.06628353e+00
 -1.76864856e+00  3.01663185e+00 -1.37623802e+00 -2.47940877e+00
  3.58019707e+00 -1.13216349e+00 -7.11235935e-01 -2.95305847e+00
 -2.54586146e+00  2.95134339e+00 -1.99033226e+00 -1.68100918e+00
 -4.20825630e-01  3.00605433e+00  1.29328373e-01  1.82782603e-02
 -1.61568288e+00 -1.31962738e-01 -1.57977582e+00 -3.06949701e+00
  2.92816791e+00  1.18549756e+00 -3.17962127e-01 -2.32542862e+00
  1.01471314e+00 -1.19375137e+00 -2.72387010e-01 -2.15663830e+00
 -1.91493115e+00  1.77427482e+00 -9.88875716e-01  2.57525554e+00
 -4.81264194e-01 -3.12069721e+00 -2.83890965e+00  1.94656443e+00
 -3.06309463e+00 -2.71001119e-01 -1.00493351e+00 -1.70425039e-01
  2.36596803e+00  1.75974713e+00 -1.77644009e-01 -1.96027156e+00
 -3.01278998e+00  1.33401580e-01 -8.29418794e-01  1.48208989e+00
 -2.52868736e+00  9.33875012e-01 -1.28011022e-01  1.31952103e-01
  1.99875113e+00  7.15563972e-01  7.97039281e-01 -1.23165944e+00
  1.62398952e+00  2.53665035e+00  1.26865825e+00  2.33874880e-01
 -1.03955883e+00  2.62670623e+00  8.37043267e-01 -2.20658022e+00
  4.16366923e-02  1.74339908e+00  1.04147259e+00 -6.54117458e-01
 -2.32014609e+00  2.41271296e+00  2.02323240e+00  1.70255552e+00
  2.24464128e+00  1.83389151e+00 -2.01748385e+00 -2.84867029e+00
  5.96819041e-01  1.37801368e+00 -2.41391334e+00 -1.31840459e+00
  2.41273864e+00  1.30484102e+00 -2.49204197e-03 -1.70693166e+00
 -1.51320716e+00  2.00922495e+00  1.50365145e+00 -8.02396168e-01
 -1.29225552e-01 -3.78732987e-01 -1.98666316e-01  2.43884313e+00
 -4.96544742e-01 -6.43995029e-01  1.02706086e+00 -2.29702106e+00
  9.83215003e-01  2.59154847e+00 -5.20966537e-01  2.15738602e+00
 -1.94908187e+00 -9.40845680e-01 -2.40575800e+00 -2.28726447e+00
 -1.42599494e+00 -2.90107934e+00  1.55973064e+00  1.83115549e+00
  1.63083112e+00  1.04907074e+00  1.43187297e+00 -2.33131443e+00
 -2.68056487e+00  1.70087933e+00  1.00966100e+00 -3.94271458e-01
 -2.60893883e+00  1.58273903e+00 -1.24287709e+00 -2.49870647e+00
  5.10451478e-02]
Thu Jun 13 21:09:23 2024,263,0.1278733160254438,[-2.86795092e+00  2.24386131e+00 -1.70322183e+00  1.70860968e-01
  4.77260300e-01 -3.17788816e+00  3.22052069e+00  2.10099355e+00
  1.06873282e+00 -9.63513115e-01  5.71067138e-01  1.35103846e+00
  1.34177127e+00 -1.87336047e+00  8.17119763e-01  2.90738357e+00
 -4.21930799e-01 -4.30415937e-01 -1.92233210e+00  7.51294020e-01
  1.63768434e+00  2.88392113e+00 -1.40902854e+00 -3.84921546e-01
 -2.22298271e+00 -2.10379370e+00  3.09605835e+00  2.77640890e+00
 -7.57466739e-01 -2.66439629e+00  1.56345063e+00 -2.01659233e-01
 -2.40729254e+00  1.91180013e+00  1.10365578e+00 -6.31266624e-01
  1.13011549e+00 -1.99735261e+00 -2.43819632e-01  2.28670765e+00
 -1.65503435e-01  5.65021262e-01  2.41729135e+00  5.95985260e-01
  2.63398730e+00  2.82864733e+00  2.75182013e+00 -2.91284673e+00
  3.01457050e-01 -4.15489343e-01  1.69453210e+00  2.96653349e+00
 -4.00694626e-01 -2.40440324e+00  2.72282710e+00 -3.18237878e+00
  5.97129299e-01 -7.20819643e-01 -1.76567953e+00  3.10911312e+00
 -1.94657777e+00 -1.65135029e+00 -2.57819773e+00  2.39451110e+00
 -2.18509866e+00  1.97043986e+00  1.76329194e+00  1.45132059e+00
  2.50741426e+00  2.89474923e+00  1.94549828e+00  1.49853479e+00
 -1.77334991e+00 -2.38557323e+00  1.20615306e+00  5.48780402e-01
  1.59476052e+00 -2.81526394e+00 -1.63738590e-01  2.51816023e+00
 -1.15395454e+00  1.19599454e+00  1.22604559e+00  6.62766590e-01
 -9.90452221e-01  1.13154168e+00  8.16866837e-01 -3.73229966e-01
  2.82000894e+00 -2.15190406e+00  1.58246167e+00 -6.27633490e-01
  1.00231934e+00 -3.24842322e+00 -2.21480120e+00  3.38575852e-01
 -1.11095610e+00 -4.09268928e-01  2.98338176e-01  4.37775318e-02
 -1.77849724e+00 -1.88250293e-01 -6.34296719e-01  2.88022836e+00
 -1.10516187e+00 -1.22599746e+00 -1.09486133e+00  1.29729337e+00
  1.62354306e+00 -8.67591857e-01  2.12982555e+00 -1.62937977e+00
 -2.60154203e-01 -8.84224816e-01 -2.97775971e+00  3.06627319e+00
 -1.76863822e+00  3.01664219e+00 -1.37624835e+00 -2.47939843e+00
  3.58020741e+00 -1.13215315e+00 -7.11225596e-01 -2.95304813e+00
 -2.54587180e+00  2.95135373e+00 -1.99034260e+00 -1.68099884e+00
 -4.20835969e-01  3.00606467e+00  1.29318034e-01  1.82885997e-02
 -1.61569322e+00 -1.31973078e-01 -1.57976548e+00 -3.06948667e+00
  2.92815757e+00  1.18548722e+00 -3.17951787e-01 -2.32543896e+00
  1.01470280e+00 -1.19376171e+00 -2.72376671e-01 -2.15664864e+00
 -1.91492081e+00  1.77428516e+00 -9.88886055e-01  2.57524520e+00
 -4.81253855e-01 -3.12070755e+00 -2.83889931e+00  1.94655409e+00
 -3.06308429e+00 -2.71011458e-01 -1.00492317e+00 -1.70435378e-01
  2.36597837e+00  1.75973679e+00 -1.77633670e-01 -1.96028190e+00
 -3.01280032e+00  1.33411920e-01 -8.29408455e-01  1.48207955e+00
 -2.52869770e+00  9.33864672e-01 -1.28000682e-01  1.31962443e-01
  1.99874079e+00  7.15574311e-01  7.97049621e-01 -1.23166978e+00
  1.62397918e+00  2.53664001e+00  1.26864791e+00  2.33864540e-01
 -1.03954849e+00  2.62669589e+00  8.37053606e-01 -2.20656989e+00
  4.16263529e-02  1.74340942e+00  1.04148293e+00 -6.54107119e-01
 -2.32013575e+00  2.41272330e+00  2.02322206e+00  1.70254518e+00
  2.24465162e+00  1.83390185e+00 -2.01749419e+00 -2.84868063e+00
  5.96829380e-01  1.37802402e+00 -2.41392368e+00 -1.31841493e+00
  2.41272830e+00  1.30485136e+00 -2.48170258e-03 -1.70692132e+00
 -1.51319682e+00  2.00921461e+00  1.50364111e+00 -8.02385828e-01
 -1.29235892e-01 -3.78743326e-01 -1.98655976e-01  2.43885346e+00
 -4.96534402e-01 -6.44005369e-01  1.02705052e+00 -2.29701072e+00
  9.83204663e-01  2.59155881e+00 -5.20956197e-01  2.15737569e+00
 -1.94909221e+00 -9.40856019e-01 -2.40576834e+00 -2.28727481e+00
 -1.42598460e+00 -2.90106900e+00  1.55972030e+00  1.83116583e+00
  1.63084146e+00  1.04906040e+00  1.43188331e+00 -2.33132477e+00
 -2.68055453e+00  1.70088967e+00  1.00967134e+00 -3.94281798e-01
 -2.60892849e+00  1.58272869e+00 -1.24288743e+00 -2.49869613e+00
  5.10554872e-02]
Thu Jun 13 21:09:41 2024,264,0.12788554107645408,[-2.86938871  2.24242352 -1.70465962  0.17229876  0.47582251 -3.17645037
  3.2190829   2.09955576  1.07017061 -0.96495091  0.56962935  1.34960067
  1.34320906 -1.87479826  0.81568197  2.90594578 -0.42336859 -0.42897815
 -1.92089431  0.74985623  1.63912213  2.88248334 -1.40759075 -0.38635934
 -2.2244205  -2.10235591  3.09462056  2.77497111 -0.75602895 -2.6629585
  1.56201284 -0.20022144 -2.40873033  1.91323792  1.10221799 -0.63270441
  1.1286777  -1.9987904  -0.24525742  2.28814544 -0.16694123  0.56645905
  2.41872914  0.59742305  2.63542509  2.83008512  2.75038234 -2.91140894
  0.30001926 -0.41692713  1.69309431  2.96797128 -0.40213242 -2.40296545
  2.72426489 -3.18094099  0.59569151 -0.72225743 -1.76711732  3.11055091
 -1.94513998 -1.6499125  -2.57675994  2.39594889 -2.18653645  1.96900207
  1.76185415  1.45275838  2.50597647  2.89331144  1.94406049  1.49997258
 -1.77191212 -2.38413544  1.20471527  0.54734261  1.59619831 -2.81382615
 -0.16517638  2.51959802 -1.15539233  1.19743233  1.22748338  0.66420438
 -0.98901443  1.13010389  0.81542905 -0.37179218  2.81857115 -2.15334185
  1.58389946 -0.62907128  1.00088155 -3.24698543 -2.21336341  0.33713806
 -1.10951831 -0.41070672  0.29977597  0.04521532 -1.77705945 -0.1868125
 -0.63285893  2.88166615 -1.10659966 -1.22743525 -1.09629912  1.29873116
  1.62210527 -0.86902965  2.13126334 -1.63081756 -0.26159199 -0.88566261
 -2.97632192  3.06771098 -1.76720044  3.01807998 -1.37768614 -2.48083622
  3.5816452  -1.13359094 -0.71266339 -2.95161034 -2.54443401  2.95279152
 -1.98890481 -1.68243663 -0.42227376  3.00462688  0.12788024  0.01972639
 -1.61425543 -0.13341087 -1.57832769 -3.07092446  2.92959536  1.18692501
 -0.31938958 -2.32687675  1.01614059 -1.19232392 -0.27093888 -2.15808643
 -1.91348302  1.77572295 -0.98744827  2.57380741 -0.47981606 -3.11926976
 -2.83746152  1.94799188 -3.06452208 -0.27244925 -1.00636096 -0.17187317
  2.36741616  1.758299   -0.17619588 -1.95884411 -3.01423811  0.13197413
 -0.82797067  1.48064176 -2.53013549  0.93530246 -0.12943847  0.13340023
  1.997303    0.7170121   0.79848741 -1.23310757  1.62254139  2.5380778
  1.2700857   0.23242675 -1.04098628  2.6252581   0.8384914  -2.20800767
  0.04018856  1.74484721  1.04292072 -0.65554491 -2.31869796  2.41416109
  2.02465985  1.70398297  2.24608941  1.83246406 -2.01893198 -2.84724284
  0.59826717  1.37658623 -2.41536147 -1.31697714  2.41129051  1.30628915
 -0.00391949 -1.70835911 -1.51463461  2.00777682  1.50220332 -0.80382362
 -0.1277981  -0.38018112 -0.20009377  2.43741567 -0.49509661 -0.64256758
  1.02561273 -2.29844851  0.98176687  2.59012102 -0.52239399  2.15881347
 -1.94765442 -0.93941823 -2.40433055 -2.28583702 -1.42742239 -2.90250679
  1.56115809  1.82972804  1.62940367  1.05049819  1.43044552 -2.33276256
 -2.67911674  1.69945188  1.01110913 -0.39571959 -2.6074907   1.58416648
 -1.24144964 -2.50013392  0.0496177 ]
Thu Jun 13 21:10:02 2024,265,0.12764926364308718,[-2.86717763e+00  2.24021243e+00 -1.70244854e+00  1.70087672e-01
  4.73611424e-01 -3.17423929e+00  3.22129398e+00  2.09734467e+00
  1.07238169e+00 -9.67161991e-01  5.71840435e-01  1.34738958e+00
  1.34542015e+00 -1.87700935e+00  8.13470888e-01  2.90815687e+00
 -4.25579675e-01 -4.31189233e-01 -1.91868322e+00  7.47645145e-01
  1.63691104e+00  2.88469443e+00 -1.40537967e+00 -3.88570422e-01
 -2.22663159e+00 -2.10456700e+00  3.09240947e+00  2.77276002e+00
 -7.58240035e-01 -2.66516958e+00  1.55980176e+00 -2.02432529e-01
 -2.40651924e+00  1.91544901e+00  1.10000691e+00 -6.30493328e-01
  1.13088879e+00 -1.99657931e+00 -2.43046336e-01  2.29035653e+00
 -1.69152311e-01  5.68670138e-01  2.41651805e+00  5.95211964e-01
  2.63321401e+00  2.82787403e+00  2.74817126e+00 -2.91362002e+00
  2.97808175e-01 -4.19138219e-01  1.69088322e+00  2.96576019e+00
 -3.99921330e-01 -2.40075437e+00  2.72205380e+00 -3.17872990e+00
  5.93480424e-01 -7.20046347e-01 -1.76932841e+00  3.10833982e+00
 -1.94735106e+00 -1.65212359e+00 -2.57897102e+00  2.39373781e+00
 -2.18432536e+00  1.96679099e+00  1.76406523e+00  1.45496947e+00
  2.50818756e+00  2.89552252e+00  1.94184941e+00  1.50218367e+00
 -1.77412321e+00 -2.38192435e+00  1.20250419e+00  5.49553698e-01
  1.59840939e+00 -2.81603723e+00 -1.62965294e-01  2.51738693e+00
 -1.15318125e+00  1.19522125e+00  1.22969446e+00  6.61993293e-01
 -9.91225517e-01  1.13231498e+00  8.13217961e-01 -3.74003262e-01
  2.81636006e+00 -2.15113076e+00  1.58168837e+00 -6.31282366e-01
  1.00309263e+00 -3.24919652e+00 -2.21557449e+00  3.34926976e-01
 -1.10730723e+00 -4.12917803e-01  2.97564880e-01  4.30042356e-02
 -1.77484836e+00 -1.84601417e-01 -6.35070015e-01  2.87945506e+00
 -1.10881074e+00 -1.22964634e+00 -1.09408803e+00  1.30094224e+00
  1.62431636e+00 -8.71240733e-01  2.13347443e+00 -1.62860647e+00
 -2.59380906e-01 -8.87873692e-01 -2.97411083e+00  3.06549989e+00
 -1.76498935e+00  3.02029106e+00 -1.37547506e+00 -2.47862513e+00
  3.57943411e+00 -1.13137985e+00 -7.10452299e-01 -2.95382143e+00
 -2.54664510e+00  2.95500260e+00 -1.98669373e+00 -1.68022555e+00
 -4.24484845e-01  3.00683796e+00  1.25669158e-01  1.75153035e-02
 -1.61204434e+00 -1.35621953e-01 -1.58053877e+00 -3.06871338e+00
  2.92738428e+00  1.18913609e+00 -3.21600663e-01 -2.32466567e+00
  1.01392950e+00 -1.19011284e+00 -2.73149967e-01 -2.16029751e+00
 -1.91569410e+00  1.77351186e+00 -9.85237179e-01  2.57601850e+00
 -4.82027151e-01 -3.12148084e+00 -2.83525043e+00  1.94578079e+00
 -3.06673316e+00 -2.74660334e-01 -1.00414988e+00 -1.74084254e-01
  2.36962724e+00  1.75608791e+00 -1.73984794e-01 -1.95663303e+00
 -3.01202702e+00  1.29763044e-01 -8.25759579e-01  1.47843067e+00
 -2.52792441e+00  9.33091376e-01 -1.31649558e-01  1.35611318e-01
  1.99509191e+00  7.14801015e-01  8.00698496e-01 -1.23089649e+00
  1.62033030e+00  2.53586672e+00  1.26787461e+00  2.34637836e-01
 -1.03877520e+00  2.62304701e+00  8.36280310e-01 -2.20579659e+00
  3.79774773e-02  1.74263612e+00  1.04513180e+00 -6.57755995e-01
 -2.31648687e+00  2.41195001e+00  2.02687093e+00  1.70619405e+00
  2.24387833e+00  1.83467514e+00 -2.02114307e+00 -2.84503175e+00
  6.00478256e-01  1.37879732e+00 -2.41315038e+00 -1.31476605e+00
  2.41350160e+00  1.30850024e+00 -1.70840638e-03 -1.71057020e+00
 -1.51684570e+00  2.00556574e+00  1.49999224e+00 -8.06034704e-01
 -1.25587016e-01 -3.77970030e-01 -2.02304852e-01  2.43962676e+00
 -4.97307698e-01 -6.40356493e-01  1.02340165e+00 -2.29623742e+00
  9.83977960e-01  2.58790994e+00 -5.24605073e-01  2.16102456e+00
 -1.94986551e+00 -9.37207143e-01 -2.40654163e+00 -2.28804811e+00
 -1.42963347e+00 -2.90471788e+00  1.56336917e+00  1.82751695e+00
  1.63161475e+00  1.05270928e+00  1.42823443e+00 -2.33055147e+00
 -2.68132783e+00  1.69724080e+00  1.00889804e+00 -3.97930673e-01
 -2.60527962e+00  1.58637757e+00 -1.24366073e+00 -2.50234501e+00
  4.74066115e-02]
Thu Jun 13 21:10:40 2024,266,0.12701586748421181,[-2.86241481e+00  2.23544962e+00 -1.69768572e+00  1.65324855e-01
  4.68848608e-01 -3.16947647e+00  3.22605680e+00  2.10210749e+00
  1.06761887e+00 -9.71924808e-01  5.67077618e-01  1.34262676e+00
  1.34065733e+00 -1.87224653e+00  8.18233704e-01  2.91291969e+00
 -4.30342492e-01 -4.26426417e-01 -1.92344604e+00  7.52407961e-01
  1.63214822e+00  2.87993161e+00 -1.40061685e+00 -3.93333239e-01
 -2.22186877e+00 -2.09980418e+00  3.08764666e+00  2.76799721e+00
 -7.53477219e-01 -2.66040676e+00  1.55503894e+00 -2.07195346e-01
 -2.41128206e+00  1.91068619e+00  1.09524409e+00 -6.35256145e-01
  1.12612597e+00 -1.99181650e+00 -2.47809152e-01  2.28559371e+00
 -1.73915128e-01  5.63907321e-01  2.42128087e+00  5.90449148e-01
  2.63797682e+00  2.83263685e+00  2.75293407e+00 -2.90885721e+00
  3.02570991e-01 -4.23901035e-01  1.69564604e+00  2.97052301e+00
 -4.04684146e-01 -2.39599155e+00  2.71729098e+00 -3.17396709e+00
  5.88717607e-01 -7.24809164e-01 -1.77409123e+00  3.10357701e+00
 -1.94258824e+00 -1.65688641e+00 -2.57420821e+00  2.39850062e+00
 -2.18908818e+00  1.96202817e+00  1.75930242e+00  1.45973229e+00
  2.51295037e+00  2.90028534e+00  1.94661223e+00  1.50694649e+00
 -1.77888603e+00 -2.37716154e+00  1.19774137e+00  5.54316515e-01
  1.60317221e+00 -2.81127442e+00 -1.58202477e-01  2.52214975e+00
 -1.15794406e+00  1.19045843e+00  1.23445728e+00  6.66756110e-01
 -9.86462700e-01  1.12755216e+00  8.08455144e-01 -3.78766079e-01
  2.81159725e+00 -2.14636795e+00  1.58645119e+00 -6.26519549e-01
  9.98329815e-01 -3.24443370e+00 -2.22033731e+00  3.30164159e-01
 -1.11207004e+00 -4.17680620e-01  2.92802063e-01  4.77670522e-02
 -1.77961118e+00 -1.79838601e-01 -6.30307198e-01  2.88421788e+00
 -1.10404793e+00 -1.22488352e+00 -1.08932521e+00  1.29617943e+00
  1.61955354e+00 -8.76003549e-01  2.12871161e+00 -1.63336929e+00
 -2.54618090e-01 -8.92636508e-01 -2.96934802e+00  3.07026271e+00
 -1.76975217e+00  3.01552825e+00 -1.38023788e+00 -2.47386231e+00
  3.58419693e+00 -1.12661703e+00 -7.15215116e-01 -2.94905861e+00
 -2.54188228e+00  2.95023978e+00 -1.98193091e+00 -1.68498836e+00
 -4.29247662e-01  3.00207515e+00  1.30431975e-01  2.22781202e-02
 -1.60728153e+00 -1.30859137e-01 -1.58530159e+00 -3.07347619e+00
  2.92262146e+00  1.18437328e+00 -3.26363480e-01 -2.32942848e+00
  1.01869232e+00 -1.18535002e+00 -2.68387150e-01 -2.15553470e+00
 -1.92045692e+00  1.77827468e+00 -9.80474363e-01  2.58078132e+00
 -4.77264334e-01 -3.12624366e+00 -2.83048762e+00  1.94101798e+00
 -3.06197035e+00 -2.69897517e-01 -1.00891269e+00 -1.78847070e-01
  2.36486442e+00  1.75132509e+00 -1.78747611e-01 -1.95187021e+00
 -3.00726421e+00  1.34525861e-01 -8.30522396e-01  1.47366786e+00
 -2.52316159e+00  9.37854193e-01 -1.26886741e-01  1.40374135e-01
  1.99032910e+00  7.19563832e-01  8.05461313e-01 -1.23565930e+00
  1.61556748e+00  2.54062954e+00  1.27263743e+00  2.39400653e-01
 -1.03401238e+00  2.61828419e+00  8.31517493e-01 -2.20103377e+00
  4.27402939e-02  1.73787331e+00  1.04036899e+00 -6.62518811e-01
 -2.32124969e+00  2.40718719e+00  2.02210812e+00  1.71095687e+00
  2.24864114e+00  1.82991233e+00 -2.01638025e+00 -2.84979457e+00
  5.95715439e-01  1.37403450e+00 -2.41791320e+00 -1.31952887e+00
  2.40873878e+00  1.31326306e+00  3.05441028e-03 -1.71533302e+00
 -1.52160852e+00  2.01032855e+00  1.49522942e+00 -8.10797521e-01
 -1.20824199e-01 -3.73207213e-01 -1.97542035e-01  2.44438958e+00
 -5.02070515e-01 -6.45119310e-01  1.02816446e+00 -2.30100024e+00
  9.79215143e-01  2.58314712e+00 -5.29367890e-01  2.16578738e+00
 -1.94510269e+00 -9.32444327e-01 -2.40177882e+00 -2.29281093e+00
 -1.42487066e+00 -2.89995506e+00  1.55860636e+00  1.82275414e+00
  1.62685194e+00  1.04794646e+00  1.42347161e+00 -2.32578865e+00
 -2.68609064e+00  1.70200361e+00  1.01366086e+00 -4.02693490e-01
 -2.61004243e+00  1.59114038e+00 -1.24842355e+00 -2.49758219e+00
  4.26437949e-02]
Thu Jun 13 21:11:00 2024,267,0.12701481135310727,[-2.86204420e+00  2.23507900e+00 -1.69731511e+00  1.64954241e-01
  4.69219222e-01 -3.16984709e+00  3.22642742e+00  2.10173688e+00
  1.06798949e+00 -9.72295422e-01  5.67448232e-01  1.34299738e+00
  1.34028672e+00 -1.87187592e+00  8.17863090e-01  2.91254907e+00
 -4.29971878e-01 -4.26055803e-01 -1.92381665e+00  7.52778575e-01
  1.63251884e+00  2.88030222e+00 -1.40024624e+00 -3.93703853e-01
 -2.22149816e+00 -2.09943357e+00  3.08727604e+00  2.76836782e+00
 -7.53847833e-01 -2.66077738e+00  1.55540955e+00 -2.06824732e-01
 -2.41165267e+00  1.91105680e+00  1.09561470e+00 -6.34885531e-01
  1.12649658e+00 -1.99144588e+00 -2.47438538e-01  2.28522310e+00
 -1.73544514e-01  5.64277935e-01  2.42091026e+00  5.90819761e-01
  2.63760621e+00  2.83300746e+00  2.75256346e+00 -2.90922782e+00
  3.02200377e-01 -4.23530421e-01  1.69601665e+00  2.97015240e+00
 -4.05054760e-01 -2.39636216e+00  2.71766160e+00 -3.17359647e+00
  5.89088221e-01 -7.25179777e-01 -1.77446184e+00  3.10394762e+00
 -1.94221763e+00 -1.65651579e+00 -2.57457882e+00  2.39813001e+00
 -2.18945879e+00  1.96165756e+00  1.75893180e+00  1.45936167e+00
  2.51332099e+00  2.90065595e+00  1.94698284e+00  1.50731710e+00
 -1.77851541e+00 -2.37753215e+00  1.19737076e+00  5.53945901e-01
  1.60280159e+00 -2.81090380e+00 -1.58573091e-01  2.52252036e+00
 -1.15831468e+00  1.19082904e+00  1.23408667e+00  6.66385496e-01
 -9.86092086e-01  1.12718155e+00  8.08825758e-01 -3.78395465e-01
  2.81196786e+00 -2.14599733e+00  1.58608058e+00 -6.26148935e-01
  9.97959202e-01 -3.24406309e+00 -2.22070792e+00  3.29793545e-01
 -1.11244066e+00 -4.18051234e-01  2.93172677e-01  4.73964383e-02
 -1.77998179e+00 -1.80209215e-01 -6.30677812e-01  2.88384727e+00
 -1.10441854e+00 -1.22525413e+00 -1.08895460e+00  1.29655004e+00
  1.61918293e+00 -8.76374163e-01  2.12908223e+00 -1.63373990e+00
 -2.54247476e-01 -8.93007122e-01 -2.96971863e+00  3.06989209e+00
 -1.77012278e+00  3.01589886e+00 -1.37986726e+00 -2.47349170e+00
  3.58382632e+00 -1.12624642e+00 -7.15585730e-01 -2.94942922e+00
 -2.54225290e+00  2.95061040e+00 -1.98156030e+00 -1.68461775e+00
 -4.28877048e-01  3.00170453e+00  1.30802588e-01  2.19075063e-02
 -1.60765214e+00 -1.31229751e-01 -1.58567220e+00 -3.07384681e+00
  2.92299207e+00  1.18400266e+00 -3.25992866e-01 -2.32905787e+00
  1.01832171e+00 -1.18497941e+00 -2.68757764e-01 -2.15590531e+00
 -1.92082754e+00  1.77864529e+00 -9.80103749e-01  2.58041070e+00
 -4.76893720e-01 -3.12587305e+00 -2.83085823e+00  1.94064736e+00
 -3.06159973e+00 -2.69526903e-01 -1.00854208e+00 -1.79217684e-01
  2.36523504e+00  1.75095448e+00 -1.78376997e-01 -1.95149960e+00
 -3.00763482e+00  1.34155247e-01 -8.30893010e-01  1.47403847e+00
 -2.52279098e+00  9.37483579e-01 -1.26516127e-01  1.40744749e-01
  1.98995848e+00  7.19193218e-01  8.05831927e-01 -1.23528869e+00
  1.61519687e+00  2.54100015e+00  1.27226681e+00  2.39771267e-01
 -1.03364177e+00  2.61791358e+00  8.31146880e-01 -2.20066316e+00
  4.31109078e-02  1.73750269e+00  1.04073960e+00 -6.62148197e-01
 -2.32087908e+00  2.40681657e+00  2.02247873e+00  1.71132748e+00
  2.24827053e+00  1.82954171e+00 -2.01600964e+00 -2.85016519e+00
  5.95344825e-01  1.37366389e+00 -2.41754258e+00 -1.31989948e+00
  2.40910939e+00  1.31363367e+00  2.68379637e-03 -1.71496240e+00
 -1.52197913e+00  2.00995794e+00  1.49485881e+00 -8.11168134e-01
 -1.20453586e-01 -3.72836600e-01 -1.97171421e-01  2.44476019e+00
 -5.02441129e-01 -6.44748696e-01  1.02853508e+00 -2.30062962e+00
  9.79585757e-01  2.58277651e+00 -5.29738504e-01  2.16615799e+00
 -1.94547331e+00 -9.32073713e-01 -2.40214943e+00 -2.29318154e+00
 -1.42450004e+00 -2.89958444e+00  1.55897697e+00  1.82238352e+00
  1.62648132e+00  1.04757585e+00  1.42384223e+00 -2.32615927e+00
 -2.68646126e+00  1.70163300e+00  1.01329025e+00 -4.02322876e-01
 -2.60967182e+00  1.59076977e+00 -1.24879416e+00 -2.49795281e+00
  4.30144088e-02]
Thu Jun 13 21:11:23 2024,268,0.12698662127896246,[-2.86294315e+00  2.23597796e+00 -1.69641615e+00  1.64055289e-01
  4.68320269e-01 -3.16894813e+00  3.22552846e+00  2.10083792e+00
  1.06888844e+00 -9.71396469e-01  5.66549279e-01  1.34209843e+00
  1.33938776e+00 -1.87097696e+00  8.18762043e-01  2.91165012e+00
 -4.30870830e-01 -4.25156850e-01 -1.92291770e+00  7.53677528e-01
  1.63161988e+00  2.87940327e+00 -1.39934729e+00 -3.92804900e-01
 -2.22239711e+00 -2.09853461e+00  3.08637709e+00  2.76746887e+00
 -7.54746785e-01 -2.66167633e+00  1.55630851e+00 -2.05925779e-01
 -2.41255162e+00  1.91015785e+00  1.09471575e+00 -6.33986578e-01
  1.12739554e+00 -1.99234484e+00 -2.46539586e-01  2.28432414e+00
 -1.72645561e-01  5.63378983e-01  2.42180921e+00  5.89920809e-01
  2.63850516e+00  2.83390641e+00  2.75166451e+00 -2.91012677e+00
  3.01301425e-01 -4.24429374e-01  1.69511770e+00  2.96925344e+00
 -4.04155808e-01 -2.39726112e+00  2.71856055e+00 -3.17269752e+00
  5.89987173e-01 -7.24280825e-01 -1.77356289e+00  3.10484657e+00
 -1.94311658e+00 -1.65561684e+00 -2.57367987e+00  2.39902896e+00
 -2.19035774e+00  1.96075860e+00  1.75803285e+00  1.46026062e+00
  2.51421994e+00  2.89975700e+00  1.94608389e+00  1.50821605e+00
 -1.77761646e+00 -2.37663320e+00  1.19647180e+00  5.53046948e-01
  1.60370055e+00 -2.81000485e+00 -1.57674138e-01  2.52162141e+00
 -1.15921363e+00  1.18993009e+00  1.23318771e+00  6.67284449e-01
 -9.85193134e-01  1.12628260e+00  8.07926806e-01 -3.77496513e-01
  2.81106891e+00 -2.14689628e+00  1.58518162e+00 -6.25249983e-01
  9.98858154e-01 -3.24496204e+00 -2.21980897e+00  3.28894593e-01
 -1.11154171e+00 -4.18950186e-01  2.92273724e-01  4.82953909e-02
 -1.77908284e+00 -1.81108167e-01 -6.31576765e-01  2.88294831e+00
 -1.10351959e+00 -1.22435518e+00 -1.08805565e+00  1.29565109e+00
  1.62008188e+00 -8.77273116e-01  2.12818327e+00 -1.63463886e+00
 -2.53348523e-01 -8.92108170e-01 -2.97061758e+00  3.07079105e+00
 -1.76922383e+00  3.01679781e+00 -1.37896831e+00 -2.47439065e+00
  3.58292736e+00 -1.12534747e+00 -7.14686777e-01 -2.95032818e+00
 -2.54315185e+00  2.94971145e+00 -1.98066134e+00 -1.68551670e+00
 -4.27978095e-01  3.00260348e+00  1.29903636e-01  2.28064589e-02
 -1.60855109e+00 -1.30330798e-01 -1.58657116e+00 -3.07294785e+00
  2.92209312e+00  1.18310371e+00 -3.25093913e-01 -2.32995682e+00
  1.01922066e+00 -1.18587836e+00 -2.67858812e-01 -2.15500636e+00
 -1.91992858e+00  1.77954424e+00 -9.79204796e-01  2.58130965e+00
 -4.75994768e-01 -3.12497409e+00 -2.82995928e+00  1.93974841e+00
 -3.06070078e+00 -2.70425856e-01 -1.00944103e+00 -1.78318732e-01
  2.36613399e+00  1.75005553e+00 -1.79275949e-01 -1.95060064e+00
 -3.00673587e+00  1.35054199e-01 -8.29994057e-01  1.47493742e+00
 -2.52189202e+00  9.36584626e-01 -1.27415080e-01  1.41643702e-01
  1.99085744e+00  7.20092170e-01  8.06730879e-01 -1.23618764e+00
  1.61609582e+00  2.54010120e+00  1.27316577e+00  2.38872314e-01
 -1.03454072e+00  2.61881253e+00  8.32045832e-01 -2.19976421e+00
  4.40098604e-02  1.73840165e+00  1.03984065e+00 -6.63047150e-01
 -2.32177803e+00  2.40591762e+00  2.02157978e+00  1.71042853e+00
  2.24916948e+00  1.82864276e+00 -2.01690859e+00 -2.85106414e+00
  5.96243778e-01  1.37456284e+00 -2.41664363e+00 -1.32079844e+00
  2.40821044e+00  1.31273472e+00  3.58274895e-03 -1.71586136e+00
 -1.52287808e+00  2.01085689e+00  1.49575776e+00 -8.12067087e-01
 -1.21352538e-01 -3.73735552e-01 -1.98070374e-01  2.44386124e+00
 -5.01542176e-01 -6.43849743e-01  1.02943403e+00 -2.30152858e+00
  9.78686804e-01  2.58187755e+00 -5.28839551e-01  2.16525904e+00
 -1.94457435e+00 -9.32972665e-01 -2.40125048e+00 -2.29228259e+00
 -1.42539900e+00 -2.89868549e+00  1.55987592e+00  1.82148457e+00
  1.62558237e+00  1.04667689e+00  1.42474118e+00 -2.32705822e+00
 -2.68736021e+00  1.70253195e+00  1.01239129e+00 -4.03221829e-01
 -2.61057077e+00  1.59166872e+00 -1.24969311e+00 -2.49705385e+00
  4.39133614e-02]
Thu Jun 13 21:11:42 2024,269,0.12698046919389339,[-2.86387031e+00  2.23505079e+00 -1.69548899e+00  1.63128124e-01
  4.69247434e-01 -3.16802097e+00  3.22460130e+00  2.10176509e+00
  1.06796128e+00 -9.70469304e-01  5.67476444e-01  1.34117126e+00
  1.34031493e+00 -1.87004980e+00  8.19689207e-01  2.91072296e+00
 -4.31797995e-01 -4.24229685e-01 -1.92199054e+00  7.52750363e-01
  1.63069272e+00  2.87847611e+00 -1.40027445e+00 -3.91877736e-01
 -2.22332427e+00 -2.09760745e+00  3.08730425e+00  2.76654170e+00
 -7.55673950e-01 -2.66074917e+00  1.55538134e+00 -2.04998614e-01
 -2.41347879e+00  1.90923069e+00  1.09564292e+00 -6.33059413e-01
  1.12832270e+00 -1.99141767e+00 -2.45612421e-01  2.28339698e+00
 -1.73572726e-01  5.64306147e-01  2.42273637e+00  5.88993644e-01
  2.63943233e+00  2.83297925e+00  2.75259167e+00 -2.91105394e+00
  3.00374260e-01 -4.25356538e-01  1.69419054e+00  2.96832628e+00
 -4.03228643e-01 -2.39633395e+00  2.71763339e+00 -3.17177036e+00
  5.90914338e-01 -7.25207989e-01 -1.77449005e+00  3.10391941e+00
 -1.94218942e+00 -1.65468968e+00 -2.57275270e+00  2.39995613e+00
 -2.19128491e+00  1.95983144e+00  1.75710568e+00  1.45933346e+00
  2.51329278e+00  2.90068417e+00  1.94701105e+00  1.50728889e+00
 -1.77668930e+00 -2.37756036e+00  1.19739897e+00  5.53974113e-01
  1.60462771e+00 -2.80907768e+00 -1.58601303e-01  2.52069424e+00
 -1.16014079e+00  1.18900293e+00  1.23411488e+00  6.66357284e-01
 -9.84265969e-01  1.12720976e+00  8.06999641e-01 -3.76569348e-01
  2.81014174e+00 -2.14782345e+00  1.58425446e+00 -6.24322818e-01
  9.99785319e-01 -3.24588920e+00 -2.21888181e+00  3.29821757e-01
 -1.11246887e+00 -4.19877351e-01  2.91346560e-01  4.73682263e-02
 -1.77815567e+00 -1.82035332e-01 -6.30649600e-01  2.88387548e+00
 -1.10259242e+00 -1.22342802e+00 -1.08712848e+00  1.29657825e+00
  1.61915471e+00 -8.78200280e-01  2.12725611e+00 -1.63556602e+00
 -2.54275688e-01 -8.93035334e-01 -2.96969042e+00  3.07171821e+00
 -1.77015099e+00  3.01587065e+00 -1.37989547e+00 -2.47346349e+00
  3.58385453e+00 -1.12627463e+00 -7.15613942e-01 -2.94940101e+00
 -2.54222468e+00  2.95063861e+00 -1.97973418e+00 -1.68644387e+00
 -4.27050930e-01  3.00353065e+00  1.28976471e-01  2.18792943e-02
 -1.60947826e+00 -1.31257963e-01 -1.58564399e+00 -3.07387502e+00
  2.92302029e+00  1.18403087e+00 -3.24166749e-01 -2.32902966e+00
  1.01829349e+00 -1.18680553e+00 -2.68785976e-01 -2.15593352e+00
 -1.91900142e+00  1.77861708e+00 -9.78277632e-01  2.58038249e+00
 -4.76921932e-01 -3.12404693e+00 -2.83088644e+00  1.93882124e+00
 -3.06162794e+00 -2.71353020e-01 -1.00851387e+00 -1.79245896e-01
  2.36706116e+00  1.74912836e+00 -1.78348785e-01 -1.95152781e+00
 -3.00580870e+00  1.34127035e-01 -8.29066893e-01  1.47586459e+00
 -2.52096486e+00  9.35657462e-01 -1.28342244e-01  1.40716537e-01
  1.98993027e+00  7.21019335e-01  8.07658044e-01 -1.23711481e+00
  1.61702299e+00  2.54102836e+00  1.27223860e+00  2.39799479e-01
 -1.03546788e+00  2.61788537e+00  8.31118667e-01 -2.20069137e+00
  4.49370250e-02  1.73932881e+00  1.04076781e+00 -6.63974315e-01
 -2.32270519e+00  2.40684479e+00  2.02065261e+00  1.70950137e+00
  2.24824232e+00  1.82956992e+00 -2.01783576e+00 -2.85199130e+00
  5.95316613e-01  1.37363567e+00 -2.41571647e+00 -1.32172560e+00
  2.40913761e+00  1.31180755e+00  2.65558433e-03 -1.71493419e+00
 -1.52195092e+00  2.00992973e+00  1.49483060e+00 -8.12994252e-01
 -1.20425373e-01 -3.74662717e-01 -1.97143209e-01  2.44478840e+00
 -5.00615012e-01 -6.42922578e-01  1.03036119e+00 -2.30060141e+00
  9.77759640e-01  2.58280472e+00 -5.27912387e-01  2.16618620e+00
 -1.94550152e+00 -9.32045501e-01 -2.40217764e+00 -2.29135542e+00
 -1.42447183e+00 -2.89775833e+00  1.56080309e+00  1.82055741e+00
  1.62650954e+00  1.04760406e+00  1.42566835e+00 -2.32798538e+00
 -2.68643304e+00  1.70160479e+00  1.01331846e+00 -4.02294664e-01
 -2.61149794e+00  1.59259589e+00 -1.25062028e+00 -2.49612669e+00
  4.29861968e-02]
Thu Jun 13 21:11:58 2024,270,0.12673378496022697,[-2.86189211  2.23307259 -1.69351079  0.16510633  0.47122564 -3.16604276
  3.2265795   2.10374329  1.06993948 -0.97244751  0.56549824  1.33919306
  1.33833672 -1.872028    0.817711    2.91270116 -0.42981979 -0.42225148
 -1.92001233  0.75077216  1.63267092  2.8764979  -1.40225265 -0.39385594
 -2.22134607 -2.09562925  3.08928246  2.76851991 -0.75369575 -2.66272737
  1.55735954 -0.20302041 -2.41545699  1.90725248  1.09762112 -0.63503762
  1.1303009  -1.99339587 -0.24363422  2.28141878 -0.17555093  0.56628435
  2.42075817  0.58701544  2.64141053  2.83495745  2.75061347 -2.90907573
  0.29839606 -0.42337834  1.69221233  2.96634808 -0.40520685 -2.39435575
  2.71565518 -3.16979215  0.59289254 -0.72718619 -1.77646826  3.1019412
 -1.94416762 -1.65271147 -2.57473091  2.40193433 -2.19326311  1.95785324
  1.75512748  1.45735526  2.51527098  2.89870596  1.94503285  1.50531069
 -1.7786675  -2.37953857  1.19542077  0.55199591  1.60660591 -2.80709948
 -0.1566231   2.52267245 -1.162119    1.19098113  1.23609308  0.66437908
 -0.98228777  1.12918796  0.80897784 -0.37854755  2.80816354 -2.14584525
  1.58227626 -0.62234461  0.99780712 -3.24786741 -2.22086001  0.32784355
 -1.11049067 -0.41789915  0.28936836  0.04539002 -1.78013388 -0.18005713
 -0.6286714   2.88189727 -1.10457063 -1.22540622 -1.08515028  1.29855646
  1.61717651 -0.87622208  2.12527791 -1.63754423 -0.25625389 -0.89501354
 -2.96771221  3.06974001 -1.7721292   3.01389245 -1.37791727 -2.47148528
  3.58583273 -1.12429643 -0.71363574 -2.95137921 -2.54024648  2.95261681
 -1.98171238 -1.68446566 -0.42902913  3.00155245  0.12699827  0.0238575
 -1.61145646 -0.12927976 -1.58366579 -3.07585322  2.92499849  1.18205267
 -0.32218855 -2.32705145  1.0202717  -1.18878373 -0.27076418 -2.15791173
 -1.91702321  1.77663888 -0.97629943  2.57840429 -0.47890014 -3.12602513
 -2.83286465  1.93684304 -3.06360615 -0.27333122 -1.00653566 -0.1812241
  2.36903936  1.75110657 -0.18032699 -1.95350601 -3.0038305   0.13214883
 -0.82708869  1.47388639 -2.52294306  0.93367926 -0.13032045  0.14269474
  1.99190847  0.72299754  0.80963625 -1.2351366   1.61504478  2.54300656
  1.27421681  0.23782128 -1.03348968  2.61590716  0.83309687 -2.20266957
  0.04691523  1.74130701  1.03878961 -0.66199611 -2.3246834   2.40882299
  2.01867441  1.71147957  2.24626412  1.83154813 -2.01981396 -2.85396951
  0.59333841  1.37561388 -2.41373826 -1.3237038   2.4071594   1.31378576
  0.00463379 -1.71295599 -1.51997271  2.01190793  1.49285239 -0.81497246
 -0.11844717 -0.37664092 -0.19912141  2.4428102  -0.50259322 -0.64094438
  1.02838299 -2.29862321  0.97973784  2.58082651 -0.52593418  2.164208
 -1.94352331 -0.9300673  -2.40019944 -2.28937722 -1.42249363 -2.89578012
  1.56278129  1.8185792   1.62848774  1.04958226  1.42764655 -2.32600718
 -2.68445484  1.70358299  1.01134026 -0.40427287 -2.60951973  1.59061768
 -1.24864207 -2.49810489  0.0449644 ]
Thu Jun 13 21:12:21 2024,271,0.1267227992391992,[-2.86162475  2.23333995 -1.69324343  0.16537369  0.47095828 -3.16577541
  3.22631214  2.10401065  1.07020684 -0.97218015  0.5657656   1.3389257
  1.33806937 -1.87229536  0.81744364  2.91296852 -0.42955243 -0.42198412
 -1.91974497  0.75103952  1.63240356  2.87623054 -1.40252001 -0.39358858
 -2.22107871 -2.09536189  3.0890151   2.76878727 -0.75342839 -2.66299473
  1.55709218 -0.20328777 -2.41572435  1.90698512  1.09735376 -0.63530498
  1.13056826 -1.99312851 -0.24336686  2.28168614 -0.17528357  0.56601699
  2.42102553  0.58674808  2.64167789  2.83522481  2.75088083 -2.90934309
  0.2981287  -0.4236457   1.69247969  2.96661544 -0.40547421 -2.39408839
  2.71538782 -3.16952479  0.5931599  -0.72691883 -1.77673562  3.10220856
 -1.94390026 -1.65244411 -2.57499827  2.40220169 -2.19353047  1.9581206
  1.75539484  1.4570879   2.51553834  2.8984386   1.94476549  1.50557805
 -1.77840014 -2.37980593  1.19568813  0.55172855  1.60633855 -2.80736684
 -0.15635574  2.52293981 -1.16185164  1.19124849  1.23636044  0.66464644
 -0.98255513  1.1289206   0.8092452  -0.37828019  2.8084309  -2.14611261
  1.5820089  -0.62207726  0.99807448 -3.24813477 -2.22112737  0.32757619
 -1.11075803 -0.41763179  0.28963572  0.04512266 -1.78040124 -0.18032449
 -0.62840404  2.88216463 -1.10483799 -1.22567358 -1.08541764  1.29882382
  1.61690915 -0.87595472  2.12554527 -1.63781159 -0.25598653 -0.89474618
 -2.96744485  3.06947265 -1.77239655  3.0141598  -1.37764991 -2.47121792
  3.58610009 -1.12456379 -0.71336838 -2.95111185 -2.54051384  2.95234945
 -1.98197974 -1.6841983  -0.42929649  3.00128509  0.12673091  0.02359014
 -1.61172382 -0.12954712 -1.58393315 -3.07612058  2.92473113  1.18178531
 -0.32245591 -2.3267841   1.02053906 -1.18905109 -0.27049682 -2.15817909
 -1.91675586  1.77637152 -0.97656679  2.57813693 -0.47863278 -3.12575777
 -2.83313201  1.9371104  -3.06387351 -0.27359858 -1.0062683  -0.18149146
  2.368772    1.75137393 -0.18059435 -1.95323865 -3.00409786  0.13241619
 -0.82735605  1.47361903 -2.52321042  0.9334119  -0.13005309  0.14242738
  1.99217583  0.72273018  0.80936889 -1.23540396  1.61531214  2.5427392
  1.27448417  0.23808864 -1.03322232  2.61617452  0.83282951 -2.20240221
  0.04718259  1.74157437  1.03905697 -0.66172875 -2.32441604  2.40909035
  2.01840705  1.71121221  2.24653148  1.83181549 -2.0195466  -2.85423687
  0.59360577  1.37588124 -2.4134709  -1.32343644  2.40689204  1.3135184
  0.00436643 -1.71322335 -1.52024007  2.01164057  1.49311975 -0.8147051
 -0.11817981 -0.37690828 -0.19938877  2.44307756 -0.50232586 -0.64067702
  1.02865035 -2.29889057  0.9800052   2.58055915 -0.52566682  2.16394064
 -1.94379067 -0.92979994 -2.39993208 -2.28964458 -1.42222627 -2.89551276
  1.56304865  1.81831184  1.6287551   1.0493149   1.42737919 -2.32627454
 -2.6847222   1.70385035  1.0110729  -0.40454023 -2.60925237  1.59035032
 -1.24837471 -2.49783753  0.04523176]
Thu Jun 13 21:12:36 2024,272,0.1267201031218736,[-2.86192111  2.23363631 -1.69353978  0.16507733  0.47125464 -3.16607176
  3.2266085   2.10430701  1.06991048 -0.97188379  0.56606196  1.33922206
  1.33777301 -1.871999    0.81714728  2.91326488 -0.42984879 -0.42228048
 -1.92004133  0.75133588  1.63269992  2.8765269  -1.40281637 -0.39388494
 -2.22078235 -2.09506553  3.08871874  2.76849091 -0.75372475 -2.66269837
  1.55679583 -0.20299141 -2.41602071  1.90668876  1.09765012 -0.63560134
  1.1302719  -1.99342487 -0.2430705   2.2819825  -0.17557993  0.56631335
  2.42132189  0.58645172  2.64138153  2.83492845  2.75058447 -2.90963945
  0.29842506 -0.42394205  1.69218333  2.96691179 -0.40517785 -2.39438475
  2.71509146 -3.16922843  0.59345626 -0.72721519 -1.77703197  3.10191221
 -1.9436039  -1.65214775 -2.57529463  2.40249805 -2.19323411  1.95782424
  1.75509848  1.45679154  2.5158347   2.89873496  1.94506185  1.50528169
 -1.77810378 -2.37950957  1.19598448  0.55202491  1.6060422  -2.80707048
 -0.15605938  2.52323617 -1.16155528  1.19154485  1.2366568   0.66435008
 -0.98285149  1.12921696  0.80954156 -0.37798383  2.80813454 -2.14581625
  1.58171254 -0.62237361  0.99777812 -3.24783841 -2.22142373  0.32787255
 -1.11046167 -0.41733543  0.28993208  0.0448263  -1.78010488 -0.18062085
 -0.6287004   2.88186827 -1.10513435 -1.22537722 -1.08512128  1.29852746
  1.61661279 -0.87565836  2.12584163 -1.63751523 -0.25628289 -0.89444982
 -2.96714849  3.06917629 -1.7721002   3.01445616 -1.37794627 -2.47092156
  3.58580373 -1.12426743 -0.71307202 -2.9508155  -2.54021748  2.9520531
 -1.98168338 -1.68390194 -0.42959285  3.00098873  0.12643455  0.02329378
 -1.61202018 -0.12984348 -1.58363679 -3.07641694  2.92502749  1.18208167
 -0.32275226 -2.32708045  1.02083542 -1.18875473 -0.27079318 -2.15788273
 -1.9164595   1.77666788 -0.97627043  2.57784057 -0.47892914 -3.12546141
 -2.83283565  1.93740676 -3.06357715 -0.27330222 -1.00656466 -0.1811951
  2.36847564  1.75107757 -0.18029799 -1.95353501 -3.00439422  0.13271255
 -0.82705969  1.47391538 -2.52350678  0.93311554 -0.12975673  0.14213102
  1.99247219  0.72302654  0.80907253 -1.2351076   1.6156085   2.54244285
  1.27478052  0.23838499 -1.03292596  2.61647088  0.83312587 -2.20210585
  0.04688623  1.74127801  1.03876061 -0.66202511 -2.32411968  2.40879399
  2.01811069  1.71091585  2.24623512  1.83151913 -2.01984296 -2.85394051
  0.59330941  1.3761776  -2.41317454 -1.3237328   2.4071884   1.31381475
  0.00466279 -1.71351971 -1.51994371  2.01193693  1.49282339 -0.81440874
 -0.11847617 -0.37661192 -0.19968513  2.4427812  -0.5020295  -0.64038066
  1.02835399 -2.29918693  0.97970884  2.58026279 -0.52537046  2.164237
 -1.94349432 -0.9300963  -2.39963572 -2.28934822 -1.42252263 -2.89580912
  1.56334501  1.81801548  1.62845874  1.04961126  1.42708283 -2.3265709
 -2.68442584  1.70414671  1.01077654 -0.40483659 -2.60954873  1.59005396
 -1.24867107 -2.49813389  0.0449354 ]
Thu Jun 13 21:12:52 2024,273,0.12646495561341142,[-2.86404402  2.23151339 -1.6956627   0.16295441  0.47337755 -3.16819468
  3.22873142  2.10642993  1.0720334  -0.96976087  0.56818487  1.34134497
  1.33989592 -1.87412192  0.8192702   2.91538779 -0.43197171 -0.4244034
 -1.91791842  0.75345879  1.63057701  2.87864982 -1.40493929 -0.39176202
 -2.22290527 -2.09718844  3.09084165  2.76636799 -0.75584766 -2.66057546
  1.55891874 -0.2008685  -2.41814363  1.90456585  1.09977303 -0.63347842
  1.12814899 -1.99554779 -0.24519341  2.28410541 -0.17770284  0.56419044
  2.4234448   0.58432881  2.64350444  2.83280554  2.74846155 -2.91176237
  0.29630214 -0.42606497  1.69430625  2.96478888 -0.40305493 -2.39650766
  2.71721438 -3.17135135  0.59133335 -0.72509228 -1.77490906  3.10403512
 -1.94148099 -1.65427067 -2.57317171  2.40462096 -2.1911112   1.95994715
  1.7572214   1.45891445  2.51371178  2.90085788  1.94293893  1.50315877
 -1.77598086 -2.38163248  1.19386157  0.54990199  1.60816511 -2.80494757
 -0.1581823   2.52111325 -1.16367819  1.19366776  1.23453389  0.66222717
 -0.98072857  1.13133988  0.81166448 -0.37586092  2.80601163 -2.14793916
  1.57958962 -0.6202507   0.9956552  -3.24996132 -2.22354664  0.32999547
 -1.10833875 -0.41521251  0.28780916  0.04694922 -1.77798196 -0.18274376
 -0.62657748  2.87974536 -1.10301143 -1.2232543  -1.08299837  1.30065037
  1.61873571 -0.87353544  2.12371871 -1.63963814 -0.25415998 -0.8923269
 -2.96927141  3.06705337 -1.77422311  3.01233325 -1.37582335 -2.46879865
  3.58792665 -1.12639034 -0.71519493 -2.95293841 -2.5423404   2.94993018
 -1.97956047 -1.68177903 -0.42746994  3.00311164  0.12855746  0.02541669
 -1.61414309 -0.13196639 -1.5857597  -3.07429403  2.9271504   1.17995876
 -0.32062935 -2.32495754  1.0187125  -1.18663181 -0.26867026 -2.15575981
 -1.91433658  1.77454496 -0.97414751  2.57571765 -0.48105205 -3.12758433
 -2.83495856  1.93528385 -3.06570006 -0.27542514 -1.00868758 -0.17907219
  2.36635273  1.75320048 -0.1824209  -1.95565792 -3.0022713   0.13483547
 -0.82493678  1.4760383  -2.5256297   0.93099262 -0.12763381  0.14425394
  1.99034928  0.72514945  0.80694961 -1.23298469  1.61773142  2.54456576
  1.27690344  0.24050791 -1.03080305  2.61434797  0.83100296 -2.19998294
  0.04476331  1.7391551   1.03663769 -0.6599022  -2.32624259  2.41091691
  2.02023361  1.70879293  2.24835803  1.83364204 -2.02196587 -2.85606342
  0.5911865   1.37405468 -2.41529746 -1.32160989  2.40931132  1.31593767
  0.0067857  -1.71564262 -1.52206663  2.00981401  1.49494631 -0.81653165
 -0.12059908 -0.37448901 -0.20180805  2.44065829 -0.50415241 -0.64250357
  1.03047691 -2.29706401  0.98183176  2.57813988 -0.52324755  2.16211408
 -1.94561723 -0.93221921 -2.39751281 -2.29147113 -1.42039971 -2.89793204
  1.5612221   1.81589257  1.62633583  1.04748835  1.42495992 -2.32444799
 -2.68654876  1.7020238   1.00865362 -0.40271367 -2.61167165  1.58793105
 -1.25079399 -2.50025681  0.04705832]
Thu Jun 13 21:13:07 2024,274,0.1263597243868583,[-2.86174854  2.22921791 -1.69795818  0.16065893  0.47108207 -3.17049016
  3.2310269   2.10413444  1.07432888 -0.97205636  0.57048036  1.34364045
  1.33760044 -1.87182644  0.81697472  2.91768328 -0.43426719 -0.42669888
 -1.9202139   0.75116331  1.62828153  2.87635434 -1.40723477 -0.38946654
 -2.22520075 -2.09948392  3.08854617  2.76866347 -0.75814314 -2.66287094
  1.56121422 -0.19857302 -2.41584814  1.90686133  1.10206852 -0.63118294
  1.12585351 -1.99784327 -0.2474889   2.28180993 -0.17999832  0.56648592
  2.42574029  0.58662429  2.64120896  2.83051006  2.74616607 -2.90946689
  0.29859762 -0.42376949  1.69660173  2.9624934  -0.40075945 -2.39421218
  2.71950986 -3.16905587  0.59362883 -0.72738776 -1.77720454  3.1063306
 -1.94377647 -1.65197519 -2.57546719  2.40691645 -2.18881572  1.96224263
  1.75492591  1.46120993  2.5114163   2.90315336  1.94523441  1.50086329
 -1.77368538 -2.38392796  1.19156609  0.55219748  1.61046059 -2.80265209
 -0.16047778  2.51881777 -1.16138271  1.19596324  1.2322384   0.66452265
 -0.98302405  1.1290444   0.81395996 -0.3781564   2.80371615 -2.14564368
  1.57729414 -0.62254618  0.99335972 -3.2522568  -2.22584213  0.32769999
 -1.10604327 -0.417508    0.28551368  0.0492447  -1.77568648 -0.18503924
 -0.624282    2.88204084 -1.10071595 -1.22554979 -1.08070288  1.29835489
  1.62103119 -0.87123996  2.12142323 -1.63734266 -0.25186449 -0.89003142
 -2.97156689  3.06934886 -1.77192763  3.01462873 -1.37352787 -2.46650317
  3.59022213 -1.12409486 -0.71289945 -2.95064293 -2.54004491  2.9476347
 -1.98185595 -1.68407451 -0.42517446  3.00540712  0.12626198  0.02312121
 -1.61184761 -0.12967091 -1.58346422 -3.07658951  2.92485492  1.18225424
 -0.32292483 -2.32266206  1.01641702 -1.1889273  -0.27096575 -2.15346433
 -1.91663206  1.77224948 -0.97185203  2.57801313 -0.47875657 -3.12528885
 -2.83725404  1.93298836 -3.06799554 -0.27312966 -1.0063921  -0.1767767
  2.36405724  1.750905   -0.18012542 -1.95336244 -2.99997582  0.13253998
 -0.82264129  1.47833378 -2.52333422  0.93328811 -0.1299293   0.14195845
  1.99264476  0.72744493  0.80465413 -1.23068921  1.61543594  2.54686124
  1.27919892  0.23821243 -1.03309853  2.61664345  0.82870747 -2.20227842
  0.04246783  1.74145058  1.03893318 -0.65760671 -2.32853807  2.40862142
  2.02252909  1.70649745  2.25065351  1.83134656 -2.01967039 -2.85376794
  0.58889101  1.3717592  -2.41300198 -1.32390537  2.40701583  1.31823315
  0.00449022 -1.7179381  -1.51977115  2.0121095   1.49724179 -0.81423617
 -0.1183036  -0.37678449 -0.20410353  2.4383628  -0.50185693 -0.64020809
  1.03277239 -2.29935949  0.98412724  2.58043536 -0.52554303  2.16440957
 -1.94332175 -0.92992373 -2.39521732 -2.29376662 -1.41810423 -2.90022752
  1.55892661  1.81818805  1.62863131  1.04519286  1.42266443 -2.32674347
 -2.68884424  1.69972831  1.00635814 -0.40500915 -2.60937617  1.58563557
 -1.24849851 -2.49796133  0.04476283]
Thu Jun 13 21:13:28 2024,275,0.12555485159820634,[-2.85650807  2.22397744 -1.69271771  0.1658994   0.47632254 -3.17573063
  3.23626737  2.09889397  1.06908841 -0.96681589  0.57572083  1.33839998
  1.34284091 -1.87706691  0.81173425  2.9124428  -0.42902672 -0.42145841
 -1.91497343  0.74592284  1.633522    2.87111387 -1.41247524 -0.39470701
 -2.21996028 -2.09424345  3.0833057   2.77390395 -0.75290267 -2.65763047
  1.55597375 -0.19333254 -2.41060767  1.90162086  1.09682805 -0.63642341
  1.12061304 -1.9926028  -0.25272937  2.27656946 -0.1852388   0.57172639
  2.43098076  0.58138382  2.63596849  2.83575053  2.75140654 -2.91470736
  0.30383809 -0.41852902  1.7018422   2.95725293 -0.40599992 -2.39945265
  2.71426939 -3.16381539  0.5988693  -0.72214729 -1.77196407  3.11157107
 -1.938536   -1.65721566 -2.58070766  2.40167598 -2.18357525  1.95700216
  1.76016639  1.4664504   2.50617583  2.90839383  1.95047488  1.49562282
 -1.76844491 -2.38916843  1.18632562  0.55743795  1.61570106 -2.80789256
 -0.15523731  2.5135773  -1.15614224  1.20120372  1.23747887  0.66976312
 -0.97778358  1.13428487  0.80871949 -0.38339687  2.80895662 -2.14040321
  1.58253461 -0.62778665  0.99860019 -3.25749727 -2.22060166  0.32245952
 -1.1008028  -0.41226752  0.28027321  0.04400423 -1.78092695 -0.17979877
 -0.62952247  2.87680037 -1.09547548 -1.22030932 -1.07546241  1.30359536
  1.61579072 -0.87648043  2.11618276 -1.63210219 -0.25710496 -0.89527189
 -2.97680736  3.07458933 -1.76668716  3.00938826 -1.37876834 -2.47174364
  3.5954626  -1.11885439 -0.70765898 -2.9558834  -2.54528538  2.95287517
 -1.97661548 -1.68931498 -0.41993399  3.01064759  0.13150245  0.02836168
 -1.60660714 -0.13491138 -1.58870469 -3.08182998  2.93009539  1.18749471
 -0.3281653  -2.31742159  1.02165749 -1.18368683 -0.26572528 -2.14822386
 -1.92187253  1.77748995 -0.9770925   2.57277266 -0.48399704 -3.12004838
 -2.84249451  1.93822883 -3.06275507 -0.26788919 -1.01163257 -0.17153623
  2.35881677  1.74566453 -0.17488495 -1.94812197 -2.99473535  0.13778045
 -0.81740082  1.48357425 -2.51809374  0.93852858 -0.12468883  0.13671798
  1.99788523  0.72220446  0.8098946  -1.22544874  1.61019546  2.54162077
  1.28443939  0.2434529  -1.02785806  2.61140298  0.823467   -2.19703795
  0.03722736  1.73621011  1.04417365 -0.66284718 -2.3232976   2.41386189
  2.02776956  1.70125698  2.24541304  1.82610609 -2.01442992 -2.85900841
  0.58365054  1.37699967 -2.40776151 -1.3186649   2.40177536  1.31299268
  0.00973069 -1.72317857 -1.51453068  2.00686903  1.49200132 -0.81947664
 -0.12354407 -0.37154402 -0.19886306  2.44360327 -0.49661646 -0.63496762
  1.03801286 -2.29411902  0.97888677  2.58567583 -0.52030256  2.1591691
 -1.94856222 -0.92468326 -2.38997685 -2.28852615 -1.41286376 -2.90546799
  1.56416709  1.81294758  1.62339084  1.05043334  1.4279049  -2.321503
 -2.69408471  1.70496878  1.00111767 -0.39976868 -2.6041357   1.59087604
 -1.24325803 -2.49272086  0.0500033 ]
Thu Jun 13 21:13:44 2024,276,0.12554970673743632,[-2.85562523  2.22486029 -1.69183487  0.16678225  0.47720538 -3.17484779
  3.23715021  2.09977682  1.06820556 -0.96593304  0.57483798  1.33751714
  1.34372375 -1.87794975  0.81261709  2.91155996 -0.42814387 -0.42234125
 -1.91409058  0.74680569  1.63440484  2.87199671 -1.41159239 -0.39558986
 -2.21907743 -2.09336061  3.08242286  2.7730211  -0.75378552 -2.65851331
  1.5568566  -0.1924497  -2.40972483  1.90073802  1.09771089 -0.63554056
  1.12149588 -1.99348564 -0.25361221  2.27568661 -0.18435595  0.57260923
  2.43009791  0.58050097  2.63685134  2.83663337  2.75228939 -2.9155902
  0.30472094 -0.41941186  1.70095936  2.95637008 -0.40688277 -2.39856981
  2.71338654 -3.16293255  0.59975214 -0.72303013 -1.77108123  3.11068823
 -1.93765315 -1.65633281 -2.58159051  2.40079313 -2.18445809  1.95611932
  1.75928354  1.46556756  2.50529299  2.90751098  1.95135773  1.49650566
 -1.76756207 -2.38828559  1.18544277  0.55832079  1.61658391 -2.80700971
 -0.15612015  2.51269445 -1.1552594   1.20208656  1.23836172  0.66888027
 -0.97866643  1.13340202  0.80783664 -0.38251402  2.80983946 -2.14128605
  1.58341746 -0.6286695   0.99948304 -3.25838012 -2.2214845   0.32334236
 -1.09991996 -0.41315037  0.28115605  0.04312138 -1.7818098  -0.17891593
 -0.62863963  2.87768322 -1.09459263 -1.22119216 -1.07457957  1.30271251
  1.61667356 -0.87559759  2.11529991 -1.63121934 -0.25622212 -0.89438905
 -2.97592452  3.07547217 -1.76580431  3.01027111 -1.37965119 -2.47086079
  3.59634545 -1.11797155 -0.70854183 -2.95500055 -2.54616823  2.95375801
 -1.97573264 -1.68843214 -0.42081683  3.01153044  0.13061961  0.02924453
 -1.60748999 -0.13579423 -1.58782185 -3.08094713  2.93097824  1.18837755
 -0.32904815 -2.31653874  1.02077465 -1.18456967 -0.26484243 -2.14734101
 -1.92275538  1.7766071  -0.97797535  2.57365551 -0.48311419 -3.12093122
 -2.84337736  1.93734599 -3.06363792 -0.26877203 -1.01251541 -0.17065339
  2.35793393  1.74478168 -0.1757678  -1.94900482 -2.99385251  0.13689761
 -0.81828367  1.48269141 -2.51897659  0.93941142 -0.12380598  0.13760083
  1.99700239  0.72308731  0.81077745 -1.22456589  1.60931262  2.54073793
  1.28355655  0.24257005 -1.0287409   2.61052014  0.82434985 -2.19615511
  0.03634452  1.73532727  1.04505649 -0.66373003 -2.32241476  2.41474474
  2.02688671  1.70213983  2.2445302   1.82698894 -2.01531277 -2.85812556
  0.5827677   1.37611683 -2.40864435 -1.31778205  2.40265821  1.31387553
  0.00884785 -1.72406142 -1.51364783  2.00598618  1.49111847 -0.81859379
 -0.12266123 -0.37242686 -0.19798021  2.44272043 -0.49573361 -0.63408477
  1.03713001 -2.29500187  0.97976961  2.58479299 -0.51941972  2.15828625
 -1.94767937 -0.92380041 -2.3908597  -2.2876433  -1.4137466  -2.90635084
  1.56504993  1.81383042  1.62250799  1.05131618  1.42702206 -2.32238584
 -2.69320186  1.70408594  1.00023482 -0.39888584 -2.60501854  1.58999319
 -1.24414088 -2.49183801  0.04912046]
Thu Jun 13 21:14:00 2024,277,0.12551945795514982,[-2.85678248  2.22601753 -1.69299211  0.1679395   0.47836263 -3.17369054
  3.23599296  2.10093407  1.06936281 -0.96477579  0.57368073  1.33635989
  1.34256651 -1.8767925   0.81377434  2.91271721 -0.42930112 -0.4234985
 -1.91293334  0.74564844  1.63556209  2.87315396 -1.41043515 -0.39443261
 -2.22023468 -2.09451786  3.08126561  2.77186385 -0.75494277 -2.65735606
  1.55569935 -0.19360695 -2.41088208  1.89958077  1.09886814 -0.63438332
  1.12265313 -1.99464289 -0.25245496  2.27684386 -0.1831987   0.57145198
  2.42894066  0.58165822  2.63569409  2.83779062  2.75113214 -2.91443295
  0.30356369 -0.41825461  1.7021166   2.95752733 -0.40572552 -2.39972705
  2.71454379 -3.1640898   0.59859489 -0.72187288 -1.77223847  3.10953098
 -1.9388104  -1.65749006 -2.58043326  2.39963588 -2.18561534  1.95496207
  1.76044079  1.46441031  2.50413574  2.90635373  1.95251498  1.49766291
 -1.76640482 -2.38944284  1.18660002  0.55716354  1.61542666 -2.80816696
 -0.1549629   2.51153721 -1.15641664  1.20092931  1.23720447  0.66772302
 -0.97750918  1.13455927  0.80899389 -0.38367127  2.80868221 -2.14012881
  1.58457471 -0.62982675  1.00064028 -3.25953737 -2.22264175  0.32449961
 -1.09876271 -0.41199312  0.2799988   0.04427863 -1.78065255 -0.18007318
 -0.62979687  2.87652597 -1.09574988 -1.22234941 -1.07573682  1.30386976
  1.61551631 -0.87444034  2.11645716 -1.63006209 -0.25506487 -0.8955463
 -2.97708177  3.07662942 -1.76464706  3.01142835 -1.38080844 -2.46970354
  3.5951882  -1.1168143  -0.70738458 -2.9561578  -2.54501098  2.95491526
 -1.97688988 -1.68727489 -0.42197408  3.01037319  0.12946236  0.02808728
 -1.60864724 -0.13695148 -1.5889791  -3.08210438  2.93213549  1.1895348
 -0.3278909  -2.31769599  1.0219319  -1.18341242 -0.26599968 -2.14618377
 -1.92391263  1.77544986 -0.9768181   2.57249826 -0.48195694 -3.12208847
 -2.84222011  1.93618874 -3.06248067 -0.26992928 -1.01367266 -0.17181064
  2.35677668  1.74593893 -0.17461055 -1.94784757 -2.99500975  0.13574036
 -0.81944092  1.48153416 -2.51781934  0.93825417 -0.12496323  0.13875808
  1.99815964  0.72424456  0.8096202  -1.22572314  1.61046987  2.54189518
  1.2823993   0.2414128  -1.02989815  2.60936289  0.8231926  -2.19731235
  0.03518727  1.73417002  1.04621374 -0.66488728 -2.32357201  2.41358749
  2.02804396  1.70329708  2.24337295  1.82583169 -2.01415552 -2.85928281
  0.58161045  1.37727407 -2.4098016  -1.3189393   2.40150096  1.31503277
  0.0076906  -1.72521867 -1.51480508  2.00714343  1.48996122 -0.81975104
 -0.12381848 -0.37126961 -0.19682296  2.44156318 -0.49689086 -0.63524202
  1.03828726 -2.29615912  0.98092686  2.58595024 -0.52057696  2.157129
 -1.94883662 -0.92264316 -2.39201695 -2.28880055 -1.41490385 -2.90519359
  1.56389268  1.81267318  1.62366524  1.05247343  1.42817931 -2.32354309
 -2.69204462  1.70292869  0.99907758 -0.40004309 -2.60386129  1.58883594
 -1.24529813 -2.49299526  0.05027771]
Thu Jun 13 21:14:18 2024,278,0.12550686513470088,[-2.85617198  2.22540704 -1.69360261  0.16854999  0.47775214 -3.17308004
  3.23538247  2.10154456  1.06875232 -0.9641653   0.57307024  1.33574939
  1.343177   -1.877403    0.81438484  2.91210671 -0.42869063 -0.42288801
 -1.91232284  0.74503794  1.6349516   2.87376445 -1.40982465 -0.3950431
 -2.22084518 -2.09512835  3.08065511  2.77125336 -0.75555326 -2.65674557
  1.55508885 -0.19421744 -2.41027158  1.89897027  1.09947863 -0.63499381
  1.12326363 -1.9940324  -0.25306546  2.27623337 -0.18258821  0.57084149
  2.42955116  0.58226872  2.63630458  2.83718013  2.75052165 -2.91504345
  0.30417418 -0.41764412  1.7027271   2.95813783 -0.40511502 -2.40033755
  2.7139333  -3.16470029  0.5979844  -0.72248338 -1.77284897  3.11014147
 -1.9394209  -1.65810056 -2.57982276  2.40024638 -2.18500485  1.95435157
  1.76105128  1.4650208   2.50352524  2.90574324  1.95312547  1.49827341
 -1.76701531 -2.39005333  1.18598953  0.55777404  1.61603715 -2.80755647
 -0.15435241  2.5121477  -1.15702714  1.20153981  1.23659398  0.66711253
 -0.97811967  1.13516977  0.80960439 -0.38428177  2.80807172 -2.13951831
  1.58396421 -0.62921625  1.00125078 -3.25892687 -2.22203126  0.3251101
 -1.0993732  -0.41260362  0.2806093   0.04488913 -1.78004205 -0.18068367
 -0.62918638  2.87713646 -1.09636038 -1.22173892 -1.07634731  1.30448026
  1.61490582 -0.87382984  2.11584667 -1.6294516  -0.25567536 -0.89615679
 -2.97647127  3.07723991 -1.76525756  3.01203885 -1.38141893 -2.46909305
  3.5945777  -1.11742479 -0.70799507 -2.95554731 -2.54562148  2.95430477
 -1.97750038 -1.68666439 -0.42258457  3.01098368  0.12885186  0.02869777
 -1.60803674 -0.13634098 -1.58958959 -3.08149389  2.93274598  1.1901453
 -0.3272804  -2.31830649  1.02254239 -1.18280193 -0.26538919 -2.14557327
 -1.92452312  1.77483936 -0.9762076   2.57310875 -0.48256744 -3.12147798
 -2.84160961  1.93679923 -3.06187018 -0.26931879 -1.01306217 -0.17120014
  2.35616618  1.74654943 -0.17400005 -1.94723707 -2.99562025  0.13512987
 -0.82005141  1.48214465 -2.51720885  0.93886467 -0.12435273  0.13814758
  1.99754914  0.72363406  0.8090097  -1.22633363  1.60985937  2.54128468
  1.28300979  0.24080231 -1.03050865  2.60997338  0.8225821  -2.19670186
  0.03579776  1.73355952  1.04560325 -0.66427678 -2.3241825   2.41419798
  2.02743347  1.70390757  2.24398344  1.82522119 -2.01476601 -2.85867232
  0.58222094  1.37788457 -2.40919111 -1.3195498   2.40211145  1.31564327
  0.00830109 -1.72460817 -1.51419459  2.00775392  1.48935073 -0.81914055
 -0.12442897 -0.37065912 -0.19621247  2.44217367 -0.49750136 -0.63585252
  1.03889776 -2.29676961  0.98031637  2.58656073 -0.51996647  2.15651851
 -1.94822613 -0.92325366 -2.39140645 -2.28819006 -1.41551435 -2.90458309
  1.56328219  1.81206268  1.62427573  1.05186294  1.42756881 -2.32415358
 -2.69143412  1.7023182   0.99968807 -0.39943259 -2.60447179  1.58944644
 -1.24590862 -2.49360575  0.04966721]
Thu Jun 13 21:14:45 2024,279,0.12528978629478002,[-2.85809325  2.22348578 -1.69168134  0.17047126  0.4796734  -3.17500131
  3.23730373  2.0996233   1.07067358 -0.96608656  0.5749915   1.33382813
  1.34125574 -1.87932426  0.8163061   2.91402798 -0.42676936 -0.42096674
 -1.91424411  0.74695921  1.63303033  2.87184319 -1.41174592 -0.39312184
 -2.21892391 -2.09704962  3.08257638  2.77317462 -0.75747452 -2.6548243
  1.55316759 -0.19229618 -2.40835032  1.90089154  1.09755737 -0.63691507
  1.12134236 -1.99595366 -0.25114419  2.2743121  -0.18450947  0.56892022
  2.42762989  0.58034745  2.63438332  2.83910139  2.75244291 -2.91696471
  0.30225292 -0.41956538  1.70080583  2.96005909 -0.40319376 -2.40225881
  2.71201203 -3.16662156  0.59606314 -0.72056211 -1.7709277   3.10822021
 -1.93749963 -1.65617929 -2.5779015   2.40216764 -2.18308358  1.95243031
  1.76297255  1.46309954  2.50160398  2.90382198  1.95120421  1.49635214
 -1.76893658 -2.38813207  1.18791079  0.55585277  1.61411589 -2.8056352
 -0.15627367  2.51022644 -1.1589484   1.20346107  1.23851524  0.66519127
 -0.97619841  1.13709103  0.81152565 -0.3823605   2.80615045 -2.13759705
  1.58588548 -0.63113752  1.00317204 -3.26084814 -2.22010999  0.32703137
 -1.10129447 -0.41452488  0.28253056  0.04681039 -1.77812079 -0.18260494
 -0.63110764  2.87905773 -1.09828164 -1.22366018 -1.07826858  1.30255899
  1.61682708 -0.87190858  2.1139254  -1.62753034 -0.25759663 -0.89807806
 -2.97455001  3.07916118 -1.76333629  3.01396011 -1.37949767 -2.46717179
  3.59265644 -1.11550353 -0.70607381 -2.95362604 -2.54754274  2.95622603
 -1.97557911 -1.68858566 -0.42066331  3.01290495  0.13077313  0.02677651
 -1.60995801 -0.13826225 -1.58766833 -3.07957262  2.93466725  1.19206656
 -0.32920167 -2.32022775  1.02062113 -1.18088066 -0.26346792 -2.14365201
 -1.92260186  1.7729181  -0.97812887  2.57118749 -0.48064617 -3.12339924
 -2.84353088  1.9387205  -3.06379144 -0.26739752 -1.01498343 -0.16927888
  2.35808745  1.74847069 -0.17592132 -1.94531581 -2.99754151  0.1332086
 -0.81813015  1.48022339 -2.51528758  0.9369434  -0.126274    0.14006885
  1.99947041  0.7217128   0.80708844 -1.2282549   1.61178064  2.54320595
  1.28108853  0.23888105 -1.02858738  2.60805212  0.82450337 -2.19862313
  0.0338765   1.73163826  1.04752451 -0.66235552 -2.32610377  2.41611925
  2.02935473  1.70582884  2.24206218  1.82714246 -2.01284475 -2.85675105
  0.58414221  1.37980583 -2.41111237 -1.31762853  2.40403272  1.31756453
  0.00637983 -1.72652944 -1.51611585  2.00967519  1.48742947 -0.81721928
 -0.12635024 -0.37258038 -0.19813373  2.44025241 -0.49942262 -0.63777378
  1.03697649 -2.29484835  0.9783951   2.58463947 -0.52188773  2.15459724
 -1.95014739 -0.92133239 -2.39332772 -2.29011132 -1.41743561 -2.90650436
  1.56520345  1.81014142  1.626197    1.0537842   1.42564755 -2.32607485
 -2.68951286  1.70423946  1.00160933 -0.40135386 -2.60639305  1.5913677
 -1.24398736 -2.49168449  0.05158848]
Thu Jun 13 21:15:00 2024,280,0.12522341449914712,[-2.86018543  2.22557796 -1.68958916  0.16837907  0.48176559 -3.17709349
  3.23521155  2.09753111  1.07276577 -0.96399438  0.57708369  1.33173595
  1.33916355 -1.87723208  0.81839829  2.91193579 -0.42886155 -0.41887456
 -1.91215192  0.74905139  1.63093815  2.869751   -1.4138381  -0.39102965
 -2.2210161  -2.0991418   3.08048419  2.77526681 -0.75538234 -2.65273212
  1.5510754  -0.19438836 -2.4104425   1.89879935  1.09546518 -0.63482289
  1.11925018 -1.99386148 -0.24905201  2.27221992 -0.18660166  0.57101241
  2.42972208  0.57825527  2.63229113  2.83700921  2.75035073 -2.91487253
  0.3043451  -0.4174732   1.69871365  2.96215128 -0.40110157 -2.404351
  2.70991985 -3.16452937  0.59397095 -0.7226543  -1.76883552  3.11031239
 -1.93540745 -1.65827148 -2.57999369  2.40425982 -2.1809914   1.95452249
  1.76088036  1.46100735  2.49951179  2.90591416  1.95329639  1.49425996
 -1.77102876 -2.39022425  1.19000298  0.55794496  1.6120237  -2.80772739
 -0.15418149  2.51231862 -1.15685622  1.20555326  1.24060743  0.66728345
 -0.97829059  1.13499885  0.81361784 -0.38026832  2.80824264 -2.13550486
  1.58797766 -0.62904533  1.00107986 -3.25875595 -2.21801781  0.32493918
 -1.09920228 -0.41661706  0.28043838  0.04471821 -1.78021297 -0.18051275
 -0.63319983  2.87696554 -1.10037383 -1.22575237 -1.07617639  1.30046681
  1.61891927 -0.86981639  2.11183322 -1.62962252 -0.25550444 -0.89598587
 -2.97664219  3.07706899 -1.76124411  3.0160523  -1.38158985 -2.46926397
  3.59474862 -1.11759571 -0.70398162 -2.95153386 -2.54963492  2.95413385
 -1.9776713  -1.68649347 -0.42275549  3.01081276  0.13286531  0.02468432
 -1.61205019 -0.13617006 -1.58557614 -3.07748044  2.93257506  1.19415875
 -0.32710948 -2.31813557  1.01852894 -1.18297285 -0.26556011 -2.14155982
 -1.92469404  1.77082591 -0.97603668  2.5690953  -0.48273836 -3.12130705
 -2.84143869  1.93662831 -3.06588363 -0.26530534 -1.01289125 -0.17137106
  2.36017963  1.74637851 -0.1780135  -1.94322362 -2.99544933  0.13111642
 -0.82022233  1.4781312  -2.51737977  0.93485122 -0.12836618  0.14216103
  2.00156259  0.71962061  0.80499625 -1.23034708  1.60968845  2.54111376
  1.27899634  0.23678886 -1.0264952   2.6101443   0.82241118 -2.20071531
  0.03178431  1.73373044  1.0496167  -0.6644477  -2.32819595  2.41821143
  2.03144692  1.70792102  2.23996999  1.82505027 -2.01493693 -2.85884324
  0.58623439  1.37771365 -2.40902019 -1.31553635  2.40194053  1.31547235
  0.00428764 -1.72862162 -1.51820804  2.007583    1.48952165 -0.8151271
 -0.12844242 -0.37467257 -0.20022592  2.4423446  -0.49733044 -0.63986597
  1.03488431 -2.29275616  0.97630292  2.58254728 -0.52397992  2.15250506
 -1.95223958 -0.91924021 -2.39123553 -2.28801914 -1.41534343 -2.90859654
  1.56311127  1.80804923  1.62410481  1.05169201  1.42773973 -2.32816703
 -2.68742067  1.70214728  0.99951715 -0.40344604 -2.60430087  1.59345989
 -1.24607954 -2.4895923   0.05368066]
Thu Jun 13 21:15:48 2024,281,0.12501741156563223,[-2.85843698  2.22732641 -1.69133761  0.16663062  0.48351404 -3.17534504
  3.2334631   2.09578267  1.07451421 -0.96574282  0.57883213  1.33348439
  1.340912   -1.87548363  0.82014673  2.91018735 -0.43060999 -0.42062301
 -1.91040347  0.75079984  1.6291897   2.87149945 -1.41558655 -0.3927781
 -2.21926765 -2.10089025  3.07873574  2.77351836 -0.75363389 -2.65448057
  1.55282385 -0.19263992 -2.40869406  1.8970509   1.09371674 -0.63307444
  1.12099862 -1.99211303 -0.25080045  2.27396837 -0.1883501   0.57276086
  2.43147052  0.58000371  2.63403958  2.83875766  2.75209917 -2.91662097
  0.30259666 -0.41572475  1.7004621   2.96040283 -0.40285002 -2.40260255
  2.7116683  -3.16278093  0.5957194  -0.72090585 -1.76708707  3.10856395
 -1.933659   -1.65652303 -2.58174213  2.40600827 -2.17924295  1.95277405
  1.76262881  1.4627558   2.49776335  2.90766261  1.95154795  1.49251151
 -1.77277721 -2.38847581  1.18825453  0.5596934   1.61027526 -2.80597894
 -0.15243304  2.51057017 -1.15860467  1.2073017   1.24235587  0.665535
 -0.97654215  1.13674729  0.81536628 -0.38201677  2.80999109 -2.13725331
  1.58972611 -0.63079378  0.99933141 -3.2605044  -2.21626936  0.32319074
 -1.09745383 -0.41486862  0.28218683  0.04296976 -1.77846453 -0.1822612
 -0.63494828  2.87521709 -1.09862538 -1.22400392 -1.07792484  1.30221526
  1.62066772 -0.87156484  2.11358167 -1.63137097 -0.253756   -0.89423742
 -2.97489374  3.07532055 -1.75949566  3.01430385 -1.37984141 -2.46751552
  3.59649707 -1.11584727 -0.70573007 -2.95328231 -2.55138337  2.9558823
 -1.97592285 -1.68824192 -0.42450394  3.00906432  0.13111687  0.02643277
 -1.61030174 -0.13442161 -1.58732459 -3.07573199  2.93432351  1.1924103
 -0.32536104 -2.31638712  1.01678049 -1.18472129 -0.26381166 -2.13981137
 -1.92644249  1.77257436 -0.97778513  2.57084375 -0.48098991 -3.11955861
 -2.83969025  1.93837676 -3.06763207 -0.26355689 -1.01463969 -0.16962262
  2.35843119  1.74463006 -0.17976195 -1.94147518 -2.99370088  0.12936797
 -0.81847388  1.47987965 -2.51563132  0.93310277 -0.12661774  0.14041259
  2.00331104  0.71787217  0.8067447  -1.23209553  1.6114369   2.53936531
  1.2772479   0.23504041 -1.02824364  2.61189275  0.82415963 -2.19896686
  0.03003587  1.73547889  1.04786825 -0.66619615 -2.3264475   2.41995988
  2.02969847  1.70966947  2.23822155  1.82330182 -2.01668538 -2.86059169
  0.58798284  1.3759652  -2.41076863 -1.3172848   2.40368898  1.3172208
  0.00603609 -1.72687318 -1.51645959  2.00583456  1.4877732  -0.81687555
 -0.13019087 -0.37292412 -0.19847747  2.44059615 -0.49907888 -0.63811752
  1.03313586 -2.29450461  0.97805137  2.58079883 -0.52223147  2.15425351
 -1.95398803 -0.92098866 -2.38948709 -2.28627069 -1.41709188 -2.91034499
  1.56136282  1.80979768  1.62235637  1.04994357  1.42948818 -2.32641859
 -2.68567222  1.70039883  1.0012656  -0.40169759 -2.60255242  1.59520834
 -1.24782799 -2.48784386  0.05193222]
Thu Jun 13 21:16:04 2024,282,0.1249610637966188,[-2.85952131  2.22841073 -1.69242193  0.1655463   0.48242971 -3.17426072
  3.23454743  2.09686699  1.07342989 -0.96682715  0.57991646  1.33456872
  1.34199632 -1.87656796  0.81906241  2.91127167 -0.43169432 -0.41953868
 -1.9114878   0.75188417  1.62810537  2.87258378 -1.41667087 -0.39169377
 -2.21818332 -2.09980592  3.07765142  2.77243403 -0.75471822 -2.65556489
  1.55390818 -0.19155559 -2.40760973  1.89813523  1.09263241 -0.63199012
  1.1199143  -1.99319736 -0.25188478  2.27505269 -0.18726578  0.57167653
  2.43255485  0.57891939  2.63295525  2.83984198  2.7531835  -2.91553665
  0.30368098 -0.41680908  1.70154642  2.96148715 -0.4017657  -2.40151822
  2.71275262 -3.16386525  0.59680372 -0.71982153 -1.7681714   3.10747962
 -1.93257468 -1.65760735 -2.58282646  2.4070926  -2.18032728  1.95168972
  1.76371314  1.46167148  2.49667902  2.90874693  1.95263227  1.49142719
 -1.77386153 -2.38739148  1.18933885  0.56077773  1.61135958 -2.80706326
 -0.15134871  2.50948585 -1.15752034  1.20621738  1.2434402   0.66661933
 -0.97762647  1.13783162  0.81428196 -0.38093244  2.80890676 -2.13616898
  1.59081043 -0.62970945  1.00041574 -3.25942007 -2.21735368  0.32427506
 -1.09853816 -0.41378429  0.2811025   0.04188543 -1.7773802  -0.18334552
 -0.6360326   2.87413277 -1.09754105 -1.22291959 -1.07900916  1.30113093
  1.62175204 -0.87264917  2.11249734 -1.63245529 -0.25267167 -0.89532175
 -2.97380942  3.07640487 -1.75841134  3.01321953 -1.37875708 -2.46859985
  3.5975814  -1.11476294 -0.7068144  -2.95436663 -2.5524677   2.95696662
 -1.97483853 -1.68715759 -0.42558827  3.01014864  0.13220119  0.0275171
 -1.61138607 -0.13333729 -1.58624026 -3.07464767  2.93540783  1.19132597
 -0.32427671 -2.31747144  1.01569617 -1.18363697 -0.26489598 -2.13872705
 -1.92752682  1.77149003 -0.97886946  2.56975943 -0.47990559 -3.11847428
 -2.83860592  1.93946109 -3.06654775 -0.26464122 -1.01572402 -0.17070694
  2.35951551  1.74354573 -0.18084628 -1.94039085 -2.99478521  0.13045229
 -0.81738956  1.48096398 -2.51671565  0.93201844 -0.12770206  0.13932826
  2.00439536  0.71678784  0.80782903 -1.23101121  1.61035258  2.53828099
  1.27833222  0.23612474 -1.02715932  2.61297707  0.82524396 -2.19788254
  0.02895154  1.73439456  1.04895257 -0.66511183 -2.32536318  2.42104421
  2.0307828   1.71075379  2.23713722  1.8222175  -2.01776971 -2.86167601
  0.58689851  1.37704953 -2.40968431 -1.31836912  2.40477331  1.31613647
  0.00712041 -1.72578885 -1.51537526  2.00475023  1.48668888 -0.81795987
 -0.13127519 -0.37400845 -0.1995618   2.43951182 -0.50016321 -0.63920184
  1.03205153 -2.29342028  0.97913569  2.58188316 -0.5233158   2.15533783
 -1.9529037  -0.91990433 -2.39057141 -2.28735501 -1.4181762  -2.90926066
  1.56027849  1.80871335  1.62344069  1.05102789  1.42840386 -2.32750291
 -2.68675655  1.6993145   1.00234992 -0.40061327 -2.60363675  1.59412401
 -1.24674366 -2.48675953  0.05301654]
Thu Jun 13 21:16:38 2024,283,0.12427367106562907,[-2.85526046e+00  2.22414988e+00 -1.68816108e+00  1.61285447e-01
  4.86690561e-01 -3.16999987e+00  3.23028658e+00  2.09260614e+00
  1.07769074e+00 -9.71088000e-01  5.84177311e-01  1.33030787e+00
  1.33773547e+00 -1.88082881e+00  8.14801557e-01  2.91553252e+00
 -4.27433469e-01 -4.23799530e-01 -1.91574865e+00  7.56145016e-01
  1.62384452e+00  2.87684463e+00 -1.41241002e+00 -3.95954625e-01
 -2.21392247e+00 -2.10406677e+00  3.07339057e+00  2.77669488e+00
 -7.58979069e-01 -2.65130404e+00  1.55816903e+00 -1.87294740e-01
 -2.40334888e+00  1.89387438e+00  1.09689326e+00 -6.27729267e-01
  1.11565345e+00 -1.99745821e+00 -2.47623930e-01  2.27079184e+00
 -1.91526628e-01  5.67415681e-01  2.42829400e+00  5.83180239e-01
  2.62869440e+00  2.83558113e+00  2.75744435e+00 -2.91979750e+00
  2.99420133e-01 -4.12548226e-01  1.69728557e+00  2.96574800e+00
 -4.06026545e-01 -2.40577908e+00  2.70849177e+00 -3.15960440e+00
  5.92542873e-01 -7.15560676e-01 -1.76391055e+00  3.11174047e+00
 -1.93683553e+00 -1.66186820e+00 -2.58708731e+00  2.40283175e+00
 -2.17606643e+00  1.94742887e+00  1.75945229e+00  1.46593233e+00
  2.49241817e+00  2.91300778e+00  1.95689312e+00  1.48716634e+00
 -1.77812239e+00 -2.38313063e+00  1.18507800e+00  5.65038581e-01
  1.61562043e+00 -2.80280241e+00 -1.47087864e-01  2.51374670e+00
 -1.16178119e+00  1.21047823e+00  1.23917935e+00  6.70880180e-01
 -9.73365620e-01  1.13357077e+00  8.18542809e-01 -3.76671590e-01
  2.81316761e+00 -2.13190813e+00  1.59507128e+00 -6.25448603e-01
  9.96154887e-01 -3.25515922e+00 -2.22161453e+00  3.28535913e-01
 -1.09427731e+00 -4.09523441e-01  2.85363351e-01  3.76245843e-02
 -1.78164105e+00 -1.87606375e-01 -6.40293453e-01  2.87839362e+00
 -1.10180190e+00 -1.22718044e+00 -1.08327001e+00  1.29687008e+00
  1.61749119e+00 -8.68388317e-01  2.10823649e+00 -1.62819444e+00
 -2.56932522e-01 -8.99582599e-01 -2.97807027e+00  3.08066572e+00
 -1.76267219e+00  3.00895868e+00 -1.37449623e+00 -2.47286070e+00
  3.60184225e+00 -1.11902379e+00 -7.02553546e-01 -2.95010578e+00
 -2.54820685e+00  2.96122747e+00 -1.97909938e+00 -1.69141844e+00
 -4.29849118e-01  3.00588779e+00  1.27940341e-01  2.32562457e-02
 -1.61564692e+00 -1.29076438e-01 -1.58197941e+00 -3.07890852e+00
  2.93966868e+00  1.19558682e+00 -3.28537561e-01 -2.32173229e+00
  1.01143532e+00 -1.17937612e+00 -2.60635134e-01 -2.13446620e+00
 -1.92326596e+00  1.76722918e+00 -9.83130308e-01  2.57402028e+00
 -4.75644736e-01 -3.12273513e+00 -2.83434507e+00  1.94372194e+00
 -3.07080860e+00 -2.60380365e-01 -1.01998487e+00 -1.74967792e-01
  2.36377636e+00  1.74780658e+00 -1.85107126e-01 -1.93613000e+00
 -2.99052436e+00  1.26191444e-01 -8.13128709e-01  1.47670313e+00
 -2.51245479e+00  9.36279295e-01 -1.31962913e-01  1.43589110e-01
  2.00865621e+00  7.12526991e-01  8.03568177e-01 -1.23527206e+00
  1.60609173e+00  2.54254184e+00  1.28259307e+00  2.40385589e-01
 -1.02289847e+00  2.60871622e+00  8.20983107e-01 -2.20214339e+00
  3.32123901e-02  1.73865541e+00  1.05321342e+00 -6.60850976e-01
 -2.32962403e+00  2.41678336e+00  2.02652195e+00  1.71501464e+00
  2.24139807e+00  1.82647835e+00 -2.02203056e+00 -2.85741516e+00
  5.82637664e-01  1.37278868e+00 -2.40542346e+00 -1.31410827e+00
  2.40903416e+00  1.31187562e+00  2.85956395e-03 -1.73004970e+00
 -1.51111441e+00  2.00048938e+00  1.49094973e+00 -8.13699022e-01
 -1.35536044e-01 -3.78269297e-01 -2.03822647e-01  2.43525097e+00
 -4.95902359e-01 -6.43462695e-01  1.02779068e+00 -2.28915943e+00
  9.74874843e-01  2.58614401e+00 -5.27576648e-01  2.15107698e+00
 -1.95716455e+00 -9.24165182e-01 -2.39483226e+00 -2.29161586e+00
 -1.42243705e+00 -2.90499981e+00  1.56453934e+00  1.80445250e+00
  1.61917984e+00  1.05528874e+00  1.42414301e+00 -2.32324206e+00
 -2.69101740e+00  1.69505365e+00  1.00661077e+00 -4.04874119e-01
 -2.59937589e+00  1.58986316e+00 -1.25100452e+00 -2.48249868e+00
  5.72773920e-02]
Thu Jun 13 21:17:01 2024,284,0.12417887230645688,[-2.85670629e+00  2.22270406e+00 -1.68960691e+00  1.62731274e-01
  4.85244734e-01 -3.16855404e+00  3.23173240e+00  2.09405197e+00
  1.07913656e+00 -9.69642173e-01  5.85623138e-01  1.33175370e+00
  1.33628965e+00 -1.87938298e+00  8.13355730e-01  2.91697835e+00
 -4.28879296e-01 -4.22353703e-01 -1.91719448e+00  7.54699189e-01
  1.62529035e+00  2.87539880e+00 -1.41385585e+00 -3.94508798e-01
 -2.21536830e+00 -2.10262095e+00  3.07483640e+00  2.77814071e+00
 -7.57533242e-01 -2.64985822e+00  1.55961485e+00 -1.88740567e-01
 -2.40479471e+00  1.89532021e+00  1.09833909e+00 -6.29175093e-01
  1.11709927e+00 -1.99601238e+00 -2.46178103e-01  2.27223767e+00
 -1.92972455e-01  5.68861508e-01  2.42684817e+00  5.84626066e-01
  2.62724858e+00  2.83702696e+00  2.75599852e+00 -2.91835167e+00
  3.00865960e-01 -4.13994053e-01  1.69873140e+00  2.96719383e+00
 -4.04580718e-01 -2.40722490e+00  2.70704594e+00 -3.16105023e+00
  5.91097046e-01 -7.17006503e-01 -1.76246472e+00  3.11318630e+00
 -1.93828135e+00 -1.66331403e+00 -2.58853314e+00  2.40427757e+00
 -2.17462060e+00  1.94887470e+00  1.75800646e+00  1.46448650e+00
  2.49097234e+00  2.91156196e+00  1.95544730e+00  1.48572051e+00
 -1.77667656e+00 -2.38168480e+00  1.18652383e+00  5.63592754e-01
  1.61706626e+00 -2.80135659e+00 -1.45642037e-01  2.51519252e+00
 -1.16322702e+00  1.20903240e+00  1.23773352e+00  6.69434353e-01
 -9.74811447e-01  1.13212494e+00  8.17096982e-01 -3.75225763e-01
  2.81172178e+00 -2.13335396e+00  1.59651711e+00 -6.24002776e-01
  9.94709060e-01 -3.25660505e+00 -2.22306036e+00  3.29981740e-01
 -1.09572314e+00 -4.08077615e-01  2.83917524e-01  3.61787573e-02
 -1.78308688e+00 -1.89052202e-01 -6.41739280e-01  2.87694779e+00
 -1.10035608e+00 -1.22573462e+00 -1.08182419e+00  1.29542425e+00
  1.61604536e+00 -8.66942490e-01  2.10679066e+00 -1.62674862e+00
 -2.58378349e-01 -8.98136773e-01 -2.97662444e+00  3.08211155e+00
 -1.76411801e+00  3.01040450e+00 -1.37305040e+00 -2.47141487e+00
  3.60328807e+00 -1.12046962e+00 -7.03999373e-01 -2.94865995e+00
 -2.54965267e+00  2.96267330e+00 -1.97765355e+00 -1.69286427e+00
 -4.28403291e-01  3.00444197e+00  1.26494514e-01  2.18104188e-02
 -1.61709275e+00 -1.27630611e-01 -1.58342524e+00 -3.08035434e+00
  2.94111451e+00  1.19703265e+00 -3.27091734e-01 -2.32317812e+00
  1.00998949e+00 -1.18082195e+00 -2.59189307e-01 -2.13302037e+00
 -1.92182014e+00  1.76578336e+00 -9.81684481e-01  2.57257445e+00
 -4.74198909e-01 -3.12128931e+00 -2.83289924e+00  1.94516776e+00
 -3.06936277e+00 -2.58934538e-01 -1.02143070e+00 -1.76413619e-01
  2.36522219e+00  1.74925241e+00 -1.83661299e-01 -1.93757583e+00
 -2.99197018e+00  1.24745617e-01 -8.11682882e-01  1.47525730e+00
 -2.51390062e+00  9.34833468e-01 -1.30517086e-01  1.45034937e-01
  2.01010204e+00  7.11081164e-01  8.05014004e-01 -1.23671788e+00
  1.60753755e+00  2.54398766e+00  1.28403890e+00  2.41831416e-01
 -1.02434429e+00  2.61016205e+00  8.22428934e-01 -2.20358921e+00
  3.46582170e-02  1.74010124e+00  1.05465925e+00 -6.59405149e-01
 -2.33106986e+00  2.41822918e+00  2.02507612e+00  1.71356882e+00
  2.23995224e+00  1.82503252e+00 -2.02347638e+00 -2.85886099e+00
  5.81191837e-01  1.37423450e+00 -2.40397763e+00 -1.31555410e+00
  2.40758833e+00  1.31332145e+00  1.41373702e-03 -1.72860387e+00
 -1.51256024e+00  2.00193521e+00  1.49239555e+00 -8.12253195e-01
 -1.36981871e-01 -3.79715124e-01 -2.05268474e-01  2.43669680e+00
 -4.97348186e-01 -6.44908522e-01  1.02634486e+00 -2.29060526e+00
  9.73429016e-01  2.58758984e+00 -5.26130821e-01  2.15252281e+00
 -1.95861038e+00 -9.22719355e-01 -2.39627809e+00 -2.29306169e+00
 -1.42099122e+00 -2.90644564e+00  1.56598517e+00  1.80300668e+00
  1.62062567e+00  1.05384292e+00  1.42558883e+00 -2.32179624e+00
 -2.68957157e+00  1.69649948e+00  1.00805660e+00 -4.03428292e-01
 -2.60082172e+00  1.59130899e+00 -1.24955869e+00 -2.48394451e+00
  5.87232190e-02]
Thu Jun 13 21:17:18 2024,285,0.12333524031160574,[-2.85269012e+00  2.21868789e+00 -1.69362308e+00  1.58715105e-01
  4.81228565e-01 -3.16453787e+00  3.22771624e+00  2.09003580e+00
  1.07512040e+00 -9.65626004e-01  5.81606969e-01  1.33576986e+00
  1.33227348e+00 -1.88339915e+00  8.09339561e-01  2.92099452e+00
 -4.32895465e-01 -4.18337534e-01 -1.91317831e+00  7.50683020e-01
  1.62127418e+00  2.87138263e+00 -1.40983968e+00 -3.98524967e-01
 -2.21135213e+00 -2.10663711e+00  3.07885256e+00  2.77412454e+00
 -7.61549411e-01 -2.65387438e+00  1.55559869e+00 -1.84724398e-01
 -2.40881088e+00  1.89130404e+00  1.09432292e+00 -6.25158925e-01
  1.11308311e+00 -2.00002855e+00 -2.42161934e-01  2.27625384e+00
 -1.88956286e-01  5.64845339e-01  2.43086434e+00  5.80609897e-01
  2.63126475e+00  2.84104313e+00  2.76001469e+00 -2.92236784e+00
  3.04882128e-01 -4.18010222e-01  1.70274757e+00  2.96317766e+00
 -4.00564550e-01 -2.40320873e+00  2.70302978e+00 -3.15703406e+00
  5.95113215e-01 -7.12990334e-01 -1.75844855e+00  3.11720247e+00
 -1.93426518e+00 -1.65929786e+00 -2.58451697e+00  2.40829374e+00
 -2.17060443e+00  1.94485853e+00  1.75399029e+00  1.46850267e+00
  2.49498851e+00  2.90754579e+00  1.95143113e+00  1.48170434e+00
 -1.77266039e+00 -2.37766863e+00  1.19054000e+00  5.59576585e-01
  1.61305009e+00 -2.80537276e+00 -1.41625869e-01  2.51920869e+00
 -1.16724319e+00  1.20501623e+00  1.24174969e+00  6.65418184e-01
 -9.78827616e-01  1.12810877e+00  8.13080813e-01 -3.79241932e-01
  2.80770561e+00 -2.13737013e+00  1.59250094e+00 -6.19986607e-01
  9.98725229e-01 -3.25258888e+00 -2.21904419e+00  3.33997909e-01
 -1.09973930e+00 -4.12093783e-01  2.87933692e-01  4.01949262e-02
 -1.77907071e+00 -1.85036033e-01 -6.37723111e-01  2.88096396e+00
 -1.09633991e+00 -1.22171845e+00 -1.08584036e+00  1.29140808e+00
  1.62006153e+00 -8.70958659e-01  2.11080683e+00 -1.62273245e+00
 -2.62394517e-01 -8.94120604e-01 -2.98064061e+00  3.07809538e+00
 -1.76010184e+00  3.01442067e+00 -1.37706657e+00 -2.46739870e+00
  3.59927190e+00 -1.12448579e+00 -6.99983204e-01 -2.95267612e+00
 -2.55366884e+00  2.96668947e+00 -1.97363738e+00 -1.68884810e+00
 -4.32419460e-01  3.00845813e+00  1.22478346e-01  1.77942499e-02
 -1.62110892e+00 -1.23614442e-01 -1.57940907e+00 -3.08437051e+00
  2.94513068e+00  1.19301648e+00 -3.31107903e-01 -2.31916195e+00
  1.01400566e+00 -1.17680578e+00 -2.63205476e-01 -2.13703654e+00
 -1.92583631e+00  1.76979952e+00 -9.77668312e-01  2.57659062e+00
 -4.78215078e-01 -3.11727314e+00 -2.83691541e+00  1.94918393e+00
 -3.06534660e+00 -2.54918370e-01 -1.01741453e+00 -1.72397450e-01
  2.36120602e+00  1.74523624e+00 -1.87677468e-01 -1.93355966e+00
 -2.98795401e+00  1.28761786e-01 -8.07666713e-01  1.47927347e+00
 -2.51791679e+00  9.38849637e-01 -1.26500917e-01  1.49051106e-01
  2.00608587e+00  7.15097333e-01  8.00997835e-01 -1.24073405e+00
  1.60352138e+00  2.53997150e+00  1.28002273e+00  2.45847585e-01
 -1.02032813e+00  2.61417822e+00  8.18412765e-01 -2.20760538e+00
  3.86743859e-02  1.73608507e+00  1.05064308e+00 -6.63421318e-01
 -2.32705369e+00  2.41421301e+00  2.02909229e+00  1.70955265e+00
  2.23593607e+00  1.82101635e+00 -2.02749255e+00 -2.85484482e+00
  5.85208006e-01  1.37021834e+00 -2.40799380e+00 -1.31153793e+00
  2.41160450e+00  1.30930528e+00 -2.60243187e-03 -1.73262004e+00
 -1.51657641e+00  1.99791904e+00  1.48837939e+00 -8.08237026e-01
 -1.40998040e-01 -3.83731293e-01 -2.01252305e-01  2.44071297e+00
 -5.01364355e-01 -6.48924691e-01  1.03036103e+00 -2.29462143e+00
  9.77445185e-01  2.58357367e+00 -5.22114653e-01  2.14850664e+00
 -1.96262655e+00 -9.18703186e-01 -2.39226192e+00 -2.28904552e+00
 -1.41697506e+00 -2.90242947e+00  1.57000134e+00  1.80702285e+00
  1.62464184e+00  1.05785909e+00  1.42157266e+00 -2.32581240e+00
 -2.68555540e+00  1.69248331e+00  1.01207277e+00 -4.07444461e-01
 -2.60483789e+00  1.59532516e+00 -1.24554252e+00 -2.48796068e+00
  5.47070501e-02]
Thu Jun 13 21:17:54 2024,286,0.12281482653386586,[-2.85608249  2.21529552 -1.69023071  0.15532273  0.47783619 -3.16793024
  3.23110861  2.09342817  1.07172802 -0.96223363  0.58499934  1.33237749
  1.33566585 -1.88679152  0.80594719  2.92438689 -0.43628784 -0.42172991
 -1.91657068  0.75407539  1.61788181  2.874775   -1.41323205 -0.40191734
 -2.2147445  -2.10324474  3.08224494  2.77073217 -0.76494178 -2.65048201
  1.55899106 -0.18133203 -2.41220325  1.89469641  1.09771529 -0.62176655
  1.11647548 -2.00342092 -0.23876956  2.27964621 -0.19234866  0.56145297
  2.42747197  0.57721752  2.63465712  2.83765075  2.75662232 -2.91897547
  0.30148976 -0.41461785  1.6993552   2.96657003 -0.39717218 -2.39981636
  2.70642215 -3.15364169  0.59172084 -0.71638271 -1.75505618  3.11381009
 -1.93765756 -1.66269023 -2.58112459  2.40490137 -2.16721206  1.9482509
  1.75738266  1.4651103   2.49159614  2.90415342  1.94803875  1.47831197
 -1.76926802 -2.37427626  1.19393237  0.56296896  1.61644246 -2.80198038
 -0.1382335   2.52260107 -1.16385081  1.2084086   1.24514206  0.66202581
 -0.97543524  1.13150114  0.80968844 -0.37584956  2.81109799 -2.13397776
  1.59589331 -0.61659423  1.0021176  -3.25598125 -2.22243656  0.33060554
 -1.09634693 -0.41548616  0.28454132  0.0435873  -1.78246308 -0.1884284
 -0.63433074  2.87757159 -1.09294754 -1.21832607 -1.08923273  1.28801571
  1.61666916 -0.87435103  2.1141992  -1.61934008 -0.26578689 -0.89072823
 -2.98403298  3.08148775 -1.76349422  3.0110283  -1.38045894 -2.47079108
  3.60266428 -1.12787816 -0.70337558 -2.9560685  -2.55027647  2.97008184
 -1.97024501 -1.68545573 -0.42902709  3.01185051  0.11908597  0.01440188
 -1.62450129 -0.12700681 -1.58280144 -3.08776288  2.94173831  1.18962411
 -0.33450027 -2.31576958  1.01061329 -1.18019815 -0.26659785 -2.14042891
 -1.92922868  1.7731919  -0.97427594  2.57998299 -0.47482271 -3.11388076
 -2.83352304  1.95257631 -3.06873897 -0.251526   -1.0208069  -0.16900508
  2.35781365  1.74184387 -0.19106984 -1.93695203 -2.99134639  0.13215416
 -0.80427434  1.48266584 -2.52130916  0.94224201 -0.12310855  0.15244348
  2.0026935   0.71170496  0.80439021 -1.24412642  1.60691376  2.53657912
  1.27663036  0.24923996 -1.0237205   2.61078585  0.81502039 -2.21099776
  0.04206676  1.7326927   1.04725071 -0.66681369 -2.33044606  2.41760539
  2.03248466  1.71294502  2.23932845  1.82440873 -2.03088492 -2.85145245
  0.58181563  1.36682596 -2.41138617 -1.30814556  2.41499687  1.30591291
 -0.0059948  -1.72922767 -1.51996878  2.00131141  1.49177176 -0.80484465
 -0.14439041 -0.38712367 -0.20464468  2.4373206  -0.50475673 -0.65231706
  1.02696865 -2.2980138   0.97405281  2.58696604 -0.51872228  2.14511427
 -1.95923417 -0.91531081 -2.38886955 -2.28565315 -1.41358268 -2.90582184
  1.57339371  1.80363047  1.62803421  1.06125146  1.41818029 -2.32242003
 -2.68216303  1.68909094  1.0086804  -0.41083683 -2.60823026  1.59871753
 -1.24893489 -2.4845683   0.05131468]
Thu Jun 13 21:18:09 2024,287,0.12265287558588142,[-2.85433655  2.21354957 -1.68848476  0.15357679  0.47609025 -3.16967619
  3.23285455  2.09168223  1.06998208 -0.96397957  0.5832534   1.33063155
  1.33391991 -1.88853746  0.80769313  2.92264095 -0.43803378 -0.42347585
 -1.91831662  0.75582133  1.61613587  2.87302906 -1.41148611 -0.40366328
 -2.21299856 -2.1014988   3.08049899  2.77247811 -0.76668772 -2.65222795
  1.55724512 -0.17958608 -2.41045731  1.89644235  1.09946123 -0.62002061
  1.11472954 -2.00167498 -0.2405155   2.27790027 -0.19060272  0.55970703
  2.42572603  0.57896347  2.63640306  2.8393967   2.75836826 -2.92072141
  0.3032357  -0.41636379  1.69760925  2.96482409 -0.39891812 -2.4015623
  2.70816809 -3.15538763  0.59346678 -0.71812865 -1.75680212  3.11555604
 -1.93591161 -1.66094429 -2.57937865  2.40315543 -2.16546612  1.94999684
  1.7591286   1.46685624  2.4898502   2.90589936  1.94629281  1.48005791
 -1.77101396 -2.37253032  1.19567831  0.56122302  1.6181884  -2.80372633
 -0.13997944  2.52434701 -1.16559676  1.20666266  1.246888    0.66027987
 -0.97718119  1.1297552   0.8079425  -0.37410362  2.80935204 -2.1357237
  1.59414737 -0.61484829  1.00037166 -3.25423531 -2.22418251  0.33235148
 -1.09809287 -0.41374021  0.28628726  0.04533324 -1.78071714 -0.19017435
 -0.6325848   2.87931753 -1.09120159 -1.21658013 -1.09097867  1.28626977
  1.61492322 -0.87609697  2.11594515 -1.62108602 -0.26753283 -0.89247417
 -2.98228704  3.07974181 -1.76174827  3.01277424 -1.378713   -2.46904513
  3.60441022 -1.12613222 -0.70512152 -2.95781444 -2.55202241  2.9683359
 -1.96849907 -1.68720167 -0.43077303  3.01010456  0.12083192  0.01614782
 -1.62624723 -0.12875276 -1.58454738 -3.08950883  2.94348425  1.18787817
 -0.33624622 -2.31402364  1.01235923 -1.18194409 -0.26485191 -2.14217485
 -1.93097462  1.77144595 -0.97602188  2.58172893 -0.47656865 -3.11213482
 -2.8317771   1.95432225 -3.06699303 -0.25327194 -1.02255284 -0.17075102
  2.35955959  1.74009793 -0.1893239  -1.93520609 -2.99309233  0.13040822
 -0.80602028  1.4809199  -2.51956322  0.94398795 -0.12485449  0.15418942
  2.00094756  0.7134509   0.80613615 -1.24587236  1.6086597   2.53483318
  1.2783763   0.24749402 -1.02197456  2.61253179  0.81676633 -2.2127437
  0.04032082  1.73443864  1.04550477 -0.66855963 -2.32870012  2.41585945
  2.03073872  1.71119908  2.24107439  1.82615467 -2.02913898 -2.85319839
  0.58356158  1.3685719  -2.40964023 -1.3098915   2.41674281  1.30416696
 -0.00424886 -1.72748173 -1.52171472  1.99956547  1.49002582 -0.8065906
 -0.14613635 -0.38886961 -0.20289874  2.43557465 -0.50650267 -0.65057112
  1.02522271 -2.29975974  0.97230687  2.5852201  -0.51697634  2.14336833
 -1.95748823 -0.91705676 -2.39061549 -2.28390721 -1.41183674 -2.9040759
  1.57513965  1.80537641  1.62628827  1.0629974   1.41992623 -2.32416597
 -2.68390897  1.69083688  1.01042634 -0.41258277 -2.6099762   1.59697159
 -1.24718895 -2.48282236  0.04956874]
Thu Jun 13 21:18:28 2024,288,0.1221647019734671,[-2.85148205  2.21069507 -1.69133927  0.15643129  0.47894475 -3.16682169
  3.23000005  2.09453673  1.06712758 -0.96683407  0.5803989   1.32777705
  1.33677441 -1.88568296  0.81054763  2.91978645 -0.43517928 -0.42633035
 -1.92117112  0.75296683  1.61899037  2.87588356 -1.40863161 -0.40080878
 -2.21014406 -2.0986443   3.07764449  2.76962361 -0.76383322 -2.64937345
  1.55439061 -0.18244059 -2.4076028   1.89358785  1.10231573 -0.61716611
  1.11187503 -2.00452948 -0.24337     2.27504577 -0.19345722  0.55685252
  2.42858053  0.57610897  2.63925756  2.8422512   2.76122276 -2.92357591
  0.3060902  -0.41350929  1.70046376  2.96767859 -0.40177262 -2.3987078
  2.70531359 -3.15824213  0.59632129 -0.71527415 -1.75394762  3.11841054
 -1.93305711 -1.65808979 -2.57652415  2.40030093 -2.16261162  1.95285134
  1.7562741   1.46400174  2.4927047   2.90304486  1.94343831  1.48291241
 -1.77386846 -2.36967582  1.19282381  0.55836851  1.6210429  -2.80087182
 -0.13712494  2.52720151 -1.16845126  1.20951716  1.2440335   0.65742537
 -0.98003569  1.1269007   0.810797   -0.37124912  2.80649754 -2.1328692
  1.59700187 -0.61199379  1.00322616 -3.25708981 -2.22132801  0.33520598
 -1.09523837 -0.41659471  0.28343276  0.04818774 -1.78357164 -0.18731985
 -0.6354393   2.88217203 -1.0940561  -1.21943463 -1.09383317  1.28341527
  1.61777772 -0.87895147  2.11309064 -1.61823152 -0.26467833 -0.88961967
 -2.98514154  3.07688731 -1.75889377  3.00991974 -1.3815675  -2.46619063
  3.60726472 -1.12898672 -0.70797602 -2.96066894 -2.54916791  2.9711904
 -1.96564457 -1.69005617 -0.42791853  3.00725006  0.12368642  0.01900232
 -1.62910173 -0.12589825 -1.58740188 -3.09236333  2.94062975  1.18502367
 -0.33339172 -2.31687814  1.01521373 -1.18479859 -0.26770641 -2.13932035
 -1.93382912  1.77430046 -0.97316738  2.58458343 -0.47942315 -3.10928032
 -2.8346316   1.95717675 -3.06413853 -0.25612644 -1.02540734 -0.16789652
  2.35670509  1.74295243 -0.1864694  -1.93235159 -2.99023783  0.12755372
 -0.80887478  1.4837744  -2.52241772  0.94684245 -0.12199999  0.15133492
  2.00380206  0.7163054   0.80328165 -1.24301786  1.6115142   2.53197868
  1.2812308   0.25034852 -1.01912006  2.61538629  0.81962084 -2.2098892
  0.03746632  1.73729314  1.04835927 -0.67141413 -2.32584562  2.41871395
  2.02788422  1.70834458  2.23821989  1.82330017 -2.03199348 -2.85034389
  0.58641608  1.37142641 -2.41249473 -1.307037    2.41959731  1.30131246
 -0.00710336 -1.72462723 -1.51886022  1.99671097  1.49288032 -0.8037361
 -0.14899085 -0.38601511 -0.20004424  2.43842916 -0.50935717 -0.65342562
  1.02807721 -2.29690524  0.97516137  2.5880746  -0.51412184  2.14622283
 -1.96034273 -0.91420225 -2.38776099 -2.28105271 -1.40898224 -2.9069304
  1.57228515  1.80252191  1.62343377  1.0601429   1.41707173 -2.32702047
 -2.68676347  1.69369138  1.01328084 -0.40972827 -2.6071217   1.59982609
 -1.24433445 -2.48567686  0.04671424]
Thu Jun 13 21:18:45 2024,289,0.12190045773289156,[-2.84949268  2.20870571 -1.69332863  0.15842066  0.47695538 -3.16881105
  3.22801068  2.09254736  1.06513821 -0.96882344  0.58238827  1.32578768
  1.33478504 -1.88767233  0.812537    2.92177582 -0.43716865 -0.42831972
 -1.91918175  0.75097747  1.617001    2.87787293 -1.41062098 -0.39881941
 -2.20815469 -2.10063367  3.07963386  2.76763424 -0.76582259 -2.64738409
  1.55637998 -0.18045122 -2.40959217  1.89159848  1.1043051  -0.61915548
  1.1138644  -2.00254011 -0.24535937  2.27703513 -0.19544659  0.55884189
  2.4305699   0.5741196   2.64124693  2.84424056  2.76321213 -2.92556528
  0.30410083 -0.41549866  1.69847439  2.96966796 -0.40376199 -2.39671843
  2.70730296 -3.1602315   0.59433192 -0.71726351 -1.75593699  3.11642117
 -1.93106775 -1.66007916 -2.57851352  2.4022903  -2.16460098  1.95086198
  1.75826347  1.46201237  2.49071533  2.90503422  1.94542768  1.48092304
 -1.77187909 -2.37166519  1.19083445  0.55637915  1.62303227 -2.80286119
 -0.13513557  2.52919088 -1.16646189  1.20752779  1.24602287  0.655436
 -0.97804632  1.12491133  0.80880763 -0.37323848  2.80450818 -2.13087983
  1.59501251 -0.61000442  1.00123679 -3.25907918 -2.22331737  0.33719535
 -1.09722774 -0.41460535  0.28144339  0.05017711 -1.78158227 -0.18533048
 -0.63742867  2.8841614  -1.09206673 -1.221424   -1.0918438   1.28540464
  1.61976709 -0.87696211  2.11508001 -1.61624215 -0.26268896 -0.89160904
 -2.98315217  3.07887668 -1.76088314  3.01190911 -1.38355687 -2.46420127
  3.60925409 -1.12699735 -0.70598665 -2.95867957 -2.55115728  2.97317977
 -1.9636552  -1.6880668  -0.42592916  3.00923943  0.12169705  0.02099169
 -1.62711236 -0.12788762 -1.58541252 -3.09037396  2.93864038  1.18701304
 -0.33140235 -2.31488877  1.01322436 -1.18280922 -0.26969577 -2.14130972
 -1.93581849  1.77231109 -0.97117801  2.58259407 -0.48141252 -3.11126969
 -2.83264223  1.95916611 -3.0661279  -0.25811581 -1.02341797 -0.16590715
  2.35471572  1.7449418  -0.18845876 -1.93434096 -2.9922272   0.12556435
 -0.80688542  1.48178503 -2.52042835  0.94485308 -0.12001062  0.15332429
  2.00181269  0.71431604  0.80129228 -1.24500723  1.61350357  2.52998931
  1.28322017  0.25233788 -1.01713069  2.61339692  0.8216102  -2.21187856
  0.03547695  1.73928251  1.05034864 -0.66942476 -2.32385625  2.42070331
  2.02987359  1.70635521  2.24020925  1.8213108  -2.03000412 -2.85233326
  0.58840544  1.37341577 -2.4144841  -1.30902637  2.42158668  1.2993231
 -0.005114   -1.72263786 -1.51687085  1.9947216   1.49486968 -0.80174673
 -0.15098022 -0.38402574 -0.19805487  2.44041852 -0.5073678  -0.65143625
  1.02608785 -2.29491587  0.973172    2.59006397 -0.51213247  2.14423346
 -1.9623321  -0.91221289 -2.38975036 -2.27906334 -1.41097161 -2.90494103
  1.57029579  1.80451128  1.6214444   1.05815353  1.41508236 -2.32503111
 -2.68875284  1.69170201  1.01129147 -0.40773891 -2.60513234  1.59783672
 -1.24234508 -2.4836875   0.04472487]
Thu Jun 13 21:19:10 2024,290,0.12196184122910161,[-2.8503081   2.20952113 -1.69251321  0.15760524  0.47777081 -3.16962647
  3.22719526  2.09173194  1.06595363 -0.96800802  0.58320369  1.32497226
  1.33560046 -1.88685691  0.81335242  2.92259124 -0.43635322 -0.42750429
 -1.91836633  0.75016204  1.61618558  2.87868835 -1.4114364  -0.39800399
 -2.20897011 -2.09981825  3.08044928  2.76681882 -0.76500717 -2.64819951
  1.5571954  -0.1796358  -2.41040759  1.8924139   1.10512052 -0.61834006
  1.11467982 -2.00172469 -0.24454395  2.27785056 -0.19626201  0.55965731
  2.43138532  0.57330418  2.64206235  2.84505599  2.76239671 -2.92474986
  0.30491625 -0.41631408  1.69928981  2.97048338 -0.40294657 -2.39753386
  2.70648753 -3.16104692  0.59514734 -0.71807894 -1.75512157  3.11560575
 -1.93025232 -1.65926374 -2.57932894  2.40147488 -2.16378556  1.9516774
  1.75907889  1.46119695  2.48989991  2.9042188   1.9462431   1.48173846
 -1.77269451 -2.37084977  1.19164987  0.55719457  1.62384769 -2.80204577
 -0.13595099  2.52837545 -1.16727731  1.20671237  1.24683829  0.65462058
 -0.97886174  1.12572676  0.80962305 -0.37405391  2.80369276 -2.13169525
  1.59419708 -0.609189    1.00042137 -3.25826376 -2.22250195  0.33637993
 -1.09641232 -0.41378993  0.28062797  0.05099253 -1.78239769 -0.18451506
 -0.63824409  2.88334598 -1.09288215 -1.22223942 -1.09265922  1.28622006
  1.61895167 -0.87777753  2.11426459 -1.61705757 -0.26350438 -0.89242446
 -2.9839676   3.0796921  -1.76006772  3.01109369 -1.38274145 -2.46501669
  3.60843866 -1.12618193 -0.70517123 -2.95786415 -2.5519727   2.97399519
 -1.96283978 -1.68888223 -0.42511374  3.00842401  0.12251247  0.02180711
 -1.62792778 -0.12870304 -1.5845971  -3.09118938  2.93782496  1.18619761
 -0.33221777 -2.31407335  1.01403978 -1.18362464 -0.2705112  -2.1404943
 -1.93500307  1.77312651 -0.97036259  2.58340949 -0.48222794 -3.11045427
 -2.83345765  1.95835069 -3.06694332 -0.25730039 -1.02423339 -0.16672257
  2.35553114  1.74575722 -0.18764334 -1.93352554 -2.99141177  0.12637977
 -0.80606999  1.48096961 -2.52124378  0.9456685  -0.1191952   0.15413971
  2.00262811  0.71513146  0.80047686 -1.24582265  1.61431899  2.53080474
  1.28240475  0.25315331 -1.01794611  2.61421234  0.82242562 -2.21269398
  0.03629237  1.73846709  1.04953322 -0.66860934 -2.32304083  2.41988789
  2.02905816  1.70553979  2.24102468  1.82212622 -2.02918869 -2.85151784
  0.58922087  1.37260035 -2.41529952 -1.30821094  2.42077126  1.30013852
 -0.00592942 -1.72345328 -1.51768627  1.99553702  1.49405426 -0.80256215
 -0.15179564 -0.38321032 -0.19723945  2.44123394 -0.50655238 -0.65225168
  1.02527242 -2.2957313   0.97398743  2.59087939 -0.51294789  2.14341804
 -1.96151668 -0.91302831 -2.38893493 -2.27824792 -1.41178703 -2.90575646
  1.57111121  1.80369586  1.62225982  1.05733811  1.41426694 -2.32584653
 -2.68793742  1.69251743  1.01047605 -0.40692349 -2.60431691  1.5970213
 -1.2431605  -2.48287208  0.04554029]
Thu Jun 13 21:19:28 2024,291,0.12203438885221107,[-2.84843861  2.20765164 -1.69064372  0.15947473  0.4796403  -3.16775698
  3.22532577  2.09360143  1.06782313 -0.96613853  0.58507318  1.32310277
  1.33746995 -1.88498742  0.81522191  2.92072175 -0.43822272 -0.42937379
 -1.92023582  0.74829255  1.61431609  2.88055784 -1.41330589 -0.3961345
 -2.20710062 -2.10168774  3.08231877  2.76868831 -0.76313768 -2.650069
  1.55532591 -0.17776631 -2.4085381   1.89054441  1.10699001 -0.61647057
  1.11281033 -2.00359418 -0.24267446  2.27598106 -0.1981315   0.5615268
  2.42951583  0.57143469  2.64393184  2.84318649  2.7642662  -2.92661935
  0.30304676 -0.41444459  1.7011593   2.97235287 -0.40481606 -2.39566436
  2.70835703 -3.15917743  0.59701683 -0.71620944 -1.75325208  3.11747524
 -1.92838283 -1.65739425 -2.58119843  2.39960538 -2.16191607  1.95354689
  1.76094838  1.45932746  2.4917694   2.90234931  1.94811259  1.47986897
 -1.774564   -2.37271926  1.18978038  0.55906406  1.6219782  -2.80391526
 -0.1340815   2.52650596 -1.16540782  1.20858186  1.2449688   0.65275109
 -0.97699225  1.12385726  0.81149255 -0.37218442  2.80556225 -2.13356474
  1.59232759 -0.61105849  1.00229086 -3.26013325 -2.22437144  0.33824942
 -1.09454283 -0.41565942  0.28249746  0.04912304 -1.7805282  -0.18638455
 -0.6363746   2.88147649 -1.09101266 -1.22036993 -1.09078973  1.28435057
  1.62082116 -0.87590804  2.1123951  -1.61518808 -0.26163489 -0.89055497
 -2.9820981   3.07782261 -1.75819823  3.01296318 -1.38087196 -2.46688618
  3.60656917 -1.12805142 -0.70704072 -2.95599466 -2.55010321  2.97586468
 -1.96097029 -1.69075172 -0.42698323  3.00655452  0.12438196  0.01993762
 -1.62979727 -0.12683355 -1.5827276  -3.08931989  2.93969445  1.1880671
 -0.33034828 -2.31220386  1.01590927 -1.18549414 -0.2686417  -2.13862481
 -1.93687256  1.77125702 -0.97223208  2.58154    -0.48035845 -3.10858478
 -2.83158816  1.96022018 -3.06507383 -0.2554309  -1.02610289 -0.16859206
  2.35366165  1.74388773 -0.18951283 -1.93165604 -2.98954228  0.12451028
 -0.8042005   1.47910012 -2.52311327  0.947538   -0.11732571  0.1560092
  2.00075862  0.71326197  0.79860737 -1.24395316  1.6124495   2.53267423
  1.28053526  0.25128381 -1.01607662  2.61608183  0.82429512 -2.21456348
  0.03442288  1.7365976   1.05140271 -0.67047883 -2.32491032  2.42175738
  2.02718867  1.70740928  2.24289417  1.82399571 -2.0273192  -2.85338733
  0.58735137  1.37446984 -2.41343003 -1.30634145  2.41890177  1.29826903
 -0.00779891 -1.72158379 -1.51955577  1.99366753  1.49218477 -0.80069266
 -0.14992615 -0.38507981 -0.19536996  2.43936445 -0.50468289 -0.65412117
  1.02340293 -2.29760079  0.97585692  2.59274888 -0.51481738  2.14528753
 -1.96338617 -0.91115882 -2.39080443 -2.28011741 -1.40991754 -2.90762595
  1.56924172  1.80556535  1.62039033  1.0592076   1.41613643 -2.32771602
 -2.68980691  1.69064794  1.00860656 -0.40879298 -2.60618641  1.59889079
 -1.24502999 -2.48100258  0.04740978]
Thu Jun 13 21:19:45 2024,292,0.12191327787622368,[-2.84687383  2.20608686 -1.68907895  0.1610395   0.47807552 -3.16619221
  3.22376099  2.09516621  1.06625835 -0.9677033   0.5835084   1.32466754
  1.33590518 -1.88655219  0.81678669  2.92228652 -0.43978749 -0.43093856
 -1.9218006   0.74672778  1.61588086  2.87899307 -1.41174112 -0.39769927
 -2.2086654  -2.10012296  3.080754    2.77025309 -0.7615729  -2.65163377
  1.55376114 -0.17933108 -2.41010288  1.88897964  1.10542524 -0.61490579
  1.11437511 -2.00515896 -0.24110968  2.27754584 -0.19969627  0.56309158
  2.4310806   0.57299946  2.64236707  2.84162172  2.76583097 -2.92505457
  0.30461154 -0.41600936  1.70272407  2.97391765 -0.40325128 -2.39722914
  2.7099218  -3.15761265  0.59545206 -0.71777422 -1.7516873   3.11591046
 -1.92681806 -1.65895902 -2.57963366  2.40117016 -2.16348085  1.95198211
  1.75938361  1.46089223  2.49020463  2.90391409  1.94654782  1.48143375
 -1.77612878 -2.37115448  1.1882156   0.55749928  1.62354298 -2.80548004
 -0.13564627  2.52807074 -1.16697259  1.20701709  1.24340403  0.65118632
 -0.97542747  1.12229249  0.81305732 -0.37061964  2.80399747 -2.13512952
  1.59389237 -0.61262327  1.00072609 -3.25856848 -2.22280667  0.33981419
 -1.0961076  -0.41722419  0.28406224  0.04755826 -1.77896343 -0.18794932
 -0.63480982  2.88304126 -1.08944788 -1.22193471 -1.08922496  1.28278579
  1.62238593 -0.87434326  2.11395987 -1.61675285 -0.26319967 -0.8889902
 -2.98053333  3.07625783 -1.759763    3.01452795 -1.37930718 -2.4653214
  3.60813395 -1.12961619 -0.70547595 -2.95755943 -2.55166798  2.9742999
 -1.96253506 -1.68918694 -0.42854801  3.00498974  0.12594674  0.01837284
 -1.63136205 -0.12839833 -1.58429238 -3.09088466  2.93812968  1.18650233
 -0.33191305 -2.31063909  1.0143445  -1.18705891 -0.26707693 -2.13706003
 -1.93843733  1.77282179 -0.97379686  2.57997522 -0.47879367 -3.10702
 -2.83002339  1.95865541 -3.06350905 -0.25386612 -1.02766766 -0.16702729
  2.35209688  1.7454525  -0.19107761 -1.93322082 -2.99110706  0.12607505
 -0.80576528  1.47753534 -2.52154849  0.94910277 -0.11889048  0.15757397
  1.99919385  0.71169719  0.80017214 -1.24551794  1.61401427  2.53110945
  1.27897048  0.24971904 -1.01764139  2.61451706  0.82585989 -2.21612825
  0.03598765  1.73503282  1.05296748 -0.66891406 -2.32334554  2.42332216
  2.0256239   1.70584451  2.24445894  1.82556048 -2.02575443 -2.8549521
  0.5857866   1.37603462 -2.4149948  -1.30790623  2.41733699  1.29670425
 -0.00936368 -1.72001902 -1.51799099  1.99210276  1.49062    -0.79912788
 -0.15149093 -0.38664458 -0.19380518  2.44092923 -0.50311811 -0.65255639
  1.02183816 -2.29603601  0.97429214  2.5911841  -0.51638216  2.1468523
 -1.9618214  -0.91272359 -2.3923692  -2.27855264 -1.41148231 -2.90606117
  1.57080649  1.80713013  1.62195511  1.06077238  1.41457166 -2.32615124
 -2.69137169  1.68908317  1.00704178 -0.4072282  -2.60462163  1.59732601
 -1.24659477 -2.48256736  0.04584501]
Thu Jun 13 21:20:07 2024,293,0.12157176861799694,[-2.84411125  2.20332427 -1.68631636  0.16380209  0.48083811 -3.1689548
  3.2209984   2.0979288   1.06349576 -0.97046589  0.58074581  1.32743013
  1.33866777 -1.8837896   0.8140241   2.92504911 -0.4370249  -0.42817597
 -1.91903801  0.74949037  1.61311827  2.87623048 -1.40897853 -0.39493669
 -2.20590281 -2.09736037  3.08351659  2.77301568 -0.76433549 -2.64887118
  1.55652373 -0.18209367 -2.41286547  1.89174223  1.10818783 -0.6121432
  1.1171377  -2.00792155 -0.2383471   2.27478325 -0.19693368  0.56585417
  2.43384319  0.57023687  2.64512965  2.84438431  2.76859356 -2.92229198
  0.30737413 -0.41877195  1.70548666  2.97115506 -0.40048869 -2.39999173
  2.70715921 -3.15485006  0.59268947 -0.71501163 -1.75444989  3.11314787
 -1.92405547 -1.65619643 -2.58239625  2.39840757 -2.16071826  1.94921952
  1.7621462   1.46365482  2.48744204  2.90667668  1.94378523  1.47867116
 -1.77336619 -2.36839189  1.19097819  0.5547367   1.62078039 -2.80271745
 -0.13840886  2.53083333 -1.16421     1.20977968  1.24064144  0.64842373
 -0.97266489  1.12505508  0.81581991 -0.37338223  2.80676006 -2.13236693
  1.59112978 -0.61538586  1.00348868 -3.25580589 -2.22556926  0.34257678
 -1.09887019 -0.41998678  0.28682483  0.05032085 -1.78172602 -0.18518673
 -0.63204723  2.88027867 -1.08668529 -1.21917212 -1.08646237  1.28554838
  1.61962334 -0.87158067  2.11672246 -1.61951544 -0.26596226 -0.89175278
 -2.98329592  3.07902042 -1.76252559  3.01729054 -1.38206977 -2.46255881
  3.61089654 -1.13237878 -0.70823853 -2.96032202 -2.55443057  2.97706249
 -1.96529765 -1.68642435 -0.4313106   3.00222716  0.12870932  0.02113543
 -1.63412464 -0.12563574 -1.58152979 -3.09364725  2.93536709  1.18373974
 -0.32915046 -2.31340167  1.01158191 -1.1898215  -0.26431434 -2.13429744
 -1.94119992  1.7700592  -0.97103427  2.57721263 -0.47603108 -3.10425741
 -2.83278598  1.961418   -3.06627164 -0.25110353 -1.03043025 -0.1642647
  2.35485947  1.74821509 -0.1938402  -1.93045823 -2.99386965  0.12883764
 -0.80852787  1.47477275 -2.5187859   0.95186536 -0.12165307  0.16033656
  1.99643126  0.7089346   0.79740955 -1.24828053  1.61125168  2.53387204
  1.27620789  0.24695645 -1.02040398  2.61175447  0.82862248 -2.21889084
  0.03875024  1.73227023  1.05573007 -0.66615147 -2.32610813  2.42608475
  2.02838649  1.70860709  2.24169635  1.82832307 -2.02299184 -2.85771469
  0.58302401  1.37327203 -2.41223221 -1.31066882  2.42009958  1.29394166
 -0.00660109 -1.71725643 -1.5152284   1.98934017  1.48785741 -0.80189047
 -0.14872834 -0.38940717 -0.19656777  2.44369182 -0.50035553 -0.6497938
  1.01907557 -2.29327342  0.97705473  2.58842151 -0.51914475  2.14961489
 -1.96458398 -0.909961   -2.38960661 -2.28131522 -1.40871972 -2.90329858
  1.57356908  1.80989272  1.61919252  1.06353496  1.41733425 -2.32338866
 -2.69413428  1.69184576  1.0042792  -0.40999079 -2.60185904  1.59456342
 -1.24935736 -2.48532995  0.04308242]
Thu Jun 13 21:20:22 2024,294,0.12157027167662982,[-2.84406813  2.20336738 -1.68627325  0.16375898  0.48088122 -3.16891169
  3.22095529  2.09797191  1.06345265 -0.970509    0.58078893  1.32738702
  1.33871088 -1.88383271  0.81406721  2.925006   -0.43698179 -0.42821908
 -1.91908112  0.74944726  1.61316139  2.87618737 -1.40902164 -0.3949798
 -2.20594592 -2.09740348  3.08347348  2.77305879 -0.76429238 -2.64882807
  1.55656684 -0.18213678 -2.41290858  1.89169912  1.10814472 -0.61210009
  1.11709459 -2.00796466 -0.23839021  2.27474014 -0.19697679  0.56589728
  2.43380008  0.57019376  2.64508654  2.8443412   2.76855045 -2.92233509
  0.30741724 -0.41881506  1.70552978  2.97119817 -0.40044558 -2.39994862
  2.7071161  -3.15480695  0.59264635 -0.71505474 -1.75440678  3.11319099
 -1.92401236 -1.65623954 -2.58235314  2.39845068 -2.16067514  1.94926263
  1.76210309  1.46361171  2.48748515  2.90671979  1.94374212  1.47871427
 -1.77332308 -2.36834878  1.19093508  0.55469358  1.62073728 -2.80267434
 -0.13845198  2.53087644 -1.16425312  1.20973657  1.24068455  0.64838062
 -0.972708    1.12501197  0.8157768  -0.37342534  2.80671695 -2.13232382
  1.59108667 -0.61542897  1.00344557 -3.255849   -2.22561237  0.34253367
 -1.0989133  -0.42002989  0.28686794  0.05027774 -1.78176913 -0.18514362
 -0.63200412  2.88032178 -1.08664218 -1.21921523 -1.08641926  1.28559149
  1.61966645 -0.87162378  2.11676557 -1.61947233 -0.26600537 -0.8917959
 -2.98333903  3.07897731 -1.76248248  3.01724743 -1.38211288 -2.46260193
  3.61093965 -1.13233567 -0.70819542 -2.96027891 -2.55438746  2.9771056
 -1.96525454 -1.68638124 -0.43126748  3.00227027  0.12866621  0.02117854
 -1.63408153 -0.12567885 -1.58148668 -3.09360414  2.93532398  1.18369663
 -0.32910735 -2.31344479  1.01162502 -1.18977839 -0.26427123 -2.13425433
 -1.94124303  1.77001609 -0.97107738  2.57725574 -0.47598797 -3.10430052
 -2.83274287  1.96146111 -3.06622853 -0.25114664 -1.03047336 -0.16422159
  2.35490258  1.7482582  -0.19388331 -1.93050134 -2.99382654  0.12879453
 -0.80857098  1.47472964 -2.51882901  0.95190847 -0.12169618  0.16037967
  1.99638815  0.70889149  0.79736644 -1.24832364  1.61120857  2.53391515
  1.276251    0.24691334 -1.02036087  2.61171136  0.82857937 -2.21884773
  0.03870713  1.73222712  1.05577318 -0.66610836 -2.32615124  2.42612786
  2.02834338  1.70856398  2.24173946  1.82836619 -2.02294873 -2.8577578
  0.5829809   1.37331514 -2.4121891  -1.31071193  2.42014269  1.29389855
 -0.00655798 -1.71721332 -1.51527151  1.98929706  1.48790052 -0.80184736
 -0.14868523 -0.38936406 -0.19661088  2.44364871 -0.50031241 -0.64983691
  1.01911868 -2.29331653  0.97709784  2.58846463 -0.51918786  2.14957178
 -1.96454087 -0.90991789 -2.3895635  -2.28127211 -1.40876284 -2.90334169
  1.57361219  1.8098496   1.6191494   1.06357808  1.41737736 -2.32334554
 -2.69417739  1.69180265  1.00432231 -0.40994768 -2.60181593  1.59460654
 -1.24931425 -2.48528684  0.04312553]
Thu Jun 13 21:20:37 2024,295,0.12141265772319736,[-2.84217387  2.20147312 -1.68437898  0.16186472  0.48277549 -3.17080595
  3.22284956  2.09986617  1.06155838 -0.97240327  0.58268319  1.32928129
  1.33681661 -1.88193845  0.81596147  2.92311173 -0.43508752 -0.43011335
 -1.92097539  0.75134152  1.61505565  2.8742931  -1.4109159  -0.39308553
 -2.20405165 -2.09550922  3.08157921  2.77495305 -0.76239812 -2.65072234
  1.5584611  -0.18024251 -2.41101431  1.88980485  1.11003898 -0.61399436
  1.11520032 -2.00985892 -0.24028447  2.2766344  -0.19887106  0.56779155
  2.43190581  0.56829949  2.64698081  2.84244693  2.77044472 -2.92044083
  0.3093115  -0.4169208   1.70363551  2.97309244 -0.40233985 -2.39805435
  2.70522183 -3.15291269  0.59075209 -0.71316047 -1.75251251  3.11129672
 -1.92590662 -1.65434528 -2.5842474   2.40034495 -2.16256941  1.9511569
  1.76020882  1.46550598  2.48559088  2.90861405  1.94184785  1.47682
 -1.77142881 -2.36645452  1.19282935  0.55658785  1.61884301 -2.8045686
 -0.13655771  2.5327707  -1.16614738  1.21163083  1.23879028  0.64648635
 -0.97081373  1.1231177   0.81388253 -0.37531961  2.80482268 -2.13042955
  1.59298093 -0.61732324  1.00533983 -3.25774326 -2.22750663  0.34442794
 -1.10080757 -0.42192416  0.2887622   0.05217201 -1.77987486 -0.18324936
 -0.63389839  2.88221605 -1.08474792 -1.22110949 -1.08831352  1.28369723
  1.62156072 -0.86972952  2.11487131 -1.6213666  -0.2641111  -0.88990163
 -2.9852333   3.08087158 -1.76058822  3.01535316 -1.38021862 -2.46070766
  3.60904538 -1.13422994 -0.71008969 -2.96217318 -2.55628173  2.97899987
 -1.96336027 -1.68448698 -0.43316175  3.00416453  0.12677195  0.01928428
 -1.63597579 -0.12757311 -1.57959241 -3.09549841  2.93721824  1.1855909
 -0.33100162 -2.31533905  1.00973075 -1.18788412 -0.2661655  -2.1361486
 -1.9431373   1.76812183 -0.96918311  2.57915001 -0.47788224 -3.10240626
 -2.8308486   1.96335538 -3.0681228  -0.25304091 -1.02857909 -0.16232732
  2.35679684  1.75015247 -0.19198904 -1.92860707 -2.9957208   0.1306888
 -0.80667671  1.47662391 -2.51693475  0.9500142  -0.11980192  0.16227394
  1.99828241  0.71078576  0.79547218 -1.2502179   1.6093143   2.53202089
  1.27435674  0.24880761 -1.02225514  2.60981709  0.83047363 -2.22074199
  0.03681287  1.73412139  1.05387892 -0.66800263 -2.32425698  2.42802212
  2.02644911  1.71045825  2.2398452   1.82647192 -2.02484299 -2.85586354
  0.58487517  1.37142087 -2.41029484 -1.30881766  2.42203696  1.29579282
 -0.00845225 -1.71531905 -1.51716578  1.98740279  1.48600625 -0.80374163
 -0.15057949 -0.39125833 -0.19471662  2.44175444 -0.49841815 -0.64794265
  1.01722441 -2.29142227  0.97899211  2.58657036 -0.51729359  2.15146605
 -1.96264661 -0.91181216 -2.38766923 -2.28316638 -1.40686857 -2.90523596
  1.57171792  1.80795534  1.61725514  1.06168381  1.41927163 -2.32523981
 -2.69607165  1.68990838  1.00621657 -0.41184195 -2.59992166  1.59271227
 -1.24741998 -2.48339257  0.04123126]
Thu Jun 13 21:21:06 2024,296,0.12139733305779685,[-2.84277592  2.20087107 -1.68498103  0.16246676  0.48217344 -3.171408
  3.22224751  2.09926413  1.06216043 -0.97180122  0.58208114  1.32988334
  1.33621457 -1.8813364   0.81535943  2.92250969 -0.43568957 -0.4295113
 -1.92037334  0.75073948  1.6144536   2.87369106 -1.41031386 -0.39368758
 -2.20344961 -2.09611127  3.08097716  2.77435101 -0.76300016 -2.65132438
  1.55906315 -0.18084456 -2.41161636  1.8892028   1.10943694 -0.6145964
  1.11580237 -2.01046097 -0.24088652  2.27723645 -0.19947311  0.5671895
  2.43250786  0.56890154  2.64758286  2.84304898  2.76984267 -2.92104288
  0.30870946 -0.41631875  1.70423756  2.97369448 -0.4017378  -2.3974523
  2.70461979 -3.15351473  0.59135414 -0.71255843 -1.75311456  3.11189877
 -1.92650867 -1.65494732 -2.58364535  2.3997429  -2.16317146  1.95175895
  1.76081087  1.46610802  2.48498884  2.9092161   1.9412458   1.47742205
 -1.77082677 -2.36585247  1.19343139  0.5559858   1.61944506 -2.80396656
 -0.13595566  2.53337275 -1.16674943  1.21102879  1.23818824  0.6470884
 -0.97021168  1.12251566  0.81448458 -0.37592165  2.80422064 -2.1298275
  1.59358298 -0.61792528  1.00594188 -3.25834531 -2.22690459  0.34502998
 -1.10140962 -0.42132211  0.28936425  0.05156996 -1.78047691 -0.1838514
 -0.63329634  2.8828181  -1.08414587 -1.22050745 -1.08771148  1.28429927
  1.62095867 -0.86912747  2.11426926 -1.62076455 -0.26471315 -0.89050368
 -2.98463125  3.08147363 -1.75998617  3.01475112 -1.37961657 -2.46130971
  3.60964743 -1.13483198 -0.71069174 -2.96277522 -2.55567968  2.97960192
 -1.96275823 -1.68508902 -0.4337638   3.00476658  0.12737399  0.01988632
 -1.63657784 -0.12697107 -1.58019446 -3.09610046  2.93782029  1.18619294
 -0.33039957 -2.3159411   1.0103328  -1.18848617 -0.26676754 -2.13554655
 -1.94253525  1.76751978 -0.96978516  2.57854796 -0.47728019 -3.10180421
 -2.83024655  1.96275333 -3.06752075 -0.25243886 -1.02918114 -0.16292937
  2.35739889  1.74955042 -0.191387   -1.92920912 -2.99511875  0.13129084
 -0.80607467  1.47722596 -2.51753679  0.94941216 -0.11919987  0.16287599
  1.99888446  0.7113878   0.79607422 -1.25081995  1.60991635  2.53262293
  1.27495878  0.24820556 -1.02165309  2.60921505  0.82987159 -2.22134404
  0.03741491  1.73472344  1.05327687 -0.66740058 -2.32365493  2.42742008
  2.02584706  1.7110603   2.23924315  1.82707397 -2.02424095 -2.85646558
  0.58547721  1.37081883 -2.41089688 -1.30941971  2.42263901  1.29639486
 -0.00905429 -1.714717   -1.51776783  1.98680074  1.4866083  -0.80313958
 -0.14997745 -0.39186037 -0.19411457  2.44115239 -0.4990202  -0.64854469
  1.01782646 -2.29202431  0.97839006  2.58717241 -0.51669154  2.15206809
 -1.96324865 -0.91121011 -2.38827128 -2.28376843 -1.40747062 -2.90463391
  1.57111588  1.80735329  1.61665309  1.06108176  1.41866958 -2.32463776
 -2.6966737   1.69051043  1.00561453 -0.4112399  -2.59931962  1.59331432
 -1.24681793 -2.48279052  0.04183331]
Thu Jun 13 21:21:23 2024,297,0.12140941892907446,[-2.84354995  2.20009704 -1.684207    0.16324079  0.48139941 -3.17063397
  3.22302154  2.10003816  1.06293446 -0.97102719  0.58285518  1.3291093
  1.33544053 -1.88211043  0.81613346  2.92328372 -0.43491554 -0.42873727
 -1.91959931  0.74996544  1.61522764  2.87446509 -1.40953983 -0.39291355
 -2.20422364 -2.09533723  3.0817512   2.77512504 -0.76222613 -2.65055035
  1.55828912 -0.18007053 -2.41084233  1.88997683  1.11021097 -0.61382237
  1.11502834 -2.011235   -0.24166055  2.27646242 -0.20024714  0.56641547
  2.43328189  0.56812751  2.64680883  2.84382301  2.7706167  -2.92026884
  0.30948349 -0.41554472  1.70346353  2.97446851 -0.40096377 -2.39822634
  2.70384576 -3.15428876  0.5905801  -0.7117844  -1.75388859  3.11112474
 -1.92573464 -1.65417329 -2.58287132  2.40051693 -2.16394549  1.95253298
  1.76003684  1.46533399  2.48421481  2.90844207  1.94201984  1.47664802
 -1.7716008  -2.3666265   1.19420542  0.55675983  1.62021909 -2.80474059
 -0.13672969  2.53259872 -1.16752346  1.21180282  1.23896227  0.64786243
 -0.96943765  1.12328969  0.81525861 -0.37669568  2.80344661 -2.13060153
  1.59280895 -0.61715125  1.00516785 -3.25911934 -2.22613056  0.34580401
 -1.10218365 -0.42054808  0.28859022  0.05234399 -1.77970288 -0.18307737
 -0.63407037  2.88359213 -1.0849199  -1.21973342 -1.08848551  1.28352524
  1.62018464 -0.8699015   2.11504329 -1.61999052 -0.26548718 -0.88972965
 -2.98540528  3.08224766 -1.7607602   3.01552515 -1.37884254 -2.46053568
  3.6088734  -1.13405795 -0.71146577 -2.96354925 -2.55645371  2.98037595
 -1.9619842  -1.68586305 -0.43453783  3.00554061  0.12814803  0.01911229
 -1.63580381 -0.1277451  -1.57942043 -3.09687449  2.93859432  1.18696697
 -0.3311736  -2.31671513  1.00955877 -1.18771214 -0.26599351 -2.13477252
 -1.94330928  1.76829381 -0.97055919  2.57777393 -0.47650616 -3.10103018
 -2.83102058  1.96352736 -3.06829478 -0.25166483 -1.02995517 -0.1637034
  2.35817292  1.74877639 -0.19216103 -1.92998315 -2.99434472  0.13051681
 -0.80530063  1.47645193 -2.51831083  0.95018619 -0.1199739   0.16210196
  1.99811043  0.71061377  0.79684825 -1.25159398  1.61069038  2.5318489
  1.27573281  0.24743153 -1.02242712  2.60844102  0.82909756 -2.22057001
  0.03818894  1.73549747  1.05250284 -0.66817461 -2.32442896  2.42819411
  2.02507303  1.71028627  2.24001718  1.827848   -2.02346692 -2.85723961
  0.58470318  1.3700448  -2.41167092 -1.31019374  2.42341304  1.2971689
 -0.00828026 -1.71394297 -1.51699379  1.98757477  1.48583427 -0.80391361
 -0.14920341 -0.39108634 -0.19334054  2.44037836 -0.49979423 -0.64931873
  1.01705243 -2.29125028  0.97761603  2.58639838 -0.51591751  2.15129406
 -1.96402269 -0.91198414 -2.38749725 -2.2829944  -1.40824465 -2.90385988
  1.57034185  1.80812732  1.61742712  1.06185579  1.41944361 -2.32541179
 -2.69744773  1.6897364   1.00638856 -0.41046587 -2.59854559  1.59408835
 -1.2460439  -2.48356456  0.04105928]
Thu Jun 13 21:21:40 2024,298,0.12136500035959474,[-2.84252504  2.19907213 -1.68318208  0.16221588  0.48242432 -3.17165888
  3.22404645  2.09901325  1.06395937 -0.97000228  0.58388009  1.33013422
  1.33441562 -1.88108552  0.81510855  2.92225881 -0.43389063 -0.42976218
 -1.92062422  0.74894053  1.61625255  2.87549    -1.40851491 -0.39393846
 -2.20524855 -2.09431232  3.08072628  2.77410013 -0.76120122 -2.65157527
  1.55726421 -0.17904562 -2.41186724  1.89100175  1.10918606 -0.61484728
  1.11400342 -2.01021009 -0.24268546  2.27748733 -0.19922223  0.56744038
  2.43225698  0.5671026   2.64578391  2.84484792  2.77164161 -2.91924393
  0.30845858 -0.41451981  1.70243861  2.97549342 -0.40198868 -2.39925125
  2.70487067 -3.15326385  0.59160502 -0.71075949 -1.75286368  3.11214965
 -1.92675955 -1.65314838 -2.58389623  2.39949202 -2.16292058  1.95355789
  1.76106175  1.46430908  2.48318989  2.90946698  1.94304475  1.47767293
 -1.77057589 -2.36765141  1.19318051  0.55573492  1.61919418 -2.8057655
 -0.13570478  2.53157381 -1.16649855  1.21282773  1.23998718  0.64683752
 -0.96841274  1.1243146   0.8142337  -0.37567077  2.80447152 -2.13162645
  1.59383386 -0.61817616  1.00414294 -3.25809443 -2.22510564  0.3447791
 -1.10320856 -0.41952317  0.28756531  0.05131908 -1.77867797 -0.18205246
 -0.63304546  2.88256722 -1.08594481 -1.2187085  -1.08951042  1.28250033
  1.62120955 -0.86887659  2.11401838 -1.61896561 -0.26446227 -0.89075456
 -2.98643019  3.08327257 -1.75973529  3.01655006 -1.37781763 -2.46156059
  3.60784849 -1.13303304 -0.71044086 -2.96457417 -2.5554288   2.97935104
 -1.96300911 -1.68688796 -0.43556274  3.0045157   0.12712311  0.01808738
 -1.63682872 -0.12877001 -1.57839552 -3.09584957  2.93756941  1.18594206
 -0.33014869 -2.31569022  1.00853386 -1.18668723 -0.26701842 -2.13374761
 -1.94433419  1.76931872 -0.9715841   2.57879884 -0.47753107 -3.10205509
 -2.82999567  1.96455227 -3.06726987 -0.25268974 -1.03098008 -0.16267849
  2.35714801  1.7498013  -0.19113612 -1.92895824 -2.99331981  0.1294919
 -0.80427572  1.47747684 -2.51933574  0.94916128 -0.12099881  0.16107704
  1.99708552  0.70958886  0.79582334 -1.25056907  1.61171529  2.53287381
  1.27675773  0.24845644 -1.02345203  2.60946593  0.82807265 -2.22159492
  0.03921385  1.73447256  1.05147793 -0.6671497  -2.32545387  2.4271692
  2.02609794  1.71131118  2.24104209  1.82887291 -2.022442   -2.85826452
  0.58572809  1.37106971 -2.41269583 -1.31121865  2.42238813  1.29819381
 -0.00930518 -1.71291806 -1.51596888  1.98654986  1.48685918 -0.80493852
 -0.15022833 -0.39006143 -0.19231563  2.44140327 -0.49876932 -0.64829381
  1.01807734 -2.29022537  0.97864094  2.58537346 -0.51694243  2.15026915
 -1.96299777 -0.91300905 -2.38647234 -2.28196948 -1.40926956 -2.90283497
  1.57136676  1.80915223  1.61640221  1.0628807   1.42046852 -2.32643671
 -2.69642282  1.68871149  1.00741347 -0.41149078 -2.59752068  1.59511326
 -1.24706881 -2.48458947  0.04003437]
Thu Jun 13 21:21:56 2024,299,0.12129524014984217,[-2.84169531  2.19990185 -1.68235236  0.16138616  0.48325404 -3.17082916
  3.22321673  2.09984297  1.06312965 -0.96917256  0.58470981  1.33096394
  1.33524535 -1.88191524  0.81593827  2.92308853 -0.43472035 -0.42893246
 -1.92145394  0.74977026  1.61542283  2.87466028 -1.40768519 -0.39310874
 -2.20441883 -2.0934826   3.07989656  2.77492985 -0.76203094 -2.65074554
  1.55643449 -0.1782159  -2.41103752  1.89017202  1.10835633 -0.61401756
  1.11483315 -2.01103981 -0.24351518  2.27831705 -0.20005195  0.56661066
  2.43142726  0.56627288  2.64495419  2.84567764  2.77247133 -2.92007365
  0.30762885 -0.41369009  1.70326834  2.97632315 -0.40115896 -2.40008097
  2.70570039 -3.15243413  0.59243474 -0.70992976 -1.75203396  3.11131993
 -1.92758927 -1.6539781  -2.58472596  2.3986623  -2.1637503   1.95272817
  1.76189147  1.4651388   2.48236017  2.9102967   1.94387447  1.47850265
 -1.76974616 -2.36848113  1.19401023  0.55656464  1.6200239  -2.80659522
 -0.1365345   2.53074409 -1.16566883  1.21199801  1.23915746  0.64766724
 -0.96758302  1.12348488  0.81506342 -0.37484105  2.8036418  -2.13079672
  1.59300414 -0.61734644  1.00497266 -3.25726471 -2.22427592  0.34394938
 -1.10237884 -0.41869345  0.28673559  0.05048936 -1.77950769 -0.18288218
 -0.63387518  2.88173749 -1.08511509 -1.21787878 -1.09034014  1.28333005
  1.62037983 -0.86970631  2.11318866 -1.61979533 -0.26363255 -0.89158428
 -2.98560047  3.08410229 -1.75890557  3.01572034 -1.37698791 -2.46073087
  3.60701877 -1.13386276 -0.70961113 -2.96374444 -2.55625852  2.97852132
 -1.96217939 -1.68605824 -0.43639246  3.00534542  0.12795284  0.01725766
 -1.635999   -0.12959973 -1.57922524 -3.09501985  2.93673969  1.18511234
 -0.33097841 -2.3148605   1.00770414 -1.18751695 -0.26784814 -2.13291789
 -1.94350447  1.77014844 -0.97075438  2.57962856 -0.47670135 -3.10122537
 -2.82916595  1.96538199 -3.06644015 -0.25186002 -1.03015036 -0.16184877
  2.35631829  1.74897158 -0.19196584 -1.92812852 -2.99249009  0.12866218
 -0.803446    1.47664712 -2.51850602  0.949991   -0.12182853  0.16190677
  1.9962558   0.71041858  0.79499362 -1.24973935  1.61088557  2.53204409
  1.275928    0.24928616 -1.02262231  2.60863621  0.82890237 -2.22242464
  0.03838413  1.73530228  1.05230765 -0.66797942 -2.32628359  2.42799892
  2.02526822  1.71048146  2.24187181  1.82804319 -2.02327173 -2.8574348
  0.58655781  1.37023999 -2.41186611 -1.31204837  2.42155841  1.29736409
 -0.00847545 -1.71208834 -1.5167986   1.98572014  1.48602946 -0.80576824
 -0.15105805 -0.38923171 -0.19314535  2.44057355 -0.49959904 -0.64912354
  1.01724762 -2.29105509  0.97947066  2.58454374 -0.5161127   2.15109887
 -1.96216805 -0.91383877 -2.38730206 -2.28113976 -1.41009928 -2.90200525
  1.57219648  1.80998196  1.61723193  1.06371043  1.42129824 -2.32726643
 -2.6955931   1.68788176  1.00824319 -0.4123205  -2.5983504   1.59594298
 -1.24789854 -2.48541919  0.04086409]
Thu Jun 13 21:22:13 2024,300,0.12129259123639564,[-2.84158562  2.19979216 -1.68246206  0.16149585  0.48336374 -3.17093885
  3.22310704  2.09995266  1.06301996 -0.96928225  0.5848195   1.33107363
  1.33535504 -1.88180555  0.81582857  2.92319822 -0.43483004 -0.42904215
 -1.92134425  0.74987995  1.61531313  2.87476997 -1.4075755  -0.39321843
 -2.20452852 -2.09337291  3.07978687  2.77482016 -0.76214064 -2.65085524
  1.5563248  -0.17810621 -2.41114721  1.89006233  1.10846603 -0.61390787
  1.11494284 -2.0111495  -0.24340549  2.27820736 -0.19994226  0.56672035
  2.43153695  0.56638257  2.6448445   2.84578734  2.77258103 -2.91996396
  0.30751916 -0.41379978  1.70315864  2.97621345 -0.40126865 -2.40019066
  2.70581008 -3.15232444  0.59232505 -0.70982007 -1.75192427  3.11121023
 -1.92747958 -1.65386841 -2.58461626  2.39877199 -2.16364061  1.95261848
  1.76178178  1.46502911  2.48246987  2.91018701  1.94398416  1.47839296
 -1.76963647 -2.36837144  1.19411993  0.55667434  1.62013359 -2.80670491
 -0.1366442   2.53063439 -1.16577852  1.21188832  1.23926715  0.64777693
 -0.96769271  1.12337518  0.81495373 -0.37495074  2.80375149 -2.13068703
  1.59289445 -0.61723675  1.00486297 -3.2573744  -2.22438562  0.34383969
 -1.10248853 -0.41858375  0.28684528  0.05059905 -1.77961738 -0.18277249
 -0.63376549  2.88184719 -1.08522478 -1.21798848 -1.09044983  1.28343975
  1.62048952 -0.869816    2.11307897 -1.61990502 -0.26374224 -0.89169397
 -2.98549078  3.08421198 -1.75901526  3.01583003 -1.37687821 -2.46062117
  3.60712846 -1.13375307 -0.70950144 -2.96363475 -2.55636822  2.97841162
 -1.96206969 -1.68594855 -0.43628277  3.00545511  0.12806253  0.01714797
 -1.63588931 -0.12970942 -1.57933493 -3.09512955  2.93662999  1.18500265
 -0.33086872 -2.3147508   1.00781383 -1.18762664 -0.26795784 -2.1328082
 -1.94339478  1.77003875 -0.97064469  2.57951887 -0.47681104 -3.10111568
 -2.82905626  1.9652723  -3.06654984 -0.25175033 -1.03004067 -0.16173908
  2.35642798  1.74886189 -0.19207553 -1.92823821 -2.99259978  0.12855249
 -0.80333631  1.47675681 -2.51839632  0.95010069 -0.12171884  0.16201646
  1.9961461   0.71052828  0.79510331 -1.24984904  1.61099526  2.53215378
  1.27581831  0.24939585 -1.022732    2.60852651  0.82901206 -2.22231495
  0.03827444  1.73541197  1.05241734 -0.66808911 -2.32639329  2.42788923
  2.02537792  1.71059115  2.24198151  1.82793349 -2.02316203 -2.8575445
  0.58666751  1.37013029 -2.4119758  -1.31215807  2.4216681   1.29747378
 -0.00858515 -1.71219803 -1.51668891  1.98582983  1.48613915 -0.80565855
 -0.15116774 -0.3893414  -0.19325504  2.44068324 -0.49948934 -0.64923323
  1.01713793 -2.29116479  0.97936097  2.58465344 -0.51600301  2.15098918
 -1.96227775 -0.91372908 -2.38741175 -2.28124946 -1.41020897 -2.90189556
  1.57208679  1.80987226  1.61712224  1.06382012  1.42118855 -2.32737612
 -2.69570279  1.68777207  1.00835288 -0.41221081 -2.5982407   1.59605267
 -1.24778884 -2.48552888  0.04097378]
Thu Jun 13 21:22:53 2024,301,0.12126295659218544,[-2.84239976  2.19897802 -1.68164792  0.16230999  0.4825496  -3.17175299
  3.22392118  2.09913852  1.0638341  -0.96846811  0.58400536  1.33025949
  1.33616918 -1.88261969  0.81664271  2.92238408 -0.43564418 -0.42822801
 -1.92215839  0.75069409  1.61449899  2.87558411 -1.40838964 -0.39240429
 -2.20371438 -2.09255877  3.08060101  2.77563429 -0.7613265  -2.65166938
  1.55551066 -0.17729207 -2.41196135  1.88924819  1.10928017 -0.61472201
  1.1141287  -2.01196364 -0.24421963  2.2790215  -0.20075639  0.56753449
  2.43072281  0.56556843  2.64403036  2.84660147  2.77339517 -2.91914982
  0.3083333  -0.41461392  1.70397278  2.97539931 -0.40045451 -2.4010048
  2.70499594 -3.1515103   0.59313918 -0.70900593 -1.75111013  3.11202437
 -1.92829372 -1.65305427 -2.58380212  2.39958613 -2.16282647  1.95180434
  1.76096764  1.46584325  2.48165573  2.91100115  1.94317002  1.47757882
 -1.76882233 -2.36918558  1.19493407  0.5558602   1.61931945 -2.80751905
 -0.13583006  2.53144853 -1.16496438  1.21270246  1.23845301  0.64859107
 -0.96850685  1.12256104  0.81576787 -0.37576488  2.80456563 -2.13150117
  1.59208031 -0.61642261  1.00404883 -3.25656026 -2.22357148  0.34465383
 -1.10330267 -0.41939789  0.28603114  0.05141319 -1.77880324 -0.18358663
 -0.63295135  2.88103305 -1.08603892 -1.21717434 -1.09126397  1.28425389
  1.61967538 -0.87063014  2.11226483 -1.61909088 -0.2629281  -0.89250811
 -2.98630492  3.08502612 -1.75820112  3.01501589 -1.37769235 -2.45980703
  3.60631432 -1.13456721 -0.7086873  -2.96282061 -2.55718235  2.97759748
 -1.96125555 -1.68513441 -0.43709691  3.00464097  0.12887667  0.01796211
 -1.63507517 -0.12889528 -1.57852079 -3.09594369  2.93744413  1.18581679
 -0.33168286 -2.31556494  1.00699969 -1.18844078 -0.2671437  -2.13362234
 -1.94258064  1.77085289 -0.97145883  2.58033301 -0.4759969  -3.10030154
 -2.8298704   1.96445816 -3.06736398 -0.25256447 -1.03085481 -0.16092494
  2.35724212  1.74967603 -0.19126139 -1.92742407 -2.99341392  0.12936663
 -0.80252217  1.47757095 -2.51921046  0.95091483 -0.12253298  0.1628306
  1.99533196  0.71134241  0.79591745 -1.25066318  1.61018112  2.53296792
  1.27663245  0.25020999 -1.02354614  2.60934065  0.82819792 -2.22312909
  0.03908858  1.73459783  1.0516032  -0.66890325 -2.32720743  2.42707509
  2.02619206  1.70977701  2.24279565  1.82874763 -2.02234789 -2.85673036
  0.58748165  1.37094443 -2.41116166 -1.31134393  2.42085396  1.29665964
 -0.00939929 -1.71301217 -1.51750305  1.98664397  1.48695329 -0.80647269
 -0.15198188 -0.39015554 -0.1924409   2.44149738 -0.50030348 -0.65004737
  1.01795207 -2.29035065  0.98017511  2.5838393  -0.51681715  2.15180332
 -1.96309188 -0.91454322 -2.38659761 -2.28206359 -1.40939483 -2.90108142
  1.57127265  1.8106864   1.6163081   1.06300598  1.42037441 -2.32819026
 -2.69488865  1.68858621  1.00916702 -0.41139667 -2.59905484  1.59523853
 -1.2469747  -2.48471474  0.04015964]
Thu Jun 13 21:23:48 2024,302,0.1212755336776478,[-2.84229423  2.19908354 -1.68175344  0.16241552  0.48244407 -3.17185852
  3.22402671  2.09924405  1.06393963 -0.96857364  0.58389984  1.33015396
  1.3362747  -1.88272521  0.81653719  2.92227855 -0.43574971 -0.42812249
 -1.92205286  0.75079961  1.61439347  2.87568963 -1.40849517 -0.39250982
 -2.20360885 -2.0926643   3.08049548  2.77573982 -0.76143202 -2.65156385
  1.55540513 -0.17739759 -2.41185582  1.88914267  1.10917464 -0.61461648
  1.11423422 -2.01206917 -0.24432516  2.27912703 -0.20065087  0.56742896
  2.43082834  0.56567396  2.64392483  2.846707    2.77350069 -2.9190443
  0.30822777 -0.41450839  1.70407831  2.97529379 -0.40034899 -2.40089927
  2.70510147 -3.15161583  0.59324471 -0.70911146 -1.7510046   3.11191885
 -1.92839925 -1.6531598  -2.5836966   2.3994806  -2.16272094  1.95169881
  1.76086211  1.46573772  2.48176125  2.91089562  1.94327555  1.47747329
 -1.76892786 -2.36908005  1.19503959  0.55575467  1.61921393 -2.80762458
 -0.13593558  2.53134301 -1.16485885  1.21259693  1.23855853  0.64848554
 -0.96861238  1.12266657  0.81587339 -0.37587041  2.8044601  -2.1316067
  1.59197478 -0.61631708  1.00415435 -3.25666579 -2.22346595  0.3445483
 -1.1034082  -0.41950342  0.28592561  0.05151872 -1.77869772 -0.18369216
 -0.63305688  2.88113857 -1.08614445 -1.21727986 -1.0913695   1.28414836
  1.61956986 -0.87073567  2.11237035 -1.61919641 -0.26303363 -0.89240258
 -2.98641044  3.08513165 -1.75830665  3.01491036 -1.37758683 -2.45970151
  3.60620879 -1.13446169 -0.70858178 -2.96271509 -2.55728788  2.97749196
 -1.96136108 -1.68502889 -0.43699138  3.00453545  0.12877114  0.01806763
 -1.63518069 -0.12878976 -1.57862632 -3.09604921  2.93733861  1.18592231
 -0.33178839 -2.31545942  1.00689416 -1.18854631 -0.26724922 -2.13351681
 -1.94247512  1.77095842 -0.9713533   2.58043854 -0.47589138 -3.10019601
 -2.82976487  1.96456369 -3.06746951 -0.25266999 -1.03096034 -0.16081941
  2.35734765  1.74978155 -0.19115586 -1.9275296  -2.9933084   0.1292611
 -0.8026277   1.47767647 -2.51910494  0.9508093  -0.12263851  0.16272507
  1.99522644  0.71144794  0.79581193 -1.25076871  1.6100756   2.5328624
  1.27673798  0.25010447 -1.02344062  2.60923513  0.82830345 -2.22323462
  0.03919411  1.73470336  1.05149768 -0.66879773 -2.32731295  2.42718061
  2.02608653  1.70988253  2.24290117  1.82864211 -2.02245342 -2.85662483
  0.58758717  1.37104996 -2.41105613 -1.31144945  2.42095948  1.29655411
 -0.00950481 -1.71290664 -1.51760858  1.98653845  1.48705882 -0.80636717
 -0.1520874  -0.39005002 -0.19233537  2.44160291 -0.50019796 -0.65015289
  1.01784654 -2.29045617  0.98028064  2.58394482 -0.51692268  2.15169779
 -1.96319741 -0.91464875 -2.38649209 -2.28195807 -1.40950036 -2.90097589
  1.57116712  1.81079193  1.61620258  1.06311151  1.42047994 -2.32808473
 -2.69478312  1.68869174  1.00927255 -0.41150219 -2.59894932  1.59534406
 -1.24686918 -2.48482027  0.04005411]
Thu Jun 13 21:24:04 2024,303,0.12125195029684319,[-2.84163203  2.19842134 -1.68241565  0.16175332  0.48178187 -3.17252072
  3.22468891  2.09990625  1.06460183 -0.96791144  0.58323763  1.33081617
  1.3356125  -1.88338742  0.81719939  2.92294076 -0.43641191 -0.42878469
 -1.92271507  0.75013741  1.61373126  2.87635184 -1.40915737 -0.39184761
 -2.20294665 -2.09200209  3.07983328  2.77507762 -0.76209423 -2.65222605
  1.55474293 -0.17673539 -2.41119362  1.88848046  1.10851244 -0.61395428
  1.11489643 -2.01273137 -0.24366295  2.27846482 -0.20131307  0.56676676
  2.43016613  0.56633616  2.64326263  2.8460448   2.7741629  -2.91838209
  0.30756557 -0.41384619  1.70474051  2.97463158 -0.40101119 -2.40023707
  2.70576367 -3.15095362  0.59390691 -0.70977366 -1.7503424   3.11258105
 -1.92906145 -1.653822   -2.5843588   2.40014281 -2.16205874  1.95103661
  1.76019991  1.46507552  2.48109905  2.91155783  1.94261334  1.47681109
 -1.76959006 -2.36974226  1.19437739  0.55509247  1.61855172 -2.80696237
 -0.13659779  2.53200521 -1.16552106  1.21193473  1.23922074  0.64914775
 -0.96795017  1.12200437  0.81521119 -0.37520821  2.8051223  -2.1322689
  1.59131258 -0.61565488  1.00481656 -3.25600358 -2.22280375  0.3438861
 -1.1040704  -0.41884122  0.28658782  0.05085651 -1.77803551 -0.18302995
 -0.63371908  2.88047637 -1.08680665 -1.21661766 -1.0920317   1.28348616
  1.61890766 -0.87007347  2.11303256 -1.61853421 -0.26237142 -0.89306479
 -2.98707265  3.08446944 -1.75764444  3.01424816 -1.37692462 -2.46036371
  3.60554659 -1.13379948 -0.70791957 -2.96337729 -2.55795008  2.97815416
 -1.96069888 -1.68436668 -0.43765359  3.00387324  0.12810894  0.01740543
 -1.6358429  -0.12812756 -1.57928852 -3.09671141  2.93800081  1.18658452
 -0.33245059 -2.31479721  1.00755637 -1.1878841  -0.26658702 -2.13417901
 -1.94181291  1.77029621 -0.9706911   2.58110074 -0.47655358 -3.09953381
 -2.82910267  1.96522589 -3.0668073  -0.25200779 -1.03029813 -0.16148161
  2.35800985  1.75044376 -0.19049366 -1.9281918  -2.9939706   0.1285989
 -0.80196549  1.47833868 -2.51844273  0.9501471  -0.12330071  0.16206287
  1.99588864  0.71078574  0.79514972 -1.2501065   1.60941339  2.53220019
  1.27740018  0.24944226 -1.02410282  2.60989733  0.82764124 -2.22257241
  0.03985631  1.73404115  1.05083547 -0.66813552 -2.32797516  2.42651841
  2.02542433  1.71054474  2.24223897  1.82930431 -2.02311562 -2.85596263
  0.58824938  1.37038775 -2.41171834 -1.31078725  2.42029728  1.29589191
 -0.00884261 -1.71356885 -1.51827078  1.98587624  1.48639661 -0.80702937
 -0.1514252  -0.38938781 -0.19167317  2.44226511 -0.49953575 -0.6508151
  1.01718434 -2.29111838  0.97961843  2.58328262 -0.51758488  2.15103559
 -1.96385961 -0.91398654 -2.38715429 -2.28262027 -1.41016256 -2.90163809
  1.57182932  1.81145413  1.61686478  1.06377371  1.41981773 -2.32742253
 -2.69412092  1.68935394  1.00993475 -0.41083999 -2.59961152  1.59468186
 -1.24753138 -2.48548247  0.04071632]
Thu Jun 13 21:24:20 2024,304,0.1212799508150633,[-2.84257551  2.19747786 -1.68147216  0.16080983  0.48083838 -3.17157724
  3.22563239  2.10084973  1.06554531 -0.96885492  0.58418111  1.33175965
  1.33466902 -1.88244394  0.81625591  2.92199728 -0.43546843 -0.42972817
 -1.92365855  0.75108089  1.61467475  2.87729532 -1.41010085 -0.39279109
 -2.20200317 -2.09294557  3.0788898   2.77413413 -0.76115074 -2.65316954
  1.55568641 -0.17767887 -2.4121371   1.88753698  1.10945592 -0.6130108
  1.11583991 -2.01178789 -0.24460644  2.27940831 -0.20225655  0.56582328
  2.43110962  0.56539268  2.64420611  2.84698828  2.77510638 -2.91743861
  0.30662209 -0.41290271  1.70379703  2.97557507 -0.40195467 -2.39929359
  2.70670715 -3.1518971   0.59296343 -0.71071714 -1.75128588  3.11352453
 -1.93000493 -1.65287852 -2.58341532  2.39919932 -2.16111526  1.95009312
  1.75925643  1.46413204  2.48015557  2.91250131  1.94166986  1.47586761
 -1.77053354 -2.37068574  1.19343391  0.55603595  1.6194952  -2.80790586
 -0.13754127  2.53294869 -1.16646454  1.21099124  1.24016422  0.64820426
 -0.96889366  1.12294785  0.81426771 -0.37426472  2.80606579 -2.13132542
  1.59225606 -0.6147114   1.00576004 -3.2550601  -2.22374723  0.34482958
 -1.10501388 -0.4197847   0.28564434  0.04991303 -1.77709203 -0.18208647
 -0.6327756   2.88141985 -1.08775013 -1.21756114 -1.09297519  1.28254267
  1.61796417 -0.86912998  2.11397604 -1.61947769 -0.26142794 -0.89400827
 -2.98612916  3.08352596 -1.75858793  3.01519164 -1.37786811 -2.46130719
  3.60649007 -1.13474296 -0.70886306 -2.96243381 -2.5570066   2.97909764
 -1.95975539 -1.68531016 -0.4367101   3.00481673  0.12905242  0.01834891
 -1.63489941 -0.12907104 -1.580232   -3.09576793  2.93894429  1.18564104
 -0.33150711 -2.31385373  1.00661289 -1.18694062 -0.26564354 -2.1351225
 -1.94275639  1.76935273 -0.96974762  2.58015726 -0.4756101  -3.10047729
 -2.82815919  1.96428241 -3.06775079 -0.25106431 -1.03124161 -0.16053813
  2.35706637  1.75138724 -0.18955018 -1.92913528 -2.99491408  0.12765542
 -0.80290897  1.47928216 -2.51749925  0.95109058 -0.12235723  0.16300635
  1.99683212  0.70984225  0.79609321 -1.24916302  1.60846991  2.53125671
  1.2764567   0.24849878 -1.0250463   2.61084081  0.82858472 -2.22162893
  0.03891283  1.73498463  1.04989199 -0.669079   -2.32891864  2.42557493
  2.02636781  1.70960126  2.24318245  1.83024779 -2.02217214 -2.85501914
  0.58919286  1.36944427 -2.41077485 -1.31173073  2.4193538   1.29494843
 -0.00978609 -1.71451233 -1.51921426  1.98493276  1.4873401  -0.80608589
 -0.15236868 -0.39033129 -0.19072969  2.4432086  -0.50047924 -0.64987161
  1.01624086 -2.29017489  0.97867495  2.58233914 -0.5166414   2.15009211
 -1.96291613 -0.91304306 -2.38809777 -2.28356375 -1.41110604 -2.90069461
  1.57088584  1.81239761  1.6159213   1.06283023  1.41887425 -2.32647905
 -2.69317744  1.69029742  1.01087823 -0.40989651 -2.59866804  1.59373837
 -1.24847486 -2.48453899  0.0416598 ]
Thu Jun 13 21:24:36 2024,305,0.12075925957365682,[-2.84638547  2.1936679  -1.6776622   0.15699987  0.47702842 -3.1753872
  3.22182243  2.09703977  1.06935527 -0.97266488  0.58037115  1.32794969
  1.33085906 -1.8862539   0.81244595  2.91818731 -0.43165847 -0.43353813
 -1.92746851  0.74727093  1.61848471  2.87348536 -1.40629089 -0.39660106
 -2.20581313 -2.08913561  3.07507984  2.77032417 -0.7649607  -2.64935957
  1.55187645 -0.18148883 -2.40832714  1.88372702  1.10564596 -0.60920084
  1.11202995 -2.00797793 -0.2484164   2.28321827 -0.19844659  0.56963324
  2.42729966  0.56158272  2.64801607  2.85079824  2.77891634 -2.91362865
  0.30281213 -0.41671267  1.69998707  2.97938503 -0.39814471 -2.40310355
  2.71051711 -3.15570707  0.59677339 -0.70690718 -1.74747592  3.10971457
 -1.93381489 -1.65668848 -2.57960536  2.39538936 -2.16492522  1.95390309
  1.75544646  1.467942    2.48396553  2.91631127  1.94547982  1.47967757
 -1.7743435  -2.36687578  1.19724387  0.55984591  1.62330517 -2.81171582
 -0.14135123  2.53675866 -1.16265458  1.2148012   1.23635426  0.6443943
 -0.97270362  1.12675781  0.81807767 -0.37807469  2.80225583 -2.12751546
  1.5884461  -0.61852136  1.00957    -3.25887006 -2.22755719  0.34863954
 -1.10120392 -0.42359466  0.2894543   0.05372299 -1.77328207 -0.18589643
 -0.62896564  2.88522981 -1.08394017 -1.21375118 -1.09678515  1.28635263
  1.62177413 -0.86532002  2.11016608 -1.61566773 -0.25761798 -0.89781823
 -2.9823192   3.079716   -1.76239789  3.0190016  -1.37405815 -2.45749723
  3.60268011 -1.13855292 -0.71267302 -2.96624377 -2.55319664  2.97528768
 -1.96356536 -1.68912013 -0.43290014  3.00100677  0.12524246  0.01453895
 -1.63870938 -0.132881   -1.58404196 -3.09195797  2.93513433  1.18183107
 -0.32769715 -2.31766369  1.01042285 -1.19075058 -0.26183358 -2.13893246
 -1.93894643  1.76554277 -0.96593766  2.5763473  -0.47180014 -3.10428725
 -2.83196915  1.96809237 -3.06394083 -0.24725435 -1.03505158 -0.16434809
  2.35325641  1.74757728 -0.19336014 -1.92532532 -2.99872404  0.12384546
 -0.80671894  1.48309212 -2.52130921  0.94728062 -0.12616719  0.16681631
  2.00064208  0.70603229  0.79990317 -1.25297298  1.61227987  2.52744675
  1.27264674  0.25230874 -1.02123634  2.61465077  0.82477476 -2.21781897
  0.03510287  1.73117467  1.05370195 -0.66526904 -2.3327286   2.42938489
  2.02255785  1.70579129  2.24699241  1.82643783 -2.0259821  -2.85120918
  0.5853829   1.36563431 -2.41458481 -1.30792077  2.41554384  1.29875839
 -0.00597613 -1.71832229 -1.5154043   1.9811228   1.48353013 -0.80227593
 -0.14855872 -0.39414126 -0.19453965  2.44701856 -0.49666928 -0.65368158
  1.02005082 -2.28636493  0.98248491  2.5861491  -0.52045136  2.15390207
 -1.96672609 -0.9092331  -2.38428781 -2.28737372 -1.41491601 -2.90450457
  1.5746958   1.80858765  1.61973126  1.05902027  1.41506429 -2.33028901
 -2.68936748  1.69410738  1.00706827 -0.41370647 -2.602478    1.58992841
 -1.2446649  -2.48072903  0.04546976]
Thu Jun 13 21:24:54 2024,306,0.1207830054710902,[-2.84559013  2.19446324 -1.67686686  0.15779522  0.47623308 -3.17618254
  3.22102709  2.09624443  1.06855993 -0.97346022  0.5811665   1.32874503
  1.3316544  -1.88704924  0.81324129  2.91898266 -0.43245381 -0.43433347
 -1.92667317  0.74647559  1.61928005  2.8742807  -1.40549555 -0.3973964
 -2.20660847 -2.08993096  3.07428449  2.77111952 -0.76575605 -2.65015492
  1.55108111 -0.18228417 -2.40912248  1.88452236  1.1064413  -0.6084055
  1.11123461 -2.00877327 -0.24762105  2.28242292 -0.19924194  0.5688379
  2.42650431  0.56237806  2.64881142  2.85159358  2.77971168 -2.91442399
  0.30360747 -0.41750801  1.70078241  2.97858969 -0.39734937 -2.40230821
  2.70972177 -3.15491172  0.59756873 -0.70770253 -1.74668058  3.11050991
 -1.93301955 -1.65589314 -2.57881002  2.39459402 -2.16412987  1.95469843
  1.75465112  1.46873734  2.48476087  2.91551593  1.94627516  1.47888223
 -1.77354816 -2.36608044  1.19644852  0.56064125  1.62250982 -2.81251116
 -0.14214657  2.53596331 -1.16185924  1.21400586  1.2371496   0.64518965
 -0.97190828  1.12755315  0.81728233 -0.37887003  2.80305117 -2.1283108
  1.58924144 -0.6193167   1.00877466 -3.2596654  -2.22835253  0.3478442
 -1.10199926 -0.42439     0.28865895  0.05292765 -1.77248673 -0.18510109
 -0.62817029  2.88602515 -1.08314483 -1.21295584 -1.09758049  1.28555729
  1.62097879 -0.86452468  2.11096142 -1.61487238 -0.25682264 -0.89702289
 -2.98152386  3.08051134 -1.76319323  3.01820626 -1.3732628  -2.45829257
  3.60188477 -1.13775758 -0.71187767 -2.96544843 -2.55399198  2.97608302
 -1.96277001 -1.68832478 -0.4321048   3.00180211  0.1260378   0.01374361
 -1.63950472 -0.13367634 -1.58483731 -3.09275331  2.93433899  1.18262642
 -0.3269018  -2.31686835  1.0096275  -1.18995524 -0.26262892 -2.13813711
 -1.93815109  1.76474743 -0.96514231  2.57714264 -0.47259548 -3.10349191
 -2.83117381  1.96729703 -3.06473617 -0.246459   -1.03584692 -0.16355275
  2.35405175  1.74837262 -0.19415548 -1.92612067 -2.99951939  0.12305011
 -0.80592359  1.48388746 -2.52210455  0.94648528 -0.12537185  0.16602097
  2.00143743  0.70523695  0.79910783 -1.25376832  1.61148453  2.52665141
  1.2718514   0.25310408 -1.02203168  2.61385543  0.82397942 -2.21861431
  0.03430752  1.73197002  1.05290661 -0.6644737  -2.33193326  2.43018023
  2.02176251  1.70499595  2.24778775  1.82723318 -2.02677744 -2.85041384
  0.58617824  1.36483897 -2.41378947 -1.30871611  2.4147485   1.29955373
 -0.00677147 -1.71752695 -1.51460896  1.98032746  1.48273479 -0.80307127
 -0.14935406 -0.39334591 -0.19533499  2.4478139  -0.49746462 -0.65288623
  1.01925547 -2.28716028  0.98328025  2.58694444 -0.51965602  2.15310673
 -1.96752143 -0.91002844 -2.38508315 -2.28816906 -1.41412066 -2.90529991
  1.57549115  1.80779231  1.6205266   1.05822492  1.41426895 -2.33108435
 -2.68857214  1.69490273  1.00786361 -0.41291113 -2.60168266  1.59072376
 -1.24546024 -2.48152437  0.0462651 ]
Thu Jun 13 21:25:19 2024,307,0.1202781611126029,[-2.84874995  2.19130342 -1.67370704  0.15463539  0.4793929  -3.17934236
  3.22418691  2.09308461  1.06540011 -0.9703004   0.58432632  1.32558521
  1.33481422 -1.89020906  0.81008147  2.91582283 -0.42929399 -0.4374933
 -1.92351334  0.74963541  1.62243987  2.87744052 -1.40865537 -0.39423657
 -2.20344865 -2.09309078  3.07744432  2.76795969 -0.76259622 -2.64699509
  1.55424093 -0.185444   -2.41228231  1.88136254  1.10328148 -0.60524567
  1.11439443 -2.01193309 -0.25078088  2.2792631  -0.19608211  0.56567807
  2.42966414  0.56553788  2.65197124  2.84843376  2.77655186 -2.91126417
  0.30044765 -0.41434819  1.70394223  2.97542986 -0.39418955 -2.39914839
  2.71288159 -3.15807155  0.60072856 -0.71086235 -1.7498404   3.11366974
 -1.93617937 -1.65273332 -2.57565019  2.3914342  -2.1672897   1.95785825
  1.7514913   1.47189716  2.48792069  2.91867575  1.94311534  1.4757224
 -1.77038834 -2.36292062  1.1932887   0.55748143  1.61935    -2.81567098
 -0.13898675  2.53280349 -1.15869941  1.21084604  1.23398978  0.64202982
 -0.96874845  1.12439333  0.82044215 -0.3757102   2.79989135 -2.12515098
  1.59240126 -0.62247652  1.00561483 -3.25650558 -2.23151235  0.35100402
 -1.10515908 -0.42754982  0.28549913  0.04976783 -1.77564655 -0.18194127
 -0.63133012  2.88286533 -1.08630465 -1.21611566 -1.09442067  1.28239747
  1.62413861 -0.86136486  2.11412124 -1.61171256 -0.25998246 -0.90018271
 -2.97836404  3.08367116 -1.76003341  3.02136608 -1.37010298 -2.45513275
  3.60504459 -1.14091741 -0.70871785 -2.9622886  -2.5571518   2.9729232
 -1.96592984 -1.68516496 -0.42894498  3.00496193  0.12287798  0.01058379
 -1.64266454 -0.13051652 -1.58167748 -3.08959349  2.93749881  1.17946659
 -0.32374198 -2.32002817  1.01278733 -1.18679542 -0.2594691  -2.13497729
 -1.93499127  1.76790725 -0.96830214  2.58030246 -0.4757553  -3.10665173
 -2.82801398  1.96413721 -3.06789599 -0.24329918 -1.0326871  -0.16671257
  2.35721157  1.7452128  -0.1973153  -1.92928049 -2.99635956  0.12620994
 -0.80276377  1.48072764 -2.51894473  0.9496451  -0.12221202  0.16286115
  1.9982776   0.70839677  0.80226765 -1.25692815  1.61464435  2.52349159
  1.26869157  0.24994426 -1.01887186  2.61069561  0.82713924 -2.21545449
  0.03746735  1.72881019  1.05606643 -0.66763352 -2.32877344  2.42702041
  2.01860268  1.70183613  2.25094758  1.830393   -2.02993727 -2.85357366
  0.58933806  1.36167915 -2.41694929 -1.30555629  2.41790832  1.29639391
 -0.00361165 -1.72068677 -1.51776878  1.98348728  1.47957497 -0.79991145
 -0.15251389 -0.39018609 -0.19217517  2.44465408 -0.50062444 -0.64972641
  1.0224153  -2.2903201   0.98012043  2.58378462 -0.51649619  2.15626655
 -1.97068126 -0.90686862 -2.38824298 -2.29132888 -1.41728049 -2.90214009
  1.57865097  1.81095213  1.61736678  1.0550651   1.41742877 -2.32792453
 -2.68541231  1.69806255  1.00470379 -0.40975131 -2.59852284  1.59388358
 -1.24230042 -2.48468419  0.04310528]
Thu Jun 13 21:25:37 2024,308,0.12022405260342953,[-2.84995000e+00  2.19010337e+00 -1.67490708e+00  1.53435352e-01
  4.78192862e-01 -3.17814232e+00  3.22298687e+00  2.09428465e+00
  1.06420007e+00 -9.71500440e-01  5.83126276e-01  1.32438517e+00
  1.33361418e+00 -1.89140910e+00  8.08881427e-01  2.91462279e+00
 -4.28093946e-01 -4.36293256e-01 -1.92471339e+00  7.50835453e-01
  1.62123983e+00  2.87864056e+00 -1.40985541e+00 -3.93036533e-01
 -2.20224861e+00 -2.09189074e+00  3.07624428e+00  2.76675965e+00
 -7.61396182e-01 -2.64579505e+00  1.55544097e+00 -1.86644037e-01
 -2.41348235e+00  1.88016250e+00  1.10208144e+00 -6.06445714e-01
  1.11319439e+00 -2.01073305e+00 -2.49580835e-01  2.28046314e+00
 -1.94882072e-01  5.64478032e-01  2.42846410e+00  5.66737922e-01
  2.65077120e+00  2.84963380e+00  2.77535182e+00 -2.91246421e+00
  3.01647689e-01 -4.15548229e-01  1.70274219e+00  2.97422982e+00
 -3.95389589e-01 -2.40034843e+00  2.71408164e+00 -3.15687150e+00
  5.99528515e-01 -7.12062389e-01 -1.74864036e+00  3.11246969e+00
 -1.93737942e+00 -1.65393336e+00 -2.57445015e+00  2.39023416e+00
 -2.16608965e+00  1.95905829e+00  1.75269134e+00  1.47309720e+00
  2.48912073e+00  2.91747571e+00  1.94431538e+00  1.47452236e+00
 -1.76918830e+00 -2.36172057e+00  1.19208866e+00  5.56281389e-01
  1.61814996e+00 -2.81447094e+00 -1.37786707e-01  2.53160345e+00
 -1.15989946e+00  1.20964600e+00  1.23278974e+00  6.43229865e-01
 -9.69948495e-01  1.12559337e+00  8.19242107e-01 -3.76910246e-01
  2.80109139e+00 -2.12635102e+00  1.59360131e+00 -6.23676564e-01
  1.00681488e+00 -3.25530554e+00 -2.23271240e+00  3.52204063e-01
 -1.10395904e+00 -4.26349783e-01  2.86699174e-01  4.85677865e-02
 -1.77684659e+00 -1.80741225e-01 -6.32530157e-01  2.88166529e+00
 -1.08510461e+00 -1.21731570e+00 -1.09562071e+00  1.28119743e+00
  1.62293857e+00 -8.62564900e-01  2.11532128e+00 -1.61291260e+00
 -2.58782418e-01 -8.98982670e-01 -2.97716400e+00  3.08247112e+00
 -1.75883336e+00  3.02016604e+00 -1.36890294e+00 -2.45633279e+00
  3.60384455e+00 -1.13971736e+00 -7.09917894e-01 -2.96348865e+00
 -2.55835185e+00  2.97412324e+00 -1.96712988e+00 -1.68396492e+00
 -4.27744936e-01  3.00616197e+00  1.21677938e-01  1.17838296e-02
 -1.64146450e+00 -1.31716560e-01 -1.58287753e+00 -3.09079353e+00
  2.93869885e+00  1.18066664e+00 -3.24942023e-01 -2.32122821e+00
  1.01158729e+00 -1.18559538e+00 -2.58269055e-01 -2.13617733e+00
 -1.93379123e+00  1.76910729e+00 -9.69502177e-01  2.57910242e+00
 -4.76955341e-01 -3.10545169e+00 -2.82681394e+00  1.96293716e+00
 -3.06669595e+00 -2.44499224e-01 -1.03148705e+00 -1.67912614e-01
  2.35841161e+00  1.74401276e+00 -1.98515345e-01 -1.92808045e+00
 -2.99755960e+00  1.27409977e-01 -8.01563730e-01  1.48192768e+00
 -2.52014477e+00  9.50845145e-01 -1.21011981e-01  1.61661106e-01
  1.99947765e+00  7.07196733e-01  8.01067606e-01 -1.25572810e+00
  1.61344431e+00  2.52229155e+00  1.26989161e+00  2.51144302e-01
 -1.02007190e+00  2.61189565e+00  8.25939202e-01 -2.21665453e+00
  3.62673052e-02  1.72761015e+00  1.05486639e+00 -6.66433482e-01
 -2.32757339e+00  2.42822045e+00  2.01740264e+00  1.70303617e+00
  2.25214762e+00  1.83159304e+00 -2.03113731e+00 -2.85237362e+00
  5.88138019e-01  1.36047911e+00 -2.41814934e+00 -1.30435625e+00
  2.41910836e+00  1.29519387e+00 -2.41160804e-03 -1.72188681e+00
 -1.51896882e+00  1.98228724e+00  1.47837493e+00 -7.98711404e-01
 -1.51313845e-01 -3.91386133e-01 -1.93375211e-01  2.44345403e+00
 -4.99424398e-01 -6.50926453e-01  1.02121525e+00 -2.29152014e+00
  9.78920390e-01  2.58258458e+00 -5.15296153e-01  2.15746659e+00
 -1.96948122e+00 -9.08068662e-01 -2.38704293e+00 -2.29012884e+00
 -1.41848053e+00 -2.90334013e+00  1.57745093e+00  1.81215217e+00
  1.61616674e+00  1.05386506e+00  1.41622873e+00 -2.32912457e+00
 -2.68421227e+00  1.69686251e+00  1.00350375e+00 -4.10951347e-01
 -2.59972288e+00  1.59268354e+00 -1.24350046e+00 -2.48588423e+00
  4.43053225e-02]
Thu Jun 13 21:25:54 2024,309,0.1201701460266196,[-2.84692780e+00  2.18708118e+00 -1.67188488e+00  1.50413154e-01
  4.81215059e-01 -3.18116452e+00  3.21996467e+00  2.09126245e+00
  1.06117787e+00 -9.74522637e-01  5.80104079e-01  1.32740736e+00
  1.33663638e+00 -1.88838690e+00  8.05859230e-01  2.91764499e+00
 -4.31116143e-01 -4.33271058e-01 -1.92169119e+00  7.53857650e-01
  1.61821763e+00  2.87561837e+00 -1.41287761e+00 -3.96058730e-01
 -2.19922641e+00 -2.09491293e+00  3.07926647e+00  2.76978185e+00
 -7.58373985e-01 -2.64277286e+00  1.55241877e+00 -1.89666234e-01
 -2.41046015e+00  1.87714030e+00  1.09905924e+00 -6.09467911e-01
  1.11017219e+00 -2.00771086e+00 -2.46558638e-01  2.27744095e+00
 -1.91859875e-01  5.67500229e-01  2.42544190e+00  5.69760119e-01
  2.64774900e+00  2.85265600e+00  2.77837401e+00 -2.91548641e+00
  3.04669886e-01 -4.12526032e-01  1.70576439e+00  2.97725202e+00
 -3.92367392e-01 -2.40337062e+00  2.71105944e+00 -3.15989370e+00
  5.96506318e-01 -7.15084586e-01 -1.74561816e+00  3.10944750e+00
 -1.93435722e+00 -1.65091116e+00 -2.57142796e+00  2.39325636e+00
 -2.16911185e+00  1.95603609e+00  1.75571354e+00  1.47007501e+00
  2.49214293e+00  2.92049791e+00  1.94129319e+00  1.47754456e+00
 -1.77221050e+00 -2.36474277e+00  1.18906646e+00  5.59303586e-01
  1.61512776e+00 -2.81749314e+00 -1.40808904e-01  2.53462565e+00
 -1.15687726e+00  1.21266820e+00  1.23581194e+00  6.40207668e-01
 -9.66926298e-01  1.12861557e+00  8.22264304e-01 -3.73888049e-01
  2.79806919e+00 -2.12937322e+00  1.59057911e+00 -6.20654367e-01
  1.00379268e+00 -3.25832774e+00 -2.23573459e+00  3.55226260e-01
 -1.10698124e+00 -4.23327585e-01  2.89721371e-01  5.15899836e-02
 -1.77986879e+00 -1.77719028e-01 -6.35552354e-01  2.87864309e+00
 -1.08208242e+00 -1.22033790e+00 -1.09864290e+00  1.27817523e+00
  1.62596077e+00 -8.59542703e-01  2.11229909e+00 -1.60989041e+00
 -2.55760221e-01 -9.02004867e-01 -2.98018620e+00  3.08549332e+00
 -1.75581117e+00  3.01714385e+00 -1.37192514e+00 -2.45935499e+00
  3.60686675e+00 -1.14273956e+00 -7.12940091e-01 -2.96651084e+00
 -2.55532965e+00  2.97714544e+00 -1.96410768e+00 -1.68698712e+00
 -4.30767133e-01  3.00918417e+00  1.18655741e-01  1.48060267e-02
 -1.64448669e+00 -1.34738757e-01 -1.58589972e+00 -3.08777134e+00
  2.94172105e+00  1.18368883e+00 -3.27964220e-01 -2.32425041e+00
  1.00856509e+00 -1.18861757e+00 -2.61291252e-01 -2.13315514e+00
 -1.93076903e+00  1.76608509e+00 -9.72524374e-01  2.57608022e+00
 -4.73933144e-01 -3.10242949e+00 -2.82379175e+00  1.95991497e+00
 -3.06971815e+00 -2.47521421e-01 -1.02846486e+00 -1.64890416e-01
  2.36143381e+00  1.74703495e+00 -1.95493148e-01 -1.93110264e+00
 -3.00058180e+00  1.24387780e-01 -8.04585927e-01  1.47890548e+00
 -2.51712258e+00  9.53867342e-01 -1.24034179e-01  1.64683303e-01
  2.00249984e+00  7.04174536e-01  8.04089803e-01 -1.25270591e+00
  1.61042211e+00  2.51926935e+00  1.27291381e+00  2.54166499e-01
 -1.02309410e+00  2.60887345e+00  8.28961399e-01 -2.21363233e+00
  3.92895022e-02  1.72458796e+00  1.05788859e+00 -6.69455679e-01
 -2.32455120e+00  2.43124265e+00  2.02042484e+00  1.70605837e+00
  2.24912542e+00  1.82857084e+00 -2.02811511e+00 -2.84935143e+00
  5.91160216e-01  1.36350130e+00 -2.42117153e+00 -1.30737845e+00
  2.42213056e+00  1.29821606e+00  6.10589015e-04 -1.71886462e+00
 -1.51594663e+00  1.97926504e+00  1.48139713e+00 -7.95689207e-01
 -1.54336042e-01 -3.94408330e-01 -1.90353014e-01  2.44043184e+00
 -5.02446595e-01 -6.53948650e-01  1.02423745e+00 -2.28849794e+00
  9.81942587e-01  2.58560677e+00 -5.12273956e-01  2.15444439e+00
 -1.97250341e+00 -9.05046465e-01 -2.39006513e+00 -2.28710664e+00
 -1.41545833e+00 -2.90636233e+00  1.58047312e+00  1.80912998e+00
  1.61314454e+00  1.05084286e+00  1.41320653e+00 -2.33214677e+00
 -2.68119008e+00  1.69988470e+00  1.00048155e+00 -4.13973544e-01
 -2.60274507e+00  1.59570573e+00 -1.24652266e+00 -2.48286204e+00
  4.12831255e-02]
Thu Jun 13 21:26:14 2024,310,0.12007545428380431,[-2.84935498e+00  2.18465400e+00 -1.66945771e+00  1.47985978e-01
  4.83642236e-01 -3.17873734e+00  3.21753750e+00  2.08883528e+00
  1.05875069e+00 -9.76949813e-01  5.77676902e-01  1.32983454e+00
  1.33420920e+00 -1.88595973e+00  8.03432053e-01  2.92007217e+00
 -4.33543320e-01 -4.35698235e-01 -1.92411837e+00  7.51430473e-01
  1.61579046e+00  2.87804554e+00 -1.41530479e+00 -3.93631554e-01
 -2.20165359e+00 -2.09734011e+00  3.08169365e+00  2.76735467e+00
 -7.55946808e-01 -2.64034568e+00  1.55484595e+00 -1.92093411e-01
 -2.41288733e+00  1.87471312e+00  1.09663206e+00 -6.11895088e-01
  1.11259937e+00 -2.01013803e+00 -2.44131461e-01  2.27501377e+00
 -1.89432698e-01  5.65073053e-01  2.42301472e+00  5.67332943e-01
  2.64532182e+00  2.85508318e+00  2.78080119e+00 -2.91791358e+00
  3.07097063e-01 -4.14953209e-01  1.70333721e+00  2.97482484e+00
 -3.89940216e-01 -2.40579780e+00  2.71348662e+00 -3.15746652e+00
  5.94079142e-01 -7.17511762e-01 -1.74319098e+00  3.11187467e+00
 -1.93193004e+00 -1.65333834e+00 -2.56900078e+00  2.39082918e+00
 -2.16668468e+00  1.95360892e+00  1.75328636e+00  1.46764783e+00
  2.49457011e+00  2.92292508e+00  1.94372036e+00  1.47997174e+00
 -1.76978332e+00 -2.36231559e+00  1.18663929e+00  5.56876410e-01
  1.61270059e+00 -2.81992031e+00 -1.38381728e-01  2.53705282e+00
 -1.15930443e+00  1.21024102e+00  1.23823911e+00  6.37780491e-01
 -9.64499121e-01  1.13104274e+00  8.19837128e-01 -3.71460873e-01
  2.80049637e+00 -2.13180039e+00  1.58815193e+00 -6.18227191e-01
  1.00621986e+00 -3.25590056e+00 -2.23816177e+00  3.57653436e-01
 -1.10455406e+00 -4.20900409e-01  2.92148547e-01  4.91628070e-02
 -1.78229596e+00 -1.80146204e-01 -6.33125178e-01  2.88107027e+00
 -1.07965524e+00 -1.21791072e+00 -1.10107008e+00  1.28060241e+00
  1.62838795e+00 -8.61969879e-01  2.10987191e+00 -1.61231758e+00
 -2.53333044e-01 -8.99577690e-01 -2.97775902e+00  3.08306614e+00
 -1.75338399e+00  3.01957102e+00 -1.36949796e+00 -2.45692781e+00
  3.60929392e+00 -1.14516674e+00 -7.10512915e-01 -2.96893802e+00
 -2.55290247e+00  2.97471826e+00 -1.96653486e+00 -1.68455994e+00
 -4.28339957e-01  3.00675699e+00  1.21082917e-01  1.72332032e-02
 -1.64205952e+00 -1.37165933e-01 -1.58832690e+00 -3.09019851e+00
  2.93929387e+00  1.18126166e+00 -3.25537044e-01 -2.32667759e+00
  1.00613791e+00 -1.18619040e+00 -2.63718429e-01 -2.13558231e+00
 -1.92834185e+00  1.76365792e+00 -9.74951551e-01  2.57850740e+00
 -4.71505968e-01 -3.10000232e+00 -2.82136457e+00  1.95748779e+00
 -3.06729097e+00 -2.45094245e-01 -1.03089203e+00 -1.62463240e-01
  2.36386099e+00  1.74460778e+00 -1.93065972e-01 -1.93352982e+00
 -3.00300898e+00  1.21960603e-01 -8.02158751e-01  1.48133266e+00
 -2.51954975e+00  9.51440165e-01 -1.21607002e-01  1.62256126e-01
  2.00007267e+00  7.06601712e-01  8.01662627e-01 -1.25027873e+00
  1.61284929e+00  2.52169652e+00  1.27534099e+00  2.51739323e-01
 -1.02552128e+00  2.60644628e+00  8.26534223e-01 -2.21605951e+00
  3.68623257e-02  1.72216078e+00  1.05546141e+00 -6.67028503e-01
 -2.32212402e+00  2.42881547e+00  2.02285202e+00  1.70363119e+00
  2.25155260e+00  1.82614367e+00 -2.02568793e+00 -2.84692425e+00
  5.93587393e-01  1.36592848e+00 -2.41874436e+00 -1.30495127e+00
  2.42455773e+00  1.30064324e+00 -1.81658751e-03 -1.72129179e+00
 -1.51837380e+00  1.97683787e+00  1.47896995e+00 -7.93262030e-01
 -1.56763219e-01 -3.91981154e-01 -1.92780190e-01  2.43800466e+00
 -5.00019419e-01 -6.51521474e-01  1.02666463e+00 -2.29092512e+00
  9.84369763e-01  2.58317960e+00 -5.09846780e-01  2.15687157e+00
 -1.97493059e+00 -9.02619289e-01 -2.38763795e+00 -2.28953382e+00
 -1.41303115e+00 -2.90878951e+00  1.58290030e+00  1.81155715e+00
  1.61071736e+00  1.05327004e+00  1.41077936e+00 -2.33457394e+00
 -2.68361725e+00  1.70231188e+00  9.98054377e-01 -4.16400721e-01
 -2.60517225e+00  1.59327856e+00 -1.24894984e+00 -2.48528921e+00
  4.37103020e-02]
Thu Jun 13 21:26:31 2024,311,0.1197310096226762,[-2.85250338  2.1815056  -1.67260611  0.15113438  0.48679064 -3.17558894
  3.2206859   2.09198368  1.05560229 -0.97380141  0.5745285   1.33298295
  1.33106079 -1.88281132  0.80658046  2.92322057 -0.43039491 -0.43254983
 -1.92096996  0.75457888  1.61264205  2.87489714 -1.41215638 -0.39677996
 -2.20480199 -2.0941917   3.08484205  2.76420627 -0.75909521 -2.64349408
  1.55799435 -0.19524182 -2.40973892  1.87156472  1.09978047 -0.61504349
  1.11574777 -2.00698963 -0.24727987  2.27816217 -0.1925811   0.56192465
  2.41986632  0.57048135  2.64847023  2.85823158  2.77765279 -2.92106199
  0.30394866 -0.41810161  1.70018881  2.97797325 -0.39308862 -2.40894621
  2.71663502 -3.16061493  0.59722755 -0.71436336 -1.74004258  3.11502308
 -1.92878164 -1.65648674 -2.56585237  2.38768077 -2.16983308  1.95675732
  1.75643477  1.47079624  2.49771851  2.91977668  1.94686877  1.47682333
 -1.77293172 -2.35916719  1.18978769  0.553728    1.61584899 -2.81677191
 -0.13523332  2.53390442 -1.16245284  1.20709261  1.24138752  0.63463209
 -0.96135072  1.12789434  0.82298553 -0.37460928  2.79734796 -2.1349488
  1.58500353 -0.6213756   1.00307145 -3.25904897 -2.24131017  0.36080184
 -1.10770247 -0.417752    0.28900014  0.0460144  -1.78544437 -0.18329461
 -0.63627358  2.87792187 -1.07650683 -1.22105913 -1.10421849  1.277454
  1.63153635 -0.85882147  2.10672351 -1.61546599 -0.25648145 -0.9027261
 -2.97461061  3.07991774 -1.75023559  3.02271943 -1.37264637 -2.46007622
  3.61244233 -1.14831514 -0.71366132 -2.97208642 -2.55605088  2.97786667
 -1.96968326 -1.68141154 -0.43148836  3.00360859  0.12423132  0.02038161
 -1.64520792 -0.13401753 -1.5914753  -3.09334692  2.93614547  1.18441006
 -0.32868545 -2.32982599  1.00928632 -1.1893388  -0.26057002 -2.13873072
 -1.93149026  1.76050951 -0.97809996  2.5816558  -0.47465437 -3.10315072
 -2.81821616  1.95433938 -3.07043937 -0.24194584 -1.03404044 -0.15931483
  2.36700939  1.74145937 -0.19621438 -1.93038141 -3.00615738  0.1188122
 -0.80530716  1.47818426 -2.52269816  0.95458857 -0.12475541  0.16540453
  2.00322107  0.70975012  0.79851422 -1.25342713  1.60970089  2.51854812
  1.27219258  0.25488773 -1.02866968  2.60959468  0.82338582 -2.21291111
  0.04001073  1.71901237  1.052313   -0.67017691 -2.31897562  2.42566706
  2.01970361  1.70048279  2.254701    1.82299526 -2.02883634 -2.85007265
  0.5967358   1.36907688 -2.41559595 -1.30180286  2.42770614  1.29749483
 -0.00496499 -1.71814339 -1.5152254   1.97368946  1.47582154 -0.79011363
 -0.15361481 -0.38883275 -0.18963179  2.44115307 -0.49687101 -0.65466988
  1.02981303 -2.29407352  0.98122136  2.58003119 -0.51299518  2.15372317
 -1.97178218 -0.89947088 -2.39078636 -2.29268222 -1.41617956 -2.91193791
  1.57975189  1.80840875  1.61386577  1.05641844  1.40763095 -2.33142554
 -2.68046885  1.70546028  1.00120278 -0.41954913 -2.60832066  1.59013015
 -1.25209824 -2.48843762  0.0405619 ]
Thu Jun 13 21:26:53 2024,312,0.11973402009798143,[-2.85266646  2.18134252 -1.67276919  0.15129746  0.48695372 -3.17542586
  3.22084898  2.0918206   1.05543921 -0.97363833  0.57469158  1.33314603
  1.33122387 -1.88264824  0.80674354  2.92338365 -0.43055799 -0.43271291
 -1.92080688  0.75474196  1.61280513  2.87506022 -1.4119933  -0.39694304
 -2.20496507 -2.09402863  3.08467897  2.76436935 -0.75925829 -2.64365716
  1.55783127 -0.19507874 -2.40957584  1.8717278   1.09994355 -0.61488041
  1.11558469 -2.00682655 -0.24744295  2.2779991  -0.19241802  0.56208773
  2.4200294   0.57031827  2.64863331  2.8580685   2.77781586 -2.92089891
  0.30411174 -0.41826469  1.70035189  2.97781017 -0.39292554 -2.40878313
  2.71647194 -3.16077801  0.59739063 -0.71452644 -1.7398795   3.11518616
 -1.92861856 -1.65632366 -2.56601545  2.38751769 -2.16967     1.95659424
  1.75659785  1.47095932  2.49788159  2.91993976  1.94670569  1.47698641
 -1.77276864 -2.35933027  1.18962461  0.55356493  1.61568591 -2.81660883
 -0.1353964   2.53374134 -1.16228976  1.20692953  1.24122444  0.63479517
 -0.9615138   1.12773126  0.82282245 -0.3744462   2.79718488 -2.13511188
  1.58516661 -0.62121252  1.00323453 -3.25921205 -2.24114709  0.36096492
 -1.10786555 -0.41791508  0.28916322  0.04585132 -1.78528129 -0.18345769
 -0.63643666  2.87808494 -1.07666991 -1.22122221 -1.10438157  1.27761708
  1.63137327 -0.85898455  2.10688659 -1.61562907 -0.25664453 -0.90288917
 -2.97444753  3.07975466 -1.75039867  3.02255635 -1.37248329 -2.4602393
  3.61260541 -1.14847822 -0.71349824 -2.9722495  -2.55621396  2.97770359
 -1.96984634 -1.68157461 -0.43165144  3.00344551  0.12406824  0.02021853
 -1.645371   -0.13418061 -1.59131223 -3.09351     2.93630855  1.18457314
 -0.32884853 -2.32998907  1.0094494  -1.18917572 -0.26040694 -2.1388938
 -1.93132718  1.76067259 -0.97793688  2.58149272 -0.47481745 -3.10298764
 -2.81805308  1.95450246 -3.07060245 -0.24178276 -1.03420352 -0.15947791
  2.36684631  1.74162245 -0.19637746 -1.93021834 -3.0059943   0.11864912
 -0.80514408  1.47834734 -2.52286124  0.95475165 -0.12459233  0.16556761
  2.00338415  0.7099132   0.79835114 -1.25359021  1.60953781  2.51838504
  1.27235566  0.25505081 -1.02883276  2.60975776  0.82322274 -2.21307419
  0.03984765  1.71917545  1.05247608 -0.67033999 -2.31881254  2.42583014
  2.01986669  1.70031971  2.25486408  1.82283218 -2.02867326 -2.85023573
  0.59657272  1.36923996 -2.41543287 -1.30196594  2.42754306  1.29765791
 -0.00512807 -1.71830647 -1.51538848  1.97352638  1.47598462 -0.78995055
 -0.15377789 -0.38899583 -0.18979486  2.44098999 -0.49670793 -0.6545068
  1.02997611 -2.2942366   0.98105828  2.57986811 -0.51315826  2.15388625
 -1.97194526 -0.89963396 -2.39094944 -2.2928453  -1.41601648 -2.91177483
  1.57991497  1.80857183  1.61370269  1.05658152  1.40746787 -2.33126246
 -2.68063193  1.70562336  1.00136586 -0.41938605 -2.60815758  1.58996707
 -1.25226132 -2.4886007   0.04072498]
Thu Jun 13 21:27:11 2024,313,0.11967427403949389,[-2.85344243  2.18056655 -1.67199322  0.1505215   0.48772969 -3.17464989
  3.22007302  2.09259657  1.05466324 -0.97441429  0.57546754  1.33392199
  1.33044791 -1.88187228  0.80596757  2.92260769 -0.43133396 -0.43193694
 -1.92158285  0.75551792  1.61202917  2.87428425 -1.41121734 -0.39616707
 -2.20418911 -2.09480459  3.08545494  2.76514531 -0.75848233 -2.64443313
  1.55860724 -0.1958547  -2.40879988  1.87250377  1.09916758 -0.61410445
  1.11480873 -2.00760251 -0.24821891  2.27722313 -0.19319399  0.56286369
  2.42080536  0.57109423  2.64940927  2.85729254  2.77859183 -2.92167488
  0.3048877  -0.41748873  1.69957592  2.9770342  -0.39214958 -2.40955909
  2.71569598 -3.16155397  0.59661466 -0.7153024  -1.73910353  3.11596212
 -1.92939452 -1.65709963 -2.56523949  2.38674173 -2.16889404  1.95737021
  1.75582188  1.47018335  2.49710563  2.91916379  1.94748165  1.47621045
 -1.77199268 -2.3585543   1.18884865  0.55434089  1.61490995 -2.81738479
 -0.13617237  2.5345173  -1.16306573  1.2077055   1.24044847  0.6340192
 -0.96228976  1.12695529  0.82359842 -0.37522216  2.79796085 -2.13588784
  1.58594257 -0.62198848  1.0040105  -3.25843608 -2.24192306  0.36018896
 -1.10864151 -0.41869105  0.28993919  0.04507536 -1.78605726 -0.18268172
 -0.6356607   2.87730898 -1.07589395 -1.22044624 -1.1036056   1.27684112
  1.63214924 -0.85820859  2.10611062 -1.6148531  -0.25586856 -0.90366514
 -2.9752235   3.08053062 -1.7496227   3.02333231 -1.37325925 -2.45946333
  3.61338137 -1.14925419 -0.71272227 -2.97147354 -2.55698992  2.97692762
 -1.97062231 -1.68235058 -0.43242741  3.00422147  0.12329228  0.01944256
 -1.64459504 -0.13340464 -1.59208819 -3.09428596  2.93708451  1.18379718
 -0.32962449 -2.32921311  1.01022536 -1.18995169 -0.26118291 -2.13811783
 -1.93210314  1.76144856 -0.97871284  2.58071676 -0.47559342 -3.10221168
 -2.81882905  1.9537265  -3.06982649 -0.24255873 -1.03342755 -0.15870195
  2.36762228  1.74239842 -0.19715342 -1.9309943  -3.00677027  0.11787315
 -0.80436811  1.4791233  -2.5236372   0.95397568 -0.12381636  0.16634358
  2.00416012  0.70913723  0.79757518 -1.25436618  1.61031377  2.51760907
  1.2715797   0.25582677 -1.02960873  2.6089818   0.82244677 -2.21229822
  0.04062362  1.71995142  1.05325205 -0.67111595 -2.31803657  2.42505418
  2.01909072  1.69954374  2.25564005  1.82205622 -2.02789729 -2.8510117
  0.59734868  1.37001593 -2.41465691 -1.30118998  2.42676709  1.29843388
 -0.00435211 -1.71908243 -1.51616444  1.97430235  1.47676059 -0.78917458
 -0.15300193 -0.38977179 -0.1890189   2.44176595 -0.4974839  -0.65373083
  1.03075208 -2.29501257  0.98183424  2.58064408 -0.51393423  2.15311028
 -1.9711693  -0.898858   -2.39017347 -2.29362127 -1.41679244 -2.9125508
  1.57913901  1.80779586  1.61292672  1.05580556  1.40824384 -2.33048649
 -2.68140789  1.70639933  1.0005899  -0.41861008 -2.60893354  1.58919111
 -1.25148536 -2.48782473  0.04150094]
Thu Jun 13 21:27:28 2024,314,0.1193266477498844,[-2.85641405  2.17759493 -1.67496485  0.15349312  0.48475806 -3.17762152
  3.21710139  2.09556819  1.05763487 -0.97738592  0.57843917  1.33689362
  1.32747628 -1.8848439   0.80299595  2.92557931 -0.42836234 -0.43490857
 -1.92455447  0.7525463   1.60905754  2.87131263 -1.40824571 -0.39319545
 -2.20121748 -2.09777622  3.08842656  2.76217369 -0.7555107  -2.6414615
  1.56157886 -0.19288308 -2.40582825  1.87547539  1.10213921 -0.61113282
  1.1118371  -2.01057414 -0.24524729  2.27425151 -0.19616561  0.56583532
  2.41783374  0.57406586  2.64643765  2.86026416  2.77562021 -2.9246465
  0.30785933 -0.4145171   1.70254755  2.98000583 -0.38917795 -2.40658747
  2.71272435 -3.15858235  0.59364304 -0.71827403 -1.73613191  3.11893375
 -1.93236615 -1.654128   -2.56821111  2.3837701  -2.16592241  1.96034183
  1.75879351  1.47315497  2.494134    2.91619217  1.94451003  1.47918207
 -1.7749643  -2.35558268  1.18587702  0.55136927  1.61788157 -2.81441317
 -0.13914399  2.53748893 -1.1600941   1.21067712  1.2434201   0.63699082
 -0.96526139  1.12398367  0.82657004 -0.37819379  2.80093247 -2.13291622
  1.5889142  -0.61901686  1.00698212 -3.25546446 -2.23895144  0.36316058
 -1.10566989 -0.42166267  0.28696756  0.04804698 -1.78308563 -0.1797101
 -0.63863232  2.87433735 -1.07886557 -1.21747462 -1.10657722  1.27981274
  1.63512086 -0.85523696  2.103139   -1.61188148 -0.25884019 -0.90663676
 -2.97225188  3.08350225 -1.75259432  3.02036069 -1.37028763 -2.46243496
  3.616353   -1.15222581 -0.70975065 -2.97444516 -2.5540183   2.973956
 -1.97359393 -1.67937896 -0.43539903  3.00124985  0.1262639   0.02241419
 -1.64756666 -0.13637627 -1.58911657 -3.09131434  2.94005614  1.1867688
 -0.33259612 -2.33218473  1.00725374 -1.19292331 -0.25821128 -2.14108946
 -1.92913152  1.76442018 -0.97574122  2.58368838 -0.47262179 -3.09924005
 -2.81585743  1.95075487 -3.07279811 -0.24553035 -1.03045593 -0.15573032
  2.36465065  1.74537004 -0.20012505 -1.92802268 -3.00974189  0.12084478
 -0.80733973  1.48209493 -2.52066558  0.95100406 -0.12678799  0.1693152
  2.00713174  0.71210886  0.8005468  -1.2573378   1.6132854   2.5205807
  1.27455132  0.25285515 -1.03258035  2.60601017  0.81947515 -2.2093266
  0.04359524  1.72292304  1.05028043 -0.66814433 -2.32100819  2.42208255
  2.02206235  1.70251537  2.25266842  1.81908459 -2.03086892 -2.84804007
  0.59437706  1.36704431 -2.41168528 -1.29821835  2.42379547  1.3014055
 -0.00732373 -1.72205406 -1.51319282  1.97133072  1.47973221 -0.7921462
 -0.1500303  -0.38680017 -0.19199052  2.43879433 -0.50045552 -0.65670246
  1.0337237  -2.29798419  0.98480587  2.57767245 -0.51096261  2.15013866
 -1.96819767 -0.90182962 -2.3931451  -2.29659289 -1.41976407 -2.90957917
  1.57616738  1.80482424  1.61589835  1.05283393  1.41121546 -2.32751487
 -2.68437952  1.70937095  0.99761827 -0.41563846 -2.61190517  1.58621948
 -1.24851373 -2.49079636  0.04447257]
Thu Jun 13 21:27:45 2024,315,0.11912576547882925,[-2.85861896  2.17979984 -1.67275994  0.15569803  0.48696297 -3.17982643
  3.21489648  2.0977731   1.05542996 -0.97959083  0.57623425  1.3346887
  1.32527137 -1.88263899  0.80520086  2.9233744  -0.42615742 -0.43711348
 -1.92675938  0.75034139  1.60685263  2.86910772 -1.41045062 -0.39540036
 -2.19901257 -2.09998113  3.08622165  2.7643786  -0.75330579 -2.64366642
  1.55937395 -0.19067817 -2.40803316  1.87327048  1.09993429 -0.61333774
  1.10963219 -2.01277905 -0.24304237  2.27645642 -0.1939607   0.56363041
  2.42003865  0.57627077  2.64864256  2.85805925  2.77782512 -2.92685141
  0.31006424 -0.41231219  1.70475246  2.98221074 -0.38697304 -2.40879238
  2.71492926 -3.16078726  0.59143812 -0.72047894 -1.733927    3.12113866
 -1.93457106 -1.65192309 -2.5660062   2.38597502 -2.1637175   1.95813692
  1.76099842  1.47095006  2.49192909  2.91398725  1.94671494  1.48138698
 -1.77716922 -2.35337777  1.18367211  0.55357418  1.61567666 -2.81220826
 -0.1413489   2.53528402 -1.16229901  1.21288204  1.24562501  0.63919574
 -0.9674663   1.12618858  0.82436513 -0.3803987   2.79872756 -2.13071131
  1.58670928 -0.62122177  1.00918703 -3.25325954 -2.24115635  0.36095567
 -1.1078748  -0.42386759  0.28476265  0.04584207 -1.78529054 -0.17750519
 -0.64083723  2.87213244 -1.07666066 -1.21967953 -1.10878214  1.27760783
  1.63291595 -0.85744188  2.10093408 -1.60967657 -0.25663528 -0.90443185
 -2.97004696  3.08570716 -1.75479924  3.0225656  -1.37249254 -2.46463987
  3.61855791 -1.1500209  -0.70754574 -2.97224025 -2.55622321  2.97616091
 -1.97579884 -1.67717404 -0.43319412  2.99904494  0.12405899  0.02020928
 -1.64977157 -0.13417136 -1.58691165 -3.09351925  2.94226105  1.18897371
 -0.33480103 -2.32997982  1.00504883 -1.1907184  -0.25600637 -2.13888455
 -1.93133643  1.76662509 -0.97794613  2.58148347 -0.47041688 -3.09703514
 -2.81806234  1.95295979 -3.0705932  -0.24332544 -1.02825102 -0.15352541
  2.36685556  1.74316513 -0.20232996 -1.92581776 -3.01194681  0.12304969
 -0.80513482  1.47989001 -2.51846067  0.95320897 -0.12458307  0.17152011
  2.00933665  0.71431377  0.80275171 -1.25513289  1.61108048  2.51837579
  1.27234641  0.25506006 -1.03478526  2.60380526  0.82168006 -2.21153151
  0.04580015  1.72071813  1.04807551 -0.66593942 -2.32321311  2.42428747
  2.02426726  1.70031045  2.25046351  1.8212895  -2.02866401 -2.85024499
  0.59217215  1.36924922 -2.40948037 -1.29601344  2.42600038  1.30361042
 -0.00511882 -1.71984915 -1.51098791  1.97353563  1.4775273  -0.78994129
 -0.15223522 -0.38459526 -0.18978561  2.43658942 -0.49825061 -0.65449755
  1.03151879 -2.29577928  0.98701078  2.57987736 -0.50875769  2.14793374
 -1.96599276 -0.89962471 -2.39535001 -2.2987978  -1.42196898 -2.90737426
  1.5783723   1.80261933  1.61810326  1.05062902  1.41342037 -2.32971978
 -2.68658443  1.70716604  0.99541336 -0.41343354 -2.61411008  1.58401457
 -1.24630882 -2.48859144  0.04667748]
Thu Jun 13 21:28:08 2024,316,0.11893450479960418,[-2.8606331   2.18181398 -1.67477408  0.15368389  0.48494883 -3.17781229
  3.21691062  2.09575896  1.0574441  -0.98160497  0.5782484   1.33670285
  1.32325723 -1.88465313  0.807215    2.92136026 -0.42414328 -0.43912762
 -1.92474524  0.74832724  1.60886677  2.86709357 -1.41246477 -0.39338622
 -2.19699843 -2.10199527  3.08420751  2.76236446 -0.75129165 -2.64568056
  1.55735981 -0.19269231 -2.41004731  1.87125634  1.09792015 -0.61132359
  1.10761805 -2.01479319 -0.24102823  2.27847056 -0.19597484  0.56564455
  2.41802451  0.57828491  2.64662842  2.85604511  2.77983926 -2.92483727
  0.3080501  -0.41029805  1.70273831  2.98422488 -0.38898718 -2.41080652
  2.71291512 -3.15877312  0.59345227 -0.7184648  -1.73594114  3.1231528
 -1.93255692 -1.64990895 -2.56399206  2.38396087 -2.16170336  1.96015106
  1.76301256  1.46893592  2.49394323  2.91197311  1.9447008   1.47937284
 -1.77515507 -2.35539191  1.18165797  0.55156004  1.6176908  -2.8142224
 -0.13933476  2.53326987 -1.16431316  1.21489618  1.24763915  0.63718159
 -0.96545215  1.12820273  0.82637927 -0.37838456  2.8007417  -2.13272545
  1.58872343 -0.62323591  1.00717289 -3.25527369 -2.2391422   0.35894153
 -1.10586066 -0.42588173  0.28677679  0.04785621 -1.7832764  -0.17549104
 -0.63882309  2.8701183  -1.0786748  -1.22169367 -1.11079628  1.27962197
  1.63090181 -0.85542773  2.09891994 -1.60766242 -0.25864942 -0.906446
 -2.96803282  3.0877213  -1.75681338  3.02457974 -1.37450668 -2.46262573
  3.62057205 -1.15203504 -0.70955988 -2.97425439 -2.55420907  2.97414677
 -1.97781299 -1.6751599  -0.43520826  3.00105908  0.12204485  0.01819513
 -1.64775743 -0.1361855  -1.5889258  -3.09150511  2.94427519  1.19098785
 -0.33278689 -2.33199396  1.00706297 -1.18870426 -0.25399223 -2.1368704
 -1.92932229  1.76863924 -0.97996027  2.58349761 -0.46840274 -3.09904928
 -2.82007648  1.95094564 -3.07260734 -0.2413113  -1.03026516 -0.15553956
  2.36484142  1.74115099 -0.2043441  -1.92783191 -3.01396095  0.12103555
 -0.80714897  1.47787587 -2.52047481  0.95522311 -0.12256893  0.17353426
  2.0113508   0.71229963  0.80073757 -1.25714704  1.61309463  2.51636164
  1.27033227  0.2570742  -1.03679941  2.6058194   0.81966592 -2.21354565
  0.04378601  1.71870399  1.05008966 -0.66795356 -2.32119896  2.42630161
  2.02225312  1.69829631  2.25247765  1.82330365 -2.03067815 -2.85225913
  0.59418629  1.37126336 -2.40746623 -1.29802758  2.42398624  1.30562456
 -0.00713296 -1.717835   -1.51300205  1.97554978  1.47551316 -0.78792715
 -0.15424936 -0.3866094  -0.19179975  2.43860356 -0.50026475 -0.65651169
  1.03353293 -2.29779342  0.98499664  2.57786322 -0.50674355  2.14994789
 -1.9680069  -0.89761057 -2.39333587 -2.29678366 -1.42398312 -2.90536012
  1.57635815  1.80060518  1.61608912  1.04861488  1.41140623 -2.32770564
 -2.68859857  1.7051519   0.9974275  -0.41544769 -2.61209594  1.58602871
 -1.24832296 -2.49060559  0.04466334]
Thu Jun 13 21:28:27 2024,317,0.11891562212936493,[-2.86082943  2.18161766 -1.67457776  0.15388021  0.48475251 -3.17800861
  3.21710695  2.09556264  1.05724778 -0.98140865  0.57844472  1.33689917
  1.32306091 -1.88445681  0.80701868  2.92155658 -0.42394696 -0.43932395
 -1.92454892  0.74813092  1.6090631   2.86689725 -1.41266109 -0.39318989
 -2.19719475 -2.10219159  3.08401119  2.76256078 -0.75148797 -2.64548424
  1.55716349 -0.19249598 -2.41024363  1.87106001  1.09772383 -0.61151992
  1.10781437 -2.01498952 -0.24083191  2.27866688 -0.19617117  0.56584087
  2.41782818  0.57808859  2.64682474  2.85584878  2.78003558 -2.92464095
  0.30824642 -0.41010173  1.70293464  2.98402856 -0.38918351 -2.4106102
  2.7127188  -3.15896944  0.59364859 -0.71866112 -1.73613746  3.12295648
 -1.93275324 -1.65010527 -2.56379574  2.38376455 -2.16150703  1.95995474
  1.76320888  1.4687396   2.49374691  2.91177679  1.94489712  1.47956916
 -1.7753514  -2.35519559  1.18146164  0.55136371  1.61749448 -2.81441872
 -0.13913844  2.5334662  -1.16450948  1.21469986  1.24744283  0.63698527
 -0.96525583  1.12839905  0.82618295 -0.37858088  2.80093803 -2.13292177
  1.5885271  -0.62303959  1.00697657 -3.25507736 -2.23894588  0.3587452
 -1.10566433 -0.4256854   0.28658047  0.04805254 -1.78347272 -0.17568737
 -0.63862677  2.87031462 -1.07887113 -1.22149735 -1.1109926   1.2798183
  1.63109813 -0.85562406  2.09872362 -1.6074661  -0.2584531  -0.90664232
 -2.96822914  3.08791763 -1.75661706  3.02438342 -1.374703   -2.4624294
  3.62076838 -1.15183872 -0.7097562  -2.97445072 -2.55440539  2.97395045
 -1.97800931 -1.67535622 -0.43501194  3.0012554   0.12224117  0.01799881
 -1.64756111 -0.13598917 -1.58872947 -3.09170143  2.94407887  1.19079153
 -0.33259056 -2.33219029  1.00686664 -1.18890058 -0.25418855 -2.13667408
 -1.92951861  1.76844291 -0.97976395  2.58330129 -0.46820642 -3.09924561
 -2.81988016  1.95114197 -3.07280367 -0.24111497 -1.03006884 -0.15534323
  2.36503775  1.74134731 -0.20454042 -1.92802823 -3.01376462  0.12123187
 -0.80734529  1.47767955 -2.52067113  0.95502679 -0.12237261  0.17333793
  2.01115447  0.7121033   0.80054125 -1.25734336  1.6128983   2.51616532
  1.27052859  0.25687788 -1.03699573  2.60562308  0.81946959 -2.21334933
  0.04398233  1.71890031  1.04989333 -0.66814988 -2.32139529  2.42649793
  2.02205679  1.69849264  2.25228133  1.82349997 -2.03048183 -2.85206281
  0.59398997  1.37106704 -2.40766255 -1.29783126  2.42418256  1.30542823
 -0.00732929 -1.71803133 -1.51280573  1.9757461   1.47570948 -0.78812347
 -0.15444568 -0.38680572 -0.19160343  2.43879988 -0.50046108 -0.65670801
  1.03372926 -2.2975971   0.98519296  2.5776669  -0.50654723  2.14975156
 -1.96781058 -0.89780689 -2.39313954 -2.29658734 -1.4237868  -2.9051638
  1.57655448  1.80040886  1.61589279  1.0488112   1.41120991 -2.32750931
 -2.68840225  1.70495558  0.99723118 -0.41525136 -2.61229226  1.58622504
 -1.24851929 -2.49080191  0.04446701]
Thu Jun 13 21:28:43 2024,318,0.1188068994792912,[-2.86209213  2.18288036 -1.67331506  0.15261752  0.48601521 -3.17927131
  3.21584425  2.09429994  1.05851047 -0.98014595  0.57718202  1.33563647
  1.3243236  -1.88571951  0.80575598  2.92029388 -0.42268426 -0.43806125
 -1.92328622  0.74686822  1.61032579  2.86563455 -1.41392379 -0.3919272
 -2.19845745 -2.1009289   3.08527388  2.76129808 -0.75275067 -2.64422154
  1.55842618 -0.19123329 -2.41150633  1.87232271  1.09898653 -0.61025722
  1.10655167 -2.01625221 -0.23956921  2.27740419 -0.19743387  0.56710357
  2.41909088  0.57682589  2.64556204  2.85711148  2.78129828 -2.92337825
  0.30698372 -0.40883903  1.70419734  2.98276586 -0.38792081 -2.4093475
  2.71398149 -3.16023214  0.59491129 -0.71739842 -1.73740016  3.12421918
 -1.93149054 -1.64884257 -2.56505843  2.38250185 -2.16276973  1.95869204
  1.76194619  1.47000229  2.49248421  2.91303949  1.94363442  1.47830647
 -1.7740887  -2.35393289  1.18272434  0.55262641  1.61875718 -2.81568142
 -0.13787574  2.53472889 -1.16577218  1.21596255  1.24618013  0.63824797
 -0.96399313  1.12966175  0.82492025 -0.37984358  2.80220072 -2.13165907
  1.5897898  -0.62177689  1.00823926 -3.25634006 -2.24020858  0.3574825
 -1.10440164 -0.42442271  0.28784317  0.04678984 -1.78473542 -0.17695007
 -0.63736407  2.86905193 -1.07760843 -1.22023465 -1.1122553   1.28108099
  1.63236083 -0.85436136  2.09746092 -1.6087288  -0.25971579 -0.90790502
 -2.96949184  3.08918032 -1.75787975  3.02312072 -1.3759657  -2.46116671
  3.62203107 -1.15310142 -0.7110189  -2.97571342 -2.55566809  2.97268775
 -1.97927201 -1.67409353 -0.43374924  2.9999927   0.12350387  0.01926151
 -1.64629841 -0.13725187 -1.58999217 -3.09043873  2.94534157  1.19205423
 -0.33132787 -2.33092759  1.00812934 -1.19016328 -0.25545125 -2.13541138
 -1.92825592  1.76718022 -0.98102665  2.58203859 -0.46694372 -3.1005083
 -2.81861746  1.94987927 -3.07154097 -0.24237767 -1.02880614 -0.15408053
  2.36630044  1.74261001 -0.20580312 -1.92929093 -3.01502732  0.11996917
 -0.80608259  1.47641685 -2.52193383  0.95376409 -0.12363531  0.17207523
  2.00989177  0.713366    0.79927855 -1.25608066  1.61163561  2.51742802
  1.26926589  0.25814058 -1.03825843  2.60436038  0.8182069  -2.21461202
  0.04271964  1.71763761  1.04863063 -0.66941258 -2.32265799  2.42523523
  2.02331949  1.69722994  2.25354403  1.82223727 -2.03174452 -2.85080011
  0.59525266  1.37232973 -2.40639985 -1.29909396  2.42291986  1.30416554
 -0.00606659 -1.71929402 -1.51154303  1.9770088   1.47444679 -0.78938617
 -0.15318298 -0.38554303 -0.19286613  2.43753718 -0.49919838 -0.65544531
  1.03246656 -2.2988598   0.98393026  2.5789296  -0.50780992  2.14848887
 -1.96654788 -0.89654419 -2.39187685 -2.29785004 -1.4225241  -2.90642649
  1.57529178  1.79914616  1.61463009  1.0500739   1.4124726  -2.32624662
 -2.68966495  1.70621827  0.99596848 -0.41398867 -2.61355496  1.58496234
 -1.24978198 -2.49206461  0.04572971]
Thu Jun 13 21:28:59 2024,319,0.11870564132773824,[-2.85982086  2.18060909 -1.67104379  0.15488878  0.48374394 -3.17700004
  3.21811552  2.09657121  1.05623921 -0.97787468  0.57945329  1.3333652
  1.32205234 -1.88799078  0.80348471  2.92256515 -0.42495553 -0.44033252
 -1.92555749  0.74913949  1.61259706  2.86790582 -1.41619506 -0.39419846
 -2.19618618 -2.10320016  3.08754515  2.76356935 -0.7504794  -2.64649281
  1.55615492 -0.19350455 -2.4137776   1.87459398  1.10125779 -0.60798595
  1.10882294 -2.01398095 -0.23729794  2.27513292 -0.1951626   0.56937484
  2.41681961  0.57909716  2.64329078  2.85484021  2.78356955 -2.92110698
  0.30471245 -0.40656776  1.7064686   2.98049459 -0.39019208 -2.40707623
  2.71171023 -3.15796087  0.59718256 -0.71966969 -1.73512889  3.12194791
 -1.93376181 -1.65111384 -2.5673297   2.38023058 -2.165041    1.96096331
  1.75967492  1.46773103  2.49021294  2.91076822  1.94590569  1.4760352
 -1.77181743 -2.35620416  1.18045307  0.55035514  1.61648591 -2.81341015
 -0.14014701  2.53245763 -1.16350091  1.21369129  1.24390886  0.64051924
 -0.9662644   1.13193301  0.82264898 -0.37757231  2.80447199 -2.12938781
  1.59206107 -0.62404816  1.005968   -3.25861133 -2.24247985  0.35975377
 -1.1066729  -0.42215144  0.2855719   0.04906111 -1.78700669 -0.17922133
 -0.6350928   2.87132319 -1.0798797  -1.21796338 -1.10998403  1.27880973
  1.6346321  -0.85209009  2.09518965 -1.60645753 -0.26198706 -0.90563375
 -2.97176311  3.08690906 -1.76015102  3.02084945 -1.37369443 -2.46343797
  3.62430234 -1.15537268 -0.70874763 -2.97344215 -2.55339682  2.97041648
 -1.97700074 -1.67182226 -0.43602051  3.00226397  0.12577514  0.01699024
 -1.64402714 -0.13952314 -1.5877209  -3.08816747  2.94761284  1.1943255
 -0.33359913 -2.32865632  1.00585807 -1.18789201 -0.25317998 -2.13768265
 -1.92598465  1.76945148 -0.97875538  2.58430986 -0.46921499 -3.09823704
 -2.81634619  1.947608   -3.07381224 -0.24464894 -1.03107741 -0.1563518
  2.36857171  1.74033874 -0.20807439 -1.9315622  -3.01729859  0.11769791
 -0.80835386  1.47414558 -2.51966256  0.95603536 -0.12590657  0.1743465
  2.01216304  0.71563727  0.79700728 -1.25380939  1.61390687  2.51515675
  1.27153716  0.26041184 -1.03598716  2.60663165  0.81593563 -2.21234076
  0.0449909   1.71990888  1.04635937 -0.66714131 -2.32038672  2.4275065
  2.02104822  1.69495867  2.25127276  1.82450854 -2.03401579 -2.84852884
  0.5929814   1.374601   -2.40412859 -1.30136523  2.42519113  1.30189427
 -0.00379532 -1.71702276 -1.5138143   1.97473753  1.47671805 -0.7871149
 -0.15091172 -0.38327176 -0.19059486  2.43526592 -0.50146965 -0.65771658
  1.03473783 -2.30113107  0.98620153  2.58120086 -0.50553866  2.15076013
 -1.96427662 -0.89881546 -2.39414811 -2.29557877 -1.42025283 -2.90869776
  1.57756305  1.80141743  1.61690136  1.04780263  1.41020134 -2.32397535
 -2.68739368  1.70394701  0.99369721 -0.41625993 -2.61582622  1.58269107
 -1.25205325 -2.48979334  0.04345844]
Thu Jun 13 21:29:14 2024,320,0.11868740071861525,[-2.86106689  2.17936306 -1.66979776  0.15364275  0.4824979  -3.17575401
  3.21936155  2.09781724  1.05499317 -0.97912072  0.57820726  1.33211917
  1.3208063  -1.88923681  0.80473075  2.92381118 -0.42620156 -0.44157855
 -1.92431145  0.75038552  1.61384309  2.86915185 -1.41494902 -0.3954445
 -2.19743221 -2.1044462   3.08629912  2.76481538 -0.74923337 -2.64524677
  1.55490888 -0.19225852 -2.41253156  1.87584001  1.10001176 -0.60923198
  1.10757691 -2.01522698 -0.23854398  2.27637895 -0.19640863  0.5681288
  2.41557358  0.58034319  2.64204474  2.85359418  2.78232352 -2.91986095
  0.30346642 -0.40532173  1.70771464  2.97924856 -0.38894604 -2.40832227
  2.71295626 -3.15920691  0.59593652 -0.72091572 -1.73637493  3.12070188
 -1.93251578 -1.65235987 -2.56608367  2.38147662 -2.16379497  1.96220934
  1.75842889  1.46897706  2.48896691  2.90952219  1.94715172  1.47478916
 -1.77306346 -2.35745019  1.18169911  0.55160117  1.61523988 -2.81465619
 -0.13890098  2.53370366 -1.16225488  1.21493732  1.24515489  0.64176527
 -0.96501837  1.13068698  0.82140295 -0.37632628  2.80571802 -2.13063384
  1.59081504 -0.62280213  1.00472196 -3.2573653  -2.24123381  0.3609998
 -1.10542687 -0.42339747  0.28432587  0.04781507 -1.78576066 -0.1779753
 -0.63384677  2.87256923 -1.07863366 -1.21920942 -1.11123007  1.27756369
  1.63338606 -0.85084406  2.09643569 -1.6052115  -0.26074103 -0.90438772
 -2.97051708  3.08815509 -1.75890499  3.01960342 -1.37494047 -2.46219194
  3.62305631 -1.15412665 -0.70999367 -2.97219611 -2.55215079  2.97166251
 -1.97824677 -1.67306829 -0.43726654  3.00101794  0.12702117  0.01574421
 -1.64527318 -0.14076917 -1.58896694 -3.0894135   2.94885887  1.19557153
 -0.3323531  -2.32741029  1.00461204 -1.18913804 -0.25442602 -2.13892868
 -1.92723068  1.76820545 -0.98000141  2.58555589 -0.47046102 -3.09948307
 -2.81759222  1.94885403 -3.0725662  -0.24589497 -1.03232344 -0.15759783
  2.36981774  1.73909271 -0.20682836 -1.93031616 -3.01605256  0.11645187
 -0.80959989  1.47289955 -2.52090859  0.95728139 -0.12466054  0.17559253
  2.01091701  0.7168833   0.79825331 -1.25505543  1.61515291  2.51640278
  1.27029113  0.25916581 -1.03723319  2.60538562  0.8146896  -2.21358679
  0.04623694  1.71866285  1.0476054  -0.66589528 -2.31914068  2.42626047
  2.02229426  1.6962047   2.25251879  1.82575457 -2.03526182 -2.84728281
  0.59422743  1.37584703 -2.40288255 -1.30011919  2.42643716  1.30064824
 -0.00504135 -1.71577672 -1.51256826  1.9734915   1.47796409 -0.78836094
 -0.14966568 -0.38202573 -0.18934883  2.43401988 -0.50271568 -0.65896261
  1.03349179 -2.3023771   0.9849555   2.5824469  -0.50678469  2.15200617
 -1.96303058 -0.89756943 -2.39539415 -2.2968248  -1.4190068  -2.90745173
  1.57631701  1.80266346  1.61565533  1.0465566   1.4089553  -2.32272932
 -2.68614765  1.70519304  0.99245118 -0.4150139  -2.61707226  1.5839371
 -1.25080722 -2.48854731  0.04470448]
Thu Jun 13 21:29:30 2024,321,0.11861008433254065,[-2.86236304  2.1780669  -1.66850161  0.1549389   0.48120175 -3.17445785
  3.2180654   2.09911339  1.05369702 -0.97782456  0.57691111  1.33082302
  1.31951015 -1.89053296  0.8060269   2.92510733 -0.42749771 -0.4402824
 -1.9230153   0.75168168  1.61254694  2.8678557  -1.41624518 -0.39674065
 -2.19872837 -2.10315004  3.08759527  2.76611154 -0.74793722 -2.64654293
  1.55361273 -0.19355467 -2.41382772  1.87454386  1.10130791 -0.60793583
  1.10887306 -2.01652313 -0.23724782  2.2776751  -0.19770478  0.56942496
  2.41427743  0.58163934  2.6433409   2.85489033  2.78102736 -2.9211571
  0.30217027 -0.40402557  1.70901079  2.97795241 -0.3902422  -2.40702611
  2.71166011 -3.15791075  0.59464037 -0.71961957 -1.73507877  3.12199803
 -1.93121962 -1.65106372 -2.56478751  2.38277277 -2.16509112  1.96091319
  1.75713273  1.47027321  2.48767076  2.90822603  1.94585557  1.47608532
 -1.77176731 -2.35874634  1.18299526  0.55289733  1.61653603 -2.81336003
 -0.14019713  2.53499981 -1.16095872  1.21364117  1.24385874  0.64306142
 -0.96372222  1.12939083  0.8226991  -0.37503013  2.80701418 -2.13192999
  1.58951888 -0.62409828  1.00342581 -3.25866145 -2.24252997  0.36229596
 -1.10413072 -0.42210132  0.28302971  0.04911123 -1.7844645  -0.17927145
 -0.63255062  2.87386538 -1.07733751 -1.22050557 -1.10993391  1.27626754
  1.63208991 -0.84954791  2.09513953 -1.60650765 -0.25944488 -0.90568387
 -2.96922092  3.08685894 -1.76020114  3.02089957 -1.37364432 -2.46089579
  3.62435246 -1.1554228  -0.70869751 -2.97089996 -2.55085464  2.97295867
 -1.97954292 -1.67177214 -0.43856269  2.99972179  0.12831732  0.01704036
 -1.64397702 -0.13947302 -1.59026309 -3.09070965  2.94756272  1.19427538
 -0.33105695 -2.32611413  1.00590819 -1.1904342  -0.25572217 -2.13763253
 -1.92593453  1.7669093  -0.98129756  2.58685205 -0.46916487 -3.10077922
 -2.81629607  1.94755788 -3.07386236 -0.24459882 -1.03102729 -0.15889399
  2.3711139   1.74038886 -0.2055322  -1.92902001 -3.0147564   0.11774803
 -0.81089604  1.4716034  -2.51961244  0.95857755 -0.12595669  0.17429638
  2.00962086  0.71817945  0.79695716 -1.25635158  1.61385675  2.51769894
  1.26899498  0.25786966 -1.03593704  2.60408946  0.81339344 -2.21229064
  0.04753309  1.719959    1.04890155 -0.66459913 -2.32043684  2.42755662
  2.02359041  1.69490855  2.25381494  1.82705072 -2.03655798 -2.84598665
  0.59293128  1.37714319 -2.40417871 -1.30141535  2.42773332  1.29935208
 -0.0037452  -1.71707288 -1.51386442  1.97219534  1.47926024 -0.78965709
 -0.15096184 -0.38072957 -0.18805268  2.43531604 -0.50401183 -0.66025877
  1.03478795 -2.30367325  0.98365935  2.58374305 -0.50548854  2.15330232
 -1.96432674 -0.89627328 -2.39409799 -2.29552865 -1.42030295 -2.90874788
  1.57502086  1.80395962  1.61435918  1.04526045  1.40765915 -2.32402547
 -2.68485149  1.70389689  0.99115503 -0.41371775 -2.6157761   1.58523326
 -1.25210337 -2.48725115  0.04600063]
Thu Jun 13 21:29:57 2024,322,0.11861023640641696,[-2.86178258  2.17748644 -1.66792114  0.15551937  0.48178221 -3.17387739
  3.21748493  2.09969385  1.05427748 -0.97840503  0.57749157  1.33024256
  1.32009061 -1.8899525   0.80544644  2.9256878  -0.42807817 -0.44086286
 -1.92359576  0.75226214  1.6131274   2.86727524 -1.41566471 -0.39616019
 -2.19930883 -2.10256958  3.08817573  2.76553107 -0.74851768 -2.64596246
  1.55419319 -0.19413514 -2.41324725  1.87512432  1.10072745 -0.60735537
  1.1082926  -2.01594267 -0.23666736  2.27825557 -0.19828525  0.57000542
  2.41369697  0.58105888  2.64276043  2.85430987  2.7804469  -2.92057664
  0.30158981 -0.40344511  1.70959125  2.97737195 -0.39082266 -2.40760657
  2.71107965 -3.15733029  0.59405991 -0.72020003 -1.73449831  3.12257849
 -1.93063916 -1.65048326 -2.56536798  2.38335323 -2.16567158  1.96149365
  1.7577132   1.47085367  2.4870903   2.90764557  1.94643603  1.47550486
 -1.77234777 -2.35816588  1.1824148   0.55231687  1.61595557 -2.81277957
 -0.13961667  2.53441935 -1.16153919  1.2130607   1.24327828  0.64364188
 -0.96314175  1.12997129  0.82211864 -0.37444966  2.80759464 -2.13134953
  1.59009935 -0.62467874  1.00400627 -3.25924191 -2.2419495   0.36287642
 -1.10355026 -0.42268178  0.28244925  0.04969169 -1.78504497 -0.17869099
 -0.63197015  2.87328492 -1.07675705 -1.22108603 -1.10935345  1.27568708
  1.63150945 -0.85012837  2.09455907 -1.60708811 -0.25886441 -0.90626433
 -2.96864046  3.08627847 -1.75962068  3.02148004 -1.37306385 -2.46031533
  3.62493292 -1.15484234 -0.70811705 -2.97148042 -2.55027417  2.9723782
 -1.97896246 -1.67119168 -0.43798223  3.00030225  0.12773686  0.01762082
 -1.64339656 -0.13889256 -1.59084355 -3.09012919  2.94814318  1.19485584
 -0.33163741 -2.3266946   1.00648866 -1.18985373 -0.25514171 -2.13821299
 -1.92651499  1.76748976 -0.98187803  2.58743251 -0.46974533 -3.10019876
 -2.81571561  1.94697742 -3.07328189 -0.24517928 -1.03160775 -0.15947445
  2.37169436  1.7398084  -0.20495174 -1.92960047 -3.01533687  0.11832849
 -0.81147651  1.47218386 -2.5201929   0.95915801 -0.12537623  0.17487684
  2.01020132  0.71759899  0.79753762 -1.25693204  1.61327629  2.5182794
  1.26957544  0.25845012 -1.03535658  2.60466993  0.81397391 -2.21171017
  0.04811355  1.72053946  1.04832109 -0.66517959 -2.3210173   2.42697616
  2.02417087  1.69432809  2.25439541  1.82763119 -2.03713844 -2.84540619
  0.59351174  1.37772365 -2.40359824 -1.30083488  2.42831378  1.29993255
 -0.00432566 -1.71649241 -1.51328395  1.97161488  1.47867978 -0.78907663
 -0.1515423  -0.38131003 -0.18863314  2.4358965  -0.5045923  -0.65967831
  1.03420748 -2.30309279  0.98423981  2.58432351 -0.506069    2.15388278
 -1.96374627 -0.89569281 -2.39467846 -2.29494819 -1.42088342 -2.90816742
  1.57560132  1.80454008  1.61377871  1.04467999  1.40707869 -2.32344501
 -2.68543195  1.70331642  0.99057457 -0.41313729 -2.61519564  1.58465279
 -1.25152291 -2.48783162  0.04658109]
Thu Jun 13 21:30:14 2024,323,0.11859663323466625,[-2.862232    2.17793586 -1.66837057  0.15596879  0.48133279 -3.17432681
  3.21793436  2.10014328  1.0547269  -0.9779556   0.57794099  1.33069198
  1.31964119 -1.88950308  0.80499701  2.92613722 -0.4285276  -0.44041344
 -1.92314634  0.75271156  1.61267798  2.86682582 -1.41521529 -0.39571076
 -2.19885941 -2.10212016  3.08862516  2.76508165 -0.7489671  -2.64641189
  1.55464262 -0.19458456 -2.41279783  1.8746749   1.10117687 -0.60690595
  1.10874202 -2.01549325 -0.23711678  2.27780614 -0.19873467  0.57045484
  2.41324754  0.58150831  2.64320986  2.85475929  2.77999748 -2.92102606
  0.30203923 -0.40389454  1.70914183  2.97782137 -0.39127208 -2.40715715
  2.71152907 -3.15777971  0.59361049 -0.71975061 -1.73494774  3.12302791
 -1.93108858 -1.65003384 -2.5658174   2.38290381 -2.16522216  1.96104423
  1.75726377  1.4713031   2.48664087  2.90809499  1.94598661  1.47595428
 -1.77189835 -2.3586153   1.18196537  0.55276629  1.61640499 -2.81322899
 -0.13916724  2.53396993 -1.16198861  1.21351013  1.24282886  0.64319246
 -0.96359118  1.12952187  0.82256807 -0.37489909  2.80714522 -2.13090011
  1.58964992 -0.62422932  1.00355685 -3.25879249 -2.24239893  0.362427
 -1.10399968 -0.42223236  0.28199983  0.04924226 -1.78459554 -0.17824157
 -0.63241958  2.87373434 -1.07720647 -1.22063661 -1.10980287  1.2761365
  1.63195887 -0.85057779  2.09500849 -1.60753754 -0.25931384 -0.90581491
 -2.96908988  3.0867279  -1.75917126  3.02192946 -1.37261443 -2.4598659
  3.62538235 -1.15529177 -0.70856648 -2.971031   -2.54982475  2.97192878
 -1.97851304 -1.6716411  -0.43843166  2.99985283  0.12818628  0.0171714
 -1.64294714 -0.13934198 -1.59039413 -3.09057861  2.9485926   1.19440642
 -0.33208683 -2.32714402  1.00603923 -1.19030316 -0.25559113 -2.13776357
 -1.92606557  1.76793918 -0.9814286   2.58788193 -0.4692959  -3.10064818
 -2.81526619  1.94742684 -3.07283247 -0.2456287  -1.03115832 -0.15902503
  2.37124493  1.74025782 -0.20450232 -1.92915105 -3.01578629  0.11877791
 -0.81102708  1.47263328 -2.51974348  0.95870859 -0.12492681  0.17442742
  2.0097519   0.71714957  0.79798705 -1.25648262  1.61372572  2.51782998
  1.27002486  0.25889954 -1.035806    2.60511935  0.81352448 -2.21126075
  0.04766413  1.72009004  1.04787167 -0.66473017 -2.32146672  2.42742558
  2.0246203   1.69477751  2.25394598  1.82718176 -2.03758786 -2.84495677
  0.59306232  1.37727423 -2.40314882 -1.30038546  2.4287632   1.29948312
 -0.00387624 -1.71604299 -1.51283453  1.97206431  1.4791292  -0.78952605
 -0.15199172 -0.38086061 -0.18818371  2.43544708 -0.50504172 -0.66012773
  1.03465691 -2.30264337  0.98468923  2.58477293 -0.50561958  2.15343336
 -1.96329685 -0.89524339 -2.39422903 -2.29539761 -1.42133284 -2.907718
  1.5751519   1.8049895   1.61332929  1.04423056  1.40662927 -2.32299558
 -2.68588138  1.702867    0.99012514 -0.41358671 -2.61564506  1.58510222
 -1.25197233 -2.48828104  0.04613167]
Thu Jun 13 21:30:33 2024,324,0.11859947579175176,[-2.86198422  2.17818365 -1.66812278  0.155721    0.481085   -3.1745746
  3.21768657  2.10039106  1.05497469 -0.97770782  0.57818878  1.33093977
  1.3193934  -1.88975086  0.80474923  2.92588943 -0.42827981 -0.44066122
 -1.92339413  0.75295935  1.61292577  2.8670736  -1.41546308 -0.39595855
 -2.19861162 -2.10187237  3.08887294  2.76483386 -0.74921489 -2.64665967
  1.5548904  -0.19433677 -2.41304562  1.87442711  1.10142466 -0.60665816
  1.10898981 -2.01574103 -0.236869    2.27805393 -0.19898246  0.57020706
  2.41299976  0.58175609  2.64296207  2.85451151  2.78024527 -2.92077827
  0.30179144 -0.40414232  1.70889404  2.97806916 -0.39151987 -2.40740494
  2.71128128 -3.15753193  0.59385827 -0.7199984  -1.73469995  3.1232757
 -1.9308408  -1.65028162 -2.56606519  2.38265602 -2.16497437  1.96079644
  1.75751156  1.47105531  2.48639309  2.90834278  1.94573882  1.47570649
 -1.77214614 -2.35886309  1.18221316  0.55301408  1.61665278 -2.81347678
 -0.13941503  2.53421771 -1.16174082  1.21375791  1.24258107  0.64294467
 -0.96383896  1.12976965  0.82232028 -0.3746513   2.807393   -2.13114789
  1.58940214 -0.6244771   1.00380464 -3.25904027 -2.24264671  0.36217921
 -1.10375189 -0.42198457  0.28224762  0.04949005 -1.78434776 -0.17799378
 -0.63266736  2.87348655 -1.07745426 -1.22088439 -1.11005066  1.27588871
  1.63171108 -0.85033     2.09525628 -1.60778532 -0.25906605 -0.90606269
 -2.9688421   3.08648011 -1.75892347  3.02168167 -1.37236664 -2.45961812
  3.62563013 -1.15553955 -0.70831869 -2.97078321 -2.54957696  2.97168099
 -1.97876083 -1.67188889 -0.43867944  2.99960504  0.1279385   0.01692361
 -1.64269935 -0.13958977 -1.59014634 -3.09033083  2.94834481  1.19415863
 -0.33183905 -2.32739181  1.00628702 -1.19005537 -0.25534334 -2.13751578
 -1.92631335  1.7676914  -0.98118082  2.58763414 -0.46904812 -3.10089597
 -2.81551397  1.94717906 -3.07258468 -0.24538092 -1.03140611 -0.15927281
  2.37149272  1.74050561 -0.20475011 -1.92939884 -3.0155385   0.1190257
 -0.81127487  1.4723855  -2.51949569  0.9584608  -0.1251746   0.17417963
  2.00950411  0.71690178  0.79823483 -1.25623483  1.6139735   2.51758219
  1.27027265  0.25914733 -1.03555821  2.60487156  0.81377227 -2.21150854
  0.04791191  1.72033783  1.04762388 -0.66448238 -2.32121894  2.42767337
  2.02437251  1.6950253   2.2536982   1.82693398 -2.03734007 -2.84470898
  0.59281453  1.37752201 -2.40339661 -1.30063325  2.42851542  1.29923534
 -0.00412403 -1.7157952  -1.51308232  1.97181652  1.47888141 -0.78977384
 -0.15174393 -0.3811084  -0.18793593  2.43519929 -0.50479393 -0.65987994
  1.03490469 -2.30239558  0.98444144  2.58452515 -0.50586736  2.15318557
 -1.96304906 -0.89549118 -2.39447682 -2.29514982 -1.42108505 -2.90796578
  1.57539969  1.80474172  1.61357708  1.04447835  1.40687705 -2.32324337
 -2.68612916  1.70311479  0.99037293 -0.41333892 -2.61589285  1.58535
 -1.25172455 -2.48803325  0.04588388]
Thu Jun 13 21:30:49 2024,325,0.11857455802090792,[-2.8610305   2.17913737 -1.66716906  0.15667472  0.48203872 -3.17552832
  3.21864029  2.10134478  1.05592841 -0.9767541   0.5791425   1.32998605
  1.32034712 -1.88879714  0.80379551  2.92684315 -0.42732609 -0.4397075
 -1.92434785  0.75200563  1.61387948  2.86802732 -1.41641679 -0.39691227
 -2.19956534 -2.10091865  3.08791923  2.76388015 -0.74826117 -2.64761339
  1.55584412 -0.19529049 -2.41399933  1.87538083  1.10047094 -0.60570444
  1.10994353 -2.01478731 -0.23591528  2.27710021 -0.19993617  0.56925334
  2.41395347  0.58270981  2.64200835  2.85546522  2.77929155 -2.91982456
  0.30274516 -0.40509604  1.70984776  2.97902287 -0.39056615 -2.40645122
  2.71032756 -3.15848565  0.59481199 -0.72095211 -1.73565367  3.12232198
 -1.93179452 -1.64932791 -2.56511147  2.38360974 -2.16402065  1.96175016
  1.75655784  1.47200903  2.4873468   2.9092965   1.94478511  1.47666021
 -1.77119242 -2.35981681  1.18316688  0.55206036  1.61760649 -2.81252306
 -0.13846131  2.53517143 -1.1607871   1.21471163  1.24353479  0.64389839
 -0.96288525  1.12881594  0.823274   -0.37369758  2.80643929 -2.13019418
  1.58844842 -0.62543082  1.00475835 -3.25999399 -2.24360043  0.36313293
 -1.10470561 -0.42293829  0.28320133  0.04853633 -1.78530147 -0.17704006
 -0.63362108  2.87444027 -1.07650054 -1.22183811 -1.11100438  1.27684243
  1.63075737 -0.84937629  2.09621    -1.60873904 -0.25811233 -0.90510898
 -2.96979582  3.08552639 -1.75796975  3.02072796 -1.37332036 -2.46057183
  3.62658385 -1.15649327 -0.70736497 -2.9698295  -2.54862325  2.97263471
 -1.97971454 -1.67284261 -0.43963316  2.99865132  0.12889221  0.01596989
 -1.64365307 -0.14054349 -1.58919262 -3.08937711  2.9473911   1.19511235
 -0.33088533 -2.32834553  1.00724074 -1.19100909 -0.25629706 -2.13656206
 -1.92535964  1.76673768 -0.9802271   2.58668043 -0.47000184 -3.10184969
 -2.81646769  1.94813277 -3.07163097 -0.24633463 -1.03045239 -0.16022653
  2.37244644  1.74145933 -0.20379639 -1.92844512 -3.01458478  0.11807198
 -0.81032115  1.47333921 -2.52044941  0.95750708 -0.12612831  0.17322592
  2.00855039  0.7178555   0.79918855 -1.25718855  1.61492722  2.51662847
  1.26931893  0.26010105 -1.03651193  2.60391784  0.81281855 -2.21055482
  0.0469582   1.72129155  1.04667016 -0.6654361  -2.32217265  2.42671965
  2.02532623  1.69597902  2.25465192  1.82788769 -2.03829379 -2.84375526
  0.59186081  1.37656829 -2.40435033 -1.29967953  2.4275617   1.30018905
 -0.00507774 -1.71484149 -1.51403604  1.97277024  1.47792769 -0.79072756
 -0.15269765 -0.38206212 -0.18698221  2.43424557 -0.50574765 -0.66083366
  1.03585841 -2.30144186  0.98539516  2.58357143 -0.50682108  2.15223185
 -1.96400278 -0.8964449  -2.3935231  -2.2941961  -1.42013134 -2.90701206
  1.57635341  1.80569543  1.61262336  1.04543207  1.40592333 -2.32419709
 -2.68708288  1.70406851  0.98941921 -0.4123852  -2.61684657  1.58439629
 -1.25077083 -2.48707953  0.0468376 ]
Thu Jun 13 21:31:04 2024,326,0.11836508237787355,[-2.86335363  2.17681424 -1.66949219  0.15435159  0.4797156  -3.17785145
  3.22096341  2.09902166  1.05825154 -0.97907723  0.57681937  1.33230918
  1.32267025 -1.88647402  0.80147238  2.92916628 -0.42500297 -0.43738438
 -1.92202472  0.7496825   1.61155636  2.86570419 -1.41873992 -0.3992354
 -2.20188846 -2.09859553  3.0855961   2.76155702 -0.74593804 -2.64529027
  1.55352099 -0.19296736 -2.41167621  1.8730577   1.10279407 -0.60802757
  1.11226665 -2.01711044 -0.23823841  2.27477708 -0.2022593   0.56693021
  2.4162766   0.58038668  2.64433148  2.85778835  2.77696842 -2.91750143
  0.30506829 -0.40741917  1.70752463  2.981346   -0.39288928 -2.40877435
  2.70800444 -3.15616252  0.59713512 -0.71862899 -1.73797679  3.12464511
 -1.92947139 -1.64700478 -2.5674346   2.38593287 -2.16634378  1.96407329
  1.75423471  1.4696859   2.48966993  2.90697337  1.94246198  1.47898334
 -1.77351555 -2.35749368  1.18549001  0.54973723  1.61528337 -2.81484619
 -0.14078444  2.53749456 -1.15846398  1.2123885   1.24121166  0.64157526
 -0.96520837  1.13113906  0.82095087 -0.37137445  2.80876241 -2.1325173
  1.59077154 -0.6231077   1.00243523 -3.26231712 -2.24127731  0.36545605
 -1.10702874 -0.42526142  0.28087821  0.05085946 -1.7876246  -0.17936319
 -0.63129796  2.87211714 -1.07882367 -1.21951499 -1.10868125  1.27451931
  1.62843424 -0.85169941  2.09388687 -1.61106217 -0.26043546 -0.9074321
 -2.96747269  3.08784952 -1.76029288  3.02305108 -1.37564349 -2.45824871
  3.62890698 -1.15417014 -0.70504184 -2.96750637 -2.55094637  2.97031159
 -1.97739142 -1.67516573 -0.43731003  2.99632819  0.12656909  0.01829302
 -1.64132994 -0.13822036 -1.59151575 -3.09170023  2.94971422  1.19278922
 -0.33320846 -2.33066865  1.00956387 -1.18868596 -0.25862019 -2.13888519
 -1.92768276  1.76441455 -0.97790397  2.58900355 -0.46767871 -3.10417282
 -2.81414456  1.94580965 -3.06930784 -0.24401151 -1.03277552 -0.16254966
  2.37476957  1.74378245 -0.20147326 -1.92612199 -3.01690791  0.12039511
 -0.81264428  1.47566234 -2.52277254  0.95518395 -0.12845144  0.17554904
  2.01087352  0.72017863  0.79686543 -1.25951168  1.61260409  2.5189516
  1.27164206  0.26242418 -1.0341888   2.60624097  0.81049542 -2.20823169
  0.04463507  1.71896842  1.04434704 -0.66775922 -2.32449578  2.42904278
  2.02764935  1.69365589  2.25697504  1.83021082 -2.04061692 -2.84143214
  0.58953768  1.37424517 -2.4020272  -1.30200266  2.42523857  1.29786593
 -0.00740087 -1.71716461 -1.51171291  1.97044711  1.47560457 -0.78840443
 -0.15037453 -0.37973899 -0.18465908  2.43192244 -0.50807078 -0.65851053
  1.03818154 -2.30376499  0.98307204  2.58589456 -0.50914421  2.14990873
 -1.96167966 -0.89876802 -2.39584623 -2.29187298 -1.41780821 -2.90468894
  1.57867653  1.80801856  1.61494649  1.04310894  1.40824646 -2.32652022
 -2.68940601  1.70174538  0.99174234 -0.41006208 -2.6191697   1.58207316
 -1.25309395 -2.48475641  0.04916073]
Thu Jun 13 21:31:36 2024,327,0.11830397402421448,[-2.86513825  2.17502962 -1.66770756  0.15613622  0.48150022 -3.17606682
  3.22274804  2.10080628  1.06003616 -0.98086185  0.57503474  1.3340938
  1.32088562 -1.88468939  0.79968776  2.92738165 -0.42321834 -0.43559975
 -1.92380934  0.74789788  1.61334098  2.86748882 -1.42052455 -0.40102002
 -2.20367309 -2.10038015  3.08381147  2.75977239 -0.74772267 -2.64707489
  1.55530562 -0.19118274 -2.40989158  1.87127307  1.1045787  -0.60624294
  1.11405128 -2.01532581 -0.23645378  2.27299246 -0.20047467  0.56871484
  2.41449197  0.57860206  2.64611611  2.85957298  2.77875305 -2.91928606
  0.30685292 -0.40563454  1.70574001  2.98313063 -0.39110465 -2.40698972
  2.70978906 -3.15794715  0.59535049 -0.71684436 -1.73619217  3.12286048
 -1.92768676 -1.64878941 -2.56921922  2.38414824 -2.16812841  1.96585791
  1.75245009  1.46790128  2.49145456  2.908758    1.94067735  1.47719871
 -1.77530017 -2.35927831  1.18727463  0.5479526   1.61349874 -2.81663082
 -0.13899981  2.53570993 -1.15667935  1.21060388  1.24299629  0.63979064
 -0.966993    1.13292369  0.81916624 -0.36958983  2.80697779 -2.13073268
  1.58898692 -0.62489232  1.00421985 -3.26053249 -2.23949268  0.36724068
 -1.10881336 -0.42347679  0.28266283  0.05264409 -1.78583997 -0.18114782
 -0.62951333  2.87033252 -1.08060829 -1.22129961 -1.11046588  1.27630393
  1.62664961 -0.84991479  2.09210225 -1.60927754 -0.25865083 -0.90564748
 -2.96568806  3.08606489 -1.75850825  3.02126646 -1.37742811 -2.45646408
  3.6306916  -1.15238552 -0.70325722 -2.96572174 -2.552731    2.97209621
 -1.97560679 -1.67695036 -0.43552541  2.99811282  0.12478446  0.01650839
 -1.63954532 -0.13643573 -1.58973112 -3.08991561  2.95149885  1.19457385
 -0.33142383 -2.32888403  1.01134849 -1.18690134 -0.26040482 -2.14066982
 -1.92589814  1.76619918 -0.97611934  2.58721893 -0.46946334 -3.10238819
 -2.81235994  1.94759427 -3.06752321 -0.24579613 -1.03099089 -0.16076503
  2.37655419  1.74199783 -0.19968863 -1.92433736 -3.01869254  0.12217973
 -0.81085965  1.47387771 -2.52098791  0.95696858 -0.12666681  0.17733367
  2.01265814  0.72196325  0.79865005 -1.25772705  1.61081947  2.51716697
  1.27342668  0.2642088  -1.03240418  2.60445634  0.8087108  -2.21001632
  0.04285044  1.72075305  1.04256241 -0.6659746  -2.32271115  2.42725815
  2.02943398  1.69187126  2.25519042  1.83199545 -2.03883229 -2.84321676
  0.58775306  1.37246054 -2.40381182 -1.30378728  2.42345394  1.2960813
 -0.0091855  -1.71894924 -1.51349754  1.97223174  1.47381994 -0.79018906
 -0.1485899  -0.38152362 -0.18287446  2.43013782 -0.50628615 -0.66029516
  1.03996617 -2.30198036  0.98485666  2.58767918 -0.50735958  2.1481241
 -1.95989503 -0.90055265 -2.39763086 -2.29008835 -1.41602358 -2.90290431
  1.57689191  1.80623393  1.61316186  1.04489357  1.41003109 -2.32473559
 -2.68762138  1.70353001  0.99352696 -0.4118467  -2.62095432  1.58385779
 -1.25130933 -2.48654103  0.0473761 ]
Thu Jun 13 21:31:52 2024,328,0.11700073635604165,[-2.85969871  2.16959007 -1.67314711  0.16157577  0.47606067 -3.18150637
  3.22818759  2.09536673  1.06547571 -0.9754223   0.56959519  1.32865425
  1.32632517 -1.87924984  0.79424821  2.9219421  -0.41777879 -0.4410393
 -1.92924889  0.75333742  1.61878053  2.87292837 -1.4259641  -0.39558048
 -2.19823354 -2.1058197   3.07837192  2.75433284 -0.75316222 -2.65251444
  1.56074517 -0.19662229 -2.41533113  1.87671262  1.11001825 -0.60080339
  1.10861173 -2.02076536 -0.23101423  2.26755291 -0.20591422  0.56327529
  2.40905243  0.58404161  2.64067656  2.86501253  2.78419259 -2.9247256
  0.31229246 -0.40019499  1.70030046  2.98857018 -0.3965442  -2.41242927
  2.70434951 -3.16338669  0.58991094 -0.71140481 -1.73075262  3.11742093
 -1.92224721 -1.64334986 -2.56377967  2.37870869 -2.16268886  1.96041837
  1.75788964  1.46246173  2.48601501  2.91419755  1.9352378   1.48263826
 -1.76986062 -2.35383876  1.18183509  0.55339215  1.60805919 -2.81119127
 -0.13356026  2.53027038 -1.1512398   1.20516433  1.23755674  0.63435109
 -0.96155345  1.13836324  0.82460579 -0.36415028  2.81241733 -2.13617222
  1.58354737 -0.63033187  0.99878031 -3.25509295 -2.23405313  0.36180113
 -1.11425291 -0.42891634  0.27722329  0.04720454 -1.78040043 -0.17570827
 -0.63495288  2.87577207 -1.08604784 -1.22673916 -1.10502633  1.28174348
  1.62121006 -0.84447524  2.09754179 -1.60383799 -0.25321128 -0.91108702
 -2.96024851  3.09150444 -1.7639478   3.01582691 -1.37198857 -2.46190363
  3.63613115 -1.15782506 -0.70869677 -2.97116129 -2.55817055  2.97753576
 -1.97016724 -1.68238991 -0.43008586  2.99267327  0.13022401  0.02194794
 -1.63410577 -0.14187528 -1.59517067 -3.09535516  2.9460593   1.20001339
 -0.32598428 -2.32344448  1.01678804 -1.18146179 -0.25496527 -2.13523027
 -1.93133768  1.76075963 -0.9706798   2.58177938 -0.46402379 -3.10782774
 -2.81779949  1.95303382 -3.07296276 -0.24035659 -1.02555134 -0.16620458
  2.37111465  1.73655828 -0.20512818 -1.91889782 -3.02413209  0.12761928
 -0.8162992   1.47931726 -2.51554836  0.95152903 -0.13210636  0.17189412
  2.01809769  0.7165237   0.7932105  -1.2522875   1.61625901  2.51172742
  1.26798713  0.26964835 -1.02696463  2.60989589  0.81415035 -2.21545587
  0.04828999  1.7153135   1.04800196 -0.66053505 -2.3281507   2.4218186
  2.02399443  1.68643172  2.24975087  1.8265559  -2.04427184 -2.83777722
  0.58231351  1.36702099 -2.40925137 -1.29834773  2.4180144   1.30152085
 -0.00374595 -1.71350969 -1.51893708  1.97767128  1.47925949 -0.78474951
 -0.14315035 -0.38696316 -0.17743491  2.43557736 -0.5117257  -0.65485561
  1.03452662 -2.29654081  0.97941711  2.59311873 -0.50192003  2.15356365
 -1.96533458 -0.9059922  -2.4030704  -2.2846488  -1.41058403 -2.90834386
  1.57145236  1.81167348  1.60772231  1.03945402  1.41547064 -2.33017514
 -2.68218183  1.70896955  0.99896651 -0.40640716 -2.62639387  1.57841824
 -1.25674888 -2.49198058  0.05281565]
Thu Jun 13 21:32:10 2024,329,0.11688335500174549,[-2.85761263  2.17167614 -1.67106104  0.15948969  0.4739746  -3.17942029
  3.22610151  2.09328066  1.06756179 -0.97333623  0.57168127  1.32656818
  1.32841124 -1.87716377  0.79216213  2.91985603 -0.41569272 -0.44312537
 -1.92716282  0.75125135  1.62086661  2.87084229 -1.42805017 -0.39766655
 -2.20031962 -2.10373363  3.07628585  2.75641892 -0.75107614 -2.65042836
  1.55865909 -0.19870836 -2.4174172   1.87462655  1.11210432 -0.60288947
  1.10652566 -2.02285144 -0.22892816  2.26963898 -0.2080003   0.56536136
  2.4111385   0.58195553  2.64276263  2.86292645  2.78627867 -2.92263953
  0.31437854 -0.39810892  1.70238653  2.99065625 -0.39863027 -2.41034319
  2.70226344 -3.16130062  0.58782487 -0.70931874 -1.73283869  3.11533486
 -1.92016114 -1.64126378 -2.56586575  2.37662262 -2.16060278  1.95833229
  1.75580356  1.46037565  2.48392893  2.91211147  1.93732388  1.48055218
 -1.76777455 -2.35175268  1.17974901  0.55547823  1.61014527 -2.81327734
 -0.13147419  2.52818431 -1.14915373  1.20725041  1.23547066  0.63643717
 -0.95946738  1.14044931  0.82669187 -0.3620642   2.81450341 -2.13408615
  1.58563344 -0.63241795  1.00086638 -3.25717902 -2.23196706  0.35971506
 -1.11216684 -0.42683026  0.27930936  0.04929061 -1.77831435 -0.17779434
 -0.6328668   2.87785814 -1.08813392 -1.22465309 -1.10294026  1.27965741
  1.61912399 -0.84656131  2.09545572 -1.60175192 -0.25112521 -0.90900095
 -2.95816244  3.08941837 -1.76603387  3.01791298 -1.36990249 -2.45981755
  3.63404508 -1.15573899 -0.71078284 -2.97324737 -2.55608447  2.97962184
 -1.97225332 -1.68030383 -0.42799978  2.9905872   0.13231008  0.02403402
 -1.63619184 -0.13978921 -1.59725675 -3.09326908  2.94814538  1.20209947
 -0.32807036 -2.3213584   1.01470197 -1.18354786 -0.25287919 -2.13314419
 -1.92925161  1.76284571 -0.97276587  2.58386545 -0.46193771 -3.10991381
 -2.81988556  1.95094775 -3.07087669 -0.24244266 -1.02763742 -0.16829065
  2.37320072  1.7344722  -0.20721426 -1.91681174 -3.02621816  0.12970536
 -0.81838528  1.48140334 -2.51763444  0.94944296 -0.13002029  0.1739802
  2.02018377  0.71443763  0.79529658 -1.25437358  1.61417294  2.5138135
  1.27007321  0.26756228 -1.02905071  2.60780982  0.81206427 -2.21336979
  0.05037607  1.71322742  1.05008803 -0.66262112 -2.33023678  2.41973253
  2.02608051  1.68434564  2.25183694  1.82446982 -2.04635792 -2.83569114
  0.58022743  1.36910707 -2.41133745 -1.29626166  2.42010047  1.30360692
 -0.00583202 -1.71142362 -1.52102316  1.97558521  1.48134556 -0.78683558
 -0.14106428 -0.38487709 -0.17952098  2.43349129 -0.51381177 -0.65694169
  1.03661269 -2.29862689  0.98150319  2.59103266 -0.49983396  2.15147757
 -1.96742065 -0.90390612 -2.40515648 -2.28673488 -1.41267011 -2.90625778
  1.56936628  1.80958741  1.60980839  1.04154009  1.41338456 -2.32808906
 -2.68009576  1.71105563  0.99688044 -0.40432108 -2.62847995  1.57633216
 -1.2546628  -2.48989451  0.05490172]
Thu Jun 13 21:32:26 2024,330,0.11688998025062478,[-2.85717045  2.17123397 -1.67061886  0.15993187  0.47353242 -3.17986247
  3.22654369  2.09372284  1.06800396 -0.97377841  0.57212345  1.326126
  1.32796907 -1.87672159  0.79260431  2.91941385 -0.41525054 -0.44356755
 -1.92672064  0.75080917  1.62042443  2.87040012 -1.42849235 -0.39722437
 -2.19987744 -2.1041758   3.07672803  2.7568611  -0.75151832 -2.64998619
  1.55821692 -0.19915054 -2.41785938  1.87506872  1.11166214 -0.60333164
  1.10696783 -2.02240926 -0.22937033  2.26919681 -0.20755812  0.56580354
  2.41069632  0.58151335  2.64320481  2.86336863  2.78672085 -2.92219735
  0.31393636 -0.39766674  1.70282871  2.99021407 -0.3981881  -2.41078537
  2.70270562 -3.16085844  0.58738269 -0.70887656 -1.73328087  3.11489268
 -1.92060332 -1.64170596 -2.56630793  2.37706479 -2.16016061  1.95789011
  1.75536138  1.45993348  2.48437111  2.9116693   1.9368817   1.48011001
 -1.76733237 -2.35219486  1.17930683  0.5559204   1.60970309 -2.81283517
 -0.13103201  2.52862649 -1.1495959   1.20680823  1.23502849  0.63687934
 -0.95990955  1.14000714  0.82713404 -0.36162203  2.81494558 -2.13452833
  1.58607562 -0.63197577  1.0004242  -3.25673684 -2.23152488  0.36015723
 -1.11172466 -0.42727244  0.27975154  0.04973279 -1.77875653 -0.17823652
 -0.63330898  2.87830032 -1.08857609 -1.22509526 -1.10338243  1.28009958
  1.61956617 -0.84611914  2.0958979  -1.60130974 -0.25068303 -0.90855877
 -2.95772026  3.08986054 -1.76647605  3.01747081 -1.37034467 -2.45937538
  3.6336029  -1.15618117 -0.71034066 -2.97368954 -2.55652665  2.97917966
 -1.97181114 -1.67986166 -0.42844196  2.99102937  0.13186791  0.02447619
 -1.63574967 -0.13934703 -1.59681457 -3.0928269   2.9477032   1.20254165
 -0.32762818 -2.32180058  1.01514414 -1.18310569 -0.25243702 -2.13270202
 -1.92880943  1.76240353 -0.97232369  2.58430763 -0.46237989 -3.11035599
 -2.82032774  1.95050557 -3.07131886 -0.24288484 -1.02719524 -0.16873283
  2.3736429   1.73491438 -0.20677208 -1.91725392 -3.02666034  0.13014753
 -0.81882745  1.48184551 -2.51719226  0.94988513 -0.13046246  0.17353802
  2.02062594  0.71399545  0.79573876 -1.25481575  1.61461512  2.51425567
  1.26963103  0.2671201  -1.02949288  2.60825199  0.81250645 -2.21381197
  0.05081824  1.7136696   1.04964586 -0.66217895 -2.33067895  2.42017471
  2.02652268  1.68478782  2.25227912  1.824912   -2.04591574 -2.83613332
  0.58066961  1.36866489 -2.41089527 -1.29581948  2.41965829  1.30316475
 -0.00538985 -1.71098144 -1.52146534  1.97602739  1.48178774 -0.78727776
 -0.1406221  -0.38443491 -0.17907881  2.43304911 -0.51425395 -0.65649951
  1.03705487 -2.29818471  0.98106101  2.59059048 -0.49939178  2.1510354
 -1.96697848 -0.9043483  -2.4047143  -2.2862927  -1.41311229 -2.90581561
  1.56892411  1.80914523  1.60936621  1.04198227  1.41382674 -2.32853124
 -2.68053794  1.71149781  0.99732261 -0.40476326 -2.62892212  1.57588999
 -1.25510498 -2.48945233  0.05445955]
Thu Jun 13 21:32:45 2024,331,0.11688821371519001,[-2.85698555  2.17141887 -1.67080376  0.15974697  0.47371732 -3.17967757
  3.22635879  2.09390774  1.06818886 -0.97396331  0.57230835  1.3259411
  1.32778417 -1.87690649  0.79241941  2.91959875 -0.41506564 -0.44375245
 -1.92653574  0.75062427  1.62023953  2.87058502 -1.42830745 -0.39703947
 -2.20006234 -2.1039909   3.07691293  2.7566762  -0.75170322 -2.65017109
  1.55803202 -0.19933544 -2.41804428  1.87488382  1.11184704 -0.60351654
  1.10715273 -2.02259416 -0.22918543  2.26938171 -0.20737322  0.56598844
  2.41051142  0.58169825  2.64338971  2.86318373  2.78653595 -2.92238225
  0.31375146 -0.39785164  1.70301361  2.99039897 -0.3980032  -2.41097027
  2.70252072 -3.16104334  0.58719779 -0.70869166 -1.73309597  3.11507758
 -1.92041842 -1.64189086 -2.56649283  2.37724969 -2.15997571  1.95807501
  1.75517648  1.45974858  2.48455601  2.9114844   1.9366968   1.48029491
 -1.76714747 -2.35200996  1.17949173  0.5557355   1.60951819 -2.81302007
 -0.13084711  2.52844159 -1.149411    1.20662333  1.23521339  0.63669444
 -0.95972465  1.14019204  0.82694914 -0.36180693  2.81476068 -2.13471323
  1.58626052 -0.63216067  1.0006091  -3.25692174 -2.23133998  0.35997233
 -1.11190956 -0.42708754  0.27993644  0.04991769 -1.77894143 -0.17842142
 -0.63349388  2.87848522 -1.08839119 -1.22528016 -1.10356733  1.27991468
  1.61938127 -0.84630404  2.095713   -1.60112484 -0.25086793 -0.90874367
 -2.95753536  3.09004544 -1.76629115  3.01765571 -1.37052957 -2.45956028
  3.633418   -1.15599627 -0.71052556 -2.97387444 -2.55671155  2.97899476
 -1.97162624 -1.68004656 -0.42862686  2.99084447  0.13205281  0.02429129
 -1.63593457 -0.13916213 -1.59699947 -3.092642    2.9478881   1.20235675
 -0.32744328 -2.32198548  1.01495924 -1.18329059 -0.25262192 -2.13288692
 -1.92899433  1.76258843 -0.97250859  2.58412273 -0.46219499 -3.11054089
 -2.82051264  1.95069047 -3.07150376 -0.24269994 -1.02701034 -0.16891773
  2.373458    1.73472948 -0.20695698 -1.91706902 -3.02647544  0.13033243
 -0.81901235  1.48203041 -2.51737716  0.94970023 -0.13064736  0.17372292
  2.02044104  0.71418035  0.79555386 -1.25500065  1.61443022  2.51444057
  1.26981593  0.267305   -1.02967778  2.60806709  0.81232155 -2.21399687
  0.05063334  1.7134847   1.04946096 -0.66199405 -2.33049405  2.41998981
  2.02633778  1.68460292  2.25246402  1.8250969  -2.04573084 -2.83594842
  0.58085451  1.36884979 -2.41108017 -1.29600438  2.41984319  1.30334965
 -0.00520495 -1.71079654 -1.52165024  1.97621229  1.48160284 -0.78746266
 -0.1404372  -0.38461981 -0.17889391  2.43286421 -0.51406905 -0.65668441
  1.03686997 -2.29836961  0.98087611  2.59040558 -0.49920688  2.1508505
 -1.96679358 -0.9045332  -2.4048992  -2.2861078  -1.41329718 -2.90600051
  1.56910901  1.80896033  1.60918131  1.04216717  1.41401164 -2.32871614
 -2.68035304  1.71131291  0.99750751 -0.40457836 -2.62910702  1.57607489
 -1.25528988 -2.48963723  0.05427465]
Thu Jun 13 21:33:01 2024,332,0.11656251853081898,[-2.85484533e+00  2.17355909e+00 -1.67294399e+00  1.57606744e-01
  4.71577096e-01 -3.17753734e+00  3.22849902e+00  2.09176751e+00
  1.07032909e+00 -9.71823078e-01  5.70168119e-01  1.32380088e+00
  1.32564394e+00 -1.87476626e+00  7.94559636e-01  2.92173898e+00
 -4.17205867e-01 -4.45892677e-01 -1.92439551e+00  7.52764500e-01
  1.62237976e+00  2.87272524e+00 -1.43044767e+00 -3.99179700e-01
 -2.20220257e+00 -2.10185068e+00  3.07477270e+00  2.75881642e+00
 -7.53843446e-01 -2.64803086e+00  1.55589179e+00 -1.97195210e-01
 -2.42018451e+00  1.87274360e+00  1.11398727e+00 -6.01376317e-01
  1.10929296e+00 -2.02473439e+00 -2.31325660e-01  2.27152193e+00
 -2.05232994e-01  5.68128667e-01  2.40837120e+00  5.83838480e-01
  2.64124948e+00  2.86532395e+00  2.78867617e+00 -2.92452248e+00
  3.15891689e-01 -3.95711414e-01  1.70087338e+00  2.98825875e+00
 -3.95862969e-01 -2.41311050e+00  2.70466094e+00 -3.16318357e+00
  5.85057564e-01 -7.10831888e-01 -1.73095574e+00  3.11293736e+00
 -1.91827819e+00 -1.64403109e+00 -2.56863305e+00  2.37510947e+00
 -2.15783548e+00  1.96021524e+00  1.75303626e+00  1.46188880e+00
  2.48241578e+00  2.90934417e+00  1.93883703e+00  1.48243513e+00
 -1.76928770e+00 -2.35415019e+00  1.17735151e+00  5.53595277e-01
  1.60737796e+00 -2.81516029e+00 -1.28706885e-01  2.53058181e+00
 -1.14727078e+00  1.20876356e+00  1.23735361e+00  6.34554215e-01
 -9.61864879e-01  1.14233226e+00  8.24808917e-01 -3.63947155e-01
  2.81690091e+00 -2.13685345e+00  1.58840075e+00 -6.34300895e-01
  9.98468878e-01 -3.25478152e+00 -2.22919975e+00  3.57832108e-01
 -1.10976933e+00 -4.29227766e-01  2.77796211e-01  4.77774632e-02
 -1.78108165e+00 -1.80561646e-01 -6.35634105e-01  2.87634499e+00
 -1.09053142e+00 -1.22742039e+00 -1.10142710e+00  1.28205491e+00
  1.62152149e+00 -8.44163810e-01  2.09357277e+00 -1.59898461e+00
 -2.53008158e-01 -9.06603446e-01 -2.95967559e+00  3.08790522e+00
 -1.76415092e+00  3.01979593e+00 -1.36838934e+00 -2.45742005e+00
  3.63555823e+00 -1.15813649e+00 -7.12665790e-01 -2.97601467e+00
 -2.55457132e+00  2.98113499e+00 -1.97376647e+00 -1.67790633e+00
 -4.26486633e-01  2.98870425e+00  1.29912580e-01  2.21510666e-02
 -1.63379434e+00 -1.41302356e-01 -1.59485924e+00 -3.09478223e+00
  2.94574787e+00  1.20449697e+00 -3.25303053e-01 -2.32412571e+00
  1.01281902e+00 -1.18543081e+00 -2.50481689e-01 -2.13502714e+00
 -1.92685411e+00  1.76472866e+00 -9.70368368e-01  2.58198250e+00
 -4.60054762e-01 -3.10840066e+00 -2.81837241e+00  1.95283070e+00
 -3.07364399e+00 -2.40559711e-01 -1.02915057e+00 -1.71057958e-01
  2.37131777e+00  1.73258925e+00 -2.09097207e-01 -1.91492879e+00
 -3.02433521e+00  1.28192205e-01 -8.16872125e-01  1.47989019e+00
 -2.51523694e+00  9.47560007e-01 -1.28507136e-01  1.71582693e-01
  2.01830082e+00  7.16320579e-01  7.97694082e-01 -1.25714088e+00
  1.61657044e+00  2.51658080e+00  1.26767571e+00  2.69445226e-01
 -1.02753755e+00  2.60592687e+00  8.10181321e-01 -2.21613710e+00
  4.84931164e-02  1.71134447e+00  1.04732073e+00 -6.64134275e-01
 -2.32835383e+00  2.41784958e+00  2.02847801e+00  1.68246269e+00
  2.25460425e+00  1.82723713e+00 -2.04787107e+00 -2.83380819e+00
  5.82994737e-01  1.36670956e+00 -2.40893994e+00 -1.29814461e+00
  2.41770297e+00  1.30120942e+00 -3.06472135e-03 -1.71293677e+00
 -1.52379046e+00  1.97835251e+00  1.47946261e+00 -7.89602885e-01
 -1.38296973e-01 -3.82479586e-01 -1.76753680e-01  2.43072399e+00
 -5.11928823e-01 -6.54544183e-01  1.03472974e+00 -2.29622938e+00
  9.78735886e-01  2.58826535e+00 -4.97066655e-01  2.15299072e+00
 -1.96465335e+00 -9.02392971e-01 -2.40703943e+00 -2.28824803e+00
 -1.41543741e+00 -2.90386028e+00  1.57124923e+00  1.80682010e+00
  1.61132154e+00  1.04430740e+00  1.41615186e+00 -2.33085637e+00
 -2.67821281e+00  1.71345313e+00  9.99647741e-01 -4.06718584e-01
 -2.63124725e+00  1.57393466e+00 -1.25743010e+00 -2.48749700e+00
  5.64148720e-02]
Thu Jun 13 21:33:17 2024,333,0.1160941817248684,[-2.85263504  2.17134881 -1.67515427  0.15981703  0.47378738 -3.17974763
  3.22628873  2.08955722  1.0681188  -0.97403336  0.5723784   1.32601116
  1.32343366 -1.87697655  0.79676992  2.92394926 -0.41499558 -0.44810296
 -1.92218523  0.75497479  1.62016947  2.87493553 -1.42823739 -0.40138999
 -2.19999228 -2.10406096  3.07698298  2.76102671 -0.75163316 -2.64582058
  1.55810208 -0.1994055  -2.42239479  1.87495388  1.11619756 -0.59916603
  1.10708268 -2.0225241  -0.22911537  2.27373222 -0.20744328  0.57033895
  2.40616091  0.5816282   2.64345977  2.86753424  2.79088646 -2.92231219
  0.31810197 -0.39350113  1.6986631   2.98604846 -0.39365268 -2.41090021
  2.70245066 -3.16097328  0.58284728 -0.71304217 -1.73316603  3.11072707
 -1.92048848 -1.6418208  -2.57084334  2.37731975 -2.16004576  1.95800496
  1.75082597  1.46409909  2.48462607  2.90713388  1.94104732  1.48022485
 -1.77149799 -2.35636047  1.17514122  0.55580556  1.60516768 -2.81737058
 -0.1264966   2.52837153 -1.14948106  1.20655327  1.2395639   0.63234393
 -0.96407516  1.14454255  0.82259863 -0.36173687  2.81469063 -2.13464317
  1.58619046 -0.63651118  1.00067916 -3.2569918  -2.23141004  0.35562182
 -1.11197962 -0.43143805  0.27558593  0.04998775 -1.78329194 -0.18277193
 -0.63342382  2.87413471 -1.08832114 -1.2252101  -1.09921682  1.28426519
  1.61931121 -0.84195352  2.09136248 -1.59677433 -0.25521844 -0.90881373
 -2.9574653   3.0901155  -1.76194064  3.02200622 -1.37059963 -2.45520976
  3.63776851 -1.15592621 -0.71487608 -2.97822495 -2.55678161  2.98334527
 -1.97597675 -1.67569604 -0.42427635  2.99091453  0.12770229  0.01994078
 -1.63158405 -0.14351264 -1.59264896 -3.09699252  2.94795816  1.20228669
 -0.32751334 -2.32633599  1.0150293  -1.1876411  -0.25269197 -2.13723743
 -1.92906439  1.76251837 -0.96815808  2.58419279 -0.46226505 -3.10619038
 -2.8205827   1.95062041 -3.07585427 -0.23834943 -1.03136086 -0.17326824
  2.36910748  1.73037897 -0.21130749 -1.91271851 -3.02212493  0.12598192
 -0.81908241  1.48210047 -2.51302665  0.94977029 -0.12629685  0.17379298
  2.01609053  0.71411029  0.7954838  -1.25935116  1.61878073  2.51879109
  1.26546542  0.26723494 -1.02532727  2.60371658  0.81239161 -2.21834738
  0.04628283  1.70913419  1.04511044 -0.66192399 -2.32614354  2.41563929
  2.0306883   1.68467298  2.25681453  1.82944741 -2.05008135 -2.83159791
  0.58078445  1.36449928 -2.41115023 -1.29593432  2.41991325  1.30341971
 -0.00527501 -1.71514705 -1.52600075  1.97614223  1.47725233 -0.7873926
 -0.13608669 -0.38468987 -0.17454339  2.43293427 -0.51413911 -0.65675447
  1.03694003 -2.2940191   0.98094617  2.59047564 -0.49927694  2.15078044
 -1.96244306 -0.90460326 -2.40924971 -2.28603774 -1.41322713 -2.90165
  1.56903895  1.80903039  1.60911125  1.04651768  1.41836215 -2.33306665
 -2.68042309  1.71566342  0.99743746 -0.4045083  -2.62903696  1.57614494
 -1.25964039 -2.48970729  0.05862516]
Thu Jun 13 21:33:32 2024,334,0.11606070311558954,[-2.85423702  2.17295079 -1.67675625  0.15821505  0.47538936 -3.18134961
  3.22789071  2.0911592   1.06972078 -0.97563534  0.57077642  1.32761314
  1.32503564 -1.87857853  0.7983719   2.92555124 -0.4133936  -0.44970494
 -1.92378721  0.75337281  1.61856749  2.87333355 -1.42663541 -0.40299197
 -2.20159426 -2.10245898  3.07858496  2.75942473 -0.75323514 -2.64742256
  1.5565001  -0.20100748 -2.42399677  1.87655586  1.11779954 -0.60076801
  1.10868466 -2.02092212 -0.23071736  2.27213024 -0.2058413   0.57194093
  2.40776289  0.58323018  2.64506175  2.86593226  2.79248844 -2.92391418
  0.31970395 -0.39510311  1.69706112  2.98444648 -0.3920507  -2.41250219
  2.70084868 -3.16257526  0.58444926 -0.71464415 -1.73476801  3.10912509
 -1.92209046 -1.64021882 -2.56924136  2.37892173 -2.16164775  1.95640297
  1.74922399  1.46249711  2.48302409  2.90873586  1.93944533  1.48182683
 -1.769896   -2.35475849  1.17353924  0.55420358  1.6035657  -2.8157686
 -0.12809858  2.52997351 -1.15108304  1.20815525  1.23796192  0.63394591
 -0.96567715  1.14614453  0.82099665 -0.36013489  2.81308865 -2.13624515
  1.58779244 -0.63811316  1.00228114 -3.25859378 -2.22980806  0.3572238
 -1.1135816  -0.42983607  0.27718791  0.04838577 -1.78168996 -0.18116995
 -0.6350258   2.87253272 -1.08992312 -1.22360812 -1.1008188   1.28586718
  1.61770923 -0.84035154  2.0897605  -1.59517235 -0.25361646 -0.91041571
 -2.95906729  3.08851352 -1.76033866  3.0236082  -1.36899765 -2.45360778
  3.63616653 -1.15752819 -0.71327409 -2.97982693 -2.55517963  2.98494725
 -1.97437477 -1.67409406 -0.42267437  2.99251651  0.12610031  0.02154276
 -1.62998207 -0.14511462 -1.59425094 -3.0985945   2.94635618  1.20068471
 -0.32591136 -2.32473401  1.01342732 -1.18603912 -0.25429395 -2.13883941
 -1.93066637  1.76412035 -0.9665561   2.58579477 -0.46066307 -3.1045884
 -2.82218468  1.94901843 -3.07425229 -0.23995141 -1.02975888 -0.17487022
  2.37070947  1.73198095 -0.20970551 -1.91111653 -3.02372691  0.1275839
 -0.81748043  1.48370245 -2.51462863  0.94816831 -0.12789883  0.17539496
  2.01769251  0.71571227  0.79708578 -1.25774918  1.61717875  2.51718911
  1.2670674   0.26563296 -1.02372529  2.60531856  0.81399359 -2.2167454
  0.04468085  1.70753221  1.04350846 -0.66032201 -2.32774552  2.41724127
  2.02908632  1.68627496  2.25841651  1.83104939 -2.05168333 -2.83319989
  0.58238643  1.3628973  -2.40954825 -1.29753631  2.42151523  1.30502169
 -0.00687699 -1.71674903 -1.52760273  1.97774421  1.47885431 -0.78579062
 -0.13448471 -0.38629185 -0.17294141  2.43133229 -0.51574109 -0.65835645
  1.03533805 -2.29241712  0.98254815  2.58887366 -0.49767496  2.15238242
 -1.96404504 -0.90300128 -2.41085169 -2.28763972 -1.41482911 -2.90325198
  1.56743697  1.80742841  1.61071323  1.04811966  1.41676017 -2.33466863
 -2.67882111  1.7172654   0.99903944 -0.40290632 -2.63063894  1.57774693
 -1.25803841 -2.49130927  0.05702318]
Thu Jun 13 21:33:48 2024,335,0.11605619785762263,[-2.85515022  2.17203759 -1.67766945  0.15912824  0.47630256 -3.18043641
  3.22880391  2.09024601  1.06880759 -0.97472215  0.56986323  1.32669995
  1.32412244 -1.87766533  0.79745871  2.92646444 -0.41248041 -0.45061814
 -1.92470041  0.75245961  1.61948069  2.87424674 -1.4275486  -0.40207877
 -2.20068107 -2.10337218  3.07949816  2.75851153 -0.75232195 -2.64833575
  1.5555869  -0.20192067 -2.42490997  1.87564267  1.11688634 -0.59985482
  1.10777146 -2.02183532 -0.22980416  2.27121704 -0.2049281   0.57285413
  2.4068497   0.58231698  2.64597494  2.86684545  2.79340164 -2.92300098
  0.31879076 -0.39601631  1.69797431  2.98353329 -0.39113751 -2.411589
  2.70176187 -3.16166207  0.58536245 -0.71555735 -1.73385481  3.11003829
 -1.92117726 -1.63930562 -2.56832816  2.37983493 -2.16073455  1.95548978
  1.7483108   1.46158391  2.48393728  2.90964906  1.94035853  1.48091363
 -1.7708092  -2.3538453   1.17445244  0.55511678  1.6026525  -2.81668179
 -0.12718538  2.5308867  -1.15199624  1.20724206  1.23704872  0.63485911
 -0.96476395  1.14705772  0.82008345 -0.35922169  2.81217545 -2.13533195
  1.58870564 -0.63719997  1.00319434 -3.25950698 -2.22889486  0.35631061
 -1.1126684  -0.43074927  0.27627471  0.04747257 -1.78260315 -0.18208315
 -0.6341126   2.87161953 -1.08900992 -1.22269493 -1.101732    1.28678037
  1.61679603 -0.84126474  2.0906737  -1.59425915 -0.25270327 -0.91132891
 -2.95998048  3.08760032 -1.76125185  3.022695   -1.36991084 -2.45452098
  3.63707973 -1.15844138 -0.7123609  -2.97891374 -2.55609282  2.98403406
 -1.97346158 -1.67500726 -0.42176117  2.99160332  0.12518712  0.02062957
 -1.63089527 -0.14420143 -1.59516413 -3.09950769  2.94726937  1.19977151
 -0.32682455 -2.32564721  1.01434052 -1.18512592 -0.25338076 -2.13975261
 -1.93157957  1.76503355 -0.9674693   2.58670796 -0.46157626 -3.1036752
 -2.82309787  1.94810524 -3.07516549 -0.23903821 -1.02884568 -0.17395703
  2.37162266  1.73289414 -0.21061871 -1.91202972 -3.02281371  0.1266707
 -0.81839363  1.48461565 -2.51554183  0.94725512 -0.12698564  0.17630815
  2.01677932  0.71662547  0.79799897 -1.25683599  1.61626555  2.5181023
  1.26615421  0.26471976 -1.02281209  2.60440537  0.81490678 -2.2176586
  0.04376765  1.70661901  1.04442166 -0.6612352  -2.32683233  2.41815447
  2.02999951  1.68536176  2.25932971  1.8301362  -2.05259653 -2.83411308
  0.58329963  1.36381049 -2.40863505 -1.29662311  2.42060204  1.30593488
 -0.00779018 -1.71766223 -1.52668953  1.9786574   1.47794111 -0.78670381
 -0.13357151 -0.38537866 -0.17385461  2.4304191  -0.51665429 -0.65744325
  1.03625124 -2.29150392  0.98163496  2.58796046 -0.49676176  2.15146922
 -1.96495824 -0.90208808 -2.4099385  -2.28855292 -1.4157423  -2.90233878
  1.56652377  1.8083416   1.61162643  1.04903286  1.41767336 -2.33375544
 -2.67973431  1.71817859  0.99995263 -0.40381951 -2.63155214  1.57866012
 -1.25712521 -2.49222247  0.05793637]
Thu Jun 13 21:34:04 2024,336,0.11600090747929828,[-2.85429459  2.17289322 -1.67681381  0.15827261  0.47544693 -3.18129204
  3.22965954  2.08939038  1.06966322 -0.97386652  0.5690076   1.32755558
  1.32326681 -1.8768097   0.79831434  2.92560881 -0.41333604 -0.44976251
 -1.92384477  0.75331524  1.62033632  2.87510238 -1.42840424 -0.4029344
 -2.2015367  -2.10251654  3.08035379  2.7576559  -0.75146631 -2.64919138
  1.55644253 -0.2027763  -2.42405434  1.8764983   1.11603071 -0.60071045
  1.10691583 -2.02097969 -0.22894853  2.27036141 -0.20407247  0.5719985
  2.40599406  0.58146135  2.64511931  2.86598982  2.79425727 -2.92385661
  0.31793513 -0.39687194  1.69882994  2.98438892 -0.39199314 -2.41244463
  2.70090624 -3.16080644  0.58450682 -0.71470172 -1.73299918  3.10918265
 -1.92032163 -1.64016126 -2.56747253  2.3789793  -2.15987892  1.95634541
  1.74745516  1.46243954  2.48308165  2.91050469  1.94121416  1.48176926
 -1.77166483 -2.35470093  1.17530807  0.55426115  1.60350814 -2.81582616
 -0.12632975  2.53003107 -1.15285187  1.20638642  1.23790436  0.63571474
 -0.96390832  1.14620209  0.81922782 -0.35836606  2.81131982 -2.13447632
  1.58785001 -0.63634433  1.00404997 -3.25865135 -2.22803923  0.35716624
 -1.11181277 -0.42989363  0.27713034  0.04661694 -1.78345879 -0.18122751
 -0.63496824  2.87247516 -1.08986555 -1.22183929 -1.10087636  1.287636
  1.6159404  -0.84040911  2.08981807 -1.59340352 -0.2535589  -0.91218454
 -2.96083611  3.08845596 -1.76210749  3.02355063 -1.37076647 -2.45537661
  3.63793536 -1.15929702 -0.71321653 -2.97805811 -2.55694845  2.98488969
 -1.97260594 -1.67415163 -0.42090554  2.99074769  0.12433149  0.0214852
 -1.6317509  -0.14505706 -1.59601977 -3.10036332  2.94812501  1.20062714
 -0.32768019 -2.32479157  1.01519615 -1.18598155 -0.25252513 -2.14060824
 -1.9324352   1.76588918 -0.96832493  2.58585233 -0.46243189 -3.10281957
 -2.8239535   1.94896087 -3.07430986 -0.23818258 -1.02799005 -0.17481266
  2.37247829  1.73374978 -0.21147434 -1.91117409 -3.02366934  0.12581507
 -0.81753799  1.48376002 -2.51639746  0.94811075 -0.12784127  0.17545252
  2.01592368  0.7174811   0.79885461 -1.25598036  1.61712118  2.51895793
  1.26700984  0.2655754  -1.02366773  2.605261    0.81405115 -2.21851423
  0.04291202  1.70576338  1.04527729 -0.66037957 -2.32768796  2.41729884
  2.03085514  1.68621739  2.26018534  1.82928057 -2.0517409  -2.83496871
  0.582444    1.36466613 -2.40949069 -1.29576748  2.41974641  1.30507925
 -0.00693455 -1.71851786 -1.52754517  1.97780177  1.47708548 -0.78584818
 -0.13271588 -0.38623429 -0.17471024  2.42956346 -0.51750992 -0.65829889
  1.03539561 -2.29235955  0.98249059  2.58710483 -0.49590613  2.15061359
 -1.96410261 -0.90123245 -2.41079413 -2.28769729 -1.41488667 -2.90148315
  1.56566814  1.80748597  1.61248206  1.04817723  1.41681773 -2.3328998
 -2.67887868  1.71732296  1.00080826 -0.40467515 -2.63240777  1.57780449
 -1.25798084 -2.4930781   0.058792  ]
Thu Jun 13 21:34:24 2024,337,0.11588440351838518,[-2.8524359   2.17103454 -1.67495513  0.15641393  0.47358824 -3.17943336
  3.22780085  2.08753169  1.06780454 -0.9757252   0.57086628  1.32941426
  1.32512549 -1.87495102  0.80017302  2.92375012 -0.41147735 -0.45162119
 -1.92198609  0.75517393  1.61847763  2.87696106 -1.43026292 -0.40107572
 -2.20339538 -2.10437523  3.08221248  2.75579721 -0.753325   -2.65105007
  1.55830122 -0.20091762 -2.42219565  1.87835698  1.11417202 -0.60256913
  1.10505714 -2.019121   -0.23080721  2.26850273 -0.20221378  0.57013981
  2.40785275  0.58332003  2.646978    2.86784851  2.79239858 -2.9257153
  0.31979381 -0.39501325  1.70068863  2.98253023 -0.39013445 -2.41430331
  2.69904756 -3.15894775  0.58264814 -0.7165604  -1.7311405   3.11104134
 -1.92218031 -1.63830257 -2.56933122  2.37712061 -2.15802023  1.9582041
  1.74931385  1.46429823  2.48494034  2.91236338  1.93935548  1.48362795
 -1.77352352 -2.35655962  1.17344938  0.55240246  1.60536682 -2.81768485
 -0.12447107  2.52817239 -1.15099319  1.20824511  1.23976304  0.63385605
 -0.965767    1.14806078  0.82108651 -0.36022475  2.80946113 -2.13633501
  1.58599132 -0.63820302  1.00590866 -3.25679266 -2.22618054  0.35902493
 -1.11367146 -0.43175232  0.27527166  0.04475825 -1.78531747 -0.17936883
 -0.63310955  2.87433385 -1.09172424 -1.21998061 -1.09901768  1.28577732
  1.61779908 -0.84226779  2.08795938 -1.59526221 -0.25541759 -0.91032585
 -2.95897743  3.08659727 -1.7602488   3.02169195 -1.37262516 -2.4572353
  3.63979405 -1.1611557  -0.71507522 -2.97991679 -2.55880714  2.98674837
 -1.97446463 -1.67601031 -0.42276423  2.988889    0.12619017  0.02334388
 -1.63360959 -0.14319837 -1.59787845 -3.09850464  2.94626632  1.20248583
 -0.32953887 -2.32665026  1.01705483 -1.18412287 -0.25438381 -2.13874955
 -1.93057651  1.76403049 -0.96646624  2.58399365 -0.46429058 -3.10467825
 -2.82209482  1.94710218 -3.07616854 -0.23632389 -1.02984873 -0.17667135
  2.37433698  1.73560846 -0.21333303 -1.9093154  -3.02181066  0.12767376
 -0.81567931  1.48190133 -2.51825614  0.94996943 -0.12598258  0.17731121
  2.01778237  0.71562242  0.79699592 -1.25412167  1.6152625   2.51709925
  1.26515115  0.26743408 -1.02552641  2.60711968  0.81590984 -2.22037291
  0.04477071  1.70390469  1.04713598 -0.65852089 -2.32582927  2.41544015
  2.02899646  1.68435871  2.25832665  1.83113925 -2.05359958 -2.83311003
  0.58058531  1.36280744 -2.407632   -1.29762616  2.41788772  1.30322056
 -0.00507587 -1.71665917 -1.52940385  1.97966046  1.47894417 -0.7839895
 -0.13085719 -0.3843756  -0.17285156  2.42770478 -0.5193686  -0.66015757
  1.03353693 -2.29421824  0.9806319   2.58524614 -0.49776482  2.15247228
 -1.96596129 -0.89937376 -2.40893545 -2.2858386  -1.41302798 -2.90334183
  1.56380945  1.80934466  1.61434075  1.05003591  1.41867642 -2.33475849
 -2.67701999  1.71918165  1.00266695 -0.40281646 -2.63426646  1.5759458
 -1.25983953 -2.49121941  0.05693332]
Thu Jun 13 21:34:41 2024,338,0.11585900947224212,[-2.85296987  2.17050057 -1.67442116  0.15587996  0.47412221 -3.17996733
  3.22726688  2.08699772  1.06727056 -0.97625917  0.57033231  1.32888029
  1.32459152 -1.87441705  0.79963905  2.92428409 -0.41094338 -0.45108722
 -1.92252006  0.7557079   1.6190116   2.87642709 -1.42972895 -0.40160969
 -2.20286141 -2.1049092   3.08274645  2.75526324 -0.75385897 -2.65158404
  1.55776725 -0.20038365 -2.42166168  1.87889096  1.11470599 -0.60310311
  1.10559111 -2.01965497 -0.23134118  2.26796876 -0.20167981  0.57067378
  2.40731878  0.58278606  2.64644403  2.86838248  2.79186461 -2.92518133
  0.32032778 -0.39554722  1.70015466  2.9830642  -0.39066842 -2.41376934
  2.69851358 -3.15841378  0.58211417 -0.71709437 -1.73060652  3.11157531
 -1.92271428 -1.6377686  -2.56879724  2.37658664 -2.15748626  1.95873807
  1.74984782  1.46376426  2.48547431  2.91289735  1.93988945  1.48416192
 -1.77298955 -2.35709359  1.17291541  0.55293643  1.60590079 -2.81715088
 -0.12500504  2.52763841 -1.15045921  1.20877908  1.24029701  0.63332208
 -0.96630097  1.14859475  0.82055254 -0.35969078  2.8099951  -2.13686898
  1.58545735 -0.63766905  1.00644263 -3.25732663 -2.22671452  0.35849095
 -1.11313749 -0.43121835  0.27580563  0.04422428 -1.7847835  -0.1799028
 -0.63364352  2.87379988 -1.09119027 -1.21944664 -1.09848371  1.28524335
  1.61833306 -0.84173382  2.08849335 -1.59472824 -0.25488361 -0.90979188
 -2.9595114   3.0860633  -1.76078277  3.02222592 -1.37209119 -2.45776927
  3.63926008 -1.16062173 -0.71454125 -2.98045076 -2.55934111  2.98728234
 -1.9749986  -1.67547634 -0.4232982   2.98942297  0.12672414  0.02387785
 -1.63307562 -0.1426644  -1.59734448 -3.09903861  2.94573235  1.2030198
 -0.3290049  -2.32718423  1.0175888  -1.18465684 -0.25384984 -2.13821558
 -1.93004254  1.76349652 -0.96700021  2.58345968 -0.46375661 -3.10521222
 -2.82262879  1.94656821 -3.07670251 -0.23578992 -1.0303827  -0.17720532
  2.37380301  1.73507449 -0.213867   -1.90878143 -3.02127669  0.12820773
 -0.81621328  1.4824353  -2.51879012  0.94943546 -0.12651655  0.17784518
  2.0172484   0.71508845  0.79646195 -1.2535877   1.61579647  2.51763322
  1.26461718  0.26796805 -1.02499244  2.60658571  0.81644381 -2.22090689
  0.04423674  1.70443866  1.04660201 -0.65798692 -2.3252953   2.41490618
  2.02846249  1.68382474  2.25886062  1.83060528 -2.05306561 -2.83257606
  0.58111928  1.36227347 -2.40709803 -1.29816013  2.41735375  1.30375454
 -0.00560984 -1.7161252  -1.52886988  1.97912649  1.47947814 -0.78345553
 -0.13139116 -0.38490957 -0.17231759  2.42823875 -0.51990257 -0.66069154
  1.03300295 -2.29475221  0.98116587  2.58578011 -0.49723085  2.1519383
 -1.96542732 -0.89883979 -2.40840147 -2.28637257 -1.41356196 -2.9038758
  1.56327548  1.80987863  1.61487472  1.05056988  1.41921039 -2.33529246
 -2.67648602  1.71971562  1.00213298 -0.40335043 -2.63373249  1.57541183
 -1.25930556 -2.49068544  0.05639935]
Thu Jun 13 21:34:57 2024,339,0.11548572137354032,[-2.85068927  2.16821996 -1.67214055  0.15816056  0.47640281 -3.18224793
  3.22498628  2.08471712  1.06955117 -0.97853978  0.56805171  1.32659969
  1.32231092 -1.87213644  0.80191966  2.9265647  -0.40866278 -0.45336783
 -1.92023946  0.7579885   1.616731    2.87870769 -1.42744835 -0.40389029
 -2.20058081 -2.1071898   3.08502705  2.75754385 -0.75157837 -2.65386464
  1.55548664 -0.19810304 -2.42394228  1.87661035  1.11242539 -0.6008225
  1.10331051 -2.02193557 -0.23362179  2.27024936 -0.19939921  0.56839318
  2.40959938  0.58506667  2.64416342  2.86610188  2.78958401 -2.92290072
  0.31804718 -0.39782783  1.70243526  2.9807836  -0.38838782 -2.41148874
  2.70079419 -3.15613318  0.57983356 -0.71481377 -1.72832592  3.10929471
 -1.92043368 -1.635488   -2.56651664  2.37886724 -2.15976686  1.95645746
  1.74756722  1.46604486  2.48775491  2.91517795  1.93760884  1.48644253
 -1.77527015 -2.35937419  1.17519602  0.55521703  1.60362019 -2.81943148
 -0.12728564  2.52991902 -1.14817861  1.20649848  1.24257762  0.63560268
 -0.96402037  1.14631415  0.81827193 -0.36197138  2.8077145  -2.13458837
  1.58773795 -0.63538844  1.00416202 -3.25960724 -2.22899512  0.35621035
 -1.11085688 -0.43349895  0.27808623  0.04650489 -1.7870641  -0.1776222
 -0.63592413  2.87608048 -1.08890966 -1.22172724 -1.0962031   1.28296274
  1.62061366 -0.83945322  2.08621275 -1.59244763 -0.25716422 -0.91207249
 -2.961792    3.0883439  -1.75850217  3.02450652 -1.37437179 -2.45548866
  3.64154068 -1.16290233 -0.71682185 -2.98273137 -2.56162171  2.98956295
 -1.972718   -1.67319574 -0.42101759  2.98714237  0.12900475  0.02615846
 -1.63535622 -0.144945   -1.59962508 -3.10131921  2.94801295  1.2007392
 -0.3267243  -2.32490363  1.0153082  -1.18693744 -0.25156924 -2.14049618
 -1.93232315  1.76121592 -0.96928082  2.58117907 -0.46147601 -3.10749283
 -2.82034819  1.94884881 -3.07898312 -0.23350932 -1.0281021  -0.17492471
  2.37608361  1.73279389 -0.21158639 -1.90650083 -3.01899608  0.12592713
 -0.81393267  1.4847159  -2.52107072  0.95171607 -0.12423595  0.17556458
  2.019529    0.71280784  0.79874255 -1.2558683   1.61807707  2.51535262
  1.26689778  0.26568745 -1.02271184  2.60886632  0.8141632  -2.21862628
  0.04195613  1.70671927  1.0443214  -0.65570631 -2.32757591  2.41262558
  2.02618188  1.68610534  2.25658002  1.82832468 -2.05534621 -2.83485666
  0.57883868  1.36455407 -2.40937863 -1.29587953  2.41963435  1.30603514
 -0.00789044 -1.7138446  -1.52658928  1.98140709  1.48175874 -0.78117492
 -0.12911056 -0.38719018 -0.17459819  2.43051935 -0.51762197 -0.65841094
  1.03072235 -2.29703281  0.97888527  2.58806072 -0.49495024  2.15421891
 -1.96314672 -0.89655919 -2.41068208 -2.28409197 -1.41584256 -2.90615641
  1.56099488  1.80759802  1.61259411  1.04828928  1.41692979 -2.33757306
 -2.67420542  1.72199622  1.00441358 -0.40106983 -2.63145188  1.57769244
 -1.26158616 -2.48840484  0.05867995]
Thu Jun 13 21:35:14 2024,340,0.11526250922556006,[-2.85297755  2.16593168 -1.67442884  0.15587228  0.47411453 -3.18453622
  3.22727456  2.0870054   1.06726289 -0.98082806  0.56576343  1.32431141
  1.32002264 -1.87442472  0.80420794  2.92427642 -0.4063745  -0.45107954
 -1.92252774  0.76027678  1.61444272  2.87641941 -1.42516007 -0.40160201
 -2.19829253 -2.10947809  3.08731533  2.75525557 -0.75386665 -2.65157636
  1.55777492 -0.20039133 -2.421654    1.87889863  1.11471367 -0.60311078
  1.10559879 -2.02422386 -0.23133351  2.26796108 -0.19711093  0.5661049
  2.4073111   0.58735495  2.64187514  2.86381359  2.78729573 -2.92061244
  0.3157589  -0.39553954  1.70014698  2.97849532 -0.38609954 -2.41377702
  2.69850591 -3.15842146  0.58212184 -0.71252549 -1.72603764  3.10700643
 -1.92272196 -1.63319971 -2.56422836  2.38115553 -2.16205515  1.95874575
  1.74527894  1.46833314  2.48546663  2.91746623  1.93532056  1.48873081
 -1.77755843 -2.35708591  1.1774843   0.55292875  1.60133191 -2.82171976
 -0.12957392  2.52763074 -1.14589033  1.20421019  1.2448659   0.6333144
 -0.96173209  1.14402586  0.81598365 -0.3596831   2.80542622 -2.13687665
  1.58544967 -0.63767673  1.00645031 -3.25731895 -2.2312834   0.35392207
 -1.11314517 -0.43121067  0.27579795  0.04879317 -1.78477582 -0.17533391
 -0.63821241  2.87836876 -1.08662138 -1.22401552 -1.09391482  1.28525102
  1.62290194 -0.8417415   2.08392447 -1.59015935 -0.25487594 -0.91436077
 -2.95950372  3.09063219 -1.76079045  3.02679481 -1.37208351 -2.45777695
  3.64382896 -1.16061405 -0.71453357 -2.98044309 -2.55933343  2.98727467
 -1.97500628 -1.67548402 -0.41872931  2.98943065  0.13129303  0.02387018
 -1.6376445  -0.14265672 -1.5973368  -3.10360749  2.95030123  1.19845092
 -0.32901258 -2.32719191  1.01759648 -1.18464916 -0.24928096 -2.1382079
 -1.93461143  1.75892764 -0.9715691   2.57889079 -0.45918772 -3.10978111
 -2.8180599   1.9511371  -3.07669484 -0.2357976  -1.03039038 -0.17721299
  2.37379533  1.73508217 -0.21387467 -1.90421255 -3.02128436  0.12821541
 -0.81164439  1.48242762 -2.51878244  0.95400435 -0.12194767  0.17785286
  2.02181728  0.71509612  0.79645427 -1.25358002  1.62036535  2.5176409
  1.2646095   0.26797573 -1.02042355  2.6111546   0.81187492 -2.216338
  0.03966785  1.70443099  1.04660968 -0.65799459 -2.32986419  2.4103373
  2.02847016  1.68381706  2.2588683   1.8260364  -2.05305793 -2.83714494
  0.58112696  1.36226579 -2.40709035 -1.29816781  2.41734607  1.30374686
 -0.01017872 -1.71155632 -1.52430099  1.97911881  1.48404702 -0.7834632
 -0.12682228 -0.3849019  -0.17688647  2.42823107 -0.51991025 -0.65612266
  1.02843407 -2.29474453  0.98117355  2.590349   -0.49266196  2.15650719
 -1.965435   -0.89427091 -2.4083938  -2.28180369 -1.41355428 -2.90386813
  1.5587066   1.80530974  1.61488239  1.046001    1.4146415  -2.33986135
 -2.6764937   1.7242845   1.00670186 -0.39878155 -2.63374017  1.57998072
 -1.26387444 -2.48611656  0.05639167]
Thu Jun 13 21:35:30 2024,341,0.11525085772595074,[-2.85336078  2.16631491 -1.6740456   0.15548905  0.4737313  -3.18491945
  3.22689133  2.08738863  1.06764612 -0.98044483  0.56614666  1.32469464
  1.32040587 -1.87404149  0.80382471  2.92389318 -0.40599126 -0.45069631
 -1.92291097  0.76066002  1.61482595  2.87680264 -1.42477683 -0.40121878
 -2.19867576 -2.10986132  3.08769857  2.7556388  -0.75424988 -2.6519596
  1.55739169 -0.20000809 -2.42203723  1.8785154   1.11433044 -0.60349401
  1.10521556 -2.02384062 -0.23095027  2.26757785 -0.1967277   0.56572167
  2.40692787  0.58697172  2.64149191  2.86343036  2.78767896 -2.92099567
  0.31614213 -0.39592278  1.69976375  2.97811209 -0.38571631 -2.41416025
  2.69812267 -3.15880469  0.58173861 -0.71214226 -1.72565441  3.10738966
 -1.92310519 -1.63281648 -2.56461159  2.38153876 -2.16167191  1.95912898
  1.74566217  1.46871638  2.4850834   2.91784947  1.93570379  1.48834757
 -1.7771752  -2.35670268  1.17710107  0.55331198  1.60171514 -2.82133653
 -0.12919069  2.52724751 -1.14627356  1.20382696  1.24524913  0.63293117
 -0.96211532  1.1444091   0.81636688 -0.35929987  2.80580945 -2.13725989
  1.5858329  -0.63729349  1.00606707 -3.25770219 -2.23090017  0.35353884
 -1.11276193 -0.43082744  0.27541472  0.04840994 -1.78439259 -0.17495068
 -0.63782918  2.87798553 -1.08700461 -1.22439875 -1.09429805  1.28486779
  1.62328517 -0.84212473  2.0843077  -1.58977612 -0.25525917 -0.91397754
 -2.95988695  3.09024895 -1.76040722  3.02641157 -1.37246674 -2.45739371
  3.64421219 -1.16023082 -0.7149168  -2.98005985 -2.55971666  2.98689144
 -1.97462305 -1.67510079 -0.41911254  2.98981388  0.1309098   0.02425341
 -1.63726127 -0.14303996 -1.59772003 -3.10399073  2.949918    1.19806768
 -0.32862935 -2.32757514  1.01721325 -1.18503239 -0.24889772 -2.13782467
 -1.93499466  1.75931087 -0.97118587  2.57850756 -0.45957096 -3.11016434
 -2.81767667  1.95075386 -3.0763116  -0.23541437 -1.03077361 -0.17682976
  2.37417856  1.7354654  -0.21349144 -1.90459578 -3.0216676   0.12859864
 -0.81126116  1.48281086 -2.51839921  0.95362112 -0.12156444  0.17746963
  2.02143405  0.71547935  0.79607104 -1.25396325  1.62074859  2.51802413
  1.26499273  0.2675925  -1.02080679  2.61077137  0.81149169 -2.21595477
  0.03928462  1.70404775  1.04699291 -0.65837782 -2.32948096  2.41072053
  2.0288534   1.68420029  2.25848507  1.82565316 -2.05344117 -2.83752817
  0.58151019  1.36264902 -2.40670712 -1.29778458  2.41696284  1.30413009
 -0.01056195 -1.71193955 -1.52468423  1.97873558  1.48366379 -0.78384644
 -0.12720551 -0.38451866 -0.17650324  2.4286143  -0.51952702 -0.65650589
  1.02805084 -2.2943613   0.98079032  2.58996577 -0.49304519  2.15689042
 -1.96581823 -0.89465414 -2.40801057 -2.28218692 -1.41317105 -2.90425136
  1.55832337  1.80569298  1.61449916  1.04638423  1.41425827 -2.34024458
 -2.67611047  1.72466774  1.0070851  -0.39839831 -2.6341234   1.57959749
 -1.26425768 -2.48573332  0.0567749 ]
Thu Jun 13 21:35:47 2024,342,0.11492307831258988,[-2.85644142  2.16323427 -1.67096496  0.15240841  0.47681194 -3.18800009
  3.22997197  2.08430799  1.07072676 -0.98352547  0.56306602  1.321614
  1.32348651 -1.87096085  0.80074407  2.92081254 -0.40291062 -0.44761567
 -1.91983033  0.76374066  1.61790659  2.87988328 -1.42785747 -0.39813814
 -2.2017564  -2.10678068  3.08461793  2.75871944 -0.75116924 -2.65504024
  1.55431105 -0.20308873 -2.41895659  1.88159604  1.11741108 -0.60041338
  1.1082962  -2.02075998 -0.22786963  2.26449721 -0.19980834  0.56264103
  2.40384723  0.59005236  2.63841127  2.86034972  2.78459832 -2.92407631
  0.31306149 -0.39900342  1.69668311  2.97503145 -0.38263567 -2.41107961
  2.69504203 -3.16188533  0.58481925 -0.70906162 -1.72873505  3.1104703
 -1.92618583 -1.63589712 -2.56769223  2.3846194  -2.15859127  1.95604834
  1.74258153  1.46563574  2.48200276  2.92093011  1.93878443  1.48526693
 -1.77409456 -2.35362204  1.18018171  0.55639262  1.5986345  -2.82441717
 -0.12611005  2.52416687 -1.1493542   1.20074632  1.24216849  0.62985053
 -0.96519596  1.14132846  0.81328624 -0.35621923  2.80889009 -2.13417925
  1.58891354 -0.64037413  1.00298643 -3.25462155 -2.22781953  0.35661948
 -1.11584257 -0.4277468   0.27233408  0.0453293  -1.78747323 -0.17803132
 -0.64090982  2.88106617 -1.09008525 -1.22747939 -1.09737869  1.28794843
  1.62020453 -0.84520537  2.08738834 -1.58669548 -0.25833981 -0.91705818
 -2.95680631  3.09332959 -1.76348786  3.02949221 -1.3693861  -2.45431307
  3.64113155 -1.16331146 -0.71799744 -2.97697921 -2.55663602  2.9838108
 -1.97770369 -1.67202015 -0.42219318  2.98673324  0.13399044  0.02733405
 -1.63418063 -0.13995932 -1.60080067 -3.10091009  2.95299864  1.19498704
 -0.33170999 -2.3244945   1.02029389 -1.18195175 -0.25197836 -2.13474403
 -1.93191402  1.75623023 -0.97426651  2.57542692 -0.45649032 -3.1070837
 -2.81459603  1.94767322 -3.07939224 -0.23849501 -1.03385425 -0.1799104
  2.37109792  1.73854604 -0.21657208 -1.90151514 -3.02474824  0.13167928
 -0.80818052  1.47973022 -2.51531857  0.95670176 -0.1184838   0.18055027
  2.02451469  0.71239871  0.7929904  -1.25088261  1.61766795  2.52110477
  1.26807337  0.27067314 -1.01772615  2.60769073  0.80841105 -2.21903541
  0.04236526  1.70712839  1.05007355 -0.65529718 -2.32640032  2.41380117
  2.03193404  1.68111965  2.26156571  1.8287338  -2.05036053 -2.83444753
  0.57842955  1.35956838 -2.40978776 -1.29470394  2.42004348  1.30104945
 -0.01364259 -1.71502019 -1.52776487  1.97565494  1.48058315 -0.78692708
 -0.13028615 -0.38143802 -0.17958388  2.42553366 -0.52260766 -0.65342525
  1.03113148 -2.29744194  0.98387096  2.58688513 -0.48996455  2.15997106
 -1.96273759 -0.8915735  -2.40492993 -2.28526756 -1.41009041 -2.907332
  1.55524273  1.80261234  1.6175798   1.04946487  1.41733891 -2.33716394
 -2.67919111  1.72774838  1.01016574 -0.39531767 -2.63720404  1.58267813
 -1.26733832 -2.48265268  0.05985554]
Thu Jun 13 21:36:02 2024,343,0.11485396693175284,[-2.85459674  2.16507896 -1.67280965  0.15425309  0.47865663 -3.1861554
  3.23181665  2.0824633   1.07257144 -0.98537015  0.5649107   1.31976932
  1.32533119 -1.87280554  0.79889938  2.92265723 -0.40475531 -0.44946036
 -1.91798564  0.76189597  1.61975128  2.8780386  -1.42601279 -0.39998282
 -2.19991172 -2.10862536  3.08646261  2.75687475 -0.75301392 -2.65319555
  1.55615574 -0.20493342 -2.41711191  1.87975136  1.11556639 -0.59856869
  1.11014089 -2.02260467 -0.22602495  2.26634189 -0.19796365  0.56448571
  2.40200255  0.58820767  2.63656659  2.86219441  2.78275363 -2.92223163
  0.31121681 -0.39715873  1.69852779  2.97687613 -0.38448035 -2.4129243
  2.69688672 -3.16373001  0.58297457 -0.70721693 -1.72689036  3.11231498
 -1.92434115 -1.63774181 -2.56584755  2.38646408 -2.16043596  1.95420365
  1.74442621  1.46379105  2.48384744  2.91908542  1.93693975  1.48711162
 -1.77593925 -2.35177735  1.18202639  0.55454794  1.59678981 -2.82626186
 -0.12426537  2.52232218 -1.15119889  1.19890164  1.2403238   0.63169522
 -0.96335128  1.14317314  0.81144156 -0.35437454  2.81073477 -2.13233456
  1.58706886 -0.64221882  1.00114175 -3.25646623 -2.22966421  0.35846416
 -1.11399789 -0.42959149  0.27417876  0.04717398 -1.78562855 -0.17618664
 -0.6427545   2.87922148 -1.09192994 -1.22932408 -1.09553401  1.28979312
  1.62204922 -0.84336069  2.08554365 -1.58485079 -0.25649512 -0.91521349
 -2.958651    3.09148491 -1.76164317  3.02764753 -1.36754142 -2.45615776
  3.64297624 -1.16515615 -0.71615276 -2.9788239  -2.55848071  2.98565548
 -1.975859   -1.67386483 -0.4203485   2.98857793  0.13214575  0.02548936
 -1.63233594 -0.13811463 -1.59895599 -3.10275477  2.95484333  1.19314236
 -0.33355467 -2.32264981  1.01844921 -1.18379644 -0.25013368 -2.13289935
 -1.93006933  1.75438554 -0.97242182  2.5772716  -0.45464563 -3.10523902
 -2.81644072  1.94951791 -3.07754756 -0.24033969 -1.03200957 -0.17806572
  2.36925324  1.74039073 -0.2147274  -1.89967045 -3.02290355  0.12983459
 -0.81002521  1.47788553 -2.51716325  0.95485707 -0.11663911  0.18239495
  2.02267001  0.7142434   0.79483508 -1.24903793  1.61951263  2.52294945
  1.26622869  0.26882845 -1.01588146  2.60953541  0.81025574 -2.21719072
  0.04052058  1.70897308  1.04822887 -0.6534525  -2.328245    2.41195648
  2.03377872  1.68296433  2.25972103  1.83057849 -2.04851584 -2.83260285
  0.57658487  1.36141307 -2.41163244 -1.29654863  2.41819879  1.29920476
 -0.01179791 -1.7131755  -1.52960955  1.97381025  1.48242784 -0.78877176
 -0.12844147 -0.38328271 -0.17773919  2.42737835 -0.52076298 -0.65526993
  1.03297616 -2.29559726  0.98202627  2.58504044 -0.48811987  2.16181575
 -1.96458228 -0.89341818 -2.40308524 -2.28342287 -1.41193509 -2.90917668
  1.55339804  1.80076765  1.61942449  1.04762019  1.41549423 -2.33531925
 -2.68103579  1.72590369  1.00832105 -0.39347299 -2.63535935  1.58083344
 -1.26549363 -2.480808    0.06170023]
Thu Jun 13 21:36:18 2024,344,0.11483516736404895,[-2.8540056   2.16448783 -1.67221852  0.15484422  0.47806549 -3.18674653
  3.23122552  2.08305444  1.07316258 -0.98596128  0.56550183  1.32036045
  1.32474006 -1.87339667  0.79949051  2.9220661  -0.40534644 -0.44886922
 -1.91739451  0.76130484  1.62034241  2.87744747 -1.42660392 -0.40057396
 -2.20050285 -2.10803423  3.08587148  2.75628362 -0.75242279 -2.65260442
  1.55674687 -0.20552455 -2.41652078  1.88034249  1.11497526 -0.59797756
  1.10954975 -2.0231958  -0.22661608  2.26693302 -0.19855478  0.56507684
  2.40141141  0.58761654  2.63715772  2.86160328  2.7821625  -2.92282276
  0.31180794 -0.39774986  1.69911893  2.976285   -0.38388922 -2.41351543
  2.69629559 -3.16432115  0.58238343 -0.7066258  -1.72629923  3.11172385
 -1.92375002 -1.63715068 -2.56643868  2.38587295 -2.16102709  1.95361252
  1.74501734  1.46319992  2.48325631  2.91967655  1.93634862  1.48652049
 -1.77653038 -2.35236848  1.18261752  0.55513907  1.59738095 -2.82567072
 -0.12367423  2.52291331 -1.15060775  1.19949277  1.24091494  0.63228635
 -0.96276014  1.14376427  0.81203269 -0.35378341  2.81132591 -2.13292569
  1.58765999 -0.64162769  1.00055062 -3.25705736 -2.22907308  0.35787303
 -1.11340676 -0.42900035  0.27358763  0.04776511 -1.78621968 -0.17559551
 -0.64216337  2.87863035 -1.09133881 -1.22873295 -1.09494288  1.29038425
  1.62145809 -0.84276955  2.08495252 -1.58425966 -0.25590399 -0.91462236
 -2.95805986  3.09089378 -1.7622343   3.02823866 -1.36695029 -2.45556663
  3.64356737 -1.16456501 -0.71674389 -2.97941503 -2.55907184  2.98624661
 -1.97645013 -1.6732737  -0.42093963  2.98916906  0.13155462  0.0260805
 -1.63174481 -0.1375235  -1.59954712 -3.1033459   2.95543446  1.19373349
 -0.3341458  -2.32324095  1.01785807 -1.18438757 -0.24954255 -2.13349048
 -1.9294782   1.75379441 -0.97183069  2.57668047 -0.4540545  -3.10464788
 -2.81703185  1.95010904 -3.07695643 -0.24093082 -1.03141844 -0.17747459
  2.3686621   1.73979959 -0.21413627 -1.90026159 -3.02231242  0.12924346
 -0.81061634  1.47847666 -2.51657212  0.95426594 -0.11604798  0.18180382
  2.02207888  0.71483453  0.79424395 -1.2484468   1.62010376  2.52354059
  1.26563756  0.26823732 -1.01529033  2.60894428  0.8096646  -2.21778186
  0.03992944  1.70838195  1.04763774 -0.65286137 -2.32765387  2.41136535
  2.03436985  1.68355547  2.25912989  1.82998736 -2.04910697 -2.83201172
  0.57599373  1.3620042  -2.41222358 -1.29595749  2.41760766  1.29861363
 -0.01120678 -1.71376664 -1.52901842  1.97440138  1.4818367  -0.78818063
 -0.1290326  -0.38387384 -0.17714806  2.42796948 -0.52135411 -0.6546788
  1.0335673  -2.29500612  0.98261741  2.58563158 -0.48752874  2.16122461
 -1.96517341 -0.89282705 -2.40249411 -2.28401401 -1.41252622 -2.90976782
  1.55280691  1.80135878  1.62001562  1.04702905  1.4149031  -2.33591038
 -2.68044466  1.72531256  1.00891218 -0.39406412 -2.63595048  1.58142457
 -1.26608476 -2.48139913  0.06110909]
Thu Jun 13 21:36:34 2024,345,0.1146692958638017,[-2.85176811  2.16672532 -1.66998102  0.15708172  0.48030299 -3.18898403
  3.23346302  2.08081694  1.07092508 -0.98819878  0.56773933  1.32259795
  1.32250256 -1.87563417  0.79725302  2.9198286  -0.40310894 -0.44663173
 -1.91963201  0.76354234  1.61810491  2.87968497 -1.42436642 -0.40281145
 -2.19826535 -2.10579673  3.08810898  2.75852112 -0.75466029 -2.65036692
  1.55898437 -0.20328705 -2.41875828  1.88257999  1.11721276 -0.59574006
  1.10731225 -2.0254333  -0.22885358  2.26917052 -0.20079228  0.56731434
  2.39917391  0.58985404  2.63492022  2.85936578  2.779925   -2.92058526
  0.30957044 -0.39998736  1.70135642  2.9740475  -0.38612672 -2.41127793
  2.69405809 -3.16655864  0.58014594 -0.7088633  -1.72406173  3.11396135
 -1.92151252 -1.63938817 -2.56420118  2.38363545 -2.15878959  1.95137502
  1.74725484  1.46543742  2.48549381  2.91743905  1.93858612  1.48875799
 -1.77876788 -2.35460598  1.18038002  0.55290157  1.59514345 -2.82790822
 -0.12143674  2.52067581 -1.14837026  1.20173027  1.24315244  0.63004885
 -0.96052265  1.14152677  0.81427019 -0.35154591  2.81356341 -2.13516319
  1.58542249 -0.64386519  0.99831312 -3.25929486 -2.23131058  0.36011053
 -1.11564425 -0.42676285  0.27135013  0.04552762 -1.78398218 -0.17335801
 -0.64440087  2.87639285 -1.08910131 -1.22649545 -1.09270538  1.28814675
  1.62369558 -0.84053206  2.08719002 -1.58649716 -0.25814149 -0.91685986
 -2.96029736  3.08865628 -1.75999681  3.02600116 -1.36471279 -2.45780413
  3.64580487 -1.16232752 -0.71898139 -2.98165253 -2.55683434  2.98400911
 -1.97421264 -1.6710362  -0.41870213  2.99140656  0.12931712  0.02831799
 -1.62950731 -0.139761   -1.60178462 -3.10110841  2.95319696  1.19149599
 -0.33190831 -2.32100345  1.02009557 -1.18215007 -0.24730505 -2.13572798
 -1.9272407   1.75155691 -0.97406819  2.57444297 -0.456292   -3.10241039
 -2.81479435  1.95234654 -3.07471893 -0.24316832 -1.02918094 -0.17971208
  2.36642461  1.74203709 -0.21637376 -1.89802409 -3.02007492  0.12700596
 -0.81285384  1.48071416 -2.51880962  0.95650344 -0.11828548  0.18404132
  2.02431637  0.71259703  0.79648145 -1.2462093   1.62234126  2.52577808
  1.26340006  0.26599982 -1.01305283  2.60670678  0.8119021  -2.21554436
  0.03769195  1.70614445  1.04987524 -0.65509887 -2.32989137  2.40912785
  2.03213235  1.68579296  2.26136739  1.82774986 -2.05134447 -2.82977422
  0.57375624  1.3642417  -2.41446108 -1.29819499  2.41984516  1.30085113
 -0.00896928 -1.71600414 -1.52678092  1.97216389  1.4840742  -0.78594313
 -0.1267951  -0.38163634 -0.17938556  2.42573198 -0.51911661 -0.6569163
  1.0313298  -2.29724362  0.98485491  2.58786907 -0.48529124  2.16346211
 -1.96293591 -0.89058955 -2.40025661 -2.28177651 -1.41028873 -2.90753032
  1.55504441  1.79912128  1.61777812  1.04479155  1.41714059 -2.33814788
 -2.68268216  1.72307506  1.00667468 -0.39630162 -2.63371299  1.57918707
 -1.26832226 -2.48363663  0.0588716 ]
Thu Jun 13 21:36:49 2024,346,0.11462629383891239,[-2.85096126  2.16591847 -1.67078787  0.15627487  0.48110984 -3.18817718
  3.23426987  2.08162379  1.07173193 -0.98739193  0.56693248  1.3234048
  1.32169571 -1.87644102  0.79805987  2.92063545 -0.40391579 -0.44582488
 -1.91882516  0.76434919  1.61729806  2.87887812 -1.42517327 -0.4036183
 -2.1974585  -2.10660358  3.08730213  2.75932797 -0.75546714 -2.64956007
  1.55817752 -0.2040939  -2.41795143  1.88338684  1.11640591 -0.59654691
  1.1081191  -2.02462645 -0.22966043  2.26836367 -0.19998543  0.56812119
  2.39998076  0.58904719  2.63411337  2.85855893  2.78073185 -2.92139211
  0.31037729 -0.39918051  1.70054957  2.97485435 -0.38531987 -2.41208478
  2.69325124 -3.16575179  0.57933909 -0.70967015 -1.72486858  3.1147682
 -1.92231937 -1.63858132 -2.56339433  2.3844423  -2.15798274  1.95056817
  1.74644799  1.46463057  2.48468696  2.9166322   1.93939297  1.48795114
 -1.77796103 -2.35541283  1.18118687  0.55209472  1.5943366  -2.82871507
 -0.12224359  2.51986896 -1.14917711  1.20092342  1.24395928  0.629242
 -0.9613295   1.14071992  0.81507704 -0.35235276  2.81437026 -2.13435634
  1.58461564 -0.64305834  0.99750627 -3.25848801 -2.23211743  0.35930368
 -1.1164511  -0.425956    0.27054328  0.04472077 -1.78478903 -0.17255116
 -0.64520772  2.8771997  -1.08990816 -1.2273023  -1.09189853  1.2889536
  1.62450243 -0.84133891  2.08799687 -1.58569031 -0.25894834 -0.91605301
 -2.96110421  3.08946313 -1.76080366  3.02680801 -1.36390594 -2.45861098
  3.64661172 -1.16313437 -0.71978824 -2.98245938 -2.55602749  2.98481596
 -1.97501949 -1.67022935 -0.41789528  2.99059971  0.12851027  0.02751114
 -1.62870046 -0.14056785 -1.60097777 -3.10030156  2.95400381  1.19230284
 -0.33271515 -2.3201966   1.01928872 -1.18134322 -0.2464982  -2.13653483
 -1.92804755  1.75075006 -0.97326134  2.57524982 -0.45548515 -3.10160354
 -2.8139875   1.95315339 -3.07391208 -0.24397517 -1.02837409 -0.18051893
  2.36723146  1.74123024 -0.21556691 -1.89721724 -3.01926807  0.12781281
 -0.81366069  1.48152101 -2.51961647  0.95731029 -0.11747863  0.18484817
  2.02512322  0.71179018  0.7956746  -1.24701615  1.62314811  2.52497123
  1.26420691  0.26680667 -1.01385968  2.60589993  0.81109525 -2.21635121
  0.0368851   1.7069513   1.04906839 -0.65429202 -2.32908452  2.408321
  2.0329392   1.68659981  2.26056054  1.82694301 -2.05053762 -2.83058107
  0.57294939  1.36504855 -2.41526793 -1.29900184  2.41903831  1.30165798
 -0.00977613 -1.71681099 -1.52758777  1.97135704  1.48326735 -0.78513628
 -0.12598825 -0.38244319 -0.17857871  2.42653883 -0.51992346 -0.65610945
  1.03052295 -2.29643677  0.98566176  2.58706222 -0.48448439  2.16265526
 -1.96212906 -0.8913964  -2.40106346 -2.28258336 -1.41109558 -2.90672347
  1.55585126  1.79992813  1.61858497  1.0439847   1.41794744 -2.33734103
 -2.68348901  1.72388191  1.00586783 -0.39549477 -2.63290614  1.57999392
 -1.26912911 -2.48444348  0.05967845]
Thu Jun 13 21:37:07 2024,347,0.11457433295480564,[-2.85215683  2.1647229  -1.67198344  0.1550793   0.47991427 -3.18937276
  3.23546545  2.08281936  1.07053635 -0.98858751  0.56573691  1.32220922
  1.32050014 -1.87524544  0.79686429  2.92183102 -0.40511137 -0.4446293
 -1.91762958  0.76315361  1.61610248  2.88007369 -1.4239777  -0.40481388
 -2.19626292 -2.10779916  3.0884977   2.76052354 -0.75666272 -2.64836449
  1.55698194 -0.20289833 -2.41675585  1.88458241  1.11521034 -0.59774249
  1.10931468 -2.02343087 -0.22846485  2.26955925 -0.19878986  0.56931677
  2.39878519  0.58785161  2.63291779  2.85736335  2.78192743 -2.92019654
  0.31157286 -0.39798494  1.70174515  2.97365877 -0.38412429 -2.41328036
  2.69444682 -3.16455622  0.57814351 -0.71086572 -1.72367301  3.11596377
 -1.92351494 -1.63738575 -2.56458991  2.38324673 -2.15678717  1.95176375
  1.74525242  1.46582614  2.48588254  2.91782778  1.94058854  1.48914671
 -1.7791566  -2.35421726  1.1799913   0.5532903   1.59314102 -2.8275195
 -0.12343916  2.52106454 -1.15037268  1.20211899  1.24515486  0.63043758
 -0.96252507  1.13952435  0.81627262 -0.35354834  2.81317468 -2.13316077
  1.58342007 -0.64186276  0.99631069 -3.25968359 -2.23331301  0.36049925
 -1.11525553 -0.42476043  0.27173886  0.04352519 -1.78359346 -0.17135558
 -0.64640329  2.87839528 -1.08871258 -1.22610672 -1.09070295  1.29014918
  1.62330686 -0.84253448  2.08680129 -1.58449473 -0.25775276 -0.91485743
 -2.95990864  3.08826755 -1.75960808  3.02800359 -1.36510151 -2.45980655
  3.64780729 -1.16432994 -0.71859266 -2.9812638  -2.55483192  2.98601154
 -1.97382391 -1.67142493 -0.41909086  2.99179528  0.1273147   0.02631557
 -1.62750489 -0.14176342 -1.60217335 -3.10149713  2.95519939  1.19110727
 -0.33151958 -2.32139217  1.0204843  -1.1825388  -0.24769378 -2.13533925
 -1.92685198  1.74955449 -0.97206576  2.5764454  -0.45428957 -3.10040796
 -2.81518308  1.95434897 -3.07510765 -0.2427796  -1.02717851 -0.18171451
  2.36603588  1.74003467 -0.21437134 -1.89602166 -3.01807249  0.12661724
 -0.81485626  1.48271659 -2.52081204  0.95611471 -0.1186742   0.18365259
  2.0263188   0.71298576  0.79447902 -1.24582057  1.62434369  2.52616681
  1.26540249  0.2656111  -1.01266411  2.60470436  0.80989968 -2.21515563
  0.03808067  1.70575572  1.05026396 -0.65548759 -2.33028009  2.40712543
  2.03413478  1.68540424  2.25936497  1.82574743 -2.0517332  -2.83177664
  0.57175381  1.36624412 -2.4164635  -1.29780627  2.41784274  1.30046241
 -0.00858055 -1.71800656 -1.5263922   1.97255261  1.48446293 -0.7839407
 -0.12479267 -0.38363877 -0.17977429  2.42773441 -0.52111903 -0.65491387
  1.02932737 -2.2952412   0.98446618  2.58586665 -0.48328881  2.16145969
 -1.96332464 -0.89259198 -2.40225904 -2.28377893 -1.4099     -2.90552789
  1.55704683  1.80112371  1.6173894   1.04518028  1.41675187 -2.33614546
 -2.68229343  1.72268633  1.00467226 -0.39669035 -2.63171056  1.57879835
 -1.27032469 -2.4832479   0.05848287]
Thu Jun 13 21:37:23 2024,348,0.11457332618039995,[-2.85282931  2.16539538 -1.67131096  0.15575178  0.47924178 -3.19004524
  3.23613793  2.08349185  1.06986387 -0.98925999  0.56506442  1.32153674
  1.31982765 -1.87457296  0.79619181  2.92250351 -0.40578385 -0.44395682
 -1.9169571   0.76382609  1.61677497  2.87940121 -1.42330521 -0.40548636
 -2.19693541 -2.10712667  3.08782522  2.75985106 -0.75599023 -2.64769201
  1.55630946 -0.20222584 -2.41742833  1.88390993  1.11588282 -0.59841497
  1.1086422  -2.02410336 -0.22779237  2.27023173 -0.19946234  0.56864428
  2.39811271  0.5885241   2.63224531  2.85669087  2.78259991 -2.91952405
  0.31090038 -0.39731245  1.70241763  2.97433126 -0.38479678 -2.41395284
  2.6951193  -3.16388373  0.578816   -0.71153821 -1.72434549  3.11529129
 -1.92284246 -1.63805823 -2.56526239  2.38257424 -2.15745965  1.95109126
  1.7459249   1.46515366  2.48655502  2.91850026  1.94126102  1.4898192
 -1.77848412 -2.35354477  1.18066378  0.55396278  1.59381351 -2.82684701
 -0.12411165  2.52173702 -1.1497002   1.20144651  1.24448238  0.63111006
 -0.96319756  1.13885186  0.8169451  -0.35287585  2.81384716 -2.13383325
  1.58409255 -0.64253524  0.99698318 -3.2590111  -2.23264052  0.35982677
 -1.11592801 -0.42408795  0.27241134  0.04419767 -1.78426594 -0.1706831
 -0.64573081  2.87906776 -1.0880401  -1.22543424 -1.09137544  1.28947669
  1.62263437 -0.841862    2.08612881 -1.58382225 -0.25708028 -0.91418495
 -2.95923615  3.08894004 -1.7589356   3.02867607 -1.365774   -2.46047904
  3.64713481 -1.16365746 -0.71926514 -2.98193629 -2.55415943  2.98533906
 -1.97315143 -1.67075244 -0.41976334  2.99246777  0.12798718  0.02698805
 -1.62817737 -0.14243591 -1.60284583 -3.10216961  2.95587187  1.19043478
 -0.3308471  -2.32071969  1.01981181 -1.18321128 -0.24702129 -2.13466677
 -1.92617949  1.748882   -0.97273825  2.57577292 -0.45361709 -3.10108044
 -2.81451059  1.95367648 -3.07578014 -0.24345208 -1.027851   -0.18104203
  2.36670836  1.74070715 -0.21504382 -1.89669415 -3.01874498  0.12594475
 -0.81552875  1.4820441  -2.52013956  0.95544223 -0.11934669  0.18298011
  2.02699128  0.71231328  0.79380654 -1.24649306  1.6236712   2.52683929
  1.26607497  0.26628358 -1.01333659  2.60403187  0.81057216 -2.21582812
  0.03875316  1.70642821  1.04959148 -0.65616008 -2.32960761  2.40779791
  2.0334623   1.68473176  2.26003745  1.82641992 -2.05240568 -2.83244913
  0.57108133  1.36691661 -2.41713598 -1.29847875  2.41717025  1.30113489
 -0.00925304 -1.71733408 -1.52571971  1.9732251   1.48513541 -0.78461319
 -0.12412019 -0.38431125 -0.1791018   2.42706192 -0.52179152 -0.65558636
  1.02865489 -2.29456871  0.9837937   2.58653913 -0.4839613   2.16213217
 -1.96265215 -0.89326446 -2.40158655 -2.28445142 -1.40922752 -2.90620038
  1.55771932  1.80179619  1.61806188  1.04585276  1.41742435 -2.33547297
 -2.68162095  1.72201385  1.00534474 -0.39601786 -2.63103808  1.57812586
 -1.27099717 -2.48257542  0.05781039]
Thu Jun 13 21:37:47 2024,349,0.11449955664442983,[-2.85156162  2.16666308 -1.67257866  0.15701948  0.47797408 -3.19131294
  3.23740563  2.08475954  1.07113156 -0.99052769  0.56633212  1.32026904
  1.31855996 -1.87584065  0.79492411  2.92377121 -0.40451615 -0.44522451
 -1.9156894   0.76509379  1.61550727  2.88066891 -1.42457291 -0.40421867
 -2.19566771 -2.10839437  3.08909292  2.76111876 -0.75472253 -2.64895971
  1.55504176 -0.20095814 -2.41616064  1.88264223  1.11461512 -0.59968267
  1.10990989 -2.02537106 -0.22652467  2.26896403 -0.20073004  0.56737658
  2.3993804   0.58979179  2.63097761  2.85542317  2.78386761 -2.92079175
  0.31216808 -0.39858015  1.70114994  2.97306356 -0.38606448 -2.41268514
  2.696387   -3.16261604  0.5775483  -0.71027051 -1.72561319  3.11655899
 -1.92157476 -1.63932593 -2.56399469  2.38384194 -2.15872735  1.94982357
  1.7471926   1.46642136  2.48782272  2.91976796  1.93999333  1.49108689
 -1.77721642 -2.35481247  1.18193148  0.55269509  1.59254581 -2.82557931
 -0.12284395  2.52046933 -1.15096789  1.20017881  1.24321468  0.63237776
 -0.96192986  1.14011956  0.8182128  -0.35160815  2.81257947 -2.13510095
  1.58282485 -0.64380294  0.99571548 -3.2577434  -2.23390822  0.35855907
 -1.11719571 -0.42282025  0.27367904  0.04292998 -1.78553364 -0.1719508
 -0.64446311  2.87780007 -1.0893078  -1.22670194 -1.09010774  1.288209
  1.62136668 -0.8405943   2.08739651 -1.58255455 -0.25834798 -0.91545265
 -2.95796846  3.08767234 -1.76020329  3.02740837 -1.36704169 -2.45921134
  3.64586711 -1.16238976 -0.72053284 -2.98320399 -2.55289174  2.98407136
 -1.97188373 -1.66948475 -0.41849564  2.99120007  0.12925488  0.02572036
 -1.62690967 -0.14116821 -1.60411353 -3.10090192  2.95460417  1.18916708
 -0.3295794  -2.32198739  1.02107951 -1.18194358 -0.24828899 -2.13593446
 -1.92744719  1.7501497  -0.97147055  2.57450522 -0.45488479 -3.10234814
 -2.81577829  1.95494418 -3.07704784 -0.24218438 -1.02911869 -0.17977433
  2.36797606  1.74197485 -0.21631152 -1.89796184 -3.02001268  0.12467706
 -0.81679644  1.4807764  -2.51887186  0.95417453 -0.11807899  0.1842478
  2.02572359  0.71104558  0.79253884 -1.24776075  1.6249389   2.5255716
  1.26734267  0.26501588 -1.01460429  2.60276417  0.80930446 -2.21709581
  0.03748546  1.70769591  1.05085918 -0.65489238 -2.33087531  2.40906561
  2.03472999  1.68346406  2.25876975  1.82768761 -2.05367338 -2.83118143
  0.57234902  1.36818431 -2.41586829 -1.29721105  2.41843795  1.29986719
 -0.01052073 -1.71860177 -1.52698741  1.97449279  1.48386772 -0.78334549
 -0.12538789 -0.38557895 -0.1803695   2.42579423 -0.52305922 -0.65685406
  1.02992258 -2.29330102  0.98506139  2.58527143 -0.4826936   2.16339987
 -1.96391985 -0.89453216 -2.40031885 -2.28318372 -1.41049521 -2.90493268
  1.55898701  1.80306389  1.61932958  1.04458507  1.41869205 -2.33420527
 -2.68288865  1.72328155  1.00407705 -0.39728556 -2.63230577  1.57939356
 -1.26972947 -2.48130772  0.05907808]
Thu Jun 13 21:38:02 2024,350,0.11430846265197905,[-2.84945663  2.16876807 -1.67047367  0.15491449  0.4758691  -3.18920796
  3.23530064  2.08686453  1.06902658 -0.99263267  0.5684371   1.32237402
  1.31645497 -1.87373567  0.79702909  2.92166622 -0.40662114 -0.4473295
 -1.91358442  0.76298881  1.61761226  2.88277389 -1.4266779  -0.40632365
 -2.19356273 -2.11049936  3.0911979   2.75901377 -0.75682752 -2.64685472
  1.55293678 -0.19885316 -2.41826562  1.88053725  1.11251014 -0.59757768
  1.11201488 -2.02747604 -0.22862966  2.27106902 -0.20283502  0.5652716
  2.40148539  0.58768681  2.62887263  2.85752815  2.78597259 -2.91868677
  0.31427306 -0.39647517  1.70325492  2.97095858 -0.38395949 -2.41479013
  2.69428201 -3.16472102  0.57544331 -0.71237549 -1.7235082   3.114454
 -1.91946978 -1.63722095 -2.56188971  2.38173696 -2.16083233  1.94771858
  1.74508761  1.46431637  2.48571773  2.91766298  1.94209831  1.49319188
 -1.7793214  -2.35691745  1.1798265   0.5505901   1.59465079 -2.8276843
 -0.12073896  2.52257431 -1.15307288  1.2022838   1.24110969  0.63027277
 -0.96403484  1.13801458  0.82031778 -0.35371314  2.81468445 -2.13299596
  1.58071987 -0.64590793  0.99782046 -3.25984839 -2.23180323  0.35645409
 -1.11930069 -0.42492523  0.27578402  0.04082499 -1.78342865 -0.16984581
 -0.64235813  2.87569508 -1.08720281 -1.22459695 -1.09221272  1.29031398
  1.62347166 -0.84269928  2.08950149 -1.58044957 -0.26045296 -0.91755763
 -2.96007344  3.08556735 -1.75809831  3.02951336 -1.36493671 -2.45710635
  3.6479721  -1.16449474 -0.71842786 -2.981099   -2.55499672  2.98617634
 -1.97398871 -1.66737976 -0.42060063  2.99330505  0.13135986  0.02782534
 -1.62901466 -0.13906322 -1.60621851 -3.1030069   2.95670916  1.1870621
 -0.32747441 -2.32409237  1.01897453 -1.18404857 -0.246184   -2.13803945
 -1.92955218  1.75225469 -0.96936557  2.5766102  -0.4527798  -3.10024316
 -2.81367331  1.95283919 -3.07915282 -0.24428937 -1.02701371 -0.17766934
  2.36587108  1.73986986 -0.21420654 -1.90006683 -3.01790769  0.12678204
 -0.81890143  1.48288139 -2.52097685  0.95206955 -0.11597401  0.18635279
  2.02782857  0.71315056  0.79464383 -1.24565577  1.62704388  2.52346661
  1.26944765  0.26712087 -1.0124993   2.60486916  0.80719948 -2.2192008
  0.03959044  1.70559092  1.05296416 -0.65699736 -2.33298029  2.41117059
  2.03262501  1.68135907  2.26087474  1.8297926  -2.05577836 -2.83328641
  0.57445401  1.36607932 -2.4137633  -1.29931604  2.41633296  1.29776221
 -0.00841575 -1.71649679 -1.52488242  1.97238781  1.4859727  -0.78545047
 -0.12749287 -0.38768393 -0.18247448  2.42368924 -0.5251642  -0.65474907
  1.0278176  -2.29119603  0.98295641  2.58316645 -0.48058862  2.16129488
 -1.96181487 -0.89242718 -2.40242384 -2.28107874 -1.40839023 -2.90703766
  1.55688203  1.80095891  1.62143456  1.04669005  1.41658707 -2.33210029
 -2.68499363  1.72117656  1.00618203 -0.39939054 -2.63441076  1.57728858
 -1.27183446 -2.48341271  0.0569731 ]
Thu Jun 13 21:38:18 2024,351,0.11426120568725243,[-2.84867652  2.16954818 -1.67125379  0.15413438  0.47508899 -3.18842784
  3.23608076  2.08764464  1.0698067  -0.99185256  0.56921722  1.32159391
  1.31567486 -1.87451579  0.79624898  2.92088611 -0.40584102 -0.44810961
 -1.91436453  0.76220869  1.61683214  2.883554   -1.42745801 -0.40710377
 -2.19434284 -2.11127947  3.09197802  2.75823366 -0.75760763 -2.64607461
  1.55371689 -0.19963328 -2.41748551  1.88131736  1.11329025 -0.5983578
  1.11123476 -2.02825615 -0.22940977  2.2702889  -0.20361514  0.56449149
  2.40070527  0.58690669  2.62965274  2.85830827  2.78519248 -2.91946688
  0.31505318 -0.39725528  1.70403504  2.97017846 -0.38317938 -2.41557024
  2.69506213 -3.16550114  0.57622343 -0.71159538 -1.72428832  3.11367389
 -1.91868966 -1.63644083 -2.56266982  2.38251707 -2.16005222  1.9484987
  1.74586773  1.46509649  2.48493762  2.91844309  1.94287843  1.49397199
 -1.77854129 -2.35769757  1.18060661  0.55137022  1.59543091 -2.82690418
 -0.11995885  2.5217942  -1.15385299  1.20306391  1.24188981  0.62949266
 -0.96325473  1.13879469  0.8210979  -0.35449325  2.81546456 -2.13221585
  1.58149998 -0.64512781  0.99704035 -3.25906827 -2.23102312  0.35567397
 -1.11852058 -0.42570535  0.27656414  0.04004488 -1.78420877 -0.1690657
 -0.64157801  2.8764752  -1.08798293 -1.22537707 -1.09299284  1.29109409
  1.62425178 -0.8434794   2.09028161 -1.58122968 -0.25967285 -0.91677752
 -2.95929332  3.08478724 -1.75731819  3.02873324 -1.3641566  -2.45632624
  3.64875221 -1.16527486 -0.71764774 -2.98187912 -2.55421661  2.98539623
 -1.97476883 -1.66659965 -0.41982051  2.99408517  0.13057975  0.02704522
 -1.62823454 -0.13828311 -1.6054384  -3.10378702  2.95748927  1.18628199
 -0.32825453 -2.32487249  1.01819441 -1.18482868 -0.24540389 -2.13881956
 -1.93033229  1.7530348  -0.97014568  2.57739032 -0.45199969 -3.10102327
 -2.81289319  1.95205908 -3.07837271 -0.24350925 -1.0262336  -0.17844946
  2.36665119  1.73908975 -0.21498665 -1.90084694 -3.01712758  0.12756215
 -0.81812131  1.4836615  -2.52175696  0.95128943 -0.11519389  0.18557267
  2.02860869  0.71393068  0.79542394 -1.24487566  1.627824    2.5226865
  1.26866754  0.26790098 -1.01327942  2.60408904  0.80797959 -2.21842068
  0.03881033  1.70637104  1.05374427 -0.65621725 -2.3337604   2.41195071
  2.03340512  1.68213919  2.26165485  1.82901248 -2.05655848 -2.8325063
  0.57367389  1.36529921 -2.41298319 -1.29853592  2.41711308  1.29854232
 -0.00763563 -1.71571668 -1.52410231  1.97160769  1.48675281 -0.78623059
 -0.12827299 -0.38846405 -0.1832546   2.42290913 -0.52438409 -0.65396896
  1.02703749 -2.29041592  0.98217629  2.58238634 -0.4798085   2.16051477
 -1.96103475 -0.89164706 -2.40320395 -2.28185885 -1.40761011 -2.90625755
  1.55610191  1.80173902  1.62221468  1.04590994  1.41736718 -2.33132018
 -2.68577375  1.72039645  1.00540191 -0.40017066 -2.63363064  1.57650846
 -1.27105434 -2.48419282  0.05619298]
Thu Jun 13 21:38:34 2024,352,0.11416643169209414,[-2.85007441  2.16815029 -1.6698559   0.15273649  0.47648688 -3.18982573
  3.23468287  2.08624675  1.0684088  -0.99325045  0.56781933  1.32019602
  1.31707275 -1.87591368  0.79764687  2.91948822 -0.40444313 -0.4495075
 -1.91576242  0.7608108   1.61543425  2.8849519  -1.4288559  -0.40570587
 -2.19574073 -2.10988158  3.09337591  2.75683577 -0.75620974 -2.64467672
  1.552319   -0.19823538 -2.4188834   1.88271525  1.11468814 -0.59975569
  1.10983687 -2.02965405 -0.22801188  2.26889101 -0.20221725  0.56309359
  2.39930738  0.5855088   2.62825485  2.85970616  2.78659037 -2.92086477
  0.31645107 -0.39585739  1.70263715  2.96878057 -0.38457727 -2.41417235
  2.69646002 -3.16689903  0.57482554 -0.71019749 -1.72568621  3.11507178
 -1.92008755 -1.63783872 -2.56406771  2.38111918 -2.15865433  1.94710081
  1.74446984  1.46649438  2.48353973  2.9170452   1.94148054  1.49536988
 -1.77993918 -2.35909546  1.1820045   0.55276811  1.5968288  -2.82550629
 -0.12135674  2.52039631 -1.1524551   1.20166602  1.24049192  0.63089055
 -0.96185684  1.1373968   0.82249579 -0.35309536  2.81686246 -2.13361374
  1.58010209 -0.64372992  0.99843824 -3.25767038 -2.23242101  0.35707186
 -1.11712269 -0.42430746  0.27516625  0.03864699 -1.78560666 -0.17046359
 -0.6429759   2.87507731 -1.08938082 -1.22397918 -1.09439073  1.29249198
  1.62285388 -0.84208151  2.08888372 -1.57983179 -0.25827496 -0.91817541
 -2.95789543  3.08618513 -1.7559203   3.02733535 -1.3627587  -2.45492835
  3.64735432 -1.16387697 -0.71624985 -2.98048123 -2.5556145   2.98399834
 -1.97337094 -1.66799754 -0.4212184   2.99548306  0.12918186  0.02844312
 -1.62963243 -0.139681   -1.60683629 -3.10518491  2.95609138  1.18767988
 -0.32685664 -2.3234746   1.0195923  -1.18343079 -0.244006   -2.13742167
 -1.9289344   1.75163691 -0.96874779  2.57599243 -0.4506018  -3.09962538
 -2.81429108  1.95345697 -3.0797706  -0.24490714 -1.02763149 -0.17984735
  2.3652533   1.73769186 -0.21638454 -1.90224483 -3.01572969  0.12896005
 -0.8195192   1.48226361 -2.52315485  0.95268732 -0.113796    0.18697056
  2.03000658  0.71253279  0.79682183 -1.24627355  1.62642611  2.52128861
  1.26726965  0.26929887 -1.01467731  2.60548693  0.80937748 -2.21702279
  0.03741244  1.70497315  1.05514217 -0.65481936 -2.33236251  2.4133486
  2.03200723  1.6807413   2.26305274  1.83041037 -2.05795637 -2.83110841
  0.572276    1.36390132 -2.4115853  -1.29993381  2.41571519  1.29714443
 -0.00903353 -1.71711457 -1.5255002   1.9702098   1.48535492 -0.7848327
 -0.1268751  -0.38986194 -0.18185671  2.42151124 -0.52578198 -0.65257107
  1.02563959 -2.28901803  0.98357418  2.58098844 -0.48120639  2.16191266
 -1.95963686 -0.89024917 -2.40460184 -2.28046096 -1.409008   -2.90485966
  1.55470402  1.80034113  1.62081679  1.04730783  1.41596929 -2.32992229
 -2.68717164  1.71899856  1.00679981 -0.40156855 -2.63502853  1.57790635
 -1.26965645 -2.48559071  0.05479509]
Thu Jun 13 21:38:53 2024,353,0.11410884445271985,[-2.84897692  2.1670528  -1.67095339  0.151639    0.47538939 -3.19092322
  3.23578036  2.08514927  1.06950629 -0.99434794  0.56891682  1.3212935
  1.31817024 -1.87481619  0.79654938  2.91839073 -0.40334564 -0.45060499
 -1.91685991  0.75971331  1.61653174  2.88385441 -1.42775841 -0.40680336
 -2.19683822 -2.11097907  3.09227842  2.75793326 -0.75730723 -2.64577421
  1.55341649 -0.1971379  -2.41998088  1.88161776  1.11359066 -0.5986582
  1.11093436 -2.03075153 -0.22910937  2.2699885  -0.20331474  0.56199611
  2.40040487  0.58660629  2.62715736  2.85860867  2.78549288 -2.91976728
  0.31535358 -0.39695488  1.70373463  2.96987806 -0.38567476 -2.41307486
  2.69755751 -3.16580154  0.57372805 -0.7091     -1.72458872  3.11397429
 -1.92118504 -1.63893621 -2.56297023  2.38221667 -2.15755684  1.94600332
  1.74337235  1.46759187  2.48463722  2.91594771  1.94038305  1.49646737
 -1.77884169 -2.36019295  1.18310199  0.55167062  1.59792629 -2.82660378
 -0.12025925  2.52149379 -1.15355259  1.20276351  1.23939443  0.62979306
 -0.96075935  1.13849429  0.8213983  -0.35419285  2.81795994 -2.13251625
  1.57900461 -0.64263243  0.99953573 -3.25876787 -2.23132352  0.35816935
 -1.11822018 -0.42320997  0.27626374  0.03974447 -1.78670415 -0.1693661
 -0.64187841  2.87397982 -1.09047831 -1.22288169 -1.09548822  1.2913945
  1.6217564  -0.84098402  2.08778623 -1.58092928 -0.25937244 -0.91707792
 -2.95679795  3.08728262 -1.75482282  3.02843284 -1.36166122 -2.45383086
  3.64845181 -1.16497446 -0.71515236 -2.98157871 -2.55451701  2.98509582
 -1.97446843 -1.66690005 -0.42231589  2.99658055  0.13027934  0.0295406
 -1.63072992 -0.14077849 -1.60793378 -3.10408742  2.95718887  1.18658239
 -0.32575915 -2.32457208  1.02068979 -1.18452828 -0.24290851 -2.13632418
 -1.92783691  1.75053942 -0.96984528  2.57708991 -0.45169928 -3.10072287
 -2.81538857  1.95235948 -3.08086808 -0.24380966 -1.02872897 -0.17874986
  2.36635079  1.73659437 -0.21528705 -1.90334232 -3.0146322   0.12786256
 -0.82061669  1.4833611  -2.52425234  0.95158983 -0.11489349  0.18806805
  2.03110406  0.71363027  0.79572435 -1.24517606  1.62532862  2.52019112
  1.26617216  0.26820139 -1.01357982  2.60438945  0.81047497 -2.2159253
  0.03850992  1.70607063  1.05623965 -0.65591684 -2.33346     2.41225111
  2.03090975  1.67964381  2.26415023  1.83150786 -2.05685888 -2.8322059
  0.57117851  1.36280383 -2.41268279 -1.29883632  2.4146177   1.29604694
 -0.01013101 -1.71601708 -1.52440271  1.96911232  1.48645241 -0.78593019
 -0.12797258 -0.39095943 -0.1829542   2.42041375 -0.52687946 -0.65366855
  1.02673708 -2.29011551  0.98467167  2.57989096 -0.48230388  2.16081517
 -1.95853937 -0.88915168 -2.40350436 -2.28155845 -1.41010549 -2.90595715
  1.55580151  1.80143862  1.62191427  1.04840531  1.4148718  -2.33101977
 -2.68607415  1.72009605  1.00570232 -0.40266604 -2.63393105  1.57680887
 -1.26855896 -2.48449322  0.05369761]
Thu Jun 13 21:39:08 2024,354,0.11412055325699258,[-2.8481319   2.16789782 -1.67010837  0.15079398  0.47623441 -3.1900782
  3.23493534  2.08599428  1.07035131 -0.99350292  0.5680718   1.32044849
  1.31732522 -1.87566121  0.79570436  2.91754571 -0.40250063 -0.44975997
 -1.91770493  0.7588683   1.61568672  2.88300939 -1.42860343 -0.40595834
 -2.1959932  -2.11013405  3.09312344  2.75877827 -0.75646221 -2.64492919
  1.55257147 -0.19798291 -2.4208259   1.88077275  1.11274564 -0.59781318
  1.11008934 -2.02990652 -0.22826435  2.26914348 -0.20415975  0.56284112
  2.39955985  0.58576127  2.62800238  2.85945369  2.78464786 -2.9206123
  0.3161986  -0.39610986  1.70457965  2.97072308 -0.38651977 -2.41391988
  2.69840252 -3.16664656  0.57457307 -0.70825498 -1.72543374  3.11312927
 -1.92203006 -1.63978123 -2.56212521  2.38137165 -2.15671182  1.94684834
  1.74252733  1.46674685  2.4837922   2.9151027   1.93953803  1.49731239
 -1.77799667 -2.35934793  1.18394701  0.5508256   1.59708127 -2.8274488
 -0.11941423  2.52233881 -1.15439761  1.20191849  1.24023945  0.62894804
 -0.96160437  1.13764927  0.82224332 -0.35503787  2.81711493 -2.13167123
  1.57815959 -0.64347745  0.99869071 -3.25792285 -2.23216854  0.35901437
 -1.1190652  -0.42236495  0.27710875  0.03889946 -1.78585913 -0.16852108
 -0.64272343  2.8731348  -1.09132332 -1.22203667 -1.0946432   1.29054948
  1.62091138 -0.84182904  2.08863125 -1.5817743  -0.26021746 -0.9162329
 -2.95764296  3.08812764 -1.75566783  3.02927786 -1.3608162  -2.45298584
  3.64760679 -1.16581947 -0.71599738 -2.9807337  -2.55367199  2.98594084
 -1.97362341 -1.66774507 -0.42147087  2.99573553  0.12943433  0.02869559
 -1.6298849  -0.13993347 -1.60708876 -3.1032424   2.95634385  1.18573737
 -0.32660417 -2.32372707  1.01984477 -1.1853733  -0.24206349 -2.1371692
 -1.92699189  1.75138444 -0.96900026  2.57793493 -0.4525443  -3.10156789
 -2.81623359  1.95151446 -3.08002307 -0.24465467 -1.02788396 -0.17959488
  2.36550577  1.73743939 -0.21444204 -1.9024973  -3.01547722  0.12870758
 -0.82146171  1.48251608 -2.52340732  0.95243485 -0.11404847  0.18722303
  2.03194908  0.71278526  0.79656936 -1.24433104  1.6244836   2.5193461
  1.26532714  0.2690464  -1.01442484  2.60354443  0.80962995 -2.21508029
  0.03766491  1.70522562  1.05539464 -0.65507183 -2.33261498  2.41309613
  2.03175476  1.67879879  2.26499525  1.83235288 -2.0577039  -2.83305091
  0.57202353  1.36195881 -2.41183777 -1.29799131  2.41546272  1.29520193
 -0.01097603 -1.7168621  -1.52355769  1.9682673   1.48729743 -0.78508517
 -0.1288176  -0.39180445 -0.18379921  2.42125877 -0.52772448 -0.65451357
  1.0275821  -2.29096053  0.98551669  2.58073597 -0.4831489   2.16166019
 -1.95769435 -0.8899967  -2.40265934 -2.28240347 -1.40926047 -2.90680216
  1.55664653  1.80228364  1.62275929  1.0475603   1.41402678 -2.33017476
 -2.68522913  1.72094106  1.00654733 -0.40182102 -2.63308603  1.57596385
 -1.26940398 -2.48533824  0.05454262]
Thu Jun 13 21:39:24 2024,355,0.11411178998208753,[-2.84784462  2.16761054 -1.67039565  0.15108126  0.47652169 -3.18979092
  3.23522262  2.085707    1.07063859 -0.9937902   0.56778452  1.32073577
  1.3176125  -1.87537392  0.79599164  2.91783299 -0.40278791 -0.44947269
 -1.91741765  0.75915558  1.615974    2.88272211 -1.42889071 -0.40567106
 -2.19570592 -2.10984677  3.09283615  2.75849099 -0.75617493 -2.64521647
  1.55285875 -0.19769563 -2.42111319  1.88048546  1.11245835 -0.5975259
  1.10980206 -2.0301938  -0.22855163  2.2688562  -0.20387247  0.56312841
  2.39984713  0.58547399  2.6277151   2.85916641  2.78436058 -2.92032502
  0.31591132 -0.39639714  1.70429237  2.97101036 -0.38680706 -2.41420716
  2.69868981 -3.16693384  0.57428578 -0.70854227 -1.72572102  3.11341656
 -1.92174278 -1.63949394 -2.56241249  2.38165893 -2.1569991   1.94713562
  1.74281462  1.46645956  2.48350491  2.91481541  1.93982531  1.49759967
 -1.77770939 -2.35906065  1.18423429  0.55053832  1.59736855 -2.82716152
 -0.11970152  2.52262609 -1.15468489  1.20163121  1.24052673  0.62866076
 -0.96131708  1.13793656  0.82195603 -0.35532515  2.81682764 -2.13195852
  1.5778723  -0.64376473  0.99897799 -3.25821014 -2.23245582  0.35930165
 -1.11935248 -0.42207767  0.27739604  0.03918674 -1.78614641 -0.1682338
 -0.64301071  2.87284752 -1.09161061 -1.22232395 -1.09435592  1.2902622
  1.6206241  -0.84211632  2.08891853 -1.58148702 -0.26050474 -0.91652018
 -2.95735568  3.08784035 -1.75595512  3.02899058 -1.36052892 -2.45269856
  3.64731951 -1.16610676 -0.7157101  -2.98102098 -2.55395927  2.98565356
 -1.97333612 -1.66803235 -0.42118359  2.99602281  0.12914704  0.02898287
 -1.62959762 -0.14022075 -1.60737604 -3.10295512  2.95663113  1.18602465
 -0.32689145 -2.32343978  1.01955749 -1.18508602 -0.24235078 -2.13745649
 -1.92727918  1.75167172 -0.96871298  2.57822221 -0.45225702 -3.10185517
 -2.81594631  1.95180175 -3.08031035 -0.24494196 -1.02817124 -0.17988216
  2.36521849  1.73772667 -0.21472932 -1.90278459 -3.0157645   0.12842029
 -0.82174899  1.48280337 -2.52312004  0.95214757 -0.11433575  0.18751032
  2.03223636  0.71249797  0.79628208 -1.24461832  1.62419632  2.51963338
  1.26503986  0.26875912 -1.01471212  2.60383171  0.80991724 -2.214793
  0.03795219  1.70493833  1.05568192 -0.65535911 -2.3323277   2.41280885
  2.03204205  1.67851151  2.26470797  1.8320656  -2.05741662 -2.83276363
  0.57231081  1.36224609 -2.41212505 -1.29770402  2.41575     1.29548921
 -0.01126331 -1.71714938 -1.52327041  1.96855458  1.48758471 -0.78537245
 -0.12910489 -0.39151716 -0.18351193  2.42154605 -0.52801176 -0.65480086
  1.02786938 -2.29067325  0.98522941  2.58044869 -0.48286161  2.16194747
 -1.95798164 -0.88970942 -2.40294662 -2.28269075 -1.40954776 -2.90708945
  1.55693381  1.80199635  1.62304658  1.04784758  1.41431407 -2.33046204
 -2.68494185  1.72122835  1.00683462 -0.40153374 -2.63337331  1.57625113
 -1.26969126 -2.48562553  0.05425534]
Thu Jun 13 21:39:39 2024,356,0.11411126516004913,[-2.84823989  2.16800581 -1.67000038  0.15068599  0.47612642 -3.19018619
  3.23561789  2.08531173  1.07024332 -0.99418547  0.56738925  1.3203405
  1.31721723 -1.87576919  0.79559637  2.91822826 -0.40318318 -0.44986796
 -1.91781292  0.75876031  1.61557873  2.88232684 -1.42849544 -0.40606633
 -2.19610119 -2.1094515   3.09323142  2.75809572 -0.75577966 -2.6448212
  1.55325402 -0.1980909  -2.42071791  1.88009019  1.11285363 -0.59713063
  1.10940679 -2.02979853 -0.22815636  2.26925147 -0.20426774  0.56352368
  2.39945186  0.58586926  2.62811037  2.85877114  2.78475585 -2.91992975
  0.31630659 -0.39600187  1.7038971   2.97061509 -0.38720233 -2.41460244
  2.69829454 -3.16653857  0.57389051 -0.70893754 -1.72532575  3.11381183
 -1.92213805 -1.63909867 -2.56280776  2.38126366 -2.15660383  1.94674035
  1.74320989  1.46606429  2.48310964  2.91521068  1.93943004  1.4972044
 -1.77810466 -2.35945592  1.18383902  0.55014305  1.59697328 -2.82676624
 -0.12009679  2.52302136 -1.15428962  1.20123594  1.240922    0.62826549
 -0.96092181  1.13833183  0.82156076 -0.35572042  2.81722291 -2.13235379
  1.57826758 -0.64416     0.99858272 -3.25781487 -2.23285109  0.35890638
 -1.11974775 -0.4216824   0.27779131  0.03958201 -1.78654168 -0.16862907
 -0.64261544  2.87245225 -1.09121534 -1.22192868 -1.09475119  1.29065747
  1.62101937 -0.84172105  2.0893138  -1.58109175 -0.26010947 -0.91612491
 -2.95775095  3.08823562 -1.75555985  3.0285953  -1.36013364 -2.45309383
  3.64771478 -1.16571149 -0.71610537 -2.98141625 -2.55435454  2.98604883
 -1.97294085 -1.66763708 -0.42157886  2.99641808  0.12954231  0.0285876
 -1.62999289 -0.13982548 -1.60698077 -3.10335039  2.95623586  1.18562938
 -0.32728672 -2.32383505  1.01916222 -1.18548129 -0.24274605 -2.13785176
 -1.92767445  1.75206699 -0.96831771  2.57782694 -0.45265229 -3.10225044
 -2.81555104  1.95140648 -3.08070562 -0.24533723 -1.02777597 -0.18027743
  2.36561376  1.73812194 -0.21433405 -1.90317986 -3.01615977  0.12881556
 -0.82214426  1.48240809 -2.52272477  0.9517523  -0.11394048  0.18790559
  2.03184109  0.7121027   0.79667735 -1.24422305  1.62380105  2.52002865
  1.26543513  0.26836385 -1.01510739  2.60343644  0.81031251 -2.21518827
  0.03755692  1.70454306  1.05528665 -0.65575438 -2.33272297  2.41320412
  2.03164678  1.67890678  2.26431269  1.83246087 -2.05781189 -2.8331589
  0.57191554  1.36185082 -2.41252032 -1.29809929  2.41614527  1.29588448
 -0.01086804 -1.71675411 -1.52366568  1.96894985  1.48797998 -0.78497718
 -0.12870961 -0.39191243 -0.18311666  2.42194132 -0.52840704 -0.65440558
  1.02826465 -2.29106852  0.98562468  2.58005342 -0.48325689  2.1615522
 -1.95758637 -0.89010469 -2.40255135 -2.28229548 -1.40994303 -2.90748472
  1.55732908  1.80239163  1.62344185  1.04824285  1.41470934 -2.33085731
 -2.68533712  1.72083308  1.00643935 -0.40113847 -2.63297804  1.5766464
 -1.27008654 -2.4860208   0.05465061]
Thu Jun 13 21:39:55 2024,357,0.11407584951472263,[-2.84762586  2.16861984 -1.66938635  0.15007196  0.47674045 -3.18957216
  3.23623193  2.08592576  1.06962929 -0.99357144  0.56800328  1.32095453
  1.31783127 -1.87638323  0.79621041  2.91761423 -0.40256915 -0.44925393
 -1.91842695  0.75937434  1.61619277  2.8817128  -1.42788141 -0.4054523
 -2.19548716 -2.10883746  3.09384546  2.75870975 -0.75516563 -2.64420717
  1.55386806 -0.19747687 -2.42010388  1.87947616  1.11346766 -0.59651659
  1.11002082 -2.03041256 -0.22754233  2.26863744 -0.20488178  0.56290964
  2.39883783  0.58525523  2.6287244   2.85938517  2.78414182 -2.92054378
  0.31569255 -0.39661591  1.70451113  2.97122912 -0.38658829 -2.4139884
  2.69890857 -3.16592453  0.57327648 -0.70955157 -1.72471172  3.11319779
 -1.92275208 -1.63848464 -2.5634218   2.3818777  -2.1559898   1.94612631
  1.74259585  1.46545026  2.48249561  2.91459665  1.93881601  1.49659037
 -1.77749063 -2.35884188  1.18322499  0.55075708  1.59635925 -2.82738028
 -0.11948275  2.52240733 -1.15367559  1.20184997  1.24030797  0.62887952
 -0.96030778  1.13894586  0.8221748  -0.35633446  2.81783695 -2.13173975
  1.57888161 -0.64354597  0.99796869 -3.2584289  -2.23223706  0.35952042
 -1.11913371 -0.42106836  0.27840534  0.04019604 -1.78715572 -0.16801504
 -0.64322948  2.87183821 -1.09182937 -1.22131465 -1.09536522  1.29004343
  1.6216334  -0.84110702  2.08992783 -1.58047771 -0.26072351 -0.91673895
 -2.95836499  3.08884966 -1.75617388  3.02920934 -1.36074768 -2.45370786
  3.64710074 -1.16632552 -0.71549134 -2.98080222 -2.55374051  2.98666286
 -1.97232682 -1.66702304 -0.4221929   2.99703212  0.13015635  0.02797356
 -1.62937886 -0.14043952 -1.60636674 -3.10273636  2.95562183  1.18501535
 -0.32790076 -2.32444909  1.01977625 -1.18486725 -0.24336008 -2.13723772
 -1.92706041  1.75268103 -0.96893174  2.57844098 -0.45326632 -3.10286448
 -2.814937    1.95202051 -3.08009159 -0.24595126 -1.02839    -0.1796634
  2.36499973  1.73750791 -0.21372001 -1.90256582 -3.0167738   0.12820153
 -0.82153023  1.48302213 -2.52211073  0.95113826 -0.11332645  0.18729155
  2.03122706  0.71148867  0.79606332 -1.24360902  1.62318702  2.51941462
  1.26604916  0.26774982 -1.01449336  2.60405047  0.81092654 -2.21457424
  0.03817095  1.7051571   1.05590068 -0.65514035 -2.33333701  2.41259008
  2.03226081  1.67952081  2.26369866  1.8330749  -2.05842592 -2.83377294
  0.57252958  1.36123679 -2.41190629 -1.29871333  2.41553124  1.29527045
 -0.01025401 -1.71614007 -1.52305165  1.96956389  1.48859402 -0.78436315
 -0.12932365 -0.3912984  -0.18373069  2.42255535 -0.52902107 -0.65501962
  1.02765062 -2.29168255  0.98501064  2.57943939 -0.48387092  2.16093817
 -1.9582004  -0.89071872 -2.40316538 -2.28290951 -1.40932899 -2.90687068
  1.55671505  1.80177759  1.62282781  1.04885688  1.41532337 -2.33147134
 -2.68472308  1.72144711  1.00705338 -0.40052443 -2.63359207  1.57603237
 -1.2694725  -2.48663483  0.05526465]
Thu Jun 13 21:40:11 2024,358,0.11404604134625926,[-2.84694411  2.16793809 -1.66870459  0.14939021  0.4774222  -3.19025391
  3.23691368  2.08660751  1.06894754 -0.99425319  0.56732153  1.32027278
  1.31714951 -1.87706498  0.79689216  2.91829598 -0.4032509  -0.44857218
 -1.9191087   0.75869259  1.61687452  2.88103105 -1.42856316 -0.40613405
 -2.1948054  -2.10951921  3.09452721  2.75939151 -0.75584738 -2.64488892
  1.55318631 -0.19679512 -2.42078563  1.87879441  1.11414941 -0.59583484
  1.10933907 -2.03109431 -0.22686058  2.26795568 -0.20420002  0.56359139
  2.39815608  0.58457348  2.62940616  2.86006692  2.78346007 -2.92122553
  0.3150108  -0.39729766  1.70519288  2.97191087 -0.38727004 -2.41330665
  2.69959032 -3.16524278  0.57259473 -0.70886982 -1.72539347  3.11251604
 -1.92343383 -1.63780289 -2.56410355  2.38255945 -2.15530805  1.94680806
  1.7419141   1.46476851  2.48181386  2.9152784   1.93813426  1.49590862
 -1.77680888 -2.35952363  1.18390674  0.55143883  1.5956775  -2.82806203
 -0.118801    2.52308908 -1.15299384  1.20116822  1.24098972  0.62956128
 -0.96098953  1.13962761  0.82149305 -0.35701621  2.8171552  -2.1324215
  1.57819986 -0.64422772  0.99865044 -3.25911065 -2.23155531  0.35883867
 -1.11981547 -0.42175011  0.27772359  0.0408778  -1.78647397 -0.16733328
 -0.64254773  2.87251996 -1.09251112 -1.2206329  -1.09468347  1.28936168
  1.62095165 -0.84178877  2.08924608 -1.57979596 -0.26140526 -0.9174207
 -2.95768324  3.08953141 -1.75685563  3.02989109 -1.36142943 -2.45438961
  3.64641899 -1.16700727 -0.71480958 -2.98148397 -2.55305876  2.98734462
 -1.97164507 -1.6677048  -0.42151115  2.99771387  0.1294746   0.02729181
 -1.62869711 -0.13975777 -1.60704849 -3.10341811  2.95630358  1.1856971
 -0.327219   -2.32513084  1.020458   -1.1841855  -0.24404183 -2.13655597
 -1.92637866  1.75336278 -0.96824999  2.57775923 -0.45258457 -3.10218273
 -2.81561875  1.95133876 -3.08077334 -0.24526951 -1.02770825 -0.18034515
  2.36568148  1.73818966 -0.21440176 -1.90324757 -3.01609205  0.12888328
 -0.82084848  1.48234038 -2.52142898  0.95045651 -0.1126447   0.1866098
  2.03190881  0.71217042  0.79674507 -1.24429077  1.62386877  2.51873287
  1.26673091  0.26843157 -1.01381161  2.60473222  0.81160829 -2.21389249
  0.0374892   1.70447535  1.05658243 -0.6558221  -2.33265526  2.41190833
  2.03294256  1.68020256  2.26301691  1.83375665 -2.05774417 -2.83445469
  0.57321133  1.36191854 -2.41258804 -1.29803158  2.41484949  1.2959522
 -0.00957226 -1.71545832 -1.5237334   1.96888213  1.48927577 -0.7836814
 -0.1300054  -0.39061665 -0.18441244  2.4218736  -0.52970282 -0.65570137
  1.02696887 -2.29236431  0.9856924   2.57875764 -0.48455267  2.16161992
 -1.95888215 -0.89140047 -2.40384713 -2.28222776 -1.40864724 -2.90755243
  1.5573968   1.80245934  1.62350956  1.04817513  1.41600512 -2.33215309
 -2.68404133  1.72076536  1.00773513 -0.40120618 -2.63427382  1.57535062
 -1.27015425 -2.48595308  0.0559464 ]
Thu Jun 13 21:40:27 2024,359,0.11380063352058886,[-2.84464832  2.1656423  -1.67100038  0.14709442  0.47512641 -3.18795812
  3.23461789  2.08431172  1.06665175 -0.9919574   0.56502574  1.31797699
  1.31485372 -1.87936077  0.79459637  2.91600019 -0.40554669 -0.44627639
 -1.91681291  0.76098838  1.61457873  2.88332684 -1.43085895 -0.40383826
 -2.19710119 -2.10722342  3.09223142  2.76168729 -0.75355159 -2.64718471
  1.5554821  -0.19449933 -2.41848984  1.87649862  1.11185362 -0.59813063
  1.10704328 -2.02879852 -0.22456479  2.27025147 -0.20649581  0.5612956
  2.40045187  0.58227769  2.63170194  2.86236271  2.78116428 -2.92352132
  0.31271501 -0.39500187  1.70289709  2.96961508 -0.38497425 -2.41101086
  2.69729453 -3.16294699  0.57029894 -0.70657403 -1.72768926  3.11481183
 -1.92572962 -1.64009868 -2.56639934  2.38026366 -2.15760384  1.94910385
  1.74420989  1.46247272  2.48410965  2.91298261  1.93583847  1.49820441
 -1.77910467 -2.36181942  1.18161095  0.54914304  1.59797328 -2.83035782
 -0.11650521  2.52538487 -1.15069805  1.20346401  1.24328551  0.63185706
 -0.95869374  1.13733182  0.81919726 -0.359312    2.81485941 -2.13471729
  1.57590407 -0.64193193  0.99635465 -3.26140644 -2.2338511   0.36113446
 -1.12211125 -0.41945432  0.28001938  0.03858201 -1.78417818 -0.16962907
 -0.64025194  2.87022417 -1.09021533 -1.21833711 -1.09697926  1.28706589
  1.61865586 -0.84408456  2.08695029 -1.57750017 -0.26370105 -0.91512491
 -2.95997903  3.0918272  -1.75915142  3.03218688 -1.35913364 -2.45209383
  3.6441232  -1.16471148 -0.71710537 -2.98377976 -2.55076297  2.98504883
 -1.96934928 -1.67000058 -0.41921536  3.00000966  0.13177039  0.02499602
 -1.6309929  -0.14205356 -1.6047527  -3.1057139   2.95400779  1.18340131
 -0.32951479 -2.32283505  1.01816221 -1.18648129 -0.24633762 -2.13426018
 -1.92408287  1.75565857 -0.9659542   2.57546344 -0.45488036 -3.09988694
 -2.81791454  1.94904297 -3.08306913 -0.2475653  -1.02541246 -0.17804936
  2.36797727  1.73589387 -0.21669755 -1.90095178 -3.01379626  0.13117907
 -0.81855269  1.48463617 -2.51913319  0.9527523  -0.11034891  0.18890559
  2.02961302  0.71446621  0.79444928 -1.24658656  1.62157298  2.51643708
  1.26443512  0.26613578 -1.01151582  2.60243643  0.81390408 -2.2115967
  0.03519341  1.70677113  1.05887822 -0.65811789 -2.33495105  2.41420412
  2.03523835  1.67790677  2.2653127   1.83605244 -2.06003996 -2.8321589
  0.57091554  1.36421433 -2.41488383 -1.29573579  2.4125537   1.29365641
 -0.01186805 -1.71316253 -1.52602919  1.96658634  1.49157156 -0.78138561
 -0.12770961 -0.39291244 -0.18211665  2.42416939 -0.52740703 -0.65340558
  1.02926466 -2.29466009  0.98339661  2.58105343 -0.48225688  2.16391571
 -1.96117794 -0.88910468 -2.40155134 -2.28452355 -1.41094303 -2.90984822
  1.55510101  1.80016355  1.62121377  1.04587934  1.41830091 -2.33444888
 -2.68174554  1.72306115  1.00543934 -0.39891039 -2.63656961  1.57305483
 -1.26785846 -2.48824887  0.05365061]
Thu Jun 13 21:40:42 2024,360,0.11379364546792872,[-2.84506543  2.16522519 -1.67058327  0.14751153  0.47554353 -3.187541
  3.235035    2.08472884  1.06706886 -0.99154029  0.56460862  1.31839411
  1.31527084 -1.87894365  0.79417925  2.9164173  -0.4059638  -0.4466935
 -1.91723003  0.7614055   1.61416161  2.88290972 -1.43127606 -0.40342114
 -2.19668408 -2.10764054  3.0918143   2.76210441 -0.7539687  -2.64760182
  1.55589921 -0.19408221 -2.41890696  1.8760815   1.11227074 -0.59854775
  1.10662617 -2.02921564 -0.22414767  2.26983436 -0.2060787   0.56087849
  2.40086898  0.5826948   2.63211906  2.86277983  2.78074716 -2.92393844
  0.31313213 -0.39541898  1.70247998  2.96919797 -0.38455714 -2.41142798
  2.69687742 -3.16336411  0.57071605 -0.70699115 -1.72810637  3.11522895
 -1.92531251 -1.64051579 -2.56681645  2.37984654 -2.15802095  1.94952097
  1.74379278  1.4620556   2.48452676  2.9125655   1.93542135  1.49778729
 -1.77868755 -2.36223654  1.18202806  0.54872593  1.5983904  -2.83077493
 -0.11692233  2.52580199 -1.15111516  1.20388113  1.24370262  0.63227418
 -0.95911085  1.13774894  0.81961437 -0.35972911  2.81444229 -2.13513441
  1.57632118 -0.64151482  0.99593753 -3.26098932 -2.23426821  0.36071734
 -1.12169414 -0.41987144  0.2804365   0.03899912 -1.78459529 -0.16921196
 -0.64066905  2.87064129 -1.08979822 -1.21875422 -1.09739638  1.28664878
  1.61823875 -0.84450167  2.08736741 -1.57708306 -0.26411816 -0.91554202
 -2.95956191  3.09141008 -1.75956854  3.03176976 -1.35871652 -2.45251094
  3.64454032 -1.16429437 -0.71668826 -2.98336264 -2.55118008  2.98546594
 -1.96976639 -1.6704177  -0.41879824  3.00042677  0.1321875   0.02457891
 -1.63141001 -0.14163644 -1.60433558 -3.10529678  2.95359068  1.18381842
 -0.32909768 -2.32241793  1.0177451  -1.18689841 -0.24592051 -2.13384307
 -1.92366576  1.75607568 -0.96553709  2.57504632 -0.45446325 -3.09946982
 -2.81749743  1.94946009 -3.08348624 -0.24798242 -1.02499535 -0.17763225
  2.36756015  1.73631098 -0.21628044 -1.9013689  -3.01421338  0.13159619
 -0.8189698   1.48421905 -2.51955031  0.95316942 -0.11076602  0.18848848
  2.02919591  0.71404909  0.79403216 -1.24700367  1.62199009  2.51685419
  1.26485224  0.26655289 -1.01193293  2.60201932  0.8143212  -2.21201381
  0.0347763   1.70635402  1.05846111 -0.658535   -2.33453393  2.41462124
  2.03565547  1.67748966  2.26572981  1.83563533 -2.06045707 -2.83174178
  0.57049842  1.36379721 -2.41530094 -1.2961529   2.41297081  1.29323929
 -0.01145093 -1.71357965 -1.5264463   1.96616923  1.49198867 -0.78096849
 -0.12729249 -0.39332955 -0.18169954  2.42375228 -0.52782415 -0.65382269
  1.02884754 -2.29507721  0.98381372  2.58147054 -0.48183977  2.16349859
 -1.96076082 -0.8895218  -2.40196846 -2.28410644 -1.41052592 -2.91026534
  1.55551813  1.80058067  1.62079666  1.04629646  1.41871803 -2.334866
 -2.68132843  1.72264403  1.00585646 -0.39932751 -2.63698673  1.57263771
 -1.26744135 -2.48866598  0.05406772]
Thu Jun 13 21:40:58 2024,361,0.11360912800815956,[-2.84309345  2.1632532  -1.66861129  0.14553955  0.47357155 -3.18951298
  3.23700698  2.08275686  1.06904085 -0.99351227  0.56263664  1.31642212
  1.31329886 -1.88091564  0.79615124  2.91838929 -0.40399182 -0.44866549
 -1.91525805  0.76337748  1.61613359  2.88093774 -1.42930408 -0.40144916
 -2.19865606 -2.10961252  3.09378629  2.76407639 -0.75199672 -2.64562984
  1.5578712  -0.1960542  -2.42087894  1.87410952  1.11029875 -0.60051973
  1.10859815 -2.03118762 -0.22611966  2.27180634 -0.20410672  0.55890651
  2.398897    0.58072282  2.63409104  2.86080784  2.77877518 -2.92591042
  0.31116014 -0.393447    1.70445196  2.97116995 -0.38652912 -2.40945599
  2.6988494  -3.16139213  0.56874407 -0.70896313 -1.73007836  3.11720093
 -1.92334053 -1.63854381 -2.56484447  2.37787456 -2.15999294  1.95149295
  1.74576476  1.46402759  2.48255478  2.91453748  1.93739333  1.49581531
 -1.77671557 -2.36420852  1.18400004  0.54675395  1.60036238 -2.83274692
 -0.11889431  2.52383    -1.15308714  1.20585311  1.24173064  0.63424616
 -0.96108284  1.13972092  0.82158635 -0.35775713  2.81247031 -2.13710639
  1.5743492  -0.6434868   0.99790952 -3.26296131 -2.23229623  0.35874536
 -1.12366612 -0.42184342  0.28240848  0.0409711  -1.78656727 -0.17118394
 -0.64264103  2.87261327 -1.0917702  -1.21678224 -1.09936836  1.2846768
  1.61626676 -0.84252969  2.08933939 -1.57511107 -0.26609015 -0.91357004
 -2.95758993  3.0894381  -1.75759655  3.03374175 -1.36068851 -2.45448292
  3.64256834 -1.16626635 -0.71471628 -2.98139066 -2.55315207  2.98743792
 -1.97173838 -1.67238968 -0.42077022  2.99845479  0.13021552  0.02260693
 -1.62943803 -0.14360842 -1.6023636  -3.10726876  2.95556266  1.18184644
 -0.33106966 -2.32438992  1.01577312 -1.18492642 -0.24789249 -2.13581505
 -1.92563774  1.75804767 -0.96750907  2.57307434 -0.45249127 -3.1014418
 -2.81946941  1.95143207 -3.08545822 -0.2499544  -1.02696733 -0.17566026
  2.36953213  1.73828297 -0.21825242 -1.89939692 -3.0122414   0.1296242
 -0.81699782  1.48619104 -2.51757833  0.9551414  -0.112738    0.19046046
  2.03116789  0.71207711  0.79206018 -1.24503169  1.62396207  2.51882618
  1.26682422  0.26458091 -1.00996095  2.6039913   0.81234921 -2.2139858
  0.03280431  1.70438204  1.06043309 -0.66050698 -2.33256195  2.41659322
  2.03368348  1.67551768  2.2677018   1.83366335 -2.06242906 -2.83371377
  0.56852644  1.3657692  -2.41727292 -1.29812489  2.41099883  1.29126731
 -0.01342292 -1.71555163 -1.52447432  1.96814121  1.49001669 -0.78294047
 -0.12926448 -0.39530154 -0.18367152  2.42178029 -0.52585216 -0.65185071
  1.02687556 -2.29310523  0.9857857   2.58344252 -0.48381175  2.16152661
 -1.96273281 -0.88754982 -2.40394044 -2.28213445 -1.4124979  -2.90829336
  1.55749011  1.79860868  1.61882468  1.04432448  1.41674604 -2.33289402
 -2.68330041  1.72067205  1.00388447 -0.39735553 -2.63895871  1.57066573
 -1.26546937 -2.486694    0.0560397 ]
Thu Jun 13 21:41:14 2024,362,0.11360351237501298,[-2.84331032  2.16303634 -1.66882815  0.14532268  0.47378841 -3.18929612
  3.23679012  2.08253999  1.06882398 -0.99372914  0.56241977  1.31620526
  1.31351573 -1.88069877  0.79593437  2.91860616 -0.40377495 -0.44888235
 -1.91504118  0.76316061  1.61635046  2.88072087 -1.42908721 -0.40123229
 -2.19843919 -2.10982939  3.09356942  2.76385952 -0.75221359 -2.64541297
  1.55808806 -0.19583733 -2.42109581  1.87389265  1.11051562 -0.6007366
  1.10881502 -2.03097075 -0.22633652  2.27158947 -0.20388985  0.55912338
  2.39868013  0.58050595  2.63387417  2.86059098  2.77899205 -2.92569355
  0.31094328 -0.39366387  1.70466883  2.97138682 -0.38674599 -2.40923912
  2.69863253 -3.16160899  0.5685272  -0.70918    -1.73029522  3.11698406
 -1.92312366 -1.63832694 -2.5646276   2.37765769 -2.15977607  1.95170982
  1.74554789  1.46424445  2.48233791  2.91475435  1.9376102   1.49603218
 -1.77693244 -2.36399165  1.18421691  0.54697081  1.60057925 -2.83253005
 -0.11867744  2.52361314 -1.15287028  1.20606998  1.24194751  0.63446303
 -0.96086597  1.13993779  0.82136949 -0.35754026  2.81268718 -2.13688952
  1.57413233 -0.64326993  0.99812638 -3.26317818 -2.2325131   0.35896223
 -1.12388299 -0.42206029  0.28219161  0.04118797 -1.78635041 -0.17096707
 -0.64242417  2.87283014 -1.09198707 -1.21656537 -1.09958523  1.28489366
  1.61648363 -0.84274656  2.08955626 -1.57489421 -0.26587328 -0.91378691
 -2.95737306  3.08965497 -1.75737968  3.03352488 -1.36047164 -2.45426605
  3.6427852  -1.16648322 -0.71493314 -2.98117379 -2.5529352   2.98765479
 -1.97195524 -1.67217281 -0.42098709  2.99823792  0.12999865  0.02239006
 -1.62922116 -0.14339155 -1.60214673 -3.10705189  2.95577953  1.18162957
 -0.33128653 -2.32460679  1.01555625 -1.18514329 -0.24810936 -2.13603192
 -1.92542087  1.7578308  -0.9672922   2.57285747 -0.4522744  -3.10165867
 -2.81968628  1.9512152  -3.08524136 -0.25017127 -1.0271842  -0.17587713
  2.36931527  1.7380661  -0.21846929 -1.89961378 -3.01245826  0.12984107
 -0.81721469  1.48597417 -2.51779519  0.95492453 -0.11252114  0.19024359
  2.03138476  0.71186024  0.79227705 -1.24481482  1.62417894  2.51860931
  1.26704109  0.26436404 -1.01017782  2.60377443  0.81213235 -2.21376893
  0.03302118  1.70459891  1.06064996 -0.66029012 -2.33234508  2.41637635
  2.03390035  1.67530081  2.26791866  1.83344648 -2.06264592 -2.8334969
  0.56830957  1.36598606 -2.41748979 -1.29790802  2.4112157   1.29148418
 -0.01363978 -1.7157685  -1.52425745  1.96835808  1.49023356 -0.78272361
 -0.12948135 -0.39551841 -0.18388839  2.42156343 -0.52606903 -0.65163384
  1.02665869 -2.2933221   0.98600257  2.58322566 -0.48359488  2.16130974
 -1.96294968 -0.88733295 -2.40372357 -2.28191759 -1.41228103 -2.90807649
  1.55727324  1.79839182  1.61904154  1.04410761  1.41652918 -2.33311088
 -2.68308354  1.72045518  1.00410134 -0.39757239 -2.63874184  1.57044886
 -1.26568623 -2.48647713  0.05582284]
Thu Jun 13 21:41:29 2024,363,0.11359119620950864,[-2.84376214  2.16348816 -1.66837633  0.14487086  0.47333659 -3.1888443
  3.2363383   2.08208817  1.0692758  -0.99418096  0.56196795  1.31575344
  1.31306391 -1.88115059  0.79548255  2.91815434 -0.40332313 -0.44933417
 -1.91458936  0.76361243  1.61589864  2.88117269 -1.42953903 -0.40078047
 -2.19798737 -2.11028121  3.0931176   2.76431134 -0.75266541 -2.64586479
  1.55853988 -0.19628915 -2.42064399  1.87434447  1.1100638  -0.60118842
  1.1083632  -2.03142257 -0.22678834  2.27113765 -0.20434167  0.5595752
  2.39913195  0.58095777  2.63342235  2.86013916  2.77944387 -2.92524173
  0.3113951  -0.39411569  1.70512065  2.97183864 -0.38629417 -2.40969095
  2.69818071 -3.16206081  0.56807538 -0.70872818 -1.73074704  3.11743588
 -1.92357548 -1.63787512 -2.56417578  2.37720587 -2.15932425  1.951258
  1.74509607  1.46379263  2.48188609  2.91520617  1.93715838  1.49558036
 -1.77648062 -2.36353983  1.18376509  0.54651899  1.60103107 -2.83207823
 -0.11912926  2.52406496 -1.1533221   1.20561816  1.24239933  0.63401121
 -0.96041415  1.13948597  0.82182131 -0.35799208  2.81223536 -2.1364377
  1.57458415 -0.64372175  0.99767456 -3.26363    -2.23296492  0.35941405
 -1.12343117 -0.42251211  0.28173979  0.04073615 -1.78680223 -0.17051525
 -0.64287599  2.87237832 -1.09243889 -1.21611355 -1.10003705  1.28444184
  1.61693545 -0.84319838  2.08910444 -1.57534603 -0.2663251  -0.91423873
 -2.95692124  3.08920315 -1.7578315   3.0339767  -1.36092346 -2.45381423
  3.64323702 -1.1660314  -0.71538497 -2.98162561 -2.55248338  2.98810661
 -1.97240706 -1.67172099 -0.42053527  2.9977861   0.13045047  0.02193824
 -1.62876934 -0.14293973 -1.60259855 -3.10750371  2.95623135  1.18208139
 -0.33083471 -2.32505861  1.01510443 -1.18559511 -0.24765754 -2.1355801
 -1.92496905  1.75828262 -0.96774402  2.57240565 -0.45272622 -3.10211049
 -2.8201381   1.95076338 -3.08569318 -0.25062309 -1.02673238 -0.17542531
  2.36976709  1.73851792 -0.21801747 -1.89916196 -3.01200644  0.13029289
 -0.81676287  1.48552235 -2.51734337  0.95537635 -0.11206932  0.19069541
  2.03183658  0.71231206  0.79272887 -1.244363    1.62463076  2.51815749
  1.26658927  0.26391222 -1.01062964  2.60422625  0.81168053 -2.21331711
  0.03256936  1.70414709  1.06019814 -0.6598383  -2.33189326  2.41592453
  2.03435217  1.67575263  2.26746684  1.83299466 -2.06309774 -2.83394872
  0.56876139  1.36643788 -2.41703797 -1.29835984  2.41076388  1.29103236
 -0.0140916  -1.71622032 -1.52380563  1.96790626  1.49068538 -0.78317543
 -0.12902953 -0.39506658 -0.18434021  2.42111161 -0.52652085 -0.65208566
  1.02711051 -2.29287028  0.98555075  2.58277383 -0.48314306  2.16176156
 -1.9634015  -0.88778477 -2.40327175 -2.28146577 -1.41273285 -2.90852831
  1.55772506  1.79884364  1.61949336  1.04455943  1.41607736 -2.3335627
 -2.68353536  1.72000336  1.00455316 -0.39802421 -2.63919366  1.57090068
 -1.26523441 -2.48692895  0.05537102]
Thu Jun 13 21:41:46 2024,364,0.11349191362934963,[-2.84531175  2.16193854 -1.66992595  0.14642048  0.47178698 -3.18729468
  3.23788791  2.08053855  1.06772618 -0.99573057  0.56041834  1.31420382
  1.31151429 -1.8827002   0.79393293  2.91660472 -0.40487275 -0.44778456
 -1.91303974  0.76516205  1.61744826  2.87962308 -1.43108865 -0.39923086
 -2.19953699 -2.10873159  3.09466721  2.76586096 -0.75421502 -2.64741441
  1.55699027 -0.19473953 -2.41909437  1.87279486  1.10851419 -0.60273803
  1.10991281 -2.02987296 -0.22523873  2.26958804 -0.20589128  0.56112481
  2.39758234  0.57940816  2.63497197  2.86168877  2.78099348 -2.92679135
  0.30984548 -0.3956653   1.70357103  2.97338826 -0.38784378 -2.40814133
  2.6966311  -3.1605112   0.569625   -0.71027779 -1.72919743  3.1189855
 -1.92202586 -1.63632551 -2.5657254   2.37875549 -2.16087386  1.94970838
  1.74664569  1.46224302  2.48343571  2.91365655  1.93560877  1.49403074
 -1.774931   -2.36508945  1.18221548  0.54496938  1.59948146 -2.83052861
 -0.12067888  2.52561457 -1.15177248  1.20716777  1.24084971  0.63556083
 -0.96196376  1.13793635  0.82027169 -0.3595417   2.81068574 -2.13488809
  1.57613377 -0.64217213  0.99612495 -3.26517961 -2.23451453  0.36096366
 -1.12188156 -0.42096249  0.28328941  0.03918654 -1.78525261 -0.17206487
 -0.6444256   2.87392793 -1.0939885  -1.21456394 -1.09848743  1.28599146
  1.61848507 -0.84164876  2.08755482 -1.57689564 -0.26477548 -0.91268911
 -2.95537162  3.08765353 -1.75938112  3.03242708 -1.35937384 -2.45226462
  3.64478664 -1.16448178 -0.71383535 -2.98317523 -2.55093376  2.986557
 -1.97395668 -1.67327061 -0.41898566  2.99623649  0.13200009  0.02348785
 -1.62721973 -0.14448935 -1.60104894 -3.1059541   2.95778096  1.18053178
 -0.33238432 -2.32350899  1.01355481 -1.18714473 -0.24610792 -2.13403048
 -1.92341944  1.75983223 -0.96929364  2.57085604 -0.4511766  -3.10056088
 -2.82168771  1.95231299 -3.08724279 -0.2521727  -1.02828199 -0.1738757
  2.3713167   1.74006753 -0.21956708 -1.89761235 -3.01045683  0.12874328
 -0.81831249  1.48707196 -2.51579376  0.95692597 -0.11361893  0.19224503
  2.03338619  0.71076245  0.79117925 -1.24281339  1.62308115  2.5197071
  1.26813888  0.26546184 -1.01217925  2.60577587  0.81013091 -2.21176749
  0.03101975  1.7056967   1.05864852 -0.66138791 -2.33034364  2.41437492
  2.03280256  1.67420301  2.26901646  1.83454427 -2.06154813 -2.8323991
  0.56721178  1.36488827 -2.41548836 -1.29990945  2.40921426  1.28948274
 -0.01254199 -1.71776993 -1.52535525  1.96945588  1.48913576 -0.78162581
 -0.13057914 -0.3966162  -0.18588983  2.42266122 -0.52807047 -0.65363528
  1.0255609  -2.29132066  0.98710037  2.58432345 -0.48159344  2.16331118
 -1.96185188 -0.88933438 -2.40172214 -2.28301538 -1.41428247 -2.90697869
  1.55617544  1.79729402  1.62104298  1.04300981  1.41762697 -2.33201309
 -2.68198575  1.72155298  1.00300355 -0.3964746  -2.64074328  1.56935107
 -1.2636848  -2.48537934  0.0538214 ]
Thu Jun 13 21:42:02 2024,365,0.11350368504523431,[-2.84578423  2.16241102 -1.66945347  0.14689296  0.47225946 -3.18776716
  3.23836039  2.08006607  1.0672537  -0.99620305  0.56089082  1.3146763
  1.31104181 -1.88222772  0.79346045  2.91613224 -0.40534523 -0.44825704
 -1.91351222  0.76468956  1.61697578  2.8791506  -1.43156113 -0.39970334
 -2.19906451 -2.10825911  3.09513969  2.76538848 -0.7546875  -2.64788689
  1.55651779 -0.19426705 -2.41862189  1.87326734  1.10898667 -0.60321051
  1.11038529 -2.02940048 -0.22571121  2.27006052 -0.20636376  0.56065233
  2.39710986  0.57893568  2.63449949  2.86121629  2.78146596 -2.92631887
  0.31031796 -0.39613778  1.70404351  2.97386074 -0.38831627 -2.40766885
  2.69615861 -3.16098368  0.56915252 -0.71075027 -1.72872495  3.11945798
 -1.92155338 -1.63679799 -2.56525291  2.37828301 -2.16134634  1.9492359
  1.74711817  1.4627155   2.48296323  2.91318407  1.93513629  1.49450322
 -1.77445852 -2.36556193  1.181743    0.54544186  1.59995394 -2.83005613
 -0.1202064   2.52514209 -1.1513      1.20764025  1.2413222   0.63603331
 -0.96149128  1.13840883  0.81979921 -0.36001418  2.81021326 -2.13441561
  1.57660625 -0.64264462  0.99659743 -3.26470713 -2.23404205  0.36049118
 -1.12140907 -0.42143497  0.28376189  0.03871406 -1.78572509 -0.17159239
 -0.64395312  2.87440041 -1.09351602 -1.21409146 -1.09801495  1.28646394
  1.61801259 -0.84117628  2.0880273  -1.57642316 -0.26524796 -0.91316159
 -2.95489914  3.08812602 -1.75890864  3.0319546  -1.35984633 -2.4527371
  3.64431416 -1.1640093  -0.71336287 -2.98270274 -2.55140624  2.98702948
 -1.97442916 -1.67374309 -0.41851318  2.995764    0.13247257  0.02396033
 -1.62674725 -0.14496183 -1.60057645 -3.10642658  2.95730848  1.18100426
 -0.33285681 -2.32398147  1.01402729 -1.18761721 -0.24563544 -2.133558
 -1.92389192  1.76030471 -0.96882115  2.57132852 -0.45070412 -3.1000884
 -2.82121523  1.95184051 -3.08677031 -0.25170022 -1.02780951 -0.17340321
  2.37178918  1.73959505 -0.22003956 -1.89713987 -3.00998435  0.12827079
 -0.81784     1.48754444 -2.51626624  0.95739845 -0.11314645  0.19271751
  2.03385867  0.71028997  0.79165173 -1.24234091  1.62355363  2.51923462
  1.26861136  0.26498936 -1.01265173  2.60624835  0.81060339 -2.21129501
  0.03054727  1.70522422  1.05817604 -0.66091543 -2.33081613  2.4148474
  2.03327504  1.6746755   2.26948894  1.83407179 -2.06202061 -2.83192662
  0.5667393   1.36536075 -2.41596084 -1.30038193  2.40874178  1.28995522
 -0.01301447 -1.71729745 -1.52488277  1.96898339  1.48960824 -0.78209829
 -0.13010666 -0.39614372 -0.18636231  2.42218874 -0.52854295 -0.6531628
  1.02508842 -2.29179314  0.98662789  2.58385097 -0.48206593  2.16378366
 -1.96232436 -0.88980686 -2.40219462 -2.2825429  -1.41380999 -2.90745117
  1.55664793  1.79682154  1.6205705   1.04348229  1.41715449 -2.33248557
 -2.68151327  1.72202546  1.00347603 -0.39694708 -2.64121576  1.56982355
 -1.26321232 -2.48490686  0.05334892]
Thu Jun 13 21:42:18 2024,366,0.11351084946054997,[-2.84522595  2.16185274 -1.67001175  0.14745124  0.47281774 -3.18832544
  3.23780211  2.08062435  1.06669542 -0.99676133  0.5614491   1.31411802
  1.31048353 -1.882786    0.79401873  2.91557396 -0.40590351 -0.44769876
 -1.9140705   0.76524784  1.6164175   2.87859232 -1.43211941 -0.39914506
 -2.19962279 -2.10770083  3.09458142  2.7648302  -0.75524578 -2.64732861
  1.55595951 -0.19482533 -2.41806361  1.87270906  1.10954495 -0.60376879
  1.11094357 -2.0288422  -0.22515293  2.2706188  -0.20692204  0.56121061
  2.39766814  0.5783774   2.63505777  2.86177457  2.78202424 -2.92687714
  0.30975968 -0.3955795   1.70460179  2.97330246 -0.38887454 -2.40711057
  2.69560034 -3.1604254   0.56859424 -0.71130855 -1.72928323  3.1188997
 -1.9209951  -1.63623971 -2.56581119  2.37772473 -2.16190462  1.94867762
  1.74655989  1.46215722  2.48352151  2.91374235  1.93569457  1.49394494
 -1.7750168  -2.36500365  1.18230128  0.54600014  1.60051222 -2.82949785
 -0.11964812  2.52570037 -1.15074172  1.20708197  1.24076392  0.63659159
 -0.960933    1.13785055  0.81924093 -0.36057246  2.80965498 -2.13497389
  1.57716453 -0.64320289  0.99603915 -3.26414885 -2.23460033  0.3599329
 -1.1208508  -0.42199325  0.28320361  0.03927233 -1.78516681 -0.17215067
 -0.64339484  2.87495869 -1.09295774 -1.21464974 -1.09745667  1.28590566
  1.61745431 -0.840618    2.08858558 -1.57698144 -0.26468968 -0.91260331
 -2.95545742  3.0886843  -1.75946692  3.03139632 -1.3604046  -2.45329538
  3.64487244 -1.16456758 -0.71392115 -2.98214447 -2.55196452  2.9864712
 -1.97387088 -1.67318481 -0.41907145  2.99632228  0.13303085  0.02340205
 -1.62730552 -0.14440355 -1.60001818 -3.10698486  2.95786676  1.18044598
 -0.33341508 -2.32453975  1.01346902 -1.18705893 -0.24507716 -2.13299972
 -1.92333364  1.76086299 -0.96937943  2.5718868  -0.4512624  -3.09953012
 -2.82177351  1.95128223 -3.08621203 -0.25114194 -1.02836779 -0.17284494
  2.3712309   1.74015333 -0.21948129 -1.89658159 -3.01054263  0.12882907
 -0.81839828  1.48810272 -2.51682452  0.95795673 -0.11258817  0.19215923
  2.03441695  0.71084825  0.79109346 -1.24289919  1.62299535  2.51867634
  1.26805308  0.26443108 -1.01209346  2.60680663  0.81004511 -2.21185329
  0.02998899  1.70466594  1.05761776 -0.66147371 -2.3313744   2.41540568
  2.03383332  1.67523377  2.27004722  1.83463007 -2.06146233 -2.83136834
  0.56729758  1.36591903 -2.41651912 -1.29982365  2.40930006  1.28939694
 -0.01357275 -1.71673917 -1.52544105  1.96842512  1.48904997 -0.78265657
 -0.12954838 -0.396702   -0.18580403  2.42274702 -0.52910123 -0.65372108
  1.0256467  -2.29123486  0.98606961  2.58329269 -0.4826242   2.16434194
 -1.96176608 -0.88924858 -2.4027529  -2.28310118 -1.41436827 -2.90689289
  1.55608965  1.79737982  1.62112878  1.04404057  1.41771277 -2.33304385
 -2.68207155  1.72258374  1.00403431 -0.3963888  -2.64065748  1.56926527
 -1.26265404 -2.48434858  0.0539072 ]
Thu Jun 13 21:42:38 2024,367,0.11335343294077034,[-2.84300879  2.15963558 -1.66779458  0.14523407  0.47503491 -3.19054261
  3.24001928  2.07840719  1.06447826 -0.99454417  0.56366626  1.31190086
  1.3127007  -1.88056884  0.7962359   2.91335679 -0.40812067 -0.44991593
 -1.91628767  0.76303068  1.61420033  2.88080949 -1.42990224 -0.40136223
 -2.20183995 -2.10548367  3.09236425  2.76704737 -0.75302862 -2.64511144
  1.55374234 -0.19260816 -2.41584645  1.87492623  1.11176211 -0.60155163
  1.11316074 -2.02662503 -0.2273701   2.27283596 -0.20470488  0.55899344
  2.3998853   0.58059456  2.63727493  2.8595574   2.78424141 -2.92909431
  0.31197685 -0.39336234  1.70238463  2.97551962 -0.38665738 -2.40932774
  2.6978175  -3.15820823  0.56637707 -0.71352572 -1.72706606  3.11668253
 -1.92321227 -1.63845688 -2.56359403  2.37994189 -2.16412179  1.94646046
  1.74434272  1.46437439  2.48573867  2.91595952  1.93791173  1.49616211
 -1.77723397 -2.36722082  1.18451844  0.5482173   1.59829505 -2.82728069
 -0.12186528  2.5234832  -1.15295889  1.20486481  1.23854675  0.63437442
 -0.96315017  1.13563339  0.8214581  -0.35835529  2.81187215 -2.13719105
  1.57494736 -0.64098573  0.99382198 -3.26193168 -2.23238317  0.36215007
 -1.12306796 -0.42421042  0.28098644  0.03705517 -1.78294965 -0.17436783
 -0.64117768  2.87717586 -1.09074058 -1.21243257 -1.09967384  1.28368849
  1.61523714 -0.84283517  2.08636842 -1.57476427 -0.26247252 -0.91038615
 -2.95324026  3.08646713 -1.76168408  3.03361349 -1.36262177 -2.45107821
  3.64265527 -1.16678475 -0.71613831 -2.9799273  -2.54974736  2.98425403
 -1.97608805 -1.67096764 -0.41685429  2.99410512  0.13081368  0.02118489
 -1.62508836 -0.14218639 -1.59780101 -3.10476769  2.95564959  1.18266315
 -0.33563225 -2.32675692  1.01125185 -1.18484176 -0.24286    -2.13521689
 -1.92111647  1.75864583 -0.96716227  2.57410396 -0.44904523 -3.10174728
 -2.82399068  1.94906507 -3.08399486 -0.24892477 -1.03058496 -0.1750621
  2.37344807  1.7423705  -0.22169845 -1.89436442 -3.01275979  0.13104624
 -0.81618112  1.49031989 -2.51460735  0.96017389 -0.11480534  0.19437639
  2.03663412  0.71306541  0.78887629 -1.24511635  1.62077818  2.52089351
  1.27027025  0.26221391 -1.00987629  2.60458946  0.81226228 -2.20963613
  0.02777182  1.70688311  1.0554006  -0.65925654 -2.32915724  2.41318851
  2.03161615  1.67301661  2.27226439  1.83241291 -2.05924517 -2.82915118
  0.56951474  1.36370186 -2.41430195 -1.30204082  2.41151723  1.28717978
 -0.01135558 -1.71895634 -1.52765821  1.97064228  1.4868328  -0.78487374
 -0.13176555 -0.39891916 -0.18358686  2.42496419 -0.53131839 -0.65593824
  1.02786386 -2.2890177   0.98385244  2.58550986 -0.48040704  2.1665591
 -1.95954892 -0.89146575 -2.40497006 -2.28531834 -1.41658543 -2.90911006
  1.55830681  1.79516265  1.62334594  1.04625774  1.4154956  -2.33082668
 -2.68428871  1.72036657  1.00181714 -0.39860597 -2.63844031  1.5670481
 -1.2648712  -2.48656574  0.05169003]
Thu Jun 13 21:42:55 2024,368,0.11281333586175513,[-2.84626914  2.16289593 -1.66453423  0.14197372  0.47829526 -3.19380296
  3.24327963  2.07514683  1.0612179  -0.99780452  0.56692662  1.31516121
  1.31596105 -1.87730848  0.79297554  2.91661715 -0.40486032 -0.45317628
 -1.91302731  0.75977032  1.61746069  2.88406984 -1.4331626  -0.40462258
 -2.20510031 -2.10222331  3.0956246   2.76378701 -0.74976826 -2.6483718
  1.55048199 -0.18934781 -2.41258609  1.87166587  1.10850176 -0.59829127
  1.10990038 -2.02336468 -0.22410974  2.26957561 -0.20144452  0.55573309
  2.40314566  0.58385492  2.64053529  2.86281776  2.78750176 -2.92583396
  0.3152372  -0.39662269  1.70564498  2.97877998 -0.38339702 -2.40606738
  2.70107786 -3.15494788  0.56963743 -0.71678607 -1.72380571  3.11994289
 -1.92647262 -1.64171723 -2.56033367  2.38320225 -2.16086143  1.9432001
  1.74108237  1.46763474  2.48247832  2.91269916  1.93465138  1.49290175
 -1.78049432 -2.37048117  1.18125809  0.55147766  1.6015554  -2.82402033
 -0.11860493  2.52022285 -1.15621924  1.20160445  1.23528639  0.63763477
 -0.95988981  1.13237303  0.81819774 -0.36161565  2.8151325  -2.14045141
  1.57168701 -0.63772537  0.99708234 -3.25867133 -2.22912281  0.36541042
 -1.12632832 -0.42095006  0.27772609  0.04031552 -1.77968929 -0.17762819
 -0.64443803  2.88043621 -1.09400093 -1.21569293 -1.10293419  1.28042814
  1.61197678 -0.84609552  2.08310806 -1.57150392 -0.25921216 -0.90712579
 -2.9499799   3.08320677 -1.76494444  3.03035313 -1.35936142 -2.44781786
  3.64591563 -1.1700451  -0.71287796 -2.98318765 -2.546487    2.98099368
 -1.97282769 -1.674228   -0.41359393  2.99084476  0.13407404  0.01792453
 -1.62834871 -0.14544674 -1.59454065 -3.10150734  2.95890995  1.1859235
 -0.3323719  -2.33001727  1.00799149 -1.18810212 -0.24612035 -2.13847724
 -1.92437683  1.75538547 -0.97042262  2.57736432 -0.45230559 -3.10500764
 -2.82725103  1.95232542 -3.08725522 -0.25218513 -1.0273246  -0.17180175
  2.37018771  1.74563085 -0.2184381  -1.89110407 -3.00949944  0.1343066
 -0.81292076  1.48705953 -2.51786771  0.95691354 -0.11154498  0.19763675
  2.03337376  0.71632577  0.78561593 -1.241856    1.61751783  2.52415386
  1.27353061  0.26547427 -1.01313664  2.60784982  0.80900192 -2.20637577
  0.02451147  1.71014346  1.05214024 -0.65599619 -2.33241759  2.41644886
  2.0348765   1.66975625  2.27552474  1.82915255 -2.05598481 -2.83241153
  0.56625439  1.36696222 -2.41756231 -1.30530117  2.40825687  1.28391942
 -0.00809523 -1.71569599 -1.53091857  1.97390264  1.49009315 -0.78813409
 -0.12850519 -0.40217952 -0.18032651  2.42822454 -0.52805804 -0.6591986
  1.03112422 -2.28575734  0.9871128   2.5822495  -0.48366739  2.16329875
 -1.96280927 -0.89472611 -2.40170971 -2.2885787  -1.41332508 -2.90584971
  1.56156717  1.79842301  1.62008559  1.0495181   1.41223525 -2.32756633
 -2.68754907  1.71710622  1.0050775  -0.40186632 -2.63517996  1.56378775
 -1.26161085 -2.4898261   0.05495039]
Thu Jun 13 21:43:13 2024,369,0.11279075706012062,[-2.84536213  2.16198892 -1.66544124  0.14288073  0.47920227 -3.19289595
  3.24237263  2.07423982  1.06212491 -0.99689751  0.56601961  1.3142542
  1.31505404 -1.87640147  0.79388255  2.91571014 -0.40576733 -0.45408329
 -1.91393432  0.76067733  1.61655368  2.88497685 -1.43406961 -0.40371557
 -2.20600732 -2.1013163   3.0947176   2.76288    -0.74886125 -2.64746479
  1.551389   -0.1884408  -2.41167908  1.87075886  1.10940877 -0.59919828
  1.10899338 -2.02427168 -0.22501675  2.2686686  -0.20053752  0.5566401
  2.40405266  0.58294791  2.6414423   2.86191075  2.78659476 -2.92674096
  0.31614421 -0.3975297   1.70655199  2.97968699 -0.38430403 -2.40697439
  2.70198486 -3.15404087  0.57054444 -0.71769308 -1.7228987   3.12084989
 -1.92556562 -1.64081022 -2.56124068  2.38229524 -2.16176844  1.94410711
  1.74198937  1.46854175  2.48157131  2.91360617  1.93374437  1.49199475
 -1.77958731 -2.37138818  1.18216509  0.55057065  1.60246241 -2.82492734
 -0.11951194  2.51931584 -1.15531223  1.20251146  1.2361934   0.63854178
 -0.96079682  1.13328004  0.81910475 -0.36252265  2.81603951 -2.14135841
  1.57078    -0.63863238  0.99617533 -3.25957834 -2.23002982  0.36631743
 -1.12542131 -0.42004306  0.27863309  0.03940852 -1.7805963  -0.1785352
 -0.64353102  2.87952921 -1.09490794 -1.21478592 -1.1038412   1.28133515
  1.61288379 -0.84518851  2.08401507 -1.57059691 -0.25830515 -0.90621879
 -2.95088691  3.08229977 -1.76403743  3.03126014 -1.35845441 -2.44872487
  3.64682263 -1.17095211 -0.71197095 -2.98228065 -2.54557999  2.98008667
 -1.9737347  -1.67332099 -0.41268693  2.98993776  0.13498104  0.01883154
 -1.62744171 -0.14635375 -1.59544766 -3.10241435  2.95800294  1.18683051
 -0.33146489 -2.32911026  1.00708449 -1.18719511 -0.24702736 -2.13938425
 -1.92346982  1.75447846 -0.97132963  2.57645731 -0.45139858 -3.10591464
 -2.82634402  1.95141842 -3.08816223 -0.25309214 -1.02641759 -0.17089474
  2.37109472  1.74472384 -0.2193451  -1.89019706 -3.00859243  0.13339959
 -0.81201375  1.48796654 -2.51877472  0.95600653 -0.11063797  0.19854376
  2.03246675  0.71723277  0.78470893 -1.24094899  1.61842483  2.52324686
  1.2726236   0.26638127 -1.01222964  2.60875683  0.80990893 -2.20546876
  0.02541847  1.70923645  1.05304725 -0.65508918 -2.33151059  2.41554186
  2.0339695   1.66884925  2.27461773  1.82824554 -2.05689182 -2.83331854
  0.5671614   1.36786923 -2.41846931 -1.30620818  2.40916388  1.28301241
 -0.00900224 -1.71478898 -1.53182558  1.97480964  1.49100016 -0.7890411
 -0.12759818 -0.40308653 -0.1794195   2.42731753 -0.52896505 -0.65829159
  1.03021721 -2.28485033  0.9880198   2.58134249 -0.4845744   2.16420576
 -1.96371628 -0.89563311 -2.40261672 -2.28948571 -1.41241807 -2.9049427
  1.56066016  1.79933002  1.61917858  1.04861109  1.41314226 -2.32847334
 -2.68845608  1.71619921  1.00417049 -0.40277333 -2.63427295  1.56469475
 -1.26251786 -2.49073311  0.05404338]
Thu Jun 13 21:43:44 2024,370,0.11234130332218561,[-2.84286465  2.16448641 -1.66793872  0.14537821  0.48169976 -3.19539344
  3.24487011  2.07174234  1.0646224  -0.99440002  0.5685171   1.31675169
  1.31755153 -1.87889896  0.79638004  2.91321265 -0.40826481 -0.45658078
 -1.91643181  0.76317482  1.61905117  2.88247936 -1.43157212 -0.40621306
 -2.20350983 -2.09881882  3.09721508  2.76537749 -0.75135874 -2.64996228
  1.54889151 -0.18594331 -2.40918159  1.87325635  1.11190625 -0.59670079
  1.11149086 -2.02676917 -0.22751424  2.26617111 -0.203035    0.55913758
  2.40155518  0.5854454   2.64393978  2.86440824  2.78409727 -2.92923845
  0.3186417  -0.40002719  1.7040545   2.9771895  -0.38680152 -2.40947188
  2.69948738 -3.15653836  0.57304192 -0.71519559 -1.72040121  3.12334738
 -1.9280631  -1.63831273 -2.55874319  2.38479273 -2.16426593  1.94160962
  1.73949189  1.46604426  2.47907382  2.91610366  1.93624186  1.48949726
 -1.77708983 -2.37388567  1.17966761  0.55306814  1.6049599  -2.82742483
 -0.11701445  2.52181333 -1.15281475  1.20001397  1.23869089  0.63604429
 -0.96329431  1.13078255  0.82160224 -0.36502014  2.81354202 -2.13886093
  1.57327749 -0.63613489  0.99867282 -3.25708085 -2.23252731  0.36381994
 -1.12292382 -0.42254054  0.27613561  0.041906   -1.78309379 -0.18103268
 -0.64103353  2.8820267  -1.09241045 -1.21228843 -1.10633869  1.27883766
  1.61538128 -0.847686    2.08651256 -1.56809942 -0.26080264 -0.9037213
 -2.9533844   3.08479725 -1.76153994  3.02876265 -1.3609519  -2.44622738
  3.64932012 -1.1734496  -0.70947346 -2.98477813 -2.54807748  2.98258416
 -1.97123721 -1.67581848 -0.41518441  2.99243524  0.13747853  0.02132903
 -1.62993919 -0.14385626 -1.59794515 -3.09991686  2.96050043  1.189328
 -0.3289674  -2.32661278  1.004587   -1.1896926  -0.24452987 -2.13688676
 -1.92097233  1.75198098 -0.96883214  2.57395982 -0.45389607 -3.10341716
 -2.82884151  1.9539159  -3.08566474 -0.25059465 -1.02891508 -0.17339223
  2.36859723  1.74222636 -0.22184259 -1.88769957 -3.00609494  0.1309021
 -0.80951627  1.49046403 -2.51627723  0.95850402 -0.11313546  0.19604627
  2.02996927  0.71973026  0.78720641 -1.24344648  1.62092232  2.52574434
  1.27012611  0.26887876 -1.00973215  2.60625934  0.81240642 -2.20796625
  0.02292099  1.70673897  1.05054976 -0.65758667 -2.3290131   2.41304437
  2.03646698  1.66635176  2.27711522  1.83074303 -2.05938931 -2.83082105
  0.56466391  1.36537174 -2.4209668  -1.30870567  2.41166137  1.2855099
 -0.00650475 -1.71229149 -1.53432306  1.97730713  1.49349765 -0.78654361
 -0.13009567 -0.40558402 -0.17692201  2.42981502 -0.53146253 -0.6557941
  1.02771972 -2.28235284  0.99051729  2.58383998 -0.48707189  2.16670324
 -1.96621377 -0.89313563 -2.40511421 -2.2919832  -1.40992058 -2.90744019
  1.56315765  1.8018275   1.62167607  1.0461136   1.41563974 -2.32597585
 -2.69095356  1.71370172  1.00666798 -0.40027584 -2.63677044  1.56219727
 -1.26002037 -2.48823562  0.05654087]
Thu Jun 13 21:44:00 2024,371,0.11233617911393268,[-2.84246292  2.16488813 -1.667537    0.14497649  0.48210148 -3.19499172
  3.24446839  2.07214406  1.06502412 -0.9939983   0.56891882  1.31634997
  1.31714981 -1.87849724  0.79678176  2.91281093 -0.40866654 -0.45617905
 -1.91683353  0.76357654  1.61864944  2.88288108 -1.43117039 -0.40581134
 -2.20310811 -2.09841709  3.09761681  2.76497577 -0.75095702 -2.64956055
  1.54848978 -0.18634504 -2.40877987  1.87365807  1.11150453 -0.59629907
  1.11108914 -2.02636745 -0.22711251  2.26576939 -0.20263328  0.55873586
  2.4019569   0.58504368  2.64353806  2.86400652  2.78449899 -2.92964017
  0.31904342 -0.39962547  1.70365278  2.97678777 -0.3863998  -2.40907015
  2.6998891  -3.15694008  0.5726402  -0.71479387 -1.71999949  3.1237491
 -1.92846483 -1.63791101 -2.55914492  2.384391   -2.16466765  1.9412079
  1.73989361  1.46564254  2.4786721   2.91570193  1.93664358  1.48989898
 -1.77749155 -2.37348394  1.18006933  0.55266642  1.60455818 -2.82782655
 -0.11661273  2.52221505 -1.15321647  1.20041569  1.23909261  0.63564257
 -0.96289259  1.13118427  0.82120052 -0.36461842  2.8131403  -2.13926265
  1.57287577 -0.63573317  0.99907454 -3.25667913 -2.23292903  0.36341822
 -1.12332554 -0.42213882  0.27573388  0.04150428 -1.78269206 -0.18063096
 -0.64063181  2.88162497 -1.09281217 -1.21188671 -1.10593696  1.27923938
  1.615783   -0.84728428  2.08611084 -1.56850114 -0.26120437 -0.90331957
 -2.95298268  3.08519898 -1.76194167  3.02916438 -1.36135362 -2.4466291
  3.64972184 -1.17304787 -0.70987519 -2.98517986 -2.54767576  2.98218243
 -1.97083549 -1.6762202  -0.41478269  2.99283697  0.13788025  0.02092731
 -1.63034092 -0.14425798 -1.59754343 -3.09951514  2.96090215  1.18892627
 -0.32936912 -2.32621105  1.00418528 -1.19009432 -0.24493159 -2.13728849
 -1.92057061  1.7523827  -0.96843042  2.5735581  -0.45429779 -3.10381888
 -2.82924323  1.95431763 -3.08606646 -0.25019293 -1.02851336 -0.17379395
  2.36899896  1.74262808 -0.22224432 -1.88729785 -3.00649667  0.13130382
 -0.80911454  1.49006231 -2.51667895  0.95890574 -0.11273374  0.19644799
  2.03037099  0.72013199  0.78760814 -1.2438482   1.62132405  2.52614607
  1.26972439  0.26928048 -1.00933043  2.60585762  0.81280814 -2.20756453
  0.02251926  1.70714069  1.05095148 -0.65718495 -2.32941482  2.41264265
  2.03606526  1.66595003  2.27751694  1.83034131 -2.05979103 -2.83122277
  0.56506563  1.36577346 -2.42136853 -1.30830395  2.41125965  1.28591162
 -0.00690647 -1.71269321 -1.53392134  1.97770885  1.49389937 -0.78614189
 -0.13049739 -0.40518229 -0.17652029  2.4294133  -0.53106081 -0.65619583
  1.02812145 -2.28275457  0.99011557  2.58343826 -0.48747361  2.16630152
 -1.96581204 -0.8927339  -2.40471248 -2.29158147 -1.4103223  -2.90784191
  1.56275592  1.80142578  1.62207779  1.04571188  1.41604147 -2.32637757
 -2.69055184  1.7133      1.0070697  -0.39987412 -2.63717216  1.56259899
 -1.26042209 -2.4878339   0.05613915]
Thu Jun 13 21:44:16 2024,372,0.11218606312105099,[-2.84420569  2.16314537 -1.66579424  0.14323373  0.48035871 -3.19673448
  3.24621116  2.07040129  1.06328135 -0.99574107  0.57066159  1.3146072
  1.31540704 -1.87675447  0.79852453  2.91106817 -0.4104093  -0.45443629
 -1.91509077  0.76531931  1.61690668  2.88462385 -1.42942763 -0.40406857
 -2.20485087 -2.09667433  3.09587404  2.76671853 -0.75269978 -2.64781779
  1.54674702 -0.18460227 -2.40703711  1.87540084  1.10976177 -0.59804184
  1.11283191 -2.02462468 -0.22885528  2.26402663 -0.20089052  0.5569931
  2.40021413  0.58330091  2.6417953   2.86574928  2.78275622 -2.93138294
  0.32078619 -0.3978827   1.70539554  2.97504501 -0.38465703 -2.40732739
  2.70163186 -3.15519732  0.57089744 -0.71653663 -1.72174225  3.12549187
 -1.93020759 -1.63965378 -2.55740215  2.38613377 -2.16292489  1.94295067
  1.73815084  1.4673853   2.47692933  2.9174447   1.93838634  1.49164175
 -1.77574878 -2.37174118  1.18181209  0.55440918  1.60281541 -2.82956932
 -0.11835549  2.52047229 -1.15495923  1.19867293  1.23734985  0.63738534
 -0.96114982  1.12944151  0.82294328 -0.36287565  2.81139754 -2.14100541
  1.57461853 -0.63747594  0.99733178 -3.25493636 -2.23118627  0.36167545
 -1.12158278 -0.42388159  0.27747665  0.03976152 -1.78443483 -0.1788882
 -0.63888905  2.87988221 -1.09106941 -1.21362947 -1.10767973  1.28098215
  1.61752577 -0.84902705  2.08436807 -1.57024391 -0.2594616  -0.90157681
 -2.95472544  3.08694174 -1.76368443  3.03090714 -1.35961085 -2.44488634
  3.65146461 -1.17130511 -0.70813242 -2.98343709 -2.54593299  2.98043967
 -1.97257825 -1.67447744 -0.41303993  2.9910942   0.13962302  0.01918454
 -1.63208368 -0.14600075 -1.59928619 -3.09777237  2.96264492  1.18718351
 -0.32762636 -2.32795382  1.00244251 -1.19183709 -0.24667436 -2.13554572
 -1.92231337  1.75063993 -0.96668765  2.57530086 -0.45255503 -3.10207611
 -2.82750047  1.95606039 -3.0843237  -0.24845016 -1.03025612 -0.17553671
  2.36725619  1.74437084 -0.22398708 -1.88904062 -3.00823943  0.13304659
 -0.80737178  1.48831954 -2.51842172  0.95716298 -0.11099097  0.19470523
  2.02862822  0.72187475  0.78586537 -1.24559096  1.61958128  2.5244033
  1.26798162  0.27102325 -1.00758766  2.60760038  0.81455091 -2.20582176
  0.0207765   1.70888345  1.05269425 -0.65544218 -2.33115759  2.41438541
  2.03780803  1.66420727  2.27925971  1.82859854 -2.06153379 -2.83296554
  0.56332286  1.3640307  -2.41962576 -1.31004671  2.40951688  1.28765439
 -0.0051637  -1.71443598 -1.53217858  1.97945162  1.49215661 -0.78788465
 -0.12875463 -0.40692506 -0.17477752  2.43115606 -0.53280358 -0.65445306
  1.02986421 -2.28449733  0.9883728   2.58169549 -0.48921638  2.16455876
 -1.96406928 -0.89447667 -2.40645525 -2.29332424 -1.41206507 -2.90609914
  1.56101316  1.79968302  1.62382056  1.04396911  1.41778423 -2.32463481
 -2.68880908  1.71504276  1.00532693 -0.39813135 -2.63891493  1.56434175
 -1.25867933 -2.48957666  0.05439638]
Thu Jun 13 21:44:35 2024,373,0.11212612414614054,[-2.84513088  2.16222018 -1.66486904  0.14230853  0.4812839  -3.19765968
  3.24713635  2.07132648  1.06235616 -0.99481588  0.5697364   1.31368201
  1.31448185 -1.87582928  0.79944972  2.91014297 -0.41133449 -0.4535111
 -1.91416558  0.76439412  1.61783187  2.88554904 -1.42850244 -0.40314338
 -2.20392568 -2.09574914  3.09494885  2.76764372 -0.75362497 -2.64874298
  1.54582183 -0.18552746 -2.40611192  1.87447565  1.11068696 -0.59896703
  1.1137571  -2.02369949 -0.22793009  2.26495182 -0.20181571  0.55791829
  2.39928894  0.58237572  2.64087011  2.86482409  2.78368142 -2.93230813
  0.32171138 -0.39695751  1.70632074  2.9759702  -0.38558222 -2.40825258
  2.70255705 -3.15612251  0.57182263 -0.71561144 -1.72081706  3.12641706
 -1.9292824  -1.64057897 -2.55647696  2.38705896 -2.1619997   1.94387586
  1.73907603  1.46646011  2.47600414  2.91651951  1.93931154  1.49256694
 -1.77667397 -2.37266637  1.1808869   0.55348399  1.60189022 -2.82864413
 -0.11928068  2.52139748 -1.15588442  1.19774774  1.23827504  0.63646015
 -0.96207501  1.1303667   0.82386847 -0.36380084  2.81047235 -2.14008022
  1.57369334 -0.63840113  0.99640659 -3.25586155 -2.23211146  0.36075026
 -1.12065759 -0.42480678  0.27655146  0.03883633 -1.78350964 -0.17981339
 -0.63796386  2.8808074  -1.0919946  -1.21455466 -1.10675454  1.28190734
  1.61660058 -0.84995224  2.08344288 -1.5711691  -0.25853641 -0.902502
 -2.95380025  3.08786693 -1.76275924  3.03183233 -1.35868566 -2.44396115
  3.6523898  -1.1722303  -0.70905761 -2.98436228 -2.5450078   2.97951448
 -1.97165306 -1.67355225 -0.41396512  2.99016901  0.13869783  0.02010973
 -1.63300887 -0.14692594 -1.598361   -3.09684718  2.96171973  1.18625832
 -0.32670117 -2.32702863  1.0033677  -1.19091189 -0.24574917 -2.13462053
 -1.92138818  1.75156512 -0.96576246  2.57622606 -0.45348022 -3.1030013
 -2.82657528  1.95698558 -3.08339851 -0.24752497 -1.03118132 -0.17646191
  2.366331    1.74344565 -0.22491227 -1.88996581 -3.00731424  0.13397178
 -0.80829697  1.48924473 -2.51749652  0.95808817 -0.11191617  0.19378004
  2.02955341  0.72094956  0.78679056 -1.24651616  1.62050647  2.52347811
  1.26705643  0.27194844 -1.00851285  2.60852557  0.8154761  -2.20489657
  0.02170169  1.70795826  1.05176906 -0.65451699 -2.33208278  2.4153106
  2.03688284  1.66328208  2.2801849   1.82767335 -2.0606086  -2.83204035
  0.56239767  1.3631055  -2.42055095 -1.3109719   2.41044207  1.2867292
 -0.00423851 -1.71351079 -1.53125339  1.97852643  1.4930818  -0.78695946
 -0.12782944 -0.40599987 -0.17385233  2.43023087 -0.53372877 -0.65537825
  1.0307894  -2.28542252  0.98929799  2.5807703  -0.48829119  2.16363357
 -1.96314409 -0.89540186 -2.40738044 -2.29239905 -1.41113988 -2.90517395
  1.56008797  1.79875783  1.62289537  1.0448943   1.41870942 -2.32556
 -2.68788388  1.71411757  1.00440174 -0.39720616 -2.63984012  1.56341656
 -1.25960452 -2.49050185  0.05347119]
Thu Jun 13 21:45:51 2024,374,0.11212614368990306,[-2.84512991  2.16222115 -1.66487002  0.14230756  0.48128293 -3.19766065
  3.24713538  2.07132551  1.06235714 -0.9948149   0.56973737  1.31368299
  1.31448282 -1.87583025  0.79944875  2.91014395 -0.41133352 -0.45351207
 -1.91416655  0.76439509  1.61783284  2.88555001 -1.42850341 -0.40314241
 -2.20392471 -2.09575011  3.09494788  2.7676447  -0.75362595 -2.64874201
  1.5458228  -0.18552843 -2.40611094  1.87447662  1.11068793 -0.59896605
  1.11375613 -2.02369852 -0.22793106  2.26495279 -0.20181473  0.55791731
  2.39928797  0.58237669  2.64087108  2.86482312  2.78368239 -2.9323091
  0.32171041 -0.39695654  1.70631976  2.97596923 -0.38558319 -2.40825161
  2.70255803 -3.15612154  0.5718236  -0.71561047 -1.72081609  3.12641803
 -1.92928143 -1.64057994 -2.55647793  2.38705993 -2.16199872  1.94387683
  1.73907701  1.46645914  2.47600317  2.91652048  1.93931056  1.49256596
 -1.776673   -2.3726654   1.18088593  0.55348302  1.60189119 -2.82864315
 -0.11928165  2.52139845 -1.15588345  1.19774871  1.23827407  0.63645917
 -0.96207404  1.13036767  0.8238675  -0.36379987  2.81047332 -2.1400812
  1.57369431 -0.6384021   0.99640562 -3.25586058 -2.23211243  0.36074929
 -1.12065662 -0.42480581  0.27655049  0.03883535 -1.78351061 -0.17981436
 -0.63796483  2.88080643 -1.09199557 -1.21455369 -1.10675357  1.28190831
  1.61660155 -0.84995321  2.08344385 -1.57117007 -0.25853544 -0.90250103
 -2.95379928  3.0878679  -1.76276021  3.03183136 -1.35868469 -2.44396017
  3.65239077 -1.17223127 -0.70905858 -2.98436131 -2.54500683  2.97951545
 -1.97165209 -1.67355322 -0.41396609  2.99016998  0.13869686  0.0201107
 -1.6330079  -0.14692497 -1.59836197 -3.09684815  2.9617207   1.18625735
 -0.3267002  -2.32702766  1.00336867 -1.19091287 -0.2457482  -2.13461956
 -1.92138916  1.75156415 -0.96576344  2.57622508 -0.45348119 -3.10300033
 -2.82657431  1.95698655 -3.08339948 -0.24752594 -1.03118229 -0.17646288
  2.36633197  1.74344468 -0.22491324 -1.88996483 -3.00731521  0.13397081
 -0.80829794  1.48924376 -2.5174975   0.9580872  -0.11191714  0.19377906
  2.02955439  0.72094859  0.78679153 -1.24651713  1.62050744  2.52347908
  1.26705546  0.27194747 -1.00851188  2.60852654  0.81547513 -2.20489754
  0.02170266  1.70795729  1.05176809 -0.65451602 -2.33208375  2.41530963
  2.03688381  1.66328111  2.28018587  1.82767432 -2.06060763 -2.83204132
  0.56239865  1.36310648 -2.42054998 -1.31097288  2.41044304  1.28672823
 -0.00423754 -1.71351176 -1.53125241  1.9785274   1.49308277 -0.78696044
 -0.12782847 -0.4059989  -0.1738533   2.4302299  -0.53372974 -0.65537922
  1.03079037 -2.2854235   0.98929897  2.58077127 -0.48829216  2.16363454
 -1.96314312 -0.89540283 -2.40738141 -2.29240002 -1.41114085 -2.90517298
  1.560087    1.7987588   1.62289439  1.04489527  1.4187104  -2.32556097
 -2.68788486  1.71411855  1.00440272 -0.39720713 -2.63983915  1.56341754
 -1.25960549 -2.49050282  0.05347216]
Thu Jun 13 21:46:05 2024,375,0.11202262729874146,[-2.84312961e+00  2.16422145e+00 -1.66687032e+00  1.40307264e-01
  4.83283232e-01 -3.19566035e+00  3.24513508e+00  2.07332581e+00
  1.06435744e+00 -9.92814605e-01  5.67737070e-01  1.31568328e+00
  1.31248253e+00 -1.87382996e+00  7.97448446e-01  2.91214425e+00
 -4.09333221e-01 -4.51511772e-01 -1.91616685e+00  7.62394789e-01
  1.61983314e+00  2.88354971e+00 -1.43050371e+00 -4.05142710e-01
 -2.20192441e+00 -2.09775041e+00  3.09694818e+00  2.76964499e+00
 -7.51625647e-01 -2.65074231e+00  1.54382250e+00 -1.83528135e-01
 -2.40811124e+00  1.87647692e+00  1.10868763e+00 -6.00966353e-01
  1.11175583e+00 -2.02569882e+00 -2.25930762e-01  2.26695309e+00
 -2.03815033e-01  5.59917614e-01  2.39728767e+00  5.84376990e-01
  2.64287138e+00  2.86682342e+00  2.78168209e+00 -2.93430940e+00
  3.19710107e-01 -3.94956240e-01  1.70431946e+00  2.97396893e+00
 -3.87583493e-01 -2.40625131e+00  2.70055773e+00 -3.15412124e+00
  5.73823897e-01 -7.17610771e-01 -1.71881579e+00  3.12441773e+00
 -1.93128173e+00 -1.63857964e+00 -2.55847823e+00  2.38505963e+00
 -2.15999843e+00  1.94587713e+00  1.73707671e+00  1.46445884e+00
  2.47800347e+00  2.91852078e+00  1.94131086e+00  1.49056567e+00
 -1.77867330e+00 -2.37066510e+00  1.17888563e+00  5.55483319e-01
  1.59989089e+00 -2.83064345e+00 -1.21281952e-01  2.51939815e+00
 -1.15788375e+00  1.19974901e+00  1.23627377e+00  6.34458875e-01
 -9.64074340e-01  1.12836737e+00  8.25867798e-01 -3.65800172e-01
  2.80847302e+00 -2.14208149e+00  1.57169401e+00 -6.36401799e-01
  9.94405316e-01 -3.25386028e+00 -2.23411273e+00  3.58748993e-01
 -1.11865632e+00 -4.26806105e-01  2.74550187e-01  3.68350544e-02
 -1.78551091e+00 -1.81814658e-01 -6.39965128e-01  2.87880613e+00
 -1.08999527e+00 -1.21255339e+00 -1.10875387e+00  1.27990801e+00
  1.61860185e+00 -8.47952909e-01  2.08544415e+00 -1.56916977e+00
 -2.56535139e-01 -9.00500729e-01 -2.95579958e+00  3.08986820e+00
 -1.76476051e+00  3.02983106e+00 -1.36068499e+00 -2.44195987e+00
  3.65439107e+00 -1.17423157e+00 -7.07058285e-01 -2.98236101e+00
 -2.54700713e+00  2.98151575e+00 -1.96965179e+00 -1.67155292e+00
 -4.15966388e-01  2.99217028e+00  1.36696558e-01  2.21110022e-02
 -1.63500820e+00 -1.48925265e-01 -1.60036227e+00 -3.09884845e+00
  2.95972040e+00  1.18825765e+00 -3.28700494e-01 -2.32902795e+00
  1.00536897e+00 -1.19291317e+00 -2.43747896e-01 -2.13261926e+00
 -1.92338945e+00  1.75356445e+00 -9.67763735e-01  2.57822538e+00
 -4.51480891e-01 -3.10100003e+00 -2.82457401e+00  1.95898685e+00
 -3.08139918e+00 -2.49526242e-01 -1.02918199e+00 -1.78463176e-01
  2.36433167e+00  1.74144438e+00 -2.22912944e-01 -1.89196513e+00
 -3.00931551e+00  1.31970507e-01 -8.06297642e-01  1.48724346e+00
 -2.51549720e+00  9.60087494e-01 -1.13917436e-01  1.91778765e-01
  2.02755409e+00  7.22948887e-01  7.84791235e-01 -1.24451683e+00
  1.62250774e+00  2.52547938e+00  1.26905576e+00  2.73947767e-01
 -1.00651158e+00  2.60652624e+00  8.17475426e-01 -2.20289725e+00
  1.97023612e-02  1.70995759e+00  1.04976779e+00 -6.52515719e-01
 -2.33408405e+00  2.41730993e+00  2.03488351e+00  1.66528141e+00
  2.27818557e+00  1.82567403e+00 -2.05860733e+00 -2.83404162e+00
  5.60398347e-01  1.36510678e+00 -2.42255028e+00 -1.31297317e+00
  2.40844274e+00  1.28872853e+00 -2.23724313e-03 -1.71151146e+00
 -1.53325271e+00  1.97652710e+00  1.49508307e+00 -7.88960734e-01
 -1.29828766e-01 -4.07999195e-01 -1.75853603e-01  2.42822960e+00
 -5.35730038e-01 -6.57379522e-01  1.02879007e+00 -2.28742379e+00
  9.87298667e-01  2.58277157e+00 -4.90292458e-01  2.16163424e+00
 -1.96514342e+00 -8.97403130e-01 -2.40538111e+00 -2.29440032e+00
 -1.41314115e+00 -2.90717328e+00  1.55808670e+00  1.80075910e+00
  1.62089409e+00  1.04289497e+00  1.42071069e+00 -2.32756127e+00
 -2.68588456e+00  1.71211825e+00  1.00640301e+00 -3.99207433e-01
 -2.63783885e+00  1.56141724e+00 -1.26160579e+00 -2.48850253e+00
  5.54724619e-02]
Thu Jun 13 21:46:25 2024,376,0.11203158133620683,[-2.84357451e+00  2.16466635e+00 -1.66731522e+00  1.40752166e-01
  4.83728134e-01 -3.19610525e+00  3.24469017e+00  2.07288091e+00
  1.06391253e+00 -9.93259507e-01  5.67292167e-01  1.31612819e+00
  1.31292743e+00 -1.87427486e+00  7.97893348e-01  2.91169934e+00
 -4.08888319e-01 -4.51066869e-01 -1.91572195e+00  7.62839691e-01
  1.62027804e+00  2.88310481e+00 -1.43094861e+00 -4.04697808e-01
 -2.20236931e+00 -2.09819531e+00  3.09739308e+00  2.76920009e+00
 -7.52070549e-01 -2.65118721e+00  1.54426740e+00 -1.83973037e-01
 -2.40766634e+00  1.87692182e+00  1.10913253e+00 -6.01411255e-01
  1.11131092e+00 -2.02614372e+00 -2.25485860e-01  2.26650819e+00
 -2.03370131e-01  5.59472712e-01  2.39684277e+00  5.83932088e-01
  2.64331628e+00  2.86726832e+00  2.78123719e+00 -2.93475430e+00
  3.20155009e-01 -3.95401142e-01  1.70387456e+00  2.97352403e+00
 -3.87138591e-01 -2.40580641e+00  2.70100263e+00 -3.15367633e+00
  5.73378995e-01 -7.17165869e-01 -1.71926069e+00  3.12486264e+00
 -1.93083683e+00 -1.63813474e+00 -2.55803333e+00  2.38461473e+00
 -2.16044333e+00  1.94632203e+00  1.73752161e+00  1.46401394e+00
  2.47844837e+00  2.91896568e+00  1.94175576e+00  1.49101057e+00
 -1.77911820e+00 -2.37022020e+00  1.17933053e+00  5.55928221e-01
  1.59944599e+00 -2.83108835e+00 -1.20837050e-01  2.51895325e+00
 -1.15832865e+00  1.19930411e+00  1.23582887e+00  6.34013973e-01
 -9.63629438e-01  1.12792247e+00  8.25422896e-01 -3.65355270e-01
  2.80802812e+00 -2.14163659e+00  1.57213891e+00 -6.35956897e-01
  9.93960414e-01 -3.25341538e+00 -2.23455763e+00  3.58304091e-01
 -1.11821141e+00 -4.27251007e-01  2.74995090e-01  3.63901521e-02
 -1.78506601e+00 -1.82259560e-01 -6.40410030e-01  2.87836122e+00
 -1.08955037e+00 -1.21299829e+00 -1.10830896e+00  1.28035291e+00
  1.61815695e+00 -8.47508006e-01  2.08588905e+00 -1.56872487e+00
 -2.56090237e-01 -9.00945631e-01 -2.95624448e+00  3.09031311e+00
 -1.76520541e+00  3.03027596e+00 -1.36112989e+00 -2.44240478e+00
  3.65483597e+00 -1.17378667e+00 -7.06613382e-01 -2.98191611e+00
 -2.54656223e+00  2.98107085e+00 -1.96920689e+00 -1.67110802e+00
 -4.16411290e-01  2.99261518e+00  1.36251655e-01  2.16661000e-02
 -1.63545310e+00 -1.48480363e-01 -1.59991737e+00 -3.09929335e+00
  2.96016530e+00  1.18870255e+00 -3.29145397e-01 -2.32947286e+00
  1.00581387e+00 -1.19246826e+00 -2.43302994e-01 -2.13217436e+00
 -1.92383436e+00  1.75400935e+00 -9.67318833e-01  2.57867028e+00
 -4.51925793e-01 -3.10144494e+00 -2.82412911e+00  1.95854195e+00
 -3.08095428e+00 -2.49971144e-01 -1.02962689e+00 -1.78018274e-01
  2.36388677e+00  1.74099948e+00 -2.23357846e-01 -1.89241004e+00
 -3.00887061e+00  1.32415409e-01 -8.05852740e-01  1.48679856e+00
 -2.51594210e+00  9.59642592e-01 -1.14362339e-01  1.92223668e-01
  2.02710919e+00  7.23393790e-01  7.84346333e-01 -1.24496173e+00
  1.62295264e+00  2.52592428e+00  1.26950066e+00  2.74392670e-01
 -1.00606668e+00  2.60697115e+00  8.17920328e-01 -2.20334215e+00
  1.92574589e-02  1.71040249e+00  1.05021269e+00 -6.52960621e-01
 -2.33452895e+00  2.41775483e+00  2.03443861e+00  1.66483650e+00
  2.27863047e+00  1.82522912e+00 -2.05905223e+00 -2.83448652e+00
  5.59953445e-01  1.36466187e+00 -2.42210538e+00 -1.31252827e+00
  2.40888765e+00  1.28917343e+00 -2.68214539e-03 -1.71195636e+00
 -1.53280781e+00  1.97608220e+00  1.49552797e+00 -7.88515832e-01
 -1.29383864e-01 -4.07554292e-01 -1.76298505e-01  2.42778470e+00
 -5.35285136e-01 -6.56934620e-01  1.02834517e+00 -2.28786870e+00
  9.87743569e-01  2.58232667e+00 -4.90737360e-01  2.16118934e+00
 -1.96469851e+00 -8.96958227e-01 -2.40582601e+00 -2.29484522e+00
 -1.41269625e+00 -2.90761818e+00  1.55764180e+00  1.80120400e+00
  1.62133900e+00  1.04333988e+00  1.42026579e+00 -2.32800617e+00
 -2.68632946e+00  1.71167334e+00  1.00684792e+00 -3.98762531e-01
 -2.63739394e+00  1.56097233e+00 -1.26116089e+00 -2.48805762e+00
  5.50275597e-02]
Thu Jun 13 21:46:51 2024,377,0.11202583551051323,[-2.84434048e+00  2.16390039e+00 -1.66808118e+00  1.39986201e-01
  4.84494099e-01 -3.19687121e+00  3.24545614e+00  2.07211494e+00
  1.06467850e+00 -9.92493542e-01  5.66526202e-01  1.31536222e+00
  1.31369339e+00 -1.87350889e+00  7.98659313e-01  2.91246531e+00
 -4.08122354e-01 -4.51832834e-01 -1.91648791e+00  7.63605656e-01
  1.61951208e+00  2.88387077e+00 -1.43171458e+00 -4.05463773e-01
 -2.20313528e+00 -2.09896128e+00  3.09815905e+00  2.76843413e+00
 -7.51304584e-01 -2.65195317e+00  1.54503337e+00 -1.83207072e-01
 -2.40690038e+00  1.87768779e+00  1.10989850e+00 -6.00645291e-01
  1.11054496e+00 -2.02537776e+00 -2.26251824e-01  2.26727415e+00
 -2.02604166e-01  5.58706747e-01  2.39607681e+00  5.83166123e-01
  2.64408224e+00  2.86650235e+00  2.78047122e+00 -2.93398834e+00
  3.19389044e-01 -3.94635178e-01  1.70310860e+00  2.97428999e+00
 -3.87904556e-01 -2.40657237e+00  2.70176859e+00 -3.15444230e+00
  5.72613030e-01 -7.17931834e-01 -1.72002666e+00  3.12409667e+00
 -1.93160279e+00 -1.63890070e+00 -2.55879929e+00  2.38384877e+00
 -2.16120929e+00  1.94555606e+00  1.73828757e+00  1.46324798e+00
  2.47768241e+00  2.91973165e+00  1.94098980e+00  1.49177653e+00
 -1.77988417e+00 -2.37098616e+00  1.18009650e+00  5.56694186e-01
  1.59868003e+00 -2.83032239e+00 -1.20071085e-01  2.51818728e+00
 -1.15756269e+00  1.20007007e+00  1.23659483e+00  6.33248008e-01
 -9.64395403e-01  1.12868844e+00  8.26188861e-01 -3.64589305e-01
  2.80726215e+00 -2.14240256e+00  1.57290488e+00 -6.36722862e-01
  9.93194449e-01 -3.25264941e+00 -2.23379166e+00  3.59070055e-01
 -1.11744545e+00 -4.28016972e-01  2.75761054e-01  3.71561170e-02
 -1.78583197e+00 -1.81493595e-01 -6.41175995e-01  2.87759526e+00
 -1.09031633e+00 -1.21376426e+00 -1.10907493e+00  1.27958695e+00
  1.61892291e+00 -8.46742041e-01  2.08665502e+00 -1.56949084e+00
 -2.56856202e-01 -9.00179667e-01 -2.95547851e+00  3.08954714e+00
 -1.76597138e+00  3.02951000e+00 -1.36189586e+00 -2.44163881e+00
  3.65407001e+00 -1.17302070e+00 -7.05847417e-01 -2.98115014e+00
 -2.54579626e+00  2.98030488e+00 -1.96844093e+00 -1.67187398e+00
 -4.17177255e-01  2.99338115e+00  1.37017620e-01  2.24320648e-02
 -1.63621907e+00 -1.47714398e-01 -1.60068334e+00 -3.10005932e+00
  2.95939934e+00  1.18946851e+00 -3.29911362e-01 -2.33023882e+00
  1.00504791e+00 -1.19170230e+00 -2.42537029e-01 -2.13140839e+00
 -1.92306839e+00  1.75324339e+00 -9.68084797e-01  2.57943625e+00
 -4.51159828e-01 -3.10067897e+00 -2.82489507e+00  1.95930792e+00
 -3.08172024e+00 -2.49205179e-01 -1.03039286e+00 -1.78784239e-01
  2.36465274e+00  1.74176545e+00 -2.24123811e-01 -1.89164407e+00
 -3.00963657e+00  1.33181374e-01 -8.06618705e-01  1.48603259e+00
 -2.51670806e+00  9.60408557e-01 -1.13596374e-01  1.91457703e-01
  2.02787515e+00  7.24159755e-01  7.83580368e-01 -1.24572770e+00
  1.62218668e+00  2.52515832e+00  1.27026663e+00  2.73626705e-01
 -1.00530071e+00  2.60773711e+00  8.17154363e-01 -2.20257618e+00
  2.00234238e-02  1.71116846e+00  1.04944672e+00 -6.52194657e-01
 -2.33529491e+00  2.41852080e+00  2.03367264e+00  1.66407054e+00
  2.27939644e+00  1.82599509e+00 -2.05981820e+00 -2.83525249e+00
  5.60719410e-01  1.36542784e+00 -2.42287134e+00 -1.31329424e+00
  2.40965361e+00  1.28993939e+00 -3.44811025e-03 -1.71272233e+00
 -1.53204185e+00  1.97684816e+00  1.49629394e+00 -7.87749867e-01
 -1.30149828e-01 -4.08320257e-01 -1.75532540e-01  2.42701874e+00
 -5.36051101e-01 -6.57700585e-01  1.02911114e+00 -2.28863466e+00
  9.86977604e-01  2.58309264e+00 -4.91503325e-01  2.16042337e+00
 -1.96546448e+00 -8.97724192e-01 -2.40506005e+00 -2.29407926e+00
 -1.41193028e+00 -2.90838415e+00  1.55840776e+00  1.80196996e+00
  1.62210496e+00  1.04257391e+00  1.41949983e+00 -2.32724020e+00
 -2.68556349e+00  1.71090738e+00  1.00608195e+00 -3.97996566e-01
 -2.63815991e+00  1.56173830e+00 -1.26039492e+00 -2.48882359e+00
  5.42615948e-02]
Thu Jun 13 21:47:08 2024,378,0.11184499866116489,[-2.84618379  2.16205708 -1.66623787  0.14182951  0.48265079 -3.1950279
  3.24729945  2.07027163  1.06652181 -0.99065023  0.56836951  1.31720553
  1.3155367  -1.87166558  0.796816    2.910622   -0.40996566 -0.45367615
 -1.91833122  0.76544897  1.62135539  2.88571409 -1.42987127 -0.40730708
 -2.20497859 -2.09711796  3.10000236  2.76659082 -0.7531479  -2.65010986
  1.54319006 -0.18505038 -2.40874369  1.87584447  1.11174181 -0.59880198
  1.10870165 -2.02353445 -0.22440851  2.26911746 -0.20076086  0.55686344
  2.39792012  0.58500943  2.64592556  2.86465904  2.77862791 -2.93214503
  0.32123236 -0.39279187  1.70495191  2.97244668 -0.38606124 -2.40841568
  2.70361191 -3.15628561  0.57445634 -0.71608852 -1.71818335  3.12225336
 -1.9334461  -1.64074401 -2.5606426   2.38200545 -2.1630526   1.94371275
  1.74013088  1.46509129  2.4758391   2.92157496  1.93914649  1.49361984
 -1.78172748 -2.36914285  1.17825319  0.55485087  1.60052334 -2.8321657
 -0.1219144   2.51634397 -1.159406    1.19822676  1.23843814  0.6314047
 -0.96623871  1.12684512  0.82803217 -0.36274599  2.80541884 -2.14055925
  1.57474819 -0.63487955  0.99503776 -3.2508061  -2.23194835  0.35722674
 -1.11560214 -0.42617366  0.27391774  0.03899943 -1.78398866 -0.18333691
 -0.63933268  2.87575195 -1.09215964 -1.21192095 -1.11091824  1.28143026
  1.62076622 -0.84858535  2.08849833 -1.56764752 -0.25869951 -0.90202298
 -2.95732183  3.09139045 -1.76781469  3.03135331 -1.36005255 -2.4397955
  3.65591332 -1.17117739 -0.70400411 -2.97930683 -2.54395295  2.97846157
 -1.96659761 -1.67371729 -0.41533394  2.99522446  0.13886093  0.02427538
 -1.63437576 -0.14587109 -1.59884002 -3.10190263  2.96124265  1.19131182
 -0.33175467 -2.32839551  1.00689122 -1.18985899 -0.24438034 -2.12956508
 -1.92122508  1.7550867  -0.96624149  2.58127956 -0.45300314 -3.09883566
 -2.82673838  1.9574646  -3.08356355 -0.24736187 -1.02854954 -0.17694093
  2.36649605  1.73992213 -0.22596712 -1.88980076 -3.01147988  0.13133806
 -0.80846202  1.4878759  -2.51486475  0.96225187 -0.11543968  0.19330101
  2.02603184  0.72231644  0.78173706 -1.24757101  1.62034337  2.52700163
  1.26842331  0.27178339 -1.0034574   2.60958042  0.81531105 -2.20073287
  0.01818011  1.71301177  1.05129004 -0.65035135 -2.33713823  2.42036411
  2.03551595  1.66222723  2.28123975  1.8278384  -2.05797489 -2.8370958
  0.5588761   1.36727115 -2.42102803 -1.31145093  2.4078103   1.28809608
 -0.00529142 -1.71456564 -1.53388516  1.97869148  1.49445062 -0.78959318
 -0.12830652 -0.40647695 -0.17737585  2.42886205 -0.53420779 -0.6595439
  1.03095445 -2.29047797  0.98882092  2.58124933 -0.48966001  2.16226668
 -1.96362117 -0.8995675  -2.40321674 -2.29592257 -1.41377359 -2.91022746
  1.56025107  1.80381328  1.62394827  1.0407306   1.42134314 -2.32539689
 -2.68372018  1.70906407  1.00423864 -0.39983988 -2.6363166   1.55989499
 -1.25855161 -2.4906669   0.05241828]
Thu Jun 13 21:47:24 2024,379,0.11181979065903722,[-2.84379101e+00  2.15966430e+00 -1.66384509e+00  1.44222291e-01
  4.80258009e-01 -3.19742068e+00  3.24969223e+00  2.07266441e+00
  1.06412903e+00 -9.93043009e-01  5.70762292e-01  1.31481276e+00
  1.31792948e+00 -1.86927280e+00  7.94423224e-01  2.90822922e+00
 -4.12358443e-01 -4.56068923e-01 -1.91593844e+00  7.67841745e-01
  1.62374817e+00  2.88332131e+00 -1.42747849e+00 -4.09699862e-01
 -2.20258581e+00 -2.09472519e+00  3.10239514e+00  2.76898359e+00
 -7.55540674e-01 -2.64771708e+00  1.54079728e+00 -1.87443162e-01
 -2.41113647e+00  1.87345170e+00  1.11413459e+00 -6.01194758e-01
  1.11109443e+00 -2.02114167e+00 -2.22015735e-01  2.27151024e+00
 -2.03153633e-01  5.54470658e-01  2.40031289e+00  5.87402212e-01
  2.64353278e+00  2.86705182e+00  2.77623513e+00 -2.92975225e+00
  3.18839578e-01 -3.90399088e-01  1.70734469e+00  2.97005390e+00
 -3.88454022e-01 -2.41080846e+00  2.70600468e+00 -3.15867839e+00
  5.76849119e-01 -7.13695744e-01 -1.72057613e+00  3.12464614e+00
 -1.93583888e+00 -1.63835124e+00 -2.56303538e+00  2.37961268e+00
 -2.16065983e+00  1.94610553e+00  1.74252366e+00  1.46748406e+00
  2.47344632e+00  2.91918218e+00  1.94153927e+00  1.49601262e+00
 -1.78412026e+00 -2.37153563e+00  1.17586041e+00  5.52458097e-01
  1.60291612e+00 -2.82977292e+00 -1.19521618e-01  2.51395119e+00
 -1.16179878e+00  1.20061954e+00  1.23604536e+00  6.29011919e-01
 -9.63845936e-01  1.12923790e+00  8.30424950e-01 -3.65138772e-01
  2.80781162e+00 -2.13816647e+00  1.57714097e+00 -6.37272329e-01
  9.92644982e-01 -3.25319888e+00 -2.23434113e+00  3.54833966e-01
 -1.11799492e+00 -4.28566439e-01  2.71524965e-01  3.66066500e-02
 -1.78638144e+00 -1.80944128e-01 -6.41725462e-01  2.87335917e+00
 -1.09455242e+00 -1.20952817e+00 -1.10852546e+00  1.27903748e+00
  1.61837344e+00 -8.46192574e-01  2.09089111e+00 -1.56525475e+00
 -2.56306735e-01 -8.99630200e-01 -2.95492905e+00  3.08899767e+00
 -1.77020747e+00  3.02896053e+00 -1.36244532e+00 -2.44218828e+00
  3.65352054e+00 -1.16878461e+00 -7.06396884e-01 -2.97691406e+00
 -2.54156018e+00  2.97606879e+00 -1.96899039e+00 -1.67611007e+00
 -4.12941166e-01  2.99283168e+00  1.41253709e-01  2.66681541e-02
 -1.63676853e+00 -1.43478309e-01 -1.60123280e+00 -3.10429541e+00
  2.95884987e+00  1.18891905e+00 -3.29361895e-01 -2.32600273e+00
  1.00449844e+00 -1.19225177e+00 -2.41987562e-01 -2.13195786e+00
 -1.92361786e+00  1.75747948e+00 -9.68634264e-01  2.58367234e+00
 -4.55395918e-01 -3.10122844e+00 -2.82913116e+00  1.95507183e+00
 -3.08595633e+00 -2.44969090e-01 -1.02615677e+00 -1.79333706e-01
  2.36410327e+00  1.73752936e+00 -2.28359900e-01 -1.89219354e+00
 -3.00908711e+00  1.28945285e-01 -8.06069238e-01  1.49026868e+00
 -2.51725753e+00  9.64644646e-01 -1.17832463e-01  1.95693792e-01
  2.02842462e+00  7.19923665e-01  7.84129835e-01 -1.24517823e+00
  1.62273615e+00  2.52939441e+00  1.27081609e+00  2.74176172e-01
 -1.00106462e+00  2.61197320e+00  8.12918274e-01 -2.20312565e+00
  1.57873345e-02  1.71061899e+00  1.04889726e+00 -6.52744124e-01
 -2.33474545e+00  2.42275688e+00  2.03790873e+00  1.66462001e+00
  2.28363253e+00  1.82544562e+00 -2.06036767e+00 -2.83470302e+00
  5.61268877e-01  1.36966393e+00 -2.42342081e+00 -1.30905815e+00
  2.40541752e+00  1.28570330e+00 -2.89864328e-03 -1.71695842e+00
 -1.53627793e+00  1.98108425e+00  1.49205785e+00 -7.87200400e-01
 -1.25913739e-01 -4.08869724e-01 -1.79768629e-01  2.42646927e+00
 -5.31815011e-01 -6.57151118e-01  1.03334723e+00 -2.28808519e+00
  9.86428137e-01  2.58364210e+00 -4.87267236e-01  2.15987390e+00
 -1.96122839e+00 -9.01960281e-01 -2.40082396e+00 -2.29352979e+00
 -1.41616637e+00 -2.91262024e+00  1.55785829e+00  1.80620605e+00
  1.62634105e+00  1.03833782e+00  1.41895036e+00 -2.32778967e+00
 -2.68611296e+00  1.71145685e+00  1.00663142e+00 -4.02232655e-01
 -2.63870938e+00  1.55750221e+00 -1.26094439e+00 -2.48827412e+00
  5.00255055e-02]
Thu Jun 13 21:47:40 2024,380,0.11155239264306764,[-2.84676363  2.15669168 -1.66087248  0.14124967  0.48323063 -3.2003933
  3.25266485  2.07563703  1.06115641 -0.99007039  0.56778967  1.31184014
  1.31495687 -1.87224542  0.79145061  2.91120184 -0.40938583 -0.45309631
 -1.91891106  0.77081436  1.62077555  2.88629392 -1.42450587 -0.40672725
 -2.19961319 -2.09175257  3.10536775  2.77195621 -0.75256806 -2.6506897
  1.5437699  -0.18447054 -2.41410908  1.87642431  1.1171072  -0.60416737
  1.10812181 -2.02411429 -0.21904312  2.27448286 -0.20018102  0.55744327
  2.39734028  0.59037483  2.64650539  2.8640792   2.77920775 -2.92677963
  0.32181219 -0.39337171  1.7103173   2.97302652 -0.38548141 -2.40783584
  2.7089773  -3.16165101  0.5738765  -0.71666836 -1.72354874  3.12761875
 -1.9388115  -1.64132385 -2.566008    2.37664006 -2.16363244  1.94313291
  1.74549628  1.47045668  2.47641894  2.9221548   1.93856665  1.49898524
 -1.78114764 -2.36856301  1.17883303  0.55543071  1.5999435  -2.82680031
 -0.116549    2.51692381 -1.16477139  1.20359216  1.23307275  0.63198454
 -0.96087332  1.12626529  0.83339757 -0.36216615  2.81078424 -2.14113908
  1.57416835 -0.64024495  0.98967236 -3.2561715  -2.23136851  0.35186135
 -1.12096753 -0.42559382  0.27449758  0.03363403 -1.78935406 -0.18391675
 -0.63875284  2.87038655 -1.09752504 -1.20655555 -1.10555285  1.2820101
  1.62134606 -0.84916519  2.09386372 -1.56228213 -0.25333412 -0.89665758
 -2.95790166  3.08602506 -1.76723485  3.02598792 -1.35947271 -2.4451609
  3.65649316 -1.17175723 -0.7093695  -2.97988667 -2.53858756  2.97904141
 -1.96601778 -1.67313745 -0.41591378  2.98985906  0.13828109  0.02369554
 -1.63379592 -0.14645093 -1.60420542 -3.10726802  2.96182249  1.19189166
 -0.33233451 -2.32897535  1.00747106 -1.19522438 -0.24496018 -2.13493048
 -1.92064524  1.75450686 -0.97160688  2.58069972 -0.45836853 -3.09825582
 -2.83210378  1.95804444 -3.08892895 -0.24199647 -1.02318415 -0.17636109
  2.36113065  1.73455674 -0.22538728 -1.88922092 -3.01205972  0.1319179
 -0.80309662  1.4932413  -2.52023015  0.96761726 -0.12080508  0.19866641
  2.025452    0.72289628  0.78115722 -1.24220561  1.62570876  2.52642179
  1.26784348  0.27120355 -1.00403724  2.60900058  0.80994566 -2.20609827
  0.01875995  1.71359161  1.05186987 -0.64977151 -2.33771806  2.4257295
  2.04088135  1.66759262  2.28660515  1.82841824 -2.06334028 -2.83767564
  0.55829626  1.37263654 -2.42044819 -1.31203077  2.40839014  1.28867592
 -0.00587126 -1.7139858  -1.53925055  1.98405687  1.49503046 -0.78422778
 -0.12294112 -0.41184234 -0.18274125  2.42349665 -0.52884239 -0.6541785
  1.03037461 -2.29105781  0.98940075  2.58066949 -0.49023985  2.15690129
 -1.95825577 -0.89898766 -2.40379658 -2.29650241 -1.41319375 -2.90964762
  1.55488568  1.80917867  1.62931367  1.03536521  1.41597774 -2.32481705
 -2.68314034  1.71442946  1.0036588  -0.39926004 -2.63573676  1.56047483
 -1.25797177 -2.49124674  0.05299812]
Thu Jun 13 21:48:15 2024,381,0.11145549443175391,[-2.84786054  2.15559476 -1.66196939  0.14015276  0.48432754 -3.20149021
  3.25376176  2.07673394  1.06225333 -0.99116731  0.56888659  1.31293705
  1.31605378 -1.87114851  0.79254752  2.91229875 -0.40828891 -0.45199939
 -1.91781415  0.77191128  1.62187246  2.88519701 -1.42560279 -0.40782416
 -2.19851628 -2.09065565  3.10427084  2.77305313 -0.75147114 -2.64959279
  1.54267298 -0.18556746 -2.415206    1.87752123  1.11820412 -0.60526429
  1.10921872 -2.0252112  -0.22014003  2.27557977 -0.20127793  0.55634636
  2.39624336  0.58927791  2.64760231  2.86298229  2.78030466 -2.92568272
  0.32071528 -0.39446862  1.71141422  2.9719296  -0.38438449 -2.40673893
  2.71007422 -3.16274792  0.57277959 -0.71557145 -1.72464566  3.12871567
 -1.93990841 -1.64242077 -2.56710491  2.37554314 -2.16253553  1.942036
  1.74439936  1.46935977  2.47751585  2.92105788  1.93746973  1.50008215
 -1.78224456 -2.36965993  1.17992994  0.55652763  1.60104041 -2.82789722
 -0.11764592  2.51802073 -1.16367448  1.20249524  1.23416966  0.63088762
 -0.96197023  1.12516837  0.83230065 -0.36106924  2.80968732 -2.142236
  1.57307144 -0.64134186  0.99076928 -3.25507458 -2.23246543  0.35295826
 -1.12206445 -0.42669074  0.2755945   0.03473095 -1.79045097 -0.18281983
 -0.63984976  2.86928964 -1.09862196 -1.20545864 -1.10664976  1.28310701
  1.62024915 -0.85026211  2.09276681 -1.56118521 -0.2522372  -0.89556067
 -2.95899858  3.08712197 -1.76833177  3.024891   -1.35837579 -2.44625781
  3.65539624 -1.17285415 -0.70827259 -2.97878976 -2.53749064  2.98013833
 -1.96492086 -1.67204054 -0.41481687  2.98876215  0.13718418  0.02259862
 -1.63489283 -0.14754784 -1.60530234 -3.10836494  2.9629194   1.19079475
 -0.33343143 -2.32787843  1.00637414 -1.19412747 -0.24386326 -2.13383356
 -1.91954833  1.75560378 -0.9727038   2.58179664 -0.45727162 -3.09935274
 -2.83320069  1.95914136 -3.09002586 -0.24309339 -1.02428106 -0.177458
  2.36003374  1.73565365 -0.2264842  -1.88812401 -3.01096281  0.13082099
 -0.80199971  1.49214438 -2.52132706  0.96871418 -0.11970816  0.19976332
  2.02654892  0.72179937  0.78225413 -1.24330253  1.62680568  2.52751871
  1.26674656  0.27230047 -1.00513416  2.6100975   0.80884874 -2.20719518
  0.01985687  1.71468852  1.05296679 -0.65086842 -2.33662115  2.42682642
  2.03978443  1.66868954  2.28550823  1.82732132 -2.0644372  -2.83877255
  0.55719934  1.37153963 -2.41935128 -1.31312768  2.40948705  1.28977284
 -0.00696818 -1.71508271 -1.53815364  1.98515379  1.49393355 -0.7853247
 -0.12184421 -0.41074543 -0.18383816  2.42239974 -0.52993931 -0.65527542
  1.02927769 -2.29215473  0.99049767  2.57957257 -0.49133677  2.1579982
 -1.95935269 -0.89789075 -2.40269966 -2.29540549 -1.41209684 -2.9085507
  1.55378876  1.81027559  1.62821675  1.03646212  1.41707466 -2.32591397
 -2.68204343  1.71333255  1.00475572 -0.40035695 -2.63683367  1.56157174
 -1.25906869 -2.49014982  0.05409504]
Thu Jun 13 21:48:29 2024,382,0.1114522191152445,[-2.84821247  2.15594669 -1.66161747  0.14050468  0.48397562 -3.20184214
  3.25411369  2.07708587  1.06260525 -0.99081538  0.56853466  1.31258513
  1.31640571 -1.87150043  0.79289945  2.91265068 -0.40793699 -0.45235132
 -1.91816607  0.7722632   1.62152054  2.88484508 -1.42525086 -0.40817609
 -2.19816435 -2.09030373  3.10391891  2.77340505 -0.75182307 -2.64994471
  1.54232106 -0.18521553 -2.41485407  1.8771693   1.11785219 -0.60561622
  1.10957065 -2.02485928 -0.21978811  2.27522785 -0.20162986  0.55669828
  2.39589144  0.58892599  2.64725038  2.86263036  2.77995274 -2.92603464
  0.3210672  -0.39482055  1.71176614  2.97228153 -0.38473642 -2.40709085
  2.71042614 -3.162396    0.57313151 -0.71521952 -1.72499758  3.12836374
 -1.93955649 -1.64206884 -2.56745684  2.37589507 -2.16288745  1.94238792
  1.74475129  1.46900784  2.47716393  2.92070596  1.93782166  1.50043408
 -1.78189263 -2.369308    1.17957802  0.5561757   1.60139234 -2.82824915
 -0.11799784  2.51837265 -1.16332255  1.20214332  1.23381774  0.6305357
 -0.96232216  1.1255203   0.83194873 -0.36142116  2.81003925 -2.14258793
  1.57271951 -0.64169379  0.99041735 -3.25472266 -2.23281736  0.35260634
 -1.12171252 -0.42704266  0.27594642  0.03508287 -1.7908029  -0.1824679
 -0.63949783  2.86893771 -1.09827003 -1.20581056 -1.10629784  1.28345894
  1.61989722 -0.84991018  2.09311873 -1.56083329 -0.25188528 -0.89591259
 -2.95935051  3.0874739  -1.76868369  3.02524293 -1.35872772 -2.44590589
  3.65574817 -1.17320607 -0.70862451 -2.97914168 -2.53784257  2.98049025
 -1.96527279 -1.67239246 -0.41446494  2.98841022  0.13683225  0.0222467
 -1.63524476 -0.14789977 -1.60495041 -3.10801301  2.96327133  1.19044282
 -0.3330795  -2.32823036  1.00602222 -1.19447939 -0.24351134 -2.13418549
 -1.91990025  1.75525185 -0.97305572  2.58144471 -0.45762354 -3.09900081
 -2.83284877  1.95949328 -3.08967394 -0.24344531 -1.02463299 -0.17710608
  2.35968181  1.73530173 -0.22683612 -1.88847593 -3.01061088  0.13046906
 -0.80164778  1.49179246 -2.52097514  0.96836225 -0.11935624  0.20011525
  2.02619699  0.72144744  0.78260606 -1.24365445  1.6271576   2.52716678
  1.26639463  0.2726524  -1.00548608  2.61044942  0.80849682 -2.20684326
  0.01950494  1.71504045  1.05331872 -0.6505165  -2.33697307  2.42717834
  2.03943251  1.66833761  2.28515631  1.82767325 -2.06408527 -2.83912448
  0.55755127  1.37189155 -2.41899935 -1.31277576  2.40913513  1.28942091
 -0.0073201  -1.71473079 -1.53780171  1.98480186  1.49428547 -0.78497277
 -0.12149228 -0.41109735 -0.18348624  2.42275166 -0.53029123 -0.65492349
  1.02892577 -2.2918028   0.99014574  2.57922065 -0.49168869  2.15835013
 -1.95970461 -0.89824267 -2.40234774 -2.29575742 -1.41244876 -2.90819878
  1.55414069  1.81062751  1.62786483  1.03681405  1.41742658 -2.32556204
 -2.68239535  1.71368447  1.00510764 -0.40070888 -2.6371856   1.56192367
 -1.25871676 -2.4897979   0.05444696]
Thu Jun 13 21:48:44 2024,383,0.11124067685576933,[-2.8459358   2.15367002 -1.6593408   0.14278135  0.48625229 -3.20411881
  3.25183702  2.0748092   1.06488192 -0.99309205  0.566258    1.31030846
  1.31868237 -1.86922376  0.79517612  2.91492735 -0.41021365 -0.45462799
 -1.92044274  0.77453987  1.61924387  2.88712175 -1.42752753 -0.41045276
 -2.20044102 -2.08802706  3.10619558  2.77112838 -0.7495464  -2.64766804
  1.54459772 -0.18293887 -2.41713074  1.87489263  1.12012886 -0.60789288
  1.10729398 -2.02258261 -0.21751144  2.27750452 -0.20390653  0.55442162
  2.39816811  0.59120266  2.64952705  2.86490703  2.78222941 -2.92375797
  0.31879054 -0.39709722  1.70948947  2.9745582  -0.38701308 -2.40481418
  2.71270281 -3.16467267  0.57540818 -0.71294285 -1.72272091  3.12608708
 -1.93727982 -1.64434551 -2.56518017  2.37817174 -2.16061078  1.94466459
  1.74702796  1.47128451  2.4794406   2.92298263  1.94009833  1.50271075
 -1.7841693  -2.37158467  1.17730135  0.55389903  1.60366901 -2.82597248
 -0.11572117  2.52064932 -1.16104588  1.20441998  1.23609441  0.62825903
 -0.96459883  1.12779696  0.82967206 -0.3591445   2.81231591 -2.14486459
  1.57044284 -0.63941712  0.98814069 -3.25244599 -2.23054069  0.35032967
 -1.12398919 -0.42476599  0.27366975  0.0328062  -1.78852623 -0.18019124
 -0.63722117  2.87121438 -1.1005467  -1.20353389 -1.10402117  1.28573561
  1.62217389 -0.84763351  2.09084206 -1.56310996 -0.25416195 -0.89818926
 -2.96162717  3.08975057 -1.76640702  3.02751959 -1.35645105 -2.44818255
  3.65802484 -1.17548274 -0.71090118 -2.97686501 -2.5355659   2.98276692
 -1.96754946 -1.67466913 -0.41218827  2.99068689  0.13910892  0.02452337
 -1.63296809 -0.15017644 -1.60722708 -3.11028968  2.96099466  1.19271949
 -0.33080283 -2.32595369  1.00374555 -1.19220272 -0.24123467 -2.13190882
 -1.92217692  1.75752852 -0.97077905  2.58372138 -0.45990021 -3.09672414
 -2.83512544  1.96176995 -3.09195061 -0.24572198 -1.02235632 -0.17482941
  2.36195848  1.73302506 -0.22911279 -1.88619926 -3.00833421  0.13274573
 -0.80392445  1.48951579 -2.52325181  0.97063892 -0.11707957  0.19783858
  2.02847366  0.71917077  0.78032939 -1.24593112  1.62943427  2.52944345
  1.2686713   0.27037573 -1.00776275  2.60817275  0.81077349 -2.20911993
  0.02178161  1.71276378  1.05104205 -0.65279317 -2.33469641  2.42945501
  2.03715584  1.67061428  2.28287964  1.82994992 -2.06636194 -2.83684781
  0.5552746   1.37416822 -2.41672268 -1.31505242  2.4114118   1.29169758
 -0.00504343 -1.71700746 -1.54007838  1.98252519  1.49656214 -0.78724944
 -0.12376895 -0.41337402 -0.18120957  2.42047499 -0.5325679  -0.65720016
  1.03120244 -2.29407947  0.98786907  2.58149731 -0.48941202  2.15607346
 -1.96198128 -0.89596601 -2.40462441 -2.29348075 -1.41472543 -2.91047545
  1.55641736  1.81290418  1.62558816  1.03909072  1.41970325 -2.32783871
 -2.68467202  1.7114078   1.00738431 -0.40298555 -2.63946227  1.559647
 -1.26099343 -2.49207457  0.05672363]
Thu Jun 13 21:49:01 2024,384,0.11123769811673692,[-2.84391110e+00  2.15164533e+00 -1.66136549e+00  1.40756660e-01
  4.88276979e-01 -3.20209412e+00  3.25386171e+00  2.07278451e+00
  1.06690662e+00 -9.91067358e-01  5.68282688e-01  1.30828377e+00
  1.31665768e+00 -1.87124845e+00  7.93151424e-01  2.91290265e+00
 -4.12238347e-01 -4.52603293e-01 -1.92246743e+00  7.76564565e-01
  1.61721918e+00  2.88914645e+00 -1.42550284e+00 -4.12477448e-01
 -2.19841633e+00 -2.08600237e+00  3.10417089e+00  2.77315308e+00
 -7.47521705e-01 -2.64564335e+00  1.54257303e+00 -1.84963558e-01
 -2.41510605e+00  1.87691733e+00  1.11810417e+00 -6.09917578e-01
  1.10931867e+00 -2.02460730e+00 -2.15486746e-01  2.27547982e+00
 -2.05931219e-01  5.52396923e-01  2.40019280e+00  5.89177965e-01
  2.65155175e+00  2.86288234e+00  2.78425410e+00 -2.92578267e+00
  3.16765843e-01 -3.95072522e-01  1.70746478e+00  2.97658289e+00
 -3.89037778e-01 -2.40278949e+00  2.71472750e+00 -3.16669736e+00
  5.73383488e-01 -7.10918159e-01 -1.72069622e+00  3.12406238e+00
 -1.93930451e+00 -1.64232082e+00 -2.56720486e+00  2.37614705e+00
 -2.15858609e+00  1.94263990e+00  1.74500327e+00  1.46925982e+00
  2.48146529e+00  2.92500732e+00  1.94212302e+00  1.50473544e+00
 -1.78619399e+00 -2.36955998e+00  1.17932604e+00  5.51874341e-01
  1.60569370e+00 -2.82799717e+00 -1.13696479e-01  2.52267401e+00
 -1.16307058e+00  1.20239529e+00  1.23406971e+00  6.26234333e-01
 -9.66623522e-01  1.12982166e+00  8.31696750e-01 -3.61169189e-01
  2.81029122e+00 -2.14283990e+00  1.56841815e+00 -6.41441810e-01
  9.86115992e-01 -3.25447068e+00 -2.23256538e+00  3.48304977e-01
 -1.12196450e+00 -4.26790686e-01  2.75694447e-01  3.48308974e-02
 -1.79055092e+00 -1.78166543e-01 -6.35196472e-01  2.87323907e+00
 -1.10257139e+00 -1.20555859e+00 -1.10604586e+00  1.28776030e+00
  1.62419858e+00 -8.49658205e-01  2.09286676e+00 -1.56513465e+00
 -2.56186639e-01 -8.96164569e-01 -2.95960248e+00  3.09177526e+00
 -1.76843172e+00  3.02549490e+00 -1.35847574e+00 -2.45020725e+00
  3.65600015e+00 -1.17345805e+00 -7.08876488e-01 -2.97888971e+00
 -2.53354121e+00  2.98479161e+00 -1.96957415e+00 -1.67264444e+00
 -4.14212966e-01  2.98866220e+00  1.41133614e-01  2.65480585e-02
 -1.63499278e+00 -1.48151743e-01 -1.60520239e+00 -3.11231438e+00
  2.95896996e+00  1.19069480e+00 -3.28778139e-01 -2.32392900e+00
  1.00577024e+00 -1.19017803e+00 -2.39209977e-01 -2.13393351e+00
 -1.92015223e+00  1.75955321e+00 -9.68754360e-01  2.58169669e+00
 -4.57875521e-01 -3.09469945e+00 -2.83715013e+00  1.96379465e+00
 -3.08992591e+00 -2.43697290e-01 -1.02438101e+00 -1.76854102e-01
  2.35993379e+00  1.73504975e+00 -2.27088100e-01 -1.88417457e+00
 -3.01035891e+00  1.34770423e-01 -8.01899756e-01  1.48749110e+00
 -2.52122711e+00  9.68614229e-01 -1.15054877e-01  1.95813888e-01
  2.03049835e+00  7.21195466e-01  7.78304696e-01 -1.24390643e+00
  1.62740958e+00  2.53146814e+00  1.26664661e+00  2.72400419e-01
 -1.00978744e+00  2.61019745e+00  8.12798178e-01 -2.20709523e+00
  1.97569177e-02  1.71478847e+00  1.04901735e+00 -6.54817859e-01
 -2.33267171e+00  2.43147970e+00  2.03513115e+00  1.66858959e+00
  2.28085494e+00  1.83197461e+00 -2.06433725e+00 -2.83482312e+00
  5.57299293e-01  1.37619292e+00 -2.41874737e+00 -1.31707712e+00
  2.41343649e+00  1.28967289e+00 -3.01873886e-03 -1.71903215e+00
 -1.54210307e+00  1.98050050e+00  1.49453745e+00 -7.85224749e-01
 -1.25793644e-01 -4.15398714e-01 -1.83234260e-01  2.41845030e+00
 -5.34592597e-01 -6.55175467e-01  1.03322713e+00 -2.29610416e+00
  9.89893768e-01  2.57947262e+00 -4.91436717e-01  2.15404877e+00
 -1.96400597e+00 -8.93941312e-01 -2.40259971e+00 -2.29550544e+00
 -1.41675013e+00 -2.90845075e+00  1.55844205e+00  1.81492887e+00
  1.62356347e+00  1.03706602e+00  1.41767856e+00 -2.32986341e+00
 -2.68669672e+00  1.70938311e+00  1.00535962e+00 -4.00960855e-01
 -2.63743758e+00  1.55762231e+00 -1.25896874e+00 -2.49004987e+00
  5.46989395e-02]
Thu Jun 13 21:49:17 2024,385,0.11120319898924746,[-2.84464493  2.15237915 -1.66063167  0.14149048  0.4890108  -3.20136029
  3.25312789  2.07205068  1.06617279 -0.99180118  0.56901651  1.30754994
  1.31739151 -1.87198228  0.79388525  2.91216883 -0.41297217 -0.45186947
 -1.92173361  0.77583074  1.617953    2.88841262 -1.42623666 -0.41174362
 -2.19915015 -2.08673619  3.10490471  2.7738869  -0.74678788 -2.64490953
  1.54183921 -0.18422973 -2.41437223  1.87765115  1.11883799 -0.60918375
  1.1100525  -2.02534112 -0.21622057  2.27621365 -0.20666504  0.5516631
  2.40092662  0.58844414  2.65228557  2.86214852  2.78352028 -2.92504884
  0.31603202 -0.39580635  1.70673096  2.97584907 -0.3897716  -2.40205567
  2.71546133 -3.16743118  0.57411731 -0.71018433 -1.7199624   3.12479621
 -1.93857069 -1.641587   -2.56647104  2.37688087 -2.15785227  1.94190608
  1.74573709  1.46999364  2.48073146  2.92427349  1.94285685  1.50546927
 -1.78546017 -2.3702938   1.17859222  0.55114052  1.60495988 -2.82726335
 -0.1144303   2.52194019 -1.16233675  1.20166147  1.23480354  0.62696816
 -0.96735735  1.12908783  0.83243057 -0.36043536  2.8095574  -2.14357373
  1.56768433 -0.64070799  0.98684982 -3.25373686 -2.2332992   0.34757115
 -1.12269832 -0.42752451  0.27642827  0.03556472 -1.79128474 -0.17890037
 -0.63446265  2.87250525 -1.10183757 -1.20482476 -1.10677968  1.28702648
  1.62493241 -0.84892438  2.09360058 -1.56586847 -0.25692046 -0.89689839
 -2.95886866  3.09104144 -1.76916554  3.02476108 -1.35774192 -2.44947342
  3.65673397 -1.17419187 -0.70961031 -2.97815588 -2.53280738  2.98405779
 -1.96884032 -1.67191062 -0.41494679  2.98939602  0.14039979  0.02581423
 -1.63425896 -0.14888557 -1.60446856 -3.11158055  2.95823614  1.18996098
 -0.32951196 -2.32319517  1.00503642 -1.19091185 -0.23847615 -2.13466733
 -1.9194184   1.75881939 -0.96948818  2.58096286 -0.4571417  -3.09543327
 -2.8364163   1.96452847 -3.08919209 -0.24296347 -1.02511484 -0.17758793
  2.36066761  1.73431593 -0.22782192 -1.88344074 -3.01109273  0.13550425
 -0.80263358  1.48675727 -2.52196094  0.96934805 -0.11432105  0.19508006
  2.02976453  0.72192929  0.77903852 -1.2431726   1.62667576  2.53220197
  1.26591279  0.2716666  -1.00905362  2.60946362  0.813532   -2.20636141
  0.01902309  1.7155223   1.04975118 -0.65408403 -2.33193789  2.43074588
  2.03439732  1.66932341  2.28012112  1.83270843 -2.06507107 -2.83408929
  0.55803312  1.37692674 -2.4194812  -1.31781094  2.41270267  1.28893906
 -0.00375256 -1.71976597 -1.54136925  1.98123432  1.49380363 -0.78595857
 -0.12505982 -0.41613254 -0.18396808  2.41771648 -0.53385877 -0.65444164
  1.03249331 -2.29683799  0.98915994  2.58020645 -0.49217054  2.15331494
 -1.9647398  -0.89467514 -2.40333354 -2.29477162 -1.41748395 -2.90771693
  1.55770823  1.81419505  1.62282964  1.03779985  1.41694474 -2.32912958
 -2.68596289  1.70864929  1.0046258  -0.40169468 -2.6381714   1.55688848
 -1.25823491 -2.48931605  0.05543276]
Thu Jun 13 21:49:35 2024,386,0.11120819884313579,[-2.8447563   2.15226778 -1.66074304  0.14160186  0.48912218 -3.20147167
  3.25323926  2.07193931  1.06606142 -0.99191255  0.56912788  1.30766131
  1.31750288 -1.87187091  0.79399662  2.9122802  -0.41308354 -0.4517581
 -1.92184498  0.77594211  1.61784163  2.88852399 -1.42634803 -0.41163225
 -2.19903878 -2.08662482  3.10501608  2.77399827 -0.74689925 -2.6450209
  1.54195058 -0.18411836 -2.41426085  1.87776252  1.11894937 -0.60907238
  1.10994112 -2.02522975 -0.2161092   2.27632502 -0.20655367  0.55177447
  2.401038    0.58833277  2.65239694  2.86225989  2.78363165 -2.92516022
  0.31614339 -0.39569497  1.70661959  2.97596044 -0.38988297 -2.40194429
  2.71534995 -3.16731981  0.57422868 -0.71029571 -1.71985102  3.12468483
 -1.93868206 -1.64169837 -2.56635967  2.3767695  -2.15774089  1.9417947
  1.74562572  1.47010501  2.48084284  2.92416212  1.94296822  1.50535789
 -1.7853488  -2.37040517  1.17848084  0.55102914  1.60484851 -2.82737472
 -0.11454168  2.52205156 -1.16244813  1.20155009  1.23469216  0.62685678
 -0.96746872  1.12897646  0.83254195 -0.36054674  2.80944603 -2.1436851
  1.5677957  -0.64059661  0.98673844 -3.25384823 -2.23341058  0.34768253
 -1.1228097  -0.42763588  0.27653964  0.03567609 -1.79117337 -0.17901174
 -0.63457402  2.87239388 -1.1017262  -1.20493614 -1.10666831  1.2869151
  1.62504378 -0.84903575  2.09348921 -1.56597985 -0.25703184 -0.89678702
 -2.95875728  3.09115281 -1.76927691  3.02464971 -1.35785329 -2.4495848
  3.65684534 -1.1740805  -0.70972168 -2.97804451 -2.53291876  2.98416916
 -1.9689517  -1.67179924 -0.41483542  2.9895074   0.14028842  0.02570286
 -1.63437033 -0.14899694 -1.60435719 -3.11169193  2.95812477  1.1898496
 -0.32962334 -2.32330655  1.00492505 -1.19080048 -0.23858753 -2.13455596
 -1.91952978  1.75893076 -0.96937681  2.58085149 -0.45725307 -3.0953219
 -2.83630493  1.9644171  -3.08908072 -0.24285209 -1.02522621 -0.17747655
  2.36055624  1.73420456 -0.2279333  -1.88332937 -3.01098136  0.13539287
 -0.80274495  1.48686865 -2.52207231  0.96923668 -0.11420968  0.19519144
  2.02965316  0.72204066  0.77914989 -1.24306123  1.62656438  2.53231334
  1.26580141  0.27177797 -1.00894225  2.609575    0.81342063 -2.20647278
  0.01913447  1.71563367  1.04986255 -0.65397266 -2.33204926  2.43085725
  2.03428595  1.66943479  2.28023249  1.83281981 -2.0649597  -2.83397792
  0.55814449  1.37681537 -2.41936982 -1.31792231  2.41259129  1.28882769
 -0.00386394 -1.7196546  -1.54148062  1.98112295  1.493915   -0.78606995
 -0.12494845 -0.41624391 -0.18407946  2.4176051  -0.53397015 -0.65455302
  1.03238193 -2.29672661  0.98904857  2.58031782 -0.49205917  2.15320357
 -1.96485117 -0.89456376 -2.40344491 -2.29488299 -1.41759532 -2.9078283
  1.5578196   1.81408368  1.62294101  1.03768847  1.41705611 -2.32901821
 -2.68607427  1.70876066  1.00473717 -0.40158331 -2.63828277  1.55677711
 -1.25812354 -2.48920468  0.05532139]
Thu Jun 13 21:49:51 2024,387,0.11120191229940024,[-2.84393715  2.15144863 -1.65992389  0.14242101  0.48994133 -3.20229082
  3.25242011  2.07275846  1.06524227 -0.9910934   0.56994704  1.30848047
  1.31832203 -1.87269006  0.79481577  2.91146105 -0.41226439 -0.45257725
 -1.92102583  0.77512296  1.61702248  2.88934315 -1.42552888 -0.4124514
 -2.19821963 -2.08744397  3.10419693  2.77317912 -0.7477184  -2.64584005
  1.54276973 -0.18493751 -2.41508     1.87694337  1.11976852 -0.60989153
  1.11076027 -2.0260489  -0.21529005  2.27550587 -0.20737282  0.55095532
  2.40021885  0.58751362  2.65157779  2.86144074  2.7844508  -2.92597937
  0.31696254 -0.39651412  1.70580044  2.97514129 -0.38906382 -2.40112514
  2.71616911 -3.16650066  0.57340953 -0.70947656 -1.71903187  3.12550398
 -1.93950121 -1.64087922 -2.56717882  2.37758865 -2.15856004  1.94261385
  1.74644487  1.46928586  2.48002369  2.92334297  1.94378737  1.50453874
 -1.78616795 -2.36958602  1.17766169  0.55020999  1.60566766 -2.82655557
 -0.11536083  2.52287071 -1.16162898  1.20236925  1.23387301  0.62767593
 -0.96664957  1.12815731  0.8317228  -0.36136589  2.80862687 -2.14286595
  1.56861485 -0.63977746  0.98591929 -3.25302908 -2.23422973  0.34850168
 -1.12362885 -0.42845503  0.27572049  0.03649524 -1.79199252 -0.17819259
 -0.63375487  2.87157473 -1.10254535 -1.20575529 -1.10748746  1.28773425
  1.62422463 -0.8482166   2.09430836 -1.5651607  -0.25785099 -0.89596787
 -2.95793813  3.09197196 -1.77009606  3.02546886 -1.35867244 -2.44876565
  3.65766449 -1.17489965 -0.70890253 -2.97722536 -2.53373791  2.98498831
 -1.96977085 -1.67261839 -0.41401627  2.98868825  0.14110757  0.02488371
 -1.63518948 -0.14817779 -1.60517634 -3.11251108  2.95730562  1.19066875
 -0.33044249 -2.3241257   1.0041059  -1.19161963 -0.23940668 -2.13537511
 -1.91871063  1.75811161 -0.96855766  2.58003234 -0.45643392 -3.09450275
 -2.83712408  1.96359795 -3.08826157 -0.24367124 -1.02440706 -0.1766574
  2.36137539  1.73502371 -0.22711415 -1.88414852 -3.01016221  0.13621202
 -0.8019258   1.4860495  -2.52125316  0.96841753 -0.11339053  0.19601059
  2.02883401  0.72122151  0.77996904 -1.24388038  1.62574523  2.53149419
  1.26662057  0.27259712 -1.0081231   2.60875585  0.81260148 -2.20565363
  0.01995362  1.71481452  1.0506817  -0.65315351 -2.33286841  2.4316764
  2.0334668   1.67025394  2.27941334  1.83200066 -2.06414055 -2.83479707
  0.55896364  1.37763452 -2.41855067 -1.31710316  2.41177214  1.28964684
 -0.00468309 -1.71883545 -1.54229977  1.9819421   1.49309585 -0.7868891
 -0.1241293  -0.41542476 -0.18489861  2.41842425 -0.5347893  -0.65537217
  1.03156278 -2.29590746  0.98822942  2.57949867 -0.49124002  2.15238442
 -1.96403202 -0.89374461 -2.40262576 -2.29406384 -1.41677617 -2.90700915
  1.55700045  1.81326453  1.62212186  1.03850762  1.41787526 -2.32819906
 -2.68525512  1.70794151  1.00555632 -0.40240246 -2.63910192  1.55595796
 -1.25894269 -2.49002383  0.05450224]
Thu Jun 13 21:50:07 2024,388,0.11116410238656745,[-2.84258788e+00  2.15279790e+00 -1.65857462e+00  1.41071739e-01
  4.88592058e-01 -3.20364008e+00  3.25376938e+00  2.07140919e+00
  1.06659154e+00 -9.92442672e-01  5.68597768e-01  1.30982973e+00
  1.31697276e+00 -1.87403932e+00  7.96165038e-01  2.91281032e+00
 -4.13613661e-01 -4.51227979e-01 -1.92237510e+00  7.76472232e-01
  1.61567321e+00  2.89069241e+00 -1.42687815e+00 -4.13800669e-01
 -2.19687036e+00 -2.08879324e+00  3.10554620e+00  2.77452839e+00
 -7.46369137e-01 -2.64718932e+00  1.54142046e+00 -1.86286779e-01
 -2.41642927e+00  1.87559411e+00  1.12111778e+00 -6.11240799e-01
  1.11210954e+00 -2.02739817e+00 -2.16639314e-01  2.27685514e+00
 -2.08722087e-01  5.49606054e-01  2.39886958e+00  5.86164351e-01
  2.65022853e+00  2.86009147e+00  2.78310153e+00 -2.92732863e+00
  3.18311809e-01 -3.95164856e-01  1.70714970e+00  2.97649056e+00
 -3.90413091e-01 -2.40247441e+00  2.71751837e+00 -3.16515139e+00
  5.72060267e-01 -7.10825825e-01 -1.71768261e+00  3.12685325e+00
 -1.93815194e+00 -1.63952995e+00 -2.56582955e+00  2.37893791e+00
 -2.15990931e+00  1.94126459e+00  1.74779413e+00  1.46793660e+00
  2.47867442e+00  2.92469224e+00  1.94243810e+00  1.50318948e+00
 -1.78481868e+00 -2.36823676e+00  1.17631243e+00  5.48860727e-01
  1.60701692e+00 -2.82520630e+00 -1.14011559e-01  2.52152144e+00
 -1.16297824e+00  1.20101998e+00  1.23522228e+00  6.26326667e-01
 -9.65300301e-01  1.12680804e+00  8.30373529e-01 -3.60016621e-01
  2.80997614e+00 -2.14421522e+00  1.56996412e+00 -6.41126731e-01
  9.87268560e-01 -3.25167981e+00 -2.23288046e+00  3.47152409e-01
 -1.12497811e+00 -4.27105766e-01  2.77069760e-01  3.51459769e-02
 -1.79064325e+00 -1.79541856e-01 -6.35104138e-01  2.87022546e+00
 -1.10389461e+00 -1.20710455e+00 -1.10883673e+00  1.28638499e+00
  1.62557390e+00 -8.46867337e-01  2.09565763e+00 -1.56650996e+00
 -2.56501719e-01 -8.94618602e-01 -2.95928740e+00  3.09062269e+00
 -1.76874679e+00  3.02411959e+00 -1.35732317e+00 -2.45011491e+00
  3.65631522e+00 -1.17624892e+00 -7.10251801e-01 -2.97857463e+00
 -2.53508717e+00  2.98363905e+00 -1.97112012e+00 -1.67126913e+00
 -4.12666999e-01  2.99003751e+00  1.42456835e-01  2.62329790e-02
 -1.63384021e+00 -1.46828522e-01 -1.60382707e+00 -3.11386034e+00
  2.95865488e+00  1.19201802e+00 -3.29093219e-01 -2.32277643e+00
  1.00275663e+00 -1.19027036e+00 -2.40755943e-01 -2.13672438e+00
 -1.92005989e+00  1.75946088e+00 -9.67208393e-01  2.57868307e+00
 -4.57783187e-01 -3.09585202e+00 -2.83847335e+00  1.96494721e+00
 -3.08691230e+00 -2.45020511e-01 -1.02575633e+00 -1.78006670e-01
  2.36002612e+00  1.73367444e+00 -2.28463413e-01 -1.88279925e+00
 -3.01151147e+00  1.37561292e-01 -8.03275070e-01  1.48470023e+00
 -2.51990389e+00  9.67068263e-01 -1.12041263e-01  1.94661320e-01
  2.03018327e+00  7.22570779e-01  7.78619776e-01 -1.24253111e+00
  1.62709450e+00  2.53284346e+00  1.26527130e+00  2.73946386e-01
 -1.00677383e+00  2.61010511e+00  8.13950746e-01 -2.20700290e+00
  2.13028845e-02  1.71346525e+00  1.04933243e+00 -6.51804244e-01
 -2.33421768e+00  2.43032714e+00  2.03481607e+00  1.66890467e+00
  2.28076261e+00  1.83065139e+00 -2.06279128e+00 -2.83614634e+00
  5.57614373e-01  1.37628525e+00 -2.41720141e+00 -1.31575390e+00
  2.41312141e+00  1.28829757e+00 -3.33381839e-03 -1.71748618e+00
 -1.54364904e+00  1.98329137e+00  1.49444512e+00 -7.85539829e-01
 -1.25478564e-01 -4.16774027e-01 -1.86247874e-01  2.41977352e+00
 -5.33440029e-01 -6.56721434e-01  1.03291205e+00 -2.29455820e+00
  9.89578688e-01  2.57814940e+00 -4.92589285e-01  2.15373369e+00
 -1.96268275e+00 -8.92395345e-01 -2.40127649e+00 -2.29271457e+00
 -1.41812544e+00 -2.90835842e+00  1.55565118e+00  1.81191526e+00
  1.62077260e+00  1.03715836e+00  1.41922453e+00 -2.32684979e+00
 -2.68660438e+00  1.70659224e+00  1.00420705e+00 -4.01053189e-01
 -2.64045119e+00  1.55460869e+00 -1.26029196e+00 -2.48867456e+00
  5.31529727e-02]
Thu Jun 13 21:50:23 2024,389,0.11116364926277962,[-2.84290213e+00  2.15311215e+00 -1.65826037e+00  1.40757488e-01
  4.88906309e-01 -3.20332583e+00  3.25345512e+00  2.07109494e+00
  1.06627729e+00 -9.92128421e-01  5.68283517e-01  1.30951548e+00
  1.31728701e+00 -1.87435357e+00  7.95850787e-01  2.91312457e+00
 -4.13927912e-01 -4.51542230e-01 -1.92268935e+00  7.76786483e-01
  1.61598746e+00  2.89037816e+00 -1.42719240e+00 -4.13486418e-01
 -2.19718461e+00 -2.08847898e+00  3.10586045e+00  2.77421414e+00
 -7.46054885e-01 -2.64687506e+00  1.54110621e+00 -1.86601031e-01
 -2.41611502e+00  1.87527986e+00  1.12080353e+00 -6.11555050e-01
  1.11242379e+00 -2.02771242e+00 -2.16325062e-01  2.27716939e+00
 -2.09036339e-01  5.49920305e-01  2.39855533e+00  5.85850100e-01
  2.65054278e+00  2.86040572e+00  2.78341578e+00 -2.92764288e+00
  3.18626061e-01 -3.94850605e-01  1.70683545e+00  2.97680481e+00
 -3.90727342e-01 -2.40216016e+00  2.71783262e+00 -3.16483714e+00
  5.72374519e-01 -7.11140076e-01 -1.71736836e+00  3.12716750e+00
 -1.93846619e+00 -1.63984420e+00 -2.56614380e+00  2.37925217e+00
 -2.16022356e+00  1.94095034e+00  1.74810839e+00  1.46762235e+00
  2.47836017e+00  2.92437799e+00  1.94212385e+00  1.50350373e+00
 -1.78450443e+00 -2.36855101e+00  1.17662668e+00  5.49174979e-01
  1.60670267e+00 -2.82489205e+00 -1.14325810e-01  2.52120719e+00
 -1.16266399e+00  1.20070573e+00  1.23490803e+00  6.26012415e-01
 -9.65614552e-01  1.12649379e+00  8.30059278e-01 -3.59702369e-01
  2.80966189e+00 -2.14452947e+00  1.57027837e+00 -6.41440982e-01
  9.86954309e-01 -3.25136556e+00 -2.23256621e+00  3.46838158e-01
 -1.12529236e+00 -4.27420017e-01  2.76755509e-01  3.54602283e-02
 -1.79032900e+00 -1.79856107e-01 -6.35418390e-01  2.86991121e+00
 -1.10358036e+00 -1.20679030e+00 -1.10852248e+00  1.28669924e+00
  1.62588815e+00 -8.46553085e-01  2.09597188e+00 -1.56619571e+00
 -2.56187467e-01 -8.94304351e-01 -2.95960165e+00  3.09093694e+00
 -1.76843254e+00  3.02380534e+00 -1.35763742e+00 -2.45042917e+00
  3.65662948e+00 -1.17656317e+00 -7.09937550e-01 -2.97826038e+00
 -2.53540142e+00  2.98395330e+00 -1.97080586e+00 -1.67158338e+00
 -4.12352748e-01  2.99035176e+00  1.42142584e-01  2.59187277e-02
 -1.63415446e+00 -1.46514271e-01 -1.60414132e+00 -3.11417459e+00
  2.95896914e+00  1.19170377e+00 -3.29407470e-01 -2.32309068e+00
  1.00244238e+00 -1.18995611e+00 -2.41070195e-01 -2.13703863e+00
 -1.91974564e+00  1.75914663e+00 -9.67522644e-01  2.57899732e+00
 -4.58097438e-01 -3.09616627e+00 -2.83815910e+00  1.96526147e+00
 -3.08722655e+00 -2.45334762e-01 -1.02544208e+00 -1.77692419e-01
  2.36034037e+00  1.73398869e+00 -2.28149162e-01 -1.88311351e+00
 -3.01182573e+00  1.37875543e-01 -8.02960819e-01  1.48501448e+00
 -2.52021814e+00  9.67382514e-01 -1.12355514e-01  1.94975571e-01
  2.03049752e+00  7.22885030e-01  7.78305525e-01 -1.24284537e+00
  1.62678025e+00  2.53252921e+00  1.26558555e+00  2.73632135e-01
 -1.00645958e+00  2.61041936e+00  8.14264998e-01 -2.20668865e+00
  2.16171359e-02  1.71377950e+00  1.04964668e+00 -6.51489993e-01
 -2.33390343e+00  2.43001289e+00  2.03450181e+00  1.66921892e+00
  2.28044836e+00  1.83096564e+00 -2.06247703e+00 -2.83646059e+00
  5.57300122e-01  1.37597100e+00 -2.41751566e+00 -1.31606815e+00
  2.41280716e+00  1.28861183e+00 -3.01956706e-03 -1.71717193e+00
 -1.54333479e+00  1.98297712e+00  1.49413086e+00 -7.85854080e-01
 -1.25164313e-01 -4.16459776e-01 -1.86562126e-01  2.42008777e+00
 -5.33754281e-01 -6.56407182e-01  1.03259780e+00 -2.29487245e+00
  9.89892940e-01  2.57783515e+00 -4.92275034e-01  2.15404794e+00
 -1.96236850e+00 -8.92709597e-01 -2.40159074e+00 -2.29302882e+00
 -1.41843969e+00 -2.90804417e+00  1.55596543e+00  1.81222951e+00
  1.62108685e+00  1.03684411e+00  1.41891028e+00 -2.32653554e+00
 -2.68691863e+00  1.70627799e+00  1.00452130e+00 -4.01367440e-01
 -2.64013694e+00  1.55492294e+00 -1.25997771e+00 -2.48836031e+00
  5.28387214e-02]
Thu Jun 13 21:50:39 2024,390,0.11070897524596442,[-2.84842007  2.14759421 -1.66377831  0.14627543  0.48338837 -3.20884377
  3.24793719  2.065577    1.06075935 -0.99764636  0.57380145  1.30399754
  1.31176907 -1.87987151  0.79033285  2.90760663 -0.40840997 -0.44602429
 -1.92820729  0.78230442  1.61046952  2.8958961  -1.43271034 -0.40796848
 -2.20270255 -2.09399692  3.10034251  2.77973208 -0.75157282 -2.652393
  1.53558827 -0.18108309 -2.41059708  1.88079779  1.11528559 -0.61707299
  1.10690586 -2.02219448 -0.221843    2.27165145 -0.2035184   0.54440237
  2.39303739  0.58033216  2.65606071  2.86592366  2.78893372 -2.92212495
  0.31310812 -0.38933267  1.70131751  2.98232275 -0.3852094  -2.4076781
  2.72335056 -3.17035508  0.56685658 -0.70562214 -1.72288629  3.12164956
 -1.94398413 -1.63432626 -2.56062586  2.37373423 -2.1657415   1.94646827
  1.75362632  1.47314028  2.48387811  2.91886005  1.94764179  1.50902166
 -1.79002237 -2.37406895  1.18214462  0.55469292  1.61222061 -2.81937411
 -0.10880787  2.52672513 -1.15714605  1.20622366  1.24042597  0.62049448
 -0.96009661  1.13201173  0.83557722 -0.36522031  2.81517983 -2.1500474
  1.57579631 -0.63592304  0.99247225 -3.24584762 -2.23808415  0.34132022
 -1.11977443 -0.43293796  0.27123757  0.04097817 -1.78481106 -0.18537405
 -0.62990045  2.86439327 -1.1090983  -1.20127236 -1.11404041  1.29221718
  1.62037021 -0.85207102  2.09045394 -1.56067777 -0.25066953 -0.88878641
 -2.95408371  3.09645488 -1.76291461  3.0182874  -1.36315536 -2.4559471
  3.66214741 -1.17104523 -0.70441961 -2.98377831 -2.52988349  2.97843536
 -1.96528793 -1.67710132 -0.40683481  2.98483383  0.14766052  0.03143667
 -1.6396724  -0.14099633 -1.60965926 -3.10865666  2.9534512   1.18618583
 -0.33492541 -2.31757274  0.99692444 -1.19547405 -0.24658813 -2.14255657
 -1.92526358  1.76466457 -0.97304058  2.57347939 -0.4525795  -3.10168421
 -2.83264116  1.9707794  -3.09274449 -0.2508527  -1.01992414 -0.17217448
  2.35482243  1.72847075 -0.22263122 -1.87759557 -3.01734366  0.1323576
 -0.80847876  1.47949654 -2.52573608  0.97290045 -0.11787345  0.18945763
  2.02497959  0.71736709  0.78382346 -1.23732743  1.63229819  2.53804714
  1.26006761  0.27915007 -1.01197752  2.6159373   0.81978294 -2.21220659
  0.02713507  1.71929744  1.05516462 -0.64597205 -2.32838549  2.42449495
  2.04001975  1.66370098  2.2859663   1.8254477  -2.06799497 -2.84197853
  0.55178218  1.38148894 -2.4230336  -1.32158609  2.4183251   1.28309389
 -0.00853751 -1.72268987 -1.54885273  1.98849505  1.4996488  -0.79137202
 -0.13068225 -0.42197771 -0.18104419  2.42560571 -0.52823634 -0.65088924
  1.03811574 -2.30039039  0.99541088  2.57231721 -0.4867571   2.15956588
 -1.96788644 -0.89822754 -2.40710868 -2.29854676 -1.42395763 -2.91356211
  1.56148337  1.81774745  1.62660479  1.04236204  1.41339234 -2.33205348
 -2.69243657  1.71179593  0.99900336 -0.3958495  -2.64565488  1.56044088
 -1.25445977 -2.48284237  0.05835666]
Thu Jun 13 21:51:17 2024,391,0.11051483026465572,[-2.84629091  2.14546505 -1.66164915  0.14414627  0.48125921 -3.21097293
  3.24580803  2.06344784  1.05863019 -0.9955172   0.5716723   1.30186838
  1.30963992 -1.87774235  0.78820369  2.90547747 -0.40628082 -0.44389513
 -1.93033645  0.78017526  1.60834036  2.89802526 -1.4348395  -0.41009764
 -2.20057339 -2.09612608  3.10247167  2.77760292 -0.74944367 -2.65026384
  1.53771743 -0.17895393 -2.40846792  1.88292695  1.11315643 -0.61494383
  1.1047767  -2.02432364 -0.21971384  2.26952229 -0.20138924  0.54653153
  2.39516655  0.578203    2.65393156  2.86805282  2.78680456 -2.9242541
  0.31097896 -0.39146182  1.69918835  2.98019359 -0.38308025 -2.40554894
  2.7212214  -3.16822592  0.56472742 -0.70349298 -1.72075714  3.11952041
 -1.94185497 -1.63645542 -2.56275502  2.37160507 -2.16787066  1.94859743
  1.75575548  1.47101112  2.48600727  2.92098921  1.94977095  1.50689251
 -1.79215152 -2.37193979  1.18001546  0.55682208  1.61009145 -2.81724495
 -0.11093703  2.52459597 -1.1550169   1.20409451  1.24255513  0.61836532
 -0.95796746  1.13414089  0.83770637 -0.36309115  2.81730899 -2.15217656
  1.57792546 -0.6380522   0.99034309 -3.24797678 -2.23595499  0.33919106
 -1.11764527 -0.43506711  0.27336673  0.03884901 -1.78694022 -0.1875032
 -0.63202961  2.86652243 -1.10696914 -1.20340152 -1.11616957  1.29008802
  1.62249937 -0.84994187  2.0925831  -1.56280693 -0.24854037 -0.89091557
 -2.95621287  3.09432572 -1.76078545  3.01615824 -1.3610262  -2.45381795
  3.66427657 -1.17317439 -0.70229045 -2.98164915 -2.53201264  2.9763062
 -1.96741708 -1.67497216 -0.40470565  2.98696298  0.14978968  0.02930751
 -1.64180156 -0.13886717 -1.6075301  -3.11078582  2.95558036  1.18831499
 -0.33279625 -2.3197019   0.99479528 -1.19334489 -0.24871729 -2.14042741
 -1.92739274  1.76253541 -0.97516974  2.57135023 -0.45470866 -3.09955505
 -2.83477032  1.97290856 -3.09487365 -0.24872354 -1.0220533  -0.17004532
  2.35269328  1.73059991 -0.22476038 -1.87972473 -3.01947282  0.13022845
 -0.8063496   1.4816257  -2.52360692  0.97502961 -0.11574429  0.18732847
  2.02285043  0.71523793  0.78595262 -1.23945659  1.63016903  2.53591799
  1.25793845  0.28127923 -1.00984836  2.61806646  0.81765378 -2.21433574
  0.02926423  1.7214266   1.05729378 -0.64810121 -2.32625633  2.42662411
  2.04214891  1.66583014  2.28809545  1.82331854 -2.07012413 -2.83984937
  0.54965302  1.3836181  -2.42516275 -1.32371524  2.41619594  1.28522305
 -0.00640835 -1.72481903 -1.54672357  1.9863659   1.49751964 -0.78924286
 -0.12855309 -0.41984856 -0.17891503  2.42773487 -0.5303655  -0.64876009
  1.03598658 -2.30251955  0.99754004  2.57018805 -0.48888625  2.16169504
 -1.96575728 -0.90035669 -2.40923784 -2.30067592 -1.42182847 -2.91569127
  1.56361253  1.81561829  1.62447563  1.0444912   1.4155215  -2.32992432
 -2.69456573  1.71392509  1.00113252 -0.39797866 -2.64352572  1.55831172
 -1.25658893 -2.48497153  0.06048582]
Thu Jun 13 21:51:32 2024,392,0.11007939054433476,[-2.84967591e+00  2.14208006e+00 -1.65826416e+00  1.40761276e-01
  4.84644204e-01 -3.21435792e+00  3.24242304e+00  2.06006285e+00
  1.05524520e+00 -9.98902192e-01  5.68287305e-01  1.30525338e+00
  1.30625492e+00 -1.88112735e+00  7.84818698e-01  2.90886247e+00
 -4.09665807e-01 -4.40510142e-01 -1.93372144e+00  7.76790271e-01
  1.61172536e+00  2.90141025e+00 -1.43145451e+00 -4.06712647e-01
 -2.19718840e+00 -2.09951107e+00  3.10585666e+00  2.78098791e+00
 -7.46058674e-01 -2.64687885e+00  1.53433244e+00 -1.82338925e-01
 -2.41185291e+00  1.87954196e+00  1.10977144e+00 -6.11558838e-01
  1.10816169e+00 -2.02093865e+00 -2.23098834e-01  2.27290728e+00
 -1.98004250e-01  5.43146534e-01  2.39178156e+00  5.74818011e-01
  2.65731655e+00  2.87143781e+00  2.79018956e+00 -2.92086911e+00
  3.14363955e-01 -3.94846816e-01  1.69580336e+00  2.98357858e+00
 -3.79695254e-01 -2.40216395e+00  2.71783641e+00 -3.17161091e+00
  5.68112413e-01 -7.00107988e-01 -1.71737214e+00  3.12290540e+00
 -1.94523997e+00 -1.63307043e+00 -2.55937003e+00  2.36822008e+00
 -2.16448567e+00  1.95198242e+00  1.75914047e+00  1.46762613e+00
  2.48262227e+00  2.91760422e+00  1.95315594e+00  1.50350751e+00
 -1.79553652e+00 -2.36855480e+00  1.17663047e+00  5.53437084e-01
  1.60670646e+00 -2.81385996e+00 -1.07552039e-01  2.52798096e+00
 -1.15163190e+00  1.20747950e+00  1.23917013e+00  6.14980327e-01
 -9.61352447e-01  1.13075590e+00  8.41091366e-01 -3.66476141e-01
  2.81392400e+00 -2.14879157e+00  1.57454047e+00 -6.41437194e-01
  9.93728080e-01 -3.24459179e+00 -2.23257000e+00  3.35806069e-01
 -1.12103026e+00 -4.31682123e-01  2.76751721e-01  3.54640166e-02
 -1.78355523e+00 -1.84118213e-01 -6.35414601e-01  2.86990742e+00
 -1.11035413e+00 -1.20678651e+00 -1.11955456e+00  1.28670303e+00
  1.61911438e+00 -8.46556874e-01  2.09596809e+00 -1.56619192e+00
 -2.45155379e-01 -8.94300562e-01 -2.95282788e+00  3.09771071e+00
 -1.76417044e+00  3.01954323e+00 -1.36441120e+00 -2.45043295e+00
  3.66766156e+00 -1.17655938e+00 -6.98905462e-01 -2.98503415e+00
 -2.52862765e+00  2.97292121e+00 -1.96403209e+00 -1.67835715e+00
 -4.08090642e-01  2.98357799e+00  1.53174672e-01  2.59225160e-02
 -1.64518655e+00 -1.42252165e-01 -1.60414511e+00 -3.11417081e+00
  2.95219536e+00  1.19169998e+00 -3.29411259e-01 -2.31631691e+00
  9.91410289e-01 -1.18995990e+00 -2.52102283e-01 -2.14381240e+00
 -1.93077773e+00  1.76592040e+00 -9.78554733e-01  2.57473522e+00
 -4.51323667e-01 -3.09617006e+00 -2.83815531e+00  1.97629355e+00
 -3.09825864e+00 -2.52108534e-01 -1.02543829e+00 -1.73430314e-01
  2.35607827e+00  1.72721492e+00 -2.21375391e-01 -1.87633973e+00
 -3.01608783e+00  1.26843455e-01 -8.09734590e-01  1.47824071e+00
 -2.52022193e+00  9.78414602e-01 -1.12359303e-01  1.83943483e-01
  2.02623542e+00  7.18622925e-01  7.82567630e-01 -1.24284158e+00
  1.62678404e+00  2.53253299e+00  1.26132344e+00  2.84664223e-01
 -1.00646337e+00  2.62145145e+00  8.14268786e-01 -2.21772074e+00
  2.58792412e-02  1.72481159e+00  1.06067877e+00 -6.44716222e-01
 -2.32964132e+00  2.42323911e+00  2.03876392e+00  1.66244515e+00
  2.28471046e+00  1.82670353e+00 -2.07350912e+00 -2.83646438e+00
  5.53038016e-01  1.38700309e+00 -2.42854775e+00 -1.32033025e+00
  2.41281095e+00  1.28183805e+00 -3.02335537e-03 -1.72820402e+00
 -1.55010856e+00  1.98298090e+00  1.49413465e+00 -7.85857869e-01
 -1.31938084e-01 -4.23233547e-01 -1.75530037e-01  2.42434988e+00
 -5.26980509e-01 -6.45375094e-01  1.03260159e+00 -2.30590454e+00
  1.00092503e+00  2.57357304e+00 -4.92271245e-01  2.16508003e+00
 -1.96914227e+00 -8.96971702e-01 -2.41262283e+00 -2.30406091e+00
 -1.42521346e+00 -2.91230627e+00  1.56699752e+00  1.81223330e+00
  1.62786062e+00  1.04787619e+00  1.41890649e+00 -2.32653933e+00
 -2.69118074e+00  1.71731008e+00  9.97747531e-01 -4.01363652e-01
 -2.64014073e+00  1.56169671e+00 -1.25320394e+00 -2.48835652e+00
  6.38708097e-02]
Thu Jun 13 21:51:48 2024,393,0.10993813755688982,[-2.84779468  2.14019883 -1.66014539  0.1426425   0.48652543 -3.21623915
  3.24430426  2.05818163  1.05336397 -1.00078342  0.57016853  1.30337215
  1.30813615 -1.87924612  0.78293747  2.90698124 -0.40778458 -0.44239137
 -1.93560267  0.77490904  1.60984413  2.90329148 -1.43333573 -0.40859387
 -2.19906963 -2.09762984  3.10773789  2.78286914 -0.74417745 -2.64876008
  1.53621367 -0.18422015 -2.40997169  1.87766073  1.11165267 -0.61344007
  1.10628046 -2.02281988 -0.22498006  2.27102606 -0.19988548  0.54126531
  2.39366278  0.57293678  2.65919778  2.86955658  2.79207078 -2.91898789
  0.31248273 -0.39672804  1.69768459  2.98169735 -0.37781403 -2.40028272
  2.71595519 -3.16972968  0.56623119 -0.70198921 -1.71925337  3.12102417
 -1.94712119 -1.6311892  -2.5574888   2.3701013  -2.16260444  1.95386365
  1.75725925  1.46950736  2.48074105  2.91572299  1.95127471  1.50162629
 -1.79365529 -2.37043602  1.17474924  0.55531831  1.60482523 -2.81197874
 -0.10567081  2.52986219 -1.14975068  1.20936073  1.24105136  0.6130991
 -0.96323367  1.13263712  0.84297259 -0.36835737  2.81580522 -2.14691034
  1.5764217  -0.63955597  0.99184685 -3.24647302 -2.23068877  0.33392484
 -1.12291149 -0.4298009   0.27487049  0.03358279 -1.781674   -0.18223699
 -0.63729583  2.86802619 -1.10847291 -1.20490529 -1.11767334  1.2848218
  1.6209956  -0.84467565  2.09784932 -1.56807315 -0.24703661 -0.89618179
 -2.95094665  3.09582949 -1.76605167  3.02142446 -1.36252997 -2.45231418
  3.66954279 -1.17467815 -0.69702423 -2.98315292 -2.53050888  2.97480244
 -1.96215087 -1.68023838 -0.40997187  2.98169677  0.1550559   0.02780374
 -1.64330533 -0.14037094 -1.60602634 -3.11228958  2.95031414  1.18981875
 -0.33129249 -2.31819814  0.98952906 -1.19184113 -0.25398351 -2.14569363
 -1.9288965   1.76780163 -0.98043596  2.57661645 -0.44944244 -3.09428883
 -2.83627408  1.97817478 -3.10013987 -0.25022731 -1.02355706 -0.17531154
  2.35419704  1.72909615 -0.22325662 -1.87445851 -3.01796906  0.12872468
 -0.80785336  1.47635948 -2.51834071  0.97653338 -0.11047808  0.18582471
  2.02811665  0.72050415  0.7806864  -1.2447228   1.62490281  2.53441422
  1.25944222  0.28654545 -1.00834459  2.61957023  0.81238756 -2.21960196
  0.02399801  1.72669282  1.06256    -0.64283499 -2.3277601   2.42512034
  2.04064515  1.66056392  2.28282924  1.82482231 -2.07539035 -2.8383456
  0.55115679  1.38512186 -2.42666652 -1.32221148  2.41092972  1.27995683
 -0.00490458 -1.73008525 -1.54822733  1.98486213  1.49601588 -0.7877391
 -0.13005686 -0.42511477 -0.17741126  2.42246865 -0.52886174 -0.64349387
  1.03072036 -2.30402331  1.00280626  2.57545427 -0.49039002  2.1631988
 -1.9710235  -0.89509047 -2.4107416  -2.30594214 -1.42333224 -2.91042505
  1.56887875  1.81411453  1.62597939  1.04975742  1.41702526 -2.3246581
 -2.68929951  1.71542885  0.99962876 -0.39948242 -2.64202195  1.55981549
 -1.25132271 -2.48647529  0.06575204]
Thu Jun 13 21:52:03 2024,394,0.10911255806198808,[-2.84355209e+00  2.14444142e+00 -1.65590280e+00  1.38399917e-01
  4.82282845e-01 -3.21199656e+00  3.24854685e+00  2.06242421e+00
  1.04912138e+00 -9.96540832e-01  5.65925945e-01  1.30761474e+00
  1.30389356e+00 -1.88348871e+00  7.78694884e-01  2.90273865e+00
 -4.12027166e-01 -4.46633956e-01 -1.93984525e+00  7.79151631e-01
  1.60560154e+00  2.89904889e+00 -1.42909315e+00 -4.12836460e-01
 -2.19482704e+00 -2.10187243e+00  3.11198048e+00  2.78711172e+00
 -7.39934860e-01 -2.64451749e+00  1.53197108e+00 -1.88462739e-01
 -2.41421427e+00  1.87341815e+00  1.10741008e+00 -6.17682652e-01
  1.10203787e+00 -2.01857729e+00 -2.20737474e-01  2.27526864e+00
 -2.04128064e-01  5.45507894e-01  2.38942020e+00  5.68694197e-01
  2.66344036e+00  2.87379917e+00  2.79631337e+00 -2.91474530e+00
  3.08240141e-01 -4.00970630e-01  1.70192718e+00  2.97745477e+00
 -3.73571440e-01 -2.40452531e+00  2.71171260e+00 -3.17397227e+00
  5.70473773e-01 -6.97746628e-01 -1.72349596e+00  3.11678158e+00
 -1.94287861e+00 -1.63543179e+00 -2.55324622e+00  2.36585872e+00
 -2.16684703e+00  1.94962106e+00  1.75301666e+00  1.47374995e+00
  2.48498363e+00  2.91996558e+00  1.95551730e+00  1.49738370e+00
 -1.78941270e+00 -2.37467861e+00  1.17050665e+00  5.59560898e-01
  1.60906782e+00 -2.81622132e+00 -1.09913398e-01  2.53410478e+00
 -1.15399326e+00  1.20511814e+00  1.23680877e+00  6.17341686e-01
 -9.67476260e-01  1.13687971e+00  8.38730007e-01 -3.72599955e-01
  2.82004781e+00 -2.14266776e+00  1.58066429e+00 -6.43798553e-01
  9.87604266e-01 -3.24223043e+00 -2.23493135e+00  3.38167429e-01
 -1.12715407e+00 -4.34043482e-01  2.70627907e-01  3.78253760e-02
 -1.78591659e+00 -1.86479572e-01 -6.33053242e-01  2.86378361e+00
 -1.11271549e+00 -1.20066270e+00 -1.12191592e+00  1.28057921e+00
  1.62523819e+00 -8.40433060e-01  2.10209190e+00 -1.56383057e+00
 -2.51279193e-01 -9.00424376e-01 -2.94670407e+00  3.09158690e+00
 -1.76180908e+00  3.02566705e+00 -1.35828738e+00 -2.44807159e+00
  3.67378538e+00 -1.17043557e+00 -6.92781648e-01 -2.98739551e+00
 -2.52626629e+00  2.97904502e+00 -1.96639345e+00 -1.67599579e+00
 -4.14214456e-01  2.97745418e+00  1.59298486e-01  3.20463298e-02
 -1.63906274e+00 -1.44613525e-01 -1.60178375e+00 -3.10804699e+00
  2.94607155e+00  1.19406134e+00 -3.27049899e-01 -2.32244072e+00
  9.93771648e-01 -1.18759854e+00 -2.58226097e-01 -2.14993621e+00
 -1.92465392e+00  1.77204421e+00 -9.84678547e-01  2.57237386e+00
 -4.45199853e-01 -3.09853142e+00 -2.84051667e+00  1.98241737e+00
 -3.10438245e+00 -2.54469893e-01 -1.02779965e+00 -1.71068954e-01
  2.35843963e+00  1.73333873e+00 -2.19014031e-01 -1.87021592e+00
 -3.02221165e+00  1.32967269e-01 -8.12095949e-01  1.48060207e+00
 -2.52258329e+00  9.80775962e-01 -1.06235489e-01  1.81582123e-01
  2.03235923e+00  7.16261566e-01  7.84928989e-01 -1.24048022e+00
  1.62066022e+00  2.53017164e+00  1.26368480e+00  2.90788037e-01
 -1.01258718e+00  2.61532764e+00  8.08144972e-01 -2.21535938e+00
  1.97554273e-02  1.73093540e+00  1.06680259e+00 -6.38592408e-01
 -2.33200268e+00  2.42087775e+00  2.03640256e+00  1.65632133e+00
  2.28707182e+00  1.82906489e+00 -2.07963293e+00 -2.83410302e+00
  5.46914202e-01  1.38936445e+00 -2.42242393e+00 -1.32645407e+00
  2.40668713e+00  1.27571424e+00 -6.61995924e-04 -1.72584266e+00
 -1.55246992e+00  1.98061954e+00  1.49177329e+00 -7.91981682e-01
 -1.34299444e-01 -4.20872188e-01 -1.81653851e-01  2.42671124e+00
 -5.33104323e-01 -6.39251280e-01  1.03496295e+00 -2.29978072e+00
  1.00704884e+00  2.57121168e+00 -4.94632605e-01  2.16744139e+00
 -1.97526609e+00 -8.90847888e-01 -2.41498419e+00 -2.31018472e+00
 -1.41908965e+00 -2.90618246e+00  1.57312133e+00  1.80987194e+00
  1.62173681e+00  1.04551483e+00  1.41278267e+00 -2.32041552e+00
 -2.69354210e+00  1.71118627e+00  1.00387135e+00 -4.03725011e-01
 -2.63777937e+00  1.55557290e+00 -1.24708012e+00 -2.49071788e+00
  6.15094503e-02]
Thu Jun 13 21:52:18 2024,395,0.10910746896668207,[-2.84339110e+00  2.14428042e+00 -1.65606380e+00  1.38560913e-01
  4.82121848e-01 -3.21215756e+00  3.24838585e+00  2.06226322e+00
  1.04928238e+00 -9.96379836e-01  5.66086942e-01  1.30745374e+00
  1.30405456e+00 -1.88364970e+00  7.78855880e-01  2.90289965e+00
 -4.12188163e-01 -4.46472960e-01 -1.94000625e+00  7.78990634e-01
  1.60544055e+00  2.89920989e+00 -1.42893215e+00 -4.12675464e-01
 -2.19466604e+00 -2.10171144e+00  3.11214147e+00  2.78727272e+00
 -7.40095856e-01 -2.64435650e+00  1.53213208e+00 -1.88623736e-01
 -2.41437527e+00  1.87325715e+00  1.10757108e+00 -6.17843648e-01
  1.10219887e+00 -2.01841629e+00 -2.20576478e-01  2.27510765e+00
 -2.04289060e-01  5.45346897e-01  2.38958119e+00  5.68855194e-01
  2.66360136e+00  2.87363817e+00  2.79647437e+00 -2.91458430e+00
  3.08401138e-01 -4.00809634e-01  1.70176618e+00  2.97729377e+00
 -3.73732436e-01 -2.40468630e+00  2.71187359e+00 -3.17413327e+00
  5.70634769e-01 -6.97907624e-01 -1.72365695e+00  3.11694258e+00
 -1.94303960e+00 -1.63559279e+00 -2.55308522e+00  2.36569772e+00
 -2.16700802e+00  1.94946007e+00  1.75317766e+00  1.47391094e+00
  2.48514463e+00  2.91980458e+00  1.95567829e+00  1.49722270e+00
 -1.78925171e+00 -2.37451761e+00  1.17034566e+00  5.59399902e-01
  1.60890682e+00 -2.81638232e+00 -1.10074395e-01  2.53426577e+00
 -1.15383227e+00  1.20527913e+00  1.23696977e+00  6.17502683e-01
 -9.67315264e-01  1.13704071e+00  8.38569011e-01 -3.72438958e-01
  2.82020881e+00 -2.14282875e+00  1.58050329e+00 -6.43637557e-01
  9.87765263e-01 -3.24239143e+00 -2.23509235e+00  3.38006432e-01
 -1.12699308e+00 -4.34204478e-01  2.70788903e-01  3.79863722e-02
 -1.78607759e+00 -1.86640568e-01 -6.32892246e-01  2.86362261e+00
 -1.11255450e+00 -1.20050170e+00 -1.12207692e+00  1.28074021e+00
  1.62507719e+00 -8.40594056e-01  2.10225290e+00 -1.56399156e+00
 -2.51118197e-01 -9.00585372e-01 -2.94686506e+00  3.09142590e+00
 -1.76164808e+00  3.02582804e+00 -1.35844838e+00 -2.44823259e+00
  3.67394637e+00 -1.17027457e+00 -6.92620651e-01 -2.98755650e+00
 -2.52610530e+00  2.97888403e+00 -1.96623246e+00 -1.67615679e+00
 -4.14375452e-01  2.97761518e+00  1.59137490e-01  3.22073260e-02
 -1.63922374e+00 -1.44452528e-01 -1.60162276e+00 -3.10788600e+00
  2.94591055e+00  1.19390034e+00 -3.27210895e-01 -2.32260172e+00
  9.93932645e-01 -1.18743755e+00 -2.58387093e-01 -2.14977522e+00
 -1.92481491e+00  1.77220521e+00 -9.84839543e-01  2.57221286e+00
 -4.45360849e-01 -3.09837042e+00 -2.84067767e+00  1.98225637e+00
 -3.10454345e+00 -2.54630889e-01 -1.02796064e+00 -1.70907958e-01
  2.35827863e+00  1.73349973e+00 -2.19175027e-01 -1.87037692e+00
 -3.02205065e+00  1.32806272e-01 -8.11934953e-01  1.48044107e+00
 -2.52242230e+00  9.80614965e-01 -1.06396485e-01  1.81421127e-01
  2.03252023e+00  7.16422562e-01  7.85089986e-01 -1.24064121e+00
  1.62049923e+00  2.53001064e+00  1.26384580e+00  2.90627041e-01
 -1.01242618e+00  2.61548864e+00  8.07983976e-01 -2.21552037e+00
  1.95944311e-02  1.73077441e+00  1.06664159e+00 -6.38431412e-01
 -2.33216368e+00  2.42103875e+00  2.03624156e+00  1.65648233e+00
  2.28691083e+00  1.82922589e+00 -2.07979393e+00 -2.83394202e+00
  5.47075199e-01  1.38952544e+00 -2.42258493e+00 -1.32661506e+00
  2.40652614e+00  1.27587524e+00 -5.00999726e-04 -1.72568167e+00
 -1.55263092e+00  1.98045855e+00  1.49193429e+00 -7.91820686e-01
 -1.34138447e-01 -4.21033184e-01 -1.81492855e-01  2.42687223e+00
 -5.33265319e-01 -6.39412276e-01  1.03512394e+00 -2.29994172e+00
  1.00720984e+00  2.57105069e+00 -4.94471609e-01  2.16728039e+00
 -1.97542708e+00 -8.91008884e-01 -2.41482319e+00 -2.31034572e+00
 -1.41892865e+00 -2.90602146e+00  1.57328233e+00  1.81003294e+00
  1.62157581e+00  1.04567583e+00  1.41294367e+00 -2.32025452e+00
 -2.69338110e+00  1.71134726e+00  1.00371035e+00 -4.03564015e-01
 -2.63794036e+00  1.55573390e+00 -1.24691913e+00 -2.49055688e+00
  6.13484541e-02]
Thu Jun 13 21:52:33 2024,396,0.10903107616664372,[-2.84226413e+00  2.14315346e+00 -1.65719076e+00  1.37433949e-01
  4.83248813e-01 -3.21103059e+00  3.24951282e+00  2.06339018e+00
  1.05040934e+00 -9.95252872e-01  5.67213906e-01  1.30858070e+00
  1.30518153e+00 -1.88477667e+00  7.79982845e-01  2.90177268e+00
 -4.13315127e-01 -4.45345996e-01 -1.93887928e+00  7.77863670e-01
  1.60431358e+00  2.90033685e+00 -1.43005912e+00 -4.11548500e-01
 -2.19353908e+00 -2.10283840e+00  3.11101451e+00  2.78839968e+00
 -7.38968892e-01 -2.64322953e+00  1.53325904e+00 -1.87496771e-01
 -2.41324830e+00  1.87213019e+00  1.10869804e+00 -6.18970613e-01
  1.10332583e+00 -2.01728933e+00 -2.19449514e-01  2.27623461e+00
 -2.05416025e-01  5.44219933e-01  2.39070816e+00  5.69982158e-01
  2.66247439e+00  2.87251121e+00  2.79534740e+00 -2.91571127e+00
  3.09528102e-01 -4.01936598e-01  1.70289314e+00  2.97616681e+00
 -3.74859401e-01 -2.40581327e+00  2.71074663e+00 -3.17300630e+00
  5.71761733e-01 -6.96780660e-01 -1.72478392e+00  3.11581562e+00
 -1.94191264e+00 -1.63671975e+00 -2.55195826e+00  2.36682469e+00
 -2.16813499e+00  1.95058703e+00  1.75430462e+00  1.47503791e+00
  2.48627159e+00  2.92093154e+00  1.95680526e+00  1.49609574e+00
 -1.78812474e+00 -2.37564458e+00  1.17147262e+00  5.60526866e-01
  1.61003379e+00 -2.81750928e+00 -1.11201359e-01  2.53313881e+00
 -1.15495923e+00  1.20640610e+00  1.23584281e+00  6.18629647e-01
 -9.68442228e-01  1.13591374e+00  8.37442047e-01 -3.73565923e-01
  2.81908184e+00 -2.14170179e+00  1.57937633e+00 -6.42510593e-01
  9.88892227e-01 -3.24351839e+00 -2.23621932e+00  3.39133397e-01
 -1.12812004e+00 -4.35331442e-01  2.69661939e-01  3.68594081e-02
 -1.78720455e+00 -1.85513604e-01 -6.34019210e-01  2.86249565e+00
 -1.11142753e+00 -1.20162867e+00 -1.12094996e+00  1.28186717e+00
  1.62620416e+00 -8.41721020e-01  2.10112594e+00 -1.56511853e+00
 -2.52245161e-01 -9.01712337e-01 -2.94799203e+00  3.09029894e+00
 -1.76277505e+00  3.02470108e+00 -1.35957534e+00 -2.44710563e+00
  3.67281941e+00 -1.16914761e+00 -6.93747616e-01 -2.98868347e+00
 -2.52497833e+00  2.98001099e+00 -1.96510549e+00 -1.67728375e+00
 -4.15502416e-01  2.97648821e+00  1.58010526e-01  3.33342901e-02
 -1.63809677e+00 -1.43325564e-01 -1.60049579e+00 -3.10675903e+00
  2.94478359e+00  1.19502731e+00 -3.28337859e-01 -2.32147476e+00
  9.92805680e-01 -1.18856451e+00 -2.57260129e-01 -2.14864825e+00
 -1.92594188e+00  1.77107824e+00 -9.85966507e-01  2.57108590e+00
 -4.44233885e-01 -3.09724346e+00 -2.83955070e+00  1.98112941e+00
 -3.10341649e+00 -2.55757854e-01 -1.02683368e+00 -1.72034922e-01
  2.35940559e+00  1.73237277e+00 -2.18048063e-01 -1.86924995e+00
 -3.02317761e+00  1.33933236e-01 -8.10807989e-01  1.47931411e+00
 -2.52129533e+00  9.79488001e-01 -1.05269521e-01  1.82548091e-01
  2.03139326e+00  7.17549526e-01  7.83963021e-01 -1.24176818e+00
  1.62162619e+00  2.53113760e+00  1.26271884e+00  2.91754005e-01
 -1.01129922e+00  2.61436167e+00  8.06857012e-01 -2.21439341e+00
  2.07213952e-02  1.73190137e+00  1.06551463e+00 -6.37304448e-01
 -2.33103671e+00  2.42216572e+00  2.03736853e+00  1.65760930e+00
  2.28578386e+00  1.82809893e+00 -2.08092089e+00 -2.83281506e+00
  5.45948234e-01  1.38839848e+00 -2.42145796e+00 -1.32548810e+00
  2.40539917e+00  1.27700220e+00  6.25964373e-04 -1.72680863e+00
 -1.55150395e+00  1.98158551e+00  1.49306125e+00 -7.92947650e-01
 -1.35265411e-01 -4.19906220e-01 -1.80365891e-01  2.42574527e+00
 -5.34392283e-01 -6.40539240e-01  1.03625091e+00 -2.30106868e+00
  1.00608287e+00  2.56992372e+00 -4.95598573e-01  2.16840735e+00
 -1.97430012e+00 -8.92135848e-01 -2.41369623e+00 -2.31147269e+00
 -1.41780169e+00 -2.90489450e+00  1.57440929e+00  1.80890597e+00
  1.62270277e+00  1.04680279e+00  1.41181671e+00 -2.32138148e+00
 -2.69225414e+00  1.71247423e+00  1.00483731e+00 -4.02437051e-01
 -2.63906733e+00  1.55686086e+00 -1.24804609e+00 -2.48942992e+00
  6.24754182e-02]
Thu Jun 13 21:52:47 2024,397,0.10896486379844697,[-2.84290121e+00  2.14379054e+00 -1.65782784e+00  1.36796866e-01
  4.82611730e-01 -3.21166768e+00  3.25014990e+00  2.06402726e+00
  1.04977226e+00 -9.94615790e-01  5.66576823e-01  1.30921779e+00
  1.30454444e+00 -1.88413958e+00  7.80619927e-01  2.90113560e+00
 -4.13952209e-01 -4.45983078e-01 -1.93951637e+00  7.78500753e-01
  1.60367650e+00  2.90097393e+00 -1.43069620e+00 -4.10911418e-01
 -2.19417616e+00 -2.10220132e+00  3.11037743e+00  2.78776260e+00
 -7.39605975e-01 -2.64386662e+00  1.53262196e+00 -1.88133854e-01
 -2.41388539e+00  1.87149310e+00  1.10933513e+00 -6.19607695e-01
  1.10396292e+00 -2.01665225e+00 -2.18812431e-01  2.27687169e+00
 -2.04778942e-01  5.44857016e-01  2.39134524e+00  5.70619240e-01
  2.66183731e+00  2.87187413e+00  2.79471032e+00 -2.91634835e+00
  3.10165184e-01 -4.02573681e-01  1.70225606e+00  2.97552972e+00
 -3.75496483e-01 -2.40645035e+00  2.71010955e+00 -3.17364339e+00
  5.71124650e-01 -6.96143578e-01 -1.72414684e+00  3.11517853e+00
 -1.94254972e+00 -1.63735683e+00 -2.55132117e+00  2.36618760e+00
 -2.16877207e+00  1.94994995e+00  1.75494170e+00  1.47440082e+00
  2.48690868e+00  2.92156863e+00  1.95616818e+00  1.49545866e+00
 -1.78876182e+00 -2.37628166e+00  1.17083554e+00  5.61163948e-01
  1.60939671e+00 -2.81814636e+00 -1.11838441e-01  2.53250173e+00
 -1.15559631e+00  1.20704318e+00  1.23520572e+00  6.17992564e-01
 -9.69079311e-01  1.13655083e+00  8.36804964e-01 -3.74203005e-01
  2.81844476e+00 -2.14106471e+00  1.57873924e+00 -6.43147676e-01
  9.88255144e-01 -3.24415547e+00 -2.23685640e+00  3.39770479e-01
 -1.12748296e+00 -4.35968525e-01  2.69024856e-01  3.74964907e-02
 -1.78784163e+00 -1.84876522e-01 -6.33382127e-01  2.86185856e+00
 -1.11079045e+00 -1.20226575e+00 -1.12158704e+00  1.28250426e+00
  1.62684124e+00 -8.42358103e-01  2.10176302e+00 -1.56448144e+00
 -2.52882243e-01 -9.02349419e-01 -2.94735495e+00  3.09093602e+00
 -1.76341213e+00  3.02406399e+00 -1.35893826e+00 -2.44774271e+00
  3.67345649e+00 -1.16978469e+00 -6.93110533e-01 -2.98932055e+00
 -2.52434125e+00  2.97937391e+00 -1.96446841e+00 -1.67792083e+00
 -4.16139499e-01  2.97585113e+00  1.58647608e-01  3.39713727e-02
 -1.63745969e+00 -1.43962647e-01 -1.59985871e+00 -3.10739611e+00
  2.94542067e+00  1.19439023e+00 -3.27700777e-01 -2.32211184e+00
  9.92168598e-01 -1.18792743e+00 -2.57897212e-01 -2.14801117e+00
 -1.92530480e+00  1.77171533e+00 -9.86603590e-01  2.57172298e+00
 -4.43596803e-01 -3.09788054e+00 -2.84018778e+00  1.98176649e+00
 -3.10405357e+00 -2.55120771e-01 -1.02619660e+00 -1.72672005e-01
  2.35876851e+00  1.73300985e+00 -2.17410981e-01 -1.86861287e+00
 -3.02381470e+00  1.33296154e-01 -8.11445072e-01  1.47995119e+00
 -2.52193241e+00  9.78850919e-01 -1.05906604e-01  1.81911009e-01
  2.03203035e+00  7.18186608e-01  7.83325939e-01 -1.24240526e+00
  1.62226327e+00  2.53177469e+00  1.26335592e+00  2.91116922e-01
 -1.01066214e+00  2.61499875e+00  8.06219929e-01 -2.21375633e+00
  2.13584778e-02  1.73126429e+00  1.06615171e+00 -6.36667365e-01
 -2.33039963e+00  2.42280280e+00  2.03673145e+00  1.65697221e+00
  2.28514678e+00  1.82873601e+00 -2.08155798e+00 -2.83345214e+00
  5.46585317e-01  1.38776140e+00 -2.42209505e+00 -1.32612518e+00
  2.40603626e+00  1.27636512e+00  1.26304699e-03 -1.72617155e+00
 -1.55214103e+00  1.98094843e+00  1.49242417e+00 -7.92310568e-01
 -1.34628329e-01 -4.20543302e-01 -1.79728808e-01  2.42510819e+00
 -5.35029366e-01 -6.41176323e-01  1.03688799e+00 -2.30170577e+00
  1.00671996e+00  2.57056081e+00 -4.96235655e-01  2.16904444e+00
 -1.97366304e+00 -8.91498766e-01 -2.41433331e+00 -2.31083560e+00
 -1.41843877e+00 -2.90425742e+00  1.57504638e+00  1.80826889e+00
  1.62206569e+00  1.04743988e+00  1.41245379e+00 -2.32074440e+00
 -2.69289122e+00  1.71183714e+00  1.00547440e+00 -4.03074134e-01
 -2.63970441e+00  1.55749794e+00 -1.24740901e+00 -2.49006700e+00
  6.31125008e-02]
Thu Jun 13 21:53:04 2024,398,0.10869392974000244,[-2.84099622e+00  2.14569554e+00 -1.65973284e+00  1.34891870e-01
  4.84516726e-01 -3.21357267e+00  3.25205490e+00  2.06593226e+00
  1.04786727e+00 -9.96520786e-01  5.68481819e-01  1.31112278e+00
  1.30263945e+00 -1.88223459e+00  7.78714931e-01  2.90304060e+00
 -4.15857205e-01 -4.44078082e-01 -1.93761137e+00  7.80405749e-01
  1.60558150e+00  2.90287893e+00 -1.43260119e+00 -4.12816414e-01
 -2.19608116e+00 -2.10410631e+00  3.11228242e+00  2.78585760e+00
 -7.41510971e-01 -2.64196162e+00  1.53452696e+00 -1.90038850e-01
 -2.41579038e+00  1.86958811e+00  1.11124012e+00 -6.21512691e-01
  1.10205792e+00 -2.01855724e+00 -2.16907435e-01  2.27496670e+00
 -2.06683938e-01  5.42952020e-01  2.38944024e+00  5.72524236e-01
  2.66374231e+00  2.87377912e+00  2.79661532e+00 -2.91444335e+00
  3.08260188e-01 -4.00668685e-01  1.70416106e+00  2.97362473e+00
 -3.77401479e-01 -2.40454535e+00  2.71201454e+00 -3.17554838e+00
  5.69219654e-01 -6.98048574e-01 -1.72224184e+00  3.11708353e+00
 -1.94445472e+00 -1.63926183e+00 -2.55322617e+00  2.36809260e+00
 -2.16686707e+00  1.94804495e+00  1.75684670e+00  1.47630582e+00
  2.48881367e+00  2.91966363e+00  1.95426318e+00  1.49355366e+00
 -1.78685683e+00 -2.37818666e+00  1.16893054e+00  5.63068944e-01
  1.61130170e+00 -2.81624137e+00 -1.09933445e-01  2.53440672e+00
 -1.15369132e+00  1.20894818e+00  1.23330073e+00  6.16087568e-01
 -9.70984307e-01  1.13464583e+00  8.34899968e-01 -3.72298009e-01
  2.81653976e+00 -2.13915971e+00  1.58064424e+00 -6.41242680e-01
  9.90160140e-01 -3.24225048e+00 -2.23876139e+00  3.41675475e-01
 -1.12938795e+00 -4.34063529e-01  2.67119860e-01  3.94014868e-02
 -1.78593664e+00 -1.82971526e-01 -6.31477131e-01  2.85995357e+00
 -1.10888545e+00 -1.20036075e+00 -1.12349203e+00  1.28059926e+00
  1.62874624e+00 -8.44263099e-01  2.09985802e+00 -1.56638644e+00
 -2.54787239e-01 -9.00444423e-01 -2.94544995e+00  3.08903103e+00
 -1.76531713e+00  3.02215900e+00 -1.35703326e+00 -2.44583771e+00
  3.67155150e+00 -1.17168968e+00 -6.91205537e-01 -2.99122554e+00
 -2.52624625e+00  2.98127890e+00 -1.96256341e+00 -1.67601584e+00
 -4.18044495e-01  2.97775612e+00  1.60552604e-01  3.58763688e-02
 -1.63555469e+00 -1.45867643e-01 -1.60176371e+00 -3.10549112e+00
  2.94351568e+00  1.19248523e+00 -3.25795781e-01 -2.32401683e+00
  9.94073594e-01 -1.18983242e+00 -2.55992216e-01 -2.14610618e+00
 -1.92339980e+00  1.76981033e+00 -9.84698594e-01  2.57362798e+00
 -4.45501799e-01 -3.09597554e+00 -2.84209278e+00  1.98367149e+00
 -3.10214857e+00 -2.57025767e-01 -1.02810159e+00 -1.74577001e-01
  2.36067351e+00  1.73491484e+00 -2.19315977e-01 -1.86670787e+00
 -3.02190970e+00  1.31391158e-01 -8.13350068e-01  1.48185619e+00
 -2.52002742e+00  9.76945923e-01 -1.04001607e-01  1.80006012e-01
  2.03393534e+00  7.16281612e-01  7.85230935e-01 -1.24431026e+00
  1.62035828e+00  2.53367968e+00  1.26145092e+00  2.89211926e-01
 -1.01256713e+00  2.61309376e+00  8.08124925e-01 -2.21566132e+00
  1.94534818e-02  1.73316929e+00  1.06424671e+00 -6.34762369e-01
 -2.32849464e+00  2.42470779e+00  2.03863644e+00  1.65887721e+00
  2.28324178e+00  1.83064101e+00 -2.08346297e+00 -2.83154714e+00
  5.48490313e-01  1.38966639e+00 -2.42400004e+00 -1.32803018e+00
  2.40794125e+00  1.27827011e+00  3.16804308e-03 -1.72807654e+00
 -1.55023604e+00  1.97904343e+00  1.49432917e+00 -7.94215564e-01
 -1.36533325e-01 -4.22448298e-01 -1.81633804e-01  2.42701318e+00
 -5.33124370e-01 -6.43081319e-01  1.03498299e+00 -2.29980077e+00
  1.00862495e+00  2.57246580e+00 -4.98140651e-01  2.16713944e+00
 -1.97556803e+00 -8.93403762e-01 -2.41623831e+00 -2.30893061e+00
 -1.41653378e+00 -2.90616241e+00  1.57314138e+00  1.80636389e+00
  1.62016069e+00  1.04553488e+00  1.41054879e+00 -2.32264940e+00
 -2.69098623e+00  1.71374214e+00  1.00356940e+00 -4.01169138e-01
 -2.64160941e+00  1.55940294e+00 -1.24550401e+00 -2.48816201e+00
  6.50174969e-02]
Thu Jun 13 21:53:20 2024,399,0.10868165393615255,[-2.84158407e+00  2.14628338e+00 -1.66032069e+00  1.34304023e-01
  4.83928879e-01 -3.21298482e+00  3.25264274e+00  2.06534441e+00
  1.04845511e+00 -9.97108633e-01  5.69069667e-01  1.31053493e+00
  1.30322729e+00 -1.88164674e+00  7.78127084e-01  2.90245275e+00
 -4.15269358e-01 -4.44665930e-01 -1.93702352e+00  7.80993597e-01
  1.60616934e+00  2.90229108e+00 -1.43318904e+00 -4.12228566e-01
 -2.19666901e+00 -2.10351847e+00  3.11169458e+00  2.78644545e+00
 -7.42098818e-01 -2.64254947e+00  1.53393911e+00 -1.89451003e-01
 -2.41520254e+00  1.86900026e+00  1.11182797e+00 -6.20924844e-01
  1.10264577e+00 -2.01914509e+00 -2.17495283e-01  2.27437885e+00
 -2.07271786e-01  5.43539867e-01  2.38885240e+00  5.73112084e-01
  2.66315446e+00  2.87436697e+00  2.79720316e+00 -2.91503120e+00
  3.07672341e-01 -4.00080837e-01  1.70474891e+00  2.97303688e+00
 -3.77989327e-01 -2.40513320e+00  2.71260239e+00 -3.17613623e+00
  5.69807502e-01 -6.97460726e-01 -1.72282969e+00  3.11767138e+00
 -1.94386687e+00 -1.63984968e+00 -2.55263832e+00  2.36750475e+00
 -2.16745492e+00  1.94745711e+00  1.75625885e+00  1.47571797e+00
  2.48822582e+00  2.92025148e+00  1.95367533e+00  1.49414151e+00
 -1.78744468e+00 -2.37877450e+00  1.16951839e+00  5.63656792e-01
  1.61071385e+00 -2.81682922e+00 -1.09345598e-01  2.53381888e+00
 -1.15310347e+00  1.20836033e+00  1.23271288e+00  6.16675416e-01
 -9.70396460e-01  1.13523368e+00  8.35487815e-01 -3.71710162e-01
  2.81595192e+00 -2.13974756e+00  1.58123209e+00 -6.41830527e-01
  9.89572293e-01 -3.24166263e+00 -2.23934924e+00  3.42263323e-01
 -1.12880011e+00 -4.34651376e-01  2.67707708e-01  3.99893343e-02
 -1.78534879e+00 -1.83559373e-01 -6.32064979e-01  2.86054142e+00
 -1.10947330e+00 -1.19977291e+00 -1.12290419e+00  1.28118711e+00
  1.62933408e+00 -8.43675251e-01  2.10044587e+00 -1.56579859e+00
 -2.55375087e-01 -9.01032271e-01 -2.94603780e+00  3.08844318e+00
 -1.76472928e+00  3.02274685e+00 -1.35644542e+00 -2.44524987e+00
  3.67213934e+00 -1.17110184e+00 -6.91793384e-01 -2.99181339e+00
 -2.52565840e+00  2.98069106e+00 -1.96197557e+00 -1.67542799e+00
 -4.17456648e-01  2.97716828e+00  1.59964757e-01  3.52885213e-02
 -1.63614254e+00 -1.45279796e-01 -1.60235155e+00 -3.10490327e+00
  2.94292783e+00  1.19189738e+00 -3.25207933e-01 -2.32460468e+00
  9.94661441e-01 -1.19042027e+00 -2.56580063e-01 -2.14551833e+00
 -1.92281195e+00  1.77039818e+00 -9.85286441e-01  2.57421583e+00
 -4.44913951e-01 -3.09656339e+00 -2.84150493e+00  1.98425933e+00
 -3.10156072e+00 -2.57613615e-01 -1.02868944e+00 -1.73989153e-01
  2.36126136e+00  1.73432700e+00 -2.18728129e-01 -1.86729572e+00
 -3.02249755e+00  1.30803310e-01 -8.12762220e-01  1.48244403e+00
 -2.51943957e+00  9.77533770e-01 -1.03413760e-01  1.79418165e-01
  2.03452319e+00  7.16869460e-01  7.84643087e-01 -1.24372241e+00
  1.61977043e+00  2.53426753e+00  1.26086307e+00  2.88624078e-01
 -1.01315498e+00  2.61368161e+00  8.07537078e-01 -2.21624917e+00
  1.88656342e-02  1.73375713e+00  1.06483456e+00 -6.35350216e-01
 -2.32908248e+00  2.42529564e+00  2.03804859e+00  1.65946506e+00
  2.28265394e+00  1.83122885e+00 -2.08287513e+00 -2.83213499e+00
  5.47902466e-01  1.38907855e+00 -2.42458789e+00 -1.32861802e+00
  2.40735341e+00  1.27885796e+00  2.58019556e-03 -1.72866439e+00
 -1.54964819e+00  1.97963128e+00  1.49374132e+00 -7.93627716e-01
 -1.35945477e-01 -4.21860451e-01 -1.82221652e-01  2.42642533e+00
 -5.33712218e-01 -6.43669167e-01  1.03557084e+00 -2.29921292e+00
  1.00803711e+00  2.57187796e+00 -4.98728499e-01  2.16655159e+00
 -1.97498019e+00 -8.92815914e-01 -2.41565046e+00 -2.30951845e+00
 -1.41712162e+00 -2.90675026e+00  1.57255353e+00  1.80577605e+00
  1.61957285e+00  1.04494703e+00  1.41113664e+00 -2.32206155e+00
 -2.69039838e+00  1.71432999e+00  1.00298155e+00 -4.01756985e-01
 -2.64102156e+00  1.55881509e+00 -1.24609186e+00 -2.48757416e+00
  6.44296494e-02]
Thu Jun 13 21:53:45 2024,400,0.10849529679219978,[-2.84309707e+00  2.14477038e+00 -1.65880768e+00  1.35817031e-01
  4.82415870e-01 -3.21147181e+00  3.25112974e+00  2.06685742e+00
  1.04996812e+00 -9.98621642e-01  5.67556658e-01  1.31204794e+00
  1.30474030e+00 -1.88013373e+00  7.76614075e-01  2.90093974e+00
 -4.13756349e-01 -4.46178938e-01 -1.93551052e+00  7.82506605e-01
  1.60768235e+00  2.90380409e+00 -1.43167603e+00 -4.13741575e-01
 -2.19818202e+00 -2.10200546e+00  3.11320758e+00  2.78493244e+00
 -7.43611827e-01 -2.64406248e+00  1.53242610e+00 -1.90964011e-01
 -2.41671554e+00  1.87051327e+00  1.11334098e+00 -6.19411835e-01
  1.10113276e+00 -2.01763208e+00 -2.19008291e-01  2.27589186e+00
 -2.08784794e-01  5.42026859e-01  2.38733939e+00  5.71599075e-01
  2.66164145e+00  2.87285396e+00  2.79569015e+00 -2.91654421e+00
  3.09185349e-01 -4.01593846e-01  1.70626191e+00  2.97454989e+00
 -3.79502335e-01 -2.40664621e+00  2.71108938e+00 -3.17462322e+00
  5.68294493e-01 -6.95947718e-01 -1.72131668e+00  3.11918439e+00
 -1.94235386e+00 -1.64136269e+00 -2.55415133e+00  2.36901776e+00
 -2.16896793e+00  1.94897011e+00  1.75474584e+00  1.47723098e+00
  2.48973883e+00  2.92176449e+00  1.95518834e+00  1.49565452e+00
 -1.78593167e+00 -2.37726150e+00  1.16800538e+00  5.62143783e-01
  1.60920085e+00 -2.81834222e+00 -1.10858606e-01  2.53230587e+00
 -1.15461648e+00  1.20987334e+00  1.23422589e+00  6.18188424e-01
 -9.68883451e-01  1.13674669e+00  8.33974807e-01 -3.73223170e-01
  2.81746492e+00 -2.14126057e+00  1.57971908e+00 -6.40317518e-01
  9.91085301e-01 -3.24014962e+00 -2.23783623e+00  3.40750314e-01
 -1.12728710e+00 -4.33138368e-01  2.69220716e-01  3.84763257e-02
 -1.78383578e+00 -1.85072382e-01 -6.30551970e-01  2.86205442e+00
 -1.11098631e+00 -1.20128591e+00 -1.12139118e+00  1.28270012e+00
  1.63084709e+00 -8.42162243e-01  2.09893286e+00 -1.56428558e+00
 -2.56888095e-01 -9.02545279e-01 -2.94755081e+00  3.08693017e+00
 -1.76624229e+00  3.02123384e+00 -1.35795842e+00 -2.44373686e+00
  3.67365235e+00 -1.16958883e+00 -6.93306393e-01 -2.99332640e+00
 -2.52414539e+00  2.97917805e+00 -1.96348857e+00 -1.67391498e+00
 -4.15943639e-01  2.97868129e+00  1.58451748e-01  3.68015300e-02
 -1.63462953e+00 -1.43766787e-01 -1.60386456e+00 -3.10641628e+00
  2.94444084e+00  1.19038437e+00 -3.23694925e-01 -2.32611769e+00
  9.96174450e-01 -1.19193328e+00 -2.58093072e-01 -2.14400532e+00
 -1.92432496e+00  1.76888517e+00 -9.83773432e-01  2.57572883e+00
 -4.46426960e-01 -3.09505038e+00 -2.84301794e+00  1.98577234e+00
 -3.10004772e+00 -2.56100606e-01 -1.03020245e+00 -1.75502162e-01
  2.36277436e+00  1.73281399e+00 -2.17215121e-01 -1.86578271e+00
 -3.02401056e+00  1.32316319e-01 -8.14275229e-01  1.48093103e+00
 -2.51792656e+00  9.79046779e-01 -1.04926769e-01  1.77905156e-01
  2.03603620e+00  7.15356451e-01  7.86156096e-01 -1.24523542e+00
  1.61825742e+00  2.53275452e+00  1.26237608e+00  2.90137087e-01
 -1.01164197e+00  2.61519461e+00  8.09050086e-01 -2.21776218e+00
  2.03786429e-02  1.73527014e+00  1.06634757e+00 -6.36863225e-01
 -2.33059549e+00  2.42378263e+00  2.03956160e+00  1.66097806e+00
  2.28416694e+00  1.83274186e+00 -2.08438813e+00 -2.83062198e+00
  5.46389457e-01  1.38756554e+00 -2.42610090e+00 -1.32710502e+00
  2.40886641e+00  1.28037097e+00  1.06718690e-03 -1.73017740e+00
 -1.54813518e+00  1.97811827e+00  1.49222831e+00 -7.95140725e-01
 -1.37458486e-01 -4.23373459e-01 -1.80708643e-01  2.42491233e+00
 -5.35225226e-01 -6.45182175e-01  1.03708385e+00 -2.30072593e+00
  1.00955011e+00  2.57036495e+00 -5.00241508e-01  2.16806460e+00
 -1.97649319e+00 -8.94328923e-01 -2.41716347e+00 -2.30800545e+00
 -1.41863463e+00 -2.90826327e+00  1.57104052e+00  1.80728905e+00
  1.62108586e+00  1.04343402e+00  1.41264965e+00 -2.32054854e+00
 -2.69191139e+00  1.71281698e+00  1.00146854e+00 -4.03269994e-01
 -2.63950855e+00  1.56032810e+00 -1.24457885e+00 -2.48606115e+00
  6.29166407e-02]
Thu Jun 13 21:54:01 2024,401,0.10842570120568276,[-2.84197532e+00  2.14589213e+00 -1.65992944e+00  1.34695272e-01
  4.81294110e-01 -3.21259357e+00  3.25000798e+00  2.06573566e+00
  1.04884636e+00 -9.99743401e-01  5.66434899e-01  1.31316970e+00
  1.30361854e+00 -1.87901197e+00  7.77735834e-01  2.90206150e+00
 -4.14878109e-01 -4.45057179e-01 -1.93663227e+00  7.83628365e-01
  1.60656059e+00  2.90492585e+00 -1.43055427e+00 -4.12619815e-01
 -2.19706026e+00 -2.10312722e+00  3.11432934e+00  2.78605420e+00
 -7.44733586e-01 -2.64518424e+00  1.53130434e+00 -1.89842252e-01
 -2.41559379e+00  1.86939151e+00  1.11221922e+00 -6.18290076e-01
  1.10001100e+00 -2.01651032e+00 -2.20130051e-01  2.27477010e+00
 -2.09906554e-01  5.40905099e-01  2.38621763e+00  5.70477316e-01
  2.66051969e+00  2.87397572e+00  2.79456839e+00 -2.91542245e+00
  3.10307109e-01 -4.02715605e-01  1.70738367e+00  2.97342813e+00
 -3.78380576e-01 -2.40776797e+00  2.70996762e+00 -3.17574498e+00
  5.69416253e-01 -6.97069477e-01 -1.72243844e+00  3.11806263e+00
 -1.94123210e+00 -1.64024093e+00 -2.55302957e+00  2.37013952e+00
 -2.16784617e+00  1.95009187e+00  1.75586760e+00  1.47610922e+00
  2.48861707e+00  2.92064273e+00  1.95631010e+00  1.49677628e+00
 -1.78705343e+00 -2.37838325e+00  1.16688362e+00  5.61022024e-01
  1.61032260e+00 -2.81946398e+00 -1.11980366e-01  2.53118411e+00
 -1.15349472e+00  1.21099510e+00  1.23534765e+00  6.17066665e-01
 -9.70005210e-01  1.13562493e+00  8.35096566e-01 -3.72101411e-01
  2.81634317e+00 -2.14238233e+00  1.58084084e+00 -6.39195759e-01
  9.89963542e-01 -3.23902786e+00 -2.23671447e+00  3.41872073e-01
 -1.12616534e+00 -4.32016608e-01  2.70342476e-01  3.73545663e-02
 -1.78271402e+00 -1.83950622e-01 -6.29430211e-01  2.86093266e+00
 -1.11210807e+00 -1.20240767e+00 -1.12251294e+00  1.28157836e+00
  1.62972533e+00 -8.41040483e-01  2.09781110e+00 -1.56316382e+00
 -2.55766336e-01 -9.01423520e-01 -2.94867257e+00  3.08805193e+00
 -1.76736405e+00  3.02011208e+00 -1.35908018e+00 -2.44261510e+00
  3.67253059e+00 -1.17071059e+00 -6.94428152e-01 -2.99220464e+00
 -2.52302363e+00  2.97805629e+00 -1.96236681e+00 -1.67503674e+00
 -4.14821880e-01  2.97980305e+00  1.57329989e-01  3.56797706e-02
 -1.63575129e+00 -1.44888546e-01 -1.60274280e+00 -3.10753804e+00
  2.94331908e+00  1.18926261e+00 -3.24816684e-01 -2.32499593e+00
  9.95052691e-01 -1.19305504e+00 -2.59214831e-01 -2.14512708e+00
 -1.92320320e+00  1.77000693e+00 -9.84895192e-01  2.57460708e+00
 -4.47548719e-01 -3.09617214e+00 -2.84189618e+00  1.98465058e+00
 -3.10116948e+00 -2.54978846e-01 -1.02908069e+00 -1.74380403e-01
  2.36165260e+00  1.73393575e+00 -2.16093361e-01 -1.86466095e+00
 -3.02288880e+00  1.31194559e-01 -8.13153470e-01  1.48205278e+00
 -2.51904832e+00  9.80168538e-01 -1.03805009e-01  1.79026916e-01
  2.03491444e+00  7.14234692e-01  7.85034337e-01 -1.24411366e+00
  1.61937918e+00  2.53387628e+00  1.26125432e+00  2.91258846e-01
 -1.01052021e+00  2.61407285e+00  8.10171846e-01 -2.21888394e+00
  2.15004023e-02  1.73414838e+00  1.06522581e+00 -6.37984984e-01
 -2.32947373e+00  2.42490439e+00  2.03843984e+00  1.66209982e+00
  2.28304519e+00  1.83162010e+00 -2.08550989e+00 -2.83174374e+00
  5.47511216e-01  1.38644378e+00 -2.42497914e+00 -1.32598326e+00
  2.40998817e+00  1.28149273e+00  2.18894632e-03 -1.72905564e+00
 -1.54701342e+00  1.97699651e+00  1.49110655e+00 -7.96262484e-01
 -1.36336727e-01 -4.24495219e-01 -1.81830403e-01  2.42379057e+00
 -5.36346986e-01 -6.46303935e-01  1.03596209e+00 -2.30184769e+00
  1.01067187e+00  2.56924319e+00 -4.99119748e-01  2.16918636e+00
 -1.97761495e+00 -8.95450682e-01 -2.41604171e+00 -2.30688369e+00
 -1.41751287e+00 -2.90938503e+00  1.56991877e+00  1.80841081e+00
  1.61996410e+00  1.04455578e+00  1.41377141e+00 -2.32167030e+00
 -2.69303315e+00  1.71169522e+00  1.00259030e+00 -4.04391753e-01
 -2.64063031e+00  1.55920634e+00 -1.24345709e+00 -2.48718291e+00
  6.40384001e-02]
Thu Jun 13 21:54:17 2024,402,0.10806752308650594,[-2.84388872e+00  2.14397873e+00 -1.66184284e+00  1.36608676e-01
  4.83207514e-01 -3.21450698e+00  3.24809457e+00  2.06764907e+00
  1.04693296e+00 -9.97829997e-01  5.68348303e-01  1.31508311e+00
  1.30553195e+00 -1.88092538e+00  7.75822430e-01  2.90014810e+00
 -4.16791513e-01 -4.43143775e-01 -1.93854568e+00  7.85541769e-01
  1.60464719e+00  2.90683925e+00 -1.42864087e+00 -4.10706411e-01
 -2.19514685e+00 -2.10504062e+00  3.11624275e+00  2.78796761e+00
 -7.46646990e-01 -2.64327083e+00  1.53321774e+00 -1.87928848e-01
 -2.41368038e+00  1.86747811e+00  1.11413262e+00 -6.16376672e-01
  1.09809760e+00 -2.01842373e+00 -2.18216647e-01  2.27668350e+00
 -2.11819958e-01  5.38991695e-01  2.38813103e+00  5.68563912e-01
  2.65860629e+00  2.87206232e+00  2.79648180e+00 -2.91350905e+00
  3.08393705e-01 -4.00802201e-01  1.70547027e+00  2.97151473e+00
 -3.76467172e-01 -2.40585457e+00  2.70805422e+00 -3.17383158e+00
  5.67502849e-01 -6.95156073e-01 -1.72435184e+00  3.11997603e+00
 -1.93931870e+00 -1.64215433e+00 -2.55494298e+00  2.37205292e+00
 -2.16593277e+00  1.94817847e+00  1.75778101e+00  1.47802263e+00
  2.49053048e+00  2.92255613e+00  1.95439670e+00  1.49486287e+00
 -1.78514002e+00 -2.38029666e+00  1.16879703e+00  5.62935428e-01
  1.60840920e+00 -2.82137739e+00 -1.10066962e-01  2.52927070e+00
 -1.15540812e+00  1.20908169e+00  1.23726105e+00  6.15153261e-01
 -9.68091806e-01  1.13753833e+00  8.37009970e-01 -3.74014815e-01
  2.81825657e+00 -2.14046892e+00  1.58275424e+00 -6.37282355e-01
  9.91876946e-01 -3.23711446e+00 -2.23480107e+00  3.39958670e-01
 -1.12807874e+00 -4.33930012e-01  2.68429072e-01  3.92679702e-02
 -1.78462743e+00 -1.85864026e-01 -6.31343615e-01  2.85901926e+00
 -1.11402147e+00 -1.20432108e+00 -1.12059953e+00  1.28349176e+00
  1.62781193e+00 -8.42953887e-01  2.09972451e+00 -1.56125042e+00
 -2.57679740e-01 -8.99510116e-01 -2.95058597e+00  3.08613853e+00
 -1.76927745e+00  3.02202548e+00 -1.36099359e+00 -2.44070169e+00
  3.67444400e+00 -1.16879718e+00 -6.96341556e-01 -2.99029124e+00
 -2.52493703e+00  2.97614288e+00 -1.96045341e+00 -1.67312334e+00
 -4.12908476e-01  2.98171645e+00  1.59243393e-01  3.37663666e-02
 -1.63383789e+00 -1.46801950e-01 -1.60082940e+00 -3.10562464e+00
  2.94140567e+00  1.19117602e+00 -3.22903280e-01 -2.32690934e+00
  9.96966095e-01 -1.19496844e+00 -2.57301427e-01 -2.14321368e+00
 -1.92128980e+00  1.76809353e+00 -9.86808596e-01  2.57269367e+00
 -4.49462123e-01 -3.09808554e+00 -2.83998278e+00  1.98656399e+00
 -3.09925607e+00 -2.56892250e-01 -1.02716728e+00 -1.76293806e-01
  2.36356601e+00  1.73584915e+00 -2.18006765e-01 -1.86274755e+00
 -3.02480220e+00  1.33107963e-01 -8.11240066e-01  1.48013938e+00
 -2.52096173e+00  9.78255134e-01 -1.01891605e-01  1.77113512e-01
  2.03300104e+00  7.16148096e-01  7.83120933e-01 -1.24602706e+00
  1.62129259e+00  2.53196288e+00  1.25934092e+00  2.93172250e-01
 -1.00860681e+00  2.61598626e+00  8.12085250e-01 -2.22079734e+00
  1.95869983e-02  1.73606179e+00  1.06331241e+00 -6.39898388e-01
 -2.32756033e+00  2.42681780e+00  2.03652644e+00  1.66018642e+00
  2.28495859e+00  1.83353351e+00 -2.08742330e+00 -2.82983034e+00
  5.49424620e-01  1.38835718e+00 -2.42689254e+00 -1.32406985e+00
  2.41190158e+00  1.28340613e+00  2.75542345e-04 -1.72714224e+00
 -1.54892683e+00  1.97890992e+00  1.48919315e+00 -7.98175888e-01
 -1.38250131e-01 -4.22581815e-01 -1.83743807e-01  2.42187716e+00
 -5.34433582e-01 -6.44390531e-01  1.03404869e+00 -2.30376109e+00
  1.00875847e+00  2.56732978e+00 -5.01033152e-01  2.16727296e+00
 -1.97570155e+00 -8.97364086e-01 -2.41795511e+00 -2.30497028e+00
 -1.41942628e+00 -2.90747163e+00  1.57183217e+00  1.80649741e+00
  1.62187750e+00  1.04264238e+00  1.41568481e+00 -2.31975690e+00
 -2.69111974e+00  1.70978182e+00  1.00450371e+00 -4.06305157e-01
 -2.63871691e+00  1.55729294e+00 -1.24154369e+00 -2.48526951e+00
  6.59518041e-02]
Thu Jun 13 21:54:47 2024,403,0.10805527958780767,[-2.84423234e+00  2.14432235e+00 -1.66149922e+00  1.36265055e-01
  4.82863894e-01 -3.21416336e+00  3.24775095e+00  2.06799269e+00
  1.04658934e+00 -9.97486377e-01  5.68004682e-01  1.31473949e+00
  1.30518833e+00 -1.88058175e+00  7.76166051e-01  2.89980448e+00
 -4.17135133e-01 -4.43487396e-01 -1.93888930e+00  7.85885389e-01
  1.60499081e+00  2.90649563e+00 -1.42829725e+00 -4.11050032e-01
 -2.19549047e+00 -2.10469700e+00  3.11658637e+00  2.78831123e+00
 -7.46990611e-01 -2.64361445e+00  1.53356136e+00 -1.87585227e-01
 -2.41402400e+00  1.86713448e+00  1.11447624e+00 -6.16033051e-01
  1.09844122e+00 -2.01876735e+00 -2.17873026e-01  2.27702712e+00
 -2.11476337e-01  5.38648075e-01  2.38778741e+00  5.68220291e-01
  2.65826267e+00  2.87240594e+00  2.79613818e+00 -2.91316543e+00
  3.08737325e-01 -4.00458581e-01  1.70512665e+00  2.97185835e+00
 -3.76810793e-01 -2.40619819e+00  2.70771060e+00 -3.17348796e+00
  5.67159228e-01 -6.94812452e-01 -1.72400822e+00  3.12031965e+00
 -1.93966232e+00 -1.64181071e+00 -2.55459935e+00  2.37239654e+00
 -2.16627639e+00  1.94852209e+00  1.75812463e+00  1.47767901e+00
  2.49087410e+00  2.92221251e+00  1.95474032e+00  1.49451925e+00
 -1.78548364e+00 -2.37995304e+00  1.16845340e+00  5.62591807e-01
  1.60806558e+00 -2.82103377e+00 -1.10410582e-01  2.52961433e+00
 -1.15575174e+00  1.20873807e+00  1.23691743e+00  6.14809640e-01
 -9.68435427e-01  1.13719471e+00  8.36666349e-01 -3.73671194e-01
  2.81860019e+00 -2.14012530e+00  1.58309786e+00 -6.37625976e-01
  9.91533325e-01 -3.23677084e+00 -2.23445745e+00  3.39615049e-01
 -1.12842236e+00 -4.33586392e-01  2.68085451e-01  3.89243496e-02
 -1.78428381e+00 -1.86207647e-01 -6.30999994e-01  2.85867564e+00
 -1.11367785e+00 -1.20397746e+00 -1.12094315e+00  1.28314814e+00
  1.62815555e+00 -8.42610267e-01  2.10006813e+00 -1.56159404e+00
 -2.57336119e-01 -8.99166495e-01 -2.95024235e+00  3.08579491e+00
 -1.76962107e+00  3.02168186e+00 -1.36133721e+00 -2.44104531e+00
  3.67478762e+00 -1.16914080e+00 -6.95997936e-01 -2.99063486e+00
 -2.52459341e+00  2.97648650e+00 -1.96079703e+00 -1.67346696e+00
 -4.12564855e-01  2.98206007e+00  1.59587013e-01  3.34227460e-02
 -1.63349427e+00 -1.46458330e-01 -1.60117302e+00 -3.10596826e+00
  2.94174930e+00  1.19083240e+00 -3.23246901e-01 -2.32725296e+00
  9.96622474e-01 -1.19531206e+00 -2.56957807e-01 -2.14355730e+00
 -1.92163342e+00  1.76843715e+00 -9.86464975e-01  2.57235005e+00
 -4.49118503e-01 -3.09774192e+00 -2.83963916e+00  1.98690761e+00
 -3.09959969e+00 -2.57235871e-01 -1.02751091e+00 -1.75950186e-01
  2.36390963e+00  1.73550553e+00 -2.18350386e-01 -1.86309117e+00
 -3.02514582e+00  1.32764343e-01 -8.11583686e-01  1.47979576e+00
 -2.52061811e+00  9.77911514e-01 -1.01547985e-01  1.76769891e-01
  2.03265742e+00  7.16491716e-01  7.82777312e-01 -1.24568344e+00
  1.62094897e+00  2.53161926e+00  1.25968454e+00  2.93515871e-01
 -1.00826319e+00  2.61564264e+00  8.11741629e-01 -2.22114096e+00
  1.92433777e-02  1.73640541e+00  1.06296878e+00 -6.39554768e-01
 -2.32721671e+00  2.42647418e+00  2.03687006e+00  1.66053004e+00
  2.28530221e+00  1.83387713e+00 -2.08776692e+00 -2.82948672e+00
  5.49768241e-01  1.38801356e+00 -2.42654892e+00 -1.32441347e+00
  2.41224520e+00  1.28374975e+00  6.19162928e-04 -1.72679861e+00
 -1.54927045e+00  1.97856630e+00  1.48884953e+00 -7.97832268e-01
 -1.38593751e-01 -4.22238194e-01 -1.83400186e-01  2.42153354e+00
 -5.34777202e-01 -6.44734151e-01  1.03370507e+00 -2.30341747e+00
  1.00841485e+00  2.56767340e+00 -5.01376773e-01  2.16692934e+00
 -1.97535793e+00 -8.97020466e-01 -2.41761149e+00 -2.30462666e+00
 -1.41908266e+00 -2.90712800e+00  1.57148855e+00  1.80615379e+00
  1.62222112e+00  1.04229876e+00  1.41534119e+00 -2.32010052e+00
 -2.69146336e+00  1.71012544e+00  1.00416009e+00 -4.06648778e-01
 -2.63906053e+00  1.55694932e+00 -1.24120007e+00 -2.48561313e+00
  6.56081835e-02]
Thu Jun 13 21:56:49 2024,404,0.10762942350963525,[-2.84716432e+00  2.14725433e+00 -1.66443120e+00  1.33333078e-01
  4.85795871e-01 -3.21709534e+00  3.25068293e+00  2.07092466e+00
  1.04952131e+00 -1.00041835e+00  5.65072704e-01  1.31180751e+00
  1.30225635e+00 -1.88351373e+00  7.73234073e-01  2.89687250e+00
 -4.14203156e-01 -4.46419373e-01 -1.94182128e+00  7.88817367e-01
  1.60792279e+00  2.90356366e+00 -1.42536527e+00 -4.08118054e-01
 -2.19255850e+00 -2.10176502e+00  3.11951835e+00  2.79124321e+00
 -7.49922588e-01 -2.64654643e+00  1.53649334e+00 -1.90517205e-01
 -2.41109202e+00  1.86420251e+00  1.11740822e+00 -6.18965029e-01
  1.09550924e+00 -2.02169932e+00 -2.14941049e-01  2.27409514e+00
 -2.14408315e-01  5.41580052e-01  2.38485543e+00  5.65288314e-01
  2.66119464e+00  2.87533792e+00  2.79907016e+00 -2.91023345e+00
  3.05805348e-01 -3.97526603e-01  1.70805863e+00  2.96892637e+00
 -3.79742770e-01 -2.40326621e+00  2.71064258e+00 -3.17641993e+00
  5.64227250e-01 -6.91880475e-01 -1.72694020e+00  3.11738767e+00
 -1.94259430e+00 -1.64474269e+00 -2.55166738e+00  2.37532852e+00
 -2.16334441e+00  1.95145407e+00  1.75519265e+00  1.48061098e+00
  2.49380608e+00  2.91928053e+00  1.95180834e+00  1.49158728e+00
 -1.78841562e+00 -2.38288502e+00  1.16552143e+00  5.65523785e-01
  1.61099756e+00 -2.81810179e+00 -1.13342560e-01  2.53254630e+00
 -1.15281977e+00  1.20580610e+00  1.23984941e+00  6.17741618e-01
 -9.65503449e-01  1.14012669e+00  8.39598327e-01 -3.76603172e-01
  2.82153217e+00 -2.13719332e+00  1.58016588e+00 -6.34693998e-01
  9.88601348e-01 -3.23383886e+00 -2.23152547e+00  3.36683071e-01
 -1.12549039e+00 -4.30654414e-01  2.65153474e-01  3.59923721e-02
 -1.78721578e+00 -1.89139624e-01 -6.33931972e-01  2.86160762e+00
 -1.11660983e+00 -1.20104548e+00 -1.12387513e+00  1.28021616e+00
  1.62522357e+00 -8.39678289e-01  2.09713615e+00 -1.55866206e+00
 -2.54404142e-01 -8.96234518e-01 -2.95317433e+00  3.08872688e+00
 -1.77255305e+00  3.02461384e+00 -1.35840523e+00 -2.43811334e+00
  3.67771960e+00 -1.17207278e+00 -6.93065958e-01 -2.99356684e+00
 -2.52166144e+00  2.97355453e+00 -1.96372901e+00 -1.67053498e+00
 -4.09632877e-01  2.97912809e+00  1.56655036e-01  3.04907684e-02
 -1.63056229e+00 -1.49390307e-01 -1.59824104e+00 -3.10890023e+00
  2.94468127e+00  1.18790042e+00 -3.20314923e-01 -2.33018493e+00
  9.99554452e-01 -1.19824404e+00 -2.59889784e-01 -2.14648927e+00
 -1.91870144e+00  1.77136912e+00 -9.83532998e-01  2.57528203e+00
 -4.46186525e-01 -3.09480995e+00 -2.83670718e+00  1.98397563e+00
 -3.10253167e+00 -2.60167849e-01 -1.03044288e+00 -1.78882163e-01
  2.36684161e+00  1.73257355e+00 -2.15418408e-01 -1.86015919e+00
 -3.02807780e+00  1.29832365e-01 -8.14515664e-01  1.47686378e+00
 -2.51768613e+00  9.80843491e-01 -1.04479962e-01  1.79701869e-01
  2.02972544e+00  7.19423694e-01  7.79845335e-01 -1.24275146e+00
  1.61801699e+00  2.52868728e+00  1.26261652e+00  2.90583893e-01
 -1.01119517e+00  2.61271066e+00  8.08809652e-01 -2.21820898e+00
  2.21753553e-02  1.73933738e+00  1.06590076e+00 -6.42486745e-01
 -2.33014869e+00  2.42940615e+00  2.03393808e+00  1.66346202e+00
  2.28237023e+00  1.83680910e+00 -2.09069890e+00 -2.83241869e+00
  5.46836263e-01  1.39094554e+00 -2.42948090e+00 -1.32734545e+00
  2.41517718e+00  1.28668173e+00  3.55114050e-03 -1.72386664e+00
 -1.55220242e+00  1.97563432e+00  1.49178151e+00 -8.00764245e-01
 -1.35661774e-01 -4.25170172e-01 -1.80468208e-01  2.41860156e+00
 -5.37709180e-01 -6.47666129e-01  1.03077309e+00 -2.30634945e+00
  1.01134683e+00  2.57060538e+00 -4.98444795e-01  2.16399736e+00
 -1.97242595e+00 -8.94088488e-01 -2.42054347e+00 -2.30169468e+00
 -1.42201463e+00 -2.91005998e+00  1.56855657e+00  1.80322181e+00
  1.61928914e+00  1.04523074e+00  1.41240921e+00 -2.31716854e+00
 -2.68853139e+00  1.71305741e+00  1.00122811e+00 -4.03716800e-01
 -2.63612855e+00  1.55401734e+00 -1.23826809e+00 -2.48854510e+00
  6.85401611e-02]
Thu Jun 13 21:57:04 2024,405,0.10760724019323534,[-2.84667005  2.1477486  -1.66393693  0.13382734  0.48530161 -3.2175896
  3.25018866  2.0704304   1.04902705 -0.99992409  0.56556697  1.31230177
  1.30176208 -1.884008    0.77372834  2.89736676 -0.41370889 -0.44592511
 -1.94132701  0.7883231   1.60841705  2.90306939 -1.42487101 -0.40762379
 -2.19206423 -2.10225929  3.12001261  2.79074894 -0.74942832 -2.6470407
  1.53698761 -0.19002294 -2.41059776  1.86469677  1.11691396 -0.6194593
  1.09600351 -2.02120506 -0.21543532  2.27360088 -0.21391405  0.54207432
  2.38436117  0.56578258  2.66070038  2.87583218  2.79956442 -2.90973918
  0.30629961 -0.39703234  1.70855289  2.96942064 -0.3792485  -2.40277194
  2.71014831 -3.1769142   0.56472152 -0.69138621 -1.72644593  3.11689341
 -1.94308856 -1.64523695 -2.55216164  2.37483426 -2.16285014  1.9509598
  1.75568692  1.48110525  2.49331181  2.91878627  1.95230261  1.49208154
 -1.78792135 -2.38239075  1.16502716  0.56502952  1.61050329 -2.81859606
 -0.11284829  2.53304057 -1.15331403  1.20531183  1.23935514  0.61823588
 -0.96599772  1.14062095  0.84009259 -0.37709744  2.8210379  -2.13768759
  1.57967162 -0.63518826  0.98810708 -3.23334459 -2.2310312   0.3361888
 -1.12499612 -0.43114868  0.26564774  0.03549811 -1.78672152 -0.18864536
 -0.63442624  2.86111335 -1.11611556 -1.20055121 -1.1243694   1.2797219
  1.62472931 -0.83918402  2.09664188 -1.5581678  -0.25390988 -0.89672878
 -2.95366859  3.08823262 -1.77205878  3.02510811 -1.35791096 -2.43761907
  3.67821386 -1.17256705 -0.69356022 -2.9940611  -2.52116717  2.97306026
 -1.96422328 -1.67102925 -0.41012714  2.97962236  0.1571493   0.03098503
 -1.63105656 -0.14988457 -1.59873531 -3.10840597  2.94517554  1.18839469
 -0.31982066 -2.32969067  0.99906019 -1.19873831 -0.25939552 -2.14698354
 -1.91820717  1.77186339 -0.98303873  2.57478776 -0.44569226 -3.09530421
 -2.83621291  1.98348136 -3.1020374  -0.25967358 -1.02994862 -0.1783879
  2.36733587  1.73207929 -0.21492414 -1.85966493 -3.02758353  0.1293381
 -0.81500993  1.47636952 -2.51818039  0.98034922 -0.10497423  0.18019614
  2.02923117  0.71991796  0.7803396  -1.24324573  1.61752272  2.52819301
  1.26311078  0.29107816 -1.0107009   2.61221639  0.80831539 -2.21870325
  0.02168109  1.73884312  1.06639503 -0.64298101 -2.33064295  2.42891189
  2.03344382  1.66395628  2.2828645   1.83631484 -2.09119316 -2.83192443
  0.546342    1.3914398  -2.42997517 -1.32685118  2.41567144  1.287176
  0.00404541 -1.72337237 -1.55170816  1.97514005  1.49227577 -0.80125851
 -0.13615604 -0.42566444 -0.18096247  2.4181073  -0.53721491 -0.64717186
  1.03027882 -2.30585518  1.01184109  2.57011112 -0.49893906  2.16449163
 -1.97193168 -0.89458275 -2.4200492  -2.30218895 -1.42152037 -2.91055425
  1.56905084  1.80272755  1.61879488  1.045725    1.41290348 -2.31667427
 -2.68803712  1.71355168  1.00172238 -0.40322253 -2.63662282  1.55451161
 -1.23876235 -2.48805084  0.06804589]
Thu Jun 13 21:57:19 2024,406,0.10743239974411471,[-2.84460928e+00  2.14568783e+00 -1.66187616e+00  1.35888112e-01
  4.83240837e-01 -3.21552883e+00  3.25224943e+00  2.06836963e+00
  1.05108782e+00 -9.97863319e-01  5.67627739e-01  1.31024101e+00
  1.30382285e+00 -1.88606877e+00  7.71667571e-01  2.89530600e+00
 -4.11648121e-01 -4.43864338e-01 -1.93926624e+00  7.90383869e-01
  1.60635628e+00  2.90100862e+00 -1.42693177e+00 -4.05563020e-01
 -2.19412500e+00 -2.10432006e+00  3.11795184e+00  2.79280971e+00
 -7.51489090e-01 -2.64497993e+00  1.53492684e+00 -1.92083707e-01
 -2.40853699e+00  1.86263601e+00  1.11897472e+00 -6.21520064e-01
  1.09394274e+00 -2.01914429e+00 -2.17496083e-01  2.27566165e+00
 -2.15974817e-01  5.40013550e-01  2.38642193e+00  5.63721812e-01
  2.66276115e+00  2.87789295e+00  2.80162519e+00 -2.91179995e+00
  3.04238846e-01 -3.94971568e-01  1.70649212e+00  2.96735987e+00
 -3.77187735e-01 -2.40483271e+00  2.71220908e+00 -3.17897497e+00
  5.62660749e-01 -6.89325440e-01 -1.72850670e+00  3.11895417e+00
 -1.94102779e+00 -1.64729772e+00 -2.55422241e+00  2.37277349e+00
 -2.16078938e+00  1.95302057e+00  1.75362615e+00  1.47904448e+00
  2.49537258e+00  2.91672550e+00  1.95024184e+00  1.49002077e+00
 -1.78998212e+00 -2.38445152e+00  1.16296639e+00  5.62968750e-01
  1.60844252e+00 -2.82065682e+00 -1.10787525e-01  2.53097980e+00
 -1.15537480e+00  1.20737260e+00  1.23729438e+00  6.16175116e-01
 -9.68058484e-01  1.13856019e+00  8.38031825e-01 -3.75036670e-01
  2.81897713e+00 -2.13562682e+00  1.57761085e+00 -6.33127496e-01
  9.90167850e-01 -3.23128382e+00 -2.22897044e+00  3.34128037e-01
 -1.12293535e+00 -4.29087912e-01  2.63586972e-01  3.75588740e-02
 -1.78466075e+00 -1.86584590e-01 -6.36487006e-01  2.86317412e+00
 -1.11405480e+00 -1.20261198e+00 -1.12643017e+00  1.28178266e+00
  1.62679007e+00 -8.37123254e-01  2.09870265e+00 -1.56022856e+00
 -2.51849107e-01 -8.98789552e-01 -2.95572936e+00  3.08617185e+00
 -1.76999801e+00  3.02716887e+00 -1.35997173e+00 -2.43555830e+00
  3.68027463e+00 -1.17462782e+00 -6.91499456e-01 -2.99200033e+00
 -2.51910640e+00  2.97099949e+00 -1.96216251e+00 -1.67309001e+00
 -4.08066376e-01  2.97756159e+00  1.55088534e-01  3.30458032e-02
 -1.62899579e+00 -1.47823805e-01 -1.59667454e+00 -3.10634520e+00
  2.94723631e+00  1.18633392e+00 -3.21881425e-01 -2.32762990e+00
  9.96999417e-01 -1.19667754e+00 -2.61456286e-01 -2.14492277e+00
 -1.92026794e+00  1.76980262e+00 -9.85099500e-01  2.57684853e+00
 -4.43631490e-01 -3.09736498e+00 -2.83827368e+00  1.98554213e+00
 -3.10409817e+00 -2.57612814e-01 -1.03200938e+00 -1.80448665e-01
  2.36527511e+00  1.73414006e+00 -2.16984910e-01 -1.85760416e+00
 -3.02552276e+00  1.31398867e-01 -8.17070698e-01  1.47430875e+00
 -2.52024116e+00  9.78288456e-01 -1.02913460e-01  1.78135367e-01
  2.03129194e+00  7.17857192e-01  7.78278833e-01 -1.24530650e+00
  1.61546195e+00  2.53025378e+00  1.26105002e+00  2.89017392e-01
 -1.00864013e+00  2.61015563e+00  8.06254617e-01 -2.22076402e+00
  2.37418572e-02  1.73678235e+00  1.06845580e+00 -6.45041780e-01
 -2.32858218e+00  2.42685112e+00  2.03550458e+00  1.66601705e+00
  2.28080373e+00  1.83425407e+00 -2.08913239e+00 -2.83398520e+00
  5.44281229e-01  1.38937904e+00 -2.42791440e+00 -1.32891195e+00
  2.41773221e+00  1.28511523e+00  1.98463860e-03 -1.72543314e+00
 -1.54964739e+00  1.97307928e+00  1.49021500e+00 -8.03319280e-01
 -1.34095272e-01 -4.27725207e-01 -1.83023243e-01  2.41604653e+00
 -5.39275682e-01 -6.49232631e-01  1.02821805e+00 -2.30379442e+00
  1.01390186e+00  2.57217188e+00 -5.00999830e-01  2.16243086e+00
 -1.96987092e+00 -8.96643523e-01 -2.41798844e+00 -2.30012818e+00
 -1.42358114e+00 -2.91261502e+00  1.57111161e+00  1.80066678e+00
  1.61673411e+00  1.04366424e+00  1.41084271e+00 -2.31873504e+00
 -2.68597635e+00  1.71561245e+00  1.00378314e+00 -4.01161765e-01
 -2.63456205e+00  1.55657237e+00 -1.24082312e+00 -2.48599007e+00
  6.59851263e-02]
Thu Jun 13 21:57:35 2024,407,0.10743844638279676,[-2.84491439e+00  2.14538272e+00 -1.66157106e+00  1.36193219e-01
  4.82935730e-01 -3.21522373e+00  3.25194432e+00  2.06806452e+00
  1.05078271e+00 -9.98168426e-01  5.67322633e-01  1.30993590e+00
  1.30351774e+00 -1.88576366e+00  7.71362465e-01  2.89561110e+00
 -4.11343014e-01 -4.43559232e-01 -1.93896114e+00  7.90688975e-01
  1.60605118e+00  2.90070351e+00 -1.42662667e+00 -4.05257913e-01
 -2.19443010e+00 -2.10462516e+00  3.11825695e+00  2.79250460e+00
 -7.51183984e-01 -2.64528503e+00  1.53523195e+00 -1.92388813e-01
 -2.40823188e+00  1.86294111e+00  1.11866962e+00 -6.21825170e-01
  1.09363763e+00 -2.01944940e+00 -2.17801190e-01  2.27535654e+00
 -2.15669710e-01  5.40318657e-01  2.38672704e+00  5.64026918e-01
  2.66306625e+00  2.87758784e+00  2.80193030e+00 -2.91149484e+00
  3.04543952e-01 -3.94666462e-01  1.70679723e+00  2.96705476e+00
 -3.76882629e-01 -2.40513782e+00  2.71190397e+00 -3.17866986e+00
  5.62965855e-01 -6.89630546e-01 -1.72881181e+00  3.11925928e+00
 -1.94072269e+00 -1.64699262e+00 -2.55391731e+00  2.37246838e+00
 -2.16109448e+00  1.95332568e+00  1.75332104e+00  1.47934959e+00
  2.49567768e+00  2.91642039e+00  1.94993673e+00  1.49032588e+00
 -1.79028723e+00 -2.38414641e+00  1.16327150e+00  5.62663644e-01
  1.60874763e+00 -2.82035172e+00 -1.11092631e-01  2.53128491e+00
 -1.15506970e+00  1.20767770e+00  1.23698927e+00  6.16480222e-01
 -9.67753378e-01  1.13825508e+00  8.38336931e-01 -3.74731564e-01
  2.81867203e+00 -2.13532172e+00  1.57791596e+00 -6.32822390e-01
  9.89862743e-01 -3.23097872e+00 -2.22866533e+00  3.33822930e-01
 -1.12263025e+00 -4.29393019e-01  2.63892078e-01  3.78639803e-02
 -1.78435564e+00 -1.86889696e-01 -6.36792113e-01  2.86347923e+00
 -1.11435990e+00 -1.20291709e+00 -1.12612506e+00  1.28208777e+00
  1.62709518e+00 -8.37428361e-01  2.09839754e+00 -1.55992346e+00
 -2.51544001e-01 -8.99094659e-01 -2.95603447e+00  3.08586674e+00
 -1.76969291e+00  3.02747398e+00 -1.36027684e+00 -2.43525320e+00
  3.68057974e+00 -1.17432271e+00 -6.91804563e-01 -2.99230544e+00
 -2.51941151e+00  2.97130460e+00 -1.96185740e+00 -1.67278491e+00
 -4.08371482e-01  2.97786670e+00  1.55393640e-01  3.27406969e-02
 -1.62869068e+00 -1.47518699e-01 -1.59636943e+00 -3.10665031e+00
  2.94693120e+00  1.18663902e+00 -3.21576319e-01 -2.32732479e+00
  9.96694311e-01 -1.19698265e+00 -2.61761392e-01 -2.14461767e+00
 -1.91996284e+00  1.76949752e+00 -9.84794393e-01  2.57654342e+00
 -4.43326384e-01 -3.09767009e+00 -2.83796858e+00  1.98584724e+00
 -3.10379307e+00 -2.57307707e-01 -1.03170428e+00 -1.80143559e-01
  2.36558021e+00  1.73444516e+00 -2.17290016e-01 -1.85729905e+00
 -3.02521766e+00  1.31703973e-01 -8.17375805e-01  1.47461385e+00
 -2.52054627e+00  9.78593563e-01 -1.02608354e-01  1.77830260e-01
  2.03098683e+00  7.17552086e-01  7.77973726e-01 -1.24561161e+00
  1.61576706e+00  2.53055889e+00  1.26135512e+00  2.88712285e-01
 -1.00894524e+00  2.61046073e+00  8.06559723e-01 -2.22045891e+00
  2.34367509e-02  1.73647724e+00  1.06876090e+00 -6.44736674e-01
 -2.32827708e+00  2.42654601e+00  2.03519948e+00  1.66571195e+00
  2.28049862e+00  1.83394896e+00 -2.08882729e+00 -2.83368009e+00
  5.44586335e-01  1.38907393e+00 -2.42821951e+00 -1.32860685e+00
  2.41742710e+00  1.28481012e+00  1.67953227e-03 -1.72512803e+00
 -1.54995250e+00  1.97277418e+00  1.48990990e+00 -8.03624386e-01
 -1.34400378e-01 -4.28030313e-01 -1.82718137e-01  2.41574142e+00
 -5.38970575e-01 -6.49537737e-01  1.02791295e+00 -2.30409952e+00
  1.01359675e+00  2.57186678e+00 -5.01304936e-01  2.16273596e+00
 -1.96956581e+00 -8.96338417e-01 -2.41829354e+00 -2.30043329e+00
 -1.42327603e+00 -2.91230991e+00  1.57080650e+00  1.80036167e+00
  1.61642900e+00  1.04396934e+00  1.41053761e+00 -2.31842993e+00
 -2.68567124e+00  1.71530734e+00  1.00408825e+00 -4.00856659e-01
 -2.63486715e+00  1.55626727e+00 -1.24051802e+00 -2.48568496e+00
  6.62902326e-02]
Thu Jun 13 21:57:49 2024,408,0.10733720357196194,[-2.84846017e+00  2.14183694e+00 -1.65802528e+00  1.32647441e-01
  4.79389952e-01 -3.21876951e+00  3.25549010e+00  2.06451874e+00
  1.05432849e+00 -9.94622648e-01  5.70868411e-01  1.31348168e+00
  1.29997197e+00 -1.88221788e+00  7.74908243e-01  2.89915688e+00
 -4.07797236e-01 -4.40013454e-01 -1.93541536e+00  7.94234753e-01
  1.60959696e+00  2.90424929e+00 -1.42308089e+00 -4.01712135e-01
 -2.19797588e+00 -2.10817094e+00  3.12180273e+00  2.78895882e+00
 -7.47638206e-01 -2.64173926e+00  1.53168617e+00 -1.95934591e-01
 -2.41177766e+00  1.86648689e+00  1.11512384e+00 -6.25370948e-01
  1.09718341e+00 -2.01590362e+00 -2.21346968e-01  2.27181076e+00
 -2.19215488e-01  5.36772879e-01  2.39027282e+00  5.67572696e-01
  2.66661203e+00  2.87404207e+00  2.80547608e+00 -2.91504062e+00
  3.00998174e-01 -3.91120684e-01  1.70325145e+00  2.97060054e+00
 -3.80428407e-01 -2.40159204e+00  2.71544975e+00 -3.17512408e+00
  5.66511633e-01 -6.86084768e-01 -1.72526603e+00  3.12280506e+00
 -1.93717691e+00 -1.64344684e+00 -2.55746308e+00  2.36892260e+00
 -2.16464026e+00  1.95687145e+00  1.74977526e+00  1.48289537e+00
  2.49922346e+00  2.91996617e+00  1.95348251e+00  1.48678010e+00
 -1.78674145e+00 -2.38060063e+00  1.15972572e+00  5.59117866e-01
  1.60520185e+00 -2.81680594e+00 -1.14638410e-01  2.53483069e+00
 -1.15861547e+00  1.21122348e+00  1.23344349e+00  6.12934444e-01
 -9.71299156e-01  1.13470930e+00  8.34791153e-01 -3.71185785e-01
  2.81512625e+00 -2.13886749e+00  1.58146173e+00 -6.29276612e-01
  9.86316965e-01 -3.23452450e+00 -2.22511955e+00  3.37368708e-01
 -1.11908447e+00 -4.25847240e-01  2.60346300e-01  4.14097584e-02
 -1.78790142e+00 -1.90435474e-01 -6.33246334e-01  2.85993345e+00
 -1.11081412e+00 -1.19937131e+00 -1.12257928e+00  1.27854199e+00
  1.63064096e+00 -8.33882582e-01  2.10194332e+00 -1.56346924e+00
 -2.47998223e-01 -8.95548881e-01 -2.95248869e+00  3.08941252e+00
 -1.77323869e+00  3.02392820e+00 -1.35673106e+00 -2.43879897e+00
  3.67703396e+00 -1.17786849e+00 -6.88258785e-01 -2.99585122e+00
 -2.52295729e+00  2.97485038e+00 -1.96540318e+00 -1.66923913e+00
 -4.04825704e-01  2.97432092e+00  1.58939418e-01  2.91949187e-02
 -1.62514490e+00 -1.51064477e-01 -1.59282366e+00 -3.11019608e+00
  2.94338542e+00  1.18309325e+00 -3.18030540e-01 -2.32377901e+00
  1.00024009e+00 -1.20052842e+00 -2.65307171e-01 -2.14107189e+00
 -1.91641706e+00  1.77304329e+00 -9.81248615e-01  2.57299765e+00
 -4.46872162e-01 -3.09412431e+00 -2.83442280e+00  1.98939302e+00
 -3.10733884e+00 -2.60853486e-01 -1.02815850e+00 -1.83689337e-01
  2.36203443e+00  1.73089938e+00 -2.13744238e-01 -1.85375327e+00
 -3.02876344e+00  1.35249752e-01 -8.13830027e-01  1.47106808e+00
 -2.51700049e+00  9.75047785e-01 -9.90625758e-02  1.81376039e-01
  2.02744106e+00  7.14006308e-01  7.74427948e-01 -1.24206583e+00
  1.61931284e+00  2.53410466e+00  1.26490090e+00  2.85166507e-01
 -1.01249102e+00  2.60691495e+00  8.10105501e-01 -2.22400469e+00
  1.98909728e-02  1.74002302e+00  1.07230668e+00 -6.48282452e-01
 -2.32473130e+00  2.42300023e+00  2.03874526e+00  1.66925773e+00
  2.27695285e+00  1.83040318e+00 -2.09237307e+00 -2.83013431e+00
  5.48132113e-01  1.38552815e+00 -2.42467373e+00 -1.32506107e+00
  2.42097288e+00  1.28126435e+00 -1.86624586e-03 -1.72867381e+00
 -1.55349827e+00  1.96922840e+00  1.49345567e+00 -8.00078608e-01
 -1.30854600e-01 -4.31576091e-01 -1.79172359e-01  2.41219565e+00
 -5.42516353e-01 -6.53083515e-01  1.03145873e+00 -2.30055374e+00
  1.01005098e+00  2.56832100e+00 -5.04850714e-01  2.16628174e+00
 -1.97311159e+00 -8.99884195e-01 -2.42183932e+00 -2.30397907e+00
 -1.42682181e+00 -2.90876413e+00  1.56726072e+00  1.79681589e+00
  1.61997478e+00  1.04042356e+00  1.41408338e+00 -2.31488416e+00
 -2.68212547e+00  1.71885312e+00  1.00054247e+00 -3.97310881e-01
 -2.63841293e+00  1.55272149e+00 -1.23697224e+00 -2.48923074e+00
  6.98360108e-02]
Thu Jun 13 21:58:05 2024,409,0.10733430703543503,[-2.84866197e+00  2.14203874e+00 -1.65782348e+00  1.32849243e-01
  4.79188150e-01 -3.21897131e+00  3.25528830e+00  2.06431694e+00
  1.05412669e+00 -9.94420845e-01  5.70666609e-01  1.31327988e+00
  1.30017377e+00 -1.88201608e+00  7.75110045e-01  2.89895508e+00
 -4.07999039e-01 -4.39811652e-01 -1.93561716e+00  7.94436555e-01
  1.60979876e+00  2.90404749e+00 -1.42287909e+00 -4.01913937e-01
 -2.19777408e+00 -2.10796914e+00  3.12200453e+00  2.78916062e+00
 -7.47436404e-01 -2.64194106e+00  1.53188797e+00 -1.96136393e-01
 -2.41157586e+00  1.86628509e+00  1.11532564e+00 -6.25572750e-01
  1.09738521e+00 -2.01570181e+00 -2.21145166e-01  2.27201256e+00
 -2.19417291e-01  5.36974681e-01  2.39047462e+00  5.67370894e-01
  2.66681383e+00  2.87384026e+00  2.80567788e+00 -2.91524242e+00
  3.01199976e-01 -3.91322486e-01  1.70345326e+00  2.97039874e+00
 -3.80630209e-01 -2.40179384e+00  2.71565155e+00 -3.17532589e+00
  5.66309831e-01 -6.85882966e-01 -1.72546783e+00  3.12300686e+00
 -1.93737871e+00 -1.64324503e+00 -2.55766489e+00  2.36912440e+00
 -2.16443846e+00  1.95707326e+00  1.74957346e+00  1.48269356e+00
  2.49942526e+00  2.92016797e+00  1.95368431e+00  1.48698190e+00
 -1.78694325e+00 -2.38080244e+00  1.15992752e+00  5.58916063e-01
  1.60540365e+00 -2.81660414e+00 -1.14436607e-01  2.53503249e+00
 -1.15881728e+00  1.21142528e+00  1.23324169e+00  6.12732642e-01
 -9.71097354e-01  1.13450750e+00  8.34589351e-01 -3.70983983e-01
  2.81492445e+00 -2.13906930e+00  1.58166354e+00 -6.29478414e-01
  9.86115163e-01 -3.23432269e+00 -2.22532135e+00  3.37166906e-01
 -1.11888266e+00 -4.26049043e-01  2.60144498e-01  4.16115606e-02
 -1.78810322e+00 -1.90637276e-01 -6.33448137e-01  2.85973165e+00
 -1.11061232e+00 -1.19916951e+00 -1.12278108e+00  1.27874379e+00
  1.63043916e+00 -8.34084385e-01  2.10174152e+00 -1.56326743e+00
 -2.47796420e-01 -8.95347078e-01 -2.95228689e+00  3.08961432e+00
 -1.77344049e+00  3.02372640e+00 -1.35693286e+00 -2.43900078e+00
  3.67723576e+00 -1.17807029e+00 -6.88056982e-01 -2.99605302e+00
 -2.52315909e+00  2.97505218e+00 -1.96560498e+00 -1.66903733e+00
 -4.05027506e-01  2.97411912e+00  1.58737616e-01  2.93967209e-02
 -1.62534670e+00 -1.50862675e-01 -1.59302546e+00 -3.11039789e+00
  2.94358723e+00  1.18289144e+00 -3.18232343e-01 -2.32398082e+00
  1.00044189e+00 -1.20073023e+00 -2.65508973e-01 -2.14127369e+00
 -1.91621526e+00  1.77324510e+00 -9.81450417e-01  2.57279584e+00
 -4.46670360e-01 -3.09432611e+00 -2.83422100e+00  1.98959482e+00
 -3.10713704e+00 -2.60651683e-01 -1.02836030e+00 -1.83487535e-01
  2.36223624e+00  1.73110119e+00 -2.13946040e-01 -1.85395508e+00
 -3.02856163e+00  1.35047949e-01 -8.14031829e-01  1.47126988e+00
 -2.51720229e+00  9.74845982e-01 -9.92643780e-02  1.81577841e-01
  2.02723925e+00  7.14208110e-01  7.74629750e-01 -1.24186403e+00
  1.61911104e+00  2.53390286e+00  1.26469910e+00  2.84964705e-01
 -1.01269282e+00  2.60671315e+00  8.09903699e-01 -2.22380289e+00
  1.96891706e-02  1.73982122e+00  1.07210488e+00 -6.48080650e-01
 -2.32493310e+00  2.42320204e+00  2.03894706e+00  1.66945953e+00
  2.27675104e+00  1.83020138e+00 -2.09257487e+00 -2.83033611e+00
  5.47930311e-01  1.38532635e+00 -2.42487553e+00 -1.32485927e+00
  2.42077108e+00  1.28106254e+00 -1.66444366e-03 -1.72887561e+00
 -1.55370008e+00  1.96943020e+00  1.49325387e+00 -8.00280410e-01
 -1.31056402e-01 -4.31374289e-01 -1.79374161e-01  2.41199384e+00
 -5.42314551e-01 -6.53285317e-01  1.03125692e+00 -2.30035194e+00
  1.01025278e+00  2.56852280e+00 -5.05052517e-01  2.16607994e+00
 -1.97331339e+00 -8.99682393e-01 -2.42163752e+00 -2.30418087e+00
 -1.42702361e+00 -2.90896593e+00  1.56705892e+00  1.79701769e+00
  1.62017658e+00  1.04022176e+00  1.41388158e+00 -2.31468235e+00
 -2.68192366e+00  1.71865132e+00  1.00074427e+00 -3.97109079e-01
 -2.63861473e+00  1.55292329e+00 -1.23717404e+00 -2.48943254e+00
  6.96342086e-02]
Thu Jun 13 21:58:42 2024,410,0.10728559433249077,[-2.84824181e+00  2.14245890e+00 -1.65740332e+00  1.33269398e-01
  4.79608305e-01 -3.21855115e+00  3.25570846e+00  2.06389679e+00
  1.05370653e+00 -9.94000691e-01  5.70246454e-01  1.31285972e+00
  1.29975361e+00 -1.88243624e+00  7.74689891e-01  2.89937523e+00
 -4.08419193e-01 -4.39391497e-01 -1.93519700e+00  7.94856710e-01
  1.60937860e+00  2.90446764e+00 -1.42329924e+00 -4.02334092e-01
 -2.19819423e+00 -2.10838929e+00  3.12242469e+00  2.78958078e+00
 -7.47016249e-01 -2.64152090e+00  1.53146782e+00 -1.96556548e-01
 -2.41199601e+00  1.86670524e+00  1.11574580e+00 -6.25992905e-01
  1.09780537e+00 -2.01612197e+00 -2.21565320e-01  2.27159241e+00
 -2.18997136e-01  5.36554526e-01  2.39089478e+00  5.66950739e-01
  2.66639368e+00  2.87426042e+00  2.80609803e+00 -2.91482227e+00
  3.01620131e-01 -3.91742641e-01  1.70303310e+00  2.96997858e+00
 -3.80210055e-01 -2.40137369e+00  2.71523140e+00 -3.17490573e+00
  5.66729986e-01 -6.85462811e-01 -1.72504768e+00  3.12342702e+00
 -1.93779887e+00 -1.64282488e+00 -2.55808504e+00  2.36954456e+00
 -2.16401830e+00  1.95749341e+00  1.74915331e+00  1.48227341e+00
  2.49900511e+00  2.91974782e+00  1.95326416e+00  1.48740206e+00
 -1.78652310e+00 -2.38038228e+00  1.16034768e+00  5.59336218e-01
  1.60582381e+00 -2.81618398e+00 -1.14856762e-01  2.53461233e+00
 -1.15923743e+00  1.21184544e+00  1.23282153e+00  6.13152797e-01
 -9.70677199e-01  1.13408734e+00  8.34169196e-01 -3.71404138e-01
  2.81534460e+00 -2.13948945e+00  1.58208369e+00 -6.29898569e-01
  9.86535318e-01 -3.23474285e+00 -2.22574151e+00  3.36746751e-01
 -1.11930282e+00 -4.25628888e-01  2.60564652e-01  4.11914060e-02
 -1.78852338e+00 -1.90217122e-01 -6.33027982e-01  2.86015180e+00
 -1.11103248e+00 -1.19958966e+00 -1.12320124e+00  1.27916395e+00
  1.63085931e+00 -8.33664230e-01  2.10132137e+00 -1.56284728e+00
 -2.47376266e-01 -8.95767233e-01 -2.95186673e+00  3.08919417e+00
 -1.77386064e+00  3.02414655e+00 -1.35735302e+00 -2.43858062e+00
  3.67765592e+00 -1.17765014e+00 -6.87636828e-01 -2.99647318e+00
 -2.52273893e+00  2.97463202e+00 -1.96518483e+00 -1.66861717e+00
 -4.04607351e-01  2.97369896e+00  1.58317461e-01  2.98168756e-02
 -1.62492655e+00 -1.51282830e-01 -1.59260530e+00 -3.10997773e+00
  2.94316707e+00  1.18331160e+00 -3.17812188e-01 -2.32356066e+00
  1.00086205e+00 -1.20115038e+00 -2.65929127e-01 -2.14169384e+00
 -1.91579510e+00  1.77366525e+00 -9.81030263e-01  2.57321600e+00
 -4.47090515e-01 -3.09390596e+00 -2.83380084e+00  1.98917466e+00
 -3.10755720e+00 -2.60231529e-01 -1.02794015e+00 -1.83067380e-01
  2.36265639e+00  1.73152134e+00 -2.14366195e-01 -1.85353492e+00
 -3.02814148e+00  1.34627795e-01 -8.14451984e-01  1.47169003e+00
 -2.51762245e+00  9.74425828e-01 -9.88442233e-02  1.81157686e-01
  2.02681910e+00  7.14628264e-01  7.74209596e-01 -1.24228418e+00
  1.61953119e+00  2.53432302e+00  1.26427894e+00  2.85384860e-01
 -1.01227266e+00  2.60713331e+00  8.10323854e-01 -2.22338273e+00
  2.01093253e-02  1.73940106e+00  1.07252503e+00 -6.48500804e-01
 -2.32535326e+00  2.42278188e+00  2.03936721e+00  1.66903937e+00
  2.27717120e+00  1.83062154e+00 -2.09215471e+00 -2.83075627e+00
  5.48350466e-01  1.38574650e+00 -2.42445537e+00 -1.32527942e+00
  2.42119124e+00  1.28148270e+00 -2.08459835e-03 -1.72929577e+00
 -1.55327992e+00  1.96901005e+00  1.49367403e+00 -7.99860256e-01
 -1.31476557e-01 -4.31794444e-01 -1.78954006e-01  2.41241400e+00
 -5.42734706e-01 -6.52865163e-01  1.03083677e+00 -2.30077210e+00
  1.01067293e+00  2.56810265e+00 -5.05472671e-01  2.16650009e+00
 -1.97289324e+00 -8.99262238e-01 -2.42121736e+00 -2.30376071e+00
 -1.42660345e+00 -2.90938609e+00  1.56747907e+00  1.79659754e+00
  1.61975643e+00  1.04064192e+00  1.41430174e+00 -2.31426220e+00
 -2.68234382e+00  1.71907147e+00  1.00032412e+00 -3.97529234e-01
 -2.63903489e+00  1.55250314e+00 -1.23675389e+00 -2.48901239e+00
  7.00543633e-02]
Thu Jun 13 21:59:38 2024,411,0.10716953686824446,[-2.84683890e+00  2.14105599e+00 -1.65880623e+00  1.34672308e-01
  4.78205394e-01 -3.21995406e+00  3.25430555e+00  2.06529970e+00
  1.05230362e+00 -9.92597781e-01  5.71649364e-01  1.31145681e+00
  1.30115652e+00 -1.88103332e+00  7.73286981e-01  2.90077814e+00
 -4.07016283e-01 -4.40794407e-01 -1.93659992e+00  7.96259620e-01
  1.60797569e+00  2.90587056e+00 -1.42470215e+00 -4.03737002e-01
 -2.19679132e+00 -2.10698638e+00  3.12382760e+00  2.79098369e+00
 -7.48419159e-01 -2.64292381e+00  1.53006491e+00 -1.97959458e-01
 -2.41339892e+00  1.86530233e+00  1.11434289e+00 -6.24589995e-01
  1.09920828e+00 -2.01752488e+00 -2.22968231e-01  2.27299532e+00
 -2.20400046e-01  5.35151616e-01  2.39229769e+00  5.68353650e-01
  2.66779659e+00  2.87285751e+00  2.80750094e+00 -2.91622518e+00
  3.00217221e-01 -3.93145551e-01  1.70443601e+00  2.96857567e+00
 -3.81612965e-01 -2.39997078e+00  2.71663431e+00 -3.17630864e+00
  5.68132896e-01 -6.84059901e-01 -1.72645059e+00  3.12482993e+00
 -1.93920178e+00 -1.64422779e+00 -2.55948795e+00  2.36814165e+00
 -2.16542121e+00  1.95889632e+00  1.74775040e+00  1.48367632e+00
  2.49760220e+00  2.92115073e+00  1.95466707e+00  1.48880497e+00
 -1.78512019e+00 -2.37897937e+00  1.16175059e+00  5.60739128e-01
  1.60722672e+00 -2.81758689e+00 -1.13453852e-01  2.53320942e+00
 -1.15783452e+00  1.21324835e+00  1.23422444e+00  6.11749886e-01
 -9.69274289e-01  1.13268443e+00  8.32766286e-01 -3.72807048e-01
  2.81394169e+00 -2.14089236e+00  1.58068078e+00 -6.28495658e-01
  9.85132408e-01 -3.23614576e+00 -2.22714442e+00  3.35343841e-01
 -1.11789991e+00 -4.24225978e-01  2.59161742e-01  4.25943161e-02
 -1.78992629e+00 -1.91620032e-01 -6.34430892e-01  2.86155471e+00
 -1.11243539e+00 -1.20099257e+00 -1.12179833e+00  1.28056686e+00
  1.62945640e+00 -8.32261320e-01  2.09991846e+00 -1.56144437e+00
 -2.45973356e-01 -8.94364323e-01 -2.95326964e+00  3.09059708e+00
 -1.77526355e+00  3.02274364e+00 -1.35595011e+00 -2.43998353e+00
  3.67905883e+00 -1.17624723e+00 -6.86233917e-01 -2.99507027e+00
 -2.52133602e+00  2.97322911e+00 -1.96378192e+00 -1.67002008e+00
 -4.06010261e-01  2.97229605e+00  1.59720372e-01  2.84139654e-02
 -1.62352364e+00 -1.52685740e-01 -1.59400821e+00 -3.10857482e+00
  2.94176416e+00  1.18471451e+00 -3.16409278e-01 -2.32496357e+00
  9.99459135e-01 -1.19974747e+00 -2.67332038e-01 -2.14029093e+00
 -1.91439219e+00  1.77226234e+00 -9.82433173e-01  2.57461891e+00
 -4.45687604e-01 -3.09250305e+00 -2.83239793e+00  1.98777175e+00
 -3.10615429e+00 -2.61634439e-01 -1.02934306e+00 -1.81664470e-01
  2.36125348e+00  1.73011843e+00 -2.12963285e-01 -1.85213201e+00
 -3.02673857e+00  1.33224885e-01 -8.15854894e-01  1.47028712e+00
 -2.51621954e+00  9.73022918e-01 -9.74413131e-02  1.82560596e-01
  2.02822201e+00  7.13225354e-01  7.72806685e-01 -1.24088127e+00
  1.62093410e+00  2.53572593e+00  1.26287603e+00  2.86787770e-01
 -1.01367557e+00  2.60853622e+00  8.11726764e-01 -2.22478564e+00
  1.87064151e-02  1.73799815e+00  1.07392794e+00 -6.47097894e-01
 -2.32395035e+00  2.42137897e+00  2.03796430e+00  1.67044228e+00
  2.27576829e+00  1.83202445e+00 -2.09075180e+00 -2.82935336e+00
  5.46947555e-01  1.38434359e+00 -2.42305246e+00 -1.32387651e+00
  2.41978832e+00  1.28007979e+00 -3.48750854e-03 -1.73069868e+00
 -1.55187701e+00  1.97041296e+00  1.49507694e+00 -8.01263166e-01
 -1.32879467e-01 -4.33197354e-01 -1.80356916e-01  2.41381691e+00
 -5.44137616e-01 -6.51462253e-01  1.02943386e+00 -2.30217501e+00
  1.01207584e+00  2.56950556e+00 -5.06875581e-01  2.16509718e+00
 -1.97429615e+00 -9.00665148e-01 -2.41981445e+00 -2.30516362e+00
 -1.42800636e+00 -2.91078900e+00  1.56888198e+00  1.79800045e+00
  1.61835352e+00  1.03923901e+00  1.41289883e+00 -2.31566511e+00
 -2.68374673e+00  1.72047438e+00  1.00172703e+00 -3.96126323e-01
 -2.63763198e+00  1.55390605e+00 -1.23535098e+00 -2.48760948e+00
  7.14572735e-02]
Thu Jun 13 22:00:40 2024,412,0.10716929270027489,[-2.84671149e+00  2.14092857e+00 -1.65867882e+00  1.34544893e-01
  4.78332809e-01 -3.21982665e+00  3.25417813e+00  2.06517228e+00
  1.05243104e+00 -9.92725195e-01  5.71521949e-01  1.31158423e+00
  1.30102911e+00 -1.88116074e+00  7.73414395e-01  2.90090556e+00
 -4.07143698e-01 -4.40921822e-01 -1.93647250e+00  7.96132205e-01
  1.60784828e+00  2.90599797e+00 -1.42457474e+00 -4.03864417e-01
 -2.19691874e+00 -2.10711380e+00  3.12395501e+00  2.79085627e+00
 -7.48546574e-01 -2.64279640e+00  1.53019232e+00 -1.97832043e-01
 -2.41352634e+00  1.86517492e+00  1.11447030e+00 -6.24462580e-01
  1.09933569e+00 -2.01765229e+00 -2.22840816e-01  2.27286791e+00
 -2.20527461e-01  5.35279031e-01  2.39217027e+00  5.68481064e-01
  2.66792400e+00  2.87273009e+00  2.80762836e+00 -2.91609776e+00
  3.00089806e-01 -3.93272966e-01  1.70456343e+00  2.96844826e+00
 -3.81740380e-01 -2.40009819e+00  2.71650689e+00 -3.17618123e+00
  5.68260311e-01 -6.84187316e-01 -1.72657800e+00  3.12470251e+00
 -1.93932919e+00 -1.64410038e+00 -2.55936054e+00  2.36801423e+00
 -2.16554863e+00  1.95902374e+00  1.74787781e+00  1.48354890e+00
  2.49747478e+00  2.92127814e+00  1.95453965e+00  1.48893238e+00
 -1.78524760e+00 -2.37885196e+00  1.16162317e+00  5.60611713e-01
  1.60735413e+00 -2.81771431e+00 -1.13581267e-01  2.53333684e+00
 -1.15770711e+00  1.21312093e+00  1.23409703e+00  6.11877301e-01
 -9.69146874e-01  1.13255702e+00  8.32638871e-01 -3.72934463e-01
  2.81381428e+00 -2.14101978e+00  1.58055337e+00 -6.28623073e-01
  9.85259822e-01 -3.23627317e+00 -2.22727183e+00  3.35216426e-01
 -1.11802732e+00 -4.24353393e-01  2.59289157e-01  4.27217311e-02
 -1.78979887e+00 -1.91492617e-01 -6.34303477e-01  2.86168213e+00
 -1.11256280e+00 -1.20086516e+00 -1.12167091e+00  1.28069427e+00
  1.62958382e+00 -8.32388735e-01  2.10004587e+00 -1.56157178e+00
 -2.46100770e-01 -8.94491738e-01 -2.95339706e+00  3.09046966e+00
 -1.77539097e+00  3.02287106e+00 -1.35582269e+00 -2.44011095e+00
  3.67893141e+00 -1.17611981e+00 -6.86361332e-01 -2.99519768e+00
 -2.52146344e+00  2.97310170e+00 -1.96390933e+00 -1.67014750e+00
 -4.06137676e-01  2.97242347e+00  1.59847786e-01  2.82865505e-02
 -1.62339622e+00 -1.52558325e-01 -1.59413563e+00 -3.10844741e+00
  2.94163675e+00  1.18458709e+00 -3.16536693e-01 -2.32483616e+00
  9.99331720e-01 -1.19987489e+00 -2.67459453e-01 -2.14016352e+00
 -1.91451961e+00  1.77238976e+00 -9.82560588e-01  2.57449149e+00
 -4.45815019e-01 -3.09263046e+00 -2.83227052e+00  1.98789917e+00
 -3.10628170e+00 -2.61507024e-01 -1.02921564e+00 -1.81791885e-01
  2.36112607e+00  1.72999102e+00 -2.12835870e-01 -1.85200460e+00
 -3.02661115e+00  1.33097470e-01 -8.15727479e-01  1.47041454e+00
 -2.51634695e+00  9.73150333e-01 -9.75687281e-02  1.82688011e-01
  2.02834942e+00  7.13097939e-01  7.72934100e-01 -1.24100868e+00
  1.62106151e+00  2.53585334e+00  1.26274862e+00  2.86660355e-01
 -1.01354816e+00  2.60866363e+00  8.11599349e-01 -2.22491306e+00
  1.85790002e-02  1.73787074e+00  1.07405536e+00 -6.46970479e-01
 -2.32407776e+00  2.42150639e+00  2.03809172e+00  1.67031487e+00
  2.27589570e+00  1.83189703e+00 -2.09087922e+00 -2.82948077e+00
  5.46820140e-01  1.38447101e+00 -2.42317988e+00 -1.32374910e+00
  2.41966091e+00  1.28020720e+00 -3.36009363e-03 -1.73082609e+00
 -1.55200443e+00  1.97054037e+00  1.49520435e+00 -8.01390581e-01
 -1.33006882e-01 -4.33324769e-01 -1.80484331e-01  2.41368949e+00
 -5.44265031e-01 -6.51589667e-01  1.02930644e+00 -2.30204759e+00
  1.01220326e+00  2.56963297e+00 -5.07002996e-01  2.16522460e+00
 -1.97442356e+00 -9.00792563e-01 -2.41994187e+00 -2.30529104e+00
 -1.42813378e+00 -2.91091641e+00  1.56875457e+00  1.79812787e+00
  1.61822610e+00  1.03936642e+00  1.41277141e+00 -2.31553769e+00
 -2.68361931e+00  1.72034697e+00  1.00185444e+00 -3.95998908e-01
 -2.63750456e+00  1.55403346e+00 -1.23547839e+00 -2.48773689e+00
  7.15846884e-02]
Thu Jun 13 22:01:06 2024,413,0.10705299883068778,[-2.84551563  2.14212443 -1.65987468  0.13574075  0.47952867 -3.22102251
  3.25537399  2.06397642  1.05123518 -0.99392105  0.57271781  1.31038837
  1.29983325 -1.87996488  0.77461025  2.90210142 -0.40594784 -0.44211768
 -1.93766836  0.79732806  1.60904414  2.90719383 -1.42337888 -0.40266856
 -2.19572288 -2.10591794  3.12515087  2.79205213 -0.74974243 -2.64160054
  1.53138818 -0.19663618 -2.4147222   1.86397906  1.11566616 -0.62565844
  1.09813983 -2.01645644 -0.22403667  2.27167205 -0.22172332  0.53647489
  2.39097441  0.56728521  2.66911986  2.87392595  2.8064325  -2.91729362
  0.29889395 -0.39207711  1.70336757  2.96964412 -0.38293624 -2.40129405
  2.71531103 -3.17737708  0.56706445 -0.68299146 -1.72538214  3.12350665
 -1.93813333 -1.64529623 -2.55816468  2.36921009 -2.16674449  1.9602196
  1.74668195  1.48474476  2.49867064  2.922474    1.95334379  1.49012824
 -1.78644346 -2.3776561   1.16042731  0.56180757  1.60854999 -2.81651845
 -0.11238541  2.53214098 -1.15651125  1.21431679  1.23290117  0.61068144
 -0.97034273  1.13375288  0.83144301 -0.3717386   2.81261842 -2.13982392
  1.58174922 -0.62981893  0.98645568 -3.23507732 -2.22607598  0.33402057
 -1.11683147 -0.42554925  0.2580933   0.04152587 -1.79099473 -0.19268848
 -0.63549934  2.86287798 -1.11136694 -1.1996693  -1.12286677  1.28189013
  1.63077967 -0.83119288  2.10124173 -1.56276764 -0.24729663 -0.89329588
 -2.95459292  3.09166552 -1.77419511  3.02406692 -1.35462683 -2.43891509
  3.68012727 -1.17492395 -0.68516547 -2.99639354 -2.52026758  2.97190584
 -1.96271347 -1.67134336 -0.40494182  2.97122761  0.16104364  0.02948241
 -1.62220037 -0.15375418 -1.59533149 -3.10725155  2.9428326   1.18339123
 -0.31773255 -2.3236403   1.00052758 -1.19867903 -0.26865531 -2.14135938
 -1.91332375  1.7711939  -0.98375645  2.57329563 -0.44701088 -3.0914346
 -2.83346637  1.98909503 -3.10508584 -0.26270288 -1.0304115  -0.18298774
  2.35993021  1.73118687 -0.21403173 -1.85080874 -3.0254153   0.13190161
 -0.81453162  1.4716104  -2.51754281  0.97434619 -0.09876459  0.18388387
  2.02715356  0.71190208  0.77412996 -1.24220454  1.61986566  2.5370492
  1.26155276  0.28785621 -1.01474402  2.60985949  0.81279521 -2.22610892
  0.01738314  1.7390666   1.07525122 -0.64816634 -2.3228819   2.42031053
  2.03689586  1.67151073  2.27469984  1.83309289 -2.08968336 -2.82828491
  0.548016    1.38327515 -2.42198402 -1.32255324  2.42085677  1.27901134
 -0.00455595 -1.73202195 -1.55320029  1.96934451  1.49400849 -0.80019472
 -0.13420274 -0.43452063 -0.17928847  2.41249363 -0.54306917 -0.65039381
  1.0305023  -2.30324345  1.0110074   2.57082883 -0.50580714  2.16642046
 -1.9732277  -0.8995967  -2.41874601 -2.30409518 -1.42932964 -2.91211227
  1.56995043  1.79932372  1.61942196  1.03817056  1.41157555 -2.31434184
 -2.68481517  1.72154283  1.0030503  -0.39719477 -2.63870042  1.55522932
 -1.23428253 -2.48893275  0.07038883]
Thu Jun 13 22:01:21 2024,414,0.10694820144367263,[-2.84688826e+00  2.14075180e+00 -1.65850204e+00  1.37113382e-01
  4.78156037e-01 -3.22239514e+00  3.25674662e+00  2.06534905e+00
  1.04986255e+00 -9.95293685e-01  5.74090439e-01  1.30901574e+00
  1.30120588e+00 -1.87859225e+00  7.75982885e-01  2.90347405e+00
 -4.07320470e-01 -4.40745050e-01 -1.93629573e+00  7.98700695e-01
  1.61041677e+00  2.90582120e+00 -1.42200625e+00 -4.01295928e-01
 -2.19709551e+00 -2.10454531e+00  3.12377824e+00  2.79067950e+00
 -7.48369802e-01 -2.64297317e+00  1.53001555e+00 -1.98008816e-01
 -2.41334957e+00  1.86260643e+00  1.11703879e+00 -6.27031069e-01
  1.09676720e+00 -2.01782907e+00 -2.25409305e-01  2.27304468e+00
 -2.20350689e-01  5.35102258e-01  2.38960178e+00  5.68657837e-01
  2.66774723e+00  2.87255332e+00  2.80780513e+00 -2.91592099e+00
  2.97521316e-01 -3.90704476e-01  1.70474020e+00  2.97101675e+00
 -3.84308869e-01 -2.40266668e+00  2.71393840e+00 -3.17600445e+00
  5.68437083e-01 -6.84364088e-01 -1.72675477e+00  3.12487928e+00
 -1.93676070e+00 -1.64392360e+00 -2.55953731e+00  2.37058272e+00
 -2.16537186e+00  1.95884696e+00  1.74805458e+00  1.48611739e+00
  2.50004327e+00  2.92384663e+00  1.95471642e+00  1.49150087e+00
 -1.78507083e+00 -2.37902873e+00  1.16179995e+00  5.63180203e-01
  1.60717736e+00 -2.81514582e+00 -1.11012777e-01  2.53076835e+00
 -1.15788388e+00  1.21294416e+00  1.23152854e+00  6.09308812e-01
 -9.71715363e-01  1.13512551e+00  8.30070382e-01 -3.73111235e-01
  2.81399105e+00 -2.13845129e+00  1.58037659e+00 -6.31191563e-01
  9.87828312e-01 -3.23644995e+00 -2.22744861e+00  3.32647937e-01
 -1.11545883e+00 -4.24176620e-01  2.56720668e-01  4.01532416e-02
 -1.79236736e+00 -1.91315844e-01 -6.36871967e-01  2.86425062e+00
 -1.11273957e+00 -1.20104193e+00 -1.12423940e+00  1.28326276e+00
  1.62940704e+00 -8.32565507e-01  2.10261436e+00 -1.56414027e+00
 -2.48669260e-01 -8.94668510e-01 -2.95322028e+00  3.09303815e+00
 -1.77556774e+00  3.02543955e+00 -1.35325420e+00 -2.43754246e+00
  3.68149990e+00 -1.17629658e+00 -6.83792843e-01 -2.99776617e+00
 -2.52164021e+00  2.97327847e+00 -1.96134084e+00 -1.66997073e+00
 -4.06314449e-01  2.97260024e+00  1.62416276e-01  2.81097781e-02
 -1.62082774e+00 -1.55126814e-01 -1.59670412e+00 -3.10587892e+00
  2.94420524e+00  1.18476387e+00 -3.16359920e-01 -2.32501293e+00
  9.99154948e-01 -1.20005166e+00 -2.67282680e-01 -2.14273201e+00
 -1.91195112e+00  1.76982127e+00 -9.82383815e-01  2.57466827e+00
 -4.48383509e-01 -3.09006197e+00 -2.83483900e+00  1.99046766e+00
 -3.10645847e+00 -2.64075513e-01 -1.03178413e+00 -1.84360374e-01
  2.35855758e+00  1.72981424e+00 -2.15404360e-01 -1.85218137e+00
 -3.02678793e+00  1.30528980e-01 -8.13158989e-01  1.47298303e+00
 -2.51891544e+00  9.72973560e-01 -9.73919557e-02  1.82511239e-01
  2.02578093e+00  7.13274712e-01  7.72757328e-01 -1.24357717e+00
  1.62123829e+00  2.53567657e+00  1.26018013e+00  2.89228844e-01
 -1.01337139e+00  2.61123212e+00  8.14167838e-01 -2.22748155e+00
  1.60105107e-02  1.73769397e+00  1.07387859e+00 -6.46793707e-01
 -2.32150927e+00  2.42168316e+00  2.03826849e+00  1.67013810e+00
  2.27332721e+00  1.83446552e+00 -2.08831073e+00 -2.82965755e+00
  5.49388630e-01  1.38464778e+00 -2.42335665e+00 -1.32118061e+00
  2.41948414e+00  1.28038398e+00 -3.18332123e-03 -1.73064932e+00
 -1.55457292e+00  1.97071715e+00  1.49263586e+00 -8.01567353e-01
 -1.32830109e-01 -4.33147996e-01 -1.80661104e-01  2.41386627e+00
 -5.44441803e-01 -6.49021178e-01  1.03187493e+00 -2.30461608e+00
  1.00963477e+00  2.57220146e+00 -5.04434507e-01  2.16504783e+00
 -1.97185507e+00 -8.98224074e-01 -2.41737338e+00 -2.30546781e+00
 -1.43070227e+00 -2.91348490e+00  1.57132306e+00  1.79795109e+00
  1.61804933e+00  1.03954319e+00  1.41020292e+00 -2.31296921e+00
 -2.68618780e+00  1.72017020e+00  1.00442293e+00 -3.98567398e-01
 -2.63732779e+00  1.55385669e+00 -1.23565516e+00 -2.49030538e+00
  6.90161989e-02]
Thu Jun 13 22:01:36 2024,415,0.10691093794773492,[-2.84617570e+00  2.14003924e+00 -1.65778948e+00  1.37825948e-01
  4.77443472e-01 -3.22310770e+00  3.25603405e+00  2.06606162e+00
  1.05057511e+00 -9.96006250e-01  5.74803004e-01  1.30972830e+00
  1.30049332e+00 -1.87930482e+00  7.75270320e-01  2.90276148e+00
 -4.06607905e-01 -4.40032484e-01 -1.93558316e+00  7.97988129e-01
  1.61112933e+00  2.90510863e+00 -1.42271881e+00 -4.02008493e-01
 -2.19638295e+00 -2.10383274e+00  3.12449080e+00  2.79139207e+00
 -7.47657236e-01 -2.64226061e+00  1.53072811e+00 -1.98721381e-01
 -2.41263700e+00  1.86331899e+00  1.11632622e+00 -6.27743635e-01
  1.09605464e+00 -2.01854163e+00 -2.26121870e-01  2.27233211e+00
 -2.19638123e-01  5.35814824e-01  2.39031435e+00  5.69370402e-01
  2.66703467e+00  2.87326589e+00  2.80851769e+00 -2.91520843e+00
  2.98233882e-01 -3.91417042e-01  1.70545276e+00  2.97172931e+00
 -3.85021435e-01 -2.40195412e+00  2.71322584e+00 -3.17529189e+00
  5.67724518e-01 -6.85076654e-01 -1.72746734e+00  3.12559185e+00
 -1.93747327e+00 -1.64321104e+00 -2.56024987e+00  2.36987016e+00
 -2.16465929e+00  1.95813440e+00  1.74734202e+00  1.48682996e+00
  2.50075584e+00  2.92455920e+00  1.95400386e+00  1.49221344e+00
 -1.78578340e+00 -2.37831616e+00  1.16108738e+00  5.63892768e-01
  1.60788993e+00 -2.81443325e+00 -1.10300212e-01  2.53148091e+00
 -1.15717131e+00  1.21223160e+00  1.23224110e+00  6.08596247e-01
 -9.72427929e-01  1.13441294e+00  8.29357817e-01 -3.72398670e-01
  2.81327848e+00 -2.13773872e+00  1.58108916e+00 -6.30478997e-01
  9.88540877e-01 -3.23716251e+00 -2.22816117e+00  3.33360502e-01
 -1.11617140e+00 -4.23464055e-01  2.57433233e-01  4.08658070e-02
 -1.79307993e+00 -1.90603279e-01 -6.36159401e-01  2.86496318e+00
 -1.11345214e+00 -1.20175450e+00 -1.12495197e+00  1.28255020e+00
  1.62869448e+00 -8.31852942e-01  2.10190179e+00 -1.56485284e+00
 -2.49381825e-01 -8.95381076e-01 -2.95393285e+00  3.09232559e+00
 -1.77628030e+00  3.02472698e+00 -1.35396677e+00 -2.43825502e+00
  3.68221247e+00 -1.17558402e+00 -6.84505408e-01 -2.99847873e+00
 -2.52235278e+00  2.97256591e+00 -1.96205341e+00 -1.67068329e+00
 -4.07027014e-01  2.97331280e+00  1.61703711e-01  2.88223435e-02
 -1.62011517e+00 -1.54414249e-01 -1.59741668e+00 -3.10516635e+00
  2.94491780e+00  1.18405130e+00 -3.17072486e-01 -2.32430036e+00
  9.98442383e-01 -1.19933909e+00 -2.67995246e-01 -2.14344457e+00
 -1.91123855e+00  1.76910870e+00 -9.83096381e-01  2.57395570e+00
 -4.47670943e-01 -3.08934941e+00 -2.83555157e+00  1.99118022e+00
 -3.10574591e+00 -2.64788079e-01 -1.03107157e+00 -1.83647809e-01
  2.35927014e+00  1.72910168e+00 -2.16116925e-01 -1.85146880e+00
 -3.02607536e+00  1.29816415e-01 -8.13871555e-01  1.47369559e+00
 -2.51962801e+00  9.72260995e-01 -9.81045210e-02  1.81798673e-01
  2.02649350e+00  7.13987277e-01  7.72044763e-01 -1.24286461e+00
  1.62052572e+00  2.53496400e+00  1.25946756e+00  2.89941410e-01
 -1.01265882e+00  2.61051956e+00  8.14880404e-01 -2.22676898e+00
  1.67230761e-02  1.73840653e+00  1.07459115e+00 -6.46081142e-01
 -2.32222184e+00  2.42097059e+00  2.03755593e+00  1.67085066e+00
  2.27403978e+00  1.83375296e+00 -2.08902329e+00 -2.83037011e+00
  5.48676065e-01  1.38393522e+00 -2.42406922e+00 -1.32046804e+00
  2.42019670e+00  1.28109654e+00 -2.47075587e-03 -1.73136189e+00
 -1.55528548e+00  1.97000458e+00  1.49192330e+00 -8.02279919e-01
 -1.33542675e-01 -4.33860562e-01 -1.79948538e-01  2.41315370e+00
 -5.45154369e-01 -6.48308613e-01  1.03258750e+00 -2.30390352e+00
  1.00892220e+00  2.57148890e+00 -5.03721942e-01  2.16433526e+00
 -1.97114251e+00 -8.97511508e-01 -2.41808594e+00 -2.30475525e+00
 -1.42998970e+00 -2.91419747e+00  1.57203562e+00  1.79866366e+00
  1.61733677e+00  1.03883063e+00  1.40949036e+00 -2.31368177e+00
 -2.68547524e+00  1.72088276e+00  1.00513550e+00 -3.99279963e-01
 -2.63804036e+00  1.55456925e+00 -1.23494260e+00 -2.48959282e+00
  6.83036336e-02]
Thu Jun 13 22:01:52 2024,416,0.10681292110875995,[-2.84752687e+00  2.13868807e+00 -1.65643831e+00  1.36474778e-01
  4.76092302e-01 -3.22175653e+00  3.25738522e+00  2.06471045e+00
  1.04922394e+00 -9.94655081e-01  5.73451835e-01  1.31107947e+00
  1.30184449e+00 -1.87795365e+00  7.76621489e-01  2.90411265e+00
 -4.07959074e-01 -4.38681315e-01 -1.93423199e+00  7.96636960e-01
  1.61248050e+00  2.90645980e+00 -1.42136764e+00 -4.03359662e-01
 -2.19503178e+00 -2.10248157e+00  3.12584197e+00  2.79004090e+00
 -7.46306067e-01 -2.64361177e+00  1.52937694e+00 -2.00072551e-01
 -2.41128583e+00  1.86196782e+00  1.11767739e+00 -6.29094804e-01
  1.09740581e+00 -2.01719046e+00 -2.24770701e-01  2.27098094e+00
 -2.20989293e-01  5.37165993e-01  2.39166552e+00  5.70721572e-01
  2.66838584e+00  2.87461706e+00  2.80716653e+00 -2.91655960e+00
  2.96882712e-01 -3.92768211e-01  1.70680393e+00  2.97308048e+00
 -3.83670265e-01 -2.40060295e+00  2.71187467e+00 -3.17664306e+00
  5.66373348e-01 -6.86427823e-01 -1.72881851e+00  3.12694302e+00
 -1.93612210e+00 -1.64185987e+00 -2.56160104e+00  2.37122133e+00
 -2.16330812e+00  1.95678323e+00  1.74869319e+00  1.48547879e+00
  2.50210701e+00  2.92320803e+00  1.95535503e+00  1.49086227e+00
 -1.78443223e+00 -2.37696499e+00  1.15973621e+00  5.65243938e-01
  1.60924110e+00 -2.81308208e+00 -1.11651381e-01  2.53012974e+00
 -1.15582014e+00  1.21088043e+00  1.23088994e+00  6.07245077e-01
 -9.73779098e-01  1.13576411e+00  8.28006647e-01 -3.73749839e-01
  2.81462965e+00 -2.13638755e+00  1.58244033e+00 -6.31830167e-01
  9.87189708e-01 -3.23581134e+00 -2.22951234e+00  3.32009333e-01
 -1.11752257e+00 -4.22112886e-01  2.56082064e-01  3.95146376e-02
 -1.79172876e+00 -1.89252110e-01 -6.37510571e-01  2.86631435e+00
 -1.11480331e+00 -1.20310566e+00 -1.12630314e+00  1.28390137e+00
  1.62734331e+00 -8.33204111e-01  2.10055062e+00 -1.56350167e+00
 -2.50732995e-01 -8.96732245e-01 -2.95528402e+00  3.09097442e+00
 -1.77492914e+00  3.02607815e+00 -1.35261560e+00 -2.43960619e+00
  3.68086130e+00 -1.17423285e+00 -6.83154239e-01 -2.99982990e+00
 -2.52100161e+00  2.97391708e+00 -1.96070224e+00 -1.66933212e+00
 -4.08378184e-01  2.97466397e+00  1.60352541e-01  2.74711741e-02
 -1.61876400e+00 -1.55765418e-01 -1.59606551e+00 -3.10651752e+00
  2.94356663e+00  1.18270013e+00 -3.18423655e-01 -2.32294919e+00
  9.99793552e-01 -1.19798792e+00 -2.69346415e-01 -2.14479574e+00
 -1.90988738e+00  1.76775753e+00 -9.81745211e-01  2.57260453e+00
 -4.49022113e-01 -3.09070058e+00 -2.83420040e+00  1.98982905e+00
 -3.10709708e+00 -2.63436909e-01 -1.02972040e+00 -1.82296640e-01
  2.36062131e+00  1.72775051e+00 -2.17468094e-01 -1.85281997e+00
 -3.02472419e+00  1.31167584e-01 -8.15222724e-01  1.47234442e+00
 -2.51827684e+00  9.73612164e-01 -9.94556904e-02  1.80447504e-01
  2.02784467e+00  7.12636108e-01  7.73395932e-01 -1.24151344e+00
  1.61917455e+00  2.53361283e+00  1.25811639e+00  2.91292579e-01
 -1.01130765e+00  2.61187073e+00  8.16231573e-01 -2.22812015e+00
  1.80742455e-02  1.73975770e+00  1.07594232e+00 -6.44729972e-01
 -2.32087067e+00  2.41961942e+00  2.03620476e+00  1.67220183e+00
  2.27539095e+00  1.83240179e+00 -2.09037446e+00 -2.83172128e+00
  5.50027234e-01  1.38528639e+00 -2.42271805e+00 -1.31911687e+00
  2.41884553e+00  1.28244771e+00 -1.11958648e-03 -1.73001072e+00
 -1.55393431e+00  1.96865341e+00  1.49057213e+00 -8.03631088e-01
 -1.34893844e-01 -4.35211731e-01 -1.81299708e-01  2.41450487e+00
 -5.43803199e-01 -6.46957443e-01  1.03123633e+00 -2.30255235e+00
  1.01027337e+00  2.57013773e+00 -5.05073111e-01  2.16298409e+00
 -1.96979134e+00 -8.98862678e-01 -2.41673478e+00 -2.30340408e+00
 -1.42863853e+00 -2.91554864e+00  1.57338679e+00  1.80001483e+00
  1.61868793e+00  1.03747946e+00  1.40813919e+00 -2.31233060e+00
 -2.68412407e+00  1.72223393e+00  1.00648667e+00 -3.97928794e-01
 -2.63668919e+00  1.55592042e+00 -1.23629377e+00 -2.48824165e+00
  6.69524642e-02]
Thu Jun 13 22:02:07 2024,417,0.10680799664804744,[-2.84733437e+00  2.13888056e+00 -1.65663080e+00  1.36282287e-01
  4.75899811e-01 -3.22194902e+00  3.25757771e+00  2.06451796e+00
  1.04941643e+00 -9.94462590e-01  5.73644326e-01  1.31127196e+00
  1.30165199e+00 -1.87776116e+00  7.76813980e-01  2.90392016e+00
 -4.07766583e-01 -4.38488824e-01 -1.93442448e+00  7.96444469e-01
  1.61228801e+00  2.90626731e+00 -1.42156013e+00 -4.03552154e-01
 -2.19522427e+00 -2.10228908e+00  3.12564948e+00  2.78984841e+00
 -7.46498558e-01 -2.64380427e+00  1.52918445e+00 -1.99880059e-01
 -2.41147832e+00  1.86177533e+00  1.11786989e+00 -6.29287295e-01
  1.09759830e+00 -2.01738295e+00 -2.24963192e-01  2.27078845e+00
 -2.20796801e-01  5.36973502e-01  2.39147303e+00  5.70529080e-01
  2.66819334e+00  2.87442456e+00  2.80735902e+00 -2.91675209e+00
  2.96690221e-01 -3.92575720e-01  1.70661144e+00  2.97288799e+00
 -3.83477774e-01 -2.40079544e+00  2.71206716e+00 -3.17645057e+00
  5.66180857e-01 -6.86620314e-01 -1.72862602e+00  3.12675053e+00
 -1.93592961e+00 -1.64166738e+00 -2.56140855e+00  2.37102884e+00
 -2.16350061e+00  1.95659074e+00  1.74888568e+00  1.48567128e+00
  2.50191452e+00  2.92301554e+00  1.95554752e+00  1.49105476e+00
 -1.78423974e+00 -2.37715748e+00  1.15992870e+00  5.65436429e-01
  1.60904860e+00 -2.81327458e+00 -1.11458890e-01  2.53032224e+00
 -1.15562765e+00  1.21107292e+00  1.23069744e+00  6.07437568e-01
 -9.73971589e-01  1.13557162e+00  8.27814156e-01 -3.73942331e-01
  2.81443716e+00 -2.13619506e+00  1.58263282e+00 -6.32022658e-01
  9.87382199e-01 -3.23600383e+00 -2.22931985e+00  3.32201824e-01
 -1.11771506e+00 -4.22305377e-01  2.55889572e-01  3.93221464e-02
 -1.79192125e+00 -1.89444601e-01 -6.37318080e-01  2.86612186e+00
 -1.11499580e+00 -1.20291317e+00 -1.12611065e+00  1.28370888e+00
  1.62753580e+00 -8.33011620e-01  2.10074312e+00 -1.56330918e+00
 -2.50925486e-01 -8.96539754e-01 -2.95547651e+00  3.09078193e+00
 -1.77473664e+00  3.02627064e+00 -1.35242311e+00 -2.43979868e+00
  3.68105379e+00 -1.17442534e+00 -6.82961748e-01 -2.99963741e+00
 -2.52119410e+00  2.97410957e+00 -1.96089473e+00 -1.66913963e+00
 -4.08185692e-01  2.97447148e+00  1.60545032e-01  2.72786829e-02
 -1.61895649e+00 -1.55572927e-01 -1.59625800e+00 -3.10632503e+00
  2.94337414e+00  1.18289262e+00 -3.18231164e-01 -2.32314169e+00
  9.99986043e-01 -1.19779543e+00 -2.69538906e-01 -2.14498823e+00
 -1.91007987e+00  1.76756504e+00 -9.81552720e-01  2.57279702e+00
 -4.49214604e-01 -3.09089307e+00 -2.83400791e+00  1.98963656e+00
 -3.10690459e+00 -2.63629401e-01 -1.02991289e+00 -1.82104149e-01
  2.36042882e+00  1.72755802e+00 -2.17660585e-01 -1.85301246e+00
 -3.02453170e+00  1.31360075e-01 -8.15415215e-01  1.47253691e+00
 -2.51846933e+00  9.73804655e-01 -9.96481816e-02  1.80255013e-01
  2.02803716e+00  7.12828599e-01  7.73203441e-01 -1.24170593e+00
  1.61898206e+00  2.53380533e+00  1.25830889e+00  2.91100088e-01
 -1.01150014e+00  2.61167823e+00  8.16039082e-01 -2.22831264e+00
  1.82667366e-02  1.73956521e+00  1.07574983e+00 -6.44537481e-01
 -2.32067818e+00  2.41981191e+00  2.03601226e+00  1.67200934e+00
  2.27519846e+00  1.83259428e+00 -2.09056695e+00 -2.83191377e+00
  5.49834743e-01  1.38509389e+00 -2.42291054e+00 -1.31892438e+00
  2.41903802e+00  1.28225522e+00 -9.27095327e-04 -1.72981823e+00
 -1.55412680e+00  1.96884590e+00  1.49037964e+00 -8.03438597e-01
 -1.34701353e-01 -4.35019240e-01 -1.81107217e-01  2.41431238e+00
 -5.43995691e-01 -6.47149934e-01  1.03142882e+00 -2.30235986e+00
  1.01008088e+00  2.56994524e+00 -5.04880620e-01  2.16279160e+00
 -1.96998383e+00 -8.99055169e-01 -2.41654228e+00 -2.30359657e+00
 -1.42844604e+00 -2.91574113e+00  1.57357928e+00  1.79982234e+00
  1.61888043e+00  1.03767195e+00  1.40833168e+00 -2.31252309e+00
 -2.68393158e+00  1.72242642e+00  1.00629418e+00 -3.97736303e-01
 -2.63649670e+00  1.55611292e+00 -1.23648626e+00 -2.48804916e+00
  6.67599730e-02]
Thu Jun 13 22:02:23 2024,418,0.10679223184857109,[-2.84601472e+00  2.13756090e+00 -1.65795045e+00  1.37601941e-01
  4.77219465e-01 -3.22326868e+00  3.25889737e+00  2.06583761e+00
  1.04809678e+00 -9.95782244e-01  5.74963980e-01  1.31259162e+00
  1.30297165e+00 -1.87644150e+00  7.75494326e-01  2.90260051e+00
 -4.06446929e-01 -4.39808478e-01 -1.93574414e+00  7.97764123e-01
  1.61360767e+00  2.90494766e+00 -1.42024048e+00 -4.04871808e-01
 -2.19390461e+00 -2.10360874e+00  3.12696914e+00  2.79116806e+00
 -7.45178904e-01 -2.64248461e+00  1.52786480e+00 -1.98560405e-01
 -2.41015867e+00  1.86309499e+00  1.11655023e+00 -6.30606949e-01
  1.09627864e+00 -2.01870261e+00 -2.26282846e-01  2.27210811e+00
 -2.19477147e-01  5.35653848e-01  2.39279268e+00  5.71848734e-01
  2.66951300e+00  2.87310491e+00  2.80603936e+00 -2.91807174e+00
  2.95370567e-01 -3.93895374e-01  1.70529179e+00  2.97420764e+00
 -3.82158120e-01 -2.39947578e+00  2.71338681e+00 -3.17777022e+00
  5.67500511e-01 -6.87939968e-01 -1.72730636e+00  3.12543087e+00
 -1.93724926e+00 -1.64034772e+00 -2.56272821e+00  2.37234849e+00
 -2.16482027e+00  1.95527108e+00  1.75020533e+00  1.48699094e+00
  2.50059486e+00  2.92169588e+00  1.95422787e+00  1.49237441e+00
 -1.78555939e+00 -2.37847714e+00  1.16124836e+00  5.64116775e-01
  1.61036826e+00 -2.81195492e+00 -1.10139236e-01  2.52900258e+00
 -1.15430800e+00  1.21239257e+00  1.22937779e+00  6.08757222e-01
 -9.72651935e-01  1.13689128e+00  8.29133810e-01 -3.75261985e-01
  2.81311751e+00 -2.13487541e+00  1.58131317e+00 -6.33342312e-01
  9.86062545e-01 -3.23732349e+00 -2.22800020e+00  3.33521478e-01
 -1.11639541e+00 -4.20985723e-01  2.57209226e-01  4.06418004e-02
 -1.79060160e+00 -1.90764255e-01 -6.35998426e-01  2.86744151e+00
 -1.11631545e+00 -1.20159352e+00 -1.12479099e+00  1.28502853e+00
  1.62885545e+00 -8.34331274e-01  2.09942346e+00 -1.56198952e+00
 -2.49605832e-01 -8.95220100e-01 -2.95679616e+00  3.09210158e+00
 -1.77605630e+00  3.02759030e+00 -1.35110345e+00 -2.43847903e+00
  3.68237344e+00 -1.17310569e+00 -6.84281402e-01 -3.00095707e+00
 -2.52251375e+00  2.97278991e+00 -1.96221438e+00 -1.67045928e+00
 -4.09505346e-01  2.97315183e+00  1.59225378e-01  2.59590289e-02
 -1.62027615e+00 -1.56892581e-01 -1.59757766e+00 -3.10764468e+00
  2.94205449e+00  1.18421228e+00 -3.19550818e-01 -2.32446134e+00
  9.98666389e-01 -1.19647578e+00 -2.70858560e-01 -2.14630789e+00
 -1.90876022e+00  1.76888469e+00 -9.80233066e-01  2.57411668e+00
 -4.47894950e-01 -3.09221272e+00 -2.83532756e+00  1.99095622e+00
 -3.10558493e+00 -2.62309747e-01 -1.02859323e+00 -1.80784495e-01
  2.36174847e+00  1.72887767e+00 -2.16340931e-01 -1.85433212e+00
 -3.02321205e+00  1.30040421e-01 -8.16734869e-01  1.47121726e+00
 -2.51714967e+00  9.72485001e-01 -9.83285275e-02  1.78935359e-01
  2.02671751e+00  7.11508945e-01  7.71883787e-01 -1.24302558e+00
  1.62030172e+00  2.53512498e+00  1.25962854e+00  2.92419742e-01
 -1.01281980e+00  2.61035858e+00  8.14719428e-01 -2.22963230e+00
  1.69470826e-02  1.73824556e+00  1.07706948e+00 -6.45857135e-01
 -2.31935852e+00  2.42113157e+00  2.03469261e+00  1.67068969e+00
  2.27651811e+00  1.83391393e+00 -2.09188661e+00 -2.83323343e+00
  5.48515089e-01  1.38641355e+00 -2.42159089e+00 -1.32024403e+00
  2.41771837e+00  1.28357487e+00 -2.24674934e-03 -1.72849857e+00
 -1.55280715e+00  1.96752625e+00  1.48905998e+00 -8.04758251e-01
 -1.36021007e-01 -4.33699586e-01 -1.82426871e-01  2.41563203e+00
 -5.45315345e-01 -6.48469588e-01  1.03274847e+00 -2.30104020e+00
  1.00876123e+00  2.56862558e+00 -5.06200274e-01  2.16147195e+00
 -1.97130348e+00 -8.97735515e-01 -2.41786194e+00 -2.30491622e+00
 -1.42976570e+00 -2.91442148e+00  1.57489894e+00  1.80114199e+00
  1.61756077e+00  1.03899160e+00  1.40965133e+00 -2.31384275e+00
 -2.68525123e+00  1.72374608e+00  1.00761383e+00 -3.96416649e-01
 -2.63517704e+00  1.55743257e+00 -1.23780591e+00 -2.48936881e+00
  6.54403190e-02]
Thu Jun 13 22:03:46 2024,419,0.10679344957282053,[-2.84603576e+00  2.13758195e+00 -1.65797150e+00  1.37622984e-01
  4.77198422e-01 -3.22324764e+00  3.25887633e+00  2.06585866e+00
  1.04807574e+00 -9.95761200e-01  5.74942937e-01  1.31261266e+00
  1.30295061e+00 -1.87646254e+00  7.75515369e-01  2.90257946e+00
 -4.06467973e-01 -4.39787434e-01 -1.93576518e+00  7.97743079e-01
  1.61358662e+00  2.90492661e+00 -1.42021944e+00 -4.04892851e-01
 -2.19388357e+00 -2.10362978e+00  3.12699018e+00  2.79114702e+00
 -7.45157861e-01 -2.64246357e+00  1.52784376e+00 -1.98539362e-01
 -2.41017971e+00  1.86311603e+00  1.11652919e+00 -6.30585906e-01
  1.09629969e+00 -2.01868156e+00 -2.26261803e-01  2.27212915e+00
 -2.19498191e-01  5.35632805e-01  2.39281372e+00  5.71869778e-01
  2.66953404e+00  2.87312595e+00  2.80606041e+00 -2.91809278e+00
  2.95349524e-01 -3.93916417e-01  1.70527074e+00  2.97418660e+00
 -3.82179163e-01 -2.39945474e+00  2.71340786e+00 -3.17774918e+00
  5.67521554e-01 -6.87918925e-01 -1.72728532e+00  3.12540983e+00
 -1.93722822e+00 -1.64036877e+00 -2.56270716e+00  2.37232745e+00
 -2.16479922e+00  1.95529213e+00  1.75018429e+00  1.48696989e+00
  2.50061591e+00  2.92167484e+00  1.95420682e+00  1.49235337e+00
 -1.78553835e+00 -2.37845609e+00  1.16122731e+00  5.64137818e-01
  1.61034722e+00 -2.81193388e+00 -1.10160280e-01  2.52898154e+00
 -1.15428695e+00  1.21237153e+00  1.22935675e+00  6.08778266e-01
 -9.72672979e-01  1.13687023e+00  8.29112767e-01 -3.75240941e-01
  2.81313855e+00 -2.13489645e+00  1.58133421e+00 -6.33363355e-01
  9.86083588e-01 -3.23734453e+00 -2.22802124e+00  3.33500435e-01
 -1.11637436e+00 -4.21006766e-01  2.57188183e-01  4.06207571e-02
 -1.79058055e+00 -1.90743212e-01 -6.36019469e-01  2.86746256e+00
 -1.11633650e+00 -1.20161456e+00 -1.12476995e+00  1.28504957e+00
  1.62883441e+00 -8.34352317e-01  2.09940242e+00 -1.56201057e+00
 -2.49626875e-01 -8.95199057e-01 -2.95681721e+00  3.09208054e+00
 -1.77603525e+00  3.02756925e+00 -1.35112450e+00 -2.43850007e+00
  3.68239448e+00 -1.17308464e+00 -6.84302445e-01 -3.00093602e+00
 -2.52253480e+00  2.97281096e+00 -1.96219334e+00 -1.67048033e+00
 -4.09526390e-01  2.97317287e+00  1.59204335e-01  2.59800723e-02
 -1.62029719e+00 -1.56913625e-01 -1.59755662e+00 -3.10762364e+00
  2.94207553e+00  1.18419123e+00 -3.19571861e-01 -2.32448238e+00
  9.98687433e-01 -1.19645473e+00 -2.70879603e-01 -2.14632893e+00
 -1.90878126e+00  1.76886365e+00 -9.80212023e-01  2.57409563e+00
 -4.47873907e-01 -3.09223376e+00 -2.83530652e+00  1.99097726e+00
 -3.10560598e+00 -2.62330790e-01 -1.02857219e+00 -1.80805538e-01
  2.36176952e+00  1.72885663e+00 -2.16319888e-01 -1.85435316e+00
 -3.02323309e+00  1.30061465e-01 -8.16755913e-01  1.47123830e+00
 -2.51717072e+00  9.72506045e-01 -9.83074842e-02  1.78914316e-01
  2.02669646e+00  7.11529988e-01  7.71862744e-01 -1.24304663e+00
  1.62032276e+00  2.53510394e+00  1.25960750e+00  2.92440785e-01
 -1.01284084e+00  2.61033754e+00  8.14740471e-01 -2.22965334e+00
  1.69260393e-02  1.73822451e+00  1.07704844e+00 -6.45836092e-01
 -2.31933748e+00  2.42111053e+00  2.03471365e+00  1.67071073e+00
  2.27649707e+00  1.83389289e+00 -2.09190765e+00 -2.83325447e+00
  5.48536132e-01  1.38639250e+00 -2.42161193e+00 -1.32022299e+00
  2.41773941e+00  1.28359592e+00 -2.22570602e-03 -1.72847753e+00
 -1.55282819e+00  1.96754729e+00  1.48908103e+00 -8.04779294e-01
 -1.35999964e-01 -4.33720629e-01 -1.82447914e-01  2.41561099e+00
 -5.45336388e-01 -6.48490632e-01  1.03272743e+00 -2.30101916e+00
  1.00874018e+00  2.56860454e+00 -5.06221317e-01  2.16145090e+00
 -1.97132453e+00 -8.97756558e-01 -2.41788298e+00 -2.30493726e+00
 -1.42974465e+00 -2.91444252e+00  1.57491998e+00  1.80112095e+00
  1.61758181e+00  1.03901265e+00  1.40967237e+00 -2.31386379e+00
 -2.68523019e+00  1.72376712e+00  1.00763487e+00 -3.96395605e-01
 -2.63519809e+00  1.55741153e+00 -1.23782696e+00 -2.48934777e+00
  6.54613623e-02]
Thu Jun 13 22:04:01 2024,420,0.10677850628440022,[-2.84443412e+00  2.13918359e+00 -1.65636985e+00  1.36021338e-01
  4.78800069e-01 -3.22164599e+00  3.26047797e+00  2.06746030e+00
  1.04647409e+00 -9.97362847e-01  5.73341290e-01  1.31421431e+00
  1.30455225e+00 -1.87806419e+00  7.77117016e-01  2.90097782e+00
 -4.04866326e-01 -4.41389081e-01 -1.93416353e+00  7.96141433e-01
  1.61518827e+00  2.90652826e+00 -1.42182108e+00 -4.06494498e-01
 -2.19548522e+00 -2.10202813e+00  3.12859183e+00  2.78954537e+00
 -7.46759508e-01 -2.64086192e+00  1.52624211e+00 -2.00141009e-01
 -2.41178136e+00  1.86471768e+00  1.11492754e+00 -6.28984259e-01
  1.09469804e+00 -2.01707992e+00 -2.24660156e-01  2.27052750e+00
 -2.21099838e-01  5.37234451e-01  2.39441537e+00  5.70268131e-01
  2.67113569e+00  2.87472760e+00  2.80766205e+00 -2.91649114e+00
  2.96951171e-01 -3.92314771e-01  1.70366910e+00  2.97578825e+00
 -3.83780810e-01 -2.40105639e+00  2.71500950e+00 -3.17614753e+00
  5.69123201e-01 -6.86317278e-01 -1.72568367e+00  3.12380818e+00
 -1.93882986e+00 -1.63876712e+00 -2.56110552e+00  2.37072580e+00
 -2.16640087e+00  1.95369048e+00  1.75178594e+00  1.48536825e+00
  2.49901426e+00  2.92007319e+00  1.95580847e+00  1.49075172e+00
 -1.78393670e+00 -2.38005774e+00  1.15962567e+00  5.65739465e-01
  1.60874557e+00 -2.81033223e+00 -1.08558633e-01  2.53058318e+00
 -1.15268531e+00  1.21076988e+00  1.22775510e+00  6.07176619e-01
 -9.74274625e-01  1.13526859e+00  8.27511120e-01 -3.76842588e-01
  2.81153690e+00 -2.13649810e+00  1.58293586e+00 -6.34965002e-01
  9.87685235e-01 -3.23574288e+00 -2.22641959e+00  3.35102082e-01
 -1.11477272e+00 -4.22608413e-01  2.58789830e-01  4.22224040e-02
 -1.78897891e+00 -1.89141565e-01 -6.37621116e-01  2.86586091e+00
 -1.11793814e+00 -1.20321621e+00 -1.12316830e+00  1.28344793e+00
  1.63043606e+00 -8.32750670e-01  2.09780077e+00 -1.56361221e+00
 -2.48025228e-01 -8.93597410e-01 -2.95841885e+00  3.09368218e+00
 -1.77763690e+00  3.02917090e+00 -1.34952285e+00 -2.43689842e+00
  3.68399613e+00 -1.17468629e+00 -6.82700798e-01 -3.00253767e+00
 -2.52093315e+00  2.97441260e+00 -1.96379499e+00 -1.67208197e+00
 -4.07924743e-01  2.97157122e+00  1.57602688e-01  2.75817191e-02
 -1.62189884e+00 -1.58515271e-01 -1.59595497e+00 -3.10922529e+00
  2.94047388e+00  1.18258959e+00 -3.21173508e-01 -2.32608403e+00
  9.97085786e-01 -1.19485309e+00 -2.69277957e-01 -2.14793058e+00
 -1.91038291e+00  1.77046530e+00 -9.78610376e-01  2.57569728e+00
 -4.49475553e-01 -3.09383541e+00 -2.83370487e+00  1.98937561e+00
 -3.10400433e+00 -2.60729143e-01 -1.03017384e+00 -1.82407185e-01
  2.36016787e+00  1.72725498e+00 -2.14718241e-01 -1.85595481e+00
 -3.02483474e+00  1.31663112e-01 -8.18357559e-01  1.46963666e+00
 -2.51877236e+00  9.70904398e-01 -9.67058374e-02  1.77312669e-01
  2.02509482e+00  7.13131635e-01  7.70261097e-01 -1.24144498e+00
  1.61872111e+00  2.53350229e+00  1.26120914e+00  2.90839138e-01
 -1.01444249e+00  2.60873589e+00  8.13138824e-01 -2.22805169e+00
  1.53243925e-02  1.73662287e+00  1.07865009e+00 -6.47437739e-01
 -2.32093913e+00  2.41950888e+00  2.03631530e+00  1.66910908e+00
  2.27489542e+00  1.83549454e+00 -2.09030600e+00 -2.83485612e+00
  5.46934485e-01  1.38479086e+00 -2.42001028e+00 -1.32182464e+00
  2.41934106e+00  1.28519756e+00 -6.24059191e-04 -1.72687588e+00
 -1.55122655e+00  1.96594564e+00  1.48747938e+00 -8.06380941e-01
 -1.34398317e-01 -4.35322276e-01 -1.84049561e-01  2.41400934e+00
 -5.46938035e-01 -6.46888985e-01  1.03432908e+00 -2.30262081e+00
  1.01034183e+00  2.57020618e+00 -5.04619670e-01  2.15984926e+00
 -1.97292617e+00 -8.99358205e-01 -2.41628133e+00 -2.30653891e+00
 -1.42814301e+00 -2.91284087e+00  1.57331833e+00  1.80272259e+00
  1.61598017e+00  1.03741100e+00  1.40807073e+00 -2.31546544e+00
 -2.68683183e+00  1.72216547e+00  1.00923652e+00 -3.97997252e-01
 -2.63679973e+00  1.55901317e+00 -1.23942860e+00 -2.48774612e+00
  6.70630092e-02]
Thu Jun 13 22:04:16 2024,421,0.10668273334633445,[-2.84629495e+00  2.13732277e+00 -1.65823068e+00  1.34160509e-01
  4.76939240e-01 -3.22350682e+00  3.26233880e+00  2.06559948e+00
  1.04833492e+00 -9.95502019e-01  5.75202118e-01  1.31235348e+00
  1.30641308e+00 -1.87992502e+00  7.78977844e-01  2.90283864e+00
 -4.03005498e-01 -4.39528253e-01 -1.93602436e+00  7.94280604e-01
  1.61332744e+00  2.90466743e+00 -1.42368191e+00 -4.08355326e-01
 -2.19734605e+00 -2.10016731e+00  3.13045265e+00  2.78768454e+00
 -7.48620336e-01 -2.64272275e+00  1.52810294e+00 -2.02001837e-01
 -2.40992053e+00  1.86657850e+00  1.11678837e+00 -6.27123431e-01
  1.09655887e+00 -2.01521909e+00 -2.26520984e-01  2.26866667e+00
 -2.22960666e-01  5.39095280e-01  2.39255454e+00  5.72128959e-01
  2.67299652e+00  2.87286677e+00  2.80580122e+00 -2.91463031e+00
  2.95090343e-01 -3.90453942e-01  1.70552993e+00  2.97764908e+00
 -3.85641638e-01 -2.40291722e+00  2.71314868e+00 -3.17800836e+00
  5.67262373e-01 -6.84456450e-01 -1.72382284e+00  3.12194735e+00
 -1.94069069e+00 -1.64062795e+00 -2.56296634e+00  2.37258663e+00
 -2.16454004e+00  1.95555131e+00  1.74992511e+00  1.48722907e+00
  2.50087509e+00  2.92193402e+00  1.95394764e+00  1.49261255e+00
 -1.78579753e+00 -2.38191857e+00  1.16148649e+00  5.67600293e-01
  1.60688474e+00 -2.80847140e+00 -1.10419461e-01  2.53244401e+00
 -1.15082448e+00  1.20890905e+00  1.22961593e+00  6.09037447e-01
 -9.72413797e-01  1.13340776e+00  8.29371948e-01 -3.74981760e-01
  2.81339773e+00 -2.13463727e+00  1.58107503e+00 -6.33104174e-01
  9.89546063e-01 -3.23388206e+00 -2.22455876e+00  3.33241253e-01
 -1.11663354e+00 -4.24469241e-01  2.60650658e-01  4.40832321e-02
 -1.78711808e+00 -1.91002393e-01 -6.35760288e-01  2.86400008e+00
 -1.11607732e+00 -1.20135538e+00 -1.12502913e+00  1.28530875e+00
  1.63229689e+00 -8.34611499e-01  2.09966160e+00 -1.56175139e+00
 -2.46164400e-01 -8.95458238e-01 -2.96027968e+00  3.09182136e+00
 -1.77577607e+00  3.02731007e+00 -1.35138368e+00 -2.43503760e+00
  3.68585696e+00 -1.17654712e+00 -6.80839970e-01 -3.00067684e+00
 -2.51907232e+00  2.97255177e+00 -1.96565581e+00 -1.67022115e+00
 -4.09785571e-01  2.96971040e+00  1.59463516e-01  2.94425472e-02
 -1.62003801e+00 -1.60376100e-01 -1.59781580e+00 -3.11108611e+00
  2.93861305e+00  1.18072876e+00 -3.23034336e-01 -2.32794486e+00
  9.98946614e-01 -1.19671392e+00 -2.71138785e-01 -2.14979141e+00
 -1.90852208e+00  1.77232613e+00 -9.76749548e-01  2.57755811e+00
 -4.47614725e-01 -3.09197458e+00 -2.83184405e+00  1.98751479e+00
 -3.10214350e+00 -2.62589971e-01 -1.02831301e+00 -1.80546357e-01
  2.35830704e+00  1.72911581e+00 -2.12857413e-01 -1.85409398e+00
 -3.02297391e+00  1.33523940e-01 -8.20218388e-01  1.47149748e+00
 -2.52063319e+00  9.72765226e-01 -9.48450092e-02  1.79173497e-01
  2.02695564e+00  7.11270807e-01  7.68400269e-01 -1.24330581e+00
  1.62058194e+00  2.53536312e+00  1.25934831e+00  2.92699967e-01
 -1.01258166e+00  2.61059672e+00  8.11277996e-01 -2.22991252e+00
  1.34635643e-02  1.73848369e+00  1.08051092e+00 -6.49298567e-01
 -2.32279995e+00  2.42136971e+00  2.03445447e+00  1.67096991e+00
  2.27303459e+00  1.83735536e+00 -2.08844518e+00 -2.83671694e+00
  5.45073657e-01  1.38665169e+00 -2.42187111e+00 -1.32368547e+00
  2.42120189e+00  1.28705839e+00  1.23676898e-03 -1.72873671e+00
 -1.54936572e+00  1.96408482e+00  1.48561855e+00 -8.08241769e-01
 -1.32537489e-01 -4.37183104e-01 -1.85910389e-01  2.41214851e+00
 -5.48798863e-01 -6.48749813e-01  1.03618991e+00 -2.30075998e+00
  1.01220266e+00  2.57206701e+00 -5.06480498e-01  2.16171008e+00
 -1.97478700e+00 -9.01219033e-01 -2.41442051e+00 -2.30467808e+00
 -1.42628218e+00 -2.91098004e+00  1.57517916e+00  1.80086177e+00
  1.61784100e+00  1.03555017e+00  1.40620990e+00 -2.31732626e+00
 -2.68869266e+00  1.72402630e+00  1.01109735e+00 -3.99858080e-01
 -2.63493890e+00  1.55715234e+00 -1.24128943e+00 -2.48960695e+00
  6.89238373e-02]
Thu Jun 13 22:04:31 2024,422,0.1066776617156607,[-2.84612630e+00  2.13749141e+00 -1.65839932e+00  1.34329152e-01
  4.77107883e-01 -3.22333817e+00  3.26217016e+00  2.06543083e+00
  1.04816628e+00 -9.95670662e-01  5.75370760e-01  1.31252212e+00
  1.30624444e+00 -1.87975638e+00  7.78809202e-01  2.90300729e+00
 -4.03174140e-01 -4.39696896e-01 -1.93619301e+00  7.94111962e-01
  1.61315880e+00  2.90449879e+00 -1.42351327e+00 -4.08186683e-01
 -2.19751469e+00 -2.10033595e+00  3.13062130e+00  2.78751590e+00
 -7.48451693e-01 -2.64255411e+00  1.52827158e+00 -2.01833195e-01
 -2.41008917e+00  1.86640986e+00  1.11695701e+00 -6.26954788e-01
  1.09672751e+00 -2.01505045e+00 -2.26352342e-01  2.26849803e+00
 -2.22792023e-01  5.39263922e-01  2.39238590e+00  5.71960317e-01
  2.67316516e+00  2.87303542e+00  2.80596987e+00 -2.91446167e+00
  2.95258985e-01 -3.90622585e-01  1.70569857e+00  2.97781772e+00
 -3.85472996e-01 -2.40274857e+00  2.71331732e+00 -3.17783972e+00
  5.67093731e-01 -6.84287808e-01 -1.72399149e+00  3.12177871e+00
 -1.94085933e+00 -1.64045931e+00 -2.56313499e+00  2.37275527e+00
 -2.16470868e+00  1.95538267e+00  1.75009375e+00  1.48706043e+00
  2.50070645e+00  2.92176538e+00  1.95377900e+00  1.49244391e+00
 -1.78596617e+00 -2.38208721e+00  1.16131785e+00  5.67768935e-01
  1.60671610e+00 -2.80830276e+00 -1.10588103e-01  2.53227537e+00
 -1.15065584e+00  1.20907770e+00  1.22978457e+00  6.08868804e-01
 -9.72245155e-01  1.13323912e+00  8.29203306e-01 -3.75150402e-01
  2.81322909e+00 -2.13446863e+00  1.58124367e+00 -6.33272816e-01
  9.89714706e-01 -3.23371341e+00 -2.22472741e+00  3.33072611e-01
 -1.11680219e+00 -4.24637883e-01  2.60482016e-01  4.39145897e-02
 -1.78728672e+00 -1.90833750e-01 -6.35591645e-01  2.86383144e+00
 -1.11624596e+00 -1.20152402e+00 -1.12519777e+00  1.28547740e+00
  1.63246553e+00 -8.34442856e-01  2.09949296e+00 -1.56158274e+00
 -2.46333043e-01 -8.95289595e-01 -2.96011104e+00  3.09199000e+00
 -1.77560743e+00  3.02747872e+00 -1.35155232e+00 -2.43486895e+00
  3.68602560e+00 -1.17637847e+00 -6.80671328e-01 -3.00050820e+00
 -2.51924096e+00  2.97238313e+00 -1.96582446e+00 -1.67005250e+00
 -4.09616929e-01  2.96954175e+00  1.59632159e-01  2.92739048e-02
 -1.62020665e+00 -1.60207457e-01 -1.59798444e+00 -3.11091747e+00
  2.93844441e+00  1.18089740e+00 -3.22865694e-01 -2.32811350e+00
  9.99115256e-01 -1.19688256e+00 -2.70970142e-01 -2.14962276e+00
 -1.90835344e+00  1.77249477e+00 -9.76918190e-01  2.57772675e+00
 -4.47783368e-01 -3.09180594e+00 -2.83167540e+00  1.98768343e+00
 -3.10197486e+00 -2.62421329e-01 -1.02848165e+00 -1.80377714e-01
  2.35813840e+00  1.72894717e+00 -2.12688771e-01 -1.85392534e+00
 -3.02280527e+00  1.33692582e-01 -8.20387030e-01  1.47132884e+00
 -2.52046455e+00  9.72596583e-01 -9.46763668e-02  1.79004854e-01
  2.02712429e+00  7.11102164e-01  7.68568911e-01 -1.24347445e+00
  1.62041330e+00  2.53519448e+00  1.25951696e+00  2.92531324e-01
 -1.01241302e+00  2.61076536e+00  8.11109354e-01 -2.22974388e+00
  1.36322067e-02  1.73865234e+00  1.08067956e+00 -6.49129924e-01
 -2.32263131e+00  2.42153835e+00  2.03428583e+00  1.67080127e+00
  2.27286595e+00  1.83752401e+00 -2.08827653e+00 -2.83688559e+00
  5.45242300e-01  1.38648304e+00 -2.42170247e+00 -1.32385411e+00
  2.42137053e+00  1.28688975e+00  1.40541144e-03 -1.72856807e+00
 -1.54919708e+00  1.96425346e+00  1.48578719e+00 -8.08410412e-01
 -1.32706131e-01 -4.37351747e-01 -1.86079031e-01  2.41231716e+00
 -5.48967505e-01 -6.48581171e-01  1.03602126e+00 -2.30059133e+00
  1.01237130e+00  2.57223566e+00 -5.06311856e-01  2.16154144e+00
 -1.97495564e+00 -9.01387676e-01 -2.41425186e+00 -2.30484673e+00
 -1.42611354e+00 -2.91114869e+00  1.57501052e+00  1.80103041e+00
  1.61767235e+00  1.03571881e+00  1.40637854e+00 -2.31715762e+00
 -2.68886131e+00  1.72419494e+00  1.01126599e+00 -4.00026723e-01
 -2.63510755e+00  1.55698370e+00 -1.24145807e+00 -2.48943831e+00
  6.87551949e-02]
Thu Jun 13 22:04:55 2024,423,0.10650364649168957,[-2.84433695e+00  2.13570205e+00 -1.65660997e+00  1.36118508e-01
  4.75318527e-01 -3.22512753e+00  3.26038080e+00  2.06722019e+00
  1.04995563e+00 -9.93881306e-01  5.77160116e-01  1.31073277e+00
  1.30803379e+00 -1.87796702e+00  7.77019846e-01  2.90121793e+00
 -4.01384784e-01 -4.41486251e-01 -1.93440365e+00  7.95901318e-01
  1.61136944e+00  2.90628815e+00 -1.42172391e+00 -4.09976039e-01
 -2.19930404e+00 -2.10212530e+00  3.13241065e+00  2.78572654e+00
 -7.46662337e-01 -2.64434346e+00  1.53006094e+00 -2.00043839e-01
 -2.41187853e+00  1.86819922e+00  1.11516766e+00 -6.25165432e-01
  1.09493815e+00 -2.01326109e+00 -2.24562986e-01  2.26670868e+00
 -2.24581379e-01  5.37474566e-01  2.39417525e+00  5.70170961e-01
  2.67137580e+00  2.87482477e+00  2.80418051e+00 -2.91625102e+00
  2.93469629e-01 -3.88833229e-01  1.70390921e+00  2.97960707e+00
 -3.87262352e-01 -2.40453793e+00  2.71152796e+00 -3.17605036e+00
  5.68883087e-01 -6.82498452e-01 -1.72220213e+00  3.11998936e+00
 -1.93906998e+00 -1.64224866e+00 -2.56134563e+00  2.37096592e+00
 -2.16291933e+00  1.95717202e+00  1.75188311e+00  1.48884979e+00
  2.49891709e+00  2.92355473e+00  1.95556835e+00  1.49423327e+00
 -1.78417681e+00 -2.38387657e+00  1.16310721e+00  5.65979580e-01
  1.60850545e+00 -2.81009212e+00 -1.12377459e-01  2.53048601e+00
 -1.15244519e+00  1.21086705e+00  1.23157393e+00  6.07079449e-01
 -9.70455799e-01  1.13144976e+00  8.27413950e-01 -3.73361047e-01
  2.81143973e+00 -2.13625798e+00  1.57945431e+00 -6.35062172e-01
  9.91504062e-01 -3.23192406e+00 -2.22293805e+00  3.34861967e-01
 -1.11501283e+00 -4.26427239e-01  2.62271372e-01  4.21252338e-02
 -1.78549736e+00 -1.92623106e-01 -6.33802289e-01  2.86562079e+00
 -1.11803531e+00 -1.20331338e+00 -1.12340842e+00  1.28726675e+00
  1.63067617e+00 -8.32653500e-01  2.09770360e+00 -1.55979339e+00
 -2.44543687e-01 -8.97078951e-01 -2.95832168e+00  3.09020064e+00
 -1.77381808e+00  3.02568936e+00 -1.35334168e+00 -2.43665831e+00
  3.68781496e+00 -1.17816783e+00 -6.78881972e-01 -3.00229756e+00
 -2.52103032e+00  2.97059378e+00 -1.96761381e+00 -1.67184186e+00
 -4.07827573e-01  2.96775240e+00  1.61421515e-01  3.10632607e-02
 -1.61841729e+00 -1.58418101e-01 -1.59619508e+00 -3.11270683e+00
  2.93665506e+00  1.18268676e+00 -3.24655050e-01 -2.32990286e+00
  1.00090461e+00 -1.19867191e+00 -2.69180786e-01 -2.14783341e+00
 -1.91014279e+00  1.77070541e+00 -9.75128834e-01  2.57951611e+00
 -4.49572724e-01 -3.09359530e+00 -2.82988605e+00  1.98947278e+00
 -3.10376421e+00 -2.60631973e-01 -1.02669230e+00 -1.78588358e-01
  2.35992776e+00  1.73073652e+00 -2.10899415e-01 -1.85571469e+00
 -3.02459462e+00  1.35481938e-01 -8.22176386e-01  1.47311820e+00
 -2.51867519e+00  9.74385939e-01 -9.64657226e-02  1.80794210e-01
  2.02533493e+00  7.09312808e-01  7.66779555e-01 -1.24526381e+00
  1.62220265e+00  2.53698383e+00  1.26130631e+00  2.90741968e-01
 -1.01062366e+00  2.60897600e+00  8.09319998e-01 -2.22795452e+00
  1.18428509e-02  1.74044169e+00  1.08246891e+00 -6.47340568e-01
 -2.32442067e+00  2.42332771e+00  2.03607519e+00  1.66901191e+00
  2.27107659e+00  1.83573465e+00 -2.08648718e+00 -2.83509623e+00
  5.47031655e-01  1.38469369e+00 -2.41991311e+00 -1.32564346e+00
  2.42315989e+00  1.28867910e+00 -3.83944433e-04 -1.73035742e+00
 -1.55098643e+00  1.96246410e+00  1.48399784e+00 -8.06621056e-01
 -1.34495487e-01 -4.39141103e-01 -1.84289676e-01  2.41410651e+00
 -5.47178150e-01 -6.46791815e-01  1.03423191e+00 -2.29880198e+00
  1.01058195e+00  2.57044630e+00 -5.04522500e-01  2.15975209e+00
 -1.97316629e+00 -8.99598320e-01 -2.41246251e+00 -2.30305737e+00
 -1.42432418e+00 -2.91293804e+00  1.57679988e+00  1.79924105e+00
  1.61588300e+00  1.03750817e+00  1.40816790e+00 -2.31894698e+00
 -2.68707195e+00  1.72598430e+00  1.00947664e+00 -4.01816079e-01
 -2.63689690e+00  1.55519435e+00 -1.23966872e+00 -2.49122766e+00
  6.69658390e-02]
Thu Jun 13 22:05:18 2024,424,0.10650270846070409,[-2.84445402e+00  2.13581912e+00 -1.65649290e+00  1.36235577e-01
  4.75201458e-01 -3.22501046e+00  3.26049787e+00  2.06733726e+00
  1.04983856e+00 -9.93998375e-01  5.77277185e-01  1.31084983e+00
  1.30815086e+00 -1.87808409e+00  7.76902777e-01  2.90110086e+00
 -4.01267715e-01 -4.41369182e-01 -1.93428658e+00  7.96018387e-01
  1.61148651e+00  2.90617108e+00 -1.42160684e+00 -4.09858970e-01
 -2.19918697e+00 -2.10200823e+00  3.13252772e+00  2.78584361e+00
 -7.46545268e-01 -2.64446053e+00  1.52994387e+00 -2.00160908e-01
 -2.41199560e+00  1.86831629e+00  1.11505059e+00 -6.25282502e-01
  1.09505522e+00 -2.01314402e+00 -2.24445917e-01  2.26682574e+00
 -2.24698448e-01  5.37591635e-01  2.39429232e+00  5.70288030e-01
  2.67125873e+00  2.87494184e+00  2.80406344e+00 -2.91636809e+00
  2.93352560e-01 -3.88716160e-01  1.70402628e+00  2.97949000e+00
 -3.87379421e-01 -2.40465500e+00  2.71141089e+00 -3.17616743e+00
  5.69000156e-01 -6.82381383e-01 -1.72208506e+00  3.11987229e+00
 -1.93895291e+00 -1.64236573e+00 -2.56122856e+00  2.37084885e+00
 -2.16280226e+00  1.95728909e+00  1.75176604e+00  1.48896686e+00
  2.49903416e+00  2.92343766e+00  1.95568542e+00  1.49411620e+00
 -1.78405975e+00 -2.38399364e+00  1.16322428e+00  5.66096649e-01
  1.60838838e+00 -2.81020919e+00 -1.12260390e-01  2.53036895e+00
 -1.15256226e+00  1.21074998e+00  1.23145686e+00  6.06962380e-01
 -9.70338730e-01  1.13133269e+00  8.27296881e-01 -3.73478116e-01
  2.81132266e+00 -2.13614091e+00  1.57957138e+00 -6.34945103e-01
  9.91386993e-01 -3.23180699e+00 -2.22305512e+00  3.34744898e-01
 -1.11512990e+00 -4.26544308e-01  2.62388441e-01  4.22423029e-02
 -1.78561443e+00 -1.92740175e-01 -6.33919358e-01  2.86573786e+00
 -1.11815238e+00 -1.20343045e+00 -1.12329135e+00  1.28714968e+00
  1.63055910e+00 -8.32770569e-01  2.09782067e+00 -1.55991046e+00
 -2.44660756e-01 -8.96961882e-01 -2.95843875e+00  3.09008357e+00
 -1.77370101e+00  3.02580643e+00 -1.35345875e+00 -2.43677538e+00
  3.68793203e+00 -1.17828490e+00 -6.78764903e-01 -3.00218049e+00
 -2.52114739e+00  2.97047671e+00 -1.96773088e+00 -1.67195893e+00
 -4.07944642e-01  2.96786947e+00  1.61538584e-01  3.11803297e-02
 -1.61830023e+00 -1.58301032e-01 -1.59607801e+00 -3.11282390e+00
  2.93653799e+00  1.18280383e+00 -3.24772119e-01 -2.32978579e+00
  1.00078754e+00 -1.19878898e+00 -2.69063717e-01 -2.14795048e+00
 -1.91025986e+00  1.77058834e+00 -9.75245903e-01  2.57963318e+00
 -4.49455655e-01 -3.09347823e+00 -2.83000312e+00  1.98958985e+00
 -3.10388128e+00 -2.60514904e-01 -1.02657523e+00 -1.78705427e-01
  2.36004482e+00  1.73085359e+00 -2.11016484e-01 -1.85583176e+00
 -3.02447755e+00  1.35599007e-01 -8.22059317e-01  1.47323527e+00
 -2.51855813e+00  9.74503008e-01 -9.63486536e-02  1.80911279e-01
  2.02545200e+00  7.09195739e-01  7.66896624e-01 -1.24538088e+00
  1.62208558e+00  2.53686676e+00  1.26142338e+00  2.90624899e-01
 -1.01050659e+00  2.60885894e+00  8.09202929e-01 -2.22807159e+00
  1.19599199e-02  1.74032462e+00  1.08258598e+00 -6.47223499e-01
 -2.32430360e+00  2.42321064e+00  2.03595812e+00  1.66889484e+00
  2.27119366e+00  1.83561758e+00 -2.08660425e+00 -2.83497916e+00
  5.47148725e-01  1.38457662e+00 -2.42003018e+00 -1.32576053e+00
  2.42327696e+00  1.28856204e+00 -2.66875362e-04 -1.73047449e+00
 -1.55086936e+00  1.96258117e+00  1.48411491e+00 -8.06503987e-01
 -1.34612556e-01 -4.39258172e-01 -1.84406745e-01  2.41398944e+00
 -5.47061080e-01 -6.46908884e-01  1.03411484e+00 -2.29868491e+00
  1.01069902e+00  2.57032923e+00 -5.04405431e-01  2.15963502e+00
 -1.97304922e+00 -8.99715389e-01 -2.41257958e+00 -2.30294030e+00
 -1.42420711e+00 -2.91305511e+00  1.57668281e+00  1.79912398e+00
  1.61600007e+00  1.03762524e+00  1.40828497e+00 -2.31906405e+00
 -2.68695488e+00  1.72586723e+00  1.00959371e+00 -4.01933148e-01
 -2.63701397e+00  1.55531142e+00 -1.23978579e+00 -2.49134473e+00
  6.70829081e-02]
Thu Jun 13 22:05:34 2024,425,0.10651474391102785,[-2.84433132e+00  2.13594181e+00 -1.65637020e+00  1.36358269e-01
  4.75324150e-01 -3.22488777e+00  3.26062056e+00  2.06721457e+00
  1.04971587e+00 -9.93875683e-01  5.77399878e-01  1.31072714e+00
  1.30802817e+00 -1.87820678e+00  7.77025469e-01  2.90122355e+00
 -4.01145023e-01 -4.41246490e-01 -1.93416389e+00  7.95895695e-01
  1.61160920e+00  2.90629377e+00 -1.42148415e+00 -4.09981662e-01
 -2.19906428e+00 -2.10213093e+00  3.13265041e+00  2.78596631e+00
 -7.46422576e-01 -2.64433784e+00  1.53006656e+00 -2.00283600e-01
 -2.41187291e+00  1.86819360e+00  1.11492789e+00 -6.25405194e-01
  1.09517792e+00 -2.01326671e+00 -2.24323225e-01  2.26670305e+00
 -2.24575756e-01  5.37714327e-01  2.39416963e+00  5.70410722e-01
  2.67113604e+00  2.87481915e+00  2.80418613e+00 -2.91649078e+00
  2.93475252e-01 -3.88593468e-01  1.70414897e+00  2.97961270e+00
 -3.87502113e-01 -2.40453231e+00  2.71128820e+00 -3.17604474e+00
  5.69122848e-01 -6.82504075e-01 -1.72196237e+00  3.11999498e+00
 -1.93883022e+00 -1.64248842e+00 -2.56110587e+00  2.37097154e+00
 -2.16267957e+00  1.95741178e+00  1.75164335e+00  1.48908955e+00
  2.49915685e+00  2.92356036e+00  1.95556273e+00  1.49423889e+00
 -1.78393705e+00 -2.38411633e+00  1.16334697e+00  5.66219341e-01
  1.60851108e+00 -2.81008649e+00 -1.12383082e-01  2.53024625e+00
 -1.15243957e+00  1.21062729e+00  1.23133417e+00  6.07085072e-01
 -9.70216038e-01  1.13145538e+00  8.27174189e-01 -3.73355424e-01
  2.81144536e+00 -2.13601822e+00  1.57969408e+00 -6.34822411e-01
  9.91264300e-01 -3.23192968e+00 -2.22293243e+00  3.34622206e-01
 -1.11500721e+00 -4.26667000e-01  2.62511133e-01  4.23649949e-02
 -1.78549174e+00 -1.92617483e-01 -6.34042050e-01  2.86586056e+00
 -1.11802969e+00 -1.20355314e+00 -1.12341404e+00  1.28702699e+00
  1.63043641e+00 -8.32647877e-01  2.09769798e+00 -1.56003315e+00
 -2.44783448e-01 -8.96839190e-01 -2.95831606e+00  3.08996088e+00
 -1.77382370e+00  3.02568374e+00 -1.35333605e+00 -2.43689807e+00
  3.68805472e+00 -1.17816221e+00 -6.78642211e-01 -3.00230318e+00
 -2.52127008e+00  2.97059940e+00 -1.96785357e+00 -1.67183624e+00
 -4.08067334e-01  2.96799216e+00  1.61415892e-01  3.10576376e-02
 -1.61817753e+00 -1.58178340e-01 -1.59620071e+00 -3.11294659e+00
  2.93641529e+00  1.18292652e+00 -3.24894811e-01 -2.32990848e+00
  1.00091024e+00 -1.19866629e+00 -2.69186409e-01 -2.14782779e+00
 -1.91013717e+00  1.77071103e+00 -9.75368596e-01  2.57975587e+00
 -4.49578347e-01 -3.09335554e+00 -2.83012581e+00  1.98946716e+00
 -3.10375859e+00 -2.60392212e-01 -1.02645254e+00 -1.78582735e-01
  2.36016752e+00  1.73073090e+00 -2.10893792e-01 -1.85595445e+00
 -3.02460024e+00  1.35721699e-01 -8.21936625e-01  1.47311258e+00
 -2.51868082e+00  9.74625701e-01 -9.64713457e-02  1.80788587e-01
  2.02532931e+00  7.09318431e-01  7.66773932e-01 -1.24525818e+00
  1.62220828e+00  2.53674407e+00  1.26130069e+00  2.90747591e-01
 -1.01038390e+00  2.60873624e+00  8.09325621e-01 -2.22819429e+00
  1.20826120e-02  1.74020193e+00  1.08270868e+00 -6.47100807e-01
 -2.32442629e+00  2.42308794e+00  2.03583543e+00  1.66877215e+00
  2.27131636e+00  1.83574027e+00 -2.08648155e+00 -2.83485647e+00
  5.47271417e-01  1.38445393e+00 -2.42015287e+00 -1.32563784e+00
  2.42315426e+00  1.28843934e+00 -1.44183280e-04 -1.73059718e+00
 -1.55074667e+00  1.96245848e+00  1.48423760e+00 -8.06381295e-01
 -1.34735248e-01 -4.39380864e-01 -1.84529437e-01  2.41411214e+00
 -5.46938388e-01 -6.47031576e-01  1.03423753e+00 -2.29856222e+00
  1.01057632e+00  2.57045192e+00 -5.04282739e-01  2.15975771e+00
 -1.97317191e+00 -8.99592697e-01 -2.41245689e+00 -2.30281761e+00
 -1.42408442e+00 -2.91317780e+00  1.57656012e+00  1.79900129e+00
  1.61612276e+00  1.03750255e+00  1.40840766e+00 -2.31894136e+00
 -2.68683219e+00  1.72598992e+00  1.00971640e+00 -4.01810456e-01
 -2.63713666e+00  1.55518872e+00 -1.23966309e+00 -2.49146742e+00
  6.69602160e-02]
Thu Jun 13 22:05:48 2024,426,0.10648606952660514,[-2.84331781e+00  2.13492830e+00 -1.65535669e+00  1.35344758e-01
  4.76337661e-01 -3.22387426e+00  3.26163407e+00  2.06620105e+00
  1.05072938e+00 -9.92862171e-01  5.78413389e-01  1.30971363e+00
  1.30701466e+00 -1.87719327e+00  7.76011958e-01  2.90021004e+00
 -4.00131512e-01 -4.42260002e-01 -1.93517740e+00  7.94882184e-01
  1.61059569e+00  2.90528026e+00 -1.42047064e+00 -4.10995174e-01
 -2.20007779e+00 -2.10111742e+00  3.13163690e+00  2.78697982e+00
 -7.45409065e-01 -2.64535135e+00  1.52905305e+00 -2.01297111e-01
 -2.41288642e+00  1.86718008e+00  1.11391438e+00 -6.26418705e-01
  1.09619143e+00 -2.01428023e+00 -2.25336736e-01  2.26771656e+00
 -2.25589267e-01  5.36700816e-01  2.39518314e+00  5.69397211e-01
  2.67012253e+00  2.87380564e+00  2.80519965e+00 -2.91547727e+00
  2.94488764e-01 -3.87579957e-01  1.70313546e+00  2.97859919e+00
 -3.86488602e-01 -2.40554582e+00  2.71230171e+00 -3.17705825e+00
  5.70136359e-01 -6.83517586e-01 -1.72094886e+00  3.11898147e+00
 -1.93984373e+00 -1.64147491e+00 -2.56009236e+00  2.36995803e+00
 -2.16166606e+00  1.95639827e+00  1.75265686e+00  1.49010306e+00
  2.50017036e+00  2.92254685e+00  1.95657624e+00  1.49525240e+00
 -1.78495056e+00 -2.38310282e+00  1.16233346e+00  5.67232852e-01
  1.60749757e+00 -2.80907298e+00 -1.11369571e-01  2.53125976e+00
 -1.15345308e+00  1.20961378e+00  1.23032065e+00  6.06071560e-01
 -9.71229549e-01  1.13246889e+00  8.26160677e-01 -3.74368935e-01
  2.81245887e+00 -2.13703173e+00  1.57868056e+00 -6.35835922e-01
  9.92277812e-01 -3.23091617e+00 -2.22191892e+00  3.35635717e-01
 -1.11602072e+00 -4.25653489e-01  2.63524644e-01  4.33785062e-02
 -1.78650525e+00 -1.91603972e-01 -6.35055562e-01  2.86687407e+00
 -1.11904320e+00 -1.20456665e+00 -1.12442755e+00  1.28804050e+00
  1.63144992e+00 -8.31634366e-01  2.09871149e+00 -1.56104666e+00
 -2.43769937e-01 -8.97852701e-01 -2.95730255e+00  3.09097439e+00
 -1.77483721e+00  3.02669725e+00 -1.35232254e+00 -2.43791158e+00
  3.68704121e+00 -1.17917572e+00 -6.79655722e-01 -3.00331669e+00
 -2.52228359e+00  2.96958589e+00 -1.96886708e+00 -1.67284975e+00
 -4.09080845e-01  2.96697865e+00  1.62429403e-01  3.00441264e-02
 -1.61716402e+00 -1.59191851e-01 -1.59721422e+00 -3.11193308e+00
  2.93540178e+00  1.18394003e+00 -3.25908322e-01 -2.33092199e+00
  1.00192375e+00 -1.19765278e+00 -2.68172898e-01 -2.14884130e+00
 -1.91115068e+00  1.76969752e+00 -9.74355084e-01  2.57874236e+00
 -4.48564835e-01 -3.09234202e+00 -2.82911230e+00  1.99048067e+00
 -3.10274508e+00 -2.61405723e-01 -1.02746605e+00 -1.77569224e-01
  2.36118103e+00  1.72971739e+00 -2.11907303e-01 -1.85494094e+00
 -3.02561376e+00  1.34708188e-01 -8.20923114e-01  1.47412609e+00
 -2.51969433e+00  9.75639212e-01 -9.74848569e-02  1.79775076e-01
  2.02634282e+00  7.10331943e-01  7.67787443e-01 -1.24627170e+00
  1.62322179e+00  2.53573056e+00  1.26028718e+00  2.89734080e-01
 -1.00937039e+00  2.60772273e+00  8.08312110e-01 -2.22718077e+00
  1.30961233e-02  1.73918842e+00  1.08372219e+00 -6.46087296e-01
 -2.32341278e+00  2.42410146e+00  2.03684894e+00  1.66978566e+00
  2.27232987e+00  1.83472676e+00 -2.08546804e+00 -2.83384296e+00
  5.48284928e-01  1.38546744e+00 -2.41913936e+00 -1.32462433e+00
  2.42214075e+00  1.28742583e+00 -1.15769454e-03 -1.73161070e+00
 -1.54973316e+00  1.96144497e+00  1.48525111e+00 -8.05367783e-01
 -1.35748760e-01 -4.38367352e-01 -1.85542948e-01  2.41309862e+00
 -5.47951900e-01 -6.48045087e-01  1.03525104e+00 -2.29754871e+00
  1.00956281e+00  2.56943841e+00 -5.03269228e-01  2.16077122e+00
 -1.97215840e+00 -8.98579185e-01 -2.41144337e+00 -2.30383112e+00
 -1.42307091e+00 -2.91216429e+00  1.57757363e+00  1.79798778e+00
  1.61510925e+00  1.03648904e+00  1.40739415e+00 -2.31995487e+00
 -2.68784570e+00  1.72700343e+00  1.00870289e+00 -4.00796944e-01
 -2.63612315e+00  1.55620223e+00 -1.24067661e+00 -2.49248093e+00
  6.59467047e-02]
Thu Jun 13 22:06:02 2024,427,0.10647732082266534,[-2.84378090e+00  2.13539139e+00 -1.65489360e+00  1.34881667e-01
  4.75874570e-01 -3.22341117e+00  3.26117098e+00  2.06666415e+00
  1.05026629e+00 -9.93325262e-01  5.77950298e-01  1.30925054e+00
  1.30747775e+00 -1.87765636e+00  7.76475049e-01  2.89974695e+00
 -3.99668421e-01 -4.41796911e-01 -1.93471431e+00  7.94419093e-01
  1.61105878e+00  2.90481717e+00 -1.42000755e+00 -4.10532083e-01
 -2.20054088e+00 -2.10065432e+00  3.13117381e+00  2.78651673e+00
 -7.45872156e-01 -2.64581444e+00  1.52858996e+00 -2.01760202e-01
 -2.41242333e+00  1.86764317e+00  1.11437747e+00 -6.26881796e-01
  1.09572834e+00 -2.01381713e+00 -2.24873645e-01  2.26817965e+00
 -2.26052358e-01  5.36237725e-01  2.39472005e+00  5.69860302e-01
  2.66965944e+00  2.87426873e+00  2.80473655e+00 -2.91501418e+00
  2.94025673e-01 -3.88043048e-01  1.70267237e+00  2.97813609e+00
 -3.86951693e-01 -2.40508273e+00  2.71183862e+00 -3.17659516e+00
  5.69673268e-01 -6.83980677e-01 -1.72048577e+00  3.11851838e+00
 -1.93938064e+00 -1.64101182e+00 -2.55962927e+00  2.36949494e+00
 -2.16212915e+00  1.95593518e+00  1.75219377e+00  1.48963997e+00
  2.49970727e+00  2.92208375e+00  1.95703933e+00  1.49571549e+00
 -1.78448747e+00 -2.38263973e+00  1.16279655e+00  5.66769761e-01
  1.60796066e+00 -2.80860989e+00 -1.10906480e-01  2.53079667e+00
 -1.15298999e+00  1.20915069e+00  1.23078375e+00  6.06534651e-01
 -9.70766458e-01  1.13293198e+00  8.26623768e-01 -3.73905844e-01
  2.81199578e+00 -2.13656864e+00  1.57914366e+00 -6.36299013e-01
  9.92740903e-01 -3.23045308e+00 -2.22145583e+00  3.36098808e-01
 -1.11555763e+00 -4.25190398e-01  2.63987735e-01  4.38415971e-02
 -1.78696834e+00 -1.92067063e-01 -6.34592471e-01  2.86641098e+00
 -1.11858011e+00 -1.20502974e+00 -1.12489064e+00  1.28850359e+00
  1.63191301e+00 -8.32097457e-01  2.09824840e+00 -1.56150975e+00
 -2.43306846e-01 -8.97389610e-01 -2.95683946e+00  3.09051130e+00
 -1.77437412e+00  3.02716034e+00 -1.35185945e+00 -2.43744849e+00
  3.68750430e+00 -1.17963881e+00 -6.80118813e-01 -3.00285360e+00
 -2.52182050e+00  2.96912280e+00 -1.96840399e+00 -1.67238666e+00
 -4.09543936e-01  2.96651556e+00  1.62892494e-01  3.05072173e-02
 -1.61670093e+00 -1.58728760e-01 -1.59675113e+00 -3.11239617e+00
  2.93493869e+00  1.18347694e+00 -3.26371413e-01 -2.33138508e+00
  1.00146066e+00 -1.19718969e+00 -2.67709807e-01 -2.14837821e+00
 -1.91068759e+00  1.76923443e+00 -9.73891993e-01  2.57920545e+00
 -4.49027926e-01 -3.09280511e+00 -2.82864921e+00  1.99001758e+00
 -3.10320817e+00 -2.60942632e-01 -1.02700296e+00 -1.78032315e-01
  2.36071794e+00  1.72925430e+00 -2.11444212e-01 -1.85447785e+00
 -3.02607685e+00  1.34245097e-01 -8.20460023e-01  1.47458918e+00
 -2.52015742e+00  9.76102303e-01 -9.70217660e-02  1.80238167e-01
  2.02587973e+00  7.10795034e-01  7.68250534e-01 -1.24580861e+00
  1.62368488e+00  2.53526747e+00  1.25982409e+00  2.89270989e-01
 -1.00890730e+00  2.60725964e+00  8.08775201e-01 -2.22764387e+00
  1.35592142e-02  1.73872533e+00  1.08325910e+00 -6.45624205e-01
 -2.32387587e+00  2.42456455e+00  2.03731203e+00  1.67024875e+00
  2.27279296e+00  1.83518985e+00 -2.08500495e+00 -2.83430605e+00
  5.47821837e-01  1.38500435e+00 -2.41867627e+00 -1.32508742e+00
  2.42260384e+00  1.28788892e+00 -6.94603636e-04 -1.73207379e+00
 -1.55019625e+00  1.96190806e+00  1.48571420e+00 -8.05830874e-01
 -1.36211850e-01 -4.37904262e-01 -1.86006039e-01  2.41263553e+00
 -5.47488809e-01 -6.48508178e-01  1.03478795e+00 -2.29708562e+00
  1.01002590e+00  2.56990150e+00 -5.03732319e-01  2.16030813e+00
 -1.97169531e+00 -8.98116095e-01 -2.41190646e+00 -2.30336803e+00
 -1.42260782e+00 -2.91170120e+00  1.57711054e+00  1.79845087e+00
  1.61464616e+00  1.03602595e+00  1.40693106e+00 -2.31949178e+00
 -2.68738261e+00  1.72746652e+00  1.00823980e+00 -4.01260035e-01
 -2.63658624e+00  1.55573914e+00 -1.24113970e+00 -2.49201784e+00
  6.54836138e-02]
Thu Jun 13 22:06:17 2024,428,0.10635699163579324,[-2.84496331e+00  2.13420899e+00 -1.65371120e+00  1.33699263e-01
  4.74692167e-01 -3.22459357e+00  3.25998858e+00  2.06784655e+00
  1.05144869e+00 -9.94507666e-01  5.76767894e-01  1.31043294e+00
  1.30866015e+00 -1.87883877e+00  7.77657453e-01  2.89856455e+00
 -4.00850825e-01 -4.40614507e-01 -1.93353190e+00  7.95601497e-01
  1.60987638e+00  2.90363476e+00 -1.41882515e+00 -4.09349679e-01
 -2.20172329e+00 -2.09947192e+00  3.12999141e+00  2.78533432e+00
 -7.47054560e-01 -2.64699685e+00  1.52740755e+00 -2.02942606e-01
 -2.41360573e+00  1.86882558e+00  1.11319507e+00 -6.28064200e-01
  1.09454593e+00 -2.01499954e+00 -2.23691241e-01  2.26936206e+00
 -2.24869954e-01  5.35055321e-01  2.39353765e+00  5.68677898e-01
  2.66847704e+00  2.87545113e+00  2.80355415e+00 -2.91383178e+00
  2.95208076e-01 -3.86860644e-01  1.70385477e+00  2.97695369e+00
 -3.88134096e-01 -2.40626513e+00  2.71065622e+00 -3.17777756e+00
  5.70855672e-01 -6.82798273e-01 -1.71930336e+00  3.11733597e+00
 -1.93819823e+00 -1.64219422e+00 -2.56081167e+00  2.36831253e+00
 -2.16094674e+00  1.95475278e+00  1.75101136e+00  1.49082237e+00
  2.50088968e+00  2.92090135e+00  1.95585693e+00  1.49689789e+00
 -1.78566988e+00 -2.38382213e+00  1.16161414e+00  5.67952165e-01
  1.60677825e+00 -2.80742749e+00 -1.09724076e-01  2.53197908e+00
 -1.15417239e+00  1.20796829e+00  1.23196615e+00  6.07717055e-01
 -9.71948862e-01  1.13411439e+00  8.27806172e-01 -3.72723440e-01
  2.81081337e+00 -2.13538624e+00  1.58032606e+00 -6.35116609e-01
  9.93923306e-01 -3.22927067e+00 -2.22263823e+00  3.37281212e-01
 -1.11437522e+00 -4.24007994e-01  2.62805331e-01  4.26591933e-02
 -1.78578594e+00 -1.93249467e-01 -6.35774875e-01  2.86759338e+00
 -1.11739771e+00 -1.20384734e+00 -1.12607305e+00  1.28732119e+00
  1.63309542e+00 -8.33279861e-01  2.09706599e+00 -1.56032735e+00
 -2.44489250e-01 -8.98572014e-01 -2.95565706e+00  3.08932890e+00
 -1.77319171e+00  3.02597794e+00 -1.35304186e+00 -2.43626609e+00
  3.68632190e+00 -1.18082121e+00 -6.78936409e-01 -3.00403600e+00
 -2.52063810e+00  2.97030520e+00 -1.96722159e+00 -1.67120425e+00
 -4.08361532e-01  2.96769796e+00  1.64074898e-01  2.93248135e-02
 -1.61551853e+00 -1.57546357e-01 -1.59556872e+00 -3.11121377e+00
  2.93375629e+00  1.18465934e+00 -3.25189009e-01 -2.33020268e+00
  1.00264306e+00 -1.19600729e+00 -2.66527403e-01 -2.14719580e+00
 -1.90950519e+00  1.77041684e+00 -9.75074397e-01  2.57802304e+00
 -4.50210330e-01 -3.09162271e+00 -2.82746680e+00  1.98883518e+00
 -3.10202577e+00 -2.62125036e-01 -1.02582055e+00 -1.76849911e-01
  2.35953553e+00  1.72807189e+00 -2.12626616e-01 -1.85566026e+00
 -3.02489444e+00  1.33062693e-01 -8.19277619e-01  1.47340677e+00
 -2.51897502e+00  9.77284707e-01 -9.58393622e-02  1.81420571e-01
  2.02469732e+00  7.11977437e-01  7.69432938e-01 -1.24462620e+00
  1.62250247e+00  2.53408506e+00  1.25864168e+00  2.90453393e-01
 -1.01008970e+00  2.60844204e+00  8.07592797e-01 -2.22882627e+00
  1.47416180e-02  1.73990773e+00  1.08444150e+00 -6.46806609e-01
 -2.32505827e+00  2.42338214e+00  2.03849443e+00  1.67143116e+00
  2.27161055e+00  1.83637226e+00 -2.08618736e+00 -2.83312365e+00
  5.49004241e-01  1.38618675e+00 -2.41749387e+00 -1.32626983e+00
  2.42378625e+00  1.28907133e+00  4.87800198e-04 -1.73325619e+00
 -1.54901385e+00  1.96072566e+00  1.48453180e+00 -8.04648470e-01
 -1.35029447e-01 -4.36721858e-01 -1.87188443e-01  2.41381794e+00
 -5.46306405e-01 -6.49690582e-01  1.03597035e+00 -2.29826802e+00
  1.00884350e+00  2.56871910e+00 -5.04914722e-01  2.15912573e+00
 -1.97051290e+00 -8.96933691e-01 -2.41072406e+00 -2.30218563e+00
 -1.42379022e+00 -2.91288361e+00  1.57592813e+00  1.79963327e+00
  1.61582856e+00  1.03720835e+00  1.40574865e+00 -2.31830937e+00
 -2.68620020e+00  1.72628412e+00  1.00705739e+00 -4.00077631e-01
 -2.63540384e+00  1.55455674e+00 -1.23995729e+00 -2.49083544e+00
  6.43012100e-02]
Thu Jun 13 22:06:32 2024,429,0.10622201613579833,[-2.84268759e+00  2.13648471e+00 -1.65143548e+00  1.35974979e-01
  4.72416451e-01 -3.22686929e+00  3.25771286e+00  2.06557083e+00
  1.04917298e+00 -9.92231950e-01  5.79043610e-01  1.30815723e+00
  1.31093587e+00 -1.87656305e+00  7.79933169e-01  2.90084026e+00
 -3.98575109e-01 -4.42890223e-01 -1.93125619e+00  7.93325781e-01
  1.60760066e+00  2.90591048e+00 -1.42110086e+00 -4.11625395e-01
 -2.19944757e+00 -2.09719620e+00  3.13226712e+00  2.78761004e+00
 -7.44778844e-01 -2.64927256e+00  1.52513184e+00 -2.05218322e-01
 -2.41133001e+00  1.87110129e+00  1.11091935e+00 -6.30339916e-01
  1.09227022e+00 -2.01727525e+00 -2.25966957e-01  2.27163777e+00
 -2.27145670e-01  5.37331037e-01  2.39126193e+00  5.66402182e-01
  2.66620132e+00  2.87772685e+00  2.80582987e+00 -2.91610749e+00
  2.92932360e-01 -3.84584928e-01  1.70613049e+00  2.97467797e+00
 -3.85858380e-01 -2.40398941e+00  2.70838050e+00 -3.18005328e+00
  5.68579956e-01 -6.80522557e-01 -1.71702765e+00  3.11961169e+00
 -1.94047395e+00 -1.64446994e+00 -2.55853596e+00  2.37058825e+00
 -2.16322246e+00  1.95702849e+00  1.74873565e+00  1.48854666e+00
  2.49861396e+00  2.91862563e+00  1.95358121e+00  1.49917361e+00
 -1.78794559e+00 -2.38609785e+00  1.15933843e+00  5.65676449e-01
  1.60450254e+00 -2.80970320e+00 -1.07448360e-01  2.52970336e+00
 -1.15644811e+00  1.20569257e+00  1.23424187e+00  6.05441339e-01
 -9.74224578e-01  1.13639010e+00  8.30081888e-01 -3.74999156e-01
  2.81308909e+00 -2.13766195e+00  1.58260178e+00 -6.37392325e-01
  9.96199022e-01 -3.22699496e+00 -2.22491395e+00  3.35005496e-01
 -1.11209951e+00 -4.26283710e-01  2.60529615e-01  4.03834773e-02
 -1.78806165e+00 -1.90973751e-01 -6.33499159e-01  2.86986910e+00
 -1.11512199e+00 -1.20157162e+00 -1.12834876e+00  1.28504547e+00
  1.63081970e+00 -8.31004145e-01  2.09479028e+00 -1.55805163e+00
 -2.46764966e-01 -8.96296298e-01 -2.95338134e+00  3.08705318e+00
 -1.77546743e+00  3.02825365e+00 -1.35076614e+00 -2.43399037e+00
  3.68859761e+00 -1.18309693e+00 -6.76660693e-01 -3.00631172e+00
 -2.51836238e+00  2.97258092e+00 -1.96949731e+00 -1.67347997e+00
 -4.06085816e-01  2.96542225e+00  1.61799182e-01  2.70490975e-02
 -1.61324281e+00 -1.55270641e-01 -1.59329301e+00 -3.11348948e+00
  2.93148057e+00  1.18238363e+00 -3.22913293e-01 -2.33247839e+00
  1.00491878e+00 -1.19373157e+00 -2.64251687e-01 -2.14947152e+00
 -1.91178090e+00  1.76814112e+00 -9.72798681e-01  2.58029876e+00
 -4.47934614e-01 -3.08934700e+00 -2.82974252e+00  1.99111089e+00
 -3.09975005e+00 -2.59849320e-01 -1.02354484e+00 -1.74574195e-01
  2.35725982e+00  1.73034761e+00 -2.10350900e-01 -1.85793597e+00
 -3.02717016e+00  1.35338409e-01 -8.17001903e-01  1.47113106e+00
 -2.52125073e+00  9.79560423e-01 -9.81150782e-02  1.83696287e-01
  2.02242161e+00  7.09701721e-01  7.67157222e-01 -1.24235049e+00
  1.62477819e+00  2.53180935e+00  1.26091740e+00  2.88177677e-01
 -1.01236542e+00  2.60616633e+00  8.09868513e-01 -2.23110199e+00
  1.24659020e-02  1.73763202e+00  1.08216578e+00 -6.44530893e-01
 -2.32278256e+00  2.42565786e+00  2.03621872e+00  1.67370687e+00
  2.26933484e+00  1.83864797e+00 -2.08391164e+00 -2.83084793e+00
  5.51279957e-01  1.38391104e+00 -2.41976958e+00 -1.32399411e+00
  2.42606196e+00  1.29134704e+00 -1.78791581e-03 -1.73553191e+00
 -1.54673813e+00  1.96300137e+00  1.48225608e+00 -8.06924186e-01
 -1.37305163e-01 -4.38997574e-01 -1.89464159e-01  2.41609365e+00
 -5.44030689e-01 -6.47414866e-01  1.03369464e+00 -2.29599230e+00
  1.00656778e+00  2.57099481e+00 -5.02639006e-01  2.15685001e+00
 -1.96823719e+00 -8.94657975e-01 -2.41299978e+00 -2.29990991e+00
 -1.42606594e+00 -2.91515932e+00  1.57820385e+00  1.79735756e+00
  1.61355284e+00  1.03493263e+00  1.40347294e+00 -2.31603366e+00
 -2.68392449e+00  1.72400840e+00  1.00478168e+00 -4.02353347e-01
 -2.63312812e+00  1.55683246e+00 -1.23768158e+00 -2.48855972e+00
  6.65769260e-02]
Thu Jun 13 22:06:47 2024,430,0.10623127312190554,[-2.84280240e+00  2.13636990e+00 -1.65132068e+00  1.35860174e-01
  4.72531255e-01 -3.22698409e+00  3.25782767e+00  2.06545603e+00
  1.04928778e+00 -9.92117145e-01  5.79158415e-01  1.30827203e+00
  1.31082107e+00 -1.87644824e+00  7.80047973e-01  2.90072546e+00
 -3.98689914e-01 -4.43005028e-01 -1.93114138e+00  7.93210976e-01
  1.60771547e+00  2.90579567e+00 -1.42121567e+00 -4.11740200e-01
 -2.19933277e+00 -2.09731101e+00  3.13215232e+00  2.78772484e+00
 -7.44664039e-01 -2.64915776e+00  1.52524664e+00 -2.05333127e-01
 -2.41121521e+00  1.87121610e+00  1.11103416e+00 -6.30454720e-01
  1.09238502e+00 -2.01716045e+00 -2.26081762e-01  2.27175258e+00
 -2.27260475e-01  5.37216233e-01  2.39114713e+00  5.66516987e-01
  2.66631612e+00  2.87784165e+00  2.80594467e+00 -2.91622230e+00
  2.93047165e-01 -3.84470123e-01  1.70601569e+00  2.97479278e+00
 -3.85743576e-01 -2.40387461e+00  2.70826570e+00 -3.18016808e+00
  5.68465151e-01 -6.80637362e-01 -1.71691284e+00  3.11949688e+00
 -1.94058875e+00 -1.64435514e+00 -2.55842115e+00  2.37070305e+00
 -2.16310765e+00  1.95714330e+00  1.74885045e+00  1.48843185e+00
  2.49849915e+00  2.91851083e+00  1.95369602e+00  1.49905881e+00
 -1.78806040e+00 -2.38598304e+00  1.15922362e+00  5.65561644e-01
  1.60438773e+00 -2.80981801e+00 -1.07333555e-01  2.52958856e+00
 -1.15633331e+00  1.20580737e+00  1.23412706e+00  6.05556144e-01
 -9.74109773e-01  1.13650491e+00  8.29967083e-01 -3.74884351e-01
  2.81297428e+00 -2.13777676e+00  1.58271658e+00 -6.37507130e-01
  9.96084218e-01 -3.22688015e+00 -2.22502875e+00  3.35120301e-01
 -1.11221431e+00 -4.26398515e-01  2.60414810e-01  4.02686724e-02
 -1.78794685e+00 -1.90858946e-01 -6.33384354e-01  2.86998390e+00
 -1.11523680e+00 -1.20145682e+00 -1.12823396e+00  1.28516028e+00
  1.63070490e+00 -8.31118950e-01  2.09490508e+00 -1.55793683e+00
 -2.46650161e-01 -8.96181493e-01 -2.95349614e+00  3.08716799e+00
 -1.77535263e+00  3.02836846e+00 -1.35065133e+00 -2.43410518e+00
  3.68848281e+00 -1.18321173e+00 -6.76775498e-01 -3.00619691e+00
 -2.51824758e+00  2.97269572e+00 -1.96938250e+00 -1.67336516e+00
 -4.06200621e-01  2.96553705e+00  1.61913987e-01  2.69342926e-02
 -1.61335762e+00 -1.55385445e-01 -1.59340781e+00 -3.11337468e+00
  2.93136577e+00  1.18249843e+00 -3.22798488e-01 -2.33236359e+00
  1.00480397e+00 -1.19384637e+00 -2.64136883e-01 -2.14958632e+00
 -1.91166610e+00  1.76825593e+00 -9.72683876e-01  2.58041356e+00
 -4.48049419e-01 -3.08946180e+00 -2.82962771e+00  1.99122570e+00
 -3.09963525e+00 -2.59734515e-01 -1.02365964e+00 -1.74689000e-01
  2.35737462e+00  1.73046241e+00 -2.10236095e-01 -1.85805078e+00
 -3.02728496e+00  1.35223604e-01 -8.17116708e-01  1.47101625e+00
 -2.52113593e+00  9.79445618e-01 -9.82298830e-02  1.83811092e-01
  2.02253641e+00  7.09816526e-01  7.67272027e-01 -1.24246529e+00
  1.62489300e+00  2.53192415e+00  1.26080260e+00  2.88062872e-01
 -1.01248022e+00  2.60605152e+00  8.09753708e-01 -2.23098718e+00
  1.25807069e-02  1.73774682e+00  1.08205098e+00 -6.44645698e-01
 -2.32266775e+00  2.42554305e+00  2.03633352e+00  1.67382168e+00
  2.26944964e+00  1.83853317e+00 -2.08379684e+00 -2.83096273e+00
  5.51165152e-01  1.38402584e+00 -2.41988439e+00 -1.32387930e+00
  2.42617677e+00  1.29123224e+00 -1.90272066e-03 -1.73541710e+00
 -1.54685293e+00  1.96311618e+00  1.48214128e+00 -8.06809382e-01
 -1.37419967e-01 -4.39112379e-01 -1.89349354e-01  2.41597885e+00
 -5.43915884e-01 -6.47529671e-01  1.03380944e+00 -2.29587750e+00
  1.00668259e+00  2.57110962e+00 -5.02753811e-01  2.15673520e+00
 -1.96812238e+00 -8.94772780e-01 -2.41288497e+00 -2.30002471e+00
 -1.42595113e+00 -2.91527413e+00  1.57808904e+00  1.79747236e+00
  1.61343804e+00  1.03504744e+00  1.40358774e+00 -2.31591885e+00
 -2.68403929e+00  1.72412321e+00  1.00466687e+00 -4.02468152e-01
 -2.63301332e+00  1.55694726e+00 -1.23779638e+00 -2.48844492e+00
  6.64621211e-02]
Thu Jun 13 22:07:02 2024,431,0.10607187722310656,[-2.84466695  2.13450535 -1.65318523  0.13399562  0.47066671 -3.22511954
  3.25596312  2.06359148  1.05115233 -0.99398169  0.57729387  1.30640748
  1.31268561 -1.87831279  0.78191252  2.89886091 -0.40055446 -0.44486958
 -1.92927683  0.79507553  1.60585092  2.90393112 -1.41935112 -0.40987565
 -2.19746822 -2.09917556  3.13028777  2.78586029 -0.74279949 -2.64729321
  1.52338209 -0.20719768 -2.40935066  1.86935155  1.10916961 -0.62859017
  1.09424957 -2.019025   -0.22421721  2.27361713 -0.22912502  0.53908078
  2.38928258  0.56465244  2.66818067  2.8759771   2.80408012 -2.91808685
  0.29118262 -0.38633467  1.70788024  2.97292823 -0.38760813 -2.40201006
  2.70640115 -3.18203263  0.5666006  -0.67877281 -1.71504829  3.11763234
 -1.9424533  -1.64621968 -2.5602857   2.3688385  -2.1649722   1.95527875
  1.7469859   1.4865673   2.5003637   2.92037538  1.95183147  1.50092336
 -1.78619585 -2.38411849  1.16108817  0.56742619  1.60625228 -2.81168256
 -0.10546901  2.52772401 -1.15819785  1.20767192  1.23599161  0.60742069
 -0.97597432  1.13464036  0.82810253 -0.3730198   2.81110973 -2.13964131
  1.58458113 -0.63564258  0.99421967 -3.2250156  -2.2231642   0.33698485
 -1.11407886 -0.42826306  0.26227936  0.04213322 -1.7898114  -0.1889944
 -0.6352489   2.87184845 -1.11337225 -1.20332137 -1.13009851  1.28702483
  1.62884035 -0.8292544   2.09304053 -1.55980138 -0.24851471 -0.89431694
 -2.9516316   3.08530344 -1.77348808  3.03023301 -1.34878679 -2.43596973
  3.69034736 -1.18134719 -0.67491095 -3.00806146 -2.52011213  2.97083117
 -1.96751795 -1.67522971 -0.40433607  2.9636725   0.16004944  0.02879884
 -1.61149307 -0.1535209  -1.59527236 -3.11151013  2.93323032  1.18063388
 -0.32466304 -2.33049904  1.00293942 -1.19571092 -0.26227233 -2.14772177
 -1.90980155  1.77012047 -0.97081933  2.57854901 -0.44618487 -3.08759725
 -2.82776316  1.99309025 -3.1014998  -0.26159906 -1.02179509 -0.17282445
  2.35551007  1.72859786 -0.21210064 -1.85618623 -3.02914951  0.13335905
 -0.81898126  1.4691517  -2.51927138  0.98131017 -0.10009443  0.18567564
  2.02067186  0.71168108  0.76540748 -1.24060074  1.62675755  2.5300596
  1.25893805  0.28992742 -1.01434477  2.60791607  0.80788916 -2.22912263
  0.01444526  1.73961137  1.08391553 -0.64278115 -2.3208032   2.4236785
  2.03446897  1.67568623  2.27131419  1.83666862 -2.08566139 -2.83282728
  0.5493006   1.38589039 -2.41801984 -1.32574385  2.42804132  1.28936769
 -0.00376727 -1.73728165 -1.54498839  1.96498073  1.48027673 -0.80494483
 -0.13928452 -0.43724783 -0.1874848   2.4141143  -0.54205133 -0.64939422
  1.03194489 -2.29774205  1.00481804  2.57297417 -0.50088926  2.15859975
 -1.96625783 -0.89663733 -2.41474952 -2.29816016 -1.42781568 -2.91713868
  1.57995359  1.79933691  1.61530259  1.03318289  1.40545229 -2.3140543
 -2.68590384  1.72598776  1.00280232 -0.4043327  -2.63114877  1.55881181
 -1.23593183 -2.48658037  0.06832667]
Thu Jun 13 22:07:18 2024,432,0.10588430094623247,[-2.84274842e+00  2.13258683e+00 -1.65510375e+00  1.35914149e-01
  4.68748181e-01 -3.22703807e+00  3.25404459e+00  2.06551000e+00
  1.05307086e+00 -9.95900219e-01  5.79212390e-01  1.30832601e+00
  1.31076709e+00 -1.87639427e+00  7.83831047e-01  2.89694239e+00
 -3.98635938e-01 -4.46788102e-01 -1.93119536e+00  7.96994050e-01
  1.60393239e+00  2.90584965e+00 -1.41743259e+00 -4.11794175e-01
 -2.19938674e+00 -2.09725703e+00  3.12836924e+00  2.78777882e+00
 -7.44718014e-01 -2.64537468e+00  1.52146357e+00 -2.09116201e-01
 -2.40743214e+00  1.87127007e+00  1.11108813e+00 -6.30508696e-01
  1.09616809e+00 -2.01710647e+00 -2.26135737e-01  2.27553565e+00
 -2.31043549e-01  5.37162257e-01  2.39120110e+00  5.62733913e-01
  2.66626215e+00  2.87789563e+00  2.80216160e+00 -2.91616832e+00
  2.93101140e-01 -3.84416148e-01  1.70596171e+00  2.97484675e+00
 -3.85689601e-01 -2.40009154e+00  2.70831967e+00 -3.18011411e+00
  5.68519126e-01 -6.76854288e-01 -1.71696682e+00  3.11571381e+00
 -1.94437183e+00 -1.64813821e+00 -2.56220422e+00  2.37075703e+00
 -2.16305368e+00  1.95719727e+00  1.74506738e+00  1.48848583e+00
  2.49844518e+00  2.91845686e+00  1.95374999e+00  1.50284188e+00
 -1.78811437e+00 -2.38219997e+00  1.16300670e+00  5.69344718e-01
  1.60817081e+00 -2.80976403e+00 -1.03550481e-01  2.52964253e+00
 -1.15627933e+00  1.20575340e+00  1.23407309e+00  6.09339218e-01
 -9.77892847e-01  1.13272184e+00  8.26184009e-01 -3.74938326e-01
  2.81302826e+00 -2.14155983e+00  1.58266260e+00 -6.37561105e-01
  9.96138193e-01 -3.22309708e+00 -2.22124568e+00  3.35066325e-01
 -1.11599739e+00 -4.30181589e-01  2.60360835e-01  4.40517464e-02
 -1.79172992e+00 -1.90912921e-01 -6.33330379e-01  2.86992993e+00
 -1.11529077e+00 -1.20523989e+00 -1.13201703e+00  1.28894335e+00
  1.63075887e+00 -8.27335876e-01  2.09495906e+00 -1.55788285e+00
 -2.50433235e-01 -8.96235469e-01 -2.95355012e+00  3.08338491e+00
 -1.77540660e+00  3.03215153e+00 -1.35070531e+00 -2.43788825e+00
  3.69226588e+00 -1.18326571e+00 -6.72992424e-01 -3.00997999e+00
 -2.51819360e+00  2.96891265e+00 -1.96559943e+00 -1.67331119e+00
 -4.02417547e-01  2.96175398e+00  1.61967962e-01  3.07173666e-02
 -1.61341159e+00 -1.55439421e-01 -1.59335384e+00 -3.11342865e+00
  2.93131179e+00  1.17871536e+00 -3.22744513e-01 -2.32858051e+00
  1.00485795e+00 -1.19379240e+00 -2.64190858e-01 -2.14964030e+00
 -1.90788302e+00  1.77203900e+00 -9.72737851e-01  2.58046754e+00
 -4.48103394e-01 -3.08951577e+00 -2.82584464e+00  1.99500877e+00
 -3.09958127e+00 -2.63517589e-01 -1.02371362e+00 -1.74742975e-01
  2.35742860e+00  1.72667934e+00 -2.10182120e-01 -1.85426770e+00
 -3.03106804e+00  1.35277579e-01 -8.17062733e-01  1.47107023e+00
 -2.51735285e+00  9.83228692e-01 -1.02012957e-01  1.87594166e-01
  2.02259039e+00  7.13599600e-01  7.67326002e-01 -1.24251927e+00
  1.62867607e+00  2.53197813e+00  1.26085657e+00  2.88008897e-01
 -1.01626330e+00  2.60983460e+00  8.05970634e-01 -2.22720411e+00
  1.63637809e-02  1.73769285e+00  1.08583405e+00 -6.44699673e-01
 -2.31888468e+00  2.42559703e+00  2.03255045e+00  1.67376770e+00
  2.26939567e+00  1.83475009e+00 -2.08374286e+00 -2.83474581e+00
  5.47382078e-01  1.38397186e+00 -2.41993836e+00 -1.32382533e+00
  2.42995984e+00  1.28744916e+00 -1.84874559e-03 -1.73536313e+00
 -1.54306986e+00  1.96306220e+00  1.48219525e+00 -8.06863357e-01
 -1.37365992e-01 -4.39166354e-01 -1.85566280e-01  2.41219577e+00
 -5.43969859e-01 -6.47475696e-01  1.03386342e+00 -2.29582352e+00
  1.00673656e+00  2.57105564e+00 -4.98970737e-01  2.15668123e+00
 -1.96817636e+00 -8.94718804e-01 -2.41283100e+00 -2.30007869e+00
 -1.42589716e+00 -2.91522015e+00  1.57803507e+00  1.80125544e+00
  1.61722111e+00  1.03126436e+00  1.40737082e+00 -2.31597283e+00
 -2.68398532e+00  1.72406923e+00  1.00472085e+00 -4.02414177e-01
 -2.62923024e+00  1.56073033e+00 -1.23785036e+00 -2.48849889e+00
  7.02451951e-02]
Thu Jun 13 22:07:33 2024,433,0.10581482476552846,[-2.84117609e+00  2.13101449e+00 -1.65667609e+00  1.37486484e-01
  4.70320516e-01 -3.22546573e+00  3.25247226e+00  2.06708234e+00
  1.05464319e+00 -9.94327884e-01  5.80784725e-01  1.30675367e+00
  1.31233943e+00 -1.87796660e+00  7.82258712e-01  2.89537005e+00
 -4.00208273e-01 -4.48360437e-01 -1.92962302e+00  7.95421715e-01
  1.60236006e+00  2.90742198e+00 -1.41900493e+00 -4.13366510e-01
 -2.19781441e+00 -2.09568470e+00  3.12994158e+00  2.78620648e+00
 -7.46290349e-01 -2.64380235e+00  1.51989123e+00 -2.10688536e-01
 -2.40585980e+00  1.87284241e+00  1.11266047e+00 -6.28936361e-01
  1.09459576e+00 -2.01553414e+00 -2.27708072e-01  2.27710799e+00
 -2.32615884e-01  5.35589923e-01  2.38962877e+00  5.64306248e-01
  2.66783448e+00  2.87946796e+00  2.80373393e+00 -2.91774066e+00
  2.91528805e-01 -3.82843813e-01  1.70753405e+00  2.97641909e+00
 -3.84117266e-01 -2.40166387e+00  2.70674734e+00 -3.18168644e+00
  5.66946791e-01 -6.78426623e-01 -1.71853915e+00  3.11414148e+00
 -1.94594416e+00 -1.64971054e+00 -2.56377656e+00  2.37232936e+00
 -2.16148134e+00  1.95876961e+00  1.74663971e+00  1.48691349e+00
  2.50001751e+00  2.91688452e+00  1.95532233e+00  1.50126954e+00
 -1.78968671e+00 -2.38377230e+00  1.16457903e+00  5.67772383e-01
  1.60659847e+00 -2.81133637e+00 -1.05122816e-01  2.52807020e+00
 -1.15785167e+00  1.20418106e+00  1.23250075e+00  6.10911553e-01
 -9.79465182e-01  1.13114950e+00  8.24611674e-01 -3.76510661e-01
  2.81460059e+00 -2.14313217e+00  1.58423494e+00 -6.35988770e-01
  9.97710528e-01 -3.22466941e+00 -2.21967334e+00  3.33493991e-01
 -1.11756972e+00 -4.28609254e-01  2.58788500e-01  4.56240813e-02
 -1.79330226e+00 -1.89340586e-01 -6.31758044e-01  2.87150226e+00
 -1.11371844e+00 -1.20366756e+00 -1.13044470e+00  1.28737102e+00
  1.62918654e+00 -8.25763541e-01  2.09653139e+00 -1.55945519e+00
 -2.48860900e-01 -8.94663134e-01 -2.95512245e+00  3.08181258e+00
 -1.77383427e+00  3.03057920e+00 -1.35227764e+00 -2.43631592e+00
  3.69383822e+00 -1.18169337e+00 -6.71420089e-01 -3.00840765e+00
 -2.51662127e+00  2.97048498e+00 -1.96717176e+00 -1.67488352e+00
 -4.03989882e-01  2.96018164e+00  1.60395627e-01  2.91450316e-02
 -1.61183926e+00 -1.57011755e-01 -1.59492617e+00 -3.11500099e+00
  2.92973946e+00  1.17714302e+00 -3.24316848e-01 -2.32700818e+00
  1.00328561e+00 -1.19222006e+00 -2.65763193e-01 -2.15121263e+00
 -1.90631069e+00  1.77361133e+00 -9.74310186e-01  2.57889520e+00
 -4.46531059e-01 -3.08794344e+00 -2.82741697e+00  1.99343644e+00
 -3.10115361e+00 -2.61945254e-01 -1.02528595e+00 -1.73170640e-01
  2.35900093e+00  1.72510701e+00 -2.11754455e-01 -1.85584004e+00
 -3.03264037e+00  1.36849914e-01 -8.18635068e-01  1.46949789e+00
 -2.51578052e+00  9.84801027e-01 -1.00440622e-01  1.86021831e-01
  2.02416272e+00  7.12027265e-01  7.68898337e-01 -1.24409160e+00
  1.62710373e+00  2.53355046e+00  1.26242891e+00  2.86436562e-01
 -1.01469096e+00  2.61140693e+00  8.07542969e-01 -2.22877644e+00
  1.47914459e-02  1.73612051e+00  1.08426172e+00 -6.43127338e-01
 -2.32045701e+00  2.42402469e+00  2.03097811e+00  1.67534004e+00
  2.26782333e+00  1.83632243e+00 -2.08531520e+00 -2.83631814e+00
  5.45809743e-01  1.38554420e+00 -2.41836603e+00 -1.32539766e+00
  2.43153218e+00  1.28587683e+00 -2.76410646e-04 -1.73379079e+00
 -1.54149753e+00  1.96463454e+00  1.48062292e+00 -8.08435692e-01
 -1.38938327e-01 -4.40738689e-01 -1.83993945e-01  2.41062344e+00
 -5.45542194e-01 -6.49048031e-01  1.03543575e+00 -2.29425119e+00
  1.00516423e+00  2.56948331e+00 -4.97398402e-01  2.15510889e+00
 -1.96974869e+00 -8.96291139e-01 -2.41440333e+00 -2.29850635e+00
 -1.42746949e+00 -2.91364782e+00  1.57960740e+00  1.80282777e+00
  1.61879345e+00  1.02969203e+00  1.40894315e+00 -2.31754516e+00
 -2.68241298e+00  1.72564157e+00  1.00629318e+00 -4.03986512e-01
 -2.62765791e+00  1.55915800e+00 -1.23942269e+00 -2.48692656e+00
  6.86728602e-02]
Thu Jun 13 22:07:49 2024,434,0.10581630518126048,[-2.84189457e+00  2.13173297e+00 -1.65739457e+00  1.36768005e-01
  4.71038996e-01 -3.22618421e+00  3.25319074e+00  2.06636386e+00
  1.05392471e+00 -9.95046364e-01  5.81503204e-01  1.30747215e+00
  1.31162095e+00 -1.87868508e+00  7.82977192e-01  2.89465157e+00
 -4.00926753e-01 -4.47641957e-01 -1.93034150e+00  7.96140194e-01
  1.60307854e+00  2.90670350e+00 -1.41972341e+00 -4.14084989e-01
 -2.19709593e+00 -2.09496622e+00  3.13066006e+00  2.78548800e+00
 -7.47008828e-01 -2.64308387e+00  1.51917275e+00 -2.11407015e-01
 -2.40514132e+00  1.87356089e+00  1.11194199e+00 -6.29654840e-01
  1.09531424e+00 -2.01481566e+00 -2.28426551e-01  2.27782647e+00
 -2.33334364e-01  5.34871443e-01  2.39034725e+00  5.65024727e-01
  2.66711601e+00  2.87874948e+00  2.80301545e+00 -2.91845914e+00
  2.92247285e-01 -3.83562292e-01  1.70825253e+00  2.97713757e+00
 -3.83398786e-01 -2.40094539e+00  2.70746582e+00 -3.18240492e+00
  5.67665270e-01 -6.77708144e-01 -1.71782067e+00  3.11485995e+00
 -1.94522568e+00 -1.65042902e+00 -2.56305808e+00  2.37304784e+00
 -2.16076286e+00  1.95805113e+00  1.74592123e+00  1.48619501e+00
  2.49929904e+00  2.91760300e+00  1.95460385e+00  1.50055107e+00
 -1.79040519e+00 -2.38305382e+00  1.16529751e+00  5.67053904e-01
  1.60731695e+00 -2.81061789e+00 -1.04404337e-01  2.52878868e+00
 -1.15713319e+00  1.20346258e+00  1.23321923e+00  6.11630032e-01
 -9.78746703e-01  1.13043102e+00  8.25330154e-01 -3.77229141e-01
  2.81531907e+00 -2.14385065e+00  1.58351646e+00 -6.36707250e-01
  9.96992048e-01 -3.22538789e+00 -2.21895486e+00  3.34212470e-01
 -1.11828820e+00 -4.27890775e-01  2.59506979e-01  4.63425606e-02
 -1.79258378e+00 -1.90059065e-01 -6.31039564e-01  2.87078378e+00
 -1.11299996e+00 -1.20294908e+00 -1.13116318e+00  1.28665254e+00
  1.62990502e+00 -8.25045061e-01  2.09581291e+00 -1.56017367e+00
 -2.48142420e-01 -8.93944654e-01 -2.95584093e+00  3.08253106e+00
 -1.77311579e+00  3.03129767e+00 -1.35299612e+00 -2.43703439e+00
  3.69455669e+00 -1.18241185e+00 -6.70701610e-01 -3.00912613e+00
 -2.51590279e+00  2.96976650e+00 -1.96789024e+00 -1.67416505e+00
 -4.04708361e-01  2.96090012e+00  1.61114106e-01  2.98635109e-02
 -1.61112078e+00 -1.56293276e-01 -1.59564465e+00 -3.11428251e+00
  2.92902098e+00  1.17786150e+00 -3.25035327e-01 -2.32772666e+00
  1.00400409e+00 -1.19293854e+00 -2.65044713e-01 -2.15049415e+00
 -1.90559221e+00  1.77432981e+00 -9.75028666e-01  2.57961368e+00
 -4.47249538e-01 -3.08722496e+00 -2.82813545e+00  1.99271796e+00
 -3.10187208e+00 -2.61226775e-01 -1.02456747e+00 -1.73889119e-01
  2.35971941e+00  1.72438853e+00 -2.11035976e-01 -1.85512156e+00
 -3.03335885e+00  1.37568394e-01 -8.17916588e-01  1.47021637e+00
 -2.51506204e+00  9.85519506e-01 -9.97221428e-02  1.86740310e-01
  2.02344424e+00  7.12745745e-01  7.69616816e-01 -1.24481008e+00
  1.62638526e+00  2.53426894e+00  1.26171043e+00  2.85718083e-01
 -1.01397248e+00  2.61068845e+00  8.08261448e-01 -2.22805796e+00
  1.55099252e-02  1.73683899e+00  1.08354324e+00 -6.43845817e-01
 -2.32117549e+00  2.42474317e+00  2.03025963e+00  1.67605852e+00
  2.26710485e+00  1.83704091e+00 -2.08459672e+00 -2.83703662e+00
  5.45091264e-01  1.38482572e+00 -2.41908451e+00 -1.32467918e+00
  2.43225066e+00  1.28515835e+00 -9.94889921e-04 -1.73307231e+00
 -1.54077905e+00  1.96535302e+00  1.48134140e+00 -8.07717212e-01
 -1.38219848e-01 -4.41457168e-01 -1.83275466e-01  2.40990496e+00
 -5.44823715e-01 -6.48329551e-01  1.03471727e+00 -2.29496967e+00
  1.00444575e+00  2.57020179e+00 -4.98116882e-01  2.15439042e+00
 -1.96903021e+00 -8.97009619e-01 -2.41368485e+00 -2.29778788e+00
 -1.42675101e+00 -2.91436630e+00  1.57888892e+00  1.80210929e+00
  1.61951193e+00  1.02897355e+00  1.40966163e+00 -2.31826364e+00
 -2.68169450e+00  1.72492309e+00  1.00557470e+00 -4.04704991e-01
 -2.62837639e+00  1.55987648e+00 -1.24014117e+00 -2.48620808e+00
  6.79543809e-02]
Thu Jun 13 22:08:06 2024,435,0.10581670521577395,[-2.84153924e+00  2.13208830e+00 -1.65774989e+00  1.37123331e-01
  4.71394322e-01 -3.22653954e+00  3.25283541e+00  2.06671919e+00
  1.05428004e+00 -9.95401690e-01  5.81858531e-01  1.30782748e+00
  1.31126562e+00 -1.87904041e+00  7.83332518e-01  2.89500690e+00
 -4.01282079e-01 -4.47997284e-01 -1.93069683e+00  7.96495521e-01
  1.60343387e+00  2.90705883e+00 -1.42007873e+00 -4.14440316e-01
 -2.19674060e+00 -2.09532155e+00  3.13101539e+00  2.78584333e+00
 -7.46653501e-01 -2.64343920e+00  1.51952808e+00 -2.11762342e-01
 -2.40549665e+00  1.87320556e+00  1.11229732e+00 -6.29299513e-01
  1.09566957e+00 -2.01517099e+00 -2.28071225e-01  2.27747114e+00
 -2.33689690e-01  5.34516117e-01  2.39070257e+00  5.64669400e-01
  2.66747133e+00  2.87910481e+00  2.80337078e+00 -2.91810381e+00
  2.92602611e-01 -3.83917619e-01  1.70860785e+00  2.97749290e+00
 -3.83754113e-01 -2.40130072e+00  2.70711049e+00 -3.18204959e+00
  5.67309944e-01 -6.78063470e-01 -1.71817600e+00  3.11450463e+00
 -1.94487036e+00 -1.65007370e+00 -2.56341341e+00  2.37340317e+00
 -2.16040754e+00  1.95769580e+00  1.74627656e+00  1.48583969e+00
  2.49894371e+00  2.91724767e+00  1.95424852e+00  1.50090639e+00
 -1.79076051e+00 -2.38269850e+00  1.16494218e+00  5.66698577e-01
  1.60696162e+00 -2.81026256e+00 -1.04759664e-01  2.52914400e+00
 -1.15748851e+00  1.20310726e+00  1.23357456e+00  6.11985359e-01
 -9.78391376e-01  1.13078635e+00  8.24974827e-01 -3.77584467e-01
  2.81567440e+00 -2.14420597e+00  1.58387179e+00 -6.36351923e-01
  9.96636722e-01 -3.22503257e+00 -2.21859954e+00  3.33857143e-01
 -1.11864353e+00 -4.28246102e-01  2.59151653e-01  4.66978873e-02
 -1.79222845e+00 -1.90414392e-01 -6.30684238e-01  2.87042845e+00
 -1.11264463e+00 -1.20259375e+00 -1.13151850e+00  1.28700787e+00
  1.62954969e+00 -8.25400388e-01  2.09616824e+00 -1.56052899e+00
 -2.48497747e-01 -8.93589328e-01 -2.95619626e+00  3.08288638e+00
 -1.77347111e+00  3.03094235e+00 -1.35335145e+00 -2.43667907e+00
  3.69420137e+00 -1.18276718e+00 -6.70346283e-01 -3.00948146e+00
 -2.51554746e+00  2.97012183e+00 -1.96753491e+00 -1.67380972e+00
 -4.04353035e-01  2.96054479e+00  1.61469433e-01  3.02188376e-02
 -1.61076545e+00 -1.56648603e-01 -1.59599998e+00 -3.11463783e+00
  2.92866565e+00  1.17750617e+00 -3.25390654e-01 -2.32737133e+00
  1.00364876e+00 -1.19329387e+00 -2.65400040e-01 -2.15013883e+00
 -1.90523688e+00  1.77468514e+00 -9.74673339e-01  2.57925836e+00
 -4.46894212e-01 -3.08758029e+00 -2.82849078e+00  1.99307328e+00
 -3.10222741e+00 -2.60871448e-01 -1.02421215e+00 -1.73533793e-01
  2.35936408e+00  1.72403320e+00 -2.10680649e-01 -1.85547689e+00
 -3.03371418e+00  1.37923720e-01 -8.18271915e-01  1.46986105e+00
 -2.51470671e+00  9.85874833e-01 -1.00077469e-01  1.86384983e-01
  2.02379957e+00  7.12390418e-01  7.69972143e-01 -1.24516541e+00
  1.62674058e+00  2.53462427e+00  1.26135510e+00  2.86073409e-01
 -1.01432781e+00  2.61033313e+00  8.08616775e-01 -2.22841329e+00
  1.51545985e-02  1.73648366e+00  1.08318791e+00 -6.43490491e-01
 -2.32082017e+00  2.42438785e+00  2.03061496e+00  1.67641384e+00
  2.26674953e+00  1.83739624e+00 -2.08495204e+00 -2.83668130e+00
  5.44735937e-01  1.38518105e+00 -2.41872918e+00 -1.32432386e+00
  2.43260598e+00  1.28551368e+00 -1.35021659e-03 -1.73271699e+00
 -1.54042372e+00  1.96570834e+00  1.48169672e+00 -8.07361886e-01
 -1.38575175e-01 -4.41101841e-01 -1.83630792e-01  2.40954963e+00
 -5.44468388e-01 -6.47974225e-01  1.03507260e+00 -2.29532499e+00
  1.00480108e+00  2.56984646e+00 -4.97761555e-01  2.15474574e+00
 -1.96867489e+00 -8.96654292e-01 -2.41332953e+00 -2.29743255e+00
 -1.42710634e+00 -2.91472162e+00  1.57924425e+00  1.80246462e+00
  1.61986725e+00  1.02861822e+00  1.41001696e+00 -2.31861897e+00
 -2.68133918e+00  1.72527842e+00  1.00593003e+00 -4.05060318e-01
 -2.62802106e+00  1.56023181e+00 -1.23978584e+00 -2.48585275e+00
  6.75990542e-02]
Thu Jun 13 22:08:22 2024,436,0.1055793353777927,[-2.84356904e+00  2.13411810e+00 -1.65977970e+00  1.35093526e-01
  4.73424128e-01 -3.22856934e+00  3.25080561e+00  2.06468938e+00
  1.05630985e+00 -9.93371885e-01  5.79828725e-01  1.30579767e+00
  1.31329542e+00 -1.88107022e+00  7.81302713e-01  2.89297709e+00
 -3.99252274e-01 -4.50027089e-01 -1.92866702e+00  7.94465715e-01
  1.60546367e+00  2.90908864e+00 -1.41804893e+00 -4.16470121e-01
 -2.19471080e+00 -2.09735135e+00  3.12898558e+00  2.78787314e+00
 -7.44623696e-01 -2.64140939e+00  1.51749827e+00 -2.09732536e-01
 -2.40346684e+00  1.87523537e+00  1.11432712e+00 -6.31329319e-01
  1.09769937e+00 -2.01720079e+00 -2.30101030e-01  2.27950095e+00
 -2.35719496e-01  5.36545922e-01  2.39273238e+00  5.62639595e-01
  2.66544153e+00  2.87707500e+00  2.80134097e+00 -2.92013362e+00
  2.90572806e-01 -3.81887813e-01  1.71063766e+00  2.97952270e+00
 -3.85783918e-01 -2.39927091e+00  2.70914030e+00 -3.18407940e+00
  5.65280138e-01 -6.80093276e-01 -1.72020581e+00  3.11653443e+00
 -1.94284055e+00 -1.64804389e+00 -2.56138360e+00  2.37137336e+00
 -2.15837773e+00  1.95972561e+00  1.74830636e+00  1.48380988e+00
  2.49691390e+00  2.91521787e+00  1.95627833e+00  1.49887659e+00
 -1.79279032e+00 -2.38066869e+00  1.16697199e+00  5.68728382e-01
  1.60899143e+00 -2.80823276e+00 -1.06789469e-01  2.53117381e+00
 -1.15545871e+00  1.20513706e+00  1.23154475e+00  6.09955553e-01
 -9.80421181e-01  1.12875654e+00  8.27004632e-01 -3.75554662e-01
  2.81364459e+00 -2.14217617e+00  1.58590159e+00 -6.38381728e-01
  9.98666527e-01 -3.22300276e+00 -2.22062934e+00  3.35886948e-01
 -1.11661372e+00 -4.26216296e-01  2.57121847e-01  4.87276926e-02
 -1.79425826e+00 -1.88384587e-01 -6.32714043e-01  2.86839865e+00
 -1.11061483e+00 -1.20056395e+00 -1.12948870e+00  1.28497806e+00
  1.63157949e+00 -8.23370583e-01  2.09819805e+00 -1.55849919e+00
 -2.50527552e-01 -8.91559522e-01 -2.95822607e+00  3.08491619e+00
 -1.77144131e+00  3.02891254e+00 -1.35132165e+00 -2.43464926e+00
  3.69623117e+00 -1.18479699e+00 -6.68316478e-01 -3.00745165e+00
 -2.51351765e+00  2.97215164e+00 -1.96956472e+00 -1.67583952e+00
 -4.06382840e-01  2.96257460e+00  1.59439627e-01  2.81890322e-02
 -1.61279526e+00 -1.58678408e-01 -1.59397017e+00 -3.11666764e+00
  2.92663585e+00  1.17547637e+00 -3.27420459e-01 -2.32534153e+00
  1.00567857e+00 -1.19532368e+00 -2.67429845e-01 -2.15216863e+00
 -1.90726669e+00  1.77671495e+00 -9.72643534e-01  2.57722855e+00
 -4.48924017e-01 -3.08961009e+00 -2.83052059e+00  1.99510309e+00
 -3.10019761e+00 -2.58841643e-01 -1.02624195e+00 -1.71503987e-01
  2.36139389e+00  1.72606300e+00 -2.12710454e-01 -1.85344708e+00
 -3.03168437e+00  1.39953526e-01 -8.16242110e-01  1.46783124e+00
 -2.51267691e+00  9.87904638e-01 -9.80476641e-02  1.88414789e-01
  2.02582938e+00  7.14420223e-01  7.67942338e-01 -1.24313560e+00
  1.62877039e+00  2.53259446e+00  1.26338490e+00  2.84043604e-01
 -1.01635761e+00  2.60830332e+00  8.10646580e-01 -2.22638348e+00
  1.71844039e-02  1.73445386e+00  1.08521772e+00 -6.45520296e-01
 -2.31879036e+00  2.42235804e+00  2.02858515e+00  1.67844365e+00
  2.26877933e+00  1.83536643e+00 -2.08698185e+00 -2.83871110e+00
  5.46765742e-01  1.38315124e+00 -2.42075899e+00 -1.32229405e+00
  2.43057618e+00  1.28754348e+00  6.79588774e-04 -1.73068718e+00
 -1.54245352e+00  1.96773815e+00  1.47966692e+00 -8.09391691e-01
 -1.40604980e-01 -4.43131647e-01 -1.85660598e-01  2.41157944e+00
 -5.46498193e-01 -6.50004030e-01  1.03304280e+00 -2.29329519e+00
  1.00277127e+00  2.56781666e+00 -4.95731750e-01  2.15271594e+00
 -1.97070469e+00 -8.94624487e-01 -2.41129972e+00 -2.29540274e+00
 -1.42913614e+00 -2.91269182e+00  1.58127406e+00  1.80449443e+00
  1.62189706e+00  1.03064803e+00  1.40798715e+00 -2.32064877e+00
 -2.67930937e+00  1.72730822e+00  1.00390022e+00 -4.03030513e-01
 -2.63005087e+00  1.55820200e+00 -1.23775604e+00 -2.48788256e+00
  6.96288596e-02]
Thu Jun 13 22:08:50 2024,437,0.10561186829365914,[-2.84464774e+00  2.13303941e+00 -1.65870100e+00  1.34014831e-01
  4.72345432e-01 -3.22749065e+00  3.24972691e+00  2.06576808e+00
  1.05738854e+00 -9.92293190e-01  5.78750030e-01  1.30687637e+00
  1.31437412e+00 -1.87999152e+00  7.82381408e-01  2.89405579e+00
 -3.98173579e-01 -4.51105785e-01 -1.92974572e+00  7.95544411e-01
  1.60438498e+00  2.90800994e+00 -1.41697023e+00 -4.15391426e-01
 -2.19578949e+00 -2.09627266e+00  3.12790689e+00  2.78895183e+00
 -7.43545001e-01 -2.64248809e+00  1.51857697e+00 -2.10811232e-01
 -2.40454554e+00  1.87415667e+00  1.11540582e+00 -6.32408014e-01
  1.09877807e+00 -2.01612210e+00 -2.29022335e-01  2.27842225e+00
 -2.36798191e-01  5.37624617e-01  2.39381107e+00  5.63718290e-01
  2.66652022e+00  2.87599631e+00  2.80241967e+00 -2.91905492e+00
  2.91651501e-01 -3.82966509e-01  1.71171635e+00  2.98060140e+00
 -3.84705223e-01 -2.40034961e+00  2.70806160e+00 -3.18300070e+00
  5.66358834e-01 -6.79014580e-01 -1.71912711e+00  3.11545574e+00
 -1.94391925e+00 -1.64912259e+00 -2.56030491e+00  2.37245206e+00
 -2.15945643e+00  1.95864691e+00  1.74722767e+00  1.48488858e+00
  2.49799260e+00  2.91629656e+00  1.95735702e+00  1.49779789e+00
 -1.79171162e+00 -2.38174739e+00  1.16589329e+00  5.69807078e-01
  1.60791273e+00 -2.80931145e+00 -1.05710774e-01  2.53009511e+00
 -1.15438001e+00  1.20405837e+00  1.23046606e+00  6.08876858e-01
 -9.81499877e-01  1.12983524e+00  8.25925937e-01 -3.74475967e-01
  2.81256590e+00 -2.14325486e+00  1.58698029e+00 -6.39460424e-01
  9.97587832e-01 -3.22408146e+00 -2.22170804e+00  3.34808253e-01
 -1.11769242e+00 -4.25137601e-01  2.58200543e-01  4.76489974e-02
 -1.79533695e+00 -1.87305891e-01 -6.33792738e-01  2.86947734e+00
 -1.10953613e+00 -1.20164264e+00 -1.13056739e+00  1.28605676e+00
  1.63265819e+00 -8.22291887e-01  2.09711935e+00 -1.55742049e+00
 -2.51606248e-01 -8.90480827e-01 -2.95714737e+00  3.08383749e+00
 -1.77036261e+00  3.02783385e+00 -1.35240034e+00 -2.43572796e+00
  3.69730987e+00 -1.18587568e+00 -6.69395173e-01 -3.00637296e+00
 -2.51243896e+00  2.97323033e+00 -1.97064342e+00 -1.67476083e+00
 -4.05304145e-01  2.96149590e+00  1.60518322e-01  2.92677275e-02
 -1.61171656e+00 -1.57599713e-01 -1.59504887e+00 -3.11558894e+00
  2.92771454e+00  1.17439767e+00 -3.26341764e-01 -2.32642022e+00
  1.00459987e+00 -1.19640237e+00 -2.66351150e-01 -2.15108994e+00
 -1.90618799e+00  1.77563625e+00 -9.73722229e-01  2.57830725e+00
 -4.50002712e-01 -3.09068879e+00 -2.83159928e+00  1.99402439e+00
 -3.10127630e+00 -2.57762947e-01 -1.02516326e+00 -1.72582682e-01
  2.36247258e+00  1.72714170e+00 -2.11631759e-01 -1.85236838e+00
 -3.03276307e+00  1.38874830e-01 -8.15163414e-01  1.46675254e+00
 -2.51375560e+00  9.86825943e-01 -9.69689688e-02  1.87336093e-01
  2.02690807e+00  7.15498919e-01  7.69021033e-01 -1.24205691e+00
  1.62769169e+00  2.53367316e+00  1.26446360e+00  2.85122299e-01
 -1.01743631e+00  2.60938202e+00  8.11725276e-01 -2.22746218e+00
  1.61057086e-02  1.73337516e+00  1.08413902e+00 -6.44441601e-01
 -2.31771167e+00  2.42343674e+00  2.02750646e+00  1.67736495e+00
  2.26770064e+00  1.83428773e+00 -2.08590315e+00 -2.83763241e+00
  5.45687047e-01  1.38422994e+00 -2.42183768e+00 -1.32337275e+00
  2.43165487e+00  1.28646479e+00 -3.99106508e-04 -1.72960848e+00
 -1.54353222e+00  1.96665945e+00  1.47858822e+00 -8.10470386e-01
 -1.41683675e-01 -4.44210342e-01 -1.84581902e-01  2.41050074e+00
 -5.47576889e-01 -6.51082725e-01  1.03196410e+00 -2.29437388e+00
  1.00384997e+00  2.56673796e+00 -4.94653054e-01  2.15379463e+00
 -1.96962600e+00 -8.93545791e-01 -2.41237842e+00 -2.29432405e+00
 -1.42805745e+00 -2.91161312e+00  1.58235275e+00  1.80557312e+00
  1.62081836e+00  1.03172672e+00  1.40690846e+00 -2.31957008e+00
 -2.68038807e+00  1.72838692e+00  1.00497892e+00 -4.01951818e-01
 -2.62897217e+00  1.55928070e+00 -1.23883473e+00 -2.48896125e+00
  6.85501643e-02]
Thu Jun 13 22:09:07 2024,438,0.1056281979001243,[-2.84432593e+00  2.13336122e+00 -1.65902281e+00  1.34336638e-01
  4.72023625e-01 -3.22716884e+00  3.24940510e+00  2.06544627e+00
  1.05706673e+00 -9.91971382e-01  5.79071838e-01  1.30719818e+00
  1.31469593e+00 -1.87966971e+00  7.82059601e-01  2.89373398e+00
 -3.98495386e-01 -4.50783977e-01 -1.92942391e+00  7.95866218e-01
  1.60470678e+00  2.90768813e+00 -1.41729204e+00 -4.15069618e-01
 -2.19546768e+00 -2.09595085e+00  3.12822869e+00  2.78863002e+00
 -7.43866808e-01 -2.64280989e+00  1.51825516e+00 -2.11133039e-01
 -2.40422373e+00  1.87447848e+00  1.11508401e+00 -6.32086206e-01
  1.09909987e+00 -2.01644390e+00 -2.28700527e-01  2.27874406e+00
 -2.36476383e-01  5.37302810e-01  2.39348927e+00  5.63396483e-01
  2.66684203e+00  2.87567450e+00  2.80209786e+00 -2.91937673e+00
  2.91329694e-01 -3.83288316e-01  1.71139455e+00  2.98027959e+00
 -3.84383416e-01 -2.40002780e+00  2.70773979e+00 -3.18332251e+00
  5.66037026e-01 -6.78692773e-01 -1.71880530e+00  3.11577755e+00
 -1.94424106e+00 -1.64880078e+00 -2.56062671e+00  2.37277387e+00
 -2.15977824e+00  1.95896872e+00  1.74690586e+00  1.48456677e+00
  2.49831441e+00  2.91597476e+00  1.95703522e+00  1.49811970e+00
 -1.79138982e+00 -2.38142558e+00  1.16557149e+00  5.69485270e-01
  1.60823454e+00 -2.80898964e+00 -1.06032581e-01  2.53041692e+00
 -1.15470182e+00  1.20438018e+00  1.23014425e+00  6.08555051e-01
 -9.81178069e-01  1.12951343e+00  8.25604129e-01 -3.74154159e-01
  2.81224409e+00 -2.14293306e+00  1.58665848e+00 -6.39782231e-01
  9.97266024e-01 -3.22375965e+00 -2.22138623e+00  3.34486446e-01
 -1.11801423e+00 -4.24815794e-01  2.58522350e-01  4.73271898e-02
 -1.79501515e+00 -1.87627699e-01 -6.34114546e-01  2.86979915e+00
 -1.10921432e+00 -1.20132083e+00 -1.13088920e+00  1.28573495e+00
  1.63298000e+00 -8.22613695e-01  2.09679754e+00 -1.55709868e+00
 -2.51284440e-01 -8.90159019e-01 -2.95746918e+00  3.08415930e+00
 -1.77004081e+00  3.02815565e+00 -1.35272215e+00 -2.43604977e+00
  3.69698806e+00 -1.18555387e+00 -6.69073365e-01 -3.00669477e+00
 -2.51211715e+00  2.97355214e+00 -1.97096522e+00 -1.67508264e+00
 -4.05625952e-01  2.96117410e+00  1.60840130e-01  2.95895350e-02
 -1.61203837e+00 -1.57277905e-01 -1.59472706e+00 -3.11591075e+00
  2.92803635e+00  1.17471948e+00 -3.26019957e-01 -2.32609841e+00
  1.00427807e+00 -1.19608056e+00 -2.66672958e-01 -2.15141174e+00
 -1.90650980e+00  1.77595806e+00 -9.73400421e-01  2.57798544e+00
 -4.50324520e-01 -3.09101060e+00 -2.83192109e+00  1.99434620e+00
 -3.10095449e+00 -2.57441140e-01 -1.02484145e+00 -1.72904490e-01
  2.36279439e+00  1.72681989e+00 -2.11309952e-01 -1.85204658e+00
 -3.03244126e+00  1.38553023e-01 -8.15485222e-01  1.46643074e+00
 -2.51407741e+00  9.87147750e-01 -9.72907763e-02  1.87014286e-01
  2.02722988e+00  7.15177111e-01  7.68699225e-01 -1.24173510e+00
  1.62801350e+00  2.53399497e+00  1.26414179e+00  2.85444107e-01
 -1.01711450e+00  2.60970382e+00  8.11403468e-01 -2.22778399e+00
  1.64275161e-02  1.73369697e+00  1.08446083e+00 -6.44119793e-01
 -2.31738986e+00  2.42375854e+00  2.02718465e+00  1.67768676e+00
  2.26737883e+00  1.83460954e+00 -2.08622496e+00 -2.83731060e+00
  5.45365240e-01  1.38455174e+00 -2.42215949e+00 -1.32305094e+00
  2.43133307e+00  1.28678659e+00 -7.72989963e-05 -1.72993029e+00
 -1.54321041e+00  1.96698126e+00  1.47891003e+00 -8.10792194e-01
 -1.41361868e-01 -4.44532149e-01 -1.84903710e-01  2.41017894e+00
 -5.47898696e-01 -6.51404533e-01  1.03164229e+00 -2.29469569e+00
  1.00352816e+00  2.56641615e+00 -4.94331247e-01  2.15347282e+00
 -1.96994780e+00 -8.93223984e-01 -2.41205661e+00 -2.29464586e+00
 -1.42773564e+00 -2.91129131e+00  1.58203094e+00  1.80589493e+00
  1.62114017e+00  1.03204853e+00  1.40723026e+00 -2.31989188e+00
 -2.68070988e+00  1.72806511e+00  1.00465711e+00 -4.01630010e-01
 -2.62929398e+00  1.55895889e+00 -1.23915654e+00 -2.48863945e+00
  6.82283568e-02]
Thu Jun 13 22:09:34 2024,439,0.10533908914389807,[-2.84209849e+00  2.13113378e+00 -1.66125025e+00  1.36564078e-01
  4.69796185e-01 -3.22939628e+00  3.25163254e+00  2.06767371e+00
  1.05483929e+00 -9.89743943e-01  5.76844398e-01  1.30942562e+00
  1.31246849e+00 -1.88189715e+00  7.79832161e-01  2.89150654e+00
 -4.00722826e-01 -4.48556538e-01 -1.92719647e+00  7.98093658e-01
  1.60247934e+00  2.90991557e+00 -1.41506460e+00 -4.17297058e-01
 -2.19324024e+00 -2.09817829e+00  3.13045613e+00  2.78640258e+00
 -7.46094248e-01 -2.64503733e+00  1.52048260e+00 -2.08905600e-01
 -2.40645117e+00  1.87225104e+00  1.11731145e+00 -6.29858767e-01
  1.10132731e+00 -2.01867134e+00 -2.30927967e-01  2.27651662e+00
 -2.38703823e-01  5.35075370e-01  2.39126183e+00  5.61169043e-01
  2.66906947e+00  2.87790194e+00  2.79987042e+00 -2.91714929e+00
  2.89102254e-01 -3.81060877e-01  1.70916711e+00  2.98250703e+00
 -3.86610855e-01 -2.39780036e+00  2.70551235e+00 -3.18554995e+00
  5.63809587e-01 -6.76465333e-01 -1.72103274e+00  3.11355011e+00
 -1.94201362e+00 -1.64657334e+00 -2.56285415e+00  2.37500131e+00
 -2.15755080e+00  1.95674128e+00  1.74913330e+00  1.48233933e+00
  2.50054185e+00  2.91374732e+00  1.95926266e+00  1.50034714e+00
 -1.79361726e+00 -2.37919814e+00  1.16779893e+00  5.67257831e-01
  1.60600710e+00 -2.81121708e+00 -1.03805142e-01  2.53264436e+00
 -1.15247438e+00  1.20660762e+00  1.23237169e+00  6.10782490e-01
 -9.83405509e-01  1.12728599e+00  8.23376690e-01 -3.76381599e-01
  2.81001665e+00 -2.14070562e+00  1.58443104e+00 -6.42009671e-01
  9.95038585e-01 -3.22598709e+00 -2.22361367e+00  3.32259006e-01
 -1.11578679e+00 -4.22588354e-01  2.60749790e-01  4.50997503e-02
 -1.79278771e+00 -1.89855138e-01 -6.31887106e-01  2.86757171e+00
 -1.10698688e+00 -1.20354827e+00 -1.12866176e+00  1.28350751e+00
  1.63075256e+00 -8.20386255e-01  2.09902498e+00 -1.55487124e+00
 -2.53511880e-01 -8.92386459e-01 -2.95524174e+00  3.08638674e+00
 -1.77226824e+00  3.02592822e+00 -1.35049471e+00 -2.43382233e+00
  3.69921550e+00 -1.18778131e+00 -6.66845926e-01 -3.00446733e+00
 -2.51434459e+00  2.97132470e+00 -1.96873778e+00 -1.67285520e+00
 -4.07853392e-01  2.96340154e+00  1.58612690e-01  3.18169746e-02
 -1.60981093e+00 -1.55050466e-01 -1.59695450e+00 -3.11813819e+00
  2.93026379e+00  1.17694692e+00 -3.23792517e-01 -2.32832585e+00
  1.00205063e+00 -1.19385312e+00 -2.68900397e-01 -2.14918430e+00
 -1.90873724e+00  1.77818550e+00 -9.75627861e-01  2.58021288e+00
 -4.48097080e-01 -3.09323804e+00 -2.82969365e+00  1.99657364e+00
 -3.09872705e+00 -2.55213700e-01 -1.02706889e+00 -1.75131930e-01
  2.36056695e+00  1.72459245e+00 -2.09082512e-01 -1.84981914e+00
 -3.03021382e+00  1.36325583e-01 -8.13257782e-01  1.46865818e+00
 -2.51184997e+00  9.89375190e-01 -9.50633368e-02  1.89241725e-01
  2.02500244e+00  7.17404551e-01  7.66471786e-01 -1.24396254e+00
  1.62578606e+00  2.53622241e+00  1.26191435e+00  2.87671546e-01
 -1.01934194e+00  2.60747638e+00  8.13630908e-01 -2.22555655e+00
  1.42000766e-02  1.73146953e+00  1.08668827e+00 -6.46347233e-01
 -2.31961730e+00  2.42153110e+00  2.02495721e+00  1.67991420e+00
  2.26515139e+00  1.83683698e+00 -2.08399752e+00 -2.83508316e+00
  5.43137800e-01  1.38677918e+00 -2.42438693e+00 -1.32082350e+00
  2.42910563e+00  1.28455915e+00 -2.30473855e-03 -1.72770285e+00
 -1.54543785e+00  1.96920870e+00  1.48113747e+00 -8.08564754e-01
 -1.43589307e-01 -4.46759589e-01 -1.82676270e-01  2.40795150e+00
 -5.50126136e-01 -6.49177093e-01  1.03386973e+00 -2.29692313e+00
  1.00575560e+00  2.56418871e+00 -4.96558686e-01  2.15124538e+00
 -1.97217524e+00 -8.90996544e-01 -2.41428405e+00 -2.29241842e+00
 -1.42550820e+00 -2.90906387e+00  1.57980350e+00  1.80812237e+00
  1.62336761e+00  1.03427597e+00  1.40500282e+00 -2.31766444e+00
 -2.67848244e+00  1.72583767e+00  1.00242967e+00 -3.99402570e-01
 -2.63152142e+00  1.56118633e+00 -1.23692910e+00 -2.49086689e+00
  6.60009172e-02]
Thu Jun 13 22:09:50 2024,440,0.10529254663765046,[-2.84254357e+00  2.13068869e+00 -1.66169533e+00  1.36118996e-01
  4.69351104e-01 -3.22984136e+00  3.25118746e+00  2.06722863e+00
  1.05439421e+00 -9.89298861e-01  5.76399317e-01  1.30987070e+00
  1.31291357e+00 -1.88234223e+00  7.79387080e-01  2.89195162e+00
 -4.01167907e-01 -4.49001619e-01 -1.92675139e+00  7.97648576e-01
  1.60292443e+00  2.90947049e+00 -1.41550968e+00 -4.17742139e-01
 -2.19368533e+00 -2.09862337e+00  3.13090121e+00  2.78684767e+00
 -7.45649166e-01 -2.64459225e+00  1.52003752e+00 -2.08460518e-01
 -2.40689625e+00  1.87180596e+00  1.11686637e+00 -6.29413685e-01
  1.10088223e+00 -2.01822626e+00 -2.30482885e-01  2.27696170e+00
 -2.39148904e-01  5.34630289e-01  2.39081675e+00  5.61614124e-01
  2.66862439e+00  2.87834702e+00  2.79942534e+00 -2.91759437e+00
  2.89547336e-01 -3.81505958e-01  1.70961219e+00  2.98206195e+00
 -3.86165774e-01 -2.39735528e+00  2.70506727e+00 -3.18599503e+00
  5.64254668e-01 -6.76910415e-01 -1.72147782e+00  3.11310502e+00
 -1.94245870e+00 -1.64612826e+00 -2.56329923e+00  2.37455622e+00
 -2.15799588e+00  1.95629620e+00  1.74868822e+00  1.48189425e+00
  2.50009676e+00  2.91330223e+00  1.95881757e+00  1.49990206e+00
 -1.79317217e+00 -2.37964322e+00  1.16735385e+00  5.66812749e-01
  1.60556202e+00 -2.81077200e+00 -1.03360060e-01  2.53219928e+00
 -1.15291946e+00  1.20705270e+00  1.23281677e+00  6.10337409e-01
 -9.82960427e-01  1.12773107e+00  8.22931608e-01 -3.76826680e-01
  2.81046173e+00 -2.14115070e+00  1.58398596e+00 -6.41564589e-01
  9.95483666e-01 -3.22643217e+00 -2.22405875e+00  3.31813925e-01
 -1.11534170e+00 -4.23033436e-01  2.61194871e-01  4.46546688e-02
 -1.79234263e+00 -1.90300220e-01 -6.32332188e-01  2.86712663e+00
 -1.10743196e+00 -1.20310319e+00 -1.12910684e+00  1.28395259e+00
  1.63030748e+00 -8.19941174e-01  2.09857990e+00 -1.55442616e+00
 -2.53066798e-01 -8.92831541e-01 -2.95568682e+00  3.08594166e+00
 -1.77182316e+00  3.02548313e+00 -1.35093979e+00 -2.43337724e+00
  3.69877042e+00 -1.18733623e+00 -6.66400844e-01 -3.00402225e+00
 -2.51389951e+00  2.97087962e+00 -1.96918286e+00 -1.67330028e+00
 -4.08298473e-01  2.96384662e+00  1.58167609e-01  3.22620560e-02
 -1.61025601e+00 -1.54605384e-01 -1.59650942e+00 -3.11769311e+00
  2.92981871e+00  1.17739200e+00 -3.24237599e-01 -2.32788077e+00
  1.00249571e+00 -1.19429820e+00 -2.69345479e-01 -2.14962939e+00
 -1.90918232e+00  1.77774042e+00 -9.76072942e-01  2.57976780e+00
 -4.47651999e-01 -3.09368312e+00 -2.83013873e+00  1.99612856e+00
 -3.09828197e+00 -2.54768619e-01 -1.02751397e+00 -1.74686848e-01
  2.36012187e+00  1.72503753e+00 -2.09527593e-01 -1.85026422e+00
 -3.03065890e+00  1.35880502e-01 -8.13702864e-01  1.46910326e+00
 -2.51229505e+00  9.89820271e-01 -9.46182553e-02  1.89686807e-01
  2.02544752e+00  7.16959469e-01  7.66916867e-01 -1.24351746e+00
  1.62534098e+00  2.53666749e+00  1.26146927e+00  2.88116628e-01
 -1.01978702e+00  2.60792147e+00  8.13185826e-01 -2.22511147e+00
  1.37549951e-02  1.73102445e+00  1.08624319e+00 -6.46792314e-01
 -2.32006238e+00  2.42197619e+00  2.02451213e+00  1.67946912e+00
  2.26559647e+00  1.83728206e+00 -2.08355244e+00 -2.83552824e+00
  5.43582882e-01  1.38633410e+00 -2.42483201e+00 -1.32126858e+00
  2.42955071e+00  1.28411407e+00 -1.85965708e-03 -1.72725777e+00
 -1.54499277e+00  1.96876362e+00  1.48069239e+00 -8.09009836e-01
 -1.43144226e-01 -4.47204670e-01 -1.82231189e-01  2.40839658e+00
 -5.50571217e-01 -6.48732012e-01  1.03342465e+00 -2.29647805e+00
  1.00531052e+00  2.56463380e+00 -4.97003768e-01  2.15080030e+00
 -1.97262033e+00 -8.90551463e-01 -2.41472913e+00 -2.29286350e+00
 -1.42506312e+00 -2.90861879e+00  1.57935842e+00  1.80767729e+00
  1.62381269e+00  1.03472105e+00  1.40455774e+00 -2.31810953e+00
 -2.67803735e+00  1.72539259e+00  1.00287475e+00 -3.98957489e-01
 -2.63196650e+00  1.56074125e+00 -1.23648402e+00 -2.49042180e+00
  6.64459987e-02]
Thu Jun 13 22:10:08 2024,441,0.10529107623890108,[-2.84260410e+00  2.13062817e+00 -1.66175586e+00  1.36058469e-01
  4.69411631e-01 -3.22978083e+00  3.25124799e+00  2.06728915e+00
  1.05433368e+00 -9.89238334e-01  5.76459844e-01  1.30981017e+00
  1.31297410e+00 -1.88240276e+00  7.79326553e-01  2.89189109e+00
 -4.01107380e-01 -4.48941092e-01 -1.92669086e+00  7.97588049e-01
  1.60286390e+00  2.90940996e+00 -1.41544916e+00 -4.17681612e-01
 -2.19362480e+00 -2.09868390e+00  3.13084069e+00  2.78678714e+00
 -7.45588639e-01 -2.64465278e+00  1.52009805e+00 -2.08521045e-01
 -2.40683572e+00  1.87174543e+00  1.11680584e+00 -6.29353158e-01
  1.10094276e+00 -2.01828679e+00 -2.30422358e-01  2.27690117e+00
 -2.39088377e-01  5.34690816e-01  2.39075622e+00  5.61674651e-01
  2.66868491e+00  2.87840755e+00  2.79948587e+00 -2.91753384e+00
  2.89486809e-01 -3.81566485e-01  1.70955166e+00  2.98212247e+00
 -3.86105247e-01 -2.39741581e+00  2.70500674e+00 -3.18593451e+00
  5.64315195e-01 -6.76970942e-01 -1.72141730e+00  3.11316555e+00
 -1.94251922e+00 -1.64606773e+00 -2.56335976e+00  2.37449570e+00
 -2.15805640e+00  1.95635673e+00  1.74874875e+00  1.48183372e+00
  2.50003624e+00  2.91336276e+00  1.95875705e+00  1.49996258e+00
 -1.79323270e+00 -2.37970375e+00  1.16741437e+00  5.66873276e-01
  1.60550149e+00 -2.81083253e+00 -1.03420587e-01  2.53213875e+00
 -1.15285893e+00  1.20699217e+00  1.23287730e+00  6.10397936e-01
 -9.83020954e-01  1.12767054e+00  8.22871081e-01 -3.76887207e-01
  2.81040121e+00 -2.14121123e+00  1.58392543e+00 -6.41625116e-01
  9.95544193e-01 -3.22637164e+00 -2.22399822e+00  3.31874452e-01
 -1.11540223e+00 -4.22972909e-01  2.61134344e-01  4.45941418e-02
 -1.79228210e+00 -1.90360747e-01 -6.32392715e-01  2.86718716e+00
 -1.10737144e+00 -1.20304267e+00 -1.12916737e+00  1.28389206e+00
  1.63036800e+00 -8.19880647e-01  2.09851937e+00 -1.55448669e+00
 -2.53127325e-01 -8.92892068e-01 -2.95562629e+00  3.08588113e+00
 -1.77176264e+00  3.02542261e+00 -1.35100032e+00 -2.43343777e+00
  3.69883095e+00 -1.18739676e+00 -6.66340317e-01 -3.00408277e+00
 -2.51383898e+00  2.97081909e+00 -1.96924339e+00 -1.67336081e+00
 -4.08237946e-01  2.96378609e+00  1.58228136e-01  3.22015290e-02
 -1.61019548e+00 -1.54665911e-01 -1.59644889e+00 -3.11763258e+00
  2.92987923e+00  1.17745253e+00 -3.24177072e-01 -2.32782025e+00
  1.00243518e+00 -1.19423768e+00 -2.69406006e-01 -2.14956886e+00
 -1.90924285e+00  1.77767989e+00 -9.76012415e-01  2.57982832e+00
 -4.47712526e-01 -3.09362259e+00 -2.83007820e+00  1.99618909e+00
 -3.09822145e+00 -2.54829146e-01 -1.02745344e+00 -1.74747375e-01
  2.36006134e+00  1.72509806e+00 -2.09588121e-01 -1.85032475e+00
 -3.03071943e+00  1.35941029e-01 -8.13763391e-01  1.46904273e+00
 -2.51235558e+00  9.89759744e-01 -9.45577283e-02  1.89747334e-01
  2.02538699e+00  7.16898942e-01  7.66856340e-01 -1.24345693e+00
  1.62528045e+00  2.53672801e+00  1.26152980e+00  2.88056101e-01
 -1.01984755e+00  2.60786094e+00  8.13246353e-01 -2.22505094e+00
  1.38155221e-02  1.73096392e+00  1.08630371e+00 -6.46852841e-01
 -2.32000185e+00  2.42191566e+00  2.02445160e+00  1.67952965e+00
  2.26553594e+00  1.83734259e+00 -2.08349191e+00 -2.83558877e+00
  5.43522355e-01  1.38639463e+00 -2.42477148e+00 -1.32132911e+00
  2.42949018e+00  1.28405355e+00 -1.92018409e-03 -1.72719724e+00
 -1.54493224e+00  1.96882414e+00  1.48063186e+00 -8.09070363e-01
 -1.43083699e-01 -4.47144143e-01 -1.82291716e-01  2.40845710e+00
 -5.50631744e-01 -6.48671485e-01  1.03348518e+00 -2.29653858e+00
  1.00524999e+00  2.56469432e+00 -4.97064295e-01  2.15086083e+00
 -1.97268085e+00 -8.90611990e-01 -2.41466860e+00 -2.29280297e+00
 -1.42512365e+00 -2.90855827e+00  1.57941895e+00  1.80773781e+00
  1.62387322e+00  1.03478158e+00  1.40449722e+00 -2.31817005e+00
 -2.67797683e+00  1.72545311e+00  1.00281423e+00 -3.99018016e-01
 -2.63190597e+00  1.56080177e+00 -1.23654455e+00 -2.49036128e+00
  6.63854717e-02]
Thu Jun 13 22:10:23 2024,442,0.10528252615715383,[-2.84270232e+00  2.13072639e+00 -1.66185408e+00  1.35960246e-01
  4.69509854e-01 -3.22968261e+00  3.25134621e+00  2.06719093e+00
  1.05423546e+00 -9.89336557e-01  5.76558067e-01  1.30971195e+00
  1.31287587e+00 -1.88230454e+00  7.79228330e-01  2.89179287e+00
 -4.01009157e-01 -4.49039315e-01 -1.92678909e+00  7.97489826e-01
  1.60276568e+00  2.90950819e+00 -1.41554738e+00 -4.17583389e-01
 -2.19372302e+00 -2.09858567e+00  3.13074246e+00  2.78688536e+00
 -7.45490416e-01 -2.64475100e+00  1.52019627e+00 -2.08619268e-01
 -2.40673750e+00  1.87184365e+00  1.11690406e+00 -6.29451381e-01
  1.10084454e+00 -2.01838501e+00 -2.30520581e-01  2.27699940e+00
 -2.39186600e-01  5.34592593e-01  2.39085444e+00  5.61772874e-01
  2.66858669e+00  2.87830933e+00  2.79938765e+00 -2.91743562e+00
  2.89388586e-01 -3.81468262e-01  1.70945344e+00  2.98202425e+00
 -3.86007024e-01 -2.39751403e+00  2.70510497e+00 -3.18583628e+00
  5.64413418e-01 -6.77069165e-01 -1.72151552e+00  3.11326377e+00
 -1.94261745e+00 -1.64616595e+00 -2.56345798e+00  2.37439747e+00
 -2.15815463e+00  1.95625850e+00  1.74884697e+00  1.48173550e+00
  2.49993801e+00  2.91346098e+00  1.95885527e+00  1.50006081e+00
 -1.79313448e+00 -2.37980197e+00  1.16731615e+00  5.66775053e-01
  1.60540327e+00 -2.81073431e+00 -1.03518810e-01  2.53223697e+00
 -1.15276071e+00  1.20709039e+00  1.23277907e+00  6.10496159e-01
 -9.83119177e-01  1.12757232e+00  8.22969304e-01 -3.76985430e-01
  2.81030298e+00 -2.14130945e+00  1.58402366e+00 -6.41526893e-01
  9.95445970e-01 -3.22627342e+00 -2.22390000e+00  3.31972675e-01
 -1.11550045e+00 -4.22874685e-01  2.61232567e-01  4.44959188e-02
 -1.79238032e+00 -1.90262524e-01 -6.32490938e-01  2.86708893e+00
 -1.10727321e+00 -1.20294444e+00 -1.12906915e+00  1.28379384e+00
  1.63046623e+00 -8.19782424e-01  2.09842115e+00 -1.55438847e+00
 -2.53225548e-01 -8.92793844e-01 -2.95572452e+00  3.08578291e+00
 -1.77166441e+00  3.02552083e+00 -1.35090209e+00 -2.43333955e+00
  3.69873272e+00 -1.18729854e+00 -6.66242094e-01 -3.00418100e+00
 -2.51374076e+00  2.97091731e+00 -1.96914517e+00 -1.67326258e+00
 -4.08139723e-01  2.96388431e+00  1.58326359e-01  3.22997520e-02
 -1.61009726e+00 -1.54567688e-01 -1.59654711e+00 -3.11773081e+00
  2.92978101e+00  1.17755075e+00 -3.24078848e-01 -2.32791847e+00
  1.00253340e+00 -1.19413945e+00 -2.69307783e-01 -2.14947064e+00
 -1.90914463e+00  1.77777811e+00 -9.76110638e-01  2.57973010e+00
 -4.47810749e-01 -3.09372081e+00 -2.82997998e+00  1.99628731e+00
 -3.09831967e+00 -2.54927369e-01 -1.02735522e+00 -1.74845598e-01
  2.36015957e+00  1.72519628e+00 -2.09686344e-01 -1.85042297e+00
 -3.03081765e+00  1.35842806e-01 -8.13665168e-01  1.46914095e+00
 -2.51225736e+00  9.89661521e-01 -9.46559513e-02  1.89649111e-01
  2.02548522e+00  7.16997165e-01  7.66954563e-01 -1.24355515e+00
  1.62518223e+00  2.53662979e+00  1.26162802e+00  2.87957878e-01
 -1.01994577e+00  2.60776272e+00  8.13344576e-01 -2.22495272e+00
  1.39137451e-02  1.73106215e+00  1.08620549e+00 -6.46754618e-01
 -2.32010007e+00  2.42181744e+00  2.02435338e+00  1.67943142e+00
  2.26543772e+00  1.83724437e+00 -2.08359014e+00 -2.83549054e+00
  5.43620578e-01  1.38649285e+00 -2.42486971e+00 -1.32123089e+00
  2.42939196e+00  1.28395532e+00 -2.01840712e-03 -1.72709902e+00
 -1.54483402e+00  1.96872592e+00  1.48073008e+00 -8.09168586e-01
 -1.43181922e-01 -4.47242366e-01 -1.82193493e-01  2.40835888e+00
 -5.50533521e-01 -6.48769708e-01  1.03358340e+00 -2.29663680e+00
  1.00515177e+00  2.56459610e+00 -4.97162518e-01  2.15095905e+00
 -1.97277908e+00 -8.90710213e-01 -2.41457038e+00 -2.29290119e+00
 -1.42502542e+00 -2.90865649e+00  1.57932073e+00  1.80783604e+00
  1.62397144e+00  1.03487980e+00  1.40459544e+00 -2.31826828e+00
 -2.67807505e+00  1.72555134e+00  1.00291245e+00 -3.99116239e-01
 -2.63180775e+00  1.56070355e+00 -1.23644632e+00 -2.49045950e+00
  6.64836947e-02]
Thu Jun 13 22:10:38 2024,443,0.10526357173047603,[-2.84325218e+00  2.13127624e+00 -1.66130423e+00  1.35410394e-01
  4.70059706e-01 -3.23023246e+00  3.25189606e+00  2.06774078e+00
  1.05368561e+00 -9.89886410e-01  5.77107919e-01  1.31026180e+00
  1.31342573e+00 -1.88285439e+00  7.79778182e-01  2.89124302e+00
 -4.00459305e-01 -4.48489463e-01 -1.92733894e+00  7.96939974e-01
  1.60331553e+00  2.90895833e+00 -1.41499753e+00 -4.17033537e-01
 -2.19317317e+00 -2.09803582e+00  3.13129232e+00  2.78633551e+00
 -7.46040269e-01 -2.64530085e+00  1.52074612e+00 -2.09169121e-01
 -2.40618765e+00  1.87239351e+00  1.11635421e+00 -6.28901529e-01
  1.10139439e+00 -2.01893487e+00 -2.31070434e-01  2.27754925e+00
 -2.39736453e-01  5.34042740e-01  2.39140429e+00  5.61223022e-01
  2.66803684e+00  2.87885918e+00  2.79883779e+00 -2.91798547e+00
  2.89938438e-01 -3.80918410e-01  1.71000329e+00  2.98257410e+00
 -3.86556876e-01 -2.39696418e+00  2.70565482e+00 -3.18638614e+00
  5.64963271e-01 -6.77619017e-01 -1.72096567e+00  3.11271392e+00
 -1.94316730e+00 -1.64561610e+00 -2.56290813e+00  2.37494733e+00
 -2.15870448e+00  1.95570865e+00  1.74829712e+00  1.48118564e+00
  2.50048787e+00  2.91401084e+00  1.95940512e+00  1.49951095e+00
 -1.79258463e+00 -2.38035182e+00  1.16676630e+00  5.67324906e-01
  1.60595312e+00 -2.81128416e+00 -1.04068663e-01  2.53168712e+00
 -1.15331056e+00  1.20654054e+00  1.23332893e+00  6.09946306e-01
 -9.82569325e-01  1.12702247e+00  8.22419452e-01 -3.77535283e-01
  2.81085284e+00 -2.14185930e+00  1.58457351e+00 -6.42076746e-01
  9.95995823e-01 -3.22682327e+00 -2.22335015e+00  3.32522527e-01
 -1.11495060e+00 -4.22324833e-01  2.60682715e-01  4.50457712e-02
 -1.79183047e+00 -1.89712671e-01 -6.31941085e-01  2.86653908e+00
 -1.10782307e+00 -1.20239459e+00 -1.12851929e+00  1.28324399e+00
  1.62991637e+00 -8.20332276e-01  2.09787130e+00 -1.55383861e+00
 -2.52675696e-01 -8.93343697e-01 -2.95517466e+00  3.08523306e+00
 -1.77221427e+00  3.02497098e+00 -1.35145195e+00 -2.43388940e+00
  3.69818287e+00 -1.18784839e+00 -6.65692242e-01 -3.00363114e+00
 -2.51319091e+00  2.97146717e+00 -1.96969502e+00 -1.67271273e+00
 -4.07589871e-01  2.96443417e+00  1.58876211e-01  3.17498996e-02
 -1.61064711e+00 -1.55117541e-01 -1.59599726e+00 -3.11828066e+00
  2.92923116e+00  1.17810060e+00 -3.23528996e-01 -2.32846832e+00
  1.00308326e+00 -1.19358960e+00 -2.69857635e-01 -2.15002049e+00
 -1.90859477e+00  1.77722826e+00 -9.75560786e-01  2.57918025e+00
 -4.47260896e-01 -3.09427067e+00 -2.82943013e+00  1.99683716e+00
 -3.09886952e+00 -2.54377517e-01 -1.02790507e+00 -1.75395451e-01
  2.36070942e+00  1.72464643e+00 -2.09136491e-01 -1.85097282e+00
 -3.03026780e+00  1.36392658e-01 -8.14215020e-01  1.46969081e+00
 -2.51280721e+00  9.89111669e-01 -9.41060989e-02  1.90198963e-01
  2.02493536e+00  7.16447313e-01  7.67504416e-01 -1.24300530e+00
  1.62573208e+00  2.53607994e+00  1.26107817e+00  2.87408025e-01
 -1.01939592e+00  2.60721286e+00  8.13894429e-01 -2.22550257e+00
  1.44635976e-02  1.73051229e+00  1.08675534e+00 -6.46204766e-01
 -2.32064993e+00  2.42236729e+00  2.02380353e+00  1.67888157e+00
  2.26488787e+00  1.83779422e+00 -2.08413999e+00 -2.83494069e+00
  5.44170430e-01  1.38704271e+00 -2.42541956e+00 -1.32178074e+00
  2.42994181e+00  1.28450518e+00 -1.46855467e-03 -1.72764887e+00
 -1.54428417e+00  1.96927577e+00  1.48018023e+00 -8.09718438e-01
 -1.42632069e-01 -4.47792219e-01 -1.81643640e-01  2.40780903e+00
 -5.49983669e-01 -6.48219855e-01  1.03413325e+00 -2.29718665e+00
  1.00570162e+00  2.56404625e+00 -4.97712370e-01  2.15150891e+00
 -1.97332893e+00 -8.91260065e-01 -2.41402053e+00 -2.29345105e+00
 -1.42557528e+00 -2.90920634e+00  1.57877087e+00  1.80728618e+00
  1.62452130e+00  1.03542965e+00  1.40514529e+00 -2.31771842e+00
 -2.67752520e+00  1.72610119e+00  1.00236260e+00 -3.99666091e-01
 -2.63125790e+00  1.56015370e+00 -1.23589647e+00 -2.49100935e+00
  6.59338423e-02]
Thu Jun 13 22:10:54 2024,444,0.1051890711617959,[-2.84426286e+00  2.13228693e+00 -1.66231492e+00  1.36421081e-01
  4.69049020e-01 -3.23124315e+00  3.25088538e+00  2.06875147e+00
  1.05469630e+00 -9.88875723e-01  5.76097232e-01  1.30925111e+00
  1.31241504e+00 -1.88184370e+00  7.78767495e-01  2.89225371e+00
 -3.99448618e-01 -4.47478776e-01 -1.92632825e+00  7.97950660e-01
  1.60432621e+00  2.90794765e+00 -1.41398684e+00 -4.16022850e-01
 -2.19216248e+00 -2.09904651e+00  3.13230300e+00  2.78532482e+00
 -7.47050956e-01 -2.64631154e+00  1.52175681e+00 -2.10179807e-01
 -2.40719834e+00  1.87340419e+00  1.11736490e+00 -6.27890842e-01
  1.10240508e+00 -2.01994555e+00 -2.32081121e-01  2.27653856e+00
 -2.40747140e-01  5.35053427e-01  2.39241498e+00  5.62233709e-01
  2.66904753e+00  2.87986987e+00  2.79782711e+00 -2.91899616e+00
  2.88927751e-01 -3.79907723e-01  1.71101398e+00  2.98358479e+00
 -3.85546189e-01 -2.39797486e+00  2.70666551e+00 -3.18537545e+00
  5.63952584e-01 -6.76608331e-01 -1.72197635e+00  3.11372461e+00
 -1.94215661e+00 -1.64662679e+00 -2.56189745e+00  2.37595801e+00
 -2.15971517e+00  1.95671934e+00  1.74930780e+00  1.48219633e+00
  2.49947718e+00  2.91502152e+00  1.95839444e+00  1.49850027e+00
 -1.79359531e+00 -2.38136251e+00  1.16777698e+00  5.68335592e-01
  1.60494244e+00 -2.81229485e+00 -1.03057976e-01  2.53067644e+00
 -1.15229988e+00  1.20552985e+00  1.23231824e+00  6.08935620e-01
 -9.81558638e-01  1.12803316e+00  8.21408765e-01 -3.76524596e-01
  2.80984215e+00 -2.14286999e+00  1.58356282e+00 -6.41066059e-01
  9.94985136e-01 -3.22581259e+00 -2.22436083e+00  3.31511840e-01
 -1.11393992e+00 -4.23335520e-01  2.61693401e-01  4.40350845e-02
 -1.79284116e+00 -1.90723358e-01 -6.32951772e-01  2.86552840e+00
 -1.10883375e+00 -1.20340528e+00 -1.12952998e+00  1.28223330e+00
  1.62890569e+00 -8.19321590e-01  2.09686061e+00 -1.55282793e+00
 -2.53686383e-01 -8.92333010e-01 -2.95618535e+00  3.08624374e+00
 -1.77120358e+00  3.02598166e+00 -1.35044126e+00 -2.43287871e+00
  3.69919356e+00 -1.18683770e+00 -6.66702929e-01 -3.00464183e+00
 -2.51218022e+00  2.97045648e+00 -1.97070571e+00 -1.67372342e+00
 -4.06579184e-01  2.96544485e+00  1.59886898e-01  3.27605863e-02
 -1.60963643e+00 -1.54106854e-01 -1.59700795e+00 -3.11726997e+00
  2.93024185e+00  1.17911129e+00 -3.24539683e-01 -2.32745763e+00
  1.00409394e+00 -1.19257892e+00 -2.68846948e-01 -2.14900980e+00
 -1.90758409e+00  1.77621757e+00 -9.76571473e-01  2.57816956e+00
 -4.46250210e-01 -3.09528135e+00 -2.83044081e+00  1.99582648e+00
 -3.09988021e+00 -2.55388203e-01 -1.02689438e+00 -1.74384764e-01
  2.35969873e+00  1.72363575e+00 -2.10147178e-01 -1.84996213e+00
 -3.02925711e+00  1.37403345e-01 -8.13204333e-01  1.46868012e+00
 -2.51381789e+00  9.90122355e-01 -9.51167856e-02  1.91209650e-01
  2.02594605e+00  7.17457999e-01  7.68515102e-01 -1.24401599e+00
  1.62674277e+00  2.53506925e+00  1.26208886e+00  2.86397339e-01
 -1.02040661e+00  2.60620218e+00  8.12883742e-01 -2.22449188e+00
  1.34529108e-02  1.73152298e+00  1.08574466e+00 -6.47215452e-01
 -2.32166061e+00  2.42337797e+00  2.02481421e+00  1.67787088e+00
  2.26589856e+00  1.83678353e+00 -2.08312930e+00 -2.83595138e+00
  5.43159743e-01  1.38805339e+00 -2.42643024e+00 -1.32279143e+00
  2.42893112e+00  1.28349449e+00 -4.57867929e-04 -1.72865956e+00
 -1.54327348e+00  1.96826509e+00  1.47916954e+00 -8.08707752e-01
 -1.43642756e-01 -4.48802906e-01 -1.80632954e-01  2.40881972e+00
 -5.50994356e-01 -6.49230542e-01  1.03514394e+00 -2.29819734e+00
  1.00469093e+00  2.56505693e+00 -4.96701684e-01  2.15049822e+00
 -1.97433961e+00 -8.90249379e-01 -2.41503121e+00 -2.29244036e+00
 -1.42456459e+00 -2.90819565e+00  1.57978156e+00  1.80829687e+00
  1.62351061e+00  1.03441897e+00  1.40413460e+00 -2.31872911e+00
 -2.67853588e+00  1.72509050e+00  1.00337328e+00 -3.98655405e-01
 -2.63024721e+00  1.55914301e+00 -1.23488579e+00 -2.49202004e+00
  6.49231555e-02]
Thu Jun 13 22:11:09 2024,445,0.10514689861043491,[-2.84516973e+00  2.13138006e+00 -1.66140804e+00  1.35514209e-01
  4.69955891e-01 -3.23215002e+00  3.25179225e+00  2.06965834e+00
  1.05378942e+00 -9.87968851e-01  5.77004104e-01  1.30834424e+00
  1.31332191e+00 -1.88093683e+00  7.79674367e-01  2.89316058e+00
 -4.00355489e-01 -4.48385647e-01 -1.92542138e+00  7.98857532e-01
  1.60523309e+00  2.90885452e+00 -1.41489371e+00 -4.16929721e-01
 -2.19306935e+00 -2.09995338e+00  3.13139613e+00  2.78441795e+00
 -7.47957827e-01 -2.64721841e+00  1.52266368e+00 -2.09272936e-01
 -2.40629146e+00  1.87431107e+00  1.11827177e+00 -6.28797714e-01
  1.10331195e+00 -2.01903868e+00 -2.31174249e-01  2.27744543e+00
 -2.39840268e-01  5.35960298e-01  2.39332185e+00  5.63140580e-01
  2.66814065e+00  2.88077674e+00  2.79692023e+00 -2.91808929e+00
  2.88020880e-01 -3.80814594e-01  1.71010710e+00  2.98449166e+00
 -3.86453061e-01 -2.39888173e+00  2.70757238e+00 -3.18446858e+00
  5.64859455e-01 -6.75701459e-01 -1.72106948e+00  3.11463148e+00
 -1.94306348e+00 -1.64571992e+00 -2.56280432e+00  2.37686489e+00
 -2.15880830e+00  1.95581247e+00  1.75021468e+00  1.48128946e+00
  2.50038405e+00  2.91411465e+00  1.95748756e+00  1.49940714e+00
 -1.79450218e+00 -2.38045564e+00  1.16687011e+00  5.67428721e-01
  1.60584931e+00 -2.81320172e+00 -1.03964847e-01  2.52976956e+00
 -1.15320675e+00  1.20462298e+00  1.23322511e+00  6.08028748e-01
 -9.82465510e-01  1.12712628e+00  8.22315637e-01 -3.75617724e-01
  2.81074902e+00 -2.14196312e+00  1.58446969e+00 -6.41972930e-01
  9.94078264e-01 -3.22671946e+00 -2.22345396e+00  3.30604969e-01
 -1.11303304e+00 -4.24242391e-01  2.62600273e-01  4.31282131e-02
 -1.79193428e+00 -1.89816487e-01 -6.33858644e-01  2.86462152e+00
 -1.10974062e+00 -1.20431215e+00 -1.13043685e+00  1.28132643e+00
  1.62981256e+00 -8.20228461e-01  2.09595374e+00 -1.55373480e+00
 -2.52779511e-01 -8.93239882e-01 -2.95709222e+00  3.08715062e+00
 -1.77029671e+00  3.02507479e+00 -1.35134813e+00 -2.43378559e+00
  3.70010043e+00 -1.18774457e+00 -6.67609800e-01 -3.00554870e+00
 -2.51127335e+00  2.97136335e+00 -1.97161258e+00 -1.67281655e+00
 -4.05672313e-01  2.96635172e+00  1.58980027e-01  3.36674577e-02
 -1.60872955e+00 -1.53199983e-01 -1.59610108e+00 -3.11817684e+00
  2.93114872e+00  1.18001816e+00 -3.23632811e-01 -2.32836451e+00
  1.00318707e+00 -1.19167204e+00 -2.69753820e-01 -2.14810293e+00
 -1.90849096e+00  1.77712444e+00 -9.77478344e-01  2.57907643e+00
 -4.47157081e-01 -3.09618822e+00 -2.82953394e+00  1.99673335e+00
 -3.10078708e+00 -2.56295075e-01 -1.02598751e+00 -1.73477892e-01
  2.36060560e+00  1.72454262e+00 -2.11054049e-01 -1.85086901e+00
 -3.03016399e+00  1.36496474e-01 -8.14111205e-01  1.46958699e+00
 -2.51472477e+00  9.91029227e-01 -9.60236570e-02  1.92116522e-01
  2.02685292e+00  7.16551128e-01  7.69421974e-01 -1.24310911e+00
  1.62764964e+00  2.53597612e+00  1.26299573e+00  2.85490467e-01
 -1.01949973e+00  2.60710905e+00  8.11976870e-01 -2.22539875e+00
  1.25460394e-02  1.73061611e+00  1.08483779e+00 -6.46308581e-01
 -2.32075374e+00  2.42247110e+00  2.02390734e+00  1.67877775e+00
  2.26680543e+00  1.83587666e+00 -2.08403617e+00 -2.83504451e+00
  5.44066615e-01  1.38896026e+00 -2.42733712e+00 -1.32369830e+00
  2.42983799e+00  1.28258762e+00 -1.36473933e-03 -1.72956643e+00
 -1.54418035e+00  1.96917196e+00  1.48007642e+00 -8.09614623e-01
 -1.42735885e-01 -4.49709777e-01 -1.79726082e-01  2.40791284e+00
 -5.51901227e-01 -6.50137413e-01  1.03605081e+00 -2.29729047e+00
  1.00559780e+00  2.56596381e+00 -4.97608555e-01  2.15140509e+00
 -1.97524649e+00 -8.91156250e-01 -2.41593809e+00 -2.29153349e+00
 -1.42365772e+00 -2.90910253e+00  1.57887469e+00  1.80739000e+00
  1.62441748e+00  1.03351210e+00  1.40504148e+00 -2.31782224e+00
 -2.67944276e+00  1.72418363e+00  1.00246641e+00 -3.97748533e-01
 -2.62934034e+00  1.56004988e+00 -1.23579266e+00 -2.49292691e+00
  6.58300269e-02]
Thu Jun 13 22:11:24 2024,446,0.10513424958958344,[-2.84535875e+00  2.13156907e+00 -1.66159706e+00  1.35703221e-01
  4.70144903e-01 -3.23233903e+00  3.25160324e+00  2.06946933e+00
  1.05360041e+00 -9.88157864e-01  5.76815092e-01  1.30853325e+00
  1.31313290e+00 -1.88112584e+00  7.79863379e-01  2.89297157e+00
 -4.00166477e-01 -4.48196635e-01 -1.92523237e+00  7.99046544e-01
  1.60542210e+00  2.90866551e+00 -1.41508272e+00 -4.17118734e-01
 -2.19288034e+00 -2.09976437e+00  3.13120712e+00  2.78460696e+00
 -7.47768815e-01 -2.64740742e+00  1.52247467e+00 -2.09461948e-01
 -2.40610245e+00  1.87412205e+00  1.11846078e+00 -6.28986726e-01
  1.10350096e+00 -2.01884967e+00 -2.30985237e-01  2.27725642e+00
 -2.39651256e-01  5.36149310e-01  2.39313284e+00  5.63329592e-01
  2.66832967e+00  2.88096575e+00  2.79710925e+00 -2.91827830e+00
  2.87831868e-01 -3.80625582e-01  1.71029612e+00  2.98430265e+00
 -3.86264049e-01 -2.39869272e+00  2.70776139e+00 -3.18465759e+00
  5.65048467e-01 -6.75890471e-01 -1.72125850e+00  3.11482049e+00
 -1.94325250e+00 -1.64590893e+00 -2.56261530e+00  2.37705390e+00
 -2.15899731e+00  1.95562345e+00  1.75040369e+00  1.48110045e+00
  2.50057306e+00  2.91430366e+00  1.95729855e+00  1.49959615e+00
 -1.79431317e+00 -2.38026663e+00  1.16668110e+00  5.67239709e-01
  1.60603832e+00 -2.81301271e+00 -1.03775835e-01  2.52995858e+00
 -1.15301774e+00  1.20481199e+00  1.23341412e+00  6.08217760e-01
 -9.82276497e-01  1.12731530e+00  8.22504649e-01 -3.75428712e-01
  2.81093803e+00 -2.14215213e+00  1.58465870e+00 -6.42161942e-01
  9.94267277e-01 -3.22653045e+00 -2.22364297e+00  3.30793981e-01
 -1.11284403e+00 -4.24053379e-01  2.62411261e-01  4.29392010e-02
 -1.79212330e+00 -1.89627475e-01 -6.33669631e-01  2.86481054e+00
 -1.10992964e+00 -1.20412314e+00 -1.13024784e+00  1.28151544e+00
  1.63000157e+00 -8.20039449e-01  2.09614275e+00 -1.55392381e+00
 -2.52590499e-01 -8.93050870e-01 -2.95690321e+00  3.08696160e+00
 -1.77010770e+00  3.02488578e+00 -1.35115912e+00 -2.43359657e+00
  3.70028944e+00 -1.18755556e+00 -6.67420788e-01 -3.00573771e+00
 -2.51146236e+00  2.97117434e+00 -1.97142357e+00 -1.67262753e+00
 -4.05861325e-01  2.96654074e+00  1.59169039e-01  3.38564698e-02
 -1.60891857e+00 -1.53388995e-01 -1.59591206e+00 -3.11798783e+00
  2.93133773e+00  1.18020717e+00 -3.23821823e-01 -2.32855352e+00
  1.00337608e+00 -1.19186106e+00 -2.69942832e-01 -2.14791392e+00
 -1.90867997e+00  1.77731346e+00 -9.77289332e-01  2.57888742e+00
 -4.46968069e-01 -3.09637724e+00 -2.82972296e+00  1.99692236e+00
 -3.10097609e+00 -2.56484087e-01 -1.02617653e+00 -1.73288880e-01
  2.36041659e+00  1.72435360e+00 -2.11243061e-01 -1.85067999e+00
 -3.03035300e+00  1.36685486e-01 -8.13922193e-01  1.46977600e+00
 -2.51453575e+00  9.91218239e-01 -9.58346449e-02  1.91927509e-01
  2.02666391e+00  7.16740140e-01  7.69232962e-01 -1.24329813e+00
  1.62746063e+00  2.53578711e+00  1.26280671e+00  2.85679479e-01
 -1.01968875e+00  2.60729806e+00  8.11787858e-01 -2.22520974e+00
  1.27350515e-02  1.73042710e+00  1.08502680e+00 -6.46497593e-01
 -2.32056473e+00  2.42228209e+00  2.02371833e+00  1.67896677e+00
  2.26661642e+00  1.83606567e+00 -2.08384716e+00 -2.83523352e+00
  5.43877603e-01  1.38914928e+00 -2.42752613e+00 -1.32350928e+00
  2.43002701e+00  1.28277663e+00 -1.55375142e-03 -1.72975544e+00
 -1.54399134e+00  1.96898295e+00  1.47988740e+00 -8.09803635e-01
 -1.42546873e-01 -4.49520765e-01 -1.79915094e-01  2.40810186e+00
 -5.52090239e-01 -6.49948401e-01  1.03623982e+00 -2.29710146e+00
  1.00540879e+00  2.56615282e+00 -4.97419543e-01  2.15159410e+00
 -1.97543550e+00 -8.91345262e-01 -2.41574907e+00 -2.29172250e+00
 -1.42384673e+00 -2.90929154e+00  1.57868568e+00  1.80720099e+00
  1.62422847e+00  1.03370111e+00  1.40485246e+00 -2.31801125e+00
 -2.67925374e+00  1.72437264e+00  1.00265542e+00 -3.97559521e-01
 -2.62915133e+00  1.55986087e+00 -1.23598167e+00 -2.49311592e+00
  6.56410148e-02]
Thu Jun 13 22:11:49 2024,447,0.10511054291442028,[-2.84627040e+00  2.13065742e+00 -1.66068541e+00  1.36614872e-01
  4.69233252e-01 -3.23325068e+00  3.25251489e+00  2.07038098e+00
  1.05451206e+00 -9.87246213e-01  5.75903441e-01  1.30762160e+00
  1.31404455e+00 -1.88021419e+00  7.78951728e-01  2.89388322e+00
 -4.01078128e-01 -4.49108286e-01 -1.92614402e+00  7.98134893e-01
  1.60633375e+00  2.90775386e+00 -1.41417107e+00 -4.16207083e-01
 -2.19379199e+00 -2.10067602e+00  3.13211877e+00  2.78551861e+00
 -7.46857164e-01 -2.64831908e+00  1.52338632e+00 -2.10373599e-01
 -2.40519080e+00  1.87503370e+00  1.11937243e+00 -6.28075075e-01
  1.10258931e+00 -2.01793802e+00 -2.30073586e-01  2.27816807e+00
 -2.40562907e-01  5.35237660e-01  2.39404449e+00  5.64241243e-01
  2.66741802e+00  2.88005410e+00  2.79802090e+00 -2.91736665e+00
  2.88743519e-01 -3.81537233e-01  1.71120777e+00  2.98521430e+00
 -3.87175700e-01 -2.39778107e+00  2.70684974e+00 -3.18374594e+00
  5.65960118e-01 -6.76802122e-01 -1.72217015e+00  3.11573214e+00
 -1.94234085e+00 -1.64499728e+00 -2.56170365e+00  2.37796555e+00
 -2.15990896e+00  1.95653511e+00  1.74949204e+00  1.48018880e+00
  2.50148471e+00  2.91339201e+00  1.95638690e+00  1.50050780e+00
 -1.79340152e+00 -2.38117828e+00  1.16759275e+00  5.66328058e-01
  1.60512667e+00 -2.81210105e+00 -1.04687486e-01  2.52904693e+00
 -1.15210609e+00  1.20572365e+00  1.23432577e+00  6.07306109e-01
 -9.83188148e-01  1.12640365e+00  8.21592998e-01 -3.76340363e-01
  2.81002638e+00 -2.14124048e+00  1.58374705e+00 -6.41250292e-01
  9.95178927e-01 -3.22744210e+00 -2.22273132e+00  3.29882330e-01
 -1.11193238e+00 -4.24965030e-01  2.61499610e-01  4.20275501e-02
 -1.79303495e+00 -1.88715824e-01 -6.32757981e-01  2.86389889e+00
 -1.11084129e+00 -1.20503479e+00 -1.12933619e+00  1.28242709e+00
  1.63091322e+00 -8.20951100e-01  2.09523110e+00 -1.55483546e+00
 -2.51678848e-01 -8.92139219e-01 -2.95599156e+00  3.08604995e+00
 -1.77101935e+00  3.02397413e+00 -1.35024747e+00 -2.43450822e+00
  3.70120109e+00 -1.18664391e+00 -6.66509137e-01 -3.00482606e+00
 -2.51237401e+00  2.97026269e+00 -1.97051192e+00 -1.67171588e+00
 -4.06772976e-01  2.96745239e+00  1.58257388e-01  3.29448189e-02
 -1.60800692e+00 -1.54300646e-01 -1.59500041e+00 -3.11707618e+00
  2.93224938e+00  1.17929552e+00 -3.24733474e-01 -2.32764187e+00
  1.00428773e+00 -1.19277271e+00 -2.70854483e-01 -2.14882557e+00
 -1.90959162e+00  1.77640181e+00 -9.78200983e-01  2.57979907e+00
 -4.46056418e-01 -3.09546558e+00 -2.82881130e+00  1.99783401e+00
 -3.10006444e+00 -2.57395738e-01 -1.02708818e+00 -1.72377229e-01
  2.36132824e+00  1.72526526e+00 -2.10331410e-01 -1.84976834e+00
 -3.02944135e+00  1.37597137e-01 -8.14833844e-01  1.46886435e+00
 -2.51544741e+00  9.92129890e-01 -9.67462958e-02  1.91015859e-01
  2.02575226e+00  7.17651791e-01  7.70144613e-01 -1.24420978e+00
  1.62837228e+00  2.53487546e+00  1.26371837e+00  2.86591130e-01
 -1.01877710e+00  2.60820971e+00  8.10876207e-01 -2.22612139e+00
  1.36467024e-02  1.72951545e+00  1.08593845e+00 -6.45585942e-01
 -2.32147638e+00  2.42137044e+00  2.02280668e+00  1.67987842e+00
  2.26570476e+00  1.83697732e+00 -2.08475881e+00 -2.83614517e+00
  5.42965952e-01  1.39006093e+00 -2.42661448e+00 -1.32442094e+00
  2.43093866e+00  1.28368828e+00 -2.46540233e-03 -1.73066709e+00
 -1.54490299e+00  1.96989460e+00  1.48079905e+00 -8.08891984e-01
 -1.41635222e-01 -4.50432416e-01 -1.80826745e-01  2.40719021e+00
 -5.53001890e-01 -6.50860052e-01  1.03715147e+00 -2.29801311e+00
  1.00632044e+00  2.56524117e+00 -4.96507892e-01  2.15250575e+00
 -1.97634715e+00 -8.90433611e-01 -2.41483742e+00 -2.29081085e+00
 -1.42475838e+00 -2.91020319e+00  1.57959733e+00  1.80811264e+00
  1.62514012e+00  1.03461276e+00  1.40394081e+00 -2.31892290e+00
 -2.68016539e+00  1.72346099e+00  1.00356707e+00 -3.96647870e-01
 -2.62823968e+00  1.56077252e+00 -1.23507002e+00 -2.49220427e+00
  6.47293639e-02]
Thu Jun 13 22:12:05 2024,448,0.10507917952335799,[-2.84551769e+00  2.12990472e+00 -1.65993270e+00  1.35862169e-01
  4.68480549e-01 -3.23249798e+00  3.25326759e+00  2.07113368e+00
  1.05375936e+00 -9.87998916e-01  5.75150738e-01  1.30837431e+00
  1.31329185e+00 -1.88096690e+00  7.79704431e-01  2.89313051e+00
 -4.01830831e-01 -4.48355583e-01 -1.92689672e+00  7.97382190e-01
  1.60708645e+00  2.90700115e+00 -1.41341837e+00 -4.15454379e-01
 -2.19454470e+00 -2.10142872e+00  3.13136607e+00  2.78627132e+00
 -7.47609867e-01 -2.64907178e+00  1.52413902e+00 -2.11126302e-01
 -2.40594350e+00  1.87578641e+00  1.11861973e+00 -6.27322372e-01
  1.10334201e+00 -2.01718531e+00 -2.30826289e-01  2.27892078e+00
 -2.41315610e-01  5.34484956e-01  2.39329179e+00  5.64993946e-01
  2.66817072e+00  2.88080680e+00  2.79877360e+00 -2.91811935e+00
  2.87990816e-01 -3.82289936e-01  1.71045506e+00  2.98446160e+00
 -3.86422996e-01 -2.39702837e+00  2.70609704e+00 -3.18299324e+00
  5.66712821e-01 -6.77554825e-01 -1.72292285e+00  3.11497944e+00
 -1.94158814e+00 -1.64574998e+00 -2.56245636e+00  2.37871825e+00
 -2.16066166e+00  1.95728781e+00  1.74873933e+00  1.47943609e+00
  2.50073201e+00  2.91414472e+00  1.95713960e+00  1.49975510e+00
 -1.79264882e+00 -2.38193098e+00  1.16684005e+00  5.65575355e-01
  1.60437396e+00 -2.81134835e+00 -1.03934783e-01  2.52829422e+00
 -1.15285879e+00  1.20497094e+00  1.23507848e+00  6.06553406e-01
 -9.83940852e-01  1.12715635e+00  8.20840295e-01 -3.77093066e-01
  2.80927368e+00 -2.14048777e+00  1.58299435e+00 -6.42002995e-01
  9.94426224e-01 -3.22819480e+00 -2.22197862e+00  3.29129627e-01
 -1.11268508e+00 -4.24212327e-01  2.60746907e-01  4.27802533e-02
 -1.79378765e+00 -1.89468527e-01 -6.32005277e-01  2.86465159e+00
 -1.11008858e+00 -1.20578749e+00 -1.12858349e+00  1.28167439e+00
  1.63016052e+00 -8.21703803e-01  2.09598381e+00 -1.55408276e+00
 -2.50926145e-01 -8.91386515e-01 -2.95674426e+00  3.08529725e+00
 -1.77026664e+00  3.02472683e+00 -1.35100017e+00 -2.43526093e+00
  3.70044839e+00 -1.18739661e+00 -6.67261840e-01 -3.00557877e+00
 -2.51312672e+00  2.96950998e+00 -1.97126462e+00 -1.67246859e+00
 -4.06020272e-01  2.96669968e+00  1.57504685e-01  3.21921157e-02
 -1.60725421e+00 -1.55053349e-01 -1.59424771e+00 -3.11632348e+00
  2.93300208e+00  1.18004823e+00 -3.23980771e-01 -2.32688916e+00
  1.00353503e+00 -1.19352541e+00 -2.71607186e-01 -2.14957827e+00
 -1.91034432e+00  1.77715451e+00 -9.77448280e-01  2.58055178e+00
 -4.46809121e-01 -3.09471288e+00 -2.82805860e+00  1.99858671e+00
 -3.10081714e+00 -2.56643034e-01 -1.02633547e+00 -1.73129933e-01
  2.36208095e+00  1.72451255e+00 -2.09578707e-01 -1.85052105e+00
 -3.03019405e+00  1.38349840e-01 -8.14081140e-01  1.46811165e+00
 -2.51620011e+00  9.91377187e-01 -9.59935926e-02  1.90263155e-01
  2.02650496e+00  7.16899088e-01  7.70897316e-01 -1.24496248e+00
  1.62761957e+00  2.53562816e+00  1.26296566e+00  2.85838427e-01
 -1.01952980e+00  2.60745701e+00  8.11628911e-01 -2.22687409e+00
  1.43994056e-02  1.73026815e+00  1.08518575e+00 -6.46338645e-01
 -2.32072368e+00  2.42061774e+00  2.02205398e+00  1.68063112e+00
  2.26645747e+00  1.83773003e+00 -2.08551151e+00 -2.83539247e+00
  5.42213248e-01  1.39081363e+00 -2.42736718e+00 -1.32517364e+00
  2.43169136e+00  1.28444098e+00 -3.21810553e-03 -1.73141980e+00
 -1.54415029e+00  1.96914189e+00  1.48155176e+00 -8.09644687e-01
 -1.40882519e-01 -4.51185119e-01 -1.81579449e-01  2.40643750e+00
 -5.52249187e-01 -6.50107349e-01  1.03790418e+00 -2.29876581e+00
  1.00556774e+00  2.56448846e+00 -4.97260595e-01  2.15325846e+00
 -1.97559445e+00 -8.91186314e-01 -2.41559013e+00 -2.29156355e+00
 -1.42551109e+00 -2.91095589e+00  1.58035003e+00  1.80735993e+00
  1.62438742e+00  1.03386006e+00  1.40469352e+00 -2.31967561e+00
 -2.68091810e+00  1.72270829e+00  1.00431978e+00 -3.95895167e-01
 -2.62748697e+00  1.56001982e+00 -1.23582272e+00 -2.49295698e+00
  6.39766607e-02]
Thu Jun 13 22:12:20 2024,449,0.10507642279996587,[-2.84584672e+00  2.12957569e+00 -1.65960368e+00  1.35533144e-01
  4.68151524e-01 -3.23282701e+00  3.25293857e+00  2.07146271e+00
  1.05343034e+00 -9.88327941e-01  5.75479763e-01  1.30804528e+00
  1.31296282e+00 -1.88129592e+00  7.80033456e-01  2.89280149e+00
 -4.01501806e-01 -4.48684608e-01 -1.92656770e+00  7.97053165e-01
  1.60675743e+00  2.90733018e+00 -1.41374739e+00 -4.15783405e-01
 -2.19487372e+00 -2.10175775e+00  3.13169509e+00  2.78594229e+00
 -7.47280842e-01 -2.64874275e+00  1.52381000e+00 -2.10797277e-01
 -2.40561448e+00  1.87545738e+00  1.11829070e+00 -6.26993346e-01
  1.10301299e+00 -2.01685629e+00 -2.30497264e-01  2.27924980e+00
 -2.41644635e-01  5.34155931e-01  2.39296276e+00  5.64664921e-01
  2.66849974e+00  2.88113583e+00  2.79844458e+00 -2.91844838e+00
  2.87661790e-01 -3.81960911e-01  1.71078409e+00  2.98479062e+00
 -3.86093971e-01 -2.39735739e+00  2.70642606e+00 -3.18332226e+00
  5.66383796e-01 -6.77225800e-01 -1.72325187e+00  3.11465042e+00
 -1.94125912e+00 -1.64542096e+00 -2.56212733e+00  2.37838923e+00
 -2.16033264e+00  1.95695878e+00  1.74906836e+00  1.47976512e+00
  2.50106104e+00  2.91447374e+00  1.95746863e+00  1.49942607e+00
 -1.79297784e+00 -2.38226001e+00  1.16651102e+00  5.65246330e-01
  1.60404494e+00 -2.81101933e+00 -1.03605758e-01  2.52862325e+00
 -1.15252976e+00  1.20529997e+00  1.23474945e+00  6.06882431e-01
 -9.84269877e-01  1.12748537e+00  8.20511269e-01 -3.76764041e-01
  2.80960270e+00 -2.14015875e+00  1.58332338e+00 -6.41673970e-01
  9.94097199e-01 -3.22852382e+00 -2.22230765e+00  3.28800602e-01
 -1.11235606e+00 -4.24541352e-01  2.60417881e-01  4.24512281e-02
 -1.79411668e+00 -1.89139502e-01 -6.31676252e-01  2.86432256e+00
 -1.10975956e+00 -1.20611652e+00 -1.12891251e+00  1.28134536e+00
  1.62983149e+00 -8.21374778e-01  2.09565478e+00 -1.55441178e+00
 -2.51255170e-01 -8.91715541e-01 -2.95641524e+00  3.08496822e+00
 -1.76993762e+00  3.02439781e+00 -1.35067115e+00 -2.43558995e+00
  3.70077741e+00 -1.18706759e+00 -6.67590865e-01 -3.00524974e+00
 -2.51345574e+00  2.96983901e+00 -1.97093559e+00 -1.67279761e+00
 -4.05691247e-01  2.96637066e+00  1.57175660e-01  3.25211409e-02
 -1.60758324e+00 -1.54724324e-01 -1.59457674e+00 -3.11599445e+00
  2.93267306e+00  1.18037725e+00 -3.24309796e-01 -2.32721819e+00
  1.00320601e+00 -1.19319639e+00 -2.71936211e-01 -2.14990730e+00
 -1.91067335e+00  1.77682548e+00 -9.77119254e-01  2.58088080e+00
 -4.47138147e-01 -3.09504191e+00 -2.82838763e+00  1.99891574e+00
 -3.10048812e+00 -2.56314009e-01 -1.02600645e+00 -1.73458958e-01
  2.36240997e+00  1.72418353e+00 -2.09907732e-01 -1.85085007e+00
 -3.03052307e+00  1.38020815e-01 -8.14410166e-01  1.46844067e+00
 -2.51652913e+00  9.91706212e-01 -9.63226179e-02  1.89934130e-01
  2.02617594e+00  7.16570063e-01  7.70568291e-01 -1.24463346e+00
  1.62794860e+00  2.53529914e+00  1.26329469e+00  2.85509402e-01
 -1.01920077e+00  2.60778603e+00  8.11299885e-01 -2.22720312e+00
  1.47284309e-02  1.73059718e+00  1.08551477e+00 -6.46667671e-01
 -2.32105270e+00  2.42094676e+00  2.02238300e+00  1.68096015e+00
  2.26678649e+00  1.83805905e+00 -2.08584054e+00 -2.83506344e+00
  5.42542274e-01  1.39114265e+00 -2.42703815e+00 -1.32484461e+00
  2.43136234e+00  1.28477001e+00 -2.88908029e-03 -1.73174882e+00
 -1.54447931e+00  1.96947092e+00  1.48188078e+00 -8.09315662e-01
 -1.40553493e-01 -4.50856094e-01 -1.81908474e-01  2.40610848e+00
 -5.52578212e-01 -6.49778324e-01  1.03823320e+00 -2.29909483e+00
  1.00589676e+00  2.56481749e+00 -4.96931570e-01  2.15292943e+00
 -1.97592347e+00 -8.91515340e-01 -2.41591915e+00 -2.29189258e+00
 -1.42518206e+00 -2.91062687e+00  1.58002101e+00  1.80768896e+00
  1.62471644e+00  1.03353103e+00  1.40436449e+00 -2.31934658e+00
 -2.68058907e+00  1.72237926e+00  1.00464880e+00 -3.95566142e-01
 -2.62715795e+00  1.55969079e+00 -1.23615175e+00 -2.49328600e+00
  6.36476355e-02]
Thu Jun 13 22:12:36 2024,450,0.1050717185619783,[-2.84626272e+00  2.12915969e+00 -1.66001968e+00  1.35117144e-01
  4.67735524e-01 -3.23324301e+00  3.25335457e+00  2.07187871e+00
  1.05384634e+00 -9.87911941e-01  5.75895763e-01  1.30846128e+00
  1.31254682e+00 -1.88087992e+00  7.79617456e-01  2.89321749e+00
 -4.01085806e-01 -4.49100608e-01 -1.92698370e+00  7.97469165e-01
  1.60634143e+00  2.90774618e+00 -1.41333139e+00 -4.15367404e-01
 -2.19445772e+00 -2.10134175e+00  3.13127909e+00  2.78635829e+00
 -7.46864842e-01 -2.64832675e+00  1.52422600e+00 -2.11213277e-01
 -2.40519848e+00  1.87504138e+00  1.11787470e+00 -6.26577346e-01
  1.10342899e+00 -2.01644029e+00 -2.30081264e-01  2.27883380e+00
 -2.42060636e-01  5.34571931e-01  2.39337876e+00  5.65080921e-01
  2.66808374e+00  2.88071983e+00  2.79886058e+00 -2.91886438e+00
  2.87245790e-01 -3.82376911e-01  1.71120009e+00  2.98437462e+00
 -3.85677971e-01 -2.39777339e+00  2.70684206e+00 -3.18290626e+00
  5.65967796e-01 -6.77641800e-01 -1.72366787e+00  3.11506642e+00
 -1.94167512e+00 -1.64500496e+00 -2.56254333e+00  2.37797323e+00
 -2.16074864e+00  1.95737478e+00  1.74948436e+00  1.48018112e+00
  2.50064504e+00  2.91488974e+00  1.95705263e+00  1.49901007e+00
 -1.79256184e+00 -2.38267601e+00  1.16609502e+00  5.65662330e-01
  1.60446094e+00 -2.81060333e+00 -1.03189758e-01  2.52903925e+00
 -1.15211376e+00  1.20571597e+00  1.23516545e+00  6.07298432e-01
 -9.83853877e-01  1.12790137e+00  8.20095269e-01 -3.77180041e-01
  2.81001870e+00 -2.13974275e+00  1.58373938e+00 -6.42089970e-01
  9.94513199e-01 -3.22810782e+00 -2.22272365e+00  3.29216602e-01
 -1.11194006e+00 -4.24125352e-01  2.60001881e-01  4.20352278e-02
 -1.79453268e+00 -1.89555502e-01 -6.31260252e-01  2.86390656e+00
 -1.10934356e+00 -1.20653252e+00 -1.12849651e+00  1.28092936e+00
  1.62941549e+00 -8.21790778e-01  2.09523878e+00 -1.55482778e+00
 -2.50839170e-01 -8.92131541e-01 -2.95683124e+00  3.08455222e+00
 -1.77035362e+00  3.02481381e+00 -1.35108715e+00 -2.43600595e+00
  3.70119341e+00 -1.18748359e+00 -6.67174865e-01 -3.00483374e+00
 -2.51387174e+00  2.97025501e+00 -1.97051959e+00 -1.67238161e+00
 -4.05275247e-01  2.96595466e+00  1.57591660e-01  3.29371412e-02
 -1.60799924e+00 -1.54308323e-01 -1.59499274e+00 -3.11641045e+00
  2.93308906e+00  1.17996125e+00 -3.24725797e-01 -2.32680219e+00
  1.00362201e+00 -1.19361239e+00 -2.71520211e-01 -2.15032330e+00
 -1.91108935e+00  1.77640948e+00 -9.77535255e-01  2.58129680e+00
 -4.46722146e-01 -3.09545791e+00 -2.82797163e+00  1.99849974e+00
 -3.10007212e+00 -2.56730009e-01 -1.02642245e+00 -1.73874958e-01
  2.36199397e+00  1.72376753e+00 -2.10323733e-01 -1.85126607e+00
 -3.03010707e+00  1.38436815e-01 -8.14826166e-01  1.46885667e+00
 -2.51694513e+00  9.92122212e-01 -9.59066176e-02  1.89518130e-01
  2.02575994e+00  7.16154062e-01  7.70152290e-01 -1.24421746e+00
  1.62753260e+00  2.53488314e+00  1.26371069e+00  2.85925402e-01
 -1.01961677e+00  2.60737003e+00  8.10883885e-01 -2.22761912e+00
  1.51444311e-02  1.73018117e+00  1.08509877e+00 -6.47083671e-01
 -2.32063670e+00  2.42136276e+00  2.02279900e+00  1.68137615e+00
  2.26637049e+00  1.83764305e+00 -2.08625654e+00 -2.83464744e+00
  5.42958274e-01  1.39155865e+00 -2.42662215e+00 -1.32526061e+00
  2.43094634e+00  1.28518601e+00 -2.47308004e-03 -1.73133282e+00
 -1.54406331e+00  1.96905492e+00  1.48146478e+00 -8.08899662e-01
 -1.40969494e-01 -4.50440094e-01 -1.82324474e-01  2.40569248e+00
 -5.52162212e-01 -6.49362324e-01  1.03864920e+00 -2.29951084e+00
  1.00631276e+00  2.56523349e+00 -4.96515570e-01  2.15251343e+00
 -1.97633947e+00 -8.91931340e-01 -2.41633515e+00 -2.29230858e+00
 -1.42559806e+00 -2.91104287e+00  1.57960501e+00  1.80727296e+00
  1.62430044e+00  1.03311503e+00  1.40478049e+00 -2.31976258e+00
 -2.68100507e+00  1.72196326e+00  1.00423280e+00 -3.95150142e-01
 -2.62674195e+00  1.56010679e+00 -1.23573575e+00 -2.49370200e+00
  6.32316352e-02]
Thu Jun 13 22:12:52 2024,451,0.10518143412756738,[-2.84756898e+00  2.12785343e+00 -1.65871342e+00  1.33810885e-01
  4.69041782e-01 -3.23193675e+00  3.25466083e+00  2.07318497e+00
  1.05515259e+00 -9.86605682e-01  5.77202022e-01  1.30715502e+00
  1.31385308e+00 -1.87957366e+00  7.78311197e-01  2.89191123e+00
 -4.02392065e-01 -4.50406867e-01 -1.92567744e+00  7.96162906e-01
  1.60764769e+00  2.90643992e+00 -1.41463765e+00 -4.16673663e-01
 -2.19315146e+00 -2.10003549e+00  3.13258535e+00  2.78505203e+00
 -7.45558583e-01 -2.64963301e+00  1.52291974e+00 -2.12519536e-01
 -2.40650474e+00  1.87634764e+00  1.11918096e+00 -6.25271087e-01
  1.10212273e+00 -2.01774655e+00 -2.28775005e-01  2.28014006e+00
 -2.43366895e-01  5.33265672e-01  2.39468502e+00  5.63774662e-01
  2.66939000e+00  2.88202609e+00  2.80016683e+00 -2.91755812e+00
  2.88552049e-01 -3.81070652e-01  1.71250635e+00  2.98568088e+00
 -3.84371712e-01 -2.39907965e+00  2.70814832e+00 -3.18421252e+00
  5.67274055e-01 -6.78948059e-01 -1.72497413e+00  3.11637267e+00
 -1.94036886e+00 -1.64631121e+00 -2.56384959e+00  2.37666697e+00
 -2.15944238e+00  1.95606852e+00  1.75079062e+00  1.48148738e+00
  2.50195129e+00  2.91619600e+00  1.95835889e+00  1.49770381e+00
 -1.79386810e+00 -2.38398227e+00  1.16478876e+00  5.66968589e-01
  1.60315468e+00 -2.81190958e+00 -1.01883499e-01  2.52773299e+00
 -1.15080750e+00  1.20702223e+00  1.23385919e+00  6.05992173e-01
 -9.82547618e-01  1.12920763e+00  8.18789010e-01 -3.78486300e-01
  2.80871244e+00 -2.13843649e+00  1.58243312e+00 -6.40783711e-01
  9.93206940e-01 -3.22680157e+00 -2.22141739e+00  3.30522861e-01
 -1.11324632e+00 -4.25431611e-01  2.61308140e-01  4.33414867e-02
 -1.79583893e+00 -1.90861761e-01 -6.32566511e-01  2.86521282e+00
 -1.11064982e+00 -1.20522626e+00 -1.12719025e+00  1.27962310e+00
  1.63072175e+00 -8.20484519e-01  2.09654504e+00 -1.55352153e+00
 -2.49532911e-01 -8.90825282e-01 -2.95552498e+00  3.08585848e+00
 -1.76904736e+00  3.02612007e+00 -1.35239341e+00 -2.43731221e+00
  3.69988716e+00 -1.18878985e+00 -6.65868606e-01 -3.00352748e+00
 -2.51256548e+00  2.97156127e+00 -1.97182585e+00 -1.67368787e+00
 -4.03968988e-01  2.96726092e+00  1.58897919e-01  3.16308823e-02
 -1.60930550e+00 -1.55614582e-01 -1.59368648e+00 -3.11771671e+00
  2.93178280e+00  1.17865499e+00 -3.23419538e-01 -2.32810845e+00
  1.00492827e+00 -1.19491864e+00 -2.70213952e-01 -2.15162956e+00
 -1.91239561e+00  1.77771574e+00 -9.76228996e-01  2.57999054e+00
 -4.48028405e-01 -3.09415165e+00 -2.82666537e+00  1.99980600e+00
 -3.09876586e+00 -2.58036268e-01 -1.02772871e+00 -1.72568699e-01
  2.36068771e+00  1.72246127e+00 -2.09017474e-01 -1.85257233e+00
 -3.03141333e+00  1.39743074e-01 -8.16132425e-01  1.46755042e+00
 -2.51563887e+00  9.93428471e-01 -9.46003587e-02  1.90824389e-01
  2.02445368e+00  7.14847803e-01  7.71458549e-01 -1.24552371e+00
  1.62883886e+00  2.53357688e+00  1.26240443e+00  2.87231661e-01
 -1.02092303e+00  2.60867629e+00  8.09577626e-01 -2.22892538e+00
  1.38381722e-02  1.72887492e+00  1.08640503e+00 -6.48389930e-01
 -2.32194296e+00  2.42266902e+00  2.02149274e+00  1.68006989e+00
  2.26506423e+00  1.83894931e+00 -2.08495028e+00 -2.83595370e+00
  5.41652015e-01  1.39286491e+00 -2.42531590e+00 -1.32656687e+00
  2.43225259e+00  1.28649227e+00 -1.16682111e-03 -1.73263908e+00
 -1.54275705e+00  1.96774866e+00  1.48277104e+00 -8.07593403e-01
 -1.42275753e-01 -4.49133835e-01 -1.81018215e-01  2.40438622e+00
 -5.53468471e-01 -6.48056065e-01  1.03734294e+00 -2.29820458e+00
  1.00500651e+00  2.56653975e+00 -4.97821829e-01  2.15120717e+00
 -1.97764573e+00 -8.90625081e-01 -2.41502889e+00 -2.29100232e+00
 -1.42429180e+00 -2.91234913e+00  1.57829875e+00  1.80596670e+00
  1.62560670e+00  1.03442129e+00  1.40608675e+00 -2.32106884e+00
 -2.67969881e+00  1.72065701e+00  1.00553906e+00 -3.96456401e-01
 -2.62543569e+00  1.55880053e+00 -1.23704200e+00 -2.49500826e+00
  6.19253763e-02]
Thu Jun 13 22:13:27 2024,452,0.10518299666531683,[-2.84749425e+00  2.12792816e+00 -1.65878814e+00  1.33885610e-01
  4.68967057e-01 -3.23186202e+00  3.25458610e+00  2.07311024e+00
  1.05507787e+00 -9.86530957e-01  5.77276747e-01  1.30722975e+00
  1.31392780e+00 -1.87964839e+00  7.78236472e-01  2.89183650e+00
 -4.02466790e-01 -4.50332142e-01 -1.92560271e+00  7.96237631e-01
  1.60772241e+00  2.90636519e+00 -1.41456293e+00 -4.16598938e-01
 -2.19307674e+00 -2.10011021e+00  3.13266008e+00  2.78497731e+00
 -7.45483858e-01 -2.64955829e+00  1.52299446e+00 -2.12444811e-01
 -2.40657946e+00  1.87642237e+00  1.11910624e+00 -6.25196362e-01
  1.10204800e+00 -2.01767182e+00 -2.28849730e-01  2.28006533e+00
 -2.43292170e-01  5.33190947e-01  2.39461030e+00  5.63699937e-01
  2.66931528e+00  2.88195136e+00  2.80024156e+00 -2.91748339e+00
  2.88477324e-01 -3.80995927e-01  1.71243162e+00  2.98560616e+00
 -3.84296987e-01 -2.39915438e+00  2.70807360e+00 -3.18428724e+00
  5.67348780e-01 -6.79022784e-01 -1.72504886e+00  3.11644740e+00
 -1.94029413e+00 -1.64623649e+00 -2.56377487e+00  2.37674169e+00
 -2.15951710e+00  1.95614325e+00  1.75071589e+00  1.48141265e+00
  2.50187657e+00  2.91612128e+00  1.95828416e+00  1.49777854e+00
 -1.79394283e+00 -2.38390754e+00  1.16486349e+00  5.66893864e-01
  1.60322941e+00 -2.81198431e+00 -1.01808774e-01  2.52780771e+00
 -1.15073278e+00  1.20694750e+00  1.23378447e+00  6.06066898e-01
 -9.82472893e-01  1.12913291e+00  8.18863735e-01 -3.78411575e-01
  2.80863772e+00 -2.13836176e+00  1.58235839e+00 -6.40858436e-01
  9.93281665e-01 -3.22672684e+00 -2.22134266e+00  3.30448136e-01
 -1.11332104e+00 -4.25356886e-01  2.61233415e-01  4.34162118e-02
 -1.79576421e+00 -1.90787036e-01 -6.32641236e-01  2.86513810e+00
 -1.11072454e+00 -1.20515153e+00 -1.12726498e+00  1.27954838e+00
  1.63079648e+00 -8.20409794e-01  2.09661976e+00 -1.55344680e+00
 -2.49607636e-01 -8.90750557e-01 -2.95559970e+00  3.08593321e+00
 -1.76897263e+00  3.02619479e+00 -1.35246813e+00 -2.43738694e+00
  3.69996188e+00 -1.18871512e+00 -6.65943331e-01 -3.00345276e+00
 -2.51249076e+00  2.97163599e+00 -1.97190058e+00 -1.67361314e+00
 -4.04043713e-01  2.96718619e+00  1.58972644e-01  3.15561572e-02
 -1.60938022e+00 -1.55539857e-01 -1.59361175e+00 -3.11779144e+00
  2.93185752e+00  1.17858027e+00 -3.23494263e-01 -2.32818317e+00
  1.00500299e+00 -1.19499337e+00 -2.70288677e-01 -2.15155483e+00
 -1.91247033e+00  1.77764102e+00 -9.76303721e-01  2.57991582e+00
 -4.48103130e-01 -3.09407692e+00 -2.82659064e+00  1.99973127e+00
 -3.09869113e+00 -2.57961543e-01 -1.02765398e+00 -1.72493974e-01
  2.36076244e+00  1.72253599e+00 -2.09092199e-01 -1.85249761e+00
 -3.03148806e+00  1.39817799e-01 -8.16207150e-01  1.46747569e+00
 -2.51571360e+00  9.93503196e-01 -9.45256336e-02  1.90749664e-01
  2.02437895e+00  7.14922529e-01  7.71533274e-01 -1.24544899e+00
  1.62876413e+00  2.53350215e+00  1.26232970e+00  2.87156936e-01
 -1.02099776e+00  2.60875102e+00  8.09502901e-01 -2.22900010e+00
  1.39128973e-02  1.72880019e+00  1.08633030e+00 -6.48464655e-01
 -2.32186824e+00  2.42274375e+00  2.02156747e+00  1.68014461e+00
  2.26513896e+00  1.83902404e+00 -2.08502501e+00 -2.83602843e+00
  5.41726740e-01  1.39279019e+00 -2.42524117e+00 -1.32649215e+00
  2.43232732e+00  1.28641754e+00 -1.24154619e-03 -1.73256436e+00
 -1.54268233e+00  1.96767394e+00  1.48269632e+00 -8.07518678e-01
 -1.42350478e-01 -4.49059110e-01 -1.80943490e-01  2.40431149e+00
 -5.53393746e-01 -6.47981340e-01  1.03726822e+00 -2.29827930e+00
  1.00508123e+00  2.56661447e+00 -4.97896554e-01  2.15128190e+00
 -1.97757101e+00 -8.90699806e-01 -2.41510362e+00 -2.29092759e+00
 -1.42421708e+00 -2.91227440e+00  1.57822402e+00  1.80604143e+00
  1.62568143e+00  1.03434656e+00  1.40601203e+00 -2.32099411e+00
 -2.67962409e+00  1.72073173e+00  1.00561379e+00 -3.96381675e-01
 -2.62536096e+00  1.55872581e+00 -1.23696728e+00 -2.49493353e+00
  6.20001014e-02]
Thu Jun 13 22:13:42 2024,453,0.1048903418001842,[-2.84544405e+00  2.12587796e+00 -1.66083834e+00  1.31835410e-01
  4.71017257e-01 -3.22981182e+00  3.25663630e+00  2.07106004e+00
  1.05302767e+00 -9.88581157e-01  5.79326947e-01  1.30927995e+00
  1.31597800e+00 -1.88169859e+00  7.80286672e-01  2.88978630e+00
 -4.00416590e-01 -4.48281942e-01 -1.92355251e+00  7.94187431e-01
  1.60567221e+00  2.90431499e+00 -1.41661313e+00 -4.18649138e-01
 -2.19512694e+00 -2.10216041e+00  3.13060988e+00  2.78292711e+00
 -7.43433658e-01 -2.65160849e+00  1.52094426e+00 -2.10394611e-01
 -2.40862966e+00  1.87437217e+00  1.12115644e+00 -6.27246562e-01
  1.09999780e+00 -2.01562162e+00 -2.26799530e-01  2.27801513e+00
 -2.45342370e-01  5.31140747e-01  2.39256010e+00  5.65750137e-01
  2.67136548e+00  2.87990116e+00  2.80229176e+00 -2.91953359e+00
  2.90527524e-01 -3.78945727e-01  1.71038142e+00  2.98355596e+00
 -3.86347187e-01 -2.39710418e+00  2.70602340e+00 -3.18223704e+00
  5.65298580e-01 -6.76972584e-01 -1.72709906e+00  3.11849760e+00
 -1.94234433e+00 -1.64828669e+00 -2.56172467e+00  2.37469149e+00
 -2.15746690e+00  1.95819345e+00  1.75276609e+00  1.47936245e+00
  2.49982637e+00  2.91407108e+00  1.95623396e+00  1.49982874e+00
 -1.79189263e+00 -2.38185734e+00  1.16281329e+00  5.68944064e-01
  1.60117921e+00 -2.81403451e+00 -9.97585736e-02  2.52575751e+00
 -1.14868258e+00  1.20489730e+00  1.23173427e+00  6.04016698e-01
 -9.84523092e-01  1.13118311e+00  8.16813535e-01 -3.76361375e-01
  2.81068792e+00 -2.14041196e+00  1.58030819e+00 -6.42908636e-01
  9.91231465e-01 -3.22467664e+00 -2.21929246e+00  3.32498336e-01
 -1.11127084e+00 -4.27407086e-01  2.63283615e-01  4.54664118e-02
 -1.79371401e+00 -1.88736836e-01 -6.34691436e-01  2.86718830e+00
 -1.11277474e+00 -1.20720173e+00 -1.12521478e+00  1.27749818e+00
  1.62874628e+00 -8.18359594e-01  2.09866996e+00 -1.55139660e+00
 -2.47557436e-01 -8.92800757e-01 -2.95354950e+00  3.08388301e+00
 -1.77102283e+00  3.02414459e+00 -1.35451833e+00 -2.43533674e+00
  3.69791168e+00 -1.19076532e+00 -6.63893131e-01 -3.00550296e+00
 -2.51044056e+00  2.96958579e+00 -1.96985038e+00 -1.67566334e+00
 -4.01993513e-01  2.96923639e+00  1.56922444e-01  2.95059572e-02
 -1.60733002e+00 -1.57590057e-01 -1.59156155e+00 -3.11574124e+00
  2.92980732e+00  1.17653007e+00 -3.25544463e-01 -2.33023337e+00
  1.00705319e+00 -1.19294317e+00 -2.72338877e-01 -2.15360503e+00
 -1.91452053e+00  1.77969122e+00 -9.78353921e-01  2.57786562e+00
 -4.46052930e-01 -3.09612712e+00 -2.82864084e+00  2.00178147e+00
 -3.09664093e+00 -2.55911343e-01 -1.02560378e+00 -1.70443774e-01
  2.36281264e+00  1.72458619e+00 -2.11142399e-01 -1.85454781e+00
 -3.03353826e+00  1.41867999e-01 -8.18257350e-01  1.46542549e+00
 -2.51366340e+00  9.95553396e-01 -9.24754336e-02  1.88699464e-01
  2.02232875e+00  7.16972729e-01  7.69483074e-01 -1.24749919e+00
  1.62671393e+00  2.53555235e+00  1.26027950e+00  2.85106736e-01
 -1.01894756e+00  2.61080122e+00  8.07452701e-01 -2.22694990e+00
  1.18626973e-02  1.72674999e+00  1.08428010e+00 -6.50514855e-01
 -2.31981804e+00  2.42479395e+00  2.01951727e+00  1.68219481e+00
  2.26718916e+00  1.83697384e+00 -2.08707521e+00 -2.83807863e+00
  5.39676540e-01  1.39073999e+00 -2.42319097e+00 -1.32854235e+00
  2.43027712e+00  1.28436734e+00  8.08653810e-04 -1.73461456e+00
 -1.54063213e+00  1.96972414e+00  1.48064612e+00 -8.09568878e-01
 -1.40300278e-01 -4.47008910e-01 -1.82993690e-01  2.40636169e+00
 -5.51343546e-01 -6.50031540e-01  1.03521802e+00 -2.29622910e+00
  1.00303103e+00  2.56866467e+00 -4.95846354e-01  2.14923170e+00
 -1.97962121e+00 -8.88649606e-01 -2.41305342e+00 -2.28887739e+00
 -1.42216688e+00 -2.91022420e+00  1.57617382e+00  1.80809163e+00
  1.62773163e+00  1.03229636e+00  1.40396183e+00 -2.31894391e+00
 -2.68167429e+00  1.71868153e+00  1.00356359e+00 -3.94331475e-01
 -2.62331076e+00  1.55667561e+00 -1.23901748e+00 -2.49698373e+00
  6.40503014e-02]
Thu Jun 13 22:13:59 2024,454,0.10493420797689738,[-2.84611805e+00  2.12655196e+00 -1.66016434e+00  1.32509410e-01
  4.71691258e-01 -3.22913782e+00  3.25596230e+00  2.07173404e+00
  1.05370167e+00 -9.87907156e-01  5.78652947e-01  1.30860595e+00
  1.31665201e+00 -1.88102459e+00  7.79612672e-01  2.88911230e+00
 -3.99742590e-01 -4.48955943e-01 -1.92422652e+00  7.93513431e-01
  1.60499821e+00  2.90364099e+00 -1.41593913e+00 -4.17975138e-01
 -2.19580094e+00 -2.10148641e+00  3.13128388e+00  2.78225311e+00
 -7.44107658e-01 -2.65093449e+00  1.52161826e+00 -2.11068611e-01
 -2.40795566e+00  1.87369817e+00  1.12048244e+00 -6.26572562e-01
  1.09932380e+00 -2.01629562e+00 -2.26125530e-01  2.27734113e+00
 -2.44668369e-01  5.31814748e-01  2.39188610e+00  5.66424138e-01
  2.67069148e+00  2.88057516e+00  2.80161776e+00 -2.92020760e+00
  2.89853524e-01 -3.78271727e-01  1.70970742e+00  2.98422996e+00
 -3.85673186e-01 -2.39777818e+00  2.70534939e+00 -3.18291104e+00
  5.65972580e-01 -6.77646585e-01 -1.72642506e+00  3.11917160e+00
 -1.94301833e+00 -1.64896069e+00 -2.56239867e+00  2.37401749e+00
 -2.15814090e+00  1.95886745e+00  1.75344009e+00  1.48003645e+00
  2.49915237e+00  2.91474508e+00  1.95555996e+00  1.49915474e+00
 -1.79121863e+00 -2.38118334e+00  1.16213929e+00  5.69618064e-01
  1.60185321e+00 -2.81470851e+00 -1.00432574e-01  2.52508351e+00
 -1.14935658e+00  1.20557130e+00  1.23240827e+00  6.03342697e-01
 -9.85197093e-01  1.13185711e+00  8.17487536e-01 -3.77035376e-01
  2.81001392e+00 -2.14108596e+00  1.58098219e+00 -6.42234635e-01
  9.91905466e-01 -3.22400264e+00 -2.21996646e+00  3.33172336e-01
 -1.11194484e+00 -4.28081086e-01  2.63957615e-01  4.47924114e-02
 -1.79438801e+00 -1.89410836e-01 -6.35365436e-01  2.86786230e+00
 -1.11344874e+00 -1.20652773e+00 -1.12588878e+00  1.27817218e+00
  1.62807228e+00 -8.19033594e-01  2.09934396e+00 -1.55207060e+00
 -2.46883436e-01 -8.92126756e-01 -2.95422350e+00  3.08455701e+00
 -1.77034883e+00  3.02347059e+00 -1.35519233e+00 -2.43601074e+00
  3.69723768e+00 -1.19143932e+00 -6.63219131e-01 -3.00482896e+00
 -2.51111456e+00  2.96891179e+00 -1.97052438e+00 -1.67498934e+00
 -4.01319513e-01  2.96856239e+00  1.56248443e-01  2.88319568e-02
 -1.60800402e+00 -1.58264058e-01 -1.59088755e+00 -3.11506723e+00
  2.92913332e+00  1.17720407e+00 -3.24870462e-01 -2.32955937e+00
  1.00637919e+00 -1.19361717e+00 -2.71664877e-01 -2.15293103e+00
 -1.91519453e+00  1.78036522e+00 -9.79027921e-01  2.57853962e+00
 -4.45378930e-01 -3.09545312e+00 -2.82931484e+00  2.00110747e+00
 -3.09596693e+00 -2.55237343e-01 -1.02492978e+00 -1.71117775e-01
  2.36213864e+00  1.72391219e+00 -2.11816399e-01 -1.85387381e+00
 -3.03286426e+00  1.41193998e-01 -8.18931350e-01  1.46475149e+00
 -2.51433740e+00  9.96227397e-01 -9.31494340e-02  1.89373464e-01
  2.02300275e+00  7.17646729e-01  7.68809074e-01 -1.24817319e+00
  1.62738793e+00  2.53487835e+00  1.26095350e+00  2.84432736e-01
 -1.01962156e+00  2.61012722e+00  8.06778701e-01 -2.22627590e+00
  1.11886968e-02  1.72607599e+00  1.08495410e+00 -6.49840854e-01
 -2.31914404e+00  2.42546795e+00  2.02019127e+00  1.68152081e+00
  2.26651516e+00  1.83764784e+00 -2.08640121e+00 -2.83740462e+00
  5.39002540e-01  1.39006599e+00 -2.42386497e+00 -1.32786835e+00
  2.43095112e+00  1.28504134e+00  1.48265424e-03 -1.73394056e+00
 -1.54130613e+00  1.96905013e+00  1.47997212e+00 -8.08894877e-01
 -1.39626277e-01 -4.47682910e-01 -1.82319690e-01  2.40568769e+00
 -5.52017546e-01 -6.50705540e-01  1.03589202e+00 -2.29690310e+00
  1.00235703e+00  2.56933867e+00 -4.95172353e-01  2.14855770e+00
 -1.97894721e+00 -8.89323606e-01 -2.41237942e+00 -2.28955139e+00
 -1.42284088e+00 -2.91089820e+00  1.57684782e+00  1.80741763e+00
  1.62840563e+00  1.03162236e+00  1.40328782e+00 -2.31961791e+00
 -2.68234829e+00  1.71800753e+00  1.00423759e+00 -3.95005476e-01
 -2.62398476e+00  1.55600161e+00 -1.23969148e+00 -2.49765773e+00
  6.47243018e-02]
Thu Jun 13 22:14:14 2024,455,0.10496423696007007,[-2.84528629e+00  2.12738372e+00 -1.66099610e+00  1.31677650e-01
  4.70859497e-01 -3.22996958e+00  3.25679406e+00  2.07256580e+00
  1.05286991e+00 -9.88738917e-01  5.79484707e-01  1.30777419e+00
  1.31748377e+00 -1.88185635e+00  7.80444432e-01  2.88828054e+00
 -3.98910829e-01 -4.48124182e-01 -1.92339475e+00  7.92681670e-01
  1.60582997e+00  2.90447275e+00 -1.41677089e+00 -4.18806898e-01
 -2.19496918e+00 -2.10065465e+00  3.13045212e+00  2.78142135e+00
 -7.44939419e-01 -2.65176625e+00  1.52078650e+00 -2.10236851e-01
 -2.40878742e+00  1.87452993e+00  1.12131420e+00 -6.27404322e-01
  1.09849204e+00 -2.01712738e+00 -2.26957290e-01  2.27650937e+00
 -2.43836609e-01  5.32646508e-01  2.39271786e+00  5.65592377e-01
  2.67152324e+00  2.87974340e+00  2.80244952e+00 -2.92103936e+00
  2.90685284e-01 -3.79103487e-01  1.71053918e+00  2.98339820e+00
 -3.86504947e-01 -2.39694642e+00  2.70618116e+00 -3.18207928e+00
  5.65140820e-01 -6.78478345e-01 -1.72725682e+00  3.12000336e+00
 -1.94218657e+00 -1.64812893e+00 -2.56156691e+00  2.37484925e+00
 -2.15897266e+00  1.95969921e+00  1.75260833e+00  1.48086821e+00
  2.49998413e+00  2.91391332e+00  1.95472820e+00  1.49832298e+00
 -1.79038687e+00 -2.38201510e+00  1.16297105e+00  5.70449825e-01
  1.60268497e+00 -2.81554027e+00 -9.96008136e-02  2.52591527e+00
 -1.15018834e+00  1.20640306e+00  1.23157651e+00  6.04174458e-01
 -9.84365332e-01  1.13268887e+00  8.16655775e-01 -3.76203615e-01
  2.81084568e+00 -2.14025420e+00  1.58015043e+00 -6.43066396e-01
  9.91073705e-01 -3.22483440e+00 -2.21913470e+00  3.32340576e-01
 -1.11111308e+00 -4.27249326e-01  2.64789376e-01  4.56241719e-02
 -1.79521977e+00 -1.90242597e-01 -6.36197197e-01  2.86869406e+00
 -1.11261698e+00 -1.20735949e+00 -1.12672054e+00  1.27900394e+00
  1.62890404e+00 -8.18201834e-01  2.10017573e+00 -1.55123884e+00
 -2.47715196e-01 -8.91294996e-01 -2.95505526e+00  3.08372525e+00
 -1.76951707e+00  3.02263883e+00 -1.35602409e+00 -2.43684250e+00
  3.69806944e+00 -1.19227108e+00 -6.64050891e-01 -3.00399719e+00
 -2.51028280e+00  2.96974355e+00 -1.97135614e+00 -1.67415758e+00
 -4.00487752e-01  2.96773063e+00  1.55416683e-01  2.80001963e-02
 -1.60883578e+00 -1.57432297e-01 -1.59171931e+00 -3.11589900e+00
  2.92830156e+00  1.17637231e+00 -3.24038702e-01 -2.32872761e+00
  1.00721095e+00 -1.19278541e+00 -2.72496637e-01 -2.15376279e+00
 -1.91602629e+00  1.77953346e+00 -9.78196161e-01  2.57770786e+00
 -4.46210690e-01 -3.09462136e+00 -2.83014660e+00  2.00193923e+00
 -3.09513517e+00 -2.54405582e-01 -1.02576154e+00 -1.71949535e-01
  2.36297040e+00  1.72308043e+00 -2.12648160e-01 -1.85304204e+00
 -3.03369602e+00  1.40362238e-01 -8.18099590e-01  1.46558325e+00
 -2.51516916e+00  9.95395636e-01 -9.39811945e-02  1.90205225e-01
  2.02383451e+00  7.18478489e-01  7.69640834e-01 -1.24734143e+00
  1.62821969e+00  2.53404659e+00  1.26012174e+00  2.83600975e-01
 -1.01878980e+00  2.61095898e+00  8.07610461e-01 -2.22544414e+00
  1.03569364e-02  1.72690775e+00  1.08412234e+00 -6.50672615e-01
 -2.31831228e+00  2.42463619e+00  2.01935951e+00  1.68068905e+00
  2.26568340e+00  1.83847960e+00 -2.08723297e+00 -2.83657286e+00
  5.39834300e-01  1.38923423e+00 -2.42303321e+00 -1.32870011e+00
  2.43011936e+00  1.28587310e+00  2.31441470e-03 -1.73477232e+00
 -1.54047437e+00  1.96988190e+00  1.47914036e+00 -8.09726638e-01
 -1.40458038e-01 -4.48514670e-01 -1.81487929e-01  2.40651945e+00
 -5.52849307e-01 -6.49873780e-01  1.03506026e+00 -2.29773486e+00
  1.00318879e+00  2.56850691e+00 -4.96004114e-01  2.14772594e+00
 -1.97811544e+00 -8.90155367e-01 -2.41154766e+00 -2.28871963e+00
 -1.42200912e+00 -2.91006644e+00  1.57767958e+00  1.80824939e+00
  1.62923739e+00  1.03079060e+00  1.40411959e+00 -2.31878615e+00
 -2.68151653e+00  1.71717577e+00  1.00340583e+00 -3.95837236e-01
 -2.62481653e+00  1.55516985e+00 -1.23885972e+00 -2.49682597e+00
  6.38925413e-02]
Thu Jun 13 22:14:30 2024,456,0.10496458684616697,[-2.84541819e+00  2.12725182e+00 -1.66086421e+00  1.31809543e-01
  4.70991391e-01 -3.22983769e+00  3.25692595e+00  2.07269770e+00
  1.05300180e+00 -9.88607023e-01  5.79616601e-01  1.30790608e+00
  1.31735187e+00 -1.88172445e+00  7.80312539e-01  2.88841244e+00
 -3.99042723e-01 -4.48256076e-01 -1.92326286e+00  7.92813564e-01
  1.60596186e+00  2.90434086e+00 -1.41690278e+00 -4.18938792e-01
 -2.19510107e+00 -2.10078655e+00  3.13058401e+00  2.78155324e+00
 -7.44807525e-01 -2.65163435e+00  1.52065461e+00 -2.10368745e-01
 -2.40865553e+00  1.87466182e+00  1.12118230e+00 -6.27272428e-01
  1.09862393e+00 -2.01725928e+00 -2.27089184e-01  2.27637748e+00
 -2.43968502e-01  5.32778402e-01  2.39284975e+00  5.65724271e-01
  2.67139134e+00  2.87961151e+00  2.80258141e+00 -2.92090746e+00
  2.90553390e-01 -3.79235381e-01  1.71067108e+00  2.98326630e+00
 -3.86636841e-01 -2.39707831e+00  2.70631305e+00 -3.18194739e+00
  5.65272714e-01 -6.78346451e-01 -1.72738871e+00  3.11987147e+00
 -1.94231847e+00 -1.64799704e+00 -2.56169880e+00  2.37471736e+00
 -2.15910456e+00  1.95956732e+00  1.75274023e+00  1.48100011e+00
  2.49985224e+00  2.91404521e+00  1.95459631e+00  1.49819109e+00
 -1.79051876e+00 -2.38214699e+00  1.16310294e+00  5.70317931e-01
  1.60281686e+00 -2.81540838e+00 -9.97327073e-02  2.52604717e+00
 -1.15032023e+00  1.20627117e+00  1.23144461e+00  6.04042564e-01
 -9.84497226e-01  1.13282076e+00  8.16523881e-01 -3.76071721e-01
  2.81097757e+00 -2.14012231e+00  1.58001854e+00 -6.42934502e-01
  9.91205599e-01 -3.22496629e+00 -2.21900281e+00  3.32472470e-01
 -1.11124498e+00 -4.27381219e-01  2.64657482e-01  4.57560656e-02
 -1.79508788e+00 -1.90110703e-01 -6.36329091e-01  2.86856216e+00
 -1.11274888e+00 -1.20722760e+00 -1.12658864e+00  1.27913583e+00
  1.62903593e+00 -8.18333728e-01  2.10030762e+00 -1.55110695e+00
 -2.47847090e-01 -8.91426890e-01 -2.95492337e+00  3.08359335e+00
 -1.76938518e+00  3.02250694e+00 -1.35615599e+00 -2.43671060e+00
  3.69820133e+00 -1.19240298e+00 -6.64182785e-01 -3.00412909e+00
 -2.51015090e+00  2.96961166e+00 -1.97148803e+00 -1.67402569e+00
 -4.00619646e-01  2.96759874e+00  1.55284789e-01  2.78683025e-02
 -1.60870389e+00 -1.57300403e-01 -1.59158742e+00 -3.11576710e+00
  2.92816967e+00  1.17650420e+00 -3.24170596e-01 -2.32859572e+00
  1.00734284e+00 -1.19265352e+00 -2.72364743e-01 -2.15363090e+00
 -1.91589440e+00  1.77940156e+00 -9.78064267e-01  2.57757596e+00
 -4.46078797e-01 -3.09475326e+00 -2.83001471e+00  2.00180734e+00
 -3.09526707e+00 -2.54273689e-01 -1.02562965e+00 -1.71817641e-01
  2.36310229e+00  1.72294854e+00 -2.12516266e-01 -1.85317394e+00
 -3.03356412e+00  1.40494132e-01 -8.17967696e-01  1.46545136e+00
 -2.51530105e+00  9.95263742e-01 -9.38493008e-02  1.90337118e-01
  2.02370262e+00  7.18346596e-01  7.69508941e-01 -1.24720954e+00
  1.62835159e+00  2.53391470e+00  1.25998985e+00  2.83732869e-01
 -1.01865790e+00  2.61109087e+00  8.07478567e-01 -2.22557604e+00
  1.02250426e-02  1.72677586e+00  1.08399045e+00 -6.50804509e-01
 -2.31844417e+00  2.42450429e+00  2.01949140e+00  1.68055716e+00
  2.26555150e+00  1.83861149e+00 -2.08710107e+00 -2.83670476e+00
  5.39702406e-01  1.38936612e+00 -2.42316510e+00 -1.32883200e+00
  2.43025125e+00  1.28600500e+00  2.18252095e-03 -1.73464042e+00
 -1.54034248e+00  1.96975000e+00  1.47900846e+00 -8.09858532e-01
 -1.40589931e-01 -4.48646564e-01 -1.81619823e-01  2.40638756e+00
 -5.52981200e-01 -6.50005673e-01  1.03492837e+00 -2.29786676e+00
  1.00332068e+00  2.56863881e+00 -4.96136008e-01  2.14759404e+00
 -1.97824734e+00 -8.90023473e-01 -2.41141576e+00 -2.28858774e+00
 -1.42187722e+00 -2.90993455e+00  1.57781148e+00  1.80838128e+00
  1.62936928e+00  1.03092250e+00  1.40425148e+00 -2.31891805e+00
 -2.68164842e+00  1.71704388e+00  1.00327393e+00 -3.95969130e-01
 -2.62494842e+00  1.55530174e+00 -1.23872783e+00 -2.49695787e+00
  6.37606476e-02]
Thu Jun 13 22:14:47 2024,457,0.10486659551510846,[-2.84429615e+00  2.12837386e+00 -1.66198624e+00  1.32931577e-01
  4.72113424e-01 -3.23095972e+00  3.25804799e+00  2.07157566e+00
  1.05412384e+00 -9.89729056e-01  5.80738634e-01  1.30678405e+00
  1.31622984e+00 -1.88060242e+00  7.79190505e-01  2.88729040e+00
 -4.00164756e-01 -4.49378109e-01 -1.92214083e+00  7.91691531e-01
  1.60483983e+00  2.90546289e+00 -1.41802482e+00 -4.17816759e-01
 -2.19397904e+00 -2.10190858e+00  3.12946198e+00  2.78043121e+00
 -7.45929558e-01 -2.65275639e+00  1.52177664e+00 -2.09246712e-01
 -2.40977756e+00  1.87353979e+00  1.12230434e+00 -6.26150395e-01
  1.09750190e+00 -2.01613724e+00 -2.25967151e-01  2.27525545e+00
 -2.45090535e-01  5.31656369e-01  2.39397178e+00  5.66846304e-01
  2.67026931e+00  2.87848947e+00  2.80145938e+00 -2.92202949e+00
  2.89431357e-01 -3.78113348e-01  1.70954904e+00  2.98214427e+00
 -3.87758874e-01 -2.39595628e+00  2.70519102e+00 -3.18082536e+00
  5.66394747e-01 -6.79468485e-01 -1.72626668e+00  3.11874943e+00
 -1.94119643e+00 -1.64687500e+00 -2.56282083e+00  2.37583939e+00
 -2.15798252e+00  1.96068935e+00  1.75161819e+00  1.48212214e+00
  2.50097427e+00  2.91292318e+00  1.95571834e+00  1.49706905e+00
 -1.79164079e+00 -2.38102496e+00  1.16422498e+00  5.71439964e-01
  1.60393889e+00 -2.81653041e+00 -1.00854740e-01  2.52716920e+00
 -1.15144227e+00  1.20514914e+00  1.23256665e+00  6.02920531e-01
 -9.83375193e-01  1.13169873e+00  8.15401848e-01 -3.74949688e-01
  2.80985554e+00 -2.14124434e+00  1.58114057e+00 -6.44056535e-01
  9.90083566e-01 -3.22384426e+00 -2.21788078e+00  3.31350436e-01
 -1.11012294e+00 -4.26259186e-01  2.65779515e-01  4.68780987e-02
 -1.79396584e+00 -1.88988670e-01 -6.37451124e-01  2.86968420e+00
 -1.11162684e+00 -1.20834963e+00 -1.12771068e+00  1.27801380e+00
  1.63015796e+00 -8.17211695e-01  2.10142965e+00 -1.54998491e+00
 -2.48969123e-01 -8.92548923e-01 -2.95604540e+00  3.08471539e+00
 -1.76826315e+00  3.02362897e+00 -1.35727802e+00 -2.43558857e+00
  3.69707930e+00 -1.19128094e+00 -6.65304818e-01 -3.00525112e+00
 -2.51127294e+00  2.97073369e+00 -1.97261007e+00 -1.67514772e+00
 -4.01741679e-01  2.96872077e+00  1.56406822e-01  2.67462694e-02
 -1.60982592e+00 -1.56178370e-01 -1.59046539e+00 -3.11464507e+00
  2.92704764e+00  1.17762623e+00 -3.25292629e-01 -2.32971775e+00
  1.00846488e+00 -1.19377555e+00 -2.71242710e-01 -2.15250886e+00
 -1.91701643e+00  1.77827953e+00 -9.79186300e-01  2.57645393e+00
 -4.44956763e-01 -3.09363122e+00 -2.82889268e+00  2.00068531e+00
 -3.09414503e+00 -2.53151656e-01 -1.02675168e+00 -1.72939674e-01
  2.36422432e+00  1.72407057e+00 -2.13638299e-01 -1.85429597e+00
 -3.03468616e+00  1.41616165e-01 -8.19089729e-01  1.46432932e+00
 -2.51642309e+00  9.94141709e-01 -9.27272677e-02  1.89215085e-01
  2.02258059e+00  7.19468629e-01  7.68386908e-01 -1.24833157e+00
  1.62722956e+00  2.53503673e+00  1.25886782e+00  2.82610836e-01
 -1.01977994e+00  2.60996884e+00  8.06356534e-01 -2.22445400e+00
  1.13470757e-02  1.72565382e+00  1.08286842e+00 -6.49682476e-01
 -2.31956620e+00  2.42562633e+00  2.02061343e+00  1.67943512e+00
  2.26667354e+00  1.83973352e+00 -2.08822311e+00 -2.83558272e+00
  5.40824439e-01  1.38824409e+00 -2.42204307e+00 -1.32770997e+00
  2.42912922e+00  1.28488296e+00  3.30455404e-03 -1.73576246e+00
 -1.54146451e+00  1.96862797e+00  1.47788643e+00 -8.08736498e-01
 -1.41711965e-01 -4.47524531e-01 -1.82741856e-01  2.40526553e+00
 -5.54103233e-01 -6.48883640e-01  1.03605040e+00 -2.29674472e+00
  1.00219865e+00  2.56976084e+00 -4.95013974e-01  2.14871608e+00
 -1.97712531e+00 -8.88901440e-01 -2.41029373e+00 -2.28970977e+00
 -1.42075519e+00 -2.91105658e+00  1.57668944e+00  1.80950331e+00
  1.62824725e+00  1.02980046e+00  1.40537351e+00 -2.32004008e+00
 -2.68277046e+00  1.71592184e+00  1.00215190e+00 -3.97091163e-01
 -2.62607045e+00  1.55642377e+00 -1.23984986e+00 -2.49583584e+00
  6.26386145e-02]
Thu Jun 13 22:15:03 2024,458,0.10482012298694547,[-2.84549037  2.12956807 -1.66079203  0.13173736  0.47091921 -3.23215394
  3.25685377  2.07038145  1.05531805 -0.99092327  0.57954442  1.30558983
  1.31503562 -1.88179664  0.78038472  2.88609619 -0.40135897 -0.44818389
 -1.92333504  0.79288575  1.60364562  2.90665711 -1.41921903 -0.41901097
 -2.19278482 -2.10310279  3.13065619  2.78162542 -0.74473534 -2.65156217
  1.52297086 -0.2080525  -2.40858335  1.87234557  1.12349855 -0.62734461
  1.09869612 -2.01733146 -0.22477294  2.27406123 -0.24628475  0.53285058
  2.395166    0.56804052  2.6690751   2.87968369  2.8026536  -2.92083528
  0.28823714 -0.37930756  1.71074326  2.98095005 -0.38656466 -2.39476206
  2.7039968  -3.18201957  0.56520053 -0.6806627  -1.72507246  3.11755522
 -1.94000222 -1.64568079 -2.56162662  2.37703361 -2.15678831  1.96188356
  1.75281241  1.48331636  2.49978005  2.91172896  1.95691256  1.49587484
 -1.79044658 -2.38221918  1.16541919  0.57024575  1.60274468 -2.81772462
 -0.09966053  2.52836342 -1.15024805  1.20634335  1.23137243  0.60172632
 -0.98218098  1.13050451  0.81420763 -0.3761439   2.81104976 -2.14243856
  1.57994636 -0.64286232  0.99127778 -3.22265005 -2.21668656  0.33254465
 -1.10892873 -0.42506497  0.2645853   0.04807231 -1.79277163 -0.19018288
 -0.63864534  2.86848998 -1.11282106 -1.20715542 -1.12651646  1.27681959
  1.63135218 -0.81840591  2.10023544 -1.5487907  -0.24777491 -0.89374314
 -2.95723962  3.0859096  -1.76706893  3.02243476 -1.35847223 -2.43678279
  3.69588509 -1.19247516 -0.6641106  -3.00644534 -2.51007872  2.96953948
 -1.97141585 -1.67395351 -0.40293589  2.96991499  0.15521261  0.02794048
 -1.60863171 -0.15737259 -1.58927117 -3.11345085  2.92585342  1.17643202
 -0.32409841 -2.33091197  1.00965909 -1.19258133 -0.2700485  -2.15370308
 -1.91821065  1.77947375 -0.97799209  2.57525972 -0.44376255 -3.09482544
 -2.82769846  2.00187952 -3.09533925 -0.25195744 -1.02555747 -0.17413389
  2.36541854  1.72287636 -0.21244408 -1.85310176 -3.03349194  0.14042195
 -0.82028394  1.46552354 -2.5176173   0.99294749 -0.09153305  0.18802087
  2.02138637  0.72066284  0.76958112 -1.24713735  1.62603534  2.53384252
  1.26006203  0.28141662 -1.02097415  2.61116305  0.80755075 -2.22564822
  0.01015286  1.72445961  1.0816742  -0.65087669 -2.31837199  2.42443211
  2.02180765  1.68062934  2.26547932  1.84092774 -2.08702889 -2.83677694
  0.54201865  1.3894383  -2.42084886 -1.32651575  2.43032344  1.28607718
  0.00449877 -1.73456824 -1.54265872  1.96982218  1.47669221 -0.80993071
 -0.14290618 -0.44871875 -0.18393607  2.40407131 -0.55290902 -0.64768943
  1.03485618 -2.29555051  1.00100444  2.57095505 -0.49620819  2.14752186
 -1.97831952 -0.89009566 -2.40909951 -2.28851556 -1.41956097 -2.90986237
  1.57788366  1.8083091   1.62705303  1.02860625  1.4041793  -2.31884587
 -2.68157624  1.71711606  1.00095768 -0.39828538 -2.62726467  1.55761799
 -1.23865564 -2.49703005  0.0614444 ]
Thu Jun 13 22:15:19 2024,459,0.10460959239564956,[-2.84785712  2.13193483 -1.66315878  0.13410412  0.46855245 -3.22978718
  3.25448702  2.0727482   1.05768481 -0.99329003  0.58191117  1.30322308
  1.31266887 -1.87942988  0.78275148  2.88846294 -0.40372573 -0.45055065
 -1.92096829  0.79051899  1.60601237  2.90429035 -1.41685227 -0.41664422
 -2.19515158 -2.10546955  3.13302295  2.77925867 -0.74236859 -2.64919542
  1.52533761 -0.21041925 -2.4109501   1.87471233  1.12586531 -0.62971137
  1.10106287 -2.01969821 -0.22240618  2.27169448 -0.243918    0.53521734
  2.39753275  0.56567376  2.66670834  2.87731693  2.80502035 -2.92320204
  0.28587039 -0.37694081  1.7083765   2.98331681 -0.38893141 -2.39712882
  2.70163005 -3.17965282  0.56756729 -0.68302945 -1.72743922  3.11992197
 -1.93763546 -1.64804754 -2.55925986  2.37940036 -2.15442155  1.96425032
  1.75044565  1.4809496   2.50214681  2.91409572  1.9545458   1.49350808
 -1.78807982 -2.37985242  1.16778595  0.5726125   1.60511143 -2.82009138
 -0.09729377  2.53073017 -1.15261481  1.20871011  1.22900568  0.60409307
 -0.97981422  1.12813776  0.81184088 -0.37851066  2.81341651 -2.1400718
  1.5775796  -0.64522908  0.98891103 -3.22028329 -2.2143198   0.33491141
 -1.10656197 -0.42269822  0.26221854  0.05043907 -1.79513838 -0.18781613
 -0.64101209  2.87085674 -1.11518781 -1.20478866 -1.12888322  1.27918634
  1.62898542 -0.82077267  2.09786868 -1.54642394 -0.25014166 -0.89610989
 -2.95487286  3.08827636 -1.76943569  3.02480151 -1.36083899 -2.43441603
  3.69825184 -1.1901084  -0.66174385 -3.00881209 -2.51244548  2.97190623
 -1.9690491  -1.67158675 -0.40530265  2.97228174  0.15757936  0.03030724
 -1.61099846 -0.15500583 -1.59163793 -3.1110841   2.92348667  1.17406526
 -0.32646517 -2.33327872  1.01202585 -1.19494809 -0.26768174 -2.15606984
 -1.9205774   1.77710699 -0.98035884  2.57289296 -0.44139579 -3.09719219
 -2.83006522  1.99951277 -3.09297249 -0.2543242  -1.02792422 -0.17650064
  2.36305178  1.7205096  -0.21481084 -1.850735   -3.03112519  0.14278871
 -0.81791719  1.46789029 -2.51998406  0.99058074 -0.0891663   0.19038763
  2.01901962  0.71829609  0.77194788 -1.24950411  1.6284021   2.53620927
  1.26242879  0.28378338 -1.0186074   2.61352981  0.80518399 -2.22801497
  0.01251962  1.72682636  1.08404096 -0.64850994 -2.31600523  2.42679887
  2.0241744   1.6829961   2.26311257  1.84329449 -2.08939565 -2.8391437
  0.5396519   1.38707155 -2.42321561 -1.324149    2.42795668  1.28371042
  0.00686552 -1.736935   -1.54502548  1.97218894  1.47432546 -0.81229747
 -0.14053942 -0.4510855  -0.18630283  2.40170456 -0.55054226 -0.64532267
  1.03248943 -2.29791726  0.99863768  2.5685883  -0.49384143  2.14515511
 -1.98068628 -0.89246241 -2.41146627 -2.29088231 -1.41719422 -2.91222912
  1.5755169   1.80594234  1.62468628  1.02623949  1.40181254 -2.31647911
 -2.683943    1.7147493   0.99859093 -0.40065213 -2.62489791  1.55525123
 -1.23628889 -2.49939681  0.05907764]
Thu Jun 13 22:15:35 2024,460,0.10422030627862824,[-2.84514277  2.12922047 -1.66587314  0.13681847  0.47126681 -3.23250154
  3.25177266  2.07546256  1.05497045 -0.99057567  0.58462553  1.30050872
  1.31538323 -1.88214424  0.78546583  2.8911773  -0.40101137 -0.45326501
 -1.92368265  0.79323335  1.60329801  2.90700471 -1.41956663 -0.41392986
 -2.19786594 -2.10275519  3.13573731  2.77654431 -0.74508295 -2.64648106
  1.52262326 -0.21313361 -2.41366446  1.87742668  1.12857967 -0.63242572
  1.10377723 -2.01698386 -0.21969182  2.27440883 -0.24663235  0.53250298
  2.3948184   0.56838812  2.6694227   2.88003129  2.80773471 -2.92048768
  0.28315603 -0.37422645  1.71109086  2.98603117 -0.38621706 -2.39984318
  2.69891569 -3.17693846  0.57028164 -0.6803151  -1.72472486  3.11720762
 -1.94034982 -1.6507619  -2.5565455   2.376686   -2.1517072   1.96696468
  1.7477313   1.48366396  2.49943245  2.91138136  1.95726016  1.49079372
 -1.78536547 -2.37713806  1.1705003   0.57532686  1.60239708 -2.81737702
 -0.09457941  2.53344453 -1.15532916  1.20599575  1.23172003  0.60137871
 -0.97709986  1.1254234   0.81455524 -0.38122502  2.81070215 -2.14278616
  1.58029396 -0.64251472  0.99162538 -3.22299765 -2.21160545  0.33762576
 -1.10384762 -0.42541257  0.2649329   0.04772471 -1.79242403 -0.19053049
 -0.63829774  2.8735711  -1.11247346 -1.2020743  -1.13159758  1.27647198
  1.62627107 -0.82348702  2.09515432 -1.5491383  -0.25285602 -0.89882425
 -2.95215851  3.09099072 -1.77215004  3.02751587 -1.35812463 -2.43170167
  3.7009662  -1.18739405 -0.65902949 -3.01152645 -2.51515983  2.97462059
 -1.96633474 -1.66887239 -0.40801701  2.9749961   0.154865    0.02759288
 -1.61371282 -0.15229147 -1.59435228 -3.10836974  2.92077231  1.17135091
 -0.32917953 -2.33056436  1.01474021 -1.19223373 -0.2703961  -2.15335548
 -1.92329176  1.77982135 -0.97764448  2.5701786  -0.43868144 -3.09447783
 -2.82735086  2.00222712 -3.09025814 -0.25160984 -1.03063858 -0.17378629
  2.36033743  1.72322396 -0.21209648 -1.84802064 -3.03383955  0.14007435
 -0.82063155  1.46517594 -2.52269842  0.98786638 -0.08645194  0.18767327
  2.01630526  0.72101045  0.77466224 -1.24678975  1.62568774  2.53892363
  1.26514315  0.28649773 -1.02132176  2.61624417  0.80789835 -2.23072933
  0.01523397  1.72954072  1.0813266  -0.64579558 -2.31871959  2.42408451
  2.02146005  1.68028174  2.26039821  1.84600885 -2.08668129 -2.84185805
  0.54236626  1.38978591 -2.42592997 -1.32686336  2.42524232  1.28642478
  0.00957988 -1.73964935 -1.54773984  1.9749033   1.47703982 -0.80958311
 -0.13782507 -0.44837114 -0.18358847  2.40441891 -0.55325662 -0.64803703
  1.03520379 -2.29520291  0.99592332  2.57130266 -0.49112708  2.14244075
 -1.98340063 -0.88974805 -2.41418063 -2.29359667 -1.41447986 -2.90951476
  1.57280255  1.8086567   1.62197192  1.02895385  1.4045269  -2.31919347
 -2.68665735  1.71746366  1.00130529 -0.40336649 -2.62761227  1.55796559
 -1.23900325 -2.49668245  0.05636329]
Thu Jun 13 22:15:52 2024,461,0.1041762093305307,[-2.8458734   2.12848983 -1.6651425   0.13608784  0.47199745 -3.2317709
  3.25104202  2.0761932   1.05423981 -0.99130631  0.58535617  1.30123936
  1.31611386 -1.8814136   0.7847352   2.89044666 -0.40174201 -0.45399564
 -1.92441328  0.79396399  1.60256738  2.90773535 -1.42029727 -0.41319922
 -2.19859657 -2.10348583  3.13646794  2.77727495 -0.74435231 -2.6472117
  1.52189262 -0.21386425 -2.41293382  1.87669605  1.12784903 -0.63315636
  1.10304659 -2.01625322 -0.21896119  2.2736782  -0.24590172  0.53323362
  2.39408776  0.56765748  2.67015334  2.88076193  2.80846535 -2.92121831
  0.28388667 -0.37349581  1.7118215   2.9867618  -0.38548642 -2.39911254
  2.69818505 -3.17620782  0.57101228 -0.68104573 -1.7254555   3.11793825
 -1.93961918 -1.65003126 -2.55727614  2.37595537 -2.15097656  1.96623404
  1.74700066  1.48293332  2.49870181  2.912112    1.95652952  1.49006309
 -1.7860961  -2.37640743  1.16976967  0.57459622  1.60312771 -2.81664638
 -0.09384877  2.53271389 -1.15459853  1.20672639  1.23245067  0.60064808
 -0.97636923  1.12469276  0.81528587 -0.38195565  2.81143279 -2.1435168
  1.57956332 -0.64324536  0.99235602 -3.22372829 -2.21087481  0.3383564
 -1.10457825 -0.42468194  0.26566354  0.04699407 -1.79169339 -0.18979985
 -0.63902837  2.87284046 -1.11320409 -1.20134367 -1.13232821  1.27720262
  1.62554043 -0.82421766  2.09442369 -1.54986894 -0.25212538 -0.89809361
 -2.95288914  3.09026008 -1.77288068  3.02824651 -1.35739399 -2.43097104
  3.70023556 -1.18812468 -0.65829885 -3.01225709 -2.5144292   2.97535123
 -1.9656041  -1.66960303 -0.40728637  2.97426546  0.15559564  0.02686224
 -1.61444346 -0.15302211 -1.59508292 -3.1076391   2.92150295  1.17208154
 -0.32844889 -2.331295    1.01400957 -1.19296437 -0.26966546 -2.15408611
 -1.92256112  1.77909071 -0.97837512  2.57090924 -0.4379508  -3.09520847
 -2.8280815   2.00295776 -3.0895275  -0.25234048 -1.02990794 -0.17451692
  2.36106806  1.72249332 -0.21282712 -1.84729001 -3.03310891  0.13934371
 -0.82136218  1.46590657 -2.52342905  0.98859702 -0.0857213   0.18694263
  2.01557462  0.72174108  0.7739316  -1.24752039  1.62641837  2.53965427
  1.26587378  0.2857671  -1.02059112  2.6169748   0.80716771 -2.23145997
  0.01450334  1.73027136  1.08205724 -0.64506494 -2.31945023  2.42335387
  2.02072941  1.6795511   2.26112885  1.84527822 -2.08595065 -2.84112742
  0.54309689  1.38905527 -2.42519933 -1.32759399  2.42597296  1.28569414
  0.01031052 -1.74037999 -1.5470092   1.97563393  1.47630918 -0.81031375
 -0.1385557  -0.44764051 -0.18431911  2.40368828 -0.55398726 -0.64730639
  1.03593442 -2.29447227  0.99519269  2.57203329 -0.49185771  2.14317138
 -1.98267    -0.89047869 -2.41491126 -2.29432731 -1.4152105  -2.9102454
  1.57353318  1.80938734  1.62270256  1.02968449  1.40379626 -2.31992411
 -2.68592672  1.7181943   1.00057465 -0.40263585 -2.62834291  1.55723496
 -1.23973388 -2.49595181  0.05563265]
Thu Jun 13 22:16:08 2024,462,0.10409929974113279,[-2.84667201  2.12769122 -1.66434389  0.13688645  0.47119884 -3.23256951
  3.25184063  2.07699181  1.0534412  -0.9905077   0.58615478  1.30203797
  1.31691247 -1.88221221  0.78553381  2.89124527 -0.4009434  -0.45479425
 -1.92521189  0.79316538  1.60336599  2.90693674 -1.42109588 -0.41240061
 -2.19779796 -2.10268722  3.13726655  2.77807356 -0.7435537  -2.64801031
  1.52269123 -0.21466286 -2.41213521  1.87589744  1.12705042 -0.63395497
  1.1038452  -2.01545461 -0.21816258  2.27287959 -0.24670033  0.53243501
  2.39328915  0.56845609  2.66935473  2.88156054  2.80926396 -2.92201692
  0.28468528 -0.3726972   1.71262011  2.98756041 -0.38468781 -2.39991115
  2.69898366 -3.17540921  0.57021367 -0.68184434 -1.72625411  3.11713964
 -1.93882057 -1.65082987 -2.55807475  2.37675398 -2.15177517  1.96543543
  1.74779927  1.48213471  2.4979032   2.91131339  1.95573091  1.4908617
 -1.78529749 -2.37560882  1.16897106  0.57539483  1.6023291  -2.817445
 -0.09305016  2.5335125  -1.15539714  1.207525    1.23324928  0.59984947
 -0.97557062  1.12389415  0.81448726 -0.38115704  2.8122314  -2.14271819
  1.57876471 -0.64404397  0.99155741 -3.2245269  -2.21167342  0.33915501
 -1.10537686 -0.42388333  0.26486493  0.04779268 -1.792492   -0.19059846
 -0.63982698  2.87204185 -1.11240548 -1.20214228 -1.13312682  1.27640401
  1.62474182 -0.82501627  2.09362508 -1.55066755 -0.25132677 -0.89889222
 -2.95368775  3.08946147 -1.77367929  3.02904512 -1.35659538 -2.43017243
  3.70103417 -1.18732607 -0.65909746 -3.01145848 -2.51363059  2.97614984
 -1.96480549 -1.67040164 -0.40648776  2.97346685  0.15479703  0.02606363
 -1.61364485 -0.15382072 -1.59588153 -3.10684049  2.92230156  1.17128293
 -0.32765028 -2.33209361  1.01321096 -1.19376298 -0.27046407 -2.15488472
 -1.92335973  1.77988932 -0.97917373  2.57011063 -0.43715219 -3.09440986
 -2.82728289  2.00375637 -3.08872889 -0.25154187 -1.03070655 -0.17371831
  2.36026945  1.72329193 -0.21202851 -1.8464914  -3.03390752  0.1385451
 -0.82216079  1.46510796 -2.52422766  0.98779841 -0.08651991  0.18614402
  2.01477601  0.72253969  0.77313299 -1.248319    1.62721698  2.53885566
  1.26667239  0.28496849 -1.01979251  2.61777341  0.8063691  -2.23225858
  0.01530195  1.73106997  1.08125863 -0.64586355 -2.31865162  2.42255526
  2.0199308   1.68034971  2.26192746  1.84447961 -2.08674926 -2.84192603
  0.54229828  1.38825666 -2.42440072 -1.3283926   2.42677157  1.28489553
  0.00951191 -1.73958138 -1.54780781  1.97643254  1.47710779 -0.81111236
 -0.13775709 -0.4468419  -0.1835205   2.40288967 -0.55318865 -0.648105
  1.03513581 -2.29527088  0.9959913   2.5728319  -0.4910591   2.14396999
 -1.98187139 -0.88968008 -2.41411265 -2.2935287  -1.41441189 -2.91104401
  1.57433179  1.80858873  1.62350117  1.0304831   1.40459487 -2.32072272
 -2.68512811  1.71739569  0.99977604 -0.40183724 -2.6275443   1.55803357
 -1.23893527 -2.49675042  0.05483404]
Thu Jun 13 22:16:24 2024,463,0.10407845734729411,[-2.84602234  2.12704155 -1.66369422  0.13623677  0.47054916 -3.23191984
  3.25119096  2.07634213  1.05409088 -0.98985802  0.58680446  1.30268764
  1.3162628  -1.88286189  0.78488413  2.8905956  -0.40029372 -0.45414458
 -1.92586157  0.7925157   1.60401566  2.90628706 -1.42174556 -0.41175094
 -2.19714829 -2.10203754  3.13791623  2.77872323 -0.74290402 -2.64736063
  1.5233409  -0.21401318 -2.41148554  1.87524776  1.12770009 -0.6333053
  1.10449488 -2.01480493 -0.21881225  2.27352926 -0.24605065  0.53308468
  2.39393882  0.56780642  2.6700044   2.88091086  2.80991363 -2.9226666
  0.2840356  -0.37204753  1.71326979  2.98821009 -0.38403813 -2.40056083
  2.69963334 -3.17475954  0.569564   -0.68249402 -1.72560443  3.11648997
 -1.9381709  -1.6501802  -2.55742508  2.37740365 -2.15242484  1.96608511
  1.74714959  1.48148504  2.49725353  2.91196306  1.95508124  1.49151137
 -1.78594717 -2.37495914  1.16832138  0.57474516  1.60297878 -2.81679532
 -0.09369984  2.53286283 -1.15474746  1.20687532  1.23389896  0.60049914
 -0.97492094  1.12324448  0.81513694 -0.38050737  2.81158172 -2.14206851
  1.57941439 -0.64339429  0.99220709 -3.22517657 -2.2123231   0.33980469
 -1.10472719 -0.424533    0.26551461  0.04844236 -1.79184232 -0.19124814
 -0.64047666  2.87269152 -1.11305516 -1.2014926  -1.1337765   1.27575434
  1.62409214 -0.82436659  2.09427475 -1.55001787 -0.25197645 -0.89824255
 -2.95303808  3.08881179 -1.77432897  3.02839544 -1.35724506 -2.42952275
  3.7003845  -1.18797575 -0.65974714 -3.01210815 -2.51428026  2.97550016
 -1.96415581 -1.66975197 -0.40713744  2.97281718  0.15414736  0.02541396
 -1.61299517 -0.15317104 -1.59653121 -3.10619082  2.92165188  1.17193261
 -0.32829996 -2.33274329  1.01256128 -1.19441265 -0.26981439 -2.1555344
 -1.92271006  1.77923964 -0.97982341  2.5707603  -0.43650251 -3.09376019
 -2.82793256  2.00310669 -3.08937856 -0.25219154 -1.03135623 -0.17436799
  2.36091913  1.72264226 -0.21137883 -1.84584172 -3.03325784  0.13789542
 -0.82151112  1.46575764 -2.52487734  0.98844808 -0.08587024  0.1867937
  2.01542569  0.72318937  0.77378266 -1.24766932  1.62656731  2.53820598
  1.26732207  0.28431881 -1.02044218  2.61842309  0.80571943 -2.2316089
  0.01465227  1.73042029  1.08060895 -0.64521387 -2.31930129  2.42320494
  2.01928112  1.68099939  2.26257713  1.84382993 -2.08739894 -2.8425757
  0.54294796  1.38760698 -2.42375105 -1.32774293  2.42742125  1.28554521
  0.00886223 -1.74023106 -1.54715813  1.97708222  1.47645811 -0.81046268
 -0.13710742 -0.44749157 -0.18287082  2.40223999 -0.55383832 -0.64745532
  1.03578549 -2.29592055  0.99534162  2.57218223 -0.49170878  2.14461967
 -1.98122171 -0.8890304  -2.41346298 -2.29417837 -1.41376221 -2.91169369
  1.57498147  1.8092384   1.62415084  1.02983342  1.4039452  -2.32007304
 -2.68447843  1.71804536  1.00042572 -0.40118757 -2.62819397  1.55738389
 -1.2382856  -2.49610074  0.05548371]
Thu Jun 13 22:16:39 2024,464,0.10380063425414787,[-2.84255378  2.13051011 -1.66022566  0.13276821  0.4670806  -3.22845128
  3.25465952  2.07981069  1.05062232 -0.99332658  0.5833359   1.29921908
  1.31279424 -1.88633045  0.78835269  2.88712704 -0.39682516 -0.45067602
 -1.92239301  0.78904714  1.60748422  2.90975562 -1.418277   -0.40828238
 -2.19367973 -2.09856898  3.13444767  2.78219179 -0.74637258 -2.65082919
  1.51987234 -0.21054462 -2.4149541   1.8717792   1.13116865 -0.62983674
  1.10796344 -2.01133637 -0.21534369  2.2700607  -0.24951921  0.52961612
  2.39047026  0.56433786  2.66653584  2.88437942  2.81338219 -2.92613516
  0.28056704 -0.37551609  1.70980123  2.98474153 -0.38056957 -2.39709226
  2.7031019  -3.17129098  0.57303256 -0.68596258 -1.72907299  3.11995853
 -1.94163946 -1.65364876 -2.55395652  2.38087221 -2.14895628  1.96261655
  1.74368103  1.47801647  2.49378497  2.9084945   1.9585498   1.48804281
 -1.78247861 -2.3784277   1.16485282  0.57821372  1.59951022 -2.81332676
 -0.09023128  2.53633139 -1.15821602  1.21034388  1.2304304   0.6039677
 -0.9783895   1.11977592  0.81166838 -0.37703881  2.80811316 -2.14553707
  1.57594583 -0.63992573  0.98873853 -3.22864513 -2.21579166  0.34327325
 -1.10125863 -0.42106444  0.26898317  0.05191092 -1.78837376 -0.1947167
 -0.64394522  2.87616008 -1.1095866  -1.19802404 -1.13030794  1.27228578
  1.6275607  -0.82089803  2.09774331 -1.54654931 -0.24850789 -0.89477399
 -2.94956952  3.08534323 -1.77086041  3.031864   -1.36071362 -2.42605419
  3.69691594 -1.19144431 -0.6632157  -3.00863959 -2.5108117   2.97896872
 -1.96762437 -1.66628341 -0.410606    2.96934862  0.1506788   0.02888252
 -1.61646373 -0.1566396  -1.59999977 -3.10965938  2.92512044  1.17540117
 -0.33176852 -2.32927473  1.00909272 -1.19094409 -0.27328295 -2.15900296
 -1.9192415   1.7827082  -0.97635485  2.56729174 -0.43303395 -3.09029163
 -2.824464    2.00657526 -3.08591    -0.24872298 -1.02788767 -0.17089943
  2.36438769  1.72611082 -0.21484739 -1.84237316 -3.02978928  0.14136398
 -0.81804256  1.46228908 -2.5283459   0.98497952 -0.08240168  0.19026226
  2.01195713  0.72665793  0.7703141  -1.24420076  1.63003587  2.53473742
  1.27079063  0.28778737 -1.01697362  2.62189165  0.80918799 -2.23507746
  0.01812083  1.73388885  1.08407751 -0.64868243 -2.32276985  2.4266735
  2.01581256  1.67753083  2.26604569  1.84036137 -2.08393038 -2.83910714
  0.5394794   1.39107554 -2.42028249 -1.32427437  2.43088981  1.28901377
  0.01233079 -1.74369962 -1.54368957  1.98055078  1.47992667 -0.80699412
 -0.13363886 -0.45096013 -0.18633938  2.40570855 -0.55036976 -0.65092388
  1.03925405 -2.29245199  0.99187306  2.56871367 -0.48824022  2.14115111
 -1.97775315 -0.88556184 -2.40999442 -2.29070981 -1.41723077 -2.91516225
  1.57151291  1.80576984  1.6276194   1.02636486  1.40047664 -2.3235416
 -2.68794699  1.72151392  1.00389428 -0.39771901 -2.63166253  1.56085245
 -1.23481704 -2.49263218  0.05895227]
Thu Jun 13 22:16:55 2024,465,0.10370642735747071,[-2.84131732  2.13174656 -1.6589892   0.13153176  0.46584415 -3.22721482
  3.25342306  2.08104715  1.04938586 -0.99456304  0.58457235  1.30045554
  1.31403069 -1.88509399  0.78958915  2.88836349 -0.39806162 -0.44943956
 -1.92362946  0.78781068  1.60872068  2.91099208 -1.41951345 -0.40704592
 -2.19244327 -2.09733253  3.13568412  2.78095534 -0.74513613 -2.65206565
  1.5211088  -0.21178108 -2.41619055  1.87301566  1.1299322  -0.62860028
  1.10919989 -2.01009992 -0.21658015  2.27129716 -0.24828275  0.52837967
  2.39170672  0.56557431  2.66529939  2.88561588  2.81214574 -2.92737162
  0.27933059 -0.37427963  1.70856477  2.98597799 -0.38180603 -2.39585581
  2.70433835 -3.17005452  0.5717961  -0.68719904 -1.72783654  3.11872207
 -1.940403   -1.6524123  -2.55519297  2.37963576 -2.15019274  1.96138009
  1.74491749  1.47678002  2.49502142  2.90973096  1.95731334  1.48680636
 -1.78124215 -2.37719125  1.16361636  0.57945017  1.59827376 -2.81456321
 -0.09146774  2.53509493 -1.15945248  1.21158034  1.23166685  0.60520416
 -0.97715305  1.11853946  0.81290483 -0.37827526  2.80687671 -2.14677353
  1.57470937 -0.63868927  0.98997498 -3.22740868 -2.21702811  0.3445097
 -1.10002217 -0.41982799  0.26774671  0.05067446 -1.78961022 -0.19348024
 -0.64518167  2.87492363 -1.10835014 -1.1992605  -1.13154439  1.27352223
  1.62632425 -0.81966158  2.09897977 -1.54778577 -0.24727143 -0.89601044
 -2.94833306  3.08657969 -1.77209686  3.03310046 -1.36195007 -2.42481773
  3.69567948 -1.19020785 -0.66445215 -3.00987605 -2.50957525  2.97773227
 -1.96638792 -1.66504695 -0.41184245  2.97058507  0.15191525  0.03011897
 -1.61522728 -0.15787606 -1.59876331 -3.10842292  2.92388399  1.17416471
 -0.33300497 -2.32803827  1.01032918 -1.18970764 -0.2720465  -2.1577665
 -1.92047795  1.78147175 -0.9775913   2.56605529 -0.43427041 -3.09152808
 -2.82570046  2.00781171 -3.08467355 -0.24748653 -1.02665121 -0.17213589
  2.36562414  1.72487436 -0.21608385 -1.8411367  -3.03102574  0.14012753
 -0.81927901  1.46352553 -2.52710944  0.98621598 -0.08116522  0.1890258
  2.01072067  0.72542147  0.76907765 -1.24543722  1.63127232  2.53597388
  1.27202708  0.28655092 -1.01573717  2.62065519  0.81042444 -2.23631392
  0.01688438  1.7326524   1.08284106 -0.64744598 -2.3215334   2.42543704
  2.01704902  1.67629437  2.26480924  1.84159782 -2.08516683 -2.83787069
  0.54071586  1.38983909 -2.41904603 -1.32551082  2.43212626  1.28777731
  0.01109434 -1.74493607 -1.54245312  1.97931432  1.48116313 -0.80575767
 -0.1324024  -0.44972368 -0.18510292  2.40694501 -0.55160622 -0.64968743
  1.03801759 -2.29121554  0.99310952  2.56995012 -0.48947667  2.13991466
 -1.97898961 -0.8867983  -2.40875796 -2.29194627 -1.41599432 -2.91392579
  1.57027645  1.80453339  1.62638295  1.02760132  1.39924018 -2.32230515
 -2.68918345  1.72275038  1.00265782 -0.39895546 -2.63042608  1.55961599
 -1.23358058 -2.49386864  0.05771582]
Thu Jun 13 22:17:11 2024,466,0.10364313232343125,[-2.84239561  2.13066827 -1.65791091  0.13045347  0.46692244 -3.22613653
  3.25450135  2.07996886  1.05046415 -0.99348475  0.58349406  1.29937725
  1.3129524  -1.8840157   0.79066744  2.88944178 -0.39698333 -0.45051785
 -1.92470775  0.78888897  1.60764239  2.90991379 -1.42059174 -0.40596763
 -2.19352156 -2.09625424  3.13460583  2.78203363 -0.74405784 -2.65314393
  1.52003051 -0.21285937 -2.41726884  1.87193737  1.13101049 -0.62967857
  1.1081216  -2.01117821 -0.21550186  2.27021887 -0.24720447  0.52730138
  2.39062843  0.5666526   2.66637768  2.88669417  2.81106745 -2.92629333
  0.28040887 -0.37320134  1.70964306  2.98705627 -0.38288432 -2.39477752
  2.70541664 -3.17113281  0.57287439 -0.68612075 -1.72891483  3.11764378
 -1.94148129 -1.65133401 -2.55411468  2.37855747 -2.15127103  1.9603018
  1.74599578  1.47785831  2.49394313  2.91080925  1.95839163  1.48572807
 -1.78232044 -2.37611296  1.16469465  0.57837189  1.59719547 -2.8156415
 -0.09038945  2.53617322 -1.15837419  1.21050205  1.23058856  0.60628245
 -0.97823134  1.11746117  0.81398312 -0.37719697  2.80579842 -2.14785182
  1.57363108 -0.63976756  0.98889669 -3.22633039 -2.21594982  0.34558799
 -1.10110046 -0.42090628  0.268825    0.05175275 -1.79068851 -0.19455853
 -0.64410339  2.87384534 -1.10942843 -1.19818221 -1.1304661   1.27460052
  1.62524596 -0.82073987  2.09790148 -1.54886406 -0.24619314 -0.89708873
 -2.94941135  3.0855014  -1.77101857  3.03202217 -1.36302836 -2.42373945
  3.69675777 -1.19128614 -0.66337386 -3.00879776 -2.51065354  2.97881056
 -1.96746621 -1.66612524 -0.41076416  2.97166336  0.15083696  0.02904069
 -1.61414899 -0.15895435 -1.5998416  -3.10734463  2.9228057   1.17308642
 -0.33408326 -2.32695998  1.00925089 -1.18862935 -0.27312479 -2.15884479
 -1.91939967  1.78255004 -0.97651301  2.564977   -0.43319212 -3.09260637
 -2.82677875  2.00889    -3.08359526 -0.24856481 -1.02557292 -0.1710576
  2.36454586  1.72379607 -0.21716214 -1.84221499 -3.03210403  0.13904924
 -0.8203573   1.46460382 -2.52603115  0.98513769 -0.08008693  0.19010409
  2.01179896  0.72649976  0.76799936 -1.24435893  1.63235061  2.53705217
  1.27310537  0.28547263 -1.01465888  2.6195769   0.80934616 -2.23523563
  0.01796266  1.73157411  1.08176277 -0.64852427 -2.32261169  2.42651533
  2.01597073  1.67737266  2.26588753  1.84267611 -2.08624512 -2.8367924
  0.53963757  1.39091738 -2.42012432 -1.32658911  2.43320455  1.2888556
  0.01217263 -1.74385778 -1.54137483  1.97823604  1.48224142 -0.80467938
 -0.13348069 -0.44864539 -0.18618121  2.40586672 -0.55268451 -0.65076572
  1.03909588 -2.29229383  0.9941878   2.56887183 -0.48839839  2.13883637
 -1.97791132 -0.88787659 -2.40767967 -2.29302456 -1.41491603 -2.9128475
  1.57135474  1.8034551   1.62746124  1.02652303  1.40031847 -2.32122686
 -2.69026174  1.72382867  1.00373611 -0.40003375 -2.62934779  1.56069428
 -1.23465887 -2.49494693  0.05663753]
Thu Jun 13 22:17:27 2024,467,0.10345422701059684,[-2.84049286  2.13257103 -1.65981367  0.12855071  0.46501968 -3.22423377
  3.25640411  2.08187162  1.05236691 -0.99158199  0.5815913   1.29747449
  1.31485516 -1.88591846  0.78876468  2.88753903 -0.39888608 -0.45242061
 -1.92661051  0.79079173  1.60954515  2.90801103 -1.41868898 -0.40406488
 -2.1916188  -2.098157    3.13650859  2.78013087 -0.7459606  -2.65504669
  1.52193327 -0.21476212 -2.4191716   1.87384013  1.13291325 -0.62777581
  1.11002436 -2.01308097 -0.21740461  2.27212163 -0.24910722  0.52539862
  2.39253119  0.56474985  2.66447492  2.88859693  2.80916469 -2.92819608
  0.27850612 -0.3751041   1.71154582  2.98895903 -0.38098156 -2.39668028
  2.70351388 -3.17303557  0.57097163 -0.6880235  -1.72701207  3.11574103
 -1.94338405 -1.64943126 -2.55221192  2.37665471 -2.15317379  1.95839904
  1.74789853  1.47976107  2.49204038  2.912712    1.96029439  1.48382531
 -1.7842232  -2.37801571  1.16659741  0.57646913  1.59529272 -2.81754426
 -0.0922922   2.53807598 -1.15647143  1.20859929  1.23249132  0.60437969
 -0.97632858  1.11555842  0.81208037 -0.37909973  2.80770118 -2.14594906
  1.57553384 -0.63786481  0.98699394 -3.22442763 -2.21404706  0.34749075
 -1.10300322 -0.41900352  0.26692224  0.05365551 -1.78878575 -0.19265577
 -0.64600614  2.8757481  -1.10752568 -1.19627945 -1.12856335  1.27650328
  1.62714872 -0.82264263  2.09980424 -1.55076681 -0.2480959  -0.89899149
 -2.95131411  3.08740416 -1.76911582  3.03392492 -1.36493112 -2.42183669
  3.69866053 -1.1931889  -0.66147111 -3.01070052 -2.51255629  2.9769078
 -1.96936897 -1.66422248 -0.41266692  2.9697606   0.15273972  0.03094344
 -1.61224623 -0.16085711 -1.60174436 -3.10924739  2.92470845  1.17498918
 -0.3321805  -2.32505722  1.00734813 -1.19053211 -0.27122203 -2.16074755
 -1.91749691  1.7844528  -0.97841577  2.56307424 -0.43509488 -3.09070361
 -2.8286815   2.00698724 -3.0816925  -0.25046757 -1.02747568 -0.17296035
  2.36644861  1.72189331 -0.21525938 -1.84031224 -3.03400678  0.140952
 -0.82226006  1.46270107 -2.5241284   0.98704045 -0.08198969  0.19200685
  2.01370172  0.72459701  0.76990212 -1.24245617  1.63425337  2.53895492
  1.27120262  0.28737538 -1.01275612  2.61767415  0.81124891 -2.23333287
  0.01605991  1.72967135  1.07986001 -0.64662151 -2.32070893  2.42461257
  2.01787349  1.67927542  2.26398477  1.84457887 -2.08814788 -2.83488964
  0.53773481  1.39282013 -2.42202708 -1.32849187  2.43510731  1.29075836
  0.01026987 -1.74195503 -1.53947207  1.98013879  1.48033866 -0.80277662
 -0.13157793 -0.45054814 -0.18808397  2.40396396 -0.55458727 -0.64886296
  1.04099864 -2.29039107  0.99609056  2.57077459 -0.49030114  2.13693361
 -1.97600856 -0.88977935 -2.40577692 -2.2911218  -1.41681879 -2.91094474
  1.56945198  1.80535786  1.62936399  1.02842579  1.40222123 -2.32312961
 -2.69216449  1.72192591  1.00563887 -0.398131   -2.62744503  1.55879153
 -1.23656163 -2.49684969  0.05473477]
Thu Jun 13 22:17:46 2024,468,0.1014645197953096,[-2.84720427  2.12585962 -1.65310226  0.1218393   0.47173109 -3.21752236
  3.2496927   2.08858303  1.0456555  -0.9982934   0.58830271  1.3041859
  1.32156657 -1.87920705  0.78205327  2.88082762 -0.40559749 -0.4457092
 -1.9198991   0.79750314  1.61625656  2.91472244 -1.41197757 -0.41077629
 -2.18490739 -2.09144559  3.12979718  2.77341946 -0.73924918 -2.64833528
  1.52864468 -0.22147353 -2.41246019  1.86712871  1.12620183 -0.6210644
  1.11673577 -2.01979238 -0.22411603  2.26541021 -0.25581863  0.51868721
  2.3992426   0.55803844  2.65776351  2.89530834  2.8158761  -2.9349075
  0.28521753 -0.38181551  1.71825723  2.98224762 -0.37427015 -2.38996887
  2.69680247 -3.17974698  0.57768304 -0.68131209 -1.73372348  3.10902961
 -1.93667264 -1.65614267 -2.55892334  2.3699433  -2.1598852   1.96511045
  1.75460995  1.47304966  2.49875179  2.90600059  1.9670058   1.4771139
 -1.77751179 -2.3713043   1.159886    0.58318054  1.58858131 -2.81083285
 -0.09900361  2.54478739 -1.16318284  1.20188788  1.23920273  0.6110911
 -0.96961717  1.12226983  0.80536896 -0.38581114  2.81441259 -2.15266047
  1.56882243 -0.64457622  0.98028252 -3.23113904 -2.22075847  0.35420216
 -1.09629181 -0.41229211  0.27363365  0.06036692 -1.79549716 -0.18594436
 -0.65271755  2.88245951 -1.10081426 -1.18956804 -1.13527476  1.26979187
  1.63386013 -0.81593121  2.10651565 -1.5440554  -0.24138449 -0.9057029
 -2.9446027   3.09411557 -1.76240441  3.04063633 -1.37164253 -2.41512528
  3.70537194 -1.19990031 -0.6547597  -3.01741193 -2.50584488  2.98361921
 -1.96265756 -1.67093389 -0.41937833  2.96304919  0.15945113  0.02423203
 -1.60553482 -0.1541457  -1.60845577 -3.10253598  2.91799704  1.18170059
 -0.32546909 -2.33176864  1.01405954 -1.1838207  -0.27793344 -2.15403614
 -1.9107855   1.79116421 -0.97170436  2.55636283 -0.44180629 -3.09741502
 -2.82197009  2.01369865 -3.07498109 -0.24375616 -1.03418709 -0.17967176
  2.37316002  1.72860472 -0.22197079 -1.83360083 -3.02729537  0.13424059
 -0.82897147  1.46941248 -2.51741699  0.98032904 -0.07527828  0.19871826
  2.00699031  0.71788559  0.77661353 -1.23574476  1.62754196  2.53224351
  1.2644912   0.29408679 -1.00604471  2.61096274  0.81796032 -2.24004428
  0.0093485   1.72295994  1.0731486  -0.6399101  -2.31399752  2.43132398
  2.0245849   1.67256401  2.25727336  1.85129028 -2.09485929 -2.84160105
  0.5310234   1.38610872 -2.42873849 -1.32178046  2.4283959   1.28404695
  0.01698128 -1.74866644 -1.54618348  1.97342738  1.47362725 -0.79606521
 -0.13828935 -0.45725956 -0.19479538  2.41067537 -0.54787585 -0.64215155
  1.04771005 -2.29710248  1.00280197  2.56406318 -0.48358973  2.1302222
 -1.96929715 -0.88306794 -2.41248833 -2.28441039 -1.4235302  -2.91765615
  1.5761634   1.79864644  1.6360754   1.02171438  1.40893264 -2.3164182
 -2.6988759   1.7152145   0.99892746 -0.39141958 -2.63415644  1.55208012
 -1.24327304 -2.49013828  0.04802336]
Thu Jun 13 22:18:03 2024,469,0.1013337870684344,[-2.84933738  2.1237265  -1.65096914  0.11970618  0.47386421 -3.21965548
  3.25182581  2.09071615  1.04352238 -0.99616028  0.5861696   1.30631902
  1.32369969 -1.88134017  0.78418638  2.88296073 -0.40346438 -0.44357608
 -1.92203222  0.79537003  1.61412344  2.91258933 -1.40984446 -0.4129094
 -2.18277428 -2.08931247  3.1319303   2.77555257 -0.73711607 -2.6504684
  1.5307778  -0.22360665 -2.41032707  1.8649956   1.12406872 -0.61893128
  1.11460266 -2.01765926 -0.22624914  2.26754333 -0.25368552  0.51655409
  2.40137572  0.56017155  2.65563039  2.89317522  2.81800922 -2.93277438
  0.28735064 -0.37968239  1.71612411  2.9801145  -0.37213703 -2.39210198
  2.69466936 -3.1818801   0.57554993 -0.68344521 -1.7358566   3.11116273
 -1.93880576 -1.65827578 -2.56105645  2.36781018 -2.15775208  1.96297734
  1.75247683  1.47091654  2.49661867  2.90386748  1.96913891  1.47924702
 -1.77537867 -2.36917119  1.16201912  0.58531366  1.58644819 -2.81296597
 -0.10113673  2.5469205  -1.16104973  1.19975476  1.24133585  0.61322422
 -0.96748405  1.12013671  0.80750207 -0.38794426  2.8165457  -2.15052736
  1.56668931 -0.6424431   0.98241564 -3.23327216 -2.22289159  0.35633528
 -1.09842492 -0.41442522  0.27576677  0.05823381 -1.79336404 -0.18807748
 -0.65485067  2.88032639 -1.10294738 -1.18743492 -1.13740787  1.27192498
  1.63172701 -0.81806433  2.10864876 -1.54192229 -0.23925137 -0.90356978
 -2.94246958  3.09198245 -1.76027129  3.03850322 -1.36950942 -2.41725839
  3.70750505 -1.20203343 -0.65689281 -3.01527881 -2.50371177  2.98575233
 -1.96479067 -1.67306701 -0.41724521  2.96518231  0.16158425  0.02636515
 -1.60766794 -0.15627881 -1.60632265 -3.10040286  2.91586393  1.17956748
 -0.32760221 -2.33390175  1.01192643 -1.18168758 -0.27580033 -2.15616926
 -1.90865238  1.79329732 -0.96957124  2.55422972 -0.43967317 -3.09528191
 -2.82410321  2.01156554 -3.07711421 -0.24588928 -1.03632021 -0.17753865
  2.37529314  1.72647161 -0.21983768 -1.83146771 -3.02942849  0.13210747
 -0.83110459  1.47154559 -2.51528387  0.97819592 -0.07314516  0.19658514
  2.00485719  0.71575248  0.77874664 -1.23361164  1.62967508  2.5301104
  1.26235809  0.29195368 -1.00817783  2.60882962  0.82009344 -2.23791117
  0.00721538  1.72082682  1.07101548 -0.63777698 -2.3118644   2.4334571
  2.02245178  1.67043089  2.25514024  1.84915717 -2.09699241 -2.84373417
  0.53315651  1.38397561 -2.43087161 -1.31964734  2.43052901  1.28618007
  0.01484817 -1.74653332 -1.5483166   1.9755605   1.47576037 -0.79819833
 -0.13615623 -0.45512644 -0.19266227  2.41280849 -0.54574274 -0.64001843
  1.04984317 -2.2992356   1.00066886  2.56193006 -0.48572285  2.12808908
 -1.97143026 -0.88093482 -2.41462144 -2.28654351 -1.42139708 -2.91552304
  1.57403028  1.80077956  1.63820852  1.01958126  1.41106576 -2.31855132
 -2.69674279  1.71734762  1.00106057 -0.38928647 -2.63628956  1.549947
 -1.24540616 -2.49227139  0.05015648]
Thu Jun 13 22:18:21 2024,470,0.10136661885264069,[-2.84860907  2.12299819 -1.65024083  0.11897787  0.47313589 -3.2203838
  3.25255413  2.09144446  1.0442507  -0.99543197  0.58689791  1.3055907
  1.324428   -1.88061185  0.78345807  2.88368905 -0.40419269 -0.44284777
 -1.9213039   0.79609834  1.61485176  2.91186101 -1.40911614 -0.41363772
 -2.18350259 -2.08858415  3.13120198  2.77482426 -0.73784438 -2.64974008
  1.53004948 -0.22433497 -2.41105539  1.86572391  1.1233404  -0.61820297
  1.11387434 -2.01693094 -0.22552083  2.26681502 -0.2529572   0.51728241
  2.4006474   0.55944324  2.65635871  2.8924469   2.81873753 -2.93204606
  0.28662233 -0.37895408  1.7153958   2.97938619 -0.37140872 -2.39137367
  2.69539767 -3.18260841  0.57482161 -0.68271689 -1.73658491  3.11189105
 -1.93953407 -1.6590041  -2.56032814  2.36708187 -2.15702377  1.96224902
  1.75320514  1.47018822  2.49734699  2.90313916  1.9684106   1.47997533
 -1.77610699 -2.3698995   1.16274743  0.58458534  1.5871765  -2.81223765
 -0.10186505  2.54619219 -1.16032141  1.19902645  1.24206416  0.61395253
 -0.96675574  1.12086503  0.80677376 -0.38867257  2.81581739 -2.15125567
  1.56741763 -0.64317142  0.98314396 -3.23254384 -2.22361991  0.35706359
 -1.09769661 -0.41369691  0.27649508  0.05896212 -1.79409236 -0.18734916
 -0.65412236  2.87959808 -1.1036757  -1.18816324 -1.13813619  1.27119667
  1.63245533 -0.81879265  2.10937708 -1.5426506  -0.23997969 -0.90284147
 -2.94174127  3.09271077 -1.7609996   3.03923153 -1.37023773 -2.41798671
  3.70677674 -1.20276174 -0.65762113 -3.01600713 -2.50444008  2.98648064
 -1.96406236 -1.67379532 -0.4165169   2.96591062  0.16085593  0.02709346
 -1.60839625 -0.1555505  -1.60705097 -3.10113118  2.91659224  1.17883916
 -0.32687389 -2.33317344  1.01119811 -1.18241589 -0.27507201 -2.15689757
 -1.90792407  1.79402564 -0.96884293  2.5535014  -0.44040149 -3.09455359
 -2.82483152  2.01229385 -3.07784252 -0.24661759 -1.03704852 -0.17681033
  2.37456483  1.72719992 -0.22056599 -1.83219602 -3.02870017  0.13137915
 -0.83037627  1.47227391 -2.51455555  0.97892424 -0.07241685  0.19731346
  2.00412888  0.71648079  0.77801833 -1.23433996  1.63040339  2.53083871
  1.26162977  0.29122536 -1.00890614  2.6081013   0.81936512 -2.23863948
  0.0079437   1.72155514  1.07028717 -0.63704867 -2.31113609  2.43418542
  2.0231801   1.6711592   2.25586856  1.84988548 -2.09772072 -2.84446248
  0.5324282   1.38470392 -2.43014329 -1.32037566  2.4298007   1.28690838
  0.01557648 -1.74726164 -1.54758828  1.97483218  1.47503205 -0.79892664
 -0.13542791 -0.45585475 -0.19339058  2.4135368  -0.54647105 -0.63929012
  1.05057148 -2.29996391  1.00139717  2.56265838 -0.48645116  2.12736077
 -1.97215858 -0.8802065  -2.41534976 -2.28727182 -1.4221254  -2.91479472
  1.57330196  1.80150788  1.63893684  1.01885294  1.41179407 -2.317823
 -2.6974711   1.71807593  1.00178889 -0.39001478 -2.63556124  1.54921868
 -1.24467784 -2.49154308  0.04942816]
Thu Jun 13 22:19:43 2024,471,0.10135878759665773,[-2.84879219  2.12281507 -1.65042395  0.11916099  0.47295277 -3.22056691
  3.25273725  2.09162758  1.04443381 -0.99561509  0.58708103  1.30540758
  1.32461112 -1.88042873  0.78364119  2.88350593 -0.40437581 -0.44303089
 -1.92148702  0.79591522  1.61503487  2.91167789 -1.40893302 -0.4134546
 -2.18331947 -2.08876727  3.1313851   2.77464114 -0.73766126 -2.64955696
  1.5302326  -0.22415185 -2.41123851  1.86590703  1.12315728 -0.61838609
  1.11369122 -2.01711406 -0.22570395  2.26699813 -0.25277408  0.51746553
  2.40083052  0.55962635  2.65617559  2.89263002  2.81892065 -2.93186294
  0.28643921 -0.37877096  1.71557891  2.97920307 -0.37159184 -2.39155679
  2.69521455 -3.18279153  0.57463849 -0.68253378 -1.73640179  3.11207416
 -1.93971719 -1.65882098 -2.56051126  2.36726499 -2.15684065  1.96243214
  1.75338826  1.47037134  2.49716387  2.90295604  1.96822748  1.48015845
 -1.77592387 -2.36971638  1.16256431  0.58440222  1.58699339 -2.81205453
 -0.10204816  2.54600907 -1.16013829  1.19884333  1.24224728  0.61413565
 -0.96693885  1.12104814  0.80659064 -0.38885569  2.81563427 -2.15107255
  1.56723451 -0.6429883   0.98296084 -3.23236072 -2.22343679  0.35688047
 -1.09787973 -0.41388003  0.2766782   0.05914524 -1.79390924 -0.18716604
 -0.65430547  2.87941496 -1.10349258 -1.18798012 -1.13795307  1.27137979
  1.63263844 -0.81897577  2.10919396 -1.54283372 -0.23979657 -0.90302459
 -2.94155815  3.09289388 -1.76081649  3.03904841 -1.37042085 -2.41816983
  3.70695986 -1.20257862 -0.65743801 -3.01619024 -2.50425696  2.98629752
 -1.96424548 -1.67397844 -0.41633378  2.96609374  0.16103905  0.02691034
 -1.60821313 -0.15573362 -1.60723409 -3.1013143   2.91640912  1.17865604
 -0.32705701 -2.33335656  1.01101499 -1.18259901 -0.27488889 -2.15671445
 -1.90810718  1.79384252 -0.96865981  2.55331828 -0.4405846  -3.09473671
 -2.82464841  2.01247697 -3.07802564 -0.24643447 -1.03723164 -0.17699345
  2.37474794  1.7270168  -0.22074911 -1.83237914 -3.02851706  0.13156227
 -0.83019315  1.47209079 -2.51437244  0.97910735 -0.07223373  0.19749658
  2.00431199  0.71666391  0.77783521 -1.23415684  1.63058651  2.53102183
  1.26144665  0.29140848 -1.00908926  2.60828442  0.81918201 -2.2388226
  0.00812681  1.72137202  1.07047029 -0.63686555 -2.31095297  2.43436853
  2.02336322  1.67097609  2.25568544  1.8500686  -2.09790384 -2.8446456
  0.53261132  1.3845208  -2.43032641 -1.32055878  2.42998382  1.2870915
  0.0157596  -1.74744475 -1.54740517  1.9750153   1.47521517 -0.79910976
 -0.13561103 -0.45567164 -0.19320746  2.41335368 -0.54665417 -0.63947324
  1.0507546  -2.29978079  1.00121405  2.56247526 -0.48626804  2.12717765
 -1.97197546 -0.88038962 -2.41516664 -2.2870887  -1.42230851 -2.9146116
  1.57311885  1.80169099  1.63911995  1.01866983  1.41197719 -2.31800612
 -2.69728798  1.71789281  1.00197201 -0.3901979  -2.63537812  1.5494018
 -1.24486096 -2.4917262   0.04961128]
Thu Jun 13 22:20:06 2024,472,0.10127594608184498,[-2.84760088  2.12400638 -1.64923264  0.12035229  0.47414408 -3.22175822
  3.25154594  2.09281888  1.04562512 -0.99442378  0.58588973  1.30421628
  1.32580243 -1.87923743  0.78483249  2.88231462 -0.40318451 -0.44422219
 -1.92267833  0.79710653  1.61384357  2.91048659 -1.40774172 -0.41464591
 -2.18212817 -2.08995858  3.13257641  2.77583245 -0.73885257 -2.64836566
  1.52904129 -0.22296054 -2.41242981  1.86471573  1.12196598 -0.61957739
  1.11488253 -2.01592276 -0.22689525  2.26818944 -0.25396539  0.51865683
  2.39963921  0.56081766  2.65736689  2.89382133  2.82011196 -2.93305425
  0.28763052 -0.37996227  1.71677022  2.97801177 -0.37040053 -2.39036548
  2.69402325 -3.18398283  0.57344719 -0.68134247 -1.7375931   3.11326547
 -1.93852588 -1.66001229 -2.55931995  2.36607368 -2.15564934  1.96124084
  1.75219696  1.47156265  2.49835517  2.90176474  1.96941879  1.47896714
 -1.77473256 -2.37090769  1.16375562  0.58559353  1.58580208 -2.81086323
 -0.10323947  2.54481777 -1.1613296   1.19765202  1.24105598  0.61532696
 -0.96813016  1.12223945  0.80539933 -0.38766439  2.81682558 -2.15226386
  1.5660432  -0.64179699  0.98415214 -3.23116942 -2.22224548  0.35807178
 -1.09907103 -0.41507133  0.27786951  0.06033654 -1.79510055 -0.18835735
 -0.65549678  2.87822365 -1.10468388 -1.18917142 -1.13914438  1.27257109
  1.63382975 -0.81778446  2.10800265 -1.54164242 -0.23860527 -0.90421589
 -2.94274945  3.09170258 -1.76200779  3.03785711 -1.37161216 -2.41697852
  3.70576855 -1.20376993 -0.65862931 -3.01738155 -2.50544827  2.98510622
 -1.96543678 -1.67516975 -0.41514247  2.96490244  0.15984774  0.02571904
 -1.60702183 -0.15454231 -1.60604278 -3.10012299  2.91760043  1.17746474
 -0.32824832 -2.33216525  1.0122063  -1.18379032 -0.27369759 -2.15552315
 -1.90929849  1.79265121 -0.96985111  2.55212698 -0.4393933  -3.09354541
 -2.8234571   2.01366828 -3.07683434 -0.24524317 -1.03604034 -0.17818476
  2.37355664  1.7258255  -0.2195578  -1.83118784 -3.02732575  0.13275358
 -0.82900185  1.47089948 -2.51556374  0.98029866 -0.07342503  0.19630527
  2.00312069  0.71547261  0.7766439  -1.23534815  1.63177782  2.52983053
  1.26025535  0.29259979 -1.00789795  2.60709312  0.82037331 -2.2376313
  0.00693551  1.72256333  1.07166159 -0.63567424 -2.31214427  2.43317723
  2.02455452  1.66978478  2.25687674  1.85125991 -2.09671253 -2.84583691
  0.53142001  1.3833295  -2.43151771 -1.32175008  2.43117512  1.28828281
  0.0169509  -1.74863606 -1.54621386  1.97620661  1.47402386 -0.80030107
 -0.13441973 -0.45686294 -0.19201616  2.41216238 -0.54546287 -0.64066454
  1.0495633  -2.29858949  1.00240536  2.56128396 -0.48745935  2.12598634
 -1.97078416 -0.87919832 -2.41397534 -2.28828001 -1.42349982 -2.91580291
  1.57192754  1.8028823   1.64031126  1.01986113  1.41078588 -2.31681482
 -2.69847929  1.71908412  1.0007807  -0.3890066  -2.63656943  1.55059311
 -1.24605227 -2.4929175   0.04841998]
Thu Jun 13 22:20:21 2024,473,0.10127406332512426,[-2.84787094  2.12427644 -1.64896258  0.12008223  0.47387402 -3.22202828
  3.25127588  2.09308895  1.04535506 -0.99469385  0.58615979  1.30394621
  1.32607249 -1.87950749  0.78456243  2.88258469 -0.40291444 -0.44395213
 -1.92240826  0.79737659  1.6135735   2.91075665 -1.40747165 -0.41437584
 -2.18239823 -2.08968851  3.13230634  2.77610251 -0.73858251 -2.64809559
  1.52931136 -0.22269048 -2.41215975  1.86498579  1.12169591 -0.61984746
  1.11461246 -2.01565269 -0.22662519  2.2684595  -0.25423545  0.5189269
  2.39936915  0.5605476   2.65763696  2.89355127  2.81984189 -2.93332431
  0.28736045 -0.3796922   1.71650016  2.97828183 -0.37013047 -2.39009542
  2.69375318 -3.1842529   0.57371725 -0.68107241 -1.73732304  3.11299541
 -1.93825582 -1.65974222 -2.55904989  2.36580362 -2.15537928  1.96097077
  1.75192689  1.47129258  2.49808511  2.9020348   1.96914872  1.47923721
 -1.7744625  -2.37063762  1.16348556  0.58532346  1.58607214 -2.81113329
 -0.10296941  2.54508783 -1.16105953  1.19738196  1.24078591  0.61559702
 -0.96840022  1.12250951  0.8056694  -0.38739432  2.81655551 -2.15253392
  1.56577314 -0.64152693  0.98442221 -3.23143948 -2.22251555  0.35780172
 -1.0993411  -0.4153414   0.27759945  0.06006648 -1.79483048 -0.18862741
 -0.65522672  2.87849372 -1.10495395 -1.18944149 -1.13887431  1.27230103
  1.63409981 -0.8175144   2.10827272 -1.54191248 -0.2383352  -0.90448596
 -2.94247939  3.09197264 -1.76227786  3.03758705 -1.37188222 -2.41670846
  3.70603862 -1.20349987 -0.65835925 -3.01711149 -2.50571833  2.98483615
 -1.96570684 -1.67543981 -0.41487241  2.9651725   0.15957768  0.02544898
 -1.60675176 -0.15481237 -1.60577272 -3.09985293  2.91787049  1.17719467
 -0.32797825 -2.33243531  1.01193623 -1.18352025 -0.27342752 -2.15579321
 -1.90902843  1.79238115 -0.96958105  2.55239704 -0.43966336 -3.09327534
 -2.82372716  2.01393834 -3.07656427 -0.2449731  -1.03577027 -0.17845482
  2.37328657  1.72609556 -0.21982787 -1.83091777 -3.02705569  0.13248351
 -0.82927191  1.47062942 -2.51583381  0.98056872 -0.07315497  0.19657533
  2.00285062  0.71520254  0.77637384 -1.23507808  1.63150775  2.53010059
  1.25998529  0.29232972 -1.00816802  2.60682305  0.82010325 -2.23736123
  0.00666544  1.72229326  1.07193166 -0.63540418 -2.31187421  2.43344729
  2.02482459  1.67005484  2.25660668  1.85152997 -2.09644247 -2.84556684
  0.53169008  1.38359956 -2.43124765 -1.32202015  2.43090506  1.28855287
  0.01668084 -1.748366   -1.54648392  1.97593654  1.47429393 -0.80057113
 -0.13414966 -0.45713301 -0.19174609  2.41243244 -0.5451928  -0.64093461
  1.04983336 -2.29831942  1.00267542  2.56101389 -0.48718929  2.12571628
 -1.97105422 -0.87892825 -2.41370527 -2.28800995 -1.42322976 -2.91607297
  1.5721976   1.80261224  1.6400412   1.01959107  1.41105595 -2.31654475
 -2.69874935  1.71935418  1.00051064 -0.38873653 -2.63629937  1.55086317
 -1.2457822  -2.49264744  0.04869004]
Thu Jun 13 22:20:36 2024,474,0.10103703593374473,[-2.85054861  2.12159877 -1.64628491  0.11740456  0.47119635 -3.21935062
  3.24859821  2.09576661  1.04803272 -0.99737151  0.58348212  1.30662388
  1.32339483 -1.88218516  0.78724009  2.87990702 -0.40023678 -0.44127446
 -1.9197306   0.80005426  1.61625117  2.91343432 -1.41014932 -0.41169818
 -2.17972057 -2.09236618  3.13498401  2.77878018 -0.74126017 -2.64541793
  1.53198902 -0.22536814 -2.41483741  1.86766345  1.12437358 -0.62252512
  1.11729013 -2.01297503 -0.22394752  2.26578184 -0.25155779  0.51624923
  2.40204681  0.55786993  2.66031462  2.89622893  2.82251956 -2.93600198
  0.28468279 -0.37701454  1.71382249  2.97560416 -0.37280813 -2.38741775
  2.69643085 -3.18693056  0.57103959 -0.67839474 -1.73464537  3.11031774
 -1.94093348 -1.66241989 -2.56172755  2.36312595 -2.15270161  1.95829311
  1.74924923  1.47397025  2.50076278  2.89935714  1.97182639  1.47655954
 -1.77178483 -2.36795996  1.16616322  0.5826458   1.58339448 -2.81381096
 -0.10029174  2.54241016 -1.15838187  1.19470429  1.23810825  0.61291935
 -0.97107789  1.12518718  0.80299173 -0.39007199  2.81387785 -2.15521159
  1.56309547 -0.64420459  0.98174454 -3.23411715 -2.22519321  0.36047938
 -1.10201876 -0.41801906  0.28027711  0.05738882 -1.79750815 -0.18594975
 -0.65254905  2.87581605 -1.10763161 -1.19211915 -1.13619665  1.26962336
  1.63142215 -0.82019206  2.11095038 -1.53923481 -0.23565754 -0.90180829
 -2.93980172  3.09465031 -1.75960019  3.04026471 -1.36920455 -2.41938612
  3.70871628 -1.20617753 -0.65568159 -3.01978915 -2.508396    2.98751382
 -1.96838451 -1.67276215 -0.41755008  2.96785017  0.15690002  0.02277131
 -1.6040741  -0.15213471 -1.60309505 -3.09717526  2.91519283  1.17451701
 -0.32530059 -2.33511298  1.00925857 -1.18084259 -0.27074986 -2.15311555
 -1.91170609  1.79505882 -0.96690338  2.5550747  -0.4369857  -3.09059768
 -2.8210495   2.01661601 -3.07388661 -0.24229544 -1.03309261 -0.17577716
  2.37060891  1.72877323 -0.2171502  -1.82824011 -3.02437802  0.12980585
 -0.82659425  1.47330709 -2.51851147  0.97789106 -0.07583264  0.199253
  2.00017296  0.71788021  0.77905151 -1.23775575  1.63418542  2.52742292
  1.25730762  0.29500739 -1.00549035  2.60950072  0.82278091 -2.2400389
  0.00398778  1.72497093  1.07460932 -0.63808185 -2.31455188  2.43612496
  2.02214692  1.66737718  2.25928434  1.8488523  -2.0937648  -2.84288918
  0.53436774  1.38627723 -2.43392532 -1.31934248  2.43358272  1.29123054
  0.01935851 -1.74568833 -1.54916159  1.97861421  1.47697159 -0.80324879
 -0.131472   -0.45445534 -0.18906843  2.40975478 -0.54787047 -0.63825694
  1.04715569 -2.29564176  0.99999776  2.56369156 -0.48451162  2.12303861
 -1.96837655 -0.87625059 -2.41102761 -2.29068761 -1.42055209 -2.91339531
  1.56951994  1.79993457  1.64271886  1.0169134   1.41373361 -2.31386709
 -2.69607169  1.71667652  0.99783297 -0.38605887 -2.6336217   1.55354084
 -1.24310454 -2.48996977  0.04601237]
Thu Jun 13 22:20:59 2024,475,0.10103475327812672,[-2.850704    2.12175416 -1.6464403   0.11724917  0.47135174 -3.21919523
  3.24844282  2.095922    1.04787733 -0.9975269   0.58332674  1.30677927
  1.32323944 -1.88234054  0.78739548  2.87975163 -0.40039217 -0.44111907
 -1.91988598  0.79989887  1.61640656  2.91327893 -1.40999393 -0.41154279
 -2.17987595 -2.09221079  3.1351394   2.77893556 -0.74141556 -2.64557332
  1.53214441 -0.22552353 -2.4149928   1.86781884  1.12421819 -0.62268051
  1.11713474 -2.01313042 -0.22410291  2.26593723 -0.2514024   0.51609384
  2.4022022   0.55802532  2.66047001  2.89638432  2.82236417 -2.93615737
  0.2845274  -0.37685915  1.71397788  2.97575955 -0.37265274 -2.38757314
  2.69627546 -3.18708595  0.57119498 -0.67855013 -1.73448998  3.11016235
 -1.9407781  -1.6622645  -2.56188294  2.36328134 -2.15254622  1.95813772
  1.74909384  1.47412564  2.50091816  2.89920175  1.97198178  1.47671493
 -1.77194022 -2.36811535  1.16631861  0.58249041  1.58323909 -2.81396635
 -0.10013635  2.54225478 -1.15853726  1.19485968  1.23795286  0.61276397
 -0.9709225   1.12503179  0.80314712 -0.3899166   2.81372246 -2.1550562
  1.56294009 -0.6440492   0.98158915 -3.23427254 -2.2253486   0.36032399
 -1.10186337 -0.41786367  0.2804325   0.05723343 -1.79766354 -0.18610514
 -0.65270444  2.87566066 -1.107787   -1.19196376 -1.13635204  1.26977875
  1.63126676 -0.82034745  2.11079499 -1.53907943 -0.23550215 -0.9016529
 -2.93995711  3.0948057  -1.7594448   3.0404201  -1.36935994 -2.41954151
  3.70856089 -1.20602214 -0.6555262  -3.01994454 -2.50824061  2.98766921
 -1.9685399  -1.67291754 -0.41770546  2.96800555  0.15674463  0.0229267
 -1.60422949 -0.1522901  -1.60293966 -3.09733065  2.91534822  1.1746724
 -0.3251452  -2.33495759  1.00910318 -1.1806872  -0.27090525 -2.15296016
 -1.91186148  1.7952142  -0.966748    2.55523009 -0.43683031 -3.09075307
 -2.82089411  2.01646062 -3.07373122 -0.24214005 -1.03293722 -0.17593254
  2.37045352  1.72892862 -0.21730559 -1.82808472 -3.02453341  0.12965046
 -0.82643886  1.4731517  -2.51866686  0.97773567 -0.07567725  0.19940839
  2.00032835  0.7180356   0.77889612 -1.23791114  1.63434081  2.52726754
  1.25715223  0.294852   -1.00564574  2.60965611  0.8229363  -2.24019429
  0.00414317  1.72481554  1.07445393 -0.63792646 -2.31470726  2.43596957
  2.02230231  1.66722179  2.25912896  1.84869692 -2.09360942 -2.84273379
  0.53452313  1.38643262 -2.43376993 -1.31918709  2.43342733  1.29107515
  0.01920312 -1.74553294 -1.54931698  1.97845882  1.47712698 -0.80340418
 -0.13162739 -0.45429995 -0.18891304  2.40959939 -0.54802586 -0.63841233
  1.04731108 -2.29548637  1.00015315  2.56353617 -0.48435623  2.12288322
 -1.96822117 -0.87640598 -2.41118299 -2.290843   -1.4203967  -2.9135507
  1.56936455  1.80008996  1.64287425  1.01675801  1.413889   -2.3137117
 -2.6959163   1.71683191  0.99798836 -0.38590348 -2.63377709  1.55338545
 -1.24294915 -2.48981438  0.04585699]
Thu Jun 13 22:21:15 2024,476,0.10098941556235823,[-2.85173292e+00  2.12072524e+00 -1.64746922e+00  1.16220252e-01
  4.72380660e-01 -3.22022415e+00  3.24947174e+00  2.09695092e+00
  1.04890625e+00 -9.96497978e-01  5.82297815e-01  1.30780819e+00
  1.32426836e+00 -1.88131162e+00  7.86366562e-01  2.87872271e+00
 -3.99363245e-01 -4.40090153e-01 -1.92091491e+00  7.98869947e-01
  1.61537764e+00  2.91430785e+00 -1.41102285e+00 -4.12571709e-01
 -2.18090488e+00 -2.09323971e+00  3.13411048e+00  2.77996449e+00
 -7.42444481e-01 -2.64454440e+00  1.53111549e+00 -2.26552453e-01
 -2.41602172e+00  1.86884776e+00  1.12524711e+00 -6.21651590e-01
  1.11816366e+00 -2.01415934e+00 -2.23073990e-01  2.26696615e+00
 -2.50373478e-01  5.15064923e-01  2.40323112e+00  5.56996399e-01
  2.66149893e+00  2.89535540e+00  2.82339309e+00 -2.93718629e+00
  2.83498478e-01 -3.75830227e-01  1.71500680e+00  2.97473063e+00
 -3.71623822e-01 -2.38654422e+00  2.69730438e+00 -3.18605703e+00
  5.72223897e-01 -6.77521208e-01 -1.73346106e+00  3.11119127e+00
 -1.94180702e+00 -1.66123558e+00 -2.56085402e+00  2.36225242e+00
 -2.15357514e+00  1.95916664e+00  1.74806492e+00  1.47515456e+00
  2.49988924e+00  2.89817283e+00  1.97095286e+00  1.47568601e+00
 -1.77296914e+00 -2.36708643e+00  1.16528969e+00  5.83519331e-01
  1.58221017e+00 -2.81499527e+00 -9.91074318e-02  2.54122585e+00
 -1.15956618e+00  1.19588860e+00  1.23692394e+00  6.11735045e-01
 -9.71951421e-01  1.12400287e+00  8.02118198e-01 -3.90945521e-01
  2.81269354e+00 -2.15402728e+00  1.56396901e+00 -6.43020282e-01
  9.82618074e-01 -3.23324361e+00 -2.22637752e+00  3.59295071e-01
 -1.10289229e+00 -4.18892594e-01  2.81461420e-01  5.82623481e-02
 -1.79869246e+00 -1.87134058e-01 -6.51675518e-01  2.87668958e+00
 -1.10881592e+00 -1.19093484e+00 -1.13738096e+00  1.27080767e+00
  1.63229568e+00 -8.21376370e-01  2.11182391e+00 -1.53805050e+00
 -2.34473226e-01 -9.00623983e-01 -2.93892819e+00  3.09583462e+00
 -1.75841588e+00  3.04144902e+00 -1.37038886e+00 -2.42057043e+00
  3.70958981e+00 -1.20499322e+00 -6.56555118e-01 -3.02097346e+00
 -2.50926953e+00  2.98869813e+00 -1.96956882e+00 -1.67394646e+00
 -4.16676543e-01  2.96903448e+00  1.55715706e-01  2.18977776e-02
 -1.60525841e+00 -1.53319018e-01 -1.60396858e+00 -3.09630173e+00
  2.91431929e+00  1.17570132e+00 -3.26174121e-01 -2.33392867e+00
  1.01013210e+00 -1.17965828e+00 -2.69876325e-01 -2.15398908e+00
 -1.91083256e+00  1.79418528e+00 -9.65719075e-01  2.55625901e+00
 -4.37859229e-01 -3.09178199e+00 -2.81986519e+00  2.01748954e+00
 -3.07270230e+00 -2.43168972e-01 -1.03190830e+00 -1.74903623e-01
  2.37148244e+00  1.72995754e+00 -2.18334512e-01 -1.82911364e+00
 -3.02556233e+00  1.28621540e-01 -8.25409937e-01  1.47418062e+00
 -2.51969578e+00  9.78764590e-01 -7.67061674e-02  1.98379466e-01
  2.00135727e+00  7.19064518e-01  7.77867196e-01 -1.23688222e+00
  1.63331189e+00  2.52829646e+00  1.25818115e+00  2.93823079e-01
 -1.00667466e+00  2.60862719e+00  8.23965223e-01 -2.24122321e+00
  3.11424673e-03  1.72378662e+00  1.07342501e+00 -6.38955378e-01
 -2.31367834e+00  2.43494065e+00  2.02127339e+00  1.66619287e+00
  2.25810003e+00  1.84972584e+00 -2.09258049e+00 -2.84376271e+00
  5.33494209e-01  1.38746154e+00 -2.43274101e+00 -1.32021601e+00
  2.43445626e+00  1.29004623e+00  2.02320382e-02 -1.74656186e+00
 -1.55034590e+00  1.97948774e+00  1.47609806e+00 -8.04433104e-01
 -1.30598465e-01 -4.55328872e-01 -1.87884118e-01  2.41062831e+00
 -5.49054777e-01 -6.39441252e-01  1.04834000e+00 -2.29651529e+00
  1.00118207e+00  2.56250725e+00 -4.83327312e-01  2.12391214e+00
 -1.96925009e+00 -8.77434897e-01 -2.41221192e+00 -2.28981408e+00
 -1.42142562e+00 -2.91457962e+00  1.57039347e+00  1.80111888e+00
  1.64390317e+00  1.01572909e+00  1.41491792e+00 -2.31268278e+00
 -2.69488738e+00  1.71580299e+00  9.99017281e-01 -3.86932399e-01
 -2.63274817e+00  1.55235653e+00 -1.24192023e+00 -2.48878546e+00
  4.48280644e-02]
Thu Jun 13 22:21:30 2024,477,0.10098491507970928,[-2.85211140e+00  2.12034676e+00 -1.64709074e+00  1.15841769e-01
  4.72002176e-01 -3.21984567e+00  3.24985023e+00  2.09732941e+00
  1.04928474e+00 -9.96876462e-01  5.82676299e-01  1.30818667e+00
  1.32464684e+00 -1.88169011e+00  7.86745046e-01  2.87834423e+00
 -3.99741729e-01 -4.40468637e-01 -1.92129339e+00  7.99248431e-01
  1.61499915e+00  2.91392937e+00 -1.41064437e+00 -4.12950192e-01
 -2.18052639e+00 -2.09361820e+00  3.13448896e+00  2.77958600e+00
 -7.42065997e-01 -2.64492288e+00  1.53073701e+00 -2.26173969e-01
 -2.41564324e+00  1.86922625e+00  1.12562560e+00 -6.22030074e-01
  1.11778518e+00 -2.01378085e+00 -2.23452473e-01  2.26734463e+00
 -2.50751962e-01  5.14686439e-01  2.40285264e+00  5.56617916e-01
  2.66187742e+00  2.89573388e+00  2.82301461e+00 -2.93680781e+00
  2.83119994e-01 -3.75451744e-01  1.71462832e+00  2.97435215e+00
 -3.72002306e-01 -2.38616574e+00  2.69692590e+00 -3.18567855e+00
  5.72602381e-01 -6.77142725e-01 -1.73308258e+00  3.11156976e+00
 -1.94218550e+00 -1.66161406e+00 -2.56047554e+00  2.36187394e+00
 -2.15395363e+00  1.95878816e+00  1.74768643e+00  1.47553304e+00
  2.49951076e+00  2.89779434e+00  1.97133134e+00  1.47606449e+00
 -1.77259066e+00 -2.36746491e+00  1.16566817e+00  5.83140847e-01
  1.58258865e+00 -2.81537375e+00 -9.94859156e-02  2.54160434e+00
 -1.15918769e+00  1.19626709e+00  1.23730242e+00  6.11356561e-01
 -9.71572938e-01  1.12438135e+00  8.01739715e-01 -3.90567037e-01
  2.81231505e+00 -2.15364879e+00  1.56359052e+00 -6.43398766e-01
  9.82996558e-01 -3.23362210e+00 -2.22599904e+00  3.58916587e-01
 -1.10251381e+00 -4.19271078e-01  2.81082936e-01  5.86408320e-02
 -1.79907094e+00 -1.87512542e-01 -6.52054002e-01  2.87631110e+00
 -1.10843744e+00 -1.19131333e+00 -1.13775944e+00  1.27042919e+00
  1.63267416e+00 -8.20997887e-01  2.11144543e+00 -1.53767202e+00
 -2.34851710e-01 -9.01002467e-01 -2.93930668e+00  3.09545613e+00
 -1.75803740e+00  3.04107054e+00 -1.37001038e+00 -2.42094892e+00
  3.70921133e+00 -1.20461474e+00 -6.56176634e-01 -3.02135195e+00
 -2.50889105e+00  2.98907661e+00 -1.96994730e+00 -1.67432494e+00
 -4.16298059e-01  2.96941296e+00  1.56094190e-01  2.15192938e-02
 -1.60563689e+00 -1.53697502e-01 -1.60359010e+00 -3.09592325e+00
  2.91394081e+00  1.17607980e+00 -3.25795637e-01 -2.33430715e+00
  1.00975362e+00 -1.17927980e+00 -2.70254809e-01 -2.15361060e+00
 -1.91121104e+00  1.79380680e+00 -9.65340591e-01  2.55588053e+00
 -4.38237713e-01 -3.09216047e+00 -2.82024367e+00  2.01711105e+00
 -3.07308078e+00 -2.43547455e-01 -1.03152981e+00 -1.75282107e-01
  2.37186093e+00  1.73033602e+00 -2.17956028e-01 -1.82873516e+00
 -3.02518385e+00  1.29000024e-01 -8.25031454e-01  1.47455910e+00
 -2.52007426e+00  9.78386107e-01 -7.70846512e-02  1.98000982e-01
  2.00097879e+00  7.19443002e-01  7.78245680e-01 -1.23650373e+00
  1.63369037e+00  2.52791797e+00  1.25780267e+00  2.93444595e-01
 -1.00705315e+00  2.60900567e+00  8.24343707e-01 -2.24160169e+00
  2.73576290e-03  1.72416510e+00  1.07380349e+00 -6.39333862e-01
 -2.31329986e+00  2.43456216e+00  2.02089490e+00  1.66581439e+00
  2.25772155e+00  1.84934735e+00 -2.09220201e+00 -2.84338423e+00
  5.33115725e-01  1.38784002e+00 -2.43311949e+00 -1.32059450e+00
  2.43483474e+00  1.28966774e+00  1.98535543e-02 -1.74618338e+00
 -1.55072438e+00  1.97986622e+00  1.47647654e+00 -8.04054621e-01
 -1.30976949e-01 -4.55707356e-01 -1.88262602e-01  2.41100679e+00
 -5.49433261e-01 -6.39062768e-01  1.04796152e+00 -2.29613681e+00
  1.00156055e+00  2.56288573e+00 -4.82948828e-01  2.12353366e+00
 -1.96962857e+00 -8.77813381e-01 -2.41259040e+00 -2.29019256e+00
 -1.42104714e+00 -2.91420114e+00  1.57001499e+00  1.80149737e+00
  1.64428165e+00  1.01535061e+00  1.41453944e+00 -2.31230429e+00
 -2.69526586e+00  1.71542450e+00  9.98638797e-01 -3.86553916e-01
 -2.63236968e+00  1.55197804e+00 -1.24154174e+00 -2.48840698e+00
  4.52065482e-02]
Thu Jun 13 22:21:45 2024,478,0.10088417843698053,[-2.85368347e+00  2.12191883e+00 -1.64551867e+00  1.14269700e-01
  4.73574245e-01 -3.21827360e+00  3.25142230e+00  2.09890148e+00
  1.05085681e+00 -9.98448531e-01  5.81104230e-01  1.30661460e+00
  1.32621891e+00 -1.88011804e+00  7.85172977e-01  2.87991630e+00
 -4.01313798e-01 -4.38896568e-01 -1.91972132e+00  8.00820500e-01
  1.61657122e+00  2.91550143e+00 -1.41221643e+00 -4.11378123e-01
 -2.17895432e+00 -2.09204613e+00  3.13291689e+00  2.78115807e+00
 -7.43638067e-01 -2.64649495e+00  1.52916494e+00 -2.24601900e-01
 -2.41407117e+00  1.86765418e+00  1.12405353e+00 -6.23602143e-01
  1.11621311e+00 -2.01220879e+00 -2.25024542e-01  2.26891670e+00
 -2.52324031e-01  5.16258508e-01  2.40442471e+00  5.58189985e-01
  2.66030535e+00  2.89416181e+00  2.82458668e+00 -2.93837987e+00
  2.81547925e-01 -3.77023813e-01  1.71305625e+00  2.97592422e+00
 -3.73574375e-01 -2.38773780e+00  2.69849797e+00 -3.18725062e+00
  5.74174450e-01 -6.78714794e-01 -1.73151051e+00  3.11314183e+00
 -1.94375757e+00 -1.66004199e+00 -2.56204760e+00  2.36344600e+00
 -2.15552570e+00  1.96036022e+00  1.74925850e+00  1.47396097e+00
  2.49793869e+00  2.89622227e+00  1.96975927e+00  1.47449242e+00
 -1.77101859e+00 -2.36903698e+00  1.16409610e+00  5.81568778e-01
  1.58101658e+00 -2.81380168e+00 -9.79138466e-02  2.54317641e+00
 -1.16075976e+00  1.19469502e+00  1.23573035e+00  6.12928630e-01
 -9.73145007e-01  1.12280928e+00  8.03311784e-01 -3.88994968e-01
  2.81388712e+00 -2.15207672e+00  1.56201845e+00 -6.41826697e-01
  9.81424489e-01 -3.23205003e+00 -2.22442697e+00  3.60488656e-01
 -1.10094174e+00 -4.20843147e-01  2.79510867e-01  6.02129010e-02
 -1.80064301e+00 -1.89084611e-01 -6.53626071e-01  2.87473903e+00
 -1.10686537e+00 -1.19288540e+00 -1.13933151e+00  1.27200126e+00
  1.63110210e+00 -8.19425818e-01  2.11301750e+00 -1.53609995e+00
 -2.36423779e-01 -8.99430397e-01 -2.94087874e+00  3.09388406e+00
 -1.75646533e+00  3.03949847e+00 -1.36843831e+00 -2.41937685e+00
  3.70763926e+00 -1.20304267e+00 -6.54604565e-01 -3.01977988e+00
 -2.51046311e+00  2.99064868e+00 -1.97151937e+00 -1.67589701e+00
 -4.17870128e-01  2.97098503e+00  1.57666259e-01  1.99472247e-02
 -1.60406482e+00 -1.52125433e-01 -1.60201803e+00 -3.09749531e+00
  2.91236874e+00  1.17450773e+00 -3.27367706e-01 -2.33587922e+00
  1.00818155e+00 -1.17770773e+00 -2.68682740e-01 -2.15203853e+00
 -1.90963897e+00  1.79223473e+00 -9.66912660e-01  2.55430846e+00
 -4.36665644e-01 -3.09373254e+00 -2.81867160e+00  2.01553898e+00
 -3.07465285e+00 -2.41975386e-01 -1.02995774e+00 -1.76854176e-01
  2.37028886e+00  1.72876395e+00 -2.19528097e-01 -1.82716309e+00
 -3.02361178e+00  1.30572093e-01 -8.23459384e-01  1.47613117e+00
 -2.51850220e+00  9.79958176e-01 -7.86567203e-02  1.96428913e-01
  1.99940672e+00  7.17870932e-01  7.79817749e-01 -1.23807580e+00
  1.63211830e+00  2.52634590e+00  1.25937474e+00  2.91872526e-01
 -1.00862522e+00  2.60743360e+00  8.22771638e-01 -2.24317376e+00
  1.16369383e-03  1.72259303e+00  1.07223143e+00 -6.40905931e-01
 -2.31487193e+00  2.43613423e+00  2.02246697e+00  1.66424232e+00
  2.25929362e+00  1.84777528e+00 -2.09062994e+00 -2.84181216e+00
  5.34687794e-01  1.38941209e+00 -2.43469156e+00 -1.32216657e+00
  2.43326267e+00  1.29123981e+00  2.14256234e-02 -1.74775545e+00
 -1.54915231e+00  1.98143829e+00  1.47490448e+00 -8.02482551e-01
 -1.32549018e-01 -4.57279425e-01 -1.89834671e-01  2.40943472e+00
 -5.51005330e-01 -6.40634837e-01  1.04953359e+00 -2.29770888e+00
  1.00313262e+00  2.56131366e+00 -4.84520897e-01  2.12510573e+00
 -1.97120064e+00 -8.76241312e-01 -2.41101833e+00 -2.28862049e+00
 -1.41947507e+00 -2.91262907e+00  1.57158706e+00  1.80306943e+00
  1.64270959e+00  1.01377854e+00  1.41611151e+00 -2.31073222e+00
 -2.69683793e+00  1.71385243e+00  9.97066728e-01 -3.88125985e-01
 -2.63394175e+00  1.55355011e+00 -1.23996967e+00 -2.48997905e+00
  4.67786173e-02]
Thu Jun 13 22:22:01 2024,479,0.10082581591051235,[-2.85459121e+00  2.12282656e+00 -1.64461093e+00  1.15177436e-01
  4.74481982e-01 -3.21918133e+00  3.25051456e+00  2.09799374e+00
  1.05176454e+00 -9.97540794e-01  5.80196493e-01  1.30570687e+00
  1.32531118e+00 -1.87921030e+00  7.86080713e-01  2.88082403e+00
 -4.00406061e-01 -4.39804305e-01 -1.91881358e+00  8.01728237e-01
  1.61747896e+00  2.91459370e+00 -1.41130870e+00 -4.10470387e-01
 -2.17804659e+00 -2.09113839e+00  3.13382463e+00  2.78206581e+00
 -7.42730330e-01 -2.64558721e+00  1.53007267e+00 -2.23694163e-01
 -2.41497891e+00  1.86674644e+00  1.12314579e+00 -6.24509880e-01
  1.11712085e+00 -2.01311652e+00 -2.25932279e-01  2.26800897e+00
 -2.51416295e-01  5.17166245e-01  2.40533245e+00  5.57282248e-01
  2.65939761e+00  2.89506955e+00  2.82367894e+00 -2.93747214e+00
  2.80640188e-01 -3.77931549e-01  1.71396398e+00  2.97501648e+00
 -3.74482112e-01 -2.38683007e+00  2.69759023e+00 -3.18634288e+00
  5.75082186e-01 -6.79622530e-01 -1.73241824e+00  3.11404956e+00
 -1.94466531e+00 -1.66094973e+00 -2.56113987e+00  2.36253827e+00
 -2.15461796e+00  1.96126796e+00  1.74835077e+00  1.47305324e+00
  2.49703095e+00  2.89713001e+00  1.96885153e+00  1.47358469e+00
 -1.77011085e+00 -2.36994472e+00  1.16500384e+00  5.82476515e-01
  1.58192432e+00 -2.81470942e+00 -9.88215832e-02  2.54226867e+00
 -1.15985203e+00  1.19378728e+00  1.23482262e+00  6.13836367e-01
 -9.72237270e-01  1.12371702e+00  8.02404047e-01 -3.89902705e-01
  2.81297939e+00 -2.15116899e+00  1.56111072e+00 -6.42734434e-01
  9.82332225e-01 -3.23114229e+00 -2.22351923e+00  3.61396393e-01
 -1.10184948e+00 -4.19935410e-01  2.80418604e-01  5.93051643e-02
 -1.80155075e+00 -1.88176875e-01 -6.54533808e-01  2.87383129e+00
 -1.10777311e+00 -1.19197766e+00 -1.14023925e+00  1.27109352e+00
  1.63019436e+00 -8.20333554e-01  2.11392524e+00 -1.53519221e+00
 -2.37331516e-01 -8.98522661e-01 -2.94178648e+00  3.09297633e+00
 -1.75737306e+00  3.03859073e+00 -1.36753057e+00 -2.41846911e+00
  3.70854700e+00 -1.20395040e+00 -6.55512302e-01 -3.01887214e+00
 -2.51137085e+00  2.98974095e+00 -1.97061164e+00 -1.67498927e+00
 -4.18777865e-01  2.97007729e+00  1.56758522e-01  1.90394880e-02
 -1.60315708e+00 -1.51217696e-01 -1.60292577e+00 -3.09840305e+00
  2.91327648e+00  1.17541547e+00 -3.28275442e-01 -2.33497149e+00
  1.00908928e+00 -1.17861546e+00 -2.69590477e-01 -2.15294626e+00
 -1.90873124e+00  1.79314247e+00 -9.67820397e-01  2.55521620e+00
 -4.35757907e-01 -3.09282480e+00 -2.81776387e+00  2.01463125e+00
 -3.07374511e+00 -2.41067650e-01 -1.03086548e+00 -1.77761913e-01
  2.36938112e+00  1.72967169e+00 -2.20435834e-01 -1.82625535e+00
 -3.02451952e+00  1.31479829e-01 -8.24367121e-01  1.47703891e+00
 -2.51759446e+00  9.79050439e-01 -7.95644569e-02  1.95521177e-01
  2.00031445e+00  7.16963196e-01  7.78910012e-01 -1.23716806e+00
  1.63302604e+00  2.52543817e+00  1.26028247e+00  2.92780263e-01
 -1.00953295e+00  2.60834134e+00  8.21863901e-01 -2.24226602e+00
  2.07143053e-03  1.72350077e+00  1.07132369e+00 -6.39998194e-01
 -2.31577967e+00  2.43522650e+00  2.02337471e+00  1.66515005e+00
  2.25838588e+00  1.84686755e+00 -2.08972221e+00 -2.84271989e+00
  5.33780057e-01  1.39031983e+00 -2.43378382e+00 -1.32125883e+00
  2.43235493e+00  1.29033207e+00  2.05178867e-02 -1.74684771e+00
 -1.55006005e+00  1.98053056e+00  1.47399674e+00 -8.01574815e-01
 -1.31641282e-01 -4.58187162e-01 -1.90742407e-01  2.40852699e+00
 -5.51913067e-01 -6.39727100e-01  1.05044133e+00 -2.29861661e+00
  1.00222488e+00  2.56040593e+00 -4.83613160e-01  2.12419799e+00
 -1.97210838e+00 -8.75333576e-01 -2.41192607e+00 -2.28952823e+00
 -1.42038281e+00 -2.91172133e+00  1.57249479e+00  1.80397717e+00
  1.64361732e+00  1.01468628e+00  1.41701924e+00 -2.30982449e+00
 -2.69593019e+00  1.71294470e+00  9.96158991e-01 -3.87218248e-01
 -2.63303402e+00  1.55445785e+00 -1.23906194e+00 -2.48907131e+00
  4.58708806e-02]
Thu Jun 13 22:22:40 2024,480,0.10071356475076003,[-2.85338696e+00  2.12162232e+00 -1.64581518e+00  1.13973192e-01
  4.75686227e-01 -3.21797709e+00  3.25171881e+00  2.09678950e+00
  1.05056030e+00 -9.96336550e-01  5.81400738e-01  1.30691111e+00
  1.32651542e+00 -1.88041455e+00  7.84876469e-01  2.87961979e+00
 -4.01610305e-01 -4.38600060e-01 -1.92001783e+00  8.02932481e-01
  1.61868320e+00  2.91338945e+00 -1.41251294e+00 -4.09266142e-01
 -2.17925083e+00 -2.09234263e+00  3.13502887e+00  2.78086156e+00
 -7.41526085e-01 -2.64679146e+00  1.53127692e+00 -2.24898408e-01
 -2.41618315e+00  1.86554220e+00  1.12194155e+00 -6.25714124e-01
  1.11591660e+00 -2.01432077e+00 -2.24728035e-01  2.26680472e+00
 -2.52620539e-01  5.15962000e-01  2.40412820e+00  5.58486493e-01
  2.66060185e+00  2.89386531e+00  2.82247469e+00 -2.93626789e+00
  2.81844433e-01 -3.79135794e-01  1.71516823e+00  2.97622072e+00
 -3.75686356e-01 -2.38803431e+00  2.69879447e+00 -3.18754712e+00
  5.76286431e-01 -6.80826775e-01 -1.73121400e+00  3.11284532e+00
 -1.94346106e+00 -1.65974548e+00 -2.56234411e+00  2.36374251e+00
 -2.15341372e+00  1.96006372e+00  1.74955501e+00  1.47425748e+00
  2.49823520e+00  2.89833425e+00  1.96764729e+00  1.47478893e+00
 -1.77131510e+00 -2.37114896e+00  1.16379960e+00  5.81272270e-01
  1.58312856e+00 -2.81591366e+00 -9.76173387e-02  2.54347291e+00
 -1.16105627e+00  1.19258304e+00  1.23361837e+00  6.12632122e-01
 -9.71033026e-01  1.12251278e+00  8.01199802e-01 -3.91106949e-01
  2.81177514e+00 -2.14996474e+00  1.55990647e+00 -6.43938678e-01
  9.83536470e-01 -3.22993805e+00 -2.22472348e+00  3.62600638e-01
 -1.10064523e+00 -4.21139655e-01  2.79214360e-01  6.05094089e-02
 -1.80034650e+00 -1.86972630e-01 -6.53329563e-01  2.87262705e+00
 -1.10656886e+00 -1.19318190e+00 -1.13903500e+00  1.26988928e+00
  1.63139860e+00 -8.19129310e-01  2.11512948e+00 -1.53398797e+00
 -2.36127272e-01 -8.99726905e-01 -2.94058224e+00  3.09418057e+00
 -1.75857731e+00  3.03738649e+00 -1.36873482e+00 -2.41726487e+00
  3.70975124e+00 -1.20274616e+00 -6.56716546e-01 -3.01766789e+00
 -2.51257510e+00  2.98853670e+00 -1.97181588e+00 -1.67619352e+00
 -4.19982110e-01  2.96887305e+00  1.55554278e-01  1.78352435e-02
 -1.60195284e+00 -1.52421941e-01 -1.60172152e+00 -3.09719881e+00
  2.91207223e+00  1.17421123e+00 -3.29479687e-01 -2.33617573e+00
  1.00788504e+00 -1.17981971e+00 -2.68386232e-01 -2.15415051e+00
 -1.90752699e+00  1.79193822e+00 -9.66616152e-01  2.55401195e+00
 -4.36962152e-01 -3.09162056e+00 -2.81655962e+00  2.01342700e+00
 -3.07494936e+00 -2.42271894e-01 -1.03206972e+00 -1.78966157e-01
  2.36817687e+00  1.72846744e+00 -2.21640078e-01 -1.82745960e+00
 -3.02331527e+00  1.32684074e-01 -8.23162877e-01  1.47824315e+00
 -2.51879870e+00  9.80254683e-01 -7.83602124e-02  1.96725421e-01
  2.00151870e+00  7.15758951e-01  7.80114257e-01 -1.23837231e+00
  1.63423028e+00  2.52664241e+00  1.25907823e+00  2.91576018e-01
 -1.01073720e+00  2.60954558e+00  8.23068146e-01 -2.24347027e+00
  8.67185990e-04  1.72229653e+00  1.07011944e+00 -6.41202439e-01
 -2.31698391e+00  2.43643074e+00  2.02217046e+00  1.66394581e+00
  2.25718164e+00  1.84807179e+00 -2.09092645e+00 -2.84392414e+00
  5.32575813e-01  1.39152407e+00 -2.43257958e+00 -1.32005458e+00
  2.43355918e+00  1.29153632e+00  1.93136422e-02 -1.74805196e+00
 -1.54885581e+00  1.97932631e+00  1.47279249e+00 -8.00370570e-01
 -1.30437037e-01 -4.59391406e-01 -1.89538163e-01  2.40732274e+00
 -5.50708823e-01 -6.40931345e-01  1.05164557e+00 -2.29741237e+00
  1.00342913e+00  2.55920168e+00 -4.84817405e-01  2.12299375e+00
 -1.97090413e+00 -8.76537820e-01 -2.41072182e+00 -2.29073247e+00
 -1.42158705e+00 -2.91051708e+00  1.57129055e+00  1.80518142e+00
  1.64241308e+00  1.01589052e+00  1.41581500e+00 -2.30862024e+00
 -2.69472595e+00  1.71414894e+00  9.94954747e-01 -3.86014003e-01
 -2.63182977e+00  1.55566209e+00 -1.23785769e+00 -2.49027556e+00
  4.46666360e-02]
Thu Jun 13 22:22:55 2024,481,0.10068458135355822,[-2.85433171e+00  2.12067757e+00 -1.64487043e+00  1.13028443e-01
  4.74741477e-01 -3.21892184e+00  3.25077406e+00  2.09584475e+00
  1.04961555e+00 -9.95391801e-01  5.82345487e-01  1.30596636e+00
  1.32557067e+00 -1.87946980e+00  7.83931720e-01  2.87867504e+00
 -4.00665556e-01 -4.39544809e-01 -1.92096258e+00  8.01987732e-01
  1.61773845e+00  2.91433420e+00 -1.41345769e+00 -4.10210891e-01
 -2.17830608e+00 -2.09139789e+00  3.13408412e+00  2.78180631e+00
 -7.42470834e-01 -2.64773621e+00  1.53222167e+00 -2.23953659e-01
 -2.41712790e+00  1.86459745e+00  1.12099680e+00 -6.26658873e-01
  1.11686135e+00 -2.01526552e+00 -2.23783286e-01  2.26585997e+00
 -2.53565288e-01  5.15017251e-01  2.40507295e+00  5.57541743e-01
  2.65965710e+00  2.89292056e+00  2.82152995e+00 -2.93721264e+00
  2.80899683e-01 -3.80080543e-01  1.71611298e+00  2.97527598e+00
 -3.76631105e-01 -2.38708956e+00  2.69973922e+00 -3.18849187e+00
  5.77231180e-01 -6.81771524e-01 -1.73026925e+00  3.11379007e+00
 -1.94251631e+00 -1.65880073e+00 -2.56328886e+00  2.36279776e+00
 -2.15435847e+00  1.95911897e+00  1.74861026e+00  1.47331273e+00
  2.49917995e+00  2.89927900e+00  1.96859204e+00  1.47384418e+00
 -1.77225985e+00 -2.37209371e+00  1.16285485e+00  5.80327521e-01
  1.58218382e+00 -2.81496891e+00 -9.66725896e-02  2.54441766e+00
 -1.16200102e+00  1.19163829e+00  1.23267362e+00  6.11687373e-01
 -9.71977775e-01  1.12345753e+00  8.02144551e-01 -3.92051698e-01
  2.81271989e+00 -2.14901999e+00  1.56085122e+00 -6.42993929e-01
  9.84481219e-01 -3.22899330e+00 -2.22566823e+00  3.61655888e-01
 -1.10158998e+00 -4.20194906e-01  2.80159109e-01  6.14541580e-02
 -1.79940175e+00 -1.86027881e-01 -6.54274312e-01  2.87168230e+00
 -1.10751361e+00 -1.19223715e+00 -1.13809025e+00  1.27083403e+00
  1.63045385e+00 -8.20074059e-01  2.11418473e+00 -1.53493272e+00
 -2.35182522e-01 -9.00671654e-01 -2.94152699e+00  3.09512532e+00
 -1.75952206e+00  3.03833124e+00 -1.36967957e+00 -2.41632012e+00
  3.71069599e+00 -1.20369091e+00 -6.57661296e-01 -3.01672315e+00
 -2.51163035e+00  2.98759195e+00 -1.97087113e+00 -1.67524877e+00
 -4.19037361e-01  2.96981780e+00  1.56499027e-01  1.68904943e-02
 -1.60289759e+00 -1.53366690e-01 -1.60077677e+00 -3.09625406e+00
  2.91301698e+00  1.17515597e+00 -3.30424436e-01 -2.33712048e+00
  1.00882979e+00 -1.18076446e+00 -2.69330981e-01 -2.15320576e+00
 -1.90847174e+00  1.79288297e+00 -9.65671403e-01  2.55306720e+00
 -4.36017403e-01 -3.09256531e+00 -2.81750437e+00  2.01248225e+00
 -3.07589411e+00 -2.41327145e-01 -1.03301447e+00 -1.79910907e-01
  2.36912162e+00  1.72941219e+00 -2.22584827e-01 -1.82840434e+00
 -3.02237052e+00  1.33628823e-01 -8.24107626e-01  1.47729840e+00
 -2.51974345e+00  9.79309934e-01 -7.93049615e-02  1.97670170e-01
  2.00057395e+00  7.14814202e-01  7.81059006e-01 -1.23742756e+00
  1.63328553e+00  2.52569766e+00  1.26002298e+00  2.90631269e-01
 -1.00979245e+00  2.61049033e+00  8.24012895e-01 -2.24441502e+00
 -7.75631258e-05  1.72324127e+00  1.06917470e+00 -6.40257689e-01
 -2.31603916e+00  2.43548599e+00  2.02122572e+00  1.66300106e+00
  2.25812639e+00  1.84712704e+00 -2.08998170e+00 -2.84486889e+00
  5.31631063e-01  1.39057932e+00 -2.43163483e+00 -1.31910984e+00
  2.43261443e+00  1.29248107e+00  2.02583913e-02 -1.74899671e+00
 -1.54791106e+00  1.97838156e+00  1.47373724e+00 -7.99425821e-01
 -1.31381786e-01 -4.60336156e-01 -1.88593414e-01  2.40826749e+00
 -5.49764073e-01 -6.41876094e-01  1.05070082e+00 -2.29646762e+00
  1.00437388e+00  2.55825693e+00 -4.83872655e-01  2.12204900e+00
 -1.96995938e+00 -8.75593071e-01 -2.40977707e+00 -2.29167722e+00
 -1.42253180e+00 -2.90957234e+00  1.57223530e+00  1.80612616e+00
  1.64146833e+00  1.01683527e+00  1.41675975e+00 -2.30767549e+00
 -2.69567070e+00  1.71320419e+00  9.94009998e-01 -3.86958753e-01
 -2.63088502e+00  1.55471734e+00 -1.23880244e+00 -2.48933081e+00
  4.37218869e-02]
Thu Jun 13 22:23:29 2024,482,0.1006611361804921,[-2.85495916e+00  2.12130501e+00 -1.64549787e+00  1.13655885e-01
  4.75368920e-01 -3.21954928e+00  3.25014661e+00  2.09647219e+00
  1.05024299e+00 -9.94764358e-01  5.82972930e-01  1.30533892e+00
  1.32619811e+00 -1.87884235e+00  7.83304277e-01  2.87930248e+00
 -4.01292999e-01 -4.40172252e-01 -1.92033514e+00  8.01360289e-01
  1.61836590e+00  2.91370676e+00 -1.41408513e+00 -4.09583449e-01
 -2.17767864e+00 -2.09077044e+00  3.13471156e+00  2.78117887e+00
 -7.43098277e-01 -2.64836365e+00  1.53284911e+00 -2.23326216e-01
 -2.41775534e+00  1.86522489e+00  1.12036935e+00 -6.26031431e-01
  1.11748879e+00 -2.01589296e+00 -2.24410728e-01  2.26648741e+00
 -2.52937846e-01  5.15644694e-01  2.40570039e+00  5.58169186e-01
  2.65902966e+00  2.89354800e+00  2.82090250e+00 -2.93784009e+00
  2.80272241e-01 -3.79453100e-01  1.71548554e+00  2.97464853e+00
 -3.77258548e-01 -2.38771701e+00  2.70036667e+00 -3.18786443e+00
  5.77858623e-01 -6.81144081e-01 -1.73089669e+00  3.11316263e+00
 -1.94314376e+00 -1.65942818e+00 -2.56266142e+00  2.36342521e+00
 -2.15373102e+00  1.95974641e+00  1.74923770e+00  1.47394018e+00
  2.49855250e+00  2.89865156e+00  1.96796460e+00  1.47447163e+00
 -1.77288729e+00 -2.37146627e+00  1.16222740e+00  5.79700078e-01
  1.58281126e+00 -2.81434147e+00 -9.73000323e-02  2.54379022e+00
 -1.16137358e+00  1.19226573e+00  1.23204618e+00  6.11059930e-01
 -9.71350332e-01  1.12408497e+00  8.01517109e-01 -3.92679141e-01
  2.81334733e+00 -2.14964744e+00  1.56147866e+00 -6.42366487e-01
  9.85108662e-01 -3.22836586e+00 -2.22629567e+00  3.62283331e-01
 -1.10096254e+00 -4.20822349e-01  2.80786551e-01  6.08267153e-02
 -1.80002920e+00 -1.86655324e-01 -6.54901755e-01  2.87230974e+00
 -1.10688617e+00 -1.19286460e+00 -1.13746281e+00  1.27020658e+00
  1.63108130e+00 -8.20701502e-01  2.11481218e+00 -1.53430528e+00
 -2.34555080e-01 -9.01299097e-01 -2.94089954e+00  3.09449788e+00
 -1.76014950e+00  3.03895868e+00 -1.36905213e+00 -2.41569267e+00
  3.71132343e+00 -1.20431835e+00 -6.57033853e-01 -3.01735059e+00
 -2.51100290e+00  2.98696451e+00 -1.97024369e+00 -1.67587621e+00
 -4.18409918e-01  2.97044524e+00  1.55871584e-01  1.62630516e-02
 -1.60227015e+00 -1.53994133e-01 -1.60140422e+00 -3.09562661e+00
  2.91364443e+00  1.17578342e+00 -3.29796993e-01 -2.33649304e+00
  1.00945723e+00 -1.18139190e+00 -2.68703538e-01 -2.15383320e+00
 -1.90784430e+00  1.79351041e+00 -9.65043960e-01  2.55243976e+00
 -4.36644845e-01 -3.09319275e+00 -2.81687693e+00  2.01185481e+00
 -3.07526666e+00 -2.41954588e-01 -1.03238703e+00 -1.80538349e-01
  2.36849418e+00  1.72878475e+00 -2.23212270e-01 -1.82903179e+00
 -3.02174308e+00  1.34256266e-01 -8.23480183e-01  1.47792585e+00
 -2.51911601e+00  9.78682492e-01 -7.86775188e-02  1.97042728e-01
  2.00120139e+00  7.14186759e-01  7.80431563e-01 -1.23805500e+00
  1.63265809e+00  2.52632510e+00  1.25939554e+00  2.91258712e-01
 -1.00916501e+00  2.60986289e+00  8.23385452e-01 -2.24504246e+00
 -7.05005841e-04  1.72386872e+00  1.06980214e+00 -6.39630247e-01
 -2.31541172e+00  2.43611343e+00  2.02185316e+00  1.66362850e+00
  2.25875383e+00  1.84775449e+00 -2.08935426e+00 -2.84549633e+00
  5.31003621e-01  1.39120676e+00 -2.43226227e+00 -1.31848239e+00
  2.43198699e+00  1.29185363e+00  2.08858340e-02 -1.74962415e+00
 -1.54728361e+00  1.97775412e+00  1.47436469e+00 -8.00053264e-01
 -1.32009229e-01 -4.59708713e-01 -1.89220857e-01  2.40889493e+00
 -5.49136631e-01 -6.42503537e-01  1.05132826e+00 -2.29584018e+00
  1.00374643e+00  2.55762949e+00 -4.84500098e-01  2.12267644e+00
 -1.96933194e+00 -8.74965628e-01 -2.40914963e+00 -2.29230467e+00
 -1.42315924e+00 -2.90894489e+00  1.57160785e+00  1.80675361e+00
  1.64209577e+00  1.01620783e+00  1.41613231e+00 -2.30704805e+00
 -2.69629814e+00  1.71383163e+00  9.94637440e-01 -3.87586195e-01
 -2.63151247e+00  1.55408990e+00 -1.23817500e+00 -2.48870336e+00
  4.30944442e-02]
Thu Jun 13 22:23:49 2024,483,0.1006449964334765,[-2.85538295e+00  2.12172880e+00 -1.64507408e+00  1.14079677e-01
  4.75792712e-01 -3.21997307e+00  3.24972282e+00  2.09689598e+00
  1.05066678e+00 -9.95188150e-01  5.82549138e-01  1.30576271e+00
  1.32662191e+00 -1.87841856e+00  7.83728069e-01  2.87972627e+00
 -4.00869207e-01 -4.40596043e-01 -1.92075893e+00  8.01784081e-01
  1.61794211e+00  2.91413055e+00 -1.41366134e+00 -4.10007240e-01
 -2.17725485e+00 -2.09034665e+00  3.13513536e+00  2.78160266e+00
 -7.42674485e-01 -2.64878744e+00  1.53327290e+00 -2.23750008e-01
 -2.41817913e+00  1.86564868e+00  1.12079315e+00 -6.25607639e-01
  1.11706500e+00 -2.01631675e+00 -2.23986937e-01  2.26691121e+00
 -2.53361637e-01  5.15220902e-01  2.40527660e+00  5.58592978e-01
  2.65860587e+00  2.89397179e+00  2.82132629e+00 -2.93741629e+00
  2.79848449e-01 -3.79029309e-01  1.71590933e+00  2.97422474e+00
 -3.77682340e-01 -2.38729321e+00  2.70079046e+00 -3.18828822e+00
  5.77434831e-01 -6.80720290e-01 -1.73132049e+00  3.11273883e+00
 -1.94271996e+00 -1.65900439e+00 -2.56223763e+00  2.36300141e+00
 -2.15415481e+00  1.95932262e+00  1.74881391e+00  1.47436397e+00
  2.49897630e+00  2.89907535e+00  1.96754080e+00  1.47404783e+00
 -1.77331108e+00 -2.37104248e+00  1.16265120e+00  5.80123870e-01
  1.58323505e+00 -2.81391768e+00 -9.68762407e-02  2.54421401e+00
 -1.16179737e+00  1.19184194e+00  1.23246997e+00  6.11483722e-01
 -9.71774124e-01  1.12450876e+00  8.01093317e-01 -3.93102933e-01
  2.81292354e+00 -2.14922364e+00  1.56190246e+00 -6.42790278e-01
  9.85532453e-01 -3.22794206e+00 -2.22587188e+00  3.62707123e-01
 -1.10053875e+00 -4.21246140e-01  2.80362760e-01  6.12505069e-02
 -1.79960541e+00 -1.87079115e-01 -6.54477963e-01  2.87188595e+00
 -1.10730996e+00 -1.19328839e+00 -1.13703902e+00  1.26978279e+00
  1.63065751e+00 -8.20277710e-01  2.11523597e+00 -1.53472907e+00
 -2.34978871e-01 -9.00875306e-01 -2.94047575e+00  3.09407409e+00
 -1.76057329e+00  3.03853489e+00 -1.36862833e+00 -2.41526888e+00
  3.71089964e+00 -1.20474214e+00 -6.56610061e-01 -3.01692680e+00
 -2.51142670e+00  2.98654072e+00 -1.96981990e+00 -1.67630000e+00
 -4.18833709e-01  2.97086903e+00  1.55447792e-01  1.66868433e-02
 -1.60184636e+00 -1.54417924e-01 -1.60182801e+00 -3.09605041e+00
  2.91322063e+00  1.17535963e+00 -3.29373202e-01 -2.33606924e+00
  1.00903344e+00 -1.18096811e+00 -2.68279747e-01 -2.15425699e+00
 -1.90826809e+00  1.79393421e+00 -9.65467752e-01  2.55286355e+00
 -4.36221054e-01 -3.09361654e+00 -2.81645314e+00  2.01227860e+00
 -3.07484287e+00 -2.41530796e-01 -1.03196324e+00 -1.80962141e-01
  2.36891797e+00  1.72920854e+00 -2.23636062e-01 -1.82860800e+00
 -3.02131929e+00  1.33832474e-01 -8.23903975e-01  1.47750205e+00
 -2.51869222e+00  9.78258700e-01 -7.91013104e-02  1.97466519e-01
  2.00162518e+00  7.13762968e-01  7.80855355e-01 -1.23763121e+00
  1.63223430e+00  2.52590131e+00  1.25981933e+00  2.91682503e-01
 -1.00958880e+00  2.60943910e+00  8.22961661e-01 -2.24546625e+00
 -2.81214222e-04  1.72429251e+00  1.06937835e+00 -6.39206455e-01
 -2.31583551e+00  2.43568964e+00  2.02142937e+00  1.66405229e+00
  2.25833004e+00  1.84733069e+00 -2.08893047e+00 -2.84592012e+00
  5.30579829e-01  1.39163056e+00 -2.43268606e+00 -1.31805860e+00
  2.43241078e+00  1.29227742e+00  2.13096256e-02 -1.74920036e+00
 -1.54770741e+00  1.97817791e+00  1.47478848e+00 -7.99629472e-01
 -1.32433020e-01 -4.59284921e-01 -1.89644648e-01  2.40847114e+00
 -5.49560422e-01 -6.42079745e-01  1.05090447e+00 -2.29626397e+00
  1.00332264e+00  2.55805328e+00 -4.84923890e-01  2.12310023e+00
 -1.96890815e+00 -8.75389420e-01 -2.40872584e+00 -2.29188087e+00
 -1.42358303e+00 -2.90936868e+00  1.57118406e+00  1.80717740e+00
  1.64251956e+00  1.01663162e+00  1.41655610e+00 -2.30747184e+00
 -2.69672193e+00  1.71425543e+00  9.95061232e-01 -3.87162404e-01
 -2.63193626e+00  1.55366611e+00 -1.23859879e+00 -2.48912716e+00
  4.35182358e-02]
Thu Jun 13 22:24:10 2024,484,0.1006042980377773,[-2.85636231e+00  2.12270816e+00 -1.64409472e+00  1.13100319e-01
  4.74813354e-01 -3.21899372e+00  3.25070218e+00  2.09787534e+00
  1.04968743e+00 -9.94208791e-01  5.81569780e-01  1.30478335e+00
  1.32564255e+00 -1.87743920e+00  7.84707427e-01  2.87874692e+00
 -3.99889849e-01 -4.39616685e-01 -1.91977957e+00  8.02763439e-01
  1.61892146e+00  2.91510991e+00 -1.41268198e+00 -4.09027882e-01
 -2.17627549e+00 -2.09132601e+00  3.13611471e+00  2.78062330e+00
 -7.41695127e-01 -2.64780808e+00  1.53425226e+00 -2.24729366e-01
 -2.41915849e+00  1.86662804e+00  1.11981379e+00 -6.26586997e-01
  1.11804436e+00 -2.01533739e+00 -2.24966295e-01  2.26789056e+00
 -2.54340995e-01  5.14241544e-01  2.40625596e+00  5.59572336e-01
  2.65958523e+00  2.89299243e+00  2.82230565e+00 -2.93643694e+00
  2.78869091e-01 -3.78049951e-01  1.71492997e+00  2.97324538e+00
 -3.78661698e-01 -2.38827257e+00  2.70176981e+00 -3.18730886e+00
  5.76455473e-01 -6.79740932e-01 -1.73229984e+00  3.11371819e+00
 -1.94369932e+00 -1.65998374e+00 -2.56125827e+00  2.36398077e+00
 -2.15317546e+00  1.95834326e+00  1.74783456e+00  1.47338461e+00
  2.49995565e+00  2.89809599e+00  1.96852016e+00  1.47502719e+00
 -1.77233172e+00 -2.37006312e+00  1.16363055e+00  5.81103228e-01
  1.58225569e+00 -2.81489704e+00 -9.78555988e-02  2.54519337e+00
 -1.16277673e+00  1.19282130e+00  1.23344933e+00  6.10504364e-01
 -9.70794765e-01  1.12352940e+00  8.02072675e-01 -3.92123575e-01
  2.81194418e+00 -2.15020300e+00  1.56288181e+00 -6.43769636e-01
  9.86511812e-01 -3.22696271e+00 -2.22489252e+00  3.61727765e-01
 -1.09955939e+00 -4.22225498e-01  2.79383402e-01  6.02711488e-02
 -1.80058476e+00 -1.88058473e-01 -6.53498605e-01  2.87090659e+00
 -1.10633060e+00 -1.19230903e+00 -1.13605966e+00  1.27076215e+00
  1.62967815e+00 -8.19298352e-01  2.11425661e+00 -1.53374971e+00
 -2.35958229e-01 -8.99895947e-01 -2.94145511e+00  3.09505344e+00
 -1.76155265e+00  3.03755553e+00 -1.36960769e+00 -2.41428952e+00
  3.70992028e+00 -1.20376279e+00 -6.57589419e-01 -3.01790616e+00
 -2.51044734e+00  2.98752008e+00 -1.96884054e+00 -1.67532065e+00
 -4.19813068e-01  2.96988967e+00  1.56427151e-01  1.76662013e-02
 -1.60282571e+00 -1.55397282e-01 -1.60280737e+00 -3.09702976e+00
  2.91224128e+00  1.17438027e+00 -3.28393844e-01 -2.33508989e+00
  1.00805408e+00 -1.18194747e+00 -2.69259105e-01 -2.15327763e+00
 -1.90728873e+00  1.79295485e+00 -9.64488394e-01  2.55384291e+00
 -4.35241696e-01 -3.09263718e+00 -2.81743249e+00  2.01325796e+00
 -3.07386351e+00 -2.40551438e-01 -1.03098388e+00 -1.79982783e-01
  2.36989733e+00  1.72822918e+00 -2.24615420e-01 -1.82958735e+00
 -3.02033993e+00  1.32853116e-01 -8.22924617e-01  1.47848141e+00
 -2.51967158e+00  9.77279342e-01 -7.81219523e-02  1.96487161e-01
  2.00260454e+00  7.12783610e-01  7.81834713e-01 -1.23861057e+00
  1.63125494e+00  2.52688067e+00  1.25883997e+00  2.90703145e-01
 -1.00860944e+00  2.60845974e+00  8.21982303e-01 -2.24448689e+00
 -1.26057231e-03  1.72331315e+00  1.07035770e+00 -6.40185813e-01
 -2.31681487e+00  2.43666900e+00  2.02045001e+00  1.66503165e+00
  2.25930940e+00  1.84831005e+00 -2.08990982e+00 -2.84689948e+00
  5.29600471e-01  1.39260991e+00 -2.43366542e+00 -1.31903796e+00
  2.43339014e+00  1.29325677e+00  2.03302675e-02 -1.74822100e+00
 -1.54868676e+00  1.97719855e+00  1.47380912e+00 -7.98650114e-01
 -1.33412379e-01 -4.60264279e-01 -1.88665290e-01  2.40749178e+00
 -5.50539780e-01 -6.43059103e-01  1.04992511e+00 -2.29528461e+00
  1.00234328e+00  2.55707392e+00 -4.85903248e-01  2.12407959e+00
 -1.96988751e+00 -8.76368778e-01 -2.40970520e+00 -2.29286023e+00
 -1.42456239e+00 -2.90838933e+00  1.57216342e+00  1.80815676e+00
  1.64154020e+00  1.01761098e+00  1.41557674e+00 -2.30845120e+00
 -2.69574258e+00  1.71523478e+00  9.96040590e-01 -3.88141762e-01
 -2.63095690e+00  1.55464547e+00 -1.23761943e+00 -2.49010651e+00
  4.44975939e-02]
Thu Jun 13 22:24:34 2024,485,0.10029590649138627,[-2.85468549e+00  2.12103135e+00 -1.64577153e+00  1.11423507e-01
  4.76490166e-01 -3.22067053e+00  3.25237899e+00  2.09619853e+00
  1.05136424e+00 -9.95885604e-01  5.79892968e-01  1.30646017e+00
  1.32396574e+00 -1.87911602e+00  7.86384239e-01  2.87707010e+00
 -4.01566661e-01 -4.37939873e-01 -1.91810276e+00  8.01086627e-01
  1.61724465e+00  2.91678672e+00 -1.41435880e+00 -4.10704694e-01
 -2.17795230e+00 -2.09300282e+00  3.13779153e+00  2.78230012e+00
 -7.43371940e-01 -2.64613127e+00  1.53592907e+00 -2.26406178e-01
 -2.41748168e+00  1.86495123e+00  1.12149060e+00 -6.28263809e-01
  1.11972117e+00 -2.01701420e+00 -2.23289483e-01  2.26956738e+00
 -2.52664183e-01  5.12564732e-01  2.40793277e+00  5.61249148e-01
  2.65790842e+00  2.89466924e+00  2.82398246e+00 -2.93476012e+00
  2.77192279e-01 -3.79726763e-01  1.71660678e+00  2.97492220e+00
 -3.76984885e-01 -2.38659576e+00  2.70009300e+00 -3.18898568e+00
  5.74778661e-01 -6.78064120e-01 -1.73062303e+00  3.11204138e+00
 -1.94537613e+00 -1.65830693e+00 -2.55958146e+00  2.36565758e+00
 -2.15149864e+00  1.95666645e+00  1.74615774e+00  1.47506142e+00
  2.49827884e+00  2.89977281e+00  1.96684335e+00  1.47335038e+00
 -1.77400854e+00 -2.37173993e+00  1.16530737e+00  5.79426416e-01
  1.58057888e+00 -2.81322022e+00 -9.95324109e-02  2.54351656e+00
 -1.16109992e+00  1.19449811e+00  1.23512614e+00  6.08827552e-01
 -9.69117953e-01  1.12520621e+00  8.00395863e-01 -3.93800387e-01
  2.81026737e+00 -2.14852619e+00  1.56455863e+00 -6.45446448e-01
  9.88188624e-01 -3.22528589e+00 -2.22321571e+00  3.60050953e-01
 -1.10123620e+00 -4.20548686e-01  2.77706590e-01  6.19479609e-02
 -1.79890795e+00 -1.86381661e-01 -6.51821793e-01  2.86922978e+00
 -1.10465379e+00 -1.19063222e+00 -1.13438285e+00  1.27243896e+00
  1.63135496e+00 -8.17621540e-01  2.11257980e+00 -1.53207290e+00
 -2.34281417e-01 -8.98219135e-01 -2.94313192e+00  3.09673026e+00
 -1.75987584e+00  3.03923234e+00 -1.37128450e+00 -2.41261271e+00
  3.70824347e+00 -1.20208597e+00 -6.55912607e-01 -3.01958297e+00
 -2.50877053e+00  2.98584326e+00 -1.97051735e+00 -1.67699746e+00
 -4.21489880e-01  2.96821286e+00  1.58103963e-01  1.59893892e-02
 -1.60114890e+00 -1.53720470e-01 -1.60448418e+00 -3.09870658e+00
  2.91056446e+00  1.17270346e+00 -3.30070656e-01 -2.33676670e+00
  1.00637727e+00 -1.18027065e+00 -2.67582293e-01 -2.15495445e+00
 -1.90561192e+00  1.79463166e+00 -9.66165206e-01  2.55216610e+00
 -4.33564883e-01 -3.09431400e+00 -2.81910931e+00  2.01158115e+00
 -3.07554033e+00 -2.42228250e-01 -1.03266069e+00 -1.78305971e-01
  2.36822052e+00  1.72655237e+00 -2.26292232e-01 -1.82791054e+00
 -3.01866312e+00  1.34529928e-01 -8.21247804e-01  1.48015822e+00
 -2.51799476e+00  9.78956154e-01 -7.64451402e-02  1.98163973e-01
  2.00092773e+00  7.11106798e-01  7.80157901e-01 -1.24028738e+00
  1.62957813e+00  2.52855748e+00  1.26051678e+00  2.92379957e-01
 -1.00693263e+00  2.60678293e+00  8.20305491e-01 -2.24616370e+00
  4.16239825e-04  1.72163634e+00  1.06868089e+00 -6.38509001e-01
 -2.31849168e+00  2.43499219e+00  2.02212682e+00  1.66335484e+00
  2.25763258e+00  1.84998686e+00 -2.09158664e+00 -2.84522267e+00
  5.27923659e-01  1.39428673e+00 -2.43198861e+00 -1.32071477e+00
  2.43171332e+00  1.29157996e+00  2.20070797e-02 -1.74989781e+00
 -1.54700995e+00  1.97887537e+00  1.47213231e+00 -7.96973302e-01
 -1.31735566e-01 -4.58587467e-01 -1.90342102e-01  2.40581497e+00
 -5.48862968e-01 -6.41382291e-01  1.05160193e+00 -2.29696142e+00
  1.00402010e+00  2.55875073e+00 -4.84226436e-01  2.12575640e+00
 -1.97156432e+00 -8.78045590e-01 -2.41138201e+00 -2.29453704e+00
 -1.42288558e+00 -2.91006614e+00  1.57384023e+00  1.80983357e+00
  1.63986339e+00  1.01928779e+00  1.41725355e+00 -2.31012801e+00
 -2.69741939e+00  1.71691160e+00  9.97717402e-01 -3.89818574e-01
 -2.62928009e+00  1.55296866e+00 -1.23594262e+00 -2.49178333e+00
  4.28207818e-02]
Thu Jun 13 22:24:50 2024,486,0.10021466256704996,[-2.85342887e+00  2.11977473e+00 -1.64451491e+00  1.10166888e-01
  4.75233547e-01 -3.21941391e+00  3.25363561e+00  2.09494191e+00
  1.05262086e+00 -9.97142222e-01  5.81149586e-01  1.30520355e+00
  1.32270912e+00 -1.88037263e+00  7.85127620e-01  2.87832672e+00
 -4.00310043e-01 -4.39196492e-01 -1.91935938e+00  8.02343246e-01
  1.61850127e+00  2.91553010e+00 -1.41310218e+00 -4.09448076e-01
 -2.17920892e+00 -2.09425944e+00  3.13904815e+00  2.78104350e+00
 -7.42115321e-01 -2.64738789e+00  1.53718569e+00 -2.25149559e-01
 -2.41622506e+00  1.86369461e+00  1.12023398e+00 -6.29520428e-01
  1.11846455e+00 -2.01575759e+00 -2.22032864e-01  2.26831076e+00
 -2.51407565e-01  5.11308113e-01  2.40918939e+00  5.59992529e-01
  2.65665180e+00  2.89341263e+00  2.82523908e+00 -2.93601674e+00
  2.78448897e-01 -3.80983381e-01  1.71786340e+00  2.97617881e+00
 -3.78241504e-01 -2.38785238e+00  2.69883638e+00 -3.19024229e+00
  5.76035279e-01 -6.79320738e-01 -1.73187965e+00  3.11078476e+00
 -1.94663275e+00 -1.65956355e+00 -2.55832484e+00  2.36691420e+00
 -2.15275526e+00  1.95792307e+00  1.74741436e+00  1.47631804e+00
  2.49953546e+00  2.89851619e+00  1.96809997e+00  1.47460700e+00
 -1.77526515e+00 -2.37048331e+00  1.16656398e+00  5.78169797e-01
  1.58183550e+00 -2.81196361e+00 -9.82757924e-02  2.54477318e+00
 -1.16235653e+00  1.19324149e+00  1.23386952e+00  6.07570933e-01
 -9.67861335e-01  1.12646283e+00  7.99139245e-01 -3.95057005e-01
  2.80901075e+00 -2.14726957e+00  1.56581524e+00 -6.46703067e-01
  9.89445242e-01 -3.22402928e+00 -2.22447232e+00  3.58794334e-01
 -1.10249282e+00 -4.19292068e-01  2.76449971e-01  6.32045795e-02
 -1.80016457e+00 -1.87638280e-01 -6.53078412e-01  2.87048640e+00
 -1.10339717e+00 -1.19188884e+00 -1.13312623e+00  1.27369558e+00
  1.63261158e+00 -8.18878158e-01  2.11383641e+00 -1.53081628e+00
 -2.35538036e-01 -8.99475754e-01 -2.94187530e+00  3.09798688e+00
 -1.75861922e+00  3.04048896e+00 -1.37254112e+00 -2.41135609e+00
  3.70698685e+00 -1.20334259e+00 -6.57169226e-01 -3.02083959e+00
 -2.51002714e+00  2.98709988e+00 -1.97177397e+00 -1.67825408e+00
 -4.20233261e-01  2.96695624e+00  1.59360581e-01  1.47327707e-02
 -1.60240552e+00 -1.54977089e-01 -1.60574080e+00 -3.09744996e+00
  2.90930785e+00  1.17396007e+00 -3.28814037e-01 -2.33802332e+00
  1.00763389e+00 -1.17901404e+00 -2.68838911e-01 -2.15621107e+00
 -1.90686854e+00  1.79337504e+00 -9.67421825e-01  2.55342272e+00
 -4.32308265e-01 -3.09557061e+00 -2.82036593e+00  2.01032453e+00
 -3.07679694e+00 -2.40971632e-01 -1.03391731e+00 -1.77049352e-01
  2.36696390e+00  1.72780899e+00 -2.27548850e-01 -1.82665392e+00
 -3.01991974e+00  1.33273310e-01 -8.19991186e-01  1.48141484e+00
 -2.51925138e+00  9.77699535e-01 -7.77017587e-02  1.99420592e-01
  1.99967111e+00  7.12363416e-01  7.78901282e-01 -1.24154400e+00
  1.62832151e+00  2.52981410e+00  1.25926016e+00  2.93636576e-01
 -1.00567601e+00  2.60552631e+00  8.21562109e-01 -2.24490709e+00
  1.67285837e-03  1.72037972e+00  1.06742427e+00 -6.37252382e-01
 -2.31723506e+00  2.43373557e+00  2.02087020e+00  1.66209822e+00
  2.25888920e+00  1.84873025e+00 -2.09033002e+00 -2.84647929e+00
  5.26667040e-01  1.39303011e+00 -2.43073199e+00 -1.31945815e+00
  2.43296994e+00  1.29032334e+00  2.32636982e-02 -1.75115443e+00
 -1.54826657e+00  1.98013198e+00  1.47087569e+00 -7.98229921e-01
 -1.30478948e-01 -4.57330849e-01 -1.89085484e-01  2.40455835e+00
 -5.47606350e-01 -6.42638910e-01  1.05034531e+00 -2.29570480e+00
  1.00527672e+00  2.55749412e+00 -4.82969817e-01  2.12701302e+00
 -1.97030770e+00 -8.79302209e-01 -2.41263863e+00 -2.29328043e+00
 -1.42414220e+00 -2.91132276e+00  1.57258361e+00  1.80857695e+00
  1.64112001e+00  1.01803117e+00  1.41851017e+00 -2.30887140e+00
 -2.69616277e+00  1.71565498e+00  9.98974021e-01 -3.91075192e-01
 -2.62802347e+00  1.55422527e+00 -1.23468600e+00 -2.49052671e+00
  4.40774003e-02]
Thu Jun 13 22:25:33 2024,487,0.1001583530041574,[-2.85132559e+00  2.11767144e+00 -1.64241163e+00  1.12270176e-01
  4.77336836e-01 -3.21731062e+00  3.25573890e+00  2.09704520e+00
  1.05051757e+00 -9.99245510e-01  5.79046298e-01  1.30730684e+00
  1.32060583e+00 -1.87826935e+00  7.83024332e-01  2.88043001e+00
 -3.98206755e-01 -4.37093204e-01 -1.91725609e+00  8.00239957e-01
  1.62060456e+00  2.91763339e+00 -1.41099889e+00 -4.07344787e-01
 -2.17710563e+00 -2.09636273e+00  3.14115143e+00  2.78314679e+00
 -7.44218609e-01 -2.64528460e+00  1.53928898e+00 -2.23046271e-01
 -2.41412177e+00  1.86579790e+00  1.12233727e+00 -6.27417140e-01
  1.11636127e+00 -2.01786087e+00 -2.19929576e-01  2.27041405e+00
 -2.53510853e-01  5.13411402e-01  2.40708610e+00  5.57889241e-01
  2.65454851e+00  2.89130934e+00  2.82734237e+00 -2.93812003e+00
  2.76345609e-01 -3.83086669e-01  1.71996669e+00  2.97407553e+00
 -3.80344792e-01 -2.38995567e+00  2.69673310e+00 -3.19234558e+00
  5.73931991e-01 -6.77217450e-01 -1.73398294e+00  3.10868147e+00
 -1.94873604e+00 -1.65746026e+00 -2.55622155e+00  2.36901749e+00
 -2.15485855e+00  1.96002636e+00  1.74531107e+00  1.47421475e+00
  2.49743217e+00  2.90061948e+00  1.96599668e+00  1.47250371e+00
 -1.77736844e+00 -2.37258660e+00  1.16446070e+00  5.80273086e-01
  1.58393879e+00 -2.81406689e+00 -9.61725041e-02  2.54266989e+00
 -1.16025325e+00  1.19113820e+00  1.23176623e+00  6.05467645e-01
 -9.69964623e-01  1.12435954e+00  8.01242533e-01 -3.97160293e-01
  2.80690747e+00 -2.14516628e+00  1.56371196e+00 -6.48806355e-01
  9.87341954e-01 -3.22613256e+00 -2.22236904e+00  3.56691046e-01
 -1.10038953e+00 -4.17188779e-01  2.74346683e-01  6.53078678e-02
 -1.80226786e+00 -1.85534992e-01 -6.50975124e-01  2.87258969e+00
 -1.10550046e+00 -1.19399212e+00 -1.13522952e+00  1.27159229e+00
  1.63050829e+00 -8.20981447e-01  2.11173313e+00 -1.53291957e+00
 -2.33434748e-01 -8.97372466e-01 -2.94397859e+00  3.10009016e+00
 -1.75651593e+00  3.03838567e+00 -1.37464441e+00 -2.40925281e+00
  3.70909014e+00 -1.20123930e+00 -6.55065937e-01 -3.02294287e+00
 -2.51213043e+00  2.98920317e+00 -1.96967068e+00 -1.68035736e+00
 -4.22336549e-01  2.96485295e+00  1.57257293e-01  1.68360589e-02
 -1.60030223e+00 -1.52873800e-01 -1.60363751e+00 -3.09534667e+00
  2.90720456e+00  1.17185679e+00 -3.26710749e-01 -2.34012661e+00
  1.00553060e+00 -1.18111732e+00 -2.66735623e-01 -2.15831435e+00
 -1.90476525e+00  1.79127175e+00 -9.69525113e-01  2.55552601e+00
 -4.34411553e-01 -3.09767390e+00 -2.82246921e+00  2.00822124e+00
 -3.07469366e+00 -2.43074920e-01 -1.03602060e+00 -1.79152640e-01
  2.36486061e+00  1.72570570e+00 -2.29652139e-01 -1.82875721e+00
 -3.02202302e+00  1.35376598e-01 -8.22094474e-01  1.47931156e+00
 -2.52135467e+00  9.75596247e-01 -7.55984705e-02  2.01523880e-01
  1.99756782e+00  7.14466704e-01  7.81004570e-01 -1.23944071e+00
  1.62621822e+00  2.53191739e+00  1.25715687e+00  2.91533288e-01
 -1.00357272e+00  2.60342302e+00  8.19458821e-01 -2.24280380e+00
 -4.30429890e-04  1.71827643e+00  1.06532099e+00 -6.35149094e-01
 -2.31933835e+00  2.43583886e+00  2.01876691e+00  1.65999493e+00
  2.26099249e+00  1.85083353e+00 -2.08822673e+00 -2.84858257e+00
  5.24563752e-01  1.39092682e+00 -2.43283528e+00 -1.31735486e+00
  2.43507323e+00  1.29242663e+00  2.53669865e-02 -1.74905114e+00
 -1.54616328e+00  1.98223527e+00  1.46877240e+00 -8.00333209e-01
 -1.32582236e-01 -4.55227560e-01 -1.91188772e-01  2.40666164e+00
 -5.45503061e-01 -6.40535621e-01  1.05244860e+00 -2.29360152e+00
  1.00317343e+00  2.55539083e+00 -4.85073105e-01  2.12490973e+00
 -1.97241099e+00 -8.77198920e-01 -2.41474192e+00 -2.29117714e+00
 -1.42203891e+00 -2.91342605e+00  1.57048033e+00  1.80647366e+00
  1.63901672e+00  1.02013446e+00  1.41640688e+00 -2.30676811e+00
 -2.69405948e+00  1.71775827e+00  9.96870732e-01 -3.93178481e-01
 -2.62592018e+00  1.55212199e+00 -1.23678929e+00 -2.48842342e+00
  4.19741121e-02]
Thu Jun 13 22:25:47 2024,488,0.10003488517986818,[-2.85308064e+00  2.11591639e+00 -1.64416668e+00  1.14025226e-01
  4.79091885e-01 -3.21906567e+00  3.25398385e+00  2.09529015e+00
  1.05227262e+00 -1.00100056e+00  5.77291249e-01  1.30555179e+00
  1.32236088e+00 -1.87651430e+00  7.81269283e-01  2.88218506e+00
 -3.99961804e-01 -4.35338154e-01 -1.91901114e+00  8.01995006e-01
  1.62235961e+00  2.91938844e+00 -1.41275394e+00 -4.05589738e-01
 -2.17535058e+00 -2.09460768e+00  3.13939638e+00  2.78490183e+00
 -7.45973658e-01 -2.64703965e+00  1.53753393e+00 -2.24801320e-01
 -2.41236672e+00  1.86755295e+00  1.12409232e+00 -6.25662090e-01
  1.11460622e+00 -2.01610582e+00 -2.18174527e-01  2.27216910e+00
 -2.55265902e-01  5.15166451e-01  2.40533105e+00  5.59644290e-01
  2.65279346e+00  2.89306439e+00  2.82558732e+00 -2.93636498e+00
  2.74590560e-01 -3.84841719e-01  1.71821164e+00  2.97583057e+00
 -3.78589743e-01 -2.39171072e+00  2.69848815e+00 -3.19059053e+00
  5.72176942e-01 -6.78972499e-01 -1.73222789e+00  3.11043652e+00
 -1.95049109e+00 -1.65921531e+00 -2.55797660e+00  2.37077254e+00
 -2.15661360e+00  1.95827131e+00  1.74355602e+00  1.47245970e+00
  2.49918722e+00  2.90237452e+00  1.96424163e+00  1.47425876e+00
 -1.77912349e+00 -2.37434165e+00  1.16270565e+00  5.82028135e-01
  1.58569384e+00 -2.81231185e+00 -9.44174550e-02  2.54442494e+00
 -1.16200829e+00  1.18938315e+00  1.23001118e+00  6.03712596e-01
 -9.71719672e-01  1.12260450e+00  8.02997582e-01 -3.98915343e-01
  2.80866251e+00 -2.14341123e+00  1.56546701e+00 -6.50561404e-01
  9.89097003e-01 -3.22788761e+00 -2.22061399e+00  3.58446095e-01
 -1.09863448e+00 -4.15433730e-01  2.72591634e-01  6.70629169e-02
 -1.80051281e+00 -1.83779942e-01 -6.49220074e-01  2.87434474e+00
 -1.10725551e+00 -1.19574717e+00 -1.13347447e+00  1.27334734e+00
  1.62875324e+00 -8.22736496e-01  2.11348818e+00 -1.53467462e+00
 -2.35189797e-01 -8.95617416e-01 -2.94573364e+00  3.10184521e+00
 -1.75476088e+00  3.03663062e+00 -1.37639946e+00 -2.40749776e+00
  3.70733509e+00 -1.19948425e+00 -6.53310888e-01 -3.02469792e+00
 -2.51388548e+00  2.98744812e+00 -1.96791563e+00 -1.68211241e+00
 -4.24091599e-01  2.96309790e+00  1.59012342e-01  1.85911080e-02
 -1.59854718e+00 -1.51118751e-01 -1.60188246e+00 -3.09359162e+00
  2.90895961e+00  1.17010174e+00 -3.28465798e-01 -2.33837156e+00
  1.00377555e+00 -1.17936228e+00 -2.64980574e-01 -2.15655930e+00
 -1.90652030e+00  1.79302680e+00 -9.71280162e-01  2.55377096e+00
 -4.36166602e-01 -3.09591885e+00 -2.82071416e+00  2.00646619e+00
 -3.07644871e+00 -2.44829969e-01 -1.03777565e+00 -1.80907689e-01
  2.36310556e+00  1.72746075e+00 -2.31407188e-01 -1.82700216e+00
 -3.02377807e+00  1.37131647e-01 -8.20339425e-01  1.48106660e+00
 -2.51959962e+00  9.77351296e-01 -7.38434214e-02  1.99768831e-01
  1.99581277e+00  7.12711655e-01  7.79249521e-01 -1.24119576e+00
  1.62446317e+00  2.53367244e+00  1.25891192e+00  2.93288337e-01
 -1.00532777e+00  2.60517807e+00  8.17703772e-01 -2.24455885e+00
 -2.18547901e-03  1.71652138e+00  1.06707603e+00 -6.36904143e-01
 -2.31758330e+00  2.43408381e+00  2.01701187e+00  1.65823988e+00
  2.26274754e+00  1.85258858e+00 -2.08998178e+00 -2.84682752e+00
  5.26318801e-01  1.39268187e+00 -2.43108023e+00 -1.31910991e+00
  2.43331818e+00  1.29067158e+00  2.71220356e-02 -1.74729609e+00
 -1.54440823e+00  1.98399032e+00  1.47052745e+00 -7.98578160e-01
 -1.34337285e-01 -4.56982610e-01 -1.89433723e-01  2.40841669e+00
 -5.47258111e-01 -6.38780572e-01  1.05420365e+00 -2.29535656e+00
  1.00492848e+00  2.55714588e+00 -4.86828155e-01  2.12666478e+00
 -1.97065594e+00 -8.78953969e-01 -2.41649697e+00 -2.28942209e+00
 -1.42379396e+00 -2.91518109e+00  1.56872528e+00  1.80471861e+00
  1.63726167e+00  1.01837941e+00  1.41816193e+00 -2.30852316e+00
 -2.69581453e+00  1.71951331e+00  9.95115683e-01 -3.94933530e-01
 -2.62416513e+00  1.55387704e+00 -1.23503424e+00 -2.49017847e+00
  4.37291612e-02]
Thu Jun 13 22:26:01 2024,489,0.10004688921917249,[-2.85243258e+00  2.11656445e+00 -1.64351862e+00  1.13377172e-01
  4.79739938e-01 -3.21841762e+00  3.25333580e+00  2.09593820e+00
  1.05292067e+00 -1.00035251e+00  5.76643196e-01  1.30619984e+00
  1.32171282e+00 -1.87586624e+00  7.80621230e-01  2.88153701e+00
 -3.99313751e-01 -4.34690101e-01 -1.91965919e+00  8.01346953e-01
  1.62300766e+00  2.91874039e+00 -1.41340199e+00 -4.06237791e-01
 -2.17470253e+00 -2.09395963e+00  3.13874833e+00  2.78425378e+00
 -7.46621711e-01 -2.64768770e+00  1.53688588e+00 -2.25449373e-01
 -2.41171867e+00  1.86820100e+00  1.12474037e+00 -6.26310143e-01
  1.11395816e+00 -2.01675388e+00 -2.17526474e-01  2.27281715e+00
 -2.54617849e-01  5.15814504e-01  2.40597911e+00  5.58996237e-01
  2.65214541e+00  2.89371244e+00  2.82623538e+00 -2.93701303e+00
  2.73942507e-01 -3.85489772e-01  1.71756359e+00  2.97518252e+00
 -3.79237796e-01 -2.39106266e+00  2.69913620e+00 -3.18994248e+00
  5.71528889e-01 -6.78324446e-01 -1.73157984e+00  3.11108458e+00
 -1.95113914e+00 -1.65856726e+00 -2.55862465e+00  2.37142059e+00
 -2.15596555e+00  1.95891936e+00  1.74420408e+00  1.47181165e+00
  2.49853917e+00  2.90302258e+00  1.96488968e+00  1.47490681e+00
 -1.77977154e+00 -2.37498970e+00  1.16205759e+00  5.81380082e-01
  1.58504578e+00 -2.81295990e+00 -9.50655081e-02  2.54507299e+00
 -1.16265635e+00  1.18873510e+00  1.23065924e+00  6.03064543e-01
 -9.71071619e-01  1.12325255e+00  8.02349529e-01 -3.98267289e-01
  2.80931057e+00 -2.14405929e+00  1.56611506e+00 -6.51209458e-01
  9.88448950e-01 -3.22853567e+00 -2.22126204e+00  3.57798042e-01
 -1.09928254e+00 -4.16081783e-01  2.71943581e-01  6.77109700e-02
 -1.79986476e+00 -1.83131889e-01 -6.48572021e-01  2.87369668e+00
 -1.10790356e+00 -1.19639523e+00 -1.13282642e+00  1.27399539e+00
  1.62940129e+00 -8.22088443e-01  2.11284012e+00 -1.53532267e+00
 -2.35837850e-01 -8.94969363e-01 -2.94638169e+00  3.10119716e+00
 -1.75540893e+00  3.03598257e+00 -1.37575141e+00 -2.40684970e+00
  3.70668704e+00 -1.20013231e+00 -6.53958941e-01 -3.02534598e+00
 -2.51323743e+00  2.98680007e+00 -1.96856369e+00 -1.68276047e+00
 -4.23443545e-01  2.96244985e+00  1.59660395e-01  1.92391611e-02
 -1.59789913e+00 -1.50470698e-01 -1.60253051e+00 -3.09294357e+00
  2.90960766e+00  1.17074979e+00 -3.29113851e-01 -2.33901961e+00
  1.00312750e+00 -1.17871422e+00 -2.65628627e-01 -2.15591125e+00
 -1.90716835e+00  1.79237875e+00 -9.71928215e-01  2.55312290e+00
 -4.35518549e-01 -3.09656691e+00 -2.82006611e+00  2.00711425e+00
 -3.07709676e+00 -2.44181916e-01 -1.03842370e+00 -1.81555743e-01
  2.36375362e+00  1.72681270e+00 -2.32055241e-01 -1.82635411e+00
 -3.02442613e+00  1.37779700e-01 -8.19691372e-01  1.48171466e+00
 -2.51895157e+00  9.76703243e-01 -7.31953683e-02  2.00416884e-01
  1.99516472e+00  7.13359708e-01  7.79897574e-01 -1.24184381e+00
  1.62381512e+00  2.53432049e+00  1.25826387e+00  2.93936390e-01
 -1.00467972e+00  2.60582612e+00  8.18351825e-01 -2.24391079e+00
 -1.53742591e-03  1.71587333e+00  1.06772409e+00 -6.36256090e-01
 -2.31693525e+00  2.43473186e+00  2.01765992e+00  1.65888794e+00
  2.26339559e+00  1.85194053e+00 -2.08933373e+00 -2.84747558e+00
  5.26966854e-01  1.39203382e+00 -2.43043218e+00 -1.31846186e+00
  2.43267013e+00  1.29002353e+00  2.64739825e-02 -1.74664804e+00
 -1.54505629e+00  1.98334227e+00  1.46987940e+00 -7.99226213e-01
 -1.33689232e-01 -4.57630663e-01 -1.90081776e-01  2.40776864e+00
 -5.47906164e-01 -6.38132519e-01  1.05485170e+00 -2.29600462e+00
  1.00428042e+00  2.55649782e+00 -4.87476208e-01  2.12731284e+00
 -1.97130399e+00 -8.79602023e-01 -2.41584891e+00 -2.29007014e+00
 -1.42444201e+00 -2.91453304e+00  1.56807722e+00  1.80407056e+00
  1.63661362e+00  1.01773136e+00  1.41751388e+00 -2.30917121e+00
 -2.69516648e+00  1.72016137e+00  9.95763736e-01 -3.94285477e-01
 -2.62351708e+00  1.55452509e+00 -1.23568229e+00 -2.48953041e+00
  4.43772143e-02]
Thu Jun 13 22:26:16 2024,490,0.09989852546864733,[-2.85441237e+00  2.11458466e+00 -1.64153883e+00  1.11397382e-01
  4.77760147e-01 -3.21643783e+00  3.25135601e+00  2.09791799e+00
  1.05094088e+00 -9.98372716e-01  5.78622987e-01  1.30817963e+00
  1.31973303e+00 -1.87784603e+00  7.78641439e-01  2.87955722e+00
 -3.97333960e-01 -4.32710310e-01 -1.91767940e+00  7.99367162e-01
  1.62498745e+00  2.92072018e+00 -1.41142220e+00 -4.04258000e-01
 -2.17272274e+00 -2.09593942e+00  3.14072812e+00  2.78623357e+00
 -7.44641921e-01 -2.64966749e+00  1.53886567e+00 -2.23469582e-01
 -2.41369846e+00  1.86622121e+00  1.12276058e+00 -6.24330353e-01
  1.11197837e+00 -2.01873367e+00 -2.15546683e-01  2.27479694e+00
 -2.56597640e-01  5.13834713e-01  2.40795890e+00  5.57016446e-01
  2.65016562e+00  2.89569223e+00  2.82821517e+00 -2.93899283e+00
  2.71962716e-01 -3.83509981e-01  1.71558380e+00  2.97716231e+00
 -3.77258005e-01 -2.38908287e+00  2.69715641e+00 -3.18796269e+00
  5.69549098e-01 -6.76344655e-01 -1.72960005e+00  3.10910478e+00
 -1.94915935e+00 -1.65658747e+00 -2.56060444e+00  2.37340038e+00
 -2.15794534e+00  1.96089915e+00  1.74222429e+00  1.47379144e+00
  2.49655938e+00  2.90104279e+00  1.96686948e+00  1.47292702e+00
 -1.77779175e+00 -2.37696949e+00  1.16007780e+00  5.83359872e-01
  1.58702557e+00 -2.81098011e+00 -9.70452990e-02  2.54309320e+00
 -1.16067656e+00  1.19071489e+00  1.23263903e+00  6.05044333e-01
 -9.73051410e-01  1.12523234e+00  8.00369738e-01 -4.00247080e-01
  2.80733078e+00 -2.14603908e+00  1.56809485e+00 -6.53189248e-01
  9.86469159e-01 -3.23051546e+00 -2.22324183e+00  3.59777833e-01
 -1.09730275e+00 -4.18061574e-01  2.73923371e-01  6.57311791e-02
 -1.80184455e+00 -1.81152098e-01 -6.46592230e-01  2.87567647e+00
 -1.10592377e+00 -1.19837502e+00 -1.13084663e+00  1.27201560e+00
  1.62742150e+00 -8.24068233e-01  2.11481991e+00 -1.53730246e+00
 -2.37817641e-01 -8.92989572e-01 -2.94440190e+00  3.09921737e+00
 -1.75342914e+00  3.03796236e+00 -1.37377162e+00 -2.40882949e+00
  3.70470725e+00 -1.20211210e+00 -6.51979151e-01 -3.02732577e+00
 -2.51521722e+00  2.98482028e+00 -1.97054348e+00 -1.68078068e+00
 -4.21463755e-01  2.96442964e+00  1.61640186e-01  2.12189520e-02
 -1.59591934e+00 -1.52450489e-01 -1.60451030e+00 -3.09096378e+00
  2.91158745e+00  1.17272958e+00 -3.27134060e-01 -2.33703982e+00
  1.00114771e+00 -1.17673443e+00 -2.67608418e-01 -2.15789104e+00
 -1.90914814e+00  1.79435854e+00 -9.73908006e-01  2.55114311e+00
 -4.33538758e-01 -3.09854670e+00 -2.81808632e+00  2.00513446e+00
 -3.07511697e+00 -2.46161707e-01 -1.03644391e+00 -1.79575952e-01
  2.36177383e+00  1.72483291e+00 -2.34035032e-01 -1.82437432e+00
 -3.02244634e+00  1.35799909e-01 -8.21671163e-01  1.48369445e+00
 -2.52093136e+00  9.78683034e-01 -7.12155774e-02  2.02396675e-01
  1.99714451e+00  7.15339499e-01  7.77917784e-01 -1.24382360e+00
  1.62579491e+00  2.53630028e+00  1.25628408e+00  2.95916181e-01
 -1.00665951e+00  2.60384633e+00  8.20331616e-01 -2.24589058e+00
  4.42364979e-04  1.71389354e+00  1.06574430e+00 -6.34276299e-01
 -2.31891504e+00  2.43275207e+00  2.01963971e+00  1.66086773e+00
  2.26537538e+00  1.85392032e+00 -2.08735393e+00 -2.84945537e+00
  5.24987063e-01  1.39401361e+00 -2.42845239e+00 -1.32044165e+00
  2.43069034e+00  1.29200332e+00  2.44941916e-02 -1.74466825e+00
 -1.54307649e+00  1.98532206e+00  1.47185919e+00 -7.97246422e-01
 -1.31709441e-01 -4.55650872e-01 -1.88101985e-01  2.40578885e+00
 -5.45926373e-01 -6.36152728e-01  1.05287191e+00 -2.29798441e+00
  1.00626021e+00  2.55451803e+00 -4.89455999e-01  2.12929263e+00
 -1.96932420e+00 -8.77622232e-01 -2.41782870e+00 -2.28809035e+00
 -1.42246222e+00 -2.91255325e+00  1.56609743e+00  1.80209077e+00
  1.63859341e+00  1.01575157e+00  1.41553409e+00 -2.30719142e+00
 -2.69714627e+00  1.72214116e+00  9.97743527e-01 -3.96265268e-01
 -2.62549687e+00  1.55650488e+00 -1.23766209e+00 -2.49151021e+00
  4.63570052e-02]
Thu Jun 13 22:26:32 2024,491,0.0997097434164664,[-2.85315681e+00  2.11332909e+00 -1.64279440e+00  1.10141813e-01
  4.76504579e-01 -3.21769339e+00  3.25261157e+00  2.09917356e+00
  1.05219645e+00 -9.99628284e-01  5.79878555e-01  1.30692406e+00
  1.32098860e+00 -1.87659047e+00  7.79897007e-01  2.87830165e+00
 -3.96078392e-01 -4.33965879e-01 -1.91642383e+00  7.98111594e-01
  1.62624302e+00  2.91946461e+00 -1.41016663e+00 -4.05513569e-01
 -2.17397831e+00 -2.09719498e+00  3.13947255e+00  2.78497800e+00
 -7.43386352e-01 -2.65092306e+00  1.53761010e+00 -2.24725151e-01
 -2.41495403e+00  1.86496564e+00  1.12401615e+00 -6.23074784e-01
  1.11072280e+00 -2.01998924e+00 -2.16802251e-01  2.27354137e+00
 -2.55342072e-01  5.12579145e-01  2.40921447e+00  5.55760878e-01
  2.64891005e+00  2.89443666e+00  2.82947073e+00 -2.93773726e+00
  2.73218284e-01 -3.84765549e-01  1.71432823e+00  2.97841788e+00
 -3.76002437e-01 -2.38782730e+00  2.69841198e+00 -3.18921826e+00
  5.68293530e-01 -6.77600223e-01 -1.73085561e+00  3.11036035e+00
 -1.95041492e+00 -1.65784304e+00 -2.55934887e+00  2.37214482e+00
 -2.15668977e+00  1.96215472e+00  1.74347985e+00  1.47253587e+00
  2.49781495e+00  2.90229835e+00  1.96812504e+00  1.47167145e+00
 -1.77653619e+00 -2.37822506e+00  1.15882223e+00  5.82104304e-01
  1.58577001e+00 -2.81223568e+00 -9.57897309e-02  2.54434877e+00
 -1.15942099e+00  1.18945932e+00  1.23389460e+00  6.06299902e-01
 -9.74306978e-01  1.12648791e+00  8.01625306e-01 -4.01502648e-01
  2.80607521e+00 -2.14478351e+00  1.56935042e+00 -6.54444817e-01
  9.85213591e-01 -3.22925989e+00 -2.22198626e+00  3.61033401e-01
 -1.09855831e+00 -4.16806006e-01  2.75178940e-01  6.69867472e-02
 -1.80058898e+00 -1.82407667e-01 -6.47847799e-01  2.87442091e+00
 -1.10717934e+00 -1.19711945e+00 -1.13210219e+00  1.27076004e+00
  1.62616593e+00 -8.22812665e-01  2.11607548e+00 -1.53604689e+00
 -2.36562073e-01 -8.91734004e-01 -2.94565747e+00  3.10047294e+00
 -1.75217358e+00  3.03670679e+00 -1.37502718e+00 -2.40757393e+00
  3.70596282e+00 -1.20336767e+00 -6.50723582e-01 -3.02858134e+00
 -2.51647279e+00  2.98356471e+00 -1.96928791e+00 -1.67952511e+00
 -4.20208186e-01  2.96317407e+00  1.60384618e-01  2.24745201e-02
 -1.59466377e+00 -1.53706057e-01 -1.60576587e+00 -3.08970821e+00
  2.91033188e+00  1.17398515e+00 -3.25878492e-01 -2.33829539e+00
  1.00240328e+00 -1.17547886e+00 -2.68863986e-01 -2.15663547e+00
 -1.91040371e+00  1.79310297e+00 -9.72652438e-01  2.54988755e+00
 -4.34794326e-01 -3.09980227e+00 -2.81683075e+00  2.00387889e+00
 -3.07386140e+00 -2.44906139e-01 -1.03769948e+00 -1.78320384e-01
  2.36051826e+00  1.72608848e+00 -2.32779464e-01 -1.82311875e+00
 -3.02119077e+00  1.34544341e-01 -8.22926731e-01  1.48243888e+00
 -2.52218693e+00  9.79938602e-01 -6.99600093e-02  2.03652243e-01
  1.99588894e+00  7.16595067e-01  7.76662215e-01 -1.24256804e+00
  1.62705048e+00  2.53755585e+00  1.25753965e+00  2.97171749e-01
 -1.00540394e+00  2.60510190e+00  8.19076048e-01 -2.24714615e+00
 -8.13203137e-04  1.71263797e+00  1.06448873e+00 -6.35531867e-01
 -2.31765947e+00  2.43149650e+00  2.01838414e+00  1.65961216e+00
  2.26411982e+00  1.85517589e+00 -2.08860950e+00 -2.85071094e+00
  5.26242631e-01  1.39526917e+00 -2.42970795e+00 -1.32169722e+00
  2.42943477e+00  1.29074775e+00  2.32386235e-02 -1.74341268e+00
 -1.54433206e+00  1.98657763e+00  1.47060362e+00 -7.98501990e-01
 -1.30453873e-01 -4.56906440e-01 -1.89357553e-01  2.40453328e+00
 -5.44670805e-01 -6.37408296e-01  1.05412748e+00 -2.29923998e+00
  1.00500465e+00  2.55577360e+00 -4.90711567e-01  2.13054820e+00
 -1.97057977e+00 -8.76366664e-01 -2.41908427e+00 -2.28934592e+00
 -1.42371779e+00 -2.91129768e+00  1.56484186e+00  1.80334634e+00
  1.63733784e+00  1.01449600e+00  1.41678965e+00 -2.30593585e+00
 -2.69840184e+00  1.72088559e+00  9.96487959e-01 -3.97520836e-01
 -2.62424130e+00  1.55524931e+00 -1.23891765e+00 -2.49025464e+00
  4.51014371e-02]
Thu Jun 13 22:26:47 2024,492,0.09974526731998141,[-2.85268509e+00  2.11380080e+00 -1.64326612e+00  1.09670097e-01
  4.76976295e-01 -3.21722168e+00  3.25213986e+00  2.09964528e+00
  1.05266816e+00 -1.00010000e+00  5.80350271e-01  1.30645235e+00
  1.32146032e+00 -1.87706218e+00  7.80368723e-01  2.87782993e+00
 -3.95606676e-01 -4.33494162e-01 -1.91689555e+00  7.97639878e-01
  1.62671474e+00  2.91899289e+00 -1.41063835e+00 -4.05985285e-01
 -2.17350659e+00 -2.09766670e+00  3.13994427e+00  2.78450629e+00
 -7.42914636e-01 -2.65045135e+00  1.53713838e+00 -2.25196867e-01
 -2.41448231e+00  1.86543736e+00  1.12354443e+00 -6.23546501e-01
  1.11025109e+00 -2.01951752e+00 -2.17273967e-01  2.27401309e+00
 -2.54870355e-01  5.12107429e-01  2.40968618e+00  5.55289162e-01
  2.64938176e+00  2.89396495e+00  2.82899902e+00 -2.93726554e+00
  2.73690000e-01 -3.85237265e-01  1.71479994e+00  2.97794616e+00
 -3.76474153e-01 -2.38829902e+00  2.69794026e+00 -3.18968997e+00
  5.68765246e-01 -6.78071939e-01 -1.73038390e+00  3.11083207e+00
 -1.95088664e+00 -1.65831475e+00 -2.55887716e+00  2.37167310e+00
 -2.15621805e+00  1.96168300e+00  1.74395157e+00  1.47300759e+00
  2.49734323e+00  2.90277007e+00  1.96859676e+00  1.47119974e+00
 -1.77606447e+00 -2.37869678e+00  1.15929395e+00  5.82576021e-01
  1.58529829e+00 -2.81176396e+00 -9.53180147e-02  2.54387705e+00
 -1.15894927e+00  1.18898761e+00  1.23342288e+00  6.05828185e-01
 -9.73835262e-01  1.12601619e+00  8.01153590e-01 -4.01974365e-01
  2.80654692e+00 -2.14525523e+00  1.56887870e+00 -6.54916533e-01
  9.84741875e-01 -3.22878817e+00 -2.22245798e+00  3.60561685e-01
 -1.09808660e+00 -4.17277722e-01  2.75650656e-01  6.74584634e-02
 -1.80106069e+00 -1.82879383e-01 -6.47376082e-01  2.87394919e+00
 -1.10670762e+00 -1.19759117e+00 -1.13163048e+00  1.27123175e+00
  1.62569422e+00 -8.22340949e-01  2.11654720e+00 -1.53651861e+00
 -2.36090356e-01 -8.92205721e-01 -2.94518575e+00  3.10094465e+00
 -1.75264529e+00  3.03623508e+00 -1.37455547e+00 -2.40804564e+00
  3.70549110e+00 -1.20383938e+00 -6.50251866e-01 -3.02810962e+00
 -2.51694450e+00  2.98309299e+00 -1.96975962e+00 -1.67905339e+00
 -4.20679903e-01  2.96364579e+00  1.60856334e-01  2.29462363e-02
 -1.59419205e+00 -1.53234341e-01 -1.60529416e+00 -3.09017992e+00
  2.91080360e+00  1.17445686e+00 -3.26350208e-01 -2.33876710e+00
  1.00193156e+00 -1.17595058e+00 -2.69335702e-01 -2.15710719e+00
 -1.90993200e+00  1.79357469e+00 -9.72180722e-01  2.54941583e+00
 -4.35266043e-01 -3.09933055e+00 -2.81635904e+00  2.00340717e+00
 -3.07338968e+00 -2.44434423e-01 -1.03722776e+00 -1.78792100e-01
  2.36098997e+00  1.72561676e+00 -2.33251180e-01 -1.82264703e+00
 -3.02166248e+00  1.34072625e-01 -8.23398447e-01  1.48196716e+00
 -2.52265864e+00  9.79466886e-01 -7.04317254e-02  2.04123959e-01
  1.99541723e+00  7.17066784e-01  7.76190499e-01 -1.24209632e+00
  1.62657876e+00  2.53802757e+00  1.25801136e+00  2.97643465e-01
 -1.00493222e+00  2.60557362e+00  8.19547764e-01 -2.24667444e+00
 -1.28491932e-03  1.71310969e+00  1.06401701e+00 -6.35060151e-01
 -2.31813119e+00  2.43196822e+00  2.01885586e+00  1.65914044e+00
  2.26459153e+00  1.85564760e+00 -2.08813779e+00 -2.85023922e+00
  5.25770915e-01  1.39479746e+00 -2.42923624e+00 -1.32122550e+00
  2.42990649e+00  1.29121947e+00  2.37103397e-02 -1.74294096e+00
 -1.54386035e+00  1.98704934e+00  1.47107534e+00 -7.98973706e-01
 -1.30925589e-01 -4.56434724e-01 -1.89829269e-01  2.40406156e+00
 -5.44199088e-01 -6.37880013e-01  1.05459919e+00 -2.29971169e+00
  1.00453293e+00  2.55624532e+00 -4.90239851e-01  2.13007648e+00
 -1.97010805e+00 -8.76838380e-01 -2.41955599e+00 -2.28981763e+00
 -1.42418951e+00 -2.91176940e+00  1.56531358e+00  1.80381805e+00
  1.63686613e+00  1.01402428e+00  1.41726137e+00 -2.30640757e+00
 -2.69887355e+00  1.72135731e+00  9.96016243e-01 -3.97049120e-01
 -2.62376959e+00  1.55477760e+00 -1.23844594e+00 -2.48978292e+00
  4.55731532e-02]
Thu Jun 13 22:27:03 2024,493,0.09975041925177243,[-2.85289638e+00  2.11401209e+00 -1.64305483e+00  1.09881385e-01
  4.77187583e-01 -3.21701039e+00  3.25235115e+00  2.09985656e+00
  1.05245688e+00 -9.99888712e-01  5.80561559e-01  1.30624106e+00
  1.32124903e+00 -1.87685090e+00  7.80580011e-01  2.87804122e+00
 -3.95395388e-01 -4.33705450e-01 -1.91710683e+00  7.97428590e-01
  1.62650345e+00  2.91878161e+00 -1.41042706e+00 -4.05773997e-01
 -2.17329530e+00 -2.09787799e+00  3.13973298e+00  2.78471758e+00
 -7.43125924e-01 -2.65066263e+00  1.53692710e+00 -2.25408154e-01
 -2.41469360e+00  1.86522607e+00  1.12375572e+00 -6.23757788e-01
  1.11046238e+00 -2.01972881e+00 -2.17062679e-01  2.27380180e+00
 -2.54659068e-01  5.11896141e-01  2.40947489e+00  5.55500450e-01
  2.64959305e+00  2.89417623e+00  2.82921031e+00 -2.93705425e+00
  2.73478713e-01 -3.85025978e-01  1.71501123e+00  2.97815745e+00
 -3.76685441e-01 -2.38808773e+00  2.69815155e+00 -3.18947869e+00
  5.68976534e-01 -6.77860652e-01 -1.73017261e+00  3.11062078e+00
 -1.95067535e+00 -1.65810346e+00 -2.55908845e+00  2.37146181e+00
 -2.15642934e+00  1.96189429e+00  1.74374028e+00  1.47279630e+00
  2.49713194e+00  2.90255878e+00  1.96880805e+00  1.47098845e+00
 -1.77627576e+00 -2.37848549e+00  1.15950524e+00  5.82787308e-01
  1.58550958e+00 -2.81197525e+00 -9.55293023e-02  2.54408834e+00
 -1.15916056e+00  1.18877632e+00  1.23321159e+00  6.05616898e-01
 -9.74046549e-01  1.12622748e+00  8.01364878e-01 -4.02185652e-01
  2.80675821e+00 -2.14504394e+00  1.56908999e+00 -6.54705245e-01
  9.84530587e-01 -3.22899946e+00 -2.22266927e+00  3.60350397e-01
 -1.09829789e+00 -4.17489010e-01  2.75861943e-01  6.76697510e-02
 -1.80127198e+00 -1.82668095e-01 -6.47587370e-01  2.87373790e+00
 -1.10649633e+00 -1.19737988e+00 -1.13141919e+00  1.27144304e+00
  1.62590551e+00 -8.22552237e-01  2.11633591e+00 -1.53630732e+00
 -2.35879069e-01 -8.92417008e-01 -2.94539704e+00  3.10115594e+00
 -1.75243400e+00  3.03644636e+00 -1.37434418e+00 -2.40825693e+00
  3.70570239e+00 -1.20405067e+00 -6.50463154e-01 -3.02789833e+00
 -2.51715579e+00  2.98330428e+00 -1.96954834e+00 -1.67926468e+00
 -4.20468615e-01  2.96343450e+00  1.60645047e-01  2.31575239e-02
 -1.59440334e+00 -1.53445629e-01 -1.60550544e+00 -3.09039121e+00
  2.91101489e+00  1.17424558e+00 -3.26561496e-01 -2.33897839e+00
  1.00214285e+00 -1.17616187e+00 -2.69546990e-01 -2.15731848e+00
 -1.91014328e+00  1.79378598e+00 -9.71969434e-01  2.54962712e+00
 -4.35477330e-01 -3.09911926e+00 -2.81614775e+00  2.00361846e+00
 -3.07360097e+00 -2.44223135e-01 -1.03701648e+00 -1.79003387e-01
  2.36077869e+00  1.72540547e+00 -2.33462467e-01 -1.82285832e+00
 -3.02145120e+00  1.34283913e-01 -8.23187160e-01  1.48217845e+00
 -2.52286993e+00  9.79255598e-01 -7.06430130e-02  2.04335247e-01
  1.99562851e+00  7.16855496e-01  7.75979212e-01 -1.24230761e+00
  1.62679005e+00  2.53823886e+00  1.25780008e+00  2.97432177e-01
 -1.00514351e+00  2.60536233e+00  8.19336476e-01 -2.24646315e+00
 -1.07363171e-03  1.71289840e+00  1.06380572e+00 -6.34848864e-01
 -2.31834247e+00  2.43175693e+00  2.01864457e+00  1.65892916e+00
  2.26438025e+00  1.85543632e+00 -2.08834907e+00 -2.85045051e+00
  5.25982203e-01  1.39500875e+00 -2.42902495e+00 -1.32101422e+00
  2.43011777e+00  1.29143076e+00  2.34990521e-02 -1.74272968e+00
 -1.54364906e+00  1.98726063e+00  1.47086405e+00 -7.98762419e-01
 -1.30714302e-01 -4.56223436e-01 -1.89617982e-01  2.40427285e+00
 -5.44410376e-01 -6.38091300e-01  1.05438790e+00 -2.29992298e+00
  1.00432164e+00  2.55645660e+00 -4.90028563e-01  2.13028777e+00
 -1.97031934e+00 -8.76627092e-01 -2.41934470e+00 -2.28960635e+00
 -1.42440079e+00 -2.91155811e+00  1.56552487e+00  1.80360677e+00
  1.63665484e+00  1.01423557e+00  1.41747266e+00 -2.30619628e+00
 -2.69908484e+00  1.72114602e+00  9.95804955e-01 -3.97260407e-01
 -2.62398087e+00  1.55498888e+00 -1.23823465e+00 -2.48999421e+00
  4.53618656e-02]
Thu Jun 13 22:27:20 2024,494,0.09966246409929032,[-2.85204816e+00  2.11486031e+00 -1.64390305e+00  1.09033168e-01
  4.78035800e-01 -3.21785861e+00  3.25150293e+00  2.10070478e+00
  1.05160866e+00 -1.00073693e+00  5.81409776e-01  1.30708928e+00
  1.32040081e+00 -1.87600268e+00  7.79731794e-01  2.87719300e+00
 -3.96243605e-01 -4.34553667e-01 -1.91625862e+00  7.98276808e-01
  1.62565523e+00  2.91793339e+00 -1.40957884e+00 -4.04925780e-01
 -2.17244709e+00 -2.09702977e+00  3.14058120e+00  2.78556579e+00
 -7.43974141e-01 -2.65151085e+00  1.53777531e+00 -2.24559937e-01
 -2.41384538e+00  1.86607429e+00  1.12460394e+00 -6.22909571e-01
  1.11131059e+00 -2.01888059e+00 -2.17910897e-01  2.27295358e+00
 -2.55507285e-01  5.12744358e-01  2.41032311e+00  5.56348667e-01
  2.65044127e+00  2.89502445e+00  2.83005852e+00 -2.93790247e+00
  2.72630495e-01 -3.85874195e-01  1.71585945e+00  2.97900567e+00
 -3.77533658e-01 -2.38723952e+00  2.69730333e+00 -3.18863047e+00
  5.69824751e-01 -6.78708869e-01 -1.73102083e+00  3.10977256e+00
 -1.95152357e+00 -1.65895168e+00 -2.55993666e+00  2.37231003e+00
 -2.15727756e+00  1.96104607e+00  1.74289207e+00  1.47364452e+00
  2.49798016e+00  2.90171057e+00  1.96795983e+00  1.47014023e+00
 -1.77542754e+00 -2.37933371e+00  1.16035346e+00  5.83635525e-01
  1.58635779e+00 -2.81282346e+00 -9.63775196e-02  2.54493656e+00
 -1.16000878e+00  1.18962454e+00  1.23405981e+00  6.04768681e-01
 -9.73198332e-01  1.12707570e+00  8.02213095e-01 -4.03033870e-01
  2.80760643e+00 -2.14589216e+00  1.56993821e+00 -6.53857028e-01
  9.83682370e-01 -3.22815124e+00 -2.22351748e+00  3.61198614e-01
 -1.09914610e+00 -4.16640793e-01  2.76710161e-01  6.85179683e-02
 -1.80042377e+00 -1.81819878e-01 -6.48435587e-01  2.87458612e+00
 -1.10734455e+00 -1.19653166e+00 -1.13226741e+00  1.27059482e+00
  1.62675372e+00 -8.23400454e-01  2.11548769e+00 -1.53715554e+00
 -2.36727286e-01 -8.91568791e-01 -2.94454882e+00  3.10200416e+00
 -1.75328222e+00  3.03559815e+00 -1.37349596e+00 -2.40910515e+00
  3.70655061e+00 -1.20489889e+00 -6.49614937e-01 -3.02874655e+00
 -2.51630757e+00  2.98245606e+00 -1.97039655e+00 -1.68011290e+00
 -4.21316832e-01  2.96258629e+00  1.59796829e-01  2.40057412e-02
 -1.59355512e+00 -1.52597411e-01 -1.60465723e+00 -3.08954300e+00
  2.91016667e+00  1.17339736e+00 -3.27409713e-01 -2.33813017e+00
  1.00299106e+00 -1.17531365e+00 -2.68698773e-01 -2.15647026e+00
 -1.90929507e+00  1.79463419e+00 -9.72817651e-01  2.55047533e+00
 -4.34629113e-01 -3.09827104e+00 -2.81529953e+00  2.00277024e+00
 -3.07444919e+00 -2.43374918e-01 -1.03616826e+00 -1.78155170e-01
  2.35993047e+00  1.72625369e+00 -2.34310685e-01 -1.82201010e+00
 -3.02229941e+00  1.35132130e-01 -8.24035377e-01  1.48133023e+00
 -2.52202171e+00  9.80103816e-01 -6.97947958e-02  2.03487030e-01
  1.99478030e+00  7.16007279e-01  7.76827429e-01 -1.24145939e+00
  1.62594183e+00  2.53908707e+00  1.25864829e+00  2.98280395e-01
 -1.00599173e+00  2.60451411e+00  8.18488259e-01 -2.24561493e+00
 -2.25414431e-04  1.71374662e+00  1.06465394e+00 -6.35697081e-01
 -2.31749426e+00  2.43260515e+00  2.01949279e+00  1.65808094e+00
  2.26522846e+00  1.85628453e+00 -2.08919729e+00 -2.85129873e+00
  5.26830420e-01  1.39585696e+00 -2.42987317e+00 -1.32186243e+00
  2.43096599e+00  1.29058254e+00  2.43472693e-02 -1.74188146e+00
 -1.54449728e+00  1.98641241e+00  1.47001583e+00 -7.99610636e-01
 -1.29866084e-01 -4.55375219e-01 -1.88769764e-01  2.40512107e+00
 -5.45258593e-01 -6.38939517e-01  1.05523612e+00 -2.29907476e+00
  1.00516986e+00  2.55730482e+00 -4.90876780e-01  2.12943955e+00
 -1.96947112e+00 -8.75778875e-01 -2.42019292e+00 -2.29045456e+00
 -1.42355258e+00 -2.91240633e+00  1.56467665e+00  1.80275855e+00
  1.63750306e+00  1.01508379e+00  1.41662444e+00 -2.30534806e+00
 -2.69823662e+00  1.72029780e+00  9.94956738e-01 -3.96412190e-01
 -2.62313266e+00  1.55414067e+00 -1.23908287e+00 -2.49084243e+00
  4.45136484e-02]
Thu Jun 13 22:27:39 2024,495,0.09966484795260189,[-2.85234020e+00  2.11456827e+00 -1.64361101e+00  1.08741129e-01
  4.77743761e-01 -3.21815065e+00  3.25179497e+00  2.10041274e+00
  1.05131662e+00 -1.00044489e+00  5.81701815e-01  1.30679724e+00
  1.32069285e+00 -1.87629472e+00  7.79439755e-01  2.87748504e+00
 -3.95951566e-01 -4.34845706e-01 -1.91596658e+00  7.98568847e-01
  1.62536319e+00  2.91764135e+00 -1.40928681e+00 -4.04633741e-01
 -2.17215505e+00 -2.09673773e+00  3.14028916e+00  2.78585783e+00
 -7.43682102e-01 -2.65180289e+00  1.53748327e+00 -2.24267898e-01
 -2.41413742e+00  1.86636633e+00  1.12489598e+00 -6.22617532e-01
  1.11101855e+00 -2.01858855e+00 -2.18202935e-01  2.27324562e+00
 -2.55215246e-01  5.13036397e-01  2.41061515e+00  5.56640706e-01
  2.65073331e+00  2.89531649e+00  2.83035056e+00 -2.93819451e+00
  2.72338457e-01 -3.86166234e-01  1.71615149e+00  2.97929771e+00
 -3.77825697e-01 -2.38753155e+00  2.69759537e+00 -3.18833843e+00
  5.70116790e-01 -6.78416830e-01 -1.73072879e+00  3.11006460e+00
 -1.95123153e+00 -1.65924372e+00 -2.55964462e+00  2.37260207e+00
 -2.15698552e+00  1.96133811e+00  1.74318410e+00  1.47393656e+00
  2.49768812e+00  2.90200261e+00  1.96766779e+00  1.46984819e+00
 -1.77571958e+00 -2.37962575e+00  1.16064549e+00  5.83343487e-01
  1.58606576e+00 -2.81311550e+00 -9.66695584e-02  2.54522860e+00
 -1.15971674e+00  1.18991657e+00  1.23435185e+00  6.05060719e-01
 -9.72906293e-01  1.12736773e+00  8.02505134e-01 -4.03325908e-01
  2.80789847e+00 -2.14618419e+00  1.56964617e+00 -6.53564989e-01
  9.83974409e-01 -3.22844328e+00 -2.22380952e+00  3.61490653e-01
 -1.09885406e+00 -4.16932831e-01  2.76418122e-01  6.82259295e-02
 -1.80013173e+00 -1.82111917e-01 -6.48143548e-01  2.87487816e+00
 -1.10763659e+00 -1.19623962e+00 -1.13197537e+00  1.27030278e+00
  1.62704576e+00 -8.23108415e-01  2.11519565e+00 -1.53686350e+00
 -2.37019325e-01 -8.91276752e-01 -2.94425679e+00  3.10171212e+00
 -1.75357426e+00  3.03530611e+00 -1.37320392e+00 -2.40881311e+00
  3.70684264e+00 -1.20519093e+00 -6.49906975e-01 -3.02845451e+00
 -2.51659961e+00  2.98274810e+00 -1.97010452e+00 -1.67982086e+00
 -4.21024793e-01  2.96229425e+00  1.59504791e-01  2.37137024e-02
 -1.59326309e+00 -1.52889450e-01 -1.60494926e+00 -3.08983503e+00
  2.91045871e+00  1.17368940e+00 -3.27701752e-01 -2.33783813e+00
  1.00269903e+00 -1.17560569e+00 -2.68990811e-01 -2.15676230e+00
 -1.90900303e+00  1.79434215e+00 -9.72525613e-01  2.55076737e+00
 -4.34921152e-01 -3.09797901e+00 -2.81500749e+00  2.00306228e+00
 -3.07415715e+00 -2.43082879e-01 -1.03646030e+00 -1.77863131e-01
  2.36022251e+00  1.72654573e+00 -2.34018646e-01 -1.82230214e+00
 -3.02200737e+00  1.35424169e-01 -8.24327416e-01  1.48103820e+00
 -2.52172968e+00  9.79811777e-01 -7.00868346e-02  2.03779068e-01
  1.99448826e+00  7.16299317e-01  7.77119468e-01 -1.24116735e+00
  1.62564979e+00  2.53879503e+00  1.25835626e+00  2.98572434e-01
 -1.00569969e+00  2.60480615e+00  8.18780298e-01 -2.24590697e+00
  6.66243522e-05  1.71403866e+00  1.06436190e+00 -6.35405042e-01
 -2.31778630e+00  2.43231311e+00  2.01920075e+00  1.65778890e+00
  2.26552050e+00  1.85599250e+00 -2.08890525e+00 -2.85159076e+00
  5.27122459e-01  1.39556492e+00 -2.42958113e+00 -1.32157039e+00
  2.43067395e+00  1.29029050e+00  2.46393081e-02 -1.74217350e+00
 -1.54478932e+00  1.98612038e+00  1.46972379e+00 -7.99902675e-01
 -1.29574046e-01 -4.55667258e-01 -1.88477726e-01  2.40482903e+00
 -5.45550632e-01 -6.38647479e-01  1.05552816e+00 -2.29936680e+00
  1.00546190e+00  2.55759686e+00 -4.90584741e-01  2.12973159e+00
 -1.96976316e+00 -8.75486836e-01 -2.41990088e+00 -2.29074660e+00
 -1.42326054e+00 -2.91211429e+00  1.56438461e+00  1.80305059e+00
  1.63721102e+00  1.01479175e+00  1.41633240e+00 -2.30505602e+00
 -2.69794458e+00  1.72000576e+00  9.94664699e-01 -3.96704229e-01
 -2.62284062e+00  1.55443270e+00 -1.23937491e+00 -2.49113447e+00
  4.42216096e-02]
Thu Jun 13 22:27:54 2024,496,0.09967022071575232,[-2.85269360e+00  2.11492168e+00 -1.64325760e+00  1.08387724e-01
  4.78097166e-01 -3.21850405e+00  3.25214837e+00  2.10076615e+00
  1.05096322e+00 -1.00079830e+00  5.81348410e-01  1.30644383e+00
  1.32033945e+00 -1.87664812e+00  7.79793160e-01  2.87783845e+00
 -3.95598162e-01 -4.35199111e-01 -1.91631998e+00  7.98922251e-01
  1.62500979e+00  2.91728794e+00 -1.40964021e+00 -4.04280336e-01
 -2.17180164e+00 -2.09638433e+00  3.13993576e+00  2.78621124e+00
 -7.44035507e-01 -2.65215629e+00  1.53712987e+00 -2.23914493e-01
 -2.41378402e+00  1.86601292e+00  1.12454257e+00 -6.22970937e-01
  1.11137196e+00 -2.01823515e+00 -2.18556340e-01  2.27359903e+00
 -2.55568651e-01  5.13389802e-01  2.41026175e+00  5.56994110e-01
  2.65108671e+00  2.89566989e+00  2.82999716e+00 -2.93784110e+00
  2.72691861e-01 -3.86519638e-01  1.71579808e+00  2.97894430e+00
 -3.78179102e-01 -2.38788496e+00  2.69794877e+00 -3.18798503e+00
  5.69763385e-01 -6.78063425e-01 -1.73037538e+00  3.11041801e+00
 -1.95087812e+00 -1.65889032e+00 -2.55999803e+00  2.37224866e+00
 -2.15663211e+00  1.96098471e+00  1.74283070e+00  1.47358315e+00
  2.49733472e+00  2.90235601e+00  1.96802120e+00  1.46949479e+00
 -1.77536617e+00 -2.37927234e+00  1.16029209e+00  5.83696891e-01
  1.58571235e+00 -2.81276210e+00 -9.63161536e-02  2.54558200e+00
 -1.15936333e+00  1.19026998e+00  1.23470525e+00  6.05414124e-01
 -9.72552889e-01  1.12772114e+00  8.02151729e-01 -4.03679313e-01
  2.80825187e+00 -2.14583079e+00  1.56999957e+00 -6.53918394e-01
  9.84327813e-01 -3.22879669e+00 -2.22416293e+00  3.61137248e-01
 -1.09920747e+00 -4.16579427e-01  2.76064717e-01  6.85793343e-02
 -1.80048513e+00 -1.82465321e-01 -6.47790144e-01  2.87523156e+00
 -1.10728319e+00 -1.19588622e+00 -1.13232877e+00  1.27065619e+00
  1.62669236e+00 -8.22755010e-01  2.11554906e+00 -1.53721690e+00
 -2.37372730e-01 -8.90923347e-01 -2.94390338e+00  3.10135871e+00
 -1.75392767e+00  3.03565951e+00 -1.37355733e+00 -2.40845970e+00
  3.70719605e+00 -1.20554433e+00 -6.49553571e-01 -3.02810111e+00
 -2.51624621e+00  2.98310151e+00 -1.97045792e+00 -1.67946745e+00
 -4.21378198e-01  2.96194084e+00  1.59858195e-01  2.33602977e-02
 -1.59361649e+00 -1.53242855e-01 -1.60459586e+00 -3.09018844e+00
  2.91081211e+00  1.17404280e+00 -3.28055157e-01 -2.33819154e+00
  1.00234562e+00 -1.17595909e+00 -2.69344216e-01 -2.15640889e+00
 -1.90935643e+00  1.79398875e+00 -9.72172208e-01  2.55112078e+00
 -4.34567747e-01 -3.09762560e+00 -2.81465409e+00  2.00341569e+00
 -3.07380374e+00 -2.43436284e-01 -1.03681370e+00 -1.78216536e-01
  2.35986910e+00  1.72619232e+00 -2.33665241e-01 -1.82265555e+00
 -3.02236078e+00  1.35070764e-01 -8.23974011e-01  1.48139160e+00
 -2.52137627e+00  9.80165182e-01 -7.04402393e-02  2.04132473e-01
  1.99484166e+00  7.16652722e-01  7.77472872e-01 -1.24152076e+00
  1.62600320e+00  2.53914844e+00  1.25870966e+00  2.98219029e-01
 -1.00534628e+00  2.60515955e+00  8.18426893e-01 -2.24626038e+00
 -2.86780428e-04  1.71439206e+00  1.06471531e+00 -6.35051637e-01
 -2.31743289e+00  2.43195971e+00  2.01955415e+00  1.65814230e+00
  2.26587391e+00  1.85563909e+00 -2.08855185e+00 -2.85123736e+00
  5.27475864e-01  1.39521152e+00 -2.42993453e+00 -1.32192380e+00
  2.43032055e+00  1.28993710e+00  2.49927129e-02 -1.74252690e+00
 -1.54514272e+00  1.98576697e+00  1.46937039e+00 -7.99549270e-01
 -1.29220641e-01 -4.55313853e-01 -1.88124321e-01  2.40447562e+00
 -5.45904037e-01 -6.39000883e-01  1.05588156e+00 -2.29972021e+00
  1.00581530e+00  2.55795027e+00 -4.90938146e-01  2.13008499e+00
 -1.97011657e+00 -8.75840241e-01 -2.42025428e+00 -2.29110001e+00
 -1.42361394e+00 -2.91176088e+00  1.56403121e+00  1.80340399e+00
  1.63685761e+00  1.01514515e+00  1.41668581e+00 -2.30470262e+00
 -2.69759118e+00  1.72035917e+00  9.95018104e-01 -3.97057633e-01
 -2.62319402e+00  1.55407930e+00 -1.23902150e+00 -2.49148787e+00
  4.38682048e-02]
Thu Jun 13 22:28:09 2024,497,0.0995436171707268,[-2.85458863e+00  2.11302664e+00 -1.64515263e+00  1.10282756e-01
  4.79992198e-01 -3.22039908e+00  3.25404340e+00  2.10266118e+00
  1.05285825e+00 -9.98903264e-01  5.79453378e-01  1.30454880e+00
  1.32223448e+00 -1.87475309e+00  7.81688191e-01  2.87594341e+00
 -3.97493193e-01 -4.37094143e-01 -1.91821501e+00  8.00817283e-01
  1.62690482e+00  2.91539291e+00 -1.40774518e+00 -4.06175368e-01
 -2.16990661e+00 -2.09448930e+00  3.13804072e+00  2.78810627e+00
 -7.45930539e-01 -2.65405133e+00  1.53902490e+00 -2.25809525e-01
 -2.41567905e+00  1.86790795e+00  1.12643760e+00 -6.21075905e-01
  1.11326699e+00 -2.01634012e+00 -2.16661308e-01  2.27549406e+00
 -2.57463683e-01  5.15284834e-01  2.40836671e+00  5.58889142e-01
  2.64919168e+00  2.89377486e+00  2.82810213e+00 -2.93973614e+00
  2.70796830e-01 -3.88414670e-01  1.71769311e+00  2.98083933e+00
 -3.76284070e-01 -2.38598993e+00  2.69984380e+00 -3.18988006e+00
  5.67868353e-01 -6.76168394e-01 -1.73227042e+00  3.11231304e+00
 -1.94898309e+00 -1.66078535e+00 -2.56189306e+00  2.37414370e+00
 -2.15852715e+00  1.96287974e+00  1.74472573e+00  1.47547818e+00
  2.49922975e+00  2.90425104e+00  1.96991623e+00  1.47138982e+00
 -1.77347114e+00 -2.37737731e+00  1.16218712e+00  5.81801860e-01
  1.58760738e+00 -2.81465713e+00 -9.82111853e-02  2.54368697e+00
 -1.16125837e+00  1.19216501e+00  1.23281022e+00  6.07309156e-01
 -9.70657857e-01  1.12582611e+00  8.00256697e-01 -4.01784281e-01
  2.80635684e+00 -2.14772582e+00  1.56810454e+00 -6.52023362e-01
  9.86222845e-01 -3.22690166e+00 -2.22226790e+00  3.59242217e-01
 -1.09731244e+00 -4.14684395e-01  2.74169685e-01  7.04743660e-02
 -1.80238016e+00 -1.84360353e-01 -6.49685175e-01  2.87712659e+00
 -1.10917822e+00 -1.19399119e+00 -1.13043374e+00  1.27255122e+00
  1.62479733e+00 -8.24650042e-01  2.11744409e+00 -1.53911194e+00
 -2.39267761e-01 -8.89028316e-01 -2.94579841e+00  3.09946368e+00
 -1.75582270e+00  3.03755454e+00 -1.37545236e+00 -2.41035474e+00
  3.70909108e+00 -1.20364930e+00 -6.47658539e-01 -3.02999614e+00
 -2.51814124e+00  2.98120647e+00 -1.97235295e+00 -1.67757242e+00
 -4.19483167e-01  2.96004581e+00  1.61753227e-01  2.14652659e-02
 -1.59172146e+00 -1.51347823e-01 -1.60270083e+00 -3.09208347e+00
  2.90891708e+00  1.17214777e+00 -3.26160125e-01 -2.33629651e+00
  1.00424065e+00 -1.17406406e+00 -2.67449184e-01 -2.15830393e+00
 -1.91125146e+00  1.79588378e+00 -9.74067239e-01  2.54922575e+00
 -4.36462779e-01 -3.09952063e+00 -2.81654912e+00  2.00531072e+00
 -3.07190871e+00 -2.45331315e-01 -1.03870873e+00 -1.80111568e-01
  2.35797407e+00  1.72808736e+00 -2.31770209e-01 -1.82076052e+00
 -3.02425581e+00  1.36965796e-01 -8.22078979e-01  1.47949657e+00
 -2.51948124e+00  9.78270150e-01 -6.85452076e-02  2.02237441e-01
  1.99673669e+00  7.18547754e-01  7.79367904e-01 -1.23962572e+00
  1.62410817e+00  2.53725341e+00  1.26060469e+00  3.00114060e-01
 -1.00724132e+00  2.60705459e+00  8.20321925e-01 -2.24436534e+00
  1.60825132e-03  1.71249703e+00  1.06661034e+00 -6.33156606e-01
 -2.31932792e+00  2.43385474e+00  2.01765912e+00  1.66003734e+00
  2.26397887e+00  1.85374406e+00 -2.09044688e+00 -2.84934233e+00
  5.29370895e-01  1.39331649e+00 -2.42803950e+00 -1.32002877e+00
  2.42842552e+00  1.29183213e+00  2.68877447e-02 -1.74063187e+00
 -1.54703775e+00  1.98387194e+00  1.47126542e+00 -7.97654238e-01
 -1.31115673e-01 -4.57208885e-01 -1.90019353e-01  2.40637066e+00
 -5.47799069e-01 -6.37105852e-01  1.05398653e+00 -2.29782518e+00
  1.00392027e+00  2.55984530e+00 -4.89043114e-01  2.13198003e+00
 -1.97201160e+00 -8.73945209e-01 -2.41835925e+00 -2.28920498e+00
 -1.42171891e+00 -2.90986585e+00  1.56213618e+00  1.80529902e+00
  1.63875265e+00  1.01704018e+00  1.41479078e+00 -2.30280759e+00
 -2.69569615e+00  1.72225420e+00  9.96913136e-01 -3.95162602e-01
 -2.62129899e+00  1.55218427e+00 -1.23712647e+00 -2.48959284e+00
  4.19731730e-02]
Thu Jun 13 22:28:24 2024,498,0.09946772454602178,[-2.85360537e+00  2.11400991e+00 -1.64416937e+00  1.09299494e-01
  4.79008936e-01 -3.22138234e+00  3.25306014e+00  2.10364444e+00
  1.05187499e+00 -9.99886525e-01  5.78470116e-01  1.30553206e+00
  1.32125122e+00 -1.87573635e+00  7.80704930e-01  2.87692668e+00
 -3.98476455e-01 -4.36110881e-01 -1.91723175e+00  7.99834021e-01
  1.62592156e+00  2.91637617e+00 -1.40676192e+00 -4.07158630e-01
 -2.17088987e+00 -2.09350603e+00  3.13705746e+00  2.78712301e+00
 -7.46913801e-01 -2.65306806e+00  1.53804164e+00 -2.26792787e-01
 -2.41469579e+00  1.86692469e+00  1.12545434e+00 -6.20092644e-01
  1.11425025e+00 -2.01732338e+00 -2.17644570e-01  2.27451080e+00
 -2.58446944e-01  5.16268095e-01  2.40738345e+00  5.59872404e-01
  2.65017494e+00  2.89475812e+00  2.82908539e+00 -2.94071940e+00
  2.71780091e-01 -3.89397932e-01  1.71867638e+00  2.97985607e+00
 -3.75300809e-01 -2.38697319e+00  2.69886054e+00 -3.19086332e+00
  5.66885092e-01 -6.77151655e-01 -1.73325368e+00  3.11329630e+00
 -1.94799983e+00 -1.65980209e+00 -2.56090980e+00  2.37316043e+00
 -2.15951041e+00  1.96386300e+00  1.74570899e+00  1.47646145e+00
  2.50021301e+00  2.90523430e+00  1.96893297e+00  1.47040656e+00
 -1.77445440e+00 -2.37836057e+00  1.16120386e+00  5.80818598e-01
  1.58662412e+00 -2.81564039e+00 -9.72279237e-02  2.54270371e+00
 -1.16027510e+00  1.19118175e+00  1.23379348e+00  6.08292417e-01
 -9.71641119e-01  1.12484285e+00  7.99273435e-01 -4.00801020e-01
  2.80734010e+00 -2.14870908e+00  1.56908780e+00 -6.53006624e-01
  9.85239584e-01 -3.22788492e+00 -2.22128463e+00  3.58258955e-01
 -1.09829570e+00 -4.15667656e-01  2.73186424e-01  7.14576276e-02
 -1.80139690e+00 -1.83377092e-01 -6.50668437e-01  2.87614333e+00
 -1.11016148e+00 -1.19497445e+00 -1.13141700e+00  1.27353448e+00
  1.62381406e+00 -8.23666781e-01  2.11646083e+00 -1.54009520e+00
 -2.38284500e-01 -8.90011577e-01 -2.94678167e+00  3.09848042e+00
 -1.75483944e+00  3.03657128e+00 -1.37446910e+00 -2.40937147e+00
  3.71007434e+00 -1.20463256e+00 -6.46675277e-01 -3.02901288e+00
 -2.51715798e+00  2.98022321e+00 -1.97333621e+00 -1.67658916e+00
 -4.20466428e-01  2.96102907e+00  1.60769965e-01  2.04820043e-02
 -1.59073820e+00 -1.50364561e-01 -1.60171757e+00 -3.09110021e+00
  2.90990034e+00  1.17313103e+00 -3.25176863e-01 -2.33727977e+00
  1.00522391e+00 -1.17504732e+00 -2.68432446e-01 -2.15928719e+00
 -1.91223473e+00  1.79686704e+00 -9.75050501e-01  2.54824248e+00
 -4.35479517e-01 -3.09853737e+00 -2.81556586e+00  2.00629398e+00
 -3.07289197e+00 -2.44348054e-01 -1.03772547e+00 -1.81094829e-01
  2.35895733e+00  1.72710409e+00 -2.30786948e-01 -1.81977725e+00
 -3.02523907e+00  1.37949057e-01 -8.21095717e-01  1.48047983e+00
 -2.51849798e+00  9.77286888e-01 -6.75619460e-02  2.03220703e-01
  1.99771996e+00  7.19531016e-01  7.80351166e-01 -1.23864246e+00
  1.62312490e+00  2.53627015e+00  1.26158795e+00  3.01097322e-01
 -1.00625805e+00  2.60607132e+00  8.19338663e-01 -2.24338208e+00
  2.59151294e-03  1.71151377e+00  1.06562708e+00 -6.34139867e-01
 -2.31834466e+00  2.43483800e+00  2.01864238e+00  1.66102060e+00
  2.26496214e+00  1.85276080e+00 -2.09143014e+00 -2.85032559e+00
  5.30354157e-01  1.39429975e+00 -2.42902276e+00 -1.32101203e+00
  2.42940878e+00  1.29281539e+00  2.78710063e-02 -1.73964861e+00
 -1.54605449e+00  1.98288868e+00  1.47028216e+00 -7.98637500e-01
 -1.32098934e-01 -4.58192146e-01 -1.91002614e-01  2.40538739e+00
 -5.46815807e-01 -6.36122590e-01  1.05300327e+00 -2.29684191e+00
  1.00293701e+00  2.55886204e+00 -4.90026376e-01  2.13099676e+00
 -1.97102834e+00 -8.74928471e-01 -2.41737599e+00 -2.29018824e+00
 -1.42270217e+00 -2.90888259e+00  1.56115291e+00  1.80431576e+00
  1.63776938e+00  1.01802345e+00  1.41577404e+00 -2.30379085e+00
 -2.69471289e+00  1.72323746e+00  9.95929874e-01 -3.96145863e-01
 -2.62031573e+00  1.55316753e+00 -1.23810973e+00 -2.49057610e+00
  4.09899114e-02]
Thu Jun 13 22:28:49 2024,499,0.09936078283532349,[-2.85264811e+00  2.11305265e+00 -1.64512663e+00  1.08342236e-01
  4.78051678e-01 -3.22233960e+00  3.25401740e+00  2.10460170e+00
  1.05091773e+00 -1.00084378e+00  5.77512858e-01  1.30648932e+00
  1.32220848e+00 -1.87669361e+00  7.79747671e-01  2.87596942e+00
 -3.99433713e-01 -4.37068139e-01 -1.91818901e+00  8.00791280e-01
  1.62687882e+00  2.91541892e+00 -1.40580466e+00 -4.08115888e-01
 -2.16993261e+00 -2.09254878e+00  3.13610020e+00  2.78616575e+00
 -7.47871059e-01 -2.65402532e+00  1.53899890e+00 -2.27750045e-01
 -2.41373853e+00  1.86596743e+00  1.12449708e+00 -6.21049902e-01
  1.11329299e+00 -2.01636612e+00 -2.16687312e-01  2.27355354e+00
 -2.59404203e-01  5.17225354e-01  2.40642619e+00  5.60829662e-01
  2.64921768e+00  2.89380087e+00  2.82812813e+00 -2.93976214e+00
  2.72737350e-01 -3.88440673e-01  1.71771912e+00  2.98081333e+00
 -3.74343550e-01 -2.38601593e+00  2.69790328e+00 -3.18990606e+00
  5.67842350e-01 -6.78108914e-01 -1.73421094e+00  3.11425356e+00
 -1.94895709e+00 -1.65884483e+00 -2.55995254e+00  2.37411769e+00
 -2.16046767e+00  1.96482026e+00  1.74666625e+00  1.47550419e+00
  2.50117027e+00  2.90427704e+00  1.96797571e+00  1.47136382e+00
 -1.77349715e+00 -2.37931783e+00  1.16216112e+00  5.81775856e-01
  1.58566686e+00 -2.81468313e+00 -9.81851820e-02  2.54366097e+00
 -1.15931785e+00  1.19022449e+00  1.23475074e+00  6.09249676e-01
 -9.70683860e-01  1.12580010e+00  7.98316177e-01 -4.01758278e-01
  2.80829736e+00 -2.14966634e+00  1.57004506e+00 -6.53963882e-01
  9.86196842e-01 -3.22884217e+00 -2.22032738e+00  3.59216213e-01
 -1.09925296e+00 -4.16624915e-01  2.74143682e-01  7.05003693e-02
 -1.80043964e+00 -1.82419833e-01 -6.49711179e-01  2.87710059e+00
 -1.10920422e+00 -1.19401719e+00 -1.13237426e+00  1.27257722e+00
  1.62285681e+00 -8.24624039e-01  2.11741809e+00 -1.54105246e+00
 -2.37327241e-01 -8.89054319e-01 -2.94773893e+00  3.09943768e+00
 -1.75579669e+00  3.03561402e+00 -1.37542636e+00 -2.40841422e+00
  3.70911708e+00 -1.20558982e+00 -6.45718019e-01 -3.02997013e+00
 -2.51620072e+00  2.97926595e+00 -1.97237895e+00 -1.67563190e+00
 -4.21423686e-01  2.96007181e+00  1.59812707e-01  1.95247460e-02
 -1.59169546e+00 -1.49407303e-01 -1.60267482e+00 -3.09205747e+00
  2.90894308e+00  1.17217377e+00 -3.24219605e-01 -2.33823703e+00
  1.00426666e+00 -1.17600458e+00 -2.67475188e-01 -2.15832993e+00
 -1.91319198e+00  1.79590978e+00 -9.74093243e-01  2.54728523e+00
 -4.34522259e-01 -3.09949463e+00 -2.81652312e+00  2.00725124e+00
 -3.07193472e+00 -2.43390795e-01 -1.03676821e+00 -1.82052088e-01
  2.35991459e+00  1.72806135e+00 -2.31744206e-01 -1.81882000e+00
 -3.02428181e+00  1.36991799e-01 -8.22052976e-01  1.47952257e+00
 -2.51945524e+00  9.78244147e-01 -6.66046876e-02  2.02263445e-01
  1.99676270e+00  7.20488274e-01  7.79393908e-01 -1.23768520e+00
  1.62408216e+00  2.53531289e+00  1.26063070e+00  3.00140064e-01
 -1.00530080e+00  2.60702858e+00  8.20295921e-01 -2.24433934e+00
  1.63425462e-03  1.71247102e+00  1.06658434e+00 -6.35097126e-01
 -2.31738740e+00  2.43579526e+00  2.01959964e+00  1.66006334e+00
  2.26400488e+00  1.85180354e+00 -2.09238740e+00 -2.84936833e+00
  5.31311415e-01  1.39334249e+00 -2.42998002e+00 -1.32005477e+00
  2.42845152e+00  1.29377265e+00  2.69137480e-02 -1.74060587e+00
 -1.54701175e+00  1.98193142e+00  1.46932490e+00 -7.99594758e-01
 -1.33056193e-01 -4.59149404e-01 -1.91959873e-01  2.40443014e+00
 -5.45858549e-01 -6.35165332e-01  1.05204601e+00 -2.29779917e+00
  1.00389427e+00  2.55981929e+00 -4.90983634e-01  2.13003951e+00
 -1.97198560e+00 -8.75885729e-01 -2.41641873e+00 -2.29114550e+00
 -1.42365943e+00 -2.90983985e+00  1.56211017e+00  1.80527302e+00
  1.63681213e+00  1.01898070e+00  1.41673130e+00 -2.30474811e+00
 -2.69567014e+00  1.72419472e+00  9.94972616e-01 -3.97103122e-01
 -2.61935847e+00  1.55221027e+00 -1.23715247e+00 -2.48961884e+00
  4.00326531e-02]
Thu Jun 13 22:29:11 2024,500,0.09936905297094648,[-2.85335401e+00  2.11234675e+00 -1.64583252e+00  1.09048129e-01
  4.78757571e-01 -3.22304550e+00  3.25472329e+00  2.10389580e+00
  1.05162362e+00 -1.00013789e+00  5.78218751e-01  1.30578343e+00
  1.32150258e+00 -1.87598772e+00  7.79041778e-01  2.87667531e+00
 -4.00139606e-01 -4.36362246e-01 -1.91889490e+00  8.00085387e-01
  1.62758471e+00  2.91612481e+00 -1.40509877e+00 -4.07409995e-01
 -2.17063851e+00 -2.09325467e+00  3.13539431e+00  2.78687164e+00
 -7.48576952e-01 -2.65331943e+00  1.53829300e+00 -2.27044152e-01
 -2.41444442e+00  1.86667333e+00  1.12379119e+00 -6.20344009e-01
  1.11399889e+00 -2.01707201e+00 -2.17393205e-01  2.27425943e+00
 -2.58698310e-01  5.16519461e-01  2.40572030e+00  5.60123769e-01
  2.64992358e+00  2.89309497e+00  2.82742224e+00 -2.93905625e+00
  2.73443243e-01 -3.87734780e-01  1.71701322e+00  2.98151922e+00
 -3.73637657e-01 -2.38672182e+00  2.69719739e+00 -3.18920017e+00
  5.67136457e-01 -6.78814807e-01 -1.73350504e+00  3.11495945e+00
 -1.94966298e+00 -1.65813893e+00 -2.55924665e+00  2.37482359e+00
 -2.16117356e+00  1.96411436e+00  1.74737214e+00  1.47479829e+00
  2.50187616e+00  2.90498294e+00  1.96868160e+00  1.47206971e+00
 -1.77279125e+00 -2.37861194e+00  1.16286701e+00  5.81069963e-01
  1.58496097e+00 -2.81538903e+00 -9.88910752e-02  2.54436686e+00
 -1.15861195e+00  1.18951860e+00  1.23545664e+00  6.09955569e-01
 -9.71389753e-01  1.12650600e+00  7.97610284e-01 -4.01052385e-01
  2.80759147e+00 -2.14896045e+00  1.56933917e+00 -6.53257989e-01
  9.85490949e-01 -3.22813628e+00 -2.21962148e+00  3.59922106e-01
 -1.09854706e+00 -4.17330808e-01  2.74849575e-01  6.97944761e-02
 -1.80114554e+00 -1.83125726e-01 -6.50417072e-01  2.87780648e+00
 -1.10991011e+00 -1.19472308e+00 -1.13166837e+00  1.27328312e+00
  1.62356270e+00 -8.25329932e-01  2.11671219e+00 -1.54175835e+00
 -2.38033135e-01 -8.88348426e-01 -2.94844483e+00  3.10014357e+00
 -1.75650259e+00  3.03631992e+00 -1.37613225e+00 -2.40770832e+00
  3.70841119e+00 -1.20488393e+00 -6.45012126e-01 -3.03067603e+00
 -2.51690661e+00  2.97856006e+00 -1.97167306e+00 -1.67492601e+00
 -4.20717793e-01  2.96077771e+00  1.59106814e-01  1.88188528e-02
 -1.59240135e+00 -1.50113196e-01 -1.60196893e+00 -3.09276336e+00
  2.90964898e+00  1.17287967e+00 -3.23513712e-01 -2.33753113e+00
  1.00497255e+00 -1.17529869e+00 -2.66769295e-01 -2.15903582e+00
 -1.91248609e+00  1.79661568e+00 -9.74799136e-01  2.54657933e+00
 -4.33816366e-01 -3.09878874e+00 -2.81581722e+00  2.00654534e+00
 -3.07122882e+00 -2.42684902e-01 -1.03747411e+00 -1.81346195e-01
  2.36062048e+00  1.72735546e+00 -2.32450099e-01 -1.81811410e+00
 -3.02357592e+00  1.37697692e-01 -8.22758869e-01  1.47881668e+00
 -2.52016113e+00  9.78950040e-01 -6.73105808e-02  2.02969338e-01
  1.99746859e+00  7.19782381e-01  7.80099801e-01 -1.23839110e+00
  1.62337627e+00  2.53460699e+00  1.25992480e+00  2.99434171e-01
 -1.00600669e+00  2.60773448e+00  8.19590028e-01 -2.24504523e+00
  9.28361439e-04  1.71317692e+00  1.06587844e+00 -6.34391232e-01
 -2.31668151e+00  2.43650115e+00  2.01889375e+00  1.65935745e+00
  2.26471077e+00  1.85109765e+00 -2.09168151e+00 -2.85007422e+00
  5.30605522e-01  1.39404838e+00 -2.42927413e+00 -1.31934888e+00
  2.42915741e+00  1.29306675e+00  2.62078548e-02 -1.73989997e+00
 -1.54771764e+00  1.98263731e+00  1.47003079e+00 -7.98888865e-01
 -1.32350299e-01 -4.58443511e-01 -1.92665766e-01  2.40513603e+00
 -5.46564442e-01 -6.35871225e-01  1.05134012e+00 -2.29709328e+00
  1.00460016e+00  2.56052519e+00 -4.90277741e-01  2.13074540e+00
 -1.97269149e+00 -8.75179836e-01 -2.41571284e+00 -2.29185139e+00
 -1.42436532e+00 -2.90913396e+00  1.56140428e+00  1.80597891e+00
  1.63751802e+00  1.01827481e+00  1.41743719e+00 -2.30545400e+00
 -2.69637604e+00  1.72490061e+00  9.94266723e-01 -3.97809015e-01
 -2.62006436e+00  1.55291616e+00 -1.23785837e+00 -2.49032473e+00
  3.93267599e-02]
Thu Jun 13 22:29:48 2024,501,0.09873043257049255,[-2.85641156e+00  2.11540430e+00 -1.64277497e+00  1.05990579e-01
  4.75700021e-01 -3.22610305e+00  3.25778084e+00  2.10083825e+00
  1.04856607e+00 -1.00319544e+00  5.75161201e-01  1.30884098e+00
  1.31844503e+00 -1.87293017e+00  7.75984228e-01  2.87361776e+00
 -4.03197157e-01 -4.33304696e-01 -1.91583735e+00  8.03142937e-01
  1.62452716e+00  2.91306726e+00 -1.40815632e+00 -4.04352445e-01
 -2.17369606e+00 -2.09631222e+00  3.13233676e+00  2.78992919e+00
 -7.45519402e-01 -2.65026188e+00  1.53523545e+00 -2.23986602e-01
 -2.41750197e+00  1.86361578e+00  1.12073364e+00 -6.23401559e-01
  1.11094134e+00 -2.01401446e+00 -2.14335655e-01  2.27731698e+00
 -2.61755860e-01  5.13461910e-01  2.40877785e+00  5.63181319e-01
  2.65298113e+00  2.89615252e+00  2.82436469e+00 -2.93599870e+00
  2.76500793e-01 -3.84677230e-01  1.71395567e+00  2.98457677e+00
 -3.70580107e-01 -2.38977937e+00  2.69413984e+00 -3.18614262e+00
  5.64078907e-01 -6.81872357e-01 -1.73656259e+00  3.11190190e+00
 -1.95272053e+00 -1.66119648e+00 -2.56230420e+00  2.37176604e+00
 -2.15811601e+00  1.96105681e+00  1.74431459e+00  1.47174074e+00
  2.50493371e+00  2.90192539e+00  1.96562405e+00  1.47512726e+00
 -1.76973370e+00 -2.37555439e+00  1.16592456e+00  5.84127513e-01
  1.58801852e+00 -2.81233148e+00 -1.01948625e-01  2.54130931e+00
 -1.15555440e+00  1.18646105e+00  1.23851419e+00  6.13013119e-01
 -9.74447303e-01  1.12956355e+00  8.00667834e-01 -3.97994835e-01
  2.80453392e+00 -2.14590290e+00  1.56628162e+00 -6.56315539e-01
  9.82433399e-01 -3.22507873e+00 -2.21656393e+00  3.56864556e-01
 -1.10160461e+00 -4.14273258e-01  2.71792025e-01  7.28520262e-02
 -1.79808799e+00 -1.86183277e-01 -6.47359522e-01  2.88086403e+00
 -1.11296766e+00 -1.19166553e+00 -1.13472592e+00  1.27634067e+00
  1.62662025e+00 -8.28387482e-01  2.11365464e+00 -1.53870080e+00
 -2.41090685e-01 -8.85290876e-01 -2.94538728e+00  3.10320112e+00
 -1.75344504e+00  3.03937747e+00 -1.37307470e+00 -2.40465077e+00
  3.70535364e+00 -1.20794148e+00 -6.41954576e-01 -3.03373358e+00
 -2.51384906e+00  2.98161761e+00 -1.97473061e+00 -1.67798356e+00
 -4.17660243e-01  2.96383526e+00  1.62164364e-01  2.18764029e-02
 -1.59545890e+00 -1.53170746e-01 -1.59891138e+00 -3.09582091e+00
  2.91270653e+00  1.16982212e+00 -3.20456162e-01 -2.33447358e+00
  1.00191500e+00 -1.17224114e+00 -2.63711744e-01 -2.16209337e+00
 -1.90942854e+00  1.79967323e+00 -9.77856686e-01  2.54963688e+00
 -4.30758816e-01 -3.10184629e+00 -2.81887477e+00  2.00960289e+00
 -3.06817127e+00 -2.45742452e-01 -1.04053166e+00 -1.78288645e-01
  2.36367803e+00  1.72429791e+00 -2.35507649e-01 -1.81505655e+00
 -3.02663347e+00  1.40755242e-01 -8.19701319e-01  1.47575913e+00
 -2.52321868e+00  9.82007590e-01 -7.03681309e-02  2.06026888e-01
  1.99441104e+00  7.22839931e-01  7.77042251e-01 -1.23533355e+00
  1.62031872e+00  2.53154944e+00  1.25686725e+00  3.02491721e-01
 -1.00294914e+00  2.61079203e+00  8.22647578e-01 -2.24810278e+00
 -2.12918864e-03  1.71623447e+00  1.06282089e+00 -6.37448783e-01
 -2.31973906e+00  2.43955870e+00  2.02195130e+00  1.65629990e+00
  2.26165322e+00  1.85415520e+00 -2.09473906e+00 -2.84701667e+00
  5.33663072e-01  1.39099083e+00 -2.42621658e+00 -1.32240643e+00
  2.43221496e+00  1.29000920e+00  2.92654049e-02 -1.74295752e+00
 -1.54466009e+00  1.97957976e+00  1.46697324e+00 -8.01946415e-01
 -1.35407849e-01 -4.55385961e-01 -1.89608216e-01  2.40207848e+00
 -5.49621992e-01 -6.38928775e-01  1.05439767e+00 -2.29403573e+00
  1.00765771e+00  2.56358274e+00 -4.87220191e-01  2.13380295e+00
 -1.96963394e+00 -8.78237386e-01 -2.41877039e+00 -2.28879384e+00
 -1.42742287e+00 -2.90607641e+00  1.55834673e+00  1.80903646e+00
  1.64057557e+00  1.02133236e+00  1.41437964e+00 -2.30239645e+00
 -2.69943359e+00  1.72184306e+00  9.91209173e-01 -3.94751465e-01
 -2.62312191e+00  1.54985861e+00 -1.23480082e+00 -2.49338228e+00
  4.23843100e-02]
Thu Jun 13 22:30:16 2024,502,0.09864211953676806,[-2.85476251e+00  2.11705335e+00 -1.64112592e+00  1.04341531e-01
  4.77349069e-01 -3.22445400e+00  3.25942989e+00  2.10248730e+00
  1.04691702e+00 -1.00154639e+00  5.76810250e-01  1.30719193e+00
  1.32009408e+00 -1.87128112e+00  7.74335180e-01  2.87526681e+00
 -4.04846205e-01 -4.34953744e-01 -1.91748640e+00  8.04791985e-01
  1.62287811e+00  2.91141821e+00 -1.40980536e+00 -4.06001493e-01
 -2.17204701e+00 -2.09466317e+00  3.13068771e+00  2.78828014e+00
 -7.47168450e-01 -2.65191093e+00  1.53358641e+00 -2.22337554e-01
 -2.41915102e+00  1.86526483e+00  1.11908459e+00 -6.25050607e-01
  1.10929229e+00 -2.01236541e+00 -2.12686606e-01  2.27896603e+00
 -2.60106811e-01  5.11812862e-01  2.40712880e+00  5.61532271e-01
  2.65463018e+00  2.89450347e+00  2.82601373e+00 -2.93434965e+00
  2.78149841e-01 -3.83028182e-01  1.71560472e+00  2.98622582e+00
 -3.68931059e-01 -2.38813033e+00  2.69578889e+00 -3.18779167e+00
  5.65727955e-01 -6.80223308e-01 -1.73821164e+00  3.11025285e+00
 -1.95436958e+00 -1.65954744e+00 -2.56065515e+00  2.37341508e+00
 -2.15646696e+00  1.95940777e+00  1.74596364e+00  1.47338979e+00
  2.50658276e+00  2.90357444e+00  1.96727310e+00  1.47347821e+00
 -1.77138275e+00 -2.37390534e+00  1.16427551e+00  5.85776562e-01
  1.58966757e+00 -2.81398052e+00 -1.03597674e-01  2.53966026e+00
 -1.15720345e+00  1.18811010e+00  1.23686514e+00  6.11364071e-01
 -9.76096352e-01  1.13121260e+00  7.99018786e-01 -3.99643883e-01
  2.80618297e+00 -2.14425385e+00  1.56793067e+00 -6.54666491e-01
  9.80784350e-01 -3.22342968e+00 -2.21821298e+00  3.58513605e-01
 -1.10325366e+00 -4.12624210e-01  2.70142977e-01  7.12029778e-02
 -1.79643894e+00 -1.87832325e-01 -6.49008570e-01  2.88251308e+00
 -1.11461671e+00 -1.19001648e+00 -1.13637497e+00  1.27469162e+00
  1.62497120e+00 -8.26738434e-01  2.11200560e+00 -1.53705175e+00
 -2.42739733e-01 -8.83641827e-01 -2.94373823e+00  3.10485017e+00
 -1.75179599e+00  3.04102651e+00 -1.37142565e+00 -2.40300172e+00
  3.70700269e+00 -1.20629243e+00 -6.40305527e-01 -3.03208453e+00
 -2.51220001e+00  2.97996856e+00 -1.97308156e+00 -1.67633451e+00
 -4.19309292e-01  2.96548430e+00  1.63813412e-01  2.35254512e-02
 -1.59710795e+00 -1.51521698e-01 -1.60056043e+00 -3.09746996e+00
  2.91435558e+00  1.17147117e+00 -3.22105210e-01 -2.33282454e+00
  1.00356405e+00 -1.17059209e+00 -2.65360793e-01 -2.16044432e+00
 -1.91107759e+00  1.80132228e+00 -9.76207638e-01  2.55128593e+00
 -4.29109767e-01 -3.10349533e+00 -2.82052382e+00  2.00795385e+00
 -3.06982032e+00 -2.44093404e-01 -1.03888261e+00 -1.79937693e-01
  2.36202899e+00  1.72264886e+00 -2.33858601e-01 -1.81340750e+00
 -3.02828252e+00  1.42404291e-01 -8.21350367e-01  1.47411008e+00
 -2.52486773e+00  9.83656638e-01 -6.87190825e-02  2.04377840e-01
  1.99276199e+00  7.21190882e-01  7.75393202e-01 -1.23698260e+00
  1.61866967e+00  2.52990040e+00  1.25851630e+00  3.04140769e-01
 -1.00130009e+00  2.61244107e+00  8.20998530e-01 -2.24975183e+00
 -4.80140249e-04  1.71788352e+00  1.06446994e+00 -6.39097831e-01
 -2.32138811e+00  2.44120775e+00  2.02030225e+00  1.65465085e+00
  2.26330227e+00  1.85250615e+00 -2.09638811e+00 -2.84536763e+00
  5.35312121e-01  1.38934179e+00 -2.42456753e+00 -1.32075738e+00
  2.43386401e+00  1.28836016e+00  3.09144532e-02 -1.74460657e+00
 -1.54630914e+00  1.97793071e+00  1.46862229e+00 -8.03595463e-01
 -1.33758801e-01 -4.53736913e-01 -1.87959167e-01  2.40042943e+00
 -5.47972944e-01 -6.37279727e-01  1.05604672e+00 -2.29568478e+00
  1.00930676e+00  2.56523179e+00 -4.88869240e-01  2.13545200e+00
 -1.96798489e+00 -8.76588338e-01 -2.42041944e+00 -2.28714479e+00
 -1.42577383e+00 -2.90772545e+00  1.55999578e+00  1.80738742e+00
  1.64222462e+00  1.02298141e+00  1.41602869e+00 -2.30404550e+00
 -2.69778454e+00  1.72019401e+00  9.89560124e-01 -3.96400513e-01
 -2.62477096e+00  1.55150766e+00 -1.23644986e+00 -2.49503133e+00
  4.07352616e-02]
Thu Jun 13 22:30:53 2024,503,0.09861241390988562,[-2.85393965e+00  2.11623049e+00 -1.64194878e+00  1.05164389e-01
  4.78171927e-01 -3.22363114e+00  3.26025275e+00  2.10166444e+00
  1.04609416e+00 -1.00072353e+00  5.75987391e-01  1.30636907e+00
  1.32091694e+00 -1.87210398e+00  7.73512321e-01  2.87608967e+00
 -4.05669063e-01 -4.35776603e-01 -1.91666354e+00  8.05614843e-01
  1.62370097e+00  2.91059535e+00 -1.41062822e+00 -4.05178635e-01
 -2.17122415e+00 -2.09548603e+00  3.13151057e+00  2.78745728e+00
 -7.46345592e-01 -2.65273379e+00  1.53276355e+00 -2.23160412e-01
 -2.41997388e+00  1.86444197e+00  1.11826173e+00 -6.24227749e-01
  1.10846943e+00 -2.01318827e+00 -2.11863748e-01  2.27814317e+00
 -2.59283953e-01  5.12635720e-01  2.40795166e+00  5.62355129e-01
  2.65380732e+00  2.89368062e+00  2.82519088e+00 -2.93517251e+00
  2.77326983e-01 -3.83851040e-01  1.71642758e+00  2.98540297e+00
 -3.68108200e-01 -2.38895318e+00  2.69661175e+00 -3.18861452e+00
  5.64905097e-01 -6.79400450e-01 -1.73738878e+00  3.11107571e+00
 -1.95354672e+00 -1.65872458e+00 -2.55983229e+00  2.37423794e+00
 -2.15728982e+00  1.96023062e+00  1.74514078e+00  1.47256693e+00
  2.50575990e+00  2.90439729e+00  1.96809596e+00  1.47265535e+00
 -1.77055989e+00 -2.37308248e+00  1.16345265e+00  5.86599420e-01
  1.58884471e+00 -2.81480338e+00 -1.04420532e-01  2.53883740e+00
 -1.15802631e+00  1.18893295e+00  1.23768800e+00  6.10541212e-01
 -9.75273494e-01  1.13203545e+00  7.99841644e-01 -4.00466741e-01
  2.80536011e+00 -2.14507671e+00  1.56875352e+00 -6.53843632e-01
  9.79961492e-01 -3.22425254e+00 -2.21903584e+00  3.59336463e-01
 -1.10243080e+00 -4.11801351e-01  2.70965835e-01  7.20258361e-02
 -1.79561608e+00 -1.87009467e-01 -6.49831428e-01  2.88333594e+00
 -1.11543957e+00 -1.19083934e+00 -1.13719783e+00  1.27386876e+00
  1.62414834e+00 -8.25915576e-01  2.11282845e+00 -1.53622889e+00
 -2.41916875e-01 -8.84464685e-01 -2.94456109e+00  3.10567303e+00
 -1.75097313e+00  3.04020366e+00 -1.37224851e+00 -2.40217887e+00
  3.70617983e+00 -1.20546957e+00 -6.41128386e-01 -3.03290739e+00
 -2.51137716e+00  2.97914571e+00 -1.97225871e+00 -1.67551165e+00
 -4.20132150e-01  2.96466145e+00  1.62990554e-01  2.27025930e-02
 -1.59793081e+00 -1.50698840e-01 -1.59973757e+00 -3.09664710e+00
  2.91517843e+00  1.17229402e+00 -3.22928069e-01 -2.33200168e+00
  1.00274119e+00 -1.17141495e+00 -2.66183651e-01 -2.16126718e+00
 -1.91190045e+00  1.80214513e+00 -9.75384779e-01  2.55046307e+00
 -4.28286909e-01 -3.10267248e+00 -2.82134668e+00  2.00877670e+00
 -3.07064318e+00 -2.44916262e-01 -1.03805975e+00 -1.80760551e-01
  2.36285184e+00  1.72347172e+00 -2.33035743e-01 -1.81258465e+00
 -3.02745966e+00  1.43227149e-01 -8.22173226e-01  1.47493294e+00
 -2.52569059e+00  9.82833780e-01 -6.95419408e-02  2.05200698e-01
  1.99193913e+00  7.20368024e-01  7.76216061e-01 -1.23615974e+00
  1.61784681e+00  2.52907754e+00  1.25933916e+00  3.04963627e-01
 -1.00212295e+00  2.61326393e+00  8.21821388e-01 -2.24892897e+00
 -1.30299853e-03  1.71870637e+00  1.06364708e+00 -6.39920689e-01
 -2.32221097e+00  2.44038489e+00  2.02112511e+00  1.65382799e+00
  2.26247941e+00  1.85332901e+00 -2.09556525e+00 -2.84454477e+00
  5.36134979e-01  1.38851893e+00 -2.42374467e+00 -1.32158024e+00
  2.43304115e+00  1.28753730e+00  3.00915950e-02 -1.74542943e+00
 -1.54548628e+00  1.97875357e+00  1.46944515e+00 -8.04418322e-01
 -1.34581659e-01 -4.54559771e-01 -1.87136309e-01  2.40125229e+00
 -5.47150085e-01 -6.38102585e-01  1.05686958e+00 -2.29650764e+00
  1.01012962e+00  2.56440893e+00 -4.89692098e-01  2.13462914e+00
 -1.96716203e+00 -8.75765479e-01 -2.41959658e+00 -2.28796765e+00
 -1.42495097e+00 -2.90854831e+00  1.55917292e+00  1.80821027e+00
  1.64140176e+00  1.02380427e+00  1.41685155e+00 -2.30486836e+00
 -2.69860740e+00  1.72101687e+00  9.88737266e-01 -3.97223371e-01
 -2.62394810e+00  1.55068480e+00 -1.23562701e+00 -2.49420847e+00
  4.15581199e-02]
Thu Jun 13 22:31:08 2024,504,0.09861064907331163,[-2.85450283e+00  2.11679367e+00 -1.64251196e+00  1.05727562e-01
  4.78735101e-01 -3.22419431e+00  3.25968958e+00  2.10222762e+00
  1.04553099e+00 -1.00128671e+00  5.75424218e-01  1.30693224e+00
  1.32148011e+00 -1.87154080e+00  7.72949148e-01  2.87665284e+00
 -4.06232237e-01 -4.36339776e-01 -1.91610037e+00  8.06178017e-01
  1.62426414e+00  2.91115853e+00 -1.41119140e+00 -4.05741808e-01
 -2.17066098e+00 -2.09604920e+00  3.13207374e+00  2.78689411e+00
 -7.46908766e-01 -2.65217061e+00  1.53332672e+00 -2.23723585e-01
 -2.42053705e+00  1.86500514e+00  1.11882491e+00 -6.23664575e-01
  1.10790626e+00 -2.01262510e+00 -2.12426922e-01  2.27758000e+00
 -2.58720779e-01  5.12072547e-01  2.40738849e+00  5.61791955e-01
  2.65324414e+00  2.89311744e+00  2.82575405e+00 -2.93573568e+00
  2.77890157e-01 -3.84414214e-01  1.71586441e+00  2.98483979e+00
 -3.67545027e-01 -2.38839001e+00  2.69717492e+00 -3.18917770e+00
  5.65468270e-01 -6.78837277e-01 -1.73795196e+00  3.11163889e+00
 -1.95298355e+00 -1.65928775e+00 -2.56039547e+00  2.37480112e+00
 -2.15672665e+00  1.96079380e+00  1.74570396e+00  1.47313011e+00
  2.50519673e+00  2.90496047e+00  1.96865913e+00  1.47321853e+00
 -1.77112307e+00 -2.37364565e+00  1.16401583e+00  5.86036246e-01
  1.58940788e+00 -2.81536656e+00 -1.03857358e-01  2.53940058e+00
 -1.15746314e+00  1.18836978e+00  1.23825117e+00  6.11104386e-01
 -9.74710320e-01  1.13259863e+00  8.00404817e-01 -3.99903568e-01
  2.80479693e+00 -2.14563988e+00  1.56819035e+00 -6.53280459e-01
  9.79398318e-01 -3.22368937e+00 -2.21959901e+00  3.58773289e-01
 -1.10186763e+00 -4.11238178e-01  2.71529009e-01  7.14626625e-02
 -1.79617925e+00 -1.86446293e-01 -6.49268255e-01  2.88277277e+00
 -1.11600274e+00 -1.19027617e+00 -1.13776100e+00  1.27330559e+00
  1.62471152e+00 -8.26478749e-01  2.11226528e+00 -1.53566572e+00
 -2.42480048e-01 -8.85027859e-01 -2.94399791e+00  3.10623620e+00
 -1.75153630e+00  3.03964048e+00 -1.37168534e+00 -2.40161569e+00
  3.70674300e+00 -1.20603274e+00 -6.41691559e-01 -3.03347056e+00
 -2.51194033e+00  2.97858253e+00 -1.97169553e+00 -1.67607483e+00
 -4.19568976e-01  2.96409827e+00  1.63553728e-01  2.21394194e-02
 -1.59849398e+00 -1.51262013e-01 -1.59917440e+00 -3.09721027e+00
  2.91461526e+00  1.17285720e+00 -3.23491242e-01 -2.33143850e+00
  1.00330436e+00 -1.17085177e+00 -2.66746825e-01 -2.16070401e+00
 -1.91246362e+00  1.80270831e+00 -9.74821606e-01  2.55102625e+00
 -4.27723735e-01 -3.10210930e+00 -2.82078351e+00  2.00933988e+00
 -3.07120635e+00 -2.45479436e-01 -1.03749658e+00 -1.81323725e-01
  2.36341502e+00  1.72403489e+00 -2.32472569e-01 -1.81314782e+00
 -3.02802283e+00  1.42663975e-01 -8.22736399e-01  1.47436976e+00
 -2.52512741e+00  9.83396954e-01 -7.01051144e-02  2.05763871e-01
  1.99250231e+00  7.19804851e-01  7.76779234e-01 -1.23559656e+00
  1.61728364e+00  2.52851436e+00  1.25877598e+00  3.04400454e-01
 -1.00155978e+00  2.61270076e+00  8.22384562e-01 -2.24949215e+00
 -1.86617213e-03  1.71814320e+00  1.06308391e+00 -6.39357516e-01
 -2.32277414e+00  2.43982172e+00  2.02168828e+00  1.65326482e+00
  2.26191624e+00  1.85389218e+00 -2.09612842e+00 -2.84510794e+00
  5.36698153e-01  1.38795575e+00 -2.42430784e+00 -1.32214341e+00
  2.43247798e+00  1.28697412e+00  2.95284214e-02 -1.74599260e+00
 -1.54604946e+00  1.97819040e+00  1.47000832e+00 -8.03855148e-01
 -1.35144833e-01 -4.53996598e-01 -1.86573135e-01  2.40068912e+00
 -5.47713259e-01 -6.37539411e-01  1.05630640e+00 -2.29594446e+00
  1.01069279e+00  2.56497210e+00 -4.89128924e-01  2.13519231e+00
 -1.96659886e+00 -8.76328653e-01 -2.42015975e+00 -2.28740448e+00
 -1.42438779e+00 -2.90911149e+00  1.55973609e+00  1.80877345e+00
  1.64083859e+00  1.02324109e+00  1.41628837e+00 -2.30430518e+00
 -2.69804422e+00  1.72045370e+00  9.89300440e-01 -3.97786545e-01
 -2.62451128e+00  1.55124798e+00 -1.23506383e+00 -2.49477165e+00
  4.09949463e-02]
Thu Jun 13 22:31:23 2024,505,0.09853436240081916,[-2.85305431e+00  2.11534515e+00 -1.64396047e+00  1.04279049e-01
  4.77286588e-01 -3.22274580e+00  3.26113809e+00  2.10077910e+00
  1.04408248e+00 -1.00273522e+00  5.76872731e-01  1.30548373e+00
  1.32292863e+00 -1.87298932e+00  7.74397661e-01  2.87810135e+00
 -4.04783724e-01 -4.34891263e-01 -1.91754888e+00  8.04729504e-01
  1.62281563e+00  2.91260704e+00 -1.40974288e+00 -4.04293295e-01
 -2.16921246e+00 -2.09460069e+00  3.13062523e+00  2.78544560e+00
 -7.45460252e-01 -2.65361913e+00  1.53477523e+00 -2.22275072e-01
 -2.42198557e+00  1.86645365e+00  1.12027342e+00 -6.22216062e-01
  1.10645774e+00 -2.01117659e+00 -2.10978409e-01  2.27902851e+00
 -2.57272266e-01  5.13521060e-01  2.40883700e+00  5.60343442e-01
  2.65179563e+00  2.89456596e+00  2.82720256e+00 -2.93718419e+00
  2.79338670e-01 -3.85862727e-01  1.71731292e+00  2.98628830e+00
 -3.66096513e-01 -2.38694150e+00  2.69572641e+00 -3.18772918e+00
  5.66916784e-01 -6.77388763e-01 -1.73940047e+00  3.11019037e+00
 -1.95153503e+00 -1.66073626e+00 -2.55894695e+00  2.37335260e+00
 -2.15527813e+00  1.96224231e+00  1.74715247e+00  1.47168159e+00
  2.50664524e+00  2.90640898e+00  1.97010764e+00  1.47177001e+00
 -1.76967455e+00 -2.37509417e+00  1.16256731e+00  5.84587733e-01
  1.58795937e+00 -2.81681507e+00 -1.02408845e-01  2.54084909e+00
 -1.15891165e+00  1.18692127e+00  1.23680266e+00  6.12552899e-01
 -9.73261807e-01  1.13404714e+00  8.01853331e-01 -3.98455055e-01
  2.80624545e+00 -2.14419137e+00  1.56963886e+00 -6.54728972e-01
  9.77949805e-01 -3.22224085e+00 -2.21815050e+00  3.57324776e-01
 -1.10041912e+00 -4.12686691e-01  2.72977522e-01  7.00141492e-02
 -1.79762777e+00 -1.84997780e-01 -6.47819742e-01  2.88132425e+00
 -1.11745126e+00 -1.19172468e+00 -1.13920951e+00  1.27185707e+00
  1.62326300e+00 -8.25030236e-01  2.11081677e+00 -1.53421721e+00
 -2.41031535e-01 -8.83579346e-01 -2.94544643e+00  3.10478769e+00
 -1.75008779e+00  3.03819197e+00 -1.37313385e+00 -2.40306421e+00
  3.70819152e+00 -1.20748126e+00 -6.43140072e-01 -3.03202205e+00
 -2.51049182e+00  2.98003104e+00 -1.97024702e+00 -1.67462631e+00
 -4.18120463e-01  2.96554679e+00  1.65002241e-01  2.06909061e-02
 -1.59704547e+00 -1.49813500e-01 -1.60062291e+00 -3.09865879e+00
  2.91316675e+00  1.17430571e+00 -3.24939755e-01 -2.32998999e+00
  1.00475288e+00 -1.16940326e+00 -2.68195338e-01 -2.16215252e+00
 -1.91101511e+00  1.80125980e+00 -9.73373093e-01  2.54957773e+00
 -4.29172248e-01 -3.10066079e+00 -2.82223202e+00  2.00789136e+00
 -3.06975784e+00 -2.46927949e-01 -1.03894509e+00 -1.79875212e-01
  2.36196650e+00  1.72258638e+00 -2.33921082e-01 -1.81169931e+00
 -3.02947135e+00  1.41215462e-01 -8.24184912e-01  1.47292125e+00
 -2.52657592e+00  9.81948440e-01 -7.15536276e-02  2.07212385e-01
  1.99105379e+00  7.18356337e-01  7.78227747e-01 -1.23704508e+00
  1.61583513e+00  2.52706585e+00  1.25732747e+00  3.02951941e-01
 -1.00300829e+00  2.61125225e+00  8.23833075e-01 -2.24804363e+00
 -3.31468538e-03  1.71959171e+00  1.06163540e+00 -6.37909002e-01
 -2.32132563e+00  2.43837320e+00  2.02313679e+00  1.65471333e+00
  2.26046772e+00  1.85534069e+00 -2.09757693e+00 -2.84365943e+00
  5.38146666e-01  1.38650724e+00 -2.42285933e+00 -1.32069490e+00
  2.43392649e+00  1.28552561e+00  3.09769346e-02 -1.74744112e+00
 -1.54460094e+00  1.97674189e+00  1.46855981e+00 -8.05303661e-01
 -1.36593346e-01 -4.52548084e-01 -1.85124622e-01  2.39924060e+00
 -5.49161772e-01 -6.36090898e-01  1.05775492e+00 -2.29739298e+00
  1.00924428e+00  2.56352359e+00 -4.87680411e-01  2.13374380e+00
 -1.96804737e+00 -8.77777166e-01 -2.41871124e+00 -2.28595596e+00
 -1.42583631e+00 -2.91056000e+00  1.56118461e+00  1.81022196e+00
  1.63939007e+00  1.02468961e+00  1.41773688e+00 -2.30285667e+00
 -2.69659571e+00  1.71900519e+00  9.87851926e-01 -3.96338032e-01
 -2.62306276e+00  1.54979946e+00 -1.23361532e+00 -2.49332314e+00
  3.95464330e-02]
Thu Jun 13 22:31:38 2024,506,0.09825102037501135,[-2.85091041  2.11748905 -1.64610437  0.10213515  0.47514269 -3.2248897
  3.25899419  2.0986352   1.04622638 -1.00059132  0.57472883  1.30333983
  1.32078473 -1.87513322  0.77654156  2.88024525 -0.40692762 -0.43703516
 -1.91969278  0.8025856   1.62067173  2.91475094 -1.40759898 -0.4064372
 -2.17135636 -2.09674459  3.13276913  2.7833017  -0.74331635 -2.65576303
  1.53263133 -0.22441897 -2.42412947  1.86430975  1.12241732 -0.62007216
  1.10860164 -2.00903268 -0.21312231  2.27688461 -0.25941617  0.51137716
  2.4066931   0.55819954  2.64965173  2.89670986  2.82505866 -2.93932809
  0.28148257 -0.38371883  1.71516902  2.9884322  -0.36395261 -2.3847976
  2.69358251 -3.18987309  0.56477288 -0.67953266 -1.74154437  3.10804647
 -1.95367893 -1.65859236 -2.55680305  2.3754965  -2.15313423  1.96438621
  1.74500857  1.46953769  2.50878914  2.90855288  1.97225154  1.46962611
 -1.77181845 -2.37723807  1.16471122  0.58673163  1.59010327 -2.81467117
 -0.10455275  2.54299299 -1.15676775  1.18477737  1.23465876  0.6146968
 -0.97111791  1.13190324  0.79970943 -0.40059895  2.80838935 -2.14204747
  1.57178276 -0.65258507  0.98009371 -3.22438476 -2.2160066   0.35946868
 -1.10256302 -0.41483059  0.27083362  0.07215805 -1.79977167 -0.18285388
 -0.64996364  2.87918035 -1.11959516 -1.19386858 -1.14135341  1.27400097
  1.6211191  -0.82717414  2.11296067 -1.53207331 -0.23888763 -0.88143545
 -2.94759033  3.10693159 -1.75223169  3.04033587 -1.37527775 -2.40520811
  3.71033542 -1.20962516 -0.64099617 -3.02987815 -2.50834792  2.98217495
 -1.96810312 -1.67677021 -0.41597656  2.96769069  0.16285834  0.02283481
 -1.59918937 -0.1476696  -1.60276681 -3.09651489  2.91102285  1.17644961
 -0.32279586 -2.33213389  1.00260898 -1.16725936 -0.26605144 -2.16000862
 -1.90887121  1.8034037  -0.97551699  2.55172163 -0.42702835 -3.09851689
 -2.82437592  2.01003526 -3.07190174 -0.24907185 -1.04108899 -0.18201911
  2.3641104   1.72473028 -0.23606498 -1.80955541 -3.02732745  0.14335936
 -0.82204101  1.47506515 -2.52871983  0.98409234 -0.06940973  0.20935629
  1.99319769  0.72050024  0.77608385 -1.23490118  1.61369123  2.52920975
  1.25947137  0.30509584 -1.00086439  2.61339615  0.82168917 -2.25018753
 -0.00545859  1.72173561  1.0594915  -0.6357651  -2.32346953  2.4362293
  2.02528069  1.65685723  2.26261162  1.85319679 -2.09972083 -2.84580333
  0.53600277  1.38865114 -2.42071543 -1.318551    2.43607039  1.28766951
  0.03312083 -1.74958502 -1.54245704  1.97459799  1.47070371 -0.80744756
 -0.13873725 -0.45040418 -0.18298072  2.4013845  -0.54701787 -0.6382348
  1.05989882 -2.29524907  1.00710038  2.56566749 -0.48982431  2.1358877
 -1.97019127 -0.87563327 -2.42085514 -2.28809986 -1.42369241 -2.9127039
  1.56332851  1.81236586  1.63724617  1.02254571  1.41988079 -2.30500057
 -2.69873961  1.72114909  0.98999583 -0.39848193 -2.62091886  1.55194336
 -1.23147142 -2.49546704  0.03740253]
Thu Jun 13 22:31:53 2024,507,0.09806850094177176,[-2.8522749   2.11612457 -1.64746885  0.10349963  0.4737782  -3.22625418
  3.2576297   2.09727072  1.04486189 -1.0019558   0.57609331  1.30470431
  1.32214921 -1.8764977   0.77790605  2.88160974 -0.40829211 -0.43839965
 -1.92105727  0.80395009  1.61930724  2.91338646 -1.4062345  -0.40507271
 -2.16999188 -2.09810907  3.13413362  2.78466618 -0.74195187 -2.65439854
  1.53399582 -0.22305449 -2.42549395  1.86567424  1.1237818  -0.62143665
  1.10996613 -2.01039717 -0.21175782  2.27824909 -0.26078065  0.51001268
  2.40805758  0.55956403  2.65101622  2.89534537  2.82642315 -2.94069258
  0.28284705 -0.38508331  1.7165335   2.98979669 -0.3653171  -2.38616208
  2.69494699 -3.1885086   0.56613737 -0.68089715 -1.74290885  3.10941096
 -1.95504342 -1.65995685 -2.55543857  2.37413202 -2.15449872  1.9657507
  1.74364409  1.46817321  2.50742466  2.9071884   1.97088706  1.4709906
 -1.77318294 -2.37587358  1.16334673  0.58536715  1.58873879 -2.81330669
 -0.10591723  2.54435747 -1.15540326  1.18341288  1.23329427  0.61333232
 -0.96975342  1.13326773  0.79834495 -0.39923447  2.80702486 -2.14068298
  1.57314725 -0.65394956  0.98145819 -3.22574924 -2.21737108  0.35810419
 -1.1039275  -0.41619508  0.27219811  0.07079357 -1.80113615 -0.18421836
 -0.65132813  2.88054484 -1.12095964 -1.19523307 -1.13998893  1.27536546
  1.61975462 -0.82853862  2.11432515 -1.53070882 -0.23752315 -0.88007096
 -2.94895481  3.10829607 -1.75359618  3.04170035 -1.37664223 -2.40384362
  3.7116999  -1.21098964 -0.64236066 -3.03124263 -2.50698343  2.98353943
 -1.9694676  -1.6781347  -0.41734105  2.9663262   0.16149386  0.02419929
 -1.60055385 -0.14903408 -1.60140233 -3.0951504   2.90965836  1.17508513
 -0.32143137 -2.33349837  1.00397346 -1.16862384 -0.26468695 -2.15864414
 -1.90750672  1.80476818 -0.97688148  2.55035715 -0.42839283 -3.09715241
 -2.82301144  2.00867078 -3.07326622 -0.25043633 -1.03972451 -0.18065463
  2.36547489  1.7233658  -0.23742947 -1.80819092 -3.02596296  0.14199488
 -0.82067653  1.47370067 -2.52735534  0.98272786 -0.07077421  0.21072077
  1.99183321  0.72186472  0.77744833 -1.23626566  1.61232674  2.52784527
  1.26083586  0.30646032 -0.9994999   2.61203166  0.82305366 -2.25155202
 -0.0040941   1.72037113  1.06085598 -0.63712959 -2.32210504  2.43486482
  2.02664518  1.65549275  2.26397611  1.85456128 -2.10108532 -2.84443884
  0.53463828  1.39001563 -2.41935095 -1.31991548  2.43743488  1.289034
  0.03448532 -1.7509495  -1.54109256  1.9732335   1.46933923 -0.80881205
 -0.13737276 -0.45176867 -0.18434521  2.40002002 -0.54565339 -0.63959928
  1.0612633  -2.29661356  1.00573589  2.56703197 -0.4911888   2.13725218
 -1.96882679 -0.87699775 -2.41949066 -2.28673538 -1.42232792 -2.91406838
  1.56196402  1.81373035  1.63588169  1.02118122  1.42124527 -2.30363608
 -2.69737513  1.7197846   0.98863134 -0.39711745 -2.62228335  1.55057888
 -1.23010693 -2.49683152  0.03603805]
Thu Jun 13 22:32:42 2024,508,0.09806402608679055,[-2.85253722  2.11586225 -1.64773118  0.10376196  0.47351588 -3.22599186
  3.25789203  2.0970084   1.04459957 -1.00169348  0.57583099  1.30496664
  1.32241153 -1.87623538  0.77816837  2.88187206 -0.40802978 -0.43866197
 -1.92079494  0.80421241  1.61904492  2.91364878 -1.40649682 -0.40481039
 -2.1702542  -2.09784675  3.13439594  2.78440386 -0.74221419 -2.65413622
  1.53373349 -0.22331681 -2.42523163  1.86593656  1.12404413 -0.62169897
  1.1097038  -2.01013484 -0.21202015  2.27851142 -0.26051833  0.50975035
  2.40831991  0.55982635  2.65127854  2.89508305  2.82616082 -2.9409549
  0.28258473 -0.38534564  1.71627118  2.98953436 -0.36557942 -2.38589976
  2.69520932 -3.18877093  0.56639969 -0.68115947 -1.74317118  3.10967328
 -1.95530574 -1.66021917 -2.55517624  2.37439434 -2.15423639  1.96548837
  1.74338176  1.46791088  2.50716233  2.90745072  1.97114939  1.47125292
 -1.77292061 -2.37561126  1.16308441  0.58510482  1.58847646 -2.81304436
 -0.10617955  2.54409515 -1.15566559  1.18367521  1.2335566   0.61306999
 -0.97001575  1.1330054   0.79808262 -0.39897215  2.80676254 -2.14094531
  1.57340957 -0.65421188  0.98172051 -3.22548691 -2.21763341  0.35836652
 -1.10366518 -0.41593275  0.27193578  0.07105589 -1.80087383 -0.18448069
 -0.6510658   2.88080716 -1.12122197 -1.19497074 -1.1397266   1.27562778
  1.62001694 -0.82880095  2.11406283 -1.5304465  -0.23726083 -0.87980864
 -2.94869249  3.10803375 -1.7538585   3.04143803 -1.37637991 -2.4035813
  3.71143758 -1.21125197 -0.64262298 -3.03098031 -2.50724576  2.9832771
 -1.96920528 -1.67787237 -0.41707872  2.96606388  0.16123153  0.02446162
 -1.60081617 -0.14877176 -1.60166465 -3.09488808  2.90992069  1.1748228
 -0.3216937  -2.33323605  1.00423578 -1.16888617 -0.26442463 -2.15890646
 -1.9072444   1.80450585 -0.9771438   2.55009482 -0.42813051 -3.09741473
 -2.82274911  2.00840846 -3.0730039  -0.25017401 -1.03998683 -0.18091695
  2.36573721  1.72362812 -0.23769179 -1.8079286  -3.02570064  0.14173255
 -0.8204142   1.47396299 -2.52709302  0.98299018 -0.07051189  0.21098309
  1.99209554  0.7216024   0.77718601 -1.23600334  1.61206442  2.52810759
  1.26109818  0.30672265 -0.99923758  2.61176934  0.82331598 -2.25181434
 -0.00383178  1.72010881  1.06111831 -0.63739191 -2.32184272  2.43460249
  2.0269075   1.65523042  2.26423843  1.85429895 -2.10134764 -2.84470117
  0.53490061  1.39027795 -2.41961327 -1.31965316  2.4376972   1.28877167
  0.03474764 -1.75121183 -1.54083023  1.97297118  1.4690769  -0.80907437
 -0.13711044 -0.45150634 -0.18408288  2.39975769 -0.54539106 -0.63933696
  1.06100098 -2.29687588  1.00547357  2.5672943  -0.49092647  2.13698986
 -1.96856446 -0.87673543 -2.41975298 -2.2869977  -1.4220656  -2.91433071
  1.5617017   1.81399267  1.63614401  1.0209189   1.42098294 -2.30337376
 -2.6971128   1.71952228  0.98889367 -0.39737977 -2.62202102  1.55031656
 -1.22984461 -2.49656919  0.03577572]
Thu Jun 13 22:32:57 2024,509,0.09798046687359137,[-2.85167455e+00  2.11499958e+00 -1.64859385e+00  1.04624625e-01
  4.72653211e-01 -3.22685453e+00  3.25875470e+00  2.09787106e+00
  1.04373690e+00 -1.00255615e+00  5.74968323e-01  1.30410397e+00
  1.32154887e+00 -1.87709804e+00  7.77305703e-01  2.88273473e+00
 -4.08892451e-01 -4.39524640e-01 -1.92165761e+00  8.03349745e-01
  1.61818225e+00  2.91278611e+00 -1.40563416e+00 -4.03947719e-01
 -2.17111687e+00 -2.09698408e+00  3.13353327e+00  2.78526652e+00
 -7.41351525e-01 -2.65327355e+00  1.53287083e+00 -2.22454146e-01
 -2.42436896e+00  1.86679923e+00  1.12490680e+00 -6.22561638e-01
  1.11056647e+00 -2.01099751e+00 -2.12882817e-01  2.27764875e+00
 -2.61380993e-01  5.10613018e-01  2.40918258e+00  5.58963683e-01
  2.65214121e+00  2.89422038e+00  2.82529815e+00 -2.94181757e+00
  2.81722062e-01 -3.86208303e-01  1.71540851e+00  2.99039703e+00
 -3.64716755e-01 -2.38676242e+00  2.69434665e+00 -3.18963359e+00
  5.65537025e-01 -6.82022140e-01 -1.74230851e+00  3.10881061e+00
 -1.95616841e+00 -1.66108184e+00 -2.55603891e+00  2.37353168e+00
 -2.15509906e+00  1.96635104e+00  1.74251909e+00  1.46877355e+00
  2.50802500e+00  2.90658806e+00  1.97028672e+00  1.47039026e+00
 -1.77378328e+00 -2.37474859e+00  1.16222174e+00  5.85967492e-01
  1.58933913e+00 -2.81390703e+00 -1.07042222e-01  2.54323248e+00
 -1.15480292e+00  1.18281254e+00  1.23269393e+00  6.12207323e-01
 -9.70878415e-01  1.13386807e+00  7.97219954e-01 -3.99834813e-01
  2.80762521e+00 -2.14180798e+00  1.57427224e+00 -6.53349213e-01
  9.82583182e-01 -3.22634958e+00 -2.21849608e+00  3.57503850e-01
 -1.10280251e+00 -4.15070083e-01  2.72798448e-01  7.19185576e-02
 -1.80173649e+00 -1.85343356e-01 -6.50203134e-01  2.87994450e+00
 -1.12035930e+00 -1.19410807e+00 -1.13886394e+00  1.27649045e+00
  1.62087961e+00 -8.29663613e-01  2.11320016e+00 -1.52958383e+00
 -2.38123493e-01 -8.80671304e-01 -2.94782982e+00  3.10889642e+00
 -1.75472117e+00  3.04230070e+00 -1.37724258e+00 -2.40271863e+00
  3.71057491e+00 -1.21211463e+00 -6.41760314e-01 -3.03184297e+00
 -2.50810842e+00  2.98413977e+00 -1.97006794e+00 -1.67700970e+00
 -4.16216055e-01  2.96692654e+00  1.60368864e-01  2.53242828e-02
 -1.60167884e+00 -1.47909092e-01 -1.60080198e+00 -3.09575075e+00
  2.91078335e+00  1.17396014e+00 -3.20831028e-01 -2.33237338e+00
  1.00509845e+00 -1.16974884e+00 -2.63561961e-01 -2.15976913e+00
 -1.90810707e+00  1.80364319e+00 -9.76281134e-01  2.55095749e+00
 -4.28993175e-01 -3.09827740e+00 -2.82361178e+00  2.00754579e+00
 -3.07386657e+00 -2.49311341e-01 -1.03912416e+00 -1.81779620e-01
  2.36659988e+00  1.72276545e+00 -2.38554459e-01 -1.80706593e+00
 -3.02483797e+00  1.40869886e-01 -8.21276871e-01  1.47310033e+00
 -2.52795568e+00  9.82127514e-01 -7.13745540e-02  2.11845761e-01
  1.99295820e+00  7.20739729e-01  7.78048674e-01 -1.23686600e+00
  1.61120175e+00  2.52724492e+00  1.26196085e+00  3.07585317e-01
 -1.00010025e+00  2.61263200e+00  8.22453316e-01 -2.25095168e+00
 -2.96910929e-03  1.71924614e+00  1.06025564e+00 -6.38254578e-01
 -2.32270539e+00  2.43373983e+00  2.02777017e+00  1.65609309e+00
  2.26510110e+00  1.85343628e+00 -2.10221031e+00 -2.84383850e+00
  5.34037939e-01  1.39114062e+00 -2.41875060e+00 -1.32051582e+00
  2.43855987e+00  1.28790900e+00  3.56103113e-02 -1.75207449e+00
 -1.54169290e+00  1.97210851e+00  1.46993957e+00 -8.08211703e-01
 -1.37973105e-01 -4.52369011e-01 -1.84945549e-01  2.39889503e+00
 -5.46253730e-01 -6.38474290e-01  1.06186364e+00 -2.29773855e+00
  1.00633624e+00  2.56643163e+00 -4.90063803e-01  2.13785253e+00
 -1.96942713e+00 -8.75872758e-01 -2.41889031e+00 -2.28613504e+00
 -1.42292827e+00 -2.91346804e+00  1.56256437e+00  1.81313000e+00
  1.63700668e+00  1.02178157e+00  1.42012028e+00 -2.30423643e+00
 -2.69797547e+00  1.72038494e+00  9.88031000e-01 -3.98242440e-01
 -2.62115836e+00  1.55117922e+00 -1.22898194e+00 -2.49743186e+00
  3.66383912e-02]
Thu Jun 13 22:33:13 2024,510,0.09796662617763535,[-2.85099911e+00  2.11432413e+00 -1.64791840e+00  1.03949178e-01
  4.73328659e-01 -3.22752997e+00  3.25807925e+00  2.09719562e+00
  1.04306145e+00 -1.00188070e+00  5.74292875e-01  1.30477942e+00
  1.32222431e+00 -1.87642260e+00  7.77981150e-01  2.88205928e+00
 -4.08217003e-01 -4.38849192e-01 -1.92233306e+00  8.04025192e-01
  1.61750681e+00  2.91346156e+00 -1.40630960e+00 -4.03272272e-01
 -2.17179232e+00 -2.09765953e+00  3.13420872e+00  2.78594197e+00
 -7.42026973e-01 -2.65259810e+00  1.53219538e+00 -2.23129593e-01
 -2.42504441e+00  1.86612378e+00  1.12558224e+00 -6.21886191e-01
  1.11124192e+00 -2.01167296e+00 -2.12207369e-01  2.27697330e+00
 -2.60705546e-01  5.09937571e-01  2.40985802e+00  5.58288236e-01
  2.65281665e+00  2.89354493e+00  2.82462271e+00 -2.94249302e+00
  2.82397510e-01 -3.85532855e-01  1.71608396e+00  2.99107248e+00
 -3.65392202e-01 -2.38608698e+00  2.69502210e+00 -3.18895815e+00
  5.66212472e-01 -6.81346692e-01 -1.74163306e+00  3.10948606e+00
 -1.95684386e+00 -1.66175729e+00 -2.55536346e+00  2.37285623e+00
 -2.15442361e+00  1.96702649e+00  1.74184365e+00  1.46944900e+00
  2.50870045e+00  2.90591261e+00  1.96961127e+00  1.47106570e+00
 -1.77310783e+00 -2.37542404e+00  1.16154629e+00  5.86642939e-01
  1.59001458e+00 -2.81323158e+00 -1.06366774e-01  2.54390793e+00
 -1.15547837e+00  1.18213709e+00  1.23201848e+00  6.11531876e-01
 -9.70202967e-01  1.13454352e+00  7.96544507e-01 -3.99159366e-01
  2.80694976e+00 -2.14113253e+00  1.57494769e+00 -6.52673766e-01
  9.83258629e-01 -3.22567413e+00 -2.21782063e+00  3.56828402e-01
 -1.10212706e+00 -4.14394636e-01  2.72123001e-01  7.12431102e-02
 -1.80241194e+00 -1.86018803e-01 -6.49527686e-01  2.88061994e+00
 -1.11968385e+00 -1.19478352e+00 -1.13818849e+00  1.27581500e+00
  1.62020416e+00 -8.28988165e-01  2.11252471e+00 -1.53025928e+00
 -2.38798941e-01 -8.81346751e-01 -2.94850527e+00  3.10822097e+00
 -1.75539661e+00  3.04297614e+00 -1.37791802e+00 -2.40339408e+00
  3.71125036e+00 -1.21279008e+00 -6.42435761e-01 -3.03251842e+00
 -2.50743298e+00  2.98346432e+00 -1.97074339e+00 -1.67633426e+00
 -4.16891502e-01  2.96625110e+00  1.59693417e-01  2.59997303e-02
 -1.60100339e+00 -1.48584539e-01 -1.60012654e+00 -3.09507530e+00
  2.91145880e+00  1.17328469e+00 -3.21506476e-01 -2.33169794e+00
  1.00577390e+00 -1.17042428e+00 -2.64237409e-01 -2.15909368e+00
 -1.90743162e+00  1.80431863e+00 -9.76956582e-01  2.55028204e+00
 -4.28317727e-01 -3.09895285e+00 -2.82293633e+00  2.00822124e+00
 -3.07319112e+00 -2.48635894e-01 -1.03844872e+00 -1.81104172e-01
  2.36727533e+00  1.72209001e+00 -2.37879011e-01 -1.80639048e+00
 -3.02551342e+00  1.41545333e-01 -8.21952318e-01  1.47242488e+00
 -2.52728024e+00  9.81452067e-01 -7.20500015e-02  2.12521209e-01
  1.99228276e+00  7.20064282e-01  7.78724121e-01 -1.23754145e+00
  1.61052630e+00  2.52656948e+00  1.26263630e+00  3.06909870e-01
 -1.00077569e+00  2.61195656e+00  8.21777869e-01 -2.25162712e+00
 -3.64455677e-03  1.71992159e+00  1.06093109e+00 -6.37579131e-01
 -2.32338083e+00  2.43441527e+00  2.02844562e+00  1.65541764e+00
  2.26442565e+00  1.85411173e+00 -2.10153486e+00 -2.84451395e+00
  5.33362491e-01  1.39046517e+00 -2.41942605e+00 -1.32119127e+00
  2.43923532e+00  1.28723356e+00  3.49348638e-02 -1.75274994e+00
 -1.54236835e+00  1.97143306e+00  1.46926412e+00 -8.07536256e-01
 -1.37297657e-01 -4.53044458e-01 -1.84270101e-01  2.39821958e+00
 -5.45578283e-01 -6.37798843e-01  1.06253909e+00 -2.29706310e+00
  1.00566079e+00  2.56710708e+00 -4.89388356e-01  2.13717708e+00
 -1.96875168e+00 -8.76548205e-01 -2.41821487e+00 -2.28545959e+00
 -1.42360371e+00 -2.91279259e+00  1.56323981e+00  1.81380545e+00
  1.63768213e+00  1.02245701e+00  1.41944483e+00 -2.30491188e+00
 -2.69865092e+00  1.72106039e+00  9.88706447e-01 -3.97566993e-01
 -2.62183380e+00  1.55050378e+00 -1.22830649e+00 -2.49675641e+00
  3.73138386e-02]
Thu Jun 13 22:33:28 2024,511,0.09795255690516061,[-2.85150316e+00  2.11482818e+00 -1.64842245e+00  1.03445128e-01
  4.72824609e-01 -3.22803402e+00  3.25757520e+00  2.09669157e+00
  1.04356550e+00 -1.00137665e+00  5.74796925e-01  1.30528347e+00
  1.32172026e+00 -1.87692665e+00  7.78485200e-01  2.88155523e+00
 -4.08721053e-01 -4.38345143e-01 -1.92283711e+00  8.04529242e-01
  1.61801085e+00  2.91295751e+00 -1.40681365e+00 -4.02768222e-01
 -2.17229637e+00 -2.09715548e+00  3.13370467e+00  2.78644602e+00
 -7.41522923e-01 -2.65310215e+00  1.53169133e+00 -2.23633643e-01
 -2.42454036e+00  1.86561973e+00  1.12608629e+00 -6.21382141e-01
  1.11174597e+00 -2.01116891e+00 -2.11703320e-01  2.27747735e+00
 -2.60201496e-01  5.10441620e-01  2.41036207e+00  5.58792286e-01
  2.65231261e+00  2.89404898e+00  2.82512676e+00 -2.94299707e+00
  2.81893460e-01 -3.86036905e-01  1.71658801e+00  2.99056843e+00
 -3.65896252e-01 -2.38659103e+00  2.69552615e+00 -3.18946220e+00
  5.65708423e-01 -6.81850742e-01 -1.74112901e+00  3.10898201e+00
 -1.95633981e+00 -1.66125324e+00 -2.55586751e+00  2.37235218e+00
 -2.15391956e+00  1.96753054e+00  1.74234770e+00  1.46995305e+00
  2.50920450e+00  2.90540856e+00  1.97011532e+00  1.47156975e+00
 -1.77361188e+00 -2.37491999e+00  1.16104224e+00  5.86138890e-01
  1.59051863e+00 -2.81373563e+00 -1.06870824e-01  2.54441198e+00
 -1.15598242e+00  1.18264114e+00  1.23151443e+00  6.12035925e-01
 -9.70707017e-01  1.13504756e+00  7.97048556e-01 -3.99663416e-01
  2.80644571e+00 -2.14163658e+00  1.57444364e+00 -6.53177815e-01
  9.82754580e-01 -3.22617818e+00 -2.21832468e+00  3.56324353e-01
 -1.10162301e+00 -4.13890586e-01  2.72627050e-01  7.07390605e-02
 -1.80291599e+00 -1.86522853e-01 -6.50031736e-01  2.88011589e+00
 -1.12018790e+00 -1.19528757e+00 -1.13869254e+00  1.27531095e+00
  1.62070821e+00 -8.28484115e-01  2.11302876e+00 -1.52975523e+00
 -2.38294891e-01 -8.80842702e-01 -2.94800122e+00  3.10771692e+00
 -1.75489257e+00  3.04348019e+00 -1.37741397e+00 -2.40289003e+00
  3.71175441e+00 -1.21228603e+00 -6.41931712e-01 -3.03201437e+00
 -2.50793703e+00  2.98296027e+00 -1.97124744e+00 -1.67683831e+00
 -4.16387452e-01  2.96675515e+00  1.60197466e-01  2.65037799e-02
 -1.60150744e+00 -1.49088589e-01 -1.59962249e+00 -3.09557935e+00
  2.91196285e+00  1.17378874e+00 -3.21002426e-01 -2.33119389e+00
  1.00627795e+00 -1.16992023e+00 -2.64741458e-01 -2.15959773e+00
 -1.90692757e+00  1.80482268e+00 -9.76452532e-01  2.55078609e+00
 -4.28821777e-01 -3.09844880e+00 -2.82243228e+00  2.00771719e+00
 -3.07369517e+00 -2.49139943e-01 -1.03895277e+00 -1.80600123e-01
  2.36677128e+00  1.72158596e+00 -2.38383061e-01 -1.80689453e+00
 -3.02601747e+00  1.41041284e-01 -8.22456368e-01  1.47192083e+00
 -2.52677619e+00  9.81956116e-01 -7.25540512e-02  2.13025259e-01
  1.99278680e+00  7.19560232e-01  7.79228171e-01 -1.23703740e+00
  1.61103035e+00  2.52707353e+00  1.26213225e+00  3.06405820e-01
 -1.00127974e+00  2.61246061e+00  8.22281918e-01 -2.25112307e+00
 -3.14050713e-03  1.71941754e+00  1.06042704e+00 -6.38083181e-01
 -2.32287678e+00  2.43491932e+00  2.02794157e+00  1.65592169e+00
  2.26392160e+00  1.85461578e+00 -2.10203891e+00 -2.84501800e+00
  5.32858442e-01  1.38996112e+00 -2.41892200e+00 -1.32068722e+00
  2.43873127e+00  1.28672951e+00  3.44308142e-02 -1.75224589e+00
 -1.54186430e+00  1.97092901e+00  1.46976817e+00 -8.07032206e-01
 -1.37801707e-01 -4.52540409e-01 -1.83766051e-01  2.39872363e+00
 -5.45074233e-01 -6.37294793e-01  1.06203504e+00 -2.29756715e+00
  1.00616484e+00  2.56660303e+00 -4.88884306e-01  2.13768113e+00
 -1.96925573e+00 -8.77052255e-01 -2.41771082e+00 -2.28495554e+00
 -1.42410776e+00 -2.91228854e+00  1.56374386e+00  1.81330140e+00
  1.63717808e+00  1.02296106e+00  1.41994888e+00 -2.30541592e+00
 -2.69915497e+00  1.72156444e+00  9.88202398e-01 -3.97062943e-01
 -2.62132975e+00  1.55100783e+00 -1.22881054e+00 -2.49726046e+00
  3.68097890e-02]
Thu Jun 13 22:33:44 2024,512,0.0979401694952332,[-2.85121951e+00  2.11511182e+00 -1.64813881e+00  1.03728769e-01
  4.72540968e-01 -3.22831766e+00  3.25785884e+00  2.09697521e+00
  1.04328186e+00 -1.00166029e+00  5.74513284e-01  1.30499983e+00
  1.32200391e+00 -1.87664300e+00  7.78201559e-01  2.88127159e+00
 -4.09004694e-01 -4.38628783e-01 -1.92255347e+00  8.04245601e-01
  1.61829450e+00  2.91267387e+00 -1.40653001e+00 -4.03051863e-01
 -2.17201273e+00 -2.09743912e+00  3.13342103e+00  2.78616238e+00
 -7.41239282e-01 -2.65338579e+00  1.53197497e+00 -2.23350002e-01
 -2.42482400e+00  1.86590337e+00  1.12580265e+00 -6.21098500e-01
  1.11146233e+00 -2.01145255e+00 -2.11419679e-01  2.27776099e+00
 -2.60485137e-01  5.10157979e-01  2.41007843e+00  5.59075926e-01
  2.65259625e+00  2.89376534e+00  2.82541040e+00 -2.94328071e+00
  2.82177101e-01 -3.85753264e-01  1.71630437e+00  2.99085207e+00
 -3.66179893e-01 -2.38630738e+00  2.69580979e+00 -3.18974584e+00
  5.65992064e-01 -6.81567101e-01 -1.74084537e+00  3.10926565e+00
 -1.95605617e+00 -1.66096960e+00 -2.55558387e+00  2.37206854e+00
 -2.15420320e+00  1.96781418e+00  1.74263134e+00  1.46966941e+00
  2.50948814e+00  2.90512492e+00  1.97039896e+00  1.47128611e+00
 -1.77332824e+00 -2.37520363e+00  1.16075860e+00  5.86422530e-01
  1.59080227e+00 -2.81345199e+00 -1.07154465e-01  2.54469562e+00
 -1.15626606e+00  1.18292478e+00  1.23123079e+00  6.12319566e-01
 -9.70990657e-01  1.13533121e+00  7.97332197e-01 -3.99379775e-01
  2.80672935e+00 -2.14192022e+00  1.57416000e+00 -6.53461456e-01
  9.83038220e-01 -3.22646182e+00 -2.21804104e+00  3.56607993e-01
 -1.10133937e+00 -4.14174227e-01  2.72910691e-01  7.04554197e-02
 -1.80263235e+00 -1.86239212e-01 -6.49748095e-01  2.87983225e+00
 -1.12047154e+00 -1.19500393e+00 -1.13840890e+00  1.27559459e+00
  1.62042457e+00 -8.28200475e-01  2.11331240e+00 -1.52947159e+00
 -2.38011250e-01 -8.80559061e-01 -2.94771757e+00  3.10800056e+00
 -1.75460892e+00  3.04376383e+00 -1.37769762e+00 -2.40260639e+00
  3.71147077e+00 -1.21200239e+00 -6.41648071e-01 -3.03229801e+00
 -2.50765339e+00  2.98267663e+00 -1.97153108e+00 -1.67712195e+00
 -4.16103812e-01  2.96647151e+00  1.59913826e-01  2.62201391e-02
 -1.60122380e+00 -1.49372230e-01 -1.59990613e+00 -3.09529571e+00
  2.91224649e+00  1.17407238e+00 -3.20718785e-01 -2.33091024e+00
  1.00599431e+00 -1.17020388e+00 -2.64457818e-01 -2.15988137e+00
 -1.90721121e+00  1.80453904e+00 -9.76736173e-01  2.55050245e+00
 -4.29105418e-01 -3.09816515e+00 -2.82214864e+00  2.00743354e+00
 -3.07341153e+00 -2.49423584e-01 -1.03923641e+00 -1.80883764e-01
  2.36648764e+00  1.72186960e+00 -2.38666702e-01 -1.80661089e+00
 -3.02573383e+00  1.40757643e-01 -8.22740008e-01  1.47220447e+00
 -2.52649255e+00  9.81672475e-01 -7.22704103e-02  2.12741618e-01
  1.99307045e+00  7.19276592e-01  7.79511812e-01 -1.23732104e+00
  1.61131399e+00  2.52735717e+00  1.26241589e+00  3.06689461e-01
 -1.00099610e+00  2.61274425e+00  8.22565559e-01 -2.25140671e+00
 -2.85686631e-03  1.71913390e+00  1.06014339e+00 -6.38366821e-01
 -2.32316042e+00  2.43520296e+00  2.02822521e+00  1.65563805e+00
  2.26420524e+00  1.85489942e+00 -2.10175527e+00 -2.84530164e+00
  5.33142083e-01  1.39024476e+00 -2.41863836e+00 -1.32040358e+00
  2.43901491e+00  1.28644587e+00  3.47144550e-02 -1.75252953e+00
 -1.54158066e+00  1.97121265e+00  1.46948453e+00 -8.07315847e-01
 -1.38085348e-01 -4.52824049e-01 -1.83482411e-01  2.39843999e+00
 -5.45357874e-01 -6.37011152e-01  1.06231868e+00 -2.29728351e+00
  1.00588120e+00  2.56688667e+00 -4.89167947e-01  2.13739749e+00
 -1.96953937e+00 -8.76768614e-01 -2.41799446e+00 -2.28467190e+00
 -1.42439140e+00 -2.91200490e+00  1.56402750e+00  1.81358504e+00
  1.63746172e+00  1.02267742e+00  1.41966524e+00 -2.30513228e+00
 -2.69943861e+00  1.72184808e+00  9.87918757e-01 -3.97346584e-01
 -2.62104611e+00  1.55072418e+00 -1.22852690e+00 -2.49754411e+00
  3.70934298e-02]
Thu Jun 13 22:33:59 2024,513,0.09790650895805411,[-2.85065731e+00  2.11454961e+00 -1.64870101e+00  1.04290976e-01
  4.73103175e-01 -3.22775546e+00  3.25842105e+00  2.09641300e+00
  1.04271966e+00 -1.00109808e+00  5.73951077e-01  1.30443762e+00
  1.32256611e+00 -1.87608080e+00  7.78763766e-01  2.88070939e+00
 -4.09566900e-01 -4.38066577e-01 -1.92311567e+00  8.03683394e-01
  1.61773229e+00  2.91323608e+00 -1.40596781e+00 -4.03614070e-01
 -2.17145052e+00 -2.09800133e+00  3.13398324e+00  2.78672459e+00
 -7.41801489e-01 -2.65282359e+00  1.53253718e+00 -2.23912209e-01
 -2.42426179e+00  1.86646558e+00  1.12636486e+00 -6.20536293e-01
  1.11090012e+00 -2.01201476e+00 -2.10857472e-01  2.27832320e+00
 -2.59922930e-01  5.10720186e-01  2.41064064e+00  5.58513720e-01
  2.65203404e+00  2.89432755e+00  2.82484819e+00 -2.94271850e+00
  2.81614894e-01 -3.86315471e-01  1.71686657e+00  2.99141428e+00
 -3.65617686e-01 -2.38574518e+00  2.69637199e+00 -3.19030804e+00
  5.65429857e-01 -6.81004895e-01 -1.74028317e+00  3.10982786e+00
 -1.95549396e+00 -1.66040739e+00 -2.55614608e+00  2.37263074e+00
 -2.15364100e+00  1.96725197e+00  1.74319354e+00  1.47023162e+00
  2.51005034e+00  2.90568712e+00  1.97096117e+00  1.47184832e+00
 -1.77276603e+00 -2.37464142e+00  1.16132081e+00  5.86984737e-01
  1.59024006e+00 -2.81401420e+00 -1.07716672e-01  2.54413341e+00
 -1.15570385e+00  1.18348699e+00  1.23066858e+00  6.12881773e-01
 -9.70428451e-01  1.13476900e+00  7.96769990e-01 -3.99941981e-01
  2.80616714e+00 -2.14135801e+00  1.57472220e+00 -6.54023663e-01
  9.83600427e-01 -3.22589962e+00 -2.21860324e+00  3.57170200e-01
 -1.10190158e+00 -4.14736434e-01  2.73472898e-01  6.98932129e-02
 -1.80319456e+00 -1.85677005e-01 -6.49185888e-01  2.87927005e+00
 -1.12103375e+00 -1.19556614e+00 -1.13897110e+00  1.27615680e+00
  1.62098678e+00 -8.28762681e-01  2.11387461e+00 -1.52890938e+00
 -2.38573457e-01 -8.81121268e-01 -2.94827978e+00  3.10856277e+00
 -1.75517113e+00  3.04320163e+00 -1.37825982e+00 -2.40204418e+00
  3.71203297e+00 -1.21256460e+00 -6.41085864e-01 -3.03173581e+00
 -2.50821559e+00  2.98323884e+00 -1.97096888e+00 -1.67768415e+00
 -4.16666018e-01  2.96590930e+00  1.60476032e-01  2.56579323e-02
 -1.60066160e+00 -1.49934436e-01 -1.60046834e+00 -3.09473350e+00
  2.91168429e+00  1.17463458e+00 -3.20156579e-01 -2.33147245e+00
  1.00655652e+00 -1.17076608e+00 -2.63895611e-01 -2.16044358e+00
 -1.90777342e+00  1.80397684e+00 -9.76173966e-01  2.55106466e+00
 -4.29667625e-01 -3.09760295e+00 -2.82158643e+00  2.00799575e+00
 -3.07284932e+00 -2.49985791e-01 -1.03979861e+00 -1.80321557e-01
  2.36704984e+00  1.72130739e+00 -2.39228909e-01 -1.80717310e+00
 -3.02629603e+00  1.41319850e-01 -8.22177802e-01  1.47276668e+00
 -2.52705475e+00  9.81110269e-01 -7.17082035e-02  2.13303824e-01
  1.99363265e+00  7.19838798e-01  7.78949605e-01 -1.23675884e+00
  1.61187620e+00  2.52679496e+00  1.26297809e+00  3.07251668e-01
 -1.00043390e+00  2.61218204e+00  8.22003352e-01 -2.25084451e+00
 -2.29465953e-03  1.71969610e+00  1.05958119e+00 -6.38929028e-01
 -2.32372263e+00  2.43576517e+00  2.02766300e+00  1.65620026e+00
  2.26364304e+00  1.85433722e+00 -2.10231748e+00 -2.84586385e+00
  5.33704289e-01  1.39080697e+00 -2.41807615e+00 -1.31984137e+00
  2.43957711e+00  1.28588366e+00  3.52766618e-02 -1.75196733e+00
 -1.54214286e+00  1.97065045e+00  1.47004674e+00 -8.06753640e-01
 -1.38647555e-01 -4.52261843e-01 -1.82920204e-01  2.39900219e+00
 -5.44795667e-01 -6.37573359e-01  1.06175648e+00 -2.29672131e+00
  1.00644340e+00  2.56632446e+00 -4.89730154e-01  2.13683528e+00
 -1.96897717e+00 -8.76206407e-01 -2.41743225e+00 -2.28523410e+00
 -1.42495361e+00 -2.91144270e+00  1.56346530e+00  1.81414725e+00
  1.63802393e+00  1.02211522e+00  1.41910303e+00 -2.30457008e+00
 -2.69887640e+00  1.72241029e+00  9.87356550e-01 -3.97908791e-01
 -2.62160832e+00  1.55016198e+00 -1.22796470e+00 -2.49698190e+00
  3.65312230e-02]
Thu Jun 13 22:34:16 2024,514,0.09788906947929416,[-2.84938140e+00  2.11327370e+00 -1.64742510e+00  1.05566887e-01
  4.71827264e-01 -3.22647955e+00  3.25714514e+00  2.09768891e+00
  1.04399557e+00 -1.00237400e+00  5.72675166e-01  1.30316171e+00
  1.32384202e+00 -1.87735671e+00  7.77487855e-01  2.87943347e+00
 -4.08290989e-01 -4.36790665e-01 -1.92183976e+00  8.02407483e-01
  1.61900820e+00  2.91451199e+00 -1.40724372e+00 -4.04889981e-01
 -2.17272643e+00 -2.09672542e+00  3.13270733e+00  2.78800050e+00
 -7.43077401e-01 -2.65154767e+00  1.53381309e+00 -2.25188120e-01
 -2.42298588e+00  1.86518967e+00  1.12764077e+00 -6.21812205e-01
  1.10962421e+00 -2.01329067e+00 -2.12133383e-01  2.27704729e+00
 -2.61198841e-01  5.11996098e-01  2.41191655e+00  5.57237808e-01
  2.65330995e+00  2.89305164e+00  2.82357228e+00 -2.94399441e+00
  2.82890805e-01 -3.85039560e-01  1.71559066e+00  2.99269019e+00
 -3.64341775e-01 -2.38446927e+00  2.69509608e+00 -3.19158395e+00
  5.64153946e-01 -6.82280806e-01 -1.74155908e+00  3.11110377e+00
 -1.95676987e+00 -1.66168330e+00 -2.55742199e+00  2.37390666e+00
 -2.15236508e+00  1.96852788e+00  1.74191763e+00  1.47150753e+00
  2.51132625e+00  2.90696304e+00  1.96968526e+00  1.47057241e+00
 -1.77149012e+00 -2.37591733e+00  1.16004490e+00  5.85708826e-01
  1.59151597e+00 -2.81529011e+00 -1.08992583e-01  2.54285750e+00
 -1.15697976e+00  1.18476290e+00  1.22939267e+00  6.11605862e-01
 -9.69152539e-01  1.13604491e+00  7.98045902e-01 -4.01217893e-01
  2.80489123e+00 -2.14263392e+00  1.57344629e+00 -6.55299574e-01
  9.82324516e-01 -3.22717553e+00 -2.21987916e+00  3.58446112e-01
 -1.10062567e+00 -4.16012345e-01  2.72196987e-01  7.11691242e-02
 -1.80447047e+00 -1.86952917e-01 -6.50461800e-01  2.88054596e+00
 -1.11975784e+00 -1.19429023e+00 -1.13769519e+00  1.27488089e+00
  1.62226269e+00 -8.27486770e-01  2.11515052e+00 -1.52763347e+00
 -2.39849368e-01 -8.79845356e-01 -2.94955569e+00  3.10983868e+00
 -1.75389522e+00  3.04192572e+00 -1.37698391e+00 -2.40332009e+00
  3.71075706e+00 -1.21384051e+00 -6.39809953e-01 -3.03045989e+00
 -2.50693968e+00  2.98451475e+00 -1.96969296e+00 -1.67896007e+00
 -4.17941930e-01  2.96463339e+00  1.59200121e-01  2.69338436e-02
 -1.60193751e+00 -1.51210348e-01 -1.59919242e+00 -3.09345759e+00
  2.91296020e+00  1.17335867e+00 -3.21432490e-01 -2.33019654e+00
  1.00783243e+00 -1.17204199e+00 -2.62619699e-01 -2.16171949e+00
 -1.90649750e+00  1.80270093e+00 -9.74898055e-01  2.54978875e+00
 -4.30943536e-01 -3.09887886e+00 -2.82286235e+00  2.00927166e+00
 -3.07412523e+00 -2.48709880e-01 -1.03852270e+00 -1.79045646e-01
  2.36832576e+00  1.72258330e+00 -2.40504820e-01 -1.80589719e+00
 -3.02757195e+00  1.40043938e-01 -8.20901890e-01  1.47149076e+00
 -2.52833066e+00  9.79834357e-01 -7.04322923e-02  2.12027913e-01
  1.99235674e+00  7.21114710e-01  7.80225516e-01 -1.23803475e+00
  1.61060029e+00  2.52807087e+00  1.26425401e+00  3.08527579e-01
 -1.00170981e+00  2.61345795e+00  8.20727441e-01 -2.24956860e+00
 -1.01874823e-03  1.71842019e+00  1.06085710e+00 -6.40204939e-01
 -2.32244672e+00  2.43704108e+00  2.02638709e+00  1.65747617e+00
  2.26491895e+00  1.85306130e+00 -2.10359339e+00 -2.84458793e+00
  5.32428378e-01  1.38953106e+00 -2.41935207e+00 -1.31856546e+00
  2.44085303e+00  1.28460775e+00  3.65525731e-02 -1.75324324e+00
 -1.54086695e+00  1.97192636e+00  1.47132265e+00 -8.08029551e-01
 -1.37371643e-01 -4.53537754e-01 -1.81644293e-01  2.39772628e+00
 -5.46071579e-01 -6.38849270e-01  1.06303239e+00 -2.29799722e+00
  1.00516749e+00  2.56504855e+00 -4.88454242e-01  2.13811119e+00
 -1.97025308e+00 -8.74930496e-01 -2.41870816e+00 -2.28651002e+00
 -1.42367770e+00 -2.91016679e+00  1.56474121e+00  1.81287134e+00
  1.63929984e+00  1.02083930e+00  1.41782712e+00 -2.30584599e+00
 -2.70015231e+00  1.72368620e+00  9.88632461e-01 -3.99184702e-01
 -2.62288423e+00  1.54888607e+00 -1.22668879e+00 -2.49570599e+00
  3.78071343e-02]
Thu Jun 13 22:34:33 2024,515,0.09788316935738774,[-2.84977049e+00  2.11366280e+00 -1.64703601e+00  1.05955985e-01
  4.71438166e-01 -3.22609045e+00  3.25675604e+00  2.09807801e+00
  1.04438466e+00 -1.00198490e+00  5.73064263e-01  1.30355081e+00
  1.32345293e+00 -1.87696761e+00  7.77876952e-01  2.87982257e+00
 -4.08680087e-01 -4.36401568e-01 -1.92145066e+00  8.02018386e-01
  1.61861910e+00  2.91412289e+00 -1.40763281e+00 -4.05279079e-01
 -2.17311553e+00 -2.09633632e+00  3.13309642e+00  2.78838960e+00
 -7.43466498e-01 -2.65115858e+00  1.53420219e+00 -2.25577218e-01
 -2.42337498e+00  1.86557877e+00  1.12725167e+00 -6.21423107e-01
  1.10923511e+00 -2.01290157e+00 -2.12522481e-01  2.27665819e+00
 -2.61587939e-01  5.11607000e-01  2.41152745e+00  5.57626906e-01
  2.65292085e+00  2.89344073e+00  2.82318318e+00 -2.94360531e+00
  2.83279903e-01 -3.85428657e-01  1.71597976e+00  2.99230109e+00
 -3.63952677e-01 -2.38485836e+00  2.69548518e+00 -3.19197305e+00
  5.63764848e-01 -6.81891708e-01 -1.74116998e+00  3.11071467e+00
 -1.95715897e+00 -1.66129420e+00 -2.55703289e+00  2.37429575e+00
 -2.15197599e+00  1.96891698e+00  1.74230673e+00  1.47111843e+00
  2.51093716e+00  2.90657394e+00  1.96929616e+00  1.47018331e+00
 -1.77187922e+00 -2.37552824e+00  1.15965580e+00  5.85319728e-01
  1.59112687e+00 -2.81567921e+00 -1.08603485e-01  2.54324660e+00
 -1.15659067e+00  1.18515200e+00  1.22978177e+00  6.11994959e-01
 -9.69541637e-01  1.13643401e+00  7.98434999e-01 -4.00828795e-01
  2.80528033e+00 -2.14302302e+00  1.57305719e+00 -6.55688672e-01
  9.82713614e-01 -3.22756463e+00 -2.21949006e+00  3.58057014e-01
 -1.10023657e+00 -4.16401442e-01  2.71807889e-01  7.15582218e-02
 -1.80408137e+00 -1.87342014e-01 -6.50850897e-01  2.88015686e+00
 -1.12014694e+00 -1.19390113e+00 -1.13808429e+00  1.27449179e+00
  1.62265179e+00 -8.27097673e-01  2.11476142e+00 -1.52724437e+00
 -2.40238466e-01 -8.80234454e-01 -2.94994479e+00  3.11022778e+00
 -1.75428432e+00  3.04153662e+00 -1.37737301e+00 -2.40370919e+00
  3.71114616e+00 -1.21422961e+00 -6.39420855e-01 -3.03084899e+00
 -2.50732878e+00  2.98412565e+00 -1.97008206e+00 -1.67857097e+00
 -4.17552832e-01  2.96424429e+00  1.59589219e-01  2.65447460e-02
 -1.60232661e+00 -1.51599445e-01 -1.59958152e+00 -3.09384669e+00
  2.91257110e+00  1.17296958e+00 -3.21043392e-01 -2.32980744e+00
  1.00822152e+00 -1.17165290e+00 -2.63008797e-01 -2.16210859e+00
 -1.90610841e+00  1.80309002e+00 -9.75287153e-01  2.54939965e+00
 -4.30554438e-01 -3.09926796e+00 -2.82325144e+00  2.00966076e+00
 -3.07373614e+00 -2.49098977e-01 -1.03891180e+00 -1.78656548e-01
  2.36871485e+00  1.72297240e+00 -2.40115722e-01 -1.80628628e+00
 -3.02796104e+00  1.40433036e-01 -8.21290988e-01  1.47187986e+00
 -2.52794157e+00  9.80223455e-01 -7.00431947e-02  2.11638816e-01
  1.99274584e+00  7.21503807e-01  7.79836419e-01 -1.23764565e+00
  1.61021119e+00  2.52768177e+00  1.26464310e+00  3.08916677e-01
 -1.00209890e+00  2.61306885e+00  8.21116539e-01 -2.24995769e+00
 -1.40784582e-03  1.71803109e+00  1.06124620e+00 -6.39815842e-01
 -2.32283582e+00  2.43665199e+00  2.02599799e+00  1.65708707e+00
  2.26452985e+00  1.85345040e+00 -2.10398249e+00 -2.84497703e+00
  5.32817476e-01  1.38992015e+00 -2.41896297e+00 -1.31817637e+00
  2.44124212e+00  1.28421865e+00  3.69416707e-02 -1.75363233e+00
 -1.54125605e+00  1.97153726e+00  1.47093355e+00 -8.07640454e-01
 -1.37760741e-01 -4.53926851e-01 -1.81255195e-01  2.39811538e+00
 -5.46460676e-01 -6.38460173e-01  1.06264329e+00 -2.29838631e+00
  1.00477840e+00  2.56543765e+00 -4.88065145e-01  2.13850029e+00
 -1.97064218e+00 -8.75319594e-01 -2.41909726e+00 -2.28612092e+00
 -1.42406680e+00 -2.90977769e+00  1.56513031e+00  1.81326043e+00
  1.63968893e+00  1.02122840e+00  1.41743802e+00 -2.30623509e+00
 -2.69976321e+00  1.72407530e+00  9.89021559e-01 -3.99573800e-01
 -2.62249513e+00  1.54927516e+00 -1.22629969e+00 -2.49531689e+00
  3.74180367e-02]
Thu Jun 13 22:34:49 2024,516,0.09783439419489555,[-2.85076266e+00  2.11267064e+00 -1.64604384e+00  1.04963823e-01
  4.70446005e-01 -3.22509829e+00  3.25774820e+00  2.09907017e+00
  1.04339250e+00 -1.00099274e+00  5.72072102e-01  1.30454297e+00
  1.32444509e+00 -1.87795977e+00  7.78869114e-01  2.87883041e+00
 -4.09672248e-01 -4.35409406e-01 -1.92244283e+00  8.03010547e-01
  1.61961126e+00  2.91313073e+00 -1.40664065e+00 -4.06271240e-01
 -2.17410769e+00 -2.09732848e+00  3.13408858e+00  2.78739743e+00
 -7.42474337e-01 -2.65215074e+00  1.53321002e+00 -2.24585056e-01
 -2.42436714e+00  1.86458661e+00  1.12824383e+00 -6.20430946e-01
  1.11022727e+00 -2.01190941e+00 -2.11530320e-01  2.27566603e+00
 -2.60595778e-01  5.12599161e-01  2.41053529e+00  5.58619067e-01
  2.65192869e+00  2.89443290e+00  2.82219102e+00 -2.94459748e+00
  2.82287741e-01 -3.86420819e-01  1.71498760e+00  2.99130893e+00
 -3.62960516e-01 -2.38386620e+00  2.69449302e+00 -3.19296521e+00
  5.64757009e-01 -6.82883870e-01 -1.74017782e+00  3.10972251e+00
 -1.95616681e+00 -1.66030204e+00 -2.55802505e+00  2.37528792e+00
 -2.15296815e+00  1.96792482e+00  1.74131457e+00  1.47012627e+00
  2.51192932e+00  2.90558178e+00  1.96830400e+00  1.47117547e+00
 -1.77088706e+00 -2.37652040e+00  1.16064796e+00  5.84327567e-01
  1.59211903e+00 -2.81667137e+00 -1.09595647e-01  2.54225444e+00
 -1.15758283e+00  1.18614416e+00  1.22878961e+00  6.11002798e-01
 -9.68549476e-01  1.13742617e+00  7.97442838e-01 -3.99836634e-01
  2.80428817e+00 -2.14203086e+00  1.57404936e+00 -6.56680833e-01
  9.81721452e-01 -3.22855679e+00 -2.22048222e+00  3.59049175e-01
 -1.09924441e+00 -4.17393604e-01  2.72800051e-01  7.05660604e-02
 -1.80308921e+00 -1.86349853e-01 -6.49858736e-01  2.87916470e+00
 -1.11915477e+00 -1.19290897e+00 -1.13907645e+00  1.27349963e+00
  1.62165963e+00 -8.26105511e-01  2.11575358e+00 -1.52625221e+00
 -2.41230627e-01 -8.81226615e-01 -2.94895263e+00  3.11121994e+00
 -1.75527648e+00  3.04054446e+00 -1.37836517e+00 -2.40271703e+00
  3.71015400e+00 -1.21323744e+00 -6.40413016e-01 -3.02985683e+00
 -2.50633662e+00  2.98313349e+00 -1.96908990e+00 -1.67757881e+00
 -4.16560671e-01  2.96523645e+00  1.58597057e-01  2.75369074e-02
 -1.60331877e+00 -1.50607284e-01 -1.60057368e+00 -3.09483885e+00
  2.91157894e+00  1.17396174e+00 -3.22035554e-01 -2.32881528e+00
  1.00921369e+00 -1.17264506e+00 -2.64000958e-01 -2.16111643e+00
 -1.90511625e+00  1.80408218e+00 -9.76279314e-01  2.55039181e+00
 -4.31546600e-01 -3.09827580e+00 -2.82225928e+00  2.01065292e+00
 -3.07472830e+00 -2.48106816e-01 -1.03791964e+00 -1.79648709e-01
  2.36970701e+00  1.72396456e+00 -2.41107884e-01 -1.80727845e+00
 -3.02696888e+00  1.39440875e-01 -8.22283149e-01  1.47088770e+00
 -2.52694940e+00  9.79231293e-01 -6.90510333e-02  2.10646654e-01
  1.99175368e+00  7.20511646e-01  7.80828580e-01 -1.23863781e+00
  1.61120335e+00  2.52867393e+00  1.26365094e+00  3.09908838e-01
 -1.00309107e+00  2.61406102e+00  8.22108700e-01 -2.25094986e+00
 -4.15684410e-04  1.71703893e+00  1.06025404e+00 -6.38823680e-01
 -2.32382798e+00  2.43565982e+00  2.02699016e+00  1.65807923e+00
  2.26353769e+00  1.85444256e+00 -2.10497465e+00 -2.84596919e+00
  5.33809637e-01  1.39091232e+00 -2.41995513e+00 -1.31916853e+00
  2.44223428e+00  1.28521081e+00  3.59495093e-02 -1.75462450e+00
 -1.54224821e+00  1.97252942e+00  1.47192571e+00 -8.06648292e-01
 -1.38752902e-01 -4.54919013e-01 -1.82247356e-01  2.39910754e+00
 -5.45468515e-01 -6.39452334e-01  1.06165113e+00 -2.29937848e+00
  1.00378623e+00  2.56444549e+00 -4.87072983e-01  2.13750813e+00
 -1.96965001e+00 -8.76311755e-01 -2.41810510e+00 -2.28512876e+00
 -1.42505896e+00 -2.90878553e+00  1.56612247e+00  1.81226827e+00
  1.63869677e+00  1.02023624e+00  1.41843018e+00 -2.30722725e+00
 -2.69877105e+00  1.72506746e+00  9.90013720e-01 -3.98581638e-01
 -2.62150297e+00  1.55026733e+00 -1.22729185e+00 -2.49630905e+00
  3.64258753e-02]
Thu Jun 13 22:35:12 2024,517,0.09783927292124026,[-2.85081586e+00  2.11272384e+00 -1.64599064e+00  1.04910622e-01
  4.70392804e-01 -3.22515149e+00  3.25780140e+00  2.09912337e+00
  1.04344570e+00 -1.00104594e+00  5.72018901e-01  1.30459617e+00
  1.32449829e+00 -1.87801297e+00  7.78922315e-01  2.87877721e+00
 -4.09725449e-01 -4.35356205e-01 -1.92238963e+00  8.03063748e-01
  1.61966446e+00  2.91318393e+00 -1.40658745e+00 -4.06218039e-01
 -2.17416089e+00 -2.09727528e+00  3.13403538e+00  2.78734423e+00
 -7.42527538e-01 -2.65209754e+00  1.53315682e+00 -2.24531855e-01
 -2.42431394e+00  1.86463981e+00  1.12829704e+00 -6.20377745e-01
  1.11017407e+00 -2.01185621e+00 -2.11477119e-01  2.27571923e+00
 -2.60542577e-01  5.12652362e-01  2.41058849e+00  5.58672268e-01
  2.65187549e+00  2.89437969e+00  2.82224422e+00 -2.94465068e+00
  2.82234540e-01 -3.86367618e-01  1.71504080e+00  2.99125573e+00
 -3.63013716e-01 -2.38391940e+00  2.69443982e+00 -3.19301841e+00
  5.64703808e-01 -6.82830669e-01 -1.74012462e+00  3.10977571e+00
 -1.95622001e+00 -1.66024884e+00 -2.55797185e+00  2.37523471e+00
 -2.15291495e+00  1.96787162e+00  1.74126137e+00  1.47017947e+00
  2.51187612e+00  2.90563498e+00  1.96825080e+00  1.47122867e+00
 -1.77094026e+00 -2.37657360e+00  1.16070116e+00  5.84380768e-01
  1.59206583e+00 -2.81672457e+00 -1.09648848e-01  2.54220124e+00
 -1.15763603e+00  1.18619736e+00  1.22873641e+00  6.11055999e-01
 -9.68602677e-01  1.13747937e+00  7.97389637e-01 -3.99889835e-01
  2.80434137e+00 -2.14197766e+00  1.57399616e+00 -6.56627632e-01
  9.81774653e-01 -3.22860999e+00 -2.22042902e+00  3.58995974e-01
 -1.09929761e+00 -4.17446805e-01  2.72746850e-01  7.05128594e-02
 -1.80314241e+00 -1.86403054e-01 -6.49805535e-01  2.87911150e+00
 -1.11920798e+00 -1.19296217e+00 -1.13912965e+00  1.27344643e+00
  1.62171283e+00 -8.26158712e-01  2.11570038e+00 -1.52630541e+00
 -2.41177426e-01 -8.81279816e-01 -2.94889943e+00  3.11127314e+00
 -1.75522328e+00  3.04059766e+00 -1.37831197e+00 -2.40266383e+00
  3.71010080e+00 -1.21329065e+00 -6.40466217e-01 -3.02991003e+00
 -2.50628342e+00  2.98308029e+00 -1.96903670e+00 -1.67763201e+00
 -4.16613872e-01  2.96518325e+00  1.58543856e-01  2.75901084e-02
 -1.60337197e+00 -1.50660485e-01 -1.60052048e+00 -3.09489205e+00
  2.91152574e+00  1.17390854e+00 -3.22088755e-01 -2.32876208e+00
  1.00926689e+00 -1.17259186e+00 -2.63947758e-01 -2.16116963e+00
 -1.90516945e+00  1.80413539e+00 -9.76226113e-01  2.55044501e+00
 -4.31599801e-01 -3.09822259e+00 -2.82231248e+00  2.01070612e+00
 -3.07478150e+00 -2.48160017e-01 -1.03797284e+00 -1.79701910e-01
  2.36976022e+00  1.72401776e+00 -2.41054683e-01 -1.80722524e+00
 -3.02702208e+00  1.39494076e-01 -8.22336350e-01  1.47094090e+00
 -2.52700261e+00  9.79178092e-01 -6.89978323e-02  2.10699855e-01
  1.99170048e+00  7.20564847e-01  7.80881781e-01 -1.23869101e+00
  1.61125655e+00  2.52872714e+00  1.26370414e+00  3.09855637e-01
 -1.00303787e+00  2.61411422e+00  8.22055499e-01 -2.25089665e+00
 -3.62483442e-04  1.71709213e+00  1.06030724e+00 -6.38876881e-01
 -2.32377478e+00  2.43560662e+00  2.02693695e+00  1.65802603e+00
  2.26359089e+00  1.85438936e+00 -2.10492145e+00 -2.84602239e+00
  5.33756436e-01  1.39096552e+00 -2.41990193e+00 -1.31922173e+00
  2.44218108e+00  1.28526401e+00  3.58963083e-02 -1.75457130e+00
 -1.54219501e+00  1.97247622e+00  1.47197891e+00 -8.06701493e-01
 -1.38806103e-01 -4.54865812e-01 -1.82300557e-01  2.39905434e+00
 -5.45521716e-01 -6.39399133e-01  1.06159793e+00 -2.29943168e+00
  1.00383944e+00  2.56439229e+00 -4.87126184e-01  2.13745493e+00
 -1.96959681e+00 -8.76258554e-01 -2.41815830e+00 -2.28518196e+00
 -1.42500576e+00 -2.90883873e+00  1.56606927e+00  1.81221507e+00
  1.63874997e+00  1.02018304e+00  1.41837698e+00 -2.30717405e+00
 -2.69882425e+00  1.72501426e+00  9.89960520e-01 -3.98528437e-01
 -2.62155617e+00  1.55032053e+00 -1.22734505e+00 -2.49636225e+00
  3.64790763e-02]
Thu Jun 13 22:35:27 2024,518,0.09770404732386553,[-2.85201302e+00  2.11392100e+00 -1.64479348e+00  1.06107782e-01
  4.71589963e-01 -3.22395433e+00  3.25660424e+00  2.09792621e+00
  1.04224854e+00 -9.99848778e-01  5.70821741e-01  1.30579333e+00
  1.32330113e+00 -1.87681581e+00  7.80119475e-01  2.87758005e+00
 -4.08528289e-01 -4.34159046e-01 -1.92358679e+00  8.04260908e-01
  1.61846731e+00  2.91438109e+00 -1.40539029e+00 -4.05020879e-01
 -2.17296373e+00 -2.09847244e+00  3.13523254e+00  2.78614707e+00
 -7.41330378e-01 -2.65090038e+00  1.53435398e+00 -2.23334695e-01
 -2.42551110e+00  1.86344265e+00  1.12709988e+00 -6.21574905e-01
  1.10897691e+00 -2.01065905e+00 -2.10279959e-01  2.27691639e+00
 -2.61739736e-01  5.13849522e-01  2.40939133e+00  5.57475108e-01
  2.65067833e+00  2.89557685e+00  2.82104706e+00 -2.94345352e+00
  2.81037381e-01 -3.87564778e-01  1.71384364e+00  2.99245289e+00
 -3.61816557e-01 -2.38272224e+00  2.69563698e+00 -3.19421557e+00
  5.63506649e-01 -6.84027828e-01 -1.74132178e+00  3.10857855e+00
 -1.95741717e+00 -1.66144600e+00 -2.55677469e+00  2.37403755e+00
 -2.15411211e+00  1.96906878e+00  1.74006421e+00  1.46898231e+00
  2.51307328e+00  2.90683214e+00  1.96944796e+00  1.47003151e+00
 -1.76974310e+00 -2.37537644e+00  1.16189832e+00  5.85577928e-01
  1.59326299e+00 -2.81552741e+00 -1.08451688e-01  2.54339840e+00
 -1.15643887e+00  1.18500020e+00  1.22993357e+00  6.09858839e-01
 -9.69799836e-01  1.13867653e+00  7.98586797e-01 -3.98692675e-01
  2.80553853e+00 -2.14078050e+00  1.57279900e+00 -6.57824792e-01
  9.82971813e-01 -3.22741283e+00 -2.21923186e+00  3.60193134e-01
 -1.09810045e+00 -4.16249645e-01  2.71549690e-01  7.17100193e-02
 -1.80194525e+00 -1.85205894e-01 -6.48608375e-01  2.88030866e+00
 -1.11801082e+00 -1.19176501e+00 -1.14032681e+00  1.27224927e+00
  1.62051567e+00 -8.24961552e-01  2.11450322e+00 -1.52510825e+00
 -2.42374586e-01 -8.82476976e-01 -2.95009659e+00  3.11007598e+00
 -1.75642044e+00  3.04179482e+00 -1.37950913e+00 -2.40146667e+00
  3.71129796e+00 -1.21448781e+00 -6.39269058e-01 -3.03110719e+00
 -2.50508626e+00  2.98427745e+00 -1.96783954e+00 -1.67882917e+00
 -4.15416712e-01  2.96638041e+00  1.57346696e-01  2.63929485e-02
 -1.60456913e+00 -1.51857645e-01 -1.59932332e+00 -3.09608921e+00
  2.91272290e+00  1.17271138e+00 -3.20891595e-01 -2.32995924e+00
  1.01046405e+00 -1.17139470e+00 -2.62750598e-01 -2.16236679e+00
 -1.90397229e+00  1.80293823e+00 -9.77423273e-01  2.55164217e+00
 -4.30402641e-01 -3.09702543e+00 -2.82111532e+00  2.01190328e+00
 -3.07358434e+00 -2.49357177e-01 -1.03677568e+00 -1.80899070e-01
  2.36856306e+00  1.72521492e+00 -2.42251843e-01 -1.80842240e+00
 -3.02582492e+00  1.38296916e-01 -8.23533510e-01  1.46974374e+00
 -2.52580545e+00  9.80375252e-01 -6.78006724e-02  2.09502695e-01
  1.99050332e+00  7.21762007e-01  7.82078941e-01 -1.23988817e+00
  1.61245371e+00  2.52752998e+00  1.26490130e+00  3.08658477e-01
 -1.00184071e+00  2.61291706e+00  8.20858339e-01 -2.25209381e+00
  8.34676407e-04  1.71589497e+00  1.05911008e+00 -6.37679722e-01
 -2.32257762e+00  2.43680378e+00  2.02813411e+00  1.65682887e+00
  2.26478805e+00  1.85558652e+00 -2.10372429e+00 -2.84482524e+00
  5.34953596e-01  1.38976836e+00 -2.42109909e+00 -1.31802457e+00
  2.44098392e+00  1.28646117e+00  3.70934681e-02 -1.75576846e+00
 -1.54339217e+00  1.97367338e+00  1.47317607e+00 -8.07898653e-01
 -1.37608943e-01 -4.56062972e-01 -1.81103397e-01  2.39785718e+00
 -5.46718876e-01 -6.38201973e-01  1.06279509e+00 -2.30062884e+00
  1.00264228e+00  2.56558945e+00 -4.88323344e-01  2.13865209e+00
 -1.96839965e+00 -8.75061394e-01 -2.41696114e+00 -2.28398480e+00
 -1.42380860e+00 -2.91003589e+00  1.56487211e+00  1.81101791e+00
  1.63755281e+00  1.02138020e+00  1.41957414e+00 -2.30837121e+00
 -2.69762709e+00  1.72621142e+00  9.88763360e-01 -3.97331277e-01
 -2.62275333e+00  1.55151769e+00 -1.22614789e+00 -2.49755941e+00
  3.52819164e-02]
Thu Jun 13 22:35:43 2024,519,0.09756459351226426,[-2.8489876   2.11089558 -1.64176806  0.1091332   0.47461538 -3.22092891
  3.25962966  2.09490079  1.04527396 -0.99682336  0.56779632  1.30881875
  1.32632655 -1.87379039  0.77709405  2.88060547 -0.40550287 -0.43718447
 -1.92056136  0.80728633  1.61544188  2.91135567 -1.40236487 -0.4080463
 -2.16993831 -2.09544702  3.13825796  2.78312165 -0.73830496 -2.64787496
  1.53132856 -0.22636012 -2.42853652  1.86041723  1.1301253  -0.62460033
  1.11200233 -2.01368447 -0.21330538  2.27389097 -0.26476516  0.5108241
  2.41241675  0.55444969  2.64765291  2.89255143  2.81802164 -2.94647894
  0.2840628  -0.38453936  1.71686906  2.99547831 -0.36484198 -2.37969682
  2.6986624  -3.19724099  0.56048123 -0.68705325 -1.73829636  3.10555313
 -1.96044259 -1.65842058 -2.55374927  2.37706297 -2.15108669  1.96604336
  1.74308963  1.46595689  2.5160987   2.90985756  1.96642254  1.47305693
 -1.77276852 -2.37235102  1.16492374  0.58860335  1.59023757 -2.81250199
 -0.10542627  2.54037298 -1.15946429  1.18802562  1.22690815  0.60683342
 -0.96677442  1.14170195  0.79556138 -0.39566725  2.80856395 -2.14380592
  1.56977357 -0.66085021  0.97994639 -3.23043825 -2.22225728  0.36321855
 -1.10112587 -0.41927507  0.26852427  0.0686846  -1.79891983 -0.18823131
 -0.64558295  2.88333408 -1.12103624 -1.19479043 -1.13730139  1.26922385
  1.62354109 -0.82798697  2.11752864 -1.52813367 -0.24540001 -0.87945156
 -2.94707117  3.10705056 -1.75339502  3.0387694  -1.37648371 -2.39844125
  3.71432338 -1.21751323 -0.63624364 -3.03413261 -2.50206084  2.98125203
 -1.97086496 -1.68185459 -0.41239129  2.96940583  0.16037212  0.02941837
 -1.60759455 -0.15488307 -1.60234874 -3.09306379  2.90969748  1.16968596
 -0.32391702 -2.32693382  1.01348947 -1.16836928 -0.25972518 -2.16539221
 -1.90094687  1.80596365 -0.98044869  2.54861675 -0.42737722 -3.09400001
 -2.82414074  2.0149287  -3.07055892 -0.2523826  -1.0398011  -0.17787365
  2.36553764  1.72824034 -0.24527726 -1.81144782 -3.0227995   0.1352715
 -0.82655893  1.46671832 -2.52883087  0.97734983 -0.06477525  0.21252812
  1.99352874  0.72478743  0.77905352 -1.23686275  1.60942829  2.5305554
  1.26187588  0.30563306 -0.99881529  2.61594248  0.82388376 -2.24906839
  0.0038601   1.71892039  1.0621355  -0.6346543  -2.32560304  2.43377836
  2.03115954  1.65985429  2.26781347  1.85861194 -2.10069887 -2.84785066
  0.53797902  1.38674294 -2.41807367 -1.31499915  2.44400934  1.28343575
  0.04011889 -1.75274303 -1.54036675  1.9766988   1.47620149 -0.81092407
 -0.14063436 -0.45303755 -0.17807798  2.39483176 -0.5497443  -0.64122739
  1.06582051 -2.30365426  0.99961685  2.56861487 -0.49134876  2.13562667
 -1.96537423 -0.87203597 -2.41393572 -2.28701022 -1.42078318 -2.91306131
  1.56789753  1.80799249  1.63452739  1.02440562  1.41654872 -2.31139663
 -2.69460167  1.72923684  0.98573794 -0.39430586 -2.61972791  1.54849227
 -1.22312247 -2.50058483  0.03830734]
Thu Jun 13 22:35:58 2024,520,0.09755117370616895,[-2.84771778e+00  2.11216540e+00 -1.64049824e+00  1.07863384e-01
  4.75885202e-01 -3.21965909e+00  3.25835984e+00  2.09363097e+00
  1.04400415e+00 -9.98093176e-01  5.69066139e-01  1.30754893e+00
  1.32759637e+00 -1.87252058e+00  7.78363873e-01  2.88187529e+00
 -4.04233050e-01 -4.38454284e-01 -1.92183118e+00  8.08556147e-01
  1.61671170e+00  2.91262549e+00 -1.40363469e+00 -4.06776481e-01
 -2.17120813e+00 -2.09417720e+00  3.13952778e+00  2.78185183e+00
 -7.37035139e-01 -2.64660514e+00  1.53005874e+00 -2.25090297e-01
 -2.42980634e+00  1.85914741e+00  1.12885548e+00 -6.23330507e-01
  1.11073251e+00 -2.01241465e+00 -2.14575198e-01  2.27262115e+00
 -2.63495338e-01  5.09554283e-01  2.41368657e+00  5.55719506e-01
  2.64638309e+00  2.89382125e+00  2.81675182e+00 -2.94520912e+00
  2.85332619e-01 -3.83269539e-01  1.71559924e+00  2.99674813e+00
 -3.63572159e-01 -2.37842701e+00  2.69993222e+00 -3.19597118e+00
  5.61751047e-01 -6.88323067e-01 -1.73956618e+00  3.10682295e+00
 -1.96171241e+00 -1.65969040e+00 -2.55247945e+00  2.37579316e+00
 -2.15235651e+00  1.96477354e+00  1.74435945e+00  1.46722671e+00
  2.51736852e+00  2.91112738e+00  1.96515272e+00  1.47432675e+00
 -1.77403834e+00 -2.37108120e+00  1.16619356e+00  5.87333530e-01
  1.58896775e+00 -2.81123217e+00 -1.04156449e-01  2.54164279e+00
 -1.15819447e+00  1.18929544e+00  1.22563833e+00  6.08103237e-01
 -9.68044234e-01  1.14043213e+00  7.94291558e-01 -3.96937073e-01
  2.80729413e+00 -2.14253610e+00  1.57104339e+00 -6.62120031e-01
  9.78676574e-01 -3.22916843e+00 -2.22352710e+00  3.61948736e-01
 -1.10239569e+00 -4.20544884e-01  2.69794088e-01  6.74147804e-02
 -1.79765001e+00 -1.89501133e-01 -6.46852773e-01  2.88460390e+00
 -1.11976642e+00 -1.19352061e+00 -1.13603157e+00  1.26795403e+00
  1.62227127e+00 -8.29256791e-01  2.11879846e+00 -1.52940349e+00
 -2.44130188e-01 -8.80721374e-01 -2.94834099e+00  3.10832038e+00
 -1.75212520e+00  3.03749958e+00 -1.37775353e+00 -2.39971106e+00
  3.71559320e+00 -1.21878304e+00 -6.34973819e-01 -3.03540243e+00
 -2.50079102e+00  2.97998221e+00 -1.96959514e+00 -1.68058477e+00
 -4.11121473e-01  2.96813601e+00  1.59102298e-01  2.81485505e-02
 -1.60632473e+00 -1.56152884e-01 -1.60107892e+00 -3.09433361e+00
  2.91096729e+00  1.16841614e+00 -3.25186834e-01 -2.32820364e+00
  1.01221965e+00 -1.16709946e+00 -2.60994996e-01 -2.16666203e+00
 -1.89967705e+00  1.80469383e+00 -9.81718512e-01  2.54988657e+00
 -4.26107402e-01 -3.09273020e+00 -2.82287092e+00  2.01365888e+00
 -3.07182874e+00 -2.51112779e-01 -1.04107092e+00 -1.79143468e-01
  2.36426782e+00  1.72697052e+00 -2.46547082e-01 -1.81271764e+00
 -3.02406932e+00  1.34001677e-01 -8.25289112e-01  1.46544850e+00
 -2.52756105e+00  9.78619650e-01 -6.35054336e-02  2.11258297e-01
  1.99225892e+00  7.23517609e-01  7.80323339e-01 -1.23559293e+00
  1.60815847e+00  2.53182521e+00  1.26314570e+00  3.06902875e-01
 -1.00008510e+00  2.61467266e+00  8.22613941e-01 -2.24779858e+00
  2.59027840e-03  1.71765057e+00  1.06086568e+00 -6.33384483e-01
 -2.32687286e+00  2.43504818e+00  2.03242935e+00  1.66112411e+00
  2.26908329e+00  1.85734212e+00 -2.10196869e+00 -2.84912047e+00
  5.39248835e-01  1.38547312e+00 -2.41680385e+00 -1.31372933e+00
  2.44527916e+00  1.28470557e+00  3.88490701e-02 -1.75147322e+00
 -1.54163657e+00  1.97542898e+00  1.47493167e+00 -8.12193892e-01
 -1.39364545e-01 -4.51767733e-01 -1.79347795e-01  2.39356194e+00
 -5.48474478e-01 -6.42497212e-01  1.06455069e+00 -2.30238444e+00
  1.00088667e+00  2.56988468e+00 -4.92618583e-01  2.13689648e+00
 -1.96410441e+00 -8.73305792e-01 -2.41266590e+00 -2.28574040e+00
 -1.42205300e+00 -2.91433113e+00  1.56916734e+00  1.80926231e+00
  1.63325757e+00  1.02313580e+00  1.41527890e+00 -2.31266645e+00
 -2.69587149e+00  1.73050666e+00  9.84468121e-01 -3.95575675e-01
 -2.61845809e+00  1.54976208e+00 -1.22185265e+00 -2.49931501e+00
  3.95771553e-02]
Thu Jun 13 22:36:14 2024,521,0.09755477452795432,[-2.84789957e+00  2.11234719e+00 -1.64031645e+00  1.07681591e-01
  4.76066996e-01 -3.21984088e+00  3.25817805e+00  2.09381277e+00
  1.04382235e+00 -9.97911382e-01  5.69247932e-01  1.30736714e+00
  1.32777816e+00 -1.87233878e+00  7.78182079e-01  2.88169350e+00
 -4.04414844e-01 -4.38272491e-01 -1.92164939e+00  8.08374353e-01
  1.61652991e+00  2.91244370e+00 -1.40345290e+00 -4.06594688e-01
 -2.17138992e+00 -2.09435899e+00  3.13934599e+00  2.78167004e+00
 -7.36853346e-01 -2.64678693e+00  1.53024054e+00 -2.25272091e-01
 -2.42962454e+00  1.85896561e+00  1.12903727e+00 -6.23148713e-01
  1.11091431e+00 -2.01259644e+00 -2.14756991e-01  2.27243936e+00
 -2.63313545e-01  5.09736076e-01  2.41386836e+00  5.55537713e-01
  2.64656488e+00  2.89363946e+00  2.81657003e+00 -2.94539091e+00
  2.85150826e-01 -3.83087746e-01  1.71578104e+00  2.99656633e+00
 -3.63753952e-01 -2.37824521e+00  2.70011401e+00 -3.19578938e+00
  5.61569253e-01 -6.88141274e-01 -1.73974797e+00  3.10664116e+00
 -1.96153062e+00 -1.65987219e+00 -2.55229766e+00  2.37597495e+00
 -2.15217471e+00  1.96495533e+00  1.74417765e+00  1.46704491e+00
  2.51755031e+00  2.91130917e+00  1.96497092e+00  1.47450854e+00
 -1.77422013e+00 -2.37126299e+00  1.16601177e+00  5.87151737e-01
  1.58914955e+00 -2.81141396e+00 -1.03974656e-01  2.54182459e+00
 -1.15837626e+00  1.18947723e+00  1.22545654e+00  6.07921444e-01
 -9.67862441e-01  1.14061393e+00  7.94109764e-01 -3.96755280e-01
  2.80747592e+00 -2.14271789e+00  1.57122519e+00 -6.61938238e-01
  9.78858367e-01 -3.22935022e+00 -2.22370889e+00  3.62130529e-01
 -1.10257748e+00 -4.20726677e-01  2.69612295e-01  6.72329872e-02
 -1.79746822e+00 -1.89319340e-01 -6.47034566e-01  2.88442210e+00
 -1.11994821e+00 -1.19370240e+00 -1.13584978e+00  1.26813582e+00
  1.62208948e+00 -8.29438584e-01  2.11898026e+00 -1.52922170e+00
 -2.44311981e-01 -8.80539581e-01 -2.94852278e+00  3.10850217e+00
 -1.75194341e+00  3.03768137e+00 -1.37757173e+00 -2.39989286e+00
  3.71541140e+00 -1.21896484e+00 -6.34792025e-01 -3.03558422e+00
 -2.50060922e+00  2.97980042e+00 -1.96941335e+00 -1.68076656e+00
 -4.10939680e-01  2.96831781e+00  1.58920505e-01  2.79667573e-02
 -1.60650652e+00 -1.56334677e-01 -1.60089713e+00 -3.09451540e+00
  2.91078550e+00  1.16823434e+00 -3.25368627e-01 -2.32838543e+00
  1.01203785e+00 -1.16728125e+00 -2.60813202e-01 -2.16684382e+00
 -1.89949525e+00  1.80451203e+00 -9.81536719e-01  2.54970478e+00
 -4.25925609e-01 -3.09291199e+00 -2.82268913e+00  2.01384068e+00
 -3.07201053e+00 -2.50930986e-01 -1.04125271e+00 -1.79325261e-01
  2.36408602e+00  1.72678873e+00 -2.46365288e-01 -1.81253585e+00
 -3.02388753e+00  1.33819884e-01 -8.25107319e-01  1.46526671e+00
 -2.52774284e+00  9.78437857e-01 -6.36872268e-02  2.11076504e-01
  1.99207713e+00  7.23699402e-01  7.80141546e-01 -1.23577473e+00
  1.60797668e+00  2.53164342e+00  1.26332749e+00  3.06721082e-01
 -9.99903310e-01  2.61449087e+00  8.22795735e-01 -2.24761678e+00
  2.40848518e-03  1.71746878e+00  1.06068389e+00 -6.33202689e-01
 -2.32669106e+00  2.43486639e+00  2.03261115e+00  1.66094232e+00
  2.26890150e+00  1.85716033e+00 -2.10178689e+00 -2.84930227e+00
  5.39430628e-01  1.38565491e+00 -2.41662206e+00 -1.31354754e+00
  2.44546096e+00  1.28452378e+00  3.86672769e-02 -1.75165501e+00
 -1.54181836e+00  1.97524719e+00  1.47474988e+00 -8.12375685e-01
 -1.39182752e-01 -4.51585940e-01 -1.79166002e-01  2.39374374e+00
 -5.48292684e-01 -6.42315419e-01  1.06473248e+00 -2.30220265e+00
  1.00106847e+00  2.56970289e+00 -4.92800376e-01  2.13707828e+00
 -1.96428621e+00 -8.73123999e-01 -2.41248411e+00 -2.28555861e+00
 -1.42223479e+00 -2.91414933e+00  1.56898555e+00  1.80944410e+00
  1.63343937e+00  1.02331759e+00  1.41546070e+00 -2.31284824e+00
 -2.69568970e+00  1.73032486e+00  9.84286328e-01 -3.95757469e-01
 -2.61827630e+00  1.54958029e+00 -1.22203444e+00 -2.49913322e+00
  3.97589486e-02]
Thu Jun 13 22:36:30 2024,522,0.09754420360213037,[-2.84777312e+00  2.11247364e+00 -1.64044290e+00  1.07808037e-01
  4.76193442e-01 -3.21971444e+00  3.25805160e+00  2.09368632e+00
  1.04369591e+00 -9.97784936e-01  5.69121486e-01  1.30749359e+00
  1.32790461e+00 -1.87246523e+00  7.78308526e-01  2.88156705e+00
 -4.04541290e-01 -4.38398938e-01 -1.92177584e+00  8.08500800e-01
  1.61665636e+00  2.91257014e+00 -1.40332645e+00 -4.06468241e-01
 -2.17151637e+00 -2.09423255e+00  3.13921954e+00  2.78179649e+00
 -7.36726899e-01 -2.64666049e+00  1.53011409e+00 -2.25145644e-01
 -2.42975099e+00  1.85909206e+00  1.12891082e+00 -6.23275160e-01
  1.11104075e+00 -2.01272289e+00 -2.14883438e-01  2.27256581e+00
 -2.63187099e-01  5.09609630e-01  2.41399481e+00  5.55411267e-01
  2.64643844e+00  2.89376591e+00  2.81669648e+00 -2.94551736e+00
  2.85277273e-01 -3.82961299e-01  1.71565459e+00  2.99643989e+00
 -3.63627505e-01 -2.37837166e+00  2.69998756e+00 -3.19566294e+00
  5.61442807e-01 -6.88267721e-01 -1.73987442e+00  3.10676760e+00
 -1.96165706e+00 -1.65974575e+00 -2.55217121e+00  2.37610140e+00
 -2.15204827e+00  1.96508178e+00  1.74430410e+00  1.46691847e+00
  2.51742386e+00  2.91118272e+00  1.96484448e+00  1.47438210e+00
 -1.77434658e+00 -2.37138944e+00  1.16613821e+00  5.87278183e-01
  1.58902310e+00 -2.81154041e+00 -1.03848209e-01  2.54169814e+00
 -1.15824982e+00  1.18935079e+00  1.22558298e+00  6.08047890e-01
 -9.67988888e-01  1.14048748e+00  7.93983318e-01 -3.96628833e-01
  2.80760237e+00 -2.14284434e+00  1.57135163e+00 -6.61811791e-01
  9.78731921e-01 -3.22922378e+00 -2.22383534e+00  3.62256976e-01
 -1.10245103e+00 -4.20600231e-01  2.69738741e-01  6.71065406e-02
 -1.79759466e+00 -1.89192893e-01 -6.46908120e-01  2.88429566e+00
 -1.11982176e+00 -1.19382885e+00 -1.13572333e+00  1.26826227e+00
  1.62196303e+00 -8.29312138e-01  2.11885381e+00 -1.52909525e+00
 -2.44438428e-01 -8.80666028e-01 -2.94864923e+00  3.10837572e+00
 -1.75206985e+00  3.03755493e+00 -1.37769818e+00 -2.39976641e+00
  3.71553785e+00 -1.21909128e+00 -6.34665579e-01 -3.03545778e+00
 -2.50048278e+00  2.97967397e+00 -1.96928690e+00 -1.68089301e+00
 -4.10813233e-01  2.96844425e+00  1.58794059e-01  2.80932039e-02
 -1.60663297e+00 -1.56208230e-01 -1.60102358e+00 -3.09438895e+00
  2.91091195e+00  1.16836079e+00 -3.25242180e-01 -2.32825898e+00
  1.01191141e+00 -1.16740770e+00 -2.60939649e-01 -2.16697027e+00
 -1.89962170e+00  1.80438559e+00 -9.81410272e-01  2.54983122e+00
 -4.26052055e-01 -3.09278554e+00 -2.82281558e+00  2.01396712e+00
 -3.07213698e+00 -2.50804539e-01 -1.04112627e+00 -1.79451708e-01
  2.36395958e+00  1.72691518e+00 -2.46491735e-01 -1.81240940e+00
 -3.02376108e+00  1.33693437e-01 -8.24980872e-01  1.46539316e+00
 -2.52786929e+00  9.78311411e-01 -6.38136734e-02  2.10950058e-01
  1.99220357e+00  7.23825848e-01  7.80267992e-01 -1.23564828e+00
  1.60810313e+00  2.53176987e+00  1.26345394e+00  3.06847529e-01
 -1.00002976e+00  2.61436442e+00  8.22922181e-01 -2.24774323e+00
  2.53493176e-03  1.71734234e+00  1.06081033e+00 -6.33329136e-01
 -2.32681751e+00  2.43499283e+00  2.03273759e+00  1.66106876e+00
  2.26902794e+00  1.85703388e+00 -2.10166045e+00 -2.84917582e+00
  5.39304181e-01  1.38578136e+00 -2.41649561e+00 -1.31367398e+00
  2.44533451e+00  1.28465022e+00  3.85408303e-02 -1.75178146e+00
 -1.54194481e+00  1.97537364e+00  1.47487633e+00 -8.12502132e-01
 -1.39056306e-01 -4.51459493e-01 -1.79292449e-01  2.39387018e+00
 -5.48419131e-01 -6.42441866e-01  1.06485893e+00 -2.30207620e+00
  1.00119491e+00  2.56982934e+00 -4.92673930e-01  2.13695183e+00
 -1.96441265e+00 -8.73250445e-01 -2.41235766e+00 -2.28543216e+00
 -1.42210834e+00 -2.91427578e+00  1.56885910e+00  1.80931766e+00
  1.63356581e+00  1.02319115e+00  1.41533425e+00 -2.31297468e+00
 -2.69556325e+00  1.73045131e+00  9.84412774e-01 -3.95631022e-01
 -2.61814985e+00  1.54970674e+00 -1.22190800e+00 -2.49925967e+00
  3.96325020e-02]
Thu Jun 13 22:36:50 2024,523,0.09749011580386244,[-2.84638113  2.11108164 -1.6390509   0.10641604  0.47480145 -3.21832244
  3.25665961  2.09229432  1.04230391 -0.99639294  0.56772949  1.30610159
  1.32651261 -1.87107323  0.77691653  2.88017505 -0.40593329 -0.43700694
 -1.92038384  0.8098928   1.61804835  2.91396214 -1.40193445 -0.40507625
 -2.17012438 -2.09562454  3.13782755  2.78318848 -0.7353349  -2.64526849
  1.53150609 -0.22653764 -2.42835899  1.85770007  1.13030282 -0.62188316
  1.11243275 -2.01411489 -0.21627543  2.2739578  -0.26457909  0.51100163
  2.41260282  0.55401927  2.64504644  2.89237391  2.81808847 -2.94412536
  0.28666927 -0.38435329  1.71704659  2.99783188 -0.36223551 -2.37697966
  2.69859557 -3.19427094  0.56005081 -0.68687573 -1.73848242  3.10537561
 -1.96026507 -1.66113774 -2.55356321  2.37749339 -2.15344026  1.96647377
  1.7456961   1.46552647  2.51881586  2.90979073  1.96623647  1.47577409
 -1.77573857 -2.36999744  1.16474622  0.58867018  1.5904151  -2.81014841
 -0.1052402   2.54309014 -1.15964181  1.19074278  1.22419099  0.60665589
 -0.96938088  1.13909548  0.79259132 -0.39523684  2.80899437 -2.14423634
  1.57274363 -0.6604198   0.98012392 -3.22783178 -2.22244334  0.36364897
 -1.10384303 -0.41920823  0.26834675  0.06849854 -1.79620267 -0.19058489
 -0.64830012  2.88568765 -1.12121376 -1.19522085 -1.13433134  1.26687027
  1.62057103 -0.83070413  2.11746181 -1.53048724 -0.24304643 -0.87927403
 -2.95004122  3.10976772 -1.75346185  3.03616293 -1.37909018 -2.39837442
  3.71692984 -1.22048328 -0.63605757 -3.03684977 -2.49909078  2.98106597
 -1.96789491 -1.682285   -0.40942124  2.96983625  0.16018605  0.0294852
 -1.60802497 -0.15760023 -1.59963158 -3.09578095  2.90951995  1.16975279
 -0.32663418 -2.32965098  1.01051941 -1.1660157  -0.26233164 -2.16557827
 -1.9010137   1.80577758 -0.98001828  2.55122322 -0.42744405 -3.09139355
 -2.82142358  2.01535912 -3.07352897 -0.24941254 -1.04251826 -0.1808437
  2.36535157  1.72830717 -0.24509974 -1.81101741 -3.02515308  0.13508543
 -0.82358888  1.46400116 -2.52647729  0.97691941 -0.06242168  0.21234205
  1.99359557  0.72243385  0.78165999 -1.23425628  1.60671113  2.53316186
  1.26484594  0.30823952 -1.00142175  2.61297242  0.82431418 -2.24913522
  0.00392693  1.71873433  1.06220233 -0.63193714 -2.32542551  2.43360084
  2.0313456   1.65967677  2.26763595  1.85564189 -2.10305244 -2.85056782
  0.54069618  1.38717335 -2.41788761 -1.31228199  2.4467265   1.28604222
  0.03714883 -1.75038946 -1.5433368   1.97398164  1.47348433 -0.81111014
 -0.1404483  -0.45285149 -0.18068444  2.39526218 -0.54702714 -0.64383386
  1.06625092 -2.30346819  1.00258691  2.56843734 -0.49128193  2.13555984
 -1.96302066 -0.87464244 -2.41374966 -2.28404016 -1.42350034 -2.91566778
  1.56746711  1.80792566  1.63217382  1.02179915  1.41672625 -2.31158269
 -2.69417126  1.72905931  0.98580477 -0.39423903 -2.61675786  1.54831474
 -1.220516   -2.50065166  0.0410245 ]
Thu Jun 13 22:37:05 2024,524,0.09748642912909615,[-2.84618895  2.11088947 -1.63885873  0.10660822  0.47499362 -3.21813026
  3.25646743  2.09210215  1.04249609 -0.99658512  0.56792167  1.30629377
  1.32632044 -1.87126541  0.77710871  2.88036723 -0.40612546 -0.43719912
 -1.92019166  0.81008497  1.61824053  2.91415431 -1.40212663 -0.40526842
 -2.17031655 -2.09543237  3.13763537  2.78299631 -0.73552708 -2.64507631
  1.53131391 -0.22634546 -2.42855117  1.85789224  1.13011064 -0.62207534
  1.11224057 -2.01430706 -0.21608326  2.27414998 -0.26477127  0.51080945
  2.41241064  0.55421145  2.64523862  2.89256609  2.81789629 -2.94431754
  0.28686144 -0.38454547  1.71685441  2.99763971 -0.36242769 -2.37717184
  2.69878774 -3.19446312  0.56024299 -0.68668355 -1.7386746   3.10518343
 -1.96007289 -1.66094557 -2.55337103  2.37730122 -2.15363244  1.9662816
  1.74550392  1.46571865  2.51900803  2.90959855  1.9660443   1.47596627
 -1.7755464  -2.37018962  1.16493839  0.58886235  1.59022292 -2.81034059
 -0.10504803  2.54289796 -1.15983399  1.19093496  1.22438316  0.60646372
 -0.96957306  1.13890331  0.7927835  -0.39504466  2.80918654 -2.14404416
  1.5729358  -0.66061197  0.97993174 -3.22763961 -2.22263552  0.36384115
 -1.10365085 -0.41901606  0.26853892  0.06830636 -1.79639484 -0.19039271
 -0.64849229  2.88587983 -1.12102158 -1.19541302 -1.13452351  1.2666781
  1.62037886 -0.83089631  2.11765399 -1.53067942 -0.24323861 -0.87908186
 -2.94984905  3.10957554 -1.75365402  3.03597075 -1.37928235 -2.39818224
  3.71712202 -1.22067546 -0.6358654  -3.0366576  -2.49889861  2.98125814
 -1.96770273 -1.68209283 -0.40961341  2.96964407  0.16037823  0.02967738
 -1.60821714 -0.1577924  -1.59943941 -3.09597313  2.90932778  1.16994496
 -0.32682635 -2.32984316  1.01071159 -1.16582353 -0.26213947 -2.16577045
 -1.90082152  1.80596976 -0.98021045  2.55103104 -0.42763623 -3.09158572
 -2.82161576  2.01516694 -3.07372115 -0.24960472 -1.04232608 -0.18103588
  2.36554375  1.72849935 -0.24490756 -1.81120958 -3.0249609   0.13489326
 -0.8233967   1.46419334 -2.52628512  0.97672724 -0.0622295   0.21253423
  1.99378774  0.72262603  0.78146781 -1.23406411  1.60651896  2.53335404
  1.26503811  0.3084317  -1.00122958  2.6131646   0.824122   -2.2493274
  0.00373475  1.71854215  1.0623945  -0.63212932 -2.32561769  2.43340866
  2.03153777  1.65948459  2.26782812  1.85544971 -2.10324462 -2.85075999
  0.54088835  1.38736553 -2.41769543 -1.31208981  2.44653433  1.28585004
  0.03734101 -1.75058164 -1.54352898  1.97378946  1.47329216 -0.81130231
 -0.14064048 -0.45304366 -0.18087662  2.39507    -0.54721931 -0.64364169
  1.06605875 -2.30327602  1.00239473  2.56824517 -0.49108976  2.13575201
 -1.96321283 -0.87445027 -2.41355748 -2.28423234 -1.42369251 -2.91585995
  1.56727493  1.80811784  1.63198164  1.02199133  1.41653407 -2.31139051
 -2.69436343  1.72886714  0.98561259 -0.39404685 -2.61695003  1.54850692
 -1.22032383 -2.50045949  0.04121667]
Thu Jun 13 22:37:21 2024,525,0.09741287997266439,[-2.84747127  2.10960715 -1.63757641  0.1053259   0.47627594 -3.21684795
  3.25518512  2.09338446  1.0437784  -0.99786743  0.56663935  1.30757608
  1.32503812 -1.87254772  0.77582639  2.88164954 -0.40740778 -0.43848143
 -1.91890935  0.80880266  1.61952284  2.912872   -1.40084432 -0.40398611
 -2.16903424 -2.09415005  3.13891769  2.78171399 -0.73424476 -2.643794
  1.53259623 -0.22762778 -2.42983349  1.85660993  1.12882833 -0.62335766
  1.11352289 -2.01302475 -0.21736557  2.27286766 -0.26605359  0.51209176
  2.41369295  0.55549376  2.6439563   2.8938484   2.81917861 -2.94303522
  0.28814376 -0.38326316  1.71557209  2.99892202 -0.36371    -2.37845415
  2.70007006 -3.19574543  0.5615253  -0.68540123 -1.73739228  3.10390112
 -1.95879057 -1.66222788 -2.55465335  2.3760189  -2.15491475  1.96756391
  1.74678624  1.46700096  2.52029035  2.90831624  1.96476198  1.47468395
 -1.77682871 -2.3689073   1.16622071  0.59014467  1.58894061 -2.80905827
 -0.10633034  2.54161564 -1.1611163   1.18965264  1.22310085  0.6051814
 -0.96829074  1.14018562  0.79406581 -0.39632698  2.81046886 -2.14276185
  1.57165349 -0.65932966  0.98121406 -3.22635729 -2.22391783  0.36512346
 -1.10493317 -0.41773374  0.26982124  0.06702404 -1.79511253 -0.19167503
 -0.64720998  2.88459751 -1.1223039  -1.19413071 -1.13580583  1.26539578
  1.62166117 -0.82961399  2.11637167 -1.53196174 -0.24195629 -0.87779954
 -2.95113136  3.10829323 -1.75493634  3.03468844 -1.38056467 -2.39689992
  3.71840434 -1.21939314 -0.63458308 -3.03537528 -2.49761629  2.97997583
 -1.96642042 -1.68337514 -0.4083311   2.96836176  0.16166055  0.03095969
 -1.60949946 -0.15907472 -1.59815709 -3.09469081  2.91061009  1.16866265
 -0.32554404 -2.32856084  1.00942927 -1.16454121 -0.26085715 -2.16448813
 -1.89953921  1.80725207 -0.97892814  2.55231336 -0.42891854 -3.09030341
 -2.82289807  2.01644926 -3.07500346 -0.25088703 -1.0436084  -0.1823182
  2.36682606  1.72721703 -0.24362525 -1.8124919  -3.02367859  0.13617557
 -0.82467902  1.46547565 -2.5250028   0.97544492 -0.06094719  0.21125191
  1.99250543  0.72134371  0.78275013 -1.23278179  1.60523664  2.53207172
  1.2637558   0.30714938 -0.99994726  2.61444692  0.82283969 -2.25060972
  0.00501707  1.71982447  1.06367682 -0.63341163 -2.32690001  2.43212635
  2.03282009  1.66076691  2.26911044  1.8541674  -2.10452693 -2.84947768
  0.53960604  1.38608321 -2.41641311 -1.3108075   2.44525201  1.28456773
  0.0360587  -1.74929932 -1.5448113   1.97507178  1.47457447 -0.81002
 -0.14192279 -0.45432598 -0.18215894  2.39378769 -0.545937   -0.64235937
  1.06734106 -2.30455833  1.00111242  2.56696285 -0.49237207  2.13703433
 -1.96449515 -0.87573258 -2.41227516 -2.28551466 -1.4224102  -2.91457764
  1.56855725  1.80940015  1.63069933  1.02327364  1.41781639 -2.31267283
 -2.69564575  1.72758482  0.98689491 -0.39276454 -2.61566772  1.5472246
 -1.21904151 -2.49917717  0.04249899]
Thu Jun 13 22:37:35 2024,526,0.09731613461865199,[-2.84931655e+00  2.10776187e+00 -1.63573113e+00  1.03480625e-01
  4.74430660e-01 -3.21500267e+00  3.25333984e+00  2.09522974e+00
  1.04562368e+00 -9.99712709e-01  5.68484629e-01  1.30942136e+00
  1.32319284e+00 -1.87070245e+00  7.77671669e-01  2.88349482e+00
 -4.05562499e-01 -4.36636156e-01 -1.91706407e+00  8.06957379e-01
  1.61767757e+00  2.91471728e+00 -1.39899904e+00 -4.02140829e-01
 -2.17087951e+00 -2.09230477e+00  3.13707241e+00  2.78355927e+00
 -7.32399486e-01 -2.64194872e+00  1.53075095e+00 -2.25782501e-01
 -2.43167876e+00  1.85476465e+00  1.13067361e+00 -6.21512378e-01
  1.11536817e+00 -2.01487002e+00 -2.15520294e-01  2.27102239e+00
 -2.67898863e-01  5.10246487e-01  2.41553823e+00  5.53648485e-01
  2.64211103e+00  2.89200312e+00  2.81733333e+00 -2.94118995e+00
  2.86298482e-01 -3.81417877e-01  1.71741737e+00  2.99707674e+00
 -3.61864723e-01 -2.37660888e+00  2.70191534e+00 -3.19759071e+00
  5.59680025e-01 -6.83555956e-01 -1.73923756e+00  3.10205584e+00
 -1.96063585e+00 -1.66407316e+00 -2.55280807e+00  2.37417362e+00
 -2.15306947e+00  1.96940919e+00  1.74494096e+00  1.46515568e+00
  2.52213563e+00  2.90647096e+00  1.96660726e+00  1.47283868e+00
 -1.77498344e+00 -2.36706203e+00  1.16437543e+00  5.91989948e-01
  1.58709533e+00 -2.81090355e+00 -1.08175622e-01  2.53977037e+00
 -1.16296158e+00  1.18780737e+00  1.22125557e+00  6.03336125e-01
 -9.70136022e-01  1.13834034e+00  7.92220536e-01 -3.94481699e-01
  2.80862358e+00 -2.14460712e+00  1.57349877e+00 -6.57484378e-01
  9.83059333e-01 -3.22820257e+00 -2.22207255e+00  3.66968741e-01
 -1.10677845e+00 -4.15888466e-01  2.67975959e-01  6.88693227e-02
 -1.79326725e+00 -1.93520306e-01 -6.49055254e-01  2.88644279e+00
 -1.12045862e+00 -1.19228543e+00 -1.13396055e+00  1.26724106e+00
  1.62350645e+00 -8.27768716e-01  2.11452640e+00 -1.53380701e+00
 -2.43801571e-01 -8.79644819e-01 -2.95297664e+00  3.10644795e+00
 -1.75309106e+00  3.03653372e+00 -1.37871939e+00 -2.39505465e+00
  3.71655906e+00 -1.22123842e+00 -6.32737805e-01 -3.03722056e+00
 -2.49946157e+00  2.97813055e+00 -1.96457514e+00 -1.68522042e+00
 -4.10176376e-01  2.96651648e+00  1.63505824e-01  2.91144130e-02
 -1.61134473e+00 -1.57229439e-01 -1.59631181e+00 -3.09284553e+00
  2.90876481e+00  1.17050793e+00 -3.23698759e-01 -2.32671556e+00
  1.00758400e+00 -1.16269593e+00 -2.62702431e-01 -2.16264285e+00
 -1.90138448e+00  1.80909735e+00 -9.77082859e-01  2.55415864e+00
 -4.30763820e-01 -3.08845813e+00 -2.82474335e+00  2.01829454e+00
 -3.07684874e+00 -2.52732313e-01 -1.04545368e+00 -1.80472917e-01
  2.36867134e+00  1.72537175e+00 -2.41779970e-01 -1.81064662e+00
 -3.02552386e+00  1.38020850e-01 -8.26524294e-01  1.46732093e+00
 -2.52315752e+00  9.77290201e-01 -5.91019085e-02  2.09406636e-01
  1.99435071e+00  7.23188991e-01  7.84595405e-01 -1.23462707e+00
  1.60708192e+00  2.53391700e+00  1.26191052e+00  3.05304107e-01
 -9.98101983e-01  2.61260164e+00  8.20994407e-01 -2.24876444e+00
  3.17178872e-03  1.71797919e+00  1.06183154e+00 -6.31566354e-01
 -2.32505473e+00  2.43028107e+00  2.03097481e+00  1.65892163e+00
  2.26726516e+00  1.85232212e+00 -2.10268166e+00 -2.84763240e+00
  5.37760760e-01  1.38792849e+00 -2.41825839e+00 -1.31265277e+00
  2.44709729e+00  1.28641301e+00  3.42134176e-02 -1.75114460e+00
 -1.54296602e+00  1.97322650e+00  1.47641975e+00 -8.08174719e-01
 -1.43768071e-01 -4.56171258e-01 -1.84004214e-01  2.39194241e+00
 -5.47782274e-01 -6.40514092e-01  1.06918634e+00 -2.30640361e+00
  1.00295770e+00  2.56511757e+00 -4.90526795e-01  2.13887961e+00
 -1.96634043e+00 -8.77577858e-01 -2.41042989e+00 -2.28735993e+00
 -1.42425548e+00 -2.91642291e+00  1.57040253e+00  1.81124543e+00
  1.63254461e+00  1.02142837e+00  1.41597111e+00 -2.31082755e+00
 -2.69749103e+00  1.72943010e+00  9.85049631e-01 -3.90919257e-01
 -2.61751300e+00  1.54906988e+00 -1.22088679e+00 -2.50102245e+00
  4.06537111e-02]
Thu Jun 13 22:37:50 2024,527,0.09730246423889757,[-2.85006375e+00  2.10850907e+00 -1.63498393e+00  1.04227826e-01
  4.73683459e-01 -3.21574987e+00  3.25259264e+00  2.09448254e+00
  1.04637088e+00 -1.00045991e+00  5.67737427e-01  1.30867416e+00
  1.32244564e+00 -1.86995524e+00  7.76924468e-01  2.88274762e+00
 -4.04815298e-01 -4.37383357e-01 -1.91631687e+00  8.07704580e-01
  1.61842477e+00  2.91397007e+00 -1.39825184e+00 -4.02888030e-01
 -2.17013231e+00 -2.09155757e+00  3.13781961e+00  2.78281207e+00
 -7.31652285e-01 -2.64269592e+00  1.53000375e+00 -2.25035300e-01
 -2.43242597e+00  1.85551185e+00  1.12992641e+00 -6.20765177e-01
  1.11462096e+00 -2.01412282e+00 -2.14773093e-01  2.27176959e+00
 -2.68646065e-01  5.10993688e-01  2.41479103e+00  5.54395686e-01
  2.64136382e+00  2.89125592e+00  2.81808053e+00 -2.94044274e+00
  2.85551281e-01 -3.82165079e-01  1.71816457e+00  2.99632954e+00
 -3.61117522e-01 -2.37735608e+00  2.70266254e+00 -3.19833791e+00
  5.60427226e-01 -6.82808754e-01 -1.73849036e+00  3.10280304e+00
 -1.95988865e+00 -1.66332596e+00 -2.55206087e+00  2.37342642e+00
 -2.15381668e+00  1.97015639e+00  1.74419376e+00  1.46590289e+00
  2.52288283e+00  2.90721816e+00  1.96735446e+00  1.47209148e+00
 -1.77573064e+00 -2.36780923e+00  1.16362823e+00  5.91242747e-01
  1.58784253e+00 -2.81015635e+00 -1.08922823e-01  2.54051757e+00
 -1.16370878e+00  1.18855457e+00  1.22200277e+00  6.04083327e-01
 -9.69388821e-01  1.13759314e+00  7.92967737e-01 -3.93734497e-01
  2.80787638e+00 -2.14385992e+00  1.57424597e+00 -6.58231580e-01
  9.83806535e-01 -3.22745537e+00 -2.22132535e+00  3.66221540e-01
 -1.10752565e+00 -4.16635667e-01  2.68723160e-01  6.96165241e-02
 -1.79401445e+00 -1.92773104e-01 -6.49802455e-01  2.88569559e+00
 -1.11971142e+00 -1.19153823e+00 -1.13321335e+00  1.26649386e+00
  1.62275925e+00 -8.28515918e-01  2.11527360e+00 -1.53305981e+00
 -2.44548772e-01 -8.80392020e-01 -2.95372384e+00  3.10719515e+00
 -1.75234386e+00  3.03578652e+00 -1.37797219e+00 -2.39580185e+00
  3.71730626e+00 -1.22049122e+00 -6.31990604e-01 -3.03647336e+00
 -2.49871437e+00  2.97738335e+00 -1.96532234e+00 -1.68447322e+00
 -4.10923578e-01  2.96576928e+00  1.62758622e-01  2.98616144e-02
 -1.61209194e+00 -1.57976641e-01 -1.59556461e+00 -3.09359273e+00
  2.90951202e+00  1.17125513e+00 -3.22951558e-01 -2.32746276e+00
  1.00833120e+00 -1.16344313e+00 -2.63449633e-01 -2.16189565e+00
 -1.90063728e+00  1.80984455e+00 -9.77830061e-01  2.55490584e+00
 -4.31511022e-01 -3.08920533e+00 -2.82549055e+00  2.01904174e+00
 -3.07759594e+00 -2.51985111e-01 -1.04470648e+00 -1.79725716e-01
  2.36792414e+00  1.72611896e+00 -2.41032769e-01 -1.80989942e+00
 -3.02477666e+00  1.37273648e-01 -8.27271495e-01  1.46657373e+00
 -2.52241032e+00  9.76543000e-01 -5.83547071e-02  2.08659435e-01
  1.99509791e+00  7.22441790e-01  7.85342606e-01 -1.23387987e+00
  1.60782912e+00  2.53316980e+00  1.26116332e+00  3.06051308e-01
 -9.98849185e-01  2.61334884e+00  8.21741609e-01 -2.24801724e+00
  2.42458733e-03  1.71723199e+00  1.06108434e+00 -6.30819153e-01
 -2.32580193e+00  2.43102827e+00  2.03172201e+00  1.65817443e+00
  2.26651796e+00  1.85306932e+00 -2.10342886e+00 -2.84688520e+00
  5.37013559e-01  1.38718129e+00 -2.41751119e+00 -1.31190557e+00
  2.44784449e+00  1.28716021e+00  3.49606190e-02 -1.75189180e+00
 -1.54221882e+00  1.97247930e+00  1.47716695e+00 -8.08921921e-01
 -1.43020869e-01 -4.55424057e-01 -1.84751415e-01  2.39119521e+00
 -5.48529475e-01 -6.39766891e-01  1.06843914e+00 -2.30565641e+00
  1.00370490e+00  2.56437037e+00 -4.91273997e-01  2.13962681e+00
 -1.96559323e+00 -8.78325060e-01 -2.41117709e+00 -2.28661273e+00
 -1.42350827e+00 -2.91567571e+00  1.57114973e+00  1.81199263e+00
  1.63329181e+00  1.02217557e+00  1.41671831e+00 -2.31008035e+00
 -2.69674382e+00  1.72868290e+00  9.84302430e-01 -3.91666459e-01
 -2.61676580e+00  1.54832268e+00 -1.22163399e+00 -2.50027525e+00
  4.14009125e-02]
Thu Jun 13 22:38:07 2024,528,0.09729097199100248,[-2.85073594e+00  2.10918127e+00 -1.63565612e+00  1.03555633e-01
  4.73011266e-01 -3.21642207e+00  3.25326483e+00  2.09381035e+00
  1.04704307e+00 -9.99787718e-01  5.67065235e-01  1.30800197e+00
  1.32177345e+00 -1.87062744e+00  7.77596660e-01  2.88341981e+00
 -4.04143105e-01 -4.38055550e-01 -1.91698906e+00  8.08376773e-01
  1.61775257e+00  2.91329788e+00 -1.39757964e+00 -4.02215837e-01
 -2.16946012e+00 -2.09088538e+00  3.13849180e+00  2.78213988e+00
 -7.30980092e-01 -2.64336811e+00  1.52933155e+00 -2.24363107e-01
 -2.43309816e+00  1.85483966e+00  1.13059860e+00 -6.20092984e-01
  1.11394877e+00 -2.01479502e+00 -2.15445286e-01  2.27244178e+00
 -2.67973872e-01  5.11665881e-01  2.41411884e+00  5.53723493e-01
  2.64203602e+00  2.89192812e+00  2.81875273e+00 -2.94111494e+00
  2.84879088e-01 -3.82837272e-01  1.71883677e+00  2.99565735e+00
 -3.60445329e-01 -2.37668388e+00  2.70333473e+00 -3.19901010e+00
  5.59755033e-01 -6.83480947e-01 -1.73781816e+00  3.10347523e+00
 -1.95921646e+00 -1.66265376e+00 -2.55273306e+00  2.37275423e+00
 -2.15314448e+00  1.97082858e+00  1.74352156e+00  1.46523069e+00
  2.52221064e+00  2.90654597e+00  1.96668227e+00  1.47141928e+00
 -1.77640283e+00 -2.36848142e+00  1.16295604e+00  5.91914939e-01
  1.58717034e+00 -2.80948416e+00 -1.08250630e-01  2.54118976e+00
 -1.16438098e+00  1.18788237e+00  1.22267496e+00  6.04755520e-01
 -9.70061013e-01  1.13826534e+00  7.93639930e-01 -3.94406690e-01
  2.80854857e+00 -2.14453211e+00  1.57357378e+00 -6.57559387e-01
  9.84478728e-01 -3.22678317e+00 -2.22065316e+00  3.65549347e-01
 -1.10685346e+00 -4.15963474e-01  2.69395353e-01  6.89443313e-02
 -1.79334226e+00 -1.93445297e-01 -6.50474648e-01  2.88636778e+00
 -1.12038361e+00 -1.19086603e+00 -1.13388554e+00  1.26582167e+00
  1.62208706e+00 -8.29188110e-01  2.11460140e+00 -1.53373201e+00
 -2.43876580e-01 -8.79719827e-01 -2.95305165e+00  3.10786734e+00
 -1.75167167e+00  3.03645871e+00 -1.37730000e+00 -2.39512965e+00
  3.71663407e+00 -1.21981902e+00 -6.31318411e-01 -3.03714555e+00
 -2.49804217e+00  2.97671116e+00 -1.96465015e+00 -1.68380103e+00
 -4.11595770e-01  2.96644147e+00  1.62086429e-01  2.91894216e-02
 -1.61276413e+00 -1.57304448e-01 -1.59623680e+00 -3.09292054e+00
  2.90883982e+00  1.17192732e+00 -3.23623750e-01 -2.32679057e+00
  1.00765900e+00 -1.16277094e+00 -2.64121825e-01 -2.16122346e+00
 -1.90130947e+00  1.80917236e+00 -9.78502253e-01  2.55557803e+00
 -4.32183214e-01 -3.08853314e+00 -2.82481836e+00  2.01971393e+00
 -3.07692375e+00 -2.52657304e-01 -1.04537867e+00 -1.79053523e-01
  2.36725195e+00  1.72679115e+00 -2.41704961e-01 -1.80922723e+00
 -3.02544885e+00  1.37945841e-01 -8.26599302e-01  1.46724592e+00
 -2.52173813e+00  9.75870807e-01 -5.76825143e-02  2.09331627e-01
  1.99442571e+00  7.21769597e-01  7.86014799e-01 -1.23455206e+00
  1.60850131e+00  2.53384199e+00  1.26049112e+00  3.06723501e-01
 -9.99521377e-01  2.61267665e+00  8.22413802e-01 -2.24868943e+00
  3.09678015e-03  1.71790418e+00  1.06041215e+00 -6.30146960e-01
 -2.32647412e+00  2.43170046e+00  2.03239421e+00  1.65750223e+00
  2.26584577e+00  1.85374151e+00 -2.10275666e+00 -2.84755739e+00
  5.37685751e-01  1.38650910e+00 -2.41818338e+00 -1.31123338e+00
  2.44717230e+00  1.28648801e+00  3.42884262e-02 -1.75256399e+00
 -1.54154662e+00  1.97315149e+00  1.47649476e+00 -8.08249728e-01
 -1.42348676e-01 -4.54751864e-01 -1.84079222e-01  2.39052301e+00
 -5.47857282e-01 -6.39094698e-01  1.06776695e+00 -2.30498422e+00
  1.00303270e+00  2.56369818e+00 -4.91946190e-01  2.13895461e+00
 -1.96492103e+00 -8.78997252e-01 -2.41184928e+00 -2.28594054e+00
 -1.42283608e+00 -2.91500352e+00  1.57047754e+00  1.81266482e+00
  1.63396400e+00  1.02150337e+00  1.41739050e+00 -2.30940816e+00
 -2.69607163e+00  1.72935509e+00  9.83630237e-01 -3.92338651e-01
 -2.61743799e+00  1.54765049e+00 -1.22096180e+00 -2.50094744e+00
  4.20731053e-02]
Thu Jun 13 22:38:22 2024,529,0.09699593945893321,[-2.85255664e+00  2.10736057e+00 -1.63383543e+00  1.05376332e-01
  4.74831964e-01 -3.21824276e+00  3.25508553e+00  2.09563104e+00
  1.04522238e+00 -1.00160842e+00  5.65244536e-01  1.30618127e+00
  1.32359415e+00 -1.87244814e+00  7.75775962e-01  2.88524051e+00
 -4.02322407e-01 -4.39876248e-01 -1.91516836e+00  8.10197471e-01
  1.61957327e+00  2.91511858e+00 -1.39940034e+00 -4.00395139e-01
 -2.17128082e+00 -2.09270608e+00  3.13667110e+00  2.78396057e+00
 -7.32800791e-01 -2.64154742e+00  1.53115225e+00 -2.22542408e-01
 -2.43127746e+00  1.85666036e+00  1.13241930e+00 -6.18272285e-01
  1.11212807e+00 -2.01297432e+00 -2.13624587e-01  2.27062108e+00
 -2.69794571e-01  5.13486580e-01  2.41593954e+00  5.51902795e-01
  2.64021532e+00  2.89374881e+00  2.82057342e+00 -2.93929424e+00
  2.83058389e-01 -3.81016573e-01  1.71701607e+00  2.99747805e+00
 -3.58624630e-01 -2.37486319e+00  2.70515543e+00 -3.19718941e+00
  5.57934335e-01 -6.85301646e-01 -1.73599747e+00  3.10529593e+00
 -1.96103716e+00 -1.66447446e+00 -2.55455376e+00  2.37093353e+00
 -2.15496518e+00  1.97264928e+00  1.74534226e+00  1.46340999e+00
  2.52038994e+00  2.90836666e+00  1.96850297e+00  1.46959858e+00
 -1.77458213e+00 -2.37030212e+00  1.16477674e+00  5.93735638e-01
  1.58899103e+00 -2.81130486e+00 -1.10071329e-01  2.53936906e+00
 -1.16256028e+00  1.18606168e+00  1.22085427e+00  6.02934821e-01
 -9.68240315e-01  1.14008603e+00  7.95460629e-01 -3.92585992e-01
  2.81036927e+00 -2.14635281e+00  1.57175308e+00 -6.59380086e-01
  9.86299426e-01 -3.22496248e+00 -2.22247386e+00  3.63728648e-01
 -1.10503276e+00 -4.17784173e-01  2.71216052e-01  7.07650297e-02
 -1.79152156e+00 -1.95265996e-01 -6.52295347e-01  2.88454708e+00
 -1.11856291e+00 -1.18904534e+00 -1.13570624e+00  1.26764236e+00
  1.62026636e+00 -8.27367412e-01  2.11642210e+00 -1.53191131e+00
 -2.42055881e-01 -8.77899129e-01 -2.95123095e+00  3.10604665e+00
 -1.74985097e+00  3.03463801e+00 -1.37912069e+00 -2.39330896e+00
  3.71845477e+00 -1.21799833e+00 -6.29497713e-01 -3.03532485e+00
 -2.49622148e+00  2.97853186e+00 -1.96282945e+00 -1.68562173e+00
 -4.09775072e-01  2.96462077e+00  1.63907128e-01  3.10101201e-02
 -1.61458483e+00 -1.55483749e-01 -1.59805750e+00 -3.09474124e+00
  2.90701912e+00  1.17010662e+00 -3.25444449e-01 -2.32861127e+00
  1.00947970e+00 -1.16095024e+00 -2.65942524e-01 -2.15940276e+00
 -1.89948878e+00  1.81099306e+00 -9.76681555e-01  2.55375733e+00
 -4.30362516e-01 -3.09035384e+00 -2.82663906e+00  2.01789323e+00
 -3.07874445e+00 -2.54478002e-01 -1.04355797e+00 -1.77232824e-01
  2.36907265e+00  1.72497045e+00 -2.43525660e-01 -1.80740653e+00
 -3.02362816e+00  1.36125143e-01 -8.28420001e-01  1.46542522e+00
 -2.52355883e+00  9.77691506e-01 -5.58618158e-02  2.11152326e-01
  1.99624641e+00  7.19948899e-01  7.84194101e-01 -1.23637276e+00
  1.60668061e+00  2.53566269e+00  1.25867043e+00  3.08544200e-01
 -9.97700679e-01  2.61085595e+00  8.24234500e-01 -2.24686873e+00
  1.27608167e-03  1.71972488e+00  1.06223285e+00 -6.31967658e-01
 -2.32465342e+00  2.42987977e+00  2.03057351e+00  1.65932293e+00
  2.26766646e+00  1.85192082e+00 -2.10457736e+00 -2.84573669e+00
  5.35865053e-01  1.38832980e+00 -2.41636268e+00 -1.31305408e+00
  2.44899300e+00  1.28466732e+00  3.24677277e-02 -1.75074329e+00
 -1.54336732e+00  1.97133079e+00  1.47467406e+00 -8.10070426e-01
 -1.44169375e-01 -4.56572562e-01 -1.85899921e-01  2.39234371e+00
 -5.49677981e-01 -6.40915396e-01  1.06594625e+00 -2.30316352e+00
  1.00121201e+00  2.56551888e+00 -4.93766888e-01  2.13713392e+00
 -1.96310033e+00 -8.77176554e-01 -2.41002858e+00 -2.28411984e+00
 -1.42101538e+00 -2.91682422e+00  1.56865684e+00  1.81084413e+00
  1.63578470e+00  1.01968268e+00  1.41921120e+00 -2.31122885e+00
 -2.69789233e+00  1.73117579e+00  9.81809538e-01 -3.94159350e-01
 -2.61925869e+00  1.54947118e+00 -1.21914110e+00 -2.49912674e+00
  4.38938038e-02]
Thu Jun 13 22:38:37 2024,530,0.0969958894129641,[-2.85271257e+00  2.10720464e+00 -1.63399135e+00  1.05220404e-01
  4.74676037e-01 -3.21808684e+00  3.25492960e+00  2.09578697e+00
  1.04537830e+00 -1.00145249e+00  5.65400464e-01  1.30602534e+00
  1.32375007e+00 -1.87229221e+00  7.75620034e-01  2.88539644e+00
 -4.02478334e-01 -4.40032176e-01 -1.91532429e+00  8.10041544e-01
  1.61941735e+00  2.91527451e+00 -1.39924441e+00 -4.00551066e-01
 -2.17112489e+00 -2.09286200e+00  3.13651518e+00  2.78411650e+00
 -7.32644863e-01 -2.64139149e+00  1.53099632e+00 -2.22698336e-01
 -2.43143339e+00  1.85650443e+00  1.13257522e+00 -6.18428213e-01
  1.11228400e+00 -2.01281839e+00 -2.13468660e-01  2.27077701e+00
 -2.69638643e-01  5.13642507e-01  2.41578361e+00  5.52058722e-01
  2.64037125e+00  2.89359289e+00  2.82072935e+00 -2.93913831e+00
  2.83214317e-01 -3.80860646e-01  1.71717199e+00  2.99732212e+00
 -3.58780558e-01 -2.37501911e+00  2.70499950e+00 -3.19734533e+00
  5.57778407e-01 -6.85145718e-01 -1.73584154e+00  3.10545186e+00
 -1.96119308e+00 -1.66431854e+00 -2.55470969e+00  2.37077760e+00
 -2.15512111e+00  1.97249335e+00  1.74549819e+00  1.46356592e+00
  2.52023401e+00  2.90852259e+00  1.96865889e+00  1.46944266e+00
 -1.77442620e+00 -2.37014619e+00  1.16493266e+00  5.93579710e-01
  1.58914696e+00 -2.81146078e+00 -1.10227256e-01  2.53921314e+00
 -1.16271621e+00  1.18590575e+00  1.22101019e+00  6.03090749e-01
 -9.68396242e-01  1.13993011e+00  7.95304701e-01 -3.92741919e-01
  2.81052520e+00 -2.14650874e+00  1.57190901e+00 -6.59224158e-01
  9.86143499e-01 -3.22480655e+00 -2.22262979e+00  3.63572721e-01
 -1.10518868e+00 -4.17628245e-01  2.71060124e-01  7.09209573e-02
 -1.79136563e+00 -1.95110068e-01 -6.52451274e-01  2.88439116e+00
 -1.11871884e+00 -1.18920126e+00 -1.13555031e+00  1.26748644e+00
  1.62011043e+00 -8.27523340e-01  2.11626618e+00 -1.53206723e+00
 -2.42211809e-01 -8.77743201e-01 -2.95107502e+00  3.10620257e+00
 -1.74969504e+00  3.03448208e+00 -1.37896477e+00 -2.39315303e+00
  3.71861069e+00 -1.21815425e+00 -6.29653640e-01 -3.03516892e+00
 -2.49637740e+00  2.97868778e+00 -1.96298537e+00 -1.68577765e+00
 -4.09930999e-01  2.96477670e+00  1.64063055e-01  3.11660476e-02
 -1.61442890e+00 -1.55327822e-01 -1.59821343e+00 -3.09489717e+00
  2.90717505e+00  1.17026255e+00 -3.25600376e-01 -2.32876720e+00
  1.00932378e+00 -1.16110617e+00 -2.65786596e-01 -2.15924683e+00
 -1.89933285e+00  1.81114899e+00 -9.76525627e-01  2.55391326e+00
 -4.30206588e-01 -3.09019791e+00 -2.82648313e+00  2.01773731e+00
 -3.07890037e+00 -2.54322075e-01 -1.04340204e+00 -1.77388752e-01
  2.36922857e+00  1.72512638e+00 -2.43369732e-01 -1.80725060e+00
 -3.02378408e+00  1.35969215e-01 -8.28264073e-01  1.46558115e+00
 -2.52371475e+00  9.77847433e-01 -5.60177433e-02  2.10996398e-01
  1.99609049e+00  7.19792971e-01  7.84038173e-01 -1.23621683e+00
  1.60683654e+00  2.53581862e+00  1.25851450e+00  3.08700127e-01
 -9.97544751e-01  2.61070002e+00  8.24390428e-01 -2.24671280e+00
  1.43200921e-03  1.71956895e+00  1.06207692e+00 -6.32123586e-01
 -2.32449750e+00  2.43003569e+00  2.03041758e+00  1.65947886e+00
  2.26751054e+00  1.85207674e+00 -2.10473329e+00 -2.84558076e+00
  5.36020980e-01  1.38848572e+00 -2.41620676e+00 -1.31289815e+00
  2.44914893e+00  1.28482324e+00  3.26236552e-02 -1.75089922e+00
 -1.54321139e+00  1.97148672e+00  1.47451813e+00 -8.10226354e-01
 -1.44325302e-01 -4.56416635e-01 -1.86055848e-01  2.39218779e+00
 -5.49833909e-01 -6.41071324e-01  1.06610218e+00 -2.30300759e+00
  1.00105608e+00  2.56536295e+00 -4.93922816e-01  2.13697799e+00
 -1.96294441e+00 -8.77332481e-01 -2.41018451e+00 -2.28396391e+00
 -1.42085946e+00 -2.91698015e+00  1.56850091e+00  1.81068820e+00
  1.63562877e+00  1.01952675e+00  1.41905527e+00 -2.31107293e+00
 -2.69804826e+00  1.73133172e+00  9.81965466e-01 -3.94315277e-01
 -2.61941461e+00  1.54962711e+00 -1.21929703e+00 -2.49928267e+00
  4.37378762e-02]
Thu Jun 13 22:39:20 2024,531,0.0969603160859289,[-2.85199732e+00  2.10791989e+00 -1.63327611e+00  1.05935650e-01
  4.73960792e-01 -3.21880208e+00  3.25564485e+00  2.09507173e+00
  1.04609355e+00 -1.00073724e+00  5.64685218e-01  1.30531009e+00
  1.32446532e+00 -1.87157696e+00  7.76335280e-01  2.88611169e+00
 -4.03193579e-01 -4.39316931e-01 -1.91460905e+00  8.10756789e-01
  1.61870210e+00  2.91598975e+00 -1.39995966e+00 -3.99835821e-01
 -2.17184014e+00 -2.09357725e+00  3.13579993e+00  2.78483175e+00
 -7.33360108e-01 -2.64067624e+00  1.53171157e+00 -2.21983091e-01
 -2.43214863e+00  1.85721967e+00  1.13329047e+00 -6.17712967e-01
  1.11156876e+00 -2.01210314e+00 -2.12753415e-01  2.27006176e+00
 -2.70353888e-01  5.12927262e-01  2.41649885e+00  5.52773967e-01
  2.64108649e+00  2.89287764e+00  2.82001411e+00 -2.93842307e+00
  2.82499072e-01 -3.80145400e-01  1.71788724e+00  2.99660688e+00
 -3.58065313e-01 -2.37430387e+00  2.70428426e+00 -3.19663009e+00
  5.58493652e-01 -6.85860964e-01 -1.73655678e+00  3.10616710e+00
 -1.96190833e+00 -1.66360329e+00 -2.55542493e+00  2.37149285e+00
 -2.15583635e+00  1.97177811e+00  1.74621344e+00  1.46428117e+00
  2.52094926e+00  2.90780735e+00  1.96794365e+00  1.47015790e+00
 -1.77514145e+00 -2.37086144e+00  1.16564791e+00  5.92864465e-01
  1.58986221e+00 -2.81074554e+00 -1.10942502e-01  2.53992838e+00
 -1.16200096e+00  1.18519050e+00  1.22029495e+00  6.03805994e-01
 -9.67680997e-01  1.13921486e+00  7.94589456e-01 -3.92026674e-01
  2.81124044e+00 -2.14722399e+00  1.57119376e+00 -6.58508913e-01
  9.86858744e-01 -3.22552179e+00 -2.22334503e+00  3.62857475e-01
 -1.10447344e+00 -4.16913000e-01  2.70344879e-01  7.02057120e-02
 -1.79065039e+00 -1.95825313e-01 -6.53166519e-01  2.88510640e+00
 -1.11800360e+00 -1.18848602e+00 -1.13483507e+00  1.26677119e+00
  1.62082568e+00 -8.26808094e-01  2.11555093e+00 -1.53135199e+00
 -2.41496563e-01 -8.77027956e-01 -2.95035978e+00  3.10691782e+00
 -1.75041029e+00  3.03376684e+00 -1.37824952e+00 -2.39243778e+00
  3.71932594e+00 -1.21743901e+00 -6.28938395e-01 -3.03445368e+00
 -2.49709265e+00  2.97940303e+00 -1.96227013e+00 -1.68649290e+00
 -4.09215754e-01  2.96549194e+00  1.63347810e-01  3.18812929e-02
 -1.61514414e+00 -1.54612577e-01 -1.59892868e+00 -3.09418192e+00
  2.90789030e+00  1.16954730e+00 -3.24885131e-01 -2.32805195e+00
  1.01003902e+00 -1.16182142e+00 -2.65071351e-01 -2.15853159e+00
 -1.89861760e+00  1.81043374e+00 -9.75810382e-01  2.55462851e+00
 -4.30921834e-01 -3.08948266e+00 -2.82576789e+00  2.01845255e+00
 -3.07961562e+00 -2.55037320e-01 -1.04268680e+00 -1.78103997e-01
  2.36994382e+00  1.72584162e+00 -2.42654487e-01 -1.80653536e+00
 -3.02449933e+00  1.36684460e-01 -8.28979319e-01  1.46486590e+00
 -2.52299951e+00  9.78562679e-01 -5.67329886e-02  2.11711644e-01
  1.99680573e+00  7.19077726e-01  7.84753418e-01 -1.23550159e+00
  1.60755179e+00  2.53510337e+00  1.25922974e+00  3.09415373e-01
 -9.98259997e-01  2.60998477e+00  8.25105673e-01 -2.24599756e+00
  7.16763901e-04  1.72028420e+00  1.06279216e+00 -6.32838831e-01
 -2.32378225e+00  2.42932045e+00  2.02970233e+00  1.66019411e+00
  2.26679529e+00  1.85136150e+00 -2.10544854e+00 -2.84629601e+00
  5.35305735e-01  1.38777048e+00 -2.41549151e+00 -1.31361340e+00
  2.44986417e+00  1.28410800e+00  3.33389005e-02 -1.75018398e+00
 -1.54392664e+00  1.97077148e+00  1.47523338e+00 -8.09511108e-01
 -1.45040548e-01 -4.57131880e-01 -1.85340603e-01  2.39147254e+00
 -5.50549154e-01 -6.41786569e-01  1.06681742e+00 -2.30229235e+00
  1.00034083e+00  2.56464770e+00 -4.94638061e-01  2.13626274e+00
 -1.96365965e+00 -8.76617236e-01 -2.40946926e+00 -2.28467916e+00
 -1.42014421e+00 -2.91769539e+00  1.56778566e+00  1.80997295e+00
  1.63491353e+00  1.01881150e+00  1.41977052e+00 -2.31178817e+00
 -2.69733301e+00  1.73204696e+00  9.82680711e-01 -3.93600032e-01
 -2.61869937e+00  1.54891187e+00 -1.22001227e+00 -2.49856742e+00
  4.44531216e-02]
Thu Jun 13 22:39:35 2024,532,0.09681320364548433,[-2.85362856e+00  2.10628864e+00 -1.63490735e+00  1.04304406e-01
  4.75592036e-01 -3.22043333e+00  3.25727609e+00  2.09344048e+00
  1.04772479e+00 -1.00236849e+00  5.66316462e-01  1.30367885e+00
  1.32609656e+00 -1.86994572e+00  7.77966524e-01  2.88448044e+00
 -4.01562335e-01 -4.40948175e-01 -1.91297780e+00  8.12388033e-01
  1.61707086e+00  2.91435851e+00 -1.40159090e+00 -3.98204577e-01
 -2.17020889e+00 -2.09194601e+00  3.13416869e+00  2.78320050e+00
 -7.31728864e-01 -2.63904500e+00  1.53334281e+00 -2.23614335e-01
 -2.43051739e+00  1.85558843e+00  1.13165923e+00 -6.19344211e-01
  1.11320000e+00 -2.01047190e+00 -2.11122171e-01  2.27169301e+00
 -2.71985132e-01  5.14558506e-01  2.41486761e+00  5.54405211e-01
  2.63945525e+00  2.89124640e+00  2.82164535e+00 -2.94005431e+00
  2.84130316e-01 -3.78514156e-01  1.71625600e+00  2.99823812e+00
 -3.59696557e-01 -2.37593511e+00  2.70591550e+00 -3.19826133e+00
  5.56862408e-01 -6.84229720e-01 -1.73492554e+00  3.10453586e+00
 -1.96353957e+00 -1.66523453e+00 -2.55705618e+00  2.37312409e+00
 -2.15746760e+00  1.97014687e+00  1.74784468e+00  1.46591241e+00
  2.51931801e+00  2.90617610e+00  1.96631241e+00  1.47178915e+00
 -1.77677269e+00 -2.37249268e+00  1.16401666e+00  5.91233221e-01
  1.59149345e+00 -2.81237678e+00 -1.09311258e-01  2.54155962e+00
 -1.16363220e+00  1.18355926e+00  1.22192619e+00  6.02174750e-01
 -9.66049753e-01  1.14084611e+00  7.92958212e-01 -3.93657918e-01
  2.81287169e+00 -2.14559274e+00  1.57282500e+00 -6.56877669e-01
  9.88489988e-01 -3.22389055e+00 -2.22171379e+00  3.61226231e-01
 -1.10610468e+00 -4.15281756e-01  2.68713635e-01  6.85744679e-02
 -1.78901914e+00 -1.97456557e-01 -6.54797763e-01  2.88347516e+00
 -1.11637235e+00 -1.19011726e+00 -1.13320382e+00  1.26840244e+00
  1.61919443e+00 -8.28439338e-01  2.11391969e+00 -1.53298323e+00
 -2.39865319e-01 -8.75396712e-01 -2.94872853e+00  3.10854906e+00
 -1.74877904e+00  3.03539808e+00 -1.37988076e+00 -2.39406903e+00
  3.72095718e+00 -1.21907025e+00 -6.30569639e-01 -3.03608492e+00
 -2.49546140e+00  2.97777178e+00 -1.96063889e+00 -1.68486165e+00
 -4.10846998e-01  2.96386070e+00  1.64979054e-01  3.02500489e-02
 -1.61677539e+00 -1.56243821e-01 -1.60055992e+00 -3.09255068e+00
  2.90952154e+00  1.16791606e+00 -3.26516375e-01 -2.32642071e+00
  1.00840778e+00 -1.16019017e+00 -2.66702595e-01 -2.15690034e+00
 -1.89698636e+00  1.80880250e+00 -9.74179138e-01  2.55625975e+00
 -4.32553078e-01 -3.09111391e+00 -2.82413664e+00  2.01682131e+00
 -3.07798438e+00 -2.53406076e-01 -1.04105555e+00 -1.76472753e-01
  2.37157506e+00  1.72421038e+00 -2.44285731e-01 -1.80490411e+00
 -3.02286808e+00  1.35053216e-01 -8.30610563e-01  1.46649715e+00
 -2.52136827e+00  9.76931435e-01 -5.83642327e-02  2.10080400e-01
  1.99843697e+00  7.20708970e-01  7.86384662e-01 -1.23387034e+00
  1.60918303e+00  2.53347213e+00  1.26086099e+00  3.11046617e-01
 -9.96628753e-01  2.60835353e+00  8.26736917e-01 -2.24762880e+00
 -9.14480121e-04  1.71865296e+00  1.06116092e+00 -6.34470075e-01
 -2.32541349e+00  2.42768920e+00  2.03133358e+00  1.66182535e+00
  2.26516405e+00  1.85299274e+00 -2.10707978e+00 -2.84792725e+00
  5.36936979e-01  1.38613923e+00 -2.41712276e+00 -1.31524464e+00
  2.45149541e+00  1.28573924e+00  3.49701446e-02 -1.74855273e+00
 -1.54229540e+00  1.96914023e+00  1.47360213e+00 -8.11142352e-01
 -1.43409304e-01 -4.58763124e-01 -1.83709359e-01  2.38984130e+00
 -5.48917910e-01 -6.43417813e-01  1.06844867e+00 -2.30066110e+00
  1.00197208e+00  2.56301646e+00 -4.93006817e-01  2.13789399e+00
 -1.96202841e+00 -8.74985992e-01 -2.41110051e+00 -2.28631040e+00
 -1.42177545e+00 -2.91606415e+00  1.56615442e+00  1.80834171e+00
  1.63328228e+00  1.01718026e+00  1.42140176e+00 -2.31015693e+00
 -2.69570177e+00  1.73367821e+00  9.81049467e-01 -3.91968788e-01
 -2.61706812e+00  1.54728062e+00 -1.22164352e+00 -2.49693618e+00
  4.60843656e-02]
Thu Jun 13 22:39:50 2024,533,0.09679757585429193,[-2.85389378e+00  2.10655386e+00 -1.63517257e+00  1.04039190e-01
  4.75326820e-01 -3.22016811e+00  3.25701087e+00  2.09317527e+00
  1.04745958e+00 -1.00263370e+00  5.66051247e-01  1.30341363e+00
  1.32636178e+00 -1.87021093e+00  7.77701308e-01  2.88421523e+00
 -4.01297120e-01 -4.41213390e-01 -1.91271259e+00  8.12122817e-01
  1.61733607e+00  2.91409329e+00 -1.40132569e+00 -3.98469792e-01
 -2.16994368e+00 -2.09168079e+00  3.13390347e+00  2.78346572e+00
 -7.31994080e-01 -2.63931022e+00  1.53307760e+00 -2.23879550e-01
 -2.43078260e+00  1.85532321e+00  1.13192444e+00 -6.19609427e-01
  1.11293478e+00 -2.01073712e+00 -2.11387386e-01  2.27142779e+00
 -2.71719917e-01  5.14293290e-01  2.41513283e+00  5.54670427e-01
  2.63972046e+00  2.89151161e+00  2.82191057e+00 -2.93978909e+00
  2.84395531e-01 -3.78248941e-01  1.71652121e+00  2.99850334e+00
 -3.59431341e-01 -2.37566990e+00  2.70565029e+00 -3.19799612e+00
  5.56597193e-01 -6.83964504e-01 -1.73519075e+00  3.10427064e+00
 -1.96327436e+00 -1.66496932e+00 -2.55732139e+00  2.37285888e+00
 -2.15773281e+00  1.97041208e+00  1.74757946e+00  1.46617763e+00
  2.51958323e+00  2.90591089e+00  1.96657762e+00  1.47205436e+00
 -1.77703791e+00 -2.37275790e+00  1.16428188e+00  5.90968005e-01
  1.59175867e+00 -2.81264200e+00 -1.09576473e-01  2.54182484e+00
 -1.16336699e+00  1.18329404e+00  1.22219141e+00  6.02439966e-01
 -9.66314969e-01  1.14111132e+00  7.92692996e-01 -3.93923134e-01
  2.81313690e+00 -2.14585796e+00  1.57255979e+00 -6.57142884e-01
  9.88224772e-01 -3.22415577e+00 -2.22144857e+00  3.60961016e-01
 -1.10636990e+00 -4.15016540e-01  2.68978850e-01  6.83092523e-02
 -1.78875393e+00 -1.97721773e-01 -6.55062979e-01  2.88374037e+00
 -1.11663757e+00 -1.18985205e+00 -1.13293861e+00  1.26866765e+00
  1.61945965e+00 -8.28174123e-01  2.11418490e+00 -1.53271802e+00
 -2.40130535e-01 -8.75661927e-01 -2.94899375e+00  3.10828385e+00
 -1.74904426e+00  3.03513287e+00 -1.37961555e+00 -2.39380381e+00
  3.72069197e+00 -1.21933547e+00 -6.30834854e-01 -3.03635014e+00
 -2.49572662e+00  2.97803700e+00 -1.96037367e+00 -1.68512687e+00
 -4.10581783e-01  2.96359549e+00  1.65244270e-01  2.99848333e-02
 -1.61651017e+00 -1.55978605e-01 -1.60082513e+00 -3.09228546e+00
  2.90925633e+00  1.16765084e+00 -3.26251159e-01 -2.32668592e+00
  1.00814256e+00 -1.16045539e+00 -2.66967811e-01 -2.15663513e+00
 -1.89672114e+00  1.80906771e+00 -9.74444354e-01  2.55599453e+00
 -4.32287862e-01 -3.09137912e+00 -2.82387143e+00  2.01655609e+00
 -3.07771916e+00 -2.53140861e-01 -1.04079034e+00 -1.76737969e-01
  2.37130985e+00  1.72447559e+00 -2.44550947e-01 -1.80463890e+00
 -3.02313330e+00  1.34788001e-01 -8.30345347e-01  1.46623193e+00
 -2.52163348e+00  9.77196650e-01 -5.80990171e-02  2.09815184e-01
  1.99870219e+00  7.20443754e-01  7.86119447e-01 -1.23360513e+00
  1.60944825e+00  2.53373735e+00  1.26059577e+00  3.10781401e-01
 -9.96363537e-01  2.60808832e+00  8.27002133e-01 -2.24789402e+00
 -1.17969572e-03  1.71891817e+00  1.06142613e+00 -6.34735291e-01
 -2.32514828e+00  2.42795442e+00  2.03159879e+00  1.66156013e+00
  2.26542926e+00  1.85325796e+00 -2.10681456e+00 -2.84766204e+00
  5.37202195e-01  1.38587402e+00 -2.41738797e+00 -1.31550986e+00
  2.45123020e+00  1.28547403e+00  3.52353602e-02 -1.74881795e+00
 -1.54203018e+00  1.96887502e+00  1.47333692e+00 -8.10877137e-01
 -1.43144088e-01 -4.58497908e-01 -1.83974575e-01  2.38957608e+00
 -5.49183125e-01 -6.43683029e-01  1.06871388e+00 -2.30039589e+00
  1.00170686e+00  2.56328168e+00 -4.93272033e-01  2.13762877e+00
 -1.96176319e+00 -8.75251208e-01 -2.41083529e+00 -2.28657562e+00
 -1.42151024e+00 -2.91632936e+00  1.56588920e+00  1.80807649e+00
  1.63354750e+00  1.01744547e+00  1.42113655e+00 -2.31042214e+00
 -2.69543655e+00  1.73341299e+00  9.81314683e-01 -3.91703572e-01
 -2.61733334e+00  1.54754584e+00 -1.22190873e+00 -2.49720140e+00
  4.58191500e-02]
Thu Jun 13 22:40:04 2024,534,0.09682229640318389,[-2.85321178e+00  2.10587186e+00 -1.63585457e+00  1.04721187e-01
  4.74644823e-01 -3.21948611e+00  3.25769287e+00  2.09249327e+00
  1.04814157e+00 -1.00195171e+00  5.66733244e-01  1.30273164e+00
  1.32567978e+00 -1.87089293e+00  7.77019311e-01  2.88489722e+00
 -4.00615122e-01 -4.40531393e-01 -1.91339458e+00  8.12804815e-01
  1.61801807e+00  2.91477529e+00 -1.40200769e+00 -3.97787795e-01
 -2.16926168e+00 -2.09236279e+00  3.13458547e+00  2.78278372e+00
 -7.31312083e-01 -2.63862822e+00  1.53239560e+00 -2.24561548e-01
 -2.43146460e+00  1.85464122e+00  1.13124244e+00 -6.20291424e-01
  1.11225279e+00 -2.01005512e+00 -2.10705389e-01  2.27210979e+00
 -2.72401914e-01  5.14975288e-01  2.41581482e+00  5.55352424e-01
  2.64040246e+00  2.89219361e+00  2.82259256e+00 -2.93910710e+00
  2.85077528e-01 -3.77566943e-01  1.71583921e+00  2.99782134e+00
 -3.60113339e-01 -2.37635189e+00  2.70496829e+00 -3.19867811e+00
  5.57279190e-01 -6.84646501e-01 -1.73450876e+00  3.10358865e+00
 -1.96395636e+00 -1.66565132e+00 -2.55663940e+00  2.37354087e+00
 -2.15705082e+00  1.97109408e+00  1.74826146e+00  1.46685962e+00
  2.51890123e+00  2.90522889e+00  1.96725962e+00  1.47273636e+00
 -1.77771991e+00 -2.37343989e+00  1.16496388e+00  5.90286008e-01
  1.59244066e+00 -2.81332400e+00 -1.10258471e-01  2.54114284e+00
 -1.16404899e+00  1.18397604e+00  1.22150941e+00  6.01757968e-01
 -9.65632971e-01  1.14042932e+00  7.92010999e-01 -3.94605131e-01
  2.81381890e+00 -2.14653996e+00  1.57324179e+00 -6.57824882e-01
  9.88906770e-01 -3.22483776e+00 -2.22076657e+00  3.60279018e-01
 -1.10568790e+00 -4.15698538e-01  2.68296853e-01  6.76272550e-02
 -1.78807193e+00 -1.97039776e-01 -6.55744976e-01  2.88305838e+00
 -1.11731956e+00 -1.18917005e+00 -1.13362061e+00  1.26934965e+00
  1.62014164e+00 -8.28856120e-01  2.11350290e+00 -1.53340001e+00
 -2.40812532e-01 -8.74979930e-01 -2.94831175e+00  3.10760185e+00
 -1.74836226e+00  3.03445087e+00 -1.38029755e+00 -2.39448581e+00
  3.72137396e+00 -1.21865347e+00 -6.31516852e-01 -3.03566814e+00
 -2.49640862e+00  2.97735500e+00 -1.95969167e+00 -1.68580887e+00
 -4.11263780e-01  2.96291349e+00  1.64562272e-01  3.06668306e-02
 -1.61582818e+00 -1.55296608e-01 -1.60014314e+00 -3.09296746e+00
  2.90993832e+00  1.16833284e+00 -3.25569162e-01 -2.32736792e+00
  1.00882456e+00 -1.16113738e+00 -2.67649808e-01 -2.15731713e+00
 -1.89603915e+00  1.80838572e+00 -9.73762356e-01  2.55667653e+00
 -4.31605865e-01 -3.09206112e+00 -2.82318943e+00  2.01723809e+00
 -3.07840116e+00 -2.53822858e-01 -1.04147234e+00 -1.76055971e-01
  2.37199184e+00  1.72515759e+00 -2.43868949e-01 -1.80395690e+00
 -3.02245130e+00  1.35469998e-01 -8.29663350e-01  1.46554994e+00
 -2.52231548e+00  9.77878647e-01 -5.74170197e-02  2.10497181e-01
  1.99802019e+00  7.21125752e-01  7.85437449e-01 -1.23428713e+00
  1.61013024e+00  2.53305535e+00  1.26127777e+00  3.11463398e-01
 -9.95681540e-01  2.60877031e+00  8.27684130e-01 -2.24857601e+00
 -1.86169308e-03  1.71823617e+00  1.06074414e+00 -6.35417288e-01
 -2.32583028e+00  2.42863642e+00  2.03228079e+00  1.66224213e+00
  2.26611126e+00  1.85257596e+00 -2.10749656e+00 -2.84698004e+00
  5.36520197e-01  1.38655602e+00 -2.41806997e+00 -1.31619185e+00
  2.45054820e+00  1.28615602e+00  3.45533628e-02 -1.74949995e+00
 -1.54271218e+00  1.96819302e+00  1.47265492e+00 -8.11559134e-01
 -1.43826085e-01 -4.59179906e-01 -1.83292577e-01  2.39025808e+00
 -5.49865123e-01 -6.44365026e-01  1.06939588e+00 -2.30107788e+00
  1.00102486e+00  2.56396367e+00 -4.93954030e-01  2.13831077e+00
 -1.96108120e+00 -8.75933205e-01 -2.41015329e+00 -2.28589362e+00
 -1.42219224e+00 -2.91701136e+00  1.56657120e+00  1.80875849e+00
  1.63422949e+00  1.01676348e+00  1.42045455e+00 -2.31110414e+00
 -2.69475455e+00  1.73273099e+00  9.80632685e-01 -3.91021575e-01
 -2.61665134e+00  1.54686384e+00 -1.22122673e+00 -2.49651940e+00
  4.51371526e-02]
Thu Jun 13 22:40:30 2024,535,0.09669135797251023,[-2.85479796e+00  2.10428568e+00 -1.63426838e+00  1.03135007e-01
  4.76231003e-01 -3.21789993e+00  3.25927905e+00  2.09090709e+00
  1.04655539e+00 -1.00353789e+00  5.65147064e-01  1.30431782e+00
  1.32409360e+00 -1.86930675e+00  7.78605491e-01  2.88648340e+00
 -3.99028942e-01 -4.42117573e-01 -1.91180840e+00  8.11218635e-01
  1.61643189e+00  2.91318911e+00 -1.40359387e+00 -3.99373975e-01
 -2.17084786e+00 -2.09077661e+00  3.13617165e+00  2.78436990e+00
 -7.29725902e-01 -2.64021440e+00  1.53080942e+00 -2.26147728e-01
 -2.43305078e+00  1.85305504e+00  1.13282862e+00 -6.18705244e-01
  1.11383897e+00 -2.00846894e+00 -2.12291569e-01  2.27369597e+00
 -2.73988094e-01  5.16561468e-01  2.41740100e+00  5.53766244e-01
  2.64198864e+00  2.89377979e+00  2.82100638e+00 -2.93752092e+00
  2.83491348e-01 -3.79153124e-01  1.71425303e+00  2.99623516e+00
 -3.58527158e-01 -2.37793807e+00  2.70655447e+00 -3.19709193e+00
  5.55693010e-01 -6.83060321e-01 -1.73292258e+00  3.10200247e+00
 -1.96237018e+00 -1.66406514e+00 -2.55822558e+00  2.37195469e+00
 -2.15863700e+00  1.96950790e+00  1.74984764e+00  1.46527344e+00
  2.52048741e+00  2.90364271e+00  1.96884580e+00  1.47432254e+00
 -1.77613373e+00 -2.37502607e+00  1.16655006e+00  5.88699828e-01
  1.59402684e+00 -2.81173781e+00 -1.08672290e-01  2.53955666e+00
 -1.16246281e+00  1.18238986e+00  1.22309559e+00  6.00171788e-01
 -9.64046791e-01  1.14201550e+00  7.93597179e-01 -3.93018951e-01
  2.81223272e+00 -2.14495377e+00  1.57482797e+00 -6.59411062e-01
  9.87320589e-01 -3.22325158e+00 -2.22235276e+00  3.58692838e-01
 -1.10727408e+00 -4.14112357e-01  2.69883033e-01  6.60410747e-02
 -1.78648575e+00 -1.95453595e-01 -6.54158796e-01  2.88464456e+00
 -1.11890575e+00 -1.18758387e+00 -1.13203443e+00  1.27093583e+00
  1.62172783e+00 -8.27269940e-01  2.11508909e+00 -1.53181383e+00
 -2.42398713e-01 -8.76566110e-01 -2.94989793e+00  3.10601567e+00
 -1.74677608e+00  3.03603705e+00 -1.37871137e+00 -2.39289963e+00
  3.71978778e+00 -1.21706729e+00 -6.33103032e-01 -3.03408196e+00
 -2.49799480e+00  2.97576882e+00 -1.95810549e+00 -1.68422269e+00
 -4.09677600e-01  2.96132731e+00  1.62976092e-01  2.90806503e-02
 -1.61424200e+00 -1.53710427e-01 -1.59855696e+00 -3.09138128e+00
  2.91152450e+00  1.16674666e+00 -3.23982982e-01 -2.32578174e+00
  1.00723838e+00 -1.15955120e+00 -2.66063628e-01 -2.15890331e+00
 -1.89445297e+00  1.80997190e+00 -9.75348537e-01  2.55509035e+00
 -4.30019684e-01 -3.09364730e+00 -2.82477561e+00  2.01565191e+00
 -3.07998734e+00 -2.52236678e-01 -1.04305852e+00 -1.77642152e-01
  2.37357803e+00  1.72357141e+00 -2.45455130e-01 -1.80554308e+00
 -3.02086512e+00  1.37056179e-01 -8.28077169e-01  1.46396376e+00
 -2.52390166e+00  9.76292467e-01 -5.58308394e-02  2.08911001e-01
  1.99960637e+00  7.19539571e-01  7.87023630e-01 -1.23587331e+00
  1.61171642e+00  2.53464153e+00  1.25969159e+00  3.09877218e-01
 -9.97267720e-01  2.60718413e+00  8.29270310e-01 -2.25016220e+00
 -3.44787340e-03  1.71982235e+00  1.06233032e+00 -6.37003468e-01
 -2.32741646e+00  2.43022260e+00  2.03386697e+00  1.66065595e+00
  2.26452508e+00  1.85416214e+00 -2.10908274e+00 -2.84539386e+00
  5.34934017e-01  1.38814220e+00 -2.41648379e+00 -1.31460567e+00
  2.44896202e+00  1.28774220e+00  3.29671825e-02 -1.74791377e+00
 -1.54429836e+00  1.96660684e+00  1.47424110e+00 -8.09972954e-01
 -1.42239905e-01 -4.60766086e-01 -1.84878758e-01  2.38867190e+00
 -5.51451303e-01 -6.45951206e-01  1.07098206e+00 -2.29949170e+00
  1.00261104e+00  2.56237749e+00 -4.95540210e-01  2.13672459e+00
 -1.95949502e+00 -8.74347025e-01 -2.41173948e+00 -2.28747980e+00
 -1.42060606e+00 -2.91859754e+00  1.56815738e+00  1.81034467e+00
  1.63264331e+00  1.01834966e+00  1.41886837e+00 -2.31269032e+00
 -2.69634074e+00  1.73431718e+00  9.82218866e-01 -3.92607755e-01
 -2.61506516e+00  1.54527766e+00 -1.22281291e+00 -2.49810558e+00
  4.67233329e-02]
Thu Jun 13 22:40:59 2024,536,0.0965795237619476,[-2.85625340e+00  2.10283024e+00 -1.63281295e+00  1.04590443e-01
  4.74775567e-01 -3.21935537e+00  3.25782362e+00  2.09236253e+00
  1.04801083e+00 -1.00208245e+00  5.63691628e-01  1.30286238e+00
  1.32554904e+00 -1.86785132e+00  7.77150055e-01  2.88502797e+00
 -4.00484378e-01 -4.43573009e-01 -1.91035297e+00  8.09763199e-01
  1.61788732e+00  2.91173367e+00 -1.40213843e+00 -4.00829411e-01
 -2.16939242e+00 -2.09223204e+00  3.13762709e+00  2.78582534e+00
 -7.28270467e-01 -2.63875896e+00  1.53226486e+00 -2.24692292e-01
 -2.43450622e+00  1.85159960e+00  1.13137319e+00 -6.20160680e-01
  1.11238353e+00 -2.00701350e+00 -2.10836133e-01  2.27515141e+00
 -2.75443530e-01  5.15106032e-01  2.41885644e+00  5.52310808e-01
  2.64344408e+00  2.89523523e+00  2.82246182e+00 -2.93606548e+00
  2.84946784e-01 -3.80608560e-01  1.71279760e+00  2.99769059e+00
 -3.57071722e-01 -2.37648264e+00  2.70800990e+00 -3.19563650e+00
  5.54237574e-01 -6.81604885e-01 -1.73437801e+00  3.10345790e+00
 -1.96091474e+00 -1.66552057e+00 -2.55677014e+00  2.37341013e+00
 -2.15718156e+00  1.96805246e+00  1.75130308e+00  1.46672888e+00
  2.51903197e+00  2.90509815e+00  1.96739036e+00  1.47577797e+00
 -1.77758916e+00 -2.37357064e+00  1.16509462e+00  5.87244392e-01
  1.59548228e+00 -2.81028238e+00 -1.07216855e-01  2.54101210e+00
 -1.16391824e+00  1.18384530e+00  1.22164015e+00  5.98716352e-01
 -9.62591355e-01  1.14056007e+00  7.92141743e-01 -3.91563515e-01
  2.81077728e+00 -2.14640921e+00  1.57628340e+00 -6.57955626e-01
  9.88776025e-01 -3.22470702e+00 -2.22380819e+00  3.60148274e-01
 -1.10581865e+00 -4.15567793e-01  2.71338469e-01  6.74965105e-02
 -1.78794119e+00 -1.96909031e-01 -6.55614232e-01  2.88609999e+00
 -1.11745031e+00 -1.18903930e+00 -1.13348986e+00  1.27239127e+00
  1.62027239e+00 -8.28725376e-01  2.11654452e+00 -1.53035840e+00
 -2.40943277e-01 -8.78021546e-01 -2.94844249e+00  3.10456023e+00
 -1.74823152e+00  3.03749248e+00 -1.37725593e+00 -2.39435506e+00
  3.72124322e+00 -1.21852273e+00 -6.31647596e-01 -3.03553740e+00
 -2.49653936e+00  2.97431339e+00 -1.95665006e+00 -1.68276725e+00
 -4.08222164e-01  2.95987187e+00  1.64431528e-01  2.76252145e-02
 -1.61569743e+00 -1.52254992e-01 -1.60001239e+00 -3.08992584e+00
  2.91297994e+00  1.16529122e+00 -3.25438418e-01 -2.32723718e+00
  1.00869381e+00 -1.16100664e+00 -2.64608192e-01 -2.15744787e+00
 -1.89299753e+00  1.80851646e+00 -9.73893101e-01  2.55363492e+00
 -4.31475120e-01 -3.09219187e+00 -2.82623104e+00  2.01419647e+00
 -3.07853190e+00 -2.50781242e-01 -1.04160308e+00 -1.79097588e-01
  2.37212259e+00  1.72502685e+00 -2.43999694e-01 -1.80408764e+00
 -3.01940969e+00  1.38511614e-01 -8.26621734e-01  1.46541919e+00
 -2.52244622e+00  9.77747903e-01 -5.43754036e-02  2.07455565e-01
  2.00106181e+00  7.20995007e-01  7.88479066e-01 -1.23441787e+00
  1.61317186e+00  2.53609696e+00  1.26114702e+00  3.08421782e-01
 -9.98723156e-01  2.60572870e+00  8.30725746e-01 -2.24870676e+00
 -1.99243759e-03  1.72127779e+00  1.06378575e+00 -6.38458904e-01
 -2.32887189e+00  2.42876716e+00  2.03532241e+00  1.65920051e+00
  2.26598052e+00  1.85561758e+00 -2.11053818e+00 -2.84684930e+00
  5.36389453e-01  1.38668676e+00 -2.41502835e+00 -1.31606111e+00
  2.45041746e+00  1.28919764e+00  3.15117467e-02 -1.74936920e+00
 -1.54575379e+00  1.96515140e+00  1.47569654e+00 -8.11428390e-01
 -1.43695341e-01 -4.59310650e-01 -1.86334193e-01  2.38721646e+00
 -5.49995867e-01 -6.44495771e-01  1.06952662e+00 -2.29803627e+00
  1.00406648e+00  2.56383293e+00 -4.96995646e-01  2.13818002e+00
 -1.95803958e+00 -8.75802461e-01 -2.41319491e+00 -2.28602437e+00
 -1.41915062e+00 -2.91714210e+00  1.56670195e+00  1.81180011e+00
  1.63409875e+00  1.01689422e+00  1.41741293e+00 -2.31123489e+00
 -2.69488530e+00  1.73577261e+00  9.80763430e-01 -3.91152320e-01
 -2.61360973e+00  1.54382223e+00 -1.22135748e+00 -2.49665014e+00
  4.81787687e-02]
Thu Jun 13 22:41:14 2024,537,0.09647125038458208,[-2.85770382e+00  2.10137982e+00 -1.63136252e+00  1.06040868e-01
  4.73325142e-01 -3.21790494e+00  3.25637319e+00  2.09381295e+00
  1.04656040e+00 -1.00063203e+00  5.62241203e-01  1.30431281e+00
  1.32699946e+00 -1.86930174e+00  7.75699630e-01  2.88647839e+00
 -3.99033953e-01 -4.42122584e-01 -1.91180339e+00  8.08312774e-01
  1.61643690e+00  2.91028325e+00 -1.40358886e+00 -4.02279836e-01
 -2.17084285e+00 -2.09368247e+00  3.13617666e+00  2.78727576e+00
 -7.26820041e-01 -2.63730854e+00  1.53371528e+00 -2.26142717e-01
 -2.43305579e+00  1.85014917e+00  1.12992276e+00 -6.21611105e-01
  1.11093311e+00 -2.00556308e+00 -2.12286559e-01  2.27370098e+00
 -2.76893955e-01  5.16556457e-01  2.42030686e+00  5.50860383e-01
  2.64489450e+00  2.89378480e+00  2.82391224e+00 -2.93751591e+00
  2.86397209e-01 -3.82058985e-01  1.71424802e+00  2.99624017e+00
 -3.58522148e-01 -2.37503221e+00  2.70946033e+00 -3.19418607e+00
  5.55687999e-01 -6.83055310e-01 -1.73582844e+00  3.10490833e+00
 -1.95946431e+00 -1.66407015e+00 -2.55531972e+00  2.37195970e+00
 -2.15573114e+00  1.96950289e+00  1.74985265e+00  1.46817931e+00
  2.51758155e+00  2.90364772e+00  1.96884079e+00  1.47722840e+00
 -1.77613874e+00 -2.37212021e+00  1.16364420e+00  5.85793967e-01
  1.59693271e+00 -2.80883195e+00 -1.08667280e-01  2.53956167e+00
 -1.16536867e+00  1.18239487e+00  1.22018973e+00  5.97265927e-01
 -9.61140930e-01  1.13910964e+00  7.93592168e-01 -3.93013940e-01
  2.81222771e+00 -2.14785964e+00  1.57773383e+00 -6.59406051e-01
  9.87325600e-01 -3.22615744e+00 -2.22525862e+00  3.58697849e-01
 -1.10726907e+00 -4.14117368e-01  2.69888044e-01  6.60460853e-02
 -1.78649076e+00 -1.98359456e-01 -6.54163807e-01  2.88464957e+00
 -1.11890073e+00 -1.19048973e+00 -1.13203944e+00  1.27094084e+00
  1.61882196e+00 -8.30175801e-01  2.11509410e+00 -1.52890797e+00
 -2.42393702e-01 -8.79471971e-01 -2.94699207e+00  3.10601066e+00
 -1.74968194e+00  3.03894291e+00 -1.37870636e+00 -2.39580549e+00
  3.72269364e+00 -1.21707230e+00 -6.33098021e-01 -3.03698782e+00
 -2.49798979e+00  2.97576381e+00 -1.95519963e+00 -1.68131683e+00
 -4.09672589e-01  2.96132230e+00  1.62981103e-01  2.90756397e-02
 -1.61714786e+00 -1.50804566e-01 -1.59856197e+00 -3.08847542e+00
  2.91443036e+00  1.16384080e+00 -3.26888843e-01 -2.32868760e+00
  1.00724339e+00 -1.16245707e+00 -2.63157767e-01 -2.15599745e+00
 -1.89444796e+00  1.80996689e+00 -9.75343526e-01  2.55218449e+00
 -4.32925545e-01 -3.09074144e+00 -2.82478062e+00  2.01564690e+00
 -3.07708148e+00 -2.49330817e-01 -1.04015266e+00 -1.77647162e-01
  2.37357301e+00  1.72647727e+00 -2.45450119e-01 -1.80263722e+00
 -3.02086011e+00  1.39962040e-01 -8.25171308e-01  1.46396877e+00
 -2.52099580e+00  9.76297478e-01 -5.29249784e-02  2.06005140e-01
  1.99961138e+00  7.19544582e-01  7.87028640e-01 -1.23586829e+00
  1.61462228e+00  2.53464654e+00  1.26259745e+00  3.06971357e-01
 -9.97272731e-01  2.60717912e+00  8.29275321e-01 -2.24725633e+00
 -3.44286278e-03  1.71982736e+00  1.06233533e+00 -6.37008479e-01
 -2.32742147e+00  2.42731674e+00  2.03387198e+00  1.65775009e+00
  2.26743094e+00  1.85706800e+00 -2.11198860e+00 -2.84829972e+00
  5.34939028e-01  1.38813719e+00 -2.41647878e+00 -1.31751153e+00
  2.45186788e+00  1.28774721e+00  3.00613215e-02 -1.74791878e+00
 -1.54720422e+00  1.96370098e+00  1.47424611e+00 -8.09977965e-01
 -1.45145766e-01 -4.60761075e-01 -1.84883768e-01  2.38866689e+00
 -5.51446292e-01 -6.43045345e-01  1.07097705e+00 -2.29948669e+00
  1.00261605e+00  2.56238250e+00 -4.95545221e-01  2.13963045e+00
 -1.95949000e+00 -8.77252886e-01 -2.41464534e+00 -2.28747479e+00
 -1.41770020e+00 -2.91859253e+00  1.56525152e+00  1.81034968e+00
  1.63554918e+00  1.01834465e+00  1.41886336e+00 -2.30978446e+00
 -2.69343487e+00  1.73722304e+00  9.79313005e-01 -3.92602745e-01
 -2.61506015e+00  1.54527265e+00 -1.21990705e+00 -2.49519972e+00
  4.96291939e-02]
Thu Jun 13 22:41:38 2024,538,0.09646100189408155,[-2.85835705e+00  2.10072659e+00 -1.63070930e+00  1.05387641e-01
  4.72671915e-01 -3.21855817e+00  3.25571996e+00  2.09315972e+00
  1.04590718e+00 -9.99978799e-01  5.61587976e-01  1.30365958e+00
  1.32634624e+00 -1.86864851e+00  7.75046403e-01  2.88582517e+00
 -3.99687179e-01 -4.41469357e-01 -1.91245662e+00  8.07659547e-01
  1.61578367e+00  2.91093648e+00 -1.40424208e+00 -4.02933063e-01
 -2.17149608e+00 -2.09433569e+00  3.13552343e+00  2.78662254e+00
 -7.26166815e-01 -2.63665531e+00  1.53306205e+00 -2.25489491e-01
 -2.43370902e+00  1.85080240e+00  1.13057599e+00 -6.22264332e-01
  1.11027988e+00 -2.00621630e+00 -2.12939785e-01  2.27435421e+00
 -2.76240729e-01  5.17209684e-01  2.42096009e+00  5.51513610e-01
  2.64554773e+00  2.89443803e+00  2.82456547e+00 -2.93816913e+00
  2.87050436e-01 -3.82712211e-01  1.71359480e+00  2.99558694e+00
 -3.57868921e-01 -2.37437899e+00  2.70880710e+00 -3.19353285e+00
  5.55034773e-01 -6.83708537e-01 -1.73517521e+00  3.10425510e+00
 -1.96011754e+00 -1.66472337e+00 -2.55466649e+00  2.37130648e+00
 -2.15638436e+00  1.96884966e+00  1.74919943e+00  1.46883253e+00
  2.51823478e+00  2.90430095e+00  1.96949401e+00  1.47788163e+00
 -1.77679196e+00 -2.37146699e+00  1.16299097e+00  5.86447193e-01
  1.59758593e+00 -2.80817873e+00 -1.09320506e-01  2.53890845e+00
 -1.16471544e+00  1.18174164e+00  1.22084296e+00  5.97919153e-01
 -9.60487703e-01  1.13976287e+00  7.94245395e-01 -3.93667167e-01
  2.81288094e+00 -2.14720641e+00  1.57838705e+00 -6.60059278e-01
  9.87978827e-01 -3.22550422e+00 -2.22460539e+00  3.59351075e-01
 -1.10661584e+00 -4.13464141e-01  2.69234817e-01  6.53928587e-02
 -1.78714399e+00 -1.99012683e-01 -6.54817033e-01  2.88530279e+00
 -1.11955396e+00 -1.18983650e+00 -1.13138621e+00  1.27159407e+00
  1.61947519e+00 -8.29522574e-01  2.11444087e+00 -1.52956120e+00
 -2.43046929e-01 -8.80125198e-01 -2.94764530e+00  3.10666388e+00
 -1.75033517e+00  3.03828968e+00 -1.37805313e+00 -2.39645872e+00
  3.72334687e+00 -1.21641907e+00 -6.32444795e-01 -3.03764105e+00
 -2.49733656e+00  2.97511059e+00 -1.95585286e+00 -1.68197005e+00
 -4.09019362e-01  2.96197552e+00  1.63634329e-01  2.84224131e-02
 -1.61780108e+00 -1.51457793e-01 -1.59921519e+00 -3.08912864e+00
  2.91508359e+00  1.16449403e+00 -3.27542069e-01 -2.32803438e+00
  1.00659016e+00 -1.16180384e+00 -2.62504540e-01 -2.15534422e+00
 -1.89510118e+00  1.80931366e+00 -9.75996753e-01  2.55283772e+00
 -4.33578772e-01 -3.09139467e+00 -2.82412739e+00  2.01499367e+00
 -3.07642825e+00 -2.49984043e-01 -1.04080588e+00 -1.78300389e-01
  2.37291979e+00  1.72582405e+00 -2.44796892e-01 -1.80198399e+00
 -3.02020689e+00  1.40615266e-01 -8.25824535e-01  1.46331554e+00
 -2.52034257e+00  9.75644251e-01 -5.35782050e-02  2.06658367e-01
  1.99895816e+00  7.18891355e-01  7.86375414e-01 -1.23652152e+00
  1.61527551e+00  2.53529977e+00  1.26325068e+00  3.06318130e-01
 -9.96619504e-01  2.60652589e+00  8.29928548e-01 -2.24790956e+00
 -2.78963617e-03  1.71917414e+00  1.06298855e+00 -6.36355252e-01
 -2.32676824e+00  2.42796996e+00  2.03321876e+00  1.65840332e+00
  2.26808417e+00  1.85772123e+00 -2.11133538e+00 -2.84895295e+00
  5.34285801e-01  1.38748396e+00 -2.41582555e+00 -1.31816476e+00
  2.45121466e+00  1.28840044e+00  2.94080949e-02 -1.74857200e+00
 -1.54785745e+00  1.96435420e+00  1.47489934e+00 -8.09324738e-01
 -1.44492539e-01 -4.60107849e-01 -1.85536995e-01  2.38801366e+00
 -5.52099519e-01 -6.43698572e-01  1.07163027e+00 -2.30013992e+00
  1.00326928e+00  2.56172928e+00 -4.96198447e-01  2.13897722e+00
 -1.96014323e+00 -8.76599659e-01 -2.41529856e+00 -2.28812802e+00
 -1.41704697e+00 -2.91793930e+00  1.56459829e+00  1.80969646e+00
  1.63489595e+00  1.01899787e+00  1.41821013e+00 -2.30913123e+00
 -2.69408810e+00  1.73787626e+00  9.78659778e-01 -3.91949518e-01
 -2.61571338e+00  1.54592588e+00 -1.21925383e+00 -2.49585294e+00
  5.02824205e-02]
Thu Jun 13 22:42:02 2024,539,0.09646532730687532,[-2.85812424e+00  2.10095940e+00 -1.63047649e+00  1.05620452e-01
  4.72904726e-01 -3.21879098e+00  3.25548715e+00  2.09339253e+00
  1.04613999e+00 -1.00021161e+00  5.61355166e-01  1.30342677e+00
  1.32657905e+00 -1.86841570e+00  7.75279214e-01  2.88605798e+00
 -3.99919990e-01 -4.41236547e-01 -1.91222381e+00  8.07892357e-01
  1.61555086e+00  2.91116929e+00 -1.40447489e+00 -4.02700252e-01
 -2.17172889e+00 -2.09410288e+00  3.13529062e+00  2.78638973e+00
 -7.26399625e-01 -2.63642250e+00  1.53329487e+00 -2.25256680e-01
 -2.43394183e+00  1.85103521e+00  1.13080880e+00 -6.22031521e-01
  1.11051269e+00 -2.00598349e+00 -2.12706975e-01  2.27412140e+00
 -2.76473539e-01  5.16976873e-01  2.42119290e+00  5.51280799e-01
  2.64578054e+00  2.89467084e+00  2.82433266e+00 -2.93840194e+00
  2.86817625e-01 -3.82945022e-01  1.71336199e+00  2.99535413e+00
 -3.58101732e-01 -2.37414618e+00  2.70857429e+00 -3.19330004e+00
  5.54801962e-01 -6.83475726e-01 -1.73494240e+00  3.10402229e+00
 -1.95988473e+00 -1.66495618e+00 -2.55443368e+00  2.37107367e+00
 -2.15661717e+00  1.96861685e+00  1.74943224e+00  1.46859972e+00
  2.51846759e+00  2.90453376e+00  1.96926120e+00  1.47811444e+00
 -1.77702477e+00 -2.37123418e+00  1.16275816e+00  5.86680004e-01
  1.59735312e+00 -2.80841154e+00 -1.09087696e-01  2.53914126e+00
 -1.16448263e+00  1.18150883e+00  1.22107577e+00  5.98151964e-01
 -9.60720514e-01  1.13999568e+00  7.94478206e-01 -3.93899977e-01
  2.81264812e+00 -2.14697360e+00  1.57861986e+00 -6.59826467e-01
  9.87746016e-01 -3.22573703e+00 -2.22483820e+00  3.59583886e-01
 -1.10684866e+00 -4.13696952e-01  2.69002007e-01  6.51600481e-02
 -1.78691118e+00 -1.98779872e-01 -6.55049844e-01  2.88506998e+00
 -1.11978677e+00 -1.19006931e+00 -1.13161902e+00  1.27136126e+00
  1.61970800e+00 -8.29755385e-01  2.11467368e+00 -1.52979401e+00
 -2.43279739e-01 -8.79892387e-01 -2.94741249e+00  3.10689670e+00
 -1.75010236e+00  3.03852249e+00 -1.37782032e+00 -2.39622591e+00
  3.72357968e+00 -1.21618626e+00 -6.32677605e-01 -3.03740824e+00
 -2.49710375e+00  2.97487777e+00 -1.95562005e+00 -1.68173724e+00
 -4.09252173e-01  2.96220833e+00  1.63867140e-01  2.86552237e-02
 -1.61803389e+00 -1.51690604e-01 -1.59944800e+00 -3.08936145e+00
  2.91531640e+00  1.16426122e+00 -3.27309259e-01 -2.32826719e+00
  1.00635735e+00 -1.16157103e+00 -2.62271729e-01 -2.15557703e+00
 -1.89533399e+00  1.80908085e+00 -9.76229563e-01  2.55307053e+00
 -4.33811583e-01 -3.09162748e+00 -2.82436020e+00  2.01522648e+00
 -3.07666106e+00 -2.49751233e-01 -1.04057307e+00 -1.78533200e-01
  2.37268698e+00  1.72559124e+00 -2.45029703e-01 -1.80221680e+00
 -3.02043970e+00  1.40382456e-01 -8.25591724e-01  1.46308273e+00
 -2.52057538e+00  9.75411441e-01 -5.38110156e-02  2.06891177e-01
  1.99919097e+00  7.18658545e-01  7.86608224e-01 -1.23675433e+00
  1.61504270e+00  2.53553258e+00  1.26348349e+00  3.06085320e-01
 -9.96386693e-01  2.60629308e+00  8.30161358e-01 -2.24814237e+00
 -3.02244676e-03  1.71940695e+00  1.06275574e+00 -6.36122442e-01
 -2.32700105e+00  2.42773715e+00  2.03298594e+00  1.65817051e+00
  2.26785136e+00  1.85795404e+00 -2.11110257e+00 -2.84918576e+00
  5.34518612e-01  1.38771677e+00 -2.41559274e+00 -1.31839757e+00
  2.45144747e+00  1.28863325e+00  2.96409055e-02 -1.74880481e+00
 -1.54762463e+00  1.96458702e+00  1.47466653e+00 -8.09557549e-01
 -1.44725350e-01 -4.59875038e-01 -1.85769805e-01  2.38824647e+00
 -5.52332330e-01 -6.43931383e-01  1.07139746e+00 -2.30037273e+00
  1.00303647e+00  2.56149647e+00 -4.95965637e-01  2.13874441e+00
 -1.96037604e+00 -8.76366849e-01 -2.41506575e+00 -2.28789521e+00
 -1.41681416e+00 -2.91817211e+00  1.56483110e+00  1.80992927e+00
  1.63512876e+00  1.01876506e+00  1.41797732e+00 -2.30936404e+00
 -2.69432091e+00  1.73764345e+00  9.78426968e-01 -3.91716708e-01
 -2.61594619e+00  1.54615869e+00 -1.21948664e+00 -2.49562013e+00
  5.00496100e-02]
Thu Jun 13 22:42:17 2024,540,0.09607709695635715,[-2.85554773  2.10353591 -1.62789998  0.10819696  0.47548123 -3.22136749
  3.25806366  2.09596904  1.04871649 -1.00278812  0.56393167  1.30085026
  1.32915555 -1.8658392   0.77270271  2.88863448 -0.39734348 -0.44381305
 -1.9096473   0.81046886  1.61297436  2.90859278 -1.40189839 -0.40012375
 -2.16915238 -2.09667939  3.13786713  2.78381322 -0.72382312 -2.63384599
  1.53587137 -0.22268017 -2.43136532  1.85361172  1.12823229 -0.61945501
  1.1130892  -2.00340699 -0.21528348  2.27154489 -0.27905005  0.51440037
  2.4186164   0.55385731  2.64835705  2.89209433  2.82690917 -2.94097845
  0.28424112 -0.38036852  1.71078548  2.99277762 -0.35552523 -2.37156967
  2.7111508  -3.19587654  0.55222546 -0.68605223 -1.73751891  3.10144578
 -1.96246124 -1.66753269 -2.55701018  2.36849716 -2.15919368  1.97119336
  1.74685573  1.47117623  2.52104409  2.90195725  1.97183771  1.47553793
 -1.77444827 -2.36865767  1.16018165  0.5841035   1.59477662 -2.80583503
 -0.10651119  2.53656475 -1.16705914  1.18408534  1.21849926  0.59557546
 -0.95814401  1.14257219  0.7919017  -0.39647648  2.81007162 -2.14439709
  1.57604336 -0.66240297  0.99032252 -3.22831353 -2.22741471  0.35700738
 -1.10942516 -0.41627346  0.27157851  0.06773655 -1.78948768 -0.20135638
 -0.65247334  2.88764649 -1.12236328 -1.18749281 -1.13419553  1.27393776
  1.62228451 -0.83233189  2.11725019 -1.5272175  -0.24070323 -0.88246889
 -2.94483598  3.1094732  -1.74752585  3.03594599 -1.37524381 -2.3936494
  3.72615619 -1.21360976 -0.6301011  -3.03998474 -2.49452724  2.97745428
 -1.95819655 -1.68431375 -0.40667567  2.95963183  0.16129063  0.02607872
 -1.61545739 -0.1491141  -1.5968715  -3.09193796  2.91789291  1.16683772
 -0.32988576 -2.33084369  1.00378085 -1.15899452 -0.25969522 -2.15300052
 -1.89275749  1.80650434 -0.97880607  2.55564703 -0.43638809 -3.09420398
 -2.8217837   2.01264998 -3.07408456 -0.25232774 -1.03799657 -0.18110971
  2.37011047  1.72301473 -0.24760621 -1.7996403  -3.01786319  0.14295896
 -0.82816823  1.46565924 -2.52315189  0.97283493 -0.05123451  0.20431467
  2.00176747  0.72123505  0.78918473 -1.23417783  1.61246619  2.53810908
  1.26605999  0.30866183 -0.99381019  2.60371658  0.83273786 -2.24556587
 -0.00559895  1.72198345  1.06017924 -0.63869895 -2.32957756  2.43031366
  2.03556245  1.655594    2.26527485  1.86053054 -2.11367907 -2.84660925
  0.53709512  1.39029328 -2.41816925 -1.31582106  2.44887096  1.28605675
  0.03221741 -1.75138132 -1.55020114  1.96716352  1.47209002 -0.80698104
 -0.14730186 -0.45729853 -0.18834631  2.39082298 -0.55490884 -0.64135488
  1.06882096 -2.29779622  1.00561298  2.55891996 -0.49338913  2.13616791
 -1.96295255 -0.87379034 -2.41248925 -2.29047171 -1.41939066 -2.91559561
  1.56740761  1.80735276  1.63770527  1.01618856  1.41540082 -2.30678754
 -2.69689742  1.73506695  0.98100347 -0.39429321 -2.6185227   1.54873519
 -1.22206314 -2.49819664  0.05262612]
Thu Jun 13 22:42:36 2024,541,0.09570780464776787,[-2.85289831  2.10088649 -1.6305494   0.11084638  0.47283181 -3.22401691
  3.25541424  2.09331962  1.04606707 -1.00543754  0.56128225  1.29820084
  1.32650613 -1.86848862  0.77005329  2.8912839  -0.39469406 -0.44646247
 -1.90699788  0.81311828  1.61562378  2.9112422  -1.39924897 -0.40277317
 -2.1718018  -2.09402997  3.14051655  2.7811638  -0.72647254 -2.63649541
  1.53852079 -0.22532959 -2.43401474  1.85626114  1.13088171 -0.61680559
  1.11573862 -2.00075757 -0.2179329   2.27419431 -0.27640062  0.51175095
  2.42126582  0.55650673  2.64570762  2.88944491  2.82425975 -2.93832903
  0.2815917  -0.38301794  1.7134349   2.99542705 -0.3528758  -2.36892025
  2.71380022 -3.19322712  0.55487488 -0.68870165 -1.73486949  3.10409521
 -1.95981182 -1.67018211 -2.55965961  2.36584774 -2.15654426  1.97384278
  1.74950515  1.47382565  2.51839467  2.90460667  1.97448713  1.47818735
 -1.77179885 -2.37130709  1.15753223  0.58145408  1.59742604 -2.80318561
 -0.10386177  2.53391533 -1.16970856  1.18143592  1.22114868  0.59822488
 -0.95549459  1.13992277  0.78925228 -0.3991259   2.8074222  -2.14704651
  1.57339394 -0.66505239  0.9876731  -3.22566411 -2.23006413  0.35435796
 -1.10677574 -0.41362404  0.27422793  0.07038598 -1.79213711 -0.19870696
 -0.64982392  2.88499707 -1.11971386 -1.19014223 -1.13684495  1.27658718
  1.62493393 -0.83498131  2.11460076 -1.52456808 -0.24335265 -0.88511831
 -2.9474854   3.11212262 -1.75017527  3.03859541 -1.37789323 -2.39099998
  3.72880561 -1.21096034 -0.63275052 -3.04263416 -2.49717667  2.97480486
 -1.95554713 -1.68696317 -0.40932509  2.96228125  0.15864121  0.02872814
 -1.61280797 -0.15176352 -1.59952092 -3.08928854  2.91524349  1.16948714
 -0.32723634 -2.32819427  1.00113142 -1.1563451  -0.26234464 -2.1503511
 -1.89010807  1.80385492 -0.97615665  2.55829645 -0.43903751 -3.0968534
 -2.82443312  2.0152994  -3.07673398 -0.24967832 -1.04064599 -0.18375913
  2.36746105  1.72566415 -0.24495679 -1.79699087 -3.02051261  0.14560838
 -0.82551881  1.46830866 -2.52050247  0.97018551 -0.04858509  0.20696409
  1.99911805  0.72388447  0.78653531 -1.2315284   1.60981677  2.53545966
  1.26341057  0.31131125 -0.99116077  2.60106716  0.83008844 -2.24821529
 -0.00824837  1.71933403  1.06282866 -0.64134837 -2.32692814  2.42766424
  2.03821187  1.65294458  2.26792427  1.86317997 -2.11632849 -2.84925867
  0.5344457   1.38764386 -2.41551983 -1.31847049  2.44622154  1.28340732
  0.03486683 -1.7487319  -1.55285056  1.96981294  1.47473944 -0.80433162
 -0.14995128 -0.45464911 -0.18569689  2.38817356 -0.55225941 -0.6440043
  1.07147038 -2.2951468   1.00296356  2.56156938 -0.49603855  2.13351848
 -1.96560197 -0.87643976 -2.41513867 -2.29312113 -1.41674124 -2.91824503
  1.57005703  1.81000218  1.63505584  1.01353914  1.41805024 -2.30413812
 -2.694248    1.73771637  0.98365289 -0.39694263 -2.61587327  1.54608577
 -1.21941372 -2.49554722  0.0499767 ]
Thu Jun 13 22:42:52 2024,542,0.09568098002686995,[-2.85228392  2.1002721  -1.63116379  0.11023199  0.4734462  -3.22340252
  3.25479985  2.09270523  1.04545268 -1.00482315  0.56189664  1.29758645
  1.32712052 -1.86787423  0.7694389   2.89189829 -0.39407967 -0.44584808
 -1.90638349  0.81250389  1.61623817  2.91185659 -1.39863457 -0.40338756
 -2.17118741 -2.09464436  3.14113094  2.78177819 -0.72585815 -2.63588102
  1.5379064  -0.2247152  -2.43462914  1.85564675  1.13026732 -0.61741999
  1.11635301 -2.00014317 -0.21854729  2.2748087  -0.27701502  0.51113655
  2.42065143  0.55712112  2.64632202  2.88883052  2.82364535 -2.93771464
  0.28220609 -0.38363233  1.71282051  2.99481265 -0.35226141 -2.36953464
  2.71318583 -3.19261273  0.55426049 -0.68931604 -1.73425509  3.1047096
 -1.95919742 -1.66956772 -2.55904521  2.36646213 -2.15592987  1.97322839
  1.74889076  1.47321126  2.51900906  2.90399228  1.97387274  1.47757296
 -1.77241324 -2.37192148  1.15814662  0.58083969  1.59804043 -2.8038
 -0.10324738  2.53330094 -1.16909417  1.18205031  1.22053429  0.59761049
 -0.9548802   1.14053716  0.78986667 -0.3997403   2.80680781 -2.14643212
  1.57400833 -0.66566679  0.98828749 -3.22504972 -2.23067852  0.35497235
 -1.10616135 -0.41423843  0.27484233  0.07100037 -1.79152271 -0.19809257
 -0.64920953  2.88438268 -1.11909947 -1.19075662 -1.13623056  1.27597279
  1.62554832 -0.8355957   2.11398637 -1.52395369 -0.24273826 -0.88450392
 -2.94809979  3.11273701 -1.74956088  3.03798102 -1.37727884 -2.39038559
  3.72819122 -1.21157473 -0.63336491 -3.04324856 -2.49779106  2.97419047
 -1.95616152 -1.68634878 -0.4087107   2.96166686  0.1592556   0.02811375
 -1.61219358 -0.15237791 -1.60013531 -3.08867415  2.91585788  1.17010153
 -0.32785074 -2.32757988  1.00174582 -1.15573071 -0.26173025 -2.14973671
 -1.89072246  1.80446931 -0.97554226  2.55891085 -0.43842312 -3.09623901
 -2.82504751  2.01591379 -3.07734837 -0.24906393 -1.04126038 -0.18437352
  2.36807544  1.72627854 -0.24557118 -1.79760527 -3.01989822  0.14622277
 -0.82490442  1.46892305 -2.52111686  0.96957112 -0.04919948  0.2063497
  1.99850366  0.72449886  0.78592092 -1.23091401  1.60920238  2.53607405
  1.26402496  0.31192564 -0.99177516  2.60168155  0.83070283 -2.24760089
 -0.00763398  1.71994843  1.06344305 -0.64073398 -2.32631375  2.42704985
  2.03759748  1.65355897  2.26730988  1.86379436 -2.1157141  -2.84864428
  0.53506009  1.38702946 -2.41490543 -1.31908488  2.44683593  1.28402172
  0.03425244 -1.74934629 -1.55346495  1.96919855  1.47412505 -0.80371723
 -0.14933689 -0.45403472 -0.1850825   2.38755916 -0.55164502 -0.64461869
  1.07085599 -2.29576119  1.00234916  2.56218377 -0.49542416  2.13413288
 -1.96498758 -0.87705415 -2.41452428 -2.29250674 -1.41735563 -2.91885942
  1.56944264  1.81061657  1.63567024  1.01292474  1.41866463 -2.30475251
 -2.69363361  1.73710198  0.9830385  -0.39755703 -2.61648767  1.54670016
 -1.21879933 -2.49493283  0.05059109]
Thu Jun 13 22:43:09 2024,543,0.09537519028262582,[-2.85459635  2.10258453 -1.62885136  0.10791956  0.47113377 -3.22109009
  3.25248742  2.0903928   1.04314025 -1.00251072  0.55958421  1.29527402
  1.32480809 -1.8655618   0.77175132  2.88958587 -0.39176724 -0.44353565
 -1.90869592  0.81481632  1.61392574  2.91416902 -1.400947   -0.40569999
 -2.16887498 -2.09695679  3.14344337  2.78409062 -0.72354572 -2.63819345
  1.53559397 -0.22240278 -2.43694156  1.85333432  1.13257975 -0.61973241
  1.11404058 -2.0024556  -0.22085972  2.27249627 -0.27932744  0.50882413
  2.42296385  0.55480869  2.64863444  2.89114295  2.82595778 -2.94002707
  0.28451852 -0.3813199   1.71050808  2.99250023 -0.35457384 -2.36722221
  2.71549826 -3.1903003   0.55194806 -0.68700362 -1.73194267  3.10702203
 -1.96150985 -1.67188015 -2.55673279  2.36877456 -2.15361744  1.97554081
  1.74657833  1.47552369  2.51669663  2.90167985  1.97618517  1.47526053
 -1.77010081 -2.37423391  1.16045905  0.58315211  1.595728   -2.80611243
 -0.10093495  2.53098851 -1.17140659  1.17973788  1.22284672  0.59992292
 -0.95256777  1.13822473  0.7921791  -0.39742787  2.80912023 -2.14411969
  1.5716959  -0.66335436  0.98597506 -3.22273729 -2.23299095  0.35265992
 -1.10384892 -0.411926    0.27715475  0.06868794 -1.78921029 -0.20040499
 -0.65152195  2.8866951  -1.12141189 -1.19306905 -1.13391813  1.27828522
  1.62786075 -0.83790813  2.11167395 -1.52164126 -0.24505069 -0.88681635
 -2.95041222  3.11504944 -1.74724845  3.04029345 -1.37496641 -2.39269802
  3.73050365 -1.2092623  -0.63105248 -3.04556098 -2.50010348  2.9765029
 -1.9538491  -1.68403635 -0.40639827  2.95935443  0.15694318  0.02580132
 -1.614506   -0.15469034 -1.59782288 -3.08636172  2.91354545  1.16778911
 -0.32553831 -2.32526745  0.99943339 -1.15804314 -0.25941782 -2.15204914
 -1.89303488  1.80678174 -0.97322983  2.56122327 -0.44073555 -3.09392659
 -2.82735994  2.01360136 -3.0796608  -0.25137635 -1.03894795 -0.18206109
  2.37038787  1.72859097 -0.24788361 -1.79529284 -3.01758579  0.1485352
 -0.82721685  1.46661062 -2.52342929  0.97188355 -0.04688705  0.20866213
  1.99619123  0.72681129  0.78360849 -1.23322644  1.60688995  2.53838648
  1.26633739  0.30961321 -0.98946273  2.60399398  0.82839041 -2.24528847
 -0.00532155  1.717636    1.06575548 -0.64304641 -2.32862617  2.42473742
  2.03528505  1.65124654  2.26499745  1.86148193 -2.11340167 -2.85095671
  0.53737252  1.38934189 -2.41259301 -1.31677245  2.44914836  1.28170929
  0.03656487 -1.74703386 -1.55577738  1.96688612  1.47643748 -0.80602966
 -0.14702446 -0.45634715 -0.18277007  2.38987159 -0.55395745 -0.64693112
  1.06854356 -2.29344877  1.00466159  2.55987134 -0.49773659  2.13182045
 -1.96267515 -0.87474173 -2.41221185 -2.29019431 -1.41504321 -2.92117185
  1.56713021  1.80830414  1.63798266  1.01523717  1.42097706 -2.30706494
 -2.69594603  1.73478955  0.98072608 -0.39986945 -2.61417524  1.54438774
 -1.2164869  -2.49724526  0.05290351]
Thu Jun 13 22:43:26 2024,544,0.09533623866359862,[-2.85388822  2.10187639 -1.62814323  0.10862769  0.47042564 -3.22179822
  3.25177929  2.08968467  1.04243212 -1.00180258  0.55887608  1.29456589
  1.32551623 -1.86485366  0.77245946  2.890294   -0.39105911 -0.44424379
 -1.90798778  0.81410819  1.61463387  2.91487716 -1.40165514 -0.40640812
 -2.16958312 -2.09624865  3.1441515   2.78338248 -0.72425386 -2.63890159
  1.53488584 -0.22311091 -2.43623343  1.85262619  1.13187162 -0.62044055
  1.11474871 -2.00316374 -0.22015159  2.27320441 -0.27861931  0.50953226
  2.42367199  0.55410055  2.64934258  2.89043481  2.82666592 -2.9407352
  0.28522665 -0.38202803  1.71121622  2.99179209 -0.35528198 -2.36651408
  2.71620639 -3.19100844  0.55265619 -0.68771175 -1.73123453  3.10773016
 -1.96080172 -1.67258828 -2.55602465  2.36948269 -2.15432557  1.97624895
  1.7458702   1.47623182  2.5159885   2.90238799  1.9768933   1.4745524
 -1.77080894 -2.37494204  1.16116719  0.58244398  1.59501987 -2.80682056
 -0.10164308  2.53169665 -1.17211473  1.17902975  1.22355485  0.60063105
 -0.9532759   1.13893286  0.79288723 -0.398136    2.80982837 -2.14341156
  1.57098777 -0.66406249  0.9866832  -3.22202916 -2.23228281  0.35336806
 -1.10314079 -0.41121787  0.27786289  0.06939607 -1.78850215 -0.20111313
 -0.65081382  2.88740324 -1.12212003 -1.19377718 -1.13462626  1.27757709
  1.62856888 -0.83861627  2.11096581 -1.52093313 -0.24575883 -0.88752449
 -2.95112035  3.11434131 -1.74654032  3.04100158 -1.37425828 -2.39340615
  3.73121178 -1.20855416 -0.63034435 -3.04626912 -2.49939535  2.97721103
 -1.95314096 -1.68474448 -0.4071064   2.95864629  0.15765131  0.02509318
 -1.61521414 -0.1539822  -1.59711475 -3.08706986  2.91283731  1.16849724
 -0.32624644 -2.32455932  0.99872525 -1.15875127 -0.25870969 -2.151341
 -1.89374302  1.80607361 -0.97393796  2.56051514 -0.44144368 -3.09321845
 -2.8266518   2.01430949 -3.07895266 -0.25066822 -1.03823981 -0.18276922
  2.371096    1.7292991  -0.24859174 -1.7945847  -3.01829393  0.14782707
 -0.82792498  1.46731875 -2.52413742  0.97117542 -0.04617892  0.20795399
  1.99689937  0.72610316  0.78290036 -1.23393458  1.60759809  2.53767835
  1.26704553  0.30890508 -0.98875459  2.60328584  0.82768227 -2.2459966
 -0.00602969  1.71834413  1.06504734 -0.64375454 -2.32791804  2.42544555
  2.03457692  1.65195468  2.26570559  1.86219006 -2.11269354 -2.85166485
  0.53666438  1.38863376 -2.41330114 -1.31606431  2.44985649  1.28100115
  0.037273   -1.74632573 -1.55506925  1.96759426  1.47572934 -0.80532152
 -0.14773259 -0.45563901 -0.18206194  2.39057973 -0.55466559 -0.64622298
  1.06925169 -2.29274063  1.00536973  2.56057948 -0.49844472  2.13252858
 -1.96338328 -0.87403359 -2.41150371 -2.28948618 -1.41433507 -2.92187998
  1.56783835  1.80759601  1.6386908   1.01452904  1.42026892 -2.30777307
 -2.69665417  1.73549768  0.98143421 -0.39916132 -2.6134671   1.54509587
 -1.21577877 -2.49795339  0.05219538]
Thu Jun 13 22:43:48 2024,545,0.0953343376230235,[-2.85426373  2.10225191 -1.62851875  0.10825218  0.47005012 -3.22217374
  3.25140377  2.08930915  1.0420566  -1.00142706  0.55850056  1.29419037
  1.32589175 -1.86522918  0.77283498  2.88991848 -0.39068359 -0.44461931
 -1.90761227  0.81373267  1.61500939  2.91525267 -1.40203066 -0.40678364
 -2.1692076  -2.09587314  3.14452702  2.78300696 -0.72462937 -2.63852607
  1.53451032 -0.22273539 -2.43660895  1.8530017   1.1314961  -0.62006503
  1.1143732  -2.00353926 -0.21977607  2.27282889 -0.27824379  0.50990778
  2.42404751  0.55372504  2.6497181   2.89081033  2.8262904  -2.94111072
  0.28560217 -0.38240355  1.7108407   2.99216761 -0.35565749 -2.36613856
  2.71658191 -3.19063292  0.55228067 -0.68733623 -1.73161005  3.10810568
 -1.96117724 -1.67221276 -2.55640017  2.36910717 -2.15395005  1.97587343
  1.74549468  1.4758563   2.51561298  2.90201247  1.97726882  1.47492792
 -1.77118446 -2.37456653  1.1615427   0.5828195   1.59539538 -2.80719608
 -0.1020186   2.53207216 -1.17173921  1.17940527  1.22317933  0.60025553
 -0.95365142  1.13855734  0.79326275 -0.39776048  2.80945285 -2.14378708
  1.57136328 -0.66443801  0.98630768 -3.22165364 -2.23190729  0.35299254
 -1.10276527 -0.41084235  0.27748737  0.06902055 -1.78887767 -0.20073761
 -0.65118934  2.88777876 -1.12249555 -1.19340166 -1.13425074  1.2779526
  1.62819336 -0.83899178  2.11134133 -1.52055761 -0.24538331 -0.88714897
 -2.95074484  3.11396579 -1.74691584  3.04062606 -1.3746338  -2.39378167
  3.7315873  -1.20892968 -0.62996883 -3.04664464 -2.49901983  2.97683551
 -1.95276544 -1.68512    -0.40748192  2.95902181  0.15802683  0.0254687
 -1.61483862 -0.15360668 -1.59749027 -3.08744537  2.91321283  1.16812172
 -0.32662196 -2.3241838   0.99834973 -1.15837575 -0.25908521 -2.15096549
 -1.8933675   1.80569809 -0.97356244  2.56089066 -0.44106816 -3.09359397
 -2.82702732  2.01393398 -3.07857714 -0.25104374 -1.0378643  -0.18314474
  2.37147152  1.72892359 -0.24896726 -1.79420918 -3.01866945  0.14820259
 -0.82754946  1.46769427 -2.5237619   0.9707999  -0.0458034   0.20757848
  1.99727489  0.72647868  0.78327587 -1.23355906  1.60797361  2.53805387
  1.26742105  0.30928059 -0.98913011  2.60291032  0.82730675 -2.24637212
 -0.00565417  1.71796861  1.06467183 -0.64413006 -2.32829356  2.42582107
  2.03495244  1.6523302   2.26608111  1.86256558 -2.11231802 -2.85128933
  0.53628886  1.38825824 -2.41367666 -1.3156888   2.44948097  1.28137667
  0.03764852 -1.74595021 -1.55544477  1.96721874  1.47610486 -0.804946
 -0.14735707 -0.45526349 -0.18168642  2.39095525 -0.55429007 -0.64584746
  1.06962721 -2.29236511  1.00574525  2.56020396 -0.4980692   2.1329041
 -1.9637588  -0.87365807 -2.41187923 -2.28911066 -1.41471059 -2.9222555
  1.56746283  1.80797153  1.63831528  1.01415352  1.42064444 -2.30814859
 -2.69702969  1.73512216  0.98180973 -0.39953684 -2.61309158  1.54472035
 -1.21615429 -2.49757787  0.05181986]
Thu Jun 13 22:44:21 2024,546,0.09518341404206085,[-2.85589526  2.10062038 -1.62688722  0.10662065  0.47168165 -3.22380527
  3.24977224  2.08767762  1.04042507 -0.99979553  0.55686903  1.29255884
  1.32752328 -1.86686071  0.77120345  2.89155001 -0.39231512 -0.44298778
 -1.9092438   0.8153642   1.61664092  2.91362114 -1.40039912 -0.40841517
 -2.17083913 -2.0942416   3.14289549  2.78137543 -0.7262609  -2.63689454
  1.53287879 -0.22110386 -2.43497742  1.85137017  1.12986457 -0.62169656
  1.11274167 -2.00517079 -0.21814454  2.27119736 -0.27987532  0.50827625
  2.42241598  0.55535657  2.65134963  2.8891788   2.82465887 -2.94274225
  0.28397064 -0.38077202  1.71247223  2.99053608 -0.35728903 -2.36777009
  2.71495038 -3.18900139  0.55064914 -0.68896776 -1.73324158  3.10647415
 -1.96280877 -1.67384429 -2.55476864  2.36747564 -2.15231852  1.9742419
  1.74386315  1.47748783  2.51398145  2.90038094  1.97563729  1.47329639
 -1.76955293 -2.37619806  1.16317424  0.58445103  1.59376385 -2.80882761
 -0.10038707  2.53370369 -1.17010768  1.1810368   1.2215478   0.598624
 -0.95201989  1.14018887  0.79489428 -0.39612895  2.81108438 -2.14541861
  1.56973175 -0.66280648  0.98467615 -3.22328517 -2.23353882  0.35136101
 -1.10113374 -0.40921082  0.2791189   0.06738902 -1.78724614 -0.20236914
 -0.65282087  2.88941029 -1.12412708 -1.19177013 -1.13588227  1.27958413
  1.62656183 -0.83736025  2.11297286 -1.51892608 -0.24375178 -0.8887805
 -2.95237637  3.11233426 -1.74854737  3.04225759 -1.37300227 -2.39215014
  3.72995577 -1.21056121 -0.6283373  -3.04501311 -2.4973883   2.97846704
 -1.95113391 -1.68348847 -0.40911345  2.95739028  0.15965836  0.02710023
 -1.61647015 -0.15523822 -1.59585874 -3.08581384  2.91484436  1.16649019
 -0.32499043 -2.32255227  0.99998126 -1.15674422 -0.25745368 -2.15259702
 -1.89173597  1.80732962 -0.97519398  2.56252219 -0.44269969 -3.0952255
 -2.82865885  2.01230245 -3.08020867 -0.24941221 -1.03623277 -0.18477627
  2.37310305  1.72729206 -0.24733573 -1.79257765 -3.02030098  0.14657106
 -0.82918099  1.4693258  -2.52213037  0.96916837 -0.04743493  0.20594695
  1.99890642  0.72811021  0.78164434 -1.23192753  1.60960514  2.5396854
  1.26905258  0.30764906 -0.99076164  2.60454185  0.82567522 -2.24474059
 -0.00402264  1.71960014  1.06630336 -0.64576159 -2.32666203  2.42418954
  2.03658397  1.65069866  2.26444958  1.86093405 -2.11394955 -2.85292086
  0.53465733  1.38662671 -2.41530819 -1.31732033  2.44784944  1.2830082
  0.03601699 -1.74758174 -1.5570763   1.96885027  1.47773639 -0.80331447
 -0.1489886  -0.45689502 -0.18005489  2.38932372 -0.55265854 -0.64421593
  1.07125874 -2.29073358  1.00737678  2.56183549 -0.49970074  2.13453563
 -1.96539033 -0.87202654 -2.4102477  -2.28747913 -1.41307906 -2.92388703
  1.5658313   1.80960306  1.63668375  1.01578505  1.42227597 -2.30651706
 -2.69539816  1.73675369  0.9801782  -0.40116837 -2.61472311  1.54308882
 -1.21778582 -2.4992094   0.05345139]
Thu Jun 13 22:44:39 2024,547,0.09510101927844727,[-2.85789168  2.10261679 -1.6248908   0.10462423  0.47367807 -3.22180886
  3.25176865  2.08967403  1.04242149 -1.00179195  0.55886545  1.29455525
  1.32552686 -1.86885713  0.76920703  2.89354643 -0.3903187  -0.44099136
 -1.91124021  0.81736061  1.61863734  2.91162473 -1.39840271 -0.40641876
 -2.17283554 -2.09224519  3.14489191  2.78337185 -0.72825732 -2.63489812
  1.5348752  -0.21910745 -2.432981    1.84937376  1.12786815 -0.62369298
  1.11074525 -2.00317437 -0.22014095  2.27319377 -0.28187174  0.51027267
  2.42441239  0.55735298  2.65334604  2.89117522  2.82665528 -2.94473867
  0.28596706 -0.38276844  1.71047581  2.98853966 -0.35529261 -2.36577367
  2.7169468  -3.1909978   0.55264556 -0.69096418 -1.73124517  3.10447773
 -1.96081235 -1.67584071 -2.55676505  2.36947206 -2.15032211  1.97623832
  1.74585956  1.47549142  2.51597787  2.89838452  1.97364088  1.47129997
 -1.77154935 -2.37420164  1.16517065  0.58245461  1.59176744 -2.8068312
 -0.09839066  2.53570011 -1.1721041   1.17904038  1.22354422  0.60062042
 -0.95401631  1.13819246  0.79289787 -0.39413254  2.8130808  -2.14741502
  1.57172817 -0.6648029   0.98667257 -3.22128875 -2.23154241  0.35335742
 -1.09913732 -0.41120723  0.27712248  0.06938544 -1.78524972 -0.20436556
 -0.65082445  2.8914067  -1.12612349 -1.18977372 -1.13388586  1.27758772
  1.62855825 -0.83935667  2.11496928 -1.5209225  -0.24574819 -0.89077691
 -2.95037995  3.11433067 -1.75054378  3.04026118 -1.37100585 -2.39015372
  3.72795935 -1.2085648  -0.62634088 -3.04700952 -2.49938472  2.98046346
 -1.95313033 -1.68149206 -0.40711704  2.9593867   0.16165478  0.02510382
 -1.61846657 -0.1532418  -1.59785515 -3.08781026  2.91284795  1.16449378
 -0.32698685 -2.32454868  0.99798485 -1.15474781 -0.25945009 -2.15459343
 -1.89373239  1.80932603 -0.97319756  2.5645186  -0.44070328 -3.09722192
 -2.82666244  2.01030603 -3.08220509 -0.25140862 -1.03423635 -0.18277986
  2.37110664  1.72529564 -0.24533931 -1.79058124 -3.02229739  0.14856747
 -0.83117741  1.46732939 -2.52013396  0.97116478 -0.04543851  0.20794336
  2.00090283  0.73010662  0.77964793 -1.22993111  1.61160155  2.54168181
  1.27104899  0.30565265 -0.98876523  2.60653827  0.82367881 -2.24673701
 -0.00601906  1.71760373  1.06430694 -0.64376517 -2.32865844  2.42219312
  2.03458755  1.65269508  2.26644599  1.86293047 -2.11594597 -2.85491727
  0.53266092  1.38862312 -2.41331177 -1.31532391  2.44984586  1.28101179
  0.03402058 -1.74957815 -1.55907271  1.97084668  1.47573998 -0.80131806
 -0.14699219 -0.45489861 -0.17805847  2.39132013 -0.55066212 -0.64621235
  1.06926233 -2.29273     1.00538036  2.56383191 -0.49770432  2.13653205
 -1.96738675 -0.87003013 -2.40825129 -2.28548272 -1.41108264 -2.92588345
  1.56782771  1.81159947  1.63868016  1.01778147  1.42427239 -2.30851348
 -2.69739457  1.73875011  0.98217461 -0.40316478 -2.6127267   1.54508524
 -1.21978223 -2.49721299  0.05145498]
Thu Jun 13 22:44:54 2024,548,0.09509845168750147,[-2.85808282  2.10242565 -1.62508194  0.10443309  0.47386921 -3.22161772
  3.25157751  2.08986517  1.04223034 -1.00198309  0.55905659  1.29436411
  1.325718   -1.86866599  0.76901589  2.89373757 -0.39050985 -0.44080022
 -1.91104907  0.81755176  1.61882848  2.91181587 -1.39859385 -0.40622761
 -2.1726444  -2.09243633  3.14470077  2.78318071 -0.72806618 -2.63508926
  1.53468406 -0.2189163  -2.43317214  1.8495649   1.12805929 -0.62388412
  1.11093639 -2.00298323 -0.22033209  2.27300263 -0.2816806   0.51046381
  2.42422125  0.55716184  2.65353718  2.89136636  2.82646414 -2.94492981
  0.2861582  -0.38295958  1.71028467  2.98873081 -0.35548375 -2.36558253
  2.71675565 -3.19080666  0.55245442 -0.69077304 -1.73105402  3.10428659
 -1.96100349 -1.67603185 -2.5569562   2.36928092 -2.15051325  1.97642946
  1.74566842  1.47568256  2.51578672  2.89819338  1.97344973  1.47110883
 -1.77174049 -2.3740105   1.16536179  0.58264575  1.59195858 -2.80702234
 -0.09819951  2.53550897 -1.17229524  1.17923152  1.22373536  0.60081156
 -0.95420745  1.13800132  0.79270672 -0.3939414   2.81288966 -2.14760617
  1.57153703 -0.66461175  0.98686371 -3.2214799  -2.23135127  0.35316628
 -1.09894618 -0.41101609  0.27693134  0.0691943  -1.78544087 -0.2045567
 -0.65101559  2.89159784 -1.12631463 -1.18958258 -1.134077    1.27777886
  1.62874939 -0.83916553  2.11477813 -1.52111364 -0.24593933 -0.89096805
 -2.95057109  3.11452182 -1.75035264  3.04045232 -1.37081471 -2.39034486
  3.72815049 -1.20875594 -0.62653203 -3.04720066 -2.49919358  2.9806546
 -1.95293919 -1.6816832  -0.4069259   2.95957784  0.16184592  0.02491268
 -1.61865771 -0.15343294 -1.59766401 -3.08761912  2.91303909  1.16430263
 -0.3267957  -2.32435754  0.99779371 -1.15493895 -0.25925895 -2.15440229
 -1.89392353  1.80913489 -0.97300642  2.56432746 -0.44051214 -3.09703077
 -2.82685358  2.01011489 -3.08239623 -0.25121748 -1.03404521 -0.18258872
  2.3709155   1.72548678 -0.24553046 -1.7903901  -3.02210625  0.14837633
 -0.83136855  1.46713825 -2.51994281  0.97135592 -0.04524737  0.20775222
  2.00109397  0.72991548  0.77983907 -1.23012225  1.61141041  2.54187295
  1.27085785  0.30584379 -0.98895637  2.60634713  0.82348767 -2.24654586
 -0.00582791  1.71741259  1.0641158  -0.64395632 -2.3284673   2.42200198
  2.03439641  1.65288622  2.26663713  1.86273933 -2.11613711 -2.85472613
  0.53246978  1.38881426 -2.41312063 -1.31551505  2.44965472  1.28120293
  0.03382944 -1.74938701 -1.55926385  1.97065554  1.47554884 -0.80112692
 -0.14680105 -0.45508975 -0.17786733  2.39151127 -0.55085326 -0.64640349
  1.06945347 -2.29292114  1.0055715   2.56402305 -0.49789546  2.13634091
 -1.96757789 -0.87022127 -2.40806014 -2.28567386 -1.4108915  -2.92569231
  1.56763657  1.81140833  1.63887131  1.01797261  1.42446353 -2.30870462
 -2.69758571  1.73855897  0.98198347 -0.40335593 -2.61253556  1.5448941
 -1.21997337 -2.49740413  0.05126383]
Thu Jun 13 22:45:08 2024,549,0.09509293776328474,[-2.85800294  2.10250553 -1.62500206  0.10435321  0.47394909 -3.22153784
  3.25165739  2.08994505  1.04215046 -1.00206297  0.55913647  1.29444399
  1.32563812 -1.86874587  0.76893601  2.89381745 -0.39058973 -0.44072034
 -1.91112895  0.81763164  1.61890836  2.91173599 -1.39867373 -0.40630749
 -2.17272428 -2.09251621  3.14462089  2.78310083 -0.7279863  -2.63500938
  1.53476394 -0.21883642 -2.43309226  1.84948502  1.12797941 -0.62380424
  1.11101627 -2.00290335 -0.22041197  2.27292275 -0.28176047  0.51038393
  2.42430113  0.55724172  2.65361706  2.89144624  2.82638426 -2.94500969
  0.28623808 -0.3828797   1.71020479  2.98865093 -0.35556363 -2.36566241
  2.71683553 -3.19088654  0.5525343  -0.69085292 -1.7311339   3.10420671
 -1.96092361 -1.67611173 -2.55687632  2.3693608  -2.15043337  1.97650934
  1.7457483   1.47576244  2.51570685  2.8981135   1.97352961  1.47118871
 -1.77166061 -2.37409038  1.16544167  0.58272563  1.5918787  -2.80710222
 -0.09827939  2.53542909 -1.17221536  1.17915164  1.22365548  0.60089144
 -0.95428733  1.13792144  0.7927866  -0.39402128  2.81280978 -2.14768604
  1.57161691 -0.66453188  0.98694359 -3.22155978 -2.23143115  0.3530864
 -1.0988663  -0.41093621  0.27685146  0.06927418 -1.78536099 -0.20463658
 -0.65093571  2.89167772 -1.12623475 -1.1895027  -1.13415688  1.27769898
  1.62866951 -0.83924541  2.11469825 -1.52119352 -0.24601921 -0.89104793
 -2.95049121  3.11444194 -1.75027276  3.04037244 -1.37089459 -2.39042474
  3.72823037 -1.20867606 -0.62645215 -3.04728054 -2.4991137   2.98073448
 -1.95301907 -1.68160332 -0.40700577  2.95949796  0.16176604  0.0248328
 -1.61873759 -0.15351282 -1.59774389 -3.08753924  2.91295921  1.16438251
 -0.32687558 -2.32427766  0.99787359 -1.15501883 -0.25933883 -2.15448217
 -1.89400341  1.80905501 -0.9730863   2.56440734 -0.44043226 -3.09695089
 -2.82693346  2.01019477 -3.08247611 -0.2511376  -1.03412509 -0.18250884
  2.37083562  1.72556666 -0.24561034 -1.79046998 -3.02202637  0.14829645
 -0.83128867  1.46705837 -2.52002269  0.97127604 -0.04532725  0.2078321
  2.00101409  0.7298356   0.77991895 -1.23004237  1.61149029  2.54195283
  1.27093773  0.30576391 -0.98887649  2.60626725  0.82356755 -2.24646598
 -0.00574803  1.71733271  1.06403592 -0.64387644 -2.32854718  2.4219221
  2.03431653  1.65280634  2.26655725  1.86281921 -2.11605723 -2.85464625
  0.53254966  1.38873439 -2.41320051 -1.31543517  2.44957484  1.28112305
  0.03390932 -1.74946689 -1.55918397  1.97073542  1.47546896 -0.8012068
 -0.14688093 -0.45516963 -0.17778745  2.39159115 -0.55077338 -0.64648337
  1.06953335 -2.29284126  1.00565138  2.56394317 -0.49797534  2.13626103
 -1.96765777 -0.87030115 -2.40814002 -2.28559398 -1.41097138 -2.92577219
  1.56771645  1.81148821  1.63879143  1.01805249  1.42438365 -2.30862474
 -2.69750583  1.73847909  0.98206335 -0.40343581 -2.61245568  1.54497398
 -1.22005325 -2.49748401  0.05134371]
Thu Jun 13 22:45:23 2024,550,0.09505091332114439,[-2.8589612   2.10154727 -1.62596032  0.10531147  0.47299083 -3.22057958
  3.25261565  2.09090331  1.04310872 -1.00110471  0.56009473  1.29540225
  1.32659638 -1.86970413  0.76797775  2.89477571 -0.39154798 -0.43976208
 -1.91017069  0.81858989  1.6179501   2.91269425 -1.39771547 -0.40534923
 -2.17176602 -2.09155795  3.14366263  2.78214257 -0.72894456 -2.63596764
  1.53380568 -0.21979468 -2.43213401  1.84852676  1.12893767 -0.6247625
  1.11005801 -2.00194509 -0.21945371  2.2719645  -0.28271873  0.50942567
  2.42334287  0.55819998  2.6526588   2.89048798  2.82734252 -2.94405143
  0.28719634 -0.38383796  1.71116305  2.98769267 -0.35652189 -2.36470415
  2.71779379 -3.18992828  0.55349256 -0.69181118 -1.73209216  3.10516497
 -1.96188187 -1.67515347 -2.55783458  2.37031906 -2.14947511  1.97555108
  1.74670656  1.4767207   2.51474859  2.89715524  1.97257135  1.47214697
 -1.77070235 -2.37504864  1.16639993  0.58368389  1.59283696 -2.80614396
 -0.09923765  2.53638735 -1.1712571   1.1801099   1.22269722  0.6018497
 -0.95524559  1.1388797   0.79374486 -0.39497953  2.81185152 -2.14672779
  1.57065865 -0.66549013  0.98790185 -3.22251803 -2.23047289  0.35212814
 -1.09790804 -0.40997795  0.2758932   0.06831592 -1.78440273 -0.20559484
 -0.65189397  2.89263598 -1.12719301 -1.18854444 -1.13319862  1.27865724
  1.62962777 -0.83828715  2.11374    -1.52215178 -0.24697747 -0.89008968
 -2.95144947  3.11540019 -1.7493145   3.0413307  -1.36993633 -2.391383
  3.72918863 -1.20963432 -0.62549389 -3.0482388  -2.49815544  2.98169274
 -1.95397732 -1.68064506 -0.40604752  2.9585397   0.1627243   0.02387454
 -1.61969585 -0.15447108 -1.59678563 -3.0884975   2.91200095  1.16534077
 -0.32591732 -2.32523592  0.99883185 -1.15406057 -0.25838057 -2.15544043
 -1.89496167  1.81001327 -0.97404456  2.5653656  -0.44139052 -3.09599264
 -2.8259752   2.01115303 -3.08151785 -0.25017934 -1.03316683 -0.18155058
  2.36987736  1.72652492 -0.24656859 -1.78951172 -3.02106811  0.14733819
 -0.83224693  1.46801663 -2.51906444  0.9722343  -0.04628551  0.20687384
  2.00005584  0.72887734  0.77896069 -1.23100063  1.61053203  2.54099457
  1.26997947  0.30480565 -0.98791823  2.60722551  0.8245258  -2.24550773
 -0.00478978  1.71829097  1.06499418 -0.64291818 -2.32758892  2.42096384
  2.03527479  1.6537646   2.26559899  1.86186095 -2.11509897 -2.85368799
  0.53350791  1.38969264 -2.41415877 -1.31447691  2.44861658  1.28016479
  0.03486757 -1.75042515 -1.56014223  1.96977716  1.47642722 -0.80216506
 -0.14783919 -0.45421137 -0.17874571  2.39063289 -0.54981512 -0.64744163
  1.07049161 -2.291883    1.00469312  2.56490143 -0.49701708  2.13530277
 -1.96669951 -0.87125941 -2.40909828 -2.28655224 -1.41192964 -2.92481393
  1.56675819  1.81244647  1.63783317  1.01901074  1.42342539 -2.30766648
 -2.69654757  1.73752083  0.98110509 -0.40439406 -2.61149742  1.54593223
 -1.22101151 -2.49652575  0.05230197]
Thu Jun 13 22:45:37 2024,551,0.09492234737331622,[-2.8579959   2.10058197 -1.62692562  0.10627677  0.47395613 -3.22154488
  3.25358095  2.08993801  1.04407402 -1.00013941  0.55912943  1.29636755
  1.32756168 -1.87066943  0.76894305  2.89574101 -0.39058269 -0.43879678
 -1.90920539  0.81762459  1.6169848   2.91365955 -1.39675017 -0.40631453
 -2.17273132 -2.09252325  3.14462793  2.78310787 -0.72990986 -2.63693294
  1.53477098 -0.22075998 -2.4330993   1.84756146  1.12990297 -0.6237972
  1.11102331 -2.00291039 -0.22041901  2.27292979 -0.28175343  0.50846037
  2.42237757  0.55916528  2.6536241   2.89145328  2.82637722 -2.94308613
  0.28816163 -0.38480326  1.71212835  2.98865797 -0.35748719 -2.36373885
  2.71682849 -3.18896298  0.55252726 -0.69277648 -1.73112686  3.10419967
 -1.96284717 -1.67418817 -2.55686928  2.36935376 -2.15044041  1.97651638
  1.74574126  1.477686    2.51378329  2.89812054  1.97353665  1.47118167
 -1.76973705 -2.37601394  1.16543463  0.58271859  1.59380226 -2.80517866
 -0.09827235  2.53542205 -1.1722224   1.1810752   1.22366252  0.6008844
 -0.95428029  1.139845    0.79471016 -0.39401424  2.81281682 -2.14576249
  1.57162395 -0.66452484  0.98886714 -3.22348333 -2.23143819  0.35309344
 -1.09887334 -0.41094325  0.2768585   0.06735062 -1.78536803 -0.20462954
 -0.65285927  2.89360128 -1.12815831 -1.18950974 -1.13223332  1.27962254
  1.62866247 -0.83732185  2.1127747  -1.52118648 -0.24794277 -0.88912438
 -2.95241477  3.11636549 -1.7502798   3.0403654  -1.37090163 -2.3904177
  3.72822333 -1.21059962 -0.62645919 -3.0492041  -2.49912074  2.98265804
 -1.95494262 -1.68161036 -0.40701282  2.959505    0.161759    0.02483984
 -1.62066114 -0.15543638 -1.59582033 -3.0894628   2.91103565  1.16437547
 -0.32495203 -2.32427062  0.99979715 -1.15502587 -0.25741527 -2.15447513
 -1.89399637  1.81097857 -0.97500986  2.5663309  -0.44235581 -3.09695793
 -2.8250099   2.01211833 -3.08248315 -0.25114464 -1.03413213 -0.18058528
  2.36891206  1.72555962 -0.24753389 -1.78854642 -3.02203341  0.14830349
 -0.83321223  1.46898192 -2.51809914  0.971269   -0.04532021  0.20783914
  1.99909054  0.72791204  0.77992599 -1.23196593  1.61149733  2.54195987
  1.27094477  0.30384035 -0.98695293  2.60819081  0.8235605  -2.24647302
 -0.00575507  1.71732567  1.06595948 -0.64195288 -2.32662362  2.41999855
  2.03624009  1.6527993   2.26656429  1.86089565 -2.11606427 -2.85465329
  0.53447321  1.38872735 -2.41319347 -1.31544221  2.44958188  1.27919949
  0.03390227 -1.74945985 -1.55917693  1.97074246  1.47739251 -0.80313036
 -0.14880448 -0.45517667 -0.17778041  2.39159819 -0.55078042 -0.64647633
  1.07145691 -2.2909177   1.00565842  2.56393613 -0.49798238  2.13433747
 -1.96573421 -0.87222471 -2.41006358 -2.28751754 -1.41289494 -2.92384863
  1.56579289  1.81341177  1.63686787  1.01997604  1.42246009 -2.30670118
 -2.69751287  1.73655553  0.98207039 -0.40535936 -2.61053212  1.54689753
 -1.22004621 -2.49749105  0.05326727]
Thu Jun 13 22:45:52 2024,552,0.09469893989555647,[-2.86020881  2.10279488 -1.62913853  0.10848968  0.47616904 -3.22375779
  3.25579386  2.0877251   1.04628693 -1.00235232  0.56134234  1.29858046
  1.32534877 -1.86845652  0.76673014  2.8935281  -0.3927956  -0.43658387
 -1.90699248  0.81541169  1.61919771  2.91587246 -1.39453726 -0.40852744
 -2.17051841 -2.09473616  3.14241502  2.78089496 -0.72769695 -2.63472003
  1.53698389 -0.21854707 -2.43531221  1.84977437  1.12769006 -0.62158429
  1.1088104  -2.0051233  -0.22263192  2.27071688 -0.28396634  0.50624746
  2.42016466  0.56137819  2.65141119  2.89366619  2.82416431 -2.94529904
  0.28594873 -0.38701617  1.71434126  2.99087088 -0.3597001  -2.36595176
  2.7190414  -3.18675007  0.55031435 -0.69056357 -1.72891395  3.10198676
 -1.96063426 -1.67197526 -2.55465637  2.37156667 -2.1482275   1.97430347
  1.74795417  1.4798989   2.5159962   2.90033345  1.97574956  1.46896876
 -1.76752414 -2.37822685  1.16322172  0.58050568  1.59158935 -2.80296575
 -0.09605944  2.53763496 -1.17000949  1.17886229  1.22144961  0.59867149
 -0.95206738  1.14205791  0.79692307 -0.39180133  2.81060391 -2.1479754
  1.57383686 -0.66673774  0.98665423 -3.22127042 -2.2336511   0.35088053
 -1.09666043 -0.40873034  0.27464559  0.06513771 -1.78315512 -0.20684245
 -0.65507218  2.89138837 -1.1259454  -1.18729683 -1.13002041  1.28183545
  1.63087538 -0.83510894  2.11498761 -1.51897357 -0.25015568 -0.89133729
 -2.95020186  3.1185784  -1.74806689  3.04257831 -1.37311454 -2.38820479
  3.72601042 -1.21281253 -0.62424628 -3.05141701 -2.50133365  2.98044513
 -1.95715553 -1.68382327 -0.40479991  2.95729209  0.15954609  0.02705275
 -1.62287405 -0.15322347 -1.59803324 -3.09167571  2.91324856  1.16216256
 -0.32273912 -2.32205771  0.99758424 -1.15281296 -0.25520236 -2.15226222
 -1.89178346  1.80876566 -0.97722277  2.56411799 -0.44456872 -3.09917084
 -2.82722281  2.01433124 -3.08469606 -0.24893173 -1.03634504 -0.18279819
  2.37112497  1.72777253 -0.24532098 -1.78633351 -3.02424632  0.14609058
 -0.83542514  1.47119483 -2.52031205  0.96905609 -0.0431073   0.21005205
  1.99687763  0.73012495  0.77771308 -1.22975302  1.61371024  2.54417278
  1.27315768  0.30162744 -0.98474002  2.6059779   0.82577341 -2.24426011
 -0.00796798  1.71511276  1.06374657 -0.64416579 -2.32441071  2.42221146
  2.03402718  1.65501221  2.2687772   1.85868274 -2.11827718 -2.85244038
  0.53668612  1.38651444 -2.41540638 -1.31765512  2.45179479  1.27698658
  0.03168937 -1.75167276 -1.55696402  1.97295537  1.47960542 -0.80534326
 -0.14659158 -0.45738958 -0.17999332  2.38938528 -0.54856751 -0.64868924
  1.07366982 -2.28870479  1.00787133  2.56614904 -0.50019529  2.13212456
 -1.9635213  -0.8700118  -2.40785067 -2.28530463 -1.41510785 -2.92606154
  1.56357998  1.81562468  1.63465496  1.01776313  1.424673   -2.30448827
 -2.69529996  1.73876844  0.97985748 -0.40757227 -2.60831921  1.54468462
 -1.22225912 -2.49527814  0.05105436]
Thu Jun 13 22:46:06 2024,553,0.09447555826955789,[-2.86201609  2.10098761 -1.62733126  0.1066824   0.47436176 -3.22556506
  3.25760113  2.08953238  1.04447966 -1.0041596   0.55953506  1.30038774
  1.3235415  -1.86664924  0.76853742  2.89172082 -0.39098832 -0.4347766
 -1.90879976  0.81360441  1.62100499  2.91767974 -1.39272999 -0.40672017
 -2.17232569 -2.09292888  3.14060774  2.78270224 -0.72950422 -2.63291275
  1.53879117 -0.22035435 -2.43711949  1.85158165  1.12949734 -0.62339156
  1.10700312 -2.00693058 -0.22082465  2.26890961 -0.28215907  0.50444018
  2.41835739  0.55957091  2.64960392  2.89185891  2.82235704 -2.94349176
  0.287756   -0.38882345  1.71614854  2.9890636  -0.36150738 -2.36414449
  2.71723413 -3.1849428   0.54850707 -0.68875629 -1.73072123  3.10017948
 -1.95882698 -1.67016799 -2.55646364  2.37337394 -2.15003478  1.97249619
  1.74976145  1.47809163  2.51418892  2.89852617  1.97755684  1.47077604
 -1.76933142 -2.38003412  1.165029    0.57869841  1.58978207 -2.80477303
 -0.09425217  2.53582768 -1.16820221  1.17705501  1.22325689  0.60047876
 -0.95387465  1.14025063  0.79873035 -0.3936086   2.80879663 -2.14616812
  1.57564413 -0.66854502  0.98846151 -3.21946315 -2.23184382  0.34907326
 -1.09485315 -0.40692306  0.27645287  0.06694499 -1.78134784 -0.20864972
 -0.65687946  2.8895811  -1.12413813 -1.1891041  -1.13182769  1.28364273
  1.6290681  -0.83691622  2.11679488 -1.51716629 -0.25196296 -0.88953001
 -2.95200914  3.12038568 -1.74987417  3.04438558 -1.37130726 -2.38639752
  3.7278177  -1.2146198  -0.62605355 -3.05322429 -2.49952637  2.97863785
 -1.95896281 -1.68201599 -0.40660718  2.95548481  0.15773881  0.02886002
 -1.62106678 -0.15141619 -1.59622596 -3.09348298  2.91144128  1.16035529
 -0.32454639 -2.32386499  0.99939151 -1.15100568 -0.25700964 -2.15045494
 -1.88997618  1.81057294 -0.97903004  2.56592527 -0.446376   -3.10097812
 -2.82903009  2.01252396 -3.08288878 -0.25073901 -1.03453776 -0.18460547
  2.37293225  1.72596525 -0.24712826 -1.78452623 -3.02243904  0.1442833
 -0.83723242  1.47300211 -2.51850477  0.97086337 -0.04130002  0.21185933
  1.9986849   0.72831768  0.7759058  -1.2315603   1.61190296  2.54598006
  1.2713504   0.30343472 -0.9865473   2.60417062  0.82396614 -2.24245284
 -0.00616071  1.71330548  1.06555384 -0.64597306 -2.32260344  2.42040418
  2.0322199   1.65320493  2.26696993  1.85687546 -2.1164699  -2.85424766
  0.53487885  1.38832171 -2.41721366 -1.3194624   2.45360207  1.2751793
  0.03349664 -1.74986549 -1.55515675  1.9711481   1.47779815 -0.80353599
 -0.1447843  -0.45919686 -0.17818604  2.38757801 -0.54676024 -0.65049652
  1.07186254 -2.28689751  1.00606405  2.56795631 -0.50200257  2.13031728
 -1.96171402 -0.86820452 -2.40965795 -2.2871119  -1.41330057 -2.92425426
  1.56177271  1.8138174   1.63284768  1.01595586  1.42648028 -2.30268099
 -2.69710724  1.73696116  0.98166476 -0.405765   -2.61012649  1.5464919
 -1.22045185 -2.49708542  0.04924709]
Thu Jun 13 22:46:21 2024,554,0.09430620743190807,[-2.86376973  2.09923396 -1.62557761  0.10492875  0.47260812 -3.22381142
  3.25584749  2.08777874  1.04272601 -1.00591324  0.55778141  1.30214138
  1.32178785 -1.86840288  0.77029106  2.89347447 -0.39274196 -0.43302295
 -1.90704611  0.81185076  1.61925134  2.91943338 -1.39097634 -0.40496652
 -2.17407933 -2.09468253  3.14236139  2.78445588 -0.72775058 -2.63115911
  1.54054481 -0.222108   -2.43887314  1.85333529  1.12774369 -0.62514521
  1.10875677 -2.00868422 -0.22257829  2.27066325 -0.28391271  0.50268654
  2.42011103  0.56132456  2.65135756  2.89361256  2.82411068 -2.94524541
  0.28600236 -0.39057709  1.71790218  2.98730995 -0.35975373 -2.36589813
  2.71898777 -3.18318915  0.55026071 -0.69050993 -1.73247488  3.09842584
 -1.95707334 -1.67192163 -2.55471     2.37512759 -2.14828113  1.97074254
  1.7480078   1.47984527  2.51594257  2.89677253  1.97931049  1.47252968
 -1.77108506 -2.38178777  1.16678264  0.57694476  1.58802843 -2.80301938
 -0.09249852  2.53758133 -1.16644857  1.17530137  1.22150324  0.60223241
 -0.9556283   1.14200427  0.7969767  -0.39536225  2.80704298 -2.14792176
  1.57389049 -0.66679138  0.98670787 -3.22121679 -2.23009017  0.34731961
 -1.0966068  -0.40516942  0.27469923  0.06869863 -1.77959419 -0.20689608
 -0.6586331   2.88782745 -1.12589177 -1.18735046 -1.13007404  1.28539637
  1.62731446 -0.83516257  2.11504124 -1.51541264 -0.25020931 -0.88777636
 -2.95025549  3.11863204 -1.75162781  3.04263194 -1.36955362 -2.38815116
  3.72957135 -1.21637345 -0.62429991 -3.05497793 -2.50128001  2.97688421
 -1.95720917 -1.68026235 -0.40485354  2.95723846  0.15598516  0.02710638
 -1.61931313 -0.14966255 -1.59797961 -3.09523663  2.91319493  1.15860164
 -0.32279275 -2.32211134  1.00114516 -1.15275933 -0.25876329 -2.1487013
 -1.89172982  1.80881929 -0.98078369  2.56417162 -0.44812965 -3.09922448
 -2.82727644  2.0142776  -3.08113514 -0.24898537 -1.03629141 -0.18635911
  2.3711786   1.7277189  -0.24888191 -1.78627988 -3.0206854   0.14603695
 -0.83547877  1.47124847 -2.52025841  0.97261702 -0.03954638  0.21361297
  2.00043855  0.73007132  0.77415216 -1.22980665  1.61014932  2.5477337
  1.26959676  0.30518836 -0.98479365  2.60241697  0.82571978 -2.24069919
 -0.00791435  1.71155183  1.0638002  -0.64421942 -2.32435708  2.41865053
  2.03046626  1.65145129  2.26872357  1.85862911 -2.11471625 -2.85249401
  0.5331252   1.39007536 -2.4189673  -1.31770875  2.45535571  1.27693295
  0.03525029 -1.75161913 -1.55691039  1.96939445  1.4760445  -0.80178234
 -0.14303065 -0.45744321 -0.1764324   2.38582436 -0.54851388 -0.64874287
  1.07010889 -2.28514387  1.00431041  2.56970996 -0.50375621  2.12856364
 -1.95996038 -0.86995816 -2.41141159 -2.28535826 -1.41154693 -2.92250062
  1.56001906  1.81206376  1.63460133  1.01420221  1.42823392 -2.30443464
 -2.69886089  1.73871481  0.9834184  -0.40401135 -2.61188013  1.54824555
 -1.22220549 -2.49883906  0.05100073]
Thu Jun 13 22:46:35 2024,555,0.09372849171041117,[-2.86683283  2.09617087 -1.6286407   0.10186566  0.47567121 -3.22687451
  3.25891058  2.08471564  1.03966292 -1.00897634  0.55471832  1.30520448
  1.31872476 -1.86533979  0.77335416  2.89041137 -0.39580506 -0.42995986
 -1.91010921  0.80878767  1.61618825  2.92249647 -1.39403943 -0.40190343
 -2.17714243 -2.09161943  3.14542448  2.78751898 -0.73081367 -2.62809602
  1.54360791 -0.2190449  -2.44193623  1.8502722   1.13080679 -0.6282083
  1.11181986 -2.01174732 -0.2195152   2.26760016 -0.28697581  0.49962344
  2.41704794  0.55826146  2.64829447  2.89054946  2.82104759 -2.9483085
  0.28906545 -0.387514    1.71483909  2.99037305 -0.36281682 -2.36896123
  2.72205087 -3.18012606  0.55332381 -0.69357303 -1.73553797  3.09536275
 -1.96013643 -1.67498473 -2.5516469   2.3720645  -2.15134423  1.96767945
  1.74494471  1.47678218  2.51287947  2.89370944  1.97624739  1.46946659
 -1.76802197 -2.38485086  1.16984574  0.58000786  1.59109152 -2.79995629
 -0.09556162  2.53451823 -1.16951166  1.17223827  1.22456634  0.59916932
 -0.9525652   1.13894118  0.8000398  -0.39229915  2.81010608 -2.15098486
  1.57695358 -0.66372828  0.98977096 -3.22427989 -2.22702708  0.34425652
 -1.09966989 -0.40823251  0.27163613  0.06563554 -1.7765311  -0.20995917
 -0.65557001  2.89089054 -1.12895487 -1.19041355 -1.12701095  1.28845946
  1.63037755 -0.83209948  2.11810433 -1.51847574 -0.25327241 -0.89083946
 -2.9471924   3.11556894 -1.74856472  3.03956885 -1.37261671 -2.38508807
  3.73263444 -1.21331036 -0.627363   -3.05804103 -2.50434311  2.9799473
 -1.95414607 -1.67719925 -0.40179044  2.95417536  0.15292207  0.03016947
 -1.62237623 -0.14659945 -1.59491652 -3.09217353  2.91013184  1.16166474
 -0.32585584 -2.31904825  0.99808206 -1.15582242 -0.26182638 -2.1456382
 -1.89479292  1.8057562  -0.98384678  2.56110853 -0.44506655 -3.09616138
 -2.82421335  2.0173407  -3.07807204 -0.25204846 -1.03322831 -0.18329602
  2.36811551  1.7246558  -0.251945   -1.78321678 -3.02374849  0.14910004
 -0.83241568  1.47431156 -2.51719532  0.96955392 -0.03648329  0.21667607
  2.00350164  0.72700823  0.77721525 -1.22674356  1.60708623  2.54467061
  1.27265985  0.30212527 -0.98173056  2.59935388  0.82878288 -2.24376229
 -0.01097745  1.71461493  1.06686329 -0.64728251 -2.32742018  2.41558744
  2.02740316  1.6483882   2.27178667  1.8616922  -2.11777935 -2.85555711
  0.53618829  1.39313845 -2.4220304  -1.32077185  2.45841881  1.27386985
  0.03831338 -1.75468222 -1.55997349  1.96633136  1.47298141 -0.80484544
 -0.14609375 -0.46050631 -0.1733693   2.38276127 -0.55157698 -0.65180597
  1.0670458  -2.28820696  1.0073735   2.57277305 -0.50069312  2.12550054
 -1.95689729 -0.87302126 -2.41447469 -2.28842135 -1.41461002 -2.92556371
  1.55695597  1.81512685  1.63153823  1.01726531  1.43129702 -2.30749773
 -2.69579779  1.7417779   0.98035531 -0.40707444 -2.61494323  1.55130864
 -1.2191424  -2.50190215  0.05406382]
Thu Jun 13 22:46:50 2024,556,0.09372178904200014,[-2.86729136  2.0966294  -1.62818217  0.10232419  0.47612974 -3.22733304
  3.25936911  2.08425711  1.04012145 -1.00943487  0.55517685  1.30474595
  1.31918329 -1.86488126  0.77289563  2.8908699  -0.39534653 -0.43041839
 -1.91056774  0.80832914  1.61572972  2.92295501 -1.39449797 -0.40236196
 -2.17760096 -2.09207797  3.14588301  2.78706044 -0.73035514 -2.62763748
  1.54406644 -0.21858637 -2.4414777   1.85073073  1.13034826 -0.62774977
  1.11136133 -2.01128879 -0.21997373  2.26805869 -0.28743434  0.49916491
  2.41658941  0.55871999  2.64783594  2.89009093  2.82150612 -2.94784997
  0.28860692 -0.38797253  1.71438056  2.99083158 -0.36235829 -2.36941976
  2.72159233 -3.17966752  0.55286528 -0.69403156 -1.73507944  3.09582128
 -1.9596779  -1.67544326 -2.55210544  2.37160596 -2.1508857   1.96813798
  1.74448618  1.47632365  2.513338    2.8932509   1.97670592  1.46992512
 -1.76756344 -2.38439233  1.17030427  0.58046639  1.59155005 -2.80041482
 -0.09510309  2.5340597  -1.16905313  1.17269681  1.22410781  0.59962785
 -0.95302374  1.13848265  0.79958127 -0.39184062  2.80964755 -2.15144339
  1.57741211 -0.66326975  0.98931243 -3.22473842 -2.22656855  0.34471505
 -1.10012842 -0.40777398  0.27209466  0.06609407 -1.77607257 -0.2104177
 -0.65511148  2.89134908 -1.1294134  -1.18995502 -1.12746948  1.28800093
  1.63083608 -0.83255801  2.1176458  -1.51801721 -0.25281388 -0.89129799
 -2.94765093  3.11511041 -1.74902325  3.03911031 -1.37307524 -2.3855466
  3.73217591 -1.21376889 -0.62690447 -3.05849956 -2.50480164  2.98040583
 -1.95368754 -1.67674072 -0.40133191  2.9546339   0.15246354  0.030628
 -1.62283476 -0.14614092 -1.59537505 -3.091715    2.91059037  1.1612062
 -0.32631437 -2.31858972  0.99762353 -1.15536389 -0.26228491 -2.14517967
 -1.89525145  1.80621473 -0.98338825  2.56156706 -0.44552508 -3.09570285
 -2.82375482  2.01688217 -3.07853057 -0.25158993 -1.03368684 -0.18375455
  2.36857404  1.72419727 -0.25240353 -1.78275825 -3.02420702  0.14864151
 -0.83195714  1.47385303 -2.51673679  0.96909539 -0.03602475  0.21621753
  2.00304311  0.72654969  0.77675672 -1.22628503  1.60662769  2.54421208
  1.27311838  0.30166674 -0.98127203  2.59889535  0.82924141 -2.24330376
 -0.01051892  1.7141564   1.06732183 -0.64682398 -2.32696164  2.41512891
  2.02786169  1.64792966  2.27132813  1.86215073 -2.11732082 -2.85601564
  0.53572976  1.39359698 -2.42157187 -1.32031332  2.45796027  1.27341132
  0.03785485 -1.75422369 -1.55951495  1.96587283  1.47252288 -0.80438691
 -0.14563522 -0.46004778 -0.17291077  2.3832198  -0.55111844 -0.6522645
  1.06658727 -2.2886655   1.00783203  2.57323159 -0.50023459  2.12504201
 -1.95643875 -0.87256273 -2.41493322 -2.28887988 -1.41415149 -2.92510518
  1.55649744  1.81558538  1.63199676  1.01772384  1.43175555 -2.30795626
 -2.69533926  1.74223643  0.97989678 -0.40753298 -2.6144847   1.55085011
 -1.21868387 -2.50236069  0.05360529]
Thu Jun 13 22:47:11 2024,557,0.09353181948456826,[-2.86895018  2.09497058 -1.62984099  0.10066537  0.47447092 -3.22899186
  3.2577103   2.08591593  1.03846263 -1.00777605  0.55351803  1.30308713
  1.32084211 -1.86322244  0.77123681  2.88921108 -0.39700535 -0.42875957
 -1.91222656  0.80998796  1.61738854  2.92129619 -1.39615678 -0.40402078
 -2.17594214 -2.09041915  3.14422419  2.78540163 -0.73201396 -2.6292963
  1.54240762 -0.21692755 -2.44313652  1.84907191  1.12868944 -0.62609095
  1.10970251 -2.0129476  -0.22163255  2.26639987 -0.28909316  0.49750609
  2.41824822  0.56037881  2.64617712  2.89174975  2.82316494 -2.94950879
  0.29026574 -0.38963135  1.71272174  2.9924904  -0.36401711 -2.37107858
  2.71993351 -3.18132634  0.5545241  -0.69569038 -1.73673826  3.0974801
 -1.95801908 -1.67710208 -2.55044662  2.36994715 -2.15254452  1.9697968
  1.746145    1.47798247  2.51499682  2.89159209  1.9750471   1.4682663
 -1.76590462 -2.38273351  1.16864545  0.57880757  1.58989123 -2.80207364
 -0.09344427  2.53240088 -1.17071195  1.17103799  1.22244899  0.59796903
 -0.95468256  1.13682383  0.79792245 -0.39349944  2.81130637 -2.14978457
  1.57907093 -0.66492857  0.98765361 -3.22639724 -2.22490973  0.34305623
 -1.09846961 -0.4094328   0.27375348  0.06443525 -1.77441375 -0.20875889
 -0.6567703   2.88969026 -1.12775458 -1.1882962  -1.12581066  1.28634211
  1.6324949  -0.83089919  2.11598698 -1.51635839 -0.25447269 -0.88963917
 -2.94599211  3.11676923 -1.75068207  3.04076913 -1.37473406 -2.38720542
  3.73051709 -1.21211007 -0.62524565 -3.05684074 -2.50314282  2.97874701
 -1.95202872 -1.6750819  -0.39967309  2.95629272  0.15412236  0.02896919
 -1.62449358 -0.1444821  -1.59703387 -3.09337382  2.90893155  1.15954739
 -0.32465555 -2.3169309   0.99596471 -1.15702271 -0.26394373 -2.14683849
 -1.89691027  1.80455591 -0.98504707  2.56322588 -0.44386626 -3.09736167
 -2.822096    2.01522335 -3.07687175 -0.25324875 -1.03534566 -0.18209573
  2.36691522  1.72585609 -0.25406235 -1.78109943 -3.02586584  0.14698269
 -0.83361596  1.47551185 -2.51839561  0.96743657 -0.03436593  0.21787635
  2.00138429  0.72820851  0.7750979  -1.22794385  1.60496887  2.5458709
  1.27145956  0.30332556 -0.97961321  2.60055417  0.82758259 -2.24164494
 -0.01217773  1.71249758  1.06898064 -0.6484828  -2.32530282  2.41347009
  2.02620287  1.64627084  2.26966931  1.86380955 -2.115662   -2.85767446
  0.53738858  1.3952558  -2.41991305 -1.32197214  2.45961909  1.27507014
  0.03619603 -1.75256487 -1.55785613  1.96421401  1.4741817  -0.80272809
 -0.1439764  -0.46170659 -0.17125195  2.38156098 -0.54945963 -0.65392332
  1.06492845 -2.28700668  1.00617322  2.5748904  -0.50189341  2.12670083
 -1.95809757 -0.87090391 -2.41659204 -2.2905387  -1.41249267 -2.926764
  1.55483862  1.8172442   1.63033794  1.01606502  1.43341437 -2.30629744
 -2.69699808  1.74389525  0.9815556  -0.40587416 -2.61614351  1.55250893
 -1.22034269 -2.5040195   0.05526411]
Thu Jun 13 22:47:26 2024,558,0.09360652997354132,[-2.86646483  2.09248523 -1.62735564  0.10315072  0.47198557 -3.22650651
  3.25522494  2.08343058  1.03597728 -1.0102614   0.55600338  1.30557248
  1.32332746 -1.86570779  0.76875146  2.88672573 -0.39451999 -0.43124492
 -1.91471191  0.81247331  1.61490319  2.91881084 -1.39367143 -0.40650613
 -2.17345679 -2.0929045   3.14670954  2.78788698 -0.72952861 -2.62681095
  1.53992227 -0.2194129  -2.44562187  1.85155726  1.13117479 -0.6285763
  1.10721716 -2.01046225 -0.2191472   2.26888522 -0.29157851  0.49999144
  2.42073358  0.55789346  2.64866247  2.8942351   2.82067959 -2.94702344
  0.29275109 -0.387146    1.71520709  2.99497575 -0.36153176 -2.37356393
  2.71744816 -3.18381169  0.55203875 -0.69320503 -1.73425291  3.09499475
 -1.96050443 -1.67461672 -2.54796127  2.36746179 -2.15005916  1.97228215
  1.74365965  1.47549712  2.51748217  2.88910673  1.97753245  1.47075165
 -1.76838997 -2.38521886  1.1661601   0.57632222  1.58740588 -2.79958829
 -0.09592962  2.53488623 -1.1731973   1.17352334  1.21996364  0.60045438
 -0.95716791  1.13433848  0.8004078  -0.39101409  2.81379172 -2.14729922
  1.58155628 -0.66741392  0.98516826 -3.22888259 -2.22242438  0.34554158
 -1.09598425 -0.40694745  0.27126813  0.0619499  -1.7719284  -0.20627353
 -0.65428495  2.88720491 -1.13023993 -1.18581085 -1.12332531  1.28882747
  1.63498025 -0.82841384  2.11847233 -1.51884374 -0.25198734 -0.89212452
 -2.94350676  3.11428388 -1.74819672  3.03828378 -1.37224871 -2.38472007
  3.73300244 -1.20962472 -0.6227603  -3.05435539 -2.50065747  2.98123236
 -1.94954337 -1.67756725 -0.39718774  2.95877807  0.15660771  0.03145454
 -1.62697893 -0.14199675 -1.59454852 -3.09088847  2.9064462   1.15706203
 -0.3221702  -2.31444555  0.99347936 -1.15950806 -0.26145838 -2.14932384
 -1.89442492  1.80704126 -0.98753242  2.56571123 -0.44635162 -3.09984702
 -2.82458135  2.0177087  -3.07935711 -0.2557341  -1.03286031 -0.18458108
  2.36940057  1.72337074 -0.2565477  -1.77861408 -3.02835119  0.14449734
 -0.83113061  1.4730265  -2.52088096  0.96992192 -0.03188058  0.2203617
  1.99889894  0.73069386  0.77261255 -1.2304292   1.60745423  2.54835625
  1.26897421  0.30084021 -0.98209856  2.59806882  0.83006794 -2.23915959
 -0.00969238  1.71498293  1.06649529 -0.65096815 -2.32778818  2.41595544
  2.02371752  1.64378549  2.26718396  1.8613242  -2.11317665 -2.86015981
  0.53987393  1.39277045 -2.4174277  -1.32445749  2.45713374  1.27258479
  0.03868138 -1.75505022 -1.55537078  1.96172866  1.47169635 -0.80024274
 -0.14149105 -0.46419195 -0.1687666   2.37907563 -0.54697427 -0.65143796
  1.0674138  -2.28452133  1.00865857  2.57240505 -0.50437876  2.12918618
 -1.96058292 -0.87338926 -2.41907739 -2.28805335 -1.41497802 -2.92427865
  1.55732397  1.81972955  1.62785259  1.01855037  1.43589972 -2.30381209
 -2.69948343  1.7414099   0.98404095 -0.40835951 -2.61862887  1.55499428
 -1.22282804 -2.50650486  0.05277876]
Thu Jun 13 22:48:21 2024,559,0.09359763011870881,[-2.86686116  2.09288156 -1.62775197  0.10354705  0.4723819  -3.22690284
  3.25482862  2.08303425  1.03558095 -1.01065773  0.55560705  1.30596881
  1.32372379 -1.86610412  0.76914778  2.88712206 -0.39412366 -0.43084859
 -1.91431558  0.81207698  1.61529952  2.91841451 -1.39406776 -0.4061098
 -2.17306046 -2.09330083  3.14710587  2.78828331 -0.72992494 -2.62720728
  1.53952594 -0.21901657 -2.44522554  1.85116093  1.13157112 -0.62817997
  1.10682083 -2.01006592 -0.21954353  2.26928155 -0.29197484  0.50038777
  2.4211299   0.55749713  2.6490588   2.89463143  2.82028326 -2.94741977
  0.29235476 -0.38674967  1.71481076  2.99457942 -0.36192809 -2.37396026
  2.71784449 -3.18420802  0.55164242 -0.69360136 -1.73464924  3.09459842
 -1.9601081  -1.6742204  -2.54756494  2.36785812 -2.15045549  1.97267848
  1.74405597  1.47589345  2.51708584  2.88950306  1.97792878  1.47114798
 -1.7687863  -2.38561519  1.16576377  0.57592589  1.58780221 -2.79998462
 -0.09553329  2.53528256 -1.17280097  1.17312701  1.22035997  0.60085071
 -0.95677158  1.13394215  0.80080413 -0.39141042  2.81418805 -2.14690289
  1.58115996 -0.66701759  0.98556459 -3.22927892 -2.22202805  0.34593791
 -1.09558793 -0.40655112  0.27166446  0.06234623 -1.77153207 -0.2058772
 -0.65388862  2.88680858 -1.13063626 -1.18541452 -1.12292898  1.28922379
  1.63537658 -0.82881017  2.118076   -1.51844741 -0.25238367 -0.89172819
 -2.94311043  3.11468021 -1.74859305  3.03788745 -1.37185238 -2.38432374
  3.73260611 -1.21002105 -0.62236397 -3.05395906 -2.50026114  2.98162869
 -1.9499397  -1.67717092 -0.39679141  2.9591744   0.15621138  0.03105821
 -1.62737526 -0.14239308 -1.59494484 -3.09049214  2.90684253  1.15666571
 -0.32177387 -2.31404922  0.99308303 -1.15990439 -0.26185471 -2.14972017
 -1.89402859  1.80664493 -0.98792875  2.5653149  -0.44674795 -3.09945069
 -2.82497768  2.01731237 -3.07975344 -0.25613043 -1.03246398 -0.18418475
  2.36900424  1.72297441 -0.25615137 -1.77821775 -3.02874752  0.14489367
 -0.83073428  1.47263017 -2.52127729  0.96952559 -0.03227691  0.22075803
  1.99929527  0.73029754  0.77300888 -1.23082553  1.6070579   2.54875258
  1.26937054  0.30044388 -0.98170223  2.59767249  0.83046427 -2.23955591
 -0.00929605  1.7145866   1.06689162 -0.65057182 -2.32739185  2.41555911
  2.02411385  1.64418182  2.26758029  1.86172053 -2.11357298 -2.85976348
  0.5394776   1.39237412 -2.41782403 -1.32485382  2.45673741  1.27298112
  0.03907771 -1.75544655 -1.55497445  1.96133233  1.47209267 -0.80063906
 -0.14188738 -0.46458827 -0.16916293  2.3786793  -0.5473706  -0.65104164
  1.06701747 -2.284125    1.00826224  2.57280138 -0.50477509  2.12878985
 -1.96097925 -0.87299293 -2.41868106 -2.28765702 -1.41458169 -2.92467498
  1.55692764  1.81933322  1.62745626  1.01815404  1.43550339 -2.30420842
 -2.6990871   1.74101357  0.98443728 -0.40875584 -2.61823254  1.55459795
 -1.22322437 -2.50690119  0.05317509]
Thu Jun 13 22:48:35 2024,560,0.09359938540384395,[-2.86718008  2.09320048 -1.62743305  0.10322813  0.47270082 -3.22658392
  3.25514754  2.08271532  1.03589987 -1.01033881  0.55528813  1.30628773
  1.32404271 -1.8657852   0.76946671  2.88744099 -0.39444259 -0.43116751
 -1.9146345   0.8123959   1.61561844  2.91809558 -1.39438669 -0.40642872
 -2.17274154 -2.09361975  3.1474248   2.78796438 -0.73024386 -2.62688836
  1.53920702 -0.21869765 -2.44490662  1.85084201  1.13189004 -0.6284989
  1.10713976 -2.01038485 -0.2192246   2.26960048 -0.29229376  0.5007067
  2.42144883  0.55781606  2.64873987  2.89431251  2.82060218 -2.94773869
  0.29203584 -0.38643074  1.71512968  2.9942605  -0.36160917 -2.37364133
  2.71816342 -3.18452695  0.55196134 -0.69328243 -1.73433031  3.09491734
 -1.95978918 -1.67390147 -2.54724601  2.36817705 -2.15013657  1.97299741
  1.7443749   1.47621237  2.51740477  2.88918414  1.97760986  1.4714669
 -1.76910522 -2.38593412  1.16544485  0.57560696  1.58812113 -2.79966569
 -0.09521436  2.53496364 -1.17311989  1.17344593  1.22004104  0.60053178
 -0.95645265  1.13362323  0.80112305 -0.39172934  2.81450697 -2.14722181
  1.58084103 -0.66733652  0.98524566 -3.22959784 -2.22234697  0.34625683
 -1.09590685 -0.40687005  0.27134554  0.06266515 -1.77185099 -0.20555828
 -0.65420754  2.88648965 -1.13095518 -1.18573345 -1.12324791  1.28954272
  1.63569551 -0.82912909  2.11775708 -1.51812849 -0.2527026  -0.89140927
 -2.94342935  3.11436128 -1.74827413  3.03756853 -1.37153346 -2.38464266
  3.73292504 -1.21033997 -0.6226829  -3.05427798 -2.49994222  2.98194762
 -1.95025862 -1.67748985 -0.39647249  2.95949332  0.15589246  0.03137713
 -1.62705633 -0.14207416 -1.59462592 -3.09081107  2.9065236   1.15698463
 -0.32145495 -2.3137303   0.99276411 -1.16022331 -0.26217363 -2.14940125
 -1.89434751  1.80632601 -0.98824767  2.56499598 -0.44706687 -3.09976962
 -2.8252966   2.01699344 -3.08007236 -0.25644935 -1.03214506 -0.18450367
  2.36868532  1.72265549 -0.25583245 -1.77853668 -3.02906645  0.14457475
 -0.83105321  1.47294909 -2.52159621  0.96920667 -0.03259584  0.22107696
  1.9996142   0.72997861  0.7733278  -1.23114445  1.60673897  2.54843365
  1.26905162  0.3007628  -0.98202116  2.59799141  0.83014535 -2.23987484
 -0.00897713  1.71426768  1.0665727  -0.65089075 -2.32771077  2.41524019
  2.02443278  1.6438629   2.26789922  1.86203945 -2.1138919  -2.8600824
  0.53979653  1.3920552  -2.41814295 -1.32453489  2.45705634  1.2726622
  0.03875879 -1.75512763 -1.55465553  1.96165125  1.47177375 -0.80032014
 -0.14156845 -0.4649072  -0.16884401  2.37836037 -0.54768953 -0.65072271
  1.0673364  -2.28444392  1.00858116  2.57248246 -0.50445616  2.12910878
 -1.96066033 -0.87267401 -2.41836214 -2.2873381  -1.41426277 -2.92435605
  1.55724656  1.8190143   1.62713734  1.01847296  1.43582231 -2.30452735
 -2.69940603  1.74069465  0.9847562  -0.40907476 -2.61855146  1.55491687
 -1.22290544 -2.50658226  0.05349402]
Thu Jun 13 22:49:14 2024,561,0.09359547822093416,[-2.86696639  2.09298679 -1.62721936  0.10344182  0.47291452 -3.22637023
  3.25536123  2.08250163  1.03611356 -1.01012511  0.55507444  1.30650142
  1.32382902 -1.86599889  0.7696804   2.8872273  -0.3942289  -0.43095382
 -1.9148482   0.81218221  1.61540475  2.91830927 -1.39460038 -0.40621503
 -2.17252784 -2.09383344  3.14721111  2.78775069 -0.73045756 -2.62710205
  1.53942071 -0.21891134 -2.44469292  1.8510557   1.13167635 -0.62828521
  1.10735345 -2.01059854 -0.21943829  2.26981417 -0.29250745  0.50049301
  2.42123514  0.55760237  2.64852618  2.8945262   2.82038849 -2.947525
  0.29224953 -0.38621705  1.71534337  2.9940468  -0.36182286 -2.37342764
  2.71794973 -3.18474064  0.55217503 -0.69306874 -1.734544    3.09470365
 -1.96000287 -1.67368778 -2.5474597   2.36796336 -2.15035026  1.9732111
  1.74458859  1.47642606  2.51761846  2.88939783  1.97782355  1.47125321
 -1.76931892 -2.38614781  1.16565854  0.57539327  1.58833483 -2.799452
 -0.09500067  2.53474995 -1.1729062   1.17365962  1.21982735  0.60074548
 -0.95666634  1.13340953  0.80133674 -0.39194304  2.81429328 -2.14700812
  1.58105472 -0.66755021  0.98545936 -3.22981153 -2.22256067  0.34604314
 -1.09569316 -0.40665635  0.27155923  0.06245146 -1.7716373  -0.20534459
 -0.65442123  2.88627596 -1.13074149 -1.18551976 -1.12303421  1.28975641
  1.63548182 -0.82934278  2.11797077 -1.51791479 -0.25248891 -0.89162296
 -2.94321566  3.11414759 -1.74806043  3.03735484 -1.37174715 -2.38485635
  3.73313873 -1.21012628 -0.6224692  -3.05406429 -2.50015591  2.98173393
 -1.95047231 -1.67770354 -0.39668618  2.95970701  0.15610615  0.03116344
 -1.62727002 -0.14228785 -1.59483961 -3.09102476  2.90673729  1.15677094
 -0.32166864 -2.31394399  0.99255042 -1.160437   -0.26195994 -2.14918756
 -1.8945612   1.80611232 -0.98846137  2.56520967 -0.44728056 -3.09955592
 -2.82551029  2.01677975 -3.08028605 -0.25623566 -1.03193137 -0.18471737
  2.36847162  1.7224418  -0.25561876 -1.77832298 -3.02885276  0.14436106
 -0.83083952  1.47316278 -2.52138252  0.96899298 -0.03238215  0.22129065
  1.99982789  0.72976492  0.77354149 -1.23093076  1.60695266  2.54821996
  1.26926531  0.30097649 -0.98223485  2.5982051   0.83035904 -2.24008853
 -0.00919082  1.71405398  1.06635901 -0.65067706 -2.32792446  2.41545388
  2.02464647  1.64364921  2.26768553  1.86225314 -2.11410559 -2.85986871
  0.53958284  1.39226889 -2.41835664 -1.3243212   2.45684265  1.27287589
  0.03897248 -1.75491394 -1.55444184  1.96143756  1.47156006 -0.80053383
 -0.14178214 -0.46469351 -0.16863032  2.37814668 -0.54790322 -0.65050902
  1.06755009 -2.28423023  1.00879485  2.57226877 -0.50424247  2.12889508
 -1.96044664 -0.87246031 -2.41857583 -2.28755179 -1.41404908 -2.92414236
  1.55746025  1.81880061  1.62692365  1.01825927  1.43560862 -2.30431366
 -2.69961972  1.74090834  0.98496989 -0.40928845 -2.61833777  1.55513056
 -1.22311913 -2.50636857  0.05370771]
Thu Jun 13 22:49:45 2024,562,0.09347326710704393,[-2.86567402  2.09427916 -1.62851172  0.10214945  0.47420688 -3.22766259
  3.2566536   2.083794    1.0348212  -1.00883275  0.55378207  1.30779379
  1.32253665 -1.86470652  0.77097277  2.88851966 -0.39552127 -0.43224619
 -1.91355583  0.81347458  1.61669712  2.91701691 -1.39589275 -0.4075074
 -2.17382021 -2.09512581  3.14591874  2.78645832 -0.72916519 -2.62580968
  1.53812834 -0.21761897 -2.44340056  1.84976333  1.13038398 -0.62699284
  1.10606108 -2.01189091 -0.21814593  2.27110653 -0.29121508  0.50178537
  2.41994277  0.55631     2.64723381  2.89581857  2.81909612 -2.94623263
  0.2935419  -0.38492468  1.71663574  2.99275444 -0.36053049 -2.37213527
  2.71665736 -3.18344827  0.55088266 -0.69436111 -1.73583637  3.09341128
 -1.96129524 -1.67498015 -2.54616734  2.36925572 -2.15164263  1.97450347
  1.74329622  1.47771843  2.51891083  2.8906902   1.97653118  1.46996084
 -1.76802655 -2.38485544  1.16436617  0.57668564  1.58962719 -2.79815963
 -0.09629304  2.53604231 -1.17419857  1.17495199  1.22111972  0.59945311
 -0.95795871  1.13211717  0.80004438 -0.39065067  2.81300091 -2.14830049
  1.58234709 -0.66625784  0.98675172 -3.22851916 -2.22385303  0.34475077
 -1.09440079 -0.40536399  0.2728516   0.06374383 -1.77034493 -0.20405222
 -0.6557136   2.88756833 -1.13203386 -1.18681212 -1.12432658  1.29104878
  1.63418945 -0.82805042  2.11926314 -1.51920716 -0.25378127 -0.89291533
 -2.9419233   3.11543996 -1.7493528   3.03864721 -1.37303952 -2.38356399
  3.7344311  -1.21141865 -0.62117684 -3.05277192 -2.49886354  2.98302629
 -1.95176468 -1.67899591 -0.39797855  2.96099938  0.15739852  0.02987107
 -1.62597766 -0.14358022 -1.59354724 -3.09231713  2.90802966  1.15806331
 -0.32296101 -2.31265162  0.99384279 -1.15914464 -0.26325231 -2.14789519
 -1.89326884  1.80740469 -0.98975373  2.5639173  -0.44598819 -3.09826356
 -2.82680266  2.01548738 -3.07899368 -0.25752803 -1.030639   -0.183425
  2.36717926  1.72114943 -0.25691113 -1.77703062 -3.02756039  0.14306869
 -0.83213188  1.47187042 -2.52267489  0.97028535 -0.03108978  0.21999828
  1.99853552  0.73105729  0.77483386 -1.22963839  1.60824503  2.54692759
  1.27055768  0.29968413 -0.98352721  2.59691274  0.8316514  -2.23879616
 -0.01048319  1.71276162  1.06506664 -0.65196942 -2.32663209  2.41674625
  2.02593884  1.64494158  2.26639316  1.86354551 -2.11539796 -2.86116108
  0.53829047  1.39356126 -2.41964901 -1.32302883  2.45813501  1.27158352
  0.04026485 -1.75620631 -1.55573421  1.96272993  1.47026769 -0.8018262
 -0.14048977 -0.46598588 -0.16992268  2.37943905 -0.54661085 -0.65180139
  1.06625772 -2.28293786  1.00750248  2.57356114 -0.50553484  2.12760272
 -1.96173901 -0.87116795 -2.41728346 -2.28884416 -1.41534145 -2.92543473
  1.55875262  1.81750824  1.62563128  1.01955164  1.43690099 -2.30302129
 -2.69832735  1.74220071  0.98367753 -0.41058082 -2.6170454   1.5538382
 -1.22182676 -2.5050762   0.05500007]
Thu Jun 13 22:50:04 2024,563,0.09339599880227026,[-2.86443508  2.0955181  -1.62975066  0.10091051  0.47296794 -3.22642365
  3.25541466  2.08255506  1.03358226 -1.00759381  0.55254313  1.30903273
  1.32129771 -1.86346758  0.76973383  2.8897586  -0.39428233 -0.43348513
 -1.91479477  0.81223564  1.61545818  2.91577797 -1.39465381 -0.40626846
 -2.17505915 -2.09388687  3.1446798   2.78521938 -0.72792625 -2.62704862
  1.5368894  -0.21885791 -2.4446395   1.84852439  1.13162292 -0.62823178
  1.10730002 -2.01065197 -0.21690699  2.26986759 -0.28997615  0.50302431
  2.41870383  0.55754894  2.64847275  2.89457963  2.81785718 -2.94499369
  0.29478084 -0.38616362  1.71787468  2.9915155  -0.36176943 -2.37089633
  2.7178963  -3.18468721  0.54964372 -0.69560005 -1.73459743  3.09465022
 -1.9600563  -1.67374121 -2.5449284   2.37049466 -2.15040369  1.97326453
  1.74205728  1.47895737  2.52014977  2.89192914  1.97777012  1.4687219
 -1.76678761 -2.38609438  1.16312723  0.5754467   1.59086613 -2.79939857
 -0.09753198  2.53480337 -1.17295963  1.17371305  1.22235866  0.59821417
 -0.95671977  1.13087823  0.80128332 -0.39188961  2.81176197 -2.14706155
  1.58358603 -0.6650189   0.98799066 -3.22728022 -2.22509197  0.34351183
 -1.09316185 -0.40412505  0.27409054  0.06498277 -1.76910599 -0.20529116
 -0.65447466  2.88880727 -1.1332728  -1.18557318 -1.12556552  1.29228772
  1.63542839 -0.82681148  2.1180242  -1.51796822 -0.25254233 -0.89415427
 -2.94068436  3.11420102 -1.75059174  3.03988615 -1.37427846 -2.38232505
  3.73567003 -1.21017971 -0.62241578 -3.05401086 -2.4976246   2.98426523
 -1.95052574 -1.68023485 -0.39673961  2.95976044  0.15863746  0.02863213
 -1.6272166  -0.14234128 -1.59478618 -3.09107819  2.9092686   1.15682437
 -0.32172207 -2.31389056  0.99508172 -1.16038358 -0.26201337 -2.14913413
 -1.89450778  1.80864362 -0.98851479  2.56267836 -0.44474925 -3.0995025
 -2.82556372  2.01424845 -3.08023262 -0.25628909 -1.03187794 -0.18466394
  2.36594032  1.72238837 -0.25815006 -1.77826956 -3.02879933  0.14182975
 -0.83337082  1.47063148 -2.52143595  0.96904641 -0.02985084  0.22123722
  1.99729658  0.73229623  0.77359492 -1.23087733  1.60700609  2.54816653
  1.27179662  0.29844519 -0.98228828  2.59815168  0.83289034 -2.23755722
 -0.00924425  1.71152268  1.0638277  -0.65073048 -2.32787103  2.41550731
  2.0246999   1.64618052  2.26515422  1.86478445 -2.1166369  -2.86240002
  0.53952941  1.3948002  -2.42088795 -1.32178989  2.45689607  1.27034458
  0.03902591 -1.75496737 -1.55449527  1.96149099  1.47150663 -0.80058726
 -0.13925083 -0.46722482 -0.16868374  2.38067799 -0.54784979 -0.65056245
  1.06501878 -2.2841768   1.00874142  2.5723222  -0.5042959   2.12636378
 -1.96050007 -0.86992901 -2.41604452 -2.28760522 -1.41658039 -2.92419579
  1.55999156  1.8162693   1.62439234  1.0183127   1.43566205 -2.30178235
 -2.69956629  1.74343965  0.98491647 -0.41181976 -2.61580646  1.55259926
 -1.2230657  -2.50383726  0.05623901]
Thu Jun 13 22:50:19 2024,564,0.09339589361436142,[-2.86463882  2.09531437 -1.62954693  0.10111425  0.47276421 -3.22621992
  3.25561839  2.08235133  1.03378599 -1.00779754  0.5523394   1.30923646
  1.32150145 -1.86367131  0.7695301   2.88996234 -0.39448606 -0.43368886
 -1.91459103  0.81203191  1.61566191  2.91557423 -1.39485754 -0.40647219
 -2.17485542 -2.0940906   3.14447606  2.78542312 -0.72772251 -2.62684489
  1.53709313 -0.21865418 -2.44484323  1.84832066  1.13182666 -0.62802805
  1.10709629 -2.01044823 -0.21711072  2.27007133 -0.28977241  0.50322805
  2.41890756  0.55775267  2.64826902  2.89478336  2.81765345 -2.94478996
  0.29498457 -0.38595989  1.71767095  2.99171923 -0.3615657  -2.37110007
  2.71810003 -3.18448348  0.54984746 -0.69580378 -1.73480117  3.09485395
 -1.95985257 -1.67353747 -2.54513213  2.37029093 -2.15060742  1.97346826
  1.74226102  1.47875363  2.5203535   2.89213287  1.97797386  1.46851817
 -1.76699134 -2.38589065  1.16333096  0.57524297  1.59106987 -2.79919484
 -0.09732825  2.53459964 -1.1727559   1.17391679  1.22256239  0.5984179
 -0.95692351  1.13108196  0.80148705 -0.39209334  2.8119657  -2.14685782
  1.5833823  -0.66522263  0.98778693 -3.22748396 -2.22488824  0.34371557
 -1.09336558 -0.40392131  0.27429427  0.06477904 -1.76890226 -0.20549489
 -0.6546784   2.889011   -1.13306906 -1.18577692 -1.12536179  1.29208398
  1.63522465 -0.82660774  2.11782047 -1.51776449 -0.25274607 -0.894358
 -2.94048062  3.11399729 -1.75038801  3.04008988 -1.37448219 -2.38212131
  3.73587377 -1.20997597 -0.62261951 -3.05380713 -2.49742087  2.98446897
 -1.95032201 -1.68003111 -0.39694334  2.95996417  0.15884119  0.02883587
 -1.62701286 -0.14254501 -1.59498992 -3.09087445  2.90947234  1.15662063
 -0.32151834 -2.31409429  0.99528546 -1.16058731 -0.2622171  -2.14893039
 -1.89471151  1.80843989 -0.98871853  2.56247463 -0.44454552 -3.09970623
 -2.82535999  2.01445218 -3.08002889 -0.25608536 -1.03208167 -0.1844602
  2.36614405  1.72218463 -0.2583538  -1.77847329 -3.02900306  0.14203348
 -0.83316709  1.47083521 -2.52123222  0.96925014 -0.03005457  0.22103349
  1.99750031  0.73249996  0.77339119 -1.2306736   1.60680236  2.5479628
  1.27200035  0.29864892 -0.98208454  2.59835541  0.83309408 -2.23776096
 -0.00944798  1.71172641  1.06362397 -0.65093422 -2.32807477  2.41571104
  2.02490363  1.64597678  2.26535795  1.86498819 -2.11643317 -2.86219629
  0.53973314  1.39459646 -2.42109168 -1.32158616  2.45709981  1.27054831
  0.03882217 -1.75476363 -1.55429153  1.96128725  1.47171036 -0.80079099
 -0.13945457 -0.46702108 -0.16888748  2.38088172 -0.54805352 -0.65076618
  1.06481504 -2.28438053  1.00894516  2.57252593 -0.50449963  2.12656751
 -1.96029633 -0.87013274 -2.41584079 -2.28740148 -1.41637665 -2.92399205
  1.5601953   1.81647303  1.62459607  1.01810897  1.43586578 -2.30198608
 -2.69977002  1.74323591  0.9851202  -0.41202349 -2.61601019  1.55239552
 -1.22326944 -2.50363353  0.05603528]
Thu Jun 13 22:50:34 2024,565,0.0933970216722672,[-2.8645942   2.09535898 -1.62959155  0.10115886  0.47280883 -3.2261753
  3.25557377  2.08239595  1.03383061 -1.00775292  0.55238402  1.30928108
  1.32154607 -1.86371593  0.76957471  2.88991772 -0.39453068 -0.43364425
 -1.91463565  0.81207652  1.61570653  2.91561885 -1.39481292 -0.40642757
 -2.17490004 -2.09404598  3.14443144  2.7853785  -0.72776713 -2.62688951
  1.53713775 -0.21860956 -2.44488785  1.84836528  1.13187128 -0.62807266
  1.10714091 -2.01040362 -0.2170661   2.27011595 -0.28972779  0.50327267
  2.41895218  0.55779729  2.6482244   2.89482798  2.81769807 -2.94483458
  0.29493995 -0.38600451  1.71762633  2.99167461 -0.36152108 -2.37114469
  2.71805541 -3.1845281   0.54980284 -0.6958484  -1.73484578  3.09480933
 -1.95989719 -1.67358209 -2.54517675  2.37024631 -2.15065204  1.97351288
  1.74230564  1.47870902  2.52030888  2.89217749  1.97801848  1.46847355
 -1.76703596 -2.38584603  1.16328634  0.57528759  1.59102525 -2.79915022
 -0.09737287  2.53464426 -1.17271128  1.17387217  1.22260701  0.59846252
 -0.95696813  1.13112658  0.80153167 -0.39204872  2.81201032 -2.14690244
  1.58342692 -0.66517801  0.98783155 -3.22752858 -2.22493286  0.34367095
 -1.09332096 -0.40396593  0.27433889  0.06482365 -1.76894688 -0.20545028
 -0.65463378  2.88905562 -1.13311368 -1.18582154 -1.12531717  1.29203937
  1.63526927 -0.82656312  2.11777585 -1.51771987 -0.25279069 -0.89431338
 -2.940436    3.11395267 -1.75043263  3.0401345  -1.37443757 -2.38216593
  3.73582915 -1.21002059 -0.62257489 -3.05385175 -2.49737625  2.98451359
 -1.95036663 -1.68007573 -0.39698796  2.95991955  0.15888581  0.02888048
 -1.62705748 -0.14250039 -1.5949453  -3.09082983  2.90942772  1.15657601
 -0.32147372 -2.31413891  0.99524084 -1.16063193 -0.26217249 -2.14888578
 -1.89475613  1.80848451 -0.98867391  2.56251925 -0.4445009  -3.09975085
 -2.82531537  2.01440756 -3.07998427 -0.25612997 -1.03203705 -0.18441559
  2.36618867  1.72214001 -0.25830918 -1.77842867 -3.02895844  0.1420781
 -0.83312247  1.47087983 -2.52127683  0.96929476 -0.03009919  0.22098887
  1.99745569  0.73254458  0.77343581 -1.23062898  1.60684698  2.54800742
  1.27195573  0.2986043  -0.98212916  2.59831079  0.83304946 -2.23771634
 -0.0094926   1.71177103  1.06357935 -0.6508896  -2.32803015  2.41575566
  2.02494825  1.64593216  2.26531333  1.8650328  -2.11638855 -2.86224091
  0.53968852  1.39455184 -2.4211363  -1.32163078  2.45714443  1.27050369
  0.03886679 -1.75471901 -1.55424691  1.96133187  1.47166575 -0.80074637
 -0.13940995 -0.46697646 -0.1689321   2.38092634 -0.54809814 -0.6508108
  1.06477043 -2.28442515  1.00890054  2.57248131 -0.50454425  2.12652289
 -1.96025171 -0.87017736 -2.41588541 -2.2874461  -1.41642127 -2.92403667
  1.56023991  1.81642842  1.62455146  1.01806435  1.4359104  -2.3020307
 -2.69981464  1.74328053  0.98516482 -0.41197888 -2.61605481  1.5523509
 -1.22322482 -2.50367815  0.0560799 ]
Thu Jun 13 22:50:51 2024,566,0.09339506133833905,[-2.86433369  2.09509848 -1.62985205  0.10141937  0.47254832 -3.2259148
  3.25583428  2.08213544  1.03409111 -1.00749242  0.55264452  1.30954159
  1.32180657 -1.86345543  0.76931421  2.88965721 -0.39427017 -0.43338374
 -1.91489616  0.81233703  1.61596703  2.91587936 -1.39507343 -0.40668808
 -2.17463953 -2.09378548  3.14469195  2.78511799 -0.72750663 -2.626629
  1.53739826 -0.21834905 -2.44462734  1.84810477  1.13161077 -0.62781216
  1.1068804  -2.01014311 -0.21732661  2.27037645 -0.28946729  0.50353317
  2.41921269  0.55805779  2.6479639   2.89456747  2.81795857 -2.94457407
  0.29467945 -0.38626501  1.71736582  2.99193512 -0.36126057 -2.37140519
  2.71831592 -3.1847886   0.54954233 -0.69610891 -1.73510629  3.09454883
 -1.96015769 -1.67332159 -2.54491624  2.37050682 -2.15091255  1.97377338
  1.74204513  1.47896952  2.52004838  2.892438    1.97775797  1.46873406
 -1.76677546 -2.38558552  1.16302584  0.57554809  1.59128575 -2.79888972
 -0.09763337  2.53438376 -1.17297178  1.17361166  1.22234651  0.59820202
 -0.95670762  1.13138708  0.80127116 -0.39178822  2.81174982 -2.14716294
  1.58368742 -0.66543852  0.98809205 -3.22726807 -2.22519336  0.34341044
 -1.09358147 -0.40370543  0.27407838  0.06508416 -1.76920738 -0.20571078
 -0.65489428  2.88931613 -1.13337419 -1.18608204 -1.12557767  1.29229987
  1.63552978 -0.82630262  2.11803635 -1.51745936 -0.25253018 -0.89457389
 -2.94069651  3.11369216 -1.75069313  3.040395   -1.37417707 -2.38242644
  3.73556864 -1.2102811  -0.62231439 -3.05411225 -2.49711574  2.98425308
 -1.95010612 -1.68033624 -0.39724847  2.95965905  0.1586253   0.02914099
 -1.62679698 -0.14223989 -1.59468479 -3.09109034  2.90968822  1.15631551
 -0.32173422 -2.31387841  0.99550134 -1.16037142 -0.26191198 -2.14862527
 -1.89501663  1.80822401 -0.98893441  2.56225874 -0.44424039 -3.10001135
 -2.82557587  2.01414705 -3.08024477 -0.25639048 -1.03229756 -0.18415508
  2.36592816  1.72240052 -0.25856968 -1.77868918 -3.02869794  0.1418176
 -0.83338298  1.47061932 -2.52101633  0.96955526 -0.02983869  0.22124937
  1.99719519  0.73228408  0.7731753  -1.23036847  1.60658647  2.54774692
  1.27221624  0.2988648  -0.98186866  2.59805028  0.83330996 -2.23797684
 -0.00975311  1.71203153  1.06383985 -0.65062909 -2.32829065  2.41601616
  2.02468775  1.64619267  2.26505283  1.8647723  -2.11664905 -2.8619804
  0.53994903  1.39481235 -2.42139681 -1.32137027  2.45740493  1.2707642
  0.0391273  -1.75445851 -1.55398641  1.96107137  1.47140524 -0.80048587
 -0.13967045 -0.46671596 -0.1691926   2.38118685 -0.54783764 -0.6505503
  1.06503093 -2.28468566  1.00916104  2.5722208  -0.50428375  2.1267834
 -1.95999121 -0.87043786 -2.4156249  -2.28770661 -1.41668178 -2.92377617
  1.56050042  1.81668892  1.62429095  1.01780384  1.4356499  -2.30229121
 -2.69955414  1.74302003  0.98490431 -0.41171837 -2.61631532  1.5520904
 -1.22348532 -2.50393865  0.0558194 ]
Thu Jun 13 22:51:06 2024,567,0.09311532908216408,[-2.86640603  2.09302614 -1.62777971  0.09934703  0.47047598 -3.22798714
  3.25376194  2.08420778  1.03616345 -1.00542007  0.55471686  1.31161393
  1.32387891 -1.86552777  0.76724187  2.88758487 -0.39219783 -0.4313114
 -1.9169685   0.81440937  1.61389469  2.9179517  -1.39300109 -0.40876042
 -2.17256719 -2.09171314  3.14676429  2.78719033 -0.72543429 -2.62455666
  1.5394706  -0.21627671 -2.442555    1.84603243  1.13368311 -0.62573982
  1.10895274 -2.00807077 -0.21939895  2.27244879 -0.28739495  0.50146083
  2.41714035  0.56013014  2.64589155  2.89663981  2.81588623 -2.94664641
  0.2926071  -0.38419267  1.71529348  2.99400746 -0.35918823 -2.36933285
  2.72038826 -3.18686094  0.55161468 -0.69818125 -1.73303395  3.09247649
 -1.95808535 -1.67539393 -2.5428439   2.36843447 -2.14884021  1.97584572
  1.73997279  1.47689718  2.52212072  2.89036566  1.97568563  1.4708064
 -1.7688478  -2.38765786  1.1609535   0.57347575  1.58921341 -2.80096206
 -0.09556103  2.53231141 -1.17504412  1.175684    1.22441885  0.60027436
 -0.95463528  1.12931474  0.79919882 -0.38971588  2.80967748 -2.1450906
  1.58161508 -0.66336618  0.9901644  -3.22519573 -2.2272657   0.34548278
 -1.09565381 -0.40163309  0.27200604  0.06301182 -1.77127973 -0.20363844
 -0.65282194  2.89138847 -1.13544653 -1.1840097  -1.12350533  1.29022753
  1.63345744 -0.82423028  2.11596401 -1.51538702 -0.25045784 -0.89664623
 -2.93862417  3.1157645  -1.75276547  3.03832266 -1.37210473 -2.38035409
  3.73764099 -1.21235344 -0.62024204 -3.0561846  -2.49918808  2.98218074
 -1.95217847 -1.6782639  -0.39932081  2.96173139  0.16069764  0.02706865
 -1.62886932 -0.14016754 -1.59675713 -3.09316268  2.90761588  1.15424317
 -0.31966188 -2.31180607  0.99757369 -1.15829908 -0.26398432 -2.15069761
 -1.89708898  1.81029635 -0.98686207  2.56433108 -0.44216805 -3.09793901
 -2.82764821  2.01207471 -3.07817243 -0.25846282 -1.0343699  -0.18208274
  2.36800051  1.72447286 -0.26064203 -1.78076152 -3.0266256   0.13974525
 -0.83131063  1.47269167 -2.52308867  0.96748292 -0.02776634  0.21917703
  1.99512285  0.73435642  0.77110296 -1.22829613  1.60451413  2.54981926
  1.27428858  0.29679246 -0.983941    2.59597794  0.83538231 -2.2359045
 -0.01182545  1.71410388  1.06591219 -0.65270143 -2.32621831  2.41394382
  2.02676009  1.64412033  2.26712517  1.86684464 -2.11457671 -2.86405274
  0.53787669  1.39274001 -2.41932447 -1.32344261  2.45947727  1.26869186
  0.03705496 -1.75238617 -1.55191407  1.95899903  1.4693329  -0.80255821
 -0.13759811 -0.46464362 -0.17126494  2.38325919 -0.5457653  -0.65262264
  1.06710327 -2.286758    1.0070887   2.57429315 -0.50635609  2.12471105
 -1.95791887 -0.86836552 -2.41355256 -2.28977895 -1.41875412 -2.92170383
  1.55842808  1.81876126  1.62636329  1.01987618  1.43357756 -2.30436355
 -2.6974818   1.74509237  0.98697666 -0.41379071 -2.61424298  1.55416274
 -1.22555767 -2.50186631  0.05789174]
Thu Jun 13 22:51:20 2024,568,0.09302160183968486,[-2.86762984  2.09180234 -1.62900352  0.09812322  0.47169979 -3.22676333
  3.25253813  2.08543159  1.03493965 -1.00664388  0.55594067  1.31283773
  1.32265511 -1.86675157  0.76846567  2.88880868 -0.39342164 -0.4325352
 -1.9181923   0.81563317  1.6151185   2.91672789 -1.39422489 -0.40998422
 -2.173791   -2.09293694  3.14554049  2.78841414 -0.72665809 -2.62578046
  1.5406944  -0.21750052 -2.44377881  1.84480863  1.13490692 -0.62451601
  1.10772894 -2.00929457 -0.22062275  2.2736726  -0.28617114  0.50023703
  2.41591654  0.56135394  2.64711536  2.89541601  2.81711003 -2.94787022
  0.29383091 -0.38296887  1.71406968  2.99523126 -0.36041203 -2.36810905
  2.71916445 -3.18563714  0.55039087 -0.69695744 -1.73181014  3.09370029
 -1.95686155 -1.67661773 -2.5416201   2.36965828 -2.1476164   1.97706953
  1.73874899  1.47812098  2.52089691  2.89158946  1.97446183  1.4720302
 -1.7700716  -2.38888167  1.15972969  0.57469955  1.59043722 -2.79973825
 -0.09433723  2.53108761 -1.17382032  1.1744602   1.22564265  0.60149816
 -0.95585908  1.12809094  0.79797502 -0.38849207  2.80845367 -2.1438668
  1.58283888 -0.66214237  0.98894059 -3.22641953 -2.22848951  0.34425898
 -1.09443001 -0.40040928  0.27322985  0.06178801 -1.77250353 -0.20241464
 -0.65159814  2.89261227 -1.13667033 -1.1852335  -1.12472914  1.29145133
  1.63468124 -0.82300647  2.11718781 -1.51416322 -0.24923404 -0.89787003
 -2.93984797  3.11698831 -1.75154167  3.03954647 -1.37332853 -2.37913029
  3.73641718 -1.21357724 -0.62146585 -3.0574084  -2.49796428  2.98095694
 -1.95095466 -1.6794877  -0.40054461  2.96050759  0.16192145  0.02584484
 -1.63009312 -0.14139135 -1.59798094 -3.09438648  2.90639208  1.15301936
 -0.32088568 -2.31058226  0.99634988 -1.15952289 -0.26520813 -2.15192142
 -1.89831278  1.80907254 -0.98563827  2.56310728 -0.44094425 -3.09671521
 -2.82887202  2.01329852 -3.07694863 -0.25968662 -1.0331461  -0.18085894
  2.3667767   1.72324906 -0.25941822 -1.77953771 -3.02540179  0.13852145
 -0.83008683  1.47391547 -2.52186487  0.96870673 -0.02899015  0.22040083
  1.99634665  0.73558022  0.76987916 -1.22951994  1.60573793  2.54859545
  1.27306477  0.29556866 -0.9851648   2.59720175  0.8341585  -2.2346807
 -0.01304925  1.71532768  1.06468839 -0.65392524 -2.32744211  2.41516763
  2.02553628  1.64289652  2.26590137  1.86562084 -2.11335291 -2.86282894
  0.53665288  1.39396381 -2.42054827 -1.32466642  2.46070108  1.26991566
  0.03827876 -1.75116236 -1.55069026  1.95777522  1.4681091  -0.80378201
 -0.13637431 -0.46586742 -0.17248875  2.38448299 -0.54454149 -0.65384644
  1.06587947 -2.2855342   1.0058649   2.57551695 -0.50513228  2.12593486
 -1.95914267 -0.86958933 -2.41232876 -2.29100275 -1.41753031 -2.92048002
  1.55965188  1.81753746  1.6275871   1.02109999  1.43235375 -2.30558735
 -2.69625799  1.74631617  0.98820046 -0.41501452 -2.61546678  1.55538654
 -1.22433386 -2.50309011  0.05911554]
Thu Jun 13 22:51:34 2024,569,0.0930049812176476,[-2.86811514  2.09131703 -1.62851821  0.09763792  0.47218509 -3.22627803
  3.25302344  2.08494628  1.03445434 -1.00712919  0.55642597  1.31332304
  1.32314042 -1.86626627  0.76798036  2.88929398 -0.39293633 -0.43302051
 -1.917707    0.81514787  1.6156038   2.91624259 -1.3947102  -0.41046953
 -2.1742763  -2.09245163  3.14602579  2.78792883 -0.7271434  -2.62529516
  1.54117971 -0.21798582 -2.4432935   1.84529394  1.13442161 -0.62500132
  1.10821425 -2.00880927 -0.22110806  2.2741579  -0.28665645  0.50072233
  2.41543124  0.56183925  2.64760067  2.8949307   2.81662473 -2.94738491
  0.2933456  -0.38248356  1.71358437  2.99571657 -0.35992673 -2.36762374
  2.71867915 -3.18515183  0.55087618 -0.69647214 -1.73229545  3.0941856
 -1.95734685 -1.67613243 -2.54113479  2.36917297 -2.14713109  1.97755484
  1.73923429  1.47860629  2.52041161  2.89207477  1.97397652  1.47154489
 -1.76958629 -2.38936697  1.160215    0.57518486  1.58995191 -2.79925295
 -0.09385192  2.5306023  -1.17430563  1.17397489  1.22515734  0.60198347
 -0.95634439  1.12760563  0.79748971 -0.38897738  2.80893898 -2.14338149
  1.58235358 -0.66165707  0.98845528 -3.22593423 -2.22897482  0.34474429
 -1.09491531 -0.40089459  0.27274454  0.06227332 -1.77201822 -0.20192933
 -0.65208344  2.89212696 -1.13715564 -1.1847482  -1.12521444  1.29193664
  1.63516655 -0.82252117  2.11670251 -1.51464853 -0.24874873 -0.89835534
 -2.94033328  3.11747361 -1.75105636  3.04003177 -1.37284322 -2.37864498
  3.73690249 -1.21406255 -0.62098054 -3.05789371 -2.49844959  2.98144224
 -1.95143997 -1.67997301 -0.4000593   2.96099289  0.16240676  0.02535954
 -1.62960781 -0.14090604 -1.59846625 -3.09487179  2.90590677  1.15350467
 -0.32040038 -2.31009695  0.99586457 -1.16000819 -0.26569343 -2.15240672
 -1.89782747  1.80858724 -0.98612358  2.56359259 -0.44142956 -3.0962299
 -2.82935733  2.01378382 -3.07743394 -0.26017193 -1.0336314  -0.18134424
  2.36726201  1.72276375 -0.25893291 -1.78002302 -3.02491648  0.13803614
 -0.82960152  1.47440078 -2.52235017  0.96822142 -0.02850484  0.21991553
  1.99586134  0.73606553  0.76939385 -1.23000524  1.60525263  2.54811015
  1.27355008  0.29508335 -0.98467949  2.59671644  0.83464381 -2.23419539
 -0.01256395  1.71484237  1.0651737  -0.65441055 -2.32792742  2.41468232
  2.02602159  1.64338183  2.26638667  1.86610614 -2.1128676  -2.86331425
  0.53713819  1.39444912 -2.42103358 -1.32418111  2.46118638  1.26943035
  0.03876407 -1.75164767 -1.55117557  1.95728992  1.4685944  -0.80426732
 -0.135889   -0.46538211 -0.17297405  2.3849683  -0.54405619 -0.65336113
  1.06636478 -2.28504889  1.00537959  2.57503164 -0.50464698  2.12544955
 -1.95865736 -0.87007463 -2.41281406 -2.29051745 -1.41801562 -2.91999472
  1.56013719  1.81802276  1.62710179  1.0215853   1.43283906 -2.30510204
 -2.6967433   1.74583087  0.98868577 -0.41549982 -2.61595209  1.55587185
 -1.22481917 -2.50260481  0.05863023]
Thu Jun 13 22:51:49 2024,570,0.0929572635642392,[-2.86715643  2.09035832 -1.62947692  0.09859663  0.47122639 -3.22723673
  3.25206473  2.08398757  1.03349564 -1.00617048  0.55546726  1.31236433
  1.32218171 -1.86530756  0.76702166  2.88833527 -0.39389504 -0.4320618
 -1.9186657   0.81418916  1.6146451   2.9172013  -1.39375149 -0.41142824
 -2.17523501 -2.09149293  3.14506709  2.78888754 -0.72618469 -2.62625387
  1.54213842 -0.21702711 -2.44233479  1.84625264  1.13538032 -0.62404261
  1.10725554 -2.00976797 -0.22206677  2.2731992  -0.28761516  0.49976362
  2.41638994  0.56088054  2.64855937  2.89397199  2.81758344 -2.9464262
  0.29430431 -0.38344227  1.71262566  2.99475786 -0.36088544 -2.36666503
  2.71963786 -3.18419312  0.55183489 -0.69551343 -1.73133674  3.09514431
 -1.95638814 -1.67709114 -2.5420935   2.36821426 -2.1480898   1.97851354
  1.740193    1.479565    2.52137032  2.89111606  1.97493523  1.4725036
 -1.76862758 -2.38840827  1.16117371  0.57614357  1.5889932  -2.79829424
 -0.09481063  2.53156101 -1.17526434  1.17301618  1.22611605  0.60294218
 -0.9573031   1.12664692  0.796531   -0.38801867  2.80798027 -2.1443402
  1.58139487 -0.66261578  0.98749658 -3.22497552 -2.22993352  0.345703
 -1.09395661 -0.39993588  0.27370325  0.06131461 -1.77297693 -0.20288804
 -0.65304215  2.89308567 -1.13619693 -1.18378949 -1.12617315  1.29097793
  1.63612526 -0.82156246  2.11766121 -1.51368982 -0.24779002 -0.89739663
 -2.94129199  3.11651491 -1.75009765  3.03907306 -1.37188451 -2.37960369
  3.7378612  -1.21502126 -0.62002183 -3.05885242 -2.49940829  2.98240095
 -1.95048126 -1.6790143  -0.39910059  2.9619516   0.16336546  0.02440083
 -1.62864911 -0.13994733 -1.59750754 -3.09391308  2.90686548  1.15254596
 -0.32135909 -2.31105566  0.99682328 -1.1609669  -0.26473472 -2.15144801
 -1.89686876  1.80762853 -0.98516487  2.56263388 -0.44238827 -3.09527119
 -2.83031603  2.01474253 -3.07647523 -0.25921322 -1.03267269 -0.18230295
  2.3663033   1.72180504 -0.25989162 -1.78098173 -3.02395778  0.13707743
 -0.83056023  1.47535949 -2.52139147  0.96726271 -0.02754613  0.22087424
  1.99682005  0.73702424  0.76843514 -1.23096395  1.60621134  2.54906885
  1.27450879  0.29412464 -0.9856382   2.59767515  0.8336851  -2.23323668
 -0.01352265  1.71580108  1.06421499 -0.65345184 -2.32888613  2.41372361
  2.0269803   1.64242312  2.26542796  1.86706485 -2.11190889 -2.86427296
  0.5380969   1.39540783 -2.42007487 -1.32513982  2.46214509  1.26847165
  0.03972278 -1.75260638 -1.55021686  1.95824862  1.46955311 -0.80522603
 -0.13684771 -0.46634082 -0.17201535  2.38592701 -0.54309748 -0.65431984
  1.06732348 -2.2860076   1.00442088  2.57407293 -0.50368827  2.12449084
 -1.95961607 -0.87103334 -2.41377277 -2.28955874 -1.41705691 -2.92095343
  1.5610959   1.81898147  1.6280605   1.022544    1.43188035 -2.30414333
 -2.69578459  1.74678957  0.98964447 -0.41454111 -2.6169108   1.55683056
 -1.22577788 -2.50356352  0.05958894]
Thu Jun 13 22:52:15 2024,571,0.09266416231557122,[-2.8691012   2.08841355 -1.63142168  0.09665186  0.46928162 -3.2291815
  3.25011996  2.08593234  1.0354404  -1.00422571  0.55741203  1.31041956
  1.32412647 -1.86336279  0.76507689  2.88639051 -0.39195027 -0.43400657
 -1.91672094  0.81613393  1.61270033  2.91914606 -1.39569625 -0.40948347
 -2.17717978 -2.09343769  3.14701185  2.79083231 -0.72812946 -2.62819863
  1.54408319 -0.21508235 -2.44427956  1.84430788  1.13732508 -0.62598738
  1.1092003  -2.01171274 -0.22401153  2.27514396 -0.28955993  0.49781886
  2.41833471  0.56282531  2.64661461  2.89591676  2.81563867 -2.94448143
  0.29624908 -0.3814975   1.71457043  2.99670263 -0.35894067 -2.36472026
  2.71769309 -3.18613789  0.54989012 -0.6974582  -1.72939198  3.09319954
 -1.95444338 -1.67514637 -2.54014873  2.36626949 -2.14614504  1.97656878
  1.73824823  1.48150977  2.52331508  2.89306082  1.97687999  1.47444837
 -1.77057235 -2.3864635   1.15922894  0.57808834  1.59093797 -2.80023901
 -0.09675539  2.53350578 -1.17331957  1.17107142  1.22806082  0.60488694
 -0.95924787  1.12859169  0.79847577 -0.3860739   2.80992504 -2.14239543
  1.58333963 -0.66456054  0.98944134 -3.22303075 -2.22798876  0.34764776
 -1.09201184 -0.40188065  0.27175848  0.05936985 -1.7749217  -0.2048328
 -0.65109738  2.89503044 -1.13425217 -1.18184472 -1.12811792  1.28903316
  1.63418049 -0.81961769  2.11960598 -1.51563459 -0.24973479 -0.89545186
 -2.94323675  3.11845967 -1.75204242  3.0371283  -1.36993975 -2.37765892
  3.73980597 -1.21696603 -0.61807706 -3.06079718 -2.50135306  2.98434572
 -1.94853649 -1.67706953 -0.39715583  2.96389637  0.1614207   0.02245606
 -1.62670434 -0.13800256 -1.59556277 -3.09196831  2.90492071  1.15449073
 -0.31941432 -2.31300043  0.99487852 -1.16291167 -0.26667949 -2.15339278
 -1.89881353  1.80568376 -0.9832201   2.56068911 -0.4404435  -3.09332643
 -2.82837127  2.0166873  -3.07842    -0.26115799 -1.03072793 -0.18035818
  2.36824807  1.71986027 -0.26183639 -1.7829265  -3.02590254  0.13513267
 -0.82861547  1.47341472 -2.5194467   0.96531794 -0.0294909   0.21892947
  1.99876482  0.73507947  0.77037991 -1.22901919  1.60426657  2.54712409
  1.27256402  0.29606941 -0.98369343  2.59573038  0.83562987 -2.23518145
 -0.01157789  1.71774585  1.06227022 -0.6553966  -2.32694136  2.41566838
  2.02503553  1.64436789  2.2634832   1.86900962 -2.11385366 -2.86621772
  0.53615213  1.39735259 -2.42201964 -1.32708459  2.46020033  1.26652688
  0.03777801 -1.75066161 -1.5482721   1.95630386  1.47149788 -0.80328126
 -0.13879248 -0.46439605 -0.17396011  2.38787178 -0.54115271 -0.65626461
  1.06537872 -2.28406283  1.00636565  2.57212817 -0.50563304  2.12254607
 -1.96156084 -0.86908857 -2.41571754 -2.2915035  -1.41511214 -2.91900866
  1.56304067  1.82092624  1.62611573  1.02059924  1.42993558 -2.3060881
 -2.69383982  1.74873434  0.99158924 -0.41648588 -2.61496603  1.55488579
 -1.22383311 -2.50550828  0.05764417]
Thu Jun 13 22:52:29 2024,572,0.09266119488967672,[-2.86902923  2.08848553 -1.63149366  0.09672383  0.46935359 -3.22925348
  3.25019194  2.08600431  1.03551238 -1.00415374  0.55748401  1.31034759
  1.3240545  -1.86343476  0.76514886  2.88646248 -0.3918783  -0.43393459
 -1.91679291  0.8162059   1.6127723   2.91921804 -1.39562428 -0.4094115
 -2.17725175 -2.09350967  3.14693988  2.79076033 -0.72805748 -2.62827061
  1.54415516 -0.21515432 -2.44420758  1.84437985  1.13725311 -0.62605935
  1.10912833 -2.01178472 -0.22393956  2.27521594 -0.2896319   0.49789083
  2.41840669  0.56275333  2.64654263  2.89598874  2.81571064 -2.94440946
  0.2961771  -0.38156948  1.7146424   2.99663065 -0.35901264 -2.36464829
  2.71776506 -3.18620986  0.54981815 -0.69738622 -1.72946395  3.09312757
 -1.9543714  -1.67521834 -2.54007676  2.36619752 -2.14607306  1.9764968
  1.73817626  1.48143779  2.52324311  2.89298885  1.97695197  1.4743764
 -1.77050038 -2.38639152  1.15915697  0.57816031  1.59086599 -2.80031098
 -0.09682737  2.53343381 -1.17339154  1.17099944  1.22813279  0.60495892
 -0.95931984  1.12851972  0.7984038  -0.38600193  2.80999701 -2.14246741
  1.58326766 -0.66448857  0.98951332 -3.22310273 -2.22791678  0.34757579
 -1.09193986 -0.40180867  0.27168651  0.05944182 -1.77484972 -0.20490478
 -0.65102541  2.89510241 -1.13418019 -1.18191669 -1.12818989  1.28896119
  1.63410851 -0.81968966  2.11953401 -1.51570656 -0.24980676 -0.89552384
 -2.94316478  3.11853165 -1.75197045  3.03720027 -1.36986777 -2.37758695
  3.73987794 -1.217038   -0.61800509 -3.06086916 -2.50128109  2.98427375
 -1.94860847 -1.67699756 -0.39708385  2.96396834  0.16149267  0.02238409
 -1.62663236 -0.13807454 -1.59563474 -3.09189634  2.90484874  1.1545627
 -0.31934234 -2.3130724   0.99480654 -1.16298364 -0.26675147 -2.15346476
 -1.89874156  1.80561179 -0.98314813  2.56061714 -0.44037152 -3.0933984
 -2.82829929  2.01675927 -3.07834802 -0.26122996 -1.0307999  -0.18028621
  2.36817609  1.71993225 -0.26190836 -1.78299847 -3.02597452  0.13506069
 -0.82868744  1.47334274 -2.51937472  0.96538992 -0.02956287  0.21885749
  1.99883679  0.73515144  0.77045188 -1.22894721  1.60433854  2.54719606
  1.27249205  0.29614139 -0.98376541  2.59565841  0.83555789 -2.23510947
 -0.01164986  1.71781782  1.06234219 -0.65546858 -2.32701334  2.4155964
  2.02510751  1.64429591  2.26341122  1.86893765 -2.11378168 -2.8662897
  0.53608016  1.39742457 -2.42194766 -1.32715656  2.46012835  1.2664549
  0.03784998 -1.75073359 -1.54834407  1.95623188  1.47156985 -0.80320929
 -0.13886445 -0.46432408 -0.17403209  2.3877998  -0.54108074 -0.65633658
  1.06545069 -2.2841348   1.00643762  2.57205619 -0.50570501  2.1224741
 -1.96163281 -0.8690166  -2.41564556 -2.29157548 -1.41504017 -2.91893668
  1.56296869  1.82099822  1.62604376  1.02067121  1.43000756 -2.30616008
 -2.69376785  1.74880632  0.99151727 -0.41641391 -2.615038    1.55495777
 -1.22390508 -2.50543631  0.05771615]
Thu Jun 13 22:52:43 2024,573,0.09263204001507722,[-2.87012342  2.08739133 -1.63039947  0.09781803  0.47044778 -3.22815928
  3.25128613  2.0870985   1.03660657 -1.00305954  0.55638981  1.3092534
  1.32296031 -1.86452896  0.76405467  2.88536829 -0.39297249 -0.43502879
 -1.91569872  0.81730009  1.61386649  2.92031223 -1.39453009 -0.41050569
 -2.17834594 -2.09241548  3.14803407  2.78966614 -0.72696329 -2.6293648
  1.54524935 -0.21624851 -2.44311339  1.84547404  1.13615892 -0.62496516
  1.11022252 -2.01069052 -0.22503375  2.27631013 -0.29072609  0.49679664
  2.41731249  0.56165914  2.64763683  2.89489454  2.81680484 -2.94550365
  0.29727129 -0.38266367  1.71354821  2.99772485 -0.35791845 -2.36574248
  2.71667087 -3.18730406  0.54872395 -0.69848041 -1.72836976  3.09422176
 -1.95327721 -1.67631253 -2.53898257  2.36510333 -2.14716725  1.97540261
  1.73927045  1.4803436   2.5243373   2.89189466  1.97804616  1.4732822
 -1.77159457 -2.38748572  1.15806278  0.57706612  1.5897718  -2.79921679
 -0.09573318  2.534528   -1.17229735  1.16990525  1.22922699  0.60386473
 -0.96041403  1.12961391  0.79949799 -0.38490774  2.81109121 -2.1435616
  1.58217347 -0.66339438  0.98841913 -3.22419692 -2.22682259  0.3464816
 -1.09084567 -0.40290287  0.2727807   0.06053601 -1.77594392 -0.20599897
 -0.6521196   2.89400822 -1.133086   -1.1808225  -1.1270957   1.287867
  1.63301432 -0.82078386  2.11843982 -1.51461237 -0.25090095 -0.89661803
 -2.94207059  3.11962584 -1.75306464  3.03829446 -1.37096196 -2.37649276
  3.73878375 -1.21813219 -0.61909928 -3.05977497 -2.5001869   2.98317955
 -1.94751427 -1.67809175 -0.39598966  2.96287415  0.16258686  0.02128989
 -1.62553817 -0.13698035 -1.59454055 -3.09299053  2.90375454  1.15346851
 -0.32043654 -2.3141666   0.99371235 -1.16407784 -0.26565727 -2.15455895
 -1.89764736  1.80670598 -0.98424232  2.55952294 -0.43927733 -3.09230421
 -2.8272051   2.01785347 -3.07944221 -0.26013577 -1.02970571 -0.1813804
  2.3670819   1.71883806 -0.26300256 -1.78190428 -3.02706871  0.13615489
 -0.82978163  1.47443694 -2.51828053  0.96429572 -0.03065707  0.21995169
  1.99993099  0.73405725  0.76935769 -1.22785302  1.60324435  2.54829025
  1.27139786  0.29723558 -0.9848596   2.5967526   0.83665209 -2.23401528
 -0.01055567  1.71672363  1.06343639 -0.65656277 -2.32810753  2.41450221
  2.0262017   1.64539011  2.26231703  1.87003184 -2.11487588 -2.8651955
  0.53717435  1.39633038 -2.42085347 -1.32606237  2.46122254  1.26536071
  0.03675579 -1.74963939 -1.54724988  1.95732607  1.47047566 -0.80430348
 -0.13777026 -0.46322989 -0.17512628  2.38670561 -0.54217493 -0.65524239
  1.06654488 -2.285229    1.00753182  2.57315038 -0.50461082  2.12356829
 -1.96272701 -0.87011079 -2.41673976 -2.29266967 -1.41394598 -2.92003088
  1.5618745   1.82209241  1.62713795  1.01957702  1.42891336 -2.30725427
 -2.69486204  1.74990051  0.99042308 -0.4175081  -2.61394381  1.55386357
 -1.22499928 -2.50434212  0.05881034]
Thu Jun 13 22:52:57 2024,574,0.09260997062736698,[-2.87088895  2.08815687 -1.62963393  0.09705249  0.47121332 -3.22892482
  3.25205166  2.08633297  1.03584104 -1.00229401  0.55715535  1.30848786
  1.32219477 -1.86376342  0.7648202   2.88460275 -0.39220695 -0.43426325
 -1.91646425  0.81653456  1.61463203  2.9195467  -1.39529562 -0.41127122
 -2.17911148 -2.09318101  3.1487996   2.78890061 -0.72772882 -2.62859927
  1.54448382 -0.21701405 -2.44387892  1.84470851  1.13539338 -0.62419963
  1.10945699 -2.01145606 -0.22579929  2.27707566 -0.29149163  0.49756217
  2.41654696  0.56089361  2.64687129  2.89566008  2.8160393  -2.94626918
  0.29650576 -0.3834292   1.71431375  2.99695931 -0.35868398 -2.36497695
  2.71590534 -3.18653852  0.54948949 -0.69924595 -1.72760422  3.09345623
 -1.95404274 -1.675547   -2.5397481   2.3643378  -2.14640172  1.97463708
  1.74003599  1.48110913  2.52357177  2.89266019  1.97881169  1.47251667
 -1.7723601  -2.38825125  1.15882831  0.57630058  1.59053733 -2.79845125
 -0.09649871  2.53529353 -1.17153182  1.16913972  1.22846145  0.60463026
 -0.96117957  1.13037944  0.80026352 -0.38567327  2.81185674 -2.14432713
  1.58140793 -0.66262884  0.98918466 -3.22343138 -2.22758812  0.34571606
 -1.09008014 -0.4036684   0.27201516  0.06130155 -1.77517838 -0.2067645
 -0.65288514  2.89324269 -1.13385153 -1.18005697 -1.12633017  1.28710146
  1.63377986 -0.82001832  2.11920535 -1.51384683 -0.25013542 -0.89585249
 -2.94130505  3.12039137 -1.75229911  3.03906    -1.37019643 -2.37725829
  3.73801821 -1.21736666 -0.61833375 -3.05900943 -2.50095243  2.98394509
 -1.94674874 -1.67732622 -0.39522413  2.96363969  0.16182133  0.02052436
 -1.62630371 -0.13774588 -1.59377502 -3.092225    2.90298901  1.15270298
 -0.32120207 -2.31340106  0.99447788 -1.1633123  -0.26642281 -2.15532448
 -1.89688183  1.80594044 -0.98347678  2.56028848 -0.44004287 -3.09153867
 -2.82643957  2.018619   -3.07867668 -0.26090131 -1.02894017 -0.18214594
  2.36631637  1.71960359 -0.26223702 -1.78113875 -3.02630318  0.13538935
 -0.8290161   1.4736714  -2.517515    0.96353019 -0.02989153  0.21918615
  2.00069652  0.73329172  0.77012323 -1.22861855  1.60247882  2.54905579
  1.27216339  0.29647004 -0.98562513  2.59598707  0.83741762 -2.23478082
 -0.00979014  1.7159581   1.06420192 -0.6573283  -2.327342    2.41526774
  2.02696723  1.64615564  2.2615515   1.86926631 -2.11564141 -2.86442997
  0.53793988  1.39709591 -2.421619   -1.3268279   2.46198808  1.26459518
  0.03599026 -1.75040493 -1.54801541  1.95656054  1.47124119 -0.80506902
 -0.13853579 -0.46399542 -0.17436075  2.38594008 -0.5414094  -0.65447686
  1.06731042 -2.28599453  1.00676628  2.57391592 -0.50537635  2.12433383
 -1.96349254 -0.87087633 -2.41597422 -2.2934352  -1.41318044 -2.91926534
  1.56264003  1.82285794  1.62790348  1.02034255  1.4296789  -2.3080198
 -2.69562757  1.74913498  0.98965754 -0.41827363 -2.61317828  1.55309804
 -1.22576481 -2.50510765  0.05804481]
Thu Jun 13 22:53:11 2024,575,0.0925412682187922,[-2.87400517  2.08504065 -1.63275015  0.09393627  0.4680971  -3.2258086
  3.25516788  2.08944919  1.03895725 -1.00541023  0.55403913  1.31160408
  1.31907856 -1.86687964  0.76170399  2.88148654 -0.38909074 -0.43737947
 -1.91958047  0.81965078  1.61774825  2.92266291 -1.39841184 -0.40815501
 -2.17599526 -2.09006479  3.14568339  2.78578439 -0.73084504 -2.63171548
  1.5413676  -0.21389783 -2.44076271  1.84782473  1.13227717 -0.62731585
  1.10634077 -2.00833984 -0.2289155   2.27395945 -0.29460784  0.49444595
  2.41343074  0.56400982  2.64998751  2.8987763   2.81292308 -2.94315297
  0.29338954 -0.38031298  1.71742996  3.00007553 -0.3618002  -2.36186073
  2.71902155 -3.18342231  0.5526057  -0.70236216 -1.73072044  3.09657244
 -1.95715896 -1.67866322 -2.54286432  2.36122158 -2.1432855   1.97775329
  1.73691977  1.47799292  2.52668798  2.88954397  1.97569548  1.47563289
 -1.76924389 -2.39136747  1.16194453  0.5794168   1.58742112 -2.80156747
 -0.09961493  2.53217731 -1.1684156   1.17225593  1.23157767  0.60151404
 -0.96429578  1.12726322  0.7971473  -0.38878949  2.81497296 -2.14121091
  1.58452415 -0.66574506  0.99230088 -3.22031517 -2.22447191  0.34883228
 -1.09319636 -0.40678462  0.27513138  0.05818533 -1.77206217 -0.20364829
 -0.65600135  2.89635891 -1.13696775 -1.18317319 -1.12321395  1.29021768
  1.63066364 -0.81690211  2.12232157 -1.51696305 -0.25325164 -0.89273628
 -2.93818884  3.11727516 -1.75541532  3.04217621 -1.37331265 -2.37414207
  3.734902   -1.21425044 -0.61521753 -3.05589321 -2.50406865  2.9870613
 -1.94363252 -1.68044243 -0.39210791  2.9667559   0.15870511  0.01740814
 -1.62318749 -0.1408621  -1.59689124 -3.09534122  2.90610523  1.14958676
 -0.31808585 -2.31651728  0.9975941  -1.16019609 -0.26330659 -2.15220826
 -1.89376561  1.80282423 -0.986593    2.55717226 -0.44315908 -3.08842246
 -2.82955578  2.02173522 -3.0817929  -0.26401752 -1.03205639 -0.17902972
  2.36320015  1.71648737 -0.26535324 -1.78425496 -3.02318696  0.13227313
 -0.82589988  1.47678762 -2.51439878  0.96664641 -0.03300775  0.22230237
  2.00381274  0.73640794  0.77323944 -1.22550233  1.5993626   2.552172
  1.27527961  0.29335383 -0.98250892  2.59287085  0.8343014  -2.2316646
 -0.01290635  1.71284188  1.06731814 -0.65421209 -2.32422578  2.41215153
  2.03008345  1.64303942  2.25843528  1.86615009 -2.11875763 -2.86754619
  0.5410561   1.40021213 -2.41850279 -1.32371168  2.45887186  1.2677114
  0.03287404 -1.74728871 -1.55113163  1.95967676  1.46812498 -0.80818523
 -0.14165201 -0.4608792  -0.17124453  2.38905629 -0.54452561 -0.65759308
  1.0641942  -2.28911075  1.0098825   2.5707997  -0.50849257  2.12121761
 -1.96037632 -0.87399254 -2.41909044 -2.29031899 -1.41629666 -2.92238156
  1.55952382  1.82597416  1.6310197   1.01722633  1.42656268 -2.31113602
 -2.69874379  1.74601876  0.99277376 -0.42138985 -2.6162945   1.55621426
 -1.22264859 -2.50199143  0.06116102]
Thu Jun 13 22:53:30 2024,576,0.0925456158003676,[-2.87355056  2.08458604 -1.63229554  0.09348166  0.46764249 -3.22626321
  3.2556225   2.0899038   1.03850264 -1.00495561  0.55449374  1.31114947
  1.31953317 -1.86733425  0.76124937  2.88103192 -0.38954535 -0.43692486
 -1.91912586  0.82010539  1.61729363  2.9222083  -1.39886645 -0.40860962
 -2.17554065 -2.09051941  3.146138    2.786239   -0.73129966 -2.6321701
  1.54182222 -0.21435244 -2.44121732  1.84737011  1.13182255 -0.62777046
  1.10588616 -2.00879445 -0.22937012  2.27350483 -0.29415323  0.49399134
  2.41388536  0.56446444  2.6495329   2.89832168  2.8133777  -2.94269835
  0.29293493 -0.3807676   1.71697535  3.00053014 -0.36134559 -2.36231534
  2.71856694 -3.18387692  0.55215109 -0.70190755 -1.73026583  3.09611783
 -1.95670435 -1.6782086  -2.5424097   2.36076696 -2.14374012  1.97729868
  1.73737438  1.4775383   2.5271426   2.88908936  1.97524086  1.4760875
 -1.76878927 -2.39182208  1.16239914  0.57896219  1.58787573 -2.80202209
 -0.10006954  2.5317227  -1.16796099  1.17180132  1.23112306  0.60105943
 -0.96384117  1.12680861  0.79760192 -0.38833487  2.81542757 -2.1407563
  1.58497877 -0.66529045  0.99184626 -3.21986055 -2.22492652  0.3492869
 -1.09274174 -0.40723923  0.275586    0.05863994 -1.77251678 -0.20319367
 -0.65645597  2.89681352 -1.13651314 -1.1836278  -1.12366857  1.28976307
  1.63111825 -0.81644749  2.12186695 -1.51650844 -0.25370625 -0.89228166
 -2.93773422  3.11682054 -1.75496071  3.04263083 -1.37285803 -2.37368746
  3.73444738 -1.21379583 -0.61567215 -3.0554386  -2.50361403  2.98751592
 -1.94408714 -1.68089705 -0.39256252  2.96630129  0.1582505   0.01695353
 -1.62273287 -0.14131671 -1.59643662 -3.09579583  2.90655984  1.14913215
 -0.31854047 -2.31606267  0.99713949 -1.1606507  -0.2637612  -2.15175365
 -1.89422023  1.80327884 -0.98613839  2.55671765 -0.44270447 -3.08796784
 -2.8300104   2.0212806  -3.08133828 -0.26356291 -1.03251101 -0.1785751
  2.36365476  1.71603276 -0.26489863 -1.78470958 -3.02273234  0.13272775
 -0.82635449  1.47633301 -2.51485339  0.96619179 -0.03346236  0.22184776
  2.00335812  0.73686255  0.77369406 -1.22595695  1.59981721  2.55262662
  1.27482499  0.29380844 -0.9820543   2.59241623  0.83384679 -2.23211921
 -0.01336097  1.71329649  1.06777275 -0.6546667  -2.32468039  2.41169691
  2.02962884  1.64258481  2.25888989  1.86569547 -2.11830301 -2.8680008
  0.54151071  1.40066674 -2.4189574  -1.32325707  2.45841725  1.26725678
  0.03241942 -1.74774332 -1.55067701  1.96013137  1.46767036 -0.80863985
 -0.14210662 -0.46133382 -0.17169914  2.38951091 -0.544071   -0.65713846
  1.06464881 -2.28865613  1.00942789  2.57125431 -0.50894718  2.12167222
 -1.95992171 -0.87353793 -2.41954506 -2.28986437 -1.41584205 -2.92192695
  1.55997843  1.82642877  1.63056508  1.01677172  1.42701729 -2.31068141
 -2.69828918  1.74647337  0.99231915 -0.42093524 -2.61674911  1.55666887
 -1.22310321 -2.50244605  0.06161564]
Thu Jun 13 22:54:14 2024,577,0.09251469281248967,[-2.87300761  2.08512898 -1.63283848  0.09293871  0.46709954 -3.22680616
  3.25616544  2.09044675  1.03795969 -1.00549856  0.55503669  1.31060652
  1.31899022 -1.86679131  0.76179232  2.88048897 -0.3890024  -0.43638191
 -1.9196688   0.82064834  1.61675068  2.92275125 -1.39832351 -0.40806667
 -2.1749977  -2.08997646  3.14559505  2.78678195 -0.7318426  -2.63271305
  1.54236516 -0.21380949 -2.44067437  1.84791306  1.1323655  -0.62722751
  1.10534321 -2.0093374  -0.22882717  2.27404778 -0.29361028  0.49344839
  2.41334241  0.56392149  2.64898995  2.89886463  2.81283475 -2.9432413
  0.29239198 -0.38131055  1.7164324   2.99998719 -0.36080264 -2.36285829
  2.71910989 -3.18333397  0.55160814 -0.7024505  -1.72972288  3.09666078
 -1.9572473  -1.67875155 -2.54295265  2.36130991 -2.14428307  1.97675573
  1.73683143  1.47699535  2.52768555  2.88854641  1.97578381  1.47663045
 -1.76933222 -2.39236503  1.16185619  0.57841924  1.58733278 -2.80147914
 -0.09952659  2.53117975 -1.16850393  1.17125837  1.231666    0.60051648
 -0.96438412  1.12735156  0.79705897 -0.38887782  2.81488462 -2.14021335
  1.58552171 -0.66583339  0.99130331 -3.2204035  -2.22546947  0.34982984
 -1.09328469 -0.40778218  0.27504305  0.05918289 -1.77305973 -0.20373662
 -0.65699892  2.89735647 -1.13597019 -1.18417075 -1.12312562  1.29030602
  1.6305753  -0.81590454  2.1224099  -1.51596549 -0.2531633  -0.89173872
 -2.93827717  3.11627759 -1.75550366  3.04208788 -1.37231509 -2.37314451
  3.73499033 -1.21433878 -0.6151292  -3.05598155 -2.50307108  2.98805887
 -1.94354419 -1.68144    -0.39201958  2.96684424  0.15879345  0.01641058
 -1.62327582 -0.14077376 -1.59697957 -3.09633878  2.90710279  1.1485892
 -0.31908341 -2.31551972  0.99659654 -1.16119365 -0.26321825 -2.1522966
 -1.89367728  1.80382179 -0.98559544  2.5561747  -0.44216152 -3.08851079
 -2.83055335  2.02073766 -3.08188123 -0.26410586 -1.03196806 -0.17911805
  2.36419771  1.71548981 -0.26435568 -1.78525253 -3.0221894   0.1321848
 -0.82581155  1.47687595 -2.51431045  0.96673474 -0.03291942  0.22239071
  2.00390107  0.7363196   0.77315111 -1.225414    1.59927427  2.55208367
  1.27536794  0.29435139 -0.98151135  2.59295918  0.83438974 -2.23266216
 -0.01281802  1.71275354  1.0683157  -0.65412375 -2.32413744  2.41115396
  2.03017178  1.64204186  2.25834695  1.86515253 -2.11776007 -2.86745785
  0.54205366  1.40012379 -2.41950035 -1.32271412  2.45896019  1.26779973
  0.03187648 -1.74720038 -1.55121996  1.95958842  1.46821331 -0.8080969
 -0.14264957 -0.46079087 -0.17115619  2.39005386 -0.54461395 -0.65659551
  1.06410587 -2.28919908  1.00888494  2.57179726 -0.50840423  2.12221517
 -1.95937876 -0.87408088 -2.420088   -2.29040732 -1.416385   -2.921384
  1.56052138  1.82697172  1.63110803  1.01731467  1.42647435 -2.31013846
 -2.69774623  1.74701632  0.99286209 -0.42147818 -2.61729206  1.55721182
 -1.22364615 -2.502989    0.06107269]
Thu Jun 13 22:54:28 2024,578,0.09251169184674736,[-2.87326057  2.08487603 -1.63309144  0.09268575  0.4673525  -3.22705912
  3.25591249  2.09019379  1.03821265 -1.0052456   0.55528965  1.31035356
  1.31873726 -1.86653835  0.76153936  2.88074193 -0.38874945 -0.43612895
 -1.91941585  0.82039538  1.61700364  2.92300421 -1.39857646 -0.40831963
 -2.17525066 -2.0897235   3.1453421   2.78703491 -0.73209556 -2.632966
  1.54211221 -0.21355654 -2.44092733  1.84816602  1.13261846 -0.62748047
  1.10559617 -2.00959036 -0.22908013  2.27379482 -0.29335732  0.49370135
  2.41308945  0.56366853  2.64873699  2.89861167  2.81258179 -2.94298834
  0.29213902 -0.3815635   1.71668536  2.99973424 -0.36054968 -2.36260533
  2.71885693 -3.18308101  0.5518611  -0.70270346 -1.72997584  3.09640782
 -1.95750025 -1.67900451 -2.54269969  2.36156287 -2.14403011  1.97650277
  1.73708439  1.4767424   2.5279385   2.88879937  1.97603677  1.47637749
 -1.76907926 -2.39211207  1.16210915  0.57816628  1.58758574 -2.8017321
 -0.09977955  2.53092679 -1.16875689  1.17151133  1.23191896  0.60076944
 -0.96463708  1.12760452  0.79680601 -0.38913078  2.81513758 -2.13996039
  1.58526876 -0.66608635  0.99105036 -3.22015054 -2.22521651  0.3500828
 -1.09353765 -0.40752922  0.27529601  0.05892993 -1.77331269 -0.20348366
 -0.65674596  2.89760943 -1.13622315 -1.18391779 -1.12337857  1.29005306
  1.63032235 -0.81565159  2.12266286 -1.51621845 -0.25341626 -0.89148576
 -2.93802421  3.11602464 -1.7552507   3.04183492 -1.37256804 -2.37289155
  3.73473737 -1.21408582 -0.61487624 -3.05623451 -2.50281813  2.98780591
 -1.94329123 -1.68118704 -0.39227253  2.96659128  0.15854049  0.01666354
 -1.62302286 -0.14102672 -1.59723253 -3.09608582  2.90735575  1.14833624
 -0.31933637 -2.31577268  0.9968495  -1.16094069 -0.2629653  -2.15204364
 -1.89393024  1.80356883 -0.98534248  2.55642765 -0.44241448 -3.08825783
 -2.8308063   2.0204847  -3.08213419 -0.26435881 -1.03222102 -0.17886509
  2.36394476  1.71574277 -0.26460864 -1.78499957 -3.02244235  0.13193184
 -0.8260645   1.476623   -2.51405749  0.9669877  -0.03317237  0.22264366
  2.00364811  0.73606664  0.77340407 -1.22566696  1.59952722  2.55183071
  1.27511498  0.29460435 -0.98176431  2.59270622  0.83464269 -2.2324092
 -0.01307098  1.71250059  1.06806274 -0.65437671 -2.3243904   2.41090101
  2.02991883  1.64229482  2.25809399  1.86489957 -2.11750711 -2.8672049
  0.54180071  1.40037675 -2.41975331 -1.32246116  2.45870724  1.26754677
  0.03162352 -1.74745333 -1.55147292  1.95984138  1.46846627 -0.80784394
 -0.14290253 -0.46104383 -0.17140915  2.39030681 -0.54436099 -0.65634256
  1.06435882 -2.28945204  1.0091379   2.57154431 -0.50865719  2.12246813
 -1.9591258  -0.87433384 -2.42034096 -2.29066028 -1.41663795 -2.92163696
  1.56026842  1.82722468  1.63085508  1.01756763  1.4267273  -2.31039141
 -2.69799919  1.74726928  0.99260914 -0.42173114 -2.6170391   1.55695886
 -1.22389911 -2.50324195  0.06132565]
Thu Jun 13 22:54:45 2024,579,0.0925135712044631,[-2.87348001  2.08509547 -1.63287199  0.0929052   0.46713305 -3.22683967
  3.25569304  2.08997435  1.0384321  -1.00546505  0.5555091   1.31057301
  1.31851782 -1.8663189   0.76175881  2.88096138 -0.38896889 -0.4363484
 -1.91963529  0.82017593  1.61678419  2.92278476 -1.39879591 -0.40810018
 -2.1754701  -2.08950405  3.14556154  2.78681546 -0.73231501 -2.63318545
  1.54189276 -0.21377598 -2.44070788  1.84794657  1.13239901 -0.62769992
  1.10581561 -2.00980981 -0.22886068  2.27357537 -0.29357677  0.4934819
  2.4133089   0.56388798  2.64851754  2.89883112  2.81280124 -2.94320779
  0.29235847 -0.38134406  1.71646591  2.99951479 -0.36076913 -2.36238589
  2.71863748 -3.18330046  0.55208055 -0.70248401 -1.72975639  3.09618837
 -1.9572808  -1.67922396 -2.54248025  2.36134342 -2.14381066  1.97628333
  1.73730384  1.47652295  2.52815795  2.88901882  1.97581732  1.47659694
 -1.76929871 -2.39233152  1.1618897   0.57794683  1.58780519 -2.80151265
 -0.0995601   2.53114624 -1.16897634  1.17173078  1.23169951  0.60054999
 -0.96485652  1.12738507  0.79658656 -0.38891133  2.81535703 -2.13974095
  1.5854882  -0.6663058   0.99083091 -3.22036999 -2.22543596  0.35030225
 -1.0933182  -0.40730977  0.27551545  0.05871048 -1.77353213 -0.20326422
 -0.65652651  2.89738998 -1.13644259 -1.18413724 -1.12315913  1.28983361
  1.63054179 -0.81587103  2.12288231 -1.515999   -0.25363571 -0.89126631
 -2.93780476  3.11624408 -1.75547015  3.04161547 -1.3723486  -2.373111
  3.73451792 -1.21430527 -0.61509569 -3.05645395 -2.50259868  2.98758646
 -1.94351068 -1.68140649 -0.39205309  2.96637183  0.15875994  0.01644409
 -1.62280342 -0.14124617 -1.59745198 -3.09630527  2.9071363   1.14855569
 -0.31911692 -2.31555323  0.99663005 -1.16072124 -0.26318475 -2.15226309
 -1.89414968  1.80378828 -0.98556193  2.5566471  -0.44219503 -3.08847728
 -2.83058686  2.02026525 -3.08235364 -0.26413937 -1.03200157 -0.17864565
  2.3641642   1.71552332 -0.26438919 -1.78478012 -3.02222291  0.13215129
 -0.82628395  1.47684244 -2.51427694  0.96720715 -0.03339182  0.22242422
  2.00386756  0.73628609  0.77362351 -1.22544751  1.59930778  2.55161126
  1.27533443  0.2943849  -0.98154486  2.59292567  0.83486214 -2.23262865
 -0.01329042  1.71228114  1.06828219 -0.65415726 -2.32460985  2.41068156
  2.02969938  1.64251427  2.25787454  1.86511902 -2.11772656 -2.86742434
  0.54202015  1.4001573  -2.41997275 -1.32224172  2.45892668  1.26776622
  0.03184297 -1.74723389 -1.55169237  1.95962193  1.46868572 -0.80806339
 -0.14268308 -0.46082438 -0.1716286   2.39052626 -0.54414154 -0.656562
  1.06413938 -2.28923259  1.00891845  2.57132486 -0.50887664  2.12268758
 -1.95934525 -0.87411439 -2.42056041 -2.29044083 -1.41641851 -2.92141751
  1.56004897  1.82700523  1.63107452  1.01734818  1.42694675 -2.31017197
 -2.69821864  1.74748873  0.99282858 -0.42195059 -2.61725855  1.55717831
 -1.22367966 -2.5030225   0.0615451 ]
Thu Jun 13 22:55:00 2024,580,0.0925140407703912,[-2.87363915  2.08493634 -1.63271286  0.09306434  0.46729219 -3.22699881
  3.25585218  2.08981521  1.03827296 -1.00530591  0.55566824  1.31041387
  1.31835868 -1.86615976  0.76191795  2.88080224 -0.38880976 -0.43650754
 -1.91947616  0.82033507  1.61662506  2.92262562 -1.39895505 -0.40825932
 -2.17531097 -2.08966319  3.1454024   2.7869746  -0.73215587 -2.63302631
  1.54173362 -0.21393512 -2.44054874  1.84810571  1.13223987 -0.62754078
  1.10565648 -2.00996895 -0.22870154  2.27373451 -0.29373591  0.49332276
  2.41314976  0.56404712  2.64867668  2.89867198  2.8126421  -2.94336693
  0.29219933 -0.38150319  1.71630677  2.99967393 -0.36060999 -2.36254502
  2.71879662 -3.18314132  0.55223969 -0.70232487 -1.72991553  3.09602923
 -1.95743994 -1.6793831  -2.54232111  2.36118428 -2.1439698   1.97612419
  1.7371447   1.47668209  2.52831709  2.88917796  1.97597646  1.47675608
 -1.76945785 -2.39217238  1.16173057  0.5777877   1.58764605 -2.80135351
 -0.09971924  2.53130538 -1.1688172   1.17188992  1.23154038  0.60070913
 -0.96501566  1.12754421  0.7967457  -0.38907047  2.81519789 -2.13990008
  1.58532907 -0.66646494  0.99099005 -3.22021085 -2.22527682  0.35014311
 -1.09315906 -0.40715063  0.27567459  0.05886962 -1.77369127 -0.20310508
 -0.65636737  2.89723084 -1.13628346 -1.18429638 -1.12299999  1.28967447
  1.63070093 -0.8157119   2.12304144 -1.51615814 -0.25379485 -0.89110717
 -2.9379639   3.11640322 -1.75531101  3.04177461 -1.37250773 -2.37295186
  3.73467706 -1.21414613 -0.61493655 -3.05661309 -2.50275782  2.9877456
 -1.94335154 -1.68124735 -0.39189395  2.96653097  0.1586008   0.01628495
 -1.62296255 -0.14140531 -1.59761111 -3.09614613  2.90697716  1.14871483
 -0.31895779 -2.31571237  0.99647091 -1.1605621  -0.26302561 -2.15242223
 -1.89399055  1.80362914 -0.98572107  2.55648796 -0.44235417 -3.08831814
 -2.83074599  2.02042439 -3.0821945  -0.26429851 -1.03184243 -0.17880478
  2.36432334  1.71536418 -0.26423005 -1.78493926 -3.02238204  0.13231043
 -0.82644309  1.47668331 -2.5141178   0.96736629 -0.03323268  0.22226508
  2.0040267   0.73612695  0.77346438 -1.22528837  1.59914864  2.5517704
  1.27549357  0.29454404 -0.98138573  2.59276653  0.83502128 -2.23278779
 -0.01344956  1.71244028  1.06812305 -0.6543164  -2.32476899  2.4108407
  2.02985852  1.64235513  2.25803368  1.86527815 -2.11788569 -2.86726521
  0.54217929  1.40031644 -2.41981362 -1.32208258  2.45908582  1.26760708
  0.03200211 -1.74739302 -1.55185151  1.95978107  1.46884485 -0.80790425
 -0.14284222 -0.46098352 -0.17178774  2.39036712 -0.5439824  -0.65640287
  1.06398024 -2.28939173  1.00907759  2.571484   -0.50903578  2.12252844
 -1.95950439 -0.87427353 -2.42071955 -2.29028169 -1.41657764 -2.92125837
  1.55988983  1.82716437  1.63123366  1.01750732  1.42678761 -2.31001283
 -2.6980595   1.74732959  0.99266945 -0.42210973 -2.61741769  1.55701917
 -1.2238388  -2.50318164  0.06170423]
Thu Jun 13 22:55:16 2024,581,0.09218894513072239,[-2.86978233  2.08107951 -1.62885603  0.08920752  0.46343536 -3.23085563
  3.25199535  2.08595838  1.04212978 -1.00144909  0.55952506  1.31427069
  1.31450186 -1.86230294  0.76577477  2.88465907 -0.39266658 -0.43265071
 -1.92333298  0.82419189  1.61276823  2.9187688  -1.39509823 -0.41211614
 -2.17916779 -2.09352001  3.14154558  2.79083142 -0.72829905 -2.62916949
  1.54559044 -0.2100783  -2.44440557  1.85196253  1.12838305 -0.62368396
  1.10179965 -2.00611212 -0.22484472  2.27759134 -0.29759273  0.49717959
  2.41700658  0.56019029  2.6525335   2.89481516  2.81649893 -2.93951011
  0.28834251 -0.37764637  1.7201636   2.9958171  -0.35675317 -2.3586882
  2.7149398  -3.18699815  0.54838286 -0.69846805 -1.73377235  3.09988606
 -1.96129677 -1.67552627 -2.54617793  2.36504111 -2.14011297  1.97226737
  1.74100152  1.47282526  2.52446027  2.88532113  1.97983328  1.4806129
 -1.77331467 -2.3960292   1.16558739  0.57393087  1.59150287 -2.79749669
 -0.09586242  2.52744856 -1.17267402  1.16803309  1.22768355  0.60456595
 -0.96115884  1.12368738  0.79288888 -0.38521365  2.81905471 -2.13604326
  1.58918589 -0.66260812  0.98713322 -3.21635403 -2.22142     0.34628629
 -1.08930224 -0.41100746  0.27181777  0.06272645 -1.76983445 -0.2069619
 -0.65251055  2.89337402 -1.14014028 -1.1881532  -1.11914317  1.28581765
  1.63455776 -0.81956872  2.12689827 -1.51230131 -0.25765167 -0.89496399
 -2.94182073  3.1125464  -1.75916783  3.03791779 -1.36865091 -2.37680869
  3.73853389 -1.2102893  -0.61107973 -3.06046992 -2.49890099  2.98388878
 -1.93949472 -1.67739052 -0.38803712  2.96267415  0.16245762  0.02014178
 -1.62681938 -0.14526213 -1.60146794 -3.09228931  2.91083398  1.15257165
 -0.32281461 -2.31956919  1.00032773 -1.15670528 -0.26688243 -2.1485654
 -1.89013372  1.80748596 -0.98186424  2.55263114 -0.43849735 -3.08446132
 -2.82688917  2.02428121 -3.08605132 -0.26815533 -1.03569925 -0.17494796
  2.36818016  1.71150736 -0.26808687 -1.78879608 -3.02623887  0.12845361
 -0.83029991  1.48054013 -2.51026098  0.97122311 -0.02937586  0.21840825
  2.00788352  0.73227013  0.7773212  -1.2291452   1.59529181  2.55562723
  1.27935039  0.29840086 -0.98524255  2.58890971  0.83116446 -2.23664461
 -0.00959274  1.70858345  1.06426623 -0.65045958 -2.32862581  2.41469752
  2.03371534  1.64621195  2.2618905   1.86913498 -2.12174252 -2.86340838
  0.53832247  1.40417326 -2.41595679 -1.3259394   2.455229    1.27146391
  0.02814528 -1.7435362  -1.55570833  1.95592425  1.47270168 -0.80404743
 -0.14669904 -0.46484034 -0.17564456  2.3865103  -0.54012558 -0.65254604
  1.06012341 -2.28553491  1.01293441  2.57534082 -0.50517896  2.12638526
 -1.96336121 -0.8704167  -2.41686272 -2.29413852 -1.41272082 -2.91740155
  1.55603301  1.83102119  1.63509048  1.01365049  1.43064444 -2.30615601
 -2.69420267  1.74347276  0.98881262 -0.41825291 -2.62127451  1.55316235
 -1.21998198 -2.49932482  0.06556106]
Thu Jun 13 22:55:48 2024,582,0.09218807511491141,[-2.86970044  2.0811614  -1.62893792  0.0892894   0.46351725 -3.23093752
  3.25191347  2.0858765   1.04221167 -1.0013672   0.55944317  1.31418881
  1.31441997 -1.86238482  0.76585666  2.88474095 -0.39274846 -0.4327326
 -1.92341487  0.82427378  1.61285012  2.91868691 -1.39518011 -0.41203426
 -2.1790859  -2.0936019   3.14162747  2.79091331 -0.72821716 -2.62925138
  1.54567233 -0.20999641 -2.44448745  1.85204442  1.12846494 -0.62360207
  1.10188154 -2.00619401 -0.2249266   2.27767322 -0.29751085  0.4970977
  2.41708847  0.56010841  2.65261539  2.89489705  2.81658081 -2.93959199
  0.28826062 -0.37772826  1.72024548  2.99589899 -0.35667128 -2.35877009
  2.71485791 -3.18708003  0.54846475 -0.69854993 -1.73385424  3.09996794
 -1.96121488 -1.67560816 -2.54609604  2.36495922 -2.14003109  1.97218548
  1.74108341  1.47274338  2.52454215  2.88540302  1.9797514   1.48069479
 -1.77323279 -2.39594732  1.1655055   0.57401276  1.59158476 -2.79757857
 -0.0959443   2.52753044 -1.17259214  1.16811498  1.22760167  0.60464784
 -0.96124073  1.12376927  0.79280699 -0.38513176  2.81897283 -2.13596137
  1.58926778 -0.66269     0.98705134 -3.21627214 -2.22150188  0.34636818
 -1.08938413 -0.41108934  0.27173588  0.06264456 -1.76975256 -0.20704379
 -0.65259244  2.89329213 -1.14022216 -1.18823509 -1.11922505  1.28573576
  1.63447587 -0.81948683  2.12698015 -1.51221943 -0.25756979 -0.89504588
 -2.94173884  3.11262829 -1.75924972  3.03799968 -1.3687328  -2.37689057
  3.73861577 -1.21037119 -0.61116161 -3.0605518  -2.49881911  2.98397066
 -1.93941283 -1.67730864 -0.38811901  2.96275603  0.16237573  0.02005989
 -1.62673749 -0.14518024 -1.60154982 -3.09220742  2.91091587  1.15265354
 -0.3228965  -2.31965108  1.00024585 -1.15662339 -0.26680054 -2.14864729
 -1.89005184  1.80756785 -0.98178236  2.55254926 -0.43857923 -3.08437943
 -2.82697106  2.02419932 -3.08596944 -0.26823721 -1.03578114 -0.17486607
  2.36809828  1.71158924 -0.26816876 -1.78871419 -3.02615698  0.12853549
 -0.8303818   1.48045824 -2.51034286  0.971305   -0.02929397  0.21849014
  2.00780164  0.73235202  0.77723931 -1.22922708  1.59520993  2.55554534
  1.27943228  0.29848275 -0.98516066  2.58882783  0.83124634 -2.23656272
 -0.00951085  1.70850157  1.06418434 -0.65054146 -2.32854393  2.41477941
  2.03379723  1.64613006  2.26197239  1.86905309 -2.1218244  -2.8633265
  0.53840435  1.40409138 -2.41603868 -1.32585752  2.45514711  1.27154579
  0.02822717 -1.74361809 -1.55562644  1.95600614  1.47261979 -0.80396554
 -0.14661716 -0.46492223 -0.17572645  2.38642841 -0.54020747 -0.65262793
  1.06004153 -2.28561679  1.01285252  2.5754227  -0.50509707  2.12630337
 -1.96327932 -0.87049859 -2.41694461 -2.29405663 -1.41280271 -2.91748343
  1.55595112  1.83093931  1.6350086   1.01356861  1.43072632 -2.30623789
 -2.69428456  1.74339088  0.98873074 -0.41817102 -2.62119262  1.55324424
 -1.21990009 -2.49924293  0.06564294]
Thu Jun 13 22:56:02 2024,583,0.0920533547875092,[-2.87119155  2.0826525  -1.63042902  0.09078051  0.46202615 -3.23242862
  3.25340457  2.08438539  1.04072056 -0.9998761   0.56093427  1.31567991
  1.31292887 -1.86387593  0.76436555  2.88623206 -0.39125736 -0.4312415
 -1.92490597  0.82576488  1.61434122  2.92017801 -1.39368901 -0.41352536
 -2.18057701 -2.0921108   3.14013637  2.79240441 -0.72672606 -2.62776027
  1.54418123 -0.21148752 -2.44299635  1.85353552  1.12697383 -0.62211097
  1.10039044 -2.00470291 -0.2234355   2.27618212 -0.29900195  0.4985888
  2.41857957  0.56159951  2.65112429  2.89340594  2.81508971 -2.9410831
  0.28676952 -0.37921936  1.71875438  2.99440789 -0.35816238 -2.36026119
  2.71336681 -3.18558893  0.54995585 -0.69705883 -1.73236313  3.10145905
 -1.96270598 -1.67709926 -2.54460494  2.36346812 -2.14152219  1.97367658
  1.74257451  1.47125227  2.52305105  2.88391192  1.9812425   1.47920368
 -1.77174168 -2.39743842  1.1669966   0.57252166  1.59009366 -2.79608747
 -0.09743541  2.52603934 -1.17408324  1.16662388  1.22909277  0.60315673
 -0.96273183  1.12526037  0.79131589 -0.38364066  2.81748172 -2.13745248
  1.58777667 -0.6611989   0.98556023 -3.21776325 -2.22001078  0.34487707
 -1.08789302 -0.40959824  0.27024478  0.06413566 -1.76826146 -0.20853489
 -0.65110133  2.89180103 -1.13873106 -1.18972619 -1.12071616  1.28722687
  1.63596697 -0.82097794  2.12548905 -1.51371053 -0.25607868 -0.89355478
 -2.94322994  3.11113718 -1.75775862  3.03949078 -1.3702239  -2.37539947
  3.74010688 -1.20888009 -0.60967051 -3.0620429  -2.497328    2.98546177
 -1.94090393 -1.67879974 -0.38961011  2.96424714  0.16088463  0.02155099
 -1.62822859 -0.14667135 -1.60304093 -3.09369852  2.90942477  1.15414464
 -0.3243876  -2.31815997  0.99875474 -1.1581145  -0.26829165 -2.15013839
 -1.88856073  1.80607675 -0.98327346  2.55404036 -0.44007034 -3.08288833
 -2.82846216  2.02569043 -3.08746054 -0.26972832 -1.03727224 -0.17635718
  2.36958938  1.71009814 -0.26667766 -1.78722309 -3.02764808  0.12704439
 -0.8318729   1.47896714 -2.51183397  0.9727961  -0.02780287  0.21699904
  2.00929274  0.73384312  0.77873042 -1.22773598  1.59670103  2.55405424
  1.28092338  0.29997385 -0.98366956  2.58733672  0.82975524 -2.23805383
 -0.00801975  1.70701046  1.06567545 -0.64905036 -2.32705282  2.4132883
  2.03528833  1.64463896  2.26346349  1.86756199 -2.12331551 -2.8648176
  0.53691325  1.40260027 -2.41752978 -1.32734862  2.45663822  1.27005469
  0.02971827 -1.74510919 -1.55413534  1.95749724  1.47411089 -0.80545664
 -0.14810826 -0.46641333 -0.17423534  2.38493731 -0.53871636 -0.65113683
  1.06153263 -2.28412569  1.01136142  2.57691381 -0.50658817  2.12779448
 -1.96178822 -0.86900749 -2.41843571 -2.29554773 -1.4113116  -2.91897454
  1.55744223  1.83243041  1.6364997   1.0120775   1.42923522 -2.30474679
 -2.69279346  1.74189977  0.98723963 -0.41966212 -2.62268373  1.55175313
 -1.2213912  -2.50073404  0.06415184]
Thu Jun 13 22:56:16 2024,584,0.09204608732261246,[-2.87093914  2.08240009 -1.63017661  0.0905281   0.46227856 -3.23268103
  3.25365698  2.08413299  1.04097297 -0.99962369  0.56068187  1.3154275
  1.31267646 -1.86412834  0.76411315  2.88597965 -0.39100495 -0.43149391
 -1.92515838  0.82551248  1.61408881  2.9199256  -1.39394142 -0.41327295
 -2.1803246  -2.09185839  3.13988396  2.79265682 -0.72647365 -2.62801268
  1.54392882 -0.21123511 -2.44274394  1.85328311  1.12722624 -0.62236338
  1.10064285 -2.00495531 -0.22318309  2.27592971 -0.29925436  0.4983364
  2.41883198  0.5613471   2.65137669  2.89365835  2.8148373  -2.94083069
  0.28702193 -0.37896695  1.71850197  2.9946603  -0.35790998 -2.3605136
  2.71361922 -3.18584134  0.55020826 -0.69680642 -1.73211072  3.10120664
 -1.96245357 -1.67684685 -2.54435253  2.36372053 -2.1417746   1.97342417
  1.74282692  1.47150468  2.52330346  2.88416432  1.98149491  1.47895128
 -1.77199409 -2.39718601  1.1667442   0.57226925  1.58984125 -2.79633988
 -0.097183    2.52578693 -1.17383083  1.16687628  1.22934518  0.60340914
 -0.96247942  1.12551278  0.7915683  -0.38338825  2.81773413 -2.13720007
  1.58752426 -0.66145131  0.98581264 -3.21751084 -2.21975837  0.34512948
 -1.08814543 -0.40985065  0.27049719  0.06388325 -1.76851387 -0.2087873
 -0.65084892  2.89205344 -1.13898347 -1.18947378 -1.12046375  1.28747927
  1.63571456 -0.82072553  2.12523664 -1.51396294 -0.25582627 -0.89330237
 -2.94297753  3.11088477 -1.75801102  3.03923837 -1.37047631 -2.37565188
  3.74035928 -1.20862768 -0.60992292 -3.06229531 -2.4970756   2.98571417
 -1.94115634 -1.67905215 -0.38935771  2.96399473  0.16113704  0.0218034
 -1.62797619 -0.14641894 -1.60329334 -3.09395093  2.90967718  1.15389223
 -0.32413519 -2.31790756  0.99850233 -1.15786209 -0.26803924 -2.1503908
 -1.88830832  1.80582434 -0.98352587  2.55378795 -0.43981793 -3.08263592
 -2.82871457  2.02594284 -3.08771295 -0.26947591 -1.03701983 -0.17610477
  2.36984179  1.71035055 -0.26642525 -1.7874755  -3.02790049  0.1272968
 -0.83212531  1.47921955 -2.51158156  0.97254369 -0.02755046  0.21674663
  2.00954515  0.73359071  0.77847801 -1.22798839  1.59644862  2.55380183
  1.28067097  0.30022626 -0.98392197  2.58758913  0.83000765 -2.23830624
 -0.00776734  1.70726287  1.06592785 -0.64930277 -2.32730523  2.41303589
  2.03554074  1.64438655  2.2637159   1.8678144  -2.12356792 -2.86456519
  0.53716566  1.40285268 -2.41727737 -1.32760103  2.45689062  1.2703071
  0.02997068 -1.7453616  -1.55388293  1.95774965  1.4743633  -0.80520424
 -0.14836067 -0.46666574 -0.17398294  2.3846849  -0.53846395 -0.65138923
  1.06178504 -2.28387328  1.01110901  2.5766614  -0.50684058  2.12754207
 -1.96204063 -0.86875508 -2.41818331 -2.29529532 -1.41156401 -2.91872213
  1.55769464  1.832178    1.63675211  1.0118251   1.42948763 -2.30449438
 -2.69254105  1.74164737  0.98749204 -0.41940971 -2.62293613  1.55150072
 -1.22164361 -2.50048163  0.06389943]
Thu Jun 13 22:56:30 2024,585,0.09203383998607528,[-2.87037278  2.08296645 -1.62961026  0.08996174  0.4617122  -3.23211468
  3.25422334  2.08469934  1.04040662 -1.00019005  0.56124822  1.31599386
  1.3121101  -1.86356198  0.7646795   2.886546   -0.39157131 -0.43206026
 -1.92459202  0.82607883  1.61465517  2.91935925 -1.39337506 -0.41383931
 -2.18089095 -2.09242474  3.1393176   2.79209046 -0.72590729 -2.62744633
  1.54336246 -0.21180146 -2.44217759  1.85271676  1.12665989 -0.62292973
  1.10007649 -2.00438896 -0.22261674  2.27536335 -0.298688    0.49777004
  2.41826563  0.56191346  2.65194305  2.89309199  2.81427094 -2.94026433
  0.28645557 -0.3784006   1.71906833  2.99409394 -0.35734362 -2.36107996
  2.71418557 -3.1864077   0.55077462 -0.69737278 -1.73267708  3.10177299
 -1.96301993 -1.67741321 -2.54378618  2.36315417 -2.14234096  1.97399053
  1.74226057  1.47207104  2.5227371   2.88359797  1.98092855  1.47951763
 -1.77256045 -2.39775237  1.16617784  0.57170289  1.5904076  -2.79690623
 -0.09774935  2.52635329 -1.17326448  1.16630993  1.22877882  0.60284279
 -0.96191306  1.12607914  0.79213465 -0.38282189  2.81716778 -2.13663371
  1.58809062 -0.66088495  0.986379   -3.21807719 -2.22032473  0.34569584
 -1.08757907 -0.40928429  0.26993083  0.0633169  -1.76908022 -0.20935365
 -0.65141528  2.89261979 -1.13954983 -1.19004014 -1.1210301   1.28691292
  1.63514821 -0.82129188  2.125803   -1.51339658 -0.25525992 -0.89386872
 -2.94241118  3.11145113 -1.75857738  3.03867201 -1.37104266 -2.37621824
  3.74092564 -1.20919404 -0.60935656 -3.06286167 -2.49764195  2.98628053
 -1.94058999 -1.67961851 -0.38879135  2.96342837  0.16057068  0.02123705
 -1.62854254 -0.14585258 -1.60385969 -3.09451729  2.90911082  1.15332587
 -0.32356883 -2.31847392  0.99793598 -1.15729573 -0.26860559 -2.14982445
 -1.88774197  1.80639069 -0.98409223  2.55322159 -0.44038428 -3.08206956
 -2.82928093  2.02537648 -3.0882793  -0.27004227 -1.03758619 -0.17667113
  2.37040815  1.71091691 -0.2669916  -1.78804186 -3.02846685  0.12673044
 -0.83269167  1.4797859  -2.51214791  0.97311005 -0.02698411  0.21731298
  2.0101115   0.73415707  0.77791165 -1.22742203  1.59701498  2.55323547
  1.28010462  0.30079261 -0.98335561  2.58702277  0.82944129 -2.23887259
 -0.0083337   1.70782923  1.06649421 -0.64986913 -2.32673887  2.41246954
  2.03497438  1.64495291  2.26428226  1.86838075 -2.12300156 -2.86513155
  0.5365993   1.40228633 -2.41671102 -1.32703467  2.45745698  1.26974074
  0.03053704 -1.74592796 -1.55444929  1.958316    1.47492966 -0.80577059
 -0.14892703 -0.46609938 -0.17454929  2.38525126 -0.53903031 -0.65195559
  1.0623514  -2.28330692  1.01054265  2.57609504 -0.50627423  2.12810843
 -1.96147427 -0.86932143 -2.41761695 -2.29586168 -1.41099766 -2.91815577
  1.55712828  1.83274436  1.63618575  1.01125874  1.43005399 -2.30506074
 -2.6931074   1.74108101  0.9880584  -0.41884336 -2.62350249  1.55206708
 -1.22220996 -2.50104798  0.06333308]
Thu Jun 13 22:56:44 2024,586,0.09202312293726957,[-2.87075358  2.08334725 -1.62922946  0.09034254  0.462093   -3.23173387
  3.25384253  2.08508014  1.04078742 -1.00057085  0.56162902  1.31561306
  1.3124909  -1.86318118  0.7642987   2.8869268  -0.39119051 -0.43167946
 -1.92421122  0.82645963  1.61503597  2.91897845 -1.39299426 -0.41422011
 -2.18051015 -2.09204394  3.1396984   2.79247126 -0.72628809 -2.62706552
  1.54374326 -0.21218226 -2.44179678  1.85233596  1.12704069 -0.62254893
  1.10045729 -2.00400816 -0.22299754  2.27498255 -0.2983072   0.49738924
  2.41864643  0.56229426  2.65232385  2.89271119  2.81465174 -2.94064513
  0.28683637 -0.3780198   1.71944913  2.99371314 -0.35772442 -2.36069916
  2.71456637 -3.1867885   0.55039382 -0.69699198 -1.73229628  3.10139219
 -1.96340073 -1.67703241 -2.54340538  2.36353497 -2.14272176  1.97437133
  1.74187977  1.47169024  2.5223563   2.88321717  1.98130935  1.47913683
 -1.77217965 -2.39737157  1.16579704  0.57132209  1.5907884  -2.79652543
 -0.09813016  2.52597249 -1.17288367  1.16592913  1.22839802  0.60322359
 -0.96153226  1.12645994  0.79251545 -0.38244109  2.81678698 -2.13701451
  1.58847142 -0.66126575  0.9859982  -3.21769639 -2.21994393  0.34607664
 -1.08719827 -0.40966509  0.26955003  0.0629361  -1.76946102 -0.20897285
 -0.65179608  2.89223899 -1.13993063 -1.19042094 -1.1214109   1.28729372
  1.63476741 -0.82167268  2.1254222  -1.51301578 -0.25487912 -0.89348792
 -2.94203038  3.11107033 -1.75819658  3.03905281 -1.37142347 -2.37659904
  3.74130644 -1.20957484 -0.60973736 -3.06248087 -2.49802275  2.98589973
 -1.94097079 -1.67923771 -0.38841055  2.96380917  0.16018988  0.02161785
 -1.62816174 -0.14547178 -1.60424049 -3.09413649  2.90873002  1.15294507
 -0.32318803 -2.31885472  0.99831678 -1.15767653 -0.2689864  -2.15020525
 -1.88736117  1.80600989 -0.98371143  2.55284079 -0.44000348 -3.08245037
 -2.82966173  2.02575728 -3.08866011 -0.26966146 -1.03796699 -0.17705193
  2.37078895  1.71129771 -0.26737241 -1.78766106 -3.02884765  0.12634964
 -0.83307247  1.4794051  -2.51252871  0.97349085 -0.0266033   0.21769379
  2.01049231  0.73453787  0.77829245 -1.22780283  1.59739578  2.55285467
  1.27972382  0.30117342 -0.98373641  2.58664197  0.82982209 -2.23925339
 -0.0079529   1.70821003  1.06687501 -0.65024993 -2.32635807  2.41285034
  2.03459358  1.64457211  2.26390145  1.86799995 -2.12338236 -2.86551235
  0.5362185   1.40266713 -2.41633022 -1.32665387  2.45783778  1.26935994
  0.03091784 -1.74554716 -1.55406849  1.95869681  1.47531046 -0.80615139
 -0.14854622 -0.46648018 -0.17493009  2.38563206 -0.53864951 -0.65157479
  1.06197059 -2.28368773  1.01092346  2.57647584 -0.50589342  2.12848923
 -1.96185508 -0.86970223 -2.41723615 -2.29548088 -1.41061686 -2.91853657
  1.55750908  1.83236355  1.63580495  1.01087794  1.42967318 -2.30467994
 -2.6927266   1.74070021  0.9876776  -0.41922416 -2.62388329  1.55168628
 -1.22259076 -2.50142879  0.06371388]
Thu Jun 13 22:56:58 2024,587,0.09201555247901841,[-2.87025071  2.08385013 -1.62872658  0.09084542  0.46159012 -3.23223675
  3.25434541  2.08457727  1.04028454 -1.00006797  0.56112615  1.31611593
  1.31299378 -1.86368406  0.76379582  2.88642393 -0.39068763 -0.43218234
 -1.92370834  0.82595676  1.61553885  2.91847557 -1.39249138 -0.41472299
 -2.18101303 -2.09154107  3.13919552  2.79297414 -0.72679097 -2.62656265
  1.54424614 -0.21167939 -2.44129391  1.85183308  1.12653781 -0.62305181
  1.10096017 -2.00350528 -0.22249466  2.27447968 -0.29881008  0.49688636
  2.41814355  0.56279714  2.65282673  2.89220832  2.81515462 -2.94114801
  0.28733925 -0.37751692  1.719952    2.99321026 -0.3582273  -2.36019628
  2.71506925 -3.18729137  0.54989094 -0.6964891  -1.73279916  3.10088932
 -1.96390361 -1.67753529 -2.5429025   2.36303209 -2.14322463  1.97487421
  1.74137689  1.47219311  2.52285918  2.88271429  1.98080648  1.47863395
 -1.77167677 -2.39686869  1.16629992  0.57182497  1.59028553 -2.79702831
 -0.09762728  2.52546961 -1.1723808   1.16542625  1.22789514  0.60272071
 -0.96203514  1.12595706  0.79301833 -0.38193821  2.8162841  -2.13651164
  1.5889743  -0.66176863  0.98549532 -3.21819927 -2.2204468   0.34557376
 -1.08770115 -0.40916222  0.27005291  0.06343897 -1.76895815 -0.20846998
 -0.6512932   2.89274187 -1.13942775 -1.19092381 -1.12191378  1.28679084
  1.63527028 -0.82217556  2.12592507 -1.51351866 -0.25437624 -0.89298505
 -2.9415275   3.11056745 -1.75869946  3.03854994 -1.37192634 -2.37609616
  3.74180932 -1.21007771 -0.60923449 -3.06298375 -2.49852563  2.98539685
 -1.94147366 -1.67873483 -0.38891342  2.9633063   0.15968701  0.02111497
 -1.62765886 -0.1449689  -1.60474337 -3.09463936  2.90822714  1.1524422
 -0.32369091 -2.3193576   0.9978139  -1.15717366 -0.26948927 -2.15070812
 -1.88685829  1.80651277 -0.98320855  2.55334367 -0.44050636 -3.08194749
 -2.8301646   2.02525441 -3.08916298 -0.27016434 -1.03746411 -0.17654905
  2.37129182  1.71180058 -0.26686953 -1.78816393 -3.02935053  0.12685252
 -0.83357535  1.47990798 -2.51202584  0.97399372 -0.02710618  0.21819666
  2.00998943  0.73403499  0.77778958 -1.22729996  1.5968929   2.55335755
  1.27922094  0.30167629 -0.98423929  2.58714485  0.82931922 -2.23875052
 -0.00745002  1.70770715  1.06737789 -0.6507528  -2.3258552   2.41234746
  2.03509646  1.64406923  2.26440433  1.86749708 -2.12388524 -2.86601522
  0.53571563  1.40216425 -2.41582734 -1.32615099  2.45733491  1.26986282
  0.03041496 -1.74605003 -1.55356561  1.95819393  1.47480758 -0.80564852
 -0.1490491  -0.46597731 -0.17442722  2.38613494 -0.53915239 -0.65207767
  1.06146772 -2.28318485  1.01042058  2.57697872 -0.50539055  2.1289921
 -1.96235795 -0.87020511 -2.41773902 -2.29598376 -1.41111973 -2.91903945
  1.55801196  1.83286643  1.63630783  1.01037506  1.43017606 -2.30518281
 -2.69322948  1.74120309  0.98818047 -0.41972703 -2.62338042  1.55218916
 -1.22208789 -2.50092591  0.06421675]
Thu Jun 13 22:57:12 2024,588,0.0919978806638345,[-2.87181556  2.08541498 -1.62716173  0.08928056  0.46315498 -3.23380161
  3.25591027  2.08301241  1.03871969 -1.00163283  0.562691    1.31455108
  1.31455863 -1.86524891  0.76223097  2.88485907 -0.39225249 -0.43374719
 -1.9252732   0.8243919   1.6171037   2.91691072 -1.39405624 -0.41628784
 -2.18257788 -2.09310592  3.13763067  2.79140929 -0.72835583 -2.62499779
  1.54268128 -0.21011453 -2.44285876  1.85339793  1.12497296 -0.62148695
  1.10252502 -2.00507014 -0.22092981  2.27291482 -0.30037493  0.49845122
  2.4197084   0.56436199  2.65439158  2.89064346  2.81358977 -2.93958315
  0.28890411 -0.37595206  1.71838715  2.99477512 -0.35979215 -2.36176113
  2.7135044  -3.18885623  0.54832609 -0.69492425 -1.73436401  3.10245417
 -1.96546846 -1.67597043 -2.54133764  2.36459695 -2.14478949  1.97643906
  1.73981204  1.47375797  2.52129432  2.88114944  1.98237133  1.4770691
 -1.77324162 -2.39530384  1.16473506  0.57338982  1.58872067 -2.79546346
 -0.09919213  2.52390475 -1.17394565  1.1638614   1.22946     0.60428557
 -0.96359999  1.12439221  0.79145348 -0.38037336  2.81471924 -2.13494678
  1.58740944 -0.66020377  0.98393047 -3.21663441 -2.21888195  0.34713862
 -1.089266   -0.41072707  0.27161776  0.06500383 -1.76739329 -0.21003483
 -0.65285806  2.89430672 -1.14099261 -1.19248867 -1.12347864  1.28522599
  1.63370543 -0.82061071  2.12748993 -1.51508351 -0.25594109 -0.8945499
 -2.94309235  3.11213231 -1.76026431  3.04011479 -1.37036149 -2.37453131
  3.74337417 -1.20851286 -0.61079934 -3.06141889 -2.49696077  2.983832
 -1.94303852 -1.67716997 -0.39047828  2.96487115  0.16125186  0.01955012
 -1.62609401 -0.14340405 -1.60317851 -3.09620422  2.909792    1.15400705
 -0.32212605 -2.31779274  0.99937876 -1.1556088  -0.27105413 -2.15227298
 -1.88842315  1.80807762 -0.98164369  2.55177881 -0.4389415  -3.08351234
 -2.82859975  2.02368955 -3.08759813 -0.2717292  -1.03902897 -0.1781139
  2.37285668  1.71023573 -0.26530467 -1.78659908 -3.03091538  0.12528766
 -0.8351402   1.47834313 -2.51046098  0.97242887 -0.02554133  0.21976152
  2.00842457  0.73559985  0.77622472 -1.2257351   1.59532805  2.5549224
  1.2807858   0.30011144 -0.98580414  2.58558     0.83088407 -2.24031537
 -0.00588516  1.70927201  1.06581303 -0.65231766 -2.32742005  2.41078261
  2.03666131  1.64250438  2.26596919  1.86906193 -2.12545009 -2.86758008
  0.53415077  1.40372911 -2.41426249 -1.32771585  2.45889976  1.27142767
  0.02885011 -1.74448518 -1.55200076  1.95662907  1.47637244 -0.80408366
 -0.15061396 -0.46441245 -0.17286236  2.38769979 -0.54071724 -0.65051281
  1.05990286 -2.28161999  1.01198543  2.57541387 -0.5069554   2.13055696
 -1.96392281 -0.86864026 -2.41617417 -2.29754861 -1.40955488 -2.9206043
  1.5564471   1.83443129  1.63787268  1.00881021  1.43174092 -2.30361796
 -2.69479434  1.74276794  0.98974533 -0.41816218 -2.62494527  1.5506243
 -1.22365274 -2.50249076  0.0626519 ]
Thu Jun 13 22:57:26 2024,589,0.0920067753813571,[-2.87127027  2.08596027 -1.62661644  0.08873528  0.46260969 -3.23325632
  3.25645555  2.0835577   1.03926497 -1.00108754  0.56323629  1.31509637
  1.31510392 -1.86470362  0.76168568  2.88540436 -0.3917072  -0.43320191
 -1.92472791  0.82384661  1.61764899  2.91636543 -1.39351095 -0.41574255
 -2.18312317 -2.09256063  3.13817596  2.79195457 -0.72781054 -2.62554308
  1.54322657 -0.20956925 -2.44231348  1.85394322  1.12551824 -0.62094167
  1.10197974 -2.00452485 -0.22038452  2.27346011 -0.30092022  0.49790593
  2.42025369  0.5638167   2.65493687  2.89118875  2.81304448 -2.94012844
  0.28835882 -0.37649735  1.71784186  2.9953204  -0.35924687 -2.36230642
  2.71404968 -3.18831094  0.5477808  -0.69437896 -1.7349093   3.10190888
 -1.96492318 -1.67542514 -2.54188293  2.36514224 -2.1442442   1.97589377
  1.73926675  1.47430326  2.52074904  2.88169472  1.98182604  1.47761439
 -1.77378691 -2.39584912  1.16418977  0.57284453  1.58817539 -2.79491817
 -0.09864685  2.52335947 -1.17340037  1.16331611  1.23000529  0.60374028
 -0.96414528  1.12384692  0.79199876 -0.37982807  2.81526453 -2.13549207
  1.58795473 -0.66074906  0.98447575 -3.21608913 -2.21942724  0.3476839
 -1.08981129 -0.41127236  0.27216305  0.06554911 -1.76793858 -0.21058012
 -0.65231277  2.89485201 -1.14044732 -1.19194338 -1.12293335  1.2846807
  1.63316014 -0.82115599  2.12694464 -1.5156288  -0.25648638 -0.89509519
 -2.94363764  3.11158702 -1.7608096   3.04066008 -1.3698162  -2.37398602
  3.74391946 -1.20796757 -0.61134463 -3.06196418 -2.49641549  2.98437728
 -1.94358381 -1.67771526 -0.39102357  2.96432586  0.16070658  0.0200954
 -1.62554872 -0.14285876 -1.6037238  -3.09674951  2.91033728  1.15346176
 -0.32158077 -2.31724746  0.99992404 -1.15506352 -0.27159941 -2.15172769
 -1.88896843  1.80862291 -0.98218898  2.55123353 -0.43839622 -3.08405763
 -2.82805446  2.02423484 -3.08705284 -0.27227448 -1.03957426 -0.17756862
  2.37340197  1.70969044 -0.26475939 -1.78714436 -3.03146067  0.12474238
 -0.83459491  1.47779784 -2.5099157   0.97297416 -0.02499604  0.2203068
  2.00896986  0.73505456  0.77567943 -1.22518981  1.59478276  2.55437711
  1.28024051  0.30065672 -0.98525886  2.58503471  0.83142936 -2.23977009
 -0.00533988  1.70872672  1.06526775 -0.65286294 -2.32796534  2.41132789
  2.03611602  1.64304966  2.26651447  1.86851664 -2.12490481 -2.86703479
  0.53360549  1.40318382 -2.4137172  -1.32826114  2.45944505  1.27197296
  0.02939539 -1.74393989 -1.55254604  1.95608379  1.47582715 -0.80353837
 -0.15006867 -0.46495774 -0.17340765  2.38824508 -0.54126253 -0.6510581
  1.05935758 -2.28107471  1.01144015  2.57486858 -0.50641012  2.13110224
 -1.96337752 -0.86809497 -2.41562888 -2.29700332 -1.41010016 -2.92005902
  1.55699239  1.83497657  1.63841797  1.00826492  1.43119563 -2.30416324
 -2.69424905  1.74331323  0.98920004 -0.41761689 -2.62549056  1.55116959
 -1.22419803 -2.50303605  0.06319719]
Thu Jun 13 22:57:40 2024,590,0.0919436856263041,[-2.87217783  2.08505271 -1.62570888  0.08782772  0.46170213 -3.23234876
  3.25554799  2.08265014  1.03835742 -1.00017998  0.56232873  1.31600392
  1.31601148 -1.86561118  0.76259324  2.8844968  -0.39079964 -0.43410946
 -1.92563547  0.82293906  1.61674143  2.91727299 -1.39260339 -0.414835
 -2.18221561 -2.09165308  3.1372684   2.79104701 -0.72690298 -2.62463552
  1.54231901 -0.20866169 -2.44322103  1.85485078  1.1264258  -0.62184922
  1.10107218 -2.00543241 -0.21947696  2.27255255 -0.30001266  0.49699837
  2.42116125  0.56472426  2.65402931  2.89209631  2.81395204 -2.941036
  0.28745126 -0.37740491  1.7169343   2.99622796 -0.35833931 -2.36321398
  2.71495724 -3.18740338  0.54868836 -0.6934714  -1.73581686  3.10100133
 -1.96583073 -1.67451759 -2.54279049  2.36604979 -2.14333664  1.97498622
  1.73835919  1.4733957   2.5216566   2.88260228  1.98091849  1.47670683
 -1.77287935 -2.39494157  1.16509733  0.57375209  1.58726783 -2.79401061
 -0.09773929  2.52245191 -1.17430792  1.16240855  1.23091284  0.60464784
 -0.96505284  1.12293936  0.79290632 -0.38073563  2.81617209 -2.13458451
  1.58704717 -0.6598415   0.98538331 -3.21518157 -2.22033479  0.34677634
 -1.09071885 -0.4103648   0.27307061  0.06464156 -1.76884614 -0.21148768
 -0.65322033  2.89575957 -1.14135488 -1.19103582 -1.12384091  1.28558826
  1.6340677  -0.82206355  2.1278522  -1.51472124 -0.25557882 -0.89600275
 -2.9445452   3.11067946 -1.75990204  3.04156764 -1.36890864 -2.37307846
  3.7430119  -1.20887513 -0.61225219 -3.06105662 -2.49732305  2.98346973
 -1.94267625 -1.6768077  -0.39193112  2.96523342  0.15979902  0.01918784
 -1.62464116 -0.1419512  -1.60463136 -3.09584195  2.91124484  1.15436932
 -0.32248833 -2.31815501  0.99901649 -1.15415596 -0.27250697 -2.15082013
 -1.88806087  1.80771535 -0.98128142  2.55214109 -0.43930378 -3.08496519
 -2.82896202  2.02332728 -3.08614528 -0.27136692 -1.0386667  -0.17666106
  2.37249441  1.710598   -0.26566695 -1.78623681 -3.03236823  0.12564993
 -0.83550247  1.47689028 -2.51082325  0.9720666  -0.0259036   0.22121436
  2.00987742  0.73596212  0.77477188 -1.22428226  1.5938752   2.55346956
  1.28114807  0.30156428 -0.98616642  2.58412715  0.8305218  -2.24067764
 -0.00443232  1.70781916  1.06617531 -0.65195539 -2.3288729   2.41223545
  2.03520847  1.64395722  2.26742203  1.8694242  -2.12399725 -2.86794235
  0.53269793  1.40227626 -2.41462476 -1.32735358  2.45853749  1.27288052
  0.03030295 -1.74303233 -1.5534536   1.95699135  1.47673471 -0.80263082
 -0.14916111 -0.4658653  -0.17250009  2.38733752 -0.54217009 -0.65015054
  1.05845002 -2.28016715  1.01234771  2.57577614 -0.50731767  2.1320098
 -1.96246996 -0.86900253 -2.41472132 -2.29609577 -1.40919261 -2.92096658
  1.55789995  1.83406901  1.63751041  1.00917248  1.43028807 -2.30325569
 -2.69515661  1.74240567  0.9901076  -0.41852445 -2.624583    1.55026203
 -1.22329047 -2.50212849  0.06228963]
Thu Jun 13 22:58:01 2024,591,0.0914492680033404,[-2.86960228e+00  2.08247716e+00 -1.62828443e+00  8.52521669e-02
  4.59126580e-01 -3.23492431e+00  3.25297244e+00  2.08522569e+00
  1.04093297e+00 -1.00275554e+00  5.59753177e-01  1.31342837e+00
  1.31343592e+00 -1.86818674e+00  7.65168795e-01  2.88192125e+00
 -3.93375194e-01 -4.36685017e-01 -1.92821102e+00  8.25514609e-01
  1.61931698e+00  2.91469743e+00 -1.39002784e+00 -4.12259442e-01
 -2.17964006e+00 -2.09422863e+00  3.13469285e+00  2.79362257e+00
 -7.29478533e-01 -2.62205997e+00  1.53974346e+00 -2.11237242e-01
 -2.44064548e+00  1.85742633e+00  1.12900135e+00 -6.24424777e-01
  1.09849662e+00 -2.00285685e+00 -2.16901408e-01  2.27512810e+00
 -3.02588213e-01  4.94422818e-01  2.41858570e+00  5.62148709e-01
  2.65145376e+00  2.89467186e+00  2.81137648e+00 -2.93846045e+00
  2.90026813e-01 -3.79980462e-01  1.71435875e+00  2.99365241e+00
 -3.60914860e-01 -2.36063843e+00  2.71753279e+00 -3.18482783e+00
  5.46112805e-01 -6.96046954e-01 -1.73839241e+00  3.10357688e+00
 -1.96840629e+00 -1.67709314e+00 -2.54536604e+00  2.36347424e+00
 -2.14076109e+00  1.97756177e+00  1.74093474e+00  1.47597125e+00
  2.51908104e+00  2.88002673e+00  1.98349404e+00  1.47928238e+00
 -1.77030380e+00 -2.39236601e+00  1.16767289e+00  5.76327646e-01
  1.58984338e+00 -2.79143506e+00 -9.51637363e-02  2.52502746e+00
 -1.17173237e+00  1.15983300e+00  1.23348840e+00  6.07223390e-01
 -9.67628391e-01  1.12036381e+00  7.90330769e-01 -3.83311184e-01
  2.81359654e+00 -2.13716006e+00  1.58962272e+00 -6.62417055e-01
  9.87958864e-01 -3.21775712e+00 -2.21775924e+00  3.44200792e-01
 -1.08814330e+00 -4.12940354e-01  2.70495054e-01  6.20660031e-02
 -1.76627059e+00 -2.08912124e-01 -6.50644778e-01  2.89318401e+00
 -1.13877932e+00 -1.19361138e+00 -1.12641646e+00  1.28301271e+00
  1.63149215e+00 -8.19487997e-01  2.12527665e+00 -1.51214569e+00
 -2.58154375e-01 -8.98578300e-01 -2.94712075e+00  3.10810391e+00
 -1.76247759e+00  3.03899208e+00 -1.36633309e+00 -2.37565401e+00
  3.74558745e+00 -1.21145068e+00 -6.09676634e-01 -3.06363217e+00
 -2.49989860e+00  2.98089417e+00 -1.94525180e+00 -1.67938326e+00
 -3.94506677e-01  2.96265787e+00  1.62374570e-01  1.66122907e-02
 -1.62206561e+00 -1.44526758e-01 -1.60720691e+00 -3.09841750e+00
  2.91382040e+00  1.15694488e+00 -3.19912773e-01 -2.31557946e+00
  1.00159204e+00 -1.15673151e+00 -2.75082524e-01 -2.15339569e+00
 -1.88548532e+00  1.81029091e+00 -9.83856975e-01  2.55471664e+00
 -4.41879328e-01 -3.08238964e+00 -2.83153757e+00  2.02590283e+00
 -3.08356973e+00 -2.68791371e-01 -1.04124225e+00 -1.74085507e-01
  2.37506996e+00  1.71317355e+00 -2.68242499e-01 -1.78366125e+00
 -3.02979267e+00  1.23074381e-01 -8.38078025e-01  1.47431473e+00
 -2.51339881e+00  9.69491045e-01 -2.33280450e-02  2.18638809e-01
  2.00730187e+00  7.38537671e-01  7.77347429e-01 -1.22170670e+00
  1.59129965e+00  2.55089400e+00  1.27857251e+00  3.04139835e-01
 -9.83590864e-01  2.58155160e+00  8.33097353e-01 -2.24325320e+00
 -1.85676682e-03  1.70524361e+00  1.06875086e+00 -6.54530939e-01
 -2.33144845e+00  2.41481101e+00  2.03778402e+00  1.64653277e+00
  2.26999758e+00  1.86684865e+00 -2.12657280e+00 -2.86536680e+00
  5.35273480e-01  1.39970071e+00 -2.41720031e+00 -1.32477802e+00
  2.45596194e+00  1.27030496e+00  3.28785045e-02 -1.74045678e+00
 -1.55087805e+00  1.95441579e+00  1.47415916e+00 -8.00055264e-01
 -1.46585558e-01 -4.63289744e-01 -1.69924537e-01  2.38476197e+00
 -5.39594533e-01 -6.47574987e-01  1.05587447e+00 -2.28274270e+00
  1.00977215e+00  2.57320058e+00 -5.04742121e-01  2.13458536e+00
 -1.95989441e+00 -8.71578081e-01 -2.41214577e+00 -2.29352021e+00
 -1.40661705e+00 -2.92354213e+00  1.56047550e+00  1.83664457e+00
  1.64008597e+00  1.00659693e+00  1.42771252e+00 -2.30583124e+00
 -2.69773216e+00  1.73983012e+00  9.92683153e-01 -4.21100004e-01
 -2.62200745e+00  1.55283758e+00 -1.22071492e+00 -2.50470404e+00
  6.48651797e-02]
Thu Jun 13 22:58:15 2024,592,0.09145133925319227,[-2.86913130e+00  2.08200618e+00 -1.62781346e+00  8.47811917e-02
  4.58655605e-01 -3.23445334e+00  3.25250147e+00  2.08569667e+00
  1.04046199e+00 -1.00322651e+00  5.60224152e-01  1.31389935e+00
  1.31296495e+00 -1.86771576e+00  7.64697819e-01  2.88239222e+00
 -3.92904219e-01 -4.36214042e-01 -1.92868200e+00  8.25043634e-01
  1.61884601e+00  2.91422646e+00 -1.38955687e+00 -4.12730418e-01
 -2.18011103e+00 -2.09375765e+00  3.13422187e+00  2.79315159e+00
 -7.29949509e-01 -2.62253094e+00  1.53927248e+00 -2.11708217e-01
 -2.44111646e+00  1.85695536e+00  1.12853038e+00 -6.24895753e-01
  1.09802565e+00 -2.00238588e+00 -2.16430432e-01  2.27465713e+00
 -3.03059188e-01  4.93951843e-01  2.41905667e+00  5.61677734e-01
  2.65098278e+00  2.89420088e+00  2.81090551e+00 -2.93798947e+00
  2.89555838e-01 -3.80451437e-01  1.71482973e+00  2.99318143e+00
 -3.60443885e-01 -2.36016745e+00  2.71706182e+00 -3.18435685e+00
  5.46583780e-01 -6.95575979e-01 -1.73886338e+00  3.10404785e+00
 -1.96887726e+00 -1.67756411e+00 -2.54489507e+00  2.36394522e+00
 -2.14029012e+00  1.97709079e+00  1.74046377e+00  1.47644223e+00
  2.51955202e+00  2.87955575e+00  1.98396501e+00  1.47881141e+00
 -1.76983282e+00 -2.39283699e+00  1.16720191e+00  5.76798621e-01
  1.58937241e+00 -2.79096408e+00 -9.56347115e-02  2.52455649e+00
 -1.17220335e+00  1.15936202e+00  1.23395937e+00  6.06752415e-01
 -9.67157416e-01  1.12083479e+00  7.90801744e-01 -3.83782160e-01
  2.81406751e+00 -2.13668909e+00  1.59009370e+00 -6.62888031e-01
  9.87487889e-01 -3.21822810e+00 -2.21823022e+00  3.44671767e-01
 -1.08861427e+00 -4.12469379e-01  2.70024079e-01  6.25369783e-02
 -1.76674156e+00 -2.08441149e-01 -6.51115753e-01  2.89365499e+00
 -1.13830835e+00 -1.19408235e+00 -1.12594548e+00  1.28254173e+00
  1.63102117e+00 -8.19017022e-01  2.12480567e+00 -1.51261666e+00
 -2.57683400e-01 -8.98107325e-01 -2.94759173e+00  3.10763293e+00
 -1.76294857e+00  3.03946306e+00 -1.36586211e+00 -2.37612499e+00
  3.74511648e+00 -1.21097971e+00 -6.09205658e-01 -3.06316120e+00
 -2.50036957e+00  2.98136515e+00 -1.94478083e+00 -1.67985423e+00
 -3.94035702e-01  2.96218689e+00  1.61903594e-01  1.70832659e-02
 -1.62159464e+00 -1.44055782e-01 -1.60767789e+00 -3.09794652e+00
  2.91429137e+00  1.15741585e+00 -3.20383748e-01 -2.31605044e+00
  1.00206301e+00 -1.15626054e+00 -2.74611549e-01 -2.15386666e+00
 -1.88595630e+00  1.80981993e+00 -9.83386000e-01  2.55424566e+00
 -4.41408353e-01 -3.08286061e+00 -2.83106660e+00  2.02637381e+00
 -3.08404070e+00 -2.68320396e-01 -1.04171323e+00 -1.73614532e-01
  2.37459898e+00  1.71270258e+00 -2.68713474e-01 -1.78413223e+00
 -3.03026365e+00  1.22603405e-01 -8.38549000e-01  1.47478570e+00
 -2.51386978e+00  9.69962020e-01 -2.37990202e-02  2.18167834e-01
  2.00777284e+00  7.39008646e-01  7.76876454e-01 -1.22217768e+00
  1.59177063e+00  2.55042303e+00  1.27904349e+00  3.04610810e-01
 -9.83119888e-01  2.58202257e+00  8.32626377e-01 -2.24278222e+00
 -2.32774208e-03  1.70571459e+00  1.06827988e+00 -6.55001914e-01
 -2.33097747e+00  2.41528198e+00  2.03825499e+00  1.64700375e+00
  2.27046856e+00  1.86731962e+00 -2.12610182e+00 -2.86583777e+00
  5.34802505e-01  1.39922973e+00 -2.41767128e+00 -1.32430705e+00
  2.45549096e+00  1.27077594e+00  3.33494797e-02 -1.74092775e+00
 -1.55134902e+00  1.95394482e+00  1.47368818e+00 -8.00526239e-01
 -1.46114583e-01 -4.63760719e-01 -1.70395512e-01  2.38429099e+00
 -5.39123558e-01 -6.47104012e-01  1.05540349e+00 -2.28321368e+00
  1.01024313e+00  2.57272961e+00 -5.04271146e-01  2.13411438e+00
 -1.96036538e+00 -8.71107106e-01 -2.41167480e+00 -2.29304924e+00
 -1.40614608e+00 -2.92307115e+00  1.56094648e+00  1.83617359e+00
  1.64055694e+00  1.00706790e+00  1.42724154e+00 -2.30536026e+00
 -2.69726118e+00  1.74030109e+00  9.92212178e-01 -4.20629029e-01
 -2.62247842e+00  1.55330856e+00 -1.22118589e+00 -2.50517502e+00
  6.43942044e-02]
Thu Jun 13 22:58:29 2024,593,0.09144707592126888,[-2.86757496  2.08356252 -1.62625712  0.08322485  0.46021195 -3.23600968
  3.25405781  2.08725301  1.03890565 -1.00167017  0.55866781  1.31545569
  1.31452129 -1.86615942  0.76625416  2.88394856 -0.39134788 -0.4346577
 -1.93023834  0.82659997  1.61728967  2.9157828  -1.38800053 -0.41117408
 -2.17855469 -2.09220131  3.13266553  2.79470793 -0.73150585 -2.62408728
  1.54082883 -0.21015188 -2.43956012  1.8585117   1.13008672 -0.62333941
  1.09646931 -2.00394222 -0.21798677  2.27621347 -0.30150285  0.49550818
  2.41750033  0.56323407  2.65253912  2.89264454  2.80934917 -2.93954581
  0.29111218 -0.38200778  1.71638607  2.99473777 -0.36200023 -2.36172379
  2.71861816 -3.18280051  0.54502744 -0.69713232 -1.73730704  3.10560419
 -1.9704336  -1.67912046 -2.54333873  2.36550156 -2.14184646  1.97553445
  1.73890743  1.47799857  2.51799568  2.87799941  1.98240867  1.47725507
 -1.76827648 -2.39128065  1.16875825  0.57835496  1.58781607 -2.79252042
 -0.09719105  2.52300015 -1.17064701  1.16091836  1.23551571  0.60519607
 -0.96560108  1.11927844  0.79235808 -0.3853385   2.81562385 -2.13824543
  1.59165004 -0.66444437  0.98593155 -3.21667176 -2.21978656  0.34311543
 -1.09017061 -0.41091304  0.26846774  0.06098064 -1.76518522 -0.20999749
 -0.65267209  2.89209865 -1.13675201 -1.19563869 -1.12750183  1.28098539
  1.62946483 -0.81746068  2.12324933 -1.51417301 -0.25923974 -0.89655098
 -2.94603539  3.10607659 -1.76450491  3.03790672 -1.36741846 -2.37456865
  3.74667282 -1.21253605 -0.610762   -3.06471754 -2.50192591  2.97980881
 -1.94322448 -1.68141057 -0.39247936  2.96374323  0.16345994  0.01552693
 -1.6200383  -0.14249944 -1.60612155 -3.09639018  2.91584771  1.15897219
 -0.31882741 -2.3144941   1.00361936 -1.15781688 -0.27616789 -2.155423
 -1.88751264  1.81137627 -0.98494234  2.555802   -0.43985201 -3.08130427
 -2.83262294  2.02793015 -3.08248436 -0.26987674 -1.04326957 -0.17517087
  2.37615533  1.71425892 -0.26715713 -1.78257589 -3.03181999  0.12415975
 -0.83699266  1.47322936 -2.51542612  0.96840568 -0.02224268  0.21661149
  2.00932918  0.74056499  0.77843279 -1.22062134  1.59021428  2.54886669
  1.28059983  0.30616715 -0.98467623  2.58357891  0.83107004 -2.24433856
 -0.00388408  1.70727093  1.06672354 -0.65655826 -2.33253382  2.41372564
  2.03981134  1.64544741  2.26891222  1.86576328 -2.12454548 -2.86428143
  0.53324616  1.39767339 -2.41611494 -1.32586339  2.45393462  1.27233228
  0.03179314 -1.7424841  -1.55290536  1.95550116  1.47213184 -0.80208258
 -0.14767092 -0.46531706 -0.16883917  2.38584733 -0.53756722 -0.64866035
  1.05384715 -2.28477002  1.00868679  2.57428595 -0.50271481  2.13255804
 -1.96192172 -0.86955076 -2.41011846 -2.2914929  -1.40458974 -2.92151481
  1.56250282  1.83772993  1.64211328  1.00551156  1.4256852  -2.30380392
 -2.69881753  1.74185743  0.99376852 -0.42218537 -2.62403476  1.5548649
 -1.21962955 -2.50361868  0.06283786]
Thu Jun 13 22:58:43 2024,594,0.09142453828258681,[-2.86695412e+00  2.08418337e+00 -1.62563628e+00  8.38456930e-02
  4.59591104e-01 -3.23663052e+00  3.25343696e+00  2.08787385e+00
  1.03828481e+00 -1.00229101e+00  5.59288654e-01  1.31483485e+00
  1.31390045e+00 -1.86678026e+00  7.65633318e-01  2.88332772e+00
 -3.91968720e-01 -4.34036859e-01 -1.93085918e+00  8.25979132e-01
  1.61666882e+00  2.91516196e+00 -1.38737968e+00 -4.11794919e-01
 -2.17917554e+00 -2.09282215e+00  3.13328637e+00  2.79408709e+00
 -7.30885007e-01 -2.62346644e+00  1.54020798e+00 -2.10772718e-01
 -2.43893927e+00  1.85913254e+00  1.12946588e+00 -6.22718570e-01
  1.09709015e+00 -2.00456306e+00 -2.18607615e-01  2.27559263e+00
 -3.00882006e-01  4.96129026e-01  2.41687949e+00  5.62613233e-01
  2.65191828e+00  2.89202370e+00  2.80997001e+00 -2.94016665e+00
  2.90491337e-01 -3.81386936e-01  1.71700691e+00  2.99535862e+00
 -3.61379383e-01 -2.36110295e+00  2.71923900e+00 -3.18342136e+00
  5.45648281e-01 -6.97753162e-01 -1.73668620e+00  3.10498335e+00
 -1.96981276e+00 -1.67974130e+00 -2.54395957e+00  2.36488071e+00
 -2.14246730e+00  1.97491361e+00  1.73828658e+00  1.47737772e+00
  2.51737484e+00  2.87862025e+00  1.98178783e+00  1.47787591e+00
 -1.76765564e+00 -2.39190149e+00  1.16813741e+00  5.78975804e-01
  1.58843691e+00 -2.79314126e+00 -9.65702102e-02  2.52237930e+00
 -1.17002616e+00  1.16029752e+00  1.23613656e+00  6.05816916e-01
 -9.64980233e-01  1.11865760e+00  7.92978927e-01 -3.84717658e-01
  2.81624469e+00 -2.13886627e+00  1.59102920e+00 -6.63823529e-01
  9.85310706e-01 -3.21729260e+00 -2.22040740e+00  3.42494584e-01
 -1.08954977e+00 -4.11533880e-01  2.69088580e-01  6.16014797e-02
 -1.76580606e+00 -2.10618332e-01 -6.53292936e-01  2.89271949e+00
 -1.13613117e+00 -1.19625954e+00 -1.12812267e+00  1.28160623e+00
  1.62884399e+00 -8.18081523e-01  2.12387017e+00 -1.51355216e+00
 -2.59860583e-01 -8.95930142e-01 -2.94665623e+00  3.10669743e+00
 -1.76388407e+00  3.03852756e+00 -1.36803930e+00 -2.37394781e+00
  3.74729366e+00 -1.21191521e+00 -6.10141157e-01 -3.06409670e+00
 -2.50254676e+00  2.97918797e+00 -1.94384533e+00 -1.68203141e+00
 -3.91858519e-01  2.96312239e+00  1.64080777e-01  1.49060831e-02
 -1.61941745e+00 -1.41878599e-01 -1.60674239e+00 -3.09701103e+00
  2.91522687e+00  1.15959303e+00 -3.18206566e-01 -2.31511494e+00
  1.00424020e+00 -1.15719603e+00 -2.75547048e-01 -2.15480216e+00
 -1.88689180e+00  1.81199711e+00 -9.84321499e-01  2.55518116e+00
 -4.40472854e-01 -3.08068343e+00 -2.83200210e+00  2.02730931e+00
 -3.08186352e+00 -2.70497578e-01 -1.04264872e+00 -1.75791715e-01
  2.37553448e+00  1.71363808e+00 -2.66536291e-01 -1.78195504e+00
 -3.03244083e+00  1.23538904e-01 -8.36371817e-01  1.47260852e+00
 -2.51480528e+00  9.67784837e-01 -2.28635215e-02  2.15990651e-01
  2.00995002e+00  7.41185829e-01  7.79053637e-01 -1.22000050e+00
  1.58959344e+00  2.54948753e+00  1.28122067e+00  3.05546309e-01
 -9.85297071e-01  2.58295807e+00  8.31690879e-01 -2.24495940e+00
 -3.26324077e-03  1.70665008e+00  1.06610270e+00 -6.55937413e-01
 -2.33191297e+00  2.41434648e+00  2.03919049e+00  1.64606825e+00
  2.26953306e+00  1.86638413e+00 -2.12516633e+00 -2.86366059e+00
  5.33867006e-01  1.39829424e+00 -2.41673579e+00 -1.32524255e+00
  2.45331378e+00  1.27171144e+00  3.24139810e-02 -1.74310494e+00
 -1.55352621e+00  1.95488032e+00  1.47275268e+00 -8.01461738e-01
 -1.48291766e-01 -4.65937902e-01 -1.69460014e-01  2.38646817e+00
 -5.36946375e-01 -6.49281195e-01  1.05446799e+00 -2.28414918e+00
  1.00806594e+00  2.57490679e+00 -5.03335647e-01  2.13317888e+00
 -1.96254257e+00 -8.70171607e-01 -2.40949761e+00 -2.29087205e+00
 -1.40396890e+00 -2.92213565e+00  1.56188197e+00  1.83710909e+00
  1.64273412e+00  1.00489072e+00  1.42506436e+00 -2.30442476e+00
 -2.69819668e+00  1.74123659e+00  9.93147677e-01 -4.21564528e-01
 -2.62341392e+00  1.55548574e+00 -1.22025039e+00 -2.50423952e+00
  6.34587057e-02]
Thu Jun 13 22:58:57 2024,595,0.09109598482108013,[-2.86910314e+00  2.08203434e+00 -1.62778530e+00  8.16966706e-02
  4.57442081e-01 -3.23877954e+00  3.25558599e+00  2.08572483e+00
  1.04043383e+00 -1.00014199e+00  5.57139631e-01  1.31698387e+00
  1.31604947e+00 -1.86892928e+00  7.67782340e-01  2.88547674e+00
 -3.94117743e-01 -4.31887836e-01 -1.92871016e+00  8.28128155e-01
  1.61451980e+00  2.91301294e+00 -1.38523066e+00 -4.13943941e-01
 -2.18132456e+00 -2.09067313e+00  3.13543539e+00  2.79623611e+00
 -7.33034030e-01 -2.62561547e+00  1.53805896e+00 -2.08623696e-01
 -2.44108830e+00  1.85698352e+00  1.12731685e+00 -6.24867592e-01
  1.09494113e+00 -2.00671208e+00 -2.16458593e-01  2.27344360e+00
 -3.03031028e-01  4.93980004e-01  2.41902851e+00  5.64762255e-01
  2.64976926e+00  2.88987468e+00  2.81211903e+00 -2.93801763e+00
  2.92640359e-01 -3.83535958e-01  1.71485789e+00  2.99750764e+00
 -3.63528406e-01 -2.36325197e+00  2.72138802e+00 -3.18127233e+00
  5.47797304e-01 -6.99902184e-01 -1.73883522e+00  3.10713237e+00
 -1.97196178e+00 -1.68189032e+00 -2.54610859e+00  2.36273169e+00
 -2.14031828e+00  1.97276459e+00  1.74043561e+00  1.47522870e+00
  2.51952386e+00  2.87647123e+00  1.98393685e+00  1.48002493e+00
 -1.76550662e+00 -2.38975247e+00  1.16598839e+00  5.76826782e-01
  1.59058593e+00 -2.79099224e+00 -9.87192326e-02  2.52452833e+00
 -1.17217519e+00  1.16244654e+00  1.23398753e+00  6.07965939e-01
 -9.67129256e-01  1.11650858e+00  7.90829904e-01 -3.86866681e-01
  2.81839372e+00 -2.14101529e+00  1.59317822e+00 -6.65972552e-01
  9.83161684e-01 -3.21514358e+00 -2.22255642e+00  3.40345562e-01
 -1.08740075e+00 -4.09384858e-01  2.71237603e-01  6.37505021e-02
 -1.76365704e+00 -2.08469309e-01 -6.51143914e-01  2.89057047e+00
 -1.13398214e+00 -1.19840856e+00 -1.12597364e+00  1.28375525e+00
  1.62669497e+00 -8.20230546e-01  2.12172115e+00 -1.51140314e+00
 -2.57711560e-01 -8.93781120e-01 -2.94450721e+00  3.10884646e+00
 -1.76603309e+00  3.04067658e+00 -1.37018832e+00 -2.37179878e+00
  3.74944268e+00 -1.21406423e+00 -6.07992135e-01 -3.06624572e+00
 -2.50469578e+00  2.98133699e+00 -1.94169630e+00 -1.67988239e+00
 -3.89709496e-01  2.96097337e+00  1.61931755e-01  1.70551055e-02
 -1.62156648e+00 -1.44027622e-01 -1.60889141e+00 -3.09486200e+00
  2.91737589e+00  1.15744401e+00 -3.20355588e-01 -2.31296592e+00
  1.00209117e+00 -1.15504701e+00 -2.77696070e-01 -2.15265314e+00
 -1.88474277e+00  1.80984809e+00 -9.86470521e-01  2.55733018e+00
 -4.42621877e-01 -3.08283245e+00 -2.82985307e+00  2.02945833e+00
 -3.07971450e+00 -2.68348556e-01 -1.04479775e+00 -1.77940737e-01
  2.37338546e+00  1.71578710e+00 -2.64387269e-01 -1.77980602e+00
 -3.03029181e+00  1.25687927e-01 -8.38520840e-01  1.47045950e+00
 -2.51265626e+00  9.69933859e-01 -2.50125439e-02  2.18139673e-01
  2.00780100e+00  7.43334852e-01  7.81202659e-01 -1.21785147e+00
  1.58744442e+00  2.55163655e+00  1.27907165e+00  3.03397287e-01
 -9.87446094e-01  2.58510709e+00  8.33839901e-01 -2.24710843e+00
 -1.11421836e-03  1.70450106e+00  1.06825172e+00 -6.58086436e-01
 -2.32976395e+00  2.41649550e+00  2.04133952e+00  1.64391923e+00
  2.27168208e+00  1.86853315e+00 -2.12301730e+00 -2.86580961e+00
  5.36016028e-01  1.39614521e+00 -2.41458676e+00 -1.32739157e+00
  2.45546280e+00  1.27386046e+00  3.02649586e-02 -1.74525396e+00
 -1.55137718e+00  1.95273129e+00  1.47060366e+00 -8.03610760e-01
 -1.46142743e-01 -4.63788880e-01 -1.71609036e-01  2.38861720e+00
 -5.34797353e-01 -6.51430217e-01  1.05231897e+00 -2.28629820e+00
  1.01021497e+00  2.57705581e+00 -5.01186625e-01  2.13102986e+00
 -1.96469159e+00 -8.72320629e-01 -2.41164664e+00 -2.29302108e+00
 -1.40181987e+00 -2.91998663e+00  1.56403100e+00  1.83925811e+00
  1.64488315e+00  1.00274170e+00  1.42291534e+00 -2.30227574e+00
 -2.69604766e+00  1.74338561e+00  9.90998654e-01 -4.23713550e-01
 -2.62556294e+00  1.55763476e+00 -1.22239942e+00 -2.50209050e+00
  6.13096833e-02]
Thu Jun 13 22:59:11 2024,596,0.09109659380717279,[-2.86909373e+00  2.08204375e+00 -1.62779471e+00  8.17060829e-02
  4.57451494e-01 -3.23877013e+00  3.25559540e+00  2.08571542e+00
  1.04042442e+00 -1.00013258e+00  5.57149044e-01  1.31699328e+00
  1.31604006e+00 -1.86893870e+00  7.67772928e-01  2.88546733e+00
 -3.94108330e-01 -4.31897249e-01 -1.92871957e+00  8.28137567e-01
  1.61452921e+00  2.91300352e+00 -1.38524007e+00 -4.13953354e-01
 -2.18131515e+00 -2.09068254e+00  3.13542598e+00  2.79624553e+00
 -7.33024617e-01 -2.62562488e+00  1.53804955e+00 -2.08614284e-01
 -2.44107888e+00  1.85699293e+00  1.12732627e+00 -6.24858180e-01
  1.09493172e+00 -2.00672150e+00 -2.16468005e-01  2.27345302e+00
 -3.03021616e-01  4.93989416e-01  2.41901910e+00  5.64771667e-01
  2.64977867e+00  2.88986527e+00  2.81212845e+00 -2.93800822e+00
  2.92649772e-01 -3.83545370e-01  1.71486730e+00  2.99751705e+00
 -3.63518993e-01 -2.36326138e+00  2.72137861e+00 -3.18128175e+00
  5.47806716e-01 -6.99892772e-01 -1.73882581e+00  3.10712296e+00
 -1.97195237e+00 -1.68189973e+00 -2.54611800e+00  2.36272228e+00
 -2.14032769e+00  1.97275518e+00  1.74044502e+00  1.47523811e+00
  2.51953327e+00  2.87646182e+00  1.98392744e+00  1.48003434e+00
 -1.76551603e+00 -2.38974305e+00  1.16597897e+00  5.76836194e-01
  1.59059534e+00 -2.79100165e+00 -9.87286449e-02  2.52453774e+00
 -1.17218460e+00  1.16245596e+00  1.23397812e+00  6.07956527e-01
 -9.67119843e-01  1.11651799e+00  7.90820492e-01 -3.86857268e-01
  2.81838430e+00 -2.14100588e+00  1.59318763e+00 -6.65963139e-01
  9.83171096e-01 -3.21515299e+00 -2.22256583e+00  3.40354974e-01
 -1.08741016e+00 -4.09375446e-01  2.71247015e-01  6.37410897e-02
 -1.76366645e+00 -2.08459897e-01 -6.51153326e-01  2.89057988e+00
 -1.13399156e+00 -1.19839915e+00 -1.12596423e+00  1.28374584e+00
  1.62670438e+00 -8.20221134e-01  2.12173056e+00 -1.51139373e+00
 -2.57720973e-01 -8.93790532e-01 -2.94449779e+00  3.10885587e+00
 -1.76604250e+00  3.04068600e+00 -1.37019773e+00 -2.37178937e+00
  3.74945210e+00 -1.21405482e+00 -6.08001547e-01 -3.06623631e+00
 -2.50468637e+00  2.98134640e+00 -1.94170572e+00 -1.67989180e+00
 -3.89700084e-01  2.96098278e+00  1.61941167e-01  1.70645178e-02
 -1.62155706e+00 -1.44037034e-01 -1.60890082e+00 -3.09487142e+00
  2.91736648e+00  1.15743460e+00 -3.20365000e-01 -2.31295650e+00
  1.00208176e+00 -1.15503760e+00 -2.77686658e-01 -2.15266255e+00
 -1.88475219e+00  1.80983868e+00 -9.86461109e-01  2.55732077e+00
 -4.42612464e-01 -3.08282304e+00 -2.82984366e+00  2.02946774e+00
 -3.07972391e+00 -2.68339144e-01 -1.04478833e+00 -1.77950149e-01
  2.37339487e+00  1.71579651e+00 -2.64396681e-01 -1.77981543e+00
 -3.03030122e+00  1.25678514e-01 -8.38530252e-01  1.47046891e+00
 -2.51264685e+00  9.69943272e-01 -2.50031316e-02  2.18149085e-01
  2.00779159e+00  7.43325439e-01  7.81212071e-01 -1.21784206e+00
  1.58745383e+00  2.55162714e+00  1.27906224e+00  3.03387874e-01
 -9.87436681e-01  2.58509768e+00  8.33830489e-01 -2.24709901e+00
 -1.12363069e-03  1.70449165e+00  1.06826113e+00 -6.58095848e-01
 -2.32975454e+00  2.41650492e+00  2.04133010e+00  1.64390982e+00
  2.27169149e+00  1.86854256e+00 -2.12302672e+00 -2.86581903e+00
  5.36025441e-01  1.39615462e+00 -2.41457735e+00 -1.32738216e+00
  2.45545339e+00  1.27386987e+00  3.02555463e-02 -1.74526337e+00
 -1.55138660e+00  1.95272188e+00  1.47061307e+00 -8.03601348e-01
 -1.46152156e-01 -4.63798292e-01 -1.71599624e-01  2.38862661e+00
 -5.34806765e-01 -6.51420805e-01  1.05232838e+00 -2.28628879e+00
  1.01022438e+00  2.57706523e+00 -5.01196037e-01  2.13102045e+00
 -1.96468218e+00 -8.72311217e-01 -2.41163722e+00 -2.29303049e+00
 -1.40182928e+00 -2.91997722e+00  1.56402158e+00  1.83924870e+00
  1.64489256e+00  1.00273228e+00  1.42290592e+00 -2.30226633e+00
 -2.69603825e+00  1.74337620e+00  9.91008067e-01 -4.23722963e-01
 -2.62557235e+00  1.55762535e+00 -1.22239000e+00 -2.50208109e+00
  6.13002710e-02]
Thu Jun 13 22:59:26 2024,597,0.09106306985187416,[-2.87025386e+00  2.08320388e+00 -1.62663458e+00  8.05459533e-02
  4.58611623e-01 -3.23761000e+00  3.25443527e+00  2.08687555e+00
  1.03926429e+00 -1.00129271e+00  5.55988914e-01  1.31815341e+00
  1.31487993e+00 -1.87009883e+00  7.66612799e-01  2.88430720e+00
 -3.92948201e-01 -4.30737119e-01 -1.92755944e+00  8.29297697e-01
  1.61568934e+00  2.91184339e+00 -1.38407994e+00 -4.15113483e-01
 -2.18015502e+00 -2.09184267e+00  3.13658611e+00  2.79740566e+00
 -7.31864488e-01 -2.62678501e+00  1.53688942e+00 -2.07454154e-01
 -2.44223901e+00  1.85583280e+00  1.12848640e+00 -6.23698050e-01
  1.09609184e+00 -2.00556137e+00 -2.17628135e-01  2.27461315e+00
 -3.04181745e-01  4.95149546e-01  2.42017923e+00  5.65931797e-01
  2.65093880e+00  2.88870514e+00  2.81328858e+00 -2.93916835e+00
  2.91489642e-01 -3.82385241e-01  1.71370717e+00  2.99635692e+00
 -3.64679123e-01 -2.36442151e+00  2.72253874e+00 -3.18012162e+00
  5.48966846e-01 -6.98732642e-01 -1.73998594e+00  3.10828309e+00
 -1.97311250e+00 -1.68305986e+00 -2.54727813e+00  2.36388241e+00
 -2.13916756e+00  1.97391531e+00  1.73928489e+00  1.47407798e+00
  2.52069340e+00  2.87762195e+00  1.98508757e+00  1.47887421e+00
 -1.76667616e+00 -2.38858292e+00  1.16481884e+00  5.77996324e-01
  1.58943521e+00 -2.78984153e+00 -9.98887745e-02  2.52569787e+00
 -1.17334473e+00  1.16129583e+00  1.23513825e+00  6.09116656e-01
 -9.68279973e-01  1.11535786e+00  7.91980622e-01 -3.85697139e-01
  2.81954443e+00 -2.13984575e+00  1.59202750e+00 -6.67123269e-01
  9.82010966e-01 -3.21399286e+00 -2.22372596e+00  3.39194845e-01
 -1.08625003e+00 -4.10535575e-01  2.70086885e-01  6.25809602e-02
 -1.76250632e+00 -2.07299767e-01 -6.52313456e-01  2.88941975e+00
 -1.13515169e+00 -1.19723902e+00 -1.12712436e+00  1.28490597e+00
  1.62554425e+00 -8.19061004e-01  2.12289069e+00 -1.51255386e+00
 -2.56560843e-01 -8.92630402e-01 -2.94565792e+00  3.11001600e+00
 -1.76720263e+00  3.04184613e+00 -1.36903760e+00 -2.37062924e+00
  3.75061223e+00 -1.21289469e+00 -6.06841417e-01 -3.06739644e+00
 -2.50584650e+00  2.98250653e+00 -1.94286585e+00 -1.67873167e+00
 -3.90860214e-01  2.95982265e+00  1.60781038e-01  1.82246474e-02
 -1.62039693e+00 -1.45197164e-01 -1.60774069e+00 -3.09371129e+00
  2.91620635e+00  1.15859473e+00 -3.21525130e-01 -2.31179637e+00
  1.00324189e+00 -1.15387747e+00 -2.76526528e-01 -2.15150242e+00
 -1.88359206e+00  1.81099881e+00 -9.85300979e-01  2.55616064e+00
 -4.43772594e-01 -3.08398317e+00 -2.82868353e+00  2.02830761e+00
 -3.07856378e+00 -2.69499273e-01 -1.04362821e+00 -1.76790020e-01
  2.37223474e+00  1.71695664e+00 -2.63236551e-01 -1.78097556e+00
 -3.03146135e+00  1.24518385e-01 -8.39690382e-01  1.47162904e+00
 -2.51380698e+00  9.71103401e-01 -2.61632612e-02  2.19309215e-01
  2.00663146e+00  7.42165310e-01  7.80051942e-01 -1.21900219e+00
  1.58861396e+00  2.55046701e+00  1.27790211e+00  3.04548004e-01
 -9.86276552e-01  2.58625781e+00  8.32670359e-01 -2.24593889e+00
  3.64988822e-05  1.70565178e+00  1.06942126e+00 -6.56935718e-01
 -2.32859441e+00  2.41766505e+00  2.04016997e+00  1.64274969e+00
  2.27053137e+00  1.86970269e+00 -2.12418685e+00 -2.86697916e+00
  5.34865311e-01  1.39499450e+00 -2.41573748e+00 -1.32622203e+00
  2.45429326e+00  1.27503000e+00  2.90954167e-02 -1.74410324e+00
 -1.55254672e+00  1.95156175e+00  1.46945294e+00 -8.02441218e-01
 -1.44992026e-01 -4.64958422e-01 -1.70439494e-01  2.38978674e+00
 -5.33646635e-01 -6.52580935e-01  1.05348851e+00 -2.28744892e+00
  1.00906425e+00  2.57822536e+00 -5.00035908e-01  2.13218058e+00
 -1.96584231e+00 -8.71151088e-01 -2.41279735e+00 -2.29419062e+00
 -1.40066916e+00 -2.91881709e+00  1.56286145e+00  1.84040883e+00
  1.64605269e+00  1.00389241e+00  1.42174580e+00 -2.30342646e+00
 -2.69719838e+00  1.74453633e+00  9.92168196e-01 -4.22562833e-01
 -2.62441222e+00  1.55646522e+00 -1.22122987e+00 -2.50092096e+00
  6.24604005e-02]
Thu Jun 13 22:59:39 2024,598,0.09096247505941567,[-2.87134263e+00  2.08429266e+00 -1.62554581e+00  8.16347248e-02
  4.57522852e-01 -3.23869877e+00  3.25552404e+00  2.08796432e+00
  1.03817552e+00 -1.00238148e+00  5.54900143e-01  1.31706464e+00
  1.31596870e+00 -1.87118760e+00  7.65524027e-01  2.88321843e+00
 -3.91859429e-01 -4.31825890e-01 -1.92647067e+00  8.28208925e-01
  1.61677812e+00  2.91293216e+00 -1.38299117e+00 -4.14024712e-01
 -2.17906624e+00 -2.09075390e+00  3.13549734e+00  2.79849443e+00
 -7.30775717e-01 -2.62787378e+00  1.53580065e+00 -2.08542925e-01
 -2.44332778e+00  1.85692157e+00  1.12739763e+00 -6.24786822e-01
  1.09718062e+00 -2.00447260e+00 -2.16539363e-01  2.27352437e+00
 -3.05270517e-01  4.94060774e-01  2.42126800e+00  5.67020568e-01
  2.65202757e+00  2.88979391e+00  2.81219980e+00 -2.94025712e+00
  2.90400871e-01 -3.83474012e-01  1.71479594e+00  2.99526815e+00
 -3.63590352e-01 -2.36333274e+00  2.72144997e+00 -3.18121039e+00
  5.47878074e-01 -6.99821413e-01 -1.74107471e+00  3.10937186e+00
 -1.97420127e+00 -1.68414863e+00 -2.54836690e+00  2.36497118e+00
 -2.14025633e+00  1.97282653e+00  1.74037366e+00  1.47516676e+00
  2.52178217e+00  2.87653318e+00  1.98399880e+00  1.47778544e+00
 -1.76776493e+00 -2.38967170e+00  1.16373007e+00  5.79085095e-01
  1.59052398e+00 -2.78875275e+00 -9.88000031e-02  2.52460910e+00
 -1.17225596e+00  1.16238460e+00  1.23622702e+00  6.08027885e-01
 -9.69368744e-01  1.11426909e+00  7.93069393e-01 -3.84608367e-01
  2.82063321e+00 -2.14093452e+00  1.59311627e+00 -6.68212040e-01
  9.83099738e-01 -3.21508163e+00 -2.22263719e+00  3.38106073e-01
 -1.08516126e+00 -4.11624347e-01  2.68998114e-01  6.14921887e-02
 -1.76141755e+00 -2.06210996e-01 -6.53402227e-01  2.89050852e+00
 -1.13624046e+00 -1.19832779e+00 -1.12603559e+00  1.28599474e+00
  1.62663302e+00 -8.17972233e-01  2.12397946e+00 -1.51146509e+00
 -2.57649615e-01 -8.91541631e-01 -2.94456915e+00  3.11110477e+00
 -1.76829140e+00  3.04293490e+00 -1.36794883e+00 -2.36954047e+00
  3.75170100e+00 -1.21398346e+00 -6.07930189e-01 -3.06848521e+00
 -2.50475773e+00  2.98141776e+00 -1.94177708e+00 -1.67764290e+00
 -3.91948985e-01  2.96091142e+00  1.61869809e-01  1.71358760e-02
 -1.61930816e+00 -1.46285935e-01 -1.60882946e+00 -3.09480006e+00
  2.91511758e+00  1.15750596e+00 -3.22613901e-01 -2.31070760e+00
  1.00433066e+00 -1.15278870e+00 -2.75437757e-01 -2.15259119e+00
 -1.88250328e+00  1.81208758e+00 -9.86389751e-01  2.55507187e+00
 -4.42683823e-01 -3.08507194e+00 -2.82759476e+00  2.02939638e+00
 -3.07747501e+00 -2.68410502e-01 -1.04253943e+00 -1.77878791e-01
  2.37332352e+00  1.71586787e+00 -2.62147780e-01 -1.77988679e+00
 -3.03255012e+00  1.25607156e-01 -8.40779153e-01  1.47271781e+00
 -2.51271820e+00  9.70014630e-01 -2.72520326e-02  2.20397986e-01
  2.00772023e+00  7.41076538e-01  7.81140713e-01 -1.21791342e+00
  1.58752519e+00  2.55155578e+00  1.27899088e+00  3.03459232e-01
 -9.87365323e-01  2.58734658e+00  8.31581588e-01 -2.24485011e+00
 -1.05227254e-03  1.70674055e+00  1.06833249e+00 -6.58024490e-01
 -2.32750564e+00  2.41657627e+00  2.03908120e+00  1.64383846e+00
  2.27162014e+00  1.87079146e+00 -2.12527562e+00 -2.86806793e+00
  5.35954083e-01  1.39608327e+00 -2.41682625e+00 -1.32513326e+00
  2.45320449e+00  1.27394123e+00  3.01841881e-02 -1.74519201e+00
 -1.55145795e+00  1.95047298e+00  1.47054172e+00 -8.03529990e-01
 -1.43903255e-01 -4.66047193e-01 -1.69350723e-01  2.39087551e+00
 -5.34735407e-01 -6.51492163e-01  1.05457728e+00 -2.28636014e+00
  1.01015302e+00  2.57931413e+00 -4.98947136e-01  2.13109181e+00
 -1.96693108e+00 -8.70062316e-01 -2.41170858e+00 -2.29527939e+00
 -1.40175793e+00 -2.91990586e+00  1.56395023e+00  1.84149760e+00
  1.64714146e+00  1.00498118e+00  1.42283457e+00 -2.30233769e+00
 -2.69610961e+00  1.74344756e+00  9.93256968e-01 -4.23651604e-01
 -2.62332345e+00  1.55755399e+00 -1.22014110e+00 -2.49983219e+00
  6.13716291e-02]
Thu Jun 13 23:00:01 2024,599,0.09096050444910846,[-2.87127340e+00  2.08436189e+00 -1.62561504e+00  8.15654919e-02
  4.57592085e-01 -3.23862954e+00  3.25559327e+00  2.08789508e+00
  1.03824475e+00 -1.00231225e+00  5.54969375e-01  1.31713387e+00
  1.31589947e+00 -1.87111836e+00  7.65454794e-01  2.88314920e+00
 -3.91790197e-01 -4.31895123e-01 -1.92640144e+00  8.28278158e-01
  1.61670888e+00  2.91300140e+00 -1.38306041e+00 -4.13955479e-01
 -2.17913548e+00 -2.09082314e+00  3.13542811e+00  2.79856366e+00
 -7.30844949e-01 -2.62780455e+00  1.53586988e+00 -2.08612158e-01
 -2.44325855e+00  1.85685234e+00  1.12732839e+00 -6.24856055e-01
  1.09724985e+00 -2.00454183e+00 -2.16608596e-01  2.27345514e+00
 -3.05201284e-01  4.93991541e-01  2.42119877e+00  5.66951335e-01
  2.65195834e+00  2.88972468e+00  2.81226904e+00 -2.94032635e+00
  2.90331638e-01 -3.83543245e-01  1.71486517e+00  2.99533738e+00
 -3.63659584e-01 -2.36326351e+00  2.72151920e+00 -3.18114115e+00
  5.47808842e-01 -6.99752181e-01 -1.74114395e+00  3.10944110e+00
 -1.97413204e+00 -1.68407940e+00 -2.54829767e+00  2.36490195e+00
 -2.14032556e+00  1.97289577e+00  1.74030443e+00  1.47509752e+00
  2.52171294e+00  2.87660241e+00  1.98406803e+00  1.47785467e+00
 -1.76769570e+00 -2.38974093e+00  1.16366084e+00  5.79154328e-01
  1.59045475e+00 -2.78868352e+00 -9.88692359e-02  2.52453986e+00
 -1.17232519e+00  1.16231537e+00  1.23629625e+00  6.07958652e-01
 -9.69299511e-01  1.11419986e+00  7.93138626e-01 -3.84677600e-01
  2.82056397e+00 -2.14100376e+00  1.59304704e+00 -6.68142808e-01
  9.83168971e-01 -3.21515086e+00 -2.22256796e+00  3.38175306e-01
 -1.08523049e+00 -4.11693580e-01  2.68928881e-01  6.14229559e-02
 -1.76148678e+00 -2.06141763e-01 -6.53471460e-01  2.89057776e+00
 -1.13617122e+00 -1.19825855e+00 -1.12596636e+00  1.28592551e+00
  1.62670225e+00 -8.17903000e-01  2.12404870e+00 -1.51139585e+00
 -2.57580382e-01 -8.91472398e-01 -2.94449992e+00  3.11117400e+00
 -1.76822217e+00  3.04300413e+00 -1.36801806e+00 -2.36960970e+00
  3.75163176e+00 -1.21391423e+00 -6.07999422e-01 -3.06855444e+00
 -2.50468849e+00  2.98134853e+00 -1.94170784e+00 -1.67757367e+00
 -3.92018218e-01  2.96098066e+00  1.61939042e-01  1.72051088e-02
 -1.61923893e+00 -1.46355168e-01 -1.60889870e+00 -3.09473083e+00
  2.91504835e+00  1.15743672e+00 -3.22544669e-01 -2.31077684e+00
  1.00426143e+00 -1.15285793e+00 -2.75368524e-01 -2.15252196e+00
 -1.88243405e+00  1.81215681e+00 -9.86320518e-01  2.55500264e+00
 -4.42614590e-01 -3.08500271e+00 -2.82766399e+00  2.02932715e+00
 -3.07740578e+00 -2.68479735e-01 -1.04247020e+00 -1.77809558e-01
  2.37339275e+00  1.71593710e+00 -2.62217013e-01 -1.77995603e+00
 -3.03261935e+00  1.25676389e-01 -8.40848386e-01  1.47278704e+00
 -2.51264897e+00  9.69945397e-01 -2.73212654e-02  2.20328754e-01
  2.00778946e+00  7.41007306e-01  7.81071480e-01 -1.21784419e+00
  1.58759442e+00  2.55162501e+00  1.27892165e+00  3.03390000e-01
 -9.87296090e-01  2.58727735e+00  8.31650821e-01 -2.24478088e+00
 -1.12150536e-03  1.70680978e+00  1.06826326e+00 -6.58093723e-01
 -2.32743640e+00  2.41664551e+00  2.03915044e+00  1.64390769e+00
  2.27155090e+00  1.87086069e+00 -2.12534485e+00 -2.86799869e+00
  5.36023315e-01  1.39601403e+00 -2.41675702e+00 -1.32520249e+00
  2.45313525e+00  1.27401046e+00  3.01149553e-02 -1.74512278e+00
 -1.55152719e+00  1.95054221e+00  1.47047248e+00 -8.03460757e-01
 -1.43834022e-01 -4.65977960e-01 -1.69281490e-01  2.39080628e+00
 -5.34804640e-01 -6.51561396e-01  1.05450805e+00 -2.28629091e+00
  1.01022225e+00  2.57924489e+00 -4.98877903e-01  2.13102257e+00
 -1.96686185e+00 -8.69993083e-01 -2.41177781e+00 -2.29521016e+00
 -1.40182716e+00 -2.91997509e+00  1.56401946e+00  1.84142837e+00
  1.64721069e+00  1.00505042e+00  1.42290380e+00 -2.30240692e+00
 -2.69617884e+00  1.74351679e+00  9.93326200e-01 -4.23582372e-01
 -2.62339269e+00  1.55748476e+00 -1.22007187e+00 -2.49990142e+00
  6.14408619e-02]
Thu Jun 13 23:00:19 2024,600,0.09077029669844361,[-2.86951640e+00  2.08260489e+00 -1.62385804e+00  7.98084890e-02
  4.59349088e-01 -3.23687254e+00  3.25383627e+00  2.08613808e+00
  1.04000176e+00 -1.00406925e+00  5.53212372e-01  1.31537687e+00
  1.31765647e+00 -1.87287537e+00  7.63697791e-01  2.88490620e+00
 -3.90033194e-01 -4.30138120e-01 -1.92464444e+00  8.30035161e-01
  1.61495188e+00  2.91124439e+00 -1.38481741e+00 -4.15712482e-01
 -2.18089248e+00 -2.08906613e+00  3.13367110e+00  2.80032066e+00
 -7.29087946e-01 -2.62956155e+00  1.53411288e+00 -2.06855155e-01
 -2.44150155e+00  1.85860934e+00  1.12908540e+00 -6.23099052e-01
  1.09900685e+00 -2.00629883e+00 -2.18365599e-01  2.27169814e+00
 -3.06958287e-01  4.92234538e-01  2.41944176e+00  5.68708338e-01
  2.65020134e+00  2.88796767e+00  2.81402604e+00 -2.94208336e+00
  2.92088641e-01 -3.85300248e-01  1.71310817e+00  2.99358038e+00
 -3.61902581e-01 -2.36150651e+00  2.71976220e+00 -3.17938415e+00
  5.46051839e-01 -7.01509184e-01 -1.74290095e+00  3.10768409e+00
 -1.97588904e+00 -1.68232240e+00 -2.55005467e+00  2.36314495e+00
 -2.13856856e+00  1.97465277e+00  1.74206143e+00  1.47685453e+00
  2.52346994e+00  2.87835941e+00  1.98582504e+00  1.47609767e+00
 -1.76945270e+00 -2.38798393e+00  1.16190384e+00  5.77397325e-01
  1.58869775e+00 -2.79044052e+00 -1.00626239e-01  2.52278286e+00
 -1.17056819e+00  1.16055836e+00  1.23805326e+00  6.09715655e-01
 -9.71056514e-01  1.11244286e+00  7.91381623e-01 -3.82920597e-01
  2.81880697e+00 -2.14276076e+00  1.59129004e+00 -6.69899811e-01
  9.81411968e-01 -3.21339386e+00 -2.22432496e+00  3.36418303e-01
 -1.08698750e+00 -4.13450582e-01  2.70685884e-01  6.31799589e-02
 -1.75972978e+00 -2.07898766e-01 -6.55228463e-01  2.89233476e+00
 -1.13441422e+00 -1.19650155e+00 -1.12772336e+00  1.28416851e+00
  1.62845926e+00 -8.19660003e-01  2.12229169e+00 -1.50963885e+00
 -2.55823379e-01 -8.93229401e-01 -2.94625692e+00  3.10941700e+00
 -1.76646517e+00  3.04476113e+00 -1.36626106e+00 -2.36785270e+00
  3.75338877e+00 -1.21567123e+00 -6.06242419e-01 -3.06679744e+00
 -2.50293149e+00  2.98310553e+00 -1.94346485e+00 -1.67933067e+00
 -3.93775221e-01  2.95922365e+00  1.63696045e-01  1.89621118e-02
 -1.62099593e+00 -1.48112171e-01 -1.60714169e+00 -3.09648783e+00
  2.91680535e+00  1.15567972e+00 -3.24301671e-01 -2.31253384e+00
  1.00601843e+00 -1.15110093e+00 -2.77125527e-01 -2.15076496e+00
 -1.88067705e+00  1.81039981e+00 -9.88077521e-01  2.55675964e+00
 -4.40857587e-01 -3.08675971e+00 -2.82942100e+00  2.02757015e+00
 -3.07916278e+00 -2.66722732e-01 -1.04422720e+00 -1.79566561e-01
  2.37514975e+00  1.71769411e+00 -2.63974016e-01 -1.78171303e+00
 -3.03437636e+00  1.23919386e-01 -8.42605389e-01  1.47103004e+00
 -2.51440597e+00  9.71702400e-01 -2.55642625e-02  2.18571751e-01
  2.00954647e+00  7.42764308e-01  7.79314477e-01 -1.21960119e+00
  1.58583742e+00  2.54986801e+00  1.27716464e+00  3.05147003e-01
 -9.89053093e-01  2.58903435e+00  8.33407824e-01 -2.24302388e+00
 -2.87850833e-03  1.70856679e+00  1.07002026e+00 -6.56336720e-01
 -2.32567940e+00  2.41488850e+00  2.03739343e+00  1.64215069e+00
  2.26979390e+00  1.87261770e+00 -2.12710185e+00 -2.86975570e+00
  5.37780318e-01  1.39425703e+00 -2.41851402e+00 -1.32695949e+00
  2.45489226e+00  1.27225346e+00  3.18719583e-02 -1.74687978e+00
 -1.55328419e+00  1.95229922e+00  1.47222949e+00 -8.05217760e-01
 -1.42077019e-01 -4.64220957e-01 -1.71038493e-01  2.39256328e+00
 -5.36561643e-01 -6.53318399e-01  1.05626505e+00 -2.28804791e+00
  1.00846525e+00  2.57748789e+00 -4.97120900e-01  2.12926557e+00
 -1.96510484e+00 -8.68236080e-01 -2.41002081e+00 -2.29696716e+00
 -1.40007016e+00 -2.91821809e+00  1.56577646e+00  1.84318537e+00
  1.64896770e+00  1.00680742e+00  1.42466080e+00 -2.30064992e+00
 -2.69442184e+00  1.74175979e+00  9.95083203e-01 -4.25339375e-01
 -2.62514969e+00  1.55924176e+00 -1.22182887e+00 -2.49814442e+00
  5.96838590e-02]
Thu Jun 13 23:00:48 2024,601,0.09056676663506401,[-2.86816367e+00  2.08125216e+00 -1.62521077e+00  7.84557590e-02
  4.60701818e-01 -3.23822527e+00  3.25248354e+00  2.08478535e+00
  1.04135449e+00 -1.00271652e+00  5.54565102e-01  1.31402414e+00
  1.31630374e+00 -1.87152264e+00  7.65050521e-01  2.88355347e+00
 -3.91385924e-01 -4.28785390e-01 -1.92329171e+00  8.28682431e-01
  1.61630461e+00  2.91259712e+00 -1.38617014e+00 -4.14359752e-01
 -2.17953975e+00 -2.09041886e+00  3.13231837e+00  2.79896793e+00
 -7.30440676e-01 -2.63091428e+00  1.53276015e+00 -2.05502425e-01
 -2.44285428e+00  1.85725661e+00  1.12773267e+00 -6.24451782e-01
  1.09765412e+00 -2.00765156e+00 -2.17012869e-01  2.27034541e+00
 -3.08311017e-01  4.90881808e-01  2.41808903e+00  5.70061068e-01
  2.64884861e+00  2.88932040e+00  2.81267331e+00 -2.94073063e+00
  2.90735911e-01 -3.83947518e-01  1.71446090e+00  2.99493311e+00
 -3.63255311e-01 -2.36015378e+00  2.72111493e+00 -3.17803142e+00
  5.47404569e-01 -7.02861914e-01 -1.74154822e+00  3.10633136e+00
 -1.97453631e+00 -1.68367513e+00 -2.54870194e+00  2.36179222e+00
 -2.13992129e+00  1.97330004e+00  1.74341416e+00  1.47820726e+00
  2.52211721e+00  2.87971214e+00  1.98717777e+00  1.47745040e+00
 -1.76809997e+00 -2.38933666e+00  1.16055111e+00  5.76044595e-01
  1.59005048e+00 -2.79179325e+00 -9.92735089e-02  2.52143013e+00
 -1.17192092e+00  1.16191109e+00  1.23940599e+00  6.08362925e-01
 -9.72409244e-01  1.11379559e+00  7.92734353e-01 -3.81567867e-01
  2.81745424e+00 -2.14411349e+00  1.59264277e+00 -6.68547081e-01
  9.80059238e-01 -3.21204113e+00 -2.22567769e+00  3.37771033e-01
 -1.08563477e+00 -4.14803312e-01  2.69333154e-01  6.18272289e-02
 -1.76108251e+00 -2.09251496e-01 -6.56581193e-01  2.89098203e+00
 -1.13576695e+00 -1.19514882e+00 -1.12637063e+00  1.28281578e+00
  1.62981199e+00 -8.21012733e-01  2.12364442e+00 -1.50828612e+00
 -2.57176109e-01 -8.91876671e-01 -2.94490419e+00  3.11076973e+00
 -1.76511244e+00  3.04611386e+00 -1.36761379e+00 -2.36649997e+00
  3.75474150e+00 -1.21702396e+00 -6.07595149e-01 -3.06544471e+00
 -2.50428422e+00  2.98175280e+00 -1.94211212e+00 -1.68068340e+00
 -3.95127951e-01  2.96057638e+00  1.62343315e-01  2.03148418e-02
 -1.62234866e+00 -1.49464901e-01 -1.60578896e+00 -3.09513510e+00
  2.91545262e+00  1.15432699e+00 -3.22948942e-01 -2.31388657e+00
  1.00466570e+00 -1.14974820e+00 -2.75772797e-01 -2.15211769e+00
 -1.88202978e+00  1.81175254e+00 -9.86724791e-01  2.55811237e+00
 -4.39504857e-01 -3.08540698e+00 -2.82806827e+00  2.02621742e+00
 -3.08051551e+00 -2.65370002e-01 -1.04287447e+00 -1.78213831e-01
  2.37379702e+00  1.71904684e+00 -2.65326746e-01 -1.78306576e+00
 -3.03302363e+00  1.25272116e-01 -8.43958119e-01  1.46967731e+00
 -2.51305324e+00  9.73055130e-01 -2.69169924e-02  2.17219021e-01
  2.01089920e+00  7.41411579e-01  7.80667207e-01 -1.22095392e+00
  1.58719015e+00  2.54851528e+00  1.27581191e+00  3.03794273e-01
 -9.90405823e-01  2.58768162e+00  8.34760554e-01 -2.24437661e+00
 -1.52577835e-03  1.70991952e+00  1.07137299e+00 -6.54983990e-01
 -2.32432667e+00  2.41353577e+00  2.03604070e+00  1.64079796e+00
  2.26844117e+00  1.87397043e+00 -2.12845458e+00 -2.86840297e+00
  5.36427588e-01  1.39290430e+00 -2.41716129e+00 -1.32560676e+00
  2.45353953e+00  1.27090073e+00  3.05192283e-02 -1.74552705e+00
 -1.55463692e+00  1.95094649e+00  1.47358222e+00 -8.03865030e-01
 -1.43429749e-01 -4.62868227e-01 -1.72391223e-01  2.39391601e+00
 -5.37914372e-01 -6.51965669e-01  1.05761778e+00 -2.28940064e+00
  1.00981798e+00  2.57613516e+00 -4.98473630e-01  2.13061830e+00
 -1.96645757e+00 -8.69588810e-01 -2.41137354e+00 -2.29831989e+00
 -1.39871743e+00 -2.91957082e+00  1.56442373e+00  1.84183264e+00
  1.65032043e+00  1.00816015e+00  1.42601353e+00 -2.29929719e+00
 -2.69577457e+00  1.74040706e+00  9.96435933e-01 -4.23986645e-01
 -2.62379696e+00  1.55788903e+00 -1.22047614e+00 -2.49679169e+00
  6.10365890e-02]
Thu Jun 13 23:01:04 2024,602,0.09056172580259389,[-2.86797709e+00  2.08106558e+00 -1.62539734e+00  7.86423328e-02
  4.60515244e-01 -3.23841184e+00  3.25267012e+00  2.08459878e+00
  1.04154106e+00 -1.00290309e+00  5.54751676e-01  1.31421071e+00
  1.31611717e+00 -1.87133606e+00  7.64863948e-01  2.88374004e+00
 -3.91199350e-01 -4.28971964e-01 -1.92310513e+00  8.28869005e-01
  1.61649118e+00  2.91241055e+00 -1.38598356e+00 -4.14173178e-01
 -2.17972632e+00 -2.09060544e+00  3.13213180e+00  2.79915451e+00
 -7.30254103e-01 -2.63072770e+00  1.53294672e+00 -2.05688999e-01
 -2.44304085e+00  1.85707004e+00  1.12754609e+00 -6.24265208e-01
  1.09784070e+00 -2.00746499e+00 -2.16826295e-01  2.27015883e+00
 -3.08497591e-01  4.91068382e-01  2.41827561e+00  5.70247642e-01
  2.64866203e+00  2.88913383e+00  2.81248674e+00 -2.94091720e+00
  2.90549337e-01 -3.83760944e-01  1.71427433e+00  2.99511968e+00
 -3.63068738e-01 -2.36034035e+00  2.72092836e+00 -3.17784485e+00
  5.47591142e-01 -7.03048487e-01 -1.74173479e+00  3.10614479e+00
 -1.97472289e+00 -1.68348855e+00 -2.54888852e+00  2.36160564e+00
 -2.13973472e+00  1.97348661e+00  1.74360074e+00  1.47802068e+00
  2.52193064e+00  2.87989872e+00  1.98736434e+00  1.47726383e+00
 -1.76791340e+00 -2.38915008e+00  1.16073768e+00  5.75858021e-01
  1.58986390e+00 -2.79160668e+00 -9.90869351e-02  2.52161671e+00
 -1.17210749e+00  1.16172452e+00  1.23959256e+00  6.08549499e-01
 -9.72595818e-01  1.11398216e+00  7.92920927e-01 -3.81754441e-01
  2.81764081e+00 -2.14430006e+00  1.59282934e+00 -6.68733654e-01
  9.80245811e-01 -3.21185456e+00 -2.22586427e+00  3.37584459e-01
 -1.08582134e+00 -4.14616739e-01  2.69519728e-01  6.20138027e-02
 -1.76126908e+00 -2.09064922e-01 -6.56767767e-01  2.89079546e+00
 -1.13595353e+00 -1.19496225e+00 -1.12618406e+00  1.28262920e+00
  1.62962541e+00 -8.21199306e-01  2.12383100e+00 -1.50809955e+00
 -2.57362683e-01 -8.91690097e-01 -2.94471762e+00  3.11058316e+00
 -1.76529901e+00  3.04630044e+00 -1.36780036e+00 -2.36668654e+00
  3.75455492e+00 -1.21721053e+00 -6.07408575e-01 -3.06563128e+00
 -2.50447079e+00  2.98156623e+00 -1.94192554e+00 -1.68049683e+00
 -3.94941377e-01  2.96076296e+00  1.62529889e-01  2.05014156e-02
 -1.62216209e+00 -1.49278327e-01 -1.60560239e+00 -3.09494852e+00
  2.91563919e+00  1.15414042e+00 -3.23135515e-01 -2.31369999e+00
  1.00447913e+00 -1.14956162e+00 -2.75586223e-01 -2.15193111e+00
 -1.88221635e+00  1.81156597e+00 -9.86911365e-01  2.55792580e+00
 -4.39318283e-01 -3.08522041e+00 -2.82825484e+00  2.02640399e+00
 -3.08070208e+00 -2.65183428e-01 -1.04268790e+00 -1.78027258e-01
  2.37361045e+00  1.71923341e+00 -2.65513320e-01 -1.78325233e+00
 -3.03321020e+00  1.25458690e-01 -8.43771545e-01  1.46986388e+00
 -2.51323982e+00  9.72868556e-01 -2.71035662e-02  2.17405594e-01
  2.01071262e+00  7.41225005e-01  7.80853781e-01 -1.22114049e+00
  1.58737672e+00  2.54832871e+00  1.27599849e+00  3.03607699e-01
 -9.90592397e-01  2.58786820e+00  8.34573980e-01 -2.24456318e+00
 -1.33920454e-03  1.70973294e+00  1.07118642e+00 -6.54797416e-01
 -2.32451325e+00  2.41372235e+00  2.03585413e+00  1.64098453e+00
  2.26862774e+00  1.87378385e+00 -2.12826801e+00 -2.86821639e+00
  5.36241015e-01  1.39309087e+00 -2.41697472e+00 -1.32579334e+00
  2.45335295e+00  1.27071416e+00  3.03326545e-02 -1.74571363e+00
 -1.55445035e+00  1.95113306e+00  1.47376879e+00 -8.04051604e-01
 -1.43243175e-01 -4.62681654e-01 -1.72204649e-01  2.39372944e+00
 -5.38100946e-01 -6.52152243e-01  1.05743121e+00 -2.28921407e+00
  1.00963141e+00  2.57632174e+00 -4.98660204e-01  2.13080487e+00
 -1.96664415e+00 -8.69402237e-01 -2.41156012e+00 -2.29850646e+00
 -1.39890400e+00 -2.91975740e+00  1.56423716e+00  1.84164607e+00
  1.65013385e+00  1.00797358e+00  1.42620011e+00 -2.29948376e+00
 -2.69596114e+00  1.74059363e+00  9.96249360e-01 -4.23800071e-01
 -2.62398353e+00  1.55770246e+00 -1.22028957e+00 -2.49697826e+00
  6.12231628e-02]
Thu Jun 13 23:01:49 2024,603,0.09045137384244883,[-2.86619170e+00  2.08285098e+00 -1.62361195e+00  7.68569375e-02
  4.58729848e-01 -3.24019724e+00  3.25088472e+00  2.08638417e+00
  1.04332645e+00 -1.00468849e+00  5.52966281e-01  1.31599611e+00
  1.31790256e+00 -1.86955067e+00  7.66649343e-01  2.88195465e+00
 -3.92984745e-01 -4.27186569e-01 -1.92131974e+00  8.30654400e-01
  1.61827658e+00  2.91419595e+00 -1.38776896e+00 -4.12387783e-01
 -2.18151172e+00 -2.09239083e+00  3.13034640e+00  2.80093990e+00
 -7.28468707e-01 -2.63251310e+00  1.53116133e+00 -2.03903604e-01
 -2.44482625e+00  1.85885543e+00  1.12933149e+00 -6.22479812e-01
  1.09605530e+00 -2.00925038e+00 -2.18611691e-01  2.27194423e+00
 -3.10282986e-01  4.92853778e-01  2.41649021e+00  5.72033038e-01
  2.65044743e+00  2.88734843e+00  2.81070134e+00 -2.93913180e+00
  2.88763942e-01 -3.85546340e-01  1.71248893e+00  2.99333429e+00
 -3.64854133e-01 -2.35855495e+00  2.72271375e+00 -3.17605945e+00
  5.45805747e-01 -7.04833883e-01 -1.74352019e+00  3.10435939e+00
 -1.97650828e+00 -1.68527395e+00 -2.55067391e+00  2.35982025e+00
 -2.13794932e+00  1.97527201e+00  1.74538613e+00  1.47623529e+00
  2.52014524e+00  2.87811332e+00  1.98557894e+00  1.47547843e+00
 -1.76612800e+00 -2.39093548e+00  1.16252308e+00  5.74072626e-01
  1.58807851e+00 -2.78982128e+00 -1.00872330e-01  2.51983131e+00
 -1.17032210e+00  1.16350991e+00  1.24137796e+00  6.06764103e-01
 -9.70810423e-01  1.11219676e+00  7.91135531e-01 -3.83539836e-01
  2.81585542e+00 -2.14251467e+00  1.59461474e+00 -6.66948259e-01
  9.78460416e-01 -3.21006916e+00 -2.22407887e+00  3.35799064e-01
 -1.08760673e+00 -4.16402134e-01  2.71305123e-01  6.02284074e-02
 -1.75948369e+00 -2.10850318e-01 -6.54982371e-01  2.88901006e+00
 -1.13773892e+00 -1.19317685e+00 -1.12439866e+00  1.28084381e+00
  1.63141081e+00 -8.19413911e-01  2.12561639e+00 -1.50631415e+00
 -2.55577287e-01 -8.89904702e-01 -2.94293222e+00  3.10879776e+00
 -1.76708441e+00  3.04808583e+00 -1.36958576e+00 -2.36490115e+00
  3.75634032e+00 -1.21899593e+00 -6.09193970e-01 -3.06741668e+00
 -2.50625619e+00  2.97978083e+00 -1.94371094e+00 -1.67871143e+00
 -3.93155982e-01  2.96254835e+00  1.60744493e-01  1.87160202e-02
 -1.62394748e+00 -1.47492932e-01 -1.60381700e+00 -3.09673392e+00
  2.91385380e+00  1.15592581e+00 -3.21350120e-01 -2.31548539e+00
  1.00269373e+00 -1.14777623e+00 -2.77371618e-01 -2.15014572e+00
 -1.88400175e+00  1.80978057e+00 -9.85125970e-01  2.55614040e+00
 -4.41103678e-01 -3.08343501e+00 -2.82646945e+00  2.02818939e+00
 -3.07891669e+00 -2.66968823e-01 -1.04090250e+00 -1.79812653e-01
  2.37539584e+00  1.72101881e+00 -2.67298715e-01 -1.78146694e+00
 -3.03499560e+00  1.23673294e-01 -8.41986150e-01  1.47164928e+00
 -2.51145442e+00  9.71083161e-01 -2.88889616e-02  2.15620199e-01
  2.00892723e+00  7.39439609e-01  7.79068386e-01 -1.21935510e+00
  1.58916212e+00  2.55011410e+00  1.27421309e+00  3.05393094e-01
 -9.92377792e-01  2.58965359e+00  8.32788584e-01 -2.24634858e+00
  4.46190797e-04  1.71151834e+00  1.06940102e+00 -6.56582811e-01
 -2.32629864e+00  2.41193695e+00  2.03406873e+00  1.64276993e+00
  2.27041314e+00  1.87556925e+00 -2.12648261e+00 -2.86643100e+00
  5.38026410e-01  1.39130548e+00 -2.41876011e+00 -1.32400794e+00
  2.45156756e+00  1.26892876e+00  2.85472592e-02 -1.74749902e+00
 -1.55623574e+00  1.95291846e+00  1.47555418e+00 -8.05836999e-01
 -1.41457780e-01 -4.60896258e-01 -1.73990044e-01  2.39194404e+00
 -5.39886342e-01 -6.50366847e-01  1.05921660e+00 -2.29099947e+00
  1.00784601e+00  2.57810713e+00 -4.96874809e-01  2.12901948e+00
 -1.96485875e+00 -8.71187632e-01 -2.41334551e+00 -2.29672107e+00
 -1.40068940e+00 -2.92154279e+00  1.56602255e+00  1.84343146e+00
  1.64834846e+00  1.00975897e+00  1.42798550e+00 -2.30126916e+00
 -2.69774654e+00  1.74237903e+00  9.94463964e-01 -4.22014675e-01
 -2.62219814e+00  1.55948785e+00 -1.21850417e+00 -2.49519286e+00
  6.30085581e-02]
Thu Jun 13 23:02:11 2024,604,0.09045110346868808,[-2.86620091e+00  2.08286019e+00 -1.62362116e+00  7.68477268e-02
  4.58720638e-01 -3.24018803e+00  3.25087551e+00  2.08639338e+00
  1.04333566e+00 -1.00469770e+00  5.52957070e-01  1.31600532e+00
  1.31791177e+00 -1.86954146e+00  7.66658554e-01  2.88196386e+00
 -3.92975534e-01 -4.27195780e-01 -1.92131053e+00  8.30663611e-01
  1.61826737e+00  2.91420516e+00 -1.38775975e+00 -4.12396994e-01
 -2.18150251e+00 -2.09240004e+00  3.13035562e+00  2.80093069e+00
 -7.28459496e-01 -2.63252231e+00  1.53115212e+00 -2.03912814e-01
 -2.44481704e+00  1.85884622e+00  1.12932228e+00 -6.22470602e-01
  1.09604609e+00 -2.00925959e+00 -2.18620901e-01  2.27193502e+00
 -3.10292197e-01  4.92844567e-01  2.41648100e+00  5.72042248e-01
  2.65045664e+00  2.88733922e+00  2.81071055e+00 -2.93914101e+00
  2.88754731e-01 -3.85555550e-01  1.71249814e+00  2.99332508e+00
 -3.64844922e-01 -2.35856417e+00  2.72270454e+00 -3.17606866e+00
  5.45796536e-01 -7.04824672e-01 -1.74351098e+00  3.10436861e+00
 -1.97649907e+00 -1.68526474e+00 -2.55066470e+00  2.35981104e+00
 -2.13794011e+00  1.97526280e+00  1.74539534e+00  1.47624450e+00
  2.52015445e+00  2.87810411e+00  1.98556973e+00  1.47548764e+00
 -1.76613721e+00 -2.39094469e+00  1.16251387e+00  5.74063415e-01
  1.58806930e+00 -2.78983050e+00 -1.00863120e-01  2.51984052e+00
 -1.17033131e+00  1.16351912e+00  1.24138717e+00  6.06773314e-01
 -9.70819634e-01  1.11218755e+00  7.91144742e-01 -3.83530626e-01
  2.81584621e+00 -2.14252388e+00  1.59462395e+00 -6.66939048e-01
  9.78451205e-01 -3.21005995e+00 -2.22406966e+00  3.35808275e-01
 -1.08761595e+00 -4.16392923e-01  2.71314334e-01  6.02376181e-02
 -1.75949290e+00 -2.10859528e-01 -6.54991582e-01  2.88900085e+00
 -1.13774813e+00 -1.19318606e+00 -1.12438945e+00  1.28085302e+00
  1.63140160e+00 -8.19423122e-01  2.12562560e+00 -1.50632336e+00
 -2.55568077e-01 -8.89895491e-01 -2.94292301e+00  3.10878855e+00
 -1.76707519e+00  3.04809504e+00 -1.36957655e+00 -2.36489194e+00
  3.75634953e+00 -1.21900514e+00 -6.09184759e-01 -3.06742589e+00
 -2.50626540e+00  2.97979004e+00 -1.94372015e+00 -1.67870222e+00
 -3.93165192e-01  2.96253914e+00  1.60753704e-01  1.87068095e-02
 -1.62395669e+00 -1.47502142e-01 -1.60382621e+00 -3.09672471e+00
  2.91386301e+00  1.15591660e+00 -3.21340909e-01 -2.31547618e+00
  1.00270295e+00 -1.14776702e+00 -2.77362408e-01 -2.15015493e+00
 -1.88401096e+00  1.80978978e+00 -9.85135180e-01  2.55614961e+00
 -4.41094468e-01 -3.08342580e+00 -2.82646023e+00  2.02819860e+00
 -3.07892590e+00 -2.66978034e-01 -1.04091172e+00 -1.79803442e-01
  2.37540505e+00  1.72100959e+00 -2.67289504e-01 -1.78147615e+00
 -3.03500481e+00  1.23682505e-01 -8.41995360e-01  1.47164007e+00
 -2.51144521e+00  9.71092371e-01 -2.88981723e-02  2.15629410e-01
  2.00893644e+00  7.39430399e-01  7.79059175e-01 -1.21934589e+00
  1.58917133e+00  2.55010489e+00  1.27420388e+00  3.05402305e-01
 -9.92387003e-01  2.58964438e+00  8.32779374e-01 -2.24635779e+00
  4.55401502e-04  1.71152755e+00  1.06941023e+00 -6.56592022e-01
 -2.32628943e+00  2.41194616e+00  2.03405952e+00  1.64277914e+00
  2.27040393e+00  1.87556004e+00 -2.12649182e+00 -2.86642179e+00
  5.38017199e-01  1.39131469e+00 -2.41875090e+00 -1.32399873e+00
  2.45157677e+00  1.26893797e+00  2.85380485e-02 -1.74750823e+00
 -1.55622653e+00  1.95292767e+00  1.47554497e+00 -8.05827788e-01
 -1.41466991e-01 -4.60905469e-01 -1.73999255e-01  2.39193483e+00
 -5.39895552e-01 -6.50357637e-01  1.05920739e+00 -2.29099026e+00
  1.00785522e+00  2.57809792e+00 -4.96865598e-01  2.12902869e+00
 -1.96486796e+00 -8.71178421e-01 -2.41335472e+00 -2.29673028e+00
 -1.40068019e+00 -2.92153358e+00  1.56601334e+00  1.84344067e+00
  1.64835767e+00  1.00976818e+00  1.42797629e+00 -2.30127837e+00
 -2.69775575e+00  1.74236982e+00  9.94454754e-01 -4.22023886e-01
 -2.62220735e+00  1.55947864e+00 -1.21851338e+00 -2.49518365e+00
  6.30177688e-02]
Thu Jun 13 23:02:26 2024,605,0.09013926602306915,[-2.86382467e+00  2.08523643e+00 -1.62124492e+00  7.44714891e-02
  4.61096875e-01 -3.24256426e+00  3.24849927e+00  2.08876962e+00
  1.04571190e+00 -1.00707394e+00  5.50580832e-01  1.31838156e+00
  1.31553553e+00 -1.87191770e+00  7.64282316e-01  2.87958762e+00
 -3.95351772e-01 -4.29572017e-01 -1.92368676e+00  8.28287373e-01
  1.62064361e+00  2.91658139e+00 -1.38538351e+00 -4.14773231e-01
 -2.18387875e+00 -2.09477628e+00  3.12797938e+00  2.79855445e+00
 -7.30835734e-01 -2.63489855e+00  1.52877588e+00 -2.01536577e-01
 -2.44244080e+00  1.85646998e+00  1.13169851e+00 -6.20094364e-01
  1.09366985e+00 -2.00688336e+00 -2.20997139e-01  2.27431126e+00
 -3.07915959e-01  4.95220804e-01  2.41410476e+00  5.69666011e-01
  2.64808040e+00  2.88971546e+00  2.81308679e+00 -2.94151725e+00
  2.86378493e-01 -3.87931788e-01  1.71487438e+00  2.99094884e+00
 -3.67221160e-01 -2.36094040e+00  2.72508078e+00 -3.17844490e+00
  5.48172774e-01 -7.02448434e-01 -1.74588721e+00  3.10674484e+00
 -1.97412283e+00 -1.68764098e+00 -2.54828846e+00  2.36218727e+00
 -2.14031635e+00  1.97288656e+00  1.74777158e+00  1.47386826e+00
  2.52253069e+00  2.88048035e+00  1.98794597e+00  1.47311140e+00
 -1.76376098e+00 -2.38856845e+00  1.16489010e+00  5.76439653e-01
  1.59044554e+00 -2.79220673e+00 -1.03239357e-01  2.52221676e+00
 -1.17270754e+00  1.16589536e+00  1.24376340e+00  6.04397076e-01
 -9.73195871e-01  1.10981132e+00  7.88768504e-01 -3.81154388e-01
  2.81346997e+00 -2.14490012e+00  1.59700019e+00 -6.69315286e-01
  9.76074968e-01 -3.20768371e+00 -2.22644590e+00  3.38184512e-01
 -1.08523971e+00 -4.18769161e-01  2.68938096e-01  5.78613804e-02
 -1.76186914e+00 -2.08483291e-01 -6.57367820e-01  2.89137709e+00
 -1.14012437e+00 -1.19556230e+00 -1.12201321e+00  1.28322926e+00
  1.62902536e+00 -8.17046884e-01  2.12800184e+00 -1.50394712e+00
 -2.53191839e-01 -8.87519254e-01 -2.94529925e+00  3.10641231e+00
 -1.76469896e+00  3.04571881e+00 -1.36720031e+00 -2.36251570e+00
  3.75872577e+00 -1.21662890e+00 -6.06808522e-01 -3.06504965e+00
 -2.50388916e+00  2.98216628e+00 -1.94609639e+00 -1.68107846e+00
 -3.90788955e-01  2.96016291e+00  1.58377466e-01  1.63305718e-02
 -1.62158046e+00 -1.45125905e-01 -1.60144997e+00 -3.09434847e+00
  2.91623925e+00  1.15354036e+00 -3.23717147e-01 -2.31309994e+00
  1.00032671e+00 -1.15014326e+00 -2.74986170e-01 -2.15253116e+00
 -1.88638720e+00  1.80741354e+00 -9.82758943e-01  2.55852585e+00
 -4.38718230e-01 -3.08580204e+00 -2.82883647e+00  2.03057483e+00
 -3.08130214e+00 -2.64601796e-01 -1.03853548e+00 -1.77427204e-01
  2.37778129e+00  1.71863336e+00 -2.64913267e-01 -1.77909991e+00
 -3.03262857e+00  1.21306267e-01 -8.39619123e-01  1.46926383e+00
 -2.51382145e+00  9.68716134e-01 -3.12744100e-02  2.13253172e-01
  2.00656020e+00  7.41806636e-01  7.76682938e-01 -1.22172212e+00
  1.58679509e+00  2.54772865e+00  1.27658012e+00  3.03026067e-01
 -9.94763241e-01  2.58726814e+00  8.35155611e-01 -2.24873403e+00
 -1.92083618e-03  1.70915131e+00  1.07178647e+00 -6.54215784e-01
 -2.32391319e+00  2.40956993e+00  2.03168328e+00  1.64040290e+00
  2.27278017e+00  1.87318380e+00 -2.12886806e+00 -2.86404555e+00
  5.40393437e-01  1.39369093e+00 -2.42112714e+00 -1.32162249e+00
  2.44920053e+00  1.27131421e+00  3.09142861e-02 -1.74988447e+00
 -1.55860277e+00  1.95530390e+00  1.47316874e+00 -8.03451550e-01
 -1.43843228e-01 -4.63281707e-01 -1.76375493e-01  2.39431107e+00
 -5.42271790e-01 -6.47981399e-01  1.06158363e+00 -2.28861402e+00
  1.00547899e+00  2.57572168e+00 -4.94489360e-01  2.12665245e+00
 -1.96249172e+00 -8.68802184e-01 -2.41097848e+00 -2.29910652e+00
 -1.39830395e+00 -2.92390982e+00  1.56838958e+00  1.84106444e+00
  1.64598143e+00  1.01214442e+00  1.43035253e+00 -2.29890213e+00
 -2.70013198e+00  1.74474605e+00  9.96830991e-01 -4.24400124e-01
 -2.61983111e+00  1.55710241e+00 -1.21613715e+00 -2.49755989e+00
  6.53940065e-02]
Thu Jun 13 23:02:43 2024,606,0.09012136286597758,[-2.86320949e+00  2.08585161e+00 -1.62186010e+00  7.50866693e-02
  4.61712056e-01 -3.24317944e+00  3.24911445e+00  2.08938480e+00
  1.04632708e+00 -1.00645876e+00  5.49965652e-01  1.31899674e+00
  1.31492035e+00 -1.87130251e+00  7.63667136e-01  2.87897244e+00
 -3.94736592e-01 -4.30187197e-01 -1.92430194e+00  8.27672193e-01
  1.62002843e+00  2.91596621e+00 -1.38599869e+00 -4.14158051e-01
 -2.18449393e+00 -2.09539146e+00  3.12859456e+00  2.79916963e+00
 -7.31450914e-01 -2.63428337e+00  1.52816070e+00 -2.00921396e-01
 -2.44182562e+00  1.85708516e+00  1.13231369e+00 -6.19479184e-01
  1.09305467e+00 -2.00626818e+00 -2.21612319e-01  2.27369608e+00
 -3.07300779e-01  4.94605624e-01  2.41471994e+00  5.70281191e-01
  2.64746522e+00  2.88910028e+00  2.81247161e+00 -2.94090207e+00
  2.85763313e-01 -3.87316608e-01  1.71548956e+00  2.99033366e+00
 -3.66605980e-01 -2.36032522e+00  2.72569596e+00 -3.17782972e+00
  5.47557594e-01 -7.03063615e-01 -1.74650239e+00  3.10736002e+00
 -1.97350765e+00 -1.68825616e+00 -2.54890364e+00  2.36280245e+00
 -2.13970117e+00  1.97227138e+00  1.74838676e+00  1.47325308e+00
  2.52191551e+00  2.88109553e+00  1.98733079e+00  1.47249622e+00
 -1.76314580e+00 -2.38918363e+00  1.16550528e+00  5.77054833e-01
  1.58983036e+00 -2.79282191e+00 -1.02624177e-01  2.52160158e+00
 -1.17332272e+00  1.16651054e+00  1.24437859e+00  6.03781896e-01
 -9.72580691e-01  1.10919614e+00  7.88153324e-01 -3.81769568e-01
  2.81408515e+00 -2.14428494e+00  1.59761537e+00 -6.68700106e-01
  9.75459787e-01 -3.20829889e+00 -2.22583072e+00  3.37569332e-01
 -1.08462453e+00 -4.19384341e-01  2.68322916e-01  5.72462001e-02
 -1.76248432e+00 -2.09098471e-01 -6.56752639e-01  2.89076191e+00
 -1.14073955e+00 -1.19617748e+00 -1.12262839e+00  1.28384444e+00
  1.62964054e+00 -8.17662064e-01  2.12738666e+00 -1.50333194e+00
 -2.53807019e-01 -8.86904073e-01 -2.94591443e+00  3.10579713e+00
 -1.76408378e+00  3.04510362e+00 -1.36658513e+00 -2.36313088e+00
  3.75934095e+00 -1.21601372e+00 -6.07423702e-01 -3.06566483e+00
 -2.50450434e+00  2.98155110e+00 -1.94671157e+00 -1.68169364e+00
 -3.91404135e-01  2.96077809e+00  1.58992647e-01  1.57153916e-02
 -1.62219564e+00 -1.45741085e-01 -1.60206515e+00 -3.09373329e+00
  2.91562407e+00  1.15292518e+00 -3.24332327e-01 -2.31371512e+00
  1.00094189e+00 -1.14952808e+00 -2.75601350e-01 -2.15314634e+00
 -1.88577202e+00  1.80802872e+00 -9.82143762e-01  2.55914103e+00
 -4.39333410e-01 -3.08518686e+00 -2.82945165e+00  2.03119001e+00
 -3.08191732e+00 -2.63986616e-01 -1.03792030e+00 -1.76812024e-01
  2.37839647e+00  1.71924854e+00 -2.65528447e-01 -1.77971509e+00
 -3.03324375e+00  1.21921448e-01 -8.40234303e-01  1.46864865e+00
 -2.51443663e+00  9.68100954e-01 -3.18895902e-02  2.12637992e-01
  2.00594502e+00  7.42421817e-01  7.76067757e-01 -1.22110694e+00
  1.58741027e+00  2.54834383e+00  1.27596494e+00  3.03641247e-01
 -9.94148060e-01  2.58788332e+00  8.35770792e-01 -2.24811885e+00
 -1.30565591e-03  1.70853613e+00  1.07117129e+00 -6.53600604e-01
 -2.32329801e+00  2.41018511e+00  2.03229847e+00  1.63978772e+00
  2.27339535e+00  1.87379898e+00 -2.12948324e+00 -2.86466073e+00
  5.39778257e-01  1.39430611e+00 -2.42174232e+00 -1.32100731e+00
  2.44981571e+00  1.27069903e+00  3.15294664e-02 -1.74926929e+00
 -1.55921795e+00  1.95591908e+00  1.47255356e+00 -8.02836370e-01
 -1.44458408e-01 -4.62666526e-01 -1.75760312e-01  2.39369589e+00
 -5.41656610e-01 -6.48596579e-01  1.06096845e+00 -2.28799884e+00
  1.00486380e+00  2.57633686e+00 -4.95104541e-01  2.12603727e+00
 -1.96187654e+00 -8.69417364e-01 -2.41159366e+00 -2.29972170e+00
 -1.39891913e+00 -2.92452500e+00  1.56900476e+00  1.84167962e+00
  1.64536625e+00  1.01275960e+00  1.42973735e+00 -2.29828695e+00
 -2.69951680e+00  1.74536123e+00  9.96215811e-01 -4.25015304e-01
 -2.62044629e+00  1.55771759e+00 -1.21675233e+00 -2.49694471e+00
  6.60091868e-02]
Thu Jun 13 23:03:01 2024,607,0.089998650371915,[-2.86244811e+00  2.08509022e+00 -1.62262148e+00  7.58480524e-02
  4.62473439e-01 -3.24394083e+00  3.24835307e+00  2.08862342e+00
  1.04556570e+00 -1.00569737e+00  5.50727035e-01  1.31975812e+00
  1.31415897e+00 -1.87054113e+00  7.64428519e-01  2.87821106e+00
 -3.93975209e-01 -4.29425814e-01 -1.92354056e+00  8.28433576e-01
  1.62078981e+00  2.91520483e+00 -1.38676007e+00 -4.13396668e-01
 -2.18373254e+00 -2.09463008e+00  3.12935594e+00  2.79993102e+00
 -7.30689531e-01 -2.63504475e+00  1.52739931e+00 -2.01682779e-01
 -2.44258700e+00  1.85784655e+00  1.13155231e+00 -6.18717801e-01
  1.09229329e+00 -2.00702956e+00 -2.20850936e-01  2.27445746e+00
 -3.06539396e-01  4.93844241e-01  2.41548133e+00  5.71042574e-01
  2.64670384e+00  2.88986166e+00  2.81323299e+00 -2.94014069e+00
  2.85001930e-01 -3.88077991e-01  1.71625094e+00  2.99109504e+00
 -3.67367363e-01 -2.36108661e+00  2.72493458e+00 -3.17859110e+00
  5.46796211e-01 -7.03824998e-01 -1.74574101e+00  3.10659864e+00
 -1.97426904e+00 -1.68901754e+00 -2.54814226e+00  2.36356384e+00
 -2.14046255e+00  1.97303276e+00  1.74762538e+00  1.47249170e+00
  2.52267689e+00  2.88033415e+00  1.98656941e+00  1.47173484e+00
 -1.76238441e+00 -2.38994501e+00  1.16474390e+00  5.76293450e-01
  1.59059174e+00 -2.79358330e+00 -1.01862794e-01  2.52236296e+00
 -1.17408411e+00  1.16574916e+00  1.24513997e+00  6.04543279e-01
 -9.73342074e-01  1.10843475e+00  7.87391941e-01 -3.81008185e-01
  2.81484653e+00 -2.14504632e+00  1.59685398e+00 -6.69461489e-01
  9.74698404e-01 -3.20753751e+00 -2.22659210e+00  3.38330715e-01
 -1.08386314e+00 -4.18622958e-01  2.69084299e-01  5.64848171e-02
 -1.76324570e+00 -2.09859854e-01 -6.55991256e-01  2.89152329e+00
 -1.14150093e+00 -1.19693886e+00 -1.12186701e+00  1.28308305e+00
  1.63040192e+00 -8.16900681e-01  2.12814804e+00 -1.50257056e+00
 -2.53045636e-01 -8.87665456e-01 -2.94515305e+00  3.10503575e+00
 -1.76332239e+00  3.04434224e+00 -1.36582375e+00 -2.36236950e+00
  3.76010233e+00 -1.21677510e+00 -6.06662319e-01 -3.06642621e+00
 -2.50526572e+00  2.98231248e+00 -1.94747295e+00 -1.68093226e+00
 -3.90642752e-01  2.96153947e+00  1.58231264e-01  1.49540085e-02
 -1.62143425e+00 -1.46502468e-01 -1.60130377e+00 -3.09297191e+00
  2.91486268e+00  1.15216380e+00 -3.23570944e-01 -2.31295374e+00
  1.00170327e+00 -1.15028946e+00 -2.76362733e-01 -2.15390773e+00
 -1.88653340e+00  1.80726734e+00 -9.81382379e-01  2.55990241e+00
 -4.38572027e-01 -3.08594824e+00 -2.83021304e+00  2.03042863e+00
 -3.08115593e+00 -2.64747999e-01 -1.03868168e+00 -1.76050641e-01
  2.37915785e+00  1.72000992e+00 -2.64767064e-01 -1.77895371e+00
 -3.03248237e+00  1.22682831e-01 -8.39472920e-01  1.46941003e+00
 -2.51367525e+00  9.67339571e-01 -3.11282072e-02  2.11876609e-01
  2.00518364e+00  7.41660434e-01  7.76829140e-01 -1.22034556e+00
  1.58817166e+00  2.54910522e+00  1.27672632e+00  3.04402630e-01
 -9.93386677e-01  2.58712194e+00  8.35009409e-01 -2.24735746e+00
 -5.44272875e-04  1.70929751e+00  1.07193268e+00 -6.52839221e-01
 -2.32253663e+00  2.40942372e+00  2.03305985e+00  1.64054910e+00
  2.27415673e+00  1.87456036e+00 -2.13024463e+00 -2.86389935e+00
  5.39016874e-01  1.39354473e+00 -2.42250370e+00 -1.32024593e+00
  2.45057709e+00  1.27146041e+00  3.07680834e-02 -1.75003067e+00
 -1.55845656e+00  1.95668047e+00  1.47331494e+00 -8.03597753e-01
 -1.43697025e-01 -4.63427909e-01 -1.76521696e-01  2.39445727e+00
 -5.40895227e-01 -6.49357962e-01  1.06172983e+00 -2.28723745e+00
  1.00562519e+00  2.57709825e+00 -4.95865924e-01  2.12527589e+00
 -1.96263793e+00 -8.68655981e-01 -2.41083228e+00 -2.29896031e+00
 -1.39815774e+00 -2.92528638e+00  1.56824338e+00  1.84091823e+00
  1.64612763e+00  1.01199822e+00  1.42897597e+00 -2.29904833e+00
 -2.69875542e+00  1.74459985e+00  9.95454428e-01 -4.24253921e-01
 -2.62120767e+00  1.55695620e+00 -1.21599094e+00 -2.49618333e+00
  6.52478037e-02]
Thu Jun 13 23:03:15 2024,608,0.08999848274395936,[-2.86237375e+00  2.08516458e+00 -1.62254713e+00  7.57737001e-02
  4.62399087e-01 -3.24386647e+00  3.24827872e+00  2.08854907e+00
  1.04549135e+00 -1.00577172e+00  5.50801387e-01  1.31983247e+00
  1.31423332e+00 -1.87061548e+00  7.64502871e-01  2.87813671e+00
 -3.94049561e-01 -4.29351462e-01 -1.92361491e+00  8.28359224e-01
  1.62071546e+00  2.91513048e+00 -1.38668572e+00 -4.13322316e-01
 -2.18365819e+00 -2.09455572e+00  3.12943029e+00  2.79985666e+00
 -7.30615179e-01 -2.63511910e+00  1.52747367e+00 -2.01757132e-01
 -2.44251265e+00  1.85792090e+00  1.13162666e+00 -6.18792153e-01
  1.09236764e+00 -2.00695521e+00 -2.20776584e-01  2.27438311e+00
 -3.06613748e-01  4.93769889e-01  2.41555568e+00  5.71116926e-01
  2.64677819e+00  2.88993602e+00  2.81330734e+00 -2.94021504e+00
  2.85076282e-01 -3.88152343e-01  1.71617659e+00  2.99116940e+00
 -3.67293010e-01 -2.36116096e+00  2.72486022e+00 -3.17851675e+00
  5.46870563e-01 -7.03750645e-01 -1.74581536e+00  3.10652429e+00
 -1.97419468e+00 -1.68909189e+00 -2.54806791e+00  2.36348948e+00
 -2.14038820e+00  1.97295841e+00  1.74755102e+00  1.47241734e+00
  2.52275125e+00  2.88040850e+00  1.98664376e+00  1.47180919e+00
 -1.76245877e+00 -2.38987066e+00  1.16466955e+00  5.76367802e-01
  1.59066609e+00 -2.79365765e+00 -1.01788442e-01  2.52228861e+00
 -1.17400975e+00  1.16582351e+00  1.24521432e+00  6.04468927e-01
 -9.73416426e-01  1.10850910e+00  7.87466293e-01 -3.80933833e-01
  2.81492089e+00 -2.14512067e+00  1.59677963e+00 -6.69535841e-01
  9.74772757e-01 -3.20746316e+00 -2.22666645e+00  3.38405067e-01
 -1.08378879e+00 -4.18697310e-01  2.69158651e-01  5.64104649e-02
 -1.76332005e+00 -2.09785502e-01 -6.55916904e-01  2.89144894e+00
 -1.14142658e+00 -1.19701322e+00 -1.12179266e+00  1.28315741e+00
  1.63047627e+00 -8.16975034e-01  2.12822240e+00 -1.50264491e+00
 -2.52971284e-01 -8.87591104e-01 -2.94522740e+00  3.10511010e+00
 -1.76324804e+00  3.04426789e+00 -1.36589810e+00 -2.36229515e+00
  3.76017668e+00 -1.21670075e+00 -6.06736671e-01 -3.06635186e+00
 -2.50519137e+00  2.98238683e+00 -1.94739860e+00 -1.68100661e+00
 -3.90717104e-01  2.96146512e+00  1.58156911e-01  1.50283608e-02
 -1.62150861e+00 -1.46428116e-01 -1.60122941e+00 -3.09289756e+00
  2.91478833e+00  1.15208945e+00 -3.23645296e-01 -2.31287939e+00
  1.00177762e+00 -1.15021511e+00 -2.76288381e-01 -2.15383338e+00
 -1.88660775e+00  1.80719299e+00 -9.81456731e-01  2.55982806e+00
 -4.38646379e-01 -3.08587389e+00 -2.83013868e+00  2.03035428e+00
 -3.08123029e+00 -2.64822351e-01 -1.03860733e+00 -1.75976289e-01
  2.37908350e+00  1.71993557e+00 -2.64692712e-01 -1.77887935e+00
 -3.03255672e+00  1.22608478e-01 -8.39547272e-01  1.46933568e+00
 -2.51374960e+00  9.67265218e-01 -3.10538550e-02  2.11950961e-01
  2.00525799e+00  7.41586081e-01  7.76903493e-01 -1.22027121e+00
  1.58809730e+00  2.54903087e+00  1.27680067e+00  3.04476983e-01
 -9.93461030e-01  2.58719629e+00  8.35083761e-01 -2.24743181e+00
 -4.69920633e-04  1.70937187e+00  1.07185832e+00 -6.52764869e-01
 -2.32261098e+00  2.40934937e+00  2.03313420e+00  1.64062345e+00
  2.27408238e+00  1.87463472e+00 -2.13031898e+00 -2.86382499e+00
  5.39091226e-01  1.39361908e+00 -2.42257806e+00 -1.32017158e+00
  2.45050274e+00  1.27153476e+00  3.06937311e-02 -1.75010503e+00
 -1.55838221e+00  1.95660611e+00  1.47338929e+00 -8.03523401e-01
 -1.43622673e-01 -4.63353557e-01 -1.76596048e-01  2.39438292e+00
 -5.40969579e-01 -6.49432315e-01  1.06165548e+00 -2.28731181e+00
  1.00555084e+00  2.57702389e+00 -4.95940276e-01  2.12520154e+00
 -1.96256357e+00 -8.68581628e-01 -2.41075793e+00 -2.29888596e+00
 -1.39823210e+00 -2.92536073e+00  1.56816903e+00  1.84084388e+00
  1.64605328e+00  1.01207257e+00  1.42890161e+00 -2.29897398e+00
 -2.69868107e+00  1.74452550e+00  9.95528780e-01 -4.24328273e-01
 -2.62113332e+00  1.55703056e+00 -1.21591659e+00 -2.49625768e+00
  6.53221560e-02]
Thu Jun 13 23:03:29 2024,609,0.0899975904249101,[-2.86281487e+00  2.08560569e+00 -1.62210602e+00  7.53325894e-02
  4.61957976e-01 -3.24430759e+00  3.24783761e+00  2.08810796e+00
  1.04593246e+00 -1.00533061e+00  5.51242498e-01  1.31939136e+00
  1.31467443e+00 -1.87017437e+00  7.64943982e-01  2.87857782e+00
 -3.93608450e-01 -4.28910351e-01 -1.92317380e+00  8.27918113e-01
  1.62027435e+00  2.91468937e+00 -1.38712683e+00 -4.12881205e-01
 -2.18409930e+00 -2.09499684e+00  3.12898918e+00  2.79941555e+00
 -7.31056290e-01 -2.63556021e+00  1.52791478e+00 -2.01316021e-01
 -2.44207154e+00  1.85836201e+00  1.13206777e+00 -6.18351042e-01
  1.09280875e+00 -2.00651410e+00 -2.20335473e-01  2.27482422e+00
 -3.07054859e-01  4.94211000e-01  2.41599679e+00  5.70675815e-01
  2.64633708e+00  2.89037713e+00  2.81286623e+00 -2.94065615e+00
  2.84635171e-01 -3.87711232e-01  1.71661770e+00  2.99072828e+00
 -3.67734121e-01 -2.36160207e+00  2.72441911e+00 -3.17895786e+00
  5.46429452e-01 -7.03309535e-01 -1.74537425e+00  3.10696540e+00
 -1.97463579e+00 -1.68953300e+00 -2.54850902e+00  2.36393059e+00
 -2.14082931e+00  1.97339952e+00  1.74710991e+00  1.47285845e+00
  2.52231013e+00  2.87996739e+00  1.98708487e+00  1.47225030e+00
 -1.76201765e+00 -2.38942955e+00  1.16511066e+00  5.76808913e-01
  1.59110720e+00 -2.79409876e+00 -1.01347331e-01  2.52184750e+00
 -1.17356864e+00  1.16626462e+00  1.24477321e+00  6.04027816e-01
 -9.73857537e-01  1.10895022e+00  7.87907404e-01 -3.80492722e-01
  2.81536200e+00 -2.14467956e+00  1.59722074e+00 -6.69976952e-01
  9.75213867e-01 -3.20790427e+00 -2.22622534e+00  3.37963956e-01
 -1.08422990e+00 -4.18256200e-01  2.69599762e-01  5.68515756e-02
 -1.76287894e+00 -2.10226612e-01 -6.56358015e-01  2.89189005e+00
 -1.14098547e+00 -1.19657211e+00 -1.12223377e+00  1.28359852e+00
  1.63091739e+00 -8.16533923e-01  2.12778129e+00 -1.50308602e+00
 -2.53412395e-01 -8.87149993e-01 -2.94566851e+00  3.10466899e+00
 -1.76368915e+00  3.04382678e+00 -1.36633921e+00 -2.36185403e+00
  3.76061779e+00 -1.21714186e+00 -6.06295560e-01 -3.06591075e+00
 -2.50475026e+00  2.98282794e+00 -1.94695749e+00 -1.68056550e+00
 -3.91158215e-01  2.96190623e+00  1.57715801e-01  1.45872500e-02
 -1.62106750e+00 -1.46869227e-01 -1.60078830e+00 -3.09245645e+00
  2.91434722e+00  1.15164834e+00 -3.24086407e-01 -2.31332050e+00
  1.00221873e+00 -1.14977400e+00 -2.76729492e-01 -2.15339226e+00
 -1.88616664e+00  1.80675188e+00 -9.81015621e-01  2.56026917e+00
 -4.39087490e-01 -3.08631500e+00 -2.83057979e+00  2.02991317e+00
 -3.08078918e+00 -2.64381241e-01 -1.03904844e+00 -1.76417400e-01
  2.37864239e+00  1.71949446e+00 -2.64251601e-01 -1.77843824e+00
 -3.03211561e+00  1.22167368e-01 -8.39106161e-01  1.46977679e+00
 -2.51330849e+00  9.67706329e-01 -3.06127442e-02  2.12392072e-01
  2.00569910e+00  7.42027192e-01  7.76462382e-01 -1.21983010e+00
  1.58853841e+00  2.54947198e+00  1.27635956e+00  3.04035872e-01
 -9.93902140e-01  2.58675518e+00  8.35524872e-01 -2.24699070e+00
 -2.88098769e-05  1.70981298e+00  1.07229943e+00 -6.53205979e-01
 -2.32305209e+00  2.40890826e+00  2.03269309e+00  1.64018234e+00
  2.27364127e+00  1.87507583e+00 -2.12987787e+00 -2.86338388e+00
  5.39532337e-01  1.39406019e+00 -2.42301917e+00 -1.31973047e+00
  2.45094385e+00  1.27109365e+00  3.02526204e-02 -1.74966392e+00
 -1.55794110e+00  1.95616500e+00  1.47294818e+00 -8.03964512e-01
 -1.44063784e-01 -4.63794668e-01 -1.76154937e-01  2.39394181e+00
 -5.41410690e-01 -6.49873425e-01  1.06209659e+00 -2.28687070e+00
  1.00599195e+00  2.57746500e+00 -4.96381387e-01  2.12564265e+00
 -1.96212246e+00 -8.69022739e-01 -2.41031682e+00 -2.29932707e+00
 -1.39779099e+00 -2.92491962e+00  1.56861014e+00  1.84128499e+00
  1.64649439e+00  1.01251368e+00  1.42846050e+00 -2.29941509e+00
 -2.69823996e+00  1.74408439e+00  9.95969891e-01 -4.23887163e-01
 -2.62069221e+00  1.55658944e+00 -1.21547548e+00 -2.49581657e+00
  6.48810452e-02]
Thu Jun 13 23:03:44 2024,610,0.08999821903629013,[-2.86259910e+00  2.08582146e+00 -1.62189025e+00  7.55483594e-02
  4.62173746e-01 -3.24409182e+00  3.24762184e+00  2.08789219e+00
  1.04614823e+00 -1.00554638e+00  5.51026728e-01  1.31917559e+00
  1.31445866e+00 -1.87039014e+00  7.64728212e-01  2.87836205e+00
 -3.93392680e-01 -4.29126121e-01 -1.92338957e+00  8.27702343e-01
  1.62005858e+00  2.91490514e+00 -1.38734260e+00 -4.13096975e-01
 -2.18388353e+00 -2.09478107e+00  3.12920495e+00  2.79919978e+00
 -7.30840520e-01 -2.63577598e+00  1.52813055e+00 -2.01531791e-01
 -2.44228731e+00  1.85857778e+00  1.13185200e+00 -6.18135272e-01
  1.09302452e+00 -2.00672987e+00 -2.20119703e-01  2.27460845e+00
 -3.07270629e-01  4.94426770e-01  2.41621256e+00  5.70891585e-01
  2.64655285e+00  2.89059290e+00  2.81308200e+00 -2.94087192e+00
  2.84850941e-01 -3.87927002e-01  1.71640193e+00  2.99051251e+00
 -3.67949891e-01 -2.36181784e+00  2.72463488e+00 -3.17917363e+00
  5.46645222e-01 -7.03093765e-01 -1.74515848e+00  3.10674963e+00
 -1.97485156e+00 -1.68931723e+00 -2.54829325e+00  2.36414636e+00
 -2.14104508e+00  1.97361529e+00  1.74689414e+00  1.47307422e+00
  2.52252590e+00  2.87975162e+00  1.98686910e+00  1.47203453e+00
 -1.76223342e+00 -2.38964532e+00  1.16489489e+00  5.76593143e-01
  1.59089143e+00 -2.79388299e+00 -1.01131561e-01  2.52206327e+00
 -1.17378441e+00  1.16604885e+00  1.24455744e+00  6.03812046e-01
 -9.73641767e-01  1.10916599e+00  7.87691634e-01 -3.80276952e-01
  2.81514623e+00 -2.14489533e+00  1.59743651e+00 -6.69761182e-01
  9.74998097e-01 -3.20768850e+00 -2.22600957e+00  3.37748186e-01
 -1.08444567e+00 -4.18040430e-01  2.69383992e-01  5.70673456e-02
 -1.76266317e+00 -2.10010843e-01 -6.56573785e-01  2.89167428e+00
 -1.14120124e+00 -1.19635634e+00 -1.12244954e+00  1.28338275e+00
  1.63113316e+00 -8.16749693e-01  2.12799706e+00 -1.50287025e+00
 -2.53628165e-01 -8.87365763e-01 -2.94545274e+00  3.10445322e+00
 -1.76347338e+00  3.04404255e+00 -1.36612344e+00 -2.36163826e+00
  3.76040202e+00 -1.21692609e+00 -6.06511330e-01 -3.06612652e+00
 -2.50453449e+00  2.98261217e+00 -1.94674172e+00 -1.68078127e+00
 -3.91373985e-01  2.96169046e+00  1.57931571e-01  1.48030200e-02
 -1.62128327e+00 -1.47084997e-01 -1.60057253e+00 -3.09267221e+00
  2.91456299e+00  1.15186411e+00 -3.24302177e-01 -2.31310473e+00
  1.00243450e+00 -1.14998977e+00 -2.76945262e-01 -2.15360803e+00
 -1.88595087e+00  1.80696765e+00 -9.80799851e-01  2.56005340e+00
 -4.39303260e-01 -3.08653077e+00 -2.83079556e+00  2.02969740e+00
 -3.08057341e+00 -2.64165471e-01 -1.03926421e+00 -1.76633170e-01
  2.37842662e+00  1.71927869e+00 -2.64035831e-01 -1.77822247e+00
 -3.03189984e+00  1.21951598e-01 -8.38890391e-01  1.46956102e+00
 -2.51309272e+00  9.67922099e-01 -3.08285142e-02  2.12607842e-01
  2.00548333e+00  7.41811422e-01  7.76246612e-01 -1.21961433e+00
  1.58832264e+00  2.54925621e+00  1.27657533e+00  3.04251642e-01
 -9.94117910e-01  2.58653941e+00  8.35740642e-01 -2.24720647e+00
 -2.44579868e-04  1.71002875e+00  1.07208366e+00 -6.53421749e-01
 -2.32326786e+00  2.40912403e+00  2.03290886e+00  1.64039811e+00
  2.27342550e+00  1.87486006e+00 -2.13009364e+00 -2.86316811e+00
  5.39748107e-01  1.39427596e+00 -2.42280340e+00 -1.31994624e+00
  2.45072808e+00  1.27130942e+00  3.00368504e-02 -1.74944815e+00
 -1.55815687e+00  1.95594923e+00  1.47316395e+00 -8.03748742e-01
 -1.44279554e-01 -4.64010438e-01 -1.75939167e-01  2.39372604e+00
 -5.41194920e-01 -6.50089195e-01  1.06188082e+00 -2.28665493e+00
  1.00577618e+00  2.57768077e+00 -4.96597157e-01  2.12542688e+00
 -1.96190669e+00 -8.68806969e-01 -2.41053259e+00 -2.29911130e+00
 -1.39757522e+00 -2.92470385e+00  1.56882591e+00  1.84106922e+00
  1.64671016e+00  1.01229791e+00  1.42824473e+00 -2.29963086e+00
 -2.69802419e+00  1.74430016e+00  9.95754121e-01 -4.24102933e-01
 -2.62090798e+00  1.55637367e+00 -1.21525971e+00 -2.49603234e+00
  6.46652752e-02]
Thu Jun 13 23:03:59 2024,611,0.09001090637069706,[-2.86334131e+00  2.08507924e+00 -1.62263246e+00  7.62905719e-02
  4.61431533e-01 -3.24334960e+00  3.24836405e+00  2.08714997e+00
  1.04689044e+00 -1.00628860e+00  5.50284516e-01  1.31843338e+00
  1.31520088e+00 -1.86964793e+00  7.65470424e-01  2.87910426e+00
 -3.92650468e-01 -4.28383909e-01 -1.92413178e+00  8.28444556e-01
  1.61931636e+00  2.91564735e+00 -1.38660039e+00 -4.12354762e-01
 -2.18314132e+00 -2.09403885e+00  3.12846274e+00  2.79845757e+00
 -7.30098307e-01 -2.63651820e+00  1.52738833e+00 -2.00789578e-01
 -2.44302952e+00  1.85783557e+00  1.13259422e+00 -6.18877485e-01
  1.09376673e+00 -2.00598765e+00 -2.20861916e-01  2.27386624e+00
 -3.06528416e-01  4.93684557e-01  2.41695477e+00  5.70149373e-01
  2.64729506e+00  2.88985068e+00  2.81233979e+00 -2.94161413e+00
  2.85593154e-01 -3.88669215e-01  1.71714414e+00  2.98977030e+00
 -3.68692104e-01 -2.36107563e+00  2.72389267e+00 -3.17843142e+00
  5.47387435e-01 -7.02351552e-01 -1.74441627e+00  3.10749184e+00
 -1.97410935e+00 -1.68857502e+00 -2.54903546e+00  2.36340415e+00
 -2.14178729e+00  1.97287308e+00  1.74615193e+00  1.47381644e+00
  2.52326812e+00  2.87900941e+00  1.98761131e+00  1.47129232e+00
 -1.76297564e+00 -2.38890311e+00  1.16415268e+00  5.75850930e-01
  1.59014922e+00 -2.79462520e+00 -1.00389349e-01  2.52280548e+00
 -1.17452663e+00  1.16530664e+00  1.24381523e+00  6.03069834e-01
 -9.72899554e-01  1.10842377e+00  7.86949422e-01 -3.81019165e-01
  2.81588844e+00 -2.14415312e+00  1.59817872e+00 -6.70503394e-01
  9.75740310e-01 -3.20694629e+00 -2.22526736e+00  3.37005974e-01
 -1.08370346e+00 -4.17298217e-01  2.70126205e-01  5.63251331e-02
 -1.76340539e+00 -2.09268630e-01 -6.55831572e-01  2.89241649e+00
 -1.14194345e+00 -1.19709855e+00 -1.12319175e+00  1.28412496e+00
  1.63187537e+00 -8.16007480e-01  2.12725484e+00 -1.50361247e+00
 -2.52885952e-01 -8.86623551e-01 -2.94471053e+00  3.10519543e+00
 -1.76421559e+00  3.04330034e+00 -1.36686565e+00 -2.36238048e+00
  3.76114424e+00 -1.21618388e+00 -6.05769118e-01 -3.06686873e+00
 -2.50379228e+00  2.98335439e+00 -1.94748393e+00 -1.68152348e+00
 -3.92116198e-01  2.96094824e+00  1.57189358e-01  1.55452325e-02
 -1.62054105e+00 -1.47827209e-01 -1.60131475e+00 -3.09193000e+00
  2.91382078e+00  1.15260632e+00 -3.25044390e-01 -2.31384694e+00
  1.00169229e+00 -1.15073198e+00 -2.76203049e-01 -2.15286582e+00
 -1.88520866e+00  1.80622544e+00 -9.80057638e-01  2.56079561e+00
 -4.40045473e-01 -3.08578856e+00 -2.83005335e+00  2.03043961e+00
 -3.07983119e+00 -2.63423258e-01 -1.03852200e+00 -1.75890957e-01
  2.37916883e+00  1.71853647e+00 -2.64778043e-01 -1.77896469e+00
 -3.03264205e+00  1.21209385e-01 -8.38148179e-01  1.47030324e+00
 -2.51235051e+00  9.68664312e-01 -3.00863017e-02  2.13350054e-01
  2.00622554e+00  7.42553635e-01  7.76988824e-01 -1.22035654e+00
  1.58906486e+00  2.54851399e+00  1.27731755e+00  3.04993854e-01
 -9.93375698e-01  2.58579720e+00  8.34998429e-01 -2.24794869e+00
 -9.86792409e-04  1.70928653e+00  1.07282588e+00 -6.54163962e-01
 -2.32252565e+00  2.40838182e+00  2.03365107e+00  1.64114033e+00
  2.27268328e+00  1.87411784e+00 -2.13083585e+00 -2.86242590e+00
  5.39005894e-01  1.39353375e+00 -2.42354561e+00 -1.32068845e+00
  2.45147029e+00  1.27056721e+00  2.92946378e-02 -1.74870593e+00
 -1.55889908e+00  1.95520702e+00  1.47390616e+00 -8.04490954e-01
 -1.45021767e-01 -4.64752650e-01 -1.76681380e-01  2.39298382e+00
 -5.41937132e-01 -6.49346983e-01  1.06262304e+00 -2.28591271e+00
  1.00503396e+00  2.57693856e+00 -4.95854944e-01  2.12468466e+00
 -1.96116448e+00 -8.69549182e-01 -2.41127480e+00 -2.29985352e+00
 -1.39831743e+00 -2.92544606e+00  1.56956812e+00  1.84032701e+00
  1.64596795e+00  1.01304012e+00  1.42750252e+00 -2.29888865e+00
 -2.69728198e+00  1.74504237e+00  9.95011908e-01 -4.24845145e-01
 -2.62016577e+00  1.55711589e+00 -1.21600192e+00 -2.49677455e+00
  6.39230627e-02]
Thu Jun 13 23:04:24 2024,612,0.09000770689920805,[-2.86298935e+00  2.08472728e+00 -1.62228050e+00  7.66425318e-02
  4.61783493e-01 -3.24299764e+00  3.24871601e+00  2.08679801e+00
  1.04653848e+00 -1.00593664e+00  5.50636476e-01  1.31878534e+00
  1.31484892e+00 -1.86999989e+00  7.65118464e-01  2.87945622e+00
 -3.92298508e-01 -4.28031949e-01 -1.92448374e+00  8.28092596e-01
  1.61966832e+00  2.91599931e+00 -1.38624843e+00 -4.12706722e-01
 -2.18349328e+00 -2.09439081e+00  3.12811078e+00  2.79880953e+00
 -7.29746348e-01 -2.63616624e+00  1.52703637e+00 -2.00437619e-01
 -2.44338148e+00  1.85748361e+00  1.13294618e+00 -6.18525525e-01
  1.09341477e+00 -2.00633961e+00 -2.20509956e-01  2.27421820e+00
 -3.06880376e-01  4.93332597e-01  2.41730673e+00  5.69797413e-01
  2.64694310e+00  2.88949872e+00  2.81269175e+00 -2.94126217e+00
  2.85241194e-01 -3.89021175e-01  1.71679218e+00  2.99012226e+00
 -3.69044064e-01 -2.36072367e+00  2.72424463e+00 -3.17807946e+00
  5.47035475e-01 -7.01999592e-01 -1.74476823e+00  3.10713988e+00
 -1.97375739e+00 -1.68822306e+00 -2.54868350e+00  2.36305219e+00
 -2.14213925e+00  1.97322504e+00  1.74650389e+00  1.47416840e+00
  2.52291616e+00  2.87936137e+00  1.98725935e+00  1.47164428e+00
 -1.76332760e+00 -2.38925507e+00  1.16380072e+00  5.75498971e-01
  1.59050118e+00 -2.79427324e+00 -1.00037389e-01  2.52315744e+00
 -1.17487859e+00  1.16495468e+00  1.24346327e+00  6.02717874e-01
 -9.73251514e-01  1.10807181e+00  7.87301381e-01 -3.80667205e-01
  2.81624040e+00 -2.14450508e+00  1.59853068e+00 -6.70151434e-01
  9.75388350e-01 -3.20729825e+00 -2.22561932e+00  3.37357934e-01
 -1.08335150e+00 -4.16946257e-01  2.69774245e-01  5.66770929e-02
 -1.76305343e+00 -2.09620590e-01 -6.56183532e-01  2.89206453e+00
 -1.14229541e+00 -1.19674659e+00 -1.12283979e+00  1.28447692e+00
  1.63222733e+00 -8.15655520e-01  2.12690288e+00 -1.50326051e+00
 -2.52533992e-01 -8.86975511e-01 -2.94435857e+00  3.10484347e+00
 -1.76386364e+00  3.04365230e+00 -1.36651369e+00 -2.36273244e+00
  3.76079228e+00 -1.21583192e+00 -6.06121078e-01 -3.06722069e+00
 -2.50414424e+00  2.98300243e+00 -1.94713197e+00 -1.68117152e+00
 -3.92468157e-01  2.96130020e+00  1.56837398e-01  1.51932727e-02
 -1.62089301e+00 -1.48179169e-01 -1.60096279e+00 -3.09157804e+00
  2.91346882e+00  1.15295828e+00 -3.24692430e-01 -2.31349498e+00
  1.00134033e+00 -1.15038002e+00 -2.76555009e-01 -2.15251386e+00
 -1.88485670e+00  1.80657740e+00 -9.79705678e-01  2.56114757e+00
 -4.40397433e-01 -3.08543660e+00 -2.83040531e+00  2.03079157e+00
 -3.08018315e+00 -2.63775218e-01 -1.03887396e+00 -1.75538997e-01
  2.37881687e+00  1.71818451e+00 -2.64426083e-01 -1.77931665e+00
 -3.03299401e+00  1.21561345e-01 -8.38500139e-01  1.47065520e+00
 -2.51199855e+00  9.68312352e-01 -3.04382615e-02  2.13702014e-01
  2.00587358e+00  7.42905595e-01  7.76636864e-01 -1.22070850e+00
  1.58941682e+00  2.54816203e+00  1.27696559e+00  3.04641895e-01
 -9.93727658e-01  2.58544524e+00  8.34646469e-01 -2.24830065e+00
 -6.34832538e-04  1.70893457e+00  1.07247392e+00 -6.53812002e-01
 -2.32287761e+00  2.40802986e+00  2.03329911e+00  1.64149229e+00
  2.27233132e+00  1.87376588e+00 -2.13118781e+00 -2.86277786e+00
  5.38653934e-01  1.39318179e+00 -2.42389757e+00 -1.32033649e+00
  2.45111833e+00  1.27021525e+00  2.89426780e-02 -1.74905789e+00
 -1.55925104e+00  1.95555898e+00  1.47355420e+00 -8.04842914e-01
 -1.44669807e-01 -4.64400691e-01 -1.77033339e-01  2.39263186e+00
 -5.41585172e-01 -6.48995023e-01  1.06297500e+00 -2.28626467e+00
  1.00468200e+00  2.57658660e+00 -4.95502984e-01  2.12503662e+00
 -1.96151644e+00 -8.69197222e-01 -2.41162676e+00 -2.30020547e+00
 -1.39796547e+00 -2.92509410e+00  1.56992008e+00  1.84067897e+00
  1.64631991e+00  1.01339208e+00  1.42715056e+00 -2.29853669e+00
 -2.69693002e+00  1.74539433e+00  9.94659949e-01 -4.24493185e-01
 -2.62051773e+00  1.55746785e+00 -1.21564996e+00 -2.49712651e+00
  6.35711028e-02]
Thu Jun 13 23:04:39 2024,613,0.09000398899958481,[-2.86383115e+00  2.08556909e+00 -1.62312231e+00  7.74843385e-02
  4.60941686e-01 -3.24215584e+00  3.24787420e+00  2.08763982e+00
  1.04738029e+00 -1.00509483e+00  5.51478282e-01  1.31962714e+00
  1.31400711e+00 -1.86915808e+00  7.64276658e-01  2.87861441e+00
 -3.91456701e-01 -4.27190142e-01 -1.92532555e+00  8.28934402e-01
  1.61882652e+00  2.91515750e+00 -1.38540662e+00 -4.11864916e-01
 -2.18433509e+00 -2.09523262e+00  3.12895259e+00  2.79965134e+00
 -7.28904541e-01 -2.63532443e+00  1.52619457e+00 -2.01279425e-01
 -2.44422329e+00  1.85832542e+00  1.13210437e+00 -6.17683718e-01
  1.09257297e+00 -2.00718142e+00 -2.19668149e-01  2.27506000e+00
 -3.07722183e-01  4.92490791e-01  2.41646493e+00  5.68955606e-01
  2.64610130e+00  2.88865692e+00  2.81353356e+00 -2.94042037e+00
  2.86083001e-01 -3.88179368e-01  1.71763399e+00  2.99096407e+00
 -3.69885870e-01 -2.35988186e+00  2.72508644e+00 -3.17892127e+00
  5.47877282e-01 -7.02841399e-01 -1.74392642e+00  3.10798169e+00
 -1.97291558e+00 -1.68906487e+00 -2.54784170e+00  2.36221039e+00
 -2.14129744e+00  1.97406685e+00  1.74566208e+00  1.47501020e+00
  2.52375796e+00  2.88020317e+00  1.98641755e+00  1.47080247e+00
 -1.76248579e+00 -2.39009687e+00  1.16464252e+00  5.76340777e-01
  1.59134299e+00 -2.79343144e+00 -1.00879195e-01  2.52231563e+00
 -1.17572039e+00  1.16411287e+00  1.24262146e+00  6.03559680e-01
 -9.72409708e-01  1.10723001e+00  7.86459575e-01 -3.81509012e-01
  2.81708221e+00 -2.14366327e+00  1.59937249e+00 -6.70993241e-01
  9.76230157e-01 -3.20645644e+00 -2.22646113e+00  3.36516127e-01
 -1.08419331e+00 -4.16104451e-01  2.70616051e-01  5.58352862e-02
 -1.76389523e+00 -2.10462397e-01 -6.55341725e-01  2.89122272e+00
 -1.14145361e+00 -1.19590478e+00 -1.12199798e+00  1.28363511e+00
  1.63138552e+00 -8.16497327e-01  2.12774469e+00 -1.50241870e+00
 -2.51692186e-01 -8.86133704e-01 -2.94351676e+00  3.10568528e+00
 -1.76302183e+00  3.04281049e+00 -1.36735550e+00 -2.36189063e+00
  3.76163408e+00 -1.21667373e+00 -6.06962884e-01 -3.06637888e+00
 -2.50498605e+00  2.98216062e+00 -1.94629016e+00 -1.68201333e+00
 -3.91626351e-01  2.96045840e+00  1.55995591e-01  1.60350794e-02
 -1.62005121e+00 -1.49020976e-01 -1.60180459e+00 -3.09241985e+00
  2.91431062e+00  1.15211647e+00 -3.25534237e-01 -2.31265317e+00
  1.00049852e+00 -1.14953821e+00 -2.75713202e-01 -2.15167206e+00
 -1.88401489e+00  1.80741920e+00 -9.78863872e-01  2.56030577e+00
 -4.41239239e-01 -3.08627840e+00 -2.82956350e+00  2.02994976e+00
 -3.07934135e+00 -2.64617025e-01 -1.03803215e+00 -1.76380804e-01
  2.37965868e+00  1.71734271e+00 -2.63584277e-01 -1.77847484e+00
 -3.03215220e+00  1.20719538e-01 -8.37658332e-01  1.46981339e+00
 -2.51284035e+00  9.69154158e-01 -3.12800683e-02  2.14543821e-01
  2.00503178e+00  7.42063788e-01  7.77478671e-01 -1.22155031e+00
  1.59025862e+00  2.54900384e+00  1.27612378e+00  3.05483701e-01
 -9.94569464e-01  2.58460343e+00  8.35488276e-01 -2.24914245e+00
 -1.47663927e-03  1.70809277e+00  1.07163211e+00 -6.54653809e-01
 -2.32371942e+00  2.40887166e+00  2.03245731e+00  1.64065048e+00
  2.27148952e+00  1.87292408e+00 -2.13202962e+00 -2.86361967e+00
  5.37812128e-01  1.39233998e+00 -2.42305576e+00 -1.32117830e+00
  2.45027653e+00  1.27105706e+00  2.97844847e-02 -1.74989970e+00
 -1.55840924e+00  1.95471717e+00  1.47271240e+00 -8.04001107e-01
 -1.45511613e-01 -4.63558884e-01 -1.76191533e-01  2.39347367e+00
 -5.42426979e-01 -6.48153216e-01  1.06381680e+00 -2.28710648e+00
  1.00552381e+00  2.57574480e+00 -4.96344791e-01  2.12419482e+00
 -1.96235825e+00 -8.68355415e-01 -2.41078495e+00 -2.30104728e+00
 -1.39712366e+00 -2.92593591e+00  1.57076189e+00  1.84152078e+00
  1.64716171e+00  1.01255028e+00  1.42799237e+00 -2.29769488e+00
 -2.69608821e+00  1.74623614e+00  9.95501755e-01 -4.25334992e-01
 -2.61967592e+00  1.55830965e+00 -1.21649177e+00 -2.49796832e+00
  6.27292961e-02]
Thu Jun 13 23:04:53 2024,614,0.0899995678419446,[-2.86369634e+00  2.08570390e+00 -1.62325712e+00  7.76191492e-02
  4.61076497e-01 -3.24229065e+00  3.24800901e+00  2.08750501e+00
  1.04751510e+00 -1.00522964e+00  5.51613093e-01  1.31949233e+00
  1.31387230e+00 -1.86929289e+00  7.64141847e-01  2.87874922e+00
 -3.91591512e-01 -4.27055332e-01 -1.92546036e+00  8.29069213e-01
  1.61869171e+00  2.91529231e+00 -1.38527181e+00 -4.11999726e-01
 -2.18446990e+00 -2.09536743e+00  3.12881778e+00  2.79951653e+00
 -7.29039351e-01 -2.63518962e+00  1.52605976e+00 -2.01144615e-01
 -2.44435810e+00  1.85846023e+00  1.13223918e+00 -6.17548908e-01
  1.09243816e+00 -2.00704661e+00 -2.19533339e-01  2.27492519e+00
 -3.07587372e-01  4.92625601e-01  2.41633012e+00  5.69090417e-01
  2.64623611e+00  2.88852211e+00  2.81339875e+00 -2.94055518e+00
  2.85948190e-01 -3.88314179e-01  1.71749918e+00  2.99082926e+00
 -3.70020681e-01 -2.36001667e+00  2.72495163e+00 -3.17878646e+00
  5.47742471e-01 -7.02976210e-01 -1.74406123e+00  3.10811650e+00
 -1.97305040e+00 -1.68893006e+00 -2.54770689e+00  2.36234520e+00
 -2.14143226e+00  1.97420166e+00  1.74552727e+00  1.47487539e+00
  2.52362315e+00  2.88006836e+00  1.98628274e+00  1.47093729e+00
 -1.76235098e+00 -2.39023169e+00  1.16450771e+00  5.76475588e-01
  1.59120818e+00 -2.79329662e+00 -1.01014006e-01  2.52245044e+00
 -1.17585520e+00  1.16397806e+00  1.24275627e+00  6.03424870e-01
 -9.72274897e-01  1.10736482e+00  7.86324764e-01 -3.81374201e-01
  2.81694739e+00 -2.14352846e+00  1.59923768e+00 -6.70858431e-01
  9.76364968e-01 -3.20632163e+00 -2.22632632e+00  3.36650938e-01
 -1.08432812e+00 -4.15969640e-01  2.70481241e-01  5.59700969e-02
 -1.76376042e+00 -2.10597207e-01 -6.55476536e-01  2.89108791e+00
 -1.14158842e+00 -1.19603959e+00 -1.12213280e+00  1.28376992e+00
  1.63152033e+00 -8.16362516e-01  2.12760988e+00 -1.50228389e+00
 -2.51557375e-01 -8.86268515e-01 -2.94365157e+00  3.10582009e+00
 -1.76315664e+00  3.04294530e+00 -1.36749031e+00 -2.36175582e+00
  3.76176889e+00 -1.21653892e+00 -6.07097695e-01 -3.06651370e+00
 -2.50485124e+00  2.98229543e+00 -1.94615535e+00 -1.68187852e+00
 -3.91761161e-01  2.96059321e+00  1.56130402e-01  1.59002687e-02
 -1.61991640e+00 -1.49155786e-01 -1.60166978e+00 -3.09255466e+00
  2.91444543e+00  1.15198166e+00 -3.25669047e-01 -2.31278798e+00
  1.00036371e+00 -1.14940340e+00 -2.75578392e-01 -2.15180687e+00
 -1.88414970e+00  1.80728439e+00 -9.78729061e-01  2.56017096e+00
 -4.41374050e-01 -3.08614359e+00 -2.82969832e+00  2.02981495e+00
 -3.07920654e+00 -2.64482214e-01 -1.03816696e+00 -1.76245993e-01
  2.37952387e+00  1.71747752e+00 -2.63719087e-01 -1.77834003e+00
 -3.03228702e+00  1.20854349e-01 -8.37793143e-01  1.46994820e+00
 -2.51270554e+00  9.69288969e-01 -3.14148790e-02  2.14409010e-01
  2.00489697e+00  7.41928977e-01  7.77343861e-01 -1.22168512e+00
  1.59039343e+00  2.54913865e+00  1.27625859e+00  3.05348891e-01
 -9.94434654e-01  2.58473824e+00  8.35623087e-01 -2.24927726e+00
 -1.34182858e-03  1.70795796e+00  1.07176692e+00 -6.54788619e-01
 -2.32385423e+00  2.40900648e+00  2.03259212e+00  1.64078529e+00
  2.27162433e+00  1.87305889e+00 -2.13189481e+00 -2.86375448e+00
  5.37677317e-01  1.39220517e+00 -2.42319057e+00 -1.32131311e+00
  2.45014172e+00  1.27119187e+00  2.96496740e-02 -1.75003451e+00
 -1.55827443e+00  1.95485199e+00  1.47257759e+00 -8.04135918e-01
 -1.45646424e-01 -4.63424073e-01 -1.76056722e-01  2.39333886e+00
 -5.42561790e-01 -6.48288027e-01  1.06368199e+00 -2.28697167e+00
  1.00565862e+00  2.57587961e+00 -4.96209980e-01  2.12432963e+00
 -1.96249306e+00 -8.68220605e-01 -2.41065014e+00 -2.30118209e+00
 -1.39698885e+00 -2.92580110e+00  1.57062707e+00  1.84165559e+00
  1.64702690e+00  1.01241547e+00  1.42812718e+00 -2.29782969e+00
 -2.69622302e+00  1.74637095e+00  9.95636566e-01 -4.25469803e-01
 -2.61954111e+00  1.55844446e+00 -1.21662658e+00 -2.49783351e+00
  6.28641068e-02]
Thu Jun 13 23:05:31 2024,615,0.08999879073397786,[-2.86385259e+00  2.08586014e+00 -1.62341336e+00  7.74629062e-02
  4.61232740e-01 -3.24244689e+00  3.24816525e+00  2.08766125e+00
  1.04735886e+00 -1.00538588e+00  5.51456850e-01  1.31964858e+00
  1.31402854e+00 -1.86913665e+00  7.64298090e-01  2.87890547e+00
 -3.91747755e-01 -4.26899089e-01 -1.92530412e+00  8.28912970e-01
  1.61884795e+00  2.91513607e+00 -1.38511557e+00 -4.12155969e-01
 -2.18462614e+00 -2.09521119e+00  3.12866153e+00  2.79967277e+00
 -7.28883108e-01 -2.63503338e+00  1.52590351e+00 -2.00988372e-01
 -2.44451434e+00  1.85861647e+00  1.13239542e+00 -6.17392665e-01
  1.09259440e+00 -2.00689037e+00 -2.19689582e-01  2.27508143e+00
 -3.07743615e-01  4.92781844e-01  2.41648636e+00  5.68934174e-01
  2.64639235e+00  2.88867835e+00  2.81324250e+00 -2.94039894e+00
  2.86104433e-01 -3.88470422e-01  1.71734294e+00  2.99098550e+00
 -3.69864438e-01 -2.36017291e+00  2.72479538e+00 -3.17894270e+00
  5.47586228e-01 -7.03132453e-01 -1.74390499e+00  3.10827274e+00
 -1.97289415e+00 -1.68877381e+00 -2.54786313e+00  2.36218895e+00
 -2.14158850e+00  1.97435790e+00  1.74568352e+00  1.47471915e+00
  2.52346691e+00  2.88022460e+00  1.98643898e+00  1.47109353e+00
 -1.76250722e+00 -2.39038793e+00  1.16435147e+00  5.76319345e-01
  1.59105193e+00 -2.79345287e+00 -1.00857763e-01  2.52260669e+00
 -1.17569896e+00  1.16382182e+00  1.24291251e+00  6.03581113e-01
 -9.72118654e-01  1.10720857e+00  7.86168521e-01 -3.81217958e-01
  2.81710364e+00 -2.14337222e+00  1.59939392e+00 -6.71014674e-01
  9.76521211e-01 -3.20647787e+00 -2.22648256e+00  3.36807181e-01
 -1.08417187e+00 -4.16125883e-01  2.70324998e-01  5.58138539e-02
 -1.76360418e+00 -2.10440964e-01 -6.55320293e-01  2.89093167e+00
 -1.14143217e+00 -1.19588335e+00 -1.12228904e+00  1.28361368e+00
  1.63167658e+00 -8.16518759e-01  2.12776612e+00 -1.50212765e+00
 -2.51401132e-01 -8.86112272e-01 -2.94349533e+00  3.10566385e+00
 -1.76300040e+00  3.04310154e+00 -1.36764655e+00 -2.36191206e+00
  3.76161265e+00 -1.21669516e+00 -6.06941452e-01 -3.06635745e+00
 -2.50500748e+00  2.98213919e+00 -1.94599911e+00 -1.68172227e+00
 -3.91604918e-01  2.96043697e+00  1.55974159e-01  1.57440257e-02
 -1.62007264e+00 -1.48999543e-01 -1.60182602e+00 -3.09239842e+00
  2.91460168e+00  1.15213791e+00 -3.25825290e-01 -2.31263174e+00
  1.00020747e+00 -1.14924716e+00 -2.75422149e-01 -2.15196311e+00
 -1.88399346e+00  1.80744063e+00 -9.78885304e-01  2.56001471e+00
 -4.41530293e-01 -3.08629983e+00 -2.82985456e+00  2.02997120e+00
 -3.07905029e+00 -2.64325971e-01 -1.03832320e+00 -1.76089750e-01
  2.37936763e+00  1.71732128e+00 -2.63875330e-01 -1.77818379e+00
 -3.03213077e+00  1.21010592e-01 -8.37949386e-01  1.46979196e+00
 -2.51286179e+00  9.69132726e-01 -3.12586359e-02  2.14252767e-01
  2.00505321e+00  7.41772734e-01  7.77500104e-01 -1.22184136e+00
  1.59054968e+00  2.54898241e+00  1.27610235e+00  3.05192648e-01
 -9.94590897e-01  2.58489449e+00  8.35779330e-01 -2.24943351e+00
 -1.18558558e-03  1.70780171e+00  1.07192316e+00 -6.54944862e-01
 -2.32369798e+00  2.40916272e+00  2.03274836e+00  1.64062905e+00
  2.27178057e+00  1.87290264e+00 -2.13173856e+00 -2.86391072e+00
  5.37521074e-01  1.39236141e+00 -2.42334682e+00 -1.32146935e+00
  2.44998547e+00  1.27103563e+00  2.94934310e-02 -1.74987827e+00
 -1.55811818e+00  1.95469574e+00  1.47273383e+00 -8.03979675e-01
 -1.45490181e-01 -4.63580316e-01 -1.75900479e-01  2.39349510e+00
 -5.42718033e-01 -6.48131784e-01  1.06383823e+00 -2.28681543e+00
  1.00581486e+00  2.57572336e+00 -4.96366223e-01  2.12417338e+00
 -1.96264930e+00 -8.68064362e-01 -2.41080639e+00 -2.30133834e+00
 -1.39683261e+00 -2.92564486e+00  1.57078332e+00  1.84149934e+00
  1.64718315e+00  1.01225922e+00  1.42797093e+00 -2.29798594e+00
 -2.69637926e+00  1.74621470e+00  9.95480323e-01 -4.25626046e-01
 -2.61938487e+00  1.55860071e+00 -1.21678282e+00 -2.49767726e+00
  6.30203498e-02]
Thu Jun 13 23:06:07 2024,616,0.08984487591971843,[-2.86214050e+00  2.08757223e+00 -1.62170128e+00  7.57508218e-02
  4.59520656e-01 -3.24415897e+00  3.24987734e+00  2.08594917e+00
  1.04907094e+00 -1.00709797e+00  5.49744766e-01  1.31793649e+00
  1.31574063e+00 -1.87084874e+00  7.66010174e-01  2.87719338e+00
 -3.93459839e-01 -4.25187004e-01 -1.92359203e+00  8.27200886e-01
  1.61713586e+00  2.91342399e+00 -1.38682765e+00 -4.13868054e-01
 -2.18633822e+00 -2.09692327e+00  3.13037362e+00  2.79796069e+00
 -7.30595193e-01 -2.63332129e+00  1.52761560e+00 -1.99276287e-01
 -2.44280226e+00  1.85690438e+00  1.13068334e+00 -6.19104749e-01
  1.09430648e+00 -2.00517828e+00 -2.21401666e-01  2.27336935e+00
 -3.09455699e-01  4.94493929e-01  2.41477427e+00  5.70646258e-01
  2.64810443e+00  2.88696627e+00  2.81153042e+00 -2.93868685e+00
  2.87816517e-01 -3.90182506e-01  1.71905502e+00  2.99269759e+00
 -3.71576522e-01 -2.35846083e+00  2.72650747e+00 -3.17723061e+00
  5.45874143e-01 -7.04844537e-01 -1.74561708e+00  3.10998483e+00
 -1.97118207e+00 -1.68706173e+00 -2.54957521e+00  2.36047687e+00
 -2.13987641e+00  1.97264582e+00  1.74397143e+00  1.47300707e+00
  2.52175483e+00  2.87851252e+00  1.98472689e+00  1.47280561e+00
 -1.76421931e+00 -2.39210001e+00  1.16263939e+00  5.78031429e-01
  1.59276402e+00 -2.79516495e+00 -1.02569847e-01  2.52431877e+00
 -1.17741105e+00  1.16553390e+00  1.24120043e+00  6.01869028e-01
 -9.70406570e-01  1.10892066e+00  7.84456437e-01 -3.82930042e-01
  2.81539155e+00 -2.14166013e+00  1.60110601e+00 -6.72726758e-01
  9.74809126e-01 -3.20476579e+00 -2.22819464e+00  3.35095096e-01
 -1.08245979e+00 -4.14413799e-01  2.68612913e-01  5.41017695e-02
 -1.76531626e+00 -2.12153049e-01 -6.57032377e-01  2.88921959e+00
 -1.14314426e+00 -1.19759543e+00 -1.12057695e+00  1.28190160e+00
  1.63338866e+00 -8.14806675e-01  2.12605404e+00 -1.50041556e+00
 -2.49689047e-01 -8.84400187e-01 -2.94520741e+00  3.10737593e+00
 -1.76471248e+00  3.04481363e+00 -1.36935864e+00 -2.36019998e+00
  3.76332474e+00 -1.21840724e+00 -6.08653537e-01 -3.06806954e+00
 -2.50671956e+00  2.98385127e+00 -1.94771119e+00 -1.68343436e+00
 -3.89892834e-01  2.95872488e+00  1.57686243e-01  1.74561101e-02
 -1.61836055e+00 -1.47287459e-01 -1.60011394e+00 -3.09068633e+00
  2.91288959e+00  1.15384999e+00 -3.24113206e-01 -2.31434383e+00
  1.00191956e+00 -1.15095924e+00 -2.73710064e-01 -2.15025103e+00
 -1.88570554e+00  1.80915272e+00 -9.77173220e-01  2.55830263e+00
 -4.43242377e-01 -3.08801192e+00 -2.82814247e+00  2.03168328e+00
 -3.07733821e+00 -2.62613887e-01 -1.03661112e+00 -1.77801835e-01
  2.37765554e+00  1.71903336e+00 -2.65587415e-01 -1.77647170e+00
 -3.03041869e+00  1.19298508e-01 -8.39661470e-01  1.47150404e+00
 -2.51114970e+00  9.67420642e-01 -3.29707203e-02  2.15964852e-01
  2.00334113e+00  7.43484818e-01  7.79212188e-01 -1.22355345e+00
  1.59226176e+00  2.55069449e+00  1.27439026e+00  3.03480563e-01
 -9.92878812e-01  2.58318240e+00  8.34067245e-01 -2.25114559e+00
  5.26498794e-04  1.70608963e+00  1.07363525e+00 -6.56656947e-01
 -2.32198590e+00  2.40745063e+00  2.03446044e+00  1.63891696e+00
  2.27349266e+00  1.87119056e+00 -2.13345065e+00 -2.86562281e+00
  5.39233158e-01  1.39064933e+00 -2.42505890e+00 -1.31975726e+00
  2.45169756e+00  1.26932354e+00  2.77813466e-02 -1.75159035e+00
 -1.55640610e+00  1.95298366e+00  1.47102174e+00 -8.05691759e-01
 -1.47202265e-01 -4.61868232e-01 -1.77612563e-01  2.39520719e+00
 -5.44430117e-01 -6.49843868e-01  1.06212615e+00 -2.28852751e+00
  1.00752695e+00  2.57401128e+00 -4.94654139e-01  2.12588547e+00
 -1.96436139e+00 -8.66352277e-01 -2.40909430e+00 -2.30305042e+00
 -1.39854469e+00 -2.92393277e+00  1.57249540e+00  1.84321143e+00
  1.64889523e+00  1.01397131e+00  1.42625885e+00 -2.29969802e+00
 -2.69809135e+00  1.74450262e+00  9.97192407e-01 -4.27338130e-01
 -2.61767278e+00  1.56031279e+00 -1.21849491e+00 -2.49596518e+00
  6.47324341e-02]
Thu Jun 13 23:06:23 2024,617,0.08984448605488746,[-2.86211603e+00  2.08754776e+00 -1.62172575e+00  7.57263513e-02
  4.59496185e-01 -3.24418344e+00  3.24990181e+00  2.08592470e+00
  1.04909541e+00 -1.00712244e+00  5.49720295e-01  1.31796096e+00
  1.31571616e+00 -1.87082427e+00  7.66034645e-01  2.87721785e+00
 -3.93435369e-01 -4.25211475e-01 -1.92356756e+00  8.27225356e-01
  1.61711139e+00  2.91339952e+00 -1.38685212e+00 -4.13892524e-01
 -2.18631375e+00 -2.09694774e+00  3.13039809e+00  2.79793622e+00
 -7.30570722e-01 -2.63334576e+00  1.52759113e+00 -1.99300758e-01
 -2.44282673e+00  1.85692885e+00  1.13070781e+00 -6.19080278e-01
  1.09428201e+00 -2.00515381e+00 -2.21377195e-01  2.27334488e+00
 -3.09480170e-01  4.94469458e-01  2.41474980e+00  5.70670729e-01
  2.64807996e+00  2.88699074e+00  2.81155489e+00 -2.93871132e+00
  2.87792047e-01 -3.90206976e-01  1.71903055e+00  2.99267312e+00
 -3.71600993e-01 -2.35848530e+00  2.72653194e+00 -3.17725509e+00
  5.45849673e-01 -7.04820067e-01 -1.74564155e+00  3.11000930e+00
 -1.97115760e+00 -1.68708620e+00 -2.54955074e+00  2.36045240e+00
 -2.13985194e+00  1.97262135e+00  1.74399590e+00  1.47303154e+00
  2.52177930e+00  2.87853699e+00  1.98470242e+00  1.47278114e+00
 -1.76419484e+00 -2.39207554e+00  1.16261491e+00  5.78006959e-01
  1.59273955e+00 -2.79518942e+00 -1.02545377e-01  2.52434324e+00
 -1.17738657e+00  1.16555837e+00  1.24122490e+00  6.01844558e-01
 -9.70382099e-01  1.10894513e+00  7.84431966e-01 -3.82954513e-01
  2.81541602e+00 -2.14168460e+00  1.60113048e+00 -6.72702287e-01
  9.74784656e-01 -3.20474132e+00 -2.22821911e+00  3.35070626e-01
 -1.08248426e+00 -4.14438269e-01  2.68637384e-01  5.41262400e-02
 -1.76529179e+00 -2.12128578e-01 -6.57056848e-01  2.88924406e+00
 -1.14316873e+00 -1.19757096e+00 -1.12055248e+00  1.28192607e+00
  1.63341313e+00 -8.14831146e-01  2.12602957e+00 -1.50044003e+00
 -2.49664577e-01 -8.84424658e-01 -2.94523188e+00  3.10735146e+00
 -1.76473695e+00  3.04478916e+00 -1.36938311e+00 -2.36017551e+00
  3.76334921e+00 -1.21838277e+00 -6.08678007e-01 -3.06804507e+00
 -2.50674403e+00  2.98387574e+00 -1.94773566e+00 -1.68345883e+00
 -3.89917304e-01  2.95874935e+00  1.57661773e-01  1.74805806e-02
 -1.61838502e+00 -1.47311930e-01 -1.60013841e+00 -3.09066186e+00
  2.91286512e+00  1.15382552e+00 -3.24088735e-01 -2.31431935e+00
  1.00194403e+00 -1.15093477e+00 -2.73734535e-01 -2.15027550e+00
 -1.88568107e+00  1.80917719e+00 -9.77148749e-01  2.55827816e+00
 -4.43217907e-01 -3.08803639e+00 -2.82811800e+00  2.03165881e+00
 -3.07731374e+00 -2.62638357e-01 -1.03658665e+00 -1.77826305e-01
  2.37768001e+00  1.71905783e+00 -2.65562944e-01 -1.77649617e+00
 -3.03044316e+00  1.19322978e-01 -8.39685941e-01  1.47147957e+00
 -2.51112523e+00  9.67445112e-01 -3.29462498e-02  2.15940381e-01
  2.00336560e+00  7.43509289e-01  7.79236658e-01 -1.22357792e+00
  1.59228623e+00  2.55071896e+00  1.27441473e+00  3.03456093e-01
 -9.92854342e-01  2.58315793e+00  8.34042775e-01 -2.25117006e+00
  5.02028294e-04  1.70611410e+00  1.07365972e+00 -6.56681417e-01
 -2.32201037e+00  2.40747510e+00  2.03443597e+00  1.63894143e+00
  2.27346819e+00  1.87121503e+00 -2.13347512e+00 -2.86564728e+00
  5.39208688e-01  1.39062486e+00 -2.42508337e+00 -1.31978174e+00
  2.45172203e+00  1.26929907e+00  2.77568761e-02 -1.75161482e+00
 -1.55643057e+00  1.95300813e+00  1.47099727e+00 -8.05667289e-01
 -1.47226736e-01 -4.61843761e-01 -1.77637034e-01  2.39523166e+00
 -5.44454588e-01 -6.49868339e-01  1.06215062e+00 -2.28855198e+00
  1.00755142e+00  2.57403575e+00 -4.94629668e-01  2.12590994e+00
 -1.96438586e+00 -8.66376748e-01 -2.40906983e+00 -2.30302595e+00
 -1.39856916e+00 -2.92390830e+00  1.57251987e+00  1.84323590e+00
  1.64887076e+00  1.01399578e+00  1.42628332e+00 -2.29972249e+00
 -2.69811582e+00  1.74452709e+00  9.97216878e-01 -4.27362600e-01
 -2.61769725e+00  1.56033726e+00 -1.21847044e+00 -2.49598965e+00
  6.47569046e-02]
Thu Jun 13 23:06:38 2024,618,0.08984589159580778,[-2.86215432e+00  2.08758605e+00 -1.62168746e+00  7.56880639e-02
  4.59534473e-01 -3.24414516e+00  3.24994010e+00  2.08588641e+00
  1.04905712e+00 -1.00716073e+00  5.49682008e-01  1.31799925e+00
  1.31575444e+00 -1.87086255e+00  7.66072932e-01  2.87717957e+00
 -3.93473656e-01 -4.25249762e-01 -1.92352928e+00  8.27263644e-01
  1.61707311e+00  2.91343780e+00 -1.38681384e+00 -4.13854237e-01
 -2.18635204e+00 -2.09690945e+00  3.13035980e+00  2.79797450e+00
 -7.30609010e-01 -2.63330748e+00  1.52762942e+00 -1.99262470e-01
 -2.44278844e+00  1.85689057e+00  1.13074610e+00 -6.19118566e-01
  1.09424373e+00 -2.00511552e+00 -2.21338908e-01  2.27330659e+00
 -3.09441883e-01  4.94507746e-01  2.41478809e+00  5.70632441e-01
  2.64811825e+00  2.88702902e+00  2.81159318e+00 -2.93874961e+00
  2.87753759e-01 -3.90245264e-01  1.71906884e+00  2.99271140e+00
 -3.71639280e-01 -2.35844701e+00  2.72649365e+00 -3.17721680e+00
  5.45887960e-01 -7.04781779e-01 -1.74560326e+00  3.10997101e+00
 -1.97119589e+00 -1.68704791e+00 -2.54951245e+00  2.36041411e+00
 -2.13981366e+00  1.97265963e+00  1.74395762e+00  1.47299325e+00
  2.52181758e+00  2.87849870e+00  1.98474071e+00  1.47274286e+00
 -1.76423312e+00 -2.39203725e+00  1.16265320e+00  5.77968671e-01
  1.59277783e+00 -2.79522771e+00 -1.02583664e-01  2.52430496e+00
 -1.17742486e+00  1.16559666e+00  1.24118661e+00  6.01806270e-01
 -9.70343812e-01  1.10890684e+00  7.84393679e-01 -3.82916225e-01
  2.81537774e+00 -2.14164632e+00  1.60109219e+00 -6.72740575e-01
  9.74746368e-01 -3.20477960e+00 -2.22818083e+00  3.35032338e-01
 -1.08244597e+00 -4.14476556e-01  2.68675671e-01  5.41645274e-02
 -1.76525350e+00 -2.12166866e-01 -6.57095135e-01  2.88920577e+00
 -1.14320702e+00 -1.19760925e+00 -1.12059077e+00  1.28188778e+00
  1.63337484e+00 -8.14869433e-01  2.12599128e+00 -1.50047832e+00
 -2.49626290e-01 -8.84386370e-01 -2.94519360e+00  3.10731317e+00
 -1.76477524e+00  3.04482744e+00 -1.36934482e+00 -2.36013722e+00
  3.76338749e+00 -1.21834448e+00 -6.08716294e-01 -3.06808335e+00
 -2.50670575e+00  2.98383746e+00 -1.94769738e+00 -1.68342054e+00
 -3.89879017e-01  2.95871106e+00  1.57700060e-01  1.75188680e-02
 -1.61834674e+00 -1.47350217e-01 -1.60017670e+00 -3.09070015e+00
  2.91282684e+00  1.15378723e+00 -3.24050448e-01 -2.31428107e+00
  1.00198231e+00 -1.15089648e+00 -2.73696247e-01 -2.15023721e+00
 -1.88571936e+00  1.80921548e+00 -9.77110462e-01  2.55831645e+00
 -4.43179620e-01 -3.08807468e+00 -2.82807972e+00  2.03169710e+00
 -3.07727545e+00 -2.62600070e-01 -1.03662494e+00 -1.77864593e-01
  2.37764173e+00  1.71901954e+00 -2.65524657e-01 -1.77653446e+00
 -3.03048145e+00  1.19284691e-01 -8.39647653e-01  1.47144128e+00
 -2.51116352e+00  9.67406825e-01 -3.29845372e-02  2.15978669e-01
  2.00340388e+00  7.43471002e-01  7.79274946e-01 -1.22353963e+00
  1.59224794e+00  2.55075725e+00  1.27437645e+00  3.03494380e-01
 -9.92816054e-01  2.58319622e+00  8.34081062e-01 -2.25120835e+00
  5.40315719e-04  1.70607581e+00  1.07369801e+00 -6.56643130e-01
 -2.32197208e+00  2.40751339e+00  2.03447426e+00  1.63897972e+00
  2.27350647e+00  1.87117674e+00 -2.13343683e+00 -2.86560899e+00
  5.39170400e-01  1.39058657e+00 -2.42512166e+00 -1.31982002e+00
  2.45176032e+00  1.26926078e+00  2.77185887e-02 -1.75165311e+00
 -1.55646886e+00  1.95304642e+00  1.47095899e+00 -8.05629002e-01
 -1.47265023e-01 -4.61805474e-01 -1.77675321e-01  2.39519337e+00
 -5.44416300e-01 -6.49830051e-01  1.06211233e+00 -2.28851369e+00
  1.00751313e+00  2.57407404e+00 -4.94667956e-01  2.12594823e+00
 -1.96442414e+00 -8.66338460e-01 -2.40910812e+00 -2.30306424e+00
 -1.39860745e+00 -2.92394659e+00  1.57248159e+00  1.84319761e+00
  1.64883247e+00  1.01403406e+00  1.42624503e+00 -2.29968420e+00
 -2.69807753e+00  1.74456538e+00  9.97178590e-01 -4.27324313e-01
 -2.61765897e+00  1.56037555e+00 -1.21843215e+00 -2.49602794e+00
  6.47186172e-02]
Thu Jun 13 23:07:02 2024,619,0.08982422600240343,[-2.86155823e+00  2.08818213e+00 -1.62228355e+00  7.62841513e-02
  4.60130560e-01 -3.24354907e+00  3.24934401e+00  2.08648250e+00
  1.04846104e+00 -1.00656464e+00  5.49085920e-01  1.31740316e+00
  1.31635053e+00 -1.87145864e+00  7.65476845e-01  2.87777565e+00
 -3.94069744e-01 -4.24653675e-01 -1.92412536e+00  8.27859731e-01
  1.61647702e+00  2.91403389e+00 -1.38621775e+00 -4.14450324e-01
 -2.18575595e+00 -2.09631337e+00  3.12976371e+00  2.79857059e+00
 -7.30012922e-01 -2.63271139e+00  1.52822550e+00 -1.99858558e-01
 -2.44219235e+00  1.85629448e+00  1.13134218e+00 -6.18522478e-01
  1.09364764e+00 -2.00451944e+00 -2.20742821e-01  2.27271050e+00
 -3.10037970e-01  4.95103833e-01  2.41538418e+00  5.70036354e-01
  2.64871434e+00  2.88762511e+00  2.81218926e+00 -2.93934570e+00
  2.88349847e-01 -3.89649176e-01  1.71966493e+00  2.99330749e+00
 -3.71043193e-01 -2.35785092e+00  2.72589756e+00 -3.17662071e+00
  5.45291873e-01 -7.04185692e-01 -1.74619935e+00  3.10937492e+00
 -1.97179197e+00 -1.68764400e+00 -2.55010854e+00  2.36101020e+00
 -2.13921757e+00  1.97206355e+00  1.74336153e+00  1.47358934e+00
  2.52241367e+00  2.87909479e+00  1.98533680e+00  1.47333894e+00
 -1.76482921e+00 -2.39263334e+00  1.16205711e+00  5.78564759e-01
  1.59218175e+00 -2.79582380e+00 -1.03179752e-01  2.52370887e+00
 -1.17682877e+00  1.16619275e+00  1.24178270e+00  6.01210183e-01
 -9.69747724e-01  1.10831075e+00  7.83797591e-01 -3.83512313e-01
  2.81597382e+00 -2.14105023e+00  1.60049610e+00 -6.73336662e-01
  9.75342456e-01 -3.20537569e+00 -2.22758474e+00  3.35628426e-01
 -1.08304206e+00 -4.13880469e-01  2.68079584e-01  5.47606149e-02
 -1.76465742e+00 -2.12762953e-01 -6.56499048e-01  2.88860968e+00
 -1.14380310e+00 -1.19701316e+00 -1.12118686e+00  1.28248387e+00
  1.63397093e+00 -8.15465520e-01  2.12658737e+00 -1.49988223e+00
 -2.49030202e-01 -8.84982458e-01 -2.94578968e+00  3.10790926e+00
 -1.76537133e+00  3.04542353e+00 -1.36874873e+00 -2.35954113e+00
  3.76279141e+00 -1.21774840e+00 -6.08120207e-01 -3.06748727e+00
 -2.50610966e+00  2.98324137e+00 -1.94829346e+00 -1.68401663e+00
 -3.89282930e-01  2.95930715e+00  1.58296148e-01  1.69227806e-02
 -1.61775065e+00 -1.46754130e-01 -1.60077279e+00 -3.09010406e+00
  2.91342292e+00  1.15319115e+00 -3.24646535e-01 -2.31487715e+00
  1.00257840e+00 -1.15149257e+00 -2.74292335e-01 -2.15083330e+00
 -1.88631545e+00  1.80981156e+00 -9.77706549e-01  2.55772036e+00
 -4.43775707e-01 -3.08867076e+00 -2.82867580e+00  2.03110101e+00
 -3.07787154e+00 -2.63196157e-01 -1.03722102e+00 -1.77268505e-01
  2.37823781e+00  1.71842346e+00 -2.66120744e-01 -1.77593837e+00
 -3.02988536e+00  1.19880778e-01 -8.40243741e-01  1.47084520e+00
 -2.51056743e+00  9.68002912e-01 -3.35806247e-02  2.15382581e-01
  2.00280780e+00  7.42874914e-01  7.79871033e-01 -1.22294354e+00
  1.59284403e+00  2.55135334e+00  1.27497253e+00  3.04090468e-01
 -9.92219967e-01  2.58260013e+00  8.34677150e-01 -2.25061226e+00
 -5.57717285e-05  1.70547973e+00  1.07310192e+00 -6.56047042e-01
 -2.32137600e+00  2.40691730e+00  2.03387817e+00  1.63838363e+00
  2.27410256e+00  1.87177283e+00 -2.13403292e+00 -2.86501290e+00
  5.39766488e-01  1.38999048e+00 -2.42571775e+00 -1.31922394e+00
  2.45116423e+00  1.26866470e+00  2.83146762e-02 -1.75105702e+00
 -1.55706494e+00  1.95245033e+00  1.47155507e+00 -8.05032914e-01
 -1.46668936e-01 -4.62401561e-01 -1.78271409e-01  2.39578946e+00
 -5.45012388e-01 -6.50426139e-01  1.06270842e+00 -2.28791761e+00
  1.00810922e+00  2.57467012e+00 -4.94071868e-01  2.12654431e+00
 -1.96382806e+00 -8.65742373e-01 -2.40851203e+00 -2.30366032e+00
 -1.39801136e+00 -2.92454268e+00  1.57307767e+00  1.84379370e+00
  1.64942856e+00  1.01463015e+00  1.42564895e+00 -2.29908812e+00
 -2.69867362e+00  1.74396929e+00  9.96582503e-01 -4.26728226e-01
 -2.61706288e+00  1.56097164e+00 -1.21783606e+00 -2.49543185e+00
  6.41225298e-02]
Thu Jun 13 23:07:16 2024,620,0.08982434174618731,[-2.86138776e+00  2.08801166e+00 -1.62245402e+00  7.64546215e-02
  4.59960090e-01 -3.24371954e+00  3.24951448e+00  2.08665297e+00
  1.04863151e+00 -1.00639417e+00  5.49256390e-01  1.31723269e+00
  1.31618006e+00 -1.87128817e+00  7.65647315e-01  2.87794612e+00
 -3.93899273e-01 -4.24483205e-01 -1.92395489e+00  8.27689261e-01
  1.61664749e+00  2.91386342e+00 -1.38638822e+00 -4.14620794e-01
 -2.18558548e+00 -2.09648384e+00  3.12959324e+00  2.79840012e+00
 -7.29842452e-01 -2.63254092e+00  1.52839597e+00 -1.99688088e-01
 -2.44202188e+00  1.85612401e+00  1.13151265e+00 -6.18692949e-01
  1.09347717e+00 -2.00468991e+00 -2.20913291e-01  2.27254003e+00
 -3.10208440e-01  4.94933363e-01  2.41521371e+00  5.69865884e-01
  2.64854387e+00  2.88745464e+00  2.81235973e+00 -2.93917523e+00
  2.88179377e-01 -3.89478706e-01  1.71949446e+00  2.99347796e+00
 -3.71213663e-01 -2.35802139e+00  2.72572709e+00 -3.17679118e+00
  5.45121403e-01 -7.04015222e-01 -1.74602888e+00  3.10954539e+00
 -1.97162150e+00 -1.68781447e+00 -2.54993807e+00  2.36118067e+00
 -2.13904710e+00  1.97223402e+00  1.74319106e+00  1.47341887e+00
  2.52258414e+00  2.87892432e+00  1.98516633e+00  1.47316847e+00
 -1.76465874e+00 -2.39246287e+00  1.16222758e+00  5.78394289e-01
  1.59201128e+00 -2.79599427e+00 -1.03350222e-01  2.52387934e+00
 -1.17699924e+00  1.16636322e+00  1.24195317e+00  6.01039713e-01
 -9.69577254e-01  1.10848122e+00  7.83627121e-01 -3.83682783e-01
  2.81614429e+00 -2.14122070e+00  1.60066657e+00 -6.73507132e-01
  9.75171986e-01 -3.20520522e+00 -2.22775521e+00  3.35457956e-01
 -1.08321253e+00 -4.14050939e-01  2.68250054e-01  5.49310850e-02
 -1.76448695e+00 -2.12933423e-01 -6.56669518e-01  2.88843921e+00
 -1.14363263e+00 -1.19684269e+00 -1.12135733e+00  1.28265434e+00
  1.63380046e+00 -8.15295050e-01  2.12675784e+00 -1.49971176e+00
 -2.49200672e-01 -8.84811988e-01 -2.94561921e+00  3.10773879e+00
 -1.76554180e+00  3.04525306e+00 -1.36891920e+00 -2.35971160e+00
  3.76262094e+00 -1.21791887e+00 -6.08290677e-01 -3.06731680e+00
 -2.50628013e+00  2.98307090e+00 -1.94846393e+00 -1.68384616e+00
 -3.89112459e-01  2.95913668e+00  1.58466618e-01  1.70932507e-02
 -1.61758018e+00 -1.46583659e-01 -1.60094326e+00 -3.08993359e+00
  2.91359339e+00  1.15336162e+00 -3.24817006e-01 -2.31470668e+00
  1.00240793e+00 -1.15166304e+00 -2.74462805e-01 -2.15100377e+00
 -1.88648592e+00  1.80964109e+00 -9.77536079e-01  2.55789083e+00
 -4.43946177e-01 -3.08850029e+00 -2.82850533e+00  2.03093054e+00
 -3.07770107e+00 -2.63025687e-01 -1.03739149e+00 -1.77438975e-01
  2.37806734e+00  1.71859393e+00 -2.66291214e-01 -1.77576790e+00
 -3.02971489e+00  1.20051248e-01 -8.40414211e-01  1.47101567e+00
 -2.51073790e+00  9.67832442e-01 -3.37510948e-02  2.15553051e-01
  2.00297827e+00  7.42704444e-01  7.80041503e-01 -1.22277307e+00
  1.59267356e+00  2.55118287e+00  1.27514300e+00  3.04260938e-01
 -9.92390437e-01  2.58277060e+00  8.34506680e-01 -2.25078273e+00
 -2.26241877e-04  1.70565020e+00  1.07327239e+00 -6.56217513e-01
 -2.32154647e+00  2.40708777e+00  2.03370770e+00  1.63855410e+00
  2.27427303e+00  1.87160236e+00 -2.13386245e+00 -2.86484243e+00
  5.39596018e-01  1.39016095e+00 -2.42588822e+00 -1.31905347e+00
  2.45133470e+00  1.26883517e+00  2.84851463e-02 -1.75088655e+00
 -1.55723541e+00  1.95262080e+00  1.47172554e+00 -8.04862444e-01
 -1.46498466e-01 -4.62231091e-01 -1.78441879e-01  2.39561899e+00
 -5.44841918e-01 -6.50596609e-01  1.06253795e+00 -2.28774714e+00
  1.00827969e+00  2.57449965e+00 -4.94242339e-01  2.12671478e+00
 -1.96399853e+00 -8.65571903e-01 -2.40868250e+00 -2.30348985e+00
 -1.39818183e+00 -2.92437221e+00  1.57324814e+00  1.84396417e+00
  1.64959903e+00  1.01445968e+00  1.42547848e+00 -2.29925859e+00
 -2.69884409e+00  1.74379882e+00  9.96752973e-01 -4.26557755e-01
 -2.61723335e+00  1.56114211e+00 -1.21766559e+00 -2.49560232e+00
  6.42929999e-02]
Thu Jun 13 23:07:30 2024,621,0.08973092854247074,[-2.86257042e+00  2.08682900e+00 -1.62363668e+00  7.76372815e-02
  4.61142750e-01 -3.24490220e+00  3.25069714e+00  2.08783563e+00
  1.04744885e+00 -1.00757683e+00  5.50439050e-01  1.31841535e+00
  1.31499740e+00 -1.87247083e+00  7.64464655e-01  2.87912878e+00
 -3.92716613e-01 -4.23300545e-01 -1.92277223e+00  8.28871921e-01
  1.61783015e+00  2.91268076e+00 -1.38520556e+00 -4.13438134e-01
 -2.18440282e+00 -2.09766650e+00  3.12841058e+00  2.79721746e+00
 -7.31025112e-01 -2.63372358e+00  1.52721331e+00 -2.00870748e-01
 -2.44320454e+00  1.85730667e+00  1.13032999e+00 -6.17510289e-01
  1.09465983e+00 -2.00350725e+00 -2.22095951e-01  2.27135737e+00
 -3.09025780e-01  4.96116023e-01  2.41403105e+00  5.68683224e-01
  2.64972653e+00  2.88627198e+00  2.81354239e+00 -2.93799257e+00
  2.86996717e-01 -3.90661366e-01  1.71831180e+00  2.99466062e+00
 -3.70031003e-01 -2.35683873e+00  2.72690975e+00 -3.17560852e+00
  5.43938743e-01 -7.02832562e-01 -1.74484622e+00  3.10836273e+00
 -1.97280416e+00 -1.68663181e+00 -2.54875541e+00  2.36236333e+00
 -2.14022976e+00  1.97105136e+00  1.74200840e+00  1.47460153e+00
  2.52376680e+00  2.87774166e+00  1.98634899e+00  1.47435113e+00
 -1.76347608e+00 -2.39364553e+00  1.16341024e+00  5.79576949e-01
  1.59082862e+00 -2.79481161e+00 -1.04532882e-01  2.52506200e+00
 -1.17818190e+00  1.16518056e+00  1.24077051e+00  6.02222373e-01
 -9.68394594e-01  1.10729856e+00  7.84809781e-01 -3.84865443e-01
  2.81732695e+00 -2.14240336e+00  1.59948391e+00 -6.74689792e-01
  9.73989326e-01 -3.20402256e+00 -2.22893787e+00  3.36640616e-01
 -1.08202987e+00 -4.12868279e-01  2.69432714e-01  5.61137451e-02
 -1.76330429e+00 -2.11750763e-01 -6.57852178e-01  2.88725655e+00
 -1.14481529e+00 -1.19802535e+00 -1.12253999e+00  1.28383700e+00
  1.63261780e+00 -8.16477710e-01  2.12557518e+00 -1.49852910e+00
 -2.48018012e-01 -8.83629328e-01 -2.94443655e+00  3.10655613e+00
 -1.76435914e+00  3.04643572e+00 -1.36773654e+00 -2.35852894e+00
  3.76380360e+00 -1.21910153e+00 -6.09473337e-01 -3.06849946e+00
 -2.50509747e+00  2.98425356e+00 -1.94728127e+00 -1.68502882e+00
 -3.90295119e-01  2.96031934e+00  1.57283958e-01  1.82759107e-02
 -1.61876284e+00 -1.45400999e-01 -1.59976060e+00 -3.09111625e+00
  2.91241073e+00  1.15217896e+00 -3.25999666e-01 -2.31352402e+00
  1.00122527e+00 -1.15048038e+00 -2.73280145e-01 -2.14982111e+00
 -1.88530326e+00  1.80845843e+00 -9.76353419e-01  2.55907349e+00
 -4.42763517e-01 -3.08968295e+00 -2.82968799e+00  2.03211320e+00
 -3.07888373e+00 -2.64208347e-01 -1.03620883e+00 -1.76256315e-01
  2.37925000e+00  1.71741127e+00 -2.67473875e-01 -1.77458524e+00
 -3.03089755e+00  1.18868588e-01 -8.41596871e-01  1.47219833e+00
 -2.50955524e+00  9.69015102e-01 -3.25684348e-02  2.14370391e-01
  2.00416093e+00  7.43887104e-01  7.78858843e-01 -1.22395573e+00
  1.59385622e+00  2.55236553e+00  1.27396034e+00  3.05443598e-01
 -9.93573097e-01  2.58158794e+00  8.35689340e-01 -2.24960007e+00
  9.56418137e-04  1.70683286e+00  1.07208973e+00 -6.55034853e-01
 -2.32272913e+00  2.40590511e+00  2.03489036e+00  1.63973676e+00
  2.27309037e+00  1.87041970e+00 -2.13504511e+00 -2.86365977e+00
  5.38413358e-01  1.38897829e+00 -2.42470556e+00 -1.32023613e+00
  2.45015204e+00  1.27001783e+00  2.96678063e-02 -1.75206921e+00
 -1.55605275e+00  1.95143814e+00  1.47054288e+00 -8.06045104e-01
 -1.45315806e-01 -4.63413751e-01 -1.79624539e-01  2.39443633e+00
 -5.46024578e-01 -6.51779269e-01  1.06372061e+00 -2.28892980e+00
  1.00946235e+00  2.57331699e+00 -4.95424999e-01  2.12553212e+00
 -1.96281587e+00 -8.64389243e-01 -2.40749984e+00 -2.30230719e+00
 -1.39936449e+00 -2.92555487e+00  1.57443080e+00  1.84514683e+00
  1.64841637e+00  1.01327702e+00  1.42666114e+00 -2.30044125e+00
 -2.69766143e+00  1.74261616e+00  9.97935633e-01 -4.27740415e-01
 -2.61605069e+00  1.55995945e+00 -1.21648293e+00 -2.49441966e+00
  6.31103399e-02]
Thu Jun 13 23:07:44 2024,622,0.08951679868446978,[-2.86470362e+00  2.08896220e+00 -1.62576988e+00  7.55040813e-02
  4.63275950e-01 -3.24276900e+00  3.24856394e+00  2.08996883e+00
  1.04958205e+00 -1.00544363e+00  5.48305850e-01  1.32054855e+00
  1.31286420e+00 -1.87460403e+00  7.66597855e-01  2.87699558e+00
 -3.90583413e-01 -4.25433745e-01 -1.92063903e+00  8.26738721e-01
  1.61569695e+00  2.91054756e+00 -1.38733876e+00 -4.15571334e-01
 -2.18226962e+00 -2.09979970e+00  3.12627738e+00  2.79935066e+00
 -7.28891912e-01 -2.63585678e+00  1.52934651e+00 -2.03003948e-01
 -2.44107134e+00  1.85517347e+00  1.12819679e+00 -6.19643489e-01
  1.09252663e+00 -2.00564045e+00 -2.19962751e-01  2.26922417e+00
 -3.06892580e-01  4.93982823e-01  2.41189785e+00  5.70816424e-01
  2.65185973e+00  2.88840518e+00  2.81140919e+00 -2.93585937e+00
  2.89129917e-01 -3.88528166e-01  1.72044500e+00  2.99679382e+00
 -3.67897803e-01 -2.35897193e+00  2.72904295e+00 -3.17774172e+00
  5.41805543e-01 -7.04965762e-01 -1.74697942e+00  3.10622953e+00
 -1.97067096e+00 -1.68876501e+00 -2.55088861e+00  2.36023013e+00
 -2.13809656e+00  1.97318456e+00  1.74414160e+00  1.47246833e+00
  2.52163360e+00  2.87987486e+00  1.98848219e+00  1.47648433e+00
 -1.76560928e+00 -2.39577873e+00  1.16554344e+00  5.81710149e-01
  1.59296182e+00 -2.79267841e+00 -1.02399682e-01  2.52292880e+00
 -1.18031511e+00  1.16304736e+00  1.23863731e+00  6.00089173e-01
 -9.66261394e-01  1.10516536e+00  7.82676581e-01 -3.86998643e-01
  2.81946015e+00 -2.14027016e+00  1.59735071e+00 -6.72556592e-01
  9.76122526e-01 -3.20615576e+00 -2.23107107e+00  3.38773816e-01
 -1.08416307e+00 -4.15001479e-01  2.71565914e-01  5.39805449e-02
 -1.76543749e+00 -2.13883963e-01 -6.59985378e-01  2.88512335e+00
 -1.14694849e+00 -1.20015855e+00 -1.12040679e+00  1.28170380e+00
  1.63048460e+00 -8.18610911e-01  2.12770838e+00 -1.49639590e+00
 -2.50151212e-01 -8.85762528e-01 -2.94656975e+00  3.10868933e+00
 -1.76649234e+00  3.04430252e+00 -1.36986974e+00 -2.35639574e+00
  3.76593680e+00 -1.21696833e+00 -6.07340137e-01 -3.07063266e+00
 -2.50296427e+00  2.98212036e+00 -1.94941447e+00 -1.68716202e+00
 -3.88161919e-01  2.95818614e+00  1.59417158e-01  2.04091109e-02
 -1.62089604e+00 -1.47534200e-01 -1.60189380e+00 -3.08898305e+00
  2.91027753e+00  1.15431216e+00 -3.28132866e-01 -2.31565722e+00
  1.00335847e+00 -1.15261358e+00 -2.75413345e-01 -2.14768791e+00
 -1.88317006e+00  1.81059163e+00 -9.78486619e-01  2.55694029e+00
 -4.44896717e-01 -3.08754975e+00 -2.83182119e+00  2.02998000e+00
 -3.07675053e+00 -2.66341547e-01 -1.03407563e+00 -1.78389515e-01
  2.38138320e+00  1.71954447e+00 -2.65340674e-01 -1.77245204e+00
 -3.03303075e+00  1.16735388e-01 -8.39463671e-01  1.47433153e+00
 -2.51168844e+00  9.66881902e-01 -3.04352347e-02  2.16503591e-01
  2.00202773e+00  7.46020304e-01  7.76725643e-01 -1.22608893e+00
  1.59172302e+00  2.55449873e+00  1.27609354e+00  3.07576798e-01
 -9.91439897e-01  2.58372114e+00  8.37822540e-01 -2.25173327e+00
 -1.17678204e-03  1.70896606e+00  1.06995653e+00 -6.52901652e-01
 -2.32059593e+00  2.40377191e+00  2.03702356e+00  1.63760356e+00
  2.27095717e+00  1.87255290e+00 -2.13291191e+00 -2.86579297e+00
  5.36280157e-01  1.39111149e+00 -2.42683876e+00 -1.31810292e+00
  2.45228524e+00  1.26788463e+00  2.75346062e-02 -1.74993601e+00
 -1.55818596e+00  1.94930494e+00  1.47267608e+00 -8.03911904e-01
 -1.43182606e-01 -4.65546951e-01 -1.81757739e-01  2.39230313e+00
 -5.43891377e-01 -6.49646069e-01  1.06585381e+00 -2.29106300e+00
  1.01159555e+00  2.57545019e+00 -4.97558199e-01  2.12339892e+00
 -1.96494907e+00 -8.62256042e-01 -2.40963304e+00 -2.30017399e+00
 -1.40149769e+00 -2.92342167e+00  1.57656400e+00  1.84728003e+00
  1.64628317e+00  1.01114382e+00  1.42879434e+00 -2.29830805e+00
 -2.69979463e+00  1.74474936e+00  9.95802433e-01 -4.29873616e-01
 -2.61818389e+00  1.55782625e+00 -1.21434973e+00 -2.49228646e+00
  6.52435401e-02]
Thu Jun 13 23:07:58 2024,623,0.08943505844847363,[-2.86577795e+00  2.09003653e+00 -1.62469555e+00  7.65784114e-02
  4.64350280e-01 -3.24384333e+00  3.24963827e+00  2.08889450e+00
  1.05065638e+00 -1.00436930e+00  5.49380180e-01  1.32162288e+00
  1.31178987e+00 -1.87567836e+00  7.67672185e-01  2.87806991e+00
 -3.89509083e-01 -4.26508075e-01 -1.91956470e+00  8.27813051e-01
  1.61462262e+00  2.91162189e+00 -1.38841309e+00 -4.16645664e-01
 -2.18334395e+00 -2.09872537e+00  3.12735171e+00  2.79827633e+00
 -7.27817582e-01 -2.63478245e+00  1.52827218e+00 -2.04078278e-01
 -2.44214567e+00  1.85409914e+00  1.12712246e+00 -6.18569159e-01
  1.09145230e+00 -2.00671478e+00 -2.21037081e-01  2.26814984e+00
 -3.05818250e-01  4.92908493e-01  2.41297218e+00  5.69742094e-01
  2.65078540e+00  2.88947951e+00  2.81033486e+00 -2.93693370e+00
  2.90204247e-01 -3.87453836e-01  1.72151933e+00  2.99571949e+00
 -3.68972133e-01 -2.36004626e+00  2.72796862e+00 -3.17666739e+00
  5.40731213e-01 -7.06040092e-01 -1.74590509e+00  3.10515520e+00
 -1.97174529e+00 -1.68769068e+00 -2.54981428e+00  2.36130446e+00
 -2.13702223e+00  1.97425889e+00  1.74521593e+00  1.47139400e+00
  2.52270793e+00  2.88094919e+00  1.98955652e+00  1.47755866e+00
 -1.76453495e+00 -2.39470440e+00  1.16661778e+00  5.80635819e-01
  1.59403615e+00 -2.79160408e+00 -1.01325352e-01  2.52185447e+00
 -1.18138944e+00  1.16412169e+00  1.23971164e+00  5.99014843e-01
 -9.67335724e-01  1.10623969e+00  7.81602251e-01 -3.88072973e-01
  2.82053448e+00 -2.13919583e+00  1.59842504e+00 -6.71482262e-01
  9.77196856e-01 -3.20723009e+00 -2.22999674e+00  3.39848146e-01
 -1.08308874e+00 -4.16075809e-01  2.70491584e-01  5.29062148e-02
 -1.76436316e+00 -2.12809633e-01 -6.58911048e-01  2.88404902e+00
 -1.14587416e+00 -1.20123288e+00 -1.12148112e+00  1.28062947e+00
  1.63155893e+00 -8.19685241e-01  2.12663405e+00 -1.49532157e+00
 -2.51225543e-01 -8.84688198e-01 -2.94549542e+00  3.10976366e+00
 -1.76756667e+00  3.04537685e+00 -1.37094407e+00 -2.35747007e+00
  3.76701113e+00 -1.21589400e+00 -6.08414467e-01 -3.07170699e+00
 -2.50188994e+00  2.98319469e+00 -1.95048880e+00 -1.68608769e+00
 -3.89236249e-01  2.95711181e+00  1.60491488e-01  1.93347808e-02
 -1.61982171e+00 -1.48608530e-01 -1.60296813e+00 -3.09005738e+00
  2.90920320e+00  1.15538649e+00 -3.27058536e-01 -2.31673155e+00
  1.00228414e+00 -1.15153925e+00 -2.76487675e-01 -2.14876224e+00
 -1.88424439e+00  1.80951730e+00 -9.79560949e-01  2.55586596e+00
 -4.43822387e-01 -3.08862408e+00 -2.83289552e+00  2.03105433e+00
 -3.07567620e+00 -2.65267217e-01 -1.03514996e+00 -1.79463846e-01
  2.38030887e+00  1.72061880e+00 -2.66415004e-01 -1.77137771e+00
 -3.03410508e+00  1.15661058e-01 -8.40538001e-01  1.47540586e+00
 -2.51276277e+00  9.67956232e-01 -2.93609046e-02  2.17577922e-01
  2.00095340e+00  7.44945974e-01  7.75651313e-01 -1.22501460e+00
  1.59064869e+00  2.55342440e+00  1.27716787e+00  3.08651128e-01
 -9.92514227e-01  2.58264681e+00  8.38896870e-01 -2.25280760e+00
 -2.25111211e-03  1.71004039e+00  1.07103086e+00 -6.53975982e-01
 -2.32167026e+00  2.40269758e+00  2.03594923e+00  1.63652923e+00
  2.26988284e+00  1.87362723e+00 -2.13183758e+00 -2.86686730e+00
  5.35205827e-01  1.39003716e+00 -2.42576443e+00 -1.31702859e+00
  2.45335957e+00  1.26895896e+00  2.64602761e-02 -1.74886168e+00
 -1.55926029e+00  1.94823061e+00  1.47375041e+00 -8.02837574e-01
 -1.42108275e-01 -4.66621281e-01 -1.80683409e-01  2.39337746e+00
 -5.44965707e-01 -6.48571739e-01  1.06477948e+00 -2.28998867e+00
  1.01266988e+00  2.57652452e+00 -4.98632529e-01  2.12232459e+00
 -1.96602340e+00 -8.61181712e-01 -2.41070737e+00 -2.29909966e+00
 -1.40257202e+00 -2.92449600e+00  1.57763833e+00  1.84620570e+00
  1.64735750e+00  1.01221815e+00  1.42772001e+00 -2.29723372e+00
 -2.69872030e+00  1.74582369e+00  9.96876763e-01 -4.28799286e-01
 -2.61925822e+00  1.55675192e+00 -1.21542406e+00 -2.49121213e+00
  6.41692100e-02]
Thu Jun 13 23:08:12 2024,624,0.08943496511949141,[-2.86577050e+00  2.09004399e+00 -1.62468810e+00  7.65709582e-02
  4.64357733e-01 -3.24385078e+00  3.24963082e+00  2.08890195e+00
  1.05066383e+00 -1.00437675e+00  5.49372727e-01  1.32161543e+00
  1.31179732e+00 -1.87567091e+00  7.67664732e-01  2.87807737e+00
 -3.89501630e-01 -4.26515528e-01 -1.91957216e+00  8.27820504e-01
  1.61461517e+00  2.91161444e+00 -1.38842054e+00 -4.16653118e-01
 -2.18335141e+00 -2.09871791e+00  3.12735917e+00  2.79828378e+00
 -7.27810129e-01 -2.63477499e+00  1.52826473e+00 -2.04085731e-01
 -2.44215313e+00  1.85409169e+00  1.12711501e+00 -6.18576612e-01
  1.09144485e+00 -2.00672223e+00 -2.21029627e-01  2.26814239e+00
 -3.05825703e-01  4.92901039e-01  2.41297963e+00  5.69749547e-01
  2.65077795e+00  2.88947206e+00  2.81032741e+00 -2.93694115e+00
  2.90196794e-01 -3.87446383e-01  1.72152678e+00  2.99572694e+00
 -3.68964680e-01 -2.36005372e+00  2.72796117e+00 -3.17667484e+00
  5.40738666e-01 -7.06047545e-01 -1.74591254e+00  3.10514775e+00
 -1.97173784e+00 -1.68769813e+00 -2.54982174e+00  2.36129701e+00
 -2.13702968e+00  1.97425143e+00  1.74520847e+00  1.47138654e+00
  2.52271538e+00  2.88095664e+00  1.98954907e+00  1.47755121e+00
 -1.76452750e+00 -2.39469695e+00  1.16661032e+00  5.80628366e-01
  1.59404360e+00 -2.79161153e+00 -1.01332805e-01  2.52186192e+00
 -1.18138198e+00  1.16411424e+00  1.23970419e+00  5.99022296e-01
 -9.67343177e-01  1.10623224e+00  7.81609704e-01 -3.88065520e-01
  2.82052703e+00 -2.13918837e+00  1.59843250e+00 -6.71489715e-01
  9.77189403e-01 -3.20723755e+00 -2.23000419e+00  3.39855599e-01
 -1.08308129e+00 -4.16068356e-01  2.70499037e-01  5.29136680e-02
 -1.76437061e+00 -2.12802180e-01 -6.58903595e-01  2.88404157e+00
 -1.14586671e+00 -1.20124034e+00 -1.12147367e+00  1.28063692e+00
  1.63155148e+00 -8.19677787e-01  2.12664150e+00 -1.49532903e+00
 -2.51232996e-01 -8.84680744e-01 -2.94550288e+00  3.10977112e+00
 -1.76757412e+00  3.04536940e+00 -1.37093662e+00 -2.35746262e+00
  3.76700367e+00 -1.21590145e+00 -6.08407014e-01 -3.07171444e+00
 -2.50189739e+00  2.98318723e+00 -1.95049626e+00 -1.68608024e+00
 -3.89228796e-01  2.95710436e+00  1.60498941e-01  1.93422340e-02
 -1.61982916e+00 -1.48601076e-01 -1.60297558e+00 -3.09004993e+00
  2.90921066e+00  1.15539394e+00 -3.27065989e-01 -2.31673901e+00
  1.00227669e+00 -1.15153180e+00 -2.76480222e-01 -2.14875478e+00
 -1.88425184e+00  1.80950985e+00 -9.79568402e-01  2.55585851e+00
 -4.43814934e-01 -3.08861663e+00 -2.83288807e+00  2.03104688e+00
 -3.07568365e+00 -2.65259764e-01 -1.03514251e+00 -1.79456392e-01
  2.38030142e+00  1.72062625e+00 -2.66407551e-01 -1.77138517e+00
 -3.03409763e+00  1.15653605e-01 -8.40545454e-01  1.47539840e+00
 -2.51275532e+00  9.67948779e-01 -2.93534514e-02  2.17585375e-01
  2.00096085e+00  7.44938521e-01  7.75643860e-01 -1.22502205e+00
  1.59064124e+00  2.55341694e+00  1.27716042e+00  3.08658581e-01
 -9.92506774e-01  2.58263936e+00  8.38904323e-01 -2.25280015e+00
 -2.25856530e-03  1.71004784e+00  1.07102340e+00 -6.53968529e-01
 -2.32167771e+00  2.40270504e+00  2.03595669e+00  1.63652178e+00
  2.26989029e+00  1.87363468e+00 -2.13183012e+00 -2.86685985e+00
  5.35213280e-01  1.39002971e+00 -2.42575697e+00 -1.31703605e+00
  2.45336702e+00  1.26896641e+00  2.64528229e-02 -1.74886914e+00
 -1.55925283e+00  1.94823806e+00  1.47374296e+00 -8.02830121e-01
 -1.42100822e-01 -4.66613828e-01 -1.80675956e-01  2.39338491e+00
 -5.44958254e-01 -6.48564285e-01  1.06477203e+00 -2.28998121e+00
  1.01267733e+00  2.57651707e+00 -4.98639982e-01  2.12233205e+00
 -1.96603085e+00 -8.61189166e-01 -2.41069992e+00 -2.29909221e+00
 -1.40256457e+00 -2.92448854e+00  1.57764579e+00  1.84619825e+00
  1.64735005e+00  1.01222560e+00  1.42772746e+00 -2.29724117e+00
 -2.69872775e+00  1.74581624e+00  9.96869310e-01 -4.28791832e-01
 -2.61925077e+00  1.55675937e+00 -1.21541661e+00 -2.49121958e+00
  6.41617568e-02]
Thu Jun 13 23:08:26 2024,625,0.08944086107291252,[-2.86565152e+00  2.09016297e+00 -1.62456912e+00  7.66899395e-02
  4.64238752e-01 -3.24396976e+00  3.24951184e+00  2.08878297e+00
  1.05054485e+00 -1.00449573e+00  5.49491708e-01  1.32149645e+00
  1.31167834e+00 -1.87578989e+00  7.67545751e-01  2.87795839e+00
 -3.89620611e-01 -4.26396547e-01 -1.91945318e+00  8.27701523e-01
  1.61449618e+00  2.91173342e+00 -1.38853952e+00 -4.16772099e-01
 -2.18347039e+00 -2.09859893e+00  3.12747815e+00  2.79816480e+00
 -7.27929110e-01 -2.63489398e+00  1.52838371e+00 -2.04204712e-01
 -2.44227211e+00  1.85397271e+00  1.12699603e+00 -6.18695593e-01
  1.09156383e+00 -2.00684121e+00 -2.20910646e-01  2.26802341e+00
 -3.05944684e-01  4.93020021e-01  2.41286065e+00  5.69868528e-01
  2.65065896e+00  2.88935308e+00  2.81020843e+00 -2.93706013e+00
  2.90077813e-01 -3.87327401e-01  1.72164576e+00  2.99560796e+00
 -3.69083661e-01 -2.35993474e+00  2.72808015e+00 -3.17679382e+00
  5.40857647e-01 -7.05928564e-01 -1.74579356e+00  3.10502877e+00
 -1.97185682e+00 -1.68757915e+00 -2.54994072e+00  2.36117802e+00
 -2.13691070e+00  1.97437041e+00  1.74508949e+00  1.47126756e+00
  2.52283437e+00  2.88083766e+00  1.98943008e+00  1.47743223e+00
 -1.76440852e+00 -2.39457797e+00  1.16649134e+00  5.80509384e-01
  1.59392462e+00 -2.79173051e+00 -1.01451786e-01  2.52174294e+00
 -1.18126300e+00  1.16423322e+00  1.23958521e+00  5.99141277e-01
 -9.67462158e-01  1.10635122e+00  7.81490723e-01 -3.87946539e-01
  2.82064601e+00 -2.13930736e+00  1.59831352e+00 -6.71608697e-01
  9.77308384e-01 -3.20735653e+00 -2.23012317e+00  3.39974581e-01
 -1.08320027e+00 -4.16187338e-01  2.70380056e-01  5.27946867e-02
 -1.76448959e+00 -2.12683199e-01 -6.59022576e-01  2.88416055e+00
 -1.14574773e+00 -1.20112135e+00 -1.12159265e+00  1.28051794e+00
  1.63167046e+00 -8.19796769e-01  2.12652252e+00 -1.49544801e+00
 -2.51114014e-01 -8.84561763e-01 -2.94538390e+00  3.10965213e+00
 -1.76769310e+00  3.04525042e+00 -1.37081764e+00 -2.35734364e+00
  3.76688469e+00 -1.21578247e+00 -6.08288033e-01 -3.07159546e+00
 -2.50177841e+00  2.98330622e+00 -1.95061524e+00 -1.68619922e+00
 -3.89347777e-01  2.95698538e+00  1.60617923e-01  1.94612153e-02
 -1.61994814e+00 -1.48482095e-01 -1.60309456e+00 -3.09016891e+00
  2.90909167e+00  1.15527496e+00 -3.26947008e-01 -2.31662003e+00
  1.00215771e+00 -1.15165078e+00 -2.76361241e-01 -2.14887376e+00
 -1.88437082e+00  1.80962883e+00 -9.79687384e-01  2.55597749e+00
 -4.43695953e-01 -3.08873561e+00 -2.83276909e+00  2.03092790e+00
 -3.07556467e+00 -2.65140783e-01 -1.03526149e+00 -1.79337411e-01
  2.38018244e+00  1.72074523e+00 -2.66526533e-01 -1.77150415e+00
 -3.03397864e+00  1.15534623e-01 -8.40426472e-01  1.47527942e+00
 -2.51263634e+00  9.67829797e-01 -2.92344701e-02  2.17704356e-01
  2.00084187e+00  7.45057502e-01  7.75762841e-01 -1.22514104e+00
  1.59052226e+00  2.55329796e+00  1.27704144e+00  3.08777563e-01
 -9.92625755e-01  2.58275834e+00  8.38785342e-01 -2.25291913e+00
 -2.37754663e-03  1.70992886e+00  1.07090442e+00 -6.53849548e-01
 -2.32155873e+00  2.40258606e+00  2.03583770e+00  1.63664076e+00
  2.26977131e+00  1.87375367e+00 -2.13194910e+00 -2.86697883e+00
  5.35332262e-01  1.38991073e+00 -2.42563799e+00 -1.31691707e+00
  2.45348600e+00  1.26884743e+00  2.63338416e-02 -1.74898812e+00
 -1.55913385e+00  1.94811908e+00  1.47362398e+00 -8.02711139e-01
 -1.41981841e-01 -4.66732810e-01 -1.80794937e-01  2.39326593e+00
 -5.44839273e-01 -6.48683267e-01  1.06465305e+00 -2.29010019e+00
  1.01279631e+00  2.57639809e+00 -4.98758963e-01  2.12221307e+00
 -1.96614983e+00 -8.61070184e-01 -2.41081890e+00 -2.29897323e+00
 -1.40268355e+00 -2.92436956e+00  1.57776477e+00  1.84631723e+00
  1.64746903e+00  1.01210662e+00  1.42784644e+00 -2.29736015e+00
 -2.69884673e+00  1.74569726e+00  9.96750328e-01 -4.28910814e-01
 -2.61913178e+00  1.55664039e+00 -1.21529763e+00 -2.49133856e+00
  6.40427755e-02]
Thu Jun 13 23:08:41 2024,626,0.08915009157282637,[-2.86777540e+00  2.08803908e+00 -1.62669300e+00  7.45660527e-02
  4.66362639e-01 -3.24609365e+00  3.24738795e+00  2.09090686e+00
  1.05266873e+00 -1.00237185e+00  5.51615595e-01  1.32362033e+00
  1.31380223e+00 -1.87366600e+00  7.65421864e-01  2.87583450e+00
 -3.87496724e-01 -4.24272660e-01 -1.92157706e+00  8.29825410e-01
  1.61662007e+00  2.90960953e+00 -1.39066341e+00 -4.18895986e-01
 -2.18559428e+00 -2.10072282e+00  3.12535426e+00  2.80028869e+00
 -7.25805223e-01 -2.63701786e+00  1.53050760e+00 -2.02080826e-01
 -2.44014822e+00  1.85609659e+00  1.12911992e+00 -6.20819480e-01
  1.08943994e+00 -2.00896510e+00 -2.23034533e-01  2.27014730e+00
 -3.08068571e-01  4.95143908e-01  2.41498454e+00  5.67744642e-01
  2.64853508e+00  2.89147696e+00  2.80808454e+00 -2.93493624e+00
  2.87953926e-01 -3.85203515e-01  1.72376965e+00  2.99348408e+00
 -3.66959774e-01 -2.35781085e+00  2.72595626e+00 -3.17891771e+00
  5.42981534e-01 -7.03804677e-01 -1.74366967e+00  3.10715265e+00
 -1.97398071e+00 -1.68970304e+00 -2.54781683e+00  2.35905414e+00
 -2.13478681e+00  1.97649430e+00  1.74296561e+00  1.47339145e+00
  2.52495825e+00  2.87871378e+00  1.98730620e+00  1.47955611e+00
 -1.76653240e+00 -2.39245408e+00  1.16436745e+00  5.82633271e-01
  1.59180073e+00 -2.79385440e+00 -9.93278994e-02  2.51961905e+00
 -1.17913911e+00  1.16210933e+00  1.23746132e+00  5.97017390e-01
 -9.69586045e-01  1.10422733e+00  7.83614610e-01 -3.85822652e-01
  2.82276990e+00 -2.14143124e+00  1.59618963e+00 -6.69484810e-01
  9.79432271e-01 -3.20948041e+00 -2.23224706e+00  3.42098467e-01
 -1.08107638e+00 -4.14063451e-01  2.72503943e-01  5.06707998e-02
 -1.76661348e+00 -2.14807086e-01 -6.61146463e-01  2.88628444e+00
 -1.14787161e+00 -1.20324524e+00 -1.12371653e+00  1.28264183e+00
  1.62954657e+00 -8.17672882e-01  2.12864641e+00 -1.49332412e+00
 -2.53237901e-01 -8.86685650e-01 -2.94326001e+00  3.10752825e+00
 -1.76981699e+00  3.04312653e+00 -1.36869375e+00 -2.35946753e+00
  3.76900858e+00 -1.21365858e+00 -6.10411919e-01 -3.07371934e+00
 -2.50390230e+00  2.98118233e+00 -1.94849135e+00 -1.68407533e+00
 -3.91471664e-01  2.95486149e+00  1.58494036e-01  1.73373285e-02
 -1.61782426e+00 -1.50605982e-01 -1.60097067e+00 -3.09229280e+00
  2.90696779e+00  1.15315107e+00 -3.29070894e-01 -2.31874391e+00
  1.00428159e+00 -1.15377467e+00 -2.78485128e-01 -2.14674988e+00
 -1.88649471e+00  1.80750495e+00 -9.81811270e-01  2.55810137e+00
 -4.41572066e-01 -3.09085950e+00 -2.83064520e+00  2.03305178e+00
 -3.07344078e+00 -2.63016896e-01 -1.03313760e+00 -1.81461298e-01
  2.37805855e+00  1.72286912e+00 -2.68650419e-01 -1.76938026e+00
 -3.03610253e+00  1.13410737e-01 -8.42550359e-01  1.47315553e+00
 -2.51476022e+00  9.69953684e-01 -2.71105832e-02  2.19828243e-01
  2.00296575e+00  7.47181389e-01  7.77886728e-01 -1.22726492e+00
  1.59264614e+00  2.55117408e+00  1.27916533e+00  3.06653676e-01
 -9.90501868e-01  2.58063445e+00  8.36661455e-01 -2.25079524e+00
 -2.53659800e-04  1.70780497e+00  1.06878054e+00 -6.51725661e-01
 -2.32368261e+00  2.40470994e+00  2.03796159e+00  1.63451687e+00
  2.26764743e+00  1.87587755e+00 -2.13407299e+00 -2.86910272e+00
  5.37456149e-01  1.39203461e+00 -2.42776188e+00 -1.31904095e+00
  2.45560989e+00  1.27097131e+00  2.84577284e-02 -1.75111200e+00
 -1.56125774e+00  1.95024297e+00  1.47574787e+00 -8.00587252e-01
 -1.39857954e-01 -4.64608923e-01 -1.82918824e-01  2.39538982e+00
 -5.46963160e-01 -6.46559380e-01  1.06677693e+00 -2.29222408e+00
  1.01067243e+00  2.57427420e+00 -5.00882850e-01  2.12008918e+00
 -1.96402594e+00 -8.63194071e-01 -2.40869501e+00 -2.30109712e+00
 -1.40055966e+00 -2.92224568e+00  1.57988865e+00  1.84419334e+00
  1.64959292e+00  1.00998274e+00  1.42997033e+00 -2.29948404e+00
 -2.69672284e+00  1.74782114e+00  9.98874215e-01 -4.31034701e-01
 -2.62125567e+00  1.55451650e+00 -1.21742151e+00 -2.49346245e+00
  6.61666623e-02]
Thu Jun 13 23:08:56 2024,627,0.0890088905618713,[-2.86644434e+00  2.08670802e+00 -1.62802407e+00  7.58971160e-02
  4.67693702e-01 -3.24742471e+00  3.24605689e+00  2.08957579e+00
  1.05133767e+00 -1.00104078e+00  5.52946659e-01  1.32228927e+00
  1.31247117e+00 -1.87233494e+00  7.66752927e-01  2.87450344e+00
 -3.88827788e-01 -4.25603723e-01 -1.92024600e+00  8.31156473e-01
  1.61528901e+00  2.90827847e+00 -1.38933235e+00 -4.20227049e-01
 -2.18426321e+00 -2.09939176e+00  3.12668532e+00  2.80161975e+00
 -7.24474160e-01 -2.63568680e+00  1.53183866e+00 -2.03411889e-01
 -2.43881716e+00  1.85476553e+00  1.13045098e+00 -6.19488417e-01
  1.08810888e+00 -2.00763403e+00 -2.21703470e-01  2.27147836e+00
 -3.09399634e-01  4.93812844e-01  2.41365347e+00  5.69075705e-01
  2.64720401e+00  2.89280803e+00  2.80941561e+00 -2.93626731e+00
  2.86622862e-01 -3.86534578e-01  1.72243858e+00  2.99215301e+00
 -3.65628711e-01 -2.35914191e+00  2.72728733e+00 -3.17758665e+00
  5.44312597e-01 -7.02473614e-01 -1.74233861e+00  3.10582159e+00
 -1.97531177e+00 -1.69103410e+00 -2.54914789e+00  2.35772307e+00
 -2.13345575e+00  1.97782536e+00  1.74163454e+00  1.47206038e+00
  2.52628932e+00  2.88004484e+00  1.98863726e+00  1.48088718e+00
 -1.76786347e+00 -2.39378514e+00  1.16303639e+00  5.81302208e-01
  1.59046967e+00 -2.79518546e+00 -9.79968362e-02  2.52095012e+00
 -1.17780805e+00  1.16077827e+00  1.23879238e+00  5.95686327e-01
 -9.68254982e-01  1.10289627e+00  7.82283546e-01 -3.84491589e-01
  2.82410096e+00 -2.14276231e+00  1.59752069e+00 -6.70815873e-01
  9.80763334e-01 -3.21081148e+00 -2.23357812e+00  3.43429531e-01
 -1.07974532e+00 -4.15394514e-01  2.71172880e-01  4.93397365e-02
 -1.76528242e+00 -2.13476022e-01 -6.59815400e-01  2.88495337e+00
 -1.14920268e+00 -1.20457631e+00 -1.12238547e+00  1.28397289e+00
  1.63087763e+00 -8.16341819e-01  2.12731534e+00 -1.49199306e+00
 -2.54568964e-01 -8.85354587e-01 -2.94459107e+00  3.10885931e+00
 -1.76848592e+00  3.04179547e+00 -1.37002482e+00 -2.35813646e+00
  3.76767752e+00 -1.21232752e+00 -6.11742983e-01 -3.07505041e+00
 -2.50257123e+00  2.98251339e+00 -1.94982241e+00 -1.68540639e+00
 -3.90140601e-01  2.95619255e+00  1.59825099e-01  1.60062652e-02
 -1.61649319e+00 -1.49274919e-01 -1.60230174e+00 -3.09096173e+00
  2.90563672e+00  1.15182001e+00 -3.30401958e-01 -2.31741285e+00
  1.00295053e+00 -1.15510573e+00 -2.79816191e-01 -2.14541881e+00
 -1.88782577e+00  1.80883601e+00 -9.83142334e-01  2.55943244e+00
 -4.42903129e-01 -3.08952844e+00 -2.83197627e+00  2.03438285e+00
 -3.07210972e+00 -2.64347959e-01 -1.03180654e+00 -1.80130235e-01
  2.37672749e+00  1.72420018e+00 -2.67319356e-01 -1.76804920e+00
 -3.03743359e+00  1.14741800e-01 -8.43881423e-01  1.47182447e+00
 -2.51342916e+00  9.68622621e-01 -2.57795199e-02  2.21159306e-01
  2.00429682e+00  7.48512452e-01  7.79217791e-01 -1.22859599e+00
  1.59131508e+00  2.54984301e+00  1.27783426e+00  3.05322612e-01
 -9.91832932e-01  2.57930339e+00  8.35330392e-01 -2.25212631e+00
 -1.58472308e-03  1.70913603e+00  1.07011160e+00 -6.50394598e-01
 -2.32235155e+00  2.40604101e+00  2.03663053e+00  1.63584794e+00
  2.26897849e+00  1.87720862e+00 -2.13274193e+00 -2.87043378e+00
  5.38787212e-01  1.39336568e+00 -2.42909294e+00 -1.31770989e+00
  2.45427883e+00  1.26964025e+00  2.71266651e-02 -1.75244307e+00
 -1.55992667e+00  1.94891190e+00  1.47441680e+00 -7.99256189e-01
 -1.38526891e-01 -4.63277859e-01 -1.81587761e-01  2.39672088e+00
 -5.45632096e-01 -6.45228317e-01  1.06810800e+00 -2.29089302e+00
  1.00934136e+00  2.57294314e+00 -4.99551787e-01  2.12142024e+00
 -1.96269488e+00 -8.64525134e-01 -2.40736395e+00 -2.30242818e+00
 -1.39922860e+00 -2.92357674e+00  1.57855759e+00  1.84286228e+00
  1.65092398e+00  1.01131380e+00  1.43130139e+00 -2.30081510e+00
 -2.69805391e+00  1.74915221e+00  1.00020528e+00 -4.29703637e-01
 -2.62258674e+00  1.55584757e+00 -1.21875258e+00 -2.49213139e+00
  6.74977256e-02]
Thu Jun 13 23:09:10 2024,628,0.08888982238372523,[-2.86516194e+00  2.08799042e+00 -1.62674166e+00  7.46147143e-02
  4.68976104e-01 -3.24870712e+00  3.24477448e+00  2.09085819e+00
  1.05005527e+00 -1.00232318e+00  5.54229060e-01  1.32357167e+00
  1.31118876e+00 -1.87105254e+00  7.68035329e-01  2.87322103e+00
 -3.90110189e-01 -4.26886125e-01 -1.92152840e+00  8.32438875e-01
  1.61400661e+00  2.90699607e+00 -1.39061475e+00 -4.18944647e-01
 -2.18554561e+00 -2.10067416e+00  3.12796773e+00  2.80290215e+00
 -7.23191758e-01 -2.63440440e+00  1.53055626e+00 -2.02129487e-01
 -2.43753476e+00  1.85348313e+00  1.13173338e+00 -6.18206015e-01
  1.08939128e+00 -2.00635163e+00 -2.20421068e-01  2.27019596e+00
 -3.08117233e-01  4.95095246e-01  2.41493588e+00  5.70358107e-01
  2.64592161e+00  2.89409043e+00  2.80813320e+00 -2.93498491e+00
  2.87905264e-01 -3.87816980e-01  1.72372099e+00  2.99087061e+00
 -3.66911113e-01 -2.35785951e+00  2.72856973e+00 -3.17630425e+00
  5.43030195e-01 -7.01191212e-01 -1.74105621e+00  3.10710399e+00
 -1.97659417e+00 -1.68975170e+00 -2.54786549e+00  2.35900548e+00
 -2.13217335e+00  1.97910777e+00  1.74291694e+00  1.47334279e+00
  2.52757172e+00  2.87876244e+00  1.98991966e+00  1.47960478e+00
 -1.76914587e+00 -2.39250274e+00  1.16431879e+00  5.82584610e-01
  1.58918727e+00 -2.79390306e+00 -9.92792379e-02  2.52223252e+00
 -1.17652565e+00  1.16206067e+00  1.23750998e+00  5.96968729e-01
 -9.69537384e-01  1.10161387e+00  7.81001145e-01 -3.85773990e-01
  2.82281856e+00 -2.14404471e+00  1.59623829e+00 -6.72098275e-01
  9.79480932e-01 -3.20952908e+00 -2.23229572e+00  3.42147129e-01
 -1.08102772e+00 -4.14112112e-01  2.69890478e-01  5.06221383e-02
 -1.76400001e+00 -2.14758424e-01 -6.58532998e-01  2.88623577e+00
 -1.14792028e+00 -1.20585871e+00 -1.12366787e+00  1.28269049e+00
  1.62959523e+00 -8.17624220e-01  2.12603294e+00 -1.49071065e+00
 -2.55851366e-01 -8.84072185e-01 -2.94330867e+00  3.10757691e+00
 -1.76976833e+00  3.04307787e+00 -1.36874242e+00 -2.35685406e+00
  3.76895992e+00 -1.21104512e+00 -6.13025384e-01 -3.07633281e+00
 -2.50128883e+00  2.98123099e+00 -1.95110482e+00 -1.68412399e+00
 -3.88858199e-01  2.95747495e+00  1.58542697e-01  1.47238635e-02
 -1.61777560e+00 -1.50557320e-01 -1.60101934e+00 -3.09224414e+00
  2.90691913e+00  1.15053761e+00 -3.29119556e-01 -2.31869525e+00
  1.00423293e+00 -1.15382333e+00 -2.81098593e-01 -2.14413641e+00
 -1.88910817e+00  1.80755361e+00 -9.81859932e-01  2.55815004e+00
 -4.44185531e-01 -3.08824603e+00 -2.83069386e+00  2.03566525e+00
 -3.07082732e+00 -2.63065557e-01 -1.03308894e+00 -1.78847833e-01
  2.37544509e+00  1.72291778e+00 -2.68601758e-01 -1.76676679e+00
 -3.03871600e+00  1.16024202e-01 -8.42599021e-01  1.47054207e+00
 -2.51471156e+00  9.69905023e-01 -2.70619217e-02  2.22441708e-01
  2.00557922e+00  7.47230051e-01  7.80500193e-01 -1.22987839e+00
  1.59259748e+00  2.54856061e+00  1.27911666e+00  3.06605014e-01
 -9.90550530e-01  2.58058579e+00  8.36612793e-01 -2.25084390e+00
 -2.86712479e-03  1.71041844e+00  1.06882920e+00 -6.51677000e-01
 -2.32363395e+00  2.40732341e+00  2.03791293e+00  1.63456554e+00
  2.27026089e+00  1.87592621e+00 -2.13145953e+00 -2.87171618e+00
  5.40069614e-01  1.39208328e+00 -2.43037534e+00 -1.31899229e+00
  2.45299643e+00  1.26835785e+00  2.84090668e-02 -1.75116066e+00
 -1.55864427e+00  1.95019431e+00  1.47313440e+00 -8.00538591e-01
 -1.37244489e-01 -4.61995458e-01 -1.80305359e-01  2.39543848e+00
 -5.44349695e-01 -6.43945915e-01  1.06682559e+00 -2.28961062e+00
  1.00805896e+00  2.57166074e+00 -4.98269385e-01  2.12013784e+00
 -1.96141248e+00 -8.63242733e-01 -2.40608155e+00 -2.30114578e+00
 -1.39794620e+00 -2.92229434e+00  1.57983999e+00  1.84414468e+00
  1.64964158e+00  1.01003140e+00  1.43258379e+00 -2.30209750e+00
 -2.69933631e+00  1.75043461e+00  1.00148768e+00 -4.28421236e-01
 -2.62386914e+00  1.55712997e+00 -1.21747018e+00 -2.49084899e+00
  6.62153239e-02]
Thu Jun 13 23:09:25 2024,629,0.08887439046945592,[-2.86563446e+00  2.08751790e+00 -1.62721418e+00  7.41421991e-02
  4.68503589e-01 -3.24823460e+00  3.24430197e+00  2.09133071e+00
  1.04958275e+00 -1.00279570e+00  5.54701575e-01  1.32404419e+00
  1.31166128e+00 -1.87058002e+00  7.68507844e-01  2.87369355e+00
 -3.90582705e-01 -4.26413610e-01 -1.92105589e+00  8.31966359e-01
  1.61447912e+00  2.90746858e+00 -1.39014224e+00 -4.18472132e-01
 -2.18601813e+00 -2.10020164e+00  3.12749521e+00  2.80242964e+00
 -7.23664273e-01 -2.63487691e+00  1.53008374e+00 -2.01656972e-01
 -2.43706224e+00  1.85301061e+00  1.13220590e+00 -6.17733500e-01
  1.08986379e+00 -2.00587912e+00 -2.19948553e-01  2.26972344e+00
 -3.08589748e-01  4.95567761e-01  2.41446336e+00  5.69885591e-01
  2.64639413e+00  2.89361791e+00  2.80766069e+00 -2.93451239e+00
  2.88377779e-01 -3.88289495e-01  1.72324847e+00  2.99134313e+00
 -3.66438597e-01 -2.35738700e+00  2.72904224e+00 -3.17583173e+00
  5.43502711e-01 -7.00718697e-01 -1.74152872e+00  3.10757651e+00
 -1.97612166e+00 -1.69022421e+00 -2.54833801e+00  2.35853296e+00
 -2.13264586e+00  1.97958028e+00  1.74244443e+00  1.47287027e+00
  2.52804423e+00  2.87828992e+00  1.99039218e+00  1.47913226e+00
 -1.76961838e+00 -2.39203023e+00  1.16479131e+00  5.82112094e-01
  1.58871475e+00 -2.79343055e+00 -9.88067227e-02  2.52176000e+00
 -1.17605313e+00  1.16158815e+00  1.23798250e+00  5.97441244e-01
 -9.69064868e-01  1.10208639e+00  7.80528629e-01 -3.85301475e-01
  2.82234605e+00 -2.14451722e+00  1.59576577e+00 -6.71625760e-01
  9.79008417e-01 -3.20905656e+00 -2.23182321e+00  3.41674614e-01
 -1.08055521e+00 -4.14584627e-01  2.69417963e-01  5.01496230e-02
 -1.76447253e+00 -2.15230939e-01 -6.58060483e-01  2.88576326e+00
 -1.14839279e+00 -1.20538619e+00 -1.12414039e+00  1.28316300e+00
  1.63006775e+00 -8.18096736e-01  2.12556043e+00 -1.49118317e+00
 -2.56323881e-01 -8.83599670e-01 -2.94378119e+00  3.10804942e+00
 -1.77024084e+00  3.04260535e+00 -1.36921493e+00 -2.35638154e+00
  3.76943243e+00 -1.21057260e+00 -6.12552869e-01 -3.07586029e+00
 -2.50081632e+00  2.98075848e+00 -1.95157733e+00 -1.68459651e+00
 -3.88385684e-01  2.95700244e+00  1.59015213e-01  1.51963787e-02
 -1.61730308e+00 -1.50084805e-01 -1.60054682e+00 -3.09177162e+00
  2.90739164e+00  1.15101012e+00 -3.29592071e-01 -2.31916777e+00
  1.00376042e+00 -1.15335081e+00 -2.81571108e-01 -2.14366390e+00
 -1.88958069e+00  1.80708109e+00 -9.81387417e-01  2.55862255e+00
 -4.44658046e-01 -3.08871855e+00 -2.83116638e+00  2.03613776e+00
 -3.07035480e+00 -2.62593042e-01 -1.03356146e+00 -1.79320348e-01
  2.37591760e+00  1.72244526e+00 -2.69074273e-01 -1.76723931e+00
 -3.03824348e+00  1.15551686e-01 -8.42126506e-01  1.47101458e+00
 -2.51423905e+00  9.69432508e-01 -2.75344369e-02  2.21969193e-01
  2.00510670e+00  7.47702566e-01  7.80972708e-01 -1.22940587e+00
  1.59307000e+00  2.54808810e+00  1.27864415e+00  3.07077529e-01
 -9.91023045e-01  2.58011328e+00  8.37085308e-01 -2.25037139e+00
 -2.39460957e-03  1.70994592e+00  1.06835668e+00 -6.52149515e-01
 -2.32410647e+00  2.40779592e+00  2.03744041e+00  1.63409302e+00
  2.27073341e+00  1.87639873e+00 -2.13193204e+00 -2.87218870e+00
  5.40542129e-01  1.39255579e+00 -2.42990283e+00 -1.31946481e+00
  2.45346894e+00  1.26788533e+00  2.79365516e-02 -1.75068815e+00
 -1.55911679e+00  1.94972179e+00  1.47266189e+00 -8.01011106e-01
 -1.36771974e-01 -4.62467973e-01 -1.79832844e-01  2.39591099e+00
 -5.43877180e-01 -6.44418430e-01  1.06729811e+00 -2.28913810e+00
  1.00853148e+00  2.57213325e+00 -4.97796870e-01  2.12061036e+00
 -1.96188499e+00 -8.62770217e-01 -2.40655406e+00 -2.30161829e+00
 -1.39841872e+00 -2.92182182e+00  1.58031251e+00  1.84367216e+00
  1.65011409e+00  1.00955888e+00  1.43211128e+00 -2.30257002e+00
 -2.69886379e+00  1.74996209e+00  1.00196020e+00 -4.27948720e-01
 -2.62434165e+00  1.55760248e+00 -1.21699766e+00 -2.49132150e+00
  6.66878391e-02]
Thu Jun 13 23:09:40 2024,630,0.08887275831448134,[-2.86571885e+00  2.08760230e+00 -1.62729858e+00  7.42265944e-02
  4.68419193e-01 -3.24831900e+00  3.24421757e+00  2.09141511e+00
  1.04949836e+00 -1.00288009e+00  5.54785971e-01  1.32395979e+00
  1.31174568e+00 -1.87049563e+00  7.68592239e-01  2.87377794e+00
 -3.90498309e-01 -4.26498005e-01 -1.92097149e+00  8.32050755e-01
  1.61439473e+00  2.90738419e+00 -1.39022663e+00 -4.18556528e-01
 -2.18610252e+00 -2.10028604e+00  3.12757961e+00  2.80234524e+00
 -7.23748669e-01 -2.63479252e+00  1.53016814e+00 -2.01572576e-01
 -2.43714664e+00  1.85309501e+00  1.13212150e+00 -6.17817895e-01
  1.08977940e+00 -2.00596351e+00 -2.19864157e-01  2.26963905e+00
 -3.08674143e-01  4.95483366e-01  2.41437897e+00  5.69969987e-01
  2.64630973e+00  2.89370231e+00  2.80757629e+00 -2.93442800e+00
  2.88462175e-01 -3.88373890e-01  1.72316408e+00  2.99142752e+00
 -3.66522993e-01 -2.35730260e+00  2.72895785e+00 -3.17591613e+00
  5.43418315e-01 -7.00803092e-01 -1.74161312e+00  3.10749211e+00
 -1.97620605e+00 -1.69013982e+00 -2.54825361e+00  2.35861736e+00
 -2.13273026e+00  1.97949589e+00  1.74252882e+00  1.47295467e+00
  2.52795984e+00  2.87820553e+00  1.99030778e+00  1.47921666e+00
 -1.76953399e+00 -2.39194583e+00  1.16470691e+00  5.82196490e-01
  1.58879915e+00 -2.79334615e+00 -9.87223273e-02  2.52167561e+00
 -1.17613753e+00  1.16167255e+00  1.23789810e+00  5.97356849e-01
 -9.68980473e-01  1.10217078e+00  7.80613025e-01 -3.85217080e-01
  2.82243044e+00 -2.14460162e+00  1.59568138e+00 -6.71710155e-01
  9.79092812e-01 -3.20897216e+00 -2.23190760e+00  3.41759009e-01
 -1.08047081e+00 -4.14500232e-01  2.69333567e-01  5.02340184e-02
 -1.76455692e+00 -2.15146544e-01 -6.58144878e-01  2.88567886e+00
 -1.14847719e+00 -1.20547059e+00 -1.12405599e+00  1.28324740e+00
  1.62998335e+00 -8.18012340e-01  2.12564482e+00 -1.49126757e+00
 -2.56239486e-01 -8.83515274e-01 -2.94386558e+00  3.10813382e+00
 -1.77032524e+00  3.04268975e+00 -1.36929933e+00 -2.35629715e+00
  3.76951683e+00 -1.21065700e+00 -6.12637265e-01 -3.07594469e+00
 -2.50073192e+00  2.98067408e+00 -1.95149294e+00 -1.68468090e+00
 -3.88470079e-01  2.95708683e+00  1.59099608e-01  1.52807741e-02
 -1.61721869e+00 -1.50169201e-01 -1.60063122e+00 -3.09185602e+00
  2.90730725e+00  1.15092573e+00 -3.29507676e-01 -2.31925216e+00
  1.00384481e+00 -1.15343521e+00 -2.81655503e-01 -2.14357950e+00
 -1.88949629e+00  1.80699670e+00 -9.81303021e-01  2.55853816e+00
 -4.44573651e-01 -3.08863415e+00 -2.83125077e+00  2.03622216e+00
 -3.07043920e+00 -2.62677437e-01 -1.03347706e+00 -1.79235953e-01
  2.37600200e+00  1.72252966e+00 -2.69158668e-01 -1.76732371e+00
 -3.03815909e+00  1.15467291e-01 -8.42210901e-01  1.47093019e+00
 -2.51432344e+00  9.69348112e-01 -2.74500415e-02  2.21884797e-01
  2.00502231e+00  7.47786961e-01  7.80888313e-01 -1.22949027e+00
  1.59315439e+00  2.54817249e+00  1.27855975e+00  3.06993134e-01
 -9.91107441e-01  2.58019767e+00  8.37169704e-01 -2.25028699e+00
 -2.47900496e-03  1.71003032e+00  1.06827229e+00 -6.52233910e-01
 -2.32402207e+00  2.40771153e+00  2.03735602e+00  1.63400863e+00
  2.27064901e+00  1.87648312e+00 -2.13201644e+00 -2.87227309e+00
  5.40626524e-01  1.39264019e+00 -2.42981843e+00 -1.31954920e+00
  2.45338455e+00  1.26796973e+00  2.80209470e-02 -1.75060375e+00
 -1.55903239e+00  1.94963739e+00  1.47274628e+00 -8.01095501e-01
 -1.36687579e-01 -4.62552368e-01 -1.79917239e-01  2.39582660e+00
 -5.43961575e-01 -6.44334035e-01  1.06721371e+00 -2.28905371e+00
  1.00844708e+00  2.57221765e+00 -4.97881265e-01  2.12069475e+00
 -1.96196939e+00 -8.62854613e-01 -2.40646967e+00 -2.30170269e+00
 -1.39833432e+00 -2.92173743e+00  1.58022811e+00  1.84358777e+00
  1.65002970e+00  1.00964328e+00  1.43219567e+00 -2.30248562e+00
 -2.69894819e+00  1.74987770e+00  1.00204459e+00 -4.27864325e-01
 -2.62442605e+00  1.55751809e+00 -1.21708206e+00 -2.49123711e+00
  6.67722345e-02]
Thu Jun 13 23:09:55 2024,631,0.088897105198845,[-2.86520878e+00  2.08811237e+00 -1.62780865e+00  7.37165195e-02
  4.68929268e-01 -3.24780892e+00  3.24472765e+00  2.09090503e+00
  1.05000843e+00 -1.00237002e+00  5.55296046e-01  1.32446987e+00
  1.31123560e+00 -1.86998555e+00  7.68082165e-01  2.87326787e+00
 -3.91008384e-01 -4.25987930e-01 -1.92148156e+00  8.32560830e-01
  1.61388465e+00  2.90687411e+00 -1.39073671e+00 -4.19066602e-01
 -2.18661260e+00 -2.10079611e+00  3.12808968e+00  2.80285532e+00
 -7.24258744e-01 -2.63530259e+00  1.53067821e+00 -2.01062502e-01
 -2.43663656e+00  1.85360508e+00  1.13263158e+00 -6.17307820e-01
  1.08926932e+00 -2.00545344e+00 -2.20374232e-01  2.27014912e+00
 -3.08164068e-01  4.94973291e-01  2.41386889e+00  5.70480062e-01
  2.64681981e+00  2.89319223e+00  2.80706622e+00 -2.93493807e+00
  2.87952100e-01 -3.88883965e-01  1.72367415e+00  2.99091745e+00
 -3.67033068e-01 -2.35781268e+00  2.72946792e+00 -3.17540605e+00
  5.42908240e-01 -7.01313167e-01 -1.74110304e+00  3.10800219e+00
 -1.97569598e+00 -1.69064989e+00 -2.54876369e+00  2.35810728e+00
 -2.13324033e+00  1.98000596e+00  1.74303890e+00  1.47346474e+00
  2.52744976e+00  2.87871560e+00  1.99081786e+00  1.47870658e+00
 -1.77004406e+00 -2.39245591e+00  1.16419684e+00  5.81686415e-01
  1.58828907e+00 -2.79385622e+00 -9.92324022e-02  2.52218568e+00
 -1.17562745e+00  1.16218262e+00  1.23738803e+00  5.97866924e-01
 -9.68470398e-01  1.10166071e+00  7.80102950e-01 -3.84707005e-01
  2.82192037e+00 -2.14511169e+00  1.59517130e+00 -6.71200080e-01
  9.78582738e-01 -3.20948224e+00 -2.23139753e+00  3.42269084e-01
 -1.07996074e+00 -4.15010307e-01  2.68823492e-01  5.07440933e-02
 -1.76404685e+00 -2.15656619e-01 -6.58654953e-01  2.88618894e+00
 -1.14898726e+00 -1.20496051e+00 -1.12456607e+00  1.28375747e+00
  1.63049343e+00 -8.17502265e-01  2.12615490e+00 -1.49075749e+00
 -2.56749561e-01 -8.84025349e-01 -2.94335551e+00  3.10864389e+00
 -1.77083531e+00  3.04217967e+00 -1.36980940e+00 -2.35578707e+00
  3.76900675e+00 -1.21014692e+00 -6.13147339e-01 -3.07645476e+00
 -2.50124200e+00  2.98016400e+00 -1.95200301e+00 -1.68519098e+00
 -3.88980154e-01  2.95759691e+00  1.58589533e-01  1.57908491e-02
 -1.61772876e+00 -1.50679275e-01 -1.60114129e+00 -3.09236609e+00
  2.90781732e+00  1.15041565e+00 -3.28997601e-01 -2.31874209e+00
  1.00333474e+00 -1.15394528e+00 -2.82165578e-01 -2.14306943e+00
 -1.89000637e+00  1.80750677e+00 -9.81813096e-01  2.55802808e+00
 -4.44063576e-01 -3.08914423e+00 -2.83176085e+00  2.03673223e+00
 -3.06992912e+00 -2.62167362e-01 -1.03296699e+00 -1.79746028e-01
  2.37651207e+00  1.72303973e+00 -2.69668743e-01 -1.76783378e+00
 -3.03764901e+00  1.14957216e-01 -8.41700826e-01  1.47042011e+00
 -2.51483352e+00  9.68838037e-01 -2.69399666e-02  2.21374722e-01
  2.00553238e+00  7.47276886e-01  7.81398388e-01 -1.23000034e+00
  1.59264432e+00  2.54766242e+00  1.27906983e+00  3.07503209e-01
 -9.91617516e-01  2.58070775e+00  8.37679779e-01 -2.24977692e+00
 -2.98907988e-03  1.71054039e+00  1.06776221e+00 -6.51723835e-01
 -2.32351200e+00  2.40822160e+00  2.03684594e+00  1.63349855e+00
  2.27013894e+00  1.87597305e+00 -2.13252651e+00 -2.87278317e+00
  5.41136599e-01  1.39213011e+00 -2.42930836e+00 -1.31903913e+00
  2.45389462e+00  1.26847980e+00  2.75108721e-02 -1.75009368e+00
 -1.55954247e+00  1.94912732e+00  1.47325636e+00 -8.00585426e-01
 -1.36177504e-01 -4.63062443e-01 -1.80427314e-01  2.39633667e+00
 -5.43451500e-01 -6.43823960e-01  1.06772379e+00 -2.28854363e+00
  1.00895716e+00  2.57170757e+00 -4.98391340e-01  2.12018468e+00
 -1.96145931e+00 -8.62344538e-01 -2.40595959e+00 -2.30221276e+00
 -1.39782424e+00 -2.92224750e+00  1.57971804e+00  1.84409784e+00
  1.65053977e+00  1.01015335e+00  1.43270575e+00 -2.30299570e+00
 -2.69843812e+00  1.74936762e+00  1.00153452e+00 -4.27354250e-01
 -2.62493612e+00  1.55802816e+00 -1.21657198e+00 -2.49174718e+00
  6.72823094e-02]
Thu Jun 13 23:10:11 2024,632,0.08884319467904603,[-2.86400355e+00  2.08690715e+00 -1.62660342e+00  7.25112922e-02
  4.70134495e-01 -3.24901415e+00  3.24352242e+00  2.08969980e+00
  1.05121366e+00 -1.00116479e+00  5.54090818e-01  1.32567510e+00
  1.31003037e+00 -1.87119078e+00  7.69287392e-01  2.87447310e+00
 -3.92213612e-01 -4.24782703e-01 -1.92027634e+00  8.33766057e-01
  1.61508988e+00  2.90566889e+00 -1.38953148e+00 -4.17861375e-01
 -2.18781783e+00 -2.09959089e+00  3.12929491e+00  2.80406055e+00
 -7.23053516e-01 -2.63650782e+00  1.53188344e+00 -2.02267729e-01
 -2.43543133e+00  1.85239985e+00  1.13383680e+00 -6.16102593e-01
  1.08806410e+00 -2.00665867e+00 -2.21579460e-01  2.27135435e+00
 -3.06958841e-01  4.96178518e-01  2.41507412e+00  5.71685289e-01
  2.64802503e+00  2.89198701e+00  2.80586099e+00 -2.93614330e+00
  2.89157327e-01 -3.87678738e-01  1.72487938e+00  2.98971222e+00
 -3.65827840e-01 -2.35660745e+00  2.73067315e+00 -3.17661128e+00
  5.44113468e-01 -7.00107940e-01 -1.73989781e+00  3.10679696e+00
 -1.97449075e+00 -1.69185512e+00 -2.54755846e+00  2.35931251e+00
 -2.13203511e+00  1.97880073e+00  1.74424413e+00  1.47225951e+00
  2.52865499e+00  2.87992083e+00  1.98961263e+00  1.47991181e+00
 -1.77124929e+00 -2.39125068e+00  1.16540206e+00  5.82891642e-01
  1.58949430e+00 -2.79506145e+00 -1.00437629e-01  2.52098045e+00
 -1.17442223e+00  1.16097740e+00  1.23859325e+00  5.96661696e-01
 -9.67265171e-01  1.10045548e+00  7.81308177e-01 -3.83501777e-01
  2.82071514e+00 -2.14631692e+00  1.59396608e+00 -6.72405307e-01
  9.79787965e-01 -3.20827701e+00 -2.23260275e+00  3.41063857e-01
 -1.07875551e+00 -4.16215534e-01  2.67618265e-01  4.95388660e-02
 -1.76525208e+00 -2.16861846e-01 -6.57449726e-01  2.88739417e+00
 -1.15019249e+00 -1.20616574e+00 -1.12336084e+00  1.28255225e+00
  1.62928820e+00 -8.16297038e-01  2.12494967e+00 -1.48955226e+00
 -2.55544334e-01 -8.85230577e-01 -2.94215028e+00  3.10984912e+00
 -1.77204054e+00  3.04097445e+00 -1.36860417e+00 -2.35458185e+00
  3.76780153e+00 -1.20894170e+00 -6.14352567e-01 -3.07524954e+00
 -2.50003677e+00  2.98136923e+00 -1.95079778e+00 -1.68398575e+00
 -3.90185382e-01  2.95880214e+00  1.59794760e-01  1.45856217e-02
 -1.61652353e+00 -1.51884503e-01 -1.60234652e+00 -3.09116086e+00
  2.90661209e+00  1.15162088e+00 -3.27792374e-01 -2.31753686e+00
  1.00212951e+00 -1.15274006e+00 -2.83370805e-01 -2.14427465e+00
 -1.89121160e+00  1.80630154e+00 -9.83018324e-01  2.55682285e+00
 -4.45268803e-01 -3.09034946e+00 -2.83055562e+00  2.03793746e+00
 -3.07113435e+00 -2.63372590e-01 -1.03417222e+00 -1.80951255e-01
  2.37771730e+00  1.72424496e+00 -2.70873971e-01 -1.76662855e+00
 -3.03885424e+00  1.13751989e-01 -8.42906053e-01  1.46921489e+00
 -2.51362829e+00  9.67632810e-01 -2.57347393e-02  2.20169495e-01
  2.00673761e+00  7.46071659e-01  7.82603615e-01 -1.22879512e+00
  1.59384955e+00  2.54886764e+00  1.27786460e+00  3.06297982e-01
 -9.92822743e-01  2.57950252e+00  8.38885006e-01 -2.25098215e+00
 -1.78385257e-03  1.70933516e+00  1.06655699e+00 -6.50518608e-01
 -2.32230677e+00  2.40701638e+00  2.03564072e+00  1.63470378e+00
  2.26893371e+00  1.87476782e+00 -2.13132128e+00 -2.87157794e+00
  5.42341827e-01  1.39333534e+00 -2.42810313e+00 -1.31783390e+00
  2.45268939e+00  1.26727458e+00  2.87160994e-02 -1.75129891e+00
 -1.56074769e+00  1.95033255e+00  1.47205113e+00 -8.01790654e-01
 -1.37382731e-01 -4.64267671e-01 -1.79222087e-01  2.39754190e+00
 -5.44656727e-01 -6.45029187e-01  1.06892902e+00 -2.28733840e+00
  1.00775193e+00  2.57050235e+00 -4.99596568e-01  2.11897945e+00
 -1.96025409e+00 -8.61139311e-01 -2.40716482e+00 -2.30341799e+00
 -1.39902947e+00 -2.92345273e+00  1.58092326e+00  1.84530307e+00
  1.64933454e+00  1.01135858e+00  1.43150052e+00 -2.30179047e+00
 -2.69723289e+00  1.75057285e+00  1.00032929e+00 -4.28559477e-01
 -2.62373090e+00  1.55923339e+00 -1.21777721e+00 -2.49054195e+00
  6.60770821e-02]
Thu Jun 13 23:10:25 2024,633,0.08867673019568695,[-2.86579659e+00  2.08511410e+00 -1.62839647e+00  7.07182488e-02
  4.68341452e-01 -3.24722111e+00  3.24531546e+00  2.08790676e+00
  1.05300670e+00 -9.99371749e-01  5.55883862e-01  1.32746814e+00
  1.30823733e+00 -1.87298382e+00  7.71080435e-01  2.87626614e+00
 -3.94006655e-01 -4.22989659e-01 -1.91848329e+00  8.31973014e-01
  1.61688292e+00  2.90387584e+00 -1.38773843e+00 -4.19654419e-01
 -2.18961087e+00 -2.10138393e+00  3.12750186e+00  2.80226750e+00
 -7.21260473e-01 -2.63471478e+00  1.53367649e+00 -2.04060772e-01
 -2.43363829e+00  1.85419290e+00  1.13562985e+00 -6.17895636e-01
  1.08627105e+00 -2.00486562e+00 -2.23372503e-01  2.27314739e+00
 -3.08751885e-01  4.94385475e-01  2.41328107e+00  5.73478332e-01
  2.64981808e+00  2.89378005e+00  2.80765404e+00 -2.93435025e+00
  2.87364284e-01 -3.85885694e-01  1.72308633e+00  2.99150526e+00
 -3.67620884e-01 -2.35840049e+00  2.72888011e+00 -3.17840432e+00
  5.42320424e-01 -6.98314896e-01 -1.74169086e+00  3.10500392e+00
 -1.97628379e+00 -1.69364816e+00 -2.54935150e+00  2.35751946e+00
 -2.13382815e+00  1.98059378e+00  1.74603717e+00  1.47405256e+00
  2.52686195e+00  2.88171387e+00  1.99140567e+00  1.48170485e+00
 -1.76945625e+00 -2.39304372e+00  1.16360902e+00  5.81098599e-01
  1.58770126e+00 -2.79326841e+00 -9.86445861e-02  2.52277350e+00
 -1.17262918e+00  1.15918435e+00  1.24038630e+00  5.98454740e-01
 -9.69058214e-01  1.09866243e+00  7.83101221e-01 -3.81708734e-01
  2.81892210e+00 -2.14452388e+00  1.59575912e+00 -6.70612264e-01
  9.77994921e-01 -3.20648397e+00 -2.23439580e+00  3.39270813e-01
 -1.07696246e+00 -4.18008578e-01  2.65825222e-01  5.13319095e-02
 -1.76704512e+00 -2.15068803e-01 -6.59242769e-01  2.88918721e+00
 -1.14839945e+00 -1.20795878e+00 -1.12515388e+00  1.28075920e+00
  1.62749516e+00 -8.18090081e-01  2.12315663e+00 -1.48775922e+00
 -2.53751290e-01 -8.87023620e-01 -2.94394332e+00  3.11164217e+00
 -1.77024750e+00  3.03918140e+00 -1.36681113e+00 -2.35637489e+00
  3.76959457e+00 -1.21073474e+00 -6.12559523e-01 -3.07345649e+00
 -2.49824373e+00  2.98316228e+00 -1.94900474e+00 -1.68219271e+00
 -3.88392338e-01  2.96059518e+00  1.58001717e-01  1.27925783e-02
 -1.61831658e+00 -1.50091459e-01 -1.60055347e+00 -3.09295391e+00
  2.90481905e+00  1.15341392e+00 -3.29585417e-01 -2.31574382e+00
  1.00392255e+00 -1.15094701e+00 -2.81577762e-01 -2.14248161e+00
 -1.89300464e+00  1.80450850e+00 -9.84811367e-01  2.55861590e+00
 -4.47061846e-01 -3.08855641e+00 -2.83234867e+00  2.03614442e+00
 -3.06934131e+00 -2.65165633e-01 -1.03237917e+00 -1.82744298e-01
  2.37592426e+00  1.72245192e+00 -2.72667014e-01 -1.76483551e+00
 -3.03706119e+00  1.15545032e-01 -8.41113010e-01  1.47100793e+00
 -2.51542133e+00  9.65839766e-01 -2.75277827e-02  2.18376452e-01
  2.00853065e+00  7.47864702e-01  7.84396659e-01 -1.23058816e+00
  1.59205650e+00  2.55066069e+00  1.27965764e+00  3.04504938e-01
 -9.94615786e-01  2.57770948e+00  8.37091963e-01 -2.25277519e+00
  9.19086808e-06  1.71112821e+00  1.06835003e+00 -6.52311651e-01
 -2.32051373e+00  2.40880942e+00  2.03384767e+00  1.63649682e+00
  2.26714066e+00  1.87656087e+00 -2.12952824e+00 -2.86978490e+00
  5.40548783e-01  1.39154230e+00 -2.42989617e+00 -1.31604086e+00
  2.45448244e+00  1.26548153e+00  3.05091428e-02 -1.75309195e+00
 -1.55895465e+00  1.95212559e+00  1.47384417e+00 -8.03583697e-01
 -1.39175774e-01 -4.66060714e-01 -1.81015130e-01  2.39933494e+00
 -5.46449771e-01 -6.43236144e-01  1.06713597e+00 -2.28554536e+00
  1.00954497e+00  2.57229539e+00 -5.01389611e-01  2.11718641e+00
 -1.95846104e+00 -8.62932354e-01 -2.40895786e+00 -2.30521103e+00
 -1.40082252e+00 -2.92524577e+00  1.57913022e+00  1.84351003e+00
  1.65112759e+00  1.01315162e+00  1.42970748e+00 -2.29999743e+00
 -2.69902593e+00  1.74877981e+00  9.98536245e-01 -4.30352521e-01
 -2.62552394e+00  1.55744035e+00 -1.21598417e+00 -2.48874891e+00
  6.78701255e-02]
Thu Jun 13 23:10:40 2024,634,0.08855509403835897,[-2.86440517e+00  2.08650553e+00 -1.62978789e+00  6.93268254e-02
  4.66950029e-01 -3.24582968e+00  3.24670689e+00  2.08651534e+00
  1.05161528e+00 -1.00076317e+00  5.54492439e-01  1.32885956e+00
  1.30962875e+00 -1.87437525e+00  7.69689012e-01  2.87487472e+00
 -3.92615232e-01 -4.24381083e-01 -1.91987472e+00  8.30581590e-01
  1.61549150e+00  2.90248442e+00 -1.38912986e+00 -4.18262995e-01
 -2.18821945e+00 -2.09999251e+00  3.12611044e+00  2.80365893e+00
 -7.22651896e-01 -2.63332335e+00  1.53506791e+00 -2.02669349e-01
 -2.43224687e+00  1.85558432e+00  1.13423842e+00 -6.19287060e-01
  1.08766248e+00 -2.00625705e+00 -2.21981080e-01  2.27175597e+00
 -3.07360461e-01  4.92994051e-01  2.41467250e+00  5.74869756e-01
  2.64842665e+00  2.89517147e+00  2.80626261e+00 -2.93295883e+00
  2.85972860e-01 -3.84494271e-01  1.72169491e+00  2.99011384e+00
 -3.66229460e-01 -2.35979192e+00  2.73027153e+00 -3.17701290e+00
  5.43711848e-01 -6.99706320e-01 -1.74029943e+00  3.10361249e+00
 -1.97489237e+00 -1.69225674e+00 -2.55074293e+00  2.35891089e+00
 -2.13521957e+00  1.98198520e+00  1.74742859e+00  1.47266113e+00
  2.52825337e+00  2.88310530e+00  1.99001425e+00  1.48031343e+00
 -1.76806482e+00 -2.39165230e+00  1.16221760e+00  5.82490022e-01
  1.58909268e+00 -2.79187699e+00 -9.72531627e-02  2.52138207e+00
 -1.17402061e+00  1.16057578e+00  1.24177772e+00  5.99846163e-01
 -9.67666791e-01  1.10005386e+00  7.81709797e-01 -3.80317311e-01
  2.81753067e+00 -2.14313245e+00  1.59715054e+00 -6.72003687e-01
  9.76603498e-01 -3.20787539e+00 -2.23578722e+00  3.37879390e-01
 -1.07557104e+00 -4.19400001e-01  2.64433798e-01  5.27233329e-02
 -1.76565370e+00 -2.16460226e-01 -6.57851346e-01  2.88779579e+00
 -1.14979087e+00 -1.20656736e+00 -1.12376246e+00  1.27936778e+00
  1.62888658e+00 -8.19481505e-01  2.12454805e+00 -1.48636780e+00
 -2.52359867e-01 -8.85632197e-01 -2.94533475e+00  3.11025074e+00
 -1.77163892e+00  3.03778998e+00 -1.36541971e+00 -2.35776631e+00
  3.77098599e+00 -1.20934332e+00 -6.13950947e-01 -3.07484792e+00
 -2.49685230e+00  2.98455370e+00 -1.95039616e+00 -1.68358413e+00
 -3.89783762e-01  2.95920376e+00  1.56610294e-01  1.14011549e-02
 -1.61970800e+00 -1.51482883e-01 -1.60194490e+00 -3.09156248e+00
  2.90621047e+00  1.15480535e+00 -3.30976840e-01 -2.31713524e+00
  1.00531398e+00 -1.14955559e+00 -2.80186339e-01 -2.14387303e+00
 -1.89161322e+00  1.80589992e+00 -9.83419944e-01  2.56000732e+00
 -4.45670423e-01 -3.08716499e+00 -2.83095724e+00  2.03475299e+00
 -3.06794988e+00 -2.63774210e-01 -1.03098775e+00 -1.81352875e-01
  2.37453283e+00  1.72384334e+00 -2.74058437e-01 -1.76344409e+00
 -3.03845262e+00  1.14153609e-01 -8.42504433e-01  1.46961651e+00
 -2.51681276e+00  9.64448343e-01 -2.61363593e-02  2.16985028e-01
  2.00713923e+00  7.46473279e-01  7.85788082e-01 -1.22919674e+00
  1.59066508e+00  2.54926926e+00  1.28104907e+00  3.03113515e-01
 -9.93224363e-01  2.57631805e+00  8.35700539e-01 -2.25138377e+00
 -1.38223253e-03  1.71251963e+00  1.06695861e+00 -6.50920228e-01
 -2.31912230e+00  2.40741800e+00  2.03245625e+00  1.63788824e+00
  2.26574924e+00  1.87516944e+00 -2.13091966e+00 -2.87117632e+00
  5.41940206e-01  1.39293372e+00 -2.42850475e+00 -1.31743228e+00
  2.45587386e+00  1.26409011e+00  2.91177194e-02 -1.75448337e+00
 -1.56034607e+00  1.95073417e+00  1.47245275e+00 -8.04975121e-01
 -1.40567198e-01 -4.64669291e-01 -1.79623707e-01  2.39794352e+00
 -5.47841194e-01 -6.41844720e-01  1.06852740e+00 -2.28415394e+00
  1.00815355e+00  2.57368681e+00 -5.02781034e-01  2.11579498e+00
 -1.95985247e+00 -8.64323777e-01 -2.40756644e+00 -2.30381961e+00
 -1.39943109e+00 -2.92385435e+00  1.57773880e+00  1.84490145e+00
  1.65251901e+00  1.01454305e+00  1.43109890e+00 -2.30138885e+00
 -2.70041735e+00  1.74738838e+00  9.97144822e-01 -4.31743944e-01
 -2.62691536e+00  1.55883177e+00 -1.21737559e+00 -2.48735749e+00
  6.64787022e-02]
Thu Jun 13 23:10:55 2024,635,0.08856361841396912,[-2.86407420e+00  2.08683649e+00 -1.63011886e+00  6.96577933e-02
  4.67280997e-01 -3.24549871e+00  3.24703786e+00  2.08618437e+00
  1.05128431e+00 -1.00043220e+00  5.54161471e-01  1.32919053e+00
  1.30995972e+00 -1.87470621e+00  7.69358044e-01  2.87454375e+00
 -3.92946199e-01 -4.24712051e-01 -1.92020569e+00  8.30912558e-01
  1.61516053e+00  2.90281539e+00 -1.38946083e+00 -4.17932027e-01
 -2.18855041e+00 -2.10032347e+00  3.12644141e+00  2.80332796e+00
 -7.22320929e-01 -2.63365432e+00  1.53473694e+00 -2.03000317e-01
 -2.43191590e+00  1.85591529e+00  1.13390746e+00 -6.19618028e-01
  1.08799344e+00 -2.00658801e+00 -2.22312047e-01  2.27142500e+00
 -3.07691429e-01  4.92663083e-01  2.41434153e+00  5.75200724e-01
  2.64809569e+00  2.89484051e+00  2.80593164e+00 -2.93262786e+00
  2.86303828e-01 -3.84825239e-01  1.72136394e+00  2.99044481e+00
 -3.66560428e-01 -2.35946095e+00  2.72994056e+00 -3.17734387e+00
  5.44042816e-01 -6.99375352e-01 -1.74063040e+00  3.10328152e+00
 -1.97522334e+00 -1.69192577e+00 -2.55107389e+00  2.35857992e+00
 -2.13488861e+00  1.98231617e+00  1.74775956e+00  1.47299210e+00
  2.52858434e+00  2.88343626e+00  1.98968328e+00  1.47998246e+00
 -1.76839579e+00 -2.39132133e+00  1.16188663e+00  5.82820990e-01
  1.58942365e+00 -2.79220795e+00 -9.75841305e-02  2.52171304e+00
 -1.17435157e+00  1.16090675e+00  1.24210869e+00  6.00177131e-01
 -9.67997759e-01  1.09972289e+00  7.82040765e-01 -3.79986343e-01
  2.81719970e+00 -2.14280149e+00  1.59681958e+00 -6.71672719e-01
  9.76272530e-01 -3.20754442e+00 -2.23545625e+00  3.37548422e-01
 -1.07590201e+00 -4.19730969e-01  2.64102830e-01  5.30543008e-02
 -1.76598466e+00 -2.16129258e-01 -6.57520378e-01  2.88746482e+00
 -1.14945990e+00 -1.20623639e+00 -1.12409343e+00  1.27969875e+00
  1.62855561e+00 -8.19812473e-01  2.12487902e+00 -1.48669876e+00
 -2.52690835e-01 -8.85963165e-01 -2.94566571e+00  3.10991977e+00
 -1.77130795e+00  3.03745901e+00 -1.36575067e+00 -2.35809728e+00
  3.77131696e+00 -1.20967428e+00 -6.13619979e-01 -3.07451695e+00
 -2.49718327e+00  2.98422273e+00 -1.95072713e+00 -1.68325316e+00
 -3.89452794e-01  2.95887279e+00  1.56941262e-01  1.10701870e-02
 -1.62003897e+00 -1.51813851e-01 -1.60227587e+00 -3.09123152e+00
  2.90654144e+00  1.15447438e+00 -3.30645873e-01 -2.31680427e+00
  1.00498301e+00 -1.14988656e+00 -2.79855371e-01 -2.14354207e+00
 -1.89128225e+00  1.80556896e+00 -9.83750912e-01  2.56033829e+00
 -4.46001391e-01 -3.08683402e+00 -2.83128821e+00  2.03442203e+00
 -3.06761892e+00 -2.63443242e-01 -1.03065678e+00 -1.81021907e-01
  2.37420186e+00  1.72351237e+00 -2.73727470e-01 -1.76311312e+00
 -3.03878359e+00  1.13822641e-01 -8.42835401e-01  1.46928554e+00
 -2.51648179e+00  9.64117375e-01 -2.64673272e-02  2.17315996e-01
  2.00680826e+00  7.46804247e-01  7.85457114e-01 -1.22886577e+00
  1.59099605e+00  2.54893830e+00  1.28138004e+00  3.03444483e-01
 -9.92893395e-01  2.57664902e+00  8.35369571e-01 -2.25171473e+00
 -1.05126464e-03  1.71218866e+00  1.06662764e+00 -6.50589260e-01
 -2.31945327e+00  2.40774896e+00  2.03212528e+00  1.63821921e+00
  2.26608021e+00  1.87550041e+00 -2.13125063e+00 -2.87150729e+00
  5.42271174e-01  1.39260275e+00 -2.42817378e+00 -1.31710131e+00
  2.45620483e+00  1.26375914e+00  2.87867515e-02 -1.75415241e+00
 -1.56067704e+00  1.95106514e+00  1.47278372e+00 -8.05306089e-01
 -1.40898166e-01 -4.64338323e-01 -1.79954675e-01  2.39827449e+00
 -5.47510226e-01 -6.41513752e-01  1.06885836e+00 -2.28382297e+00
  1.00848452e+00  2.57335585e+00 -5.02450067e-01  2.11546401e+00
 -1.96018344e+00 -8.63992809e-01 -2.40789741e+00 -2.30415058e+00
 -1.39976206e+00 -2.92418532e+00  1.57740783e+00  1.84523242e+00
  1.65218804e+00  1.01487402e+00  1.43142987e+00 -2.30105788e+00
 -2.70008639e+00  1.74771935e+00  9.96813854e-01 -4.31412976e-01
 -2.62658439e+00  1.55850080e+00 -1.21770656e+00 -2.48702652e+00
  6.68096700e-02]
Thu Jun 13 23:11:46 2024,636,0.0885334456631207,[-2.86336622e+00  2.08612852e+00 -1.63082683e+00  7.03657688e-02
  4.66573021e-01 -3.24620669e+00  3.24774583e+00  2.08547639e+00
  1.05057634e+00 -1.00114018e+00  5.54869446e-01  1.32848255e+00
  1.30925175e+00 -1.87399824e+00  7.68650068e-01  2.87383577e+00
 -3.93654175e-01 -4.24004075e-01 -1.91949771e+00  8.30204582e-01
  1.61586851e+00  2.90210741e+00 -1.38875285e+00 -4.17224052e-01
 -2.18784244e+00 -2.10103145e+00  3.12573343e+00  2.80261998e+00
 -7.21612953e-01 -2.63436230e+00  1.53544492e+00 -2.03708292e-01
 -2.43262387e+00  1.85520731e+00  1.13319948e+00 -6.20326003e-01
  1.08728547e+00 -2.00588004e+00 -2.21604072e-01  2.27213298e+00
 -3.06983454e-01  4.93371059e-01  2.41504951e+00  5.74492748e-01
  2.64880366e+00  2.89554848e+00  2.80663962e+00 -2.93191989e+00
  2.87011804e-01 -3.85533214e-01  1.72065597e+00  2.98973683e+00
 -3.65852453e-01 -2.36016892e+00  2.72923259e+00 -3.17805184e+00
  5.43334840e-01 -6.98667376e-01 -1.73992243e+00  3.10398950e+00
 -1.97451536e+00 -1.69121780e+00 -2.55036592e+00  2.35787194e+00
 -2.13559658e+00  1.98302414e+00  1.74846754e+00  1.47370008e+00
  2.52787636e+00  2.88414424e+00  1.98897531e+00  1.47927449e+00
 -1.76768782e+00 -2.39202931e+00  1.16117865e+00  5.83528966e-01
  1.59013162e+00 -2.79149998e+00 -9.68761550e-02  2.52100507e+00
 -1.17364360e+00  1.16161472e+00  1.24281666e+00  5.99469155e-01
 -9.68705734e-01  1.09901491e+00  7.82748741e-01 -3.79278367e-01
  2.81649173e+00 -2.14209351e+00  1.59611160e+00 -6.72380695e-01
  9.76980506e-01 -3.20825240e+00 -2.23616423e+00  3.38256398e-01
 -1.07519403e+00 -4.19022993e-01  2.64810806e-01  5.37622763e-02
 -1.76527669e+00 -2.16837234e-01 -6.56812403e-01  2.88675684e+00
 -1.15016788e+00 -1.20552842e+00 -1.12338545e+00  1.28040672e+00
  1.62784764e+00 -8.20520448e-01  2.12558699e+00 -1.48599079e+00
 -2.51982859e-01 -8.86671140e-01 -2.94637369e+00  3.11062775e+00
 -1.77201593e+00  3.03816699e+00 -1.36504270e+00 -2.35738931e+00
  3.77202494e+00 -1.21038226e+00 -6.14327954e-01 -3.07380897e+00
 -2.49789125e+00  2.98351476e+00 -1.95001916e+00 -1.68254519e+00
 -3.90160769e-01  2.95816481e+00  1.57649237e-01  1.17781626e-02
 -1.62074694e+00 -1.52521826e-01 -1.60298384e+00 -3.09052354e+00
  2.90724942e+00  1.15518235e+00 -3.31353848e-01 -2.31751225e+00
  1.00569098e+00 -1.15059453e+00 -2.79147395e-01 -2.14283409e+00
 -1.89199022e+00  1.80627693e+00 -9.83042936e-01  2.56104626e+00
 -4.46709367e-01 -3.08754200e+00 -2.83199619e+00  2.03371405e+00
 -3.06691094e+00 -2.64151218e-01 -1.03136476e+00 -1.81729883e-01
  2.37490984e+00  1.72422035e+00 -2.73019494e-01 -1.76240514e+00
 -3.03807561e+00  1.14530617e-01 -8.43543377e-01  1.46999351e+00
 -2.51718976e+00  9.63409400e-01 -2.57593516e-02  2.18023972e-01
  2.00751624e+00  7.47512222e-01  7.86165090e-01 -1.22957374e+00
  1.59170402e+00  2.54964627e+00  1.28208801e+00  3.02736507e-01
 -9.93601371e-01  2.57735700e+00  8.34661596e-01 -2.25100676e+00
 -3.43289074e-04  1.71148069e+00  1.06591966e+00 -6.49881285e-01
 -2.31874530e+00  2.40704099e+00  2.03141731e+00  1.63892719e+00
  2.26678818e+00  1.87479243e+00 -2.13195861e+00 -2.87079931e+00
  5.41563199e-01  1.39189478e+00 -2.42746581e+00 -1.31639334e+00
  2.45691280e+00  1.26446712e+00  2.80787760e-02 -1.75344443e+00
 -1.56138502e+00  1.95177311e+00  1.47207574e+00 -8.04598113e-01
 -1.41606141e-01 -4.63630347e-01 -1.80662650e-01  2.39756651e+00
 -5.46802251e-01 -6.42221728e-01  1.06956634e+00 -2.28453094e+00
  1.00919249e+00  2.57406382e+00 -5.03158042e-01  2.11617199e+00
 -1.96089141e+00 -8.63284834e-01 -2.40860538e+00 -2.30344260e+00
 -1.40047004e+00 -2.92489329e+00  1.57669985e+00  1.84452444e+00
  1.65289602e+00  1.01558199e+00  1.43072189e+00 -2.30176586e+00
 -2.70079436e+00  1.74842733e+00  9.96105878e-01 -4.30705001e-01
 -2.62587642e+00  1.55779283e+00 -1.21699858e+00 -2.48631854e+00
  6.75176456e-02]
Thu Jun 13 23:12:02 2024,637,0.0882382706511656,[-2.86122122e+00  2.08398351e+00 -1.62868183e+00  7.25107741e-02
  4.64428016e-01 -3.24406168e+00  3.24560083e+00  2.08762140e+00
  1.04843133e+00 -1.00328519e+00  5.52724441e-01  1.33062756e+00
  1.30710674e+00 -1.87185323e+00  7.70795074e-01  2.87598078e+00
 -3.95799180e-01 -4.21859070e-01 -1.91735270e+00  8.32349588e-01
  1.61801351e+00  2.90425242e+00 -1.39089786e+00 -4.15079046e-01
 -2.18569743e+00 -2.09888644e+00  3.12358843e+00  2.80476499e+00
 -7.19467948e-01 -2.63221729e+00  1.53329991e+00 -2.05853298e-01
 -2.43047887e+00  1.85306231e+00  1.13534449e+00 -6.22471008e-01
  1.08943047e+00 -2.00802504e+00 -2.23749077e-01  2.26998797e+00
 -3.09128459e-01  4.91226054e-01  2.41719451e+00  5.76637753e-01
  2.64665866e+00  2.89769349e+00  2.80449461e+00 -2.92977488e+00
  2.84866798e-01 -3.87678220e-01  1.72280097e+00  2.99188184e+00
 -3.67997458e-01 -2.35802392e+00  2.72708758e+00 -3.18019685e+00
  5.45479845e-01 -7.00812381e-01 -1.74206743e+00  3.10613451e+00
 -1.97666037e+00 -1.68907279e+00 -2.54822091e+00  2.36001695e+00
 -2.13774159e+00  1.98516915e+00  1.75061254e+00  1.47155507e+00
  2.52573136e+00  2.88628924e+00  1.99112031e+00  1.48141949e+00
 -1.76983282e+00 -2.39417431e+00  1.16332366e+00  5.85673971e-01
  1.59227663e+00 -2.78935497e+00 -9.47311497e-02  2.51886006e+00
 -1.17578860e+00  1.15946972e+00  1.24496167e+00  6.01614161e-01
 -9.66560729e-01  1.10115992e+00  7.80603735e-01 -3.77133362e-01
  2.81863673e+00 -2.13994851e+00  1.59396660e+00 -6.74525700e-01
  9.74835500e-01 -3.21039741e+00 -2.23401922e+00  3.40401403e-01
 -1.07733904e+00 -4.21167999e-01  2.66955811e-01  5.59072816e-02
 -1.76313168e+00 -2.14692228e-01 -6.58957408e-01  2.88461184e+00
 -1.15231288e+00 -1.20767342e+00 -1.12553046e+00  1.27826172e+00
  1.62570263e+00 -8.18375443e-01  2.12344199e+00 -1.48384578e+00
 -2.49837854e-01 -8.88816145e-01 -2.94422868e+00  3.10848274e+00
 -1.77416093e+00  3.04031199e+00 -1.36289769e+00 -2.35953431e+00
  3.77416994e+00 -1.20823725e+00 -6.12182949e-01 -3.07595398e+00
 -2.50003625e+00  2.98565976e+00 -1.94787415e+00 -1.68469019e+00
 -3.92305775e-01  2.95601981e+00  1.59794242e-01  1.39231679e-02
 -1.61860194e+00 -1.54666831e-01 -1.60083884e+00 -3.08837853e+00
  2.90939442e+00  1.15732736e+00 -3.29208843e-01 -2.31965725e+00
  1.00783599e+00 -1.14844953e+00 -2.81292400e-01 -2.14068908e+00
 -1.89413523e+00  1.80842194e+00 -9.85187941e-01  2.55890126e+00
 -4.44564361e-01 -3.08968700e+00 -2.82985118e+00  2.03585905e+00
 -3.06905595e+00 -2.62006212e-01 -1.02921975e+00 -1.83874888e-01
  2.37705485e+00  1.72207534e+00 -2.75164499e-01 -1.76455015e+00
 -3.04022062e+00  1.16675622e-01 -8.41398372e-01  1.46784851e+00
 -2.51933477e+00  9.61264394e-01 -2.36143463e-02  2.15878966e-01
  2.00537123e+00  7.45367217e-01  7.84020084e-01 -1.22742874e+00
  1.58955902e+00  2.54750127e+00  1.28423302e+00  3.00591502e-01
 -9.95746376e-01  2.57521199e+00  8.36806601e-01 -2.24886175e+00
  1.80171621e-03  1.71362569e+00  1.06806467e+00 -6.47736279e-01
 -2.31660029e+00  2.40918599e+00  2.02927230e+00  1.64107219e+00
  2.26893319e+00  1.87264743e+00 -2.13410361e+00 -2.87294432e+00
  5.43708204e-01  1.38974977e+00 -2.42532080e+00 -1.31424833e+00
  2.45905781e+00  1.26232211e+00  3.02237813e-02 -1.75129942e+00
 -1.56353002e+00  1.94962811e+00  1.47422075e+00 -8.02453108e-01
 -1.39461136e-01 -4.61485342e-01 -1.78517645e-01  2.39971152e+00
 -5.44657245e-01 -6.44366733e-01  1.07171134e+00 -2.28667595e+00
  1.01133750e+00  2.57191882e+00 -5.01013037e-01  2.11402698e+00
 -1.96303642e+00 -8.61139829e-01 -2.41075039e+00 -2.30558761e+00
 -1.40261504e+00 -2.92703830e+00  1.57884486e+00  1.84237944e+00
  1.65075101e+00  1.01772700e+00  1.42857689e+00 -2.29962085e+00
 -2.70293937e+00  1.75057233e+00  9.98250884e-01 -4.32850006e-01
 -2.62373141e+00  1.55993783e+00 -1.21914359e+00 -2.48846355e+00
  6.53726403e-02]
Thu Jun 13 23:12:19 2024,638,0.08827162246177359,[-2.86056608e+00  2.08463866e+00 -1.62802668e+00  7.31659170e-02
  4.63772873e-01 -3.24340654e+00  3.24494568e+00  2.08696626e+00
  1.04777619e+00 -1.00263004e+00  5.52069298e-01  1.32997242e+00
  1.30776188e+00 -1.87250838e+00  7.70139931e-01  2.87532564e+00
 -3.95144037e-01 -4.21203927e-01 -1.91669756e+00  8.33004731e-01
  1.61866865e+00  2.90490756e+00 -1.39024271e+00 -4.15734189e-01
 -2.18635258e+00 -2.09823130e+00  3.12293329e+00  2.80410984e+00
 -7.18812805e-01 -2.63156215e+00  1.53395505e+00 -2.05198155e-01
 -2.42982373e+00  1.85371745e+00  1.13599963e+00 -6.21815866e-01
  1.08877533e+00 -2.00736990e+00 -2.23093934e-01  2.27064312e+00
 -3.09783602e-01  4.91881197e-01  2.41653937e+00  5.77292896e-01
  2.64731380e+00  2.89834863e+00  2.80383947e+00 -2.93043002e+00
  2.84211656e-01 -3.88333363e-01  1.72214583e+00  2.99253698e+00
 -3.68652601e-01 -2.35736877e+00  2.72643244e+00 -3.17954171e+00
  5.44824702e-01 -7.01467524e-01 -1.74141229e+00  3.10547936e+00
 -1.97731551e+00 -1.68841765e+00 -2.54887606e+00  2.35936181e+00
 -2.13839673e+00  1.98582429e+00  1.74995740e+00  1.47221022e+00
  2.52507621e+00  2.88563410e+00  1.99177545e+00  1.48076435e+00
 -1.77048796e+00 -2.39482946e+00  1.16266852e+00  5.86329114e-01
  1.59162148e+00 -2.79001012e+00 -9.40760068e-02  2.51951520e+00
 -1.17513346e+00  1.15881457e+00  1.24430653e+00  6.00959018e-01
 -9.67215872e-01  1.10181506e+00  7.79948592e-01 -3.76478219e-01
  2.81798159e+00 -2.13929336e+00  1.59462174e+00 -6.73870557e-01
  9.74180358e-01 -3.20974226e+00 -2.23336408e+00  3.41056546e-01
 -1.07799418e+00 -4.20512856e-01  2.67610954e-01  5.65624245e-02
 -1.76247654e+00 -2.14037085e-01 -6.59612551e-01  2.88395669e+00
 -1.15296803e+00 -1.20701828e+00 -1.12487531e+00  1.27891686e+00
  1.62504749e+00 -8.17720300e-01  2.12278684e+00 -1.48319064e+00
 -2.49182711e-01 -8.89471288e-01 -2.94357354e+00  3.10782760e+00
 -1.77481607e+00  3.03965685e+00 -1.36224255e+00 -2.35887917e+00
  3.77351480e+00 -1.20758211e+00 -6.11527806e-01 -3.07529884e+00
 -2.50069139e+00  2.98631490e+00 -1.94721901e+00 -1.68403505e+00
 -3.92960918e-01  2.95536467e+00  1.59139099e-01  1.45783108e-02
 -1.61925708e+00 -1.55321974e-01 -1.60149398e+00 -3.08903368e+00
  2.91004956e+00  1.15667222e+00 -3.29863986e-01 -2.32031240e+00
  1.00849113e+00 -1.14910467e+00 -2.80637258e-01 -2.14003394e+00
 -1.89479037e+00  1.80907708e+00 -9.85843084e-01  2.55824612e+00
 -4.43909218e-01 -3.09034215e+00 -2.83050632e+00  2.03651420e+00
 -3.06971109e+00 -2.61351069e-01 -1.02856461e+00 -1.84530031e-01
  2.37770999e+00  1.72142020e+00 -2.75819642e-01 -1.76520529e+00
 -3.03956547e+00  1.17330765e-01 -8.40743229e-01  1.46719337e+00
 -2.51998991e+00  9.60609251e-01 -2.42694892e-02  2.16534109e-01
  2.00471609e+00  7.44712074e-01  7.84675227e-01 -1.22677359e+00
  1.58890387e+00  2.54815641e+00  1.28357787e+00  2.99936359e-01
 -9.95091233e-01  2.57586713e+00  8.37461744e-01 -2.24951690e+00
  2.45685912e-03  1.71428084e+00  1.06740952e+00 -6.47081136e-01
 -2.31594515e+00  2.40984114e+00  2.02992744e+00  1.64172734e+00
  2.26827805e+00  1.87199229e+00 -2.13475876e+00 -2.87359946e+00
  5.44363347e-01  1.38909463e+00 -2.42466566e+00 -1.31490347e+00
  2.45971295e+00  1.26166697e+00  2.95686383e-02 -1.75195457e+00
 -1.56418517e+00  1.95028325e+00  1.47356560e+00 -8.01797965e-01
 -1.40116279e-01 -4.62140485e-01 -1.77862502e-01  2.40036666e+00
 -5.45312388e-01 -6.45021876e-01  1.07105620e+00 -2.28733109e+00
  1.01068236e+00  2.57126367e+00 -5.00357894e-01  2.11468213e+00
 -1.96238127e+00 -8.61794972e-01 -2.41140553e+00 -2.30624275e+00
 -1.40195990e+00 -2.92638316e+00  1.57950000e+00  1.84303458e+00
  1.65140616e+00  1.01707185e+00  1.42923203e+00 -2.30027599e+00
 -2.70228422e+00  1.74991719e+00  9.97595741e-01 -4.32194863e-01
 -2.62307627e+00  1.55928269e+00 -1.21848844e+00 -2.48911869e+00
  6.47174974e-02]
Thu Jun 13 23:12:36 2024,639,0.08814998880641274,[-2.86193593  2.08600851 -1.62665683  0.07179606  0.46240302 -3.24203668
  3.24357583  2.0855964   1.04914605 -1.0039999   0.55343916  1.32860256
  1.30639203 -1.87387823  0.77150979  2.87669549 -0.39651389 -0.42257378
 -1.91806742  0.83437459  1.6172988   2.9035377  -1.39161257 -0.41710405
 -2.18772243 -2.09960116  3.12156343  2.80273999 -0.72018266 -2.63019229
  1.53532491 -0.20656801 -2.42845387  1.85508731  1.13462977 -0.62318572
  1.09014519 -2.00873976 -0.22446379  2.27201297 -0.31115346  0.49051134
  2.41790923  0.57866275  2.64868366  2.89697877  2.80520933 -2.92906017
  0.2828418  -0.38970322  1.72077597  2.99116712 -0.37002246 -2.35599892
  2.72506258 -3.17817185  0.54619456 -0.70009767 -1.74278215  3.10684922
 -1.97594565 -1.68704779 -2.55024591  2.36073166 -2.13702687  1.98445443
  1.74858754  1.47084036  2.52644607  2.88426424  1.99314531  1.48213421
 -1.76911811 -2.39619931  1.16129866  0.58495926  1.59299134 -2.79137997
 -0.09270615  2.51814535 -1.17650332  1.15744471  1.24567638  0.60232888
 -0.96584601  1.10044521  0.78131845 -0.37510836  2.81935145 -2.14066322
  1.5959916  -0.67524041  0.9728105  -3.21111212 -2.23199422  0.3424264
 -1.07936404 -0.419143    0.26898081  0.05793228 -1.7638464  -0.21266723
 -0.66098241  2.88532655 -1.15433788 -1.20838814 -1.12624517  1.277547
  1.62641735 -0.81635044  2.1241567  -1.48182078 -0.25055257 -0.88810143
 -2.94220368  3.10919746 -1.77618593  3.04102671 -1.36361241 -2.35750931
  3.77488466 -1.20895197 -0.61015795 -3.07392898 -2.50206125  2.98768476
 -1.94858886 -1.68266519 -0.39159106  2.95399481  0.16050896  0.01320845
 -1.62062694 -0.15395212 -1.60286384 -3.08766382  2.91141942  1.15804207
 -0.33123384 -2.31894254  1.00712127 -1.15047453 -0.28200711 -2.1414038
 -1.89616023  1.81044694 -0.98447323  2.55961597 -0.44527908 -3.08897229
 -2.83187618  2.03788406 -3.06834123 -0.26272093 -1.02993447 -0.18316017
  2.37907985  1.72005034 -0.2771895  -1.76383543 -3.03819561  0.11596091
 -0.83937337  1.46856322 -2.51862005  0.96197911 -0.02563935  0.21516425
  2.00608595  0.74608193  0.78604508 -1.22814345  1.59027373  2.54952627
  1.28494773  0.2985665  -0.99372138  2.57449728  0.8388316  -2.24814704
  0.00382672  1.71291098  1.06877938 -0.64571128 -2.31457529  2.41121099
  2.02855759  1.64309719  2.26690819  1.87336214 -2.1333889  -2.87496932
  0.54299349  1.39046448 -2.42603552 -1.31627333  2.45834309  1.26029711
  0.02819878 -1.75332442 -1.56281531  1.94891339  1.47493546 -0.80042811
 -0.13874642 -0.46351034 -0.17923236  2.40173652 -0.54394253 -0.64365202
  1.06968634 -2.28870095  1.0093125   2.57263353 -0.50172775  2.11331227
 -1.96101142 -0.86316483 -2.41277539 -2.30761261 -1.40059004 -2.92775301
  1.57813015  1.84440444  1.65277601  1.015702    1.42786217 -2.30164585
 -2.70365408  1.75128705  0.9989656  -0.43356472 -2.62444613  1.55791283
 -1.21711859 -2.49048855  0.06334764]
Thu Jun 13 23:12:53 2024,640,0.08798815149350454,[-2.86015431  2.08779014 -1.62843845  0.07357769  0.46418464 -3.24381831
  3.24535745  2.08737803  1.04736442 -1.00221827  0.55522078  1.32682093
  1.30817365 -1.87209661  0.77329142  2.87491387 -0.39829552 -0.42435541
 -1.91628579  0.83259296  1.61908042  2.90175607 -1.3933942  -0.41888567
 -2.18594081 -2.10138279  3.12334506  2.80095836 -0.71840103 -2.63197392
  1.53354328 -0.20478638 -2.4302355   1.85686894  1.13284814 -0.6214041
  1.09192682 -2.01052139 -0.22268216  2.27023135 -0.31293509  0.48872971
  2.4161276   0.58044438  2.64690203  2.8987604   2.8034277  -2.92727854
  0.28462343 -0.38792159  1.71899435  2.99294875 -0.37180409 -2.35778054
  2.72328095 -3.17639022  0.54441293 -0.69831604 -1.74100052  3.10506759
 -1.97772728 -1.68882942 -2.54846429  2.36251329 -2.1388085   1.98267281
  1.74680591  1.46905873  2.5282277   2.88248262  1.99136368  1.48391583
 -1.77089973 -2.39798094  1.15951703  0.58317763  1.59120971 -2.7931616
 -0.09448778  2.51992697 -1.17472169  1.15566309  1.24389476  0.60054725
 -0.96406439  1.10222683  0.78310008 -0.37332673  2.81756982 -2.14244485
  1.59420997 -0.67345879  0.97102887 -3.20933049 -2.23377585  0.34420803
 -1.07758241 -0.42092463  0.26719918  0.05615065 -1.76206477 -0.21444886
 -0.66276404  2.88354492 -1.15255625 -1.20660651 -1.12446354  1.27932863
  1.62463572 -0.81813207  2.12237507 -1.48003916 -0.2523342  -0.8863198
 -2.94398531  3.10741583 -1.7744043   3.04280833 -1.36539404 -2.35929094
  3.77666628 -1.20717034 -0.60837632 -3.07571061 -2.50384288  2.98590313
 -1.94680724 -1.68088356 -0.38980943  2.95221318  0.15872733  0.01499008
 -1.61884531 -0.15217049 -1.60108221 -3.08944545  2.90963779  1.1598237
 -0.33301547 -2.32072417  1.0089029  -1.15225616 -0.28378874 -2.13962217
 -1.8943786   1.81222856 -0.9826916   2.5613976  -0.44349745 -3.08719066
 -2.83365781  2.03610243 -3.0665596  -0.2609393  -1.03171609 -0.18137855
  2.37729822  1.72183197 -0.27897113 -1.76205381 -3.03997724  0.11417928
 -0.841155    1.47034485 -2.52040168  0.96019748 -0.02385772  0.21338262
  2.00786758  0.74786356  0.78426346 -1.22636182  1.5884921   2.55130789
  1.2831661   0.29678487 -0.995503    2.5762789   0.84061323 -2.24636541
  0.00560834  1.71469261  1.06699775 -0.64392965 -2.31635692  2.41299262
  2.02677596  1.64131557  2.26868982  1.87158052 -2.13160727 -2.87318769
  0.54121186  1.39224611 -2.42425389 -1.31805496  2.45656147  1.25851548
  0.02998041 -1.75510605 -1.56459694  1.95069502  1.47671709 -0.79864648
 -0.13696479 -0.46172871 -0.18101399  2.39995489 -0.54572416 -0.64187039
  1.07146797 -2.29048258  1.01109413  2.5708519  -0.50350938  2.11153064
 -1.95922979 -0.8613832  -2.41455702 -2.30939424 -1.40237167 -2.92953464
  1.57634852  1.84262281  1.65099439  1.01748362  1.4296438  -2.30342748
 -2.70187245  1.75306867  0.99718397 -0.43178309 -2.62622776  1.5561312
 -1.21533696 -2.48870692  0.06512927]
Thu Jun 13 23:13:11 2024,641,0.08800854658391763,[-2.8598542   2.08809024 -1.62873856  0.07327759  0.46388454 -3.24351821
  3.24505735  2.08767813  1.04706432 -1.00191817  0.55552089  1.32712103
  1.30787355 -1.87239671  0.77359152  2.87461376 -0.39859562 -0.42405531
 -1.91598569  0.83289306  1.61938053  2.90205618 -1.3930941  -0.41918578
 -2.18624091 -2.10108268  3.12304495  2.80065826 -0.71870114 -2.63227402
  1.53324318 -0.20508649 -2.4305356   1.85716904  1.13254804 -0.62110399
  1.09162671 -2.01082149 -0.22238206  2.26993124 -0.31263498  0.48902981
  2.4164277   0.58074448  2.64720213  2.8990605   2.8037278  -2.92697844
  0.28432332 -0.38822169  1.71869424  2.99264865 -0.37150398 -2.35808065
  2.72298085 -3.17669032  0.54471303 -0.69801594 -1.74070042  3.10536769
 -1.97802738 -1.68912952 -2.54876439  2.36281339 -2.1391086   1.9823727
  1.74710602  1.46935883  2.5285278   2.88218251  1.99106358  1.48361573
 -1.77119984 -2.39768084  1.15921693  0.58287753  1.59150982 -2.7928615
 -0.09478788  2.51962687 -1.17502179  1.15536299  1.24419486  0.60084735
 -0.96436449  1.10192673  0.78279998 -0.37302663  2.81786992 -2.14214475
  1.59451007 -0.67315869  0.97072877 -3.20903039 -2.23407595  0.34390793
 -1.07788251 -0.42062452  0.26749929  0.05645076 -1.76236487 -0.21474896
 -0.66306414  2.88384503 -1.15225615 -1.20690661 -1.12476365  1.27902853
  1.62493582 -0.81783197  2.12207497 -1.47973905 -0.25203409 -0.8860197
 -2.94368521  3.10711573 -1.77470441  3.04310844 -1.36569414 -2.35959104
  3.77636618 -1.20747044 -0.60867642 -3.0754105  -2.50354278  2.98560303
 -1.94650714 -1.68058346 -0.39010953  2.95191308  0.15902743  0.01468998
 -1.61914541 -0.15187039 -1.60138231 -3.08914535  2.90933769  1.1595236
 -0.33271537 -2.32102427  1.0086028  -1.15255626 -0.28408884 -2.13932207
 -1.8946787   1.81192846 -0.9829917   2.5610975  -0.44319735 -3.08749076
 -2.83335771  2.03640253 -3.06685971 -0.2606392  -1.03201619 -0.18107844
  2.37759832  1.72213207 -0.27927123 -1.76235391 -3.04027734  0.11447938
 -0.8408549   1.47064495 -2.52010158  0.96049758 -0.02355762  0.21308252
  2.00756747  0.74756346  0.78456356 -1.22666193  1.58879221  2.551608
  1.28346621  0.29648477 -0.9952029   2.57657901  0.84031313 -2.24666551
  0.00590845  1.7143925   1.06669765 -0.64362955 -2.31665702  2.41329272
  2.02647586  1.64101546  2.26838971  1.87128041 -2.13130717 -2.87288759
  0.54151196  1.39254621 -2.42395379 -1.31775486  2.45626136  1.25881559
  0.03028051 -1.75480595 -1.56489704  1.95099512  1.47641699 -0.79834638
 -0.1372649  -0.46142861 -0.18131409  2.39965479 -0.54602426 -0.64217049
  1.07116787 -2.29018248  1.01139423  2.5705518  -0.50380948  2.11183074
 -1.95892969 -0.8610831  -2.41485712 -2.30909413 -1.40207157 -2.92983474
  1.57604842  1.84292291  1.65069428  1.01778373  1.4299439  -2.30372758
 -2.70217256  1.75336878  0.99748407 -0.43148299 -2.62652786  1.55643131
 -1.21503686 -2.48840682  0.06542937]
Thu Jun 13 23:13:28 2024,642,0.08803620683938854,[-2.86031791  2.08855395 -1.62827485  0.07281388  0.46342083 -3.24398192
  3.24459364  2.08721442  1.04660061 -1.00145446  0.55598459  1.32758474
  1.30740984 -1.87286042  0.77405523  2.87507747 -0.39905933 -0.4235916
 -1.9164494   0.83242935  1.61891682  2.90251989 -1.39263039 -0.41964949
 -2.1857772  -2.10154639  3.12258124  2.80112197 -0.71916485 -2.63181031
  1.53370689 -0.20462278 -2.43007189  1.85763275  1.13301175 -0.6215677
  1.091163   -2.0112852  -0.22284577  2.26946753 -0.31309869  0.4885661
  2.41689141  0.58120819  2.64766584  2.89952421  2.80419151 -2.92651473
  0.28385961 -0.3886854   1.71823053  2.99218494 -0.37104027 -2.35854436
  2.72344456 -3.17622661  0.54424932 -0.69847965 -1.74023671  3.10490399
 -1.97756367 -1.68866581 -2.54830068  2.36234968 -2.13957231  1.98283641
  1.74756973  1.46889512  2.52899151  2.8817188   1.99059987  1.48407944
 -1.77166355 -2.39814455  1.15875322  0.58241382  1.59197353 -2.79239779
 -0.09525159  2.51916316 -1.17455808  1.15489928  1.24465857  0.60038364
 -0.96390078  1.10146302  0.78326369 -0.37256292  2.81833363 -2.14260845
  1.59497378 -0.67362239  0.97026506 -3.20856668 -2.23453966  0.34437164
 -1.07834622 -0.42108823  0.26703558  0.05691447 -1.76282858 -0.21521267
 -0.66260043  2.88338132 -1.15179244 -1.20737032 -1.12429994  1.27856482
  1.62447211 -0.81829568  2.12161126 -1.48020276 -0.2524978  -0.88648341
 -2.9432215   3.10757944 -1.7742407   3.04264473 -1.36523043 -2.36005475
  3.77682989 -1.20793415 -0.60914013 -3.07494679 -2.50400649  2.98606674
 -1.94697084 -1.68011975 -0.39057324  2.95144937  0.15856372  0.01422627
 -1.61960912 -0.1523341  -1.60184602 -3.08868164  2.90887398  1.15905989
 -0.33225166 -2.32148798  1.00813909 -1.15301997 -0.28455255 -2.13978578
 -1.89421499  1.81146475 -0.98252799  2.56063379 -0.44366106 -3.08795447
 -2.83382142  2.03593882 -3.06732342 -0.26017549 -1.03155249 -0.18061473
  2.37806203  1.72166836 -0.27880752 -1.76281762 -3.03981363  0.11494309
 -0.84039119  1.47110866 -2.52056529  0.96096129 -0.02402133  0.21354623
  2.00803118  0.74709975  0.78502727 -1.22712564  1.58925592  2.55114429
  1.28392992  0.29602106 -0.99566661  2.57704272  0.83984942 -2.24712922
  0.00637216  1.71392879  1.06716136 -0.64409326 -2.31712073  2.41375643
  2.02601215  1.64055175  2.26885342  1.87174412 -2.13084346 -2.87242388
  0.54104825  1.3920825  -2.4244175  -1.31821857  2.45672507  1.25835188
  0.03074422 -1.75434224 -1.56443333  1.95145883  1.47595328 -0.79881009
 -0.13680119 -0.4609649  -0.18085038  2.39919108 -0.54556055 -0.6426342
  1.07070416 -2.28971877  1.01093052  2.57008809 -0.50334577  2.11229445
 -1.95846598 -0.86154681 -2.41532083 -2.30955784 -1.40160786 -2.92937103
  1.57651213  1.8424592   1.65023057  1.01824744  1.43040761 -2.30326387
 -2.70170885  1.75290507  0.99794778 -0.43101928 -2.62699157  1.5559676
 -1.21457315 -2.48794311  0.06496566]
Thu Jun 13 23:14:41 2024,643,0.08794340080491869,[-2.85891293  2.08995894 -1.62967983  0.07140889  0.46482581 -3.24257694
  3.24318866  2.08580944  1.04519563 -1.00004948  0.55738958  1.32898973
  1.30600486 -1.8742654   0.77546021  2.87648246 -0.39765435 -0.42218662
 -1.91785438  0.83383434  1.61751183  2.90392487 -1.39403537 -0.4182445
 -2.18437222 -2.10014141  3.12398623  2.79971698 -0.71775986 -2.63040533
  1.53230191 -0.20602776 -2.42866691  1.85622777  1.13160677 -0.62297269
  1.08975802 -2.01269018 -0.22425075  2.26806255 -0.31450368  0.48997109
  2.41548643  0.57980321  2.64626086  2.89811923  2.8055965  -2.92510975
  0.2852646  -0.39009039  1.71963552  2.99077996 -0.37244526 -2.35994934
  2.72203958 -3.17763159  0.54565431 -0.69707466 -1.74164169  3.103499
 -1.97615869 -1.68726083 -2.5468957   2.3609447  -2.13816733  1.98143143
  1.74897471  1.47030011  2.53039649  2.88031382  1.98919489  1.48548442
 -1.77025856 -2.39673957  1.1601582   0.5838188   1.59056854 -2.79099281
 -0.09384661  2.51775818 -1.1731531   1.15349429  1.24606355  0.60178862
 -0.9624958   1.10005804  0.78466867 -0.37115794  2.81973861 -2.14401344
  1.59637876 -0.67221741  0.97167004 -3.20997166 -2.23313468  0.34296666
 -1.07694124 -0.41968325  0.26844056  0.05550948 -1.7614236  -0.21661765
 -0.66119545  2.8847863  -1.15319743 -1.20596534 -1.12570492  1.2799698
  1.62587709 -0.81970066  2.12020628 -1.48160775 -0.25390279 -0.88788839
 -2.94462648  3.10898442 -1.77564568  3.04404971 -1.36663541 -2.36145973
  3.77823487 -1.20652917 -0.60773515 -3.07354181 -2.50541147  2.98466176
 -1.94837583 -1.67871477 -0.38916826  2.95004439  0.15715874  0.01563125
 -1.61820414 -0.15092911 -1.60044104 -3.08727665  2.907469    1.16046487
 -0.33084668 -2.320083    1.00954407 -1.15161499 -0.28314757 -2.1383808
 -1.89281001  1.81005977 -0.98112301  2.56203877 -0.44506604 -3.08935945
 -2.8352264   2.03453384 -3.0687284  -0.26158047 -1.03295747 -0.18201972
  2.37665705  1.72307335 -0.2802125  -1.76141264 -3.04121862  0.11353811
 -0.8389862   1.47251365 -2.51916031  0.96236628 -0.02542631  0.21495121
  2.0066262   0.74569477  0.78362229 -1.22572065  1.5906609   2.5497393
  1.2853349   0.29461608 -0.99426163  2.57563773  0.83844443 -2.24572424
  0.00496717  1.71533378  1.06856634 -0.64549824 -2.31571575  2.41516142
  2.02460717  1.63914677  2.27025841  1.87033914 -2.13224844 -2.87382886
  0.53964327  1.39348749 -2.42582248 -1.31681358  2.45532009  1.25694689
  0.02933924 -1.75574722 -1.56302835  1.95286381  1.47735826 -0.80021507
 -0.1353962  -0.46236989 -0.1794454   2.40059606 -0.54696553 -0.64403919
  1.07210914 -2.29112375  1.00952554  2.57149307 -0.50475075  2.11088947
 -1.95987096 -0.86014183 -2.41672581 -2.30815286 -1.40020287 -2.93077602
  1.57510714  1.84386419  1.65163556  1.01965242  1.42900263 -2.30185889
 -2.70030386  1.75150008  0.99935276 -0.4296143  -2.62558658  1.55456261
 -1.21597813 -2.48653813  0.06637064]
Thu Jun 13 23:14:56 2024,644,0.08794350246758187,[-2.85879981  2.08984581 -1.62956671  0.07152202  0.46493894 -3.24269006
  3.24307554  2.08569631  1.0450825  -0.99993636  0.55727645  1.3288766
  1.30611798 -1.87415228  0.77557333  2.87636933 -0.39754123 -0.42229974
 -1.9179675   0.83372121  1.61762496  2.90381175 -1.39414849 -0.41835763
 -2.18448534 -2.10025453  3.12409935  2.79983011 -0.71764674 -2.63029221
  1.53241503 -0.20591464 -2.42855378  1.85611464  1.13171989 -0.62285956
  1.08987114 -2.0128033  -0.22436388  2.26817567 -0.31439055  0.49008421
  2.4153733   0.57991633  2.64637398  2.89823235  2.80548337 -2.92499662
  0.28515147 -0.39020351  1.71974864  2.99089308 -0.37233213 -2.36006246
  2.7221527  -3.17751847  0.54576743 -0.69696154 -1.74152857  3.10338588
 -1.97627181 -1.68714771 -2.54678257  2.36083158 -2.13828045  1.98131831
  1.74908783  1.47041323  2.53050962  2.8802007   1.98930801  1.4853713
 -1.77037169 -2.39662644  1.16027132  0.58393192  1.59045542 -2.79110593
 -0.09395973  2.51764506 -1.17303998  1.15360742  1.24617667  0.6016755
 -0.96260892  1.09994492  0.78455554 -0.37127106  2.81985174 -2.14412656
  1.59649188 -0.67210429  0.97178317 -3.20985854 -2.23302156  0.34285353
 -1.07705436 -0.41979637  0.26855368  0.05539636 -1.76153672 -0.21650453
 -0.66130857  2.88467318 -1.15331055 -1.20607846 -1.1255918   1.28008292
  1.62576397 -0.81958754  2.12009316 -1.48172087 -0.25378966 -0.88800152
 -2.94451336  3.10909754 -1.77553256  3.04393659 -1.36674853 -2.36134661
  3.778348   -1.20641605 -0.60762203 -3.07342869 -2.50529835  2.98477488
 -1.9482627  -1.67882789 -0.38905514  2.95015751  0.15727186  0.01574437
 -1.61809102 -0.15081599 -1.60055416 -3.08738978  2.90735588  1.16035175
 -0.33073355 -2.31996987  1.00965719 -1.15150186 -0.28326069 -2.13849392
 -1.89269689  1.81017289 -0.98123613  2.56192565 -0.44495292 -3.08924633
 -2.83511328  2.03464696 -3.06861528 -0.26169359 -1.03307059 -0.18190659
  2.37677017  1.72296022 -0.28032562 -1.76152576 -3.04133174  0.11365123
 -0.83909933  1.47240052 -2.51904719  0.9624794  -0.02531319  0.21483809
  2.00673932  0.74558164  0.78373541 -1.22560753  1.59054778  2.54985243
  1.28544802  0.29450296 -0.99437475  2.57575086  0.83855756 -2.24561112
  0.00485405  1.71522065  1.06845322 -0.64538512 -2.31582887  2.41527454
  2.02449404  1.63903365  2.27014528  1.87022602 -2.13213532 -2.87394198
  0.53953015  1.39337436 -2.42570936 -1.31670046  2.45520697  1.25683377
  0.02945236 -1.75586035 -1.56314147  1.95297694  1.47724514 -0.80032819
 -0.13528308 -0.46248301 -0.17933227  2.40070918 -0.54685241 -0.64415231
  1.07222226 -2.29101063  1.00963866  2.57137995 -0.50463763  2.11100259
 -1.95998408 -0.86025495 -2.41683893 -2.30826598 -1.400316   -2.93088914
  1.57522027  1.84375106  1.65152243  1.01976554  1.42911575 -2.30197201
 -2.70041699  1.75161321  0.99923964 -0.42972742 -2.62547346  1.55467574
 -1.21609125 -2.48665125  0.06625752]
Thu Jun 13 23:15:16 2024,645,0.08790615081542849,[-2.85939747  2.08924816 -1.63016436  0.07092436  0.46434128 -3.2420924
  3.24247788  2.08509866  1.04568016 -1.00053401  0.55787411  1.32827895
  1.30671564 -1.87355462  0.77617099  2.87577168 -0.39694357 -0.42170208
 -1.91736985  0.83431887  1.61822261  2.9044094  -1.39355083 -0.41895528
 -2.18388768 -2.09965688  3.12350169  2.80042776 -0.7182444  -2.62969455
  1.53181738 -0.20531698 -2.42795613  1.8567123   1.13112224 -0.62345722
  1.0904688  -2.01340096 -0.22376622  2.26877333 -0.3137929   0.48948655
  2.41477565  0.58051399  2.64577633  2.89883001  2.80608103 -2.92559428
  0.28455382 -0.39080117  1.71915098  2.99149073 -0.37173448 -2.35946481
  2.72155505 -3.17692082  0.54516977 -0.69636389 -1.74212622  3.10398354
 -1.97686947 -1.68655005 -2.54738023  2.36142924 -2.1376828   1.98191597
  1.74849018  1.46981557  2.52991196  2.87960304  1.98871036  1.48596896
 -1.76977403 -2.3972241   1.16086898  0.58452958  1.59105308 -2.79050827
 -0.09336207  2.5170474  -1.17244232  1.15420507  1.24557902  0.60107784
 -0.96201126  1.10054257  0.78395789 -0.37186872  2.81925408 -2.14472422
  1.59589423 -0.67150663  0.97118551 -3.2104562  -2.23361921  0.34345119
 -1.07765202 -0.42039403  0.26795602  0.05479871 -1.76093907 -0.21710218
 -0.66190622  2.88527083 -1.15271289 -1.20667612 -1.12618945  1.27948527
  1.62516631 -0.81898988  2.1194955  -1.48112321 -0.25319201 -0.88740386
 -2.94511101  3.10849989 -1.7749349   3.04453424 -1.36734619 -2.36194427
  3.77775034 -1.2070137  -0.60702437 -3.07402635 -2.505896    2.98537254
 -1.94766505 -1.67942555 -0.38845748  2.95075516  0.15667421  0.01514672
 -1.61749336 -0.15021834 -1.5999565  -3.08798743  2.90795353  1.1609494
 -0.33133121 -2.32056753  1.00905954 -1.15209952 -0.28266304 -2.13789626
 -1.89209923  1.81077055 -0.98063848  2.56132799 -0.44555057 -3.08864868
 -2.83451562  2.03524462 -3.06801762 -0.26109594 -1.03366825 -0.18250425
  2.37617251  1.72355788 -0.27972797 -1.7609281  -3.0419294   0.11424889
 -0.83850167  1.47180287 -2.51844953  0.96307705 -0.02471553  0.21424044
  2.00614167  0.7461793   0.78313775 -1.22620519  1.58995012  2.54925477
  1.28604568  0.2939053  -0.99377709  2.5751532   0.83915521 -2.24501346
  0.00545171  1.71581831  1.06905088 -0.64598277 -2.31642653  2.41467688
  2.0250917   1.63963131  2.27074294  1.87082368 -2.13273298 -2.87453964
  0.54012781  1.39277671 -2.4251117  -1.31729812  2.45580463  1.25743143
  0.0288547  -1.75526269 -1.56373912  1.95237928  1.47664748 -0.80092585
 -0.13468543 -0.46188535 -0.17873462  2.40011153 -0.54745007 -0.64474996
  1.07162461 -2.29160828  1.009041    2.57197761 -0.50523529  2.11040494
 -1.96058174 -0.86085261 -2.41624128 -2.30886364 -1.39971834 -2.93029148
  1.57462261  1.84315341  1.65092478  1.01916788  1.42971341 -2.30137436
 -2.70101464  1.75101555  0.99864199 -0.43032508 -2.62607112  1.55407808
 -1.21668891 -2.48605359  0.06685518]
Thu Jun 13 23:15:31 2024,646,0.08789433799318569,[-2.85998244  2.08983313 -1.63074934  0.07033939  0.46375631 -3.24267738
  3.24189291  2.08568363  1.04509519 -1.00111899  0.55728914  1.32886392
  1.30730061 -1.87413959  0.77675596  2.87635665 -0.3963586  -0.42228706
 -1.91678487  0.8337339   1.61880759  2.90499437 -1.39413581 -0.41954026
 -2.18447266 -2.10024185  3.12408667  2.80101274 -0.71765942 -2.62910958
  1.53240235 -0.20473201 -2.4285411   1.85612733  1.13170721 -0.62404219
  1.08988383 -2.01398593 -0.22435119  2.2693583  -0.31437787  0.48890158
  2.41419068  0.57992902  2.64519135  2.89941498  2.80549606 -2.92617925
  0.28396884 -0.39138614  1.71856601  2.99090576 -0.37231945 -2.35887983
  2.72214002 -3.17633584  0.5445848  -0.69577891 -1.7427112   3.10339856
 -1.9762845  -1.68713502 -2.54679526  2.36201421 -2.13826777  1.98250094
  1.74907515  1.4692306   2.52932699  2.87901807  1.98812538  1.48538398
 -1.770359   -2.39663913  1.16145395  0.5839446   1.59163805 -2.7899233
 -0.09394705  2.51646243 -1.17185735  1.15479005  1.24616399  0.60049287
 -0.96142629  1.0999576   0.78337292 -0.37245369  2.81983905 -2.14530919
  1.5964792  -0.67092166  0.97060054 -3.21104117 -2.23420419  0.34403616
 -1.07823699 -0.41980906  0.268541    0.05538368 -1.76035409 -0.21651721
 -0.6624912   2.88468586 -1.15212792 -1.20609114 -1.12677443  1.28007024
  1.62458134 -0.81957485  2.11891053 -1.48170819 -0.25260703 -0.88798883
 -2.94452604  3.10791491 -1.77551987  3.04511922 -1.36676122 -2.36135929
  3.77716537 -1.20759868 -0.6064394  -3.07461132 -2.50531103  2.98595751
 -1.94825002 -1.67884058 -0.38787251  2.95134014  0.15608923  0.01573169
 -1.61807834 -0.14963336 -1.59937153 -3.08857241  2.90853851  1.16153438
 -0.33074624 -2.31998256  1.00847457 -1.15268449 -0.28207807 -2.13848124
 -1.89151426  1.81018558 -0.9800535   2.56191297 -0.4449656  -3.0880637
 -2.83510059  2.03465964 -3.06743265 -0.26168091 -1.03308327 -0.18308922
  2.37675749  1.72297291 -0.27914299 -1.76151308 -3.04134442  0.11483386
 -0.83908664  1.47238784 -2.5190345   0.96366203 -0.0253005   0.21482541
  2.00555669  0.74676427  0.78372273 -1.22679016  1.59053509  2.54983974
  1.2854607   0.29449027 -0.99319212  2.57456823  0.83857024 -2.24559844
  0.00603668  1.71523334  1.06963585 -0.6453978  -2.31584155  2.41526186
  2.02450673  1.63904633  2.27132791  1.87140865 -2.13331795 -2.87512461
  0.53954283  1.39219173 -2.42569667 -1.31671315  2.45521965  1.25684646
  0.02826973 -1.75584766 -1.5643241   1.95296425  1.47723245 -0.80151082
 -0.1352704  -0.46247032 -0.17931959  2.39952655 -0.54686509 -0.64416499
  1.07103964 -2.29219325  1.00962598  2.57139263 -0.50582026  2.11098991
 -1.96116671 -0.86026763 -2.4156563  -2.30827867 -1.39913337 -2.92970651
  1.57520758  1.84256843  1.65150975  1.01975286  1.42912843 -2.30078938
 -2.70159962  1.75160052  0.99922696 -0.43091005 -2.62665609  1.55466305
 -1.21727388 -2.48546862  0.0662702 ]
Thu Jun 13 23:15:47 2024,647,0.08788167903876784,[-2.85965731  2.09015826 -1.63107447  0.07066452  0.46343117 -3.24300251
  3.24156778  2.0853585   1.04542032 -1.00144412  0.55696401  1.32918905
  1.30697548 -1.87381446  0.77708109  2.87668178 -0.39603347 -0.42196193
 -1.91711001  0.83405903  1.61848245  2.90466924 -1.39381068 -0.41921512
 -2.18414752 -2.09991672  3.1244118   2.80133787 -0.71733429 -2.62878445
  1.53272748 -0.20440688 -2.42821597  1.85580219  1.13138208 -0.62436732
  1.0895587  -2.01431106 -0.22402606  2.26903317 -0.314703    0.48857645
  2.41451581  0.57960388  2.64486622  2.89908985  2.80517092 -2.92650438
  0.28364371 -0.39171127  1.71889114  2.99058063 -0.37199432 -2.3585547
  2.72246515 -3.17601071  0.54490993 -0.69610404 -1.74303633  3.10372369
 -1.97595936 -1.68680989 -2.54712039  2.36168908 -2.1385929   1.98217581
  1.74940028  1.46955573  2.52900185  2.8793432   1.98845052  1.48505885
 -1.77068414 -2.39631399  1.16177909  0.58361947  1.59196318 -2.78959817
 -0.09362191  2.51678756 -1.17153222  1.15511518  1.24583886  0.60016774
 -0.96175142  1.09963247  0.78304778 -0.37212856  2.82016419 -2.14563432
  1.59615407 -0.67059653  0.97092567 -3.21071604 -2.23452932  0.34436129
 -1.07856212 -0.41948392  0.26886613  0.05570881 -1.76002896 -0.21619208
 -0.66281633  2.88501099 -1.15245305 -1.20641627 -1.12644929  1.28039537
  1.62490647 -0.81989999  2.1185854  -1.48138305 -0.2522819  -0.88831396
 -2.94485117  3.10758978 -1.77519474  3.04544435 -1.36708635 -2.36103416
  3.7774905  -1.20792381 -0.60676453 -3.07493645 -2.5049859   2.98628264
 -1.94792489 -1.67851544 -0.38819764  2.95101501  0.1557641   0.01540656
 -1.61840347 -0.14995849 -1.59969666 -3.08889754  2.90886364  1.16185951
 -0.33107137 -2.32030769  1.0087997  -1.15235936 -0.28175293 -2.13815611
 -1.89183939  1.81051071 -0.97972837  2.5622381  -0.44529073 -3.08838883
 -2.83477546  2.03433451 -3.06710751 -0.26200604 -1.0334084  -0.18276409
  2.37643236  1.72329804 -0.27881786 -1.76118794 -3.04166955  0.11450873
 -0.83941178  1.47271297 -2.51935963  0.96398716 -0.02562564  0.21450028
  2.00523156  0.74643914  0.7833976  -1.22646503  1.59020996  2.55016488
  1.28513557  0.29481541 -0.99286699  2.57489336  0.83824511 -2.2452733
  0.00571155  1.71555847  1.06931072 -0.64572293 -2.31551642  2.41493672
  2.02483186  1.63937146  2.27100278  1.87173378 -2.13299282 -2.87544974
  0.5392177   1.39251687 -2.42537154 -1.31703828  2.45554478  1.25652132
  0.0279446  -1.75617279 -1.56464923  1.95263912  1.47690732 -0.80118569
 -0.13494527 -0.46279546 -0.17899446  2.39985169 -0.54653996 -0.64449012
  1.0707145  -2.29186812  1.00995111  2.5710675  -0.50614539  2.11131504
 -1.96149184 -0.86059276 -2.41598144 -2.3086038  -1.39880824 -2.92938138
  1.57553271  1.84289356  1.65183488  1.02007799  1.4288033  -2.30111451
 -2.70127449  1.75127539  0.99955209 -0.43123518 -2.62633096  1.55498818
 -1.21694875 -2.48579375  0.06659533]
Thu Jun 13 23:16:02 2024,648,0.08788341662090238,[-2.85944414  2.09037143 -1.6308613   0.07087768  0.46364434 -3.24278934
  3.24178094  2.08557166  1.04520715 -1.00165728  0.55675084  1.32897589
  1.30718864 -1.8736013   0.77686793  2.87646862 -0.39624663 -0.42217509
 -1.91732317  0.83427219  1.61826929  2.90445608 -1.39402384 -0.41900196
 -2.18436069 -2.09970356  3.12419863  2.80155103 -0.71754746 -2.62899761
  1.53251432 -0.20462004 -2.42842913  1.85601536  1.13116891 -0.62415416
  1.08977186 -2.0140979  -0.2238129   2.26924634 -0.31448984  0.48836328
  2.41430264  0.57981705  2.64465306  2.89887669  2.80538409 -2.92671755
  0.28385688 -0.39192443  1.7191043   2.99079379 -0.37220748 -2.35876786
  2.72267832 -3.17622388  0.54469677 -0.69589088 -1.74282316  3.10351053
 -1.97617253 -1.68702306 -2.54690722  2.36190224 -2.13837974  1.98196264
  1.74961344  1.46934257  2.52878869  2.87913004  1.98866368  1.48527202
 -1.7708973  -2.39610083  1.16199225  0.58340631  1.59217635 -2.789385
 -0.09383508  2.51700072 -1.17174538  1.15490201  1.24562569  0.6003809
 -0.96153826  1.09984563  0.78326095 -0.37234172  2.81995102 -2.14542116
  1.59594091 -0.67038337  0.9707125  -3.2109292  -2.23474248  0.34414813
 -1.07877529 -0.41927076  0.26907929  0.05549565 -1.7598158  -0.21597891
 -0.66302949  2.88479783 -1.15266621 -1.20620311 -1.12666246  1.28060854
  1.62469331 -0.82011315  2.11837223 -1.48159622 -0.25206874 -0.88852713
 -2.94506434  3.10737662 -1.77540791  3.04565751 -1.36687318 -2.360821
  3.77727733 -1.20813697 -0.60655137 -3.07514961 -2.50519906  2.98606948
 -1.94813805 -1.67872861 -0.38841081  2.95080184  0.15597727  0.0151934
 -1.61861663 -0.14974533 -1.59990983 -3.08868437  2.9090768   1.16207267
 -0.33128453 -2.32009452  1.00858653 -1.15257252 -0.28153977 -2.13794294
 -1.89205256  1.81029754 -0.97951521  2.56245126 -0.44507757 -3.08817567
 -2.83498863  2.03454768 -3.06689435 -0.26179288 -1.03319524 -0.18297726
  2.37621919  1.72308487 -0.27903103 -1.76097478 -3.04188272  0.11472189
 -0.83919861  1.47292614 -2.51914647  0.96420032 -0.02541247  0.21471344
  2.0050184   0.74622598  0.78361076 -1.22667819  1.5899968   2.54995171
  1.28492241  0.29460224 -0.99265383  2.57510652  0.83803194 -2.24548647
  0.00592471  1.71577163  1.06909756 -0.6459361  -2.31530326  2.41472356
  2.02461869  1.6391583   2.27078962  1.87194694 -2.13277965 -2.87523658
  0.53900454  1.3923037  -2.42515838 -1.31725144  2.45533162  1.25673449
  0.02815776 -1.75595963 -1.56486239  1.95285228  1.47669416 -0.80097253
 -0.13515843 -0.46300862 -0.1787813   2.39963852 -0.54675313 -0.64470329
  1.07092767 -2.29165496  1.01016427  2.57128067 -0.50635856  2.11152821
 -1.96127868 -0.86080593 -2.4161946  -2.30881696 -1.39859507 -2.92916821
  1.57531955  1.8426804   1.65204805  1.02029115  1.42859014 -2.30132768
 -2.70106132  1.75106223  0.99933893 -0.43102202 -2.62654412  1.55520135
 -1.21673558 -2.48600692  0.06638217]
Thu Jun 13 23:16:25 2024,649,0.087825321269245,[-2.86049578  2.08931979 -1.62980967  0.06982605  0.46259271 -3.24384098
  3.24072931  2.08452003  1.04415552 -1.00270891  0.55780247  1.32792426
  1.30613701 -1.87465293  0.77791956  2.87752025 -0.395195   -0.42322672
 -1.9183748   0.83532382  1.61721766  2.90550771 -1.39507547 -0.41795033
 -2.18330906 -2.09865192  3.123147    2.8004994  -0.71859909 -2.63004924
  1.53356595 -0.20356841 -2.4273775   1.85496373  1.13222055 -0.62520579
  1.08872023 -2.01514953 -0.22276127  2.2681947  -0.31554147  0.48941492
  2.41325101  0.58086868  2.64360142  2.89992832  2.80643572 -2.92776918
  0.28280524 -0.39297607  1.72015594  2.98974216 -0.37115585 -2.3598195
  2.72162668 -3.17517224  0.5457484  -0.69483925 -1.74177153  3.1024589
 -1.97722416 -1.68807469 -2.54585559  2.36085061 -2.13943137  1.98091101
  1.75066508  1.4703942   2.52984032  2.8780784   1.98971531  1.48632365
 -1.77194893 -2.3950492   1.16094062  0.58235468  1.59322798 -2.79043664
 -0.09488671  2.51805236 -1.17279702  1.15385038  1.24457406  0.60143254
 -0.96048662  1.098794    0.78220931 -0.37339336  2.81889939 -2.14647279
  1.59699254 -0.671435    0.97176414 -3.21198083 -2.23579412  0.3430965
 -1.07772366 -0.42032239  0.27013093  0.05654728 -1.75876416 -0.21703055
 -0.66408113  2.88584946 -1.15161458 -1.20725474 -1.12771409  1.2795569
  1.62574494 -0.82116478  2.11942387 -1.48264785 -0.25312037 -0.8874755
 -2.94611597  3.10632499 -1.77645954  3.04670914 -1.36582155 -2.36187263
  3.7762257  -1.20708534 -0.60549973 -3.07409798 -2.50414743  2.98501785
 -1.94708642 -1.67978024 -0.38946244  2.95185348  0.1570289   0.01624503
 -1.617565   -0.15079696 -1.60096146 -3.08973601  2.91012844  1.16102104
 -0.3302329  -2.32114616  1.00963817 -1.15362416 -0.28048814 -2.13899457
 -1.89310419  1.81134918 -0.98056684  2.56350289 -0.4461292  -3.08712404
 -2.83393699  2.03559931 -3.06794598 -0.26074124 -1.03424687 -0.18402889
  2.37516756  1.72413651 -0.28008266 -1.75992315 -3.04293435  0.11367026
 -0.84025025  1.4718745  -2.51809484  0.96314869 -0.0264641   0.21366181
  2.00607003  0.74727761  0.78466239 -1.22772983  1.58894516  2.55100335
  1.28597404  0.29355061 -0.99160219  2.57615816  0.83908358 -2.2465381
  0.00487308  1.71472     1.06804592 -0.64488446 -2.31635489  2.41577519
  2.02356706  1.64020993  2.27184125  1.87089531 -2.13383129 -2.87628821
  0.5379529   1.39125207 -2.42621001 -1.31830307  2.45427999  1.25568285
  0.02710613 -1.754908   -1.56591403  1.95180065  1.47564253 -0.80202416
 -0.1341068  -0.46195699 -0.17772966  2.39858689 -0.54570149 -0.64575492
  1.06987603 -2.29060333  1.0112159   2.5723323  -0.50741019  2.11257984
 -1.96233031 -0.85975429 -2.41724623 -2.3098686  -1.3996467  -2.93021985
  1.57426792  1.84162877  1.65309968  1.02134279  1.42753851 -2.30027605
 -2.70211295  1.75211386  0.99828729 -0.43207365 -2.62759576  1.55625298
 -1.21778722 -2.48705855  0.0674338 ]
Thu Jun 13 23:16:42 2024,650,0.08782150796058834,[-2.86001427  2.0898013  -1.63029117  0.07030755  0.4621112  -3.24335947
  3.24121081  2.08403853  1.04367402 -1.00319042  0.55828398  1.32744275
  1.30565551 -1.87417143  0.77743806  2.87800175 -0.3947135  -0.42370823
 -1.91885631  0.83580533  1.61673615  2.90502621 -1.39459397 -0.41843183
 -2.18379056 -2.09913343  3.1236285   2.8000179  -0.71908059 -2.62956774
  1.53308445 -0.2030869  -2.426896    1.85544523  1.13173904 -0.62472429
  1.08920173 -2.01466803 -0.22324277  2.2677132  -0.31602297  0.48989642
  2.41276951  0.58135018  2.64408293  2.89944682  2.80595422 -2.92825068
  0.28328675 -0.39249456  1.72063744  2.98926066 -0.37163735 -2.360301
  2.72114518 -3.17469074  0.5462299  -0.69532075 -1.74129003  3.10197739
 -1.97674266 -1.68759319 -2.54537409  2.36133211 -2.13991287  1.98042951
  1.75018357  1.4699127   2.53032183  2.87855991  1.99019681  1.48584215
 -1.77146743 -2.3955307   1.16142212  0.58283618  1.59370948 -2.78995513
 -0.09440521  2.51853386 -1.17327852  1.15433188  1.24409256  0.60191404
 -0.96000512  1.0983125   0.78269082 -0.37291185  2.81938089 -2.14599129
  1.59651104 -0.6709535   0.97224564 -3.21246234 -2.23627562  0.34261499
 -1.07724215 -0.41984089  0.27061243  0.05702878 -1.75828266 -0.21654904
 -0.66456263  2.88536796 -1.15113308 -1.20677324 -1.12819559  1.2800384
  1.62622644 -0.82068328  2.11990537 -1.48216635 -0.25263887 -0.88699399
 -2.94563447  3.10584348 -1.77597804  3.04719065 -1.36534005 -2.36235413
  3.7767072  -1.20756684 -0.60598124 -3.07457948 -2.50462893  2.98453634
 -1.94660492 -1.68026174 -0.38994394  2.95233498  0.1575104   0.01672653
 -1.6180465  -0.15031546 -1.60144296 -3.09021751  2.91060994  1.16053954
 -0.3307144  -2.32066465  1.00915666 -1.15410566 -0.28000663 -2.13947608
 -1.89358569  1.81086767 -0.98008534  2.56302139 -0.4466107  -3.08760554
 -2.8344185   2.03608081 -3.06842749 -0.26122275 -1.03376537 -0.18451039
  2.37468606  1.723655   -0.28056416 -1.75944164 -3.04341585  0.11415176
 -0.83976874  1.47235601 -2.51857634  0.96363019 -0.02694561  0.21318031
  2.00655153  0.74679611  0.78418089 -1.22821133  1.58942667  2.55052184
  1.28549254  0.29403211 -0.99112069  2.57663966  0.83860207 -2.2460566
  0.00535458  1.7152015   1.06852743 -0.64440296 -2.31683639  2.4162567
  2.02404856  1.63972843  2.27232275  1.87137681 -2.13431279 -2.87676972
  0.5374714   1.39077057 -2.42572851 -1.31878458  2.45379848  1.25616436
  0.02758763 -1.75442649 -1.56543252  1.95228215  1.47516102 -0.80250566
 -0.1345883  -0.46243849 -0.17821117  2.39906839 -0.54521999 -0.64623642
  1.07035754 -2.29108483  1.0107344   2.5718508  -0.50789169  2.11306134
 -1.96281181 -0.8602358  -2.41772774 -2.30938709 -1.40012821 -2.93070135
  1.57474942  1.84114726  1.65358118  1.02086128  1.427057   -2.30075755
 -2.70163145  1.75259536  0.9987688  -0.43255515 -2.62807726  1.55577148
 -1.21730572 -2.48754005  0.06791531]
Thu Jun 13 23:16:59 2024,651,0.08782728407149136,[-2.86018721  2.08997423 -1.63011824  0.07013462  0.46228414 -3.24353241
  3.24138374  2.08386559  1.04384695 -1.00336335  0.55811104  1.32761569
  1.30582844 -1.87399849  0.777611    2.87782882 -0.39454056 -0.42388116
 -1.91902924  0.83563239  1.61656322  2.90519915 -1.39476691 -0.41825889
 -2.18361762 -2.09930636  3.12380144  2.80019083 -0.71890766 -2.6293948
  1.53291151 -0.20291397 -2.42706893  1.85561816  1.13156611 -0.62455135
  1.08937466 -2.01449509 -0.22306983  2.26754026 -0.31619591  0.48972348
  2.41259657  0.58117725  2.64390999  2.89927388  2.80578128 -2.92842362
  0.28345968 -0.39232163  1.72081038  2.98908772 -0.37181029 -2.36047394
  2.72131811 -3.1745178   0.54605697 -0.69514781 -1.74146296  3.10180446
 -1.97691559 -1.68776612 -2.54520115  2.36150505 -2.13973994  1.98025657
  1.75001064  1.47008563  2.53014889  2.87838697  1.99002388  1.48566921
 -1.77164037 -2.39535776  1.16124918  0.58300911  1.59388242 -2.7897822
 -0.09423227  2.51836092 -1.17310558  1.15415895  1.24391962  0.60208697
 -0.96017806  1.09813956  0.78286375 -0.37308479  2.81955383 -2.14581835
  1.5963381  -0.67078056  0.9720727  -3.2122894  -2.23644855  0.34278793
 -1.07706922 -0.41966796  0.27078537  0.05720172 -1.75810973 -0.21637611
 -0.66473556  2.88554089 -1.15130601 -1.20660031 -1.12836853  1.27986547
  1.62639938 -0.82051035  2.11973243 -1.48199341 -0.2528118  -0.88716693
 -2.9458074   3.10567055 -1.7758051   3.04701771 -1.36551298 -2.36252707
  3.77653427 -1.20773978 -0.60615417 -3.07475242 -2.504456    2.98436341
 -1.94677785 -1.68008881 -0.38977101  2.95250791  0.15768334  0.0165536
 -1.61787356 -0.15014253 -1.60127003 -3.09039044  2.910437    1.16071247
 -0.33088734 -2.32083759  1.0093296  -1.1542786  -0.28017957 -2.13930314
 -1.89375863  1.81104061 -0.9799124   2.56319433 -0.44678364 -3.0874326
 -2.83424556  2.03625375 -3.06825455 -0.26139568 -1.03393831 -0.18433746
  2.37451312  1.72382794 -0.28039123 -1.75961458 -3.04324292  0.1143247
 -0.83959581  1.47218307 -2.5184034   0.96345726 -0.02677267  0.21335324
  2.00672447  0.74662317  0.78435382 -1.22803839  1.58925373  2.55069478
  1.2853196   0.29385918 -0.99129363  2.57681259  0.83842914 -2.24588366
  0.00552752  1.71537444  1.06835449 -0.6445759  -2.31666346  2.41608376
  2.0242215   1.63990137  2.27249569  1.87154975 -2.13413985 -2.87694265
  0.53764434  1.39059763 -2.42555557 -1.31895751  2.45397142  1.25599142
  0.0274147  -1.75425356 -1.56560546  1.95245509  1.47533396 -0.80233273
 -0.13476124 -0.46226555 -0.17803823  2.39889546 -0.54539293 -0.64606349
  1.07053047 -2.29125776  1.01056147  2.57202373 -0.50771876  2.11323428
 -1.96263888 -0.86040873 -2.4175548  -2.30956003 -1.40030114 -2.93087428
  1.57457648  1.84097433  1.65375412  1.02068835  1.42722994 -2.30093048
 -2.70180439  1.75242243  0.99859586 -0.43238222 -2.62790432  1.55559854
 -1.21713278 -2.48771299  0.06808824]
Thu Jun 13 23:17:17 2024,652,0.08780697194497382,[-2.85966938  2.0894564  -1.63063606  0.06961679  0.46280197 -3.24405024
  3.24190157  2.08438342  1.04332913 -1.00284553  0.55862887  1.32709786
  1.30634627 -1.87451632  0.77709317  2.87731099 -0.39402273 -0.42439899
 -1.91851141  0.83511456  1.61708105  2.90468132 -1.39528473 -0.41877672
 -2.1830998  -2.09982419  3.12431926  2.80070866 -0.71942548 -2.62887698
  1.53239369 -0.20239614 -2.42655111  1.85613599  1.13104828 -0.62506918
  1.08989249 -2.01397727 -0.22358766  2.26702244 -0.31671374  0.49024131
  2.41207874  0.58065942  2.64339216  2.89875605  2.80629911 -2.92894145
  0.28397751 -0.39283946  1.72029255  2.98960555 -0.37232812 -2.36099176
  2.72080029 -3.17399998  0.54553914 -0.69566564 -1.74094514  3.10232229
 -1.97639777 -1.6872483  -2.54571898  2.36202287 -2.14025776  1.97973875
  1.74949281  1.46956781  2.52963106  2.87786915  1.98950605  1.48618704
 -1.77112254 -2.39587559  1.16073136  0.58249129  1.59336459 -2.78926437
 -0.0947501   2.5178431  -1.17362341  1.15467677  1.2434018   0.60156915
 -0.95966023  1.09865739  0.78234593 -0.37360262  2.819036   -2.14530052
  1.59685593 -0.67129839  0.97155488 -3.21280723 -2.23696638  0.34330576
 -1.07655139 -0.41915013  0.27130319  0.05668389 -1.75862755 -0.21585828
 -0.66525339  2.88502307 -1.15078819 -1.20608248 -1.12888636  1.27934764
  1.62588155 -0.81999252  2.11921461 -1.48251124 -0.25229398 -0.8866491
 -2.94632523  3.10515272 -1.77632293  3.04753554 -1.36603081 -2.36200924
  3.77601644 -1.20722195 -0.60563635 -3.07527025 -2.50393817  2.98384558
 -1.94729568 -1.68060663 -0.39028883  2.95199009  0.15820116  0.01707142
 -1.61839139 -0.1496247  -1.60178785 -3.09090827  2.91095483  1.1612303
 -0.33140516 -2.32031976  1.00881177 -1.15479642 -0.27966174 -2.13878532
 -1.8932408   1.81155844 -0.98043023  2.5626765  -0.44730146 -3.08691478
 -2.83476339  2.03677157 -3.06773672 -0.26087786 -1.03342048 -0.18485528
  2.37399529  1.72331011 -0.2798734  -1.75909675 -3.04376074  0.11484253
 -0.83907798  1.47166524 -2.51892123  0.96397508 -0.0272905   0.21283541
  2.00620664  0.74610534  0.783836   -1.22855622  1.58977156  2.5512126
  1.28583743  0.294377   -0.99181145  2.57733042  0.83894697 -2.24640149
  0.00604534  1.71589226  1.06887232 -0.64509372 -2.31718128  2.41660159
  2.02370367  1.64041919  2.27197786  1.87103192 -2.13362203 -2.87746048
  0.53816216  1.39111546 -2.4260734  -1.31947534  2.45345359  1.25547359
  0.02689687 -1.75373573 -1.56508763  1.95193726  1.47585179 -0.80285055
 -0.13527906 -0.46278338 -0.1775204   2.39941328 -0.54591075 -0.64658131
  1.07001265 -2.29177559  1.01004364  2.57254156 -0.50823658  2.11375211
 -1.96212105 -0.85989091 -2.41807263 -2.31007785 -1.39978332 -2.93139211
  1.57509431  1.84149216  1.65427195  1.02017052  1.42774777 -2.30144831
 -2.70128656  1.75294026  0.99911369 -0.43186439 -2.62842215  1.55508072
 -1.21765061 -2.48823081  0.06860607]
Thu Jun 13 23:17:37 2024,653,0.08774884587661744,[-2.86089512  2.09068214 -1.6318618   0.06839105  0.46157623 -3.2428245
  3.24312731  2.08560916  1.04210339 -1.00407126  0.55985461  1.32587212
  1.30512053 -1.87574206  0.77831891  2.87608525 -0.392797   -0.42317325
 -1.91728568  0.8363403   1.61585531  2.90345558 -1.39405899 -0.41755098
 -2.18187406 -2.09859845  3.125545    2.8019344  -0.72065122 -2.63010272
  1.53116795 -0.2011704  -2.42532537  1.85491025  1.13227402 -0.62629492
  1.08866675 -2.01520301 -0.22236192  2.2657967  -0.315488    0.48901557
  2.41085301  0.57943368  2.64216643  2.89998179  2.80507337 -2.93016718
  0.28520325 -0.39161372  1.72151829  2.98837981 -0.37355385 -2.35976602
  2.71957455 -3.17277424  0.54676488 -0.6944399  -1.7397194   3.10109655
 -1.97762351 -1.68602256 -2.54449324  2.36079713 -2.1414835   1.98096448
  1.74826707  1.46834207  2.5308568   2.87664341  1.99073179  1.48741278
 -1.7698968  -2.39464985  1.15950562  0.58371703  1.59459033 -2.78803863
 -0.09597584  2.51906884 -1.17239767  1.15345104  1.24217606  0.60034341
 -0.95843449  1.09743165  0.78357166 -0.37237688  2.82026174 -2.14407479
  1.59563019 -0.67007265  0.97278062 -3.21158149 -2.23819212  0.34208002
 -1.07777713 -0.41792439  0.27252893  0.05790963 -1.75985329 -0.21463254
 -0.66647913  2.8862488  -1.14956245 -1.20730822 -1.13011209  1.2781219
  1.62710729 -0.81876678  2.12044034 -1.4812855  -0.25106824 -0.88542336
 -2.94755097  3.10392698 -1.77509719  3.0463098  -1.36480507 -2.36323498
  3.77724218 -1.20599621 -0.60441061 -3.07649599 -2.50516391  2.98261984
 -1.94606994 -1.6793809  -0.38906309  2.95076435  0.15697542  0.01584568
 -1.61716565 -0.15085044 -1.60056212 -3.08968253  2.91218057  1.16000456
 -0.3326309  -2.3215455   1.00758603 -1.15357068 -0.278436   -2.14001105
 -1.89446654  1.81278417 -0.98165597  2.56390224 -0.44607573 -3.08814052
 -2.83353765  2.03799731 -3.06896246 -0.26210359 -1.03219474 -0.18608102
  2.37276956  1.72453585 -0.27864766 -1.76032249 -3.04498648  0.11361679
 -0.83785224  1.4704395  -2.51769549  0.96520082 -0.02851624  0.21406115
  2.0049809   0.74487961  0.78261026 -1.22733048  1.5909973   2.54998687
  1.28706317  0.29560274 -0.99303719  2.57855616  0.8401727  -2.24762723
  0.00481961  1.71466653  1.06764658 -0.64631946 -2.31595555  2.41537585
  2.02247793  1.64164493  2.27075212  1.86980618 -2.13484776 -2.87623474
  0.53693642  1.38988972 -2.42484766 -1.3182496   2.45467933  1.25669933
  0.02812261 -1.75250999 -1.56631337  1.953163    1.47462605 -0.80407629
 -0.1365048  -0.46155764 -0.17629467  2.39818754 -0.54468501 -0.64780705
  1.07123838 -2.29300133  1.01126938  2.57131582 -0.50946232  2.11252637
 -1.96089531 -0.85866517 -2.41684689 -2.30885212 -1.39855758 -2.93016637
  1.57632005  1.84271789  1.65549768  1.01894478  1.42652203 -2.30267405
 -2.7025123   1.75416599  0.99788795 -0.43309013 -2.62964789  1.55630646
 -1.21642487 -2.48945655  0.06738033]
Thu Jun 13 23:17:54 2024,654,0.0876707181503608,[-2.8592818   2.09229546 -1.63347512  0.07000437  0.46318955 -3.24443782
  3.24474063  2.08722248  1.04049007 -1.00568458  0.56146793  1.3242588
  1.30673385 -1.87412874  0.77993223  2.87769857 -0.39118368 -0.42155993
 -1.918899    0.83795362  1.61746863  2.90184226 -1.39567231 -0.4191643
 -2.18348738 -2.10021177  3.12393168  2.80032108 -0.72226454 -2.6284894
  1.52955463 -0.19955708 -2.42371205  1.85652357  1.1306607  -0.6246816
  1.09028007 -2.01681633 -0.2207486   2.26418338 -0.31710132  0.49062889
  2.41246633  0.581047    2.64055311  2.90159511  2.80668669 -2.9317805
  0.28358993 -0.39322704  1.71990497  2.98676649 -0.37194053 -2.3581527
  2.72118787 -3.17438756  0.5483782  -0.69605322 -1.74133272  3.10270987
 -1.97923683 -1.68440924 -2.54610656  2.36241045 -2.14309682  1.97935116
  1.74665375  1.46672875  2.52924348  2.87503009  1.99234511  1.48579946
 -1.76828348 -2.39626317  1.16111894  0.58210371  1.59297701 -2.78642531
 -0.09758916  2.51745552 -1.17078435  1.15183772  1.24378938  0.60195673
 -0.95682117  1.09904497  0.78518498 -0.37076356  2.82187506 -2.14246147
  1.59401687 -0.66845933  0.9711673  -3.21319481 -2.23980544  0.34369334
 -1.07616381 -0.41953771  0.27414225  0.05952295 -1.76146661 -0.21301922
 -0.66486581  2.88786212 -1.14794913 -1.20892154 -1.13172541  1.27650858
  1.62872061 -0.81715346  2.11882703 -1.48289882 -0.25268156 -0.88381004
 -2.94593765  3.1055403  -1.77348387  3.04792312 -1.36319175 -2.36162166
  3.77562886 -1.20438289 -0.60279729 -3.0781093  -2.50355059  2.98100652
 -1.94445662 -1.67776758 -0.39067641  2.94915103  0.1553621   0.01423236
 -1.61555233 -0.15246376 -1.60217544 -3.09129585  2.91056725  1.15839124
 -0.33424422 -2.32315882  1.00597271 -1.15195736 -0.28004932 -2.13839773
 -1.89607986  1.81439749 -0.98326929  2.56228892 -0.44768905 -3.08975384
 -2.83192433  2.03961063 -3.06734914 -0.26049027 -1.03380806 -0.18769434
  2.37438288  1.72614917 -0.28026098 -1.75870917 -3.04337316  0.11523011
 -0.83623892  1.47205282 -2.51608217  0.96681414 -0.03012956  0.21567447
  2.00336758  0.74326629  0.78099694 -1.22571716  1.58938398  2.55160019
  1.28544985  0.29398942 -0.99142387  2.58016948  0.83855938 -2.24601391
  0.00643293  1.71627985  1.0692599  -0.64793278 -2.31434223  2.41376253
  2.02086461  1.64325825  2.2691388   1.8714195  -2.13323445 -2.87462142
  0.53532311  1.39150304 -2.42646098 -1.31986292  2.45306601  1.25508601
  0.02650929 -1.75412331 -1.56470005  1.95477632  1.47301273 -0.80246297
 -0.13489148 -0.46317096 -0.17468135  2.39657423 -0.54629833 -0.64942037
  1.0728517  -2.29461465  1.0128827   2.5697025  -0.507849    2.11091305
 -1.96250863 -0.86027849 -2.41523357 -2.3072388  -1.39694426 -2.93177969
  1.57793337  1.84433121  1.657111    1.0205581   1.42490871 -2.30428737
 -2.70412562  1.75255267  0.99627463 -0.43147681 -2.63126121  1.55791977
 -1.21481155 -2.49106987  0.06899365]
Thu Jun 13 23:18:11 2024,655,0.08767095565322185,[-2.8593758   2.09220147 -1.63338113  0.07009837  0.46309555 -3.24453182
  3.24464663  2.08731647  1.04039607 -1.00577858  0.56137393  1.32416481
  1.30663985 -1.87403474  0.77983823  2.87779257 -0.39108968 -0.42165393
 -1.918805    0.83804762  1.61756263  2.90174826 -1.39576631 -0.41907031
 -2.18339338 -2.10011777  3.12383769  2.80022708 -0.72235854 -2.62858339
  1.52964862 -0.19946309 -2.42361805  1.85661757  1.1305667  -0.6247756
  1.09037407 -2.01672233 -0.2206546   2.26408938 -0.31719532  0.49053489
  2.41237233  0.58095301  2.6406471   2.90168911  2.80659269 -2.9318745
  0.28368392 -0.39313304  1.71999896  2.98686049 -0.37184654 -2.35805871
  2.72128187 -3.17429356  0.5484722  -0.69595923 -1.74123872  3.10280387
 -1.97914283 -1.68431524 -2.54620056  2.36231646 -2.14319082  1.97944516
  1.74674775  1.46663475  2.52914949  2.87512408  1.99225111  1.48570546
 -1.76837748 -2.39616918  1.16121294  0.5821977   1.59288301 -2.78651931
 -0.09768316  2.51754951 -1.17087835  1.15193171  1.24369538  0.60205073
 -0.95672718  1.09913897  0.78527898 -0.37085756  2.82178106 -2.14236747
  1.59392287 -0.66855333  0.9710733  -3.21310081 -2.23989944  0.34359934
 -1.07606981 -0.41963171  0.27423625  0.05942895 -1.76156061 -0.21292523
 -0.66477181  2.88795612 -1.14804313 -1.20901553 -1.13181941  1.27641459
  1.62862661 -0.81724746  2.11892102 -1.48280482 -0.25277556 -0.88390404
 -2.94603165  3.1054463  -1.77338987  3.04782912 -1.36309775 -2.36171566
  3.77553486 -1.2042889  -0.60270329 -3.07801531 -2.50364458  2.98091252
 -1.94455062 -1.67767358 -0.39077041  2.94905703  0.15526811  0.01432636
 -1.61564633 -0.15236976 -1.60226943 -3.09138985  2.91047325  1.15848524
 -0.33433822 -2.32306482  1.00587872 -1.15205136 -0.27995533 -2.13849173
 -1.89598586  1.81449149 -0.98336328  2.56219492 -0.44778304 -3.08984783
 -2.83183033  2.03970463 -3.06744314 -0.26039628 -1.03390206 -0.18760034
  2.37447687  1.72624317 -0.28035498 -1.75861517 -3.04327917  0.1153241
 -0.83614492  1.47214682 -2.51617617  0.96672014 -0.03003556  0.21558047
  2.00327359  0.74317229  0.78090294 -1.22562316  1.58947797  2.55169418
  1.28535585  0.29389542 -0.99151787  2.58007548  0.83846539 -2.24610791
  0.00652692  1.71637384  1.0691659  -0.64783878 -2.31443622  2.41385653
  2.02077062  1.64316425  2.2692328   1.8715135  -2.13332844 -2.87452742
  0.5354171   1.39140904 -2.42655498 -1.31976892  2.45297201  1.25499202
  0.02660329 -1.75402932 -1.56479405  1.95487032  1.47310672 -0.80255697
 -0.13479748 -0.46307697 -0.17477534  2.39648023 -0.54620434 -0.64932637
  1.0729457  -2.29452065  1.0127887   2.5696085  -0.507943    2.11081905
 -1.96260263 -0.86037249 -2.41513957 -2.30733279 -1.39703826 -2.93187369
  1.57783937  1.84442521  1.657205    1.0204641   1.42481471 -2.30419337
 -2.70403162  1.75264667  0.99618063 -0.43157081 -2.63116721  1.55782578
 -1.21471755 -2.49097588  0.06908765]
Thu Jun 13 23:18:35 2024,656,0.08767085523693874,[-2.85915158  2.09242569 -1.6331569   0.06987415  0.46331977 -3.24475604
  3.24442241  2.0875407   1.04017185 -1.0060028   0.56114971  1.32438903
  1.30686408 -1.87425896  0.77961401  2.87801679 -0.39086546 -0.42187815
 -1.91902922  0.8378234   1.6173384   2.90197249 -1.39599053 -0.41929453
 -2.18316916 -2.10034199  3.12406191  2.8004513  -0.72213432 -2.62880762
  1.5294244  -0.19923886 -2.42384227  1.85639335  1.13079092 -0.62455137
  1.09014985 -2.01694655 -0.22087883  2.26386516 -0.31697109  0.49031067
  2.41259655  0.58072878  2.64087133  2.90146489  2.80636847 -2.93209872
  0.2834597  -0.39335726  1.72022319  2.98708471 -0.37162231 -2.35828293
  2.72105764 -3.17451778  0.54869642 -0.695735   -1.74146294  3.10302809
 -1.97936705 -1.68409102 -2.54597634  2.36209223 -2.1429666   1.97922094
  1.74652353  1.46685897  2.52892526  2.87534831  1.99247534  1.48592968
 -1.76815326 -2.39594495  1.16098871  0.58197348  1.59265879 -2.78674353
 -0.09745893  2.51777374 -1.17065413  1.15215594  1.24347116  0.6018265
 -0.95650295  1.09936319  0.78505476 -0.37108178  2.82200528 -2.14259169
  1.59369865 -0.6683291   0.97129752 -3.21332504 -2.24012366  0.34337512
 -1.07584559 -0.41985593  0.27401202  0.05965317 -1.76133639 -0.21314945
 -0.66499603  2.8877319  -1.14826735 -1.20923976 -1.13204363  1.27663881
  1.62885084 -0.81702324  2.11914525 -1.4825806  -0.25299978 -0.88412826
 -2.94580742  3.10522208 -1.77361409  3.0476049  -1.36287353 -2.36149144
  3.77575908 -1.20451312 -0.60292751 -3.07779108 -2.50342036  2.98113675
 -1.9443264  -1.6778978  -0.39054619  2.94883281  0.15549233  0.01410214
 -1.61587055 -0.15259398 -1.60204521 -3.09116563  2.91069747  1.15826102
 -0.334114   -2.3228406   1.00610294 -1.15227558 -0.2797311  -2.13826751
 -1.89621008  1.81471571 -0.98313906  2.5619707  -0.44800727 -3.08962361
 -2.83160611  2.03948041 -3.06721892 -0.2606205  -1.03412628 -0.18737612
  2.3747011   1.72601895 -0.2805792  -1.7588394  -3.04305494  0.11554833
 -0.83636915  1.4719226  -2.51640039  0.96694437 -0.02981134  0.21535625
  2.00349781  0.74339651  0.78112717 -1.22539894  1.5897022   2.55191841
  1.28558007  0.2936712  -0.99129365  2.57985126  0.83868961 -2.24588368
  0.0063027   1.71614962  1.06894168 -0.64761456 -2.314212    2.4136323
  2.02054639  1.64294003  2.26945703  1.87173772 -2.13310422 -2.8743032
  0.53519288  1.39163326 -2.42633076 -1.3195447   2.45274779  1.25521624
  0.02637906 -1.75425354 -1.56501827  1.9546461   1.4728825  -0.80278119
 -0.13502171 -0.46330119 -0.17455112  2.39670445 -0.54642856 -0.64910215
  1.07316992 -2.29429643  1.01256448  2.56983272 -0.50771878  2.11104327
 -1.96237841 -0.86014826 -2.41536379 -2.30755702 -1.39726248 -2.93209791
  1.57761515  1.84420099  1.65742922  1.02068833  1.42503893 -2.30441759
 -2.7038074   1.75242245  0.99640486 -0.43179503 -2.63094299  1.55805
 -1.21494177 -2.4912001   0.06886342]
Thu Jun 13 23:18:52 2024,657,0.08764931985038812,[-2.85934177  2.09223549 -1.6329667   0.06968395  0.46350997 -3.24494624
  3.24461261  2.08773089  1.04036205 -1.006193    0.56095951  1.32419883
  1.30667388 -1.87406877  0.77942381  2.87820699 -0.39105565 -0.42206835
 -1.91921942  0.8376332   1.6171482   2.90216268 -1.39618073 -0.41948473
 -2.18335936 -2.10053219  3.12387171  2.8006415  -0.72194412 -2.62861742
  1.5292342  -0.19904867 -2.42403247  1.85620315  1.13060073 -0.62474157
  1.08995965 -2.01713675 -0.22106902  2.26367496 -0.31716129  0.49012047
  2.41240635  0.58091898  2.64068113  2.90127469  2.80655867 -2.93190853
  0.2836499  -0.39316706  1.72041339  2.98689451 -0.37181251 -2.35847313
  2.72124784 -3.17470798  0.54888662 -0.6959252  -1.74127275  3.10283789
 -1.97917685 -1.68428122 -2.54616653  2.36190204 -2.14315679  1.97941114
  1.74633333  1.46704917  2.52911546  2.87553851  1.99266553  1.48611988
 -1.76796306 -2.39613515  1.16117891  0.58216368  1.59246859 -2.78655334
 -0.09726873  2.51796394 -1.17046393  1.15234613  1.24366136  0.60163631
 -0.95631275  1.09917299  0.78486456 -0.37089158  2.82181509 -2.14278189
  1.59388885 -0.6685193   0.97148772 -3.21351523 -2.23993346  0.34356532
 -1.07565539 -0.41966573  0.27420222  0.05984337 -1.76152658 -0.21295925
 -0.66518623  2.8875417  -1.14807715 -1.20942996 -1.13185344  1.27682901
  1.62904103 -0.81683304  2.11933544 -1.4823904  -0.25280958 -0.88431846
 -2.94561722  3.10541228 -1.7734239   3.0477951  -1.36306373 -2.36130124
  3.77556889 -1.20432292 -0.60311771 -3.07798128 -2.50323016  2.98094655
 -1.9445166  -1.678088   -0.39073639  2.94902301  0.15530213  0.01429234
 -1.61606075 -0.15240378 -1.60223541 -3.09135583  2.91088767  1.15845121
 -0.3339238  -2.3230308   1.00591274 -1.15208539 -0.27954091 -2.13807731
 -1.89640028  1.81452552 -0.98294886  2.5621609  -0.44819746 -3.08943341
 -2.83179631  2.0396706  -3.06702872 -0.2604303  -1.03431648 -0.18718592
  2.37489129  1.72620914 -0.2807694  -1.7586492  -3.04324514  0.11573853
 -0.83617895  1.4717324  -2.51659059  0.96675417 -0.02962114  0.21554645
  2.00368801  0.74358671  0.78131736 -1.22558914  1.589512    2.5521086
  1.28538987  0.293481   -0.99148384  2.58004146  0.83887981 -2.24607388
  0.0061125   1.71633982  1.06913188 -0.64742436 -2.3144022   2.4134421
  2.02073659  1.64313023  2.26964722  1.87154753 -2.13291402 -2.874113
  0.53500268  1.39182346 -2.42652096 -1.3193545   2.45293799  1.25502604
  0.02618887 -1.75444374 -1.56520847  1.9544559   1.4726923  -0.80297139
 -0.13521191 -0.46349139 -0.17474132  2.39651425 -0.54623836 -0.64891195
  1.07336012 -2.29410623  1.01237428  2.56964253 -0.50752858  2.11085307
 -1.96256861 -0.86033846 -2.4151736  -2.30736682 -1.39707228 -2.93190771
  1.57742495  1.84401079  1.65723903  1.02087853  1.42522913 -2.30460779
 -2.7039976   1.75223225  0.99659505 -0.43198523 -2.63075279  1.5582402
 -1.21513197 -2.4913903   0.06905362]
Thu Jun 13 23:19:15 2024,658,0.08758419301769768,[-2.86054547  2.09343918 -1.6341704   0.07088764  0.46471366 -3.24614993
  3.2458163   2.0865272   1.03915835 -1.00739669  0.55975582  1.32540252
  1.30787757 -1.87527246  0.7806275   2.87941068 -0.39225935 -0.42086466
 -1.92042311  0.83642951  1.61594451  2.90336638 -1.39738442 -0.41828103
 -2.18456305 -2.0993285   3.12266802  2.79943781 -0.72074043 -2.62982111
  1.53043789 -0.19784497 -2.42282878  1.85740684  1.12939704 -0.62594526
  1.08875596 -2.01593306 -0.22227272  2.26487865 -0.3159576   0.49132416
  2.41361004  0.58212267  2.63947744  2.90247838  2.80776236 -2.93311222
  0.28244621 -0.39437076  1.71920969  2.98569082 -0.37060882 -2.35726944
  2.72004415 -3.17350429  0.54768293 -0.69712889 -1.74006905  3.10404158
 -1.97797316 -1.68548491 -2.54496284  2.36069834 -2.1419531   1.97820745
  1.74512964  1.46825286  2.52791177  2.87433481  1.99146184  1.48491619
 -1.76675937 -2.39493146  1.1623826   0.58336737  1.5912649  -2.78775703
 -0.09847243  2.51916763 -1.17166762  1.15114244  1.24486505  0.60284
 -0.95751645  1.0979693   0.78606825 -0.37209527  2.82061139 -2.1415782
  1.59509254 -0.66972299  0.97028403 -3.21471892 -2.23872977  0.34476901
 -1.0744517  -0.42086942  0.27299853  0.05863968 -1.76032289 -0.21416294
 -0.66638992  2.88633801 -1.14928084 -1.20822626 -1.13305713  1.27562532
  1.62783734 -0.81562935  2.11813175 -1.48118671 -0.25160589 -0.88552215
 -2.94682092  3.10661597 -1.77462759  3.04659141 -1.36426742 -2.36250493
  3.77677258 -1.20552661 -0.60191402 -3.07677759 -2.50443385  2.97974286
 -1.9433129  -1.67929169 -0.3895327   2.9502267   0.15650582  0.01308865
 -1.61485706 -0.15120009 -1.60103172 -3.09255952  2.90968398  1.15724752
 -0.33272011 -2.32182711  1.00470905 -1.15328908 -0.27833721 -2.139281
 -1.89519659  1.81572921 -0.98174517  2.56336459 -0.44699377 -3.08822972
 -2.83059262  2.0408743  -3.06823241 -0.26163399 -1.03311279 -0.18838961
  2.3736876   1.72500545 -0.28197309 -1.75744551 -3.04204145  0.11453483
 -0.83497526  1.47293609 -2.5153869   0.96795786 -0.03082483  0.21434276
  2.00248432  0.74238302  0.78252105 -1.22438545  1.58830831  2.55090491
  1.28418618  0.29468469 -0.99028015  2.58124515  0.83767612 -2.24487019
  0.00490881  1.71754351  1.06792818 -0.64622067 -2.31319851  2.4146458
  2.02194028  1.64433392  2.26844353  1.87034383 -2.13411771 -2.87531669
  0.53379899  1.39061977 -2.42531726 -1.32055819  2.45414168  1.25622973
  0.02498517 -1.75564743 -1.56400478  1.95325221  1.47148861 -0.8017677
 -0.13400821 -0.46228769 -0.17353763  2.39771794 -0.54744205 -0.65011564
  1.07456381 -2.29530992  1.01357797  2.56843884 -0.50632489  2.10964938
 -1.9637723  -0.86154215 -2.41637729 -2.30857051 -1.39827597 -2.93070402
  1.57622126  1.84521448  1.65603533  1.01967483  1.42402544 -2.3034041
 -2.70279391  1.75102856  0.99779874 -0.43078154 -2.6295491   1.55703651
 -1.21633566 -2.4901866   0.07025731]
Thu Jun 13 23:19:32 2024,659,0.0875787091735867,[-2.86028326  2.09317697 -1.63443261  0.07062543  0.46497587 -3.24641214
  3.24555409  2.08678941  1.03889614 -1.00713448  0.56001803  1.32514031
  1.30761536 -1.87553467  0.78088971  2.87967289 -0.39252156 -0.42060245
 -1.92068532  0.83669172  1.6156823   2.90310416 -1.39764663 -0.41854324
 -2.18482526 -2.09959071  3.12293023  2.7991756  -0.72047822 -2.63008332
  1.53017568 -0.19810718 -2.42309099  1.85714463  1.12913483 -0.62620747
  1.08901817 -2.01567085 -0.22201051  2.26461644 -0.31569539  0.49158637
  2.41334783  0.58186046  2.63973965  2.90221617  2.80750015 -2.93337443
  0.282184   -0.39410854  1.71894748  2.98595303 -0.37034661 -2.35753165
  2.72030636 -3.1737665   0.54742072 -0.69686668 -1.74033126  3.10430379
 -1.97823537 -1.6852227  -2.54522505  2.36043613 -2.14169089  1.97846966
  1.74539185  1.46799065  2.52817398  2.87459702  1.99119963  1.48465398
 -1.76649716 -2.39519367  1.16212039  0.58362958  1.59152711 -2.78749482
 -0.09821022  2.51890542 -1.17192983  1.15140465  1.24512726  0.60257779
 -0.95777866  1.09823151  0.78633046 -0.37183306  2.8208736  -2.14184041
  1.59535475 -0.6699852   0.97054624 -3.21445671 -2.23899198  0.34503122
 -1.07471391 -0.42060721  0.27273632  0.05890189 -1.76006068 -0.21442515
 -0.66665213  2.8860758  -1.14954305 -1.20848847 -1.13279492  1.27588753
  1.62809955 -0.81589156  2.11786954 -1.48144892 -0.2518681  -0.88525994
 -2.94655871  3.10635376 -1.7748898   3.0463292  -1.36452963 -2.36276714
  3.77703479 -1.20578882 -0.60165181 -3.07651538 -2.50469606  2.98000507
 -1.94305069 -1.6795539  -0.38927049  2.94996449  0.15676803  0.01335086
 -1.61459485 -0.15093788 -1.60129393 -3.09229731  2.90942177  1.15698531
 -0.3324579  -2.3215649   1.00497126 -1.15302687 -0.278075   -2.13901879
 -1.8954588   1.81599142 -0.98200738  2.56310238 -0.44673156 -3.08796751
 -2.83085483  2.04061209 -3.06849462 -0.26137178 -1.03285058 -0.18865182
  2.37342539  1.72526766 -0.28171088 -1.7571833  -3.04177924  0.11479704
 -0.83523747  1.4731983  -2.51564911  0.96822007 -0.03108704  0.21460497
  2.00274653  0.74264523  0.78278326 -1.22412324  1.58857052  2.55116712
  1.28444839  0.29442248 -0.99001794  2.58098294  0.83793833 -2.2451324
  0.00517102  1.7172813   1.06766597 -0.64595846 -2.3129363   2.41490801
  2.02167807  1.64459613  2.26818132  1.87060604 -2.1338555  -2.8755789
  0.5340612   1.39035756 -2.42557947 -1.3208204   2.45387947  1.25596752
  0.02524738 -1.75590964 -1.56374257  1.95299     1.4712264  -0.80202991
 -0.133746   -0.46202548 -0.17379984  2.39745573 -0.54770426 -0.64985343
  1.0743016  -2.29557213  1.01384018  2.56817663 -0.5065871   2.10938717
 -1.96403451 -0.86180436 -2.4166395  -2.30883272 -1.39853818 -2.93044181
  1.57648347  1.84547669  1.65577312  1.01993704  1.42428765 -2.30366631
 -2.7025317   1.75076635  0.99753653 -0.43051933 -2.62928689  1.55729872
 -1.21607345 -2.48992439  0.0699951 ]
Thu Jun 13 23:19:49 2024,660,0.08740583213722798,[-2.86290151e+00  2.09579523e+00 -1.63181435e+00  6.80071737e-02
  4.67594126e-01 -3.24903039e+00  3.24293583e+00  2.08940767e+00
  1.04151440e+00 -1.00451623e+00  5.57399772e-01  1.32252206e+00
  1.30499710e+00 -1.87815292e+00  7.83507964e-01  2.88229115e+00
 -3.89903301e-01 -4.23220702e-01 -1.91806707e+00  8.39309972e-01
  1.61830056e+00  2.90572242e+00 -1.39502838e+00 -4.21161500e-01
 -2.18220700e+00 -2.10220897e+00  3.12554848e+00  2.79655734e+00
 -7.17859963e-01 -2.63270157e+00  1.53279394e+00 -2.00725438e-01
 -2.42570925e+00  1.85976288e+00  1.13175308e+00 -6.23589220e-01
  1.08639991e+00 -2.01828910e+00 -2.24628760e-01  2.26723470e+00
 -3.18313645e-01  4.88968120e-01  2.41072958e+00  5.79242208e-01
  2.63712139e+00  2.89959791e+00  2.80488190e+00 -2.93075617e+00
  2.79565744e-01 -3.91490290e-01  1.72156574e+00  2.98857129e+00
 -3.67728356e-01 -2.36014990e+00  2.71768811e+00 -3.17114825e+00
  5.44802462e-01 -6.99484936e-01 -1.73771301e+00  3.10168554e+00
 -1.98085363e+00 -1.68260444e+00 -2.54260680e+00  2.36305439e+00
 -2.14430915e+00  1.97585140e+00  1.74277360e+00  1.47060891e+00
  2.53079223e+00  2.87721528e+00  1.98858138e+00  1.48203572e+00
 -1.76911541e+00 -2.39257542e+00  1.16473865e+00  5.81011326e-01
  1.59414536e+00 -2.78487656e+00 -9.55919615e-02  2.51628716e+00
 -1.16931157e+00  1.15402291e+00  1.24250900e+00  6.05196041e-01
 -9.60396910e-01  1.10084976e+00  7.83712208e-01 -3.74451316e-01
  2.81825535e+00 -2.13922215e+00  1.59273649e+00 -6.72603458e-01
  9.73164492e-01 -3.21707497e+00 -2.23637373e+00  3.47649473e-01
 -1.07733216e+00 -4.23225468e-01  2.70118067e-01  5.62836369e-02
 -1.75744243e+00 -2.11806898e-01 -6.64033880e-01  2.88869405e+00
 -1.15216131e+00 -1.20587022e+00 -1.13017666e+00  1.27326927e+00
  1.63071781e+00 -8.18509810e-01  2.11525129e+00 -1.47883067e+00
 -2.54486355e-01 -8.82641689e-01 -2.94917696e+00  3.10373551e+00
 -1.77750805e+00  3.04371094e+00 -1.36191138e+00 -2.36014888e+00
  3.77965304e+00 -1.20317057e+00 -6.04270064e-01 -3.07389713e+00
 -2.50207781e+00  2.98262332e+00 -1.94566895e+00 -1.67693565e+00
 -3.91888741e-01  2.94734623e+00  1.54149778e-01  1.59691111e-02
 -1.61197660e+00 -1.53556137e-01 -1.59867567e+00 -3.08967905e+00
  2.91204003e+00  1.15960357e+00 -3.29839643e-01 -2.32418315e+00
  1.00758951e+00 -1.15564512e+00 -2.80693259e-01 -2.14163705e+00
 -1.89807706e+00  1.81337316e+00 -9.79389127e-01  2.56572063e+00
 -4.44113308e-01 -3.09058577e+00 -2.82823657e+00  2.03799383e+00
 -3.07111287e+00 -2.58753527e-01 -1.03023232e+00 -1.86033569e-01
  2.37604365e+00  1.72264941e+00 -2.84329137e-01 -1.75456504e+00
 -3.03916099e+00  1.17415299e-01 -8.32619213e-01  1.47581656e+00
 -2.51826736e+00  9.70838324e-01 -2.84687845e-02  2.11986715e-01
  2.00536478e+00  7.40026974e-01  7.85401519e-01 -1.22150498e+00
  1.58595226e+00  2.55378538e+00  1.28706665e+00  2.97040739e-01
 -9.92636198e-01  2.57836468e+00  8.40556581e-01 -2.24251415e+00
  2.55276733e-03  1.71989955e+00  1.06504772e+00 -6.48576716e-01
 -2.31555455e+00  2.41752626e+00  2.02429633e+00  1.64197788e+00
  2.26556307e+00  1.87322430e+00 -2.13647376e+00 -2.87296065e+00
  5.31442946e-01  1.38773931e+00 -2.42296122e+00 -1.31820215e+00
  2.45126122e+00  1.25858578e+00  2.78656394e-02 -1.75852789e+00
 -1.56636082e+00  1.95037174e+00  1.47384466e+00 -8.04648163e-01
 -1.31127749e-01 -4.59407230e-01 -1.71181583e-01  2.40007399e+00
 -5.50322516e-01 -6.47235179e-01  1.07691986e+00 -2.29819039e+00
  1.01645843e+00  2.56555837e+00 -5.09205351e-01  2.10676892e+00
 -1.96141625e+00 -8.59186107e-01 -2.41402124e+00 -2.31145097e+00
 -1.39591993e+00 -2.92782356e+00  1.57386522e+00  1.84809495e+00
  1.65315487e+00  1.02255530e+00  1.42690590e+00 -2.30628456e+00
 -2.70514995e+00  1.75338460e+00  1.00015479e+00 -4.27901073e-01
 -2.62666863e+00  1.55991697e+00 -1.21869171e+00 -2.48730614e+00
  6.73768493e-02]
Thu Jun 13 23:20:05 2024,661,0.08736483964177595,[-2.86100544  2.09389916 -1.62991828  0.06990324  0.46569806 -3.25092646
  3.2448319   2.0875116   1.03961833 -1.00262016  0.5555037   1.32062599
  1.30689317 -1.87625685  0.78540403  2.88418722 -0.38800723 -0.42511677
 -1.916171    0.8374139   1.61640449  2.90382635 -1.39692445 -0.42305757
 -2.18410307 -2.1003129   3.12744455  2.79845341 -0.71596389 -2.63080551
  1.53469001 -0.19882937 -2.42760531  1.86165895  1.12985701 -0.62548529
  1.08829598 -2.01639303 -0.22652483  2.26533863 -0.32020971  0.48707205
  2.40883351  0.57734614  2.63901746  2.90149398  2.80677796 -2.93265224
  0.27766968 -0.39338636  1.72346181  2.99046735 -0.36583229 -2.36204597
  2.71579204 -3.17304431  0.54290639 -0.701381   -1.73960908  3.09978947
 -1.98274969 -1.68450051 -2.54450287  2.36495046 -2.14241308  1.97395533
  1.74087753  1.47250497  2.5326883   2.87911135  1.98668531  1.48393179
 -1.77101148 -2.39067935  1.16663472  0.57911526  1.59604143 -2.78298049
 -0.09369589  2.51818323 -1.16741551  1.15212684  1.24061293  0.60709211
 -0.95850084  1.0989537   0.78560828 -0.37255525  2.81635928 -2.13732609
  1.59463256 -0.67070739  0.97506056 -3.21897104 -2.23826979  0.3457534
 -1.0754361  -0.4213294   0.268222    0.0581797  -1.75554636 -0.21370297
 -0.66592995  2.88679799 -1.15026524 -1.20776629 -1.12828059  1.2713732
  1.62882174 -0.81661374  2.11714736 -1.4769346  -0.25259029 -0.88453776
 -2.95107303  3.10183944 -1.77940412  3.04181487 -1.36001531 -2.35825282
  3.77775697 -1.20506663 -0.602374   -3.07200106 -2.50018174  2.98451939
 -1.94377288 -1.67883171 -0.39378481  2.94545017  0.15604585  0.01786518
 -1.61387266 -0.1554522  -1.5967796  -3.09157512  2.91014396  1.16149964
 -0.33173571 -2.32607922  1.00569345 -1.15754119 -0.27879719 -2.13974098
 -1.89618099  1.81526923 -0.9812852   2.5676167  -0.44221724 -3.09248183
 -2.83013264  2.03609776 -3.06921681 -0.2606496  -1.03212839 -0.18792964
  2.37793972  1.72454548 -0.2862252  -1.75266897 -3.04105705  0.11551923
 -0.83451528  1.47392049 -2.52016343  0.96894226 -0.02657272  0.21388278
  2.00346871  0.74192304  0.78729759 -1.21960892  1.58784833  2.55188931
  1.28896272  0.29514467 -0.99074013  2.57646861  0.83866051 -2.24061808
  0.00444884  1.72179562  1.06694379 -0.64668065 -2.31745062  2.41942233
  2.0261924   1.64008181  2.263667    1.87132823 -2.13457769 -2.87485672
  0.53333901  1.38584324 -2.42485729 -1.31630608  2.44936515  1.26048184
  0.02976171 -1.76042396 -1.56825689  1.94847567  1.47194859 -0.8027521
 -0.12923168 -0.4613033  -0.17307765  2.39817792 -0.55221858 -0.64913125
  1.07881593 -2.30008645  1.01456237  2.5636623  -0.50730928  2.10866499
 -1.96331232 -0.86108218 -2.41591731 -2.30955491 -1.39781599 -2.92592749
  1.57576128  1.84999101  1.65505094  1.02445137  1.42500984 -2.30818063
 -2.70704602  1.75148854  0.99825872 -0.42600501 -2.6285647   1.56181304
 -1.21679564 -2.48920221  0.06927292]
Thu Jun 13 23:20:25 2024,662,0.08733487145150784,[-2.86006625  2.09295996 -1.62897909  0.07084244  0.46663725 -3.25186566
  3.2457711   2.0865724   1.03867914 -1.00168096  0.5564429   1.31968679
  1.30595398 -1.87531766  0.78446484  2.88512641 -0.38706804 -0.42417757
 -1.91711019  0.8383531   1.61734369  2.90476555 -1.39786364 -0.42399676
 -2.18504227 -2.0993737   3.12838375  2.79751422 -0.7150247  -2.62986631
  1.5356292  -0.19976857 -2.42854451  1.86071976  1.13079621 -0.62642448
  1.08735679 -2.01733223 -0.22746402  2.26439943 -0.32114891  0.48801125
  2.40789432  0.57640694  2.63807826  2.90243318  2.80583877 -2.93171304
  0.27673048 -0.39244716  1.724401    2.99140655 -0.36677148 -2.36110677
  2.71673124 -3.17210512  0.54384559 -0.70044181 -1.73866988  3.10072866
 -1.9818105  -1.68543971 -2.54544206  2.36588965 -2.14147388  1.97301614
  1.74181672  1.47344417  2.53174911  2.87817215  1.98574611  1.48487099
 -1.77195067 -2.38974015  1.16569552  0.57817606  1.59510224 -2.7820413
 -0.09463509  2.51912243 -1.1683547   1.15118764  1.24155213  0.60803131
 -0.95756165  1.0980145   0.78466908 -0.37349444  2.81729848 -2.13638689
  1.59557176 -0.67164659  0.97412136 -3.21991023 -2.23920899  0.3466926
 -1.07637529 -0.4222686   0.2672828   0.0591189  -1.75460716 -0.21464216
 -0.66499075  2.88585879 -1.14932604 -1.20682709 -1.12921979  1.27043401
  1.62788254 -0.81755294  2.11620816 -1.47787379 -0.25165109 -0.88547695
 -2.95013383  3.10277863 -1.78034332  3.04275407 -1.3609545  -2.35919201
  3.77681778 -1.20600583 -0.60331319 -3.07294026 -2.49924255  2.98358019
 -1.94471208 -1.67789252 -0.39472401  2.94451097  0.15510665  0.01692598
 -1.61481186 -0.15451301 -1.5977188  -3.09063592  2.90920476  1.16243883
 -0.33079651 -2.32701842  1.00475425 -1.15660199 -0.27785799 -2.13880178
 -1.89524179  1.81433003 -0.980346    2.5685559  -0.44127804 -3.09154264
 -2.83107183  2.03515857 -3.070156   -0.26158879 -1.0311892  -0.18886883
  2.37700052  1.72548467 -0.2871644  -1.75172978 -3.04011786  0.11645843
 -0.83545448  1.47485969 -2.52110263  0.96800306 -0.02751191  0.21482198
  2.00252952  0.74286224  0.78823678 -1.21866972  1.58878753  2.55282851
  1.28990191  0.29420547 -0.98980093  2.57552942  0.83772132 -2.23967888
  0.00538803  1.72085643  1.06600459 -0.64761984 -2.31838982  2.41848313
  2.0252532   1.641021    2.2627278   1.87226743 -2.13551689 -2.87579591
  0.53427821  1.38678244 -2.42579648 -1.31724528  2.44842595  1.25954265
  0.0307009  -1.76136316 -1.56919609  1.94753648  1.47288779 -0.80369129
 -0.13017088 -0.46224249 -0.17213846  2.39723872 -0.55315778 -0.64819205
  1.07975512 -2.30102565  1.01550156  2.56272311 -0.50824848  2.10772579
 -1.96237312 -0.86014298 -2.41497811 -2.30861571 -1.39875519 -2.92498829
  1.57482209  1.85093021  1.65599013  1.02539056  1.42407064 -2.30724144
 -2.70610682  1.75054934  0.99731952 -0.42506581 -2.6295039   1.56087384
 -1.21585644 -2.4901414   0.06833372]
Thu Jun 13 23:20:44 2024,663,0.08733968322068635,[-2.85987504  2.09276876 -1.62878789  0.07103364  0.46644605 -3.25167446
  3.2455799   2.0863812   1.03887034 -1.00187217  0.5566341   1.31987799
  1.30614518 -1.87512646  0.78465604  2.88531761 -0.38725924 -0.42436878
 -1.9173014   0.8385443   1.61753489  2.90457435 -1.39767244 -0.42418797
 -2.18523347 -2.0991825   3.12819255  2.79770542 -0.7148335  -2.63005751
  1.535438   -0.19957737 -2.42835331  1.86052856  1.13098741 -0.62623328
  1.08754799 -2.01714103 -0.22765523  2.26420823 -0.32134011  0.48820245
  2.40770311  0.57659815  2.63826946  2.90262438  2.80602997 -2.93152184
  0.27653928 -0.39225596  1.7242098   2.99159775 -0.36658028 -2.36129797
  2.71654003 -3.17191392  0.54403679 -0.70025061 -1.73847868  3.10053746
 -1.9816193  -1.68563091 -2.54525086  2.36569845 -2.14166509  1.97282494
  1.74162552  1.47363537  2.53155791  2.87836335  1.98555491  1.48467979
 -1.77214188 -2.38954895  1.16588672  0.57836726  1.59491104 -2.7822325
 -0.09482629  2.51893122 -1.1681635   1.15099644  1.24136093  0.60822251
 -0.95775285  1.0982057   0.78447788 -0.37368565  2.81710728 -2.13619569
  1.59538056 -0.67183779  0.97431257 -3.21971903 -2.23901779  0.3468838
 -1.07618409 -0.4224598   0.267474    0.0589277  -1.75441596 -0.21483336
 -0.66518195  2.88604999 -1.14951724 -1.20701829 -1.12902859  1.27024281
  1.62807375 -0.81774414  2.11639936 -1.47768259 -0.25184229 -0.88566815
 -2.94994263  3.10258743 -1.78015212  3.04256287 -1.36114571 -2.35938321
  3.77700898 -1.20619703 -0.60350439 -3.07274905 -2.49905134  2.9837714
 -1.94490328 -1.67808372 -0.39491521  2.94431977  0.15491545  0.01711718
 -1.61500306 -0.15432181 -1.59791    -3.09082713  2.90901356  1.16224763
 -0.33060531 -2.32682722  1.00456305 -1.1567932  -0.2780492  -2.13899298
 -1.89505059  1.81413883 -0.9805372   2.5683647  -0.44146925 -3.09135144
 -2.83126304  2.03496737 -3.0699648  -0.26139759 -1.03099799 -0.18906003
  2.37719172  1.72529347 -0.2869732  -1.75192098 -3.04030906  0.11664963
 -0.83526328  1.47505089 -2.52091143  0.96819426 -0.02770311  0.21463078
  2.00233832  0.74305344  0.78842798 -1.21847852  1.58859633  2.55263731
  1.28971071  0.29439668 -0.98960973  2.57572062  0.83753012 -2.23948768
  0.00557923  1.72066522  1.06581339 -0.64742864 -2.31858102  2.41867433
  2.025062    1.6412122   2.262919    1.87207623 -2.13532568 -2.87560471
  0.53446941  1.38659123 -2.42560528 -1.31743648  2.44861715  1.25935145
  0.0305097  -1.76155436 -1.56938729  1.94734528  1.47307899 -0.80350009
 -0.12997968 -0.46205129 -0.17194725  2.39704752 -0.55296658 -0.64800085
  1.07994632 -2.30083445  1.01531036  2.56291431 -0.50805728  2.10753459
 -1.96256433 -0.86033418 -2.41478691 -2.30880691 -1.39894639 -2.9251795
  1.57501329  1.85073901  1.65579893  1.02519936  1.42426184 -2.30705024
 -2.70591562  1.75074054  0.99712832 -0.42487461 -2.6296951   1.56106504
 -1.21566524 -2.49033261  0.06814252]
Thu Jun 13 23:21:00 2024,664,0.08727267010023534,[-2.85891903  2.09181275 -1.62783187  0.07007762  0.46740207 -3.25071844
  3.24653591  2.08733722  1.03982635 -1.00091615  0.55759012  1.31892198
  1.30518916 -1.87608247  0.78561205  2.88627363 -0.38821525 -0.42532479
 -1.91634538  0.83758829  1.6184909   2.90553036 -1.39862846 -0.42323195
 -2.18618948 -2.09822649  3.12723653  2.7967494  -0.71578951 -2.63101353
  1.53639402 -0.19862135 -2.42930932  1.86148457  1.13003139 -0.6271893
  1.08659197 -2.01618501 -0.22669921  2.26516425 -0.3203841   0.48724644
  2.4067471   0.57564213  2.63922548  2.90358039  2.80507395 -2.93247786
  0.27558326 -0.39321198  1.72516582  2.99255377 -0.36562427 -2.36225399
  2.71558402 -3.1709579   0.54499281 -0.69929459 -1.73752267  3.10149348
 -1.98066328 -1.68467489 -2.54429485  2.36665447 -2.1426211   1.97186892
  1.74066951  1.47267936  2.53060189  2.87931937  1.98651093  1.4856358
 -1.77309789 -2.38859294  1.16493071  0.57932328  1.59395502 -2.78318851
 -0.09578231  2.51797521 -1.16911952  1.15195246  1.24040491  0.60726649
 -0.95679683  1.09916172  0.78352186 -0.37464166  2.81615126 -2.13523967
  1.59633657 -0.67088177  0.97335655 -3.21876302 -2.2399738   0.34783982
 -1.07714011 -0.42341581  0.26843002  0.05797169 -1.75345995 -0.21387735
 -0.66422594  2.88509398 -1.15047326 -1.20797431 -1.1299846   1.27119882
  1.62711773 -0.81678813  2.11735538 -1.47672658 -0.25279831 -0.88471214
 -2.94898662  3.10163142 -1.78110813  3.04351888 -1.36210172 -2.3584272
  3.77796499 -1.20715305 -0.60446041 -3.07370507 -2.50000736  2.98281538
 -1.94585929 -1.67712771 -0.39395919  2.94336375  0.15587146  0.0180732
 -1.61404705 -0.15527782 -1.59695399 -3.08987111  2.90805755  1.16320365
 -0.3296493  -2.32778323  1.00551906 -1.15774921 -0.27900521 -2.13803697
 -1.8960066   1.81318282 -0.98149322  2.56740868 -0.44051323 -3.09230745
 -2.83030702  2.03401135 -3.06900879 -0.2623536  -1.03195401 -0.18810402
  2.37623571  1.72433746 -0.28792921 -1.75287699 -3.04126507  0.11760564
 -0.83621929  1.47409487 -2.51995541  0.96915028 -0.0267471   0.21367476
  2.0013823   0.74400945  0.789384   -1.21943453  1.58764031  2.55359332
  1.2887547   0.29535269 -0.99056575  2.57667663  0.8365741  -2.24044369
  0.00462322  1.71970921  1.06676941 -0.64647263 -2.31953703  2.41771832
  2.02410598  1.64216822  2.26196299  1.87303224 -2.1362817  -2.8746487
  0.5335134   1.38563522 -2.42464927 -1.31648046  2.44957317  1.26030746
  0.03146572 -1.76059834 -1.56843127  1.94638926  1.474035   -0.8044561
 -0.13093569 -0.46109528 -0.17099124  2.39609151 -0.55392259 -0.64895686
  1.07899031 -2.29987843  1.01626638  2.56387032 -0.50710126  2.1084906
 -1.96352034 -0.8612902  -2.41574293 -2.30976293 -1.39799038 -2.92422348
  1.57405727  1.85169502  1.65484292  1.02615538  1.42330583 -2.30800625
 -2.70495961  1.75169655  0.99808434 -0.42391859 -2.62873909  1.56010903
 -1.21662126 -2.48937659  0.06718651]
Thu Jun 13 23:21:29 2024,665,0.08722740090743417,[-2.85965853  2.09107325 -1.62709238  0.06933813  0.46666257 -3.25145794
  3.24579642  2.08659772  1.03908686 -1.00165565  0.55685062  1.31818248
  1.30444967 -1.87534297  0.78635155  2.88553413 -0.38747576 -0.42458529
 -1.91560589  0.83684879  1.61775141  2.90479087 -1.39936795 -0.42249246
 -2.18692898 -2.09896598  3.12649704  2.7974889  -0.71505002 -2.63027403
  1.53565452 -0.19788186 -2.43004882  1.86074507  1.13077089 -0.6264498
  1.08733147 -2.01544552 -0.22743871  2.26590374 -0.3196446   0.48650694
  2.40748659  0.57638163  2.63996497  2.9028409   2.80433446 -2.93173836
  0.27632276 -0.39395147  1.72442632  2.99329326 -0.36488477 -2.36299348
  2.71484452 -3.1716974   0.54425331 -0.70003409 -1.73826216  3.10223297
 -1.97992379 -1.6839354  -2.54355535  2.36591497 -2.1418816   1.97260842
  1.741409    1.47193986  2.5298624   2.88005886  1.98725042  1.4863753
 -1.77383739 -2.38933243  1.1656702   0.57858378  1.59469452 -2.78392801
 -0.09504281  2.51871471 -1.16985901  1.15269195  1.24114441  0.606527
 -0.95753633  1.09990121  0.78426136 -0.37538116  2.81541177 -2.13597917
  1.59559708 -0.67162127  0.97409605 -3.21950251 -2.2407133   0.34857931
 -1.0778796  -0.42267632  0.26916951  0.05871118 -1.75419944 -0.21461684
 -0.66496543  2.88435448 -1.14973376 -1.20723481 -1.12924511  1.27193832
  1.62785723 -0.81604863  2.11661588 -1.47598708 -0.2535378  -0.88545163
 -2.94972611  3.10089192 -1.78036863  3.04425838 -1.36284122 -2.3576877
  3.77870449 -1.20641355 -0.6051999  -3.07296557 -2.49926786  2.98207589
 -1.94659879 -1.67638821 -0.39469869  2.94262426  0.15661096  0.0173337
 -1.61478654 -0.15601732 -1.59621449 -3.08913162  2.90879704  1.16246415
 -0.3289098  -2.32704373  1.00625856 -1.1584887  -0.27826572 -2.13729747
 -1.8967461   1.81392231 -0.98223271  2.56814818 -0.44125273 -3.09304695
 -2.83104652  2.03475085 -3.06974828 -0.26161411 -1.0326935  -0.18884351
  2.3769752   1.72507695 -0.28866871 -1.7521375  -3.04200457  0.11686615
 -0.8354798   1.47335538 -2.51921592  0.96841078 -0.0260076   0.21441426
  2.0021218   0.74474895  0.7886445  -1.22017403  1.58690082  2.55433281
  1.28949419  0.29461319 -0.99130524  2.57741613  0.8373136  -2.2397042
  0.00388372  1.72044871  1.0675089  -0.64573313 -2.31879754  2.41845781
  2.02484548  1.64142872  2.2612235   1.87377174 -2.1355422  -2.87538819
  0.5327739   1.38489572 -2.42538876 -1.31721996  2.44883367  1.25956797
  0.03072622 -1.76133784 -1.56917077  1.94564977  1.47329551 -0.8051956
 -0.13167519 -0.46183477 -0.17025174  2.39535201 -0.5531831  -0.64821737
  1.07825081 -2.29913894  1.01552688  2.56313083 -0.50636177  2.1092301
 -1.96278085 -0.86202969 -2.41648242 -2.31050242 -1.39725088 -2.92348399
  1.57479677  1.85095553  1.65558241  1.02689487  1.42404532 -2.30726675
 -2.70422011  1.75243605  0.99882383 -0.4231791  -2.62947858  1.56084853
 -1.21588176 -2.49011609  0.06644701]
Thu Jun 13 23:21:48 2024,666,0.08715765479339402,[-2.86045717e+00  2.09027460e+00 -1.62629373e+00  7.01367795e-02
  4.67461222e-01 -3.25065929e+00  3.24499777e+00  2.08739637e+00
  1.03828821e+00 -1.00085700e+00  5.56051971e-01  1.31738383e+00
  1.30524832e+00 -1.87454433e+00  7.85552897e-01  2.88473548e+00
 -3.86677108e-01 -4.23786644e-01 -1.91640454e+00  8.37647442e-01
  1.61695276e+00  2.90558952e+00 -1.39856930e+00 -4.23291105e-01
 -2.18772763e+00 -2.09976463e+00  3.12729569e+00  2.79669025e+00
 -7.14251367e-01 -2.63107268e+00  1.53645317e+00 -1.97083206e-01
 -2.43084747e+00  1.86154372e+00  1.12997224e+00 -6.25651152e-01
  1.08653282e+00 -2.01624417e+00 -2.26640056e-01  2.26510509e+00
 -3.18845951e-01  4.85708290e-01  2.40668794e+00  5.75582976e-01
  2.63916632e+00  2.90363955e+00  2.80513311e+00 -2.93253701e+00
  2.77121410e-01 -3.93152821e-01  1.72522497e+00  2.99249461e+00
 -3.64086124e-01 -2.36219483e+00  2.71404587e+00 -3.17249605e+00
  5.45051961e-01 -6.99235438e-01 -1.73906081e+00  3.10303162e+00
 -1.97912514e+00 -1.68313675e+00 -2.54275670e+00  2.36511632e+00
 -2.14268025e+00  1.97340707e+00  1.74220765e+00  1.47273851e+00
  2.52906375e+00  2.88085751e+00  1.98645177e+00  1.48557665e+00
 -1.77463604e+00 -2.39013108e+00  1.16646885e+00  5.79382432e-01
  1.59389587e+00 -2.78472666e+00 -9.42441603e-02  2.51791606e+00
 -1.16906036e+00  1.15349060e+00  1.24194306e+00  6.05728347e-01
 -9.56737678e-01  1.09910256e+00  7.83462709e-01 -3.76179805e-01
  2.81461312e+00 -2.13677782e+00  1.59639573e+00 -6.72419918e-01
  9.73297396e-01 -3.22030116e+00 -2.24151195e+00  3.47780662e-01
 -1.07708095e+00 -4.23474967e-01  2.68370864e-01  5.79125306e-02
 -1.75499809e+00 -2.15415494e-01 -6.65764084e-01  2.88355583e+00
 -1.15053241e+00 -1.20803346e+00 -1.13004376e+00  1.27273697e+00
  1.62865588e+00 -8.15249980e-01  2.11741453e+00 -1.47518843e+00
 -2.52739151e-01 -8.86250285e-01 -2.94892746e+00  3.10009327e+00
 -1.78116728e+00  3.04345973e+00 -1.36204257e+00 -2.35688905e+00
  3.77950314e+00 -1.20721220e+00 -6.05998553e-01 -3.07376422e+00
 -2.50006651e+00  2.98287454e+00 -1.94739744e+00 -1.67718686e+00
 -3.95497337e-01  2.94182561e+00  1.57409609e-01  1.65350537e-02
 -1.61558519e+00 -1.55218667e-01 -1.59701314e+00 -3.08833297e+00
  2.90799839e+00  1.16166550e+00 -3.28111154e-01 -2.32784238e+00
  1.00705721e+00 -1.15928735e+00 -2.79064365e-01 -2.13649882e+00
 -1.89754475e+00  1.81472096e+00 -9.83031360e-01  2.56734953e+00
 -4.40454076e-01 -3.09224830e+00 -2.83184517e+00  2.03554950e+00
 -3.06894963e+00 -2.62412759e-01 -1.03349215e+00 -1.88044865e-01
  2.37617655e+00  1.72587560e+00 -2.89467359e-01 -1.75133885e+00
 -3.04280322e+00  1.17664798e-01 -8.34681145e-01  1.47255673e+00
 -2.51841727e+00  9.67612131e-01 -2.68062543e-02  2.15212908e-01
  2.00292045e+00  7.45547599e-01  7.89443154e-01 -1.21937538e+00
  1.58610217e+00  2.55353416e+00  1.29029284e+00  2.93814545e-01
 -9.90506592e-01  2.57661748e+00  8.38112247e-01 -2.24050285e+00
  3.08507327e-03  1.71965006e+00  1.06671025e+00 -6.44934483e-01
 -2.31799889e+00  2.41925646e+00  2.02404683e+00  1.64063007e+00
  2.26202214e+00  1.87457039e+00 -2.13634085e+00 -2.87458954e+00
  5.31975252e-01  1.38569437e+00 -2.42618741e+00 -1.31642131e+00
  2.44803502e+00  1.25876932e+00  2.99275718e-02 -1.76053919e+00
 -1.56837212e+00  1.94644842e+00  1.47409416e+00 -8.05994250e-01
 -1.30876536e-01 -4.61036124e-01 -1.71050394e-01  2.39615066e+00
 -5.52384449e-01 -6.47418719e-01  1.07745216e+00 -2.29834029e+00
  1.01632553e+00  2.56233218e+00 -5.05563119e-01  2.10843145e+00
 -1.96198220e+00 -8.62828340e-01 -2.41568377e+00 -2.31130107e+00
 -1.39804953e+00 -2.92428264e+00  1.57559542e+00  1.85015688e+00
  1.65638106e+00  1.02769352e+00  1.42324667e+00 -2.30646810e+00
 -2.70501876e+00  1.75163740e+00  9.99622483e-01 -4.22380448e-01
 -2.63027723e+00  1.56004988e+00 -1.21508311e+00 -2.48931744e+00
  6.72456602e-02]
Thu Jun 13 23:22:05 2024,667,0.08711935516429783,[-2.85961097e+00  2.08942840e+00 -1.62544752e+00  6.92905749e-02
  4.68307427e-01 -3.24981308e+00  3.24415156e+00  2.08655017e+00
  1.03913441e+00 -1.00170320e+00  5.55205767e-01  1.31823004e+00
  1.30440211e+00 -1.87369812e+00  7.86399101e-01  2.88388928e+00
 -3.85830903e-01 -4.24632849e-01 -1.91555833e+00  8.36801238e-01
  1.61779896e+00  2.90474331e+00 -1.39941551e+00 -4.24137310e-01
 -2.18857383e+00 -2.10061084e+00  3.12644948e+00  2.79584404e+00
 -7.13405162e-01 -2.63022648e+00  1.53560697e+00 -1.97929410e-01
 -2.43000126e+00  1.86238993e+00  1.12912604e+00 -6.26497357e-01
  1.08568661e+00 -2.01539796e+00 -2.25793852e-01  2.26425889e+00
 -3.19692156e-01  4.84862086e-01  2.40584174e+00  5.76429180e-01
  2.63832012e+00  2.90279334e+00  2.80428690e+00 -2.93169081e+00
  2.76275205e-01 -3.93999025e-01  1.72607118e+00  2.99164841e+00
 -3.63239919e-01 -2.36304104e+00  2.71489208e+00 -3.17334225e+00
  5.45898165e-01 -7.00081642e-01 -1.73990702e+00  3.10387783e+00
 -1.97827893e+00 -1.68398295e+00 -2.54360291e+00  2.36596253e+00
 -2.14352646e+00  1.97425327e+00  1.74136145e+00  1.47189231e+00
  2.52821754e+00  2.88170372e+00  1.98560557e+00  1.48642285e+00
 -1.77378983e+00 -2.38928488e+00  1.16731506e+00  5.78536227e-01
  1.59304966e+00 -2.78388045e+00 -9.33979558e-02  2.51706985e+00
 -1.16821416e+00  1.15433681e+00  1.24109685e+00  6.04882143e-01
 -9.55891473e-01  1.09994877e+00  7.84308914e-01 -3.77026010e-01
  2.81545932e+00 -2.13762402e+00  1.59554952e+00 -6.71573713e-01
  9.72451192e-01 -3.22114737e+00 -2.24235815e+00  3.46934457e-01
 -1.07623475e+00 -4.24321171e-01  2.69217069e-01  5.87587352e-02
 -1.75415189e+00 -2.16261698e-01 -6.64917879e-01  2.88440204e+00
 -1.15137862e+00 -1.20718726e+00 -1.12919755e+00  1.27189076e+00
  1.62780967e+00 -8.16096185e-01  2.11656833e+00 -1.47603464e+00
 -2.51892947e-01 -8.87096489e-01 -2.94977367e+00  3.09924707e+00
 -1.78201349e+00  3.04261352e+00 -1.36288877e+00 -2.35773526e+00
  3.77865693e+00 -1.20636600e+00 -6.05152348e-01 -3.07461043e+00
 -2.49922031e+00  2.98372074e+00 -1.94655123e+00 -1.67634066e+00
 -3.96343542e-01  2.94267181e+00  1.56563404e-01  1.56888491e-02
 -1.61473899e+00 -1.56064872e-01 -1.59785935e+00 -3.08917917e+00
  2.90715219e+00  1.16251170e+00 -3.27264950e-01 -2.32868859e+00
  1.00621100e+00 -1.15844115e+00 -2.79910570e-01 -2.13734503e+00
 -1.89669854e+00  1.81387476e+00 -9.82185156e-01  2.56819573e+00
 -4.39607872e-01 -3.09140209e+00 -2.83269137e+00  2.03470329e+00
 -3.06810343e+00 -2.61566555e-01 -1.03433836e+00 -1.88891069e-01
  2.37533035e+00  1.72502940e+00 -2.90313564e-01 -1.75049264e+00
 -3.04364942e+00  1.18511002e-01 -8.35527350e-01  1.47340293e+00
 -2.51926347e+00  9.66765926e-01 -2.59600497e-02  2.14366704e-01
  2.00207424e+00  7.46393804e-01  7.88596950e-01 -1.22022158e+00
  1.58694837e+00  2.55268796e+00  1.28944664e+00  2.94660750e-01
 -9.91352796e-01  2.57746368e+00  8.37266042e-01 -2.24134905e+00
  2.23886872e-03  1.71880385e+00  1.06586405e+00 -6.45780688e-01
 -2.31884509e+00  2.42010267e+00  2.02489303e+00  1.64147628e+00
  2.26117594e+00  1.87541659e+00 -2.13549465e+00 -2.87374334e+00
  5.31129047e-01  1.38484817e+00 -2.42534121e+00 -1.31726751e+00
  2.44888123e+00  1.25961552e+00  3.07737763e-02 -1.76138539e+00
 -1.56752592e+00  1.94560221e+00  1.47494036e+00 -8.05148045e-01
 -1.30030331e-01 -4.60189919e-01 -1.70204190e-01  2.39699687e+00
 -5.53230653e-01 -6.46572514e-01  1.07829837e+00 -2.29749409e+00
  1.01717174e+00  2.56317838e+00 -5.04716914e-01  2.10927765e+00
 -1.96113599e+00 -8.63674545e-01 -2.41652998e+00 -2.31214728e+00
 -1.39720333e+00 -2.92512884e+00  1.57644162e+00  1.84931067e+00
  1.65722727e+00  1.02684732e+00  1.42409288e+00 -2.30731431e+00
 -2.70586497e+00  1.75079120e+00  1.00046869e+00 -4.21534243e-01
 -2.63112344e+00  1.56089608e+00 -1.21423691e+00 -2.49016364e+00
  6.63994556e-02]
Thu Jun 13 23:22:22 2024,668,0.08706893326912164,[-2.86044546e+00  2.09026289e+00 -1.62461303e+00  7.01250684e-02
  4.67472933e-01 -3.25064758e+00  3.24331707e+00  2.08571567e+00
  1.03829992e+00 -1.00253769e+00  5.56040260e-01  1.31739555e+00
  1.30523661e+00 -1.87453261e+00  7.85564608e-01  2.88472377e+00
 -3.84996410e-01 -4.25467342e-01 -1.91472384e+00  8.37635731e-01
  1.61696447e+00  2.90557780e+00 -1.39858101e+00 -4.24971803e-01
 -2.18940833e+00 -2.10144533e+00  3.12561499e+00  2.79500955e+00
 -7.12570669e-01 -2.62939198e+00  1.53477247e+00 -1.98763904e-01
 -2.43083576e+00  1.86155544e+00  1.12829154e+00 -6.25662863e-01
  1.08485212e+00 -2.01623246e+00 -2.26628345e-01  2.26342439e+00
 -3.20526649e-01  4.84027592e-01  2.40667623e+00  5.75594687e-01
  2.63748563e+00  2.90362784e+00  2.80345241e+00 -2.93085631e+00
  2.77109698e-01 -3.93164532e-01  1.72523668e+00  2.99248290e+00
 -3.62405426e-01 -2.36220655e+00  2.71405759e+00 -3.17250776e+00
  5.46732659e-01 -7.00916136e-01 -1.74074151e+00  3.10304333e+00
 -1.97744444e+00 -1.68314846e+00 -2.54276841e+00  2.36512803e+00
 -2.14436095e+00  1.97508776e+00  1.74219594e+00  1.47105781e+00
  2.52905203e+00  2.88253821e+00  1.98644006e+00  1.48725734e+00
 -1.77462432e+00 -2.38845038e+00  1.16648056e+00  5.79370721e-01
  1.59221517e+00 -2.78304596e+00 -9.25634623e-02  2.51790434e+00
 -1.16737966e+00  1.15517130e+00  1.24193135e+00  6.05716636e-01
 -9.55056980e-01  1.09911427e+00  7.83474420e-01 -3.77860503e-01
  2.81629382e+00 -2.13678953e+00  1.59471503e+00 -6.70739220e-01
  9.73285685e-01 -3.22031287e+00 -2.24152366e+00  3.47768951e-01
 -1.07540025e+00 -4.25155665e-01  2.70051562e-01  5.79242417e-02
 -1.75331740e+00 -2.17096192e-01 -6.65752373e-01  2.88523653e+00
 -1.15221311e+00 -1.20635276e+00 -1.13003205e+00  1.27272526e+00
  1.62864416e+00 -8.15261691e-01  2.11740282e+00 -1.47520014e+00
 -2.52727440e-01 -8.86261996e-01 -2.94893917e+00  3.09841258e+00
 -1.78117900e+00  3.04344802e+00 -1.36372326e+00 -2.35856975e+00
  3.77949143e+00 -1.20553150e+00 -6.04317855e-01 -3.07544492e+00
 -2.50005480e+00  2.98288625e+00 -1.94571674e+00 -1.67550616e+00
 -3.95509048e-01  2.94183732e+00  1.55728911e-01  1.65233426e-02
 -1.61557348e+00 -1.56899365e-01 -1.59869384e+00 -3.08834468e+00
  2.90631769e+00  1.16334620e+00 -3.28099443e-01 -2.32785410e+00
  1.00704550e+00 -1.15927564e+00 -2.80745063e-01 -2.13651053e+00
 -1.89586405e+00  1.81470925e+00 -9.81350662e-01  2.56736124e+00
 -4.38773378e-01 -3.09223658e+00 -2.83352586e+00  2.03386880e+00
 -3.06726893e+00 -2.60732061e-01 -1.03517285e+00 -1.89725563e-01
  2.37616484e+00  1.72419490e+00 -2.91148057e-01 -1.74965815e+00
 -3.04281493e+00  1.17676509e-01 -8.34692857e-01  1.47423743e+00
 -2.52009797e+00  9.65931433e-01 -2.67945432e-02  2.15201197e-01
  2.00290874e+00  7.47228297e-01  7.89431443e-01 -1.21938709e+00
  1.58778286e+00  2.55352245e+00  1.28861214e+00  2.95495243e-01
 -9.90518303e-01  2.57829818e+00  8.38100535e-01 -2.24218355e+00
  1.40437527e-03  1.71963834e+00  1.06669854e+00 -6.46615181e-01
 -2.31967958e+00  2.41926818e+00  2.02572753e+00  1.64231077e+00
  2.26201043e+00  1.87458210e+00 -2.13632914e+00 -2.87290884e+00
  5.31963541e-01  1.38401368e+00 -2.42450671e+00 -1.31643302e+00
  2.44804673e+00  1.26045001e+00  3.16082698e-02 -1.76055090e+00
 -1.56836041e+00  1.94476772e+00  1.47410587e+00 -8.05982539e-01
 -1.29195838e-01 -4.61024413e-01 -1.71038683e-01  2.39783136e+00
 -5.52396160e-01 -6.47407008e-01  1.07746388e+00 -2.29832858e+00
  1.01800623e+00  2.56234389e+00 -5.03882421e-01  2.11011215e+00
 -1.96030150e+00 -8.64509038e-01 -2.41736447e+00 -2.31131278e+00
 -1.39636883e+00 -2.92596333e+00  1.57560713e+00  1.84847618e+00
  1.65639277e+00  1.02601282e+00  1.42492737e+00 -2.30814880e+00
 -2.70669946e+00  1.75162569e+00  1.00130318e+00 -4.22368737e-01
 -2.63028894e+00  1.56006159e+00 -1.21507140e+00 -2.49099813e+00
  6.72339491e-02]
Thu Jun 13 23:22:38 2024,669,0.08706178384855126,[-2.86067149e+00  2.09048891e+00 -1.62483905e+00  7.03510915e-02
  4.67698956e-01 -3.25042155e+00  3.24354309e+00  2.08594170e+00
  1.03852594e+00 -1.00276372e+00  5.55814237e-01  1.31716952e+00
  1.30501058e+00 -1.87475864e+00  7.85338585e-01  2.88449775e+00
 -3.84770387e-01 -4.25693366e-01 -1.91494986e+00  8.37861754e-01
  1.61719049e+00  2.90535178e+00 -1.39880704e+00 -4.25197826e-01
 -2.18963435e+00 -2.10121931e+00  3.12538897e+00  2.79523557e+00
 -7.12344645e-01 -2.62916596e+00  1.53454645e+00 -1.98989927e-01
 -2.43060973e+00  1.86132941e+00  1.12806552e+00 -6.25436840e-01
  1.08507814e+00 -2.01600643e+00 -2.26402322e-01  2.26319837e+00
 -3.20752672e-01  4.83801569e-01  2.40690226e+00  5.75820710e-01
  2.63771165e+00  2.90340181e+00  2.80367843e+00 -2.93063029e+00
  2.77335722e-01 -3.92938509e-01  1.72501066e+00  2.99270892e+00
 -3.62631449e-01 -2.36198052e+00  2.71383156e+00 -3.17273378e+00
  5.46506636e-01 -7.01142159e-01 -1.74096753e+00  3.10281731e+00
 -1.97767046e+00 -1.68337448e+00 -2.54254239e+00  2.36490201e+00
 -2.14458698e+00  1.97486174e+00  1.74196992e+00  1.47083179e+00
  2.52927806e+00  2.88276423e+00  1.98621404e+00  1.48748337e+00
 -1.77439830e+00 -2.38867641e+00  1.16670658e+00  5.79596744e-01
  1.59244119e+00 -2.78327198e+00 -9.27894855e-02  2.51767832e+00
 -1.16715364e+00  1.15539732e+00  1.24170533e+00  6.05942659e-01
 -9.55283003e-01  1.09934029e+00  7.83248397e-01 -3.77634480e-01
  2.81651984e+00 -2.13656351e+00  1.59448901e+00 -6.70965243e-01
  9.73511708e-01 -3.22008685e+00 -2.24174968e+00  3.47542927e-01
 -1.07517423e+00 -4.25381688e-01  2.70277585e-01  5.76982186e-02
 -1.75354342e+00 -2.16870169e-01 -6.65978396e-01  2.88501051e+00
 -1.15243913e+00 -1.20657879e+00 -1.13025807e+00  1.27249923e+00
  1.62887019e+00 -8.15487715e-01  2.11762884e+00 -1.47542617e+00
 -2.52501417e-01 -8.86488019e-01 -2.94871315e+00  3.09818655e+00
 -1.78095297e+00  3.04367404e+00 -1.36349724e+00 -2.35879578e+00
  3.77971745e+00 -1.20530548e+00 -6.04091832e-01 -3.07567094e+00
 -2.49982878e+00  2.98266022e+00 -1.94549072e+00 -1.67573219e+00
 -3.95735071e-01  2.94161130e+00  1.55954934e-01  1.67493657e-02
 -1.61579950e+00 -1.57125388e-01 -1.59891986e+00 -3.08811865e+00
  2.90609167e+00  1.16312018e+00 -3.28325466e-01 -2.32808012e+00
  1.00681947e+00 -1.15950167e+00 -2.80971086e-01 -2.13673656e+00
 -1.89563803e+00  1.81448323e+00 -9.81576685e-01  2.56758726e+00
 -4.38999401e-01 -3.09246261e+00 -2.83329984e+00  2.03409482e+00
 -3.06704291e+00 -2.60958085e-01 -1.03539888e+00 -1.89499540e-01
  2.37593882e+00  1.72442093e+00 -2.91374080e-01 -1.74943213e+00
 -3.04258891e+00  1.17450486e-01 -8.34918880e-01  1.47401140e+00
 -2.52032399e+00  9.66157456e-01 -2.65685200e-02  2.14975174e-01
  2.00313476e+00  7.47002274e-01  7.89657466e-01 -1.21916107e+00
  1.58755684e+00  2.55329643e+00  1.28838612e+00  2.95721266e-01
 -9.90744326e-01  2.57807215e+00  8.38326559e-01 -2.24195752e+00
  1.17835213e-03  1.71941232e+00  1.06647252e+00 -6.46841205e-01
 -2.31945356e+00  2.41904215e+00  2.02550150e+00  1.64208475e+00
  2.26178441e+00  1.87435607e+00 -2.13655517e+00 -2.87313487e+00
  5.32189564e-01  1.38378765e+00 -2.42473274e+00 -1.31620700e+00
  2.44782071e+00  1.26022399e+00  3.13822466e-02 -1.76077692e+00
 -1.56858643e+00  1.94454170e+00  1.47433189e+00 -8.06208562e-01
 -1.28969815e-01 -4.61250436e-01 -1.70812660e-01  2.39760534e+00
 -5.52170137e-01 -6.47633031e-01  1.07723785e+00 -2.29855460e+00
  1.01778021e+00  2.56256991e+00 -5.03656398e-01  2.11033817e+00
 -1.96007547e+00 -8.64735061e-01 -2.41713845e+00 -2.31108676e+00
 -1.39614281e+00 -2.92618936e+00  1.57583315e+00  1.84825016e+00
  1.65661880e+00  1.02578680e+00  1.42515339e+00 -2.30792278e+00
 -2.70692548e+00  1.75139967e+00  1.00107716e+00 -4.22594760e-01
 -2.63051497e+00  1.56028761e+00 -1.21484538e+00 -2.49077211e+00
  6.70079259e-02]
Thu Jun 13 23:23:03 2024,670,0.08684141947145613,[-2.86233395e+00  2.08882645e+00 -1.62317659e+00  6.86886296e-02
  4.66036495e-01 -3.25208401e+00  3.24188063e+00  2.08427924e+00
  1.04018840e+00 -1.00110126e+00  5.57476699e-01  1.31550706e+00
  1.30667305e+00 -1.87309618e+00  7.83676123e-01  2.88616021e+00
 -3.83107925e-01 -4.24030904e-01 -1.91328740e+00  8.36199292e-01
  1.61552803e+00  2.90368932e+00 -1.40046950e+00 -4.26860288e-01
 -2.19129681e+00 -2.10288177e+00  3.12372650e+00  2.79357311e+00
 -7.10682183e-01 -2.62750350e+00  1.53620891e+00 -1.97327465e-01
 -2.43227220e+00  1.85966695e+00  1.12640306e+00 -6.23774378e-01
  1.08341568e+00 -2.01766890e+00 -2.28064784e-01  2.26153591e+00
 -3.22415134e-01  4.82139107e-01  2.40523979e+00  5.77483172e-01
  2.63937411e+00  2.90173935e+00  2.80534090e+00 -2.92896783e+00
  2.78998184e-01 -3.94600971e-01  1.72334820e+00  2.99437138e+00
 -3.64293911e-01 -2.36364298e+00  2.71549402e+00 -3.17107132e+00
  5.48169097e-01 -7.02804621e-01 -1.73930507e+00  3.10115485e+00
 -1.97933292e+00 -1.68171202e+00 -2.54420485e+00  2.36323955e+00
 -2.14624944e+00  1.97319928e+00  1.74030746e+00  1.46916933e+00
  2.53094052e+00  2.88110177e+00  1.98787650e+00  1.48582091e+00
 -1.77273584e+00 -2.39033887e+00  1.16504412e+00  5.81259206e-01
  1.59077873e+00 -2.78160952e+00 -9.44519474e-02  2.51601586e+00
 -1.16881610e+00  1.15373486e+00  1.24336779e+00  6.07605121e-01
 -9.53620541e-01  1.10100276e+00  7.81585935e-01 -3.79296942e-01
  2.81485738e+00 -2.13490105e+00  1.59282654e+00 -6.72627705e-01
  9.71849246e-01 -3.22174931e+00 -2.24341214e+00  3.45880465e-01
 -1.07683669e+00 -4.23719226e-01  2.71940047e-01  5.93606805e-02
 -1.75520588e+00 -2.15207707e-01 -6.64315934e-01  2.88334804e+00
 -1.15410160e+00 -1.20824125e+00 -1.12859561e+00  1.27416169e+00
  1.62720773e+00 -8.17150176e-01  2.11929130e+00 -1.47376371e+00
 -2.50838955e-01 -8.84825557e-01 -2.95037561e+00  3.09652409e+00
 -1.78261543e+00  3.04533650e+00 -1.36515970e+00 -2.35713331e+00
  3.78137991e+00 -1.20696794e+00 -6.05754293e-01 -3.07733341e+00
 -2.49816632e+00  2.98432269e+00 -1.94715318e+00 -1.67406972e+00
 -3.94072609e-01  2.94327376e+00  1.54292472e-01  1.50869038e-02
 -1.61746197e+00 -1.55462926e-01 -1.59725740e+00 -3.08978112e+00
  2.90775413e+00  1.16145771e+00 -3.26663004e-01 -2.32974258e+00
  1.00515701e+00 -1.16116413e+00 -2.82633548e-01 -2.13839902e+00
 -1.89730049e+00  1.81282077e+00 -9.83239147e-01  2.56924972e+00
 -4.37336939e-01 -3.09412507e+00 -2.83163738e+00  2.03243236e+00
 -3.06870537e+00 -2.59295623e-01 -1.03373641e+00 -1.87837078e-01
  2.37760128e+00  1.72608339e+00 -2.93036542e-01 -1.74776967e+00
 -3.04092644e+00  1.15788024e-01 -8.33256418e-01  1.47567386e+00
 -2.51866153e+00  9.67819918e-01 -2.49060581e-02  2.16637636e-01
  2.00147230e+00  7.48664736e-01  7.87995004e-01 -1.21749860e+00
  1.58589438e+00  2.55495889e+00  1.28672366e+00  2.94058804e-01
 -9.92406788e-01  2.57973462e+00  8.36664097e-01 -2.24361999e+00
 -4.84109813e-04  1.71774986e+00  1.06813498e+00 -6.48503667e-01
 -2.31779110e+00  2.41737969e+00  2.02383904e+00  1.64374721e+00
  2.26012195e+00  1.87269361e+00 -2.13489270e+00 -2.87479733e+00
  5.33852026e-01  1.38212519e+00 -2.42307028e+00 -1.31786946e+00
  2.44615825e+00  1.26188645e+00  3.30447086e-02 -1.75911446e+00
 -1.57024889e+00  1.94287923e+00  1.47266943e+00 -8.07871024e-01
 -1.27307353e-01 -4.62912898e-01 -1.72475122e-01  2.39926780e+00
 -5.50507675e-01 -6.49295493e-01  1.07890031e+00 -2.29689214e+00
  1.01944267e+00  2.56090745e+00 -5.05318859e-01  2.10867571e+00
 -1.96173794e+00 -8.66397523e-01 -2.41880091e+00 -2.30942430e+00
 -1.39448035e+00 -2.92785182e+00  1.57417069e+00  1.84991262e+00
  1.65495634e+00  1.02412434e+00  1.42349093e+00 -2.30626032e+00
 -2.70858794e+00  1.75306213e+00  9.99414696e-01 -4.20932298e-01
 -2.63217743e+00  1.56195007e+00 -1.21318292e+00 -2.48910965e+00
  6.53454640e-02]
Thu Jun 13 23:23:20 2024,671,0.08660738862423625,[-2.85986852e+00  2.08636102e+00 -1.62071116e+00  7.11540580e-02
  4.68501923e-01 -3.24961859e+00  3.24434606e+00  2.08674466e+00
  1.03772297e+00 -1.00356668e+00  5.55011271e-01  1.31304163e+00
  1.30913847e+00 -1.87556160e+00  7.86141551e-01  2.88369478e+00
 -3.80642496e-01 -4.21565475e-01 -1.91575283e+00  8.38664721e-01
  1.61306260e+00  2.90615475e+00 -1.39800407e+00 -4.29325717e-01
 -2.18883138e+00 -2.10041634e+00  3.12619193e+00  2.79603854e+00
 -7.08216755e-01 -2.62503807e+00  1.53867434e+00 -1.99792893e-01
 -2.42980677e+00  1.85720152e+00  1.12886849e+00 -6.21308950e-01
  1.08588111e+00 -2.02013433e+00 -2.25599356e-01  2.26400134e+00
 -3.19949706e-01  4.79673679e-01  2.40770522e+00  5.75017744e-01
  2.63690868e+00  2.89927392e+00  2.80780632e+00 -2.92650240e+00
  2.76532755e-01 -3.92135542e-01  1.72581363e+00  2.99683681e+00
 -3.61828482e-01 -2.36117756e+00  2.71795945e+00 -3.17353675e+00
  5.50634526e-01 -7.00339192e-01 -1.73683964e+00  3.10362028e+00
 -1.98179835e+00 -1.67924659e+00 -2.54667028e+00  2.36570498e+00
 -2.14871487e+00  1.97073385e+00  1.74277288e+00  1.46670390e+00
  2.53340595e+00  2.87863634e+00  1.99034193e+00  1.48828633e+00
 -1.77027041e+00 -2.39280430e+00  1.16750955e+00  5.78793778e-01
  1.59324416e+00 -2.77914409e+00 -9.19865190e-02  2.51355043e+00
 -1.16635067e+00  1.15126943e+00  1.24583322e+00  6.10070550e-01
 -9.51155112e-01  1.10346819e+00  7.84051363e-01 -3.81762371e-01
  2.81239195e+00 -2.13243562e+00  1.59036112e+00 -6.70162277e-01
  9.74314675e-01 -3.21928388e+00 -2.24587757e+00  3.43415037e-01
 -1.07930212e+00 -4.21253798e-01  2.74405476e-01  5.68952521e-02
 -1.75274045e+00 -2.12742278e-01 -6.66781362e-01  2.88088262e+00
 -1.15163617e+00 -1.21070668e+00 -1.13106104e+00  1.27662712e+00
  1.62474230e+00 -8.19615605e-01  2.12175673e+00 -1.47129828e+00
 -2.53304384e-01 -8.82360129e-01 -2.94791018e+00  3.09898952e+00
 -1.78508086e+00  3.04780193e+00 -1.36269427e+00 -2.35959874e+00
  3.78384534e+00 -1.20450251e+00 -6.03288865e-01 -3.07979883e+00
 -2.49570089e+00  2.98185726e+00 -1.94468775e+00 -1.67160430e+00
 -3.91607181e-01  2.94573919e+00  1.56757900e-01  1.75523322e-02
 -1.61992739e+00 -1.52997498e-01 -1.59972283e+00 -3.08731569e+00
  2.91021956e+00  1.15899228e+00 -3.29128433e-01 -2.33220801e+00
  1.00269158e+00 -1.16362956e+00 -2.85098977e-01 -2.14086445e+00
 -1.89976592e+00  1.81528620e+00 -9.85704576e-01  2.57171515e+00
 -4.34871511e-01 -3.09659050e+00 -2.82917195e+00  2.02996693e+00
 -3.06623994e+00 -2.56830194e-01 -1.03127098e+00 -1.85371649e-01
  2.38006671e+00  1.72361796e+00 -2.90571114e-01 -1.74530424e+00
 -3.04339187e+00  1.18253452e-01 -8.35721846e-01  1.47813929e+00
 -2.51619610e+00  9.65354489e-01 -2.73714865e-02  2.19103065e-01
  1.99900687e+00  7.51130165e-01  7.85529576e-01 -1.21996403e+00
  1.58835981e+00  2.55249346e+00  1.28425823e+00  2.91593376e-01
 -9.94872216e-01  2.57726919e+00  8.39129525e-01 -2.24115456e+00
 -2.94953825e-03  1.72021529e+00  1.06566955e+00 -6.50969095e-01
 -2.31532567e+00  2.41984512e+00  2.02630447e+00  1.64621264e+00
  2.25765652e+00  1.87515904e+00 -2.13242728e+00 -2.87233190e+00
  5.31386597e-01  1.38459062e+00 -2.42060485e+00 -1.31540403e+00
  2.44862368e+00  1.25942102e+00  3.55101370e-02 -1.75664903e+00
 -1.56778347e+00  1.94041381e+00  1.47513486e+00 -8.05405595e-01
 -1.29772781e-01 -4.60447470e-01 -1.70009694e-01  2.39680237e+00
 -5.48042246e-01 -6.51760921e-01  1.08136574e+00 -2.29442671e+00
  1.01697724e+00  2.55844202e+00 -5.02853431e-01  2.11114114e+00
 -1.95927251e+00 -8.68862952e-01 -2.41633548e+00 -2.30695887e+00
 -1.39201492e+00 -2.93031725e+00  1.57663612e+00  1.85237805e+00
  1.65742176e+00  1.02165891e+00  1.42595636e+00 -2.30379489e+00
 -2.71105337e+00  1.75552756e+00  1.00188012e+00 -4.23397727e-01
 -2.62971200e+00  1.56441550e+00 -1.21564834e+00 -2.48664422e+00
  6.78108924e-02]
Thu Jun 13 23:23:38 2024,672,0.08654628675627755,[-2.85885904  2.08535155 -1.61970168  0.07216353  0.4695114  -3.25062806
  3.24333658  2.08573519  1.03873245 -1.00255721  0.55400179  1.31405111
  1.308129   -1.87455213  0.78513207  2.88470426 -0.37963302 -0.42257495
 -1.91474335  0.8396742   1.61407208  2.90716422 -1.39699459 -0.43033519
 -2.18782191 -2.10142582  3.12518246  2.79704802 -0.70922623 -2.62402859
  1.53968382 -0.20080237 -2.42879729  1.85619205  1.12785901 -0.62029947
  1.08487163 -2.0211438  -0.22458988  2.26501081 -0.32095918  0.48068315
  2.4087147   0.57602722  2.63791816  2.9002834   2.80679685 -2.92549293
  0.27552328 -0.39112607  1.7268231   2.99784629 -0.36283796 -2.36016808
  2.71896893 -3.17252727  0.54962505 -0.69932972 -1.73583017  3.1026108
 -1.98078888 -1.68025607 -2.5456608   2.36671445 -2.14770539  1.97174333
  1.74176341  1.46569442  2.53441542  2.87762687  1.9913514   1.48929581
 -1.76926093 -2.39381377  1.16851903  0.57980325  1.59223468 -2.78015357
 -0.09097704  2.51254095 -1.16736015  1.15025996  1.24684269  0.60906107
 -0.95216459  1.10447766  0.78506084 -0.38277185  2.81138247 -2.13344509
  1.58935164 -0.6691528   0.97532415 -3.22029336 -2.2448681   0.34240556
 -1.0803116  -0.42024432  0.273396    0.05588578 -1.75374993 -0.2117328
 -0.66779084  2.87987314 -1.15062669 -1.2096972  -1.13005156  1.27561765
  1.62373282 -0.82062508  2.12276621 -1.47230775 -0.25229491 -0.88135065
 -2.94891966  3.099999   -1.78609034  3.04881141 -1.36370375 -2.35858927
  3.78485482 -1.20349304 -0.60227939 -3.08080831 -2.49671037  2.98084778
 -1.94569723 -1.67059482 -0.3905977   2.94472971  0.15776738  0.01654286
 -1.61891792 -0.15400697 -1.59871335 -3.08630621  2.91122904  1.15798281
 -0.32811896 -2.33119853  1.00168211 -1.16463903 -0.28610845 -2.14187392
 -1.89875644  1.81629567 -0.9846951   2.57272463 -0.43588099 -3.09759997
 -2.82816247  2.03097641 -3.06523047 -0.25582072 -1.03026151 -0.18638113
  2.38107618  1.72462744 -0.28956164 -1.74631371 -3.0423824   0.11926293
 -0.83673132  1.47712982 -2.51518662  0.96434501 -0.02838096  0.21809359
  1.99799739  0.75213964  0.78653905 -1.22097351  1.58936928  2.55350294
  1.28526771  0.29260285 -0.99588169  2.57625971  0.840139   -2.24014508
 -0.00395901  1.72122476  1.06466007 -0.65197857 -2.31633515  2.41883564
  2.02731395  1.64722212  2.258666    1.87616852 -2.1314178  -2.87132242
  0.53037712  1.38358114 -2.41959537 -1.31439455  2.4476142   1.2604305
  0.03651961 -1.75563956 -1.56879294  1.93940433  1.47412538 -0.80439612
 -0.13078226 -0.45943799 -0.16900022  2.39579289 -0.54905172 -0.65075145
  1.08035627 -2.29341724  1.01798672  2.55743254 -0.50184395  2.11215061
 -1.96028198 -0.86785348 -2.41734496 -2.30796834 -1.39100544 -2.92930777
  1.5776456   1.85136857  1.65843124  1.02266839  1.42696584 -2.30480437
 -2.7100439   1.75451808  1.00087065 -0.42238825 -2.63072147  1.56340602
 -1.21463887 -2.48563474  0.06680142]
Thu Jun 13 23:23:55 2024,673,0.08641681185539743,[-2.85715354e+00  2.08705705e+00 -1.61799618e+00  7.04580258e-02
  4.67805891e-01 -3.25233357e+00  3.24163107e+00  2.08402968e+00
  1.04043796e+00 -1.00426272e+00  5.55707303e-01  1.31575662e+00
  1.30642349e+00 -1.87284662e+00  7.86837583e-01  2.88299875e+00
 -3.77927512e-01 -4.20869443e-01 -1.91303784e+00  8.41379705e-01
  1.61577758e+00  2.90886973e+00 -1.39870010e+00 -4.28629685e-01
 -2.18611640e+00 -2.09972031e+00  3.12688796e+00  2.79534251e+00
 -7.10931740e-01 -2.62232308e+00  1.53797831e+00 -2.02507878e-01
 -2.42709178e+00  1.85448654e+00  1.12956452e+00 -6.18593965e-01
  1.08657714e+00 -2.02284931e+00 -2.26295388e-01  2.26330530e+00
 -3.19253674e-01  4.78977646e-01  2.40700919e+00  5.77732728e-01
  2.63621265e+00  2.90198891e+00  2.80850236e+00 -2.92378742e+00
  2.73817771e-01 -3.89420558e-01  1.72852861e+00  2.99614078e+00
 -3.61132450e-01 -2.35846257e+00  2.71726342e+00 -3.17423278e+00
  5.47919541e-01 -7.01035225e-01 -1.73753567e+00  3.10431631e+00
 -1.97908337e+00 -1.67855056e+00 -2.54395530e+00  2.36841996e+00
 -2.14941090e+00  1.97003782e+00  1.74346892e+00  1.46739993e+00
  2.53612093e+00  2.87933237e+00  1.99305691e+00  1.48759030e+00
 -1.76755543e+00 -2.39551928e+00  1.16681352e+00  5.81508762e-01
  1.59394019e+00 -2.77844806e+00 -9.26825512e-02  2.51424646e+00
 -1.16906566e+00  1.15196546e+00  1.24513718e+00  6.07355565e-01
 -9.53870097e-01  1.10618317e+00  7.83355331e-01 -3.81066338e-01
  2.81308798e+00 -2.13173958e+00  1.59105715e+00 -6.67447292e-01
  9.77029659e-01 -3.21858785e+00 -2.24657360e+00  3.40700053e-01
 -1.07860609e+00 -4.21949830e-01  2.71690491e-01  5.41802675e-02
 -1.75204442e+00 -2.10027294e-01 -6.66085330e-01  2.87816763e+00
 -1.15233220e+00 -1.21140271e+00 -1.12834605e+00  1.27391214e+00
  1.62543833e+00 -8.18919573e-01  2.12447172e+00 -1.47401326e+00
 -2.50589399e-01 -8.83056161e-01 -2.95062517e+00  3.10170450e+00
 -1.78779585e+00  3.04710590e+00 -1.36199824e+00 -2.36029477e+00
  3.78656033e+00 -1.20519855e+00 -6.00573881e-01 -3.08251382e+00
 -2.49841587e+00  2.97914227e+00 -1.94399172e+00 -1.67230033e+00
 -3.92303213e-01  2.94302420e+00  1.56061868e-01  1.82483644e-02
 -1.61721241e+00 -1.55712482e-01 -1.60041886e+00 -3.08801172e+00
  2.90952353e+00  1.15627730e+00 -3.26413448e-01 -2.32949302e+00
  1.00338762e+00 -1.16293352e+00 -2.84402945e-01 -2.14016842e+00
 -1.90046195e+00  1.81459016e+00 -9.82989591e-01  2.57101912e+00
 -4.34175479e-01 -3.09930548e+00 -2.82986798e+00  2.02927090e+00
 -3.06693598e+00 -2.57526226e-01 -1.03196702e+00 -1.88086634e-01
  2.38278169e+00  1.72292193e+00 -2.87856129e-01 -1.74460820e+00
 -3.04067689e+00  1.17557420e-01 -8.35025814e-01  1.47883532e+00
 -2.51348111e+00  9.66050522e-01 -2.66754543e-02  2.16388080e-01
  1.99629188e+00  7.53845149e-01  7.84833544e-01 -1.22267902e+00
  1.58766378e+00  2.55179743e+00  1.28356220e+00  2.90897344e-01
 -9.97587201e-01  2.57455420e+00  8.38433493e-01 -2.24185059e+00
 -2.25350603e-03  1.72293027e+00  1.06295457e+00 -6.50273063e-01
 -2.31804066e+00  2.41713013e+00  2.02560844e+00  1.64892762e+00
  2.26037150e+00  1.87787402e+00 -2.13312331e+00 -2.87302793e+00
  5.28671613e-01  1.38187563e+00 -2.41788986e+00 -1.31610006e+00
  2.44931971e+00  1.25872499e+00  3.82251215e-02 -1.75734507e+00
 -1.57049845e+00  1.93769882e+00  1.47241987e+00 -8.02690611e-01
 -1.29076749e-01 -4.61143502e-01 -1.67294709e-01  2.39408739e+00
 -5.50757231e-01 -6.52456953e-01  1.08206178e+00 -2.29512274e+00
  1.01969222e+00  2.55572704e+00 -5.03549463e-01  2.11385612e+00
 -1.95857648e+00 -8.66147967e-01 -2.41905047e+00 -2.30967385e+00
 -1.38929994e+00 -2.93101328e+00  1.57935110e+00  1.84966306e+00
  1.65672573e+00  1.02096288e+00  1.42526033e+00 -2.30650987e+00
 -2.70833839e+00  1.75622359e+00  9.99165140e-01 -4.20682742e-01
 -2.63242698e+00  1.56170052e+00 -1.21634438e+00 -2.48734025e+00
  6.50959079e-02]
Thu Jun 13 23:24:12 2024,674,0.08637276032386113,[-2.85802854e+00  2.08793206e+00 -1.61712117e+00  6.95830188e-02
  4.66930884e-01 -3.25320858e+00  3.24075607e+00  2.08490469e+00
  1.04131297e+00 -1.00513772e+00  5.56582310e-01  1.31663162e+00
  1.30554848e+00 -1.87197161e+00  7.87712590e-01  2.88387376e+00
 -3.77052505e-01 -4.21744450e-01 -1.91391285e+00  8.42254712e-01
  1.61665259e+00  2.90799473e+00 -1.39957511e+00 -4.29504692e-01
 -2.18524139e+00 -2.10059531e+00  3.12601296e+00  2.79621751e+00
 -7.10056733e-01 -2.62144808e+00  1.53885332e+00 -2.01632871e-01
 -2.42621678e+00  1.85536154e+00  1.12868951e+00 -6.17718958e-01
  1.08745215e+00 -2.02372432e+00 -2.25420381e-01  2.26418031e+00
 -3.18378667e-01  4.78102640e-01  2.40788420e+00  5.78607735e-01
  2.63533764e+00  2.90111390e+00  2.80937736e+00 -2.92291241e+00
  2.72942764e-01 -3.90295565e-01  1.72940362e+00  2.99701579e+00
 -3.62007457e-01 -2.35758756e+00  2.71638841e+00 -3.17510779e+00
  5.47044534e-01 -7.01910232e-01 -1.73666067e+00  3.10344130e+00
 -1.97995838e+00 -1.67942557e+00 -2.54483030e+00  2.36929497e+00
 -2.14853589e+00  1.97091283e+00  1.74259391e+00  1.46652493e+00
  2.53699594e+00  2.87845737e+00  1.99393192e+00  1.48846531e+00
 -1.76843043e+00 -2.39639429e+00  1.16593851e+00  5.82383769e-01
  1.59306518e+00 -2.77932307e+00 -9.35575582e-02  2.51337146e+00
 -1.16994066e+00  1.15284047e+00  1.24426218e+00  6.06480558e-01
 -9.52995090e-01  1.10530816e+00  7.84230338e-01 -3.81941345e-01
  2.81396299e+00 -2.13261459e+00  1.59193215e+00 -6.68322299e-01
  9.76154652e-01 -3.21771285e+00 -2.24569860e+00  3.39825046e-01
 -1.07948109e+00 -4.22824837e-01  2.72565498e-01  5.50552745e-02
 -1.75116941e+00 -2.09152287e-01 -6.66960337e-01  2.87729262e+00
 -1.15145719e+00 -1.21052770e+00 -1.12747105e+00  1.27303713e+00
  1.62631334e+00 -8.19794580e-01  2.12359671e+00 -1.47488827e+00
 -2.51464406e-01 -8.83931168e-01 -2.94975016e+00  3.10082950e+00
 -1.78867085e+00  3.04623089e+00 -1.36287325e+00 -2.35941977e+00
  3.78743533e+00 -1.20607355e+00 -6.01448887e-01 -3.08338883e+00
 -2.49754087e+00  2.98001728e+00 -1.94486673e+00 -1.67317533e+00
 -3.93178220e-01  2.94214920e+00  1.55186861e-01  1.73733575e-02
 -1.61633740e+00 -1.56587489e-01 -1.60129387e+00 -3.08713671e+00
  2.91039853e+00  1.15540229e+00 -3.25538441e-01 -2.33036803e+00
  1.00426262e+00 -1.16205852e+00 -2.83527938e-01 -2.13929341e+00
 -1.90133696e+00  1.81371516e+00 -9.83864598e-01  2.57014411e+00
 -4.33300472e-01 -3.10018049e+00 -2.82899298e+00  2.03014591e+00
 -3.06606097e+00 -2.56651219e-01 -1.03284202e+00 -1.88961641e-01
  2.38365670e+00  1.72204692e+00 -2.86981122e-01 -1.74373320e+00
 -3.03980188e+00  1.16682413e-01 -8.35900821e-01  1.47971033e+00
 -2.51435612e+00  9.65175515e-01 -2.58004474e-02  2.15513073e-01
  1.99716689e+00  7.54720156e-01  7.83958537e-01 -1.22180401e+00
  1.58678877e+00  2.55092243e+00  1.28443720e+00  2.90022337e-01
 -9.96712194e-01  2.57542921e+00  8.39308500e-01 -2.24272560e+00
 -3.12851300e-03  1.72205527e+00  1.06382957e+00 -6.51148070e-01
 -2.31716565e+00  2.41625513e+00  2.02648344e+00  1.64980263e+00
  2.25949650e+00  1.87874903e+00 -2.13399831e+00 -2.87215293e+00
  5.27796606e-01  1.38275064e+00 -2.41701486e+00 -1.31697507e+00
  2.44844470e+00  1.25784998e+00  3.91001285e-02 -1.75822007e+00
 -1.57137346e+00  1.93682381e+00  1.47329488e+00 -8.01815604e-01
 -1.29951756e-01 -4.60268495e-01 -1.68169716e-01  2.39321238e+00
 -5.51632238e-01 -6.53331960e-01  1.08118677e+00 -2.29424774e+00
  1.01881722e+00  2.55660204e+00 -5.02674456e-01  2.11298111e+00
 -1.95945148e+00 -8.65272960e-01 -2.41992547e+00 -2.31054886e+00
 -1.38842493e+00 -2.93013827e+00  1.58022611e+00  1.84878806e+00
  1.65760074e+00  1.02183788e+00  1.42438532e+00 -2.30738488e+00
 -2.70921339e+00  1.75709860e+00  1.00004015e+00 -4.19807735e-01
 -2.63330199e+00  1.56257552e+00 -1.21721938e+00 -2.48646525e+00
  6.59709149e-02]
Thu Jun 13 23:24:29 2024,675,0.08618564371472999,[-2.85519531  2.08509883 -1.61428793  0.06674978  0.46976412 -3.25037534
  3.2435893   2.08773792  1.03847973 -1.00797096  0.55941555  1.31379839
  1.30838172 -1.87480485  0.79054583  2.88670699 -0.37988574 -0.42457769
 -1.91674609  0.83942148  1.61381936  2.90516149 -1.39674187 -0.43233793
 -2.18807463 -2.10342855  3.12884619  2.79338428 -0.71288997 -2.61861484
  1.53602008 -0.19879964 -2.42905001  1.85819478  1.12585627 -0.61488572
  1.08461891 -2.02655755 -0.22825362  2.26701355 -0.31554543  0.48093588
  2.41071743  0.5757745   2.63817088  2.89828067  2.80654413 -2.92007917
  0.27010953 -0.3931288   1.72657038  2.99418255 -0.36484069 -2.3604208
  2.71355518 -3.17794102  0.5442113  -0.699077   -1.7394939   3.10060807
 -1.97712514 -1.67659233 -2.54199707  2.36646173 -2.15136913  1.96807959
  1.73976067  1.46935816  2.5341627   2.87562413  1.99109868  1.48563207
 -1.77126367 -2.39356105  1.16310528  0.57955053  1.59023195 -2.7821563
 -0.09639079  2.51053822 -1.1727739   1.15567371  1.24709541  0.60364732
 -0.95582833  1.1081414   0.7813971  -0.38477458  2.81112975 -2.13544783
  1.58909892 -0.67115553  0.97898789 -3.21487961 -2.24853183  0.33699181
 -1.08231433 -0.42565807  0.26973226  0.05788851 -1.75400265 -0.21198552
 -0.66979357  2.88012586 -1.14862396 -1.21336094 -1.13030428  1.27587037
  1.62914657 -0.82262782  2.12642995 -1.47205503 -0.24863117 -0.8867644
 -2.9525834   3.10366273 -1.78583762  3.04906413 -1.36570648 -2.362253
  3.79026857 -1.20324032 -0.59861565 -3.08622206 -2.49470763  2.98285052
 -1.94769996 -1.6703421  -0.39601146  2.94498243  0.15235363  0.02020659
 -1.61917064 -0.15375425 -1.60412711 -3.08996995  2.9075653   1.15256906
 -0.32837168 -2.33320127  1.00709586 -1.15922528 -0.2806947  -2.14212664
 -1.89850372  1.81088192 -0.98669783  2.56731088 -0.43046724 -3.09734725
 -2.83182621  2.03297914 -3.06889421 -0.25381798 -1.03000879 -0.19179488
  2.38082346  1.71921369 -0.28414789 -1.74089996 -3.04263512  0.11384918
 -0.83873406  1.4768771  -2.51152289  0.96234228 -0.02863368  0.21267984
  1.99433366  0.75188692  0.78679177 -1.22463725  1.589622    2.55375566
  1.28727044  0.2871891  -0.99387896  2.57259597  0.83647526 -2.24555883
 -0.00596175  1.71922203  1.06666281 -0.65398131 -2.31433241  2.41908836
  2.02365021  1.65263587  2.26232973  1.88158227 -2.13116508 -2.87498616
  0.52496337  1.38558388 -2.41984809 -1.31414183  2.44561147  1.26068322
  0.03626689 -1.75538684 -1.57420669  1.93965705  1.47046164 -0.80464884
 -0.12711852 -0.46310173 -0.17100295  2.39037914 -0.55446547 -0.6561652
  1.07835353 -2.2914145   1.01598398  2.55376881 -0.50550769  2.11014788
 -1.96228472 -0.8681062  -2.42275871 -2.30771562 -1.38559169 -2.93297151
  1.58305935  1.85162129  1.6547675   1.01900465  1.42721856 -2.31021812
 -2.70638016  1.75426536  1.00287338 -0.4169745  -2.63046875  1.56540876
 -1.22005262 -2.48363201  0.06313768]
Thu Jun 13 23:24:53 2024,676,0.08612892789285205,[-2.85478716  2.08469068 -1.61387979  0.06634164  0.47017227 -3.25078349
  3.24399745  2.08814607  1.03888788 -1.00837911  0.55982369  1.31420653
  1.30878987 -1.87521299  0.79013768  2.88629884 -0.37947759 -0.42498583
 -1.91715423  0.83982962  1.61341121  2.90475334 -1.39715002 -0.43192978
 -2.18766648 -2.1038367   3.12925434  2.79379243 -0.71248182 -2.61820669
  1.53642823 -0.19920778 -2.42864186  1.85778663  1.12544813 -0.61529387
  1.08502706 -2.0269657  -0.22784547  2.2666054  -0.31595358  0.48052773
  2.41030929  0.57536635  2.63776273  2.89868881  2.80613598 -2.91967103
  0.26970138 -0.39272065  1.72697853  2.9945907  -0.36443255 -2.36001265
  2.71314703 -3.17753288  0.54461945 -0.69866885 -1.73990205  3.10101621
 -1.97671699 -1.67700048 -2.54158892  2.36605358 -2.15096098  1.96767144
  1.73935253  1.46976631  2.53457085  2.87521599  1.99069054  1.48522393
 -1.77085552 -2.3939692   1.16351342  0.57914239  1.5898238  -2.78256445
 -0.09598265  2.51094637 -1.17318205  1.15526556  1.24750356  0.60405547
 -0.95542018  1.10773325  0.78098896 -0.38436643  2.8107216  -2.13503968
  1.58950707 -0.67156368  0.97857974 -3.21447146 -2.24812369  0.33658366
 -1.08272248 -0.42606622  0.27014041  0.05829666 -1.7544108  -0.21239367
 -0.66938543  2.88053401 -1.1490321  -1.21376909 -1.13071243  1.27546222
  1.62873843 -0.82303596  2.12683809 -1.47164689 -0.24822302 -0.88717255
 -2.95299154  3.10407088 -1.78542947  3.04865598 -1.36529834 -2.36184486
  3.79067672 -1.20364846 -0.5990238  -3.08581391 -2.49511578  2.98244237
 -1.94729181 -1.66993395 -0.3964196   2.94539058  0.15194548  0.02061474
 -1.61957879 -0.15334611 -1.60453525 -3.0903781   2.90797345  1.1529772
 -0.32877982 -2.33279312  1.00668771 -1.15881714 -0.28110285 -2.1417185
 -1.89809557  1.81129007 -0.98710598  2.56690273 -0.43087538 -3.0977554
 -2.83223436  2.03338729 -3.06930235 -0.25422613 -1.03041694 -0.19138673
  2.38041532  1.71880554 -0.28455603 -1.74130811 -3.04222697  0.11344103
 -0.8391422   1.47728524 -2.51193103  0.96275043 -0.02822554  0.21308798
  1.9947418   0.75229507  0.78719992 -1.22504539  1.59003015  2.55416381
  1.28686229  0.28759725 -0.99428711  2.57218783  0.83606712 -2.24596698
 -0.0063699   1.71881388  1.06625466 -0.65357316 -2.31474056  2.41868022
  2.02405836  1.65222772  2.26273788  1.88199041 -2.13157323 -2.87539431
  0.52537152  1.38599202 -2.41943994 -1.31373369  2.44520332  1.26027507
  0.03585875 -1.75579498 -1.57379855  1.9400652   1.4700535  -0.80424069
 -0.12671037 -0.46269358 -0.1705948   2.389971   -0.55487362 -0.65575705
  1.07794539 -2.29182265  1.01639213  2.55417696 -0.50591584  2.11055603
 -1.96187657 -0.86769805 -2.42235056 -2.30730748 -1.38518355 -2.93337966
  1.58346749  1.85121315  1.65435936  1.0194128   1.42681041 -2.30980997
 -2.70597201  1.75385721  1.00246524 -0.41656635 -2.63006061  1.56500061
 -1.21964447 -2.48322386  0.06272953]
Thu Jun 13 23:25:18 2024,677,0.08607485724091615,[-2.85379413  2.08369765 -1.61288676  0.06733467  0.46917924 -3.24979046
  3.24300442  2.08715304  1.03789485 -1.00937214  0.56081672  1.31321351
  1.30978289 -1.87620602  0.78914465  2.88729187 -0.38047062 -0.42597886
 -1.91814726  0.84082265  1.61241818  2.90376031 -1.39615699 -0.43093675
 -2.18865951 -2.10482973  3.13024737  2.79478546 -0.71148879 -2.61919972
  1.53742126 -0.20020081 -2.42963489  1.8567936   1.1244551  -0.6162869
  1.08602009 -2.02597267 -0.22685244  2.26561237 -0.31694661  0.4795347
  2.41130232  0.57635938  2.6367697   2.89968184  2.80712901 -2.918678
  0.26870835 -0.39371368  1.7259855   2.99558373 -0.36343952 -2.35901962
  2.712154   -3.17852591  0.54561248 -0.69767582 -1.73890902  3.10002318
 -1.97572396 -1.67600745 -2.54258195  2.36506056 -2.14996795  1.96667841
  1.7383595   1.46877328  2.53556388  2.87422296  1.98969751  1.4842309
 -1.76986249 -2.39496223  1.16252039  0.57814936  1.59081683 -2.78355748
 -0.09498962  2.50995334 -1.17417508  1.15427253  1.24849659  0.6050485
 -0.95641321  1.10872628  0.78198198 -0.3833734   2.81171463 -2.13603271
  1.5905001  -0.67255671  0.97758671 -3.21347843 -2.24713066  0.33757669
 -1.08172945 -0.42507319  0.26914738  0.05730363 -1.75540383 -0.21140064
 -0.67037845  2.87954098 -1.14803908 -1.21476211 -1.1297194   1.27446919
  1.6277454  -0.82204293  2.12584506 -1.47263992 -0.24921605 -0.88617952
 -2.95398457  3.10307785 -1.7864225   3.04766295 -1.36430531 -2.36085183
  3.78968369 -1.20265544 -0.59803077 -3.08482089 -2.49610881  2.98144934
 -1.94828484 -1.67092698 -0.39542657  2.94638361  0.15293851  0.02160777
 -1.62057182 -0.15235308 -1.60354222 -3.08938507  2.90698042  1.15198418
 -0.32977285 -2.33180009  1.00768074 -1.15981016 -0.28010982 -2.14072547
 -1.89710255  1.8122831  -0.98809901  2.56789576 -0.43186841 -3.09874843
 -2.83124133  2.03239426 -3.06830932 -0.2532331  -1.02942391 -0.1903937
  2.38140835  1.71979857 -0.283563   -1.74031508 -3.04123394  0.11443406
 -0.84013523  1.47629221 -2.51292406  0.9617574  -0.02921856  0.21209496
  1.99374877  0.7532881   0.78819295 -1.22405236  1.58903712  2.55515684
  1.28785532  0.28859028 -0.99329408  2.57318086  0.83706015 -2.24497395
 -0.00537687  1.71782085  1.06526163 -0.65456619 -2.31374753  2.41967324
  2.02505139  1.65123469  2.26373091  1.88298344 -2.13256625 -2.87440128
  0.52636455  1.384999   -2.42043297 -1.31274066  2.44421029  1.2612681
  0.03685177 -1.75678801 -1.57280552  1.93907217  1.47104653 -0.80324766
 -0.12571734 -0.46368661 -0.17158783  2.38897797 -0.55586665 -0.65675008
  1.07893841 -2.29082962  1.01738516  2.55318393 -0.50690887  2.109563
 -1.9628696  -0.86869108 -2.42135753 -2.30631445 -1.38419052 -2.93238663
  1.58446052  1.85022012  1.65336633  1.01841977  1.42780344 -2.30881694
 -2.70696504  1.75286418  1.00345826 -0.41755938 -2.63105364  1.56599364
 -1.2206375  -2.48421689  0.0617365 ]
Thu Jun 13 23:25:34 2024,678,0.08592159455050379,[-2.85215065  2.08534113 -1.61124327  0.06569118  0.46753575 -3.25143394
  3.2446479   2.08550956  1.03953833 -1.00772865  0.5624602   1.31157002
  1.30813941 -1.87784951  0.78750117  2.88564839 -0.37882714 -0.42762234
 -1.91650378  0.83917917  1.61406166  2.90211683 -1.39780047 -0.43258023
 -2.19030299 -2.10647321  3.13189085  2.79642894 -0.70984531 -2.62084321
  1.53906474 -0.20184429 -2.43127838  1.85843709  1.12609858 -0.61464342
  1.08766357 -2.02432919 -0.22849592  2.26396889 -0.31859009  0.48117818
  2.4129458   0.57800286  2.63512622  2.90132533  2.80548553 -2.91703452
  0.26706487 -0.39535716  1.72434202  2.99394025 -0.36179603 -2.35737614
  2.71051052 -3.18016939  0.54725596 -0.6993193  -1.73726554  3.0983797
 -1.97408048 -1.67436397 -2.54093847  2.36341707 -2.14832447  1.96503493
  1.73671602  1.47041676  2.53720736  2.87586644  1.99134099  1.48258741
 -1.76821901 -2.39660571  1.16087691  0.57650587  1.59246031 -2.781914
 -0.0966331   2.50830986 -1.17581856  1.15262905  1.24685311  0.60340502
 -0.95476972  1.1070828   0.7803385  -0.38172992  2.81007115 -2.13438923
  1.58885661 -0.67091323  0.97923019 -3.21512192 -2.24548717  0.33922017
 -1.08008597 -0.42342971  0.2675039   0.05894711 -1.75376034 -0.20975716
 -0.67202194  2.8778975  -1.14639559 -1.2164056  -1.13136288  1.27282571
  1.62938888 -0.82039945  2.12420158 -1.47099643 -0.25085953 -0.887823
 -2.95234109  3.10472133 -1.78806598  3.04930643 -1.36594879 -2.36249531
  3.79132717 -1.20101195 -0.59638729 -3.08646437 -2.49446532  2.98309282
 -1.94992833 -1.67257046 -0.39707006  2.94474012  0.15129502  0.01996429
 -1.6222153  -0.15399656 -1.60189874 -3.09102855  2.90533693  1.15034069
 -0.33141634 -2.33344357  1.00603726 -1.16145365 -0.2817533  -2.14236895
 -1.89545906  1.81392658 -0.98645553  2.56625228 -0.43351189 -3.10039191
 -2.82959785  2.03403774 -3.06995281 -0.25487658 -1.03106739 -0.18875022
  2.37976486  1.72144205 -0.28520649 -1.74195856 -3.03959046  0.11607754
 -0.83849175  1.4779357  -2.51456754  0.96340088 -0.02757508  0.21045147
  1.99539226  0.75493158  0.78983643 -1.22240888  1.5906806   2.55351335
  1.2894988   0.29023376 -0.99493756  2.57482434  0.83541666 -2.24333047
 -0.00702035  1.71617737  1.06690511 -0.65620967 -2.31210405  2.42131673
  2.02669487  1.64959121  2.26537439  1.88462693 -2.13420974 -2.87604476
  0.52472106  1.38335551 -2.41878949 -1.31438414  2.44256681  1.25962462
  0.03849526 -1.7584315  -1.57116203  1.93742869  1.46940304 -0.80489115
 -0.12736083 -0.46533009 -0.16994435  2.38733448 -0.55422317 -0.6551066
  1.0805819  -2.28918614  1.01574167  2.55482741 -0.50855235  2.11120648
 -1.96451308 -0.87033456 -2.42300101 -2.30795793 -1.385834   -2.93074314
  1.58281704  1.84857663  1.65500981  1.01677628  1.42944692 -2.31046042
 -2.70532156  1.75450767  1.00181478 -0.41920286 -2.62941015  1.56435016
 -1.21899402 -2.48257341  0.06009302]
Thu Jun 13 23:25:54 2024,679,0.08592274110989669,[-2.85217375  2.08536424 -1.61126638  0.06571429  0.46755886 -3.25145705
  3.2446248   2.08553266  1.03956143 -1.00770555  0.56248331  1.31159313
  1.30811631 -1.87787261  0.78752427  2.88562529 -0.37885024 -0.42759924
 -1.91652688  0.83915607  1.61408477  2.90209373 -1.39777737 -0.43255713
 -2.1903261  -2.10649631  3.13186775  2.79640583 -0.70986841 -2.6208201
  1.53904163 -0.20182119 -2.43125527  1.85841398  1.12607548 -0.61466652
  1.08768668 -2.02430608 -0.22847282  2.26394578 -0.31856699  0.48120129
  2.41292269  0.57802597  2.63510312  2.90134843  2.80546242 -2.91701141
  0.26704176 -0.39533406  1.72436512  2.99391714 -0.36181914 -2.35735304
  2.71048741 -3.18019249  0.54727906 -0.6992962  -1.73728864  3.09840281
 -1.97405738 -1.67434086 -2.54096157  2.36339397 -2.14830136  1.96505804
  1.73669291  1.47043987  2.53723047  2.87584333  1.9913641   1.48256431
 -1.76824211 -2.39658261  1.16090002  0.57648277  1.59248342 -2.78189089
 -0.0966562   2.50828675 -1.17584166  1.15260594  1.24683     0.60338191
 -0.95474662  1.10705969  0.7803154  -0.38170682  2.81004805 -2.13441233
  1.58883351 -0.67089012  0.9792533  -3.21509881 -2.24551028  0.33924328
 -1.08006286 -0.42345281  0.26748079  0.05897022 -1.75378345 -0.20978026
 -0.67204504  2.8779206  -1.14637249 -1.21638249 -1.13133978  1.27284881
  1.62936577 -0.82042256  2.12417848 -1.47101954 -0.25088264 -0.8877999
 -2.95231799  3.10474444 -1.78804288  3.04932954 -1.36597189 -2.3624722
  3.79130406 -1.20098885 -0.59636418 -3.08648747 -2.49448843  2.98311593
 -1.94990522 -1.67259357 -0.39704695  2.94471702  0.15131813  0.01994118
 -1.62219219 -0.15397346 -1.60192185 -3.09100544  2.90536004  1.1503638
 -0.33139323 -2.33342047  1.00606036 -1.16143054 -0.28177641 -2.14234585
 -1.89543596  1.81390348 -0.98647863  2.56622917 -0.43348879 -3.10041502
 -2.82957474  2.03406085 -3.06997591 -0.25489969 -1.03104428 -0.18872711
  2.37974176  1.72146515 -0.28518338 -1.74198167 -3.03961356  0.11605444
 -0.83846865  1.4779588  -2.51459065  0.96342398 -0.02759819  0.21042837
  1.99536915  0.75490847  0.78981333 -1.22238578  1.5906575   2.55353646
  1.28952191  0.29025686 -0.99496066  2.57480123  0.83543977 -2.24335357
 -0.00704345  1.71615427  1.06688201 -0.65623277 -2.31208094  2.42133983
  2.02667176  1.6495681   2.26535129  1.88460382 -2.13418663 -2.87606787
  0.52469796  1.38337862 -2.4188126  -1.31440724  2.4425437   1.25960152
  0.03851836 -1.7584546  -1.57113893  1.93745179  1.46937994 -0.80486804
 -0.12733772 -0.46530699 -0.16996746  2.38731138 -0.55420006 -0.65508349
  1.080605   -2.28920924  1.01571857  2.5548043  -0.50852925  2.11118337
 -1.96448998 -0.87035766 -2.42297791 -2.30793483 -1.3858571  -2.93072004
  1.58284015  1.84859974  1.6549867   1.01675318  1.42942382 -2.31048353
 -2.70534466  1.75448456  1.00179168 -0.41922597 -2.62943326  1.56437326
 -1.21901712 -2.48259651  0.06011612]
Thu Jun 13 23:26:11 2024,680,0.08566190490807335,[-2.85408902  2.08344897 -1.60935111  0.06379902  0.46564359 -3.25337232
  3.24270953  2.08744793  1.03764617 -1.00579028  0.56439858  1.3135084
  1.30620104 -1.87595734  0.785609    2.88371002 -0.38076551 -0.42951451
 -1.91461162  0.84107133  1.61600004  2.90017846 -1.39969264 -0.4344724
 -2.18841083 -2.10841158  3.13378302  2.7983211  -0.71178368 -2.62273537
  1.5409569  -0.20373646 -2.42934     1.85649871  1.12799075 -0.61275125
  1.08577141 -2.02622135 -0.22655755  2.26203051 -0.32048225  0.47928602
  2.41483796  0.5761107   2.63701839  2.9032637   2.80737769 -2.91892668
  0.26895703 -0.39341879  1.72244985  2.99200187 -0.36373441 -2.35543777
  2.71240268 -3.18210776  0.54919433 -0.70121147 -1.73920391  3.10031808
 -1.97214211 -1.67242559 -2.54287684  2.36530924 -2.14638609  1.9669733
  1.73860818  1.4685246   2.5353152   2.8777586   1.99327936  1.48064904
 -1.76632685 -2.39466734  1.15898475  0.5745675   1.59056815 -2.77997562
 -0.09857147  2.51020202 -1.17392639  1.15069067  1.24874527  0.60146664
 -0.95283135  1.10514442  0.78223067 -0.38362209  2.80813278 -2.1363276
  1.59074878 -0.67280539  0.98116857 -3.21701408 -2.24742555  0.34115855
 -1.07814759 -0.42153754  0.26939606  0.06088548 -1.75186818 -0.21169553
 -0.67396031  2.87600533 -1.14445722 -1.21446722 -1.13325505  1.27476408
  1.62745051 -0.81850729  2.12226321 -1.46910427 -0.24896737 -0.88971517
 -2.95040272  3.10665971 -1.78612761  3.04741427 -1.36405663 -2.36055694
  3.7893888  -1.20290412 -0.59444891 -3.0845722  -2.49257316  2.9850312
 -1.94798995 -1.6706783  -0.39896222  2.94663229  0.1532334   0.02185645
 -1.62027692 -0.15205819 -1.60383711 -3.09292071  2.90344477  1.15227907
 -0.3333085  -2.33533574  1.00797563 -1.15951527 -0.27986114 -2.14426111
 -1.89735123  1.81581874 -0.9883939   2.56814444 -0.43540406 -3.10233029
 -2.83149001  2.03597612 -3.07189118 -0.25298442 -1.02912902 -0.19064238
  2.37782649  1.71954989 -0.28709865 -1.7400664  -3.03769829  0.11413917
 -0.83655338  1.47604353 -2.51650592  0.96533925 -0.02951346  0.21234364
  1.99345388  0.75682374  0.7917286  -1.22430105  1.58874223  2.55545173
  1.29143718  0.29217213 -0.99304539  2.57288597  0.83735504 -2.2414383
 -0.00895872  1.71806953  1.06879728 -0.65814804 -2.31016568  2.4232551
  2.02858703  1.64765283  2.26726656  1.88268855 -2.1361019  -2.8741526
  0.52278269  1.38146335 -2.42072786 -1.31249198  2.44445897  1.25768625
  0.04043363 -1.75653933 -1.56922366  1.93553652  1.47129521 -0.80678331
 -0.12925299 -0.46339172 -0.16805219  2.38539611 -0.55228479 -0.65316822
  1.08252027 -2.28729397  1.0138033   2.55288904 -0.50661398  2.11309864
 -1.96640525 -0.8684424  -2.42106264 -2.30601956 -1.38394184 -2.92880477
  1.58475541  1.84668447  1.65307144  1.01866845  1.42750855 -2.30856826
 -2.70725993  1.75639983  1.00370695 -0.42114124 -2.62751799  1.56245799
 -1.22093239 -2.48451178  0.06203139]
Thu Jun 13 23:26:28 2024,681,0.08566191576529222,[-2.85403505  2.08350294 -1.60929714  0.06374504  0.46569757 -3.25331834
  3.2427635   2.0875019   1.03759219 -1.0057363   0.56445255  1.31356237
  1.30614706 -1.87590337  0.78566298  2.88376399 -0.38081949 -0.42946053
 -1.91466559  0.84101736  1.61605401  2.90023243 -1.39974661 -0.43441842
 -2.18835685 -2.10846556  3.13383699  2.79837508 -0.71183766 -2.62278934
  1.54090293 -0.20368248 -2.42928603  1.85655269  1.12793677 -0.61269728
  1.08582538 -2.02627533 -0.22650358  2.26197654 -0.32042828  0.47923204
  2.41489194  0.57616467  2.63696441  2.90320972  2.80743167 -2.91887271
  0.26890306 -0.39347277  1.72239588  2.99205585 -0.36378838 -2.35549174
  2.71245666 -3.18205379  0.54924831 -0.70126544 -1.73925789  3.1002641
 -1.97208813 -1.67237162 -2.54282286  2.36536321 -2.14644007  1.96691933
  1.73855421  1.46857857  2.53526122  2.87781258  1.99322539  1.48059507
 -1.76638082 -2.39461336  1.15903872  0.57462148  1.59051417 -2.7800296
 -0.09862545  2.51025599 -1.17387242  1.15074465  1.24879924  0.60152062
 -0.95277738  1.10509045  0.78228464 -0.38356811  2.8080788  -2.13638157
  1.59080275 -0.67285937  0.98111459 -3.21696011 -2.24747952  0.34121252
 -1.07820157 -0.42148357  0.26945004  0.06093946 -1.75192215 -0.21164156
 -0.67390634  2.87595136 -1.14451119 -1.2145212  -1.13330902  1.27481806
  1.62750448 -0.81845331  2.12220923 -1.46905029 -0.2489134  -0.88966119
 -2.95045669  3.10671368 -1.78607364  3.0473603  -1.36400265 -2.36050296
  3.78933482 -1.20285014 -0.59450289 -3.08451823 -2.49262714  2.98508517
 -1.94793598 -1.67062432 -0.3990162   2.94668626  0.15317942  0.02180248
 -1.62022295 -0.15200421 -1.60378314 -3.09297469  2.90349874  1.15233304
 -0.33325453 -2.33538971  1.00792166 -1.15956925 -0.27991511 -2.14431509
 -1.8974052   1.81587272 -0.98833993  2.56819841 -0.43545803 -3.10238426
 -2.83154399  2.03592214 -3.0718372  -0.25303839 -1.02907504 -0.19069636
  2.37788046  1.71960386 -0.28704468 -1.74001242 -3.03775227  0.11419314
 -0.8364994   1.47609751 -2.51645194  0.96528528 -0.02956743  0.21228966
  1.99339991  0.75676977  0.79178257 -1.22435502  1.58879621  2.55539775
  1.29149115  0.29211816 -0.99309937  2.57293994  0.83740901 -2.24149228
 -0.00890475  1.71801556  1.06885125 -0.65809407 -2.31021965  2.42320113
  2.02853306  1.64759886  2.26721258  1.88263458 -2.13615588 -2.87409862
  0.52272872  1.38151732 -2.42067389 -1.312438    2.444405    1.25774022
  0.04048761 -1.75659331 -1.56927763  1.9355905   1.47134918 -0.80683728
 -0.12930697 -0.4634457  -0.16799821  2.38545009 -0.55223082 -0.6532222
  1.08257425 -2.28734795  1.01374933  2.55294301 -0.50656     2.11304467
 -1.96635127 -0.86838842 -2.42111662 -2.30607353 -1.38399581 -2.9287508
  1.58480939  1.84673844  1.65312541  1.01872242  1.42745457 -2.30862223
 -2.70731391  1.7564538   1.00365297 -0.42108726 -2.62757196  1.56240402
 -1.22098637 -2.48445781  0.06197742]
Thu Jun 13 23:26:45 2024,682,0.08558315264095076,[-2.85300935  2.08247724 -1.60827143  0.06271934  0.46672327 -3.25434404
  3.2437892   2.0864762   1.03861789 -1.0047106   0.56342685  1.31458807
  1.30512136 -1.87692907  0.78463728  2.88273829 -0.38184519 -0.42843483
 -1.91569129  0.84204306  1.61707971  2.90125813 -1.40077231 -0.43544412
 -2.18733115 -2.10743986  3.13281129  2.79734938 -0.71286336 -2.62176364
  1.53987723 -0.20265678 -2.43031173  1.85552699  1.12896247 -0.61372298
  1.08479968 -2.02524963 -0.22547787  2.26095084 -0.31940258  0.47820634
  2.41591764  0.57513897  2.63593871  2.90423543  2.80640597 -2.91989841
  0.26992876 -0.39449847  1.72137018  2.99308155 -0.36481408 -2.35446604
  2.71348236 -3.18307949  0.55027401 -0.70023974 -1.73823219  3.0992384
 -1.97311383 -1.67134592 -2.54384857  2.36638891 -2.14746577  1.96794503
  1.73957991  1.46960427  2.53628692  2.87883828  1.99219969  1.48162077
 -1.76740652 -2.39563906  1.15801302  0.57359577  1.58948847 -2.7790039
 -0.09965115  2.50923029 -1.17489812  1.15177035  1.24982495  0.60049492
 -0.95380308  1.10611615  0.78331034 -0.38254241  2.8091045  -2.13535587
  1.58977705 -0.67183367  0.98214029 -3.2159344  -2.24850522  0.34018682
 -1.07717587 -0.42045787  0.26842434  0.06196516 -1.75294785 -0.21061586
 -0.67493204  2.87697706 -1.1455369  -1.2134955  -1.13433472  1.27584376
  1.62853018 -0.81947901  2.12118353 -1.46802459 -0.2499391  -0.88863549
 -2.95148239  3.10568798 -1.78504793  3.04633459 -1.36297695 -2.35947726
  3.78830912 -1.20387584 -0.59347719 -3.08349253 -2.49160143  2.98405947
 -1.94691028 -1.67165003 -0.39799049  2.94771196  0.15215372  0.02077678
 -1.62124865 -0.15097851 -1.60275744 -3.09400039  2.90247304  1.15130734
 -0.33222882 -2.33641541  1.00894736 -1.16059495 -0.27888941 -2.14534079
 -1.8963795   1.81484702 -0.98731423  2.56922412 -0.43443233 -3.10135856
 -2.83256969  2.03694784 -3.07286291 -0.2540641  -1.03010074 -0.18967066
  2.37685476  1.71857816 -0.28601898 -1.73898672 -3.03672657  0.11316744
 -0.8375251   1.47507181 -2.51747764  0.96425958 -0.02854173  0.21126396
  1.99442561  0.75574407  0.79280827 -1.22538072  1.58982191  2.55437205
  1.29251685  0.29109246 -0.99412507  2.57396564  0.83638331 -2.24046658
 -0.00993045  1.71698986  1.06987695 -0.65911977 -2.31124535  2.42217543
  2.02750736  1.64862456  2.26618688  1.88160888 -2.13513018 -2.87307292
  0.52170302  1.38254302 -2.41964819 -1.3114123   2.4454307   1.25876592
  0.0394619  -1.7555676  -1.56825193  1.93456479  1.47237488 -0.80786299
 -0.12828126 -0.4644714  -0.16697251  2.38647579 -0.55325652 -0.6521965
  1.08154854 -2.28837365  1.01272363  2.55396871 -0.5075857   2.11201897
 -1.96737697 -0.86736272 -2.42214232 -2.30709923 -1.38297011 -2.92772509
  1.58583509  1.84776414  1.65415111  1.01974812  1.42642887 -2.30759653
 -2.70833961  1.7554281   1.00467867 -0.42006156 -2.62654626  1.56137832
 -1.21996066 -2.48548351  0.06095172]
Thu Jun 13 23:27:05 2024,683,0.08557690749250428,[-2.85383953  2.08164705 -1.60910162  0.06354953  0.46589308 -3.25517423
  3.24295902  2.08730639  1.03778771 -1.00388042  0.56425704  1.31541826
  1.30429118 -1.87775926  0.78546746  2.88356848 -0.381015   -0.42926502
 -1.91652148  0.84287325  1.6179099   2.90042795 -1.4016025  -0.43627431
 -2.18816134 -2.10827004  3.1319811   2.79817956 -0.71203317 -2.62259383
  1.53904704 -0.2018266  -2.42948154  1.85635717  1.12813229 -0.61455317
  1.08396949 -2.02441944 -0.22464769  2.26012065 -0.32023277  0.47737616
  2.41674782  0.57430879  2.6367689   2.90506561  2.80723615 -2.92072859
  0.26909857 -0.39366828  1.72220036  2.99391173 -0.3639839  -2.35363585
  2.71431255 -3.18390967  0.54944382 -0.70106993 -1.737402    3.10006859
 -1.97228365 -1.67217611 -2.54467875  2.3672191  -2.14663558  1.96711484
  1.73874972  1.47043446  2.53711711  2.87800809  1.99302988  1.48245095
 -1.76657634 -2.39646925  1.15884321  0.57276559  1.59031866 -2.77817371
 -0.10048134  2.50840011 -1.17406793  1.15094016  1.25065513  0.6013251
 -0.95297289  1.10694634  0.78248016 -0.38171222  2.80993469 -2.13618606
  1.58894686 -0.67100348  0.98297048 -3.21676459 -2.24767504  0.33935663
 -1.07800605 -0.41962768  0.26925452  0.06279535 -1.75377804 -0.20978567
 -0.67576222  2.87614687 -1.14470671 -1.21266531 -1.13516491  1.27667394
  1.62936037 -0.8203092   2.12201372 -1.46885478 -0.24910891 -0.88946568
 -2.95231258  3.10485779 -1.78587812  3.04716478 -1.36214676 -2.36030745
  3.78747893 -1.20304566 -0.592647   -3.08432272 -2.49243162  2.98488966
 -1.94774046 -1.67081984 -0.39716031  2.94854215  0.15298391  0.02160696
 -1.62041846 -0.15014832 -1.60192725 -3.09483058  2.90164286  1.15213753
 -0.33139864 -2.3372456   1.00977754 -1.15976476 -0.2797196  -2.14617098
 -1.89554931  1.81401683 -0.98648404  2.56839393 -0.43360215 -3.10218875
 -2.83339987  2.03777803 -3.07203272 -0.25489428 -1.02927056 -0.19050084
  2.37768495  1.71940835 -0.28518879 -1.73815654 -3.03589638  0.11399763
 -0.83669492  1.47590199 -2.51830783  0.96342939 -0.02771154  0.21043378
  1.9952558   0.75657425  0.79363846 -1.22455054  1.58899172  2.55520224
  1.29334704  0.29192264 -0.99495526  2.57313545  0.83555312 -2.23963639
 -0.00910026  1.71615967  1.07070714 -0.65828958 -2.31041516  2.42300561
  2.02833754  1.64779437  2.26535669  1.88243906 -2.13596036 -2.87224274
  0.5225332   1.38337321 -2.42047838 -1.31058211  2.44626089  1.25959611
  0.03863172 -1.75473742 -1.56742175  1.93373461  1.4715447  -0.80869317
 -0.12911145 -0.46530158 -0.16614232  2.38730597 -0.55242633 -0.65302668
  1.08071836 -2.28920383  1.01189344  2.55313852 -0.50675552  2.11284915
 -1.96820716 -0.86653253 -2.42131213 -2.30792942 -1.3838003  -2.92855528
  1.5850049   1.84693396  1.65332092  1.02057831  1.42725906 -2.30676635
 -2.70750942  1.75625829  1.00550886 -0.41923138 -2.62571608  1.5622085
 -1.22079085 -2.4863137   0.0617819 ]
Thu Jun 13 23:27:41 2024,684,0.08553155217231531,[-2.85448818  2.08099841 -1.60845298  0.06290088  0.46524443 -3.25582287
  3.24360766  2.08665774  1.03843635 -1.00452906  0.56490568  1.31476961
  1.30364253 -1.8784079   0.78481882  2.88421712 -0.38036636 -0.42991367
 -1.91717012  0.8422246   1.61855854  2.8997793  -1.40095386 -0.43692296
 -2.18751269 -2.1076214   3.13133246  2.79753092 -0.71138453 -2.62194518
  1.53839839 -0.20117795 -2.4288329   1.85570853  1.12748364 -0.61390452
  1.08461814 -2.02377079 -0.22529633  2.2607693  -0.31958412  0.4780248
  2.41739647  0.57366014  2.63741754  2.90571426  2.8078848  -2.92137724
  0.26974722 -0.39431693  1.72155172  2.99456038 -0.36333525 -2.35298721
  2.71496119 -3.18326103  0.54879517 -0.70042128 -1.73805064  3.09941994
 -1.971635   -1.67282475 -2.5453274   2.36786775 -2.14598694  1.96776349
  1.73939837  1.46978581  2.53646847  2.87735945  1.99238123  1.48180231
 -1.76592769 -2.3971179   1.15949185  0.57341423  1.5909673  -2.77752507
 -0.09983269  2.50775146 -1.17471658  1.15029152  1.25130378  0.60067646
 -0.95362154  1.10629769  0.7831288  -0.38106358  2.80928604 -2.13683471
  1.58829822 -0.67165213  0.98361913 -3.21611595 -2.24702639  0.34000528
 -1.0786547  -0.41897904  0.26860588  0.0621467  -1.75312939 -0.20913702
 -0.67511358  2.87549823 -1.14535535 -1.21201667 -1.13581355  1.27732259
  1.62871172 -0.82095785  2.12136507 -1.46820613 -0.24975756 -0.89011433
 -2.95296122  3.10550644 -1.78652677  3.04651614 -1.36149812 -2.3596588
  3.78812758 -1.20239701 -0.59199836 -3.08497136 -2.49308027  2.98424101
 -1.94709182 -1.67017119 -0.39780895  2.9491908   0.15363255  0.02225561
 -1.62106711 -0.14949968 -1.6025759  -3.09547922  2.90099421  1.15148888
 -0.33074999 -2.33789425  1.0091289  -1.15911612 -0.27907095 -2.14552233
 -1.89490067  1.81336819 -0.98713268  2.56774528 -0.4329535  -3.10283739
 -2.83404852  2.03712938 -3.07268137 -0.25554293 -1.0299192  -0.19114949
  2.3783336   1.7187597  -0.28454014 -1.73880518 -3.03524773  0.11334898
 -0.83604627  1.47525335 -2.51765919  0.96278075 -0.0270629   0.21108242
  1.99590444  0.7572229   0.79298981 -1.22390189  1.58834307  2.55455359
  1.29399569  0.291274   -0.9956039   2.57248681  0.83620177 -2.24028504
 -0.00845162  1.71680832  1.07135579 -0.65893823 -2.30976652  2.42235697
  2.02898619  1.64714573  2.26470805  1.88308771 -2.13531172 -2.87289138
  0.52318185  1.38402186 -2.42112702 -1.30993347  2.44690953  1.25894746
  0.03798307 -1.75408877 -1.5667731   1.93308596  1.47089605 -0.80934182
 -0.1297601  -0.46595023 -0.16549368  2.38795462 -0.55307498 -0.65237804
  1.08006971 -2.28985248  1.01254209  2.55248988 -0.50610687  2.11220051
 -1.96885581 -0.86588389 -2.42196078 -2.30728077 -1.38315165 -2.92790664
  1.58565355  1.8475826   1.65267228  1.01992967  1.4279077  -2.3061177
 -2.70686077  1.75690694  1.00486021 -0.41988002 -2.62506743  1.56155986
 -1.22014221 -2.48566505  0.06113326]
Thu Jun 13 23:27:59 2024,685,0.08553058329217866,[-2.85461164  2.08087495 -1.60832951  0.06302434  0.4653679  -3.25594634
  3.2434842   2.08653428  1.03831289 -1.0044056   0.56478222  1.31489307
  1.30376599 -1.87853136  0.78494228  2.88409366 -0.38024289 -0.43003713
 -1.91704666  0.84234806  1.618682    2.89990276 -1.40083039 -0.43704642
 -2.18763615 -2.10749794  3.13145592  2.79765438 -0.71150799 -2.62182172
  1.53852186 -0.20130141 -2.42895636  1.85583199  1.12736018 -0.61402798
  1.08449468 -2.02364733 -0.22517287  2.26089276 -0.31970758  0.47790134
  2.41727301  0.5737836   2.637541    2.90583772  2.80800826 -2.9215007
  0.26962376 -0.39419346  1.72167518  2.99468384 -0.36321179 -2.35286375
  2.71508465 -3.18313757  0.54891864 -0.70029782 -1.73817411  3.0995434
 -1.97151154 -1.67294821 -2.54545086  2.36774428 -2.14586348  1.96764003
  1.73952183  1.46990928  2.536345    2.87748291  1.99225777  1.48167885
 -1.76605115 -2.39699443  1.15961532  0.57329077  1.59084384 -2.7774016
 -0.09995615  2.507628   -1.17459312  1.15041498  1.25118032  0.600553
 -0.953745    1.10617423  0.78300534 -0.38094012  2.80940951 -2.13671124
  1.58817476 -0.67152866  0.98349567 -3.21599248 -2.24714985  0.33988182
 -1.07877816 -0.41885557  0.26872934  0.06227016 -1.75325286 -0.20926048
 -0.67523704  2.87562169 -1.14523189 -1.21214013 -1.13569009  1.27744605
  1.62858826 -0.82108131  2.12148853 -1.46832959 -0.24988102 -0.88999086
 -2.95308469  3.10538298 -1.78640331  3.0466396  -1.36137466 -2.35953534
  3.78825104 -1.20227355 -0.59187489 -3.08509482 -2.49295681  2.98436447
 -1.94696836 -1.67029465 -0.39768549  2.94931426  0.15350909  0.02213215
 -1.62094365 -0.14962314 -1.60269936 -3.09560268  2.90111767  1.15161234
 -0.33062653 -2.33801771  1.00925236 -1.15923958 -0.27894749 -2.14564579
 -1.89502413  1.81324472 -0.98700922  2.56762182 -0.43307696 -3.10271393
 -2.83392506  2.03700592 -3.0725579  -0.25541947 -1.03004266 -0.19127295
  2.37821013  1.71888316 -0.28441668 -1.73892864 -3.0353712   0.11347244
 -0.83592281  1.47537681 -2.51753572  0.96265728 -0.02718636  0.21095896
  1.99578098  0.75709944  0.79286635 -1.22377843  1.58821961  2.55443013
  1.29411915  0.29115054 -0.99572736  2.57261027  0.83607831 -2.24016158
 -0.00832816  1.71693178  1.07147925 -0.65906169 -2.30988998  2.42248043
  2.02886273  1.64726919  2.26458459  1.88296425 -2.13518825 -2.87301484
  0.52305839  1.3838984  -2.42125048 -1.30981001  2.44678607  1.258824
  0.03785961 -1.75421223 -1.56664964  1.93320942  1.47077259 -0.80946528
 -0.12988356 -0.46607369 -0.16561714  2.38807808 -0.55295152 -0.65225458
  1.07994625 -2.28997594  1.01266555  2.55236642 -0.50623033  2.11207705
 -1.96897927 -0.86576043 -2.42208424 -2.30715731 -1.38327511 -2.9280301
  1.58553009  1.84745914  1.65254882  1.02005313  1.42803117 -2.30599424
 -2.70673731  1.7570304   1.00473675 -0.42000348 -2.62519089  1.5614364
 -1.22001874 -2.48554159  0.0610098 ]
Thu Jun 13 23:28:18 2024,686,0.08552875659736499,[-2.85477926  2.08070732 -1.60816189  0.06319197  0.46553552 -3.25611396
  3.24365183  2.08636666  1.03814527 -1.00457322  0.56494984  1.31472545
  1.30393361 -1.87836374  0.78477466  2.88426128 -0.38041052 -0.43020475
 -1.91721428  0.84218044  1.61851438  2.89973514 -1.40066277 -0.4368788
 -2.18780378 -2.10733031  3.13162354  2.79748676 -0.71134036 -2.62198935
  1.53835423 -0.20146903 -2.42912398  1.85566437  1.12719256 -0.61386036
  1.08432706 -2.02381495 -0.22500525  2.26072514 -0.3198752   0.47806896
  2.41710539  0.57361598  2.63770863  2.90600534  2.80817588 -2.92166832
  0.26979138 -0.39436109  1.7218428   2.99451622 -0.36337941 -2.35303137
  2.71491703 -3.18330519  0.54908626 -0.70046544 -1.73834173  3.09937578
 -1.97134392 -1.67278059 -2.54561848  2.36757666 -2.14569585  1.96780765
  1.7393542   1.4700769   2.53651263  2.87765053  1.99242539  1.48151122
 -1.76588353 -2.39716206  1.15978294  0.5734584   1.59101147 -2.77756923
 -0.10012377  2.50779562 -1.17476074  1.15024736  1.25101269  0.60038537
 -0.95357738  1.10600661  0.78283772 -0.38110774  2.80924188 -2.13654362
  1.58800713 -0.67136104  0.98332804 -3.21616011 -2.24698223  0.3397142
 -1.07861054 -0.41868795  0.26856172  0.06210254 -1.75342048 -0.20909286
 -0.67540466  2.87545406 -1.14506427 -1.2119725  -1.13585772  1.27761367
  1.62842064 -0.82124893  2.12132091 -1.46849722 -0.24971339 -0.88982324
 -2.95291706  3.1055506  -1.78657093  3.04680722 -1.36154228 -2.35936772
  3.78841866 -1.20210593 -0.59170727 -3.0849272  -2.49312443  2.98419685
 -1.94680073 -1.67012703 -0.39751787  2.94948188  0.15334147  0.02229977
 -1.62111127 -0.14979076 -1.60253174 -3.09543506  2.9012853   1.15177996
 -0.33045891 -2.33785008  1.00908474 -1.15907196 -0.27911511 -2.14581342
 -1.89485651  1.8130771  -0.98717685  2.5674542  -0.43290934 -3.10254631
 -2.83375744  2.0368383  -3.07272553 -0.25558709 -1.03021029 -0.19110533
  2.37837776  1.71871554 -0.28458431 -1.73909627 -3.03553882  0.11330482
 -0.83609043  1.47554443 -2.51770335  0.96248966 -0.02735398  0.21112658
  1.9959486   0.75693182  0.79269873 -1.22361081  1.58805199  2.55426251
  1.29395152  0.29131816 -0.99555974  2.57277789  0.83591069 -2.23999395
 -0.00849578  1.71676416  1.07164687 -0.65889407 -2.30972236  2.4223128
  2.02903035  1.64743681  2.26441696  1.88279663 -2.13502063 -2.87318247
  0.52322601  1.38373077 -2.42108286 -1.30997763  2.44695369  1.25899162
  0.03769199 -1.75404461 -1.56681726  1.93337705  1.47094021 -0.8096329
 -0.13005118 -0.46624131 -0.16544952  2.38791046 -0.5527839  -0.6524222
  1.07977863 -2.29014356  1.01283317  2.55219879 -0.50606271  2.11190942
 -1.96881164 -0.8655928  -2.42225186 -2.30698969 -1.38310749 -2.92786247
  1.58569771  1.84729152  1.65271644  1.02022075  1.42786354 -2.30616186
 -2.70656969  1.75686277  1.00456913 -0.41983586 -2.62535851  1.56160402
 -1.21985112 -2.48570921  0.06117742]
Thu Jun 13 23:28:38 2024,687,0.08550359897399389,[-2.855416    2.08134407 -1.60879863  0.06255523  0.46617226 -3.25547722
  3.24428857  2.0870034   1.03750853 -1.00393648  0.56558659  1.31536219
  1.30457036 -1.87900048  0.7854114   2.88362454 -0.38104726 -0.42956801
 -1.91785102  0.84281718  1.61915112  2.90037188 -1.40002603 -0.43624205
 -2.18844052 -2.10796705  3.1309868   2.79685001 -0.7119771  -2.62262609
  1.53771749 -0.20210577 -2.42848724  1.85502763  1.1278293  -0.61322362
  1.0849638  -2.02317821 -0.22436851  2.2600884  -0.31923846  0.47743222
  2.41774213  0.57425272  2.63707189  2.9053686   2.80753914 -2.92103158
  0.27042812 -0.39372435  1.72247954  2.99515296 -0.36274267 -2.35239463
  2.71555377 -3.18394193  0.549723   -0.6998287  -1.73770499  3.09873904
 -1.97070718 -1.67341733 -2.54625522  2.3682134  -2.14505911  1.96717091
  1.73999094  1.47071364  2.53587589  2.87828727  1.99306213  1.48087448
 -1.76524679 -2.39652532  1.16041968  0.57282165  1.59164821 -2.77820597
 -0.10076051  2.50715888 -1.17539748  1.1508841   1.25037595  0.60102211
 -0.95421412  1.10536987  0.78220098 -0.38174448  2.80860514 -2.13590688
  1.58737039 -0.67199778  0.9826913  -3.21552337 -2.24761897  0.34035094
 -1.0779738  -0.41805121  0.26792497  0.0614658  -1.75405722 -0.20845612
 -0.67476792  2.87481732 -1.14442753 -1.21133576 -1.13522098  1.27697693
  1.6277839  -0.82188567  2.12195765 -1.46913396 -0.24907665 -0.8891865
 -2.9535538   3.10491386 -1.78593419  3.04744396 -1.36090554 -2.35873098
  3.7890554  -1.20146919 -0.59234401 -3.08556394 -2.49376117  2.98483359
 -1.94616399 -1.66949029 -0.39815461  2.94884514  0.15397821  0.02293651
 -1.62047453 -0.14915402 -1.601895   -3.0960718   2.90192204  1.15241671
 -0.32982217 -2.33721334  1.008448   -1.15843521 -0.27975185 -2.14517667
 -1.89421977  1.81244036 -0.98781359  2.56809094 -0.4322726  -3.10318305
 -2.8331207   2.03747504 -3.07208879 -0.25622383 -1.02957354 -0.19046859
  2.3790145   1.7180788  -0.28394756 -1.73845953 -3.03617556  0.11266808
 -0.83672717  1.47618117 -2.51834009  0.96185292 -0.02799072  0.21176332
  1.99658534  0.75629508  0.79206199 -1.22297407  1.58741525  2.55362577
  1.29458826  0.2919549  -0.99619648  2.57341463  0.83527395 -2.24063069
 -0.00913252  1.71612742  1.07228361 -0.65825733 -2.30908562  2.42294955
  2.02839361  1.64807355  2.26378022  1.88343337 -2.13438389 -2.87254572
  0.52258927  1.38309403 -2.42044612 -1.31061437  2.44631695  1.25835488
  0.03705525 -1.75468135 -1.56618052  1.93274031  1.47030347 -0.80899616
 -0.12941444 -0.46560457 -0.16481278  2.38727372 -0.55214715 -0.65178546
  1.08041537 -2.28950682  1.01346991  2.55156205 -0.50669945  2.11127268
 -1.96944838 -0.86622954 -2.4228886  -2.30635295 -1.38247075 -2.92722573
  1.58633445  1.84665478  1.6520797   1.02085749  1.42850028 -2.3067986
 -2.70593295  1.75622603  1.00393239 -0.4204726  -2.62599526  1.56224076
 -1.21921438 -2.48634595  0.06054068]
Thu Jun 13 23:29:01 2024,688,0.0854996856286681,[-2.85574004  2.08166811 -1.60847459  0.06287927  0.46584822 -3.25580126
  3.24396453  2.08732744  1.03783257 -1.00426052  0.56526254  1.31503815
  1.30424631 -1.87932452  0.78508736  2.8833005  -0.3813713  -0.42924397
 -1.91752698  0.84314122  1.61882708  2.90004784 -1.39970199 -0.43591801
 -2.18876456 -2.10764301  3.13066276  2.79717406 -0.71165306 -2.62230205
  1.53739345 -0.20242982 -2.42881128  1.85470359  1.12815334 -0.61354766
  1.08528784 -2.02350225 -0.22469255  2.25976436 -0.31891442  0.47775626
  2.41806617  0.57457676  2.63674785  2.90569264  2.80786318 -2.92070754
  0.27075216 -0.39404839  1.7221555   2.995477   -0.36306671 -2.35207059
  2.71522973 -3.18361789  0.54939896 -0.69950466 -1.73802903  3.098415
 -1.97103122 -1.67374137 -2.54593118  2.36853744 -2.14538315  1.96749495
  1.74031498  1.47103768  2.53555185  2.87796323  1.99338617  1.48119852
 -1.76492275 -2.39620128  1.16009564  0.5731457   1.59132417 -2.77788193
 -0.10043647  2.50748292 -1.17507344  1.15056006  1.25005191  0.60069807
 -0.95389008  1.10569391  0.78252502 -0.38142044  2.80892918 -2.13623092
  1.58769443 -0.67232182  0.98236726 -3.21584741 -2.24729493  0.3400269
 -1.07764976 -0.41772717  0.26760093  0.06178984 -1.75438126 -0.20878016
 -0.67509196  2.87514136 -1.14475157 -1.21101172 -1.13554502  1.27665289
  1.62810794 -0.82220971  2.12163361 -1.469458   -0.24875261 -0.88951054
 -2.95322976  3.1052379  -1.78625823  3.047768   -1.36122958 -2.35840694
  3.78937944 -1.20179323 -0.59266805 -3.08588798 -2.49408521  2.98450955
 -1.94648803 -1.66981433 -0.39783057  2.9485211   0.15365417  0.02326055
 -1.62079857 -0.14947806 -1.60157096 -3.09574776  2.90224608  1.15274075
 -0.33014621 -2.33753738  1.00812396 -1.15811117 -0.2800759  -2.14485263
 -1.89454381  1.8127644  -0.98813763  2.56841498 -0.43259664 -3.10285901
 -2.83344474  2.037151   -3.07241283 -0.25589979 -1.02989759 -0.19079263
  2.37933854  1.71775476 -0.28362352 -1.73813549 -3.03585152  0.11299212
 -0.83640313  1.47650521 -2.51866413  0.96152888 -0.02831476  0.21208736
  1.99690938  0.75661912  0.79238603 -1.22265002  1.58709121  2.55330173
  1.2949123   0.29163086 -0.99652052  2.57309059  0.8349499  -2.24030665
 -0.00880848  1.71580338  1.07195957 -0.65858137 -2.30940966  2.42327359
  2.02806957  1.64839759  2.26345618  1.88310933 -2.13470793 -2.87222168
  0.52226523  1.38276999 -2.42077016 -1.31093841  2.44664099  1.25803084
  0.03737929 -1.75500539 -1.56585648  1.93306435  1.46997943 -0.80867212
 -0.1290904  -0.46592861 -0.16513682  2.38694968 -0.55182311 -0.65146142
  1.08073941 -2.28983086  1.01314587  2.55123801 -0.50637541  2.11159672
 -1.96977243 -0.86655358 -2.42256456 -2.30602891 -1.38279479 -2.92754977
  1.58665849  1.84697882  1.65240374  1.02118153  1.42882432 -2.30712264
 -2.70560891  1.75655007  1.00360835 -0.42014856 -2.62567121  1.56191672
 -1.21889034 -2.48666999  0.06021664]
Thu Jun 13 23:29:18 2024,689,0.08549637162923789,[-2.85664107  2.08076708 -1.60757357  0.06197824  0.46494719 -3.25670228
  3.24486555  2.08822847  1.03693154 -1.00516155  0.56616357  1.31593918
  1.30334529 -1.88022555  0.78598838  2.88239948 -0.38227232 -0.43014499
 -1.91842801  0.8422402   1.61792606  2.90094887 -1.39880096 -0.43681904
 -2.18786353 -2.10674199  3.12976173  2.79807508 -0.71255409 -2.62320307
  1.53649243 -0.20152879 -2.42791026  1.85560461  1.12905436 -0.61444868
  1.08438681 -2.02440328 -0.22379152  2.26066538 -0.3180134   0.47685524
  2.41896719  0.57367573  2.63764887  2.90479162  2.80876421 -2.92160857
  0.26985114 -0.39494941  1.72125448  2.99637803 -0.36396774 -2.35297162
  2.71613076 -3.18451892  0.54849793 -0.69860364 -1.73893005  3.09931602
 -1.97193224 -1.6746424  -2.54503016  2.36763642 -2.14448213  1.96659393
  1.74121601  1.4719387   2.53465082  2.87886426  1.99248515  1.4802975
 -1.76582377 -2.3971023   1.15919461  0.57404672  1.59042314 -2.77878295
 -0.1013375   2.50838395 -1.17417242  1.14965903  1.25095294  0.59979705
 -0.9547911   1.10479288  0.78342604 -0.38232147  2.80802816 -2.1353299
  1.58679341 -0.67322285  0.98146624 -3.21674843 -2.24819596  0.33912587
 -1.07674873 -0.41682615  0.26850196  0.06269087 -1.75348023 -0.20787914
 -0.67419094  2.87424034 -1.1456526  -1.21191275 -1.13464399  1.27575187
  1.62900896 -0.82311074  2.12073259 -1.47035902 -0.24785159 -0.89041157
 -2.95413079  3.10433687 -1.78715925  3.04686697 -1.36032855 -2.35750591
  3.78847842 -1.2008922  -0.59176703 -3.08678901 -2.49498623  2.98360852
 -1.94738906 -1.67071536 -0.39692954  2.94762007  0.15275314  0.02235952
 -1.61989755 -0.15037909 -1.60066993 -3.09664879  2.9031471   1.15183972
 -0.33104723 -2.33843841  1.00722293 -1.1590122  -0.27917487 -2.14395161
 -1.89364278  1.81366543 -0.98903865  2.56931601 -0.43169561 -3.10195798
 -2.83434576  2.03805202 -3.07331385 -0.25680082 -1.02899656 -0.19169365
  2.37843751  1.71685373 -0.28452455 -1.73903651 -3.03675254  0.1120911
 -0.83550211  1.47560419 -2.5177631   0.96242991 -0.02921579  0.21298839
  1.99600836  0.75571809  0.791485   -1.221749    1.58799224  2.5524007
  1.29401128  0.29253189 -0.99742155  2.57399162  0.83404888 -2.23940563
 -0.00790745  1.71490235  1.0728606  -0.65768034 -2.31031068  2.42237256
  2.0289706   1.64749657  2.26255516  1.8822083  -2.13560896 -2.87312271
  0.5213642   1.38367102 -2.41986913 -1.31003738  2.44754202  1.25893187
  0.03647826 -1.75590642 -1.56675751  1.93396537  1.47088046 -0.8077711
 -0.12999143 -0.46502759 -0.16603784  2.38604865 -0.55272414 -0.65236244
  1.07983838 -2.29073189  1.01224484  2.55033699 -0.50547438  2.1106957
 -1.9688714  -0.86745461 -2.42346559 -2.30692993 -1.38189376 -2.9284508
  1.58755952  1.84607779  1.65150271  1.0202805   1.4279233  -2.30802367
 -2.70650994  1.7574511   1.00270732 -0.42104959 -2.62477019  1.56101569
 -1.21798931 -2.48757102  0.06111767]
Thu Jun 13 23:29:47 2024,690,0.08549731468156782,[-2.85704511  2.08036303 -1.60716952  0.0615742   0.46535124 -3.25629824
  3.24446151  2.08863251  1.0365275  -1.00556559  0.56656762  1.31634322
  1.30294124 -1.8798215   0.78558434  2.88199543 -0.38186828 -0.43054904
 -1.91883206  0.84183615  1.6183301   2.90054482 -1.39920501 -0.436415
 -2.18745949 -2.10714603  3.12935769  2.79767104 -0.71215005 -2.62279903
  1.53608838 -0.20112474 -2.4283143   1.85520057  1.12865032 -0.61404464
  1.08479086 -2.02399924 -0.22338748  2.26026134 -0.31841744  0.47645119
  2.41937124  0.57327169  2.63724483  2.90438757  2.80836016 -2.92201261
  0.26944709 -0.39535346  1.72165852  2.99597398 -0.36437178 -2.35337566
  2.7165348  -3.18492296  0.54890198 -0.69819959 -1.7393341   3.09891198
 -1.9715282  -1.67504644 -2.5454342   2.36804046 -2.14488617  1.96618988
  1.74081197  1.47234275  2.53505486  2.87846021  1.9920811   1.47989345
 -1.76541973 -2.39669826  1.15879057  0.57364268  1.59082718 -2.779187
 -0.10093345  2.50878799 -1.17376837  1.15006308  1.25135698  0.599393
 -0.95519515  1.10519693  0.783022   -0.38272551  2.80762411 -2.13492585
  1.58719745 -0.6728188   0.98187028 -3.21634439 -2.2486      0.33872183
 -1.07715277 -0.41723019  0.26890601  0.06228682 -1.75307619 -0.20828318
 -0.67459498  2.87383629 -1.14524855 -1.21231679 -1.13504803  1.27615591
  1.62860492 -0.82351478  2.12032854 -1.47076307 -0.24744754 -0.89000752
 -2.95372674  3.10393283 -1.78675521  3.04727102 -1.35992451 -2.35710187
  3.78807437 -1.20048816 -0.59136298 -3.08638496 -2.49458219  2.98401257
 -1.9477931  -1.67031131 -0.39733359  2.94721603  0.15315719  0.02195548
 -1.6194935  -0.14997504 -1.60026588 -3.09624474  2.90355115  1.15143568
 -0.33064319 -2.33884245  1.00762698 -1.15860816 -0.27957891 -2.14435565
 -1.89404683  1.81406947 -0.98863461  2.56891196 -0.43209966 -3.10155394
 -2.83394172  2.03845607 -3.07290981 -0.25639677 -1.0294006  -0.19128961
  2.37884156  1.71644969 -0.28412051 -1.73944056 -3.0363485   0.11168705
 -0.83509806  1.47520014 -2.51735906  0.96202586 -0.02961983  0.21339243
  1.99560431  0.75612214  0.79188905 -1.22134495  1.58839628  2.55280475
  1.29441532  0.29293593 -0.9970175   2.57439566  0.83445292 -2.23900158
 -0.0083115   1.7153064   1.07326464 -0.6572763  -2.30990664  2.42196851
  2.02937464  1.64709252  2.26215111  1.88180426 -2.136013   -2.87352675
  0.52176825  1.38326697 -2.41946509 -1.31044143  2.44713797  1.25852782
  0.03607422 -1.75631046 -1.56716155  1.93356133  1.4712845  -0.80817514
 -0.12958738 -0.46462354 -0.1656338   2.38564461 -0.55312819 -0.6519584
  1.08024243 -2.29032785  1.0118408   2.55074103 -0.50507034  2.11029165
 -1.96846735 -0.86705057 -2.42386963 -2.30733398 -1.38148972 -2.92804676
  1.58796356  1.84648184  1.65190676  1.01987646  1.42751925 -2.30842771
 -2.70610589  1.75704706  1.00230328 -0.42064554 -2.62436614  1.56141974
 -1.21758527 -2.48797506  0.06152171]
Thu Jun 13 23:30:04 2024,691,0.08530513560137723,[-2.8553154   2.07863333 -1.60543981  0.05984449  0.46362153 -3.25456853
  3.24619122  2.0869028   1.03825721 -1.00383589  0.56829732  1.31461351
  1.30467095 -1.87809179  0.78385463  2.88026572 -0.38359799 -0.43227875
 -1.91710235  0.84356586  1.62005981  2.90227453 -1.3974753  -0.4381447
 -2.1891892  -2.10887574  3.1310874   2.79594133 -0.71387975 -2.62106932
  1.53435867 -0.20285445 -2.42658459  1.85347086  1.12692061 -0.61577435
  1.08306115 -2.02226953 -0.22165777  2.25853163 -0.32014715  0.4781809
  2.42110095  0.57154198  2.63551512  2.90265786  2.81008987 -2.9202829
  0.26771738 -0.39362375  1.71992881  2.99770369 -0.36610149 -2.35164595
  2.71480509 -3.18665267  0.54717227 -0.69646988 -1.73760439  3.09718227
 -1.97325791 -1.67331673 -2.54716391  2.36977017 -2.14661588  1.96791959
  1.73908226  1.47061304  2.53332516  2.88018992  1.99381081  1.48162316
 -1.76369002 -2.39496855  1.16052028  0.57537239  1.58909747 -2.78091671
 -0.10266316  2.5105177  -1.17203866  1.14833337  1.24962727  0.60112271
 -0.95346544  1.10692664  0.78475171 -0.38445522  2.8058944  -2.13665556
  1.58546774 -0.67454851  0.98359999 -3.21461468 -2.25032971  0.34045154
 -1.07888248 -0.4189599   0.27063571  0.06401653 -1.7548059  -0.21001289
 -0.67286527  2.875566   -1.14697826 -1.21058708 -1.13677774  1.2744262
  1.62687521 -0.82524449  2.12205825 -1.46903336 -0.24571783 -0.89173723
 -2.95545645  3.10566254 -1.7850255   3.04900073 -1.36165422 -2.35537216
  3.78634466 -1.20221787 -0.58963327 -3.08811467 -2.4963119   2.98574228
 -1.94952281 -1.6685816  -0.3990633   2.94894574  0.15142748  0.02368519
 -1.61776379 -0.14824533 -1.60199559 -3.09797445  2.90182144  1.14970597
 -0.32891348 -2.34057216  1.00589727 -1.15687845 -0.28130862 -2.14608536
 -1.89577654  1.81579918 -0.9869049   2.56718225 -0.43382937 -3.10328365
 -2.83567143  2.04018578 -3.07463952 -0.25466706 -1.03113031 -0.19301932
  2.38057127  1.71471998 -0.28585021 -1.73771085 -3.03807821  0.11341676
 -0.83682777  1.47347043 -2.51908877  0.96029615 -0.02789012  0.21166272
  1.9938746   0.75439243  0.79361876 -1.21961524  1.59012599  2.55453446
  1.29268561  0.29466564 -0.99874721  2.57612537  0.83272321 -2.23727187
 -0.01004121  1.7170361   1.07153493 -0.65554659 -2.31163635  2.42023881
  2.02764493  1.64882223  2.2604214   1.88007455 -2.13428329 -2.87179705
  0.52003854  1.38153726 -2.41773538 -1.30871172  2.44886768  1.25679812
  0.03780393 -1.75458075 -1.56543184  1.93529104  1.47301421 -0.80990485
 -0.12785767 -0.46289383 -0.16736351  2.3839149  -0.55485789 -0.65368811
  1.08197214 -2.29205755  1.01011109  2.54901132 -0.50680005  2.10856194
 -1.97019706 -0.86532086 -2.42213992 -2.30560427 -1.37976001 -2.92631705
  1.58623385  1.84475213  1.65017705  1.01814675  1.42578954 -2.31015742
 -2.7078356   1.75531735  1.00403299 -0.42237525 -2.62263643  1.55969003
 -1.21585556 -2.48970477  0.06325142]
Thu Jun 13 23:30:22 2024,692,0.08530230481258627,[-2.85492292  2.07824084 -1.60504732  0.059452    0.46401402 -3.25417604
  3.24658371  2.08729529  1.03786472 -1.00422837  0.56790484  1.31422102
  1.30427846 -1.8776993   0.78424712  2.88065821 -0.38399048 -0.43267124
 -1.91749484  0.84395835  1.6204523   2.90266702 -1.39708281 -0.43853719
 -2.18958168 -2.10926823  3.13069491  2.79554884 -0.71348727 -2.62067683
  1.53396618 -0.20246196 -2.42697708  1.85386335  1.1273131  -0.61538186
  1.08345364 -2.02187704 -0.22205026  2.25813914 -0.32053964  0.47778841
  2.42070846  0.57114949  2.63512263  2.90305035  2.81048236 -2.92067539
  0.26732489 -0.39401624  1.71953632  2.99809618 -0.365709   -2.35125346
  2.71519758 -3.18704516  0.54677978 -0.69607739 -1.7372119   3.09678978
 -1.9736504  -1.67370922 -2.5475564   2.36937768 -2.14700837  1.96831208
  1.73868977  1.47022055  2.53293267  2.88058241  1.9942033   1.48201565
 -1.76329753 -2.39457606  1.16091277  0.5749799   1.58948996 -2.78052422
 -0.10227067  2.51091019 -1.17243115  1.14794088  1.24923478  0.60073022
 -0.95307295  1.10731913  0.78435922 -0.38484771  2.80550191 -2.13626307
  1.58507525 -0.67415602  0.98399248 -3.21422219 -2.2507222   0.34005905
 -1.07848999 -0.41856741  0.27024323  0.06362404 -1.75519839 -0.21040538
 -0.67325776  2.87595849 -1.14737075 -1.21019459 -1.13638525  1.27481869
  1.6272677  -0.82563698  2.12166576 -1.46942585 -0.24532534 -0.89134474
 -2.95506396  3.10527005 -1.78541799  3.04939322 -1.36204671 -2.35497967
  3.78673715 -1.20182538 -0.59002576 -3.08772218 -2.49591941  2.98534979
 -1.9499153  -1.66897409 -0.39867081  2.94933823  0.15103499  0.02407768
 -1.6173713  -0.14785285 -1.60238808 -3.09836694  2.90142895  1.14931348
 -0.32852099 -2.34096465  1.00550478 -1.15727094 -0.28170111 -2.14569287
 -1.89616902  1.81619167 -0.98651241  2.56678976 -0.43343688 -3.10367614
 -2.83606392  2.03979329 -3.07424703 -0.25427457 -1.03073782 -0.19341181
  2.38017878  1.71432749 -0.28545773 -1.73810334 -3.03768572  0.11302427
 -0.83722026  1.47386292 -2.51948126  0.96068864 -0.02749763  0.21127024
  1.99348211  0.75478492  0.79322627 -1.22000773  1.5897335   2.55414197
  1.2930781   0.29427315 -0.99835472  2.57651786  0.83233072 -2.23687938
 -0.0104337   1.71742859  1.07192742 -0.6551541  -2.31202884  2.41984632
  2.02803742  1.64842974  2.26081389  1.88046704 -2.1338908  -2.87218953
  0.52043103  1.38114477 -2.41734289 -1.30831923  2.44847519  1.2571906
  0.03819642 -1.75497324 -1.56582433  1.93568353  1.4734067  -0.81029734
 -0.12825016 -0.46328632 -0.16697102  2.38352241 -0.55525038 -0.6540806
  1.08236463 -2.29166507  1.0097186   2.54940381 -0.50719254  2.10895443
 -1.96980457 -0.86492837 -2.42253241 -2.30599676 -1.37936752 -2.92670954
  1.58662634  1.84435964  1.64978456  1.01853924  1.42539705 -2.31054991
 -2.70822809  1.75570984  1.0036405  -0.42198276 -2.62302892  1.55929754
 -1.21546307 -2.48931228  0.06364391]
Thu Jun 13 23:30:40 2024,693,0.08528902106052069,[-2.85578243  2.07738132 -1.6041878   0.05859248  0.46487354 -3.25331652
  3.24744322  2.08815481  1.0370052  -1.00336886  0.56704532  1.31508054
  1.30341895 -1.87683978  0.7833876   2.87979869 -0.38313096 -0.43181172
 -1.91835435  0.84481787  1.61959278  2.9018075  -1.39794233 -0.43767768
 -2.18872217 -2.10840871  3.12983539  2.79640836 -0.71262775 -2.61981731
  1.5348257  -0.20332148 -2.4278366   1.85472287  1.12817262 -0.61452234
  1.08431315 -2.02101752 -0.22119074  2.25727962 -0.32139916  0.47864793
  2.41984894  0.57028997  2.63426311  2.90390987  2.81134188 -2.92153491
  0.26818441 -0.39487576  1.72039584  2.99723666 -0.36484948 -2.35039394
  2.7160571  -3.18618564  0.54592026 -0.69521787 -1.73807142  3.09593026
 -1.97450992 -1.67456874 -2.54669688  2.3702372  -2.14786789  1.96745256
  1.73954929  1.47108007  2.53379219  2.88144193  1.99506282  1.48287517
 -1.76415705 -2.39543558  1.16005325  0.57412038  1.58863045 -2.78138374
 -0.10141116  2.51176971 -1.17157163  1.14708136  1.24837527  0.5998707
 -0.95221343  1.10817864  0.78521874 -0.38398819  2.80636143 -2.13540355
  1.58421574 -0.67501554  0.98313296 -3.21508171 -2.25158172  0.33919953
 -1.07934951 -0.41770789  0.26938371  0.06276452 -1.75433887 -0.2112649
 -0.67411728  2.87509897 -1.14651123 -1.20933508 -1.13724477  1.27567821
  1.62812722 -0.8264965   2.12252528 -1.47028537 -0.24446583 -0.89048522
 -2.95592348  3.10441053 -1.78455847  3.05025274 -1.36118719 -2.35412015
  3.78759667 -1.20096586 -0.59088528 -3.0885817  -2.49677893  2.98620931
 -1.94905578 -1.66811457 -0.39781129  2.94847871  0.15189451  0.0249372
 -1.61823082 -0.14699333 -1.6032476  -3.09750742  2.90228847  1.14845396
 -0.32766147 -2.34182417  1.0063643  -1.15641142 -0.28256063 -2.14483335
 -1.89702854  1.81533215 -0.98737193  2.56764928 -0.4342964  -3.10453566
 -2.8352044   2.04065281 -3.07510655 -0.25513409 -1.02987831 -0.19255229
  2.37931926  1.71518701 -0.28459821 -1.73896285 -3.0368262   0.11388379
 -0.83636074  1.4730034  -2.51862174  0.95982912 -0.02835715  0.21212975
  1.9926226   0.7539254   0.79408579 -1.21914822  1.58887398  2.55500149
  1.29393762  0.29341363 -0.9974952   2.57737738  0.83319024 -2.2377389
 -0.00957418  1.71828811  1.07278694 -0.65601362 -2.31116932  2.4189868
  2.0271779   1.64757022  2.25995437  1.88132655 -2.13475032 -2.87304905
  0.51957151  1.38028526 -2.41820241 -1.30745971  2.44761567  1.25633109
  0.0373369  -1.75583276 -1.56496481  1.93654304  1.47426622 -0.81115686
 -0.12910968 -0.4624268  -0.16783054  2.38266289 -0.5561099  -0.65322108
  1.08322414 -2.29252458  1.00885908  2.55026333 -0.50633302  2.10981395
 -1.97066409 -0.86578789 -2.42339193 -2.30685628 -1.38022704 -2.92756905
  1.58748586  1.84350012  1.64892504  1.01939876  1.42625657 -2.31140943
 -2.70908761  1.75656936  1.00278098 -0.42284228 -2.62388844  1.55843802
 -1.21460355 -2.48845276  0.06278439]
Thu Jun 13 23:30:57 2024,694,0.0850134424878306,[-2.85764061  2.07923949 -1.60232963  0.05673431  0.46673171 -3.2551747
  3.2493014   2.09001298  1.03886337 -1.00151068  0.56518714  1.31693872
  1.30527712 -1.87869796  0.78152942  2.87794052 -0.38498913 -0.42995355
 -1.92021253  0.84667604  1.62145095  2.90366567 -1.3998005  -0.43953585
 -2.18686399 -2.10655054  3.13169356  2.79826653 -0.71448592 -2.62167548
  1.53668388 -0.20146331 -2.42969477  1.85286469  1.13003079 -0.61266417
  1.08617133 -2.02287569 -0.21933257  2.25913779 -0.32325733  0.47678976
  2.41799077  0.57214815  2.63240494  2.90576804  2.81320005 -2.92339308
  0.26632624 -0.39301758  1.71853767  2.99537849 -0.36299131 -2.35225212
  2.71791527 -3.18804381  0.54777843 -0.69707605 -1.73992959  3.09407209
 -1.97265174 -1.67271057 -2.54855505  2.36837903 -2.14600972  1.96559439
  1.73769111  1.47293824  2.53193401  2.87958375  1.99320464  1.481017
 -1.76229887 -2.3935774   1.15819507  0.57597855  1.58677227 -2.78324191
 -0.10326933  2.50991154 -1.17342981  1.14893953  1.25023344  0.60172888
 -0.9540716   1.11003682  0.78707691 -0.38213002  2.80821961 -2.13354538
  1.58235756 -0.67315737  0.98499113 -3.21322353 -2.25343989  0.3410577
 -1.07749134 -0.41584972  0.27124188  0.0646227  -1.75619704 -0.21312307
 -0.67225911  2.87695715 -1.14836941 -1.21119325 -1.1353866   1.27382004
  1.62998539 -0.82835467  2.12438345 -1.46842719 -0.24260765 -0.8923434
 -2.95778166  3.10255236 -1.78641664  3.04839456 -1.35932902 -2.35226197
  3.7857385  -1.20282403 -0.58902711 -3.09043987 -2.49492076  2.98435113
 -1.95091396 -1.66997275 -0.39966946  2.94662054  0.15003634  0.02307902
 -1.61637265 -0.1488515  -1.60138943 -3.09936559  2.90043029  1.15031213
 -0.32951965 -2.339966    1.00822247 -1.15455324 -0.28070246 -2.14669153
 -1.89517037  1.81719033 -0.9892301   2.56950746 -0.43615457 -3.10639383
 -2.83706257  2.04251098 -3.07324837 -0.25699226 -1.02802013 -0.19069411
  2.38117743  1.71332883 -0.28274003 -1.73710468 -3.03868437  0.11574196
 -0.83821892  1.47114523 -2.51676356  0.95797095 -0.03021533  0.21027158
  1.99448077  0.75206722  0.79594396 -1.21729004  1.59073216  2.55685966
  1.29207945  0.29155546 -0.99563703  2.57551921  0.83133207 -2.23959708
 -0.01143235  1.71642994  1.07464511 -0.65415544 -2.30931114  2.42084497
  2.02903607  1.6494284   2.26181255  1.88318473 -2.1366085  -2.87490723
  0.51771333  1.38214343 -2.41634424 -1.30560154  2.44947385  1.25447291
  0.03547872 -1.75769094 -1.56682299  1.93468487  1.47612439 -0.81301503
 -0.13096785 -0.46428498 -0.16968871  2.38080472 -0.55425173 -0.6513629
  1.08508232 -2.29438276  1.01071725  2.54840516 -0.50447485  2.10795578
 -1.96880592 -0.86764606 -2.42153376 -2.3049981  -1.37836887 -2.92571088
  1.58934403  1.8453583   1.64706687  1.01754058  1.4243984  -2.30955126
 -2.71094578  1.75842753  1.00463915 -0.42098411 -2.62203027  1.55657985
 -1.21646173 -2.49031094  0.06092622]
Thu Jun 13 23:31:14 2024,695,0.08497509781898131,[-2.85642136  2.08045874 -1.60354888  0.05551506  0.46795096 -3.25395545
  3.24808215  2.09123223  1.03764413 -1.00272993  0.5639679   1.31815796
  1.30405787 -1.87747871  0.78274867  2.87672127 -0.38620838 -0.4287343
 -1.92143177  0.8454568   1.6226702   2.90488492 -1.40101975 -0.4407551
 -2.18808324 -2.10776978  3.13047432  2.79948578 -0.71570517 -2.62045624
  1.53790312 -0.20268256 -2.42847553  1.85408394  1.13125004 -0.61144492
  1.08495208 -2.02409494 -0.21811332  2.26035704 -0.32447658  0.47557051
  2.41921001  0.5709289   2.63362418  2.9045488   2.8144193  -2.92461233
  0.26754548 -0.39179834  1.71731842  2.99415924 -0.36421056 -2.35103287
  2.71913452 -3.18682457  0.54899768 -0.69829529 -1.74114884  3.09285284
 -1.9714325  -1.67149132 -2.5497743   2.36959827 -2.14479047  1.96681363
  1.73647187  1.471719    2.53071476  2.87836451  1.9919854   1.48223624
 -1.76351812 -2.39479665  1.15941432  0.5771978   1.58555302 -2.78202266
 -0.10448858  2.50869229 -1.17464905  1.14772029  1.24901419  0.60294812
 -0.95285236  1.10881757  0.78585766 -0.38334926  2.80700036 -2.13476463
  1.58113832 -0.67437662  0.98621038 -3.21444278 -2.25222064  0.34227695
 -1.07627209 -0.41706896  0.27002263  0.06340345 -1.7549778  -0.21434232
 -0.67103986  2.8757379  -1.14715016 -1.209974   -1.13660585  1.27260079
  1.62876614 -0.82713543  2.12316421 -1.46964644 -0.2438269  -0.89356264
 -2.9590009   3.10133311 -1.78763589  3.04961381 -1.36054826 -2.35104273
  3.78695775 -1.20404328 -0.58780786 -3.09165912 -2.49614     2.98313189
 -1.9521332  -1.67119199 -0.40088871  2.94540129  0.15125558  0.02429827
 -1.61759189 -0.15007075 -1.60260868 -3.09814635  2.90164954  1.15153138
 -0.3283004  -2.33874675  1.00700322 -1.153334   -0.2819217  -2.14791077
 -1.89638962  1.81597108 -0.98801086  2.5707267  -0.43737382 -3.10517458
 -2.83584332  2.04373023 -3.07202913 -0.25821151 -1.02923938 -0.19191336
  2.38239668  1.71454808 -0.28152079 -1.73832393 -3.03746513  0.11452272
 -0.83699967  1.47236447 -2.51798281  0.9591902  -0.02899608  0.21149083
  1.99570002  0.75084798  0.79716321 -1.21850929  1.58951291  2.55807891
  1.2908602   0.2927747  -0.99685628  2.57673845  0.83011282 -2.23837783
 -0.0126516   1.71521069  1.07342587 -0.6529362  -2.3080919   2.41962572
  2.02781683  1.64820915  2.26303179  1.88440397 -2.13782774 -2.87612647
  0.51649409  1.38092418 -2.41512499 -1.30438229  2.4482546   1.25325367
  0.03669797 -1.75647169 -1.56804223  1.93346562  1.47490515 -0.81179578
 -0.1321871  -0.46306573 -0.16846946  2.38202396 -0.55303248 -0.65014366
  1.08386307 -2.295602    1.0119365   2.54718591 -0.5032556   2.10917503
 -1.96758667 -0.86886531 -2.42031451 -2.30377886 -1.37958811 -2.92693013
  1.58812479  1.84657754  1.64828611  1.01875983  1.42561765 -2.3107705
 -2.71216503  1.75964678  1.00341991 -0.42220335 -2.62324952  1.5553606
 -1.21524248 -2.49153018  0.05970697]
Thu Jun 13 23:31:31 2024,696,0.08495264147958397,[-2.85724583  2.07963427 -1.60272441  0.05469059  0.46877543 -3.25313098
  3.24890662  2.09040776  1.03681965 -1.00190546  0.56314343  1.31898243
  1.30488234 -1.87665424  0.78357314  2.8758968  -0.38703285 -0.42955877
 -1.92225625  0.84628127  1.62349467  2.90406045 -1.40184422 -0.43993062
 -2.18890771 -2.10694531  3.12964985  2.80031025 -0.71652964 -2.61963177
  1.53707865 -0.20350703 -2.42765106  1.85325947  1.13207451 -0.61062045
  1.08412761 -2.02491941 -0.21893779  2.26118151 -0.32365211  0.47639498
  2.42003448  0.57010443  2.63279971  2.90537327  2.81359483 -2.9254368
  0.26672101 -0.39097387  1.71649395  2.99333477 -0.36338609 -2.3502084
  2.71995899 -3.1860001   0.54982215 -0.69911976 -1.74032437  3.09367731
 -1.97060803 -1.67231579 -2.54894983  2.3687738  -2.14561494  1.96598916
  1.73729634  1.47254347  2.53153924  2.87754004  1.99116093  1.48306071
 -1.76269365 -2.39397218  1.16023879  0.57802227  1.58472855 -2.78284713
 -0.10531305  2.50951676 -1.17547352  1.14854476  1.24983866  0.60212365
 -0.95367683  1.1079931   0.78668213 -0.38417373  2.80617589 -2.1355891
  1.58031384 -0.67355214  0.98703485 -3.21361831 -2.25304512  0.34145248
 -1.07709656 -0.41789343  0.26919816  0.06257898 -1.75415332 -0.21516679
 -0.67021539  2.87491343 -1.14797463 -1.20914953 -1.13743032  1.27177632
  1.62794167 -0.8279599   2.12398868 -1.46882197 -0.24300243 -0.89438711
 -2.95817643  3.10050864 -1.78846036  3.05043828 -1.36137273 -2.3518672
  3.78778222 -1.20321881 -0.58698339 -3.09083465 -2.49531553  2.98395636
 -1.95130873 -1.67036752 -0.40006424  2.94457682  0.15043111  0.0234738
 -1.61841636 -0.14924628 -1.6017842  -3.09897082  2.90082507  1.15235585
 -0.32747593 -2.33957122  1.00617875 -1.15415847 -0.28109723 -2.1470863
 -1.89721409  1.81679555 -0.98883533  2.56990223 -0.43654935 -3.10599905
 -2.83666779  2.0445547  -3.07120466 -0.25903598 -1.03006385 -0.19108889
  2.38322115  1.71372361 -0.28069632 -1.7391484  -3.0382896   0.11369825
 -0.8361752   1.47154    -2.51715834  0.95836572 -0.02817161  0.21066636
  1.99652449  0.75002351  0.79798768 -1.21768482  1.58868844  2.55725444
  1.29003573  0.29195023 -0.99603181  2.57756292  0.83093729 -2.2392023
 -0.01347607  1.71438622  1.07425034 -0.65211173 -2.30891637  2.4204502
  2.0286413   1.64903362  2.26220732  1.8835795  -2.13700327 -2.875302
  0.51731856  1.38174865 -2.41430052 -1.30355782  2.44743013  1.25407814
  0.03752244 -1.75564722 -1.56721776  1.93264115  1.47408067 -0.81097131
 -0.13136263 -0.4638902  -0.16764499  2.38284843 -0.55220801 -0.65096813
  1.0830386  -2.29477753  1.01111203  2.54636144 -0.50243113  2.10835055
 -1.96841114 -0.86968978 -2.42113898 -2.30460333 -1.38041258 -2.9277546
  1.58730032  1.84575307  1.64746164  1.01793536  1.42479318 -2.31159497
 -2.7129895   1.76047125  1.00259544 -0.42302782 -2.62242504  1.55618507
 -1.21606695 -2.49070571  0.0588825 ]
Thu Jun 13 23:31:48 2024,697,0.08491091162958767,[-2.85827921  2.07860089 -1.60169102  0.05572397  0.46980881 -3.25416436
  3.24787324  2.09144114  1.03785304 -1.00293884  0.56417681  1.32001581
  1.30591572 -1.87562086  0.78253976  2.87486342 -0.38806623 -0.43059215
 -1.92328963  0.84524788  1.62246129  2.90302707 -1.4028776  -0.43889724
 -2.18787433 -2.10591193  3.13068323  2.79927687 -0.71549626 -2.62066515
  1.53604527 -0.20247365 -2.42661767  1.85429285  1.13104113 -0.61165383
  1.08309423 -2.02595279 -0.21997117  2.26221489 -0.32468549  0.47742836
  2.4190011   0.57113781  2.63383309  2.90640665  2.81256145 -2.92647018
  0.26568763 -0.39200725  1.71752733  2.99230139 -0.36441947 -2.34917502
  2.71892561 -3.18703348  0.54878877 -0.70015315 -1.74135775  3.09264393
 -1.97164141 -1.67128241 -2.54998321  2.36774042 -2.14664832  1.96495578
  1.73626296  1.47151009  2.53257262  2.87857342  1.99012755  1.4840941
 -1.76372703 -2.39500556  1.15920541  0.57698889  1.58576194 -2.78388052
 -0.10427967  2.51055014 -1.17444014  1.14957814  1.24880528  0.60109027
 -0.95264345  1.10695972  0.78564875 -0.38314035  2.80720927 -2.13455571
  1.58134723 -0.67251876  0.98806823 -3.21258493 -2.25201173  0.34248586
 -1.07606318 -0.41686005  0.26816478  0.06361236 -1.75311994 -0.21413341
 -0.66918201  2.87388005 -1.14694125 -1.20811615 -1.1384637   1.27074294
  1.62897506 -0.82899328  2.12502206 -1.46778859 -0.24196905 -0.8954205
 -2.95714305  3.10154202 -1.78949374  3.0494049  -1.36033935 -2.35083382
  3.7888156  -1.20425219 -0.58801677 -3.08980127 -2.49428215  2.98498974
 -1.95234211 -1.66933414 -0.40109762  2.9456102   0.15146449  0.02244042
 -1.61738298 -0.14821289 -1.60075082 -3.09793744  2.89979169  1.15338923
 -0.32850931 -2.33853784  1.00721213 -1.15519185 -0.28006385 -2.14811969
 -1.89618071  1.81782893 -0.98780194  2.56886885 -0.43758273 -3.10703243
 -2.83770118  2.04352132 -3.07017127 -0.2580026  -1.03109723 -0.19005551
  2.38218777  1.71475699 -0.27966293 -1.73811502 -3.03932298  0.11473163
 -0.83720858  1.47257339 -2.51819172  0.95939911 -0.02920499  0.20963297
  1.99549111  0.74899012  0.79902106 -1.21665144  1.58765506  2.55828782
  1.28900235  0.29298361 -0.99499843  2.57652954  0.82990391 -2.23816892
 -0.01450945  1.7154196   1.07528372 -0.65107834 -2.30994975  2.41941681
  2.02760792  1.64800024  2.26117394  1.88254612 -2.13803665 -2.87633538
  0.51835194  1.38071527 -2.41326714 -1.30252444  2.44846351  1.25511152
  0.03648906 -1.7566806  -1.56618438  1.93367453  1.47511406 -0.81200469
 -0.13239601 -0.46285682 -0.16867838  2.38388181 -0.55324139 -0.64993475
  1.08200522 -2.29581092  1.01007865  2.54739482 -0.50346451  2.10731717
 -1.96737776 -0.87072316 -2.42217236 -2.30356995 -1.38144596 -2.92672122
  1.58626694  1.84471969  1.64849503  1.01690198  1.42375979 -2.31056159
 -2.71402288  1.76150463  1.00362882 -0.4240612  -2.62139166  1.55515169
 -1.21710033 -2.4917391   0.05991588]
Thu Jun 13 23:32:04 2024,698,0.08490091593072199,[-2.8577345   2.0791456  -1.60223574  0.05517926  0.46926409 -3.25361965
  3.24732853  2.09198586  1.03730832 -1.00348355  0.56363209  1.32056053
  1.30646044 -1.87507615  0.78199505  2.87540814 -0.38752152 -0.43113686
 -1.92383434  0.84470317  1.623006    2.90357178 -1.40233289 -0.43835253
 -2.18732961 -2.10536722  3.13013852  2.79982158 -0.71495154 -2.62120986
  1.53550056 -0.20192893 -2.42607296  1.85374814  1.13158584 -0.61110912
  1.08254952 -2.02540808 -0.22051588  2.2627596  -0.32414078  0.47797308
  2.41954581  0.5705931   2.63328838  2.90586194  2.81201674 -2.92592547
  0.26514292 -0.39255196  1.71807204  2.9928461  -0.36496418 -2.3486303
  2.7183809  -3.18648876  0.54824406 -0.69960843 -1.74190246  3.09318864
 -1.97218612 -1.67182712 -2.5494385   2.36719571 -2.14610361  1.96441107
  1.73680767  1.47096537  2.5320279   2.87802871  1.98958283  1.48354938
 -1.76427175 -2.39555027  1.15975012  0.5775336   1.58630665 -2.78442523
 -0.10373495  2.51109486 -1.17498486  1.15012285  1.24826057  0.60054556
 -0.95209873  1.10641501  0.78510404 -0.38368507  2.80775398 -2.13510043
  1.58080251 -0.67306348  0.98861295 -3.21312964 -2.25146702  0.34303057
 -1.0766079  -0.41740477  0.26870949  0.06415707 -1.75257523 -0.2135887
 -0.66863729  2.87333534 -1.14748596 -1.20757144 -1.13900841  1.27019822
  1.62843034 -0.82844856  2.12447735 -1.46724388 -0.24251376 -0.89596521
 -2.95768776  3.10099731 -1.79003846  3.04886019 -1.36088406 -2.3502891
  3.78936031 -1.20370748 -0.58747206 -3.09034598 -2.49482686  2.98553445
 -1.95288683 -1.66987886 -0.40055291  2.94615491  0.15200921  0.0218957
 -1.6179277  -0.14766818 -1.60129554 -3.09739272  2.9003364   1.15393394
 -0.32905402 -2.33908255  1.00775685 -1.15464714 -0.28060857 -2.14757497
 -1.89672542  1.81728422 -0.98834666  2.56941356 -0.43812744 -3.10648772
 -2.83715646  2.0429766  -3.06962656 -0.25745789 -1.03164194 -0.1895108
  2.38273248  1.7153017  -0.27911822 -1.73865973 -3.03986769  0.11418691
 -0.83666387  1.47202867 -2.51764701  0.95885439 -0.0297497   0.21017769
  1.99494639  0.74953484  0.79956577 -1.21610672  1.58819977  2.5577431
  1.28845764  0.29352833 -0.99445371  2.57707426  0.8293592  -2.23871363
 -0.01505416  1.71596432  1.07582843 -0.65053363 -2.31049446  2.41996153
  2.0270632   1.64745553  2.26171866  1.88309084 -2.13858137 -2.8768801
  0.51780723  1.38017056 -2.41381185 -1.30306915  2.4479188   1.2545668
  0.03703377 -1.75722531 -1.56563967  1.93312982  1.47565877 -0.81254941
 -0.1318513  -0.46231211 -0.16922309  2.3833371  -0.55269668 -0.64939003
  1.08146051 -2.2952662   1.01062336  2.54685011 -0.50400922  2.10677246
 -1.96792248 -0.87126787 -2.42162765 -2.30302523 -1.38090125 -2.92726593
  1.58681165  1.84417498  1.64795031  1.01635727  1.42430451 -2.31001688
 -2.71456759  1.76204934  1.0030841  -0.42351649 -2.62193638  1.5556964
 -1.21764504 -2.49119438  0.05937117]
Thu Jun 13 23:32:21 2024,699,0.08488103064186517,[-2.85734087  2.07953923 -1.6018421   0.05478562  0.46887046 -3.25322601
  3.24772216  2.09237949  1.03691469 -1.00387719  0.56402573  1.32016689
  1.30685407 -1.87468251  0.78160141  2.8750145  -0.38791515 -0.43074323
 -1.92422797  0.84509681  1.62261237  2.90396542 -1.40193925 -0.43874617
 -2.18772325 -2.10576085  3.13053215  2.80021521 -0.71534518 -2.62081623
  1.53510692 -0.2015353  -2.4264666   1.8533545   1.1311922  -0.61150275
  1.08215588 -2.02580171 -0.22090952  2.26315324 -0.32374714  0.47836671
  2.41915218  0.57019946  2.63368201  2.9054683   2.8116231  -2.92631911
  0.26474928 -0.3929456   1.71846568  2.99323974 -0.36535781 -2.34902394
  2.71877453 -3.18609513  0.54785042 -0.70000207 -1.74150883  3.09279501
 -1.97257975 -1.67222076 -2.54983213  2.36680207 -2.14649724  1.96401743
  1.7372013   1.47057174  2.53242154  2.87763507  1.9891892   1.48394302
 -1.76387811 -2.39515664  1.15935649  0.57792724  1.58670028 -2.78403159
 -0.10334132  2.51148849 -1.17459122  1.15051649  1.2486542   0.60093919
 -0.95249237  1.10602137  0.78471041 -0.38329143  2.80814762 -2.13549406
  1.58040888 -0.67345711  0.98821931 -3.21352328 -2.25107339  0.34263694
 -1.07700153 -0.41701113  0.26831586  0.06376344 -1.7521816  -0.21319506
 -0.66824366  2.87372897 -1.1478796  -1.2071778  -1.13861478  1.26980459
  1.62803671 -0.8288422   2.12408371 -1.46685024 -0.24290739 -0.89557157
 -2.95729413  3.10139094 -1.78964482  3.04846655 -1.36049043 -2.34989547
  3.78975395 -1.20410111 -0.58707842 -3.09073962 -2.49443323  2.98592809
 -1.95328046 -1.66948522 -0.40015927  2.94576128  0.15240284  0.02228934
 -1.61832133 -0.14727455 -1.60168917 -3.09778636  2.89994277  1.15432758
 -0.32866039 -2.33868892  1.00815048 -1.15504077 -0.2810022  -2.14796861
 -1.89711905  1.81767785 -0.98795302  2.5698072  -0.43852108 -3.10688136
 -2.8375501   2.04258297 -3.0700202  -0.25785152 -1.03124831 -0.18911716
  2.38233885  1.71490807 -0.27951186 -1.7382661  -3.03947406  0.11379328
 -0.83627023  1.47242231 -2.51804064  0.95846076 -0.02935607  0.20978405
  1.99455276  0.7491412   0.79917214 -1.21650036  1.58780613  2.55813674
  1.288064    0.29313469 -0.99484735  2.57668062  0.82975283 -2.23832
 -0.01466053  1.71635795  1.0754348  -0.65014    -2.31010083  2.41956789
  2.02666957  1.64784916  2.26211229  1.8826972  -2.13818773 -2.87727373
  0.51820086  1.38056419 -2.41420549 -1.30267552  2.44752516  1.25496044
  0.03664014 -1.75683168 -1.56524603  1.93352346  1.4760524  -0.81215577
 -0.13145766 -0.46191847 -0.16882945  2.38294347 -0.55230304 -0.6489964
  1.08106687 -2.29565984  1.01022973  2.54645647 -0.50361559  2.10637883
 -1.96831611 -0.87166151 -2.42202128 -2.3026316  -1.38129489 -2.9268723
  1.58720528  1.84456861  1.64834395  1.01596363  1.42469814 -2.30962324
 -2.71496123  1.76244298  1.00347774 -0.42312286 -2.62233001  1.55609004
 -1.21803868 -2.49080075  0.05897753]
Thu Jun 13 23:32:37 2024,700,0.08488158139357911,[-2.85767009  2.07921001 -1.60151288  0.0544564   0.46854124 -3.25289679
  3.24805138  2.09205027  1.03658547 -1.00354797  0.56435495  1.32049611
  1.30652485 -1.87501173  0.78193063  2.87534372 -0.38824437 -0.43107245
 -1.92389875  0.84476759  1.62294159  2.90429464 -1.40161003 -0.43841694
 -2.18739403 -2.10609007  3.13086137  2.79988599 -0.71501596 -2.62114545
  1.5347777  -0.20186452 -2.42613737  1.85368372  1.13152143 -0.61117353
  1.0824851  -2.02547249 -0.22123874  2.26282402 -0.32407636  0.47869593
  2.4194814   0.56987024  2.63401123  2.90513908  2.81129388 -2.92598988
  0.26442006 -0.39261637  1.71813646  2.99291052 -0.36568704 -2.34869472
  2.71910375 -3.18642435  0.5475212  -0.70033129 -1.74183805  3.09312423
 -1.97225053 -1.67254998 -2.55016135  2.36647285 -2.14616802  1.96368821
  1.73753052  1.47090096  2.53275076  2.87730585  1.98951842  1.4836138
 -1.76354889 -2.39482742  1.15902727  0.57759801  1.58637106 -2.78436081
 -0.1030121   2.51181771 -1.174262    1.15084571  1.24898343  0.60126841
 -0.95282159  1.10569215  0.78503963 -0.38296221  2.8078184  -2.13516484
  1.5807381  -0.67378633  0.98854853 -3.2138525  -2.25074417  0.34296616
 -1.07667231 -0.41734035  0.26798664  0.06409266 -1.75185237 -0.21286584
 -0.66857288  2.87339975 -1.14820882 -1.20684858 -1.13828556  1.26947537
  1.62770749 -0.82917142  2.12441293 -1.46652102 -0.24323662 -0.89524235
 -2.95762335  3.10172016 -1.78997404  3.04813733 -1.36081965 -2.35022469
  3.78942472 -1.20443033 -0.58740764 -3.09106884 -2.49476245  2.98559886
 -1.95360968 -1.669156   -0.40048849  2.9460905   0.15273206  0.02261856
 -1.61799211 -0.14760377 -1.60135995 -3.09745714  2.89961355  1.1546568
 -0.32833117 -2.3383597   1.00782126 -1.15471155 -0.28133142 -2.14763939
 -1.89678983  1.81800707 -0.9876238   2.57013642 -0.4388503  -3.10721058
 -2.83787932  2.04225375 -3.07034942 -0.25818074 -1.03157753 -0.18944638
  2.38266807  1.71457885 -0.27918264 -1.73793687 -3.03980328  0.11346406
 -0.83659945  1.47209309 -2.51836986  0.95813154 -0.02902685  0.20945483
  1.99488198  0.74881198  0.79884292 -1.21617114  1.58747691  2.55780752
  1.28773478  0.29346391 -0.99517657  2.5763514   0.82942361 -2.23799078
 -0.01498975  1.71668717  1.07510558 -0.64981078 -2.31043005  2.41989711
  2.02634035  1.64751994  2.26178307  1.88236798 -2.13851695 -2.87694451
  0.51787164  1.38023497 -2.41453471 -1.30300474  2.44719594  1.25463122
  0.03631092 -1.7571609  -1.56557525  1.93319424  1.47638163 -0.81182655
 -0.13112844 -0.46158925 -0.16915867  2.38327269 -0.55263227 -0.64866718
  1.08073765 -2.29598906  1.01055895  2.54612725 -0.50328637  2.10670805
 -1.96798689 -0.87199073 -2.4223505  -2.30296082 -1.38096566 -2.92720152
  1.5875345   1.84489783  1.64867317  1.01563441  1.42436892 -2.30995247
 -2.71463201  1.76211375  1.00314852 -0.42279364 -2.62265923  1.55641926
 -1.2183679  -2.49112997  0.05930675]
Thu Jun 13 23:32:54 2024,701,0.08488259330439889,[-2.85808696  2.07879314 -1.60109601  0.05487328  0.46895811 -3.25331367
  3.24846826  2.09246714  1.03616859 -1.00396484  0.56393807  1.32007924
  1.30694173 -1.87459486  0.78234751  2.87492685 -0.3878275  -0.43065557
 -1.92348188  0.84435071  1.62335846  2.90387776 -1.40202691 -0.43800007
 -2.1878109  -2.1056732   3.1304445   2.79946912 -0.71543283 -2.62156232
  1.53436083 -0.20228139 -2.4257205   1.85326685  1.1319383  -0.61075666
  1.08290198 -2.02588937 -0.22165562  2.26324089 -0.32449324  0.47827906
  2.41989828  0.56945337  2.63442811  2.9047222   2.81171075 -2.92557301
  0.26483694 -0.3921995   1.71771958  2.99249364 -0.36610391 -2.34827784
  2.71868688 -3.18600748  0.54710432 -0.70074816 -1.74225492  3.09354111
 -1.97183366 -1.6721331  -2.54974448  2.36605598 -2.14575115  1.96410509
  1.7379474   1.47048408  2.53233388  2.87688897  1.98910154  1.48403067
 -1.76313201 -2.39441054  1.15861039  0.57801489  1.58678794 -2.78477769
 -0.10259522  2.51223459 -1.17384512  1.15042883  1.24856655  0.60085154
 -0.95240471  1.10527527  0.7854565  -0.38254533  2.80823527 -2.13558172
  1.58115497 -0.67336946  0.98813166 -3.21343562 -2.25116104  0.34254928
 -1.07708919 -0.41692348  0.26756976  0.06367578 -1.75226925 -0.21244896
 -0.66898976  2.87298287 -1.14862569 -1.20643171 -1.13870243  1.26905849
  1.62729061 -0.8295883   2.12399606 -1.4669379  -0.24281974 -0.89482548
 -2.95720648  3.10130329 -1.79039092  3.04855421 -1.36123653 -2.34980781
  3.7898416  -1.20484721 -0.58782452 -3.09065196 -2.49517932  2.98601574
 -1.95402656 -1.66957287 -0.40090537  2.94650737  0.15314894  0.02220169
 -1.61757524 -0.14718689 -1.60094307 -3.09704026  2.90003042  1.15507367
 -0.32791429 -2.33877657  1.00740438 -1.15429467 -0.2817483  -2.14722251
 -1.89637296  1.81842395 -0.98804068  2.57055329 -0.43843342 -3.10762745
 -2.83829619  2.04267062 -3.07076629 -0.25776387 -1.03116065 -0.18986326
  2.38225119  1.71416197 -0.27876576 -1.73835375 -3.0393864   0.11304718
 -0.83701633  1.47250996 -2.51878674  0.95771466 -0.02860997  0.20903796
  1.99529885  0.74839511  0.79842604 -1.21575426  1.58706004  2.55739064
  1.28815166  0.29388079 -0.99559344  2.57676828  0.82900674 -2.23840765
 -0.01540662  1.7162703   1.0746887  -0.65022765 -2.31001317  2.41948024
  2.02592347  1.64710307  2.26219995  1.88278485 -2.13893383 -2.87736139
  0.51745477  1.38065185 -2.41411783 -1.30258786  2.44677907  1.25421434
  0.03589404 -1.75674402 -1.56599213  1.93277736  1.47596475 -0.81224343
 -0.13154532 -0.46117238 -0.1687418   2.38285581 -0.55304914 -0.64908405
  1.08115453 -2.29640593  1.01014207  2.54571038 -0.50370324  2.10629117
 -1.96840377 -0.8724076  -2.42193363 -2.30254395 -1.38138254 -2.92761839
  1.58711763  1.84531471  1.64825629  1.01521754  1.4247858  -2.31036934
 -2.71504888  1.76169688  1.00273164 -0.42237676 -2.62224236  1.55683613
 -1.21878478 -2.49154684  0.05972363]
Thu Jun 13 23:33:11 2024,702,0.08488797147867501,[-2.85818369  2.07888986 -1.60099928  0.05497     0.46886139 -3.25341039
  3.24856498  2.09256387  1.03626532 -1.00406157  0.56384135  1.32017596
  1.306845   -1.87449813  0.78244423  2.87502357 -0.38792422 -0.4307523
 -1.9235786   0.84444743  1.62326174  2.90378104 -1.40193018 -0.43790335
 -2.18790763 -2.10557648  3.13054122  2.79956584 -0.71552956 -2.62165904
  1.53445755 -0.20218467 -2.42581722  1.85317012  1.13184158 -0.61065993
  1.0829987  -2.02579264 -0.22175234  2.26314417 -0.32458996  0.47818233
  2.41980155  0.56935664  2.63433139  2.90462548  2.81161403 -2.92547629
  0.26474021 -0.39210278  1.71781631  2.99239692 -0.36620063 -2.34818112
  2.71859015 -3.1861042   0.54720105 -0.70084489 -1.74235165  3.09363783
 -1.97193038 -1.67222983 -2.54964775  2.36595925 -2.14565442  1.96420181
  1.73785068  1.47058081  2.53243061  2.87679225  1.98900482  1.4841274
 -1.76303529 -2.39431382  1.15870711  0.57811161  1.58669121 -2.78487441
 -0.1024985   2.51213786 -1.1737484   1.15052555  1.24846983  0.60094826
 -0.95230799  1.10517855  0.78535978 -0.38244861  2.80813855 -2.13567844
  1.5812517  -0.67327273  0.98803493 -3.2133389  -2.25125776  0.34264601
 -1.07699246 -0.4170202   0.26747304  0.06377251 -1.75217253 -0.21235224
 -0.66908648  2.87288615 -1.14872242 -1.20652843 -1.13879915  1.26896177
  1.62738733 -0.82968502  2.12409278 -1.46703462 -0.24272302 -0.89472875
 -2.95710975  3.10140001 -1.79029419  3.04865093 -1.36133325 -2.34990454
  3.78974488 -1.20475048 -0.5877278  -3.09074869 -2.49527605  2.98611246
 -1.95392984 -1.66947615 -0.40080864  2.94641065  0.15324566  0.02229841
 -1.61767196 -0.14728362 -1.6010398  -3.09694354  2.8999337   1.1551704
 -0.32781757 -2.3388733   1.00730766 -1.1543914  -0.28165157 -2.14712579
 -1.89646968  1.81832723 -0.9881374   2.57065002 -0.4383367  -3.10772418
 -2.83819947  2.04276735 -3.07066957 -0.25766714 -1.03125738 -0.18995998
  2.38234791  1.7142587  -0.27866904 -1.73845047 -3.03948313  0.11295046
 -0.8369196   1.47241324 -2.51888346  0.95761794 -0.02851325  0.20894123
  1.99539558  0.74829838  0.79832932 -1.21585099  1.58696331  2.55729392
  1.28824838  0.29378407 -0.99549672  2.57667155  0.82891001 -2.23850438
 -0.01550335  1.71636702  1.07459198 -0.65013093 -2.3101099   2.41938351
  2.0260202   1.64700634  2.26210322  1.88288158 -2.13903055 -2.87726466
  0.51755149  1.38074857 -2.41402111 -1.30268459  2.44668234  1.25411762
  0.03579732 -1.75684075 -1.56589541  1.93268064  1.47606147 -0.8121467
 -0.13164204 -0.46107565 -0.16864508  2.38275909 -0.55295242 -0.64898733
  1.08125125 -2.29650266  1.0102388   2.54561365 -0.50360652  2.10619445
 -1.96830704 -0.87250433 -2.42203035 -2.30264067 -1.38147926 -2.92771511
  1.58721435  1.84541143  1.64835302  1.01512081  1.42468907 -2.31046606
 -2.71514561  1.7617936   1.00282837 -0.42247348 -2.62233908  1.55673941
 -1.2188815  -2.49164357  0.05982035]
Thu Jun 13 23:33:28 2024,703,0.08488801773808516,[-2.85813895  2.07884513 -1.60095455  0.05492527  0.46881666 -3.25336566
  3.24860972  2.0926086   1.03622058 -1.00401683  0.56388608  1.3202207
  1.30688974 -1.87454287  0.7823995   2.87497884 -0.38787949 -0.43070756
 -1.92362334  0.8444027   1.62321701  2.9037363  -1.40197492 -0.43794808
 -2.18786289 -2.10553174  3.13049649  2.79961058 -0.71548482 -2.62161431
  1.53450228 -0.20213994 -2.42577249  1.85312539  1.13188631 -0.6106152
  1.08295397 -2.02583738 -0.22179707  2.2631889  -0.32454523  0.4781376
  2.41984629  0.56931191  2.63437612  2.90458075  2.81165877 -2.92552102
  0.26478495 -0.39205804  1.71777157  2.99235218 -0.36624537 -2.34822585
  2.71854542 -3.18614893  0.54724578 -0.70080015 -1.74239638  3.0935931
 -1.97188565 -1.67218509 -2.54969249  2.36591452 -2.14560969  1.96415708
  1.73780594  1.47062554  2.53238587  2.87683699  1.98904955  1.48408266
 -1.76308002 -2.39426909  1.15875185  0.57815635  1.58673595 -2.78491915
 -0.10245376  2.5121826  -1.17370367  1.15048082  1.24842509  0.600993
 -0.95226325  1.10513382  0.78540451 -0.38249335  2.80818328 -2.13563371
  1.58129643 -0.67331747  0.98807967 -3.21329417 -2.2513025   0.34260127
 -1.07694773 -0.41706494  0.26751777  0.06381724 -1.75221726 -0.21239697
 -0.66904174  2.87284142 -1.14876715 -1.2064837  -1.13875442  1.2690065
  1.62743207 -0.82972975  2.12413751 -1.46698988 -0.24267828 -0.89477349
 -2.95715449  3.10135528 -1.79033893  3.04869566 -1.36128852 -2.34994927
  3.78978961 -1.20479522 -0.58777253 -3.09070395 -2.49532078  2.9861572
 -1.9538851  -1.66943142 -0.40076391  2.94645538  0.15320093  0.02225367
 -1.61762722 -0.14723888 -1.60099506 -3.09698827  2.89997843  1.15512566
 -0.3278623  -2.33882856  1.0073524  -1.15443613 -0.28160684 -2.14717052
 -1.89642495  1.81837196 -0.98818214  2.57069475 -0.43838143 -3.10767944
 -2.83815474  2.04272261 -3.07062483 -0.25762241 -1.03130211 -0.19000471
  2.38230318  1.71421396 -0.2786243  -1.73840574 -3.03943839  0.11299519
 -0.83696434  1.47245797 -2.5189282   0.95766267 -0.02846851  0.20898597
  1.99535084  0.74825365  0.79828458 -1.21589572  1.58691858  2.55724918
  1.28829311  0.2938288  -0.99545199  2.57671629  0.82895475 -2.23845964
 -0.01554808  1.71641175  1.07454724 -0.65017566 -2.31006516  2.41942825
  2.02597546  1.64705108  2.26205849  1.88283684 -2.13898582 -2.87721993
  0.51759622  1.38079331 -2.41406584 -1.30263985  2.44672708  1.25416235
  0.03575258 -1.75679601 -1.56585067  1.9326359   1.47601674 -0.81210197
 -0.13168677 -0.46103092 -0.16860034  2.38271435 -0.55290768 -0.64903206
  1.08120652 -2.29654739  1.01028353  2.54565839 -0.50365125  2.10614971
 -1.96826231 -0.87245959 -2.42198562 -2.3026854  -1.381524   -2.92767038
  1.58725909  1.8453667   1.64839775  1.01507608  1.42473381 -2.31042133
 -2.71510087  1.76183834  1.00278363 -0.42251822 -2.62229435  1.55678415
 -1.21892623 -2.49159883  0.05986509]
Thu Jun 13 23:33:46 2024,704,0.08488566142130899,[-2.85833135  2.07903753 -1.60076215  0.05511766  0.46900906 -3.25355806
  3.24880212  2.0924162   1.03641298 -1.00382443  0.56407848  1.3204131
  1.30669734 -1.87473527  0.7825919   2.87517123 -0.38768709 -0.43051516
 -1.92381574  0.8442103   1.62340941  2.9035439  -1.40216732 -0.43814048
 -2.18805529 -2.10572414  3.13068888  2.79941818 -0.71529242 -2.62180671
  1.53430988 -0.20194754 -2.42558009  1.85293299  1.13169391 -0.6108076
  1.08314637 -2.02564498 -0.22198947  2.26299651 -0.32473763  0.47833
  2.41965389  0.56950431  2.63456852  2.90477315  2.81146637 -2.92571342
  0.26459255 -0.39225044  1.71796397  2.99254458 -0.36643777 -2.34841825
  2.71873782 -3.18634133  0.54743818 -0.70060775 -1.74220398  3.09378549
 -1.97207805 -1.67199269 -2.54950009  2.36610692 -2.14580209  1.96396468
  1.73799834  1.47081794  2.53257827  2.87664459  1.98885716  1.48427506
 -1.76327242 -2.39446149  1.15855945  0.57834875  1.58692835 -2.78511155
 -0.10226136  2.5119902  -1.17389607  1.15067322  1.24861749  0.6011854
 -0.95245565  1.10494142  0.78521211 -0.38268574  2.80799088 -2.13582611
  1.58148883 -0.67312507  0.98788727 -3.21348656 -2.2511101   0.34279367
 -1.07714013 -0.41725733  0.26732537  0.06400964 -1.75240966 -0.21258937
 -0.66884935  2.87264902 -1.14857475 -1.2062913  -1.13894682  1.2691989
  1.62723967 -0.82992215  2.12394512 -1.46679749 -0.24287068 -0.89458109
 -2.95734689  3.10154768 -1.79053133  3.04888806 -1.36148091 -2.34975687
  3.78959721 -1.20498762 -0.58758013 -3.09089635 -2.49551318  2.9859648
 -1.9540775  -1.66962382 -0.40095631  2.94626299  0.15339333  0.02206127
 -1.61781962 -0.14743128 -1.60118746 -3.09718067  2.90017083  1.15493326
 -0.3280547  -2.33902096  1.00716    -1.15462853 -0.28179924 -2.14736292
 -1.89661735  1.81817956 -0.98798974  2.57050235 -0.43857383 -3.10748704
 -2.83834714  2.04291501 -3.07043244 -0.25781481 -1.03149451 -0.19019711
  2.38249558  1.71402156 -0.2788167  -1.73859814 -3.03924599  0.11280279
 -0.83677194  1.47265037 -2.5191206   0.95785507 -0.02866091  0.20917837
  1.99554324  0.74844605  0.79809218 -1.21608812  1.58711098  2.55705678
  1.28810071  0.2936364  -0.99525959  2.57690869  0.82876235 -2.23826724
 -0.01574048  1.71621935  1.07473964 -0.64998326 -2.31025756  2.41962065
  2.02578306  1.64724348  2.26225089  1.88302924 -2.13879342 -2.87741233
  0.51778862  1.38060091 -2.41387344 -1.30244745  2.44691948  1.25396995
  0.03556018 -1.75698841 -1.56565827  1.9328283   1.47620914 -0.81229437
 -0.13149438 -0.46122332 -0.16879274  2.38252195 -0.55271528 -0.64922446
  1.08139891 -2.29673979  1.01009113  2.54546599 -0.50345885  2.10595731
 -1.96806991 -0.87265199 -2.42217802 -2.302493   -1.3813316  -2.92786278
  1.58745149  1.8455591   1.64820535  1.01526848  1.42492621 -2.31022893
 -2.71490847  1.76164594  1.00259123 -0.42271062 -2.62210195  1.55659175
 -1.21911863 -2.49179123  0.06005749]
Thu Jun 13 23:34:02 2024,705,0.08488484953920981,[-2.85828787  2.07908101 -1.60071867  0.05507418  0.46896558 -3.25351458
  3.2488456   2.09237272  1.03645646 -1.00378095  0.56412196  1.32036962
  1.30674082 -1.87477875  0.78263538  2.87521471 -0.38764361 -0.43047168
 -1.92385922  0.84416682  1.62345289  2.90350042 -1.40212384 -0.43818396
 -2.18809877 -2.10576762  3.13073236  2.7993747  -0.7153359  -2.62185019
  1.53435336 -0.20190406 -2.42553661  1.85288951  1.13173739 -0.61085108
  1.08318985 -2.02568846 -0.22194599  2.26303999 -0.32478111  0.47837348
  2.41961041  0.56946083  2.634612    2.90481663  2.81142289 -2.9257569
  0.26463603 -0.39220696  1.71792049  2.9925011  -0.36648125 -2.34837477
  2.71869434 -3.18638481  0.5473947  -0.70056427 -1.7421605   3.09374201
 -1.97203457 -1.67194921 -2.54945661  2.3661504  -2.14584557  1.9639212
  1.73804182  1.47086142  2.53262175  2.87668807  1.98890064  1.48423158
 -1.7633159  -2.39450497  1.15860293  0.57839223  1.58688487 -2.78506807
 -0.10230484  2.51203368 -1.17393955  1.15062974  1.24857401  0.60122888
 -0.95241217  1.1049849   0.78516863 -0.38272922  2.8079474  -2.13578263
  1.58144535 -0.67308159  0.98793075 -3.21344308 -2.25115358  0.34283715
 -1.07709665 -0.41721385  0.26728189  0.06396616 -1.75245314 -0.21254589
 -0.66880586  2.87260554 -1.14853127 -1.20624782 -1.13890334  1.26915542
  1.62728315 -0.82996563  2.12390164 -1.46675401 -0.2428272  -0.89462457
 -2.95730341  3.10159116 -1.79057481  3.04884458 -1.36143743 -2.34980035
  3.78964069 -1.2050311  -0.58753665 -3.09093983 -2.49555666  2.98592132
 -1.95412098 -1.66958034 -0.40099979  2.94621951  0.15343681  0.02201779
 -1.61777614 -0.1473878  -1.60114398 -3.09722415  2.90021431  1.15497674
 -0.32801122 -2.33897748  1.00711652 -1.15467201 -0.28184272 -2.1474064
 -1.89657387  1.81822304 -0.98803322  2.57045887 -0.43853035 -3.10753052
 -2.83839062  2.04287153 -3.07047592 -0.25785829 -1.03153799 -0.19024059
  2.3824521   1.71397808 -0.27886018 -1.73864162 -3.03928947  0.11284627
 -0.83681542  1.47260689 -2.51907712  0.95781159 -0.02861743  0.20922185
  1.99558672  0.74848953  0.79813566 -1.21604464  1.58715446  2.55710026
  1.28805723  0.29367988 -0.99521611  2.57686521  0.82871887 -2.23831072
 -0.015697    1.71626283  1.07469616 -0.64993978 -2.31021408  2.41957717
  2.02582654  1.64728696  2.26220741  1.88298576 -2.13874994 -2.87736885
  0.51774514  1.38055743 -2.41382996 -1.30240397  2.446876    1.25392647
  0.0355167  -1.75694493 -1.56561479  1.93278482  1.47616566 -0.81225089
 -0.1314509  -0.4612668  -0.16883622  2.38256543 -0.55275876 -0.64918098
  1.0814424  -2.29669631  1.01013461  2.54550947 -0.50350233  2.10591383
 -1.96811339 -0.87260851 -2.4222215  -2.30253648 -1.38128812 -2.9278193
  1.58749497  1.84551562  1.64824883  1.015225    1.42488273 -2.31027241
 -2.71495195  1.76168942  1.00254775 -0.4227541  -2.62214543  1.55663523
 -1.21916211 -2.49183471  0.06010097]
Thu Jun 13 23:34:19 2024,706,0.08488323873136963,[-2.85839759  2.07919073 -1.60082839  0.05496446  0.4690753  -3.2536243
  3.24873588  2.092263    1.03656618 -1.00367123  0.56401224  1.3202599
  1.3066311  -1.87466903  0.78252566  2.87532443 -0.38753389 -0.43036196
 -1.92396894  0.8440571   1.62334317  2.90361015 -1.40223356 -0.43829368
 -2.18798905 -2.10587734  3.13062264  2.79926498 -0.71544562 -2.62174047
  1.53424364 -0.20179434 -2.42542689  1.85299923  1.13162767 -0.61074136
  1.08308013 -2.02557874 -0.22205571  2.26293026 -0.32489083  0.4784832
  2.41950069  0.56935111  2.63450228  2.90470691  2.81131317 -2.92586662
  0.26474575 -0.39209724  1.71781077  2.99239138 -0.36659097 -2.34826505
  2.71880406 -3.18627509  0.54750442 -0.70045455 -1.74227022  3.09385174
 -1.97214429 -1.67205893 -2.54934689  2.36604068 -2.14595529  1.96403092
  1.73815154  1.4707517   2.53251203  2.87679779  1.98879091  1.48412186
 -1.76342562 -2.39461469  1.15871265  0.57828251  1.58677515 -2.78517779
 -0.10219512  2.51192396 -1.17404927  1.15052002  1.24868373  0.6013386
 -0.95230245  1.10487518  0.78505891 -0.38283894  2.80805712 -2.13567291
  1.58155507 -0.67297187  0.98782103 -3.21333336 -2.25104386  0.34294687
 -1.07698693 -0.41710413  0.26739161  0.06385644 -1.75234342 -0.21265561
 -0.66891559  2.87249582 -1.14842155 -1.20635754 -1.13901306  1.26926514
  1.62717343 -0.83007535  2.12379192 -1.46686373 -0.24293692 -0.89473429
 -2.95741313  3.10170088 -1.79068453  3.0489543  -1.36132771 -2.34969063
  3.78975041 -1.20514082 -0.58742693 -3.09104955 -2.49544694  2.9858116
 -1.95401126 -1.66969006 -0.40089007  2.94610978  0.15354653  0.02190807
 -1.61788586 -0.14727808 -1.60103426 -3.09711443  2.90032403  1.15508646
 -0.3279015  -2.33886776  1.00722624 -1.15478173 -0.281733   -2.14729668
 -1.89668359  1.81833276 -0.9879235   2.57034915 -0.43864007 -3.1074208
 -2.8382809   2.04298125 -3.07058564 -0.25774857 -1.03164771 -0.19013087
  2.38234238  1.71386836 -0.27875046 -1.73875134 -3.03939919  0.11295599
 -0.83692514  1.47249717 -2.51918684  0.95792131 -0.02850771  0.20933157
  1.995477    0.74837981  0.79824538 -1.21615436  1.58726418  2.55699054
  1.28816695  0.29357016 -0.99532583  2.57697493  0.82860915 -2.238201
 -0.01558728  1.71615311  1.07480588 -0.6500495  -2.3103238   2.41946745
  2.02571682  1.64739668  2.26231713  1.88309548 -2.13864022 -2.87747857
  0.51785486  1.38044771 -2.41393968 -1.30229425  2.44698572  1.25403619
  0.03562642 -1.75705465 -1.56572451  1.93289454  1.47605594 -0.81236061
 -0.13134118 -0.46115708 -0.1687265   2.38267515 -0.55286848 -0.6492907
  1.08155212 -2.29658659  1.01024433  2.54561919 -0.50339261  2.10580411
 -1.96800367 -0.87249879 -2.42211178 -2.3026462  -1.3811784  -2.92770958
  1.58738525  1.84562534  1.64813911  1.01533472  1.42477301 -2.31016269
 -2.71484223  1.76179914  1.00265747 -0.42286382 -2.62203571  1.55652551
 -1.21905239 -2.49194443  0.06021069]
Thu Jun 13 23:34:41 2024,707,0.08489302781922417,[-2.85897048  2.07976362 -1.6002555   0.05439158  0.46964818 -3.25305141
  3.24816299  2.09283589  1.03713907 -1.00309834  0.56343936  1.31968701
  1.30720399 -1.87409614  0.78195277  2.87475155 -0.386961   -0.43093485
 -1.92339605  0.84348421  1.62391605  2.90303726 -1.40166067 -0.43772079
 -2.18741616 -2.10645023  3.13119553  2.79983786 -0.71601851 -2.62116758
  1.53481653 -0.20122145 -2.424854    1.85242634  1.13220056 -0.61016847
  1.08365301 -2.02615163 -0.22148282  2.26235738 -0.32431794  0.47791031
  2.42007358  0.569924    2.63392939  2.90527979  2.81074028 -2.92529373
  0.26417286 -0.39267013  1.71723788  2.99181849 -0.36601808 -2.34769216
  2.71823117 -3.1857022   0.54693153 -0.70102744 -1.74169733  3.09327885
 -1.97271718 -1.67263182 -2.548774    2.36661357 -2.14652818  1.96345803
  1.73872443  1.47132459  2.53308492  2.8762249   1.9893638   1.48469475
 -1.76285274 -2.3940418   1.15813976  0.57770962  1.58734804 -2.7846049
 -0.10276801  2.51249685 -1.17462215  1.14994713  1.24811084  0.60191149
 -0.95287534  1.10544807  0.7856318  -0.38226606  2.80748424 -2.13624579
  1.58212796 -0.67354476  0.98839392 -3.21276048 -2.25047097  0.34237398
 -1.07755982 -0.41767702  0.2679645   0.06328355 -1.75177053 -0.2132285
 -0.6683427   2.87192293 -1.14899444 -1.20693043 -1.13844017  1.26983803
  1.62660054 -0.82950246  2.12321903 -1.46743661 -0.24236403 -0.8941614
 -2.95798601  3.10227377 -1.79011164  3.04838141 -1.36075483 -2.35026352
  3.7903233  -1.20456793 -0.58799982 -3.09047666 -2.49487405  2.98638449
 -1.95458415 -1.67026295 -0.40146296  2.9455369   0.15297364  0.02133519
 -1.61845875 -0.14670519 -1.60160715 -3.09768732  2.90089692  1.15565935
 -0.32847439 -2.33944065  1.00779912 -1.15535462 -0.28230589 -2.14786957
 -1.89725648  1.81890565 -0.98849638  2.57092204 -0.43806718 -3.10684791
 -2.83885378  2.04240836 -3.07115852 -0.25717568 -1.0322206  -0.19070376
  2.38291527  1.71444125 -0.27817757 -1.73817845 -3.03882631  0.11238311
 -0.83635225  1.47192428 -2.51861395  0.95734842 -0.02793482  0.20990446
  1.99604989  0.74780692  0.79881827 -1.21558147  1.58783707  2.55641766
  1.28759407  0.29414305 -0.99589872  2.57754782  0.82803626 -2.23877389
 -0.01501439  1.71558023  1.07537877 -0.64947661 -2.30975091  2.41889456
  2.02514393  1.64682379  2.26289002  1.88366837 -2.13921311 -2.87805146
  0.51728197  1.3810206  -2.41336679 -1.30172136  2.44755861  1.25346331
  0.03505354 -1.75648176 -1.56515162  1.93346743  1.47662883 -0.8129335
 -0.13191406 -0.46058419 -0.16815361  2.38210227 -0.5522956  -0.64986359
  1.082125   -2.29715948  1.01081722  2.54619208 -0.50281972  2.10523122
 -1.96857656 -0.8719259  -2.42153889 -2.30321909 -1.38175129 -2.92828247
  1.58681236  1.84505245  1.64756622  1.01590761  1.42534589 -2.31073558
 -2.71541512  1.76122625  1.00323036 -0.42229093 -2.62146282  1.55595262
 -1.2184795  -2.49137154  0.06078357]
Thu Jun 13 23:34:58 2024,708,0.08486148276158748,[-2.85951594  2.07921815 -1.60080096  0.05493704  0.47019365 -3.25250594
  3.24870845  2.09338135  1.03768453 -1.00364381  0.56289389  1.32023247
  1.30774945 -1.8746416   0.78249823  2.87529701 -0.38641554 -0.43038939
 -1.92394151  0.84293875  1.62446152  2.90249179 -1.40111521 -0.43826625
 -2.18796163 -2.10590477  3.131741    2.80038333 -0.71656397 -2.62062212
  1.53427107 -0.20067599 -2.42539946  1.8529718   1.1316551  -0.61071393
  1.08419848 -2.02669709 -0.22202829  2.26181191 -0.3248634   0.47845577
  2.41952811  0.57046946  2.63447485  2.90582526  2.81019481 -2.92474827
  0.2636274  -0.39212467  1.71778335  2.99236396 -0.36656354 -2.3471467
  2.71877663 -3.18515674  0.547477   -0.70048198 -1.74115187  3.09382431
 -1.97217171 -1.67208636 -2.54931946  2.3660681  -2.14598272  1.96291257
  1.73817897  1.47077913  2.53363038  2.87677036  1.98990927  1.48524021
 -1.76230727 -2.39458726  1.15868522  0.57825508  1.58680257 -2.78405944
 -0.10222255  2.51304231 -1.17516762  1.14940167  1.24756538  0.60245695
 -0.95232988  1.1049026   0.78508634 -0.38281152  2.80693877 -2.13570033
  1.58267342 -0.67409022  0.98893938 -3.21221501 -2.24992551  0.34182852
 -1.07701435 -0.41822249  0.26741904  0.06382901 -1.75231599 -0.21268304
 -0.66888816  2.87137746 -1.14844898 -1.20747589 -1.13898563  1.27038349
  1.62605508 -0.828957    2.12267356 -1.46798208 -0.2429095  -0.89361594
 -2.95744055  3.1017283  -1.78956618  3.04892688 -1.36130029 -2.34971806
  3.79086876 -1.20402247 -0.58745436 -3.09102213 -2.49541952  2.98692995
 -1.95403869 -1.67080841 -0.4009175   2.94499143  0.15242817  0.02078972
 -1.61900422 -0.14615973 -1.60106169 -3.09714186  2.90144238  1.15511389
 -0.32901985 -2.33889519  1.00834459 -1.15480916 -0.28285135 -2.14841503
 -1.89780194  1.81945111 -0.98904185  2.5714675  -0.43861265 -3.10739338
 -2.83830832  2.04295383 -3.07170399 -0.25663022 -1.03167514 -0.1901583
  2.38346073  1.71498671 -0.27872304 -1.73763299 -3.03937177  0.11292857
 -0.83580679  1.47137882 -2.51915941  0.95680296 -0.02738936  0.20935899
  1.99659535  0.74726146  0.79936373 -1.21503601  1.58838253  2.55587219
  1.2870486   0.29468851 -0.99535325  2.57809328  0.8274908  -2.23931935
 -0.01555985  1.71503476  1.07592423 -0.65002208 -2.31029638  2.4183491
  2.02459847  1.64736925  2.26234455  1.88421384 -2.13866764 -2.87859692
  0.51673651  1.38047513 -2.41391226 -1.30226683  2.44810407  1.25400877
  0.035599   -1.7559363  -1.56460616  1.93292197  1.47608336 -0.81238803
 -0.1313686  -0.46112965 -0.16869907  2.38264773 -0.55175013 -0.65040906
  1.08157954 -2.29661402  1.01027176  2.54673754 -0.50336519  2.10468576
 -1.96912202 -0.87247137 -2.42099342 -2.30376456 -1.38229675 -2.92882793
  1.58626689  1.84450698  1.64811169  1.01536214  1.42480043 -2.31128104
 -2.71486966  1.76177171  1.00377582 -0.42283639 -2.62091736  1.55540715
 -1.21793404 -2.49082608  0.06132904]
Thu Jun 13 23:35:30 2024,709,0.08483739270623024,[-2.86000201  2.07873209 -1.60128703  0.05445097  0.47067971 -3.25201988
  3.24919452  2.09289529  1.03719847 -1.00412987  0.56337996  1.32071854
  1.30726338 -1.87512767  0.78201217  2.87578308 -0.3869016  -0.43087546
 -1.92442758  0.84342481  1.62494758  2.90200573 -1.40062914 -0.43875232
 -2.18747556 -2.1054187   3.13222706  2.80086939 -0.71607791 -2.62110818
  1.53475714 -0.20116205 -2.42588553  1.85345787  1.13214116 -0.61022787
  1.08371241 -2.02621102 -0.22154222  2.26229798 -0.32534947  0.47796971
  2.41904205  0.56998339  2.63496092  2.90533919  2.81068088 -2.92523433
  0.26411346 -0.3916386   1.71826941  2.99187789 -0.36704961 -2.34666063
  2.7192627  -3.18467067  0.54796306 -0.70096805 -1.7406658   3.09431038
 -1.97265778 -1.67257243 -2.5488334   2.36558204 -2.14549665  1.9624265
  1.73866503  1.47126519  2.53411645  2.87725643  1.9894232   1.48572628
 -1.76279334 -2.39507333  1.15819916  0.57874115  1.58728864 -2.78357337
 -0.10270862  2.51255624 -1.17565368  1.14988773  1.24707931  0.60294301
 -0.95184381  1.10441654  0.78557241 -0.38232545  2.80742484 -2.1361864
  1.58218736 -0.67457629  0.98845331 -3.21172895 -2.25041157  0.34231459
 -1.07652829 -0.41773642  0.26693297  0.06334295 -1.75280206 -0.21219697
 -0.66937423  2.8708914  -1.14796291 -1.20796196 -1.13849957  1.27086956
  1.62556901 -0.82847093  2.1221875  -1.46846814 -0.24242343 -0.894102
 -2.95695448  3.10221437 -1.79005224  3.04941294 -1.36081422 -2.34923199
  3.79135483 -1.20450853 -0.58696829 -3.09150819 -2.49590558  2.98741602
 -1.95355262 -1.67032234 -0.40140356  2.94450537  0.15194211  0.02030366
 -1.61949028 -0.1466458  -1.60057562 -3.09665579  2.90095632  1.15559996
 -0.32950592 -2.33840912  1.00883065 -1.15432309 -0.28236528 -2.14792897
 -1.898288    1.81896505 -0.98952791  2.57195357 -0.43909871 -3.10787944
 -2.83879439  2.04246776 -3.07121792 -0.25711628 -1.0321612  -0.18967223
  2.38297466  1.71547278 -0.2792091  -1.73811905 -3.0388857   0.1124425
 -0.83629285  1.47089275 -2.51964548  0.95631689 -0.02787543  0.20984506
  1.99610929  0.74677539  0.7998498  -1.21552207  1.5888686   2.55538613
  1.28753467  0.29420245 -0.99583932  2.57760721  0.82700473 -2.23883329
 -0.01507379  1.7145487   1.0764103  -0.65050814 -2.30981031  2.41883516
  2.02508454  1.64785532  2.26283062  1.88372777 -2.13915371 -2.87811085
  0.51625044  1.3809612  -2.41439832 -1.30275289  2.44859014  1.2535227
  0.03511293 -1.75642237 -1.56412009  1.9324359   1.47656943 -0.81190197
 -0.13185467 -0.46064359 -0.16918514  2.38216166 -0.55126407 -0.64992299
  1.08109347 -2.29710008  1.01075782  2.54625147 -0.50385125  2.10517183
 -1.96863595 -0.8719853  -2.42050736 -2.30327849 -1.38278282 -2.92834186
  1.58675296  1.84499305  1.64859775  1.01487608  1.42431437 -2.31079498
 -2.71438359  1.76225778  1.00328976 -0.42332246 -2.62140342  1.55492109
 -1.21842011 -2.49131215  0.06084297]
Thu Jun 13 23:35:52 2024,710,0.08474307677135097,[-2.85881917  2.07754924 -1.60010419  0.05563381  0.47186256 -3.25083704
  3.25037736  2.09171245  1.03601562 -1.00531271  0.56219712  1.31953569
  1.30608054 -1.87394483  0.78319501  2.87460023 -0.38808445 -0.4320583
 -1.92324473  0.84460766  1.62376474  2.90082288 -1.40181198 -0.43756948
 -2.1886584  -2.10660154  3.1334099   2.80205224 -0.71489507 -2.62229103
  1.53593998 -0.20234489 -2.42706837  1.85227503  1.13095832 -0.61141071
  1.08252957 -2.02739387 -0.22035938  2.26111514 -0.32416663  0.47678686
  2.4178592   0.56880055  2.63614376  2.90652203  2.80949804 -2.92641718
  0.26529631 -0.39282144  1.71708657  2.99306073 -0.36823245 -2.34547779
  2.72044554 -3.18585352  0.54678022 -0.6997852  -1.74184865  3.09549322
 -1.97384062 -1.67138958 -2.55001624  2.36439919 -2.14667949  1.96360934
  1.73984788  1.47008235  2.53529929  2.87843927  1.99060604  1.48690912
 -1.76397618 -2.39389048  1.15701632  0.57992399  1.58847148 -2.78239053
 -0.10389146  2.5113734  -1.17683653  1.14870489  1.24826216  0.60176017
 -0.95066097  1.10323369  0.78675525 -0.38350829  2.80860768 -2.13500356
  1.5833702  -0.67575913  0.98727047 -3.21291179 -2.24922873  0.34349743
 -1.07771113 -0.41891926  0.26811582  0.06452579 -1.75161922 -0.21101413
 -0.66819138  2.86970856 -1.14678007 -1.20677911 -1.13968241  1.26968672
  1.62675185 -0.82965378  2.12337034 -1.4672853  -0.24360627 -0.89528485
 -2.95813733  3.10103153 -1.79123509  3.05059579 -1.35963138 -2.34804915
  3.79253767 -1.20332569 -0.58815113 -3.09032535 -2.49708842  2.98623317
 -1.95473546 -1.67150518 -0.4025864   2.94332252  0.15312495  0.0214865
 -1.61830744 -0.14782864 -1.59939278 -3.09547295  2.89977347  1.15441711
 -0.32832308 -2.33959196  1.0100135  -1.15550593 -0.28118244 -2.14674612
 -1.89947085  1.82014789 -0.99071076  2.57313641 -0.43791587 -3.1066966
 -2.83997723  2.0436506  -3.07003508 -0.25593344 -1.03334405 -0.18848939
  2.38179182  1.71665562 -0.27802626 -1.73693621 -3.04006854  0.11125966
 -0.83511001  1.46970991 -2.51846263  0.95513405 -0.02905827  0.2110279
  1.99492645  0.74559255  0.79866696 -1.21433923  1.58768576  2.55420328
  1.28635183  0.29538529 -0.99465648  2.57879005  0.82582189 -2.24001613
 -0.01389095  1.71336585  1.07759314 -0.65169099 -2.31099315  2.41765232
  2.02626738  1.64667247  2.26401346  1.88254493 -2.14033655 -2.8792937
  0.5150676   1.37977836 -2.41558117 -1.30157005  2.44977298  1.25470554
  0.03629577 -1.75760521 -1.56293725  1.93361874  1.47775227 -0.81071913
 -0.13303751 -0.46182643 -0.1680023   2.3833445  -0.55244691 -0.65110583
  1.08227632 -2.29828292  1.01194067  2.54506863 -0.50266841  2.10398899
 -1.96745311 -0.87316814 -2.4216902  -2.30446133 -1.38159997 -2.92715902
  1.58557012  1.84381021  1.64978059  1.01369323  1.42313152 -2.30961213
 -2.71320075  1.76107494  1.00210692 -0.4245053  -2.62022058  1.55373825
 -1.21723727 -2.49249499  0.06202581]
Thu Jun 13 23:36:09 2024,711,0.08463816713758358,[-2.85762375  2.07635383 -1.60129961  0.05682923  0.47066714 -3.24964162
  3.24918194  2.09290786  1.03721104 -1.00650813  0.5610017   1.31834028
  1.30727596 -1.87274941  0.78199959  2.87579565 -0.38688903 -0.43325372
 -1.92444015  0.84580307  1.62496016  2.89962747 -1.40061657 -0.43637406
 -2.18746299 -2.10540613  3.13221449  2.80085682 -0.71609048 -2.62348644
  1.53474456 -0.20114948 -2.42826379  1.85107961  1.1297629  -0.61021529
  1.08133415 -2.02858928 -0.21916396  2.26231055 -0.32536204  0.47559145
  2.41905462  0.56999597  2.63494835  2.90532662  2.80830262 -2.92761259
  0.26649172 -0.39401686  1.71828199  2.99425615 -0.36703703 -2.34428237
  2.72164096 -3.18704893  0.54797564 -0.69858979 -1.74065323  3.09668864
 -1.9726452  -1.67019417 -2.54882082  2.36559461 -2.14787491  1.96241393
  1.74104329  1.46888693  2.53410388  2.87724385  1.99180146  1.48810454
 -1.7651716  -2.39269507  1.15821173  0.57872857  1.58727607 -2.78119511
 -0.10269604  2.51256882 -1.17803194  1.14750947  1.24945757  0.60056476
 -0.95185639  1.10203828  0.78795066 -0.38231288  2.8098031  -2.13380814
  1.58217478 -0.67456371  0.98607505 -3.21410721 -2.24803331  0.34469284
 -1.07651571 -0.42011468  0.26931123  0.06572121 -1.75281464 -0.21220955
 -0.6693868   2.87090397 -1.14797548 -1.2055837  -1.14087783  1.27088214
  1.62794727 -0.83084919  2.12217492 -1.46848072 -0.24480169 -0.89408943
 -2.95933274  3.10222695 -1.79003967  3.04940037 -1.35843596 -2.34685373
  3.79373309 -1.20213027 -0.58695571 -3.09152077 -2.49828384  2.98503776
 -1.95354004 -1.6727006  -0.40378182  2.94212711  0.15432037  0.02029108
 -1.61950286 -0.14902405 -1.6005882  -3.09427753  2.89857806  1.1532217
 -0.32951849 -2.34078738  1.00881808 -1.15670135 -0.27998702 -2.14794154
 -1.90066626  1.81895247 -0.99190617  2.57433183 -0.43672045 -3.10789202
 -2.84117265  2.04245519 -3.06883966 -0.25712886 -1.03214863 -0.18729397
  2.38059641  1.71546021 -0.27922168 -1.73574079 -3.04126396  0.11006424
 -0.83630543  1.47090533 -2.51726722  0.95632947 -0.02786285  0.20983248
  1.99612186  0.74439713  0.79747154 -1.21553465  1.58888117  2.5553987
  1.28515641  0.29658071 -0.99346106  2.57759464  0.82701731 -2.24121155
 -0.01269553  1.71456127  1.07878856 -0.65049557 -2.31218857  2.41884774
  2.02507196  1.64786789  2.26520888  1.88134951 -2.13914114 -2.88048911
  0.51626302  1.37858294 -2.41438575 -1.30037463  2.44857756  1.25590096
  0.03749119 -1.75640979 -1.56413267  1.93242333  1.47894769 -0.81191454
 -0.13423293 -0.46063101 -0.16919772  2.38214909 -0.55364233 -0.65230125
  1.0810809  -2.29947834  1.01313608  2.54387321 -0.50147299  2.10279357
 -1.96864853 -0.87197272 -2.42288562 -2.30326591 -1.38040456 -2.92596361
  1.58676554  1.84500563  1.65097601  1.01249782  1.42193611 -2.31080755
 -2.71439617  1.76227035  1.00330233 -0.42570072 -2.621416    1.55254283
 -1.21843268 -2.49129957  0.0608304 ]
Thu Jun 13 23:36:26 2024,712,0.08454191684087158,[-2.85650093  2.07523101 -1.60017679  0.05570642  0.46954432 -3.25076443
  3.25030476  2.09403068  1.03608822 -1.00763095  0.56212452  1.31946309
  1.30615314 -1.87387222  0.78312241  2.87691847 -0.38576621 -0.4321309
 -1.92556297  0.84692589  1.62608298  2.89850465 -1.39949375 -0.43749688
 -2.1885858  -2.10652894  3.13109167  2.80197964 -0.7172133  -2.62460926
  1.53586738 -0.20227229 -2.42938661  1.84995679  1.13088572 -0.61133811
  1.08245697 -2.02746647 -0.21804115  2.26118774 -0.32423923  0.47671426
  2.42017744  0.56887315  2.63607116  2.90644943  2.80942544 -2.92648978
  0.26761454 -0.39289404  1.7194048   2.99537896 -0.36815985 -2.34315956
  2.72276377 -3.18592612  0.54909845 -0.69746697 -1.74177605  3.09781145
 -1.97152239 -1.67131698 -2.54769801  2.36671743 -2.14675209  1.96129111
  1.73992048  1.47000975  2.53522669  2.87612104  1.99292428  1.48698172
 -1.76404878 -2.39157225  1.15708892  0.57985139  1.58615325 -2.78231793
 -0.10157323  2.511446   -1.17690913  1.14863229  1.25058039  0.60168757
 -0.95073357  1.10091546  0.78682785 -0.38343569  2.80868028 -2.13493095
  1.5832976  -0.67568653  0.98719787 -3.21298439 -2.24915613  0.34357003
 -1.07763853 -0.41899186  0.27043405  0.06684402 -1.75393745 -0.21108673
 -0.67050962  2.87202679 -1.14685267 -1.20670651 -1.13975501  1.26975932
  1.62907009 -0.83197201  2.12105211 -1.4673579  -0.24367887 -0.89296661
 -2.95820993  3.10334976 -1.79116248  3.04827755 -1.35955878 -2.34797655
  3.79485591 -1.20100746 -0.5858329  -3.09264358 -2.49940666  2.98616057
 -1.95466286 -1.67157778 -0.40265901  2.94100429  0.15319755  0.0214139
 -1.62062567 -0.14790124 -1.59946538 -3.09315472  2.89745524  1.15434451
 -0.32839568 -2.3419102   1.00769526 -1.15782417 -0.28110984 -2.14681872
 -1.89954345  1.82007529 -0.99302899  2.57320901 -0.43784327 -3.10901483
 -2.84229546  2.04133237 -3.06996248 -0.25600604 -1.03102581 -0.18617116
  2.37947359  1.71658302 -0.28034449 -1.73461798 -3.04014114  0.11118706
 -0.83518261  1.46978251 -2.51839003  0.95520665 -0.02674004  0.2109553
  1.99724468  0.74551995  0.79634873 -1.21441183  1.58775836  2.55652152
  1.28627923  0.29545789 -0.99458388  2.57647182  0.82589449 -2.24008873
 -0.01157271  1.71568409  1.07766574 -0.65161838 -2.31331139  2.41772492
  2.02619478  1.64899071  2.26408606  1.88022669 -2.13801832 -2.88161193
  0.51738584  1.37746012 -2.41326293 -1.29925182  2.44745475  1.25702378
  0.03636838 -1.75528698 -1.56300985  1.93354614  1.47782487 -0.81079173
 -0.13535574 -0.45950819 -0.1680749   2.38102627 -0.55476514 -0.65342406
  1.08220372 -2.29835553  1.01201327  2.5427504  -0.50035018  2.10391639
 -1.96977134 -0.87309554 -2.42400843 -2.30438873 -1.37928174 -2.92484079
  1.58788835  1.84388281  1.64985319  1.011375    1.42305892 -2.30968473
 -2.71327335  1.76114754  1.00442515 -0.42682353 -2.62253881  1.55366564
 -1.2195555  -2.49242239  0.05970758]
Thu Jun 13 23:36:42 2024,713,0.08451771529079213,[-2.85703856  2.07469338 -1.59963916  0.05516879  0.4690067  -3.25130206
  3.25084238  2.09349305  1.0355506  -1.00816857  0.56158689  1.31892547
  1.30561552 -1.87440985  0.78366003  2.87638084 -0.38630384 -0.43266853
 -1.92610059  0.84746352  1.6266206   2.89904228 -1.39895612 -0.43695925
 -2.18912343 -2.10706657  3.13055405  2.80251726 -0.71667567 -2.62407163
  1.53532975 -0.20173467 -2.42992423  1.84941917  1.13142335 -0.61080048
  1.08299459 -2.02692884 -0.21857877  2.26065011 -0.3237016   0.47725189
  2.42071506  0.56941078  2.63660879  2.90591181  2.80888781 -2.92595215
  0.26815217 -0.39343167  1.71886718  2.99484134 -0.36869748 -2.34262193
  2.72222615 -3.18538849  0.54963608 -0.6980046  -1.74123842  3.09727383
 -1.97206001 -1.67077936 -2.54823563  2.36725505 -2.14621447  1.96182873
  1.73938285  1.47054738  2.53576432  2.87558341  1.9934619   1.4864441
 -1.76458641 -2.39103462  1.15655129  0.57931376  1.58669087 -2.78285555
 -0.10211085  2.51090838 -1.1763715   1.14809466  1.25004276  0.6022252
 -0.95019595  1.10145309  0.78629022 -0.38397332  2.80921791 -2.13546858
  1.58275997 -0.6751489   0.9877355  -3.21244676 -2.2486185   0.34410765
 -1.0771009  -0.41952949  0.27097168  0.06738165 -1.75447508 -0.21054911
 -0.67104724  2.87256442 -1.14739029 -1.20616889 -1.13921738  1.27029695
  1.62960771 -0.83143438  2.12051448 -1.46789553 -0.2442165  -0.89242899
 -2.95874755  3.10281214 -1.79062486  3.04773993 -1.35902115 -2.34743892
  3.79431828 -1.20154508 -0.58529527 -3.09210596 -2.49994428  2.9866982
 -1.95520049 -1.67211541 -0.40212138  2.94154192  0.15373518  0.02195152
 -1.62008805 -0.14843886 -1.60000301 -3.09369234  2.89691761  1.15380689
 -0.32785805 -2.34244782  1.00715764 -1.15728654 -0.28164747 -2.14735635
 -1.90008107  1.81953766 -0.99249136  2.57374664 -0.43838089 -3.10955246
 -2.84283309  2.04079474 -3.06942485 -0.25654367 -1.03048819 -0.18670878
  2.38001121  1.71712065 -0.28088212 -1.73408035 -3.04067877  0.11172469
 -0.83572024  1.47032014 -2.51785241  0.95466903 -0.02727766  0.21041768
  1.99670705  0.74498232  0.7958111  -1.21494946  1.58829598  2.55705914
  1.28681685  0.29599551 -0.9951215   2.57700945  0.82535686 -2.2395511
 -0.01103509  1.71622171  1.07712812 -0.65108076 -2.31277376  2.41826255
  2.02565715  1.64845308  2.26462369  1.87968907 -2.13855594 -2.88214956
  0.51792346  1.3769225  -2.41380056 -1.29871419  2.44799237  1.25648615
  0.036906   -1.7558246  -1.56354748  1.93408377  1.4783625  -0.8102541
 -0.13589337 -0.45897057 -0.16861253  2.3815639  -0.55530277 -0.65288644
  1.08274134 -2.2978179   1.01255089  2.54328802 -0.49981255  2.10445401
 -1.97030897 -0.87363317 -2.42454606 -2.30492636 -1.37874411 -2.92537842
  1.58842598  1.84334518  1.65039082  1.01191263  1.4225213  -2.30914711
 -2.71273572  1.76060991  1.00496277 -0.42628591 -2.62307644  1.55420327
 -1.21901787 -2.49188476  0.05916995]
Thu Jun 13 23:36:59 2024,714,0.08450146359165978,[-2.85740145  2.07505628 -1.60000206  0.05553168  0.46936959 -3.25093917
  3.25047949  2.09385595  1.03591349 -1.00853147  0.561224    1.31928836
  1.30525262 -1.87404696  0.78402292  2.87601795 -0.38666673 -0.43230563
 -1.9257377   0.84710062  1.62625771  2.89867938 -1.39931902 -0.43659636
 -2.18948632 -2.10670368  3.13091694  2.80215437 -0.71631278 -2.62370874
  1.53569264 -0.20209756 -2.42956134  1.84905628  1.13178624 -0.61116337
  1.0826317  -2.02729173 -0.21821588  2.26028722 -0.32406449  0.47761478
  2.42035217  0.56904788  2.63697168  2.9062747   2.80852492 -2.92558926
  0.26851506 -0.39379456  1.71923007  2.99520423 -0.36833458 -2.34225904
  2.72186326 -3.1850256   0.54927319 -0.6976417  -1.74160131  3.09691093
 -1.97169712 -1.67041646 -2.54787274  2.36689216 -2.14657736  1.96146584
  1.73974574  1.47018448  2.53612721  2.8759463   1.99382479  1.48680699
 -1.7649493  -2.39067173  1.1561884   0.57967666  1.58705377 -2.78321844
 -0.10247374  2.51054548 -1.17600861  1.14845756  1.24967987  0.60186231
 -0.95055884  1.10109019  0.78592733 -0.38433621  2.8095808  -2.13510569
  1.58312286 -0.67478601  0.98809839 -3.21280966 -2.2489814   0.34374476
 -1.07746379 -0.41989238  0.27060878  0.06701876 -1.75411219 -0.21018621
 -0.67068435  2.87292731 -1.14775319 -1.20653178 -1.13958028  1.27065984
  1.62997061 -0.83179728  2.12087737 -1.46753264 -0.24457939 -0.89206609
 -2.95911045  3.10244924 -1.79026197  3.04810282 -1.35865826 -2.34707603
  3.79468117 -1.20118219 -0.58493238 -3.09174306 -2.49958139  2.98633531
 -1.95483759 -1.67175252 -0.40175849  2.94190481  0.15337228  0.02158863
 -1.62045094 -0.14880176 -1.59964011 -3.09405523  2.89728051  1.153444
 -0.32749516 -2.34281072  1.00752053 -1.15764943 -0.28128457 -2.14699346
 -1.90044397  1.81990055 -0.99285426  2.57410953 -0.438018   -3.10991535
 -2.8424702   2.04043185 -3.06978774 -0.25690656 -1.03085108 -0.18634589
  2.38037411  1.71748354 -0.28124501 -1.73371746 -3.04104166  0.11208758
 -0.83535735  1.46995725 -2.5182153   0.95430613 -0.02764056  0.21005478
  1.99634416  0.74461943  0.79544821 -1.21458657  1.58793309  2.55742204
  1.28645396  0.29635841 -0.99475861  2.57664655  0.82571976 -2.239914
 -0.01067219  1.71585882  1.07676523 -0.65071787 -2.31241087  2.41862544
  2.02602005  1.64809019  2.2642608   1.87932617 -2.13891884 -2.88251245
  0.51756057  1.3765596  -2.41343767 -1.2983513   2.44762948  1.25684904
  0.03654311 -1.75546171 -1.56391037  1.93444666  1.47799961 -0.80989121
 -0.13625626 -0.45933346 -0.16824963  2.381201   -0.55493988 -0.65252355
  1.08237845 -2.29818079  1.01291379  2.54365092 -0.50017544  2.1048169
 -1.96994608 -0.87327027 -2.42490895 -2.30528925 -1.37838122 -2.92501552
  1.58806309  1.84370808  1.65075371  1.01154973  1.4221584  -2.30878422
 -2.71309862  1.76024702  1.00532567 -0.42592302 -2.62343933  1.55384038
 -1.21938077 -2.49152187  0.05880706]
Thu Jun 13 23:37:15 2024,715,0.0844822494774008,[-2.85707003  2.07472485 -1.60033348  0.05520026  0.46970102 -3.25127059
  3.25081092  2.09418737  1.03624492 -1.00886289  0.56089257  1.31961979
  1.3049212  -1.87371553  0.78435435  2.87568652 -0.3863353  -0.43197421
 -1.92540627  0.84743205  1.62658914  2.89901081 -1.39965044 -0.43626493
 -2.18915489 -2.10637225  3.13058551  2.80182294 -0.71598135 -2.62337732
  1.53602407 -0.20176613 -2.42922991  1.8493877   1.13145481 -0.61083195
  1.08296313 -2.02762316 -0.21788445  2.25995579 -0.32373307  0.47728335
  2.4206836   0.56871646  2.63730311  2.90660613  2.80819349 -2.92592068
  0.26818363 -0.39412599  1.71889864  2.99553566 -0.36800316 -2.34192761
  2.72153183 -3.18535702  0.54894176 -0.69797313 -1.74126989  3.09724236
 -1.97202855 -1.67008504 -2.54820417  2.36656074 -2.14624593  1.96113442
  1.74007717  1.46985306  2.53645864  2.87561488  1.99349337  1.48713841
 -1.76528073 -2.39100316  1.15651982  0.58000808  1.58738519 -2.78288702
 -0.10214232  2.51021406 -1.17567718  1.14812613  1.2500113   0.60219373
 -0.95022741  1.10142162  0.78625876 -0.38400479  2.80991223 -2.13543711
  1.58345429 -0.67445458  0.98776696 -3.21247823 -2.24931282  0.34407619
 -1.07713237 -0.42022381  0.27027736  0.06735018 -1.75444361 -0.21051764
 -0.67101578  2.87325873 -1.14742176 -1.2068632  -1.1399117   1.27032841
  1.63030203 -0.83146585  2.1212088  -1.46786406 -0.24424797 -0.89173467
 -2.95877902  3.10278067 -1.78993054  3.04777139 -1.35898969 -2.3467446
  3.7950126  -1.20151362 -0.58526381 -3.09207449 -2.49924997  2.98666673
 -1.95450617 -1.67208394 -0.40142706  2.94223624  0.15370371  0.0212572
 -1.62078237 -0.14913318 -1.59997154 -3.09438666  2.89694908  1.15377542
 -0.32716373 -2.34314214  1.0071891  -1.15731801 -0.281616   -2.14732488
 -1.90077539  1.81956913 -0.99252283  2.57444096 -0.43768658 -3.10958393
 -2.84213877  2.04076328 -3.06945632 -0.25657514 -1.03051965 -0.18601446
  2.38004268  1.71715211 -0.28157644 -1.73404889 -3.04071024  0.11175615
 -0.83502592  1.47028867 -2.51854673  0.95397471 -0.02730913  0.21038621
  1.99667559  0.744288    0.79577963 -1.21425514  1.58826452  2.55709061
  1.28678539  0.29668983 -0.99442718  2.57631513  0.82605118 -2.23958257
 -0.01100362  1.71619025  1.07709665 -0.65104929 -2.31274229  2.41829401
  2.02568862  1.64842162  2.26392937  1.87899475 -2.13925026 -2.88218102
  0.517892    1.37689103 -2.41376909 -1.29801987  2.44796091  1.25651762
  0.03687453 -1.75513028 -1.5642418   1.93411524  1.47833103 -0.81022263
 -0.13658769 -0.45900203 -0.16791821  2.38086958 -0.5552713  -0.65219212
  1.08270988 -2.29851222  1.01258236  2.54398234 -0.50050687  2.10514833
 -1.9702775  -0.87293885 -2.42457753 -2.30562068 -1.3780498  -2.9246841
  1.58839451  1.8440395   1.65042229  1.01188116  1.42248983 -2.30911564
 -2.71276719  1.76057844  1.00499424 -0.42625444 -2.62377076  1.5541718
 -1.21904934 -2.49119044  0.05913849]
Thu Jun 13 23:37:31 2024,716,0.084365989203584,[-2.85847188  2.073323   -1.59893163  0.05660211  0.47110287 -3.25267245
  3.25221277  2.09278552  1.03764677 -1.01026474  0.55949072  1.32102164
  1.30351934 -1.87231368  0.7857562   2.87708837 -0.38493345 -0.43057235
 -1.92680813  0.8460302   1.62799099  2.90041266 -1.39824859 -0.43486308
 -2.19055675 -2.1049704   3.12918366  2.8032248  -0.71738321 -2.62197546
  1.53462222 -0.20316799 -2.42782806  1.84798585  1.13005296 -0.6122338
  1.08436498 -2.02902501 -0.2192863   2.26135765 -0.32513492  0.47868521
  2.42208545  0.56731461  2.63590125  2.90800798  2.80679164 -2.92732254
  0.26958548 -0.39552784  1.7203005   2.99413381 -0.36660131 -2.34052576
  2.72293368 -3.18675888  0.54753991 -0.69657128 -1.74267174  3.09864421
 -1.9706267  -1.67148689 -2.54960602  2.36796259 -2.14484408  1.96253627
  1.74147902  1.46845121  2.53786049  2.87701673  1.99489522  1.48854027
 -1.76387888 -2.39240501  1.15511797  0.57860623  1.58598334 -2.78148517
 -0.10354417  2.50881221 -1.17707903  1.14672428  1.25141315  0.60079188
 -0.95162926  1.10001977  0.78766061 -0.38540664  2.81131408 -2.13683897
  1.58205244 -0.67585643  0.98636511 -3.21107638 -2.24791097  0.34267434
 -1.07573052 -0.41882196  0.27167921  0.06594833 -1.75304176 -0.21191949
 -0.67241763  2.87185688 -1.14882361 -1.20826506 -1.13850985  1.27173026
  1.62890018 -0.8328677   2.11980695 -1.46926591 -0.24284611 -0.89313652
 -2.95737717  3.10418252 -1.79133239  3.04636954 -1.36039154 -2.34534275
  3.79641445 -1.20291547 -0.58666566 -3.09067264 -2.49784811  2.98526488
 -1.95590802 -1.67068209 -0.40002521  2.94083438  0.15510556  0.02265906
 -1.61938051 -0.14773133 -1.60137339 -3.09298481  2.89835093  1.15517727
 -0.32856559 -2.34174029  1.00859096 -1.15871986 -0.28301785 -2.14592303
 -1.89937354  1.82097098 -0.99112098  2.57584281 -0.43908843 -3.10818207
 -2.84354062  2.04216513 -3.06805447 -0.25797699 -1.03192151 -0.18461261
  2.38144453  1.71575026 -0.28017459 -1.73264703 -3.04211209  0.1103543
 -0.83642777  1.46888682 -2.51994858  0.95257286 -0.02590728  0.21178806
  1.99527373  0.74288615  0.79718148 -1.21285329  1.58686266  2.55849246
  1.28538353  0.29528798 -0.99582903  2.57491328  0.82745303 -2.23818072
 -0.01240547  1.7147884   1.0756948  -0.65245114 -2.31134044  2.41689216
  2.02428677  1.64701976  2.26252752  1.8775929  -2.14065212 -2.88358287
  0.51929385  1.37548918 -2.41517094 -1.29942172  2.44655905  1.25511577
  0.03547268 -1.75653213 -1.56564365  1.93271338  1.47973289 -0.81162449
 -0.13518584 -0.46040389 -0.16932006  2.37946773 -0.55386945 -0.65079027
  1.08130802 -2.29711037  1.01398421  2.5453842  -0.50190872  2.10374648
 -1.96887565 -0.8743407  -2.42597938 -2.30421882 -1.37664794 -2.92608595
  1.58699266  1.84544135  1.65182414  1.01328301  1.42389168 -2.31051749
 -2.71136534  1.75917659  1.00359239 -0.42765629 -2.62517261  1.55557366
 -1.21764749 -2.4925923   0.06054034]
Thu Jun 13 23:37:47 2024,717,0.08433689398453649,[-2.85918246  2.07261241 -1.59964221  0.05589152  0.47181345 -3.25196186
  3.25150219  2.0934961   1.03835735 -1.01097533  0.5602013   1.32031105
  1.30280876 -1.8716031   0.78504562  2.87779896 -0.38564404 -0.43128294
 -1.92609754  0.84674078  1.6272804   2.89970208 -1.39895917 -0.43557366
 -2.19126733 -2.10568098  3.12989424  2.80393538 -0.71667262 -2.62126488
  1.53391163 -0.20387857 -2.42853864  1.84869643  1.13076355 -0.61152321
  1.08507556 -2.02831443 -0.21857572  2.26064706 -0.3258455   0.47797462
  2.42279603  0.56660402  2.63661184  2.90871856  2.80750222 -2.92803312
  0.2688749  -0.39481725  1.72101108  2.99342322 -0.36731189 -2.34123635
  2.7222231  -3.18604829  0.54682933 -0.69728186 -1.74196115  3.0993548
 -1.97133728 -1.67077631 -2.5503166   2.367252   -2.1441335   1.96324685
  1.74218961  1.46916179  2.5371499   2.87772731  1.9956058   1.48782968
 -1.76316829 -2.39311559  1.15582856  0.57789565  1.58669393 -2.78077458
 -0.10283359  2.50810162 -1.17636845  1.14743486  1.25070256  0.60008129
 -0.95233985  1.10073035  0.78695002 -0.38611722  2.8106035  -2.13754955
  1.58276302 -0.67514585  0.98707569 -3.21178696 -2.24720039  0.34338492
 -1.07501993 -0.41953254  0.27238979  0.06665891 -1.75233118 -0.21120891
 -0.67170704  2.8711463  -1.14811303 -1.20897564 -1.13779927  1.27101968
  1.62961076 -0.83215712  2.11909636 -1.4699765  -0.24213553 -0.89242594
 -2.95808775  3.10489311 -1.79204298  3.04565896 -1.36110212 -2.34463217
  3.79712503 -1.20220488 -0.58737624 -3.08996205 -2.4985587   2.98597546
 -1.9566186  -1.66997151 -0.40073579  2.9401238   0.15439498  0.02336964
 -1.61866993 -0.14702075 -1.60066281 -3.09227422  2.89906152  1.15588786
 -0.327855   -2.34245087  1.00930154 -1.15943044 -0.28372844 -2.14521245
 -1.89866296  1.82168156 -0.99183156  2.57513223 -0.43979901 -3.10747149
 -2.84283004  2.04287571 -3.06734388 -0.2572664  -1.03121092 -0.18390203
  2.38215512  1.71503968 -0.28088517 -1.73335762 -3.04282267  0.11106488
 -0.83571719  1.46817624 -2.52065916  0.95186227 -0.02661786  0.21107748
  1.99456315  0.74217557  0.7964709  -1.21356387  1.58757325  2.55920305
  1.28609412  0.2945774  -0.99653962  2.57420269  0.82674245 -2.23747013
 -0.01169489  1.71407781  1.07640538 -0.65174056 -2.31062986  2.41760275
  2.02499735  1.64773035  2.2632381   1.87688231 -2.1413627  -2.88287229
  0.52000443  1.37477859 -2.41588153 -1.29871114  2.44726964  1.25440518
  0.03618327 -1.75724272 -1.56493307  1.93342397  1.4790223  -0.8109139
 -0.13589642 -0.46111447 -0.16860947  2.38017831 -0.55458003 -0.65007968
  1.08059744 -2.29782095  1.01327363  2.54609478 -0.50119814  2.10445706
 -1.96958624 -0.87505128 -2.42668996 -2.30492941 -1.37735853 -2.92537536
  1.58770324  1.84473077  1.65253472  1.01257243  1.42460227 -2.31122808
 -2.71065476  1.75988718  1.0028818  -0.42836688 -2.62588319  1.55486307
 -1.21835807 -2.49330288  0.05982976]
Thu Jun 13 23:38:03 2024,718,0.0842154006459187,[-2.86047175  2.07132313 -1.6009315   0.05718081  0.47052416 -3.25067257
  3.2502129   2.09478539  1.03706806 -1.01226462  0.55891201  1.31902176
  1.30151947 -1.87031381  0.78633491  2.87650967 -0.38435475 -0.43257223
 -1.92480825  0.84803007  1.62599111  2.90099137 -1.39766988 -0.43428438
 -2.18997804 -2.10439169  3.12860496  2.80522467 -0.71538333 -2.61997559
  1.53262235 -0.20258928 -2.42982793  1.84740715  1.12947426 -0.6128125
  1.08636485 -2.02702514 -0.21986501  2.26193635 -0.32713479  0.47668533
  2.42408532  0.56789331  2.63532255  2.90742927  2.80879151 -2.92932241
  0.27016419 -0.39610654  1.72230037  2.99471251 -0.3660226  -2.34252564
  2.72093381 -3.18733758  0.54554004 -0.69857115 -1.74325044  3.10064408
 -1.97004799 -1.66948702 -2.55160589  2.36854129 -2.14284421  1.96453614
  1.74090032  1.47045108  2.53843919  2.8790166   1.99431652  1.48911897
 -1.761879   -2.39182631  1.15711785  0.57918493  1.58798321 -2.77948529
 -0.10412287  2.50681233 -1.17765774  1.14872415  1.25199185  0.59879201
 -0.95105056  1.09944106  0.78566073 -0.38740651  2.80931421 -2.13883884
  1.58147373 -0.67385656  0.98836498 -3.21049767 -2.24848968  0.34209563
 -1.07373064 -0.42082183  0.27367908  0.0679482  -1.75362046 -0.2124982
 -0.67299633  2.87243559 -1.14682374 -1.21026493 -1.13650998  1.27230897
  1.63090005 -0.83086783  2.11780707 -1.47126579 -0.24084624 -0.89113665
 -2.95937704  3.10360382 -1.79075369  3.04436967 -1.36239141 -2.34334288
  3.79841432 -1.20349417 -0.58608695 -3.08867277 -2.49726941  2.98468618
 -1.95790789 -1.6712608  -0.40202508  2.94141309  0.15568427  0.02465893
 -1.61995922 -0.14573146 -1.6019521  -3.09356351  2.89777223  1.15459857
 -0.32914429 -2.34374016  1.01059083 -1.15814115 -0.28243915 -2.14392316
 -1.89737367  1.82297085 -0.99054227  2.57642151 -0.43850972 -3.1061822
 -2.84154075  2.04158642 -3.06605459 -0.25855569 -1.03250021 -0.18519132
  2.38344441  1.71375039 -0.28217446 -1.73206833 -3.04153338  0.11235417
 -0.8344279   1.46688695 -2.52194845  0.95057298 -0.02532857  0.21236677
  1.99327386  0.74088628  0.79518161 -1.21485316  1.58886254  2.55791376
  1.28480483  0.29586669 -0.99525033  2.5729134   0.82545316 -2.23875942
 -0.01298418  1.7153671   1.07511609 -0.65045127 -2.31191915  2.41889203
  2.02628664  1.64901964  2.26194881  1.8781716  -2.14265199 -2.881583
  0.52129372  1.37348931 -2.41459224 -1.30000043  2.44598035  1.25569447
  0.03489398 -1.75853201 -1.56364378  1.93213468  1.48031159 -0.81220319
 -0.13718571 -0.45982518 -0.16732019  2.37888902 -0.55586932 -0.64879039
  1.07930815 -2.29911024  1.01198434  2.54738407 -0.49990885  2.10316777
 -1.97087552 -0.873762   -2.42540067 -2.30364012 -1.37864782 -2.92408608
  1.58641395  1.84344148  1.65382401  1.01386172  1.42331298 -2.31251737
 -2.71194404  1.76117647  1.00159252 -0.42965617 -2.62717248  1.55615236
 -1.21706878 -2.49201359  0.05854047]
Thu Jun 13 23:38:19 2024,719,0.08405501811107566,[-2.85849049  2.06934187 -1.60291276  0.05519955  0.47250542 -3.25265383
  3.25219415  2.09676665  1.03508681 -1.01424588  0.56089327  1.32100302
  1.29953821 -1.86833255  0.78831617  2.87849093 -0.38237349 -0.43059097
 -1.92282699  0.85001133  1.62797237  2.90297263 -1.39965114 -0.43626563
 -2.1919593  -2.10241043  3.1266237   2.80324341 -0.71736459 -2.62195685
  1.53064109 -0.20457054 -2.42784668  1.84542589  1.127493   -0.61083124
  1.08834611 -2.02504388 -0.22184627  2.25995509 -0.32911605  0.47470407
  2.42210406  0.56987457  2.63730381  2.90941053  2.81077277 -2.93130367
  0.26818293 -0.3980878   1.72428163  2.99273125 -0.36404134 -2.34054438
  2.72291507 -3.18931884  0.5475213  -0.69658989 -1.7452317   3.10262534
 -1.97202925 -1.67146827 -2.54962463  2.36656003 -2.14482547  1.9665174
  1.73891906  1.47243234  2.54042045  2.87703534  1.99629777  1.49110023
 -1.76386026 -2.39380756  1.1590991   0.57720368  1.58600196 -2.77750403
 -0.10214162  2.50483107 -1.17567648  1.14674289  1.25001059  0.60077326
 -0.9490693   1.0974598   0.78367948 -0.38542525  2.81129546 -2.13685758
  1.57949247 -0.67583782  0.98638372 -3.20851641 -2.25047093  0.34407689
 -1.07174938 -0.41884057  0.27169782  0.06596695 -1.75163921 -0.21051694
 -0.67101507  2.87045433 -1.148805   -1.20828367 -1.13849124  1.27429023
  1.62891879 -0.83284909  2.11978833 -1.47324705 -0.2428275  -0.88915539
 -2.9613583   3.10558507 -1.78877243  3.04635093 -1.36437267 -2.34136162
  3.79643306 -1.20151291 -0.58806821 -3.09065402 -2.49528815  2.98666743
 -1.95988915 -1.66927954 -0.40004382  2.93943183  0.15766553  0.02664019
 -1.61797796 -0.14771272 -1.59997084 -3.09554477  2.89975349  1.15261731
 -0.32716303 -2.3417589   1.00860957 -1.16012241 -0.28045789 -2.14590442
 -1.89539241  1.82495211 -0.99252353  2.57840277 -0.44049098 -3.10420094
 -2.84352201  2.03960517 -3.06407333 -0.25657443 -1.03448147 -0.18717258
  2.38146315  1.71176913 -0.2801932  -1.73008707 -3.03955213  0.11433543
 -0.83244664  1.46490569 -2.52392971  0.94859172 -0.02334731  0.21038551
  1.9912926   0.73890502  0.79320035 -1.2128719   1.5908438   2.55989502
  1.28282357  0.29784795 -0.99326907  2.57489466  0.8234719  -2.23677816
 -0.01100292  1.71338584  1.07313484 -0.65243253 -2.31390041  2.42087329
  2.0282679   1.6510009   2.25996755  1.88015286 -2.14463325 -2.88356426
  0.51931246  1.37150805 -2.41261098 -1.29801917  2.44399909  1.25371321
  0.03291272 -1.75655075 -1.56166252  1.93015342  1.48229285 -0.81418445
 -0.13916697 -0.45784392 -0.16930144  2.37690776 -0.55388806 -0.65077165
  1.07732689 -2.29712898  1.01000308  2.54540281 -0.49792759  2.10118651
 -1.97285678 -0.87178074 -2.42341941 -2.30562138 -1.38062908 -2.92210482
  1.58839521  1.84146022  1.65184275  1.01188046  1.42133172 -2.31449863
 -2.70996279  1.75919521  1.00357377 -0.43163743 -2.62519122  1.55813362
 -1.21508752 -2.49003233  0.05655921]
Thu Jun 13 23:38:43 2024,720,0.08404913497126187,[-2.85891866  2.06977003 -1.60248459  0.05477139  0.47207725 -3.253082
  3.25262232  2.09633848  1.03465864 -1.01381771  0.56046511  1.32057486
  1.29911005 -1.86876071  0.787888    2.8789191  -0.38280166 -0.43101914
 -1.92325516  0.84958316  1.62754421  2.90254446 -1.39922298 -0.4366938
 -2.19153113 -2.10198227  3.12705186  2.80367158 -0.71693642 -2.62238502
  1.53106925 -0.20499871 -2.42827484  1.84585405  1.12792117 -0.61040308
  1.08791794 -2.02547205 -0.2214181   2.25952692 -0.32868788  0.47427591
  2.42253223  0.5694464   2.63773198  2.90898236  2.81034461 -2.93173184
  0.2686111  -0.39851597  1.72385346  2.99315942 -0.36446951 -2.34011621
  2.7224869  -3.18974701  0.54709313 -0.69616172 -1.74480353  3.10219718
 -1.97160108 -1.67104011 -2.54919646  2.3669882  -2.1443973   1.96694557
  1.73849089  1.4728605   2.53999229  2.87746351  1.99672594  1.4915284
 -1.76428843 -2.39423573  1.15867094  0.57677551  1.58557379 -2.7779322
 -0.10171345  2.50525924 -1.17610465  1.14631473  1.24958243  0.6003451
 -0.94864113  1.09703164  0.78410764 -0.38585342  2.8108673  -2.13642941
  1.57992064 -0.67626599  0.98681189 -3.20808825 -2.25004277  0.34364872
 -1.07132122 -0.41926874  0.27126966  0.06553878 -1.75121104 -0.21008877
 -0.67058691  2.8708825  -1.14923317 -1.2078555  -1.13806307  1.2747184
  1.62849063 -0.83242092  2.1202165  -1.47367521 -0.24325567 -0.88872722
 -2.96178647  3.10515691 -1.7892006   3.04592276 -1.3639445  -2.34093345
  3.79686123 -1.20194108 -0.58764004 -3.09022586 -2.49571632  2.9870956
 -1.96031732 -1.66885137 -0.39961566  2.93986     0.15809369  0.02621202
 -1.61840613 -0.14814088 -1.60039901 -3.09597294  2.89932532  1.15218914
 -0.32673486 -2.34218707  1.0081814  -1.16055058 -0.28088605 -2.14547625
 -1.89496424  1.82538028 -0.99209536  2.57797461 -0.44006282 -3.10377278
 -2.84309384  2.039177   -3.06364517 -0.2570026  -1.03490964 -0.18760074
  2.38103498  1.71134096 -0.27976503 -1.7296589  -3.03998029  0.11390726
 -0.83201847  1.46447752 -2.52435788  0.94901989 -0.02377548  0.21081367
  1.99086443  0.73847685  0.79362852 -1.21244374  1.59041563  2.55946685
  1.28325174  0.29827611 -0.99369724  2.57532283  0.82390007 -2.23635
 -0.01143108  1.71381401  1.07270667 -0.6528607  -2.31347224  2.42130146
  2.02869607  1.65142906  2.25953939  1.88058103 -2.14506141 -2.88313609
  0.51888429  1.37193621 -2.41218281 -1.29844734  2.44357092  1.25414138
  0.03334089 -1.75697892 -1.56209069  1.93058159  1.48186468 -0.81375628
 -0.1387388  -0.45741576 -0.16887328  2.37733593 -0.55431623 -0.65119982
  1.07775506 -2.29755715  1.01043125  2.54583098 -0.49835576  2.10075835
 -1.97328495 -0.87135257 -2.42299125 -2.30519321 -1.38105724 -2.92253298
  1.58796705  1.84188839  1.65141459  1.01145229  1.42175989 -2.31492679
 -2.71039095  1.75876704  1.00314561 -0.43120926 -2.62476306  1.55856179
 -1.21465936 -2.4904605   0.05698737]
Thu Jun 13 23:39:10 2024,721,0.08402505512342653,[-2.858363    2.0703257  -1.60304026  0.05421572  0.47152159 -3.25363766
  3.25206666  2.09689415  1.0352143  -1.01437337  0.56102077  1.32001919
  1.29966571 -1.86931638  0.78844366  2.87947476 -0.38224599 -0.4315748
 -1.9226995   0.85013883  1.62698854  2.90310012 -1.39977864 -0.43613814
 -2.1920868  -2.1014266   3.12760753  2.80311591 -0.71749209 -2.62294068
  1.53051359 -0.20444304 -2.42883051  1.84640972  1.12847683 -0.60984741
  1.08736228 -2.02491638 -0.22086244  2.25897126 -0.32924355  0.47372024
  2.42308789  0.57000207  2.63717631  2.90953803  2.81090027 -2.9322875
  0.26805543 -0.39796031  1.7232978   2.99260375 -0.36502517 -2.34067187
  2.72304256 -3.18919134  0.54764879 -0.69560606 -1.74424787  3.10164151
 -1.97104542 -1.67048444 -2.54975213  2.36643254 -2.14384163  1.9663899
  1.73904656  1.47230484  2.53943662  2.87690785  1.99617028  1.49208406
 -1.76484409 -2.39479139  1.15811527  0.57621984  1.58612945 -2.77848787
 -0.10115778  2.50470358 -1.17666031  1.14687039  1.24902676  0.59978943
 -0.9491968   1.0975873   0.78355198 -0.38640908  2.81031163 -2.13587375
  1.58047631 -0.67682165  0.98736756 -3.20864391 -2.25059843  0.34420439
 -1.07076555 -0.4198244   0.27071399  0.06609444 -1.7517667  -0.21064443
 -0.67003124  2.87143816 -1.14978883 -1.20729984 -1.13861873  1.27527406
  1.62904629 -0.83297659  2.11966084 -1.47423088 -0.24381133 -0.88928289
 -2.96234213  3.10460124 -1.78975626  3.04647842 -1.36450017 -2.34148912
  3.79630557 -1.20249674 -0.58708438 -3.09078152 -2.49627198  2.98765127
 -1.96087298 -1.66940704 -0.39905999  2.93930433  0.15864936  0.02676769
 -1.61785046 -0.14869655 -1.59984334 -3.09541728  2.89876966  1.15274481
 -0.32729053 -2.34163141  1.00873707 -1.15999492 -0.28144172 -2.14492059
 -1.89551991  1.82482462 -0.9915397   2.57853027 -0.44061848 -3.10432844
 -2.8436495   2.03973266 -3.0630895  -0.25644694 -1.0354653  -0.18815641
  2.38047932  1.7107853  -0.27920937 -1.72910324 -3.03942463  0.11446293
 -0.83257414  1.46392186 -2.52491354  0.94846423 -0.02321982  0.21025801
  1.9914201   0.73792119  0.79307286 -1.21188807  1.59097129  2.55891119
  1.28269607  0.29772045 -0.99314157  2.57476716  0.82334441 -2.23690566
 -0.01087542  1.71325834  1.07326233 -0.65230503 -2.3140279   2.42185712
  2.0281404   1.65198473  2.25898372  1.88002536 -2.14561708 -2.88369176
  0.51943996  1.37138055 -2.41273848 -1.29789167  2.44301526  1.25469704
  0.03278522 -1.75642325 -1.56264635  1.93002592  1.48130902 -0.81431195
 -0.13818314 -0.45686009 -0.16831761  2.37678027 -0.55487189 -0.65175548
  1.07719939 -2.29700148  1.00987558  2.54638664 -0.49891142  2.10131401
 -1.97384061 -0.87079691 -2.42243558 -2.30463755 -1.38161291 -2.92308865
  1.58741138  1.84133273  1.65197025  1.01089663  1.42120422 -2.31437113
 -2.70983529  1.7593227   1.00258994 -0.43176492 -2.62420739  1.55800612
 -1.21410369 -2.48990484  0.05754304]
Thu Jun 13 23:39:25 2024,722,0.08402368789942566,[-2.85823039  2.07045831 -1.60317287  0.05434833  0.4716542  -3.25350505
  3.25219927  2.09702676  1.03508169 -1.01424076  0.56115338  1.3201518
  1.2995331  -1.86944899  0.78857627  2.87934215 -0.3823786  -0.43144219
 -1.92256689  0.85000622  1.62685593  2.90296751 -1.39991125 -0.43600553
 -2.19195419 -2.10129399  3.12747492  2.8029833  -0.7176247  -2.62280807
  1.5306462  -0.20431043 -2.4286979   1.84627711  1.12834422 -0.6097148
  1.08722967 -2.02478377 -0.22072983  2.25910387 -0.32911094  0.47358763
  2.4232205   0.57013468  2.63730892  2.90967064  2.81103288 -2.93242011
  0.26792282 -0.3978277   1.72316519  2.99247114 -0.36515778 -2.34080448
  2.72317517 -3.18905873  0.54751618 -0.69547345 -1.74411526  3.10177412
 -1.97091281 -1.67061705 -2.54988474  2.36656515 -2.14370902  1.96625729
  1.73917917  1.47243745  2.53930401  2.87677524  1.99603767  1.49221667
 -1.76471148 -2.39492401  1.15798266  0.57635245  1.58626206 -2.77862048
 -0.10102517  2.50483619 -1.1765277   1.147003    1.24915937  0.59965682
 -0.94906419  1.09771991  0.78368459 -0.38654169  2.81017902 -2.13574114
  1.58060892 -0.67695426  0.98750017 -3.2085113  -2.25073104  0.34407178
 -1.07063294 -0.41995701  0.2708466   0.06622705 -1.75189931 -0.21051182
 -0.67016385  2.87130555 -1.14992144 -1.20743245 -1.13848612  1.27514145
  1.62891368 -0.8331092   2.11979345 -1.47436349 -0.24394394 -0.88915028
 -2.96247474  3.10446863 -1.78988887  3.04661103 -1.36436756 -2.34135651
  3.79643818 -1.20262935 -0.58695177 -3.09091413 -2.49640459  2.98751866
 -1.96100559 -1.66953965 -0.39892738  2.93943694  0.15851675  0.0269003
 -1.61771785 -0.14856394 -1.59997595 -3.09554989  2.89890227  1.15287742
 -0.32742314 -2.3414988   1.00886968 -1.15986231 -0.28157433 -2.14478798
 -1.8953873   1.82469201 -0.99167231  2.57839766 -0.44075109 -3.10419583
 -2.84378211  2.03960005 -3.06322211 -0.25657955 -1.03559791 -0.1880238
  2.38034671  1.71065269 -0.27907676 -1.72897063 -3.03929202  0.11459554
 -0.83270675  1.46405447 -2.52504615  0.94833162 -0.02335243  0.21039062
  1.99128749  0.73778858  0.79294025 -1.21202068  1.59083868  2.5590438
  1.28282868  0.29758784 -0.99300896  2.57489977  0.82347702 -2.23703827
 -0.01074281  1.71339095  1.07339494 -0.65243764 -2.31389529  2.42198973
  2.02800779  1.65185212  2.25911633  1.87989275 -2.14548447 -2.88355915
  0.51930735  1.37151316 -2.41260587 -1.29802428  2.44314787  1.25482965
  0.03291783 -1.75629064 -1.56277896  1.92989331  1.48117641 -0.81444456
 -0.13805053 -0.45672748 -0.168185    2.37691288 -0.55473928 -0.65188809
  1.07706678 -2.29686887  1.01000819  2.54651925 -0.49877881  2.10144662
 -1.97397322 -0.87092952 -2.42256819 -2.30450494 -1.38174552 -2.92295604
  1.58754399  1.84146534  1.65183764  1.01076402  1.42133683 -2.31423852
 -2.7099679   1.75919009  1.00245733 -0.43189753 -2.62407478  1.55813873
 -1.2142363  -2.49003745  0.05741043]
Thu Jun 13 23:39:40 2024,723,0.08401851067150626,[-2.85800932  2.07067938 -1.60339394  0.05412726  0.47143313 -3.25372612
  3.2519782   2.09680569  1.03530276 -1.01401969  0.56137445  1.32037287
  1.29975417 -1.86967006  0.78879734  2.87956322 -0.38215753 -0.43166326
 -1.92278796  0.85022729  1.62663486  2.90274644 -1.39969018 -0.43578446
 -2.19217526 -2.10151506  3.12725385  2.80320437 -0.71784577 -2.62302914
  1.53042513 -0.20408936 -2.42847683  1.84605604  1.12856529 -0.60993587
  1.0870086  -2.02500484 -0.22050876  2.2588828  -0.32888987  0.47336656
  2.42299943  0.57035575  2.63708785  2.90989171  2.81081181 -2.93219904
  0.26814389 -0.39760663  1.72338626  2.99225007 -0.36493671 -2.34102555
  2.7229541  -3.1892798   0.54729511 -0.69525238 -1.74389419  3.10155305
 -1.97069174 -1.67083812 -2.54966367  2.36634408 -2.14348795  1.96647836
  1.7389581   1.47221638  2.53908294  2.87655417  1.9958166   1.49243774
 -1.76449041 -2.39514507  1.15820373  0.57657352  1.58604099 -2.77839941
 -0.10124624  2.50461512 -1.17674877  1.14722407  1.2489383   0.59943575
 -0.94928526  1.09794098  0.78390566 -0.38632062  2.81040009 -2.13552007
  1.58082999 -0.67673319  0.98772124 -3.20873237 -2.25095211  0.34429285
 -1.07041187 -0.41973594  0.27062553  0.06644812 -1.75167824 -0.21073289
 -0.66994278  2.87152662 -1.15014251 -1.20721138 -1.13870719  1.27492038
  1.62869261 -0.83288813  2.12001452 -1.47414242 -0.24372287 -0.88937135
 -2.96269581  3.10424756 -1.79010994  3.0468321  -1.36414649 -2.34113544
  3.79621711 -1.20240828 -0.58717284 -3.0911352  -2.49618352  2.98729759
 -1.96078452 -1.66931858 -0.39914845  2.93965801  0.15873782  0.02667923
 -1.61793892 -0.14834287 -1.59975488 -3.09532882  2.89912334  1.15309849
 -0.32720207 -2.34171987  1.00909075 -1.15964124 -0.2817954  -2.14456691
 -1.89516623  1.82491308 -0.99145124  2.57861873 -0.44053002 -3.1044169
 -2.84356105  2.03937898 -3.06300104 -0.25635848 -1.03537684 -0.18780273
  2.38056778  1.71043162 -0.27885569 -1.72874956 -3.03951309  0.11481661
 -0.83292782  1.46427554 -2.52482508  0.94811055 -0.0235735   0.21016955
  1.99106642  0.73800965  0.79271918 -1.21179961  1.59061761  2.55926487
  1.28260761  0.29780891 -0.99278789  2.5746787   0.82325595 -2.23725934
 -0.01096388  1.71316988  1.07317387 -0.65221657 -2.31367422  2.42176866
  2.02778672  1.65163105  2.25889526  1.87967168 -2.1452634  -2.88378022
  0.51952842  1.37173423 -2.41282694 -1.29824535  2.44336894  1.25505072
  0.03269676 -1.75606957 -1.56300003  1.92967224  1.48139748 -0.81422349
 -0.13782946 -0.45694855 -0.16796393  2.37669181 -0.55451821 -0.65166702
  1.07728785 -2.2966478   1.00978712  2.54629818 -0.49899988  2.10166769
 -1.97419429 -0.87115059 -2.42278926 -2.30472601 -1.38152445 -2.92317711
  1.58732292  1.84168641  1.65205871  1.01054295  1.42111576 -2.31401745
 -2.71018897  1.75941116  1.0026784  -0.4321186  -2.62385371  1.55791766
 -1.21445737 -2.49025852  0.05718936]
Thu Jun 13 23:39:54 2024,724,0.08389240609444566,[-2.85654189  2.06921196 -1.60486136  0.05265984  0.46996571 -3.2522587
  3.25051078  2.09533827  1.03677018 -1.01255227  0.56284187  1.31890545
  1.29828675 -1.86820264  0.79026476  2.8780958  -0.38069011 -0.43313068
 -1.92132054  0.84875986  1.62810228  2.90127902 -1.4011576  -0.43431704
 -2.19070784 -2.10004764  3.12578643  2.80173695 -0.71931319 -2.62156172
  1.52895771 -0.20262194 -2.4270094   1.84458862  1.13003271 -0.6114033
  1.08847602 -2.02353742 -0.21904134  2.25741538 -0.33035729  0.47483399
  2.42153201  0.57182317  2.63855527  2.91135913  2.80934439 -2.93366646
  0.26961132 -0.3961392   1.72485368  2.99078265 -0.36640414 -2.33955813
  2.72148668 -3.18781238  0.54582769 -0.69378496 -1.74536161  3.10302047
 -1.96922432 -1.6693707  -2.54819625  2.36487666 -2.14202053  1.96794578
  1.73749067  1.4736838   2.53761552  2.87508674  1.99728402  1.49390516
 -1.76595783 -2.3966125   1.15967115  0.5751061   1.58457357 -2.77986683
 -0.09977882  2.50608254 -1.17821619  1.14869149  1.24747088  0.60090318
 -0.95075268  1.0994084   0.78243824 -0.38778805  2.81186752 -2.13698749
  1.58229741 -0.67526577  0.98625381 -3.21019979 -2.25241953  0.34576027
 -1.07187929 -0.41826852  0.26915811  0.06791554 -1.75021082 -0.20926547
 -0.67141021  2.87299404 -1.14867509 -1.2086788  -1.14017462  1.27345296
  1.63016003 -0.8314207   2.11854709 -1.472675   -0.24225545 -0.88790392
 -2.96416323  3.10571499 -1.79157736  3.04536468 -1.36267907 -2.33966802
  3.79768453 -1.20387571 -0.58570542 -3.08966778 -2.49765094  2.98583016
 -1.96225194 -1.66785115 -0.40061587  2.94112543  0.16020524  0.0252118
 -1.61940634 -0.14687545 -1.59828746 -3.09386139  2.90059076  1.15456591
 -0.32573465 -2.34025245  1.01055817 -1.15817381 -0.28032798 -2.14603433
 -1.8936988   1.82344565 -0.98998382  2.58008615 -0.44199744 -3.10588432
 -2.84209362  2.0408464  -3.06153362 -0.2578259  -1.03390942 -0.18927015
  2.3820352   1.7089642  -0.28032311 -1.72728214 -3.04098051  0.11334919
 -0.83439524  1.46280811 -2.52335766  0.94664313 -0.02504092  0.21163697
  1.989599    0.73654222  0.7941866  -1.21326703  1.58915019  2.55779744
  1.28407504  0.29927633 -0.99425532  2.57321128  0.82178852 -2.23579192
 -0.0124313   1.71463731  1.07464129 -0.65368399 -2.31514164  2.42030124
  2.02925414  1.65016363  2.26036269  1.8811391  -2.14379598 -2.88524764
  0.518061    1.37320165 -2.41429436 -1.29677793  2.44190152  1.2535833
  0.03122934 -1.75753699 -1.56153261  1.92820482  1.47993006 -0.81569091
 -0.13636204 -0.45841597 -0.16943136  2.37815923 -0.55305079 -0.65313445
  1.07875528 -2.29518038  1.01125454  2.54483076 -0.49753246  2.10313511
 -1.97566172 -0.87261801 -2.42132184 -2.30325858 -1.38299187 -2.92464453
  1.58879034  1.84315383  1.65352613  1.00907553  1.41964834 -2.31255003
 -2.71165639  1.76087859  1.00414583 -0.43065118 -2.62238629  1.55645024
 -1.21592479 -2.48879109  0.05865678]
Thu Jun 13 23:40:11 2024,725,0.08386258025910528,[-2.85723214  2.0699022  -1.60417112  0.0519696   0.47065595 -3.25294894
  3.25120102  2.09602851  1.03746043 -1.01324251  0.56215163  1.31959569
  1.29759651 -1.86751239  0.79095501  2.87878604 -0.38138035 -0.43382092
 -1.92063029  0.84806962  1.62741204  2.90058878 -1.40184784 -0.43500728
 -2.19001759 -2.0993574   3.12509618  2.80104671 -0.71862295 -2.62225196
  1.52964795 -0.2019317  -2.42769965  1.84389837  1.13072295 -0.61071305
  1.08916626 -2.02422766 -0.21835109  2.25672514 -0.33104753  0.47414374
  2.42084177  0.57113293  2.63924552  2.91066889  2.80865415 -2.9343567
  0.26892107 -0.39682945  1.72416344  2.9914729  -0.36571389 -2.33886789
  2.72217693 -3.18712214  0.54513745 -0.69309472 -1.74605185  3.10233023
 -1.96853408 -1.67006094 -2.547506    2.36418641 -2.14271078  1.96725554
  1.73680043  1.47299356  2.53692528  2.87577699  1.99797426  1.49321492
 -1.76526759 -2.39592225  1.15898091  0.57579635  1.58388333 -2.78055707
 -0.09908858  2.5053923  -1.17752595  1.14800125  1.24816112  0.60021293
 -0.95144292  1.09871816  0.781748   -0.3870978   2.81117727 -2.13629725
  1.58298765 -0.67457553  0.98556357 -3.20950955 -2.25172929  0.34645051
 -1.07118905 -0.41757828  0.26846787  0.06860579 -1.75090106 -0.20857523
 -0.67071996  2.8723038  -1.14798485 -1.20798856 -1.14086486  1.27276272
  1.63085027 -0.83073046  2.11785685 -1.47336524 -0.24156521 -0.88859417
 -2.96485348  3.10640523 -1.7922676   3.04467444 -1.36198882 -2.33897777
  3.79699429 -1.20318546 -0.58639566 -3.09035802 -2.49834118  2.98513992
 -1.9615617  -1.66716091 -0.39992563  2.94181568  0.16089548  0.02590205
 -1.6187161  -0.14756569 -1.59759722 -3.09455164  2.901281    1.15387567
 -0.32642489 -2.3395622   1.00986793 -1.15748357 -0.27963773 -2.14672457
 -1.89438905  1.82275541 -0.99067406  2.57939591 -0.44268768 -3.10657456
 -2.84140338  2.04153665 -3.06084338 -0.25713566 -1.03321918 -0.18996039
  2.38134496  1.70827396 -0.27963287 -1.7265919  -3.04167075  0.11403943
 -0.83508548  1.46211787 -2.52266742  0.94733337 -0.02573116  0.21232721
  1.98890875  0.73723247  0.79349636 -1.21257679  1.58845995  2.55848769
  1.28476528  0.29858609 -0.99356507  2.57252104  0.82247877 -2.23510168
 -0.01312154  1.71532755  1.07395105 -0.65437424 -2.31583189  2.42099149
  2.0285639   1.65085387  2.26105293  1.88044886 -2.14310573 -2.8845574
  0.51737075  1.37389189 -2.4149846  -1.29746817  2.44259176  1.25289306
  0.03191958 -1.75822724 -1.56084237  1.92889506  1.47923981 -0.81638115
 -0.13705228 -0.45772573 -0.16874111  2.37884947 -0.55374104 -0.65382469
  1.07944552 -2.29449014  1.0105643   2.54414052 -0.49684222  2.10244487
 -1.97497147 -0.87330825 -2.4206316  -2.30256834 -1.38230163 -2.92533477
  1.58948059  1.84246359  1.65421637  1.00838528  1.4189581  -2.31185979
 -2.71096615  1.76018834  1.00345558 -0.42996094 -2.62307653  1.55576
 -1.21661504 -2.48810085  0.05796654]
Thu Jun 13 23:40:31 2024,726,0.08386509596864093,[-2.85712791  2.06979797 -1.60406689  0.05207382  0.47055173 -3.25305317
  3.25109679  2.09592428  1.0373562  -1.01334674  0.56225585  1.31949147
  1.29749228 -1.86740817  0.79085078  2.87868181 -0.38148458 -0.4337167
 -1.92052607  0.84817385  1.62730782  2.900693   -1.40195207 -0.4351115
 -2.18991337 -2.09925317  3.12520041  2.80094248 -0.71851872 -2.62235619
  1.52954373 -0.20182747 -2.42759542  1.84379415  1.13082718 -0.61060883
  1.08906204 -2.02433189 -0.21845532  2.25662091 -0.33115176  0.47424797
  2.42073755  0.57123715  2.63934974  2.91056466  2.80854992 -2.93425248
  0.26881685 -0.39672522  1.72426766  2.99136867 -0.36581812 -2.33897211
  2.72228115 -3.18701791  0.54503322 -0.69319894 -1.74615608  3.10243446
 -1.96842985 -1.66995672 -2.54761023  2.36429064 -2.142815    1.96715132
  1.73690466  1.47309779  2.5370295   2.87588121  1.99787004  1.49331914
 -1.76537182 -2.39602648  1.15908514  0.57590057  1.5837791  -2.78066129
 -0.09898436  2.50528807 -1.17742173  1.14789702  1.24826535  0.60010871
 -0.9513387   1.09861394  0.78164377 -0.38720203  2.81107305 -2.13640147
  1.58288342 -0.67467975  0.9856678  -3.20940533 -2.25183352  0.34655474
 -1.07129328 -0.4176825   0.26836364  0.06850156 -1.75100529 -0.20847101
 -0.67082419  2.87219957 -1.14808907 -1.20809278 -1.14076063  1.27265849
  1.6309545  -0.83062624  2.11796108 -1.47346946 -0.24166943 -0.88869839
 -2.96474925  3.106301   -1.79216338  3.04457021 -1.36209305 -2.33887355
  3.79689006 -1.20308124 -0.58629144 -3.0902538  -2.49844541  2.9850357
 -1.96145748 -1.66726514 -0.40002986  2.94171145  0.16099971  0.02579782
 -1.61861188 -0.14746146 -1.59749299 -3.09444741  2.90138522  1.15397989
 -0.32652911 -2.33966643  1.0097637  -1.15737935 -0.27953351 -2.14662035
 -1.89428482  1.82265119 -0.99077829  2.57950013 -0.44258346 -3.10647034
 -2.84129916  2.04143242 -3.0609476  -0.25703143 -1.0333234  -0.18985617
  2.38124073  1.70837818 -0.27973709 -1.72669612 -3.04177498  0.1139352
 -0.83498126  1.46201365 -2.52277164  0.94722914 -0.02583539  0.21243144
  1.98880453  0.73712824  0.79360058 -1.21268102  1.58835572  2.55838346
  1.2848695   0.29869031 -0.9936693   2.57241682  0.82237454 -2.2352059
 -0.01301732  1.71543177  1.07384683 -0.65447846 -2.31572766  2.42109571
  2.02866813  1.65095809  2.26115715  1.88034464 -2.14300151 -2.88445317
  0.51726653  1.37378767 -2.41508882 -1.29736395  2.44248753  1.25299728
  0.03202381 -1.75833146 -1.56094659  1.92879084  1.47913559 -0.81648538
 -0.1371565  -0.45762151 -0.16863689  2.37874525 -0.55363681 -0.65372046
  1.07954974 -2.29459437  1.01066853  2.54424474 -0.49673799  2.1025491
 -1.97486725 -0.87341247 -2.42073583 -2.30267257 -1.38240585 -2.92523055
  1.58958481  1.84235936  1.65411215  1.00848951  1.41885387 -2.31196401
 -2.71086192  1.76029257  1.00355981 -0.43006516 -2.62318076  1.55586422
 -1.21671926 -2.48820508  0.05786231]
Thu Jun 13 23:40:48 2024,727,0.08381463385035082,[-2.85785435  2.06907153 -1.60334045  0.05134739  0.47127816 -3.25377961
  3.25182323  2.09519785  1.03662976 -1.0126203   0.56152942  1.32021791
  1.29821872 -1.86668173  0.79012434  2.87940825 -0.38221102 -0.43444314
 -1.92125251  0.84744741  1.62803425  2.89996657 -1.40122563 -0.43438507
 -2.18918693 -2.09852674  3.12592685  2.80021605 -0.71779229 -2.62308262
  1.52881729 -0.20110104 -2.42832186  1.84452059  1.13010074 -0.60988239
  1.08978848 -2.02360545 -0.21918176  2.25734735 -0.33042532  0.47352153
  2.42001111  0.57051071  2.64007618  2.90983822  2.80927636 -2.93497892
  0.26954329 -0.39599878  1.7249941   2.99209511 -0.36654456 -2.33969855
  2.72155471 -3.18774435  0.54575966 -0.6924725  -1.74542964  3.10170802
 -1.96915629 -1.66923028 -2.54688379  2.36501708 -2.14354144  1.96787776
  1.73617822  1.47237135  2.53630306  2.87515477  1.99859647  1.49404558
 -1.76609825 -2.39530004  1.15981158  0.57517413  1.58450554 -2.77993486
 -0.09971079  2.50601451 -1.17814816  1.14717059  1.24899179  0.60083515
 -0.95206513  1.09934037  0.78237021 -0.38792847  2.81034661 -2.13567504
  1.58215699 -0.67540619  0.98639423 -3.20867889 -2.25255995  0.34728117
 -1.07056684 -0.41695606  0.26763721  0.069228   -1.75027885 -0.20774457
 -0.67009775  2.87147314 -1.14736263 -1.20881922 -1.14003419  1.27193205
  1.63168094 -0.8298998   2.11868751 -1.47274302 -0.24094299 -0.88797195
 -2.96402281  3.10702744 -1.79143694  3.04529665 -1.36136661 -2.33959999
  3.79616362 -1.20380768 -0.585565   -3.09098023 -2.49917185  2.98430926
 -1.96073104 -1.6665387  -0.40075629  2.94098501  0.16027327  0.02652426
 -1.61788544 -0.14673503 -1.59676656 -3.09517385  2.90065879  1.15470633
 -0.32725555 -2.33893999  1.01049014 -1.15665291 -0.27880707 -2.14589391
 -1.89501126  1.82192475 -0.99150472  2.5787737  -0.44185702 -3.10719678
 -2.84202559  2.04215886 -3.06167404 -0.25630499 -1.03404984 -0.18912973
  2.38196717  1.70910462 -0.28046353 -1.72596968 -3.04250142  0.11320877
 -0.83425482  1.46274009 -2.5220452   0.9465027  -0.02510895  0.211705
  1.98807809  0.73785468  0.79432702 -1.21340745  1.58762929  2.5591099
  1.28559594  0.29796387 -0.99294286  2.57314325  0.82310098 -2.23593234
 -0.01374376  1.71470534  1.07457327 -0.65375202 -2.31500122  2.42182215
  2.02939457  1.65023165  2.26188359  1.8796182  -2.14372795 -2.88517961
  0.51799297  1.37451411 -2.41436239 -1.29663751  2.4417611   1.25372372
  0.03275025 -1.7590579  -1.56022015  1.9280644   1.47986203 -0.81721181
 -0.13643006 -0.45689507 -0.16936333  2.37801881 -0.55436325 -0.6544469
  1.0788233  -2.29386793  1.00994209  2.54497118 -0.49601156  2.10182266
 -1.97559369 -0.87268604 -2.42000939 -2.30339901 -1.38313229 -2.92450411
  1.59031125  1.8430858   1.65483859  1.00921595  1.41812743 -2.31123757
 -2.71013549  1.76101901  1.00283337 -0.42933873 -2.6239072   1.55659066
 -1.21599282 -2.48747864  0.05858875]
Thu Jun 13 23:41:04 2024,728,0.08381279099685249,[-2.85818382  2.06874206 -1.60301098  0.05167686  0.47160764 -3.25345013
  3.25149376  2.09552732  1.03695924 -1.01229083  0.56185889  1.31988843
  1.29854819 -1.86635226  0.79045382  2.87907878 -0.38188154 -0.43411366
 -1.92158198  0.84777688  1.62770478  2.90029604 -1.40155511 -0.43471454
 -2.18885746 -2.09819726  3.12625632  2.80054552 -0.71746281 -2.62275315
  1.52848781 -0.20077156 -2.42799239  1.84485006  1.13043021 -0.61021187
  1.089459   -2.02327597 -0.21951123  2.25767683 -0.33009584  0.47319206
  2.41968163  0.57084019  2.6397467   2.90950875  2.80894688 -2.93530839
  0.26987276 -0.39566931  1.72532357  2.99176563 -0.36621508 -2.34002803
  2.72188419 -3.18807383  0.54608914 -0.69214303 -1.74575912  3.10137854
 -1.96882681 -1.66890081 -2.54655432  2.3646876  -2.14387091  1.96820723
  1.73584874  1.47204187  2.53597359  2.8748253   1.99892595  1.49371611
 -1.76642773 -2.39497057  1.1594821   0.57550361  1.58483502 -2.78026433
 -0.10004027  2.50568503 -1.17847764  1.14684111  1.24866231  0.60116462
 -0.95239461  1.0990109   0.78204073 -0.38759899  2.81067608 -2.13600451
  1.58248646 -0.67573566  0.98672371 -3.20834941 -2.25288943  0.3469517
 -1.07023736 -0.41662659  0.26730773  0.06955747 -1.74994937 -0.20741509
 -0.66976828  2.87180261 -1.14703316 -1.20848975 -1.14036367  1.27226153
  1.63135146 -0.83022927  2.11901699 -1.47241355 -0.24127247 -0.88764248
 -2.96435229  3.10669797 -1.79176641  3.04496718 -1.36103714 -2.33992946
  3.79583415 -1.2034782  -0.58523552 -3.09065076 -2.49950132  2.98397978
 -1.96106051 -1.66686817 -0.40042682  2.94131449  0.16060274  0.02685373
 -1.61755597 -0.14640555 -1.59643708 -3.09484437  2.90032931  1.15437685
 -0.32692608 -2.33861052  1.01081961 -1.15698238 -0.27913655 -2.14556443
 -1.89534073  1.82159527 -0.9918342   2.57844422 -0.44218649 -3.1068673
 -2.84235507  2.04248833 -3.06200352 -0.25597552 -1.03437931 -0.18880025
  2.38163769  1.70877514 -0.28079301 -1.72564021 -3.04283089  0.11353824
 -0.83458429  1.46241061 -2.52171573  0.94683218 -0.02543842  0.21137553
  1.98840757  0.73752521  0.79465649 -1.21373693  1.58729981  2.55878042
  1.28526647  0.2976344  -0.99327234  2.57347273  0.82343045 -2.23560287
 -0.01407323  1.71503481  1.07424379 -0.6540815  -2.31467175  2.42149267
  2.02972404  1.65056113  2.26221306  1.87994767 -2.14405742 -2.88485013
  0.51766349  1.37418463 -2.41403291 -1.29696699  2.44209057  1.2540532
  0.03242077 -1.75938737 -1.55989068  1.92839388  1.47953255 -0.81688234
 -0.13675954 -0.45656559 -0.1696928   2.37768933 -0.55469272 -0.65477638
  1.07915278 -2.2941974   1.00961261  2.54530065 -0.49634103  2.10149318
 -1.97526421 -0.87235656 -2.42033886 -2.30306953 -1.38346176 -2.92483358
  1.59064072  1.84341527  1.65450911  1.00888647  1.41779796 -2.3109081
 -2.70980601  1.76068953  1.00250389 -0.42900925 -2.62357772  1.55692014
 -1.21566335 -2.48780811  0.05891823]
Thu Jun 13 23:41:28 2024,729,0.08377830757120208,[-2.85893491  2.06799097 -1.60376207  0.05092577  0.47085655 -3.25420122
  3.25074267  2.09477623  1.03771032 -1.01153974  0.56260998  1.32063952
  1.29779711 -1.86710334  0.78970273  2.87832769 -0.38113046 -0.43486475
 -1.9208309   0.8470258   1.62845587  2.90104713 -1.40080402 -0.43546563
 -2.18810637 -2.09894835  3.12700741  2.80129661 -0.71671172 -2.62200206
  1.52773673 -0.20002048 -2.4272413   1.84560115  1.1311813  -0.60946078
  1.09021009 -2.02252489 -0.21876014  2.25842791 -0.33084693  0.47394314
  2.42043272  0.57159127  2.64049779  2.90875766  2.80969797 -2.93605948
  0.27062385 -0.39491822  1.72607466  2.99101455 -0.36546399 -2.33927694
  2.72263527 -3.18732274  0.54684022 -0.69289412 -1.7465102   3.10062746
 -1.9695779  -1.66965189 -2.54580323  2.36543869 -2.144622    1.96745614
  1.73659983  1.47129079  2.53672468  2.87557639  1.99967704  1.49296502
 -1.76567664 -2.39421948  1.15873101  0.57625469  1.58408393 -2.78101542
 -0.10079136  2.50643612 -1.17922873  1.14609003  1.24791123  0.60191571
 -0.9531457   1.09976199  0.78128965 -0.38684791  2.809925   -2.13525342
  1.58173537 -0.67498458  0.9874748  -3.20759833 -2.25213834  0.34620061
 -1.06948628 -0.4158755   0.26655664  0.06880639 -1.75070046 -0.20666401
 -0.66901719  2.8725537  -1.14778424 -1.20773866 -1.14111476  1.27301261
  1.63060038 -0.83098036  2.11976808 -1.47166246 -0.24202355 -0.88839356
 -2.9636012   3.10744905 -1.79101533  3.04421609 -1.36028605 -2.33917837
  3.79508306 -1.20272712 -0.58448444 -3.09140185 -2.50025241  2.98473087
 -1.96030943 -1.66761926 -0.40117791  2.94206557  0.16135383  0.02610265
 -1.61680488 -0.14715664 -1.59568599 -3.09559546  2.9010804   1.15362577
 -0.32617499 -2.3393616   1.0115707  -1.15773347 -0.27838546 -2.14631552
 -1.89458965  1.82084419 -0.99108311  2.57919531 -0.44143541 -3.10611621
 -2.84310616  2.04173725 -3.0627546  -0.25672661 -1.0351304  -0.18955134
  2.38088661  1.70952623 -0.28004192 -1.72488912 -3.0420798   0.11428933
 -0.83383321  1.46165952 -2.52246682  0.94608109 -0.02618951  0.21212661
  1.98765648  0.73827629  0.79540758 -1.21298584  1.58654873  2.55953151
  1.28601755  0.29838549 -0.99252125  2.57422382  0.82418154 -2.23485178
 -0.01482432  1.71428372  1.07499488 -0.65483258 -2.31392066  2.42224376
  2.02897295  1.65131222  2.26146198  1.88069876 -2.14480851 -2.88560122
  0.51691241  1.37343355 -2.414784   -1.2962159   2.44133948  1.25330211
  0.03166969 -1.75863629 -1.55913959  1.92914496  1.48028364 -0.81613125
 -0.13600845 -0.45581451 -0.17044389  2.37693825 -0.55394164 -0.65402529
  1.07840169 -2.29494849  1.0103637   2.54605174 -0.49558994  2.1007421
 -1.97451313 -0.87310765 -2.42108995 -2.30231844 -1.38421285 -2.9240825
  1.58988964  1.84266419  1.65375803  1.00813538  1.41704687 -2.31015701
 -2.70905492  1.75993845  1.00325498 -0.42825816 -2.62432881  1.55767122
 -1.21491226 -2.4885592   0.05966931]
Thu Jun 13 23:42:04 2024,730,0.08377045664706981,[-2.85859097  2.06764703 -1.60410601  0.05058183  0.47051261 -3.25454516
  3.25039873  2.09512018  1.03736638 -1.01188368  0.56295392  1.32098346
  1.29745317 -1.86744729  0.79004667  2.87867163 -0.3814744  -0.43452081
 -1.92117484  0.84736974  1.62879981  2.90070318 -1.40114796 -0.43580957
 -2.18776243 -2.09929229  3.12666347  2.80164055 -0.71636778 -2.62165812
  1.52739278 -0.19967653 -2.42689736  1.84525721  1.13083736 -0.60911684
  1.09055403 -2.02286883 -0.21910409  2.25877185 -0.33050299  0.4735992
  2.42077666  0.57124733  2.64084173  2.90841372  2.81004191 -2.93571554
  0.27027991 -0.39526216  1.7264186   2.99135849 -0.36512005 -2.338933
  2.72297921 -3.1869788   0.54649628 -0.69255017 -1.74616626  3.1009714
 -1.96923396 -1.66999584 -2.54614717  2.36578263 -2.14427806  1.96780009
  1.73625589  1.47094684  2.53706862  2.87523244  1.99933309  1.49262108
 -1.7653327  -2.39456342  1.15838707  0.57591075  1.58373999 -2.78135936
 -0.10044741  2.50609218 -1.17957267  1.14574608  1.24756728  0.60225965
 -0.95348964  1.10010593  0.78094571 -0.38719185  2.80958106 -2.13490948
  1.58207932 -0.67532852  0.98781874 -3.20794227 -2.2517944   0.34654455
 -1.06914234 -0.41621944  0.2662127   0.06846245 -1.7510444  -0.20700795
 -0.66936113  2.87289764 -1.1474403  -1.20739472 -1.14077081  1.27335656
  1.63025643 -0.83063642  2.11942413 -1.47131852 -0.24167961 -0.88804962
 -2.96394514  3.10779299 -1.79135927  3.04387215 -1.36062999 -2.33952232
  3.79473912 -1.20238317 -0.5841405  -3.0910579  -2.49990847  2.98507481
 -1.95996549 -1.66727532 -0.40152185  2.94240952  0.16100989  0.02575871
 -1.61714882 -0.1468127  -1.59534205 -3.09525152  2.90142434  1.15396971
 -0.32583105 -2.33970554  1.01122676 -1.15807741 -0.2787294  -2.14665946
 -1.89493359  1.82050025 -0.99073917  2.57953925 -0.44177935 -3.10577227
 -2.8434501   2.04139331 -3.06309855 -0.25707055 -1.03547434 -0.18989528
  2.38054267  1.70918229 -0.27969798 -1.72454518 -3.04173586  0.11463327
 -0.83348926  1.46131558 -2.52212287  0.94573715 -0.02584557  0.21247055
  1.98731254  0.73793235  0.79506364 -1.2126419   1.58689267  2.55987545
  1.28636149  0.29804154 -0.99286519  2.57387987  0.82452548 -2.23450784
 -0.01516826  1.71462767  1.07465094 -0.65517653 -2.31357672  2.4225877
  2.02862901  1.65096827  2.26111804  1.8810427  -2.14446457 -2.88525728
  0.51725635  1.3730896  -2.41444006 -1.29587196  2.44168343  1.25295817
  0.03201363 -1.75898023 -1.55879565  1.9294889   1.4799397  -0.81578731
 -0.13566451 -0.45615845 -0.17009995  2.37728219 -0.55359769 -0.65368135
  1.07874564 -2.29529243  1.01001976  2.54639568 -0.495246    2.10108604
 -1.97416918 -0.87345159 -2.42143389 -2.3019745  -1.38386891 -2.92442644
  1.59023358  1.84300813  1.65410197  1.00779144  1.41670293 -2.30981307
 -2.70871098  1.76028239  1.00359892 -0.42791422 -2.62467275  1.55801517
 -1.2152562  -2.48890314  0.06001325]
Thu Jun 13 23:42:19 2024,731,0.08373458274057648,[-2.85784596  2.06839204 -1.603361    0.05132684  0.4697676  -3.25529017
  3.24965372  2.09586518  1.03811139 -1.01262869  0.56220891  1.32172847
  1.29819817 -1.86670228  0.78930167  2.87941664 -0.38072939 -0.4337758
 -1.92042983  0.84811475  1.62954481  2.90144819 -1.40189297 -0.43655457
 -2.18850743 -2.09854728  3.12740847  2.80238556 -0.71562278 -2.62240313
  1.52813779 -0.20042154 -2.42615235  1.8445122   1.13009235 -0.60986184
  1.09129904 -2.02361384 -0.21984909  2.25802685 -0.33124799  0.47285419
  2.42152167  0.57050232  2.64009673  2.90915873  2.80929691 -2.93497053
  0.27102491 -0.39600717  1.7256736   2.99061348 -0.36437505 -2.33967801
  2.72372422 -3.18772381  0.54575127 -0.69329518 -1.74542125  3.10022639
 -1.96997896 -1.67074084 -2.54540217  2.36652764 -2.14502306  1.96854509
  1.73700089  1.47020184  2.53632361  2.87597745  2.0000781   1.49187607
 -1.76607771 -2.39530843  1.15764207  0.57665576  1.584485   -2.78061435
 -0.10119242  2.50683719 -1.17882766  1.14649109  1.24831229  0.60300466
 -0.95423464  1.10085093  0.78169071 -0.38644684  2.80883605 -2.13565449
  1.58282432 -0.67458351  0.98856374 -3.20719726 -2.25253941  0.34728956
 -1.06839733 -0.41696445  0.2654677   0.06771744 -1.7502994  -0.20626294
 -0.67010614  2.87215263 -1.14818531 -1.20664971 -1.14002581  1.27261155
  1.63100144 -0.82989141  2.12016914 -1.47057351 -0.24242462 -0.88730462
 -2.96320014  3.108538   -1.79210428  3.04312714 -1.35988498 -2.33877731
  3.79548413 -1.20312818 -0.5848855  -3.09180291 -2.50065347  2.98432981
 -1.96071049 -1.66802032 -0.40226685  2.94166451  0.16026488  0.0250137
 -1.61789383 -0.1475577  -1.59608706 -3.09599653  2.90067933  1.15471472
 -0.32657606 -2.34045055  1.01048175 -1.15733241 -0.27947441 -2.14740447
 -1.8956786   1.82124525 -0.98999416  2.58028426 -0.44252436 -3.10502727
 -2.84270509  2.0406483  -3.06384355 -0.25632554 -1.03472934 -0.18915027
  2.37979766  1.7099273  -0.27895297 -1.72380017 -3.04099086  0.11388826
 -0.83423427  1.46206059 -2.52137787  0.94648216 -0.02659057  0.21172555
  1.98805754  0.73718734  0.79580864 -1.21189689  1.58614766  2.56062046
  1.28561649  0.29729654 -0.99212018  2.57462488  0.82378048 -2.23376283
 -0.01591327  1.71537267  1.07539594 -0.65443152 -2.31283171  2.42333271
  2.02937402  1.65022327  2.26037303  1.8802977  -2.14520957 -2.88600229
  0.51651134  1.37383461 -2.41369505 -1.29512695  2.44093842  1.25221316
  0.03275863 -1.75823522 -1.55805064  1.93023391  1.4806847  -0.81653232
 -0.13640952 -0.45690346 -0.17084495  2.37802719 -0.55285269 -0.65293634
  1.07949064 -2.29454742  1.00927475  2.54714069 -0.49599101  2.10034103
 -1.97342418 -0.8741966  -2.4221789  -2.3012295  -1.3831239  -2.92517144
  1.59097859  1.84375314  1.65484697  1.00853645  1.41595793 -2.31055808
 -2.70796598  1.76102739  1.00434393 -0.42716922 -2.62541776  1.55876017
 -1.2145112  -2.48815814  0.05926825]
Thu Jun 13 23:42:48 2024,732,0.08373577382376754,[-2.85790502  2.06833298 -1.60342006  0.05138589  0.46970855 -3.25534922
  3.24971278  2.09580613  1.03805233 -1.01256963  0.56226797  1.32178752
  1.29825723 -1.86676133  0.78924261  2.87935758 -0.38067033 -0.43383486
 -1.92037078  0.8481738   1.62948576  2.90138914 -1.40195202 -0.43649552
 -2.18844838 -2.09860634  3.12746753  2.80244461 -0.71556372 -2.62246218
  1.52807874 -0.20036248 -2.42621141  1.84445314  1.1300333  -0.60980279
  1.09135809 -2.02367289 -0.21979004  2.25796779 -0.33130705  0.47291325
  2.42146261  0.57056138  2.64015578  2.90909967  2.80935596 -2.93491147
  0.27108397 -0.39606623  1.72573265  2.99067254 -0.3644341  -2.33973706
  2.72378328 -3.18766475  0.54581033 -0.69335424 -1.7453622   3.10016734
 -1.97003802 -1.6707999  -2.54534311  2.36646858 -2.14496401  1.96848604
  1.73694184  1.47014278  2.53626456  2.87603651  2.00013716  1.49193513
 -1.76601865 -2.39524937  1.15770112  0.5765967   1.58454405 -2.78067341
 -0.10113336  2.50689624 -1.1787686   1.14643203  1.24837135  0.6029456
 -0.9542937   1.10079188  0.78174977 -0.3865059   2.80889511 -2.13559543
  1.58288338 -0.67452446  0.98850469 -3.20713821 -2.25248035  0.34734862
 -1.06845638 -0.41702351  0.26552675  0.06765838 -1.75035845 -0.20620389
 -0.67004708  2.87221169 -1.14824436 -1.20659066 -1.13996675  1.27255249
  1.6310605  -0.82995047  2.1202282  -1.47063257 -0.24248367 -0.88724556
 -2.96325919  3.10847895 -1.79204522  3.0431862  -1.35994404 -2.33883637
  3.79554318 -1.20306913 -0.58494456 -3.09174386 -2.50059442  2.98438886
 -1.96076955 -1.66807938 -0.40232591  2.94172357  0.16020582  0.02495464
 -1.61783477 -0.14761676 -1.596028   -3.09593747  2.90073839  1.15465566
 -0.326517   -2.34050961  1.01054081 -1.15739146 -0.27941535 -2.14734541
 -1.89561954  1.82130431 -0.99005322  2.58034331 -0.44258341 -3.10508632
 -2.84264604  2.04070735 -3.0637845  -0.2563846  -1.03478839 -0.18909122
  2.37985672  1.70998635 -0.27889392 -1.72374112 -3.0409318   0.11394732
 -0.83417521  1.46211965 -2.52131881  0.94654121 -0.02664963  0.2117846
  1.98799849  0.73712829  0.7958677  -1.21183784  1.58608861  2.5605614
  1.28555743  0.29723748 -0.99206113  2.57468394  0.82372142 -2.23382189
 -0.01597232  1.71531362  1.07533689 -0.65437246 -2.31289077  2.42327365
  2.02931496  1.65016421  2.26031397  1.88035675 -2.14515052 -2.88594323
  0.5165704   1.37377555 -2.41375411 -1.29518601  2.44099748  1.25227222
  0.03281769 -1.75829428 -1.5581097   1.93029297  1.48062565 -0.81647326
 -0.13646857 -0.45696251 -0.17090401  2.37796814 -0.55279363 -0.6529954
  1.0795497  -2.29460648  1.00933381  2.54719975 -0.49605006  2.10040009
 -1.97336512 -0.87425565 -2.42211984 -2.30128855 -1.38318296 -2.9252305
  1.59091953  1.84381219  1.65490603  1.00859551  1.41589887 -2.31049902
 -2.70802503  1.76108645  1.00428487 -0.42722827 -2.62547681  1.55881923
 -1.21457025 -2.48821719  0.0593273 ]
Thu Jun 13 23:43:03 2024,733,0.08362916050009703,[-2.85882051  2.06741749 -1.60250457  0.0504704   0.47062404 -3.25626471
  3.24879729  2.09489063  1.03713684 -1.01165414  0.56135248  1.32087203
  1.29734174 -1.86584584  0.7901581   2.88027308 -0.38158583 -0.43475035
 -1.91945528  0.84725831  1.62857027  2.90230463 -1.40286752 -0.43558003
 -2.18936387 -2.09769085  3.12655204  2.8033601  -0.71464823 -2.62337768
  1.52899423 -0.19944699 -2.4271269   1.84353765  1.1291178  -0.61071828
  1.0904426  -2.0227574  -0.21887455  2.2570523  -0.33039156  0.47382874
  2.42054712  0.57147687  2.63924029  2.90818418  2.81027145 -2.93399598
  0.27199946 -0.39698172  1.72664814  2.98975705 -0.36351861 -2.33882157
  2.72286778 -3.18674926  0.54489484 -0.69243874 -1.74627769  3.09925184
 -1.97095351 -1.66988441 -2.5462586   2.36738407 -2.1458795   1.96940153
  1.73602635  1.46922729  2.53718005  2.87512101  1.99922166  1.49285062
 -1.76693414 -2.39616487  1.15678563  0.57751219  1.58545954 -2.77975792
 -0.10204886  2.50781173 -1.1796841   1.14734753  1.24745585  0.60203011
 -0.95520919  1.09987639  0.78266526 -0.3855904   2.8098106  -2.13651093
  1.58379887 -0.67360897  0.9875892  -3.2080537  -2.25156486  0.34826411
 -1.06937188 -0.41610801  0.26644224  0.06674289 -1.75127394 -0.20711938
 -0.67096257  2.87129619 -1.14732887 -1.20567517 -1.14088224  1.27346799
  1.630145   -0.82903497  2.1193127  -1.46971708 -0.24339917 -0.88633007
 -2.96417468  3.10756345 -1.79296071  3.04410169 -1.35902855 -2.33792087
  3.79645868 -1.20398462 -0.58402906 -3.09265935 -2.50150991  2.98530435
 -1.95985406 -1.66899487 -0.40141042  2.94080807  0.16112132  0.02587014
 -1.61875026 -0.14670127 -1.59511251 -3.09685296  2.8998229   1.15557115
 -0.32743249 -2.3414251   1.0114563  -1.15830695 -0.27849986 -2.14642992
 -1.89653503  1.82038882 -0.98913773  2.5812588  -0.4434989  -3.10600181
 -2.84173054  2.03979186 -3.06469999 -0.2554691  -1.03570388 -0.18817573
  2.37894122  1.71090184 -0.27797842 -1.72282562 -3.04184729  0.11486281
 -0.83509071  1.46303514 -2.5222343   0.94562572 -0.02756512  0.2127001
  1.987083    0.73804378  0.79678319 -1.21275333  1.58517311  2.55964591
  1.28464194  0.29632199 -0.99114564  2.57376844  0.82280593 -2.23473738
 -0.01688782  1.71622911  1.07442139 -0.65345697 -2.31380626  2.42235816
  2.02839947  1.6510797   2.26122947  1.88127224 -2.14606601 -2.88502774
  0.51748589  1.37469105 -2.4146696  -1.29427051  2.44191297  1.25135673
  0.03373318 -1.75737879 -1.55719421  1.93120846  1.48154114 -0.81555777
 -0.13555308 -0.457878   -0.16998852  2.37705265 -0.55370912 -0.65391089
  1.07863421 -2.29369099  1.0102493   2.54628425 -0.49513457  2.10131558
 -1.97428061 -0.87334016 -2.42120435 -2.30037306 -1.38226747 -2.92431501
  1.59000404  1.84472768  1.65399054  1.009511    1.41498338 -2.30958353
 -2.70894052  1.76200194  1.00520037 -0.42631278 -2.62639231  1.55973472
 -1.21548575 -2.48913268  0.05841181]
Thu Jun 13 23:43:28 2024,734,0.08360718829123506,[-2.85836626  2.06787174 -1.60295882  0.05001615  0.47107829 -3.25581046
  3.24925154  2.09534489  1.03668259 -1.01119989  0.56089822  1.32132628
  1.29688748 -1.86539159  0.78970385  2.88072733 -0.38113158 -0.4352046
 -1.91900103  0.84680406  1.62811602  2.90275888 -1.40332177 -0.43603428
 -2.18890962 -2.09723659  3.12700629  2.80290585 -0.71419398 -2.62383193
  1.52944848 -0.19899274 -2.42758115  1.8430834   1.12866355 -0.61026403
  1.09089685 -2.02321165 -0.21842029  2.25750655 -0.32993731  0.47428299
  2.42009287  0.57102262  2.63878604  2.90863843  2.81072571 -2.93445023
  0.27245371 -0.39743597  1.7271024   2.9902113  -0.36306436 -2.33927582
  2.72241353 -3.18720351  0.54534909 -0.692893   -1.74582344  3.09879759
 -1.97049926 -1.66943015 -2.54671285  2.36783833 -2.14542525  1.96894728
  1.7355721   1.46968154  2.5367258   2.87466676  1.99967592  1.49239637
 -1.76647989 -2.39661912  1.15633138  0.57705794  1.58500529 -2.77930366
 -0.10159461  2.50735748 -1.18013835  1.14780178  1.2470016   0.60157586
 -0.95566344  1.09942214  0.78221101 -0.38604466  2.81026485 -2.13605667
  1.58334462 -0.67315471  0.98713494 -3.20759945 -2.25201911  0.34871836
 -1.06891763 -0.41565376  0.26598799  0.06628864 -1.7517282  -0.20757363
 -0.67050832  2.87175045 -1.14687462 -1.20612942 -1.1413365   1.27392224
  1.63059926 -0.82858072  2.11976696 -1.46926283 -0.24294492 -0.88587582
 -2.96462894  3.1071092  -1.79341496  3.04455594 -1.3594828  -2.33837512
  3.79691293 -1.20443887 -0.58448332 -3.0922051  -2.50196416  2.98575861
 -1.96030831 -1.66854062 -0.40186467  2.94126233  0.16157557  0.02541588
 -1.61829601 -0.14624701 -1.59556676 -3.09639871  2.90027715  1.1560254
 -0.32788674 -2.34187935  1.01100205 -1.15876121 -0.27895411 -2.14597567
 -1.89698928  1.82084307 -0.98868348  2.58171306 -0.44395316 -3.10554756
 -2.84127629  2.04024611 -3.06424574 -0.25501485 -1.03615813 -0.18772147
  2.37848697  1.71044759 -0.27752417 -1.72237137 -3.04230154  0.11440856
 -0.83554496  1.46348939 -2.52178005  0.94517147 -0.02711087  0.21315435
  1.98753725  0.73849803  0.79632894 -1.21229908  1.58471886  2.56010016
  1.28509619  0.29586774 -0.99159989  2.57331419  0.82326018 -2.23428313
 -0.01734207  1.71577486  1.07396714 -0.65391122 -2.31426051  2.42190391
  2.02794522  1.65062545  2.26077521  1.8817265  -2.14652026 -2.88457349
  0.51794014  1.3742368  -2.41512385 -1.29381626  2.44236722  1.25181098
  0.03327893 -1.75783304 -1.55673995  1.93166271  1.48199539 -0.81510352
 -0.13600733 -0.45742375 -0.17044277  2.3775069  -0.55325487 -0.65436514
  1.07817995 -2.29323673  1.00979505  2.5467385  -0.49558882  2.10176983
 -1.97382636 -0.87288591 -2.4216586  -2.30082731 -1.38181321 -2.92386076
  1.59045829  1.84518194  1.65444479  1.00905675  1.41543763 -2.30912928
 -2.70939478  1.76245619  1.00565462 -0.42676703 -2.62593805  1.56018897
 -1.21503149 -2.48958693  0.05886606]
Thu Jun 13 23:43:43 2024,735,0.08360200539844315,[-2.85843333  2.06780467 -1.60289174  0.04994908  0.47101122 -3.25587754
  3.24918446  2.09541196  1.03674966 -1.01126696  0.5609653   1.32139336
  1.29682041 -1.86532452  0.78977093  2.88066026 -0.38119865 -0.43527167
 -1.91893396  0.84673698  1.62818309  2.90269181 -1.40338884 -0.43596721
 -2.18897669 -2.09716952  3.12693921  2.80297293 -0.71426105 -2.62376485
  1.52951555 -0.19905981 -2.42751408  1.84301633  1.12859648 -0.6103311
  1.09096393 -2.02314458 -0.21848737  2.25743948 -0.33000438  0.47435007
  2.42015994  0.57108969  2.63871896  2.90870551  2.81065863 -2.93438316
  0.27238664 -0.3973689   1.72716947  2.99027837 -0.36299728 -2.33934289
  2.72248061 -3.18713644  0.54541616 -0.69296007 -1.74575637  3.09873052
 -1.97043219 -1.66936308 -2.54677993  2.36777125 -2.14549232  1.9688802
  1.73550502  1.46961447  2.53679287  2.87459969  1.99974299  1.4923293
 -1.76641282 -2.39668619  1.1562643   0.57712502  1.58507236 -2.77923659
 -0.10166168  2.50729041 -1.18020542  1.14786885  1.24706868  0.60164293
 -0.95559637  1.09935506  0.78214393 -0.38597758  2.81033192 -2.13612375
  1.58341169 -0.67308764  0.98720202 -3.20753237 -2.25195204  0.34878543
 -1.0689847  -0.41572084  0.26605507  0.06622157 -1.75179527 -0.20750656
 -0.67044125  2.87168337 -1.14694169 -1.20619649 -1.14140357  1.27385516
  1.63053218 -0.8286478   2.11983403 -1.46919575 -0.24301199 -0.88594289
 -2.96456186  3.10704213 -1.79348204  3.04462302 -1.35954987 -2.3384422
  3.79684585 -1.2043718  -0.58441624 -3.09213802 -2.50189709  2.98582568
 -1.96037538 -1.66847355 -0.4017976   2.9413294   0.1615085   0.02534881
 -1.61822894 -0.14617994 -1.59549969 -3.09646578  2.90034422  1.15595833
 -0.32795382 -2.34181228  1.01106912 -1.15869413 -0.27902119 -2.14590859
 -1.89705636  1.82091014 -0.9886164   2.58164598 -0.44388608 -3.10548049
 -2.84134336  2.04017904 -3.06431281 -0.25494778 -1.03622521 -0.18778855
  2.37855404  1.71051466 -0.27759125 -1.7223043  -3.04223447  0.11447563
 -0.83547789  1.46355646 -2.52184713  0.9451044  -0.0270438   0.21322142
  1.98747018  0.73856511  0.79639601 -1.21236615  1.58478593  2.56003309
  1.28516327  0.29593481 -0.99153281  2.57338127  0.82332725 -2.23421605
 -0.01727499  1.71570778  1.07390007 -0.65384415 -2.31432759  2.42183684
  2.02801229  1.65055838  2.26070814  1.88179357 -2.14645319 -2.88464056
  0.51787307  1.37416972 -2.41505678 -1.29388334  2.44243429  1.25187805
  0.033346   -1.75776596 -1.55680703  1.93172978  1.48206247 -0.81517059
 -0.13607441 -0.45735668 -0.17050984  2.37757397 -0.5531878  -0.65429807
  1.07824703 -2.29316966  1.00972798  2.54680558 -0.4956559   2.10170276
 -1.97389344 -0.87295298 -2.42172567 -2.30089438 -1.38174614 -2.92379368
  1.59039122  1.84524901  1.65437772  1.00912382  1.41537056 -2.30919635
 -2.7093277   1.76252327  1.00572169 -0.42669996 -2.62600513  1.5601219
 -1.21496442 -2.48951986  0.05879899]
Thu Jun 13 23:44:00 2024,736,0.0836082816465112,[-2.85836203  2.06773337 -1.60282045  0.05002037  0.47093992 -3.25580624
  3.24911317  2.09534066  1.03682096 -1.01119566  0.560894    1.32132206
  1.29689171 -1.86539581  0.78984222  2.88073155 -0.38112735 -0.43520038
 -1.91900526  0.84680828  1.62811179  2.90262051 -1.40331754 -0.43589591
 -2.18890539 -2.09709822  3.12686792  2.80290163 -0.71418975 -2.62369356
  1.52958685 -0.19913111 -2.42758537  1.84308762  1.12852518 -0.6104024
  1.09103522 -2.02321588 -0.21841607  2.25736818 -0.32993308  0.47427877
  2.42008864  0.5710184   2.63864767  2.90863421  2.81072993 -2.93431186
  0.27231534 -0.3972976   1.72724077  2.99020707 -0.36292599 -2.33941419
  2.7225519  -3.18706514  0.54548746 -0.69288877 -1.74582766  3.09865922
 -1.97050349 -1.66943438 -2.54685123  2.36784255 -2.14556362  1.96880891
  1.73557632  1.46968577  2.53672157  2.87467099  1.99981429  1.492258
 -1.76648412 -2.39661489  1.15619301  0.57705372  1.58514366 -2.77930789
 -0.10159038  2.50736171 -1.18013412  1.14794015  1.24713997  0.60171423
 -0.95552507  1.09942636  0.78207264 -0.38590628  2.81026063 -2.13605245
  1.5833404  -0.67301634  0.98713072 -3.20746108 -2.25202333  0.34871414
 -1.069056   -0.41579213  0.26598377  0.06615027 -1.75186657 -0.20757785
 -0.67051255  2.87175467 -1.14701299 -1.20626779 -1.14147487  1.27392646
  1.63060348 -0.8285765   2.11976273 -1.46912446 -0.24308329 -0.88587159
 -2.96449056  3.10697083 -1.79355334  3.04455172 -1.35962117 -2.3385135
  3.79677456 -1.2043005  -0.58434495 -3.09220932 -2.50196839  2.98589698
 -1.96044668 -1.66840225 -0.4017263   2.9412581   0.16157979  0.02542011
 -1.61815764 -0.14625124 -1.59557099 -3.09639449  2.90027292  1.15602963
 -0.32802511 -2.34188357  1.01114042 -1.15862283 -0.27909248 -2.14597989
 -1.89698506  1.82098144 -0.9886877   2.58171728 -0.44395738 -3.10555179
 -2.84127207  2.04010774 -3.06424151 -0.25487648 -1.03629651 -0.18771725
  2.37862534  1.71044337 -0.27751995 -1.7223756  -3.04230577  0.11454693
 -0.83554918  1.46348517 -2.52177583  0.94517569 -0.02711509  0.21315012
  1.98754147  0.73849381  0.79646731 -1.21229485  1.58485723  2.55996179
  1.28509197  0.29586351 -0.99160411  2.57330997  0.82325596 -2.23428735
 -0.01734629  1.71577908  1.07397137 -0.65377285 -2.31425629  2.42190813
  2.02808359  1.65048708  2.26077944  1.88186487 -2.14652449 -2.88471186
  0.51794437  1.37409842 -2.41498548 -1.29381204  2.44250559  1.25180675
  0.03327471 -1.75783726 -1.55673573  1.93180108  1.48213376 -0.81509929
 -0.1361457  -0.45742798 -0.17043854  2.37750267 -0.5532591  -0.65422677
  1.07817573 -2.29324096  1.00965668  2.54673428 -0.4955846   2.10163146
 -1.97396473 -0.87302428 -2.42179697 -2.30082309 -1.38181744 -2.92372239
  1.59031992  1.84532031  1.65430642  1.00919512  1.41544185 -2.30912505
 -2.709399    1.76245197  1.00579299 -0.42677125 -2.62607642  1.5601932
 -1.21489312 -2.48944856  0.05872769]
Thu Jun 13 23:44:15 2024,737,0.08360564020352554,[-2.85873503  2.06810637 -1.60244745  0.04964738  0.47131292 -3.25543324
  3.24874017  2.09496766  1.03644796 -1.01156866  0.560521    1.32094906
  1.29651871 -1.86576881  0.78946922  2.88110455 -0.38075435 -0.43482738
 -1.91863226  0.84643528  1.62848479  2.90299351 -1.40294454 -0.43552291
 -2.1885324  -2.09672522  3.12724092  2.80252863 -0.71456275 -2.62332056
  1.52921385 -0.19875811 -2.42721237  1.84346062  1.12815218 -0.6107754
  1.09066222 -2.02284288 -0.21878907  2.25774118 -0.32956008  0.47390577
  2.42046164  0.5706454   2.63827467  2.90826121  2.81110293 -2.93393886
  0.27268834 -0.3976706   1.72761377  2.99058007 -0.36329899 -2.33978719
  2.7229249  -3.18669214  0.54511446 -0.69326177 -1.74545466  3.09828622
 -1.97013049 -1.66980738 -2.54647823  2.36746955 -2.14519062  1.96918191
  1.73520332  1.46931277  2.53709457  2.87429799  2.00018729  1.491885
 -1.76685712 -2.39624189  1.15656601  0.57668072  1.58477066 -2.77968089
 -0.10196338  2.50773471 -1.17976113  1.14831315  1.24676697  0.60208723
 -0.95589807  1.09905336  0.78244564 -0.38553329  2.80988763 -2.13642545
  1.5837134  -0.67264334  0.98675772 -3.20708808 -2.25165033  0.34834114
 -1.069429   -0.41616513  0.26561077  0.06652327 -1.75149357 -0.20795085
 -0.67088555  2.87138167 -1.14738599 -1.20589479 -1.14110187  1.27429946
  1.63097648 -0.8289495   2.11938973 -1.46949745 -0.24345629 -0.88549859
 -2.96411756  3.10659783 -1.79318034  3.04492472 -1.35924817 -2.3381405
  3.79714756 -1.2039275  -0.58397195 -3.09258232 -2.50159539  2.98552398
 -1.96007368 -1.66877525 -0.4013533   2.9408851   0.16120679  0.02579311
 -1.61853064 -0.14587824 -1.59519799 -3.09602149  2.90064592  1.15565663
 -0.32839811 -2.34225657  1.01151342 -1.15899583 -0.27946548 -2.14560689
 -1.89735806  1.82135444 -0.9890607   2.58134428 -0.44433038 -3.10592479
 -2.84089907  2.04048074 -3.06461451 -0.25450348 -1.03666951 -0.18734425
  2.37825234  1.71081637 -0.27789295 -1.7220026  -3.04193277  0.11417393
 -0.83517618  1.46311217 -2.52214883  0.94480269 -0.02748809  0.21352312
  1.98716847  0.73886681  0.79684031 -1.21192186  1.58523023  2.56033479
  1.28471897  0.29549051 -0.99123111  2.57368297  0.82362896 -2.23391435
 -0.01697329  1.71615208  1.07359837 -0.65339985 -2.31462929  2.42228113
  2.02771059  1.65011408  2.26115244  1.88149187 -2.14689749 -2.88508486
  0.51757137  1.37372543 -2.41535848 -1.29418504  2.44287859  1.25217975
  0.03290171 -1.75746426 -1.55710873  1.93217408  1.48176076 -0.81547229
 -0.1365187  -0.45780098 -0.17006554  2.37712968 -0.5528861  -0.65385377
  1.07854873 -2.29361396  1.01002968  2.54636128 -0.4959576   2.10200446
 -1.97359173 -0.87265128 -2.42142397 -2.30045009 -1.38144444 -2.92334939
  1.59069292  1.84569331  1.65393342  1.00882212  1.41506885 -2.30875205
 -2.709772    1.76207897  1.00541999 -0.42639826 -2.62644942  1.56056619
 -1.21526612 -2.48982156  0.05835469]
Thu Jun 13 23:44:30 2024,738,0.08358305695704422,[-2.85816095  2.06753229 -1.60187336  0.05022146  0.47188701 -3.25485915
  3.24816608  2.09554175  1.03587388 -1.01214275  0.56109509  1.32152314
  1.29594462 -1.86519473  0.79004331  2.88053047 -0.38018027 -0.43540146
 -1.91920634  0.8458612   1.62905888  2.90356759 -1.40351863 -0.43494882
 -2.18910648 -2.09729931  3.12666683  2.80310271 -0.71398867 -2.62389464
  1.52863977 -0.1993322  -2.42778646  1.84288654  1.12872627 -0.61020131
  1.09123631 -2.02226879 -0.21936315  2.25831526 -0.33013417  0.47447986
  2.42103573  0.57121948  2.63770058  2.90883529  2.81167701 -2.93336478
  0.27326243 -0.39709651  1.72818785  2.99115416 -0.3627249  -2.34036128
  2.72349899 -3.18726622  0.54568855 -0.69383586 -1.74488058  3.09771214
 -1.9695564  -1.67038146 -2.54705231  2.36804364 -2.14576471  1.96860782
  1.73577741  1.46988685  2.53766866  2.87487207  1.9996132   1.49131091
 -1.7674312  -2.39566781  1.15714009  0.57610663  1.58419658 -2.78025497
 -0.10253747  2.50830879 -1.18033521  1.14773906  1.24734106  0.60151314
 -0.95647216  1.09847927  0.78301972 -0.38610737  2.81046171 -2.13585136
  1.58428748 -0.67321743  0.98733181 -3.20766216 -2.25107625  0.34776705
 -1.07000308 -0.41673922  0.26503668  0.06594918 -1.75091948 -0.20852494
 -0.67031146  2.87080759 -1.1468119  -1.2053207  -1.14167595  1.27372537
  1.63155056 -0.82837541  2.11996382 -1.46892337 -0.2428822  -0.88492451
 -2.96469165  3.10717192 -1.79260625  3.0454988  -1.35982226 -2.33756641
  3.79657347 -1.20450158 -0.58339786 -3.09200823 -2.5010213   2.98494989
 -1.96064776 -1.66934933 -0.40192738  2.94145919  0.16178088  0.02521902
 -1.61795656 -0.14645232 -1.59577207 -3.0954474   2.90007184  1.15623071
 -0.3289722  -2.34283066  1.0120875  -1.15842175 -0.2788914  -2.14503281
 -1.89793215  1.82192852 -0.98963478  2.58191837 -0.44375629 -3.1053507
 -2.84147315  2.04105483 -3.06404043 -0.2539294  -1.03609542 -0.18677017
  2.37882643  1.71024228 -0.27846703 -1.72257668 -3.04135868  0.11359984
 -0.83575027  1.46368625 -2.52157474  0.94422861 -0.02806218  0.21294904
  1.98774256  0.73829272  0.79626623 -1.21134777  1.58465615  2.55976071
  1.28529305  0.29491643 -0.99065703  2.57310888  0.82420304 -2.23448844
 -0.01754738  1.71557799  1.07302428 -0.65282577 -2.31520337  2.42170705
  2.02828468  1.64954     2.26057835  1.88206595 -2.1463234  -2.88565894
  0.51814545  1.37315134 -2.41593256 -1.29361095  2.4423045   1.25160567
  0.03232762 -1.75689018 -1.55653464  1.93159999  1.48118668 -0.81604638
 -0.13594462 -0.45837506 -0.16949146  2.37655559 -0.55346018 -0.65327968
  1.07797464 -2.29418804  1.01060376  2.5457872  -0.49538351  2.10143037
 -1.97301765 -0.87207719 -2.42199806 -2.299876   -1.38201852 -2.92392347
  1.59011883  1.84626739  1.65335933  1.00824803  1.41564294 -2.30932614
 -2.70919791  1.76265306  1.0048459  -0.42582417 -2.62702351  1.55999211
 -1.21584021 -2.49039565  0.05892878]
Thu Jun 13 23:44:46 2024,739,0.08349411166210749,[-2.85977753  2.06914887 -1.60348995  0.05183805  0.47027042 -3.25647574
  3.2465495   2.09392516  1.03749046 -1.01375934  0.56271167  1.31990656
  1.29432804 -1.86681131  0.78842672  2.88214705 -0.38179685 -0.43701805
 -1.92082293  0.84747778  1.63067546  2.90195101 -1.40190204 -0.43333224
 -2.18748989 -2.0989159   3.12828342  2.8047193  -0.71237208 -2.62227806
  1.53025635 -0.20094878 -2.42940305  1.84126995  1.12710968 -0.6118179
  1.0928529  -2.0206522  -0.22097974  2.25669868 -0.33175075  0.47286327
  2.42265232  0.5696029   2.636084    2.91045188  2.8132936  -2.93174819
  0.27164584 -0.39547993  1.72980444  2.98953757 -0.36110831 -2.33874469
  2.72511558 -3.18888281  0.54407196 -0.69221927 -1.74326399  3.09609555
 -1.96793981 -1.66876488 -2.54543573  2.36642705 -2.14414812  1.96699123
  1.73416082  1.46827027  2.53605207  2.87648866  1.99799661  1.48969433
 -1.76581461 -2.39728439  1.15875668  0.57449005  1.58257999 -2.78187156
 -0.10415405  2.5066922  -1.1819518   1.14612248  1.24572447  0.60312973
 -0.95485557  1.09686269  0.78463631 -0.38772396  2.8120783  -2.13746795
  1.58267089 -0.67160084  0.98894839 -3.20604558 -2.24945966  0.34938364
 -1.06838649 -0.4183558   0.26665327  0.06756577 -1.75253607 -0.21014152
 -0.67192805  2.87242417 -1.14519532 -1.20370412 -1.14329254  1.27534196
  1.62993398 -0.82675883  2.1215804  -1.46730678 -0.24449879 -0.88654109
 -2.96307506  3.1087885  -1.79098966  3.04711539 -1.36143884 -2.339183
  3.79819006 -1.202885   -0.58178127 -3.09362482 -2.49940471  2.98656648
 -1.96226435 -1.67096592 -0.4003108   2.9398426   0.16339746  0.02360244
 -1.61957314 -0.14483574 -1.59415549 -3.09706399  2.90168842  1.1578473
 -0.32735561 -2.34121407  1.01370409 -1.16003833 -0.28050798 -2.14341622
 -1.89954873  1.82354511 -0.99125137  2.58030178 -0.44213971 -3.10373411
 -2.83985657  2.03943824 -3.06565701 -0.25231281 -1.03447883 -0.18838675
  2.37720984  1.71185887 -0.27685045 -1.72419327 -3.04297527  0.11198326
 -0.83413368  1.46530284 -2.52319133  0.94584519 -0.02644559  0.21133245
  1.98935914  0.73990931  0.79464964 -1.21296436  1.58627273  2.55814412
  1.28690964  0.29329984 -0.99227361  2.57472547  0.82581963 -2.23287185
 -0.01593079  1.71719458  1.07464087 -0.65444235 -2.31358679  2.42332363
  2.02666809  1.65115658  2.25896177  1.88368254 -2.14793999 -2.88727553
  0.51652887  1.37476793 -2.41431598 -1.29199437  2.44068792  1.24998908
  0.03394421 -1.75850676 -1.55815123  1.93321658  1.47957009 -0.81442979
 -0.1375612  -0.45999165 -0.16787487  2.37817218 -0.55507677 -0.65489627
  1.07959123 -2.29257146  1.01222035  2.54417061 -0.49376693  2.09981379
 -1.97463423 -0.87046061 -2.42361464 -2.29825942 -1.38363511 -2.92554006
  1.58850225  1.8446508   1.65497592  1.00986462  1.41725953 -2.30770955
 -2.7108145   1.76103647  1.00646249 -0.42744076 -2.62540692  1.55837552
 -1.21745679 -2.48877906  0.06054536]
Thu Jun 13 23:45:02 2024,740,0.0834404148302473,[-2.86056417  2.06836224 -1.60427658  0.05105141  0.47105705 -3.25726237
  3.24576286  2.09313853  1.0382771  -1.0129727   0.56349831  1.32069319
  1.2935414  -1.86759795  0.78764009  2.88136042 -0.38101022 -0.43623141
 -1.92003629  0.84669115  1.62988883  2.90273764 -1.40268868 -0.4325456
 -2.18827653 -2.09970253  3.12749678  2.80393267 -0.71158545 -2.62149142
  1.52946972 -0.20016215 -2.42861641  1.84205659  1.12789632 -0.61260453
  1.09363953 -2.01986557 -0.22176638  2.25591204 -0.33096412  0.47207663
  2.42343895  0.57038953  2.63687063  2.90966525  2.81250697 -2.93253483
  0.27243247 -0.39469329  1.7290178   2.99032421 -0.36032168 -2.33795806
  2.72590221 -3.18809618  0.54485859 -0.6930059  -1.74405063  3.09688219
 -1.96872645 -1.66797824 -2.54464909  2.36721368 -2.14493475  1.96777787
  1.73494745  1.4690569   2.53526544  2.87727529  1.99720998  1.49048096
 -1.76502798 -2.39649776  1.15797004  0.57527668  1.58336663 -2.78108492
 -0.10494069  2.50590557 -1.18116516  1.14533584  1.24493784  0.60391636
 -0.95406894  1.09764932  0.78542294 -0.38851059  2.81129166 -2.13668132
  1.58345753 -0.67238748  0.98816176 -3.20525894 -2.2502463   0.35017027
 -1.06759986 -0.41756917  0.26586664  0.06677913 -1.75174943 -0.21092816
 -0.67271468  2.87163754 -1.14598195 -1.20291748 -1.14407917  1.27455533
  1.62914734 -0.82754546  2.12079377 -1.46652015 -0.24528542 -0.88575446
 -2.96228843  3.10800187 -1.7917763   3.04632876 -1.36065221 -2.33839636
  3.79897669 -1.20209836 -0.58099464 -3.09441145 -2.50019135  2.98577984
 -1.96305098 -1.67017929 -0.39952416  2.93905597  0.16261083  0.02438907
 -1.62035978 -0.1440491  -1.59494212 -3.09785062  2.90247506  1.15706067
 -0.32656898 -2.34042744  1.01449072 -1.1592517  -0.28129462 -2.14262959
 -1.90033537  1.82433174 -0.99203801  2.58108841 -0.44135307 -3.10452075
 -2.8406432   2.03865161 -3.06644365 -0.25152618 -1.03526547 -0.18760012
  2.37642321  1.71107223 -0.27763708 -1.7249799  -3.0437619   0.11119662
 -0.83334705  1.4645162  -2.52240469  0.94663183 -0.02723223  0.21211908
  1.98857251  0.73912267  0.79386301 -1.21375099  1.5854861   2.55893075
  1.28612301  0.29251321 -0.99306025  2.57393883  0.82660626 -2.23208522
 -0.01671743  1.71640795  1.0754275  -0.65365572 -2.31437342  2.42411027
  2.02745472  1.65194322  2.25817513  1.88446917 -2.14715335 -2.88648889
  0.51574223  1.37555456 -2.41352934 -1.29120773  2.44147455  1.25077571
  0.03473084 -1.75772013 -1.5573646   1.93400322  1.48035673 -0.81521643
 -0.13677457 -0.45920501 -0.16866151  2.37738554 -0.55429014 -0.65568291
  1.0788046  -2.29335809  1.01300698  2.54338398 -0.49298029  2.09902715
 -1.97542087 -0.86967397 -2.42282801 -2.29904605 -1.38284848 -2.92475342
  1.58771561  1.84543744  1.65418929  1.01065125  1.41647289 -2.30849619
 -2.71160113  1.7618231   1.00567586 -0.42665412 -2.62462029  1.55758889
 -1.21667016 -2.4895657   0.061332  ]
Thu Jun 13 23:45:17 2024,741,0.08342865957864697,[-2.86111212  2.06781429 -1.60372863  0.05159936  0.471605   -3.25781032
  3.24521491  2.09368648  1.03772915 -1.01242475  0.56295036  1.32014524
  1.29408935 -1.8681459   0.78818804  2.88190837 -0.38155817 -0.43677936
 -1.91948834  0.8472391   1.62934088  2.90328559 -1.40323663 -0.43309355
 -2.18772858 -2.10025048  3.12804473  2.80448062 -0.71213339 -2.62094347
  1.52892177 -0.1996142  -2.42806846  1.84260453  1.12734837 -0.61315248
  1.09418748 -2.02041352 -0.22121843  2.25645999 -0.33041617  0.47262458
  2.4239869   0.57093748  2.63741858  2.9091173   2.81305492 -2.93198688
  0.27298042 -0.39414534  1.72956575  2.98977626 -0.35977373 -2.33741011
  2.72645016 -3.18864413  0.54540654 -0.69245796 -1.74350268  3.09743013
 -1.9692744  -1.66743029 -2.54410114  2.36666573 -2.14438681  1.96832582
  1.7354954   1.46960485  2.53471749  2.87782324  1.99666203  1.48993301
 -1.76448003 -2.39594981  1.15851799  0.57472873  1.58391457 -2.78163287
 -0.10439274  2.50535762 -1.18061721  1.14588379  1.24548579  0.60446431
 -0.95461689  1.09710137  0.78597089 -0.38796264  2.81183961 -2.13613337
  1.58290958 -0.67183953  0.98870971 -3.20471099 -2.25079425  0.34962232
 -1.06705191 -0.41702122  0.26641458  0.06732708 -1.75120148 -0.21147611
 -0.67216673  2.87108959 -1.1465299  -1.20236953 -1.14462712  1.27400738
  1.6285994  -0.82699751  2.12024582 -1.4670681  -0.24473747 -0.88520651
 -2.96174048  3.10745392 -1.79232425  3.04578081 -1.36120016 -2.33784841
  3.79952464 -1.20264631 -0.58044669 -3.0949594  -2.5007393   2.98632779
 -1.96359893 -1.67072724 -0.39897622  2.93960392  0.16206288  0.02493702
 -1.61981183 -0.14459705 -1.59439417 -3.09839857  2.90192711  1.15760862
 -0.32711693 -2.34097539  1.01503867 -1.15870375 -0.28074667 -2.14317754
 -1.90088331  1.82378379 -0.99258595  2.58054046 -0.44190102 -3.1050687
 -2.84119115  2.03810366 -3.0669916  -0.25097823 -1.03581342 -0.18814807
  2.37587526  1.71052428 -0.27708913 -1.72443195 -3.04430985  0.11064868
 -0.833895    1.46396825 -2.52185674  0.94608388 -0.02778018  0.21157114
  1.98912046  0.73857472  0.79331506 -1.21429894  1.58493815  2.55838281
  1.28557506  0.29196526 -0.9925123   2.57339088  0.82605831 -2.23153727
 -0.01616948  1.7169559   1.07487955 -0.65310777 -2.31492137  2.42356232
  2.02690678  1.65139527  2.25762718  1.88501712 -2.1477013  -2.88703684
  0.51629018  1.37500661 -2.41298139 -1.29175568  2.4409266   1.25022777
  0.03418289 -1.75826808 -1.55681665  1.93455116  1.47980878 -0.81466848
 -0.13732252 -0.45865706 -0.16811356  2.37683759 -0.55483808 -0.65623085
  1.07935254 -2.29281014  1.01355493  2.54393192 -0.49352824  2.0995751
 -1.97487292 -0.87022192 -2.42228006 -2.2984981  -1.38230053 -2.92420547
  1.58716766  1.84598539  1.65364134  1.0101033   1.41592494 -2.30904414
 -2.71105318  1.76127515  1.00512791 -0.42720207 -2.62407234  1.55813684
 -1.21721811 -2.49011365  0.06078405]
Thu Jun 13 23:45:33 2024,742,0.08342868130846476,[-2.86110934  2.06781706 -1.60373141  0.05159659  0.47160778 -3.25780755
  3.24521214  2.09368925  1.03773192 -1.01242753  0.56294758  1.32014247
  1.29409213 -1.86814312  0.78819081  2.88190559 -0.38155539 -0.43678214
 -1.91948557  0.84723632  1.6293381   2.90328837 -1.40323385 -0.43309633
 -2.1877258  -2.1002477   3.12804196  2.80448339 -0.71213062 -2.62094625
  1.52892454 -0.19961142 -2.42807124  1.84260731  1.12735114 -0.61315526
  1.0941847  -2.0204163  -0.2212212   2.25646277 -0.3304134   0.47262736
  2.42398412  0.57094026  2.6374158   2.90912007  2.81305769 -2.93198965
  0.27297765 -0.39414257  1.72956298  2.98977348 -0.35977651 -2.33740733
  2.72644738 -3.18864135  0.54540932 -0.69245518 -1.7434999   3.09743291
 -1.96927717 -1.66742752 -2.54409837  2.36666296 -2.14438403  1.96832859
  1.73549818  1.46960762  2.53472026  2.87782602  1.99666481  1.48993024
 -1.76447726 -2.39594704  1.15851522  0.57472596  1.5839118  -2.78163565
 -0.10438996  2.5053604  -1.18061999  1.14588657  1.24548856  0.60446709
 -0.95461966  1.09710415  0.78597367 -0.38795987  2.81184239 -2.13613059
  1.5829068  -0.67183675  0.98871248 -3.20471377 -2.25079702  0.3496251
 -1.06705469 -0.417024    0.26641181  0.06732431 -1.75119871 -0.21147888
 -0.67216951  2.87108681 -1.14653268 -1.20236676 -1.1446299   1.2740046
  1.62859662 -0.82699474  2.12024304 -1.46706532 -0.24474025 -0.88520373
 -2.9617377   3.1074567  -1.79232702  3.04578358 -1.36120293 -2.33785119
  3.79952186 -1.20264909 -0.58044947 -3.09496218 -2.50074207  2.98633057
 -1.96359616 -1.67073001 -0.39897344  2.93960114  0.16206566  0.02493424
 -1.61980905 -0.14459983 -1.59439695 -3.09840135  2.90192989  1.15761139
 -0.32711415 -2.34097816  1.0150359  -1.15870653 -0.28074389 -2.14317476
 -1.90088609  1.82378657 -0.99258873  2.58053769 -0.4419038  -3.10507147
 -2.84119393  2.03810088 -3.06698882 -0.250981   -1.03581064 -0.18814529
  2.37587804  1.71052706 -0.27708636 -1.72442918 -3.04431263  0.1106459
 -0.83389222  1.46396548 -2.52185952  0.94608666 -0.02778295  0.21156836
  1.98912324  0.7385775   0.79331228 -1.21429616  1.58493537  2.55838003
  1.28557783  0.29196804 -0.99250952  2.57338811  0.82606109 -2.23154004
 -0.0161667   1.71695867  1.07488233 -0.653105   -2.31491859  2.42355954
  2.02690955  1.65139249  2.25762996  1.8850199  -2.14770408 -2.88703407
  0.51629296  1.37500383 -2.41298417 -1.29175846  2.44092383  1.25022499
  0.03418567 -1.7582653  -1.55681942  1.93455394  1.47981155 -0.81467125
 -0.13732529 -0.45865984 -0.16811633  2.37684037 -0.55484086 -0.65623363
  1.07935532 -2.29280737  1.01355771  2.5439347  -0.49353102  2.09957788
 -1.9748757  -0.87021915 -2.42227728 -2.29849532 -1.3823033  -2.92420825
  1.58716489  1.84598816  1.65363856  1.01010053  1.41592217 -2.30904136
 -2.71105596  1.76127238  1.00513068 -0.42720485 -2.62407512  1.55813406
 -1.21721533 -2.49011087  0.06078682]
Thu Jun 13 23:45:49 2024,743,0.0834211276426124,[-2.86091576  2.06762348 -1.60392499  0.05179017  0.4714142  -3.25761396
  3.24501855  2.09388284  1.03753834 -1.01223395  0.56314116  1.32033605
  1.29389855 -1.86794954  0.7883844   2.88209917 -0.38136181 -0.43658856
 -1.91929199  0.84704274  1.62953169  2.90309478 -1.40304027 -0.43290275
 -2.18753222 -2.10005412  3.12784837  2.80428981 -0.7123242  -2.62075267
  1.52873096 -0.19980501 -2.42787766  1.84241373  1.12715756 -0.61334884
  1.09399112 -2.02022271 -0.22102762  2.25626919 -0.33021981  0.47243378
  2.4241777   0.57113384  2.63722222  2.90892649  2.81286411 -2.93218323
  0.27317123 -0.39433615  1.72936939  2.98996706 -0.35958293 -2.33721375
  2.7262538  -3.18883493  0.5456029  -0.69264876 -1.74369348  3.09762649
 -1.96947076 -1.6676211  -2.54429195  2.36685654 -2.14419045  1.96813501
  1.73569176  1.46941404  2.53452668  2.87763243  1.99647122  1.49012382
 -1.76428367 -2.39614062  1.15832163  0.57453237  1.58410538 -2.78182923
 -0.10419638  2.50516682 -1.18081357  1.14608015  1.24529498  0.6042735
 -0.95442608  1.09729773  0.78616725 -0.38815345  2.81164881 -2.13593701
  1.58310039 -0.67203033  0.98890607 -3.20490735 -2.25060344  0.34981868
 -1.06686111 -0.41721758  0.26660539  0.06751789 -1.75100513 -0.2112853
 -0.67197593  2.87128039 -1.1463391  -1.20217318 -1.14482348  1.27381102
  1.62840304 -0.82718832  2.12004946 -1.4672589  -0.24493383 -0.88539732
 -2.96193129  3.10726311 -1.79252061  3.04597716 -1.36100935 -2.33765761
  3.79932828 -1.20284267 -0.58025589 -3.09515576 -2.50093566  2.98652415
 -1.96378974 -1.67092359 -0.39916702  2.93979472  0.16225924  0.02474066
 -1.61961547 -0.14440625 -1.59459053 -3.09820777  2.90212347  1.15780497
 -0.32730773 -2.34078458  1.01484232 -1.15890011 -0.28093747 -2.14336834
 -1.90107967  1.82398015 -0.99278231  2.58034411 -0.44209738 -3.10526506
 -2.84100034  2.03829446 -3.06679524 -0.25078742 -1.03600422 -0.18795171
  2.37607162  1.71033348 -0.27727994 -1.7242356  -3.04411905  0.11083948
 -0.83369864  1.46415906 -2.5220531   0.94628024 -0.02758937  0.21137478
  1.98931682  0.73877108  0.7931187  -1.21448975  1.58512896  2.55818645
  1.28577142  0.29177445 -0.99231594  2.57358169  0.82586751 -2.23134646
 -0.01636028  1.71676509  1.07507591 -0.65291141 -2.31472501  2.42336596
  2.02671597  1.65158607  2.25743638  1.88521348 -2.14789766 -2.88684048
  0.51609937  1.37519742 -2.41279059 -1.29195204  2.44073024  1.25041857
  0.03399209 -1.75845888 -1.55662584  1.93436036  1.47961797 -0.81486484
 -0.13713171 -0.45885342 -0.16830992  2.37664679 -0.55503444 -0.65604005
  1.07916174 -2.29300095  1.01375129  2.54374112 -0.49333744  2.0993843
 -1.97506928 -0.87041273 -2.4220837  -2.29868891 -1.38210972 -2.92401467
  1.58697131  1.84618175  1.65383214  1.00990694  1.41611575 -2.30923494
 -2.71124954  1.7610788   1.0049371  -0.42701126 -2.6242687   1.55794048
 -1.21740892 -2.49030445  0.06059324]
Thu Jun 13 23:46:06 2024,744,0.08336085444092348,[-2.86178957  2.0684973  -1.6047988   0.05091636  0.47228801 -3.25848778
  3.24414474  2.09475665  1.03666453 -1.01310776  0.56226735  1.31946224
  1.29302473 -1.86707573  0.78751058  2.88122536 -0.38223562 -0.43571474
 -1.91841817  0.84791655  1.62865787  2.9039686  -1.40216646 -0.43377656
 -2.18665841 -2.09918031  3.12872219  2.80516362 -0.71319801 -2.62162648
  1.52785715 -0.19893119 -2.42875147  1.84153992  1.12803137 -0.61247503
  1.09486493 -2.0193489  -0.22190143  2.25539537 -0.329346    0.47330759
  2.42505152  0.57200765  2.63634841  2.90805268  2.8119903  -2.93130942
  0.27229742 -0.39520996  1.72849558  2.99084088 -0.35870911 -2.33808756
  2.72537999 -3.18796112  0.54647671 -0.69352257 -1.7445673   3.09850031
 -1.96859694 -1.66849491 -2.54516576  2.36598273 -2.14331663  1.96900882
  1.73656557  1.47028786  2.53365287  2.87850625  1.99559741  1.48925001
 -1.76515749 -2.3952668   1.15744782  0.57540619  1.58497919 -2.78095542
 -0.10507019  2.50604063 -1.17993976  1.14520634  1.2461688   0.60514732
 -0.95355227  1.09817154  0.78529344 -0.38727964  2.81077499 -2.13681082
  1.58222657 -0.67115652  0.98803225 -3.20578116 -2.25147725  0.34894487
 -1.06773492 -0.41634377  0.26573158  0.06664408 -1.75187894 -0.21215911
 -0.67110211  2.87215421 -1.14721291 -1.20304699 -1.14394967  1.27293721
  1.62927685 -0.82806213  2.11917565 -1.46638509 -0.24580764 -0.8845235
 -2.96105747  3.10813693 -1.79164679  3.04685098 -1.36188316 -2.33678379
  3.79845447 -1.20371648 -0.57938207 -3.09428195 -2.50180947  2.98565034
 -1.96291593 -1.67004978 -0.40004083  2.93892091  0.16313305  0.02386685
 -1.62048928 -0.14528006 -1.59546434 -3.09908158  2.90124965  1.15867879
 -0.32818155 -2.33991077  1.0139685  -1.15977392 -0.28006366 -2.14249453
 -1.90020586  1.82310634 -0.99365613  2.58121792 -0.44122357 -3.10613887
 -2.84012653  2.03916828 -3.06766905 -0.24991361 -1.03687804 -0.1870779
  2.3751978   1.71120729 -0.27815375 -1.72336178 -3.04499286  0.11171329
 -0.83282483  1.46503287 -2.52292692  0.94540643 -0.02846318  0.21050096
  1.99019063  0.73789727  0.79399251 -1.21361593  1.58425514  2.55731263
  1.2848976   0.29090064 -0.99318975  2.57270788  0.82674132 -2.23222027
 -0.01548647  1.7176389   1.0742021  -0.6520376  -2.31559883  2.42249215
  2.02584216  1.65071226  2.25656256  1.88608729 -2.14877147 -2.8877143
  0.51522556  1.3743236  -2.41191678 -1.29107823  2.43985643  1.24954476
  0.0348659  -1.7593327  -1.55575203  1.93348655  1.47874416 -0.81573865
 -0.13800552 -0.45972724 -0.1674361   2.37577297 -0.55590826 -0.65516624
  1.08003555 -2.29212714  1.01287748  2.54461493 -0.49246362  2.10025811
 -1.97419546 -0.86953892 -2.42120989 -2.29956272 -1.38298353 -2.92488848
  1.58784512  1.84530793  1.65470596  1.00903313  1.41524194 -2.30836113
 -2.71037573  1.76195261  1.00581091 -0.42788508 -2.62514251  1.55881429
 -1.21828273 -2.49117826  0.05971943]
Thu Jun 13 23:46:22 2024,745,0.08336683990333064,[-2.86250792  2.06921564 -1.60408045  0.05019801  0.47156966 -3.25920613
  3.24342639  2.0940383   1.03738288 -1.01238941  0.561549    1.32018058
  1.29374308 -1.86779407  0.78822893  2.88050701 -0.38151727 -0.4349964
 -1.91913652  0.8486349   1.62937622  2.90468695 -1.40144811 -0.43449491
 -2.18737676 -2.09989866  3.12800384  2.80588197 -0.71391636 -2.62090813
  1.5285755  -0.19821285 -2.42803312  1.84225826  1.12874972 -0.61175668
  1.09414659 -2.02006725 -0.22261978  2.25611372 -0.33006435  0.47402594
  2.42576987  0.572726    2.63563006  2.90733433  2.81270864 -2.93202777
  0.27301576 -0.39449161  1.72777723  2.99155923 -0.35942746 -2.33736921
  2.72609834 -3.18867947  0.54719506 -0.69424092 -1.74384895  3.09921865
 -1.96931529 -1.66777656 -2.54588411  2.36670108 -2.14403498  1.96829048
  1.73728392  1.46956951  2.53293452  2.8777879   1.99487906  1.48996835
 -1.76443914 -2.39454846  1.15672947  0.57468784  1.58426085 -2.78023707
 -0.10578854  2.50675898 -1.18065811  1.14448799  1.24545045  0.60586567
 -0.95283392  1.09888989  0.78457509 -0.38799798  2.81005665 -2.13752917
  1.58294492 -0.67043817  0.9887506  -3.20506281 -2.2507589   0.34822652
 -1.06701657 -0.41706212  0.26644993  0.06736242 -1.75259729 -0.21287746
 -0.67182046  2.87287256 -1.14793126 -1.20232864 -1.14466802  1.27365556
  1.6285585  -0.82734378  2.1184573  -1.46566674 -0.24508929 -0.88380515
 -2.96177582  3.10885528 -1.79236514  3.04756933 -1.36260151 -2.33750214
  3.79917282 -1.20443483 -0.57866372 -3.0935636  -2.50109112  2.98636869
 -1.96219758 -1.67076813 -0.40075918  2.93963926  0.1624147   0.0245852
 -1.61977093 -0.14456171 -1.59474599 -3.09836323  2.901968    1.15939714
 -0.3274632  -2.34062912  1.01468685 -1.15905557 -0.28078201 -2.14177618
 -1.89948751  1.82238799 -0.99293778  2.58049957 -0.44050522 -3.10685722
 -2.83940818  2.03844993 -3.0669507  -0.25063196 -1.03615969 -0.18635955
  2.37447946  1.71192564 -0.2774354  -1.72408013 -3.04427451  0.11243164
 -0.83210648  1.46431453 -2.52220857  0.94612477 -0.02774483  0.20978262
  1.98947228  0.73861562  0.79471086 -1.21289758  1.58353679  2.55803098
  1.28561595  0.29018229 -0.9924714   2.57198953  0.82602297 -2.23293862
 -0.01476812  1.71692055  1.07348375 -0.65275595 -2.31631717  2.4217738
  2.02512381  1.64999391  2.25584422  1.88680564 -2.14948982 -2.88699595
  0.51594391  1.37360526 -2.41119843 -1.29179658  2.44057478  1.24882641
  0.03558425 -1.75861435 -1.55503368  1.93420489  1.47946251 -0.816457
 -0.13728718 -0.46044558 -0.16815445  2.37649132 -0.55518991 -0.65444789
  1.0807539  -2.29284548  1.01359583  2.54533328 -0.49318197  2.10097646
 -1.97491381 -0.87025726 -2.42049154 -2.29884437 -1.38226519 -2.92417013
  1.58856347  1.84602628  1.65398761  1.00975148  1.41596028 -2.30764278
 -2.71109408  1.76123426  1.00509257 -0.42716673 -2.62586086  1.55809594
 -1.21756438 -2.49189661  0.05900108]
Thu Jun 13 23:46:37 2024,746,0.08336673301154464,[-2.86201284  2.06971072 -1.60358538  0.04970293  0.47107459 -3.2597012
  3.24293132  2.09354322  1.03787795 -1.01288449  0.56105393  1.32067566
  1.29423816 -1.86828915  0.78773386  2.88100209 -0.3810222  -0.43450132
 -1.91864145  0.84912998  1.6298713   2.90518202 -1.40194318 -0.43399983
 -2.18787183 -2.09940358  3.12750876  2.8053869  -0.71441144 -2.62140321
  1.52907057 -0.19771777 -2.4285282   1.84275334  1.12825465 -0.61225175
  1.09365151 -2.01957217 -0.22311486  2.2566088  -0.32956927  0.47452101
  2.42527479  0.57322108  2.63612514  2.90683925  2.81221357 -2.93252285
  0.27351084 -0.39498669  1.72827231  2.9920543  -0.35992254 -2.33786429
  2.72659341 -3.18818439  0.54769014 -0.694736   -1.74434402  3.09872358
 -1.96882021 -1.66728149 -2.54538903  2.366206   -2.14453006  1.96878555
  1.73678885  1.47006458  2.53243945  2.87828298  1.99537414  1.48947328
 -1.76394406 -2.39504353  1.1562344   0.57518292  1.58475592 -2.779742
 -0.10529346  2.5062639  -1.18016303  1.14498306  1.24594552  0.60636074
 -0.95233884  1.09839482  0.78507016 -0.38750291  2.80956157 -2.13802425
  1.58344    -0.67093325  0.98924568 -3.20555789 -2.25125398  0.3487216
 -1.06751165 -0.41656704  0.26595485  0.06686735 -1.75309236 -0.21337254
 -0.67132539  2.87336763 -1.14743618 -1.20183356 -1.14516309  1.27415063
  1.62806343 -0.82783886  2.11895238 -1.46517167 -0.24558437 -0.88430023
 -2.96128075  3.1083602  -1.79187007  3.04707425 -1.36210644 -2.33799722
  3.79867774 -1.20492991 -0.57816865 -3.09405868 -2.5015862   2.98587361
 -1.96269265 -1.67027305 -0.40125426  2.94013433  0.16290978  0.02409012
 -1.61927586 -0.14406664 -1.59524107 -3.09885831  2.90246308  1.15890206
 -0.32696812 -2.34013404  1.01518193 -1.15955065 -0.28127709 -2.1412811
 -1.89998259  1.82189292 -0.9924427   2.58099465 -0.44001014 -3.10636214
 -2.83990326  2.03894501 -3.06744578 -0.25013688 -1.03566461 -0.18586447
  2.37497453  1.71143056 -0.27793048 -1.72358506 -3.04476959  0.11292672
 -0.8316114   1.4648096  -2.52270364  0.9456297  -0.02823991  0.20928754
  1.98996736  0.73812054  0.79520593 -1.21240251  1.58304172  2.55753591
  1.28512087  0.29067737 -0.99296648  2.57248461  0.82651805 -2.23244355
 -0.01427305  1.71642548  1.07298867 -0.65325102 -2.3158221   2.42226887
  2.02462873  1.65048899  2.25534914  1.88631057 -2.14899475 -2.88650087
  0.51643899  1.37410033 -2.4116935  -1.2913015   2.44106986  1.24932149
  0.03508917 -1.75910942 -1.5545386   1.93370982  1.47995758 -0.81695207
 -0.13778225 -0.46094066 -0.16765938  2.3769864  -0.55568498 -0.65494296
  1.08025882 -2.29235041  1.01310075  2.5448382  -0.4926869   2.10048138
 -1.97441874 -0.86976219 -2.42098662 -2.29933945 -1.38177011 -2.92466521
  1.58905854  1.84553121  1.65349253  1.01024656  1.41645536 -2.30813786
 -2.71158915  1.76073919  1.00558764 -0.42667165 -2.62536578  1.55859102
 -1.2170693  -2.49140154  0.05949616]
Thu Jun 13 23:46:51 2024,747,0.08335296613030349,[-2.86154277  2.06924064 -1.60405546  0.05017301  0.47154467 -3.25923112
  3.24246124  2.0940133   1.03740787 -1.01335457  0.56152401  1.32114574
  1.29376808 -1.86875923  0.78726378  2.88147217 -0.38149228 -0.43403124
 -1.91817137  0.8486599   1.62940122  2.90471194 -1.4014731  -0.43352975
 -2.18834191 -2.09987366  3.12703868  2.80491682 -0.71488152 -2.62093313
  1.52954065 -0.19724769 -2.42899828  1.84322342  1.12872473 -0.61178168
  1.09412159 -2.02004225 -0.22358494  2.25707888 -0.33003935  0.47499109
  2.42480471  0.57369115  2.63659521  2.90636917  2.81174349 -2.93205277
  0.27398092 -0.39545677  1.72780223  2.99158422 -0.35945246 -2.33739421
  2.72706349 -3.18865447  0.54816022 -0.69426592 -1.7448141   3.0982535
 -1.96929029 -1.66681141 -2.54585911  2.36573592 -2.14405998  1.96831547
  1.73631877  1.47053466  2.53290952  2.8778129   1.99584422  1.4890032
 -1.76347398 -2.39551361  1.15576432  0.57565299  1.585226   -2.77927192
 -0.10576354  2.50579382 -1.17969295  1.14451299  1.24547544  0.60683082
 -0.95186876  1.0988649   0.78554024 -0.38797299  2.80909149 -2.13755417
  1.58391008 -0.67046317  0.98971576 -3.20508781 -2.2507839   0.34825152
 -1.06798173 -0.41703712  0.26642493  0.06733743 -1.75262228 -0.21384262
 -0.67085531  2.87289755 -1.14790626 -1.20230364 -1.14563317  1.27462071
  1.62759335 -0.82736878  2.1184823  -1.46470159 -0.24511429 -0.88383015
 -2.96175083  3.10789012 -1.79139999  3.04660417 -1.36163636 -2.33752714
  3.79914782 -1.20539999 -0.57863873 -3.09452876 -2.50111612  2.98540353
 -1.96222257 -1.66980297 -0.40078418  2.93966425  0.16337986  0.02362004
 -1.61880578 -0.14359656 -1.59477099 -3.09932839  2.901993    1.15937214
 -0.3274382  -2.33966396  1.01471185 -1.16002073 -0.28080701 -2.14081103
 -1.90045267  1.82142284 -0.99291278  2.58052457 -0.43954006 -3.10683222
 -2.83943318  2.03941508 -3.06791586 -0.2496668  -1.03519453 -0.18633455
  2.37450445  1.71190064 -0.2774604  -1.72405514 -3.04429951  0.11245664
 -0.83208148  1.46433952 -2.52223356  0.94609978 -0.02776983  0.20975762
  1.99043744  0.73765046  0.79473586 -1.21287259  1.5835118   2.55800599
  1.2846508   0.29020729 -0.9924964   2.57295468  0.82698813 -2.23197347
 -0.01474313  1.7159554   1.07251859 -0.65278094 -2.31535202  2.42179879
  2.02415865  1.65001891  2.25581922  1.88584049 -2.14946482 -2.88697095
  0.51690906  1.37363025 -2.41122342 -1.29177158  2.44059978  1.24885141
  0.03461909 -1.75863934 -1.55406852  1.9341799   1.4794875  -0.81742215
 -0.13825233 -0.46047058 -0.1671893   2.37651632 -0.5552149  -0.65541304
  1.07978874 -2.29188033  1.01263067  2.54530828 -0.49221682  2.10095146
 -1.97394866 -0.86929211 -2.42051654 -2.29980953 -1.38130003 -2.92513529
  1.58858846  1.84506113  1.65302245  1.00977648  1.41692544 -2.30860794
 -2.71205923  1.76026911  1.00511756 -0.42714173 -2.6248957   1.55812094
 -1.21753938 -2.49093146  0.05902608]
Thu Jun 13 23:47:07 2024,748,0.0833442911689097,[-2.86201059  2.06877281 -1.60358763  0.04970518  0.47107684 -3.25969895
  3.24292906  2.09448113  1.0378757  -1.01288674  0.56105618  1.32161357
  1.29330025 -1.86922706  0.78679595  2.88193999 -0.3819601  -0.43356341
 -1.91863919  0.84819207  1.62986904  2.90517977 -1.40194093 -0.43306193
 -2.18787409 -2.09940583  3.12657086  2.80538464 -0.71534934 -2.62140095
  1.53000848 -0.19771552 -2.42853045  1.84275559  1.12919255 -0.6122495
  1.09458942 -2.02051008 -0.22311711  2.25661105 -0.33050718  0.47545892
  2.42527254  0.57415898  2.63706304  2.906837    2.81221132 -2.93252059
  0.27351309 -0.39498894  1.7273344   2.9911164  -0.35898463 -2.33786203
  2.72753132 -3.1891223   0.54769239 -0.69379809 -1.74528193  3.09778567
 -1.96975812 -1.66727923 -2.54539129  2.36620375 -2.14359215  1.96784765
  1.73678659  1.47006684  2.5324417   2.87734507  1.99537639  1.48853537
 -1.76394181 -2.39598144  1.15529649  0.57518517  1.58475817 -2.77880409
 -0.10529572  2.505326   -1.18016078  1.14404516  1.24500762  0.60729865
 -0.95233659  1.09839707  0.78600807 -0.38750516  2.80862366 -2.13708634
  1.5843779  -0.67093099  0.98924793 -3.20555564 -2.25125173  0.34778369
 -1.06844955 -0.41656929  0.2659571   0.06780525 -1.75215446 -0.21431044
 -0.67038748  2.87242973 -1.14743844 -1.20183582 -1.14516534  1.27508854
  1.62712552 -0.82690095  2.11895012 -1.46423376 -0.24464646 -0.88336232
 -2.96221865  3.10742229 -1.79186781  3.047072   -1.36116853 -2.33799496
  3.79868    -1.20586781 -0.57910655 -3.09406093 -2.50064829  2.98587136
 -1.96175475 -1.66933515 -0.401252    2.94013208  0.16384769  0.02408787
 -1.61833795 -0.14312873 -1.59523882 -3.09886056  2.90152517  1.15983997
 -0.32697038 -2.33919614  1.01517967 -1.16048856 -0.28127483 -2.14127885
 -1.90092049  1.82095501 -0.99244496  2.58099239 -0.43907224 -3.10730005
 -2.83990101  2.03988291 -3.06744803 -0.25013463 -1.03566236 -0.18586673
  2.37403663  1.71143282 -0.27792822 -1.72452296 -3.04383168  0.11198881
 -0.83254931  1.46480735 -2.52270139  0.9465676  -0.02823766  0.21022545
  1.99090526  0.73718264  0.79426803 -1.21334041  1.58397962  2.55753816
  1.28418297  0.29067511 -0.99202857  2.57248686  0.8265203  -2.23150564
 -0.01521095  1.71548757  1.07205077 -0.65324877 -2.31581984  2.42133097
  2.02462648  1.65048673  2.25535139  1.88630831 -2.148997   -2.88743878
  0.51644124  1.37316243 -2.4107556  -1.29130375  2.44013195  1.24931923
  0.03415127 -1.75910717 -1.55453635  1.93464772  1.47995533 -0.81695433
 -0.13872016 -0.46000275 -0.16765712  2.37604849 -0.55474708 -0.65588087
  1.08025657 -2.2914125   1.01216284  2.54577611 -0.49268464  2.10141929
 -1.97348083 -0.86975993 -2.42098436 -2.30027735 -1.38176786 -2.92466746
  1.58812064  1.8445933   1.65349028  1.00930865  1.41645761 -2.30814011
 -2.71252706  1.75980128  1.00464974 -0.42760956 -2.62536353  1.55858877
 -1.21800721 -2.49139928  0.0594939 ]
Thu Jun 13 23:47:22 2024,749,0.08331726857098662,[-2.86245891  2.06922113 -1.60403595  0.04925687  0.47152515 -3.25925063
  3.24337738  2.09403282  1.03832401 -1.01243843  0.56060787  1.32116525
  1.29374856 -1.86877874  0.78724426  2.88238831 -0.38151179 -0.43401173
 -1.91819088  0.84864038  1.63031736  2.90562808 -1.40149261 -0.43261361
 -2.18742577 -2.09985415  3.12612254  2.80493633 -0.71490103 -2.62095264
  1.53045679 -0.1972672  -2.42808214  1.84320391  1.12964087 -0.61269782
  1.09503773 -2.02006177 -0.2226688   2.25616274 -0.33095549  0.47501061
  2.42482422  0.57371067  2.63661473  2.90728531  2.811763   -2.93207228
  0.27396141 -0.39454063  1.72778272  2.99066808 -0.35943294 -2.33831035
  2.72797963 -3.18867398  0.54724408 -0.69424641 -1.74573024  3.09823399
 -1.97020643 -1.66683092 -2.54494297  2.36575543 -2.14404047  1.96829596
  1.73633828  1.46961852  2.53199339  2.87689676  1.99492808  1.48808706
 -1.76349349 -2.39553312  1.15484818  0.57473685  1.58430986 -2.7792524
 -0.1048474   2.50577431 -1.17971246  1.14449347  1.2445593   0.60774696
 -0.95188828  1.09794876  0.78645638 -0.38795348  2.80817535 -2.13753465
  1.58482622 -0.67048268  0.98879962 -3.20510732 -2.25170004  0.348232
 -1.06800124 -0.41612098  0.26640542  0.06825357 -1.75260277 -0.21386213
 -0.67083579  2.87198141 -1.14699012 -1.20228413 -1.14561366  1.27464022
  1.62667721 -0.82645264  2.11939844 -1.46378545 -0.24509478 -0.88291401
 -2.96177034  3.10697398 -1.7914195   3.04752031 -1.36161684 -2.33754665
  3.79912831 -1.2054195  -0.57865824 -3.09450924 -2.50019998  2.98542304
 -1.96130643 -1.66978346 -0.40080369  2.93968377  0.16339937  0.02363955
 -1.61788964 -0.14357704 -1.59568713 -3.09930887  2.90107686  1.15939165
 -0.32652206 -2.33874782  1.01562799 -1.16093687 -0.28082652 -2.14172717
 -1.90136881  1.82140332 -0.99199664  2.58144071 -0.43862392 -3.10685173
 -2.83945269  2.04033122 -3.06699972 -0.24968631 -1.03521404 -0.18541841
  2.37358831  1.71188113 -0.27747991 -1.72407465 -3.04427999  0.1115405
 -0.83210099  1.46525566 -2.52225308  0.94701592 -0.02778934  0.20977713
  1.99135358  0.73673432  0.79471634 -1.2128921   1.58353131  2.55798647
  1.28463128  0.29112343 -0.99158026  2.57293517  0.82607199 -2.23105733
 -0.01476264  1.71503926  1.07249908 -0.65280046 -2.31537153  2.42088265
  2.02507479  1.65093505  2.25490308  1.88675663 -2.14854868 -2.88699047
  0.51599292  1.37361074 -2.41030728 -1.29175207  2.43968364  1.24887092
  0.03370295 -1.75865886 -1.55498466  1.93509604  1.48040364 -0.81740264
 -0.13916847 -0.46045107 -0.16720881  2.37560018 -0.55519539 -0.65543255
  1.07980826 -2.29096419  1.01171453  2.54622442 -0.49223633  2.10097097
 -1.97303252 -0.86931162 -2.42143268 -2.30072567 -1.38221617 -2.92421915
  1.58767232  1.84414499  1.65304196  1.00886034  1.4160093  -2.30858842
 -2.71207874  1.76024959  1.00509805 -0.42805787 -2.62581184  1.55903708
 -1.2175589  -2.49095097  0.05994222]
Thu Jun 13 23:47:37 2024,750,0.08331493818601958,[-2.86172204  2.06848426 -1.60329908  0.04852     0.47078829 -3.2599875
  3.24264051  2.09329595  1.03758714 -1.01170156  0.56134473  1.32042838
  1.29448543 -1.86804187  0.7865074   2.88165144 -0.38077492 -0.4347486
 -1.91745401  0.84937725  1.62958049  2.90636495 -1.40075575 -0.43187674
 -2.1866889  -2.09911728  3.12538567  2.8056732  -0.7156379  -2.62021577
  1.53119366 -0.19800407 -2.42734527  1.84246704  1.13037773 -0.61343468
  1.0957746  -2.0193249  -0.22340566  2.25542587 -0.33021862  0.47574747
  2.42556109  0.57444753  2.63587786  2.90802218  2.81249987 -2.93280915
  0.27322454 -0.39380376  1.72851958  2.99140495 -0.35869608 -2.33757348
  2.72724276 -3.18793712  0.54650721 -0.69498327 -1.74646711  3.09897085
 -1.9709433  -1.66756779 -2.54567984  2.3664923  -2.14477733  1.96903283
  1.73707515  1.46888165  2.53273025  2.87615989  1.99419121  1.48882393
 -1.76275663 -2.39479626  1.15411131  0.57399999  1.58504673 -2.77998927
 -0.10411054  2.50651118 -1.1789756   1.1437566   1.24382243  0.60848383
 -0.95262514  1.09721189  0.78571952 -0.38869034  2.80891222 -2.13679779
  1.58408935 -0.67121955  0.98953649 -3.20584419 -2.25243691  0.34896887
 -1.06873811 -0.41685785  0.26714229  0.06899044 -1.7518659  -0.214599
 -0.67009893  2.87124454 -1.14772699 -1.20154726 -1.14487679  1.27537709
  1.62594034 -0.82571577  2.11866157 -1.46452232 -0.24583165 -0.88365088
 -2.96250721  3.10771085 -1.79215637  3.04678344 -1.36235371 -2.33828352
  3.79986518 -1.20615637 -0.57792137 -3.09377238 -2.49946311  2.98615991
 -1.96056957 -1.66904659 -0.40154056  2.94042063  0.16413624  0.02290268
 -1.61862651 -0.14284018 -1.596424   -3.09857201  2.90033999  1.15865478
 -0.3257852  -2.33801095  1.01636485 -1.16167374 -0.28008965 -2.14246403
 -1.90063194  1.82214019 -0.99125977  2.58217758 -0.43936079 -3.10611486
 -2.83871582  2.04106809 -3.06626285 -0.25042318 -1.03447718 -0.18468154
  2.37432518  1.712618   -0.27674304 -1.72481152 -3.04354313  0.11080363
 -0.83283786  1.46599253 -2.52298994  0.94775279 -0.02705247  0.20904026
  1.99061671  0.73599745  0.79397948 -1.21215523  1.58426818  2.55724961
  1.28389442  0.29038656 -0.99231713  2.57367204  0.82680885 -2.2317942
 -0.01402577  1.71577613  1.07323595 -0.65206359 -2.31463466  2.42014579
  2.02433792  1.65167192  2.25416621  1.88601976 -2.14928555 -2.8862536
  0.51525606  1.37434761 -2.41104415 -1.29248894  2.4404205   1.24813405
  0.03443982 -1.75792199 -1.5542478   1.93583291  1.48114051 -0.81666577
 -0.13990534 -0.46118794 -0.16647194  2.37633705 -0.55445852 -0.65616942
  1.08054512 -2.29170106  1.0124514   2.54548756 -0.4929732   2.10170784
 -1.97376939 -0.86857475 -2.42069581 -2.2999888  -1.3814793  -2.92348228
  1.58693545  1.84488185  1.6523051   1.00812347  1.41674617 -2.30785156
 -2.71134188  1.76098646  1.00436118 -0.42879474 -2.62507498  1.55977395
 -1.21682203 -2.49168784  0.06067909]
Thu Jun 13 23:48:10 2024,751,0.08330347810404633,[-2.86191367  2.06829263 -1.60310745  0.04871163  0.47097992 -3.25979587
  3.24283214  2.09310432  1.03739551 -1.01189319  0.56153636  1.32062001
  1.2942938  -1.8682335   0.78631577  2.88145981 -0.38096655 -0.43494023
 -1.91764564  0.84918562  1.62938886  2.90617332 -1.40094738 -0.43168511
 -2.18649727 -2.09930891  3.12519404  2.80586483 -0.71544627 -2.6204074
  1.53100203 -0.1981957  -2.4275369   1.84227541  1.13056936 -0.61324305
  1.09596623 -2.01951653 -0.22359729  2.2556175  -0.33002699  0.47555584
  2.42575272  0.57425591  2.63568623  2.90821381  2.8126915  -2.93261752
  0.27341617 -0.39399539  1.72832795  2.99159658 -0.35850445 -2.33776511
  2.72743439 -3.18774549  0.54631558 -0.6951749  -1.74665874  3.09877922
 -1.97075167 -1.66775942 -2.54548821  2.36668393 -2.14496896  1.9688412
  1.73688352  1.46869002  2.53292188  2.87596826  1.99438284  1.48901556
 -1.76294826 -2.39498789  1.15430294  0.57380836  1.5848551  -2.77979764
 -0.10430217  2.50631955 -1.17878397  1.14356497  1.24401406  0.6082922
 -0.95243351  1.09702026  0.78552789 -0.38888197  2.80910385 -2.13698942
  1.58428098 -0.67141118  0.98934486 -3.20565256 -2.25262854  0.34877724
 -1.06854648 -0.41666622  0.26733392  0.06879881 -1.75167427 -0.21440737
 -0.67029056  2.87105291 -1.14753536 -1.20135563 -1.14506842  1.27518546
  1.62574871 -0.8259074   2.11846994 -1.46433069 -0.24564002 -0.88384251
 -2.96231558  3.10790248 -1.792348    3.04697507 -1.36216208 -2.33847515
  3.80005681 -1.206348   -0.57772974 -3.09396401 -2.49965474  2.98635154
 -1.96037794 -1.66923822 -0.40134893  2.940229    0.16394461  0.02309431
 -1.61881814 -0.14303181 -1.59623237 -3.09838038  2.90014836  1.15846315
 -0.32559357 -2.33820258  1.01655648 -1.16148211 -0.27989802 -2.14265566
 -1.90082357  1.82233182 -0.99106814  2.58236921 -0.43916916 -3.10592323
 -2.83852419  2.04087646 -3.06645448 -0.25023155 -1.03466881 -0.18448991
  2.37451681  1.71242637 -0.27693467 -1.72500315 -3.0433515   0.11099526
 -0.83264623  1.46618416 -2.52279831  0.94794442 -0.0272441   0.20923189
  1.99080834  0.73580582  0.79417111 -1.21234686  1.58407655  2.55705798
  1.28370279  0.29057819 -0.99250876  2.57386367  0.82661722 -2.23160257
 -0.01383414  1.71596776  1.07304432 -0.65187196 -2.31444303  2.42033742
  2.02452955  1.65148029  2.25435784  1.88582813 -2.14909392 -2.88644523
  0.51544769  1.37415598 -2.41123578 -1.29268057  2.44022887  1.24794242
  0.03424819 -1.75773036 -1.55405617  1.93564128  1.48133214 -0.81647414
 -0.13971371 -0.46137957 -0.16628031  2.37652868 -0.55426689 -0.65597779
  1.08073675 -2.29150943  1.01225977  2.54567919 -0.49278157  2.10189947
 -1.97396102 -0.86876638 -2.42088744 -2.30018043 -1.38128767 -2.92329065
  1.58674382  1.84469022  1.65249673  1.0083151   1.4169378  -2.30804319
 -2.71153351  1.76079483  1.00416955 -0.42860311 -2.62488335  1.55958232
 -1.21701366 -2.49149621  0.06087072]
Thu Jun 13 23:48:30 2024,752,0.08329864326307848,[-2.8617047   2.06808366 -1.60289848  0.0489206   0.47118889 -3.2595869
  3.24262317  2.09331329  1.03718654 -1.01210216  0.56132739  1.32082898
  1.29450277 -1.86844247  0.78652474  2.88125084 -0.38117552 -0.43473126
 -1.91743667  0.84939459  1.62917989  2.90596435 -1.40073841 -0.43189408
 -2.18670624 -2.09951788  3.12498507  2.80565586 -0.7152373  -2.62019843
  1.53079306 -0.19840467 -2.42732793  1.84248438  1.13077833 -0.61345202
  1.09575726 -2.0197255  -0.22338832  2.25582647 -0.32981802  0.47576481
  2.42596169  0.57446488  2.6358952   2.90842278  2.81248253 -2.93282649
  0.2732072  -0.39420436  1.72853692  2.99180555 -0.35871342 -2.33797408
  2.72764336 -3.18795446  0.54652455 -0.69496593 -1.74644977  3.09857025
 -1.97096064 -1.66796839 -2.54569718  2.36647496 -2.14475999  1.96905017
  1.73667455  1.46889899  2.53271291  2.87617723  1.99459181  1.48922453
 -1.76273929 -2.39477891  1.15409397  0.57359939  1.58464613 -2.78000661
 -0.1040932   2.50611058 -1.17899294  1.143356    1.24380509  0.60808323
 -0.95264248  1.09681129  0.78573686 -0.38909094  2.80931282 -2.13678045
  1.58407201 -0.67120221  0.98913589 -3.20544359 -2.25283751  0.34898621
 -1.06875545 -0.41687519  0.26712495  0.06858984 -1.75188324 -0.2141984
 -0.67049953  2.87126188 -1.14774433 -1.20114666 -1.14527739  1.27539443
  1.62553974 -0.82611637  2.11867891 -1.46412172 -0.24584899 -0.88363354
 -2.96210661  3.10811145 -1.79213903  3.0467661  -1.36195311 -2.33868412
  3.79984784 -1.20613903 -0.57752077 -3.09375504 -2.49986371  2.98656051
 -1.96016897 -1.66944719 -0.40113996  2.94043797  0.16415358  0.02330329
 -1.61860917 -0.14282284 -1.59644134 -3.09817141  2.90035733  1.15825418
 -0.32580254 -2.33799361  1.01676545 -1.16169108 -0.28010699 -2.14244669
 -1.90103254  1.82254079 -0.99127711  2.58257818 -0.43937813 -3.1061322
 -2.83873316  2.04066749 -3.06666345 -0.25002258 -1.03445984 -0.18469888
  2.37472578  1.7122174  -0.27714364 -1.72479418 -3.04314253  0.11078629
 -0.83243726  1.46597519 -2.52300728  0.94815339 -0.02745307  0.20902292
  1.99101731  0.73601479  0.79396213 -1.21213789  1.58386758  2.55726695
  1.28391176  0.29078716 -0.99229979  2.57407264  0.82640825 -2.2313936
 -0.01362517  1.71617673  1.07325329 -0.65208093 -2.314652    2.42054639
  2.02473852  1.65127132  2.25456681  1.88561916 -2.14930289 -2.8866542
  0.51565666  1.37436495 -2.41102681 -1.2924716   2.4400199   1.24773345
  0.03445716 -1.75752139 -1.55426514  1.93585025  1.48154111 -0.81626517
 -0.13992268 -0.4611706  -0.16607134  2.37673765 -0.55405792 -0.65576882
  1.08094572 -2.29130046  1.0120508   2.54547022 -0.4925726   2.1016905
 -1.97375205 -0.86897535 -2.42067847 -2.3003894  -1.3810787  -2.92308168
  1.58695279  1.84489919  1.6527057   1.00810613  1.41714677 -2.30825216
 -2.71174248  1.7610038   1.00437852 -0.42839414 -2.62467438  1.55979129
 -1.21680469 -2.49128724  0.06107969]
Thu Jun 13 23:48:46 2024,753,0.08319567092239566,[-2.86051638  2.06927198 -1.60171016  0.04773228  0.47000057 -3.25839858
  3.24143485  2.09450161  1.03837486 -1.01329048  0.56013907  1.31964066
  1.29331445 -1.8696308   0.78533642  2.88243916 -0.3799872  -0.43591958
 -1.91624835  0.84820627  1.62799157  2.90715267 -1.40192673 -0.4330824
 -2.18551792 -2.09832956  3.1261734   2.80684418 -0.71404898 -2.62138675
  1.53198138 -0.19959299 -2.42613961  1.84129606  1.12959001 -0.6122637
  1.09694558 -2.01853718 -0.2222      2.25463815 -0.33100635  0.47695314
  2.42477337  0.5756532   2.63708352  2.9096111   2.81129421 -2.93401481
  0.27439552 -0.39539268  1.72972525  2.99299387 -0.3575251  -2.33678576
  2.72645504 -3.18914278  0.54771287 -0.69377761 -1.74763809  3.09738193
 -1.96977232 -1.66915671 -2.5468855   2.36528664 -2.14357167  1.96786185
  1.73548623  1.46771067  2.53152459  2.87736555  1.99578013  1.48803621
 -1.76155096 -2.39359059  1.15290565  0.57241107  1.58345781 -2.78119493
 -0.10290488  2.50492226 -1.18018126  1.14216768  1.24499342  0.60927155
 -0.95145416  1.09562297  0.78454853 -0.38790262  2.81050114 -2.13559212
  1.58288369 -0.67239053  0.98794756 -3.20663191 -2.25402583  0.34779789
 -1.06994377 -0.41806351  0.26831327  0.06977816 -1.75307157 -0.21301008
 -0.67168785  2.87245021 -1.14655601 -1.20233499 -1.14408907  1.27658275
  1.62435142 -0.82730469  2.11986723 -1.46293339 -0.24466066 -0.88482186
 -2.96329493  3.10929977 -1.79332735  3.04557778 -1.36076479 -2.3374958
  3.79865952 -1.20732735 -0.57633245 -3.09494336 -2.50105203  2.98774883
 -1.95898065 -1.67063551 -0.40232828  2.94162629  0.16296526  0.02211496
 -1.61742084 -0.14163451 -1.59525302 -3.09698308  2.89916901  1.15706586
 -0.32461421 -2.33680529  1.01795378 -1.16050276 -0.27891867 -2.14363501
 -1.90222086  1.82135247 -0.99008879  2.58138985 -0.43818981 -3.10732053
 -2.83992148  2.04185581 -3.06785177 -0.24883426 -1.03327151 -0.18351056
  2.37353746  1.71340572 -0.27595532 -1.72360585 -3.04195421  0.10959797
 -0.83124894  1.46716351 -2.52181896  0.94696506 -0.02626475  0.2078346
  1.98982899  0.73482647  0.79277381 -1.21332621  1.5850559   2.55607863
  1.28272343  0.28959884 -0.99348811  2.57288432  0.82759658 -2.23020527
 -0.01481349  1.71498841  1.07206497 -0.65326925 -2.31346368  2.42173471
  2.02592685  1.65008299  2.25337849  1.88443084 -2.15049121 -2.88546588
  0.51684498  1.37317663 -2.40983849 -1.29128327  2.44120823  1.24654513
  0.03564548 -1.75870971 -1.55545346  1.93466192  1.48035279 -0.81745349
 -0.13873436 -0.45998227 -0.16488302  2.37792597 -0.55524624 -0.6545805
  1.0797574  -2.29248878  1.01323912  2.54428189 -0.49376092  2.10287882
 -1.97494037 -0.86778703 -2.42186679 -2.29920108 -1.38226702 -2.92427
  1.58814112  1.84371087  1.65389402  1.00691781  1.41595845 -2.30944048
 -2.7129308   1.75981548  1.0031902  -0.42958246 -2.62348605  1.55860297
 -1.21799301 -2.49247556  0.05989136]
Thu Jun 13 23:49:02 2024,754,0.08319787779177287,[-2.86036063  2.06942772 -1.6018659   0.04757654  0.46984482 -3.25824284
  3.24159059  2.09434587  1.03853061 -1.01313474  0.55998333  1.31948492
  1.29315871 -1.86978654  0.78518067  2.8825949  -0.37983146 -0.43607532
 -1.91609261  0.84805053  1.62814731  2.90699693 -1.40177099 -0.43323815
 -2.18567367 -2.0984853   3.12632914  2.80699992 -0.71420472 -2.62154249
  1.53182564 -0.19943725 -2.42629535  1.8414518   1.12943427 -0.61241944
  1.09710132 -2.01869292 -0.22235575  2.25479389 -0.3308506   0.47710888
  2.42461763  0.57580894  2.63723926  2.90945536  2.81144995 -2.93385906
  0.27455126 -0.39523694  1.72988099  2.99283813 -0.35736935 -2.33663002
  2.72661078 -3.18929852  0.54786861 -0.69393336 -1.74779384  3.09753768
 -1.96992806 -1.66931245 -2.54672976  2.36544238 -2.14341593  1.96801759
  1.73533048  1.46786642  2.53136885  2.87752129  1.99562439  1.48819195
 -1.76170671 -2.39343485  1.15274991  0.57225532  1.58330206 -2.78103919
 -0.10306062  2.505078   -1.180337    1.14201194  1.24514916  0.60911581
 -0.95129842  1.09546722  0.78439279 -0.38805837  2.81065688 -2.13574787
  1.58303943 -0.67254627  0.98779182 -3.20678765 -2.25387009  0.34795363
 -1.06978802 -0.41790777  0.26846901  0.06962242 -1.75322731 -0.21316582
 -0.67184359  2.87260595 -1.14671175 -1.20217924 -1.14424481  1.27642701
  1.62450716 -0.82714895  2.11971149 -1.46277765 -0.24481641 -0.8849776
 -2.96345067  3.10945551 -1.7931716   3.04573352 -1.36060905 -2.33765154
  3.79881526 -1.20717161 -0.57648819 -3.09478761 -2.50120777  2.98759309
 -1.9588249  -1.67079126 -0.40217254  2.94147055  0.16280952  0.02227071
 -1.6172651  -0.14179026 -1.59509727 -3.09682734  2.89901327  1.1572216
 -0.32476996 -2.33664955  1.01810952 -1.16034701 -0.27876293 -2.14347927
 -1.9023766   1.82119673 -0.99024453  2.58123411 -0.43834555 -3.10716478
 -2.84007723  2.04170007 -3.06769603 -0.24899    -1.03311577 -0.18366631
  2.37338172  1.71356146 -0.27611106 -1.72345011 -3.04210995  0.10975371
 -0.83140468  1.46731925 -2.52197471  0.94712081 -0.02610901  0.20799035
  1.98998473  0.73467073  0.79292956 -1.21348196  1.58490016  2.55623437
  1.28256769  0.28975458 -0.99364385  2.57304006  0.82744083 -2.23036102
 -0.01496923  1.71514415  1.07222071 -0.65311351 -2.31330794  2.42189045
  2.02608259  1.65023874  2.25353423  1.88427509 -2.15064696 -2.88562162
  0.51700072  1.37333237 -2.40999423 -1.29112753  2.44105248  1.24638939
  0.03548974 -1.75855397 -1.55529771  1.93481767  1.48019705 -0.81729775
 -0.1388901  -0.45982653 -0.16472728  2.37808171 -0.5550905  -0.65473624
  1.07991315 -2.29264452  1.01308338  2.54443764 -0.49360517  2.10303457
 -1.97509611 -0.86763129 -2.42202253 -2.29935682 -1.38242277 -2.92442574
  1.58829686  1.84386662  1.65404976  1.00707355  1.41611419 -2.30928473
 -2.71308654  1.75997122  1.00334594 -0.42942672 -2.62333031  1.55844722
 -1.21783727 -2.49231982  0.05973562]
Thu Jun 13 23:49:34 2024,755,0.08319956561508642,[-2.86045999  2.06952708 -1.60176655  0.04767589  0.46974547 -3.25814348
  3.24149124  2.09444522  1.03862996 -1.01303538  0.55988398  1.31938557
  1.29305936 -1.86988589  0.78508132  2.88269426 -0.37993081 -0.43617467
 -1.91599325  0.84795118  1.62804796  2.90689758 -1.40187034 -0.4333375
 -2.18577302 -2.09838595  3.12642849  2.80709927 -0.71430407 -2.62164185
  1.53172629 -0.1993379  -2.426196    1.84155115  1.12933492 -0.6125188
  1.09700197 -2.01859357 -0.22225639  2.25489324 -0.33094996  0.47700953
  2.42451827  0.57570959  2.63713991  2.90955471  2.8113506  -2.93375971
  0.27445191 -0.39533629  1.72978164  2.99293748 -0.35746871 -2.33672937
  2.72651143 -3.18919917  0.54776926 -0.693834   -1.74769448  3.09763703
 -1.97002742 -1.6692131  -2.54663041  2.36554173 -2.14331658  1.96811694
  1.73542983  1.46796577  2.5314682   2.87762064  1.99552504  1.4882913
 -1.76180606 -2.3935342   1.15284926  0.57215597  1.58320271 -2.78093984
 -0.10315997  2.50497865 -1.18023765  1.14211129  1.24504981  0.60901646
 -0.95119907  1.09556658  0.78449214 -0.38795901  2.81075623 -2.13584722
  1.58294008 -0.67244692  0.98769247 -3.20688701 -2.25377073  0.34785428
 -1.06988738 -0.41800712  0.26856836  0.06952306 -1.75332666 -0.21326517
 -0.67194294  2.8725066  -1.1466124  -1.20227859 -1.14414546  1.27652636
  1.62460651 -0.8270496   2.11981084 -1.462877   -0.24471705 -0.88507696
 -2.96355002  3.10935616 -1.79327096  3.04583288 -1.3607084  -2.33755219
  3.79891461 -1.20707225 -0.57638884 -3.09468826 -2.50110842  2.98749374
 -1.95872555 -1.67089061 -0.40227189  2.9415699   0.16271016  0.02217135
 -1.61736445 -0.1416909  -1.59499792 -3.09672799  2.89911262  1.15712225
 -0.3246706  -2.3365502   1.01801017 -1.16044637 -0.27886228 -2.14357862
 -1.90227725  1.82109737 -0.99034389  2.58133346 -0.43844491 -3.10726414
 -2.83997787  2.04179942 -3.06759668 -0.24889065 -1.03301642 -0.18376566
  2.37328236  1.71346211 -0.27621042 -1.72354946 -3.0422093   0.10985306
 -0.83130533  1.4672199  -2.52187535  0.94722016 -0.02600966  0.2080897
  1.98988538  0.73457138  0.79302891 -1.2133826   1.58499951  2.55633372
  1.28246834  0.28965523 -0.9935445   2.57313941  0.82754019 -2.23026166
 -0.01486988  1.7150448   1.07212136 -0.65301415 -2.31340729  2.4219898
  2.02618194  1.65033809  2.25343488  1.88437445 -2.15074631 -2.88552227
  0.51710007  1.37343172 -2.41009358 -1.29102818  2.44095313  1.24629003
  0.03539039 -1.75845461 -1.55519836  1.93491702  1.4802964  -0.8171984
 -0.13898945 -0.45992588 -0.16482663  2.37798236 -0.55499115 -0.65463689
  1.07981379 -2.29274387  1.01318273  2.54453699 -0.49350582  2.10293521
 -1.97499676 -0.86773064 -2.42192318 -2.29945617 -1.38232341 -2.92432639
  1.58819751  1.84376726  1.65395041  1.0069742   1.41621354 -2.30918538
 -2.71298719  1.75987187  1.00324659 -0.42952607 -2.62342966  1.55834787
 -1.21773791 -2.49241917  0.05983497]
Thu Jun 13 23:49:55 2024,756,0.08320157982739004,[-2.86026313  2.06933022 -1.6019634   0.04747904  0.46954862 -3.25834034
  3.24168809  2.09424837  1.03882681 -1.01283853  0.55968713  1.31958242
  1.29286251 -1.87008274  0.78488447  2.88249741 -0.38012766 -0.43597782
 -1.9157964   0.84814803  1.62824481  2.90670072 -1.40167349 -0.43314065
 -2.18596987 -2.0985828   3.12662534  2.80729612 -0.71410722 -2.6218387
  1.53192314 -0.19914104 -2.42639285  1.8413543   1.12953177 -0.61232195
  1.09719882 -2.01879042 -0.22245324  2.2550901  -0.3307531   0.47720638
  2.42432142  0.57590644  2.63733676  2.90935786  2.81154745 -2.93395656
  0.27464876 -0.39553314  1.72997849  2.99274063 -0.35766556 -2.33653252
  2.72631458 -3.18900232  0.54796611 -0.69403085 -1.74789133  3.09744018
 -1.96983057 -1.66901625 -2.54643356  2.36573859 -2.14351343  1.96831379
  1.73523298  1.46776892  2.53127135  2.8778175   1.99532819  1.48809445
 -1.76160921 -2.39373105  1.15265241  0.57195912  1.58339956 -2.78113669
 -0.10335682  2.5051755  -1.1804345   1.14191444  1.24524666  0.6088196
 -0.95139592  1.09576343  0.784689   -0.38815586  2.81055938 -2.13565037
  1.58274323 -0.67225007  0.98749562 -3.20669016 -2.25396759  0.34765743
 -1.06969053 -0.41820397  0.26876521  0.06932621 -1.75352351 -0.21306832
 -0.67174609  2.87270345 -1.14680925 -1.20208174 -1.14394861  1.27672321
  1.62440966 -0.82724645  2.11961399 -1.46268015 -0.24491391 -0.8848801
 -2.96335317  3.10955301 -1.79307411  3.04563602 -1.36090525 -2.33774904
  3.79911146 -1.20726911 -0.57658569 -3.09449141 -2.50130527  2.98729689
 -1.9589224  -1.67069376 -0.40246874  2.94176676  0.16290701  0.02236821
 -1.6171676  -0.14188776 -1.59519477 -3.09692484  2.89891577  1.1573191
 -0.32486746 -2.33674705  1.01820702 -1.16064322 -0.27866543 -2.14377548
 -1.9020804   1.82090052 -0.99054074  2.58153031 -0.43864176 -3.10706728
 -2.84017473  2.04160257 -3.06779353 -0.2486938  -1.03281957 -0.18356881
  2.37308551  1.71365896 -0.27601357 -1.72374631 -3.04201245  0.11004992
 -0.83150218  1.46741675 -2.5220722   0.94741701 -0.02581281  0.20789285
  1.99008223  0.73476823  0.79283206 -1.21357945  1.58480266  2.55613687
  1.28266519  0.28985208 -0.99334765  2.57294256  0.82734333 -2.23006481
 -0.01467303  1.71484795  1.07192451 -0.65321101 -2.31360414  2.42218665
  2.02637879  1.65053494  2.25323803  1.8845713  -2.15094316 -2.88532542
  0.51690322  1.37323487 -2.40989673 -1.29083133  2.44075628  1.24609318
  0.03519354 -1.75825776 -1.55539521  1.93511387  1.48049325 -0.81739525
 -0.13918631 -0.46012273 -0.16502348  2.37817921 -0.5547943  -0.65444004
  1.07961694 -2.29254702  1.01298588  2.54473384 -0.49370267  2.10273836
 -1.97519361 -0.86792749 -2.42172633 -2.29925932 -1.38212656 -2.92412954
  1.58839436  1.84396411  1.65375356  1.00677735  1.41601669 -2.30938223
 -2.71318404  1.75967502  1.00304974 -0.42932922 -2.62362652  1.55854472
 -1.21793476 -2.49222232  0.05963812]
Thu Jun 13 23:50:11 2024,757,0.08320069887070075,[-2.86123441  2.0703015  -1.60293467  0.04650777  0.46857734 -3.25736906
  3.24071681  2.09327709  1.03979809 -1.01186726  0.55871585  1.31861114
  1.29383378 -1.87105402  0.78391319  2.88152613 -0.38109894 -0.43500655
 -1.91676768  0.84717675  1.62921608  2.907672   -1.40070221 -0.43411192
 -2.18499859 -2.09761153  3.12759662  2.80632485 -0.71313595 -2.62280997
  1.53095186 -0.20011232 -2.42736412  1.84232558  1.13050304 -0.61135067
  1.0981701  -2.01781914 -0.22148197  2.25411882 -0.33172438  0.4762351
  2.4252927   0.57493516  2.63830804  2.91032914  2.81251872 -2.93492784
  0.27562004 -0.39456187  1.73094976  2.9937119  -0.35669428 -2.33750379
  2.72728586 -3.18997359  0.54893739 -0.69305958 -1.74692006  3.09841145
 -1.96885929 -1.66998752 -2.54740483  2.36476731 -2.1444847   1.96734252
  1.73620426  1.46679764  2.53030008  2.87878877  1.99629946  1.48712317
 -1.76063793 -2.39275978  1.15362368  0.57098784  1.58437084 -2.78210796
 -0.1043281   2.50420422 -1.18140577  1.14094317  1.24427538  0.60979088
 -0.95236719  1.0967347   0.78371772 -0.38912714  2.80958811 -2.13467909
  1.58177195 -0.67127879  0.98652434 -3.20766143 -2.25299631  0.34668615
 -1.06871925 -0.41723269  0.26973649  0.06835494 -1.75449479 -0.21209705
 -0.67077482  2.87173217 -1.14778052 -1.20305302 -1.14297733  1.27769449
  1.62343839 -0.82821772  2.11864271 -1.46170888 -0.24588518 -0.88390883
 -2.9623819   3.10858174 -1.79404538  3.0466073  -1.35993398 -2.33872031
  3.79814019 -1.20824038 -0.57561442 -3.09352014 -2.500334    2.98826816
 -1.95989368 -1.67166503 -0.40149747  2.94273803  0.16193574  0.02333948
 -1.61813888 -0.14285903 -1.59616605 -3.09789611  2.89988704  1.15634783
 -0.32389618 -2.33577577  1.01917829 -1.16161449 -0.27769415 -2.14474675
 -1.90305167  1.81992925 -0.99151201  2.58250159 -0.43767048 -3.10609601
 -2.841146    2.0406313  -3.06682225 -0.24966507 -1.03379084 -0.18454008
  2.37211424  1.71463024 -0.27504229 -1.72277504 -3.04104117  0.10907864
 -0.83053091  1.46644548 -2.52110093  0.94644574 -0.02678408  0.20692157
  1.9910535   0.7357395   0.79186078 -1.21260818  1.58383138  2.55710814
  1.28169391  0.29082336 -0.99237637  2.57197129  0.82637206 -2.23103609
 -0.01370175  1.71581922  1.07289578 -0.65223973 -2.31457542  2.42315793
  2.02735007  1.64956367  2.2542093   1.88360002 -2.15191444 -2.88435414
  0.51593195  1.3722636  -2.41086801 -1.28986005  2.44172755  1.24706446
  0.03616481 -1.75922904 -1.55442394  1.9341426   1.48146452 -0.81836652
 -0.13821503 -0.45915146 -0.1640522   2.37915048 -0.55576557 -0.65346877
  1.08058822 -2.29157575  1.01395715  2.54376257 -0.49467395  2.10370964
 -1.97422233 -0.86695622 -2.42075505 -2.29828805 -1.38115529 -2.92510082
  1.58742308  1.84299284  1.65278228  1.00774862  1.41698797 -2.30841096
 -2.71221276  1.76064629  1.00402101 -0.42835795 -2.62459779  1.559516
 -1.21890604 -2.49319359  0.05866685]
Thu Jun 13 23:50:28 2024,758,0.083054060433029,[-2.85978132  2.06884842 -1.60148159  0.04505468  0.47003043 -3.25591598
  3.2421699   2.09182401  1.038345   -1.01332034  0.55726277  1.32006423
  1.29528686 -1.86960093  0.78536628  2.88007305 -0.38255202 -0.43645963
 -1.91531459  0.84862984  1.63066917  2.90912508 -1.4021553  -0.43265884
 -2.18645168 -2.09615844  3.12614353  2.80777793 -0.71458903 -2.62135689
  1.53240495 -0.2015654  -2.42881721  1.84087249  1.12904996 -0.61280376
  1.09962318 -2.01927223 -0.22293505  2.2555719  -0.33317746  0.47478202
  2.42383961  0.57348208  2.63976112  2.90887605  2.81397181 -2.93638092
  0.27707312 -0.39601495  1.72949668  2.99516499 -0.35814737 -2.33895688
  2.72873894 -3.18852051  0.5474843  -0.6916065  -1.74546697  3.09695837
 -1.96740621 -1.67144061 -2.54885792  2.36331423 -2.14593779  1.96588943
  1.73475117  1.46825073  2.52884699  2.88024185  1.99775254  1.48567009
 -1.76209102 -2.3913067   1.15507677  0.56953476  1.58582392 -2.78065488
 -0.10578118  2.50565731 -1.18285886  1.13949008  1.24572847  0.6083378
 -0.95382028  1.09528162  0.7851708  -0.38767405  2.81104119 -2.13613218
  1.58031887 -0.66982571  0.98797743 -3.20911452 -2.25154323  0.34523307
 -1.07017233 -0.41868578  0.27118957  0.06980802 -1.7530417  -0.21064396
 -0.6722279   2.87027909 -1.14923361 -1.2045061  -1.14152425  1.27914757
  1.62489147 -0.82967081  2.1200958  -1.46025579 -0.24733827 -0.88536191
 -2.96092881  3.11003482 -1.79549847  3.04515422 -1.35848089 -2.33726723
  3.79959327 -1.2067873  -0.5770675  -3.09497322 -2.50178708  2.98972124
 -1.95844059 -1.67311812 -0.40004438  2.94419111  0.16048266  0.0218864
 -1.61668579 -0.14431211 -1.59761913 -3.09644303  2.89843396  1.15489474
 -0.32534926 -2.33432269  1.01772521 -1.16306758 -0.27624107 -2.14619983
 -1.90159859  1.82138233 -0.99005893  2.58104851 -0.43912357 -3.10464293
 -2.83969292  2.04208438 -3.06827534 -0.24821199 -1.03233776 -0.18599317
  2.37356732  1.71608332 -0.27358921 -1.72422812 -3.04249426  0.10762556
 -0.82907782  1.46499239 -2.52255401  0.94789882 -0.025331    0.20546849
  1.99250659  0.73428642  0.7904077  -1.2111551   1.58528447  2.55856123
  1.28024083  0.29227644 -0.99092329  2.5705182   0.82782514 -2.229583
 -0.01515484  1.7172723   1.07434887 -0.65078665 -2.31312233  2.42461101
  2.02589698  1.65101675  2.25566239  1.88505311 -2.15336752 -2.88580722
  0.51447886  1.37081051 -2.41232109 -1.29131314  2.44027447  1.24851754
  0.03761789 -1.75777595 -1.55587702  1.93559568  1.48001144 -0.81981961
 -0.13966811 -0.46060454 -0.16550529  2.38060357 -0.55721866 -0.65492185
  1.07913513 -2.29012266  1.01250407  2.54521565 -0.49612703  2.10225655
 -1.97567542 -0.86550313 -2.42220814 -2.29683496 -1.3797022  -2.92364773
  1.58887617  1.84444592  1.65423537  1.00920171  1.41844105 -2.30986404
 -2.71075968  1.76209938  1.0054741  -0.42690486 -2.62605087  1.56096908
 -1.22035912 -2.49464668  0.05721376]
Thu Jun 13 23:50:47 2024,759,0.08303292154454803,[-2.85914259  2.06948715 -1.60212032  0.04441595  0.46939169 -3.25527724
  3.24280863  2.09118528  1.03898374 -1.01268161  0.55662403  1.31942549
  1.2959256  -1.87023967  0.78600501  2.88071178 -0.38191329 -0.43709837
 -1.91595333  0.84926857  1.6313079   2.90848635 -1.40279403 -0.43329757
 -2.18581294 -2.09551971  3.1255048   2.80841667 -0.7139503  -2.62199562
  1.53304368 -0.20220414 -2.42817847  1.84151123  1.12841122 -0.61344249
  1.09898445 -2.01863349 -0.22357379  2.25621064 -0.3338162   0.47414328
  2.42447835  0.57412081  2.64039985  2.90823732  2.81461054 -2.93701966
  0.27643439 -0.39537622  1.72885794  2.99452625 -0.35750863 -2.33831814
  2.72810021 -3.18788177  0.54684557 -0.69224523 -1.74610571  3.0975971
 -1.96676747 -1.67207934 -2.54949665  2.36395296 -2.14657652  1.9652507
  1.73538991  1.46761199  2.52820826  2.87960312  1.99839128  1.48503136
 -1.76272975 -2.39194543  1.15443803  0.57017349  1.58518519 -2.78129361
 -0.10641991  2.50629604 -1.18222012  1.13885135  1.24508973  0.60769906
 -0.95445901  1.09592035  0.78580954 -0.38703532  2.81167993 -2.13549344
  1.5809576  -0.66918698  0.98861616 -3.20847578 -2.25218196  0.3458718
 -1.07081107 -0.41804704  0.27055084  0.07044676 -1.75368044 -0.21000523
 -0.67158917  2.86964035 -1.14987234 -1.20514484 -1.14216298  1.27850884
  1.6255302  -0.83030954  2.11945706 -1.45961706 -0.24669953 -0.88600065
 -2.96156755  3.10939609 -1.7961372   3.04579295 -1.35911963 -2.3366285
  3.80023201 -1.20614856 -0.57642877 -3.09561195 -2.50242581  2.99035998
 -1.95780186 -1.67375685 -0.39940565  2.94482985  0.16112139  0.02252513
 -1.61604706 -0.14367338 -1.59825787 -3.0958043   2.89907269  1.15425601
 -0.325988   -2.33496142  1.01708647 -1.16242884 -0.2768798  -2.14683857
 -1.90095986  1.82202107 -0.98942019  2.58040977 -0.43848483 -3.10528166
 -2.84033165  2.04272312 -3.06891407 -0.24757326 -1.03297649 -0.18535443
  2.37420606  1.71672206 -0.27295047 -1.72486686 -3.04185552  0.10698682
 -0.82843909  1.46563113 -2.52319275  0.94853755 -0.02596973  0.20610722
  1.99186785  0.73492515  0.78976896 -1.21179383  1.5859232   2.55919996
  1.28087956  0.29163771 -0.99028456  2.56987947  0.82846388 -2.22894427
 -0.01579357  1.71663357  1.07371013 -0.65014791 -2.31376107  2.42397228
  2.02525825  1.65037802  2.25630112  1.88441437 -2.15272879 -2.88516849
  0.5151176   1.37017178 -2.41295983 -1.29195187  2.4409132   1.24915628
  0.03825663 -1.75841469 -1.55651576  1.93495695  1.47937271 -0.82045834
 -0.13902938 -0.45996581 -0.16614402  2.37996483 -0.55785739 -0.65428312
  1.07977387 -2.2907614   1.01186533  2.54585438 -0.49676577  2.10289529
 -1.97631415 -0.8648644  -2.42284687 -2.2974737  -1.38034094 -2.92428647
  1.58823743  1.84380719  1.65359663  1.00984044  1.41780232 -2.30922531
 -2.71012095  1.76146064  1.00483536 -0.4275436  -2.62541214  1.56033035
 -1.22099786 -2.49528541  0.0578525 ]
Thu Jun 13 23:51:15 2024,760,0.08305480560581603,[-2.85974042  2.07008498 -1.6015225   0.04501377  0.46879387 -3.25587507
  3.24221081  2.09058745  1.03838591 -1.01208378  0.55602621  1.32002332
  1.29652343 -1.86964184  0.78540718  2.88130961 -0.38251111 -0.43769619
 -1.91655116  0.84867074  1.63190573  2.90788852 -1.4021962  -0.43269975
 -2.18641077 -2.09492188  3.12490697  2.80781884 -0.71335247 -2.62259345
  1.53364151 -0.20280197 -2.42758065  1.84210905  1.12900905 -0.61284466
  1.09838662 -2.01803566 -0.22417162  2.25680847 -0.33441403  0.47474111
  2.42388052  0.57352299  2.64099768  2.90763949  2.81401272 -2.93642183
  0.27703222 -0.39477839  1.72826012  2.99392843 -0.35810646 -2.33891597
  2.72750238 -3.1884796   0.54624774 -0.6916474  -1.74670354  3.09819493
 -1.96616964 -1.67148152 -2.54889882  2.36335513 -2.14597869  1.96465287
  1.73479208  1.46701416  2.52761043  2.88020095  1.99779345  1.48443353
 -1.76332758 -2.3913476   1.15503586  0.57077132  1.58458736 -2.78189144
 -0.10701774  2.50569821 -1.1816223   1.13825352  1.24568756  0.60710123
 -0.95505684  1.09532252  0.78521171 -0.38643749  2.8110821  -2.13609127
  1.58155543 -0.66858915  0.98801833 -3.20787795 -2.25277979  0.34646963
 -1.0714089  -0.41744922  0.27114867  0.07104458 -1.75308261 -0.2094074
 -0.67218699  2.86904253 -1.15047017 -1.20454701 -1.14156516  1.27910667
  1.62493238 -0.82971171  2.11885924 -1.45901923 -0.24729736 -0.88659848
 -2.96216537  3.10999391 -1.79553937  3.04519512 -1.3585218  -2.33722632
  3.79963418 -1.20555073 -0.57583094 -3.09501413 -2.50182799  2.99095781
 -1.95720403 -1.67315902 -0.40000348  2.94423202  0.16171922  0.02312296
 -1.61544923 -0.14427121 -1.59885569 -3.09640212  2.89967052  1.15485384
 -0.32658583 -2.33555925  1.01648865 -1.16302667 -0.27628197 -2.1474364
 -1.90155768  1.8226189  -0.99001802  2.57981194 -0.43908266 -3.10587949
 -2.84092948  2.04332094 -3.06831624 -0.24817108 -1.03237867 -0.18595226
  2.37480388  1.71731988 -0.2735483  -1.72426903 -3.04245335  0.10638899
 -0.82903692  1.4650333  -2.52379057  0.94793973 -0.02656756  0.20550939
  1.99127003  0.73552298  0.78917114 -1.21239166  1.58652103  2.55860214
  1.28147739  0.29223553 -0.98968673  2.56928164  0.82786605 -2.2295421
 -0.01519575  1.71603574  1.07311231 -0.65074574 -2.31316324  2.42457011
  2.02585608  1.65097584  2.2557033   1.8850122  -2.15213096 -2.88457066
  0.51571543  1.37076961 -2.41355765 -1.29135404  2.44031538  1.24855845
  0.03885446 -1.75901252 -1.55591793  1.93435912  1.47877488 -0.81986051
 -0.13962721 -0.46056364 -0.16674185  2.37936701 -0.55725956 -0.65368529
  1.07917604 -2.29135923  1.01246316  2.54645221 -0.49616794  2.10349311
 -1.97571632 -0.86546223 -2.4234447  -2.29687587 -1.37974311 -2.92488429
  1.58763961  1.84440502  1.65419446  1.01043827  1.41840014 -2.30982314
 -2.71071877  1.76205847  1.00423754 -0.42694577 -2.62481431  1.56092818
 -1.22040003 -2.49588324  0.05845033]
Thu Jun 13 23:51:32 2024,761,0.0830358599166095,[-2.8602476   2.0695778  -1.60202968  0.0445066   0.46930105 -3.25638225
  3.24271798  2.09008027  1.03889309 -1.0115766   0.55551903  1.31951614
  1.2970306  -1.87014902  0.78490001  2.88181679 -0.38301829 -0.43718901
 -1.91604398  0.84917792  1.63241291  2.90738134 -1.40270338 -0.43320693
 -2.18590359 -2.09542906  3.12541415  2.80832602 -0.71284529 -2.62208627
  1.53313433 -0.20330914 -2.42707347  1.84261623  1.12850187 -0.61335184
  1.09787944 -2.01752849 -0.22467879  2.25630129 -0.33390685  0.47423393
  2.42337334  0.57301581  2.64150486  2.90814667  2.81451989 -2.93591465
  0.27652504 -0.39427121  1.7287673   2.99342125 -0.35861364 -2.33840879
  2.72800956 -3.18797242  0.54675492 -0.69114022 -1.74721072  3.09768775
 -1.96667682 -1.67097434 -2.549406    2.36284795 -2.14648587  1.96414569
  1.7342849   1.46650699  2.52710325  2.88070813  1.99830063  1.48494071
 -1.7628204  -2.39185478  1.15452868  0.57026414  1.58408018 -2.78239862
 -0.10651056  2.50519103 -1.18212948  1.1387607   1.24518038  0.60659405
 -0.95556402  1.09481535  0.78470453 -0.38593031  2.81057492 -2.13659845
  1.58206261 -0.66909633  0.98751115 -3.20737077 -2.25227261  0.34596245
 -1.07090172 -0.4179564   0.27165585  0.0705374  -1.75257543 -0.20890022
 -0.67167981  2.8695497  -1.15097735 -1.20505419 -1.14105798  1.27859949
  1.6244252  -0.83021889  2.11835206 -1.45952641 -0.24780454 -0.8860913
 -2.96267255  3.11050109 -1.79503219  3.0457023  -1.35801462 -2.3377335
  3.80014136 -1.20605791 -0.57532376 -3.09552131 -2.50132081  2.99045063
 -1.95669685 -1.6736662  -0.40051065  2.94372484  0.1622264   0.02261578
 -1.61595641 -0.14376403 -1.59936287 -3.0969093   2.9001777   1.15536102
 -0.32709301 -2.33606643  1.01699583 -1.16353385 -0.27678915 -2.14794357
 -1.90206486  1.82211172 -0.98951084  2.58031912 -0.43958984 -3.10638667
 -2.8404223   2.04382812 -3.06882342 -0.24867826 -1.03288584 -0.18544508
  2.37531106  1.7168127  -0.27405548 -1.72477621 -3.04296053  0.10588182
 -0.82852974  1.46554048 -2.5232834   0.94743255 -0.02707474  0.20500222
  1.99076285  0.7350158   0.78967832 -1.21188448  1.58601385  2.55910931
  1.28198457  0.29274271 -0.98917955  2.56877446  0.82837323 -2.22903492
 -0.01468857  1.71654292  1.07361948 -0.65125292 -2.31265606  2.42507729
  2.02636325  1.65046866  2.25519612  1.88551938 -2.15263814 -2.88507784
  0.51520825  1.37026243 -2.41406483 -1.29084686  2.4398082   1.24906563
  0.03834728 -1.75850534 -1.55541075  1.93385194  1.4782677  -0.81935334
 -0.13912003 -0.46107082 -0.16623467  2.37885983 -0.55776674 -0.65317811
  1.07866886 -2.29085205  1.01297034  2.54594503 -0.49667512  2.10400029
 -1.9762235  -0.86495505 -2.42293752 -2.29636869 -1.37923593 -2.92437711
  1.58713243  1.8449122   1.65368728  1.00993109  1.41890732 -2.30931596
 -2.71122595  1.76256565  1.00474472 -0.42745295 -2.62532149  1.560421
 -1.22090721 -2.49639042  0.05794315]
Thu Jun 13 23:51:51 2024,762,0.0829489837611604,[-2.85915239  2.06848259 -1.60312488  0.04341139  0.47039625 -3.25747745
  3.24162278  2.08898506  1.03779788 -1.0104814   0.55442382  1.31842094
  1.29812581 -1.87124422  0.78599521  2.88291199 -0.3841135  -0.43609381
 -1.91494877  0.84808272  1.63350811  2.90847655 -1.40160818 -0.43430213
 -2.1869988  -2.09433386  3.12431895  2.80942122 -0.71175009 -2.62318148
  1.53422953 -0.20440435 -2.42597826  1.84152103  1.12959708 -0.61444704
  1.09897464 -2.01643328 -0.225774    2.25739649 -0.33281164  0.47313873
  2.42446855  0.57411101  2.64040966  2.90924187  2.8156151  -2.93700985
  0.27542983 -0.39317601  1.7298625   2.99451645 -0.35751843 -2.339504
  2.72910476 -3.18906763  0.54785012 -0.69004502 -1.74611551  3.09659255
 -1.96558162 -1.67206954 -2.5483108   2.36175275 -2.14758108  1.9652409
  1.7331897   1.46760219  2.52600805  2.88180333  1.99720543  1.4838455
 -1.7617252  -2.39075958  1.15343348  0.56916894  1.58517538 -2.78130342
 -0.10541536  2.50409583 -1.18103427  1.1376655   1.24408518  0.60549885
 -0.95665922  1.09591055  0.78579974 -0.38483511  2.80947972 -2.13769365
  1.58315781 -0.66800112  0.98860636 -3.20846598 -2.25117741  0.34486725
 -1.06980651 -0.41686119  0.27056064  0.0694422  -1.75148023 -0.20780502
 -0.67277502  2.87064491 -1.14988215 -1.20395898 -1.13996277  1.27969469
  1.62332999 -0.8313141   2.11725685 -1.46062161 -0.24670933 -0.8871865
 -2.96376776  3.10940589 -1.79393699  3.0446071  -1.35691942 -2.33882871
  3.80123656 -1.20715312 -0.57641896 -3.09661651 -2.50241601  2.99154583
 -1.95779205 -1.672571   -0.39941545  2.94262964  0.16113119  0.02371098
 -1.61705161 -0.14266883 -1.59826767 -3.0958141   2.8990825   1.15426581
 -0.32818821 -2.33497123  1.01809103 -1.16462905 -0.27788436 -2.14684837
 -1.90316007  1.82320692 -0.98841564  2.58141433 -0.44068504 -3.10529146
 -2.8415175   2.04273292 -3.06772822 -0.24758306 -1.03179064 -0.18654028
  2.37640627  1.7157175  -0.27515068 -1.72587141 -3.04405573  0.10478661
 -0.82962494  1.46444527 -2.52218819  0.94633734 -0.02816994  0.20390701
  1.99185805  0.73611101  0.78858311 -1.21297968  1.58491865  2.56020452
  1.28088937  0.29164751 -0.99027475  2.56986967  0.82946843 -2.22793971
 -0.01359336  1.71544772  1.07471469 -0.65234812 -2.31156086  2.42617249
  2.02745846  1.64937346  2.25410091  1.88661458 -2.15373334 -2.88398264
  0.51630345  1.36916722 -2.41296963 -1.29194207  2.43871299  1.25016083
  0.03725207 -1.75741013 -1.55431555  1.93275674  1.4771725  -0.82044854
 -0.13802483 -0.45997561 -0.16513947  2.37776462 -0.55886195 -0.6520829
  1.07976406 -2.28975684  1.01406555  2.54484983 -0.49557991  2.10290509
 -1.97731871 -0.86385984 -2.42403273 -2.29527349 -1.37814073 -2.92328191
  1.58822763  1.8460074   1.65259208  1.00883588  1.42000253 -2.31041116
 -2.71232116  1.76366085  1.00583992 -0.42635774 -2.6264167   1.55932579
 -1.22200241 -2.49748562  0.05903835]
Thu Jun 13 23:52:08 2024,763,0.08294015692306675,[-2.85947063  2.06816436 -1.60280664  0.04372963  0.47007801 -3.25779569
  3.24130454  2.08866683  1.03811612 -1.01079964  0.55474206  1.3181027
  1.29844405 -1.87156246  0.78567697  2.88259375 -0.38443173 -0.43577557
 -1.91463054  0.84776448  1.63318987  2.90815831 -1.40192641 -0.43462037
 -2.18668056 -2.09401562  3.12400071  2.80910298 -0.71143185 -2.62349971
  1.53454777 -0.20472259 -2.42566003  1.84120279  1.12927884 -0.61476528
  1.09929288 -2.01611504 -0.22545576  2.25707825 -0.33249341  0.47345697
  2.42415031  0.57442925  2.6407279   2.90956011  2.81529686 -2.93669162
  0.2751116  -0.39349425  1.73018074  2.99483469 -0.35783667 -2.33982223
  2.729423   -3.18874939  0.54816836 -0.68972678 -1.74579727  3.09627431
 -1.96589986 -1.6717513  -2.54862903  2.36143451 -2.14789931  1.96492266
  1.73350794  1.46792043  2.52632628  2.88212157  1.99752366  1.48352727
 -1.76140696 -2.39107781  1.15311524  0.56948718  1.58549362 -2.78098518
 -0.1057336   2.50377759 -1.18071603  1.13798373  1.24376694  0.60581709
 -0.95697746  1.09622879  0.7854815  -0.38451687  2.80979795 -2.13737542
  1.58283957 -0.66768289  0.98828812 -3.20814774 -2.25085917  0.34454901
 -1.07012475 -0.41654296  0.2702424   0.06912396 -1.75179846 -0.20748678
 -0.67309326  2.87096315 -1.14956391 -1.20364075 -1.14028101  1.27937645
  1.62364823 -0.83099586  2.11757509 -1.46030338 -0.24702757 -0.88686826
 -2.96344952  3.10972413 -1.79361875  3.04428886 -1.35660118 -2.33851047
  3.8015548  -1.20747135 -0.5767372  -3.09693475 -2.50273425  2.99122759
 -1.95811029 -1.67288924 -0.39909721  2.94294788  0.16144943  0.02339275
 -1.61673338 -0.14298706 -1.59858591 -3.09613234  2.89940073  1.15458405
 -0.32786997 -2.33528946  1.01777279 -1.16494729 -0.27820259 -2.14653013
 -1.9034783   1.82288868 -0.98873388  2.58173256 -0.44100328 -3.10497323
 -2.84119927  2.04241468 -3.06740998 -0.24726482 -1.03210888 -0.18685852
  2.37608803  1.71603574 -0.27483245 -1.72555318 -3.04437397  0.10446837
 -0.82994318  1.46412704 -2.52186996  0.94665558 -0.02848818  0.20422525
  1.99217629  0.73579277  0.78826488 -1.21266144  1.58460041  2.55988628
  1.28057113  0.29196575 -0.98995652  2.56955143  0.82978667 -2.22825795
 -0.0139116   1.71512948  1.07503293 -0.65266636 -2.31124262  2.42585425
  2.02714022  1.64905522  2.25378268  1.88693282 -2.1534151  -2.8836644
  0.51662169  1.36884899 -2.41328787 -1.29226031  2.43903123  1.24984259
  0.03757031 -1.7570919  -1.55399731  1.9324385   1.47749073 -0.82076678
 -0.13834306 -0.46029385 -0.16482123  2.37744639 -0.55854371 -0.65176467
  1.0800823  -2.28943861  1.01374731  2.54453159 -0.49526168  2.10258685
 -1.97763694 -0.86417808 -2.42435096 -2.29559172 -1.37782249 -2.92360015
  1.58854587  1.84568916  1.65227384  1.00915412  1.42032076 -2.3107294
 -2.71263939  1.76397909  1.00615816 -0.42603951 -2.62609846  1.55964403
 -1.22168418 -2.49780386  0.05935659]
Thu Jun 13 23:52:24 2024,764,0.0827944272818351,[-2.86068661  2.06694838 -1.60402262  0.04251365  0.46886204 -3.25901167
  3.24008857  2.08745085  1.0393321  -1.01201561  0.55352609  1.31931868
  1.29722807 -1.87034648  0.78689295  2.88380973 -0.38321576 -0.4345596
 -1.91584651  0.84654851  1.63440585  2.90937428 -1.40071044 -0.43583634
 -2.18789653 -2.09523159  3.12278473  2.80788701 -0.71021587 -2.62228374
  1.53576375 -0.20350661 -2.426876    1.83998682  1.13049481 -0.61598126
  1.0980769  -2.01489907 -0.22667174  2.25586228 -0.33370938  0.47224099
  2.42293433  0.57564522  2.63951192  2.90834414  2.81651284 -2.93547564
  0.27632757 -0.39227827  1.72896476  2.99361871 -0.3566207  -2.33860626
  2.73063897 -3.18996536  0.54938434 -0.68851081 -1.74701325  3.09505834
 -1.96711583 -1.67296728 -2.54984501  2.36265049 -2.14668334  1.96613864
  1.73229196  1.46670445  2.52754226  2.88333754  1.99873964  1.48474324
 -1.76262294 -2.38986184  1.15433121  0.5682712   1.58427765 -2.7797692
 -0.10694957  2.50499357 -1.17950006  1.13919971  1.24498292  0.60703306
 -0.95576148  1.09501281  0.78669747 -0.3833009   2.80858198 -2.13615944
  1.5816236  -0.66646691  0.9895041  -3.20936372 -2.24964319  0.34333304
 -1.07134073 -0.41532698  0.26902643  0.07033994 -1.75058249 -0.20627081
 -0.67187728  2.86974717 -1.15077988 -1.20485672 -1.13906504  1.27816048
  1.62486421 -0.82977988  2.11879107 -1.4590874  -0.2458116  -0.88808424
 -2.96223355  3.1109401  -1.79240278  3.04550484 -1.35781715 -2.33729449
  3.80277077 -1.20868733 -0.57552123 -3.09815072 -2.50395022  2.99244357
 -1.95689432 -1.67410521 -0.39788124  2.9417319   0.16023345  0.02217677
 -1.61794935 -0.14177109 -1.59980188 -3.09734831  2.90061671  1.15336808
 -0.32908595 -2.33407349  1.01898877 -1.16616326 -0.27698662 -2.14774611
 -1.90226233  1.82410466 -0.9875179   2.58051659 -0.44221926 -3.1061892
 -2.83998329  2.04119871 -3.06862596 -0.24604885 -1.0308929  -0.1880745
  2.37487205  1.71481976 -0.27604842 -1.72676915 -3.043158    0.10568435
 -0.83115915  1.46291106 -2.52308593  0.94787156 -0.0272722   0.20544122
  1.99339226  0.73457679  0.78948085 -1.21144547  1.58581638  2.56110226
  1.27935516  0.29318172 -0.98874054  2.57076741  0.82857069 -2.22947393
 -0.01269562  1.71391351  1.07381695 -0.65145038 -2.31002664  2.42707023
  2.0283562   1.64783925  2.2525667   1.88814879 -2.15463108 -2.88244843
  0.51540571  1.36763301 -2.41207189 -1.29104433  2.43781526  1.24862662
  0.03878629 -1.75830787 -1.55278133  1.93122252  1.47627476 -0.8195508
 -0.13712709 -0.46150982 -0.1660372   2.37866236 -0.55975968 -0.65298064
  1.08129828 -2.29065458  1.01253133  2.54574757 -0.49647765  2.10137088
 -1.97885292 -0.86539406 -2.42313499 -2.2968077  -1.37660651 -2.92238417
  1.58976184  1.84447319  1.65105786  1.0103701   1.41910479 -2.30951342
 -2.71142342  1.76519507  1.00494218 -0.42482353 -2.62488248  1.55842805
 -1.2204682  -2.49658788  0.05814061]
Thu Jun 13 23:52:42 2024,765,0.08279416764318719,[-2.86067161  2.06693338 -1.60400762  0.04249866  0.46884704 -3.25899667
  3.24010357  2.08746585  1.03934709 -1.01203061  0.55351109  1.31930368
  1.29721307 -1.87033149  0.78687795  2.88379473 -0.38323076 -0.4345446
 -1.91583151  0.8465635   1.63442085  2.90935929 -1.40072544 -0.43585134
 -2.18788154 -2.09521659  3.12279973  2.80787201 -0.71023087 -2.62226874
  1.53574875 -0.20352161 -2.426891    1.84000182  1.13050981 -0.61596626
  1.09806191 -2.01491407 -0.22665674  2.25587728 -0.33372438  0.47222599
  2.42294933  0.57566022  2.63949692  2.90835913  2.81652783 -2.93546064
  0.27634257 -0.39226327  1.72894976  2.99363371 -0.3566057  -2.33859126
  2.73065397 -3.18995036  0.54936934 -0.68849581 -1.74702825  3.09507333
 -1.96710083 -1.67298228 -2.54986001  2.36263549 -2.14669834  1.96612364
  1.73230696  1.46671945  2.52755726  2.88335254  1.99875464  1.48475824
 -1.76260794 -2.38987684  1.15431622  0.5682562   1.58426265 -2.7797842
 -0.10696457  2.50500857 -1.17948506  1.13918471  1.24496792  0.60701806
 -0.95577648  1.09499781  0.78671247 -0.3832859   2.80856698 -2.13617444
  1.5816386  -0.66648191  0.9894891  -3.20937871 -2.2496282   0.34334804
 -1.07132573 -0.41531198  0.26904143  0.07035494 -1.75056749 -0.2062858
 -0.67186228  2.86976217 -1.15076489 -1.20484172 -1.13905004  1.27814548
  1.6248792  -0.82976489  2.11877607 -1.4591024  -0.2457966  -0.88806924
 -2.96221855  3.1109551  -1.79238778  3.04551983 -1.35780216 -2.33730949
  3.80278577 -1.20867233 -0.57550623 -3.09813572 -2.50393523  2.99242857
 -1.95690931 -1.67412021 -0.39789624  2.9417169   0.16024845  0.02216177
 -1.61796435 -0.14175609 -1.59978688 -3.09736331  2.90063171  1.15335308
 -0.32907095 -2.33405849  1.01900377 -1.16614827 -0.27700162 -2.14773111
 -1.90224733  1.82411966 -0.9875029   2.58050159 -0.44220426 -3.1061742
 -2.83996829  2.04121371 -3.06861096 -0.24606384 -1.0308779  -0.1880595
  2.37485706  1.71480476 -0.27603342 -1.72678415 -3.043143    0.10569935
 -0.83117415  1.46292606 -2.52307093  0.94788655 -0.02725721  0.20545622
  1.99340726  0.73459179  0.78949585 -1.21143047  1.58580139  2.56108726
  1.27934016  0.29319672 -0.98875554  2.57075241  0.82858569 -2.22945893
 -0.01268063  1.71389851  1.07380195 -0.65143539 -2.31004164  2.42705523
  2.02837119  1.64782425  2.2525817   1.88816379 -2.15464608 -2.88243343
  0.51539071  1.36761801 -2.41208689 -1.29102933  2.43780026  1.24861162
  0.03880128 -1.75829287 -1.55276634  1.93120753  1.47625976 -0.8195658
 -0.13714209 -0.46149483 -0.1660522   2.37864736 -0.55977468 -0.65296564
  1.08131327 -2.29066958  1.01251633  2.54573257 -0.49649265  2.10135588
 -1.97886792 -0.86537906 -2.42314999 -2.2968227  -1.37659152 -2.92236917
  1.58974684  1.84445819  1.65107286  1.0103551   1.41908979 -2.30949842
 -2.71140842  1.76518007  1.00492718 -0.42480853 -2.62489748  1.55844305
 -1.2204832  -2.49657289  0.05812561]
Thu Jun 13 23:53:20 2024,766,0.08272238030907887,[-2.86201091  2.06827269 -1.60534692  0.04115935  0.46750773 -3.26033597
  3.23876426  2.08612655  1.0406864  -1.01336991  0.55485039  1.32064298
  1.29855238 -1.86899218  0.78553865  2.88513403 -0.38189145 -0.4358839
 -1.91717082  0.8452242   1.63576015  2.91069859 -1.40206474 -0.43451204
 -2.18654223 -2.09387729  3.12146043  2.80921132 -0.70889157 -2.62092944
  1.53440944 -0.20486091 -2.4282303   1.84134112  1.13184912 -0.61730556
  1.09940121 -2.01357476 -0.22531743  2.25721658 -0.33506368  0.47088669
  2.42428864  0.57699952  2.63815762  2.90969844  2.81786714 -2.93679995
  0.27768187 -0.39360258  1.73028907  2.99229441 -0.35526639 -2.33725196
  2.72931467 -3.18861106  0.54803003 -0.68983511 -1.74568894  3.09373403
 -1.96576153 -1.67164297 -2.55119931  2.36129619 -2.14535903  1.96746294
  1.73096765  1.46538015  2.52621795  2.88201324  2.00009394  1.48609754
 -1.76126863 -2.38853753  1.15297691  0.56959551  1.58560195 -2.78112351
 -0.10830387  2.50366926 -1.17814576  1.13784541  1.24362861  0.60567876
 -0.95443718  1.09633712  0.78805178 -0.3846252   2.80990628 -2.13483514
  1.58029929 -0.66514261  0.9908284  -3.20803941 -2.24828889  0.34468734
 -1.07266503 -0.41397268  0.26770212  0.07169424 -1.74922819 -0.20762511
 -0.67052298  2.87110147 -1.15210419 -1.20350242 -1.13771073  1.27680618
  1.6235399  -0.82842558  2.11743676 -1.4604417  -0.24445729 -0.88672994
 -2.96355785  3.1096158  -1.79372708  3.04685914 -1.35646285 -2.3386488
  3.80412508 -1.20733303 -0.57416692 -3.09947503 -2.50259592  2.99108927
 -1.95824862 -1.67545951 -0.39923554  2.9403776   0.15890915  0.02350108
 -1.61662505 -0.14309539 -1.60112619 -3.09870261  2.90197101  1.15469238
 -0.33041025 -2.33271919  1.02034307 -1.16480896 -0.27566231 -2.14907041
 -1.90090803  1.82278035 -0.9861636   2.57916229 -0.44354356 -3.10751351
 -2.8413076   2.04255301 -3.06727165 -0.24472454 -1.0295386  -0.1893988
  2.37351775  1.71614407 -0.27737273 -1.72812345 -3.0444823   0.10703865
 -0.83251346  1.46426536 -2.52441024  0.94922586 -0.02859651  0.20411692
  1.99474657  0.73325249  0.78815654 -1.21276978  1.58714069  2.55974795
  1.28067946  0.29453602 -0.98741624  2.5694131   0.82724639 -2.22811962
 -0.01401993  1.7125592   1.07514126 -0.65277469 -2.30870234  2.42839453
  2.0297105   1.64648495  2.2512424   1.8895031  -2.15598538 -2.88109412
  0.51673002  1.36627871 -2.41342619 -1.29236864  2.43646095  1.24995092
  0.04014059 -1.75695357 -1.55410564  1.93254683  1.47492046 -0.8209051
 -0.13848139 -0.46283413 -0.1647129   2.37730806 -0.56111399 -0.65430495
  1.08265258 -2.28933027  1.01385564  2.54439326 -0.49515335  2.10001658
 -1.98020722 -0.86671836 -2.42448929 -2.29548339 -1.37793082 -2.92102987
  1.59108615  1.84579749  1.65241217  1.00901579  1.41775049 -2.30815912
 -2.71006912  1.76651937  1.00626649 -0.42614784 -2.62623679  1.55978236
 -1.2218225  -2.49791219  0.05946492]
Thu Jun 13 23:53:36 2024,767,0.08272007981050586,[-2.86231252  2.0685743  -1.60564853  0.04085774  0.46720613 -3.26063758
  3.23846265  2.08582494  1.04038479 -1.01367152  0.555152    1.32094459
  1.29825077 -1.86869057  0.78584025  2.88483242 -0.38158984 -0.43618551
 -1.91686921  0.84492259  1.63606176  2.9110002  -1.40176313 -0.43421043
 -2.18624062 -2.09357568  3.12115882  2.80890971 -0.70919318 -2.62062783
  1.53471105 -0.20516252 -2.42792869  1.84103951  1.13154751 -0.61760717
  1.0990996  -2.01387637 -0.22501582  2.25751819 -0.33476207  0.47058508
  2.42398703  0.57730113  2.63785601  2.91000005  2.81816875 -2.93710156
  0.27798348 -0.39330097  1.72998746  2.99259602 -0.355568   -2.33755356
  2.72961628 -3.18891267  0.54833164 -0.69013672 -1.74599055  3.09343242
 -1.96606314 -1.67194458 -2.5508977   2.36159779 -2.14505742  1.96776455
  1.73066605  1.46507854  2.52651956  2.88171163  2.00039555  1.48639915
 -1.76157024 -2.38883914  1.1526753   0.5692939   1.58530034 -2.7808219
 -0.10860548  2.50336765 -1.17844737  1.1375438   1.24393022  0.60598037
 -0.95413557  1.09663873  0.78835339 -0.38432359  2.81020789 -2.13453353
  1.57999768 -0.664841    0.99113001 -3.20834102 -2.2485905   0.34438573
 -1.07296664 -0.41367107  0.26740051  0.07139263 -1.74892658 -0.20792672
 -0.67022137  2.87079986 -1.1524058  -1.20380403 -1.13801234  1.27650457
  1.62384151 -0.82872719  2.11773837 -1.46074331 -0.2447589  -0.88703155
 -2.96385946  3.10991741 -1.79342547  3.04716075 -1.35616124 -2.33895041
  3.80442668 -1.20703142 -0.57386531 -3.09977664 -2.50289753  2.99139088
 -1.95794701 -1.67515791 -0.39893393  2.94007599  0.15860754  0.02319947
 -1.61632344 -0.143397   -1.60082458 -3.09900422  2.90227262  1.15499399
 -0.33071186 -2.3330208   1.02064468 -1.16511057 -0.27596392 -2.14937202
 -1.90120964  1.82247874 -0.98646521  2.57886068 -0.44324195 -3.10781512
 -2.84160921  2.0422514  -3.06757326 -0.24442293 -1.02923699 -0.18909719
  2.37381936  1.71584246 -0.27767434 -1.72842506 -3.04478391  0.10734026
 -0.83281507  1.46396376 -2.52471185  0.94952747 -0.02889812  0.20441853
  1.99504818  0.7335541   0.78845815 -1.21246817  1.5874423   2.55944634
  1.28037785  0.29423441 -0.98711463  2.56971471  0.827548   -2.22781801
 -0.01371832  1.71225759  1.07483965 -0.6530763  -2.30840073  2.42809292
  2.03001211  1.64678656  2.251544    1.88980471 -2.15568377 -2.88079251
  0.51642841  1.36658032 -2.41312458 -1.29206703  2.43676256  1.24964931
  0.0404422  -1.75665196 -1.55440725  1.93284844  1.47461885 -0.82120671
 -0.13817978 -0.46313574 -0.16501451  2.37700645 -0.56081238 -0.65460656
  1.08235097 -2.28902866  1.01415725  2.54469487 -0.49485174  2.09971497
 -1.98050883 -0.86641675 -2.4247909  -2.295785   -1.37823243 -2.92133148
  1.59138776  1.8460991   1.65211056  1.0093174   1.41805209 -2.30785751
 -2.71037073  1.76682098  1.00596488 -0.42644945 -2.62593518  1.55948075
 -1.22152089 -2.49761058  0.05976653]
Thu Jun 13 23:53:52 2024,768,0.08266204722899433,[-2.86310898  2.06937076 -1.60485207  0.04006128  0.46640966 -3.26143404
  3.23766619  2.08502848  1.03958833 -1.01446798  0.55594846  1.32014813
  1.2974543  -1.86948703  0.78663672  2.88403596 -0.38238631 -0.43538905
 -1.91766567  0.84412613  1.63685822  2.91020374 -1.40096667 -0.43500689
 -2.18703708 -2.09277922  3.12036236  2.80811324 -0.70998964 -2.62142429
  1.53550752 -0.20595898 -2.42713223  1.84024305  1.13234397 -0.61681071
  1.09989606 -2.01467284 -0.22581229  2.25831465 -0.33396561  0.47138154
  2.42478349  0.5780976   2.63865247  2.91079651  2.81737229 -2.93789802
  0.27877994 -0.39409743  1.73078392  2.99179955 -0.35636447 -2.3367571
  2.72881981 -3.18811621  0.54753518 -0.69093318 -1.74678702  3.09263596
 -1.96526668 -1.67274104 -2.55010124  2.36239426 -2.14426096  1.96696809
  1.72986958  1.46428207  2.5257231   2.88091516  1.99959909  1.48719562
 -1.76236671 -2.38804268  1.15347176  0.56849743  1.58609681 -2.78002543
 -0.10780902  2.50416412 -1.1776509   1.13834026  1.24472669  0.60518391
 -0.95493203  1.09584226  0.78755692 -0.38352713  2.81100436 -2.13373706
  1.58079415 -0.66404453  0.99033355 -3.20913748 -2.24779404  0.34518219
 -1.0737631  -0.41446753  0.26819698  0.07218909 -1.74813011 -0.20713026
 -0.66942491  2.8700034  -1.15320226 -1.20300757 -1.13721588  1.27730103
  1.62304505 -0.82952365  2.11694191 -1.45994685 -0.24396244 -0.88782801
 -2.96465592  3.10912094 -1.79262901  3.04636429 -1.35695771 -2.33815394
  3.80522315 -1.20782788 -0.57306885 -3.1005731  -2.50369399  2.99059441
 -1.95715055 -1.67595437 -0.39813747  2.94087245  0.15781108  0.02399593
 -1.6171199  -0.14260054 -1.60162104 -3.09980069  2.90306908  1.15419753
 -0.33150832 -2.33222433  1.01984822 -1.16431411 -0.27676039 -2.15016849
 -1.90041317  1.8232752  -0.98726167  2.57965714 -0.44403841 -3.10861158
 -2.84081274  2.04304786 -3.06836973 -0.24362647 -1.03003345 -0.18830073
  2.3730229   1.715046   -0.2784708  -1.7276286  -3.04398745  0.10813672
 -0.8320186   1.46316729 -2.52550831  0.95032393 -0.02810166  0.20521499
  1.99425171  0.73275764  0.78766169 -1.21326463  1.58664584  2.55864988
  1.27958139  0.29503088 -0.98631816  2.56891825  0.82834446 -2.22702155
 -0.01292186  1.71305406  1.07563611 -0.65387276 -2.30919719  2.42888939
  2.02921565  1.64758302  2.25234047  1.88900824 -2.15488731 -2.88158898
  0.51722487  1.36737678 -2.41232812 -1.29286349  2.4359661   1.24885285
  0.03964574 -1.7558555  -1.55520371  1.9336449   1.47382238 -0.82200318
 -0.13897624 -0.46233928 -0.16421805  2.37780291 -0.56001591 -0.65540302
  1.08155451 -2.28982513  1.01336079  2.54549134 -0.49405527  2.10051143
 -1.97971237 -0.86721321 -2.42399444 -2.29498854 -1.37743597 -2.92053502
  1.5905913   1.84530264  1.65290702  1.01011387  1.41884856 -2.30706105
 -2.71116719  1.76761744  1.00516842 -0.42724591 -2.62673164  1.55868429
 -1.22072443 -2.49681412  0.06056299]
Thu Jun 13 23:54:09 2024,769,0.08268350951993682,[-2.86365241  2.06882734 -1.60430865  0.0406047   0.46695309 -3.26089062
  3.23712277  2.0855719   1.0390449  -1.01392456  0.55649189  1.32069155
  1.29691088 -1.87003046  0.78609329  2.88349254 -0.38184288 -0.43484563
 -1.91712224  0.84466955  1.6363148   2.90966031 -1.40042325 -0.43555031
 -2.18649366 -2.09223579  3.12090578  2.80865667 -0.70944622 -2.62088086
  1.53496409 -0.20541556 -2.42658881  1.83969962  1.13288739 -0.61626729
  1.09935264 -2.01521626 -0.22526886  2.25777123 -0.33342219  0.47192497
  2.42424006  0.57864102  2.63810905  2.91025309  2.81682886 -2.93844144
  0.27932337 -0.39464085  1.7302405   2.99234298 -0.35690789 -2.33621368
  2.72936324 -3.18757278  0.54699176 -0.69038976 -1.74733044  3.09317938
 -1.96472325 -1.67219762 -2.54955782  2.36293768 -2.14371754  1.96642466
  1.73041301  1.46373865  2.52626652  2.88145859  1.99905566  1.48773904
 -1.76182328 -2.38749926  1.15401519  0.56795401  1.58664023 -2.78056886
 -0.10835245  2.50362069 -1.17819433  1.13888368  1.24418326  0.60464048
 -0.95438861  1.09529884  0.7870135  -0.38298371  2.81154778 -2.13428049
  1.58025072 -0.66458796  0.99087697 -3.20859406 -2.24833746  0.34463877
 -1.07430653 -0.41501095  0.2687404   0.07273252 -1.74867354 -0.20658683
 -0.66888148  2.86945998 -1.15265884 -1.20355099 -1.13667246  1.2767576
  1.62250162 -0.83006708  2.11639849 -1.46049028 -0.24341902 -0.88837143
 -2.96519935  3.10966437 -1.79317243  3.04582086 -1.35750113 -2.33869737
  3.80576657 -1.20728446 -0.57361228 -3.10002967 -2.50315057  2.99005099
 -1.95660712 -1.67649779 -0.39759404  2.94141587  0.1583545   0.0234525
 -1.61657648 -0.14205712 -1.60107762 -3.10034411  2.90252566  1.1536541
 -0.3309649  -2.33168091  1.01930479 -1.16377069 -0.27621696 -2.14962506
 -1.9009566   1.82381863 -0.98671825  2.58020056 -0.44458184 -3.10806815
 -2.84135617  2.04359129 -3.0678263  -0.24308304 -1.02949003 -0.18775731
  2.37356632  1.71450257 -0.27792737 -1.72708518 -3.04344403  0.10868015
 -0.83147518  1.46262387 -2.52496488  0.95086735 -0.02755823  0.20467157
  1.99370829  0.73330106  0.78711827 -1.21380805  1.58718926  2.55919331
  1.28012481  0.29448745 -0.98577474  2.56837483  0.82888789 -2.22647813
 -0.01237843  1.71359748  1.07617953 -0.65332934 -2.30865377  2.42943281
  2.02975907  1.64812644  2.25179704  1.88846482 -2.15543073 -2.88104555
  0.51668145  1.3679202  -2.41287155 -1.29340691  2.43542268  1.24830943
  0.03910231 -1.75639892 -1.55466029  1.93418833  1.47436581 -0.82145975
 -0.13951967 -0.4628827  -0.16367462  2.37725949 -0.55947249 -0.65594644
  1.08209793 -2.29036855  1.01390421  2.54494791 -0.4945987   2.10105485
 -1.97916895 -0.86666979 -2.42453786 -2.29553196 -1.37689254 -2.92107844
  1.59004787  1.84584606  1.6523636   1.01065729  1.41939198 -2.30651762
 -2.71062376  1.76707402  1.00571184 -0.42670249 -2.62727506  1.55814086
 -1.22018101 -2.49735754  0.06110641]
Thu Jun 13 23:54:26 2024,770,0.08267995264783265,[-2.8633817   2.06855663 -1.60403794  0.04087541  0.46668238 -3.26116133
  3.23739348  2.08584261  1.03877419 -1.01365385  0.55622118  1.32042084
  1.29718159 -1.86975975  0.78582258  2.88322183 -0.38211359 -0.43457492
 -1.91685153  0.84439884  1.63604409  2.9093896  -1.40015254 -0.43582102
 -2.18622295 -2.09196508  3.12117649  2.80892738 -0.7091755  -2.62061015
  1.5352348  -0.20514485 -2.4263181   1.83942891  1.1331581  -0.616538
  1.09962335 -2.01494555 -0.22499815  2.25750052 -0.33315148  0.47165425
  2.42396935  0.57837031  2.63837976  2.90998238  2.81655815 -2.93817073
  0.27959408 -0.39491156  1.72996979  2.99207227 -0.3571786  -2.33648439
  2.72963395 -3.18784349  0.54726247 -0.69066047 -1.74705973  3.09345009
 -1.96499396 -1.67192691 -2.54982853  2.36266697 -2.14344683  1.96669537
  1.7301423   1.46400936  2.52653723  2.8817293   1.99932638  1.48746833
 -1.76209399 -2.38722855  1.15374448  0.5676833   1.58691094 -2.78029815
 -0.10862316  2.50334998 -1.17846504  1.13915439  1.24391255  0.60491119
 -0.95465932  1.09556955  0.78674279 -0.38325442  2.81127707 -2.1345512
  1.57998001 -0.66431725  0.99114768 -3.20832335 -2.24860817  0.34436806
 -1.07457724 -0.41528166  0.26846969  0.07246181 -1.74840283 -0.20685754
 -0.66915219  2.86918927 -1.15292955 -1.20328028 -1.13640175  1.27702831
  1.62223091 -0.82979637  2.1166692  -1.46021957 -0.24314831 -0.88864214
 -2.96492864  3.10939366 -1.79344314  3.04609157 -1.35777184 -2.33896808
  3.80603728 -1.20701374 -0.57334157 -3.10030039 -2.50342128  2.9903217
 -1.95687783 -1.6767685  -0.39732333  2.94168659  0.15862521  0.02372321
 -1.61630577 -0.14178641 -1.60134833 -3.1000734   2.90225495  1.15392481
 -0.33069419 -2.33195162  1.01903408 -1.16349998 -0.27648767 -2.14935435
 -1.90068589  1.82354792 -0.98698896  2.58047127 -0.44431113 -3.10779744
 -2.84108546  2.04332058 -3.06809701 -0.24335375 -1.02921932 -0.1874866
  2.37383703  1.71423186 -0.27819808 -1.72735589 -3.04317332  0.10895086
 -0.83174589  1.46289458 -2.52469417  0.95113806 -0.02782894  0.20440086
  1.993979    0.73303035  0.78738898 -1.21407876  1.58745997  2.5589226
  1.28039552  0.29421674 -0.98550403  2.56864554  0.8291586  -2.22620742
 -0.01210772  1.71386819  1.07590882 -0.65360005 -2.30838306  2.42970352
  2.03002978  1.64839715  2.25152633  1.88819411 -2.15516002 -2.88131626
  0.51641074  1.36764949 -2.41260084 -1.2931362   2.43515197  1.24803872
  0.0388316  -1.75666963 -1.554931    1.93391761  1.47463652 -0.82173046
 -0.13979038 -0.46261199 -0.16394533  2.3775302  -0.5597432  -0.65567573
  1.08236864 -2.29063926  1.01417492  2.5446772  -0.49486941  2.10078414
 -1.97943966 -0.8669405  -2.42426715 -2.29580267 -1.37716325 -2.92080773
  1.59031858  1.84557535  1.65209289  1.010928    1.41912127 -2.30624691
 -2.71089447  1.76680331  1.00598255 -0.42643178 -2.62700435  1.55841157
 -1.22045172 -2.49708683  0.0608357 ]
Thu Jun 13 23:54:43 2024,771,0.0826768549026293,[-2.86177556  2.06695049 -1.60564407  0.04248155  0.46507624 -3.25955519
  3.23899961  2.08744875  1.03716806 -1.01204771  0.55461504  1.32202698
  1.29557545 -1.87136588  0.78742872  2.88161569 -0.38371973 -0.43296878
 -1.9152454   0.84279271  1.63765023  2.91099574 -1.3985464  -0.43742716
 -2.18461681 -2.09357122  3.11957035  2.80732124 -0.70756937 -2.62221629
  1.53362867 -0.20353871 -2.42792423  1.84103505  1.13476424 -0.61493186
  1.10122949 -2.01333941 -0.22660429  2.25589438 -0.33475761  0.47326039
  2.42557549  0.57997645  2.63998589  2.90837624  2.81816429 -2.93977687
  0.28120021 -0.3965177   1.73157592  2.99046613 -0.35557246 -2.33809052
  2.72802781 -3.18623736  0.5488686  -0.69226661 -1.74545359  3.09184396
 -1.96338783 -1.67032077 -2.55143466  2.36427311 -2.14184069  1.96508924
  1.72853616  1.46240322  2.5249311   2.88333544  2.00093251  1.48907447
 -1.76370013 -2.38883468  1.15213834  0.56607716  1.5853048  -2.77869201
 -0.10701702  2.50174385 -1.18007117  1.13754826  1.24230641  0.60651733
 -0.95626545  1.09396342  0.78834893 -0.38486055  2.80967093 -2.13615733
  1.57837388 -0.66271111  0.99275382 -3.20671721 -2.24700204  0.34276192
 -1.0729711  -0.4168878   0.26686355  0.07406794 -1.75000896 -0.20846368
 -0.67075833  2.8707954  -1.15132341 -1.20167415 -1.13800788  1.27542218
  1.62062478 -0.8314025   2.11506306 -1.45861343 -0.24475444 -0.88703601
 -2.96653477  3.11099979 -1.79504928  3.04448544 -1.3561657  -2.33736194
  3.80443115 -1.20861988 -0.5749477  -3.09869425 -2.50502742  2.98871556
 -1.9552717  -1.67837464 -0.3957172   2.94329272  0.16023135  0.02211708
 -1.61469963 -0.14018027 -1.59974219 -3.09846726  2.90064881  1.15231868
 -0.33230033 -2.33034548  1.01742795 -1.16510611 -0.27488154 -2.15096049
 -1.89907975  1.82515405 -0.98859509  2.58207741 -0.44270499 -3.10619131
 -2.84269159  2.04171444 -3.06970315 -0.24495989 -1.02761318 -0.18909273
  2.3722309   1.715838   -0.27980422 -1.72574975 -3.04477945  0.11055699
 -0.83335203  1.46128844 -2.52630031  0.9527442  -0.02943508  0.20600699
  1.99237286  0.73142421  0.78899511 -1.2156849   1.58906611  2.55731646
  1.28200166  0.29582288 -0.98711017  2.57025167  0.83076473 -2.22781355
 -0.01050159  1.71226205  1.07430269 -0.65520618 -2.30677692  2.43130966
  2.02842364  1.64679102  2.2499202   1.88658797 -2.15355389 -2.8829224
  0.5148046   1.36604336 -2.41420697 -1.29474234  2.43354583  1.24643258
  0.04043774 -1.75827577 -1.55653713  1.93231148  1.47303038 -0.82012433
 -0.13818424 -0.46421813 -0.16555147  2.37592406 -0.56134934 -0.65728187
  1.08397478 -2.2922454   1.01578106  2.54628334 -0.49326327  2.09917801
 -1.98104579 -0.86533436 -2.42587329 -2.29419654 -1.37555712 -2.92241387
  1.59192472  1.84396922  1.65369902  1.01253414  1.41751513 -2.30785305
 -2.71250061  1.76519717  1.00437641 -0.42482564 -2.62861049  1.56001771
 -1.21884558 -2.49869297  0.05922957]
Thu Jun 13 23:55:00 2024,772,0.08265039320490518,[-2.86131257  2.06741348 -1.60610706  0.04294454  0.46553923 -3.26001818
  3.23853662  2.08791174  1.03763105 -1.01158472  0.55507803  1.32156399
  1.29603845 -1.87090289  0.78696573  2.8811527  -0.38418272 -0.43250579
 -1.91570839  0.84232972  1.63811322  2.91053275 -1.39900939 -0.43696417
 -2.18507981 -2.09310823  3.12003335  2.80685825 -0.70803236 -2.62267928
  1.53409166 -0.20400171 -2.42838722  1.84149804  1.13430125 -0.61446887
  1.10169248 -2.0138024  -0.2261413   2.25543139 -0.3352206   0.4727974
  2.42603848  0.57951346  2.64044888  2.90791325  2.81862728 -2.94023986
  0.28166321 -0.39605471  1.73111293  2.99000314 -0.35510947 -2.33855352
  2.7284908  -3.18670035  0.54840561 -0.69180362 -1.7449906   3.09138096
 -1.96292484 -1.66985778 -2.55097167  2.36381012 -2.1413777   1.96462625
  1.72807317  1.46286621  2.52539409  2.88379843  2.00046952  1.48953746
 -1.76323714 -2.38837169  1.15167535  0.56561417  1.58576779 -2.779155
 -0.10748001  2.50128085 -1.17960818  1.13708527  1.24276941  0.60698032
 -0.95580246  1.09350042  0.78788593 -0.38439756  2.80920794 -2.13569434
  1.57791089 -0.66224812  0.99229083 -3.20625422 -2.24746503  0.34229893
 -1.07250811 -0.41642481  0.26732655  0.07360495 -1.74954597 -0.20892667
 -0.67029534  2.87033241 -1.1517864  -1.20121115 -1.13754489  1.27495919
  1.62108777 -0.83186549  2.11552605 -1.45815044 -0.24521743 -0.88657302
 -2.96699776  3.11146278 -1.79551227  3.04494843 -1.35570271 -2.33689895
  3.80489414 -1.20908287 -0.57448471 -3.09915724 -2.50456442  2.98917856
 -1.95480871 -1.67883763 -0.39618019  2.94375571  0.16069434  0.02165409
 -1.61516262 -0.13971728 -1.5992792  -3.09800427  2.90018582  1.15185569
 -0.33183734 -2.32988249  1.01696496 -1.1655691  -0.27534453 -2.15142348
 -1.89954274  1.82561704 -0.9881321   2.5825404  -0.442242   -3.1066543
 -2.8422286   2.04217743 -3.06924016 -0.24542288 -1.02807617 -0.18862974
  2.37176791  1.71537501 -0.28026721 -1.72621274 -3.04524244  0.110094
 -0.83381502  1.46175143 -2.52583732  0.95228121 -0.02989807  0.205544
  1.99283585  0.73096122  0.78853212 -1.21614789  1.5895291   2.55685347
  1.28246465  0.29628587 -0.98664717  2.57071466  0.83030174 -2.22735056
 -0.0100386   1.71179906  1.0738397  -0.65474319 -2.30723991  2.43084667
  2.02888664  1.64725401  2.24945721  1.88705096 -2.1530909  -2.88338539
  0.51526759  1.36558037 -2.41374398 -1.29427935  2.43400882  1.24689557
  0.04090073 -1.75873876 -1.55607414  1.93184849  1.47349337 -0.82058732
 -0.13864723 -0.46468112 -0.16601446  2.37638705 -0.56181233 -0.65774486
  1.08351179 -2.29178241  1.01531807  2.54582035 -0.49372626  2.09871502
 -1.98150878 -0.86487137 -2.42633628 -2.29465953 -1.37509413 -2.92287686
  1.59146173  1.84443221  1.65416201  1.01207115  1.41797813 -2.30739006
 -2.7129636   1.76566017  1.00391342 -0.42436265 -2.62907348  1.55955472
 -1.21838259 -2.49822998  0.05876658]
Thu Jun 13 23:55:27 2024,773,0.08265055647971264,[-2.86157232  2.06767323 -1.60584731  0.04268479  0.46579898 -3.25975843
  3.23827687  2.08765198  1.0378908  -1.01184448  0.55481828  1.32130423
  1.2962982  -1.87116265  0.78722548  2.88141245 -0.38444247 -0.43276554
 -1.91596814  0.84258947  1.63785346  2.910273   -1.39926914 -0.43722392
 -2.18482005 -2.09336798  3.11977359  2.807118   -0.70829211 -2.62241953
  1.53435141 -0.20426146 -2.42812747  1.84123829  1.1340415  -0.61472862
  1.10143272 -2.01406216 -0.22640105  2.25517164 -0.33548036  0.47305715
  2.42629823  0.57977321  2.64070864  2.9076535   2.81836752 -2.94049961
  0.28192296 -0.39579496  1.73137268  2.98974339 -0.35536923 -2.33881327
  2.72823105 -3.1869601   0.54866537 -0.69206337 -1.74525036  3.09164072
 -1.96266508 -1.67011754 -2.55123143  2.36355036 -2.14111795  1.96436649
  1.72833292  1.46260646  2.52565384  2.88353867  2.00072927  1.4892777
 -1.76349689 -2.38811194  1.1519351   0.56535442  1.58602755 -2.77889525
 -0.10722026  2.50154061 -1.17934843  1.13734502  1.24250965  0.60724007
 -0.95554271  1.09324067  0.78762618 -0.38465732  2.8094677  -2.13543459
  1.57817064 -0.66198837  0.99203108 -3.20599447 -2.24720527  0.34255868
 -1.07276786 -0.41668456  0.2675863   0.0733452  -1.74980573 -0.20918642
 -0.67003559  2.87059217 -1.15152665 -1.20147091 -1.13728514  1.27469943
  1.62082802 -0.83160574  2.1152663  -1.45841019 -0.24547719 -0.88683277
 -2.96673801  3.11172254 -1.79525252  3.04468867 -1.35544296 -2.3366392
  3.80515389 -1.20882312 -0.57422496 -3.09941699 -2.50482418  2.9889188
 -1.95506846 -1.67857788 -0.39592044  2.94349596  0.16095409  0.02139433
 -1.61542237 -0.13997703 -1.59953895 -3.09774452  2.90044557  1.15211544
 -0.33157758 -2.33014225  1.0167052  -1.16582886 -0.27560428 -2.15116373
 -1.89928299  1.8258768  -0.98839186  2.58280015 -0.44250175 -3.10691405
 -2.84248836  2.04243718 -3.06949991 -0.24516313 -1.02781642 -0.18888949
  2.37202766  1.71563476 -0.28000746 -1.72595299 -3.04498269  0.11035376
 -0.83355526  1.46201119 -2.52609707  0.95254096 -0.02963832  0.20580375
  1.99309561  0.73070147  0.78827237 -1.21588814  1.58978885  2.55711322
  1.2822049   0.29602611 -0.98638742  2.57045491  0.83056149 -2.22761032
 -0.01029835  1.71205882  1.07357994 -0.65448344 -2.30698016  2.43058691
  2.02914639  1.64699425  2.24919745  1.88679121 -2.15283114 -2.88364514
  0.51552734  1.36532061 -2.41348423 -1.2945391   2.43374907  1.24715533
  0.04116048 -1.75899851 -1.55581439  1.93158873  1.47375313 -0.82084707
 -0.13838748 -0.46442137 -0.16575471  2.3761273  -0.56207208 -0.65748511
  1.08377154 -2.29204216  1.01505831  2.54556059 -0.49346651  2.09897477
 -1.98176854 -0.86513113 -2.42607652 -2.29491928 -1.37535388 -2.92261711
  1.59172148  1.84469196  1.65390226  1.0123309   1.41771837 -2.30713031
 -2.71322335  1.76540041  1.00417318 -0.4241029  -2.62933323  1.55929496
 -1.21864234 -2.49848973  0.05902633]
Thu Jun 13 23:55:44 2024,774,0.08261068358531391,[-2.86099298  2.06825257 -1.60526797  0.04210545  0.46637832 -3.25917909
  3.23769753  2.08707264  1.03731146 -1.01126514  0.55423894  1.32188358
  1.29687754 -1.87174199  0.78664614  2.88083311 -0.38386313 -0.43334488
 -1.9153888   0.84201013  1.6384328   2.90969366 -1.39984848 -0.43780326
 -2.18539939 -2.09394732  3.12035293  2.80769734 -0.70771277 -2.62184019
  1.53377207 -0.20368212 -2.42754813  1.84065895  1.13462084 -0.61530796
  1.10201206 -2.0146415  -0.22698039  2.2545923  -0.3360597   0.47363649
  2.42571889  0.57919387  2.64128798  2.90823284  2.81778818 -2.93992027
  0.28134362 -0.39521562  1.73079334  2.98916405 -0.35478989 -2.33823393
  2.72765171 -3.18638076  0.54924471 -0.69148403 -1.74467102  3.09106138
 -1.96324442 -1.67069688 -2.55065208  2.36297102 -2.14053861  1.96378715
  1.72775358  1.46202712  2.5250745   2.88411801  2.00014993  1.48985704
 -1.76291755 -2.38869128  1.15135576  0.56477508  1.58660689 -2.77947459
 -0.1077996   2.50096127 -1.17876909  1.13676568  1.24193031  0.60781941
 -0.95612205  1.09266133  0.78820552 -0.38523666  2.80888836 -2.13601393
  1.5775913  -0.66140903  0.99145173 -3.20541513 -2.24778461  0.34313803
 -1.0733472  -0.4172639   0.26700696  0.07276586 -1.74922639 -0.20860708
 -0.66945624  2.87117151 -1.15094731 -1.20089157 -1.1367058   1.27527878
  1.62024867 -0.8310264   2.11468696 -1.45783085 -0.24605653 -0.88625343
 -2.96731735  3.11230188 -1.79583186  3.04410933 -1.3560223  -2.33605986
  3.80457455 -1.20824378 -0.5748043  -3.09883765 -2.50540352  2.98949814
 -1.9556478  -1.67799853 -0.39649978  2.9440753   0.16153343  0.02197368
 -1.61600171 -0.13939769 -1.59895961 -3.09716518  2.90102492  1.1515361
 -0.33099824 -2.32956291  1.01728454 -1.16524951 -0.27618362 -2.15174307
 -1.89870365  1.82645614 -0.9889712   2.58337949 -0.44192241 -3.10749339
 -2.84190902  2.04301652 -3.07007925 -0.24574247 -1.02839576 -0.18946883
  2.372607    1.7162141  -0.2805868  -1.72537365 -3.04556203  0.1109331
 -0.8341346   1.46143185 -2.52667641  0.95196162 -0.02905898  0.20522441
  1.99251627  0.73128081  0.78769303 -1.2153088   1.59036819  2.55769256
  1.28162556  0.29544677 -0.98580808  2.57103425  0.83114083 -2.22703098
 -0.01087769  1.71263816  1.0730006  -0.6539041  -2.3075595   2.43116625
  2.02972573  1.64757359  2.24861811  1.88737055 -2.15341048 -2.88422448
  0.51610668  1.36589995 -2.41406357 -1.29395976  2.43316973  1.24657599
  0.04058114 -1.75957785 -1.55523505  1.93100939  1.47433247 -0.82142641
 -0.13780814 -0.46384202 -0.16633405  2.37670664 -0.56265142 -0.65806445
  1.0831922  -2.29146282  1.01447897  2.54613993 -0.49404585  2.09839543
 -1.98118919 -0.86455179 -2.42665586 -2.29433994 -1.37477454 -2.92203776
  1.59230082  1.84411262  1.65332292  1.01291024  1.41829771 -2.30770965
 -2.71264401  1.76482107  1.00359384 -0.42468224 -2.62991257  1.55871562
 -1.218063   -2.49906907  0.05960567]
Thu Jun 13 23:56:02 2024,775,0.08261056731005889,[-2.86092215  2.06832341 -1.60519713  0.04203461  0.46644916 -3.25910825
  3.23762669  2.08714348  1.0373823  -1.0111943   0.55430977  1.32195441
  1.2968067  -1.87181282  0.7865753   2.88076228 -0.38393397 -0.43327405
 -1.91531797  0.84208097  1.63836197  2.90976449 -1.39977765 -0.43773242
 -2.18532856 -2.09387649  3.12042377  2.80776818 -0.70764194 -2.62176935
  1.53384291 -0.20361128 -2.42761897  1.84072978  1.13455    -0.61523713
  1.1020829  -2.01457066 -0.22690955  2.25452146 -0.33613053  0.47370733
  2.42578973  0.5792647   2.64121714  2.90830367  2.81785902 -2.93999111
  0.28127278 -0.39514478  1.73072251  2.98909321 -0.35486072 -2.33830476
  2.72772255 -3.1864516   0.54917387 -0.69141319 -1.74460018  3.09113221
 -1.96317359 -1.67062604 -2.55072292  2.36304186 -2.14046777  1.96385799
  1.72768275  1.46209796  2.52500367  2.88418885  2.00022077  1.48992788
 -1.76298839 -2.38876212  1.15128493  0.56470424  1.58667772 -2.77954543
 -0.10787043  2.5010321  -1.17869825  1.13669484  1.24200115  0.60774858
 -0.95605121  1.09273217  0.78813469 -0.38530749  2.80895919 -2.13608477
  1.57752046 -0.66133819  0.99152257 -3.20548596 -2.24771378  0.34320886
 -1.07341804 -0.41719307  0.26707779  0.0728367  -1.74929722 -0.20867792
 -0.66952708  2.87124234 -1.15087647 -1.20082073 -1.13663496  1.27520794
  1.62017784 -0.83095556  2.11461612 -1.45790169 -0.24598569 -0.88632426
 -2.96738819  3.11237271 -1.79576102  3.0440385  -1.35595146 -2.33598902
  3.80464539 -1.20817294 -0.57473346 -3.09876682 -2.50547436  2.98942731
 -1.95571864 -1.67806937 -0.39642894  2.94400446  0.16146259  0.02204451
 -1.61593088 -0.13946853 -1.59888877 -3.09723602  2.90109575  1.15160694
 -0.33106908 -2.32963374  1.01735538 -1.16532035 -0.27625446 -2.15167223
 -1.89877448  1.8263853  -0.98890036  2.58330866 -0.44185158 -3.10742256
 -2.84197985  2.04308736 -3.07015009 -0.24567163 -1.02832492 -0.189398
  2.37267784  1.71628494 -0.28051596 -1.72544449 -3.04549119  0.11100393
 -0.83406377  1.46136101 -2.52674725  0.95203246 -0.02912981  0.20529525
  1.9925871   0.73135165  0.78762219 -1.21523796  1.59043903  2.55762173
  1.28155472  0.29537594 -0.98587892  2.57110509  0.83107    -2.22696014
 -0.01080685  1.71270899  1.07292977 -0.65383326 -2.30748866  2.43123709
  2.02965489  1.64764443  2.24868895  1.88729972 -2.15348132 -2.88429532
  0.51603585  1.36582912 -2.41413441 -1.2940306   2.43324056  1.24650515
  0.04065198 -1.75950701 -1.55516421  1.93093856  1.47426163 -0.82135557
 -0.13787897 -0.46377119 -0.16640488  2.3766358  -0.56258058 -0.65813529
  1.08326304 -2.29153366  1.01454981  2.5460691  -0.49397501  2.09832459
 -1.98111836 -0.86462262 -2.42658503 -2.2942691  -1.3747037  -2.92196693
  1.59237166  1.84418346  1.65325208  1.0128394   1.41822688 -2.30778048
 -2.71257318  1.76489191  1.00366467 -0.4246114  -2.62984174  1.55878646
 -1.21799217 -2.49899823  0.05967651]
Thu Jun 13 23:56:18 2024,776,0.08260621226710141,[-2.86114737  2.06809819 -1.60497191  0.04180939  0.46622394 -3.25933348
  3.23740147  2.0873687   1.03760752 -1.01096908  0.55408455  1.32172919
  1.29703193 -1.87203805  0.78635008  2.8809875  -0.38415919 -0.43349927
 -1.91509274  0.84185574  1.63813674  2.90953927 -1.40000287 -0.4375072
 -2.18555378 -2.09365126  3.12019855  2.80754296 -0.70786716 -2.62154413
  1.53406813 -0.20338606 -2.42784419  1.84050456  1.13477522 -0.61546235
  1.10185768 -2.01479589 -0.22713478  2.25474669 -0.33590531  0.47393255
  2.42556451  0.57903948  2.64144236  2.9085289   2.81808424 -2.94021633
  0.28149801 -0.39491956  1.73049728  2.98931844 -0.35508595 -2.33807954
  2.72794777 -3.18622637  0.54939909 -0.69163842 -1.74437495  3.09135744
 -1.96339881 -1.67040082 -2.5504977   2.36281664 -2.14069299  1.96408321
  1.72745752  1.46232318  2.52477844  2.88396363  2.00044599  1.4901531
 -1.76276316 -2.38898734  1.15151015  0.56492947  1.5864525  -2.77977065
 -0.10764521  2.50080688 -1.17847303  1.13646962  1.24177592  0.60752335
 -0.95582599  1.09250694  0.78835991 -0.38508227  2.80918442 -2.13630999
  1.57774568 -0.66156341  0.99129735 -3.20526074 -2.247939    0.34298364
 -1.07364327 -0.41696784  0.26685257  0.07261147 -1.749072   -0.20845269
 -0.66975231  2.87146757 -1.15065125 -1.20059551 -1.13640974  1.27543316
  1.61995261 -0.83073034  2.11484135 -1.45767646 -0.24621091 -0.88609904
 -2.96716296  3.11259794 -1.7955358   3.04381327 -1.35617669 -2.33621424
  3.80487061 -1.20794772 -0.57450824 -3.09854159 -2.50524913  2.98920208
 -1.95549341 -1.67784415 -0.39665416  2.94422969  0.16123737  0.02226974
 -1.61570565 -0.1392433  -1.59866355 -3.09746124  2.90087053  1.15138171
 -0.3312943  -2.32985897  1.0175806  -1.16509513 -0.27647968 -2.15144701
 -1.89899971  1.82661053 -0.98912558  2.58308343 -0.44162635 -3.10719733
 -2.84175463  2.04331258 -3.07037531 -0.24589686 -1.02855015 -0.18917277
  2.37245261  1.71651016 -0.28029074 -1.72566971 -3.04526597  0.11077871
 -0.83428899  1.46113579 -2.52652203  0.95225768 -0.02890459  0.20507003
  1.99281233  0.73112642  0.78784742 -1.21546318  1.59066425  2.55784695
  1.28177994  0.29560116 -0.98565369  2.57133031  0.83129522 -2.22718536
 -0.01058163  1.71293422  1.07315499 -0.65405849 -2.30726344  2.43146231
  2.02942967  1.64741921  2.24846373  1.88752494 -2.15370654 -2.88452054
  0.51626107  1.36560389 -2.41435963 -1.29425582  2.43346579  1.24627993
  0.04042675 -1.75928179 -1.55493899  1.93116378  1.47403641 -0.82113035
 -0.13765375 -0.46399641 -0.16617966  2.37686103 -0.56235536 -0.65836051
  1.08348826 -2.29175888  1.01432458  2.54584387 -0.49374979  2.09854981
 -1.98134358 -0.86484785 -2.4263598  -2.29404388 -1.37447848 -2.9217417
  1.59214643  1.84440868  1.65347731  1.01306463  1.41800165 -2.30755526
 -2.71234795  1.76466668  1.00343945 -0.42483662 -2.62961651  1.55901168
 -1.21776694 -2.49922346  0.05945128]
Thu Jun 13 23:56:34 2024,777,0.0827452982145974,[-2.85902226  2.06597308 -1.60709702  0.03968428  0.46409883 -3.25720837
  3.23527636  2.08524359  1.03548241 -1.01309419  0.55620966  1.31960408
  1.29490682 -1.87416316  0.78847519  2.88311261 -0.38203408 -0.43137416
 -1.91721785  0.84398085  1.63601163  2.91166438 -1.39787776 -0.43538209
 -2.18342867 -2.09577637  3.12232366  2.80966807 -0.70574205 -2.62366924
  1.53619324 -0.20126095 -2.4299693   1.84262967  1.13265011 -0.61758746
  1.10398279 -2.016921   -0.22500967  2.2568718  -0.33803042  0.47605766
  2.42768962  0.57691437  2.64356747  2.91065401  2.82020936 -2.94234144
  0.2793729  -0.39279445  1.72837217  2.99144355 -0.35721106 -2.33595443
  2.72582266 -3.18410126  0.54727398 -0.69376353 -1.74650006  3.09348255
 -1.9612737  -1.67252593 -2.55262281  2.36069153 -2.13856788  1.9619581
  1.72958263  1.46019807  2.52690355  2.88183852  2.0025711   1.48802799
 -1.76063805 -2.38686223  1.14938504  0.56280436  1.58432739 -2.77764554
 -0.1055201   2.49868177 -1.18059814  1.13859473  1.23965081  0.60964846
 -0.95370088  1.09463205  0.7862348  -0.38720738  2.81130953 -2.13418488
  1.57562057 -0.6594383   0.98917224 -3.20738585 -2.24581389  0.34085853
 -1.07151816 -0.41484273  0.26897768  0.07048636 -1.75119711 -0.20632758
 -0.66762719  2.87359268 -1.15277636 -1.20272062 -1.13428463  1.27330805
  1.6178275  -0.83285545  2.11696646 -1.45980157 -0.2440858  -0.88822415
 -2.96928807  3.11472305 -1.79766091  3.04593838 -1.3583018  -2.33833935
  3.80699572 -1.20582261 -0.57238313 -3.09641648 -2.50312402  2.98707697
 -1.9533683  -1.67996926 -0.39452905  2.9463548   0.16336248  0.02439485
 -1.61358054 -0.14136841 -1.59653844 -3.09958635  2.90299564  1.1492566
 -0.32916919 -2.32773386  1.01545549 -1.16722024 -0.27435457 -2.15357212
 -1.90112482  1.82448542 -0.99125069  2.58520854 -0.43950124 -3.10932244
 -2.84387974  2.04118747 -3.07250042 -0.24802197 -1.03067526 -0.19129788
  2.3703275   1.71863527 -0.28241585 -1.72779482 -3.04739108  0.1086536
 -0.8364141   1.45901068 -2.52439692  0.95013257 -0.02677948  0.20719514
  1.99068722  0.73325153  0.78997253 -1.21333807  1.59278936  2.55572184
  1.27965483  0.29772627 -0.9877788   2.5692052   0.83342033 -2.22931047
 -0.01270674  1.71080911  1.07102988 -0.6561836  -2.30513833  2.4293372
  2.02730456  1.6452941   2.24633862  1.88965005 -2.15158143 -2.88239543
  0.51838618  1.36347878 -2.41223452 -1.29213071  2.43134068  1.24840504
  0.04255186 -1.7614069  -1.55281388  1.92903867  1.4719113  -0.81900524
 -0.13977886 -0.4618713  -0.16830477  2.37898614 -0.56448047 -0.6562354
  1.08136315 -2.29388399  1.01219947  2.54796898 -0.49162468  2.10067492
 -1.97921847 -0.86697296 -2.42423469 -2.29616899 -1.37660359 -2.91961659
  1.59002132  1.84653379  1.6513522   1.01518974  1.41587654 -2.30968037
 -2.71022284  1.76254157  1.00556456 -0.42271151 -2.63174162  1.55688657
 -1.21564183 -2.50134857  0.05732617]
Thu Jun 13 23:56:51 2024,778,0.08273773841798729,[-2.85844486  2.06539568 -1.60767442  0.03910688  0.46352143 -3.25778577
  3.23585376  2.08466619  1.03605981 -1.01367159  0.55563226  1.31902668
  1.29548422 -1.87358576  0.78905259  2.88253521 -0.38145668 -0.43079676
 -1.91779525  0.84340345  1.63658903  2.91224178 -1.39730036 -0.43595949
 -2.18400607 -2.09519897  3.12290106  2.81024547 -0.70516465 -2.62309184
  1.53561584 -0.20068355 -2.4293919   1.84320707  1.13322751 -0.61816486
  1.10456019 -2.0174984  -0.22558707  2.2574492  -0.33745302  0.47663506
  2.42826702  0.57633697  2.64299007  2.91007661  2.81963196 -2.94176404
  0.2787955  -0.39221705  1.72894957  2.99086615 -0.35778846 -2.33653183
  2.72640006 -3.18352386  0.54785138 -0.69318613 -1.74592266  3.09405995
 -1.9606963  -1.67310333 -2.55320021  2.36011413 -2.13799048  1.9625355
  1.73016003  1.45962067  2.52632615  2.88241592  2.0031485   1.48860539
 -1.76121545 -2.38743963  1.14880764  0.56338176  1.58490479 -2.77706814
 -0.1049427   2.49810437 -1.18002074  1.13801733  1.24022821  0.60907106
 -0.95312348  1.09405465  0.7856574  -0.38662998  2.81073213 -2.13476228
  1.57504317 -0.6600157   0.98974964 -3.20680845 -2.24639129  0.34028113
 -1.07094076 -0.41542013  0.26840028  0.07106376 -1.75061971 -0.20690498
 -0.66704979  2.87417008 -1.15335376 -1.20214322 -1.13370723  1.27388545
  1.6172501  -0.83227805  2.11754386 -1.46037897 -0.2435084  -0.88764675
 -2.96986547  3.11530045 -1.79708351  3.04536098 -1.3577244  -2.33891675
  3.80757312 -1.20640001 -0.57180573 -3.09699388 -2.50370142  2.98649957
 -1.9539457  -1.67939186 -0.39510645  2.9469322   0.16393988  0.02381745
 -1.61300314 -0.14194581 -1.59711584 -3.09900895  2.90241824  1.1486792
 -0.32859179 -2.32715646  1.01603289 -1.16779764 -0.27493197 -2.15299472
 -1.90054742  1.82390802 -0.99182809  2.58463114 -0.43892384 -3.10874504
 -2.84445714  2.04061007 -3.07192302 -0.24859937 -1.03125266 -0.19072048
  2.3697501   1.71805787 -0.28183845 -1.72721742 -3.04681368  0.1080762
 -0.8369915   1.45958808 -2.52497432  0.95070997 -0.02735688  0.20661774
  1.99010982  0.73267413  0.78939513 -1.21276067  1.59336676  2.55629924
  1.27907743  0.29830367 -0.9872014   2.5686278   0.83399773 -2.22988787
 -0.01212934  1.71023171  1.07045248 -0.656761   -2.30571573  2.4287598
  2.02672716  1.6447167   2.24691602  1.89022745 -2.15215883 -2.88297283
  0.51780878  1.36405618 -2.41165712 -1.29270811  2.43191808  1.24898244
  0.04197446 -1.7608295  -1.55339128  1.92961607  1.4724887  -0.81842784
 -0.14035626 -0.4612939  -0.16772737  2.37956354 -0.56505787 -0.6568128
  1.08194055 -2.29330659  1.01162207  2.54739158 -0.49104728  2.10125232
 -1.97864107 -0.86755036 -2.42365729 -2.29559159 -1.37718099 -2.92019399
  1.58944392  1.84711119  1.6519296   1.01576714  1.41529914 -2.30910297
 -2.70964544  1.76311897  1.00614196 -0.42213411 -2.63116422  1.55746397
 -1.21506443 -2.50077117  0.05674877]
Thu Jun 13 23:57:06 2024,779,0.0827180230872464,[-2.85821582  2.06562471 -1.60744538  0.03933591  0.46329239 -3.2580148
  3.23562472  2.08489523  1.03628885 -1.01390062  0.5558613   1.31879764
  1.29525518 -1.87335672  0.78882355  2.88230617 -0.38122764 -0.43056772
 -1.91756621  0.84363249  1.63636     2.91201274 -1.3975294  -0.43618853
 -2.18423511 -2.09542801  3.12267202  2.81001643 -0.70493561 -2.62332087
  1.53584488 -0.20045451 -2.42962094  1.84297803  1.13345655 -0.6183939
  1.10433115 -2.01772743 -0.22535803  2.25722016 -0.33768206  0.47640603
  2.42849605  0.57656601  2.64321911  2.90984757  2.81986099 -2.94199308
  0.27856646 -0.39198801  1.72872054  2.99063711 -0.35801749 -2.33676087
  2.72617102 -3.1837529   0.54808042 -0.69341516 -1.74569363  3.09383091
 -1.96092534 -1.67333236 -2.55297117  2.36034316 -2.13776145  1.96230647
  1.72993099  1.45984971  2.52609711  2.88264495  2.00337754  1.48837636
 -1.76144449 -2.38721059  1.1485786   0.56315272  1.58513383 -2.77729718
 -0.10517174  2.49787533 -1.18024978  1.13778829  1.24045725  0.6093001
 -0.95335252  1.09382562  0.78588644 -0.38640094  2.81050309 -2.13499132
  1.57527221 -0.66024474  0.9895206  -3.20703749 -2.24616225  0.34005209
 -1.07071172 -0.4151911   0.26817124  0.07083472 -1.75084875 -0.20713402
 -0.66727883  2.87439911 -1.1535828  -1.20191418 -1.13393626  1.27411449
  1.61747914 -0.83204901  2.11777289 -1.46014994 -0.24373744 -0.88787579
 -2.96963644  3.11507141 -1.79685447  3.04513194 -1.35795343 -2.33868772
  3.80734408 -1.20617097 -0.57203476 -3.09722292 -2.50347238  2.98672861
 -1.95371667 -1.6796209  -0.39533549  2.94670316  0.16416892  0.02404648
 -1.61277411 -0.14171678 -1.5968868  -3.09923799  2.9021892   1.14890824
 -0.32882083 -2.32738549  1.01626193 -1.16802667 -0.27516101 -2.15276568
 -1.90031838  1.82413705 -0.99205713  2.58440211 -0.4386948  -3.108516
 -2.84468618  2.04038104 -3.07215206 -0.24837033 -1.03102362 -0.19049145
  2.36952107  1.71828691 -0.28206749 -1.72698838 -3.04704272  0.10784716
 -0.83722054  1.45935904 -2.52520335  0.95048094 -0.02712784  0.20684677
  1.99033886  0.7324451   0.78916609 -1.21298971  1.5935958   2.55652828
  1.27930647  0.29853271 -0.98743044  2.56839876  0.83422677 -2.22965884
 -0.0119003   1.71000267  1.07022344 -0.65653196 -2.30548669  2.42898884
  2.0269562   1.64494573  2.24668698  1.89045649 -2.15238787 -2.88320187
  0.51803782  1.36382715 -2.41188616 -1.29293715  2.43214712  1.2487534
  0.04174543 -1.76105854 -1.55316224  1.92984511  1.47271773 -0.8181988
 -0.1405853  -0.46106486 -0.16795641  2.37979257 -0.56528691 -0.65658376
  1.08216959 -2.29353563  1.01185111  2.54716255 -0.49081824  2.10148136
 -1.97841203 -0.86732132 -2.42388633 -2.29536255 -1.37695195 -2.92042303
  1.58967296  1.84734023  1.65170056  1.0155381   1.41552818 -2.30933201
 -2.70987448  1.76288994  1.006371   -0.42236315 -2.63139326  1.55769301
 -1.21529347 -2.5010002   0.05651974]
Thu Jun 13 23:57:22 2024,780,0.08268979282764488,[-2.85891579  2.06492474 -1.60814535  0.03863594  0.46259242 -3.25871477
  3.23632469  2.08419526  1.03558888 -1.01320065  0.55516133  1.31949761
  1.29455521 -1.87265675  0.78952352  2.8816062  -0.38192761 -0.42986775
 -1.91686624  0.84433246  1.63566003  2.91131277 -1.39682943 -0.43548856
 -2.18353514 -2.09472804  3.12337199  2.80931646 -0.70563558 -2.62402084
  1.53654485 -0.19975454 -2.42892097  1.843678    1.13415652 -0.61909387
  1.10503112 -2.0184274  -0.226058    2.25792013 -0.33838203  0.47570606
  2.42919602  0.57726598  2.64251914  2.91054754  2.81916102 -2.94129311
  0.27926643 -0.39268798  1.72942051  2.99133708 -0.35871746 -2.33746084
  2.72687099 -3.18305293  0.54878039 -0.69411513 -1.7463936   3.09453088
 -1.96022537 -1.67403233 -2.55367114  2.36104313 -2.13706148  1.96300644
  1.72923102  1.46054968  2.52679708  2.88334492  2.00267757  1.48767639
 -1.76074452 -2.38791056  1.14787863  0.56385269  1.5858338  -2.77799715
 -0.10447177  2.49717536 -1.18094975  1.13848826  1.23975728  0.61000007
 -0.95405249  1.09452559  0.78658641 -0.38570097  2.80980312 -2.13429135
  1.57457224 -0.66094471  0.99022057 -3.20633752 -2.24686222  0.33935212
 -1.07001175 -0.41589107  0.26747127  0.07153469 -1.75014878 -0.20643405
 -0.66657886  2.87369914 -1.15288283 -1.20121421 -1.13463623  1.27481446
  1.61677917 -0.83274898  2.11707292 -1.45944997 -0.24443741 -0.88857576
 -2.97033641  3.11437144 -1.79755444  3.04443198 -1.3586534  -2.33938769
  3.80664411 -1.205471   -0.5713348  -3.09792289 -2.50417235  2.98602864
 -1.9530167  -1.67892093 -0.39463552  2.94600319  0.16346895  0.02474645
 -1.61207414 -0.14101681 -1.59618683 -3.09993796  2.90148923  1.14820827
 -0.3295208  -2.32808546  1.01556196 -1.16732671 -0.27446104 -2.15346565
 -1.89961841  1.82343708 -0.9927571   2.58370214 -0.43799484 -3.10781604
 -2.84398621  2.03968107 -3.07145209 -0.2490703  -1.03172359 -0.18979148
  2.3688211   1.71898688 -0.28136752 -1.72768835 -3.04774269  0.10854713
 -0.83652057  1.46005901 -2.52450338  0.95118091 -0.02642787  0.2061468
  1.99103882  0.73174513  0.78846612 -1.21228974  1.59289583  2.55722825
  1.2786065   0.29923268 -0.98813041  2.56909873  0.83492674 -2.23035881
 -0.01260027  1.71070264  1.06952347 -0.65583199 -2.30618666  2.42828887
  2.02625623  1.6456457   2.24738695  1.89115646 -2.15308784 -2.8825019
  0.51733785  1.36312718 -2.41118619 -1.29363712  2.43284708  1.24945337
  0.04104546 -1.76035857 -1.55246227  1.92914514  1.47201776 -0.81889877
 -0.13988533 -0.46036489 -0.16865638  2.37909261 -0.56598688 -0.65588379
  1.08146962 -2.2942356   1.01255108  2.54646258 -0.49011827  2.10218133
 -1.97771206 -0.86662135 -2.42318636 -2.29606252 -1.37765192 -2.921123
  1.59037293  1.84664026  1.65100059  1.01623807  1.41482821 -2.30863204
 -2.70917451  1.76218997  1.00707097 -0.42306312 -2.63069329  1.55839298
 -1.21599344 -2.50030023  0.05581977]
Thu Jun 13 23:57:38 2024,781,0.08268795572745614,[-2.85884105  2.06485    -1.60807061  0.0385612   0.46251768 -3.25864003
  3.23624995  2.08412052  1.03566362 -1.01312591  0.55523607  1.31942287
  1.29462995 -1.87273149  0.78959826  2.88153146 -0.38185287 -0.42979301
 -1.91694098  0.84425772  1.63558529  2.91138751 -1.39675469 -0.43541382
 -2.1834604  -2.0946533   3.12344673  2.80924172 -0.70571032 -2.62409558
  1.53661959 -0.19982928 -2.42899571  1.84360326  1.13408178 -0.61901913
  1.10510586 -2.01835266 -0.22598326  2.25784539 -0.33830729  0.4757808
  2.42912128  0.57719124  2.64259388  2.91062228  2.81923576 -2.94136785
  0.27919169 -0.39261324  1.72934577  2.99126234 -0.35864272 -2.33753558
  2.72694573 -3.18297819  0.54885513 -0.69418987 -1.74631886  3.09460562
 -1.96030011 -1.67410707 -2.55374588  2.36111787 -2.13698674  1.96308118
  1.72915628  1.46047494  2.52687182  2.88327018  2.00260283  1.48760165
 -1.76081926 -2.38783582  1.14780389  0.56377795  1.58575906 -2.77807189
 -0.10439703  2.4972501  -1.18087501  1.138563    1.23968254  0.60992533
 -0.95412723  1.09445085  0.78651167 -0.38577571  2.80987786 -2.13421661
  1.5744975  -0.66101945  0.99014583 -3.20641226 -2.24678748  0.33942686
 -1.06993701 -0.41581633  0.26754601  0.07160943 -1.75007404 -0.20650879
 -0.6666536   2.87377388 -1.15295757 -1.20113947 -1.13471097  1.27473972
  1.61685391 -0.83282372  2.11714766 -1.45937523 -0.24436267 -0.88850102
 -2.97026167  3.1142967  -1.79762918  3.04435724 -1.35872814 -2.33931295
  3.80671885 -1.20554574 -0.57126006 -3.09784815 -2.50424709  2.98610338
 -1.95294196 -1.67884619 -0.39456078  2.94607793  0.16339421  0.02467171
 -1.61214888 -0.14109155 -1.59611209 -3.09986322  2.90141449  1.14828301
 -0.32944606 -2.3281602   1.01548722 -1.16725197 -0.27453578 -2.15339091
 -1.89969315  1.82351182 -0.99283184  2.5836274  -0.4379201  -3.10789078
 -2.84391147  2.03975581 -3.07137735 -0.24914504 -1.03179833 -0.18971674
  2.36889584  1.71906162 -0.28129278 -1.72761361 -3.04766795  0.10847239
 -0.83644583  1.46013375 -2.52457812  0.95125565 -0.02650261  0.20607206
  1.99096408  0.73167039  0.78854086 -1.21236448  1.59297057  2.55730299
  1.27853176  0.29930742 -0.98820515  2.56902399  0.83500148 -2.23028407
 -0.01252553  1.71077738  1.06959821 -0.65575725 -2.3062614   2.42836361
  2.02633097  1.64557096  2.24731221  1.89108172 -2.1530131  -2.88242716
  0.51741259  1.36305244 -2.41126093 -1.29356238  2.43277234  1.24952811
  0.0411202  -1.76028383 -1.55253701  1.9290704   1.4720925  -0.81897351
 -0.13981059 -0.46043963 -0.16858164  2.37916735 -0.56606162 -0.65580905
  1.08154436 -2.29416086  1.01247634  2.54638784 -0.49019301  2.10210659
 -1.9777868  -0.86654661 -2.4232611  -2.29598778 -1.37772666 -2.92104826
  1.59029819  1.846715    1.65092585  1.01616333  1.41475347 -2.30870678
 -2.70909977  1.76211523  1.00714571 -0.42313786 -2.63061855  1.55831824
 -1.2159187  -2.50037497  0.05589451]
Thu Jun 13 23:57:53 2024,782,0.0826970833507931,[-2.85768612  2.06600493 -1.60922554  0.03740628  0.46136275 -3.25979496
  3.23509502  2.08527545  1.03681854 -1.01428084  0.556391    1.3205778
  1.29347502 -1.87157656  0.78844333  2.88268639 -0.3830078  -0.42863809
 -1.91809591  0.84541265  1.63443036  2.91023258 -1.39790962 -0.43656875
 -2.18461532 -2.09349837  3.1222918   2.81039665 -0.70455539 -2.62525051
  1.53777451 -0.19867435 -2.43015064  1.84475819  1.13292685 -0.62017406
  1.10626079 -2.01950759 -0.22482833  2.25669046 -0.33715236  0.47462587
  2.43027621  0.57834617  2.64374881  2.91177721  2.81808084 -2.94252278
  0.27803676 -0.39376817  1.72819084  2.99010741 -0.3574878  -2.33869051
  2.72810066 -3.18182326  0.55001006 -0.69303495 -1.74747378  3.09345069
 -1.96145504 -1.675262   -2.55490081  2.3622728  -2.13814166  1.96192625
  1.72800136  1.46162987  2.5257169   2.88442511  2.00375776  1.48644672
 -1.76197419 -2.38899075  1.14895882  0.56493288  1.58460413 -2.77922682
 -0.1032421   2.49609518 -1.18202993  1.13740807  1.23852761  0.6087704
 -0.9529723   1.09329592  0.78535674 -0.38462079  2.81103279 -2.13306168
  1.57565243 -0.66217438  0.99130076 -3.20756719 -2.24563256  0.34058179
 -1.06878208 -0.4146614   0.26870094  0.07276436 -1.75122896 -0.20766372
 -0.66780853  2.87261896 -1.15180264 -1.2022944  -1.1358659   1.27589465
  1.61569898 -0.83397865  2.11830259 -1.46053015 -0.24320774 -0.88734609
 -2.96910674  3.11314177 -1.79647425  3.04320231 -1.35988307 -2.34046787
  3.80556392 -1.20670067 -0.57010513 -3.09900308 -2.50540202  2.98725831
 -1.95178703 -1.68000111 -0.39340585  2.94723286  0.16454914  0.02351679
 -1.61099395 -0.13993662 -1.59726702 -3.09870829  2.90025956  1.14943794
 -0.32829113 -2.32700528  1.01433229 -1.16609704 -0.27569071 -2.15454584
 -1.90084808  1.82466675 -0.99167691  2.58478232 -0.43676517 -3.1090457
 -2.84506639  2.04091074 -3.07022242 -0.24799011 -1.03295326 -0.18856181
  2.37005076  1.72021655 -0.2824477  -1.72645868 -3.04651302  0.10731746
 -0.83760076  1.46128868 -2.5234232   0.95010072 -0.02534768  0.20722699
  1.99211901  0.73051546  0.78738593 -1.21351941  1.5941255   2.55845791
  1.27737683  0.30046235 -0.98705022  2.57017892  0.83384655 -2.23143899
 -0.01368046  1.70962245  1.06844328 -0.65691218 -2.30741633  2.42720868
  2.02517604  1.64672589  2.24615728  1.89223664 -2.15416803 -2.88358209
  0.51856752  1.36189751 -2.410106   -1.29240745  2.43161742  1.25068304
  0.04227512 -1.76143876 -1.55369194  1.93022533  1.47324743 -0.81781858
 -0.14096552 -0.46159456 -0.16742671  2.37801242 -0.56721655 -0.65465412
  1.08269928 -2.29531578  1.01132141  2.54754276 -0.49134794  2.10095166
 -1.97894173 -0.86539168 -2.42441603 -2.29483286 -1.37888159 -2.92220319
  1.58914326  1.84556007  1.64977092  1.0150084   1.4159084  -2.30755185
 -2.7102547   1.76327015  1.00830063 -0.42429279 -2.62946362  1.55716331
 -1.21707363 -2.5015299   0.05704943]
Thu Jun 13 23:58:15 2024,783,0.08268130824752487,[-2.85830263  2.06538843 -1.60984204  0.03678977  0.46197926 -3.26041146
  3.23447852  2.08465895  1.03620204 -1.01366434  0.55577449  1.3199613
  1.29285852 -1.87219307  0.78782683  2.88330289 -0.3836243  -0.42925459
 -1.91747941  0.84479614  1.63504686  2.90961608 -1.39729311 -0.43718525
 -2.18523183 -2.09288187  3.1229083   2.81101315 -0.70393889 -2.62586701
  1.53839102 -0.19929085 -2.42953413  1.84414169  1.13231035 -0.62079056
  1.10564428 -2.01889109 -0.22421183  2.25607396 -0.33776886  0.47524237
  2.42965971  0.57896267  2.64436531  2.91239371  2.81869734 -2.94190628
  0.27742026 -0.39315166  1.72757434  2.99072391 -0.3581043  -2.33930701
  2.72748416 -3.18120676  0.54939356 -0.69365145 -1.74809029  3.0940672
 -1.96083853 -1.6746455  -2.55428431  2.3628893  -2.13875817  1.96254275
  1.72738485  1.46101336  2.5263334   2.88504161  2.00314126  1.48583022
 -1.76259069 -2.38837425  1.14957532  0.56431637  1.58398763 -2.77861031
 -0.1026256   2.49671168 -1.18141343  1.13679157  1.23791111  0.6081539
 -0.9535888   1.09267942  0.78474024 -0.38400428  2.81164929 -2.13244518
  1.57626893 -0.66279088  0.99191726 -3.20818369 -2.24501605  0.34119829
 -1.06816558 -0.4152779   0.26808444  0.07214786 -1.75184547 -0.20704722
 -0.66719203  2.87200245 -1.15241914 -1.20167789 -1.1352494   1.27527814
  1.61631549 -0.83459515  2.11891909 -1.46114666 -0.24259124 -0.88796259
 -2.96849024  3.11252527 -1.79709076  3.04381881 -1.35926657 -2.34108438
  3.80618043 -1.20608417 -0.57072163 -3.09838657 -2.50601852  2.9866418
 -1.95117053 -1.67938461 -0.39402236  2.94661636  0.16516564  0.02290028
 -1.61161045 -0.13932012 -1.59665052 -3.09932479  2.89964306  1.14882144
 -0.32767463 -2.32638877  1.01371579 -1.16548054 -0.2750742  -2.15516234
 -1.90146458  1.82405025 -0.99106041  2.58416582 -0.43738167 -3.1084292
 -2.8456829   2.04152724 -3.06960592 -0.24860661 -1.03233676 -0.18794531
  2.37066727  1.71960004 -0.28306421 -1.72707519 -3.04589652  0.10793397
 -0.83698425  1.46190518 -2.5240397   0.94948422 -0.02473118  0.20661049
  1.99273551  0.73113196  0.78676943 -1.21290291  1.594742    2.55907442
  1.27676033  0.29984584 -0.98643372  2.57079542  0.83323005 -2.23082249
 -0.01306396  1.70900595  1.06905979 -0.65629568 -2.30803283  2.42659218
  2.02455954  1.64734239  2.24677378  1.89285315 -2.15478453 -2.88296559
  0.51795101  1.36251401 -2.4107225  -1.29302395  2.43223392  1.25129954
  0.04165862 -1.76082225 -1.55430844  1.92960882  1.47263093 -0.81843509
 -0.14034901 -0.46221106 -0.16804321  2.37739592 -0.56660004 -0.65403762
  1.08208278 -2.29469928  1.01070491  2.54815927 -0.49073144  2.10033516
 -1.97955823 -0.86600818 -2.42503253 -2.29544936 -1.37826509 -2.92158669
  1.58852676  1.84617657  1.64915442  1.0156249   1.4165249  -2.30816835
 -2.7096382   1.76265365  1.00768413 -0.42490929 -2.62884712  1.55654681
 -1.21645713 -2.5021464   0.05643293]
Thu Jun 13 23:58:32 2024,784,0.08268126497392589,[-2.85831718  2.06540299 -1.6098566   0.03680433  0.46199381 -3.26042602
  3.23449308  2.08464439  1.0362166  -1.0136789   0.55575994  1.31994674
  1.29284396 -1.87217851  0.78784139  2.88328834 -0.38360975 -0.42926915
 -1.91749397  0.8448107   1.63506142  2.90960152 -1.39727856 -0.43717069
 -2.18521727 -2.09286731  3.12289375  2.81099859 -0.70395345 -2.62585246
  1.53840557 -0.19930541 -2.42954869  1.84412713  1.13232491 -0.62080511
  1.10565884 -2.01887653 -0.22422639  2.2560594  -0.33778342  0.47522782
  2.42967427  0.57894811  2.64437987  2.91237915  2.81871189 -2.94189172
  0.27743482 -0.39313711  1.72755978  2.99073847 -0.35808974 -2.33932157
  2.72749872 -3.1811922   0.549379   -0.69366601 -1.74810484  3.09405264
 -1.96085309 -1.67463094 -2.55426975  2.36290386 -2.13874361  1.96255731
  1.7273703   1.46102792  2.52631884  2.88505617  2.0031267   1.48584478
 -1.76260525 -2.38835969  1.14956077  0.56430182  1.58397307 -2.77859576
 -0.10264016  2.49672623 -1.18139887  1.13677701  1.23792567  0.60816846
 -0.95357424  1.09266486  0.78472568 -0.38398973  2.81166385 -2.13245974
  1.57625437 -0.66277632  0.9919027  -3.20816913 -2.2450015   0.34118373
 -1.06815102 -0.41526334  0.268099    0.0721333  -1.75183091 -0.20706177
 -0.66720659  2.8719879  -1.15240458 -1.20166334 -1.13526396  1.27526359
  1.61630093 -0.83458059  2.11893365 -1.46116121 -0.2426058  -0.88794804
 -2.96847568  3.11251071 -1.7970762   3.04383337 -1.35925201 -2.34109893
  3.80619498 -1.20606961 -0.57070707 -3.09840113 -2.50600397  2.98665636
 -1.95118508 -1.67937005 -0.3940078   2.94663091  0.16515108  0.02288573
 -1.61159589 -0.13930556 -1.59666508 -3.09933935  2.89965762  1.14883599
 -0.32766007 -2.32640333  1.01370123 -1.16546598 -0.27508876 -2.15514778
 -1.90147914  1.82403569 -0.99107497  2.58415126 -0.43739623 -3.10841464
 -2.84566834  2.04151268 -3.06959136 -0.24859206 -1.0323222  -0.18795986
  2.37065271  1.71958549 -0.28304965 -1.72706063 -3.04591107  0.10791941
 -0.83699881  1.46191974 -2.52402514  0.94949877 -0.02471662  0.20662505
  1.99275007  0.73114652  0.78678399 -1.21288835  1.59472744  2.55908897
  1.27677489  0.2998604  -0.98641916  2.57078087  0.83321549 -2.23083705
 -0.01307852  1.70899139  1.06904523 -0.65628112 -2.30804739  2.42657762
  2.02454498  1.64735695  2.24678834  1.8928677  -2.15479909 -2.88298014
  0.51796557  1.36249945 -2.41070794 -1.29303851  2.43221936  1.25131409
  0.04167318 -1.76083681 -1.55429388  1.92962338  1.47264549 -0.81844964
 -0.14033446 -0.46222562 -0.16805777  2.37741047 -0.56658549 -0.65402306
  1.08206823 -2.29468472  1.01071947  2.54817382 -0.490746    2.1003206
 -1.97957279 -0.86599363 -2.42504709 -2.29546392 -1.37825053 -2.92160124
  1.5885122   1.84619113  1.64916898  1.01563946  1.41651034 -2.30818291
 -2.70962364  1.76266821  1.00769869 -0.42489473 -2.62883256  1.55656137
 -1.21644257 -2.50216096  0.05644749]
Thu Jun 13 23:58:48 2024,785,0.08267042780352789,[-2.85810817  2.06519397 -1.61006562  0.03701335  0.46178479 -3.260217
  3.2347021   2.08485341  1.03600758 -1.01346988  0.55596895  1.32015576
  1.29305298 -1.87196949  0.78805041  2.88349736 -0.38340073 -0.42947816
 -1.91728495  0.84501972  1.63527044  2.90981054 -1.39748758 -0.43696167
 -2.18500825 -2.09265829  3.12268473  2.81078957 -0.70374443 -2.62606147
  1.53861459 -0.19909639 -2.42933967  1.84433615  1.13253393 -0.6205961
  1.10586786 -2.01908555 -0.22443541  2.25626842 -0.33799244  0.4750188
  2.42988328  0.57873909  2.64417085  2.91217013  2.81892091 -2.9416827
  0.27764383 -0.39334612  1.7277688   2.99094749 -0.35829876 -2.33953058
  2.7272897  -3.18140122  0.54958802 -0.69387502 -1.74789583  3.09384362
 -1.96106211 -1.67442192 -2.55406073  2.36269484 -2.13895263  1.96276633
  1.72716128  1.4608189   2.52610982  2.88484715  2.00291768  1.48605379
 -1.76281427 -2.38815067  1.14935175  0.5640928   1.58418209 -2.77880477
 -0.10243114  2.49651722 -1.18160789  1.136568    1.23813469  0.60837748
 -0.95336522  1.09287388  0.78451666 -0.38378071  2.81145483 -2.13225072
  1.57604536 -0.66298534  0.99169368 -3.20837815 -2.24521052  0.34097471
 -1.067942   -0.41505432  0.26788998  0.07192428 -1.75203993 -0.20727079
 -0.6674156   2.87219692 -1.15219556 -1.20187236 -1.13547298  1.27505457
  1.61609191 -0.83478961  2.11872463 -1.46137023 -0.24239678 -0.88815705
 -2.96826666  3.11230169 -1.79686718  3.04362435 -1.35904299 -2.34088992
  3.806404   -1.20586059 -0.57049805 -3.09819211 -2.50579495  2.98686538
 -1.95097607 -1.67957907 -0.39421682  2.94642189  0.1653601   0.02267671
 -1.61180491 -0.13951458 -1.59645606 -3.09954837  2.89986664  1.14862697
 -0.32786909 -2.32661235  1.01349222 -1.16525696 -0.27529778 -2.1553568
 -1.90168816  1.82382667 -0.99086595  2.58394225 -0.43760525 -3.10862366
 -2.84545932  2.04130366 -3.06938234 -0.24838304 -1.03253122 -0.18816888
  2.37044369  1.71979451 -0.28325867 -1.72685161 -3.04570206  0.10771039
 -0.83720783  1.46171072 -2.52423416  0.94928975 -0.02450761  0.20641603
  1.99254105  0.73135554  0.78699301 -1.21267933  1.59451842  2.55887995
  1.27698391  0.30006942 -0.98662818  2.57057185  0.83342451 -2.23062803
 -0.01328753  1.70878237  1.06925425 -0.6560721  -2.30783837  2.42678664
  2.024754    1.64714793  2.24657932  1.89265868 -2.15459007 -2.88318916
  0.51775655  1.36270847 -2.41091696 -1.29324753  2.43242838  1.25152311
  0.04146416 -1.76062779 -1.5545029   1.92941436  1.47243647 -0.81865866
 -0.14054347 -0.4620166  -0.16784875  2.37720145 -0.5667945  -0.65423208
  1.08185921 -2.29447571  1.01092849  2.54838284 -0.49053698  2.10052962
 -1.97936377 -0.86578461 -2.42483807 -2.29567293 -1.37845955 -2.92181026
  1.58872122  1.84640015  1.64895996  1.01584848  1.41630132 -2.30839193
 -2.70983266  1.76287723  1.00790771 -0.42468571 -2.62862354  1.55635235
 -1.21623355 -2.50195194  0.05623847]
Thu Jun 13 23:59:04 2024,786,0.08249926995623968,[-2.85677494  2.06386074 -1.60873239  0.03834658  0.46045157 -3.26155023
  3.23336887  2.08618663  1.03467436 -1.0148031   0.55730218  1.31882253
  1.29171975 -1.87330272  0.78671718  2.88483058 -0.3820675  -0.43081139
 -1.91861817  0.84635295  1.63393721  2.91114377 -1.3988208  -0.43562845
 -2.18367503 -2.09399152  3.12401795  2.8121228  -0.7024112  -2.62472825
  1.53994782 -0.19776317 -2.4306729   1.84300292  1.1312007  -0.61926287
  1.10720109 -2.01775232 -0.22576863  2.25760165 -0.33665921  0.47368557
  2.43121651  0.58007232  2.64283762  2.91083691  2.81758769 -2.94034947
  0.27897706 -0.39467935  1.72643557  2.98961426 -0.35963199 -2.33819736
  2.72595647 -3.180068    0.54825479 -0.6925418  -1.74922905  3.09251039
 -1.95972888 -1.6730887  -2.5527275   2.36402807 -2.1376194   1.9614331
  1.7284945   1.46215213  2.5247766   2.88618038  2.00158445  1.48738702
 -1.76148104 -2.3894839   1.14801852  0.56275957  1.58284886 -2.780138
 -0.10109791  2.49785044 -1.18027467  1.13790122  1.23680146  0.6097107
 -0.952032    1.09154065  0.78318343 -0.38511393  2.81278805 -2.13091749
  1.57471213 -0.66165212  0.99036046 -3.20704492 -2.24654374  0.34230794
 -1.06927523 -0.41638755  0.2692232   0.07325751 -1.75337315 -0.20593757
 -0.66874883  2.87086369 -1.15086234 -1.20320558 -1.1368062   1.27372134
  1.61475868 -0.83612284  2.12005786 -1.46003701 -0.24373001 -0.88682383
 -2.96693343  3.11363492 -1.79553395  3.04495757 -1.36037622 -2.33955669
  3.80773723 -1.20452736 -0.57183128 -3.09952534 -2.50446172  2.98819861
 -1.95230929 -1.6809123  -0.39555004  2.94775512  0.16402687  0.02134348
 -1.61313814 -0.13818135 -1.59778928 -3.09821514  2.89853341  1.14729375
 -0.32653587 -2.32794558  1.01215899 -1.16392373 -0.27663101 -2.15402357
 -1.90035493  1.82249345 -0.99219918  2.58260902 -0.43627202 -3.10729044
 -2.84679255  2.04263689 -3.07071557 -0.24704981 -1.03386444 -0.18683566
  2.37177692  1.72112773 -0.28459189 -1.72551838 -3.04703528  0.10904362
 -0.8358746   1.46304394 -2.52290093  0.94795653 -0.02317438  0.2050828
  1.99120783  0.73002231  0.78832623 -1.21401256  1.59585165  2.55754673
  1.27831713  0.30140265 -0.98796141  2.56923862  0.83209128 -2.23196126
 -0.01195431  1.70744915  1.06792102 -0.65473887 -2.30650514  2.42545342
  2.02342077  1.64581471  2.24524609  1.89399191 -2.1559233  -2.88452239
  0.51908978  1.36137525 -2.41225019 -1.29458075  2.43376161  1.25018989
  0.04279739 -1.76196102 -1.55583613  1.92808114  1.47376969 -0.81999189
 -0.1418767  -0.46068338 -0.16651552  2.37853468 -0.56812773 -0.65556531
  1.08052598 -2.29314248  1.01226171  2.54971607 -0.48920375  2.10186285
 -1.97803055 -0.86445138 -2.4261713  -2.29700616 -1.37712632 -2.92047704
  1.59005445  1.84506692  1.64762673  1.01451525  1.41763455 -2.30972515
 -2.70849943  1.761544    1.00657448 -0.42601894 -2.62995677  1.55501912
 -1.21490032 -2.50061872  0.0575717 ]
Thu Jun 13 23:59:25 2024,787,0.08238525201602365,[-2.85545874  2.06254454 -1.61004859  0.03703038  0.45913537 -3.26023403
  3.23468507  2.08750283  1.03599056 -1.0161193   0.55598598  1.32013873
  1.29040356 -1.87198652  0.78540098  2.88351438 -0.3807513  -0.42949519
 -1.91993437  0.84766915  1.63262101  2.91245997 -1.400137   -0.43694465
 -2.18235883 -2.09530772  3.12270175  2.8108066  -0.7037274  -2.62341205
  1.54126402 -0.19644697 -2.4293567   1.84431912  1.1325169  -0.61794667
  1.10851729 -2.01906852 -0.22708483  2.25891785 -0.33534301  0.47236937
  2.42990031  0.57875612  2.64415382  2.90952071  2.81890389 -2.94166567
  0.27766086 -0.39336315  1.72511937  2.98829806 -0.35831579 -2.33688116
  2.72727267 -3.1787518   0.54957099 -0.6912256  -1.74791285  3.09119419
 -1.95841268 -1.6717725  -2.5540437   2.36534427 -2.1363032   1.9601169
  1.7298107   1.46346833  2.5260928   2.88486418  2.00290065  1.48607082
 -1.76279724 -2.3881677   1.14670232  0.56407577  1.58416506 -2.7814542
 -0.09978171  2.49916664 -1.17895847  1.13658502  1.23811766  0.6110269
 -0.9507158   1.09285685  0.78449963 -0.38379773  2.81147185 -2.13223369
  1.57339593 -0.66033592  0.98904426 -3.20572872 -2.24522754  0.34099174
 -1.06795903 -0.41507135  0.2705394   0.07194131 -1.75205695 -0.20725377
 -0.66743263  2.87217989 -1.15217854 -1.20188938 -1.13549     1.27503754
  1.61607488 -0.83743904  2.12137406 -1.45872081 -0.24504621 -0.88814003
 -2.96561723  3.11495112 -1.79421775  3.04364137 -1.35906002 -2.33824049
  3.80905343 -1.20321116 -0.57314748 -3.10084154 -2.50314552  2.98951481
 -1.95099309 -1.6795961  -0.39423384  2.94907132  0.16271067  0.02265968
 -1.61445434 -0.13686515 -1.59910548 -3.09689894  2.89984961  1.14597755
 -0.32521967 -2.32662938  1.01084279 -1.16260753 -0.27531481 -2.15270737
 -1.89903873  1.82380965 -0.99088298  2.58129282 -0.43495582 -3.10860664
 -2.84810875  2.04395309 -3.06939937 -0.24573361 -1.03254824 -0.18551946
  2.37046072  1.71981153 -0.28590809 -1.72420218 -3.04571908  0.10772742
 -0.8371908   1.46436014 -2.52421713  0.94664033 -0.02185818  0.206399
  1.99252403  0.72870611  0.78701003 -1.21532876  1.59716785  2.55623053
  1.27963333  0.30271885 -0.98664521  2.57055482  0.83077508 -2.23064506
 -0.01327051  1.70876535  1.06660482 -0.65605507 -2.30782134  2.42413722
  2.02473697  1.64449851  2.24392989  1.89530811 -2.1546071  -2.88320619
  0.51777358  1.36005905 -2.41356639 -1.29326455  2.43507781  1.24887369
  0.04411359 -1.76064482 -1.55715233  1.92939734  1.47508589 -0.81867569
 -0.1431929  -0.46199958 -0.16783172  2.37985088 -0.56681153 -0.65424911
  1.08184218 -2.29182628  1.01094551  2.55103227 -0.48788755  2.10317905
 -1.97934675 -0.86313518 -2.4274875  -2.29832236 -1.37581012 -2.92179324
  1.59137065  1.84638312  1.64894293  1.01583145  1.41631835 -2.30840895
 -2.70981563  1.7628602   1.00789068 -0.42470274 -2.63127297  1.55633532
 -1.21621652 -2.49930252  0.0588879 ]
Thu Jun 13 23:59:44 2024,788,0.08236744457718409,[-2.85485976  2.06194556 -1.60944961  0.03762936  0.45973435 -3.25963505
  3.23408609  2.08810181  1.03658954 -1.01671828  0.55658496  1.31953975
  1.29100254 -1.8725855   0.784802    2.8829154  -0.38015232 -0.43009417
 -1.91933539  0.84707017  1.63202203  2.91186099 -1.40073598 -0.43754363
 -2.18175985 -2.09470874  3.12330073  2.81020762 -0.70312842 -2.62281307
  1.54066504 -0.19704595 -2.42995568  1.84372014  1.13311588 -0.61854565
  1.10791831 -2.0196675  -0.22648585  2.25831887 -0.33594199  0.47177039
  2.43049929  0.5793551   2.6447528   2.91011969  2.81830491 -2.94106669
  0.27825984 -0.39276417  1.72571835  2.98769908 -0.35771681 -2.33748014
  2.72787165 -3.17815282  0.55016997 -0.69062662 -1.74851183  3.09179317
 -1.95901166 -1.67237148 -2.55464268  2.36594325 -2.13690218  1.95951792
  1.73040968  1.46286935  2.52669178  2.88546316  2.00349963  1.48547184
 -1.76339622 -2.38756872  1.1473013   0.56347679  1.58356608 -2.78205318
 -0.09918273  2.49856766 -1.17835949  1.137184    1.23871664  0.61162588
 -0.95011682  1.09225787  0.78390065 -0.38439671  2.81207083 -2.13163471
  1.57279695 -0.65973694  0.98964324 -3.2063277  -2.24462856  0.34159072
 -1.06855801 -0.41447237  0.26994042  0.07254029 -1.75265593 -0.20665479
 -0.66803161  2.87277887 -1.15157956 -1.2012904  -1.13608898  1.27443856
  1.61667386 -0.83803802  2.12197304 -1.45931979 -0.24564519 -0.88754105
 -2.96621622  3.1155501  -1.79481673  3.04424035 -1.359659   -2.33764151
  3.80845445 -1.20381014 -0.57374646 -3.10144052 -2.50254654  2.99011379
 -1.95039411 -1.67899712 -0.39483282  2.9496703   0.16211169  0.0220607
 -1.61385536 -0.13626617 -1.59970446 -3.09629996  2.89925063  1.14657653
 -0.32581865 -2.32722836  1.01144177 -1.16200855 -0.27471583 -2.15330635
 -1.89843975  1.82440863 -0.990284    2.5818918  -0.43435684 -3.10800766
 -2.84870773  2.04455207 -3.06999835 -0.24513463 -1.03194926 -0.18611844
  2.36986174  1.72041051 -0.28530911 -1.7236032  -3.04631806  0.10712844
 -0.83659182  1.46376116 -2.52361815  0.94723931 -0.0212592   0.20580002
  1.99192505  0.72810713  0.78641105 -1.21592774  1.59776683  2.55563155
  1.27903435  0.30331783 -0.98724419  2.56995584  0.8301761  -2.23004608
 -0.01386949  1.70816637  1.0672038  -0.65545609 -2.30842032  2.42353824
  2.02413799  1.64389953  2.24333091  1.89590709 -2.15520608 -2.88260721
  0.5171746   1.35946007 -2.41296741 -1.29386353  2.43447883  1.24827471
  0.04351461 -1.7612438  -1.55655335  1.92879836  1.47448691 -0.81807671
 -0.14379188 -0.4614006  -0.16723274  2.3792519  -0.56741051 -0.65484809
  1.0812432  -2.29242526  1.01154449  2.55163125 -0.48848653  2.10377803
 -1.97994573 -0.8625362  -2.42688852 -2.29772338 -1.3764091  -2.92239222
  1.59196963  1.84578414  1.64834395  1.01643043  1.41571937 -2.30780997
 -2.70921665  1.76226122  1.0072917  -0.42410376 -2.63067399  1.55573634
 -1.21561754 -2.4999015   0.05948688]
Fri Jun 14 00:00:00 2024,789,0.08226078909811337,[-2.85612164  2.06068368 -1.61071149  0.03636747  0.46099623 -3.26089693
  3.23282421  2.08683993  1.03785142 -1.01798017  0.55532308  1.32080163
  1.29226442 -1.87132361  0.78606388  2.88165352 -0.3814142  -0.42883229
 -1.92059728  0.84580828  1.63076015  2.91059911 -1.3994741  -0.43628174
 -2.18302173 -2.09344686  3.12456262  2.8114695  -0.70439031 -2.62407495
  1.53940316 -0.19830783 -2.43121756  1.84498203  1.13437776 -0.61728377
  1.10665642 -2.01840562 -0.22522397  2.25705698 -0.33468011  0.47050851
  2.42923741  0.57809322  2.64601469  2.91138157  2.81956679 -2.94232858
  0.27699796 -0.39150229  1.72445647  2.9864372  -0.35897869 -2.33621826
  2.72660977 -3.17689094  0.54890809 -0.68936474 -1.74977371  3.09053129
 -1.95774978 -1.67363336 -2.5533808   2.36720513 -2.1356403   1.95825604
  1.73167157  1.46160747  2.52795366  2.88420128  2.00223775  1.48420996
 -1.76213434 -2.38630684  1.14603942  0.56473867  1.5823042  -2.7807913
 -0.10044461  2.49982954 -1.17709761  1.13592212  1.23997852  0.610364
 -0.94885494  1.09099599  0.78263877 -0.38313483  2.81333272 -2.13037283
  1.57405883 -0.66099882  0.98838136 -3.20506582 -2.24336668  0.3428526
 -1.06729613 -0.41321049  0.26867854  0.07127841 -1.75391782 -0.20791667
 -0.66676973  2.87404075 -1.15031768 -1.20002852 -1.13735086  1.27570044
  1.61541198 -0.83677614  2.12323492 -1.45805791 -0.24690707 -0.88627917
 -2.9674781   3.11428822 -1.79355485  3.04550224 -1.35839712 -2.33637963
  3.80719257 -1.20507203 -0.57500834 -3.1027024  -2.50380842  2.9888519
 -1.95165599 -1.680259   -0.39357094  2.94840842  0.16084981  0.02332258
 -1.61511724 -0.13500429 -1.59844258 -3.09756184  2.90051251  1.14783841
 -0.32455676 -2.32596647  1.01270365 -1.16327044 -0.27345394 -2.15204447
 -1.89717787  1.82314674 -0.99154588  2.58062992 -0.43561872 -3.10674577
 -2.84744584  2.04581395 -3.06873647 -0.24387275 -1.03321115 -0.18485656
  2.37112362  1.72167239 -0.28404723 -1.72234132 -3.04757994  0.10839032
 -0.83532994  1.46502304 -2.52488003  0.94597743 -0.02252108  0.20453814
  1.99318693  0.72684525  0.78767293 -1.21718962  1.59902871  2.55436967
  1.28029624  0.30457971 -0.98598231  2.56869396  0.83143799 -2.22878419
 -0.01513137  1.70942825  1.06846568 -0.65671798 -2.30968221  2.42227635
  2.02539987  1.64263764  2.24206903  1.89464521 -2.15646796 -2.88134533
  0.51591272  1.35819818 -2.41170553 -1.29512542  2.43574071  1.24953659
  0.04225272 -1.76250568 -1.55529147  1.93006024  1.47322503 -0.81933859
 -0.14253    -0.46013871 -0.16849463  2.37799002 -0.56867239 -0.65610997
  1.08250508 -2.29116338  1.01280638  2.55036937 -0.48974841  2.10503991
 -1.98120761 -0.86379809 -2.42562663 -2.29898526 -1.37514722 -2.9236541
  1.59323151  1.84704603  1.64960583  1.01516855  1.41698125 -2.30654809
 -2.70795477  1.7635231   1.00855358 -0.42536564 -2.63193587  1.55699823
 -1.21687943 -2.49863962  0.05822499]
Fri Jun 14 00:00:16 2024,790,0.08225402964567914,[-2.85656291  2.06112495 -1.61027022  0.03680874  0.46055496 -3.2613382
  3.23326548  2.08639866  1.03829269 -1.01842144  0.55488181  1.3212429
  1.29270569 -1.87176488  0.78650515  2.88209479 -0.38097293 -0.42839102
 -1.92015601  0.84536701  1.63031888  2.91015784 -1.39991537 -0.43672301
 -2.18258046 -2.09300559  3.12412135  2.81102823 -0.70394904 -2.62451622
  1.53984443 -0.1987491  -2.43165883  1.84454076  1.13481903 -0.61772504
  1.10709769 -2.01884689 -0.2247827   2.25661571 -0.33423884  0.47094978
  2.42967868  0.57765195  2.64645596  2.91182284  2.81912552 -2.94188731
  0.27743923 -0.39194356  1.7240152   2.98687847 -0.35853742 -2.33577699
  2.72705104 -3.17733221  0.54846682 -0.68892347 -1.74933244  3.09097256
 -1.95730851 -1.67319209 -2.55293953  2.3676464  -2.13608157  1.95869731
  1.73211284  1.4611662   2.52751239  2.88464255  2.00267902  1.48465123
 -1.76257561 -2.3867481   1.14648069  0.5642974   1.58274547 -2.78035003
 -0.10088588  2.49938827 -1.17753888  1.13636339  1.24041979  0.61080527
 -0.94841367  1.09055472  0.7821975  -0.38269356  2.81377399 -2.12993156
  1.5745001  -0.66055755  0.98794009 -3.20462455 -2.24380795  0.34241133
 -1.06685486 -0.41276922  0.26823727  0.07083714 -1.75435909 -0.2074754
 -0.66632846  2.87448202 -1.15075895 -1.19958725 -1.13779213  1.27614171
  1.61497071 -0.83721741  2.12367619 -1.45849918 -0.24734834 -0.88672044
 -2.96703683  3.11472949 -1.79311358  3.04594351 -1.35795585 -2.33593836
  3.80763384 -1.20463076 -0.57456707 -3.10314367 -2.50336715  2.98841063
 -1.95121472 -1.67981773 -0.39312967  2.94796715  0.16040854  0.02376385
 -1.61555851 -0.13456302 -1.59800131 -3.09712057  2.90095378  1.14827968
 -0.32411549 -2.3255252   1.01226238 -1.16371171 -0.27389521 -2.15248574
 -1.89761914  1.82358801 -0.99198715  2.58018865 -0.43605999 -3.1063045
 -2.84788711  2.04537268 -3.06917774 -0.24431402 -1.03365241 -0.18529783
  2.37068235  1.72123112 -0.2844885  -1.72190005 -3.04713867  0.10794905
 -0.83577121  1.46546431 -2.5253213   0.94553616 -0.02207981  0.20497941
  1.99274566  0.72728652  0.78723166 -1.21674835  1.59946998  2.55481094
  1.28073751  0.30413844 -0.98554104  2.56913523  0.83187926 -2.22834292
 -0.01557264  1.70898698  1.06890695 -0.65715925 -2.30924094  2.42271762
  2.02584114  1.64219637  2.2425103   1.89508648 -2.15690923 -2.8817866
  0.51547145  1.35775691 -2.4121468  -1.29468415  2.43529944  1.24909532
  0.04269399 -1.76294695 -1.55573274  1.92961897  1.47278376 -0.81977986
 -0.14297127 -0.46057998 -0.16805336  2.37754875 -0.56823112 -0.65655124
  1.08294635 -2.29160465  1.01324765  2.5499281  -0.48930714  2.10548118
 -1.98164888 -0.86335682 -2.4260679  -2.29942653 -1.37470595 -2.92321283
  1.59279024  1.8474873   1.64916456  1.01560982  1.41742252 -2.30610682
 -2.7075135   1.76396437  1.00899485 -0.42492437 -2.6314946   1.55655696
 -1.21643816 -2.49908089  0.05778372]
Fri Jun 14 00:00:33 2024,791,0.08218139274454178,[-2.8574887   2.06019917 -1.61119601  0.03773453  0.46148075 -3.26041242
  3.23419126  2.08732445  1.0373669  -1.01749565  0.55580759  1.32031712
  1.2917799  -1.87269067  0.78743094  2.881169   -0.38004715 -0.4293168
 -1.92108179  0.84444123  1.63124466  2.91108362 -1.39898958 -0.4376488
 -2.18165467 -2.0920798   3.12504713  2.81010245 -0.70487482 -2.62359044
  1.53891864 -0.19967488 -2.43073305  1.84361497  1.13389325 -0.61865082
  1.10802348 -2.01977268 -0.22570849  2.2575415  -0.33331306  0.47187556
  2.42875289  0.57672616  2.64553017  2.91274862  2.8200513  -2.94096152
  0.27836501 -0.39286934  1.72494098  2.98780425 -0.3594632  -2.33670277
  2.72612525 -3.17825799  0.5493926  -0.68799768 -1.74840666  3.09189835
 -1.9582343  -1.67411787 -2.55386532  2.36857218 -2.13515579  1.95777152
  1.73118705  1.46209198  2.5265866   2.88556833  2.00360481  1.48372544
 -1.76350139 -2.38767389  1.14740647  0.56522319  1.58367126 -2.77942424
 -0.10181167  2.49846249 -1.17661309  1.1354376   1.23949401  0.60987949
 -0.94933945  1.0914805   0.78312329 -0.38361935  2.8128482  -2.13085734
  1.57357432 -0.65963176  0.9870143  -3.20369877 -2.24288216  0.34148555
 -1.06778064 -0.41184343  0.26731149  0.07176292 -1.7534333  -0.20654961
 -0.66540267  2.87355624 -1.14983316 -1.20051304 -1.13871792  1.2770675
  1.6158965  -0.83629162  2.1227504  -1.45757339 -0.24642255 -0.88579465
 -2.96611104  3.1138037  -1.79403937  3.04686929 -1.35888163 -2.33686414
  3.80670805 -1.20370497 -0.57364129 -3.10406946 -2.50429294  2.98748485
 -1.95028894 -1.67889195 -0.39220389  2.94704136  0.16133433  0.02283807
 -1.61648429 -0.13363724 -1.59707553 -3.09619479  2.900028    1.1473539
 -0.32318971 -2.32645099  1.01318817 -1.16463749 -0.274821   -2.15155996
 -1.89669335  1.8245138  -0.99291293  2.58111443 -0.43513421 -3.10537872
 -2.84696133  2.04629846 -3.06825195 -0.24338823 -1.0345782  -0.18437204
  2.37160813  1.72215691 -0.28541428 -1.72097427 -3.04621289  0.10887483
 -0.836697    1.4663901  -2.52624709  0.94646194 -0.02115403  0.20405362
  1.99181987  0.7282123   0.78815745 -1.21582256  1.60039577  2.55573672
  1.27981172  0.30506422 -0.98461525  2.56820944  0.83095347 -2.22926871
 -0.01464686  1.70991277  1.06983274 -0.65623346 -2.31016672  2.42179184
  2.02676693  1.64127059  2.24158452  1.89416069 -2.15783501 -2.88271238
  0.51454566  1.35683113 -2.41122101 -1.29560993  2.43622522  1.2500211
  0.04176821 -1.76387274 -1.55480695  1.92869318  1.47185798 -0.82070565
 -0.14389705 -0.46150577 -0.16897914  2.37847453 -0.56730534 -0.65562546
  1.08202057 -2.29253043  1.01417343  2.54900231 -0.48838136  2.1045554
 -1.98072309 -0.86243103 -2.42699369 -2.30035232 -1.37563174 -2.92228704
  1.59186446  1.84656151  1.65009035  1.01468404  1.41649674 -2.30518104
 -2.70658771  1.76303859  1.00806907 -0.42399859 -2.63242039  1.55748274
 -1.21551237 -2.50000667  0.05870951]
Fri Jun 14 00:00:54 2024,792,0.08218116598177322,[-2.85735774  2.06006821 -1.61132697  0.03760357  0.4616117  -3.26054337
  3.23432222  2.0874554   1.03723594 -1.01762661  0.55593855  1.32018616
  1.29164894 -1.87255971  0.78729998  2.88103805 -0.38017811 -0.42918585
 -1.92095083  0.84431027  1.63111371  2.91095266 -1.39912054 -0.43777976
 -2.18178563 -2.09221076  3.12491617  2.80997149 -0.70500578 -2.62372139
  1.5390496  -0.19980584 -2.430864    1.84348401  1.13402421 -0.61878178
  1.10815444 -2.01964172 -0.22557753  2.25767246 -0.33344401  0.47200652
  2.42862194  0.57685712  2.64566113  2.91287958  2.81992035 -2.94109248
  0.27823405 -0.39273838  1.72507194  2.98793521 -0.35933224 -2.33657181
  2.72625621 -3.17812703  0.54952356 -0.68812864 -1.74853762  3.0920293
 -1.95836526 -1.67424883 -2.55399627  2.36844122 -2.13502483  1.95764057
  1.73131801  1.46196102  2.52645565  2.88569929  2.00373577  1.48359448
 -1.76363235 -2.38754293  1.14753743  0.56509223  1.58380221 -2.77929329
 -0.10194263  2.49859345 -1.17648213  1.13556856  1.23962497  0.60974853
 -0.94920849  1.09161146  0.78299233 -0.38348839  2.81297916 -2.1309883
  1.57344336 -0.65976272  0.98714526 -3.20356781 -2.24275121  0.34135459
 -1.0679116  -0.41197439  0.26718053  0.07163196 -1.75356426 -0.20668057
 -0.66553363  2.87342528 -1.1497022  -1.20064399 -1.13884888  1.27719846
  1.61602746 -0.83616066  2.12288136 -1.45744243 -0.24655351 -0.88566369
 -2.96598008  3.11367275 -1.79417033  3.04700025 -1.35901259 -2.3369951
  3.80657709 -1.20383593 -0.57351033 -3.1039385  -2.5044239   2.98735389
 -1.9504199  -1.67876099 -0.39233485  2.9469104   0.16120337  0.02296903
 -1.61635334 -0.1337682  -1.59720649 -3.09632575  2.90015896  1.14748485
 -0.32332067 -2.32658195  1.01305721 -1.16450653 -0.27495196 -2.15169092
 -1.89682431  1.82438284 -0.99304389  2.58098347 -0.43526517 -3.10550968
 -2.84683037  2.04642942 -3.06812099 -0.24325728 -1.03470916 -0.18424108
  2.37147717  1.72228787 -0.28528333 -1.72110523 -3.04608193  0.10900579
 -0.83682795  1.46625914 -2.52637805  0.94633098 -0.02128499  0.20392267
  1.99195083  0.72834326  0.78828841 -1.21595352  1.60052673  2.55560576
  1.27994268  0.30493326 -0.98448429  2.56807849  0.83082251 -2.22939967
 -0.0145159   1.71004372  1.0699637  -0.65636442 -2.31029768  2.42166088
  2.02663597  1.64113963  2.24145356  1.89402974 -2.15770405 -2.88284334
  0.51467662  1.35696209 -2.41135197 -1.29574089  2.43609427  1.24989015
  0.04163725 -1.76374178 -1.55493791  1.92882414  1.47198893 -0.8208366
 -0.14376609 -0.46163673 -0.16884818  2.37860549 -0.5674363  -0.65575642
  1.08188961 -2.29239947  1.01404247  2.54887135 -0.48851232  2.10468635
 -1.98059214 -0.86256199 -2.42686273 -2.30048327 -1.37550078 -2.92215609
  1.5917335   1.84643055  1.64995939  1.01481499  1.41662769 -2.30505008
 -2.70671867  1.76290763  1.00793811 -0.42386763 -2.63228943  1.55735178
 -1.21538141 -2.50013763  0.05857855]
Fri Jun 14 00:01:12 2024,793,0.0821598726875676,[-2.85798708  2.06069755 -1.61195631  0.03823292  0.46098236 -3.26117272
  3.23495157  2.08808475  1.0366066  -1.01699726  0.5565679   1.31955682
  1.29227829 -1.87318905  0.78792933  2.8804087  -0.38080745 -0.4285565
 -1.92032149  0.84493962  1.63174305  2.91032332 -1.3984912  -0.4384091
 -2.18241498 -2.09158142  3.12428683  2.81060083 -0.70437643 -2.62435074
  1.53967894 -0.1991765  -2.43023466  1.84285467  1.13465355 -0.61941113
  1.10878378 -2.02027106 -0.22494818  2.2583018  -0.33281467  0.47263587
  2.42925128  0.57622777  2.64503179  2.91350893  2.82054969 -2.94046313
  0.27760471 -0.39336773  1.7244426   2.98856456 -0.3587029  -2.33594247
  2.72688556 -3.17749769  0.55015291 -0.68875798 -1.74916696  3.09139996
 -1.95773591 -1.67361949 -2.55336693  2.36907057 -2.13439548  1.95701122
  1.73068867  1.46259037  2.52708499  2.88506994  2.00436511  1.48422383
 -1.76300301 -2.38817228  1.14690809  0.56572158  1.58317287 -2.77992263
 -0.10131328  2.49922279 -1.17711148  1.13493922  1.23899562  0.60911918
 -0.94857915  1.09098212  0.78362167 -0.38285904  2.8136085  -2.13035896
  1.5740727  -0.65913338  0.98651592 -3.20293846 -2.24212186  0.34072525
 -1.06854094 -0.41134505  0.26655118  0.07100262 -1.7541936  -0.20730992
 -0.66490429  2.87405462 -1.15033155 -1.20001465 -1.13821953  1.27656911
  1.6166568  -0.83679001  2.12351071 -1.45807178 -0.24718286 -0.88503435
 -2.96660943  3.1130434  -1.79479967  3.0463709  -1.35838325 -2.33636576
  3.80720644 -1.20320659 -0.57288098 -3.10330915 -2.50379455  2.98672455
 -1.94979055 -1.67813164 -0.39296419  2.94628106  0.16057402  0.02233968
 -1.61698268 -0.13313885 -1.59783583 -3.0956964   2.9007883   1.1481142
 -0.32269132 -2.3259526   1.01368655 -1.16387719 -0.2755813  -2.15232026
 -1.89619497  1.82501218 -0.99241455  2.58161282 -0.43463582 -3.10613902
 -2.84745971  2.04580008 -3.06875034 -0.24388662 -1.03407981 -0.18361174
  2.37210652  1.72291721 -0.28591267 -1.72047588 -3.04671128  0.10963514
 -0.8374573   1.4656298  -2.52700739  0.94696033 -0.02065564  0.20329332
  1.99258018  0.72897261  0.78891775 -1.21532418  1.60115607  2.55623511
  1.27931333  0.30556261 -0.98385495  2.56744914  0.83145186 -2.23002901
 -0.01388655  1.70941438  1.06933435 -0.65699376 -2.31092702  2.42229023
  2.02600662  1.64051029  2.24082421  1.89465908 -2.1583334  -2.88221399
  0.51404728  1.35759143 -2.41072262 -1.29511155  2.43546492  1.25051949
  0.0422666  -1.76437112 -1.55556726  1.92945349  1.47261828 -0.82020726
 -0.14439544 -0.46100738 -0.16821884  2.37923484 -0.56806564 -0.65638576
  1.08251895 -2.29302882  1.01467182  2.54824201 -0.48788297  2.1053157
 -1.97996279 -0.86193264 -2.42623338 -2.30111262 -1.37613012 -2.92152674
  1.59236284  1.8470599   1.65058873  1.01418565  1.41725704 -2.30442073
 -2.70734802  1.76227829  1.00856745 -0.42449697 -2.63291877  1.55798113
 -1.21601076 -2.50076697  0.0592079 ]
Fri Jun 14 00:01:28 2024,794,0.08215400539153545,[-2.85903149  2.06174196 -1.61091191  0.03718851  0.45993796 -3.26012831
  3.23599597  2.08912915  1.037651   -1.01804167  0.5576123   1.32060122
  1.29332269 -1.87423346  0.78897373  2.8814531  -0.38185186 -0.4296009
 -1.92136589  0.84598402  1.63069865  2.90927891 -1.3995356  -0.43945351
 -2.18345938 -2.09262582  3.12533123  2.81164524 -0.70333203 -2.62330633
  1.54072335 -0.2002209  -2.43127906  1.84181026  1.13569796 -0.62045553
  1.10773938 -2.01922666 -0.22599259  2.2572574  -0.33177027  0.47368027
  2.43029568  0.57518337  2.64398738  2.91455333  2.82159409 -2.94150754
  0.27656031 -0.39441213  1.72339819  2.98960896 -0.3597473  -2.33489806
  2.72584115 -3.17645328  0.5491085  -0.68771358 -1.74812256  3.09035556
 -1.95669151 -1.67257508 -2.55441133  2.37011497 -2.13543989  1.95805563
  1.73173307  1.46363477  2.52812939  2.88611435  2.00332071  1.48526823
 -1.76404741 -2.38921668  1.14586368  0.56467717  1.58421727 -2.77887823
 -0.10026888  2.5002672  -1.17606707  1.13389481  1.24004003  0.61016359
 -0.94753474  1.08993771  0.78466608 -0.38390345  2.8125641  -2.12931455
  1.57511711 -0.65808897  0.98547151 -3.20398287 -2.24316627  0.34176965
 -1.06958535 -0.41238945  0.26759559  0.06995821 -1.75523801 -0.20835432
 -0.66594869  2.87509903 -1.14928714 -1.20105905 -1.13926394  1.27552471
  1.6156124  -0.83783441  2.1224663  -1.45911618 -0.24822726 -0.88398994
 -2.96765383  3.1140878  -1.79375527  3.04741531 -1.35942765 -2.33741016
  3.80825084 -1.20425099 -0.57392539 -3.10435356 -2.50483896  2.98568014
 -1.95083496 -1.67708724 -0.39400859  2.94523666  0.16161843  0.02338409
 -1.61802708 -0.13209445 -1.59679143 -3.094652    2.8997439   1.1470698
 -0.32373573 -2.32699701  1.01264215 -1.16492159 -0.2745369  -2.15336466
 -1.89723937  1.82396778 -0.99345895  2.58056841 -0.43359142 -3.10718343
 -2.84850412  2.04475567 -3.06770594 -0.24284222 -1.03512422 -0.18465614
  2.37315092  1.72396162 -0.28695708 -1.71943148 -3.04566687  0.10859073
 -0.83641289  1.4666742  -2.5280518   0.94800473 -0.01961124  0.20224892
  1.99153577  0.73001701  0.78787335 -1.21636858  1.60220047  2.55727951
  1.28035774  0.30660701 -0.98489935  2.56849355  0.83249626 -2.22898461
 -0.01493096  1.71045878  1.07037876 -0.65594936 -2.31197143  2.42124582
  2.02496222  1.63946588  2.24186862  1.89570348 -2.1593778  -2.88116959
  0.51300287  1.35654703 -2.41176703 -1.29406714  2.43650932  1.24947509
  0.043311   -1.76332672 -1.55452285  1.92840908  1.47157387 -0.82125166
 -0.14335104 -0.46205179 -0.16926324  2.37819043 -0.56702124 -0.65534136
  1.08147455 -2.29407322  1.01571622  2.54928641 -0.48683857  2.1042713
 -1.97891839 -0.86297705 -2.42518898 -2.30006822 -1.37717453 -2.92257115
  1.59340725  1.84601549  1.64954433  1.01314125  1.41830144 -2.30337633
 -2.70839242  1.76123388  1.00752305 -0.42345257 -2.63396318  1.55693672
 -1.21705516 -2.50181138  0.05816349]
Fri Jun 14 00:01:43 2024,795,0.08215354405340394,[-2.85906494  2.0617085  -1.61094536  0.03722197  0.45997141 -3.26016177
  3.23596251  2.08909569  1.03761755 -1.01807513  0.55764576  1.32063468
  1.29335615 -1.8742      0.78900719  2.88141965 -0.3818184  -0.42956745
 -1.92133243  0.84595056  1.63066519  2.90931237 -1.39956906 -0.43948696
 -2.18349284 -2.09259236  3.12536469  2.8116787  -0.70329857 -2.62333979
  1.54075681 -0.20018744 -2.43124561  1.84184372  1.13573141 -0.62048899
  1.10770592 -2.0191932  -0.22595913  2.25722394 -0.33180372  0.47371373
  2.43026223  0.57514991  2.64395392  2.91451987  2.82162755 -2.94147408
  0.27652685 -0.39437867  1.72336474  2.9895755  -0.35978076 -2.33493152
  2.72587461 -3.17648674  0.54907504 -0.68768012 -1.74815602  3.0903221
 -1.95665805 -1.67260854 -2.55444479  2.37014843 -2.13547334  1.95808908
  1.73176653  1.46366823  2.52816285  2.88608089  2.00328725  1.48523478
 -1.76408087 -2.38925014  1.14589714  0.56471063  1.58425073 -2.77891168
 -0.10030234  2.50030065 -1.17603361  1.13386136  1.24000657  0.61019705
 -0.9475682   1.08990426  0.78463262 -0.38393691  2.81253064 -2.12934801
  1.57515057 -0.65805552  0.98550497 -3.20401633 -2.24313281  0.34173619
 -1.06955189 -0.41235599  0.26762905  0.06999167 -1.75520455 -0.20832086
 -0.66598215  2.87513249 -1.14925369 -1.20102559 -1.13923048  1.27549125
  1.61564585 -0.83780095  2.12249976 -1.45914964 -0.24826072 -0.8840234
 -2.96768729  3.11405435 -1.79372181  3.04744877 -1.35946111 -2.33744362
  3.8082843  -1.20428445 -0.57389193 -3.10438701 -2.5048055   2.9857136
 -1.95086841 -1.67705378 -0.39404205  2.9452032   0.16158497  0.02341754
 -1.61806054 -0.13206099 -1.59675797 -3.09461854  2.89971044  1.14703634
 -0.32370227 -2.32696355  1.01260869 -1.16488813 -0.27457036 -2.15333121
 -1.89727283  1.82400124 -0.99349241  2.58053496 -0.43355796 -3.10714997
 -2.84853758  2.04478913 -3.06773939 -0.24280876 -1.03515768 -0.1846896
  2.37311746  1.72392816 -0.28699053 -1.71939802 -3.04563341  0.10855728
 -0.83644635  1.46670766 -2.52801834  0.94797127 -0.01957778  0.20228238
  1.99150232  0.72998355  0.78783989 -1.21640204  1.60216702  2.55724605
  1.28032428  0.30657355 -0.98486589  2.568527    0.83252972 -2.22901807
 -0.01496442  1.71042532  1.07041221 -0.65598282 -2.31193797  2.42127928
  2.02499568  1.63949934  2.24183516  1.89567003 -2.15934434 -2.88120305
  0.51303633  1.35658049 -2.41180049 -1.2941006   2.43647587  1.24944163
  0.04334446 -1.76329326 -1.55455631  1.92844254  1.47160733 -0.82128512
 -0.14331758 -0.46208525 -0.16922978  2.37822389 -0.5670547  -0.65537481
  1.08150801 -2.29410668  1.01574968  2.54925296 -0.48680511  2.10423784
 -1.97888493 -0.86294359 -2.42515552 -2.30010167 -1.37720798 -2.92253769
  1.59337379  1.84598204  1.64951087  1.0131747   1.41826799 -2.30334287
 -2.70835896  1.76126734  1.00755651 -0.42341911 -2.63399663  1.55690326
 -1.2170217  -2.50184484  0.05819695]
Fri Jun 14 00:02:00 2024,796,0.08210627799791403,[-2.85960099  2.06224454 -1.61040932  0.03668593  0.45943537 -3.25962573
  3.23649856  2.08855965  1.03815359 -1.01861117  0.5581818   1.32009863
  1.29389219 -1.87366396  0.78954323  2.8808836  -0.38128236 -0.43010349
 -1.92186848  0.8464866   1.63012914  2.90877633 -1.39903302 -0.44002301
 -2.18295679 -2.09205632  3.12590073  2.81221474 -0.70383462 -2.62280375
  1.54022076 -0.1996514  -2.43178165  1.84130768  1.13519537 -0.61995294
  1.10716988 -2.01972924 -0.22542308  2.2566879  -0.33233977  0.47317768
  2.42972618  0.57461387  2.64341788  2.91398383  2.82109151 -2.94201012
  0.27706289 -0.39491472  1.72282869  2.99011155 -0.35924472 -2.33439548
  2.72641065 -3.17702278  0.54961109 -0.68821617 -1.74761997  3.09085814
 -1.95612201 -1.67314459 -2.55390875  2.37068448 -2.13600939  1.95755304
  1.73123048  1.46420427  2.5286989   2.88661693  2.0027512   1.48469873
 -1.76354482 -2.38978618  1.14643319  0.56524667  1.58371469 -2.77944773
 -0.09976629  2.5008367  -1.17656966  1.1343974   1.24054261  0.609661
 -0.94810425  1.0904403   0.78516866 -0.38340086  2.81306669 -2.12988406
  1.57568661 -0.65859156  0.98496893 -3.20348028 -2.24259676  0.34227224
 -1.06901585 -0.41289204  0.267093    0.06945563 -1.75574059 -0.20885691
 -0.66651819  2.87566853 -1.14871764 -1.20156164 -1.13976652  1.27602729
  1.61510981 -0.83726491  2.12196372 -1.4586136  -0.24772467 -0.88348736
 -2.96822334  3.1135183  -1.79318576  3.04691272 -1.35892506 -2.33690757
  3.80774826 -1.2037484  -0.57442797 -3.10492306 -2.50534154  2.98517756
 -1.95033237 -1.67758982 -0.3945781   2.94573924  0.16212101  0.0228815
 -1.6175245  -0.13259703 -1.59622192 -3.09515458  2.8991744   1.14650029
 -0.32423831 -2.32749959  1.01207265 -1.16435209 -0.2751064  -2.15386725
 -1.89673679  1.82453728 -0.99295636  2.57999891 -0.43302191 -3.10661392
 -2.84800153  2.04532518 -3.06720335 -0.24227271 -1.03569372 -0.18522564
  2.37258142  1.72339211 -0.28752658 -1.71886198 -3.04616946  0.10802123
 -0.83591031  1.46617161 -2.52748229  0.94850732 -0.02011382  0.20174633
  1.99203836  0.7305196   0.78837593 -1.21693808  1.60163097  2.5577821
  1.28086032  0.30603751 -0.98432985  2.56906305  0.83199368 -2.22848202
 -0.01442837  1.70988928  1.07094826 -0.65544677 -2.31140193  2.42074324
  2.02445963  1.6389633   2.24129912  1.89513398 -2.15988039 -2.88173909
  0.51357237  1.35711653 -2.41233653 -1.29356456  2.43701191  1.24997767
  0.04280841 -1.7638293  -1.55509235  1.92897859  1.47214338 -0.82074908
 -0.14385362 -0.46262129 -0.16869374  2.37875993 -0.56651865 -0.65483877
  1.08204405 -2.29464273  1.01521364  2.54871691 -0.48626907  2.10370179
 -1.97942097 -0.86240755 -2.42461948 -2.29956563 -1.37667194 -2.92200164
  1.59390983  1.84651808  1.65004692  1.01371075  1.41880403 -2.30387892
 -2.70782292  1.76180338  1.00702046 -0.42395516 -2.63346059  1.55743931
 -1.21648566 -2.50130879  0.05766091]
Fri Jun 14 00:02:16 2024,797,0.08203489979265334,[-2.85874423  2.06138778 -1.61126608  0.03754269  0.45857861 -3.26048249
  3.23735532  2.08770289  1.03729683 -1.01775441  0.55903856  1.32095539
  1.29303543 -1.8728072   0.78868647  2.88002684 -0.3804256  -0.42924673
 -1.92272524  0.84562984  1.6309859   2.90791957 -1.39817626 -0.44087977
 -2.18210003 -2.09119956  3.12675749  2.8130715  -0.70297786 -2.62366051
  1.54107752 -0.20050816 -2.43263841  1.84045092  1.13433861 -0.61909618
  1.10631312 -2.020586   -0.22627984  2.25754466 -0.33319653  0.47232092
  2.42886942  0.57375711  2.64256112  2.91312707  2.82194827 -2.94286688
  0.27620613 -0.39577148  1.72197193  2.98925479 -0.36010148 -2.33525224
  2.72555389 -3.17787954  0.55046785 -0.68907293 -1.74847673  3.09000138
 -1.95697877 -1.67400135 -2.55476551  2.36982772 -2.13686615  1.95669628
  1.73037372  1.46334751  2.52784214  2.88747369  2.00360796  1.48555549
 -1.76440158 -2.39064294  1.14728995  0.56438991  1.58457145 -2.77859097
 -0.10062305  2.50169346 -1.17742642  1.13354064  1.24139937  0.61051776
 -0.94724749  1.08958354  0.78602542 -0.3825441   2.81392345 -2.1290273
  1.57482985 -0.6577348   0.98582569 -3.20433704 -2.24174     0.34141548
 -1.06987261 -0.4137488   0.26623624  0.07031239 -1.75488383 -0.20800015
 -0.66566143  2.87481177 -1.1495744  -1.20070488 -1.13890976  1.27517053
  1.61425305 -0.83812167  2.12110696 -1.45775684 -0.24858143 -0.88434412
 -2.96736658  3.11437506 -1.79404252  3.04605596 -1.3580683  -2.33605081
  3.80860502 -1.20289164 -0.57528473 -3.10577982 -2.50448478  2.9843208
 -1.95118913 -1.67673306 -0.39543486  2.94488248  0.16126425  0.02373826
 -1.61666774 -0.13345379 -1.59707868 -3.09429782  2.90003116  1.14564353
 -0.32509507 -2.32835635  1.01292941 -1.16520885 -0.27424964 -2.15472401
 -1.89588003  1.82368052 -0.9920996   2.57914215 -0.43216515 -3.10747068
 -2.84714477  2.04446842 -3.06634659 -0.24141595 -1.03655048 -0.1860824
  2.37343818  1.72253535 -0.28838334 -1.71971874 -3.04702622  0.10716447
 -0.83505355  1.46702837 -2.52662553  0.94936408 -0.02097058  0.20088957
  1.9911816   0.72966284  0.78923269 -1.21608132  1.60248773  2.55863886
  1.28171708  0.30518075 -0.98518661  2.56820629  0.83285044 -2.22762526
 -0.01528513  1.70903252  1.07180502 -0.65630353 -2.31054517  2.41988648
  2.02531639  1.63810654  2.24215588  1.89427722 -2.15902363 -2.88088233
  0.51271561  1.35797329 -2.41147977 -1.29442132  2.43615515  1.24912091
  0.04195165 -1.76297254 -1.55594911  1.92812183  1.47128662 -0.82160584
 -0.14299686 -0.46176453 -0.1695505   2.37961669 -0.56566189 -0.65398201
  1.08118729 -2.29549949  1.01435688  2.54957367 -0.48541231  2.10284503
 -1.97856421 -0.86326431 -2.42376272 -2.30042239 -1.3775287  -2.9228584
  1.59305307  1.84566132  1.65090368  1.01285399  1.41966079 -2.30302216
 -2.70867968  1.76094662  1.0061637  -0.42481192 -2.63431735  1.55829607
 -1.21734242 -2.50045203  0.05851767]
Fri Jun 14 00:02:39 2024,798,0.08205532140761859,[-2.85899027  2.06163382 -1.61102004  0.03729665  0.45833257 -3.26072853
  3.23760136  2.08794893  1.03754287 -1.01750837  0.5592846   1.32120143
  1.29328147 -1.87305324  0.78893251  2.88027288 -0.38017956 -0.42900069
 -1.9224792   0.8453838   1.63073986  2.90816561 -1.3984223  -0.44063373
 -2.18234607 -2.09095352  3.12651145  2.81282546 -0.7032239  -2.62390655
  1.54083148 -0.20026212 -2.43288445  1.84069696  1.13458465 -0.61885014
  1.10606708 -2.02033996 -0.22652588  2.2577907  -0.33344257  0.47256696
  2.42862338  0.57400315  2.64280716  2.91337311  2.82219431 -2.94311292
  0.27645217 -0.39601752  1.72221797  2.98950083 -0.36034752 -2.33549828
  2.72530785 -3.17812558  0.55022181 -0.68882689 -1.74823069  3.08975534
 -1.95673273 -1.67424739 -2.55501155  2.36958168 -2.13662011  1.95645024
  1.73012768  1.46359355  2.52808818  2.88722765  2.00336192  1.48530945
 -1.76415554 -2.39088898  1.14753599  0.56463595  1.58432541 -2.77883701
 -0.10037701  2.50144742 -1.17767246  1.13378668  1.24115333  0.61027172
 -0.94700145  1.0893375   0.78577938 -0.38229806  2.81416949 -2.12878126
  1.57507589 -0.65748876  0.98557965 -3.20458308 -2.24149396  0.34166152
 -1.07011865 -0.41350276  0.26648228  0.07006635 -1.75512987 -0.20775411
 -0.66590747  2.87456573 -1.14982044 -1.20045884 -1.13866372  1.27492449
  1.61449909 -0.83836771  2.12086092 -1.45800288 -0.24833539 -0.88409808
 -2.96761262  3.11412902 -1.79428856  3.046302   -1.35831434 -2.33629685
  3.80835898 -1.20313768 -0.57553077 -3.10553378 -2.50423874  2.98407476
 -1.95143517 -1.67648702 -0.39518882  2.94512852  0.16101821  0.0239843
 -1.61691378 -0.13369983 -1.59683264 -3.09454386  2.9002772   1.14539749
 -0.32484903 -2.32860239  1.01317545 -1.16545489 -0.27449568 -2.15497005
 -1.89612607  1.82343448 -0.99234564  2.57889611 -0.43241119 -3.10771672
 -2.84689873  2.04422238 -3.06610055 -0.24166199 -1.03679652 -0.18583636
  2.37368422  1.72278139 -0.28862938 -1.71996478 -3.04727226  0.10691843
 -0.83529959  1.46678233 -2.52687157  0.94961012 -0.02072454  0.20064353
  1.99142764  0.72990888  0.78898665 -1.21632736  1.60273377  2.55839282
  1.28196312  0.30493471 -0.98494057  2.56796025  0.8326044  -2.2278713
 -0.01503909  1.70927856  1.07205106 -0.65605749 -2.31029913  2.41964044
  2.02556243  1.6378605   2.24240192  1.89403118 -2.15926967 -2.88112837
  0.51246957  1.35821933 -2.41172581 -1.29417528  2.43640119  1.24936695
  0.04170561 -1.76321858 -1.55619515  1.92787579  1.47104058 -0.82185188
 -0.14275082 -0.46151849 -0.16979654  2.37937065 -0.56541585 -0.65422805
  1.08143333 -2.29574553  1.01460292  2.54932763 -0.48565835  2.10259899
 -1.97881025 -0.86351035 -2.42351668 -2.30017635 -1.37728266 -2.92261236
  1.59329911  1.84590736  1.65065764  1.01310003  1.41941475 -2.3032682
 -2.70843364  1.76070058  1.00640974 -0.42505796 -2.63407131  1.55854211
 -1.21758846 -2.50020599  0.05876371]
Fri Jun 14 00:02:53 2024,799,0.08201642988912497,[-2.85825768  2.06090124 -1.61028746  0.03802923  0.45759999 -3.26146111
  3.23686877  2.08868151  1.03827545 -1.01677579  0.56001719  1.32046885
  1.29254889 -1.87232065  0.78966509  2.8795403  -0.38091214 -0.42973327
 -1.92174661  0.84611639  1.63000728  2.90889819 -1.39915488 -0.44136631
 -2.18307866 -2.0916861   3.12577887  2.81355804 -0.70249131 -2.62317397
  1.5400989  -0.2009947  -2.43215187  1.84142954  1.13385207 -0.61811756
  1.10679966 -2.01960738 -0.22725847  2.25705811 -0.33417515  0.47183438
  2.42935597  0.57473573  2.64207458  2.91264053  2.82146173 -2.94238034
  0.27718475 -0.3967501   1.72295055  2.98876824 -0.35961493 -2.33623086
  2.72457527 -3.17885817  0.55095439 -0.6880943  -1.74896328  3.09048792
 -1.95746531 -1.6735148  -2.55574413  2.37031426 -2.13735269  1.95571766
  1.7293951   1.46432614  2.52882076  2.88649507  2.00409451  1.48604203
 -1.76488813 -2.39162157  1.1468034   0.56536854  1.58359282 -2.77810442
 -0.1011096   2.50071484 -1.17840504  1.13451926  1.24042075  0.60953914
 -0.94773403  1.08860492  0.7850468  -0.38303065  2.81490207 -2.12951384
  1.57580847 -0.65675618  0.98484706 -3.2038505  -2.24222655  0.34092893
 -1.07085123 -0.41277017  0.2657497   0.07079893 -1.75586246 -0.20848669
 -0.66517489  2.87529831 -1.15055302 -1.20119142 -1.13793114  1.27419191
  1.61523167 -0.83763513  2.12012833 -1.45727029 -0.24906798 -0.88483066
 -2.9683452   3.11486161 -1.79355598  3.04703459 -1.35904693 -2.33556427
  3.80909156 -1.20387027 -0.57479819 -3.10480119 -2.50350616  2.98480734
 -1.95216775 -1.67721961 -0.39445623  2.9458611   0.16028563  0.02325172
 -1.61764636 -0.13296725 -1.59756523 -3.09381128  2.89954461  1.14613008
 -0.32558162 -2.32933497  1.01390803 -1.16618747 -0.2737631  -2.15570263
 -1.89685865  1.82416707 -0.99161306  2.5796287  -0.43167861 -3.10844931
 -2.84616615  2.04348979 -3.06536797 -0.24092941 -1.0375291  -0.18656895
  2.37295164  1.72204881 -0.28936196 -1.72069736 -3.04653967  0.10618585
 -0.83456701  1.46751492 -2.52760416  0.94887753 -0.02145713  0.19991095
  1.99216022  0.73064146  0.78825407 -1.21559478  1.60346636  2.5591254
  1.28269571  0.30566729 -0.98420799  2.56869283  0.83333698 -2.22860388
 -0.01577167  1.71001114  1.07278364 -0.65532491 -2.30956654  2.42037302
  2.02482985  1.63859308  2.2431345   1.89476377 -2.16000225 -2.88039579
  0.51173699  1.35748675 -2.41245839 -1.29490786  2.43566861  1.25009954
  0.0424382  -1.762486   -1.55692774  1.9271432   1.47177316 -0.82111929
 -0.1434834  -0.46078591 -0.17052912  2.38010324 -0.56468327 -0.65496063
  1.08070075 -2.29501294  1.0153355   2.55006021 -0.48492576  2.10333158
 -1.97954284 -0.86277776 -2.4227841  -2.30090893 -1.37655008 -2.92187978
  1.59403169  1.84663994  1.64992505  1.01236744  1.42014733 -2.30400078
 -2.70770106  1.759968    1.00714233 -0.42579054 -2.63333873  1.55780952
 -1.21685588 -2.50093857  0.05803112]
Fri Jun 14 00:03:25 2024,800,0.08193176687394818,[-2.85671336  2.06244557 -1.60874313  0.0364849   0.45605566 -3.26300544
  3.2384131   2.09022584  1.03981978 -1.01523146  0.55847286  1.32201318
  1.29100456 -1.87077632  0.78812077  2.87799597 -0.37936781 -0.42818894
 -1.92020229  0.84766072  1.63155161  2.90735386 -1.39761055 -0.44291064
 -2.18153433 -2.09323043  3.12423454  2.81201371 -0.70403564 -2.6247183
  1.53855457 -0.19945037 -2.4336962   1.83988521  1.1353964  -0.61657323
  1.10525533 -2.02115171 -0.2288028   2.25860244 -0.33571948  0.47337871
  2.43090029  0.5731914   2.6436189   2.91418486  2.8199174  -2.94083601
  0.27872908 -0.39520577  1.72449488  2.99031257 -0.35807061 -2.33468653
  2.7261196  -3.17731384  0.54941006 -0.68654997 -1.74741895  3.0889436
 -1.95592098 -1.67197047 -2.5541998   2.37185859 -2.13580836  1.95726199
  1.72785077  1.46278181  2.53036509  2.88495074  2.00255018  1.48449771
 -1.76643246 -2.39007724  1.14834773  0.56691287  1.5820485  -2.77964875
 -0.10265392  2.49917051 -1.17994937  1.13606359  1.23887642  0.61108347
 -0.9461897   1.09014925  0.78350247 -0.38457497  2.8164464  -2.13105817
  1.5773528  -0.65521185  0.98330273 -3.20539483 -2.24377088  0.34247326
 -1.0693069  -0.41122584  0.26420537  0.0692546  -1.75431813 -0.20694236
 -0.66671922  2.87684264 -1.1490087  -1.19964709 -1.13638681  1.27264758
  1.616776   -0.8360908   2.11858401 -1.45572596 -0.25061231 -0.88328633
 -2.96680087  3.11640594 -1.79201165  3.04549026 -1.36059126 -2.33401994
  3.81063589 -1.20232594 -0.57634252 -3.10634552 -2.50196183  2.98326301
 -1.95371208 -1.67876394 -0.39600056  2.94740543  0.1587413   0.02479605
 -1.61610203 -0.13451158 -1.5960209  -3.09535561  2.90108894  1.14767441
 -0.32403729 -2.3308793   1.01545236 -1.16464314 -0.27530742 -2.15724696
 -1.89531432  1.8257114  -0.99006873  2.58117303 -0.43013428 -3.10999364
 -2.84462182  2.04194546 -3.06382364 -0.24247374 -1.03907343 -0.18811328
  2.37449597  1.72359314 -0.28781763 -1.71915303 -3.048084    0.10464152
 -0.83302268  1.46597059 -2.52605983  0.95042186 -0.0199128   0.20145528
  1.99370455  0.72909713  0.7897984  -1.21405045  1.60501068  2.56066973
  1.28115138  0.30412297 -0.98266366  2.57023716  0.83179265 -2.23014821
 -0.017316    1.70846682  1.07123931 -0.65686924 -2.31111087  2.42191735
  2.02637418  1.64013741  2.24467883  1.89630809 -2.16154658 -2.88194012
  0.51019266  1.35903108 -2.41400272 -1.29645219  2.43721294  1.24855521
  0.04089387 -1.76094167 -1.55847207  1.92559887  1.47022883 -0.82266362
 -0.14502773 -0.45924158 -0.16898479  2.38164757 -0.5662276  -0.65650496
  1.08224508 -2.29346861  1.01687983  2.54851589 -0.48647009  2.10178725
 -1.98108717 -0.86123343 -2.42123977 -2.2993646  -1.37500575 -2.92342411
  1.59557602  1.84818427  1.64838072  1.01082312  1.42169166 -2.30245645
 -2.70924539  1.75842367  1.005598   -0.42733487 -2.6317944   1.5562652
 -1.21531155 -2.49939425  0.05957545]
Fri Jun 14 00:03:41 2024,801,0.08190869981430163,[-2.85621502  2.0629439  -1.60924146  0.03698323  0.45555732 -3.26350377
  3.23891143  2.09072418  1.03932145 -1.01572979  0.55797452  1.32251151
  1.2915029  -1.87027799  0.78762243  2.8784943  -0.37886948 -0.42868728
 -1.92070062  0.84815905  1.63105328  2.90685553 -1.39711222 -0.44340897
 -2.181036   -2.0927321   3.12373621  2.81251205 -0.70453398 -2.62421996
  1.53805624 -0.19895204 -2.43419453  1.83938688  1.13589473 -0.61707157
  1.104757   -2.02165004 -0.22930113  2.25910077 -0.33522115  0.47288038
  2.43139863  0.57368974  2.64312057  2.91468319  2.81941906 -2.94133434
  0.27823075 -0.39570411  1.72399655  2.98981424 -0.35757227 -2.3341882
  2.72661793 -3.17681551  0.5499084  -0.68704831 -1.74791728  3.08844526
 -1.95641931 -1.67147214 -2.55370147  2.37136025 -2.1363067   1.95776032
  1.72834911  1.46228347  2.52986676  2.88445241  2.00304851  1.48399937
 -1.76593412 -2.39057557  1.1478494   0.5674112   1.58155016 -2.78014709
 -0.10215559  2.49966884 -1.17945104  1.13656193  1.23837809  0.61058513
 -0.94569137  1.09064758  0.7840008  -0.38507331  2.81694473 -2.13055984
  1.57785114 -0.65571018  0.9828044  -3.20489649 -2.24327254  0.34297159
 -1.06880857 -0.41172418  0.26370704  0.06875627 -1.75381979 -0.20744069
 -0.66622089  2.87634431 -1.14950703 -1.20014543 -1.13588848  1.27214925
  1.61627767 -0.83559246  2.11908234 -1.4562243  -0.25011397 -0.88378467
 -2.9672992   3.1159076  -1.79250999  3.04598859 -1.36108959 -2.33352161
  3.81113422 -1.2018276  -0.57684085 -3.10684386 -2.5014635   2.98276468
 -1.95421042 -1.67926227 -0.3964989   2.94790377  0.15824297  0.02429771
 -1.6156037  -0.13500991 -1.59651923 -3.09485728  2.90059061  1.14817274
 -0.32453562 -2.33137764  1.01495403 -1.16414481 -0.27580576 -2.15674863
 -1.89581265  1.82521306 -0.9895704   2.58167136 -0.43063262 -3.1094953
 -2.84412349  2.0424438  -3.0633253  -0.24197541 -1.0385751  -0.18861161
  2.3749943   1.72409147 -0.28831596 -1.7186547  -3.04758567  0.10513985
 -0.83352101  1.46547225 -2.5255615   0.9509202  -0.02041113  0.20195361
  1.99420289  0.72959546  0.78930007 -1.21355212  1.60550902  2.56116806
  1.28065304  0.3046213  -0.98316199  2.56973883  0.83129432 -2.23064655
 -0.01781434  1.70896515  1.07074098 -0.65736757 -2.3116092   2.42141902
  2.02587585  1.63963908  2.24517716  1.89680643 -2.16104825 -2.88144178
  0.50969433  1.35853274 -2.41350439 -1.29595385  2.4367146   1.24805687
  0.0413922  -1.76144    -1.55797373  1.92510054  1.47072716 -0.82216529
 -0.1445294  -0.45874324 -0.16948313  2.38114923 -0.56672593 -0.65600663
  1.08174674 -2.29396695  1.01638149  2.54901422 -0.48597176  2.10128891
 -1.98058883 -0.8607351  -2.4217381  -2.29986294 -1.37550408 -2.92292578
  1.59607436  1.84868261  1.64887906  1.01132145  1.42119333 -2.30295478
 -2.70974372  1.75792534  1.00509967 -0.4278332  -2.63229273  1.55676353
 -1.21481321 -2.49989258  0.06007378]
Fri Jun 14 00:03:59 2024,802,0.08189527046131825,[-2.85671227  2.06344114 -1.60874422  0.03748048  0.45506008 -3.26400102
  3.23940868  2.09022693  1.0388242  -1.01523255  0.55847177  1.32300876
  1.29200014 -1.87077523  0.78712519  2.87899155 -0.37936672 -0.42819003
 -1.92119786  0.84766181  1.63155052  2.90735277 -1.39760946 -0.44390622
 -2.18153324 -2.09223485  3.12423345  2.81300929 -0.70503122 -2.62471721
  1.53755899 -0.1984548  -2.43469177  1.83888963  1.13539748 -0.61657432
  1.10425975 -2.0211528  -0.22979837  2.25959802 -0.33571839  0.47337762
  2.43090138  0.57418698  2.64262333  2.91518043  2.81892182 -2.94183159
  0.27872799 -0.39620135  1.72449379  2.989317   -0.35707503 -2.33468544
  2.72711518 -3.17631826  0.54941115 -0.68754555 -1.74841452  3.08794802
 -1.95691656 -1.67196938 -2.55320423  2.37086301 -2.13580945  1.95726308
  1.72884635  1.46278072  2.530364    2.88395516  2.00255127  1.48449662
 -1.76543688 -2.39107281  1.14735215  0.56790844  1.58105292 -2.78064433
 -0.10265283  2.4991716  -1.17994828  1.13705917  1.23887533  0.61008789
 -0.94618861  1.09015033  0.78449805 -0.38457606  2.81644749 -2.13105708
  1.57735389 -0.65521294  0.98330164 -3.20439925 -2.24376979  0.34247435
 -1.06930581 -0.41122693  0.26420428  0.06825903 -1.75332255 -0.20694345
 -0.66572364  2.87584706 -1.14900979 -1.19964818 -1.13638572  1.27264649
  1.61677491 -0.83608971  2.11957958 -1.45572705 -0.24961673 -0.88428191
 -2.96779645  3.11640485 -1.79201274  3.04648583 -1.36158683 -2.33401885
  3.81163147 -1.20133036 -0.57634361 -3.10634661 -2.50196074  2.98226743
 -1.95470766 -1.67975951 -0.39600165  2.94840101  0.15874021  0.02380047
 -1.61510646 -0.13451267 -1.59701648 -3.09535452  2.90009336  1.14866998
 -0.32403838 -2.33088039  1.01545127 -1.16464205 -0.27530851 -2.15625139
 -1.8963099   1.82471582 -0.99006764  2.5821686  -0.43112986 -3.10999255
 -2.84362624  2.04294104 -3.06382255 -0.24147816 -1.03907234 -0.18910885
  2.37549154  1.72458872 -0.28881321 -1.71915194 -3.04708843  0.1056371
 -0.83302377  1.4659695  -2.52605874  0.95042295 -0.01991389  0.20145637
  1.99470013  0.72909822  0.78880282 -1.21404936  1.60501177  2.56067082
  1.28115029  0.30412405 -0.98266475  2.57023607  0.83179156 -2.2301493
 -0.01831158  1.7084679   1.07123822 -0.65786482 -2.31111196  2.42191626
  2.0253786   1.63914183  2.24567441  1.89730367 -2.160551   -2.88193903
  0.51019157  1.3580355  -2.41300715 -1.29545661  2.43621736  1.24855412
  0.04089496 -1.76094276 -1.55847098  1.92559778  1.47022992 -0.82166805
 -0.14502664 -0.458246   -0.16898588  2.38164648 -0.56622869 -0.65550939
  1.08224399 -2.29446419  1.01687874  2.54951146 -0.486469    2.10178616
 -1.98009159 -0.86123234 -2.42223534 -2.30036018 -1.37500684 -2.92242853
  1.5965716   1.84917985  1.64838181  1.01082421  1.42069608 -2.30345203
 -2.70924648  1.75842258  1.00460242 -0.42733596 -2.63179549  1.55726077
 -1.21531046 -2.49939534  0.06057103]
Fri Jun 14 00:04:15 2024,803,0.08183684385627459,[-2.85805942  2.0647883  -1.61009138  0.03613332  0.45371292 -3.26534818
  3.23806152  2.08887978  1.04017136 -1.0165797   0.55712461  1.3216616
  1.2933473  -1.86942808  0.78847235  2.87764439 -0.38071388 -0.42684288
 -1.9198507   0.84631465  1.63289768  2.90600562 -1.3962623  -0.44255906
 -2.18018608 -2.09358201  3.12288629  2.81166213 -0.70368406 -2.62337005
  1.53621184 -0.19980195 -2.43603893  1.84023679  1.13674464 -0.61522716
  1.1029126  -2.02249996 -0.22845122  2.26094518 -0.33706555  0.47472478
  2.43224854  0.57283982  2.64127617  2.91383327  2.81757466 -2.94048443
  0.27738084 -0.39485419  1.72584095  2.99066415 -0.35572787 -2.33333829
  2.72576802 -3.1749711   0.55075831 -0.68889271 -1.74976168  3.08929518
 -1.95826371 -1.67331654 -2.55185707  2.37221017 -2.13446229  1.95591592
  1.72749919  1.46412788  2.52901684  2.88530232  2.00389843  1.48314946
 -1.76678404 -2.39241997  1.146005    0.56656129  1.58240008 -2.78199149
 -0.10399999  2.49782444 -1.17860112  1.13571201  1.24022249  0.60874073
 -0.94753577  1.09149749  0.78584521 -0.38592322  2.81510033 -2.13240424
  1.57870105 -0.65386578  0.98195449 -3.20574641 -2.24511694  0.34112719
 -1.06795865 -0.40987978  0.26285712  0.06960618 -1.75466971 -0.20829061
 -0.6670708   2.87449991 -1.15035694 -1.19830102 -1.13773288  1.27129933
  1.61542776 -0.83743687  2.11823243 -1.45437989 -0.25096389 -0.88562907
 -2.96644929  3.11505769 -1.79066558  3.04513868 -1.36293399 -2.33536601
  3.81028431 -1.1999832  -0.57499645 -3.10769377 -2.5033079   2.98361459
 -1.95605482 -1.67841236 -0.39734881  2.94974817  0.16008737  0.02514763
 -1.6137593  -0.13316551 -1.59836363 -3.09670168  2.90144052  1.15001714
 -0.32269122 -2.32953324  1.01410411 -1.1632949  -0.27665567 -2.15759854
 -1.89496274  1.82336866 -0.9914148   2.58351576 -0.43247702 -3.1113397
 -2.84227909  2.0442882  -3.06516971 -0.24282532 -1.03772518 -0.19045601
  2.37414439  1.72324156 -0.29016037 -1.71780478 -3.04574127  0.10428994
 -0.83437092  1.46731666 -2.52471158  0.94907579 -0.02126104  0.20280353
  1.99604729  0.73044538  0.78745566 -1.2127022   1.60635893  2.56201798
  1.27980313  0.30547121 -0.98401191  2.57158323  0.8304444  -2.23149646
 -0.01696442  1.70981506  1.07258538 -0.65651766 -2.3097648   2.4205691
  2.02672576  1.63779467  2.24432725  1.89595651 -2.16189816 -2.88328619
  0.51153873  1.35938266 -2.4143543  -1.29680377  2.43756452  1.24720696
  0.04224212 -1.76228992 -1.55981813  1.92694494  1.46888276 -0.82032089
 -0.1463738  -0.45959316 -0.16763873  2.38299363 -0.56488153 -0.65416223
  1.08089683 -2.29581135  1.01553158  2.54816431 -0.48781616  2.100439
 -1.97874443 -0.85988519 -2.42088819 -2.29901302 -1.376354   -2.92108137
  1.59791876  1.85052701  1.64703466  1.01217136  1.42204324 -2.30479918
 -2.70789932  1.75976974  1.00325526 -0.4259888  -2.63314265  1.55860793
 -1.21665761 -2.49804818  0.06191819]
Fri Jun 14 00:04:30 2024,804,0.08182648026125645,[-2.85749379  2.06422267 -1.61065701  0.03556769  0.45314729 -3.26591381
  3.23862715  2.08831415  1.04073699 -1.01714533  0.55769024  1.32109597
  1.29278167 -1.86999371  0.78790672  2.87707876 -0.38014825 -0.42627725
 -1.91928508  0.84688028  1.63233205  2.90657125 -1.39682793 -0.44312469
 -2.18075171 -2.09414764  3.12232066  2.8110965  -0.70311843 -2.62280442
  1.53677747 -0.19923633 -2.43660456  1.84080242  1.13731027 -0.61466153
  1.10347822 -2.02193433 -0.22901685  2.26037955 -0.33649992  0.47529041
  2.43281417  0.57227419  2.64071054  2.91326765  2.81700903 -2.9399188
  0.27681521 -0.39541982  1.72640658  2.99009852 -0.3562935  -2.33390391
  2.72633365 -3.17440547  0.55132394 -0.68945834 -1.74919605  3.08986081
 -1.95769808 -1.67388217 -2.55129144  2.3727758  -2.13389666  1.95648155
  1.72693356  1.46356225  2.52845121  2.88473669  2.0033328   1.48371509
 -1.76734967 -2.39185434  1.14543937  0.56712692  1.58296571 -2.78142586
 -0.10343436  2.49839007 -1.17916675  1.13627764  1.24078812  0.6081751
 -0.94697014  1.09093186  0.78527958 -0.38648885  2.8145347  -2.13296987
  1.57813542 -0.65330015  0.98252012 -3.20631204 -2.24455131  0.34169282
 -1.06852428 -0.41044541  0.26229149  0.07017181 -1.75523534 -0.20885624
 -0.66763643  2.87506554 -1.14979131 -1.19773539 -1.13829851  1.27186496
  1.61486213 -0.83687124  2.1176668  -1.45381427 -0.25039826 -0.8861947
 -2.96588366  3.11562332 -1.79009995  3.04457305 -1.36236836 -2.33480038
  3.81084994 -1.20054883 -0.57556208 -3.1082594  -2.50387353  2.98418022
 -1.95548919 -1.67897799 -0.39678318  2.9503138   0.15952174  0.024582
 -1.61432493 -0.13373114 -1.59892926 -3.09613605  2.90087489  1.14945151
 -0.32325685 -2.33009887  1.01353848 -1.16272927 -0.2772213  -2.15816417
 -1.89439711  1.82393429 -0.99084917  2.58408139 -0.43191139 -3.11190533
 -2.84171346  2.04485383 -3.06573533 -0.24339095 -1.03829081 -0.19102164
  2.37357876  1.72380719 -0.28959474 -1.71837041 -3.0463069   0.10485557
 -0.83493655  1.46788229 -2.52527721  0.94964142 -0.02182667  0.2022379
  1.99661292  0.72987975  0.78689004 -1.21213657  1.60692456  2.56258361
  1.2792375   0.30603684 -0.98457754  2.57214886  0.83101003 -2.23206209
 -0.01639879  1.71038069  1.07201975 -0.65595203 -2.30919917  2.42000347
  2.02729139  1.63722905  2.24489288  1.89652214 -2.16246379 -2.88272056
  0.5109731   1.35994829 -2.41378867 -1.29623814  2.43813015  1.24777259
  0.04167649 -1.76285555 -1.5592525   1.92637931  1.46831713 -0.82088652
 -0.14693943 -0.45902753 -0.1670731   2.38355926 -0.5643159  -0.6535966
  1.0803312  -2.29637698  1.01496595  2.54872993 -0.48725053  2.09987337
 -1.9781788  -0.85931956 -2.42032256 -2.29957865 -1.37578837 -2.921647
  1.59735313  1.85109264  1.64646903  1.01160573  1.42260887 -2.30423356
 -2.70846495  1.76033537  1.00268963 -0.42542317 -2.63257702  1.5580423
 -1.21609199 -2.49748255  0.06248382]
Fri Jun 14 00:04:54 2024,805,0.08159143767120217,[-2.85976524  2.06195123 -1.60838556  0.03329625  0.45541873 -3.26364236
  3.23635571  2.0860427   1.03846555 -1.01941678  0.5554188   1.32336741
  1.29051023 -1.87226515  0.78563527  2.8793502  -0.37787681 -0.4240058
 -1.91701363  0.84460884  1.63460349  2.9042998  -1.39909938 -0.44085325
 -2.18302315 -2.09641908  3.12459211  2.80882506 -0.70084699 -2.62053298
  1.53904891 -0.19696488 -2.43433312  1.83853098  1.13503883 -0.61239009
  1.10120678 -2.02420577 -0.23128829  2.2581081  -0.33422848  0.47301897
  2.43054273  0.57000275  2.64298198  2.91553909  2.81928047 -2.93764736
  0.27908665 -0.39769126  1.72413514  2.98782708 -0.35856494 -2.33163247
  2.72406221 -3.17667692  0.5490525  -0.6871869  -1.75146749  3.08758936
 -1.95996953 -1.67615361 -2.54902     2.37050436 -2.13162522  1.95875299
  1.72466212  1.4612908   2.53072265  2.88700813  2.00106135  1.48598653
 -1.76962111 -2.39412578  1.14771081  0.56939836  1.58523715 -2.77915442
 -0.1057058   2.50066151 -1.17689531  1.1340062   1.24305956  0.60590366
 -0.94924158  1.0932033   0.78755102 -0.38421741  2.81680614 -2.13069842
  1.57586398 -0.65557159  0.98024867 -3.20858348 -2.24227987  0.33942138
 -1.07079573 -0.41271685  0.26456293  0.06790037 -1.75750678 -0.2065848
 -0.66536499  2.87733698 -1.15206276 -1.20000684 -1.13602706  1.26959352
  1.61713357 -0.83914268  2.11539535 -1.45154282 -0.24812682 -0.88392325
 -2.9681551   3.11335188 -1.7923714   3.04230161 -1.3646398  -2.33707182
  3.81312138 -1.20282027 -0.57329064 -3.11053084 -2.50160209  2.98190878
 -1.95321775 -1.68124943 -0.39451174  2.94804236  0.16179318  0.02685344
 -1.61659637 -0.13600258 -1.60120071 -3.09840749  2.90314633  1.15172295
 -0.32552829 -2.32782742  1.01580992 -1.16045782 -0.27494986 -2.16043561
 -1.89666855  1.82166285 -0.98857773  2.58635283 -0.43418283 -3.11417678
 -2.8439849   2.04712527 -3.06346389 -0.24111951 -1.04056226 -0.1887502
  2.3758502   1.72607863 -0.29186618 -1.71609897 -3.04403546  0.10712701
 -0.83266511  1.46561084 -2.52300577  0.95191287 -0.01955523  0.19996645
  1.99434147  0.72760831  0.78461859 -1.20986513  1.609196    2.56485505
  1.27696606  0.30830828 -0.98230609  2.5744203   0.82873859 -2.22979065
 -0.01412735  1.71265213  1.06974831 -0.65822347 -2.31147062  2.42227491
  2.02956283  1.6349576   2.24262144  1.89879359 -2.16019235 -2.884992
  0.51324454  1.36221973 -2.41151723 -1.2939667   2.4358587   1.25004403
  0.04394793 -1.76512699 -1.56152395  1.92410787  1.46604569 -0.82315796
 -0.14466799 -0.46129897 -0.16934454  2.38128782 -0.56204446 -0.65132516
  1.08260264 -2.29410554  1.01269451  2.55100138 -0.48952197  2.09760193
 -1.98045024 -0.861591   -2.422594   -2.29730721 -1.37351692 -2.92391845
  1.59508169  1.85336408  1.64419758  1.01387718  1.42488031 -2.306505
 -2.70619351  1.76260681  1.00041819 -0.42315173 -2.63030557  1.55577086
 -1.21382054 -2.49521111  0.06475526]
Fri Jun 14 00:05:11 2024,806,0.08145104281061126,[-2.85855593  2.06074193 -1.60959487  0.03208694  0.45420943 -3.26485167
  3.2351464   2.08725201  1.03967485 -1.02062608  0.5566281   1.32457671
  1.29171953 -1.87347445  0.78442597  2.88055951 -0.3766675  -0.4227965
 -1.91580433  0.84339953  1.63581279  2.90550911 -1.40030868 -0.43964394
 -2.18423246 -2.09520978  3.1233828   2.80761576 -0.69963769 -2.62174228
  1.54025821 -0.19575558 -2.43312381  1.83732168  1.13382953 -0.6135994
  1.10241609 -2.02299646 -0.23249759  2.25931741 -0.33301917  0.47180966
  2.43175203  0.56879345  2.64419129  2.91432978  2.82048978 -2.93885666
  0.27787734 -0.39890057  1.72534444  2.98903639 -0.35735564 -2.33284178
  2.72527151 -3.17788622  0.54784319 -0.6883962  -1.7526768   3.08638006
 -1.95876022 -1.67494431 -2.5502293   2.36929505 -2.13283453  1.95754369
  1.72345282  1.4600815   2.52951335  2.88579883  1.99985205  1.48719583
 -1.7684118  -2.39291648  1.14650151  0.57060766  1.58644645 -2.78036372
 -0.10691511  2.50187081 -1.17810461  1.1327969   1.24185026  0.60469436
 -0.95045088  1.09441261  0.78634171 -0.38300811  2.81801545 -2.12948912
  1.57707328 -0.65678089  0.97903937 -3.20737418 -2.24348918  0.33821208
 -1.07200503 -0.41150754  0.26577224  0.06669107 -1.75629748 -0.20537549
 -0.66657429  2.87612767 -1.15085345 -1.19879753 -1.13481776  1.26838422
  1.61592427 -0.83793337  2.11660466 -1.45033352 -0.24691751 -0.88513256
 -2.9669458   3.11456118 -1.79116209  3.04351091 -1.36584911 -2.33586252
  3.81433068 -1.20161097 -0.57208134 -3.11174015 -2.50281139  2.98069948
 -1.95200844 -1.68245873 -0.39572104  2.94925166  0.16058388  0.02564414
 -1.61538707 -0.13721188 -1.60241001 -3.09719819  2.90193703  1.15293226
 -0.32673759 -2.32661812  1.01460062 -1.16166713 -0.27615916 -2.16164492
 -1.89787786  1.82045354 -0.98978703  2.58756214 -0.43539213 -3.11538608
 -2.8451942   2.04591597 -3.06225459 -0.24232881 -1.03935295 -0.1899595
  2.3746409   1.72486933 -0.29307548 -1.71488967 -3.04282615  0.10591771
 -0.83145581  1.46440154 -2.52421507  0.95312217 -0.01834593  0.20117576
  1.99555078  0.72881761  0.7858279  -1.21107443  1.61040531  2.56606435
  1.27575676  0.30951759 -0.9835154   2.573211    0.82752929 -2.22858135
 -0.01533666  1.71144283  1.07095761 -0.65943278 -2.31267992  2.42348422
  2.03077214  1.6337483   2.24141213  1.89758428 -2.15898304 -2.8837827
  0.51445385  1.36101043 -2.41030793 -1.295176    2.4346494   1.24883473
  0.04273862 -1.76633629 -1.56273325  1.92531717  1.46725499 -0.82194866
 -0.14587729 -0.46250827 -0.16813524  2.38007852 -0.56083516 -0.65253446
  1.08381195 -2.29289623  1.01148521  2.55221068 -0.49073128  2.09881123
 -1.97924094 -0.8628003  -2.4213847  -2.29609791 -1.37472623 -2.92512775
  1.59387238  1.85457338  1.64298828  1.01266787  1.42608962 -2.30529569
 -2.70740281  1.76381612  1.0016275  -0.42436103 -2.63151488  1.55698016
 -1.21502985 -2.49642041  0.06596456]
Fri Jun 14 00:05:37 2024,807,0.08131715439879565,[-2.85718285  2.05936885 -1.60822179  0.03071387  0.45283635 -3.26622475
  3.23377333  2.08862509  1.04104793 -1.019253    0.55525502  1.32594979
  1.29034645 -1.87484753  0.78579905  2.88193258 -0.37529442 -0.42416958
 -1.91443125  0.84477261  1.63718587  2.90413603 -1.3989356  -0.43827086
 -2.18285938 -2.0938367   3.12200972  2.80898884 -0.70101077 -2.6203692
  1.54163129 -0.1943825  -2.43449689  1.8359486   1.13245645 -0.61222632
  1.10378917 -2.02162339 -0.23112451  2.26069049 -0.33164609  0.47043658
  2.43037895  0.56742037  2.64281821  2.91570286  2.82186286 -2.94022974
  0.27650427 -0.39752749  1.72671752  2.98766331 -0.35872872 -2.33421486
  2.72664459 -3.17651314  0.54647012 -0.68976928 -1.75404988  3.08500698
 -1.9601333  -1.67631739 -2.55160238  2.36792197 -2.13146145  1.95891676
  1.72207974  1.45870842  2.52814027  2.88442575  2.00122513  1.48582275
 -1.76978488 -2.3915434   1.14787458  0.57198074  1.58781953 -2.77899064
 -0.10828819  2.50049773 -1.17947769  1.13142382  1.24047718  0.60606744
 -0.94907781  1.09578569  0.78771479 -0.38438118  2.81938853 -2.12811604
  1.57844636 -0.65815397  0.97766629 -3.2060011  -2.24486226  0.336839
 -1.07063195 -0.41013447  0.26714532  0.06531799 -1.7549244  -0.20674857
 -0.66794737  2.8747546  -1.15222653 -1.20017061 -1.13344468  1.2697573
  1.61455119 -0.83930645  2.11797774 -1.4517066  -0.24554443 -0.88375948
 -2.96831888  3.1131881  -1.78978901  3.04488399 -1.36722219 -2.33448944
  3.81570376 -1.20023789 -0.57070826 -3.11036707 -2.50143831  2.9793264
 -1.95063536 -1.68383181 -0.39709412  2.94787858  0.1592108   0.02701721
 -1.61676014 -0.13858496 -1.60103693 -3.09582511  2.90331011  1.15430534
 -0.32811067 -2.3279912   1.0159737  -1.16029405 -0.27753224 -2.163018
 -1.89925094  1.82182662 -0.98841395  2.58893521 -0.43676521 -3.114013
 -2.84382112  2.04454289 -3.06362767 -0.24370189 -1.04072603 -0.18858642
  2.37601397  1.72349625 -0.29444856 -1.71351659 -3.04419923  0.10729079
 -0.83008273  1.46302846 -2.52558815  0.95174909 -0.01971901  0.19980268
  1.99692386  0.72744453  0.78720098 -1.20970136  1.61177839  2.56469127
  1.27712983  0.30814451 -0.98488848  2.57183792  0.82615621 -2.22720827
 -0.01396358  1.71006975  1.07233069 -0.66080585 -2.314053    2.4248573
  2.02939906  1.63237522  2.24278521  1.8962112  -2.16035612 -2.88515577
  0.51582692  1.35963735 -2.40893485 -1.29654908  2.43327632  1.25020781
  0.04136555 -1.76496321 -1.56136017  1.92669025  1.46588192 -0.82057558
 -0.14725037 -0.46113519 -0.16676216  2.37870544 -0.56220823 -0.65390754
  1.08518502 -2.29426931  1.01011213  2.55358376 -0.49210436  2.09743815
 -1.98061402 -0.86142722 -2.42001162 -2.29472483 -1.37609931 -2.92375467
  1.59524546  1.85594646  1.64436136  1.01129479  1.42471654 -2.30392261
 -2.70602973  1.76244304  1.00300057 -0.42298795 -2.63288796  1.55560708
 -1.21365677 -2.49779349  0.06733764]
Fri Jun 14 00:05:54 2024,808,0.08126959092862043,[-2.85836729  2.05818441 -1.60703735  0.02952943  0.45165192 -3.26504031
  3.23258889  2.08744065  1.0398635  -1.01806857  0.55407059  1.32713423
  1.28916202 -1.87603197  0.78461461  2.88311702 -0.37410999 -0.42535402
 -1.91561569  0.84358818  1.63837031  2.90295159 -1.40012003 -0.4394553
 -2.18167494 -2.09265227  3.12319416  2.8078044  -0.69982633 -2.62155364
  1.54281572 -0.19319807 -2.43331246  1.83713303  1.13127201 -0.61104188
  1.10260473 -2.02280782 -0.23230895  2.26187492 -0.33283053  0.47162102
  2.43156339  0.56623593  2.64163377  2.9168873   2.82304729 -2.94141418
  0.27531983 -0.39634305  1.72790196  2.98884774 -0.35754428 -2.33539929
  2.72782903 -3.17769758  0.54765455 -0.69095371 -1.75523431  3.08619142
 -1.96131774 -1.67513295 -2.55278681  2.36910641 -2.13027701  1.95773233
  1.72326417  1.45752399  2.52695584  2.88561019  2.00004069  1.48700719
 -1.77096932 -2.39035897  1.14905902  0.5707963   1.58900396 -2.78017508
 -0.10710375  2.50168217 -1.18066213  1.13023938  1.24166161  0.604883
 -0.94789337  1.09460125  0.78653036 -0.38556562  2.82057296 -2.12693161
  1.5796308  -0.65696954  0.97648186 -3.20718553 -2.24367782  0.33565456
 -1.06944751 -0.4113189   0.26832975  0.06650242 -1.75373996 -0.20793301
 -0.66676293  2.87357016 -1.1510421  -1.19898618 -1.13226025  1.26857286
  1.61336675 -0.84049089  2.11916217 -1.45052216 -0.24436    -0.88494391
 -2.96713444  3.11437254 -1.78860458  3.04369955 -1.36840662 -2.333305
  3.81451933 -1.20142233 -0.56952382 -3.10918263 -2.50025387  2.97814196
 -1.9518198  -1.68501625 -0.39827856  2.94906302  0.15802636  0.02820165
 -1.61794458 -0.13740053 -1.60222137 -3.09700954  2.90212567  1.1531209
 -0.32692624 -2.32680676  1.01715814 -1.15910961 -0.27634781 -2.16183356
 -1.8980665   1.82301106 -0.98722952  2.59011965 -0.43558078 -3.11282857
 -2.84500556  2.04572732 -3.0648121  -0.24251746 -1.0395416  -0.18740199
  2.37482954  1.72231181 -0.29326413 -1.71233215 -3.0430148   0.10610635
 -0.83126716  1.46184403 -2.52677259  0.95056466 -0.01853457  0.19861824
  1.99573942  0.7262601   0.78601654 -1.20851692  1.61059395  2.56587571
  1.27831427  0.30932894 -0.98607291  2.57065348  0.82497177 -2.2283927
 -0.01277914  1.71125419  1.07114626 -0.66199029 -2.31523743  2.42604173
  2.02821462  1.63355966  2.24396965  1.89502677 -2.15917169 -2.88397134
  0.51464249  1.36082178 -2.41011928 -1.29773351  2.43209189  1.25139224
  0.04018111 -1.76614765 -1.56017574  1.92550582  1.46706635 -0.82176001
 -0.14843481 -0.46231963 -0.16794659  2.37988987 -0.56339267 -0.6527231
  1.08636946 -2.29545375  1.01129656  2.55239932 -0.49328879  2.09625372
 -1.98179845 -0.86261166 -2.41882718 -2.29354039 -1.37491487 -2.92493911
  1.5964299   1.8571309   1.64317692  1.01247923  1.4235321  -2.30273818
 -2.70484529  1.76362747  1.00418501 -0.42180352 -2.63170352  1.55679152
 -1.2148412  -2.49660905  0.0661532 ]
Fri Jun 14 00:06:16 2024,809,0.08125412307684564,[-2.85778357  2.05876813 -1.60645363  0.03011315  0.4510682  -3.26562403
  3.23200517  2.08802437  1.04044722 -1.01748484  0.55348687  1.32771795
  1.28974574 -1.87544824  0.78403089  2.8825333  -0.37352627 -0.42477029
 -1.91503196  0.8441719   1.63895403  2.90353531 -1.39953631 -0.43887158
 -2.18225866 -2.09206854  3.12377788  2.80722068 -0.69924261 -2.62096991
  1.54339945 -0.19378179 -2.43389618  1.83654931  1.13068829 -0.61045816
  1.10202101 -2.0222241  -0.23172523  2.2612912  -0.33341425  0.4710373
  2.43097967  0.56681966  2.64105005  2.91630358  2.82363101 -2.94083046
  0.27473611 -0.39692677  1.72848568  2.98943146 -0.35696056 -2.33481557
  2.7272453  -3.17711385  0.54707083 -0.69036999 -1.75581803  3.08677514
 -1.96190146 -1.67454923 -2.55337054  2.36852269 -2.13086073  1.95831605
  1.72268045  1.45694026  2.52753956  2.88619391  2.00062442  1.48759091
 -1.7703856  -2.38977524  1.1484753   0.57021258  1.58842024 -2.77959136
 -0.10652003  2.50226589 -1.18124585  1.1308231   1.24107789  0.60546672
 -0.94730965  1.09401753  0.78711408 -0.3849819   2.82115668 -2.12751533
  1.58021452 -0.65638582  0.97706558 -3.20660181 -2.2430941   0.33507084
 -1.07003124 -0.41190262  0.26891347  0.06708615 -1.75432368 -0.20734929
 -0.66617921  2.87415388 -1.15045837 -1.19840246 -1.13167653  1.26798914
  1.61278303 -0.83990717  2.11857845 -1.44993844 -0.24494372 -0.88552764
 -2.96771816  3.11495626 -1.78802086  3.04311583 -1.3678229  -2.33388873
  3.81510305 -1.20200605 -0.57010754 -3.10976635 -2.49967015  2.97872568
 -1.95123608 -1.68443252 -0.39886228  2.94964674  0.15744264  0.02761793
 -1.6185283  -0.13798425 -1.60163764 -3.09642582  2.9027094   1.15370462
 -0.32750996 -2.32622304  1.01774186 -1.15852589 -0.27693153 -2.16124984
 -1.89865022  1.82359478 -0.9866458   2.58953593 -0.4361645  -3.11224484
 -2.84442184  2.04631104 -3.06422838 -0.24310118 -1.03895787 -0.18798571
  2.37424582  1.72289554 -0.2926804  -1.71174843 -3.04243107  0.10669007
 -0.83068344  1.4612603  -2.52735631  0.95114838 -0.01795085  0.19803452
  1.9951557   0.72567637  0.78660026 -1.20910064  1.61117767  2.56529199
  1.27889799  0.30874522 -0.98548919  2.5712372   0.8255555  -2.22897642
 -0.01219542  1.71067046  1.07172998 -0.66140657 -2.31465371  2.42545801
  2.0276309   1.63297593  2.24338593  1.89444305 -2.15858797 -2.88338762
  0.51405877  1.36023806 -2.41070301 -1.29831724  2.43150816  1.25197596
  0.04076483 -1.76556393 -1.56075946  1.92608954  1.46648263 -0.82234373
 -0.14785109 -0.46290335 -0.16853031  2.37930615 -0.56280895 -0.65213938
  1.08578574 -2.29487002  1.01071284  2.5518156  -0.49387251  2.09567
 -1.98121473 -0.86202794 -2.4194109  -2.29412412 -1.37433115 -2.92435538
  1.59701362  1.85771462  1.64376065  1.01306295  1.42411582 -2.3033219
 -2.70426157  1.76304375  1.00360129 -0.42238724 -2.63228724  1.55737524
 -1.21542492 -2.49719277  0.06673693]
Fri Jun 14 00:06:34 2024,810,0.08124729157445888,[-2.85742478  2.05840934 -1.60609484  0.02975436  0.4507094  -3.26598282
  3.23236396  2.08838316  1.04080601 -1.01784363  0.55312807  1.32807674
  1.29010453 -1.87580703  0.78438968  2.88217451 -0.37388506 -0.42512908
 -1.91467317  0.84453069  1.63931282  2.90317652 -1.3998951  -0.43851279
 -2.18261745 -2.09242734  3.12341909  2.80757947 -0.6996014  -2.62132871
  1.54304066 -0.19414058 -2.43353739  1.8369081   1.13104708 -0.61009937
  1.10166222 -2.02186531 -0.23208402  2.26164999 -0.33377304  0.47067851
  2.43062088  0.56646086  2.64069126  2.91666237  2.82327222 -2.94047166
  0.2750949  -0.39656798  1.72812689  2.98979025 -0.35731935 -2.33445678
  2.72688651 -3.17675506  0.54671204 -0.6900112  -1.75617683  3.08641635
 -1.96154267 -1.67419044 -2.55301174  2.3681639  -2.13050194  1.95795726
  1.72232166  1.45658147  2.52789835  2.8865527   2.00026563  1.4879497
 -1.77002681 -2.38941645  1.14883409  0.56985379  1.58806145 -2.77995015
 -0.10616124  2.5019071  -1.18088706  1.13046431  1.2407191   0.60582551
 -0.94766844  1.09365874  0.78675529 -0.38462311  2.82151547 -2.12787412
  1.58057331 -0.65602703  0.97742437 -3.2069606  -2.24273531  0.33471205
 -1.07039003 -0.41154383  0.26927226  0.06672736 -1.75396489 -0.20770808
 -0.66582042  2.87379509 -1.15009958 -1.19804366 -1.13203532  1.26834793
  1.61242424 -0.83954838  2.11821966 -1.44957965 -0.24458493 -0.88516885
 -2.96807695  3.11531505 -1.78837965  3.04347462 -1.36746411 -2.33424752
  3.81546184 -1.20164726 -0.57046633 -3.10940756 -2.49931136  2.97836689
 -1.95087729 -1.68407373 -0.39922107  2.94928795  0.15780143  0.02725914
 -1.61888709 -0.13834304 -1.60127885 -3.09678461  2.90306819  1.15406341
 -0.32715117 -2.32586425  1.01738307 -1.1581671  -0.27729032 -2.16089105
 -1.89829143  1.82395357 -0.98628701  2.58989472 -0.43580571 -3.11188605
 -2.84478063  2.04595225 -3.06386959 -0.24345997 -1.03859908 -0.1883445
  2.37460461  1.72325433 -0.29232161 -1.71210722 -3.04207228  0.10704886
 -0.83032465  1.4616191  -2.5277151   0.95078959 -0.01830964  0.19767573
  1.99479691  0.72531758  0.78624147 -1.20945943  1.61081888  2.56493319
  1.2785392   0.30910401 -0.98584798  2.57087841  0.82591429 -2.22933521
 -0.01183663  1.71031167  1.07137119 -0.66104778 -2.3150125   2.42509922
  2.02798969  1.63261714  2.24374472  1.89408426 -2.15822918 -2.88302883
  0.51441756  1.36059685 -2.41034422 -1.29867603  2.43114937  1.25161717
  0.04112362 -1.76520514 -1.56111825  1.92573075  1.46684142 -0.82198494
 -0.14749229 -0.46326214 -0.16817152  2.37894736 -0.56316774 -0.65249817
  1.08542695 -2.29522882  1.01035405  2.55145681 -0.49351372  2.09531121
 -1.98085594 -0.86166915 -2.41905211 -2.29376533 -1.37468994 -2.92471417
  1.59737241  1.85807341  1.64411944  1.01270416  1.42447462 -2.30368069
 -2.70390278  1.76268496  1.0032425  -0.42202845 -2.63192845  1.55701645
 -1.21578372 -2.49755157  0.06709572]
Fri Jun 14 00:07:04 2024,811,0.08124933504412883,[-2.85728419  2.05854993 -1.60623542  0.02989494  0.45056882 -3.26612341
  3.23222338  2.08852375  1.04066543 -1.01770305  0.55326866  1.32821732
  1.29024511 -1.87566645  0.7842491   2.88203393 -0.37374448 -0.42526967
 -1.91481376  0.84467127  1.63917224  2.90303594 -1.39975452 -0.43865337
 -2.18247687 -2.09256792  3.12355967  2.80772005 -0.69946082 -2.62146929
  1.54318124 -0.19428116 -2.43339681  1.83704868  1.13118766 -0.61023995
  1.10152164 -2.02172473 -0.2322246   2.26179057 -0.33391362  0.47053792
  2.43076146  0.56632028  2.64083184  2.91652179  2.82313164 -2.94061225
  0.27523548 -0.3964274   1.72826747  2.98964967 -0.35717877 -2.3343162
  2.72702709 -3.17661448  0.54657146 -0.69015178 -1.75603624  3.08655693
 -1.96140209 -1.67433102 -2.55315233  2.36802331 -2.13036136  1.95809784
  1.72218108  1.45672206  2.52775777  2.88669328  2.00012504  1.48780912
 -1.76988622 -2.38927587  1.14897467  0.56999437  1.58792087 -2.78009073
 -0.10630182  2.50176652 -1.18102764  1.13060489  1.24085968  0.60568493
 -0.94780902  1.09351816  0.78661471 -0.38476369  2.82165605 -2.1280147
  1.58071389 -0.65616761  0.97756495 -3.20682002 -2.24259473  0.33457147
 -1.07053061 -0.41140325  0.26913168  0.06686794 -1.75382431 -0.20784866
 -0.665961    2.87393567 -1.15024016 -1.19790308 -1.13189473  1.26848851
  1.61256482 -0.83968896  2.11836024 -1.44972023 -0.24472551 -0.88530943
 -2.96821754  3.11545563 -1.78852023  3.04333404 -1.36760469 -2.3343881
  3.81560242 -1.20150668 -0.57032575 -3.10954814 -2.49945194  2.97850747
 -1.95101787 -1.68421431 -0.39936165  2.94942853  0.15766085  0.02739972
 -1.61874651 -0.13848362 -1.60113827 -3.09692519  2.90292761  1.15420399
 -0.32729175 -2.32572367  1.01752365 -1.15802652 -0.27714974 -2.16103163
 -1.89843201  1.82381299 -0.98614642  2.5900353  -0.43594629 -3.11202663
 -2.84492121  2.04581167 -3.06372901 -0.24360055 -1.03873967 -0.18820392
  2.37446403  1.72339491 -0.29218103 -1.71196664 -3.0419317   0.10718944
 -0.83046523  1.46147851 -2.52785568  0.95093017 -0.01816906  0.19781631
  1.99465633  0.72545816  0.78638205 -1.20960002  1.61095946  2.56479261
  1.27867978  0.30924459 -0.9857074   2.57073783  0.8257737  -2.22919463
 -0.01169605  1.71045226  1.07123061 -0.66118836 -2.31515308  2.4252398
  2.02813027  1.63247656  2.24360413  1.89422484 -2.15836976 -2.88316941
  0.51455814  1.36073743 -2.41020363 -1.29853545  2.43100879  1.25175775
  0.04098304 -1.76534572 -1.56097767  1.92559017  1.466982   -0.82184436
 -0.14735171 -0.46340272 -0.16803094  2.37908794 -0.56302716 -0.65263875
  1.08556753 -2.2953694   1.01021347  2.55131623 -0.49337314  2.09545179
 -1.98071536 -0.86152856 -2.41919269 -2.29362474 -1.37454936 -2.92485476
  1.59751299  1.85793283  1.64426002  1.01256358  1.42433403 -2.30354011
 -2.7037622   1.76254438  1.00310192 -0.42188787 -2.63206903  1.55687587
 -1.21564313 -2.49769215  0.0672363 ]
Fri Jun 14 00:07:38 2024,812,0.08127211372281443,[-2.85779148  2.05905721 -1.60572814  0.02938766  0.45006154 -3.26663069
  3.2317161   2.08801646  1.04117271 -1.01821033  0.55276138  1.32771004
  1.28973783 -1.87515917  0.78374182  2.88254121 -0.37425176 -0.42476239
 -1.91430647  0.84517855  1.63967952  2.90252866 -1.4002618  -0.43916065
 -2.18298415 -2.09206064  3.12305239  2.80822733 -0.6999681  -2.62096201
  1.54267396 -0.19478844 -2.43390409  1.83755596  1.13169494 -0.60973267
  1.10101436 -2.02223201 -0.23273188  2.26128329 -0.3344209   0.4710452
  2.43025418  0.56682756  2.64032456  2.9160145   2.82363892 -2.94111953
  0.27574276 -0.39592012  1.72776019  2.99015695 -0.35768605 -2.33380892
  2.72753438 -3.17712176  0.54606418 -0.69065906 -1.75552896  3.08604965
 -1.96190937 -1.6748383  -2.55365961  2.36751603 -2.13086864  1.95759056
  1.7216738   1.45621478  2.52725049  2.88720056  1.99961776  1.4883164
 -1.76937894 -2.38978315  1.14846739  0.57050165  1.58741359 -2.77958345
 -0.10579454  2.5022738  -1.18153492  1.13111217  1.24136696  0.60517765
 -0.9483163   1.09402544  0.78610743 -0.38527097  2.82114877 -2.12750742
  1.58122117 -0.65566033  0.97705767 -3.2073273  -2.24208745  0.33406419
 -1.07103789 -0.41089597  0.2686244   0.06737522 -1.75331703 -0.20835594
 -0.66646828  2.87342839 -1.15074745 -1.19841036 -1.13240202  1.26899579
  1.61205754 -0.83918168  2.11886752 -1.45022751 -0.24421823 -0.88480215
 -2.96872482  3.11494835 -1.78801295  3.04384132 -1.36709741 -2.33489538
  3.8161097  -1.2009994  -0.57083303 -3.11005542 -2.49995922  2.97800019
 -1.95051059 -1.68370703 -0.39885437  2.94892125  0.15816813  0.027907
 -1.61925379 -0.1389909  -1.60063099 -3.09641791  2.90242032  1.15471128
 -0.32779903 -2.32521639  1.01803093 -1.1585338  -0.27765702 -2.16153891
 -1.89792473  1.82432027 -0.98563914  2.58952802 -0.43543901 -3.11151935
 -2.84441393  2.04530439 -3.06423629 -0.24309327 -1.03823238 -0.1887112
  2.37395675  1.72288763 -0.29167375 -1.71145936 -3.04142442  0.10769673
 -0.83097251  1.46097123 -2.52836296  0.95143745 -0.01766178  0.19730903
  1.99414905  0.72596544  0.78587477 -1.20909273  1.61045218  2.56529989
  1.27918706  0.30873731 -0.98520012  2.57124511  0.82526642 -2.22970191
 -0.01220333  1.71095954  1.07173789 -0.66068108 -2.31566036  2.42574708
  2.02863755  1.63196928  2.24411141  1.89473212 -2.15786248 -2.88367669
  0.51506542  1.36124471 -2.41071091 -1.29904273  2.43151607  1.25226503
  0.04047576 -1.765853   -1.56047039  1.92609745  1.46647472 -0.82235164
 -0.14785899 -0.46391    -0.16853822  2.37858066 -0.56353444 -0.65213147
  1.08607481 -2.29587668  1.01072075  2.55080895 -0.49388042  2.09494451
 -1.98122264 -0.86102128 -2.41969997 -2.29311746 -1.37505664 -2.92434748
  1.59802027  1.85742555  1.6447673   1.0120563   1.42382675 -2.30303283
 -2.70426948  1.7620371   1.0036092  -0.42138059 -2.63156175  1.55636859
 -1.21513585 -2.49819943  0.06774358]
Fri Jun 14 00:07:54 2024,813,0.08126736380783783,[-2.85801655  2.05883213 -1.60550307  0.02916259  0.45028661 -3.26640561
  3.23194117  2.08779139  1.04139778 -1.01798526  0.55298645  1.32748497
  1.2899629  -1.8749341   0.78351675  2.88231613 -0.37402668 -0.42453731
 -1.9140814   0.84540362  1.63990459  2.90230359 -1.40003673 -0.43893558
 -2.18320923 -2.09183556  3.12282732  2.80800226 -0.69974303 -2.62118708
  1.54289903 -0.19456337 -2.43412916  1.83733089  1.13146987 -0.60995774
  1.10123943 -2.02200694 -0.23295695  2.26150836 -0.33464598  0.47082013
  2.43002911  0.56660249  2.64009949  2.91578943  2.82386399 -2.94089445
  0.27551769 -0.39569505  1.72753512  2.99038203 -0.35746098 -2.33403399
  2.7273093  -3.17689669  0.54628925 -0.69043399 -1.75530389  3.08627472
 -1.96168429 -1.67506337 -2.55388468  2.36774111 -2.13064357  1.95781563
  1.72189887  1.45643985  2.52747556  2.88697549  1.99939269  1.48854147
 -1.76915387 -2.39000822  1.14869246  0.57072673  1.58763866 -2.77980852
 -0.10556947  2.50249887 -1.18130985  1.1308871   1.24114189  0.60540272
 -0.94809123  1.09425051  0.7863325  -0.38549604  2.82137385 -2.12773249
  1.58144624 -0.6558854   0.97728274 -3.20710223 -2.24186237  0.33383912
 -1.07126296 -0.41112104  0.26839933  0.06715015 -1.7535421  -0.20858101
 -0.66669336  2.87365346 -1.15097252 -1.19818529 -1.13262709  1.26922087
  1.61228261 -0.83940675  2.11864245 -1.45045259 -0.24399316 -0.88502722
 -2.96849974  3.11517342 -1.78778788  3.04406639 -1.36687234 -2.33512045
  3.81633477 -1.20077432 -0.57060796 -3.1102805  -2.5001843   2.97777512
 -1.95073566 -1.68393211 -0.39907944  2.94914632  0.15794306  0.02813207
 -1.61902872 -0.13921598 -1.60085606 -3.09664299  2.9026454   1.15493635
 -0.3280241  -2.32544146  1.018256   -1.15830873 -0.27743195 -2.16176398
 -1.89769966  1.8240952  -0.98586422  2.58930295 -0.43521394 -3.11174443
 -2.844639    2.04507932 -3.06446136 -0.2428682  -1.03845746 -0.18848613
  2.37373167  1.72266255 -0.29144868 -1.71168443 -3.04164949  0.1079218
 -0.83074744  1.46119631 -2.52858803  0.95121238 -0.01743671  0.19708396
  1.99392397  0.72574037  0.78609985 -1.20931781  1.61067725  2.56552497
  1.27941214  0.30851224 -0.98497505  2.57147018  0.8254915  -2.22992699
 -0.0124284   1.71073446  1.07196296 -0.66090615 -2.31588544  2.42552201
  2.02886263  1.63219435  2.24388634  1.89495719 -2.1576374  -2.88390176
  0.51529049  1.36101964 -2.41093599 -1.29881765  2.43174115  1.25203996
  0.04025069 -1.76607807 -1.56069546  1.92632252  1.46624965 -0.82257672
 -0.14763392 -0.46368493 -0.16831315  2.37880574 -0.56375951 -0.6519064
  1.08584974 -2.29610175  1.01094582  2.55058388 -0.49365535  2.09471943
 -1.98099757 -0.86124636 -2.41992505 -2.29289239 -1.37483157 -2.92457255
  1.5977952   1.85765062  1.64499237  1.01183122  1.42405183 -2.3032579
 -2.70404441  1.76226217  1.00338412 -0.42115551 -2.63178683  1.55614352
 -1.21491078 -2.49797436  0.06796865]
Fri Jun 14 00:08:11 2024,814,0.08126768556402142,[-2.85800298  2.05881857 -1.6054895   0.02917616  0.45027305 -3.26639205
  3.2319276   2.08777782  1.04138421 -1.01797169  0.55300002  1.32749854
  1.28997647 -1.87494767  0.78353032  2.8823297  -0.37401312 -0.42455088
 -1.91409497  0.84539006  1.63991816  2.90231716 -1.4000503  -0.43894915
 -2.18322279 -2.09184913  3.12284089  2.80801583 -0.69972946 -2.62117351
  1.54288546 -0.19457694 -2.43414273  1.83734446  1.13148344 -0.60997131
  1.101253   -2.02199337 -0.23297052  2.2614948  -0.33463241  0.4708337
  2.43001554  0.56658892  2.64011306  2.91577586  2.82385043 -2.94090802
  0.27553126 -0.39568148  1.72752155  2.99039559 -0.35747455 -2.33402042
  2.72729573 -3.17691026  0.54630282 -0.69044756 -1.75529032  3.08626115
 -1.96169786 -1.67504981 -2.55387111  2.36775468 -2.13065714  1.9578292
  1.7218853   1.45645342  2.52746199  2.88696192  1.99937912  1.4885279
 -1.7691403  -2.39002179  1.14867889  0.57071316  1.58765223 -2.77979495
 -0.10558304  2.50251244 -1.18129628  1.13087353  1.24115546  0.60541629
 -0.94807766  1.09423694  0.78634607 -0.38548247  2.82138742 -2.12771892
  1.58143267 -0.65587183  0.97726917 -3.2071158  -2.24187594  0.33385268
 -1.07124939 -0.41113461  0.26838576  0.06716371 -1.75352853 -0.20856744
 -0.66667979  2.8736399  -1.15095895 -1.19817172 -1.13261352  1.26923443
  1.61229618 -0.83939318  2.11862888 -1.45043902 -0.24397959 -0.88501365
 -2.96848618  3.11515985 -1.78780144  3.04407996 -1.36685877 -2.33510688
  3.81634834 -1.20076075 -0.57059439 -3.11026693 -2.50019787  2.97778869
 -1.95074923 -1.68394567 -0.39906587  2.94913275  0.15792949  0.02814564
 -1.61904229 -0.13922954 -1.60084249 -3.09665655  2.90263183  1.15494992
 -0.32801053 -2.32542789  1.01824243 -1.15829516 -0.27744551 -2.16175041
 -1.89768609  1.82410877 -0.98585065  2.58931652 -0.43522751 -3.111758
 -2.84465257  2.04506575 -3.06444779 -0.24285463 -1.03844389 -0.1884997
  2.3737181   1.72267612 -0.29146225 -1.711698   -3.04166306  0.10793537
 -0.83076101  1.46120987 -2.5286016   0.95119881 -0.01745028  0.19707039
  1.99391041  0.72575394  0.78611341 -1.20930424  1.61066369  2.5655114
  1.27939857  0.30849867 -0.98496148  2.57145662  0.82550506 -2.22994055
 -0.01241483  1.7107209   1.07194939 -0.66091972 -2.31587187  2.42553558
  2.02884906  1.63218079  2.24387277  1.89497076 -2.15765097 -2.88388819
  0.51527692  1.36100607 -2.41092242 -1.29880409  2.43175471  1.25202639
  0.04026426 -1.7660645  -1.56070903  1.92633609  1.46623608 -0.82256315
 -0.14762035 -0.4636985  -0.16829958  2.3788193  -0.56377308 -0.65191997
  1.08586331 -2.29611532  1.01093225  2.55057031 -0.49364178  2.09470587
 -1.98101114 -0.86123279 -2.41991148 -2.29287882 -1.37484514 -2.92458612
  1.59778163  1.85763705  1.64500594  1.01184479  1.42403826 -2.30327147
 -2.70403084  1.76227574  1.00339769 -0.42116908 -2.63177326  1.55615708
 -1.21489721 -2.49798792  0.06798222]
Fri Jun 14 00:08:27 2024,815,0.08124447402278653,[-2.85728043  2.05809602 -1.60476695  0.02989871  0.4509956  -3.2656695
  3.23120505  2.08705527  1.04066166 -1.01869424  0.55372257  1.32677599
  1.29069902 -1.87422512  0.78280777  2.88160715 -0.37473567 -0.42382833
 -1.91337242  0.84611261  1.63919561  2.90159461 -1.40077285 -0.4396717
 -2.18250025 -2.09257168  3.12211834  2.80873838 -0.69900691 -2.62189606
  1.54216291 -0.19385439 -2.43342018  1.83662191  1.13220599 -0.61069386
  1.10053045 -2.02127082 -0.23369307  2.26077225 -0.33535496  0.47011115
  2.43073809  0.56731147  2.64083561  2.91649841  2.82312788 -2.94018547
  0.27625381 -0.39640403  1.726799    2.98967304 -0.3581971  -2.33474297
  2.72801828 -3.17763281  0.54558027 -0.69117011 -1.75601287  3.0855386
 -1.96242041 -1.67432726 -2.55459366  2.36703213 -2.12993459  1.95855175
  1.72260785  1.45717597  2.52818454  2.88623937  2.00010167  1.48925045
 -1.76841775 -2.38929924  1.14940144  0.56999061  1.58837478 -2.7790724
 -0.10486049  2.50178989 -1.18201883  1.13159608  1.24187801  0.60469374
 -0.94735511  1.09495949  0.78706862 -0.38620502  2.82066487 -2.12699637
  1.58071012 -0.65514928  0.97654662 -3.20783835 -2.24259849  0.33313013
 -1.07197194 -0.41185716  0.26910831  0.06788626 -1.75425108 -0.20928999
 -0.66595724  2.87291735 -1.1516815  -1.19744917 -1.13333607  1.26995698
  1.61301873 -0.84011573  2.11790633 -1.45116157 -0.24470214 -0.8857362
 -2.96776363  3.1158824  -1.78852399  3.04335741 -1.36613622 -2.33582943
  3.81707089 -1.20003821 -0.57131694 -3.11098948 -2.50092042  2.97851124
 -1.95147178 -1.68466822 -0.39834332  2.9498553   0.15720694  0.02742309
 -1.61831974 -0.13850699 -1.60011994 -3.095934    2.90190928  1.15422737
 -0.32873308 -2.32615044  1.01896498 -1.15757261 -0.27672296 -2.16102787
 -1.89840864  1.82338622 -0.9865732   2.59003907 -0.43595005 -3.11248054
 -2.84537512  2.0443432  -3.06517034 -0.24213208 -1.03916644 -0.18922225
  2.37444065  1.72339867 -0.2921848  -1.71242055 -3.04238561  0.10721282
 -0.83148356  1.46048732 -2.52932415  0.95192136 -0.01672773  0.19634784
  1.99463296  0.72503139  0.78683596 -1.20858169  1.61138624  2.56478885
  1.28012112  0.30777612 -0.98423893  2.57217917  0.82622761 -2.229218
 -0.01313738  1.70999835  1.07267194 -0.66019717 -2.31659442  2.42625813
  2.02812651  1.63290334  2.24315022  1.89569331 -2.15837352 -2.88316564
  0.51455437  1.36028352 -2.41019987 -1.29808154  2.43247726  1.25274894
  0.03954171 -1.76678705 -1.56143158  1.92705864  1.46551353 -0.8218406
 -0.1468978  -0.46442105 -0.16902213  2.37809675 -0.56305053 -0.65264252
  1.08658586 -2.29539277  1.0102097   2.54984776 -0.49291923  2.09542842
 -1.98028859 -0.86195534 -2.42063403 -2.29360137 -1.37556769 -2.92386357
  1.59850418  1.8583596   1.64428339  1.01256734  1.42476081 -2.30254892
 -2.70475339  1.76299829  1.00412024 -0.42044653 -2.63249581  1.55543453
 -1.21417466 -2.49871047  0.06725967]
Fri Jun 14 00:08:57 2024,816,0.08110062079140885,[-2.85570586  2.05967058 -1.60319238  0.03147328  0.45257016 -3.26409493
  3.23277962  2.08862984  1.03908709 -1.02026881  0.55529713  1.32835056
  1.28912445 -1.87265055  0.7812332   2.88318172 -0.37631023 -0.4254029
 -1.91494699  0.84768717  1.64077018  2.90002004 -1.40234742 -0.44124626
 -2.18407481 -2.09414625  3.12054377  2.80716381 -0.70058148 -2.62032149
  1.54373748 -0.19227982 -2.43184561  1.83504734  1.13378056 -0.60911929
  1.09895588 -2.02284539 -0.2321185   2.25919768 -0.33692953  0.46853658
  2.43231265  0.56888604  2.64241017  2.91807298  2.82470244 -2.9386109
  0.27782838 -0.39482946  1.72522443  2.98809848 -0.35662253 -2.3331684
  2.72644372 -3.17605824  0.5440057  -0.68959554 -1.7544383   3.08396403
 -1.96084584 -1.67590182 -2.55616823  2.36860669 -2.12836002  1.96012632
  1.72103328  1.45875053  2.52660997  2.88781394  2.00167624  1.49082502
 -1.76999232 -2.38772468  1.15097601  0.57156518  1.58680021 -2.77749783
 -0.10328592  2.50336446 -1.18044426  1.13002151  1.24030344  0.60311917
 -0.94892968  1.09653406  0.78864319 -0.38777959  2.82223943 -2.12542181
  1.57913556 -0.65357471  0.97497206 -3.20626378 -2.24417306  0.3347047
 -1.07354651 -0.41028259  0.27068288  0.06631169 -1.75582565 -0.21086456
 -0.66438267  2.87449192 -1.15010693 -1.19902374 -1.1317615   1.26838242
  1.6145933  -0.83854116  2.1194809  -1.449587   -0.24312757 -0.88416163
 -2.96618906  3.11430783 -1.78694943  3.04178284 -1.36456165 -2.33425486
  3.81864546 -1.19846364 -0.56974237 -3.11256405 -2.50249498  2.97693667
 -1.94989721 -1.68309366 -0.39991789  2.94828073  0.15563237  0.02899766
 -1.61989431 -0.14008156 -1.59854538 -3.09750857  2.90033471  1.1526528
 -0.33030765 -2.32457587  1.01739041 -1.15914718 -0.2751484  -2.1594533
 -1.89683407  1.82496078 -0.98499863  2.5884645  -0.43437549 -3.11405511
 -2.84694969  2.04276863 -3.06674491 -0.24370665 -1.03759187 -0.18764768
  2.37601522  1.72497324 -0.29061023 -1.71084598 -3.04081104  0.10563825
 -0.83305813  1.46206189 -2.53089872  0.95349593 -0.01515316  0.19792241
  1.99305839  0.72345682  0.78841053 -1.21015626  1.60981167  2.56321428
  1.28169569  0.30935069 -0.98266436  2.57375373  0.82780218 -2.22764344
 -0.01471195  1.70842378  1.07109737 -0.66177174 -2.31501985  2.4278327
  2.02970108  1.6344779   2.24157566  1.89726788 -2.15994809 -2.88474021
  0.51612894  1.36185809 -2.4086253  -1.29650697  2.43405183  1.25117437
  0.03796714 -1.76836162 -1.55985701  1.92863321  1.46393896 -0.82341517
 -0.14847237 -0.46284648 -0.1705967   2.37967132 -0.56147596 -0.65106795
  1.08501129 -2.2938182   1.01178427  2.55142233 -0.4944938   2.09700298
 -1.97871402 -0.86352991 -2.41905946 -2.29517594 -1.37714225 -2.922289
  1.60007875  1.85993417  1.64585796  1.01099277  1.42318624 -2.30412349
 -2.70317882  1.76457286  1.00254567 -0.41887196 -2.63092124  1.5570091
 -1.21260009 -2.49713591  0.0656851 ]
Fri Jun 14 00:09:13 2024,817,0.08080185106163483,[-2.8534393   2.05740402 -1.60092582  0.02920672  0.45483673 -3.26182837
  3.23504618  2.0908964   1.03682053 -1.02253537  0.5575637   1.326084
  1.28685789 -1.87038399  0.77896664  2.88091516 -0.3785768  -0.42766946
 -1.91268043  0.84542061  1.63850362  2.9022866  -1.40008086 -0.44351282
 -2.18634137 -2.09187969  3.11827721  2.80943037 -0.70284804 -2.61805493
  1.54600404 -0.19001326 -2.43411217  1.83278078  1.13604712 -0.61138585
  1.10122244 -2.02057882 -0.22985194  2.26146424 -0.33919609  0.46627002
  2.43457922  0.56661948  2.64014361  2.91580642  2.82243588 -2.94087747
  0.28009494 -0.39709602  1.72295787  2.99036504 -0.35435597 -2.33090184
  2.72417715 -3.17379168  0.54627226 -0.6918621  -1.75670486  3.08169747
 -1.95857928 -1.67363526 -2.55390167  2.36634013 -2.12609346  1.95785976
  1.72329984  1.45648397  2.52434341  2.88554738  2.0039428   1.49309158
 -1.76772576 -2.38545811  1.14870945  0.57383174  1.58453365 -2.77523127
 -0.10101936  2.5010979  -1.18271082  1.13228808  1.23803688  0.60085261
 -0.94666312  1.0942675   0.79090975 -0.38551303  2.824506   -2.12315525
  1.58140212 -0.65130815  0.97723862 -3.20399722 -2.24643962  0.33243814
 -1.07581307 -0.40801603  0.26841632  0.06404513 -1.75355909 -0.208598
 -0.66211611  2.87222535 -1.14784037 -1.2012903  -1.12949494  1.27064898
  1.61685986 -0.8362746   2.12174746 -1.44732044 -0.24539413 -0.88189507
 -2.96845562  3.1165744  -1.78468286  3.0440494  -1.36229509 -2.3319883
  3.82091202 -1.2007302  -0.57200893 -3.11483061 -2.50476154  2.97467011
 -1.94763065 -1.68536022 -0.39765133  2.95054729  0.15336581  0.03126422
 -1.62216087 -0.137815   -1.60081194 -3.09977513  2.90260127  1.15038624
 -0.33257421 -2.32684244  1.01512385 -1.16141374 -0.27741496 -2.16171986
 -1.89910063  1.82722735 -0.98273207  2.58619794 -0.43210893 -3.11632167
 -2.84921625  2.04050207 -3.06447835 -0.24144009 -1.03532531 -0.18538112
  2.37828178  1.7272398  -0.28834367 -1.70857942 -3.03854448  0.10790481
 -0.83532469  1.45979533 -2.52863216  0.95576249 -0.0128866   0.20018897
  1.99532495  0.72119026  0.78614397 -1.2078897   1.60754511  2.56548084
  1.27942912  0.31161725 -0.98493092  2.57148717  0.82553562 -2.22537688
 -0.01697851  1.71069034  1.06883081 -0.6640383  -2.31728641  2.43009926
  2.02743451  1.63674446  2.23930909  1.89500132 -2.15768153 -2.88700677
  0.5183955   1.36412465 -2.40635874 -1.29877353  2.43178527  1.24890781
  0.03570058 -1.77062818 -1.55759045  1.92636664  1.4616724  -0.82568173
 -0.14620581 -0.46511304 -0.17286326  2.38193788 -0.56374252 -0.65333451
  1.08727785 -2.29155164  1.00951771  2.54915577 -0.49222724  2.09926955
 -1.97644746 -0.86579647 -2.4167929  -2.29290938 -1.37487569 -2.92002244
  1.59781219  1.85766761  1.64812452  1.01325934  1.42091968 -2.30639005
 -2.70091226  1.76230629  1.00481223 -0.42113853 -2.62865468  1.55474254
 -1.21486666 -2.49940247  0.06341854]
Fri Jun 14 00:09:29 2024,818,0.08074794933439981,[-2.85433648  2.05650684 -1.60002864  0.0301039   0.45393954 -3.26272555
  3.23594337  2.09179359  1.03592335 -1.02343256  0.55666651  1.32698118
  1.28596071 -1.87128117  0.77806945  2.88181234 -0.37947398 -0.42856665
 -1.91178324  0.8463178   1.63760643  2.90318378 -1.40097804 -0.44261564
 -2.18544419 -2.09277687  3.11738002  2.80853319 -0.70195085 -2.61715775
  1.54690122 -0.19091044 -2.43321499  1.8318836   1.13514994 -0.61228304
  1.10211962 -2.02147601 -0.22895476  2.26236142 -0.34009327  0.46537284
  2.4354764   0.56751666  2.6410408   2.9167036   2.8215387  -2.94177465
  0.28099212 -0.39619884  1.72385505  2.98946785 -0.35345878 -2.33179902
  2.72327997 -3.17289449  0.54537508 -0.69275929 -1.75760205  3.08080029
 -1.9576821  -1.67273808 -2.55479885  2.36723732 -2.12699064  1.95696258
  1.72419703  1.45558679  2.5252406   2.88465019  2.00483999  1.49398877
 -1.76682858 -2.38456093  1.14781227  0.57472892  1.58543084 -2.77612846
 -0.10191654  2.50020071 -1.18360801  1.13318526  1.23713969  0.59995543
 -0.9475603   1.09337032  0.79001256 -0.38641021  2.82360881 -2.12405243
  1.5822993  -0.65220534  0.97634143 -3.2048944  -2.2473368   0.33333533
 -1.07671026 -0.40891321  0.2693135   0.06314795 -1.75445628 -0.20770082
 -0.66301329  2.87312254 -1.14694318 -1.20218749 -1.13039212  1.26975179
  1.61596268 -0.83537742  2.12085028 -1.44821762 -0.24629132 -0.88279225
 -2.96755843  3.11747158 -1.78558005  3.04494659 -1.36139791 -2.33109112
  3.82001484 -1.20162738 -0.57111175 -3.11572779 -2.50565873  2.97377293
 -1.94673347 -1.6862574  -0.39675415  2.94965011  0.15246863  0.03036704
 -1.62126368 -0.13691782 -1.59991475 -3.10067232  2.90170409  1.14948905
 -0.3334714  -2.32773962  1.01602104 -1.16231092 -0.27651777 -2.16082267
 -1.89999782  1.82812453 -0.98362925  2.58709512 -0.43121174 -3.11542449
 -2.84831906  2.03960489 -3.06358117 -0.2405429  -1.03622249 -0.1862783
  2.37917897  1.72813699 -0.28744648 -1.70768224 -3.03944167  0.10880199
 -0.83442751  1.46069252 -2.52952934  0.95665967 -0.01378378  0.20108615
  1.99622213  0.72029308  0.78704115 -1.20878688  1.60664792  2.56637802
  1.28032631  0.31251444 -0.9858281   2.57058999  0.82463844 -2.22447969
 -0.01608133  1.70979315  1.06793363 -0.66493548 -2.31638923  2.42920207
  2.0283317   1.63584728  2.24020628  1.8958985  -2.15857871 -2.88790396
  0.51749832  1.36502184 -2.40725592 -1.29787634  2.43268245  1.249805
  0.03480339 -1.769731   -1.55848763  1.92726383  1.46077522 -0.82657891
 -0.14530863 -0.46601023 -0.17196608  2.3810407  -0.56463971 -0.65243733
  1.08817503 -2.29065445  1.01041489  2.54825858 -0.49133005  2.10016673
 -1.97734464 -0.86489928 -2.41589571 -2.29201219 -1.37577288 -2.92091962
  1.59870937  1.85677042  1.6490217   1.01236215  1.42181686 -2.30728724
 -2.70001508  1.76140911  1.00391505 -0.42203571 -2.62955186  1.55563973
 -1.21396947 -2.50029965  0.06431573]
Fri Jun 14 00:09:52 2024,819,0.08074766325180471,[-2.85431674  2.05652658 -1.60000889  0.03008415  0.4539198  -3.2627453
  3.23596311  2.09181333  1.0359036  -1.02341281  0.55664677  1.32700093
  1.28594096 -1.87130092  0.7780892   2.88183209 -0.37945423 -0.42858639
 -1.91180299  0.84633754  1.63758669  2.90320353 -1.40099779 -0.44263539
 -2.18542444 -2.09275713  3.11739977  2.80851344 -0.70193111 -2.61717749
  1.54692097 -0.1908907  -2.43323473  1.83190334  1.13516968 -0.61226329
  1.10209988 -2.02145626 -0.22893501  2.26234168 -0.34011302  0.46535309
  2.43545665  0.56749692  2.64106054  2.91672335  2.82151895 -2.9417944
  0.28101187 -0.39621858  1.7238748   2.98944811 -0.35343904 -2.33181877
  2.72326022 -3.17287475  0.54539482 -0.69277903 -1.75762179  3.08082003
 -1.95766235 -1.67275783 -2.5548186   2.36725706 -2.12701039  1.95698232
  1.72421677  1.45560653  2.52522085  2.88463045  2.00482024  1.49400851
 -1.76680883 -2.38458068  1.14779252  0.57470918  1.58541109 -2.7761482
 -0.10193629  2.50018097 -1.18358826  1.13316551  1.23715944  0.59997518
 -0.94754056  1.09339006  0.79003231 -0.38639047  2.82362856 -2.12407218
  1.58227956 -0.65222508  0.97636118 -3.20491415 -2.24735655  0.33335507
 -1.07673    -0.40889347  0.26933325  0.0631677  -1.75447602 -0.20768107
 -0.66299355  2.87310279 -1.14692344 -1.20220723 -1.13037238  1.26973205
  1.61598242 -0.83539716  2.12083053 -1.44823737 -0.24627157 -0.88277251
 -2.96757818  3.11745183 -1.7855998   3.04496634 -1.36137816 -2.33107137
  3.81999509 -1.20164713 -0.5711315  -3.11574754 -2.50567848  2.97375318
 -1.94675321 -1.68623766 -0.3967344   2.94966986  0.15248837  0.03038678
 -1.62124394 -0.13689807 -1.5999345  -3.10065257  2.90172383  1.14946931
 -0.33345165 -2.32771987  1.01604078 -1.16233067 -0.27649803 -2.16084242
 -1.90001756  1.82814428 -0.98360951  2.58707537 -0.43123149 -3.11544424
 -2.84833881  2.03962463 -3.06360091 -0.24056265 -1.03624224 -0.18625855
  2.37919871  1.72815673 -0.28746623 -1.70770198 -3.03946141  0.10882174
 -0.83440776  1.46067277 -2.5295096   0.95667942 -0.01376403  0.2011059
  1.99624188  0.72031282  0.7870609  -1.20876713  1.60666767  2.56639777
  1.28034605  0.31249469 -0.98580836  2.57057024  0.82461869 -2.22449944
 -0.01610107  1.70977341  1.06795337 -0.66495523 -2.31636948  2.42922182
  2.02831195  1.63586703  2.24018653  1.89591825 -2.15859846 -2.88788421
  0.51747857  1.36504158 -2.40723618 -1.29789609  2.43266271  1.24982474
  0.03478365 -1.76975074 -1.55850738  1.92724408  1.46075547 -0.82659866
 -0.14528888 -0.46599048 -0.17194633  2.38102095 -0.56465945 -0.65241758
  1.08815529 -2.2906742   1.01039515  2.54823884 -0.49131031  2.10014698
 -1.97732489 -0.86487954 -2.41591546 -2.29203194 -1.37575313 -2.92093937
  1.59868963  1.85679017  1.64900196  1.0123819   1.42183661 -2.30730698
 -2.69999533  1.76142886  1.0039348  -0.42205546 -2.62957161  1.55561998
 -1.21394973 -2.5003194   0.06433547]
Fri Jun 14 00:10:10 2024,820,0.08074857037733255,[-2.854271    2.05657233 -1.59996315  0.0301299   0.45396554 -3.26279104
  3.23591737  2.09176759  1.03585786 -1.02345855  0.55660102  1.32695518
  1.28589522 -1.87125518  0.77804346  2.88187783 -0.37949997 -0.42863213
 -1.91175725  0.84638328  1.63763243  2.90315779 -1.40095204 -0.44258965
 -2.18547019 -2.09280287  3.11744551  2.8084677  -0.70197685 -2.61722323
  1.54687523 -0.19093644 -2.43328048  1.83194908  1.13521542 -0.61230903
  1.10205414 -2.021502   -0.22898075  2.26229594 -0.34006728  0.46530735
  2.4355024   0.56754266  2.64110629  2.91676909  2.82156469 -2.94174865
  0.28105761 -0.39626433  1.72392054  2.98940237 -0.35348478 -2.33186451
  2.72330597 -3.17282901  0.54534908 -0.69282477 -1.75757605  3.08077429
 -1.95770809 -1.67280357 -2.55486434  2.36721132 -2.12696465  1.95702806
  1.72417103  1.45565228  2.52526659  2.88458471  2.00486598  1.49405426
 -1.76676309 -2.38453493  1.14774678  0.57466343  1.58545683 -2.77610246
 -0.10189055  2.50022671 -1.18354252  1.13311977  1.23720518  0.60002092
 -0.94749481  1.0934358   0.79007805 -0.38643621  2.8236743  -2.12411792
  1.5823253  -0.65227082  0.97640692 -3.20486841 -2.24731081  0.33340081
 -1.07677574 -0.40884773  0.26928751  0.06321344 -1.75452176 -0.20763533
 -0.66303929  2.87314853 -1.14696918 -1.20225297 -1.13032664  1.2696863
  1.61602816 -0.8354429   2.12078479 -1.44828311 -0.24622583 -0.88272677
 -2.96762392  3.11740609 -1.78555405  3.04492059 -1.3614239  -2.33102563
  3.82004083 -1.20169287 -0.57117724 -3.11579328 -2.50563273  2.97370744
 -1.94679895 -1.68619191 -0.39668866  2.9497156   0.15244263  0.03034104
 -1.6211982  -0.13685233 -1.59988876 -3.10069831  2.90176958  1.14942357
 -0.33349739 -2.32767413  1.01608652 -1.16237641 -0.27645229 -2.16088816
 -1.90006331  1.82809853 -0.98356376  2.58712112 -0.43127723 -3.11548998
 -2.84829307  2.03957889 -3.06355517 -0.24051691 -1.0361965  -0.1863043
  2.37924446  1.72820247 -0.28751197 -1.70774772 -3.03941567  0.10886748
 -0.8344535   1.46071851 -2.52946386  0.95672516 -0.01371829  0.20106016
  1.99628762  0.72035856  0.78710664 -1.20872139  1.60671341  2.56644351
  1.2803918   0.31254043 -0.98576262  2.5705245   0.82457295 -2.2244537
 -0.01605533  1.70981915  1.06790763 -0.66490949 -2.31641522  2.42917608
  2.02826621  1.63591277  2.24014079  1.89596399 -2.1586442  -2.88792995
  0.51743283  1.36499584 -2.40728192 -1.29785035  2.43261697  1.24987049
  0.03482939 -1.76979649 -1.55846164  1.92719834  1.46070973 -0.82655292
 -0.14524314 -0.46594474 -0.17190059  2.3810667  -0.56470519 -0.65237184
  1.08820103 -2.29071994  1.01044089  2.54828458 -0.49135605  2.10019273
 -1.97727915 -0.86492528 -2.41586972 -2.29207768 -1.37570739 -2.92089363
  1.59873537  1.85674443  1.64895622  1.01242764  1.42179087 -2.30735272
 -2.69994959  1.76138311  1.00398054 -0.4221012  -2.62952587  1.55557424
 -1.21390398 -2.50027366  0.06438121]
Fri Jun 14 00:10:28 2024,821,0.08052853040341994,[-2.85217443  2.05447576 -1.59786658  0.02803333  0.4560621  -3.26069447
  3.23801394  2.09386416  1.03376129 -1.02555512  0.55450446  1.32905175
  1.28379865 -1.86915861  0.78014003  2.8839744  -0.38159654 -0.4307287
 -1.91385382  0.84847985  1.63553586  2.90106122 -1.40304861 -0.44049308
 -2.18337362 -2.09489944  3.11534894  2.80637113 -0.69988028 -2.61512667
  1.54477866 -0.193033   -2.43537704  1.82985252  1.13731199 -0.6144056
  1.09995757 -2.01940544 -0.23107732  2.2643925  -0.34216384  0.46321078
  2.43340583  0.56963923  2.64320285  2.91467252  2.82366126 -2.94384522
  0.27896104 -0.39416776  1.72182397  2.9873058  -0.35138821 -2.33396108
  2.7212094  -3.17492557  0.54744565 -0.69072821 -1.75967262  3.07867773
 -1.95561153 -1.67490013 -2.55276777  2.36511475 -2.12906122  1.9549315
  1.72207447  1.45355571  2.52736316  2.88248814  2.00276941  1.49615082
 -1.76466652 -2.3866315   1.14984335  0.57256687  1.5875534  -2.77819903
 -0.09979398  2.49813014 -1.18563909  1.13521634  1.23510861  0.60211748
 -0.94539825  1.09133924  0.79217462 -0.38433964  2.82577087 -2.12202135
  1.58022873 -0.65436739  0.97850349 -3.20277184 -2.24940738  0.33549738
 -1.07887231 -0.41094429  0.26719094  0.06111687 -1.75661833 -0.20973189
 -0.66513586  2.87105197 -1.14906575 -1.20434954 -1.12823007  1.26758974
  1.6139316  -0.83753947  2.12288136 -1.44618654 -0.2483224  -0.8806302
 -2.96972049  3.11530952 -1.78345749  3.04701716 -1.36352047 -2.3331222
  3.8221374  -1.1995963  -0.56908067 -3.11369671 -2.50353617  2.97161087
 -1.94889552 -1.68828848 -0.39878523  2.94761903  0.15034606  0.03243761
 -1.61910163 -0.13475576 -1.59779219 -3.10279488  2.90386614  1.147327
 -0.33559396 -2.32557756  1.01818309 -1.16027984 -0.27435572 -2.15879159
 -1.90215987  1.8301951  -0.98566033  2.58502455 -0.42918066 -3.11339341
 -2.85038964  2.04167546 -3.06565174 -0.23842034 -1.03409993 -0.18420773
  2.37714789  1.73029904 -0.28960854 -1.70984429 -3.04151224  0.11096405
 -0.83235693  1.46281508 -2.53156042  0.95462859 -0.01581486  0.19896359
  1.99838419  0.72245513  0.78501008 -1.21081796  1.60461684  2.56434694
  1.27829523  0.314637   -0.98366605  2.57262107  0.82666952 -2.22655026
 -0.01395876  1.71191572  1.0700042  -0.66700606 -2.31851179  2.42707951
  2.02616964  1.63800934  2.24223736  1.89386742 -2.16074077 -2.89002652
  0.51533627  1.36709241 -2.40518535 -1.29994692  2.43471353  1.25196705
  0.03692596 -1.76769992 -1.5605582   1.92929491  1.4628063  -0.82445635
 -0.14733971 -0.46384817 -0.17399715  2.38316326 -0.56260863 -0.65446841
  1.0902976  -2.28862338  1.01253746  2.55038114 -0.49345262  2.09809616
 -1.97518259 -0.86702185 -2.41377315 -2.28998111 -1.37361082 -2.91879706
  1.5966388   1.85884099  1.64685965  1.01033107  1.4196943  -2.30944929
 -2.69785302  1.75928655  1.00188397 -0.42000463 -2.6274293   1.55347767
 -1.21180742 -2.49817709  0.06228465]
Fri Jun 14 00:10:45 2024,822,0.0805291565973779,[-2.85222566  2.05442453 -1.59781535  0.02808456  0.45601088 -3.2607457
  3.23806517  2.09381293  1.03371006 -1.02560635  0.55445323  1.32900052
  1.28374742 -1.86910738  0.78019126  2.88402563 -0.38164777 -0.43077993
 -1.91390505  0.84853108  1.63548463  2.90111245 -1.40299738 -0.44044185
 -2.18332239 -2.09495067  3.11529771  2.8063199  -0.69982905 -2.6151779
  1.54472743 -0.19298178 -2.43542827  1.82980129  1.13736322 -0.61445683
  1.1000088  -2.01935421 -0.23102609  2.26434127 -0.34221507  0.46326201
  2.43345706  0.569588    2.64325408  2.9146213   2.82361003 -2.94389645
  0.27890981 -0.39411653  1.72177274  2.98735703 -0.35133698 -2.33401231
  2.72115817 -3.1749768   0.54749688 -0.69067698 -1.75972385  3.0786265
 -1.95566276 -1.67495136 -2.552819    2.36506352 -2.12911244  1.95488027
  1.72202324  1.45360694  2.52741439  2.88253937  2.00271818  1.49620205
 -1.76461529 -2.38668273  1.14979212  0.57251564  1.58750217 -2.7781478
 -0.09974275  2.49818137 -1.18558786  1.13526757  1.23515984  0.60216871
 -0.94544948  1.09128801  0.79222585 -0.38439087  2.82571964 -2.12197012
  1.5801775  -0.65441862  0.97845226 -3.20282307 -2.24945861  0.33554861
 -1.07882108 -0.41089307  0.26713971  0.0611681  -1.75666956 -0.20968067
 -0.66508463  2.8711032  -1.14901452 -1.20440077 -1.12817884  1.26764097
  1.61398282 -0.83748824  2.12293258 -1.44623777 -0.24827117 -0.88068143
 -2.96977172  3.11536075 -1.78340626  3.04696593 -1.36346924 -2.33307097
  3.82208617 -1.19964753 -0.56902944 -3.11374794 -2.50348494  2.9716621
 -1.94884429 -1.68823725 -0.39883646  2.94767026  0.15029484  0.03248884
 -1.6190504  -0.13470453 -1.59784342 -3.10274365  2.90381491  1.14727577
 -0.33554273 -2.32552634  1.01823432 -1.16033107 -0.27440695 -2.15874036
 -1.9022111   1.83024633 -0.98571156  2.58507578 -0.42923189 -3.11334218
 -2.85033841  2.04162423 -3.06570297 -0.23836911 -1.03415116 -0.1841565
  2.37709666  1.73035027 -0.28955731 -1.70979306 -3.04146101  0.11101528
 -0.8323057   1.46286631 -2.53150919  0.95467982 -0.01576363  0.19891236
  1.99833296  0.7224039   0.78495885 -1.21076673  1.60456561  2.56439817
  1.27834646  0.31458577 -0.98361482  2.5726723   0.82661829 -2.22660149
 -0.01400999  1.71196695  1.07005543 -0.66705728 -2.31856302  2.42702828
  2.02622087  1.63806056  2.24228859  1.89391865 -2.16068954 -2.89007775
  0.51538749  1.36704118 -2.40513412 -1.29989569  2.43476476  1.25201828
  0.03687473 -1.76764869 -1.56060943  1.92924368  1.46285753 -0.82440512
 -0.14739093 -0.46379694 -0.17404838  2.38311203 -0.56265985 -0.65451964
  1.09034882 -2.2886746   1.01248623  2.55032992 -0.49350384  2.09814739
 -1.97523381 -0.86707307 -2.41382438 -2.29003234 -1.37366205 -2.91874583
  1.59669003  1.85889222  1.64680842  1.0103823   1.41974553 -2.30950052
 -2.69790425  1.75933778  1.00183274 -0.4199534  -2.62748053  1.55342644
 -1.21185865 -2.49812586  0.06223342]
Fri Jun 14 00:11:01 2024,823,0.08052133007360107,[-2.853079    2.05357119 -1.59866869  0.0289379   0.45686422 -3.25989236
  3.23891851  2.09466627  1.03285672 -1.02475301  0.55359989  1.32814718
  1.28289408 -1.86825404  0.77933791  2.88317229 -0.38250111 -0.43163327
 -1.91475839  0.84767774  1.63463129  2.90025911 -1.40214404 -0.43958851
 -2.18246905 -2.09409732  3.11444437  2.80546656 -0.70068239 -2.61603124
  1.54387409 -0.19212843 -2.43628161  1.82894795  1.13821656 -0.61360349
  1.09915546 -2.02020755 -0.23017275  2.26348793 -0.34136173  0.46411535
  2.43260372  0.56873466  2.64410742  2.91376795  2.82446337 -2.94474979
  0.27976315 -0.39326319  1.7209194   2.98821037 -0.35219032 -2.33315897
  2.72201151 -3.17583015  0.54664353 -0.68982364 -1.76057719  3.07777315
 -1.95480941 -1.67409802 -2.55196566  2.36421018 -2.1282591   1.95402692
  1.72287658  1.4527536   2.52656105  2.88339271  2.00357153  1.49534871
 -1.76546863 -2.38753607  1.15064546  0.57336898  1.58664883 -2.77729446
 -0.09888941  2.49903471 -1.1864412   1.13441423  1.23601319  0.60131537
 -0.94630282  1.09214135  0.7913725  -0.38524421  2.8248663  -2.12282346
  1.57932416 -0.65356528  0.9793056  -3.20196973 -2.25031195  0.33640195
 -1.07796774 -0.41174641  0.26799305  0.06202144 -1.75581622 -0.21053401
 -0.66593797  2.87195654 -1.14816118 -1.20354743 -1.12903218  1.26678762
  1.61312948 -0.83834159  2.12378593 -1.44538443 -0.24741782 -0.88153477
 -2.96891838  3.11450741 -1.78255291  3.04611259 -1.36432258 -2.33221763
  3.82123283 -1.20050087 -0.5681761  -3.11460128 -2.50433828  2.97251544
 -1.94969763 -1.68909059 -0.39798311  2.94681692  0.15114818  0.03163549
 -1.61990374 -0.13385119 -1.59699008 -3.10189031  2.90296157  1.14642243
 -0.33468939 -2.32637968  1.01908766 -1.16118441 -0.2735536  -2.15959371
 -1.90135776  1.82939299 -0.98485822  2.58592912 -0.43008523 -3.11248884
 -2.84948507  2.04077089 -3.06655631 -0.23922245 -1.0350045  -0.18330316
  2.37624332  1.73120361 -0.29041065 -1.7106464  -3.04231435  0.11186862
 -0.83145236  1.46371965 -2.53236254  0.95382648 -0.01661697  0.1997657
  1.9991863   0.72325725  0.78581219 -1.21162007  1.60541896  2.56354483
  1.2791998   0.31543911 -0.98446816  2.57352564  0.82747163 -2.22574815
 -0.01315665  1.7111136   1.07090877 -0.66620394 -2.31941636  2.42788162
  2.02707421  1.63720722  2.24143525  1.89477199 -2.16154288 -2.89093109
  0.51624084  1.36789452 -2.40428078 -1.29904234  2.43391142  1.25116494
  0.03602139 -1.76850203 -1.56146277  1.93009702  1.46371087 -0.82525846
 -0.14653759 -0.46465028 -0.17490173  2.38396538 -0.56180651 -0.65366629
  1.08949548 -2.28952795  1.01333957  2.55118326 -0.4926505   2.09729404
 -1.97608716 -0.86621973 -2.41297104 -2.289179   -1.37451539 -2.91789249
  1.59754337  1.85974557  1.64766176  1.01123564  1.42059887 -2.31035386
 -2.69875759  1.76019112  1.00268608 -0.41910006 -2.62662719  1.5525731
 -1.21271199 -2.4989792   0.06308676]
Fri Jun 14 00:11:17 2024,824,0.08050861794036365,[-2.85345013  2.05394232 -1.59829757  0.02856677  0.45723535 -3.25952123
  3.23928964  2.09429514  1.03322785 -1.02438188  0.55322876  1.32851831
  1.28252295 -1.86862517  0.77970904  2.88280116 -0.38212998 -0.43126214
 -1.91438726  0.84804887  1.63500242  2.90063024 -1.40251517 -0.43995964
 -2.18209792 -2.09372619  3.1148155   2.80509543 -0.70105352 -2.61566011
  1.54424522 -0.1917573  -2.43665274  1.82857682  1.13784543 -0.61397462
  1.09878433 -2.01983642 -0.23054388  2.26385906 -0.3409906   0.46374422
  2.43223259  0.56910579  2.64373629  2.91339682  2.82409225 -2.94512092
  0.27939202 -0.39289206  1.72054827  2.9885815  -0.35256145 -2.3335301
  2.72238264 -3.17620127  0.5462724  -0.69019477 -1.76020606  3.07740202
 -1.95518054 -1.67372689 -2.55159453  2.36383905 -2.12788797  1.95439805
  1.72324771  1.45312473  2.52618992  2.88302158  2.00394266  1.49571984
 -1.7650975  -2.38716494  1.15101659  0.57299785  1.58701996 -2.77692333
 -0.09926054  2.49940584 -1.18681233  1.13478536  1.23638432  0.60094424
 -0.94593169  1.09177022  0.79174363 -0.38561534  2.82523742 -2.12245233
  1.57895303 -0.65319415  0.97967673 -3.2015986  -2.25068308  0.33677308
 -1.07759661 -0.41137528  0.26762192  0.06165031 -1.75618735 -0.21090514
 -0.66556684  2.87232767 -1.14779005 -1.2031763  -1.12866105  1.26641649
  1.61275835 -0.83797046  2.12415706 -1.4450133  -0.2470467  -0.88116364
 -2.96928951  3.11413628 -1.78292404  3.04574146 -1.36395145 -2.33258876
  3.8208617  -1.200872   -0.56780497 -3.11497241 -2.50470941  2.97214431
 -1.95006876 -1.68946172 -0.39835424  2.94644579  0.15077705  0.03200662
 -1.62027487 -0.13348006 -1.59736121 -3.10226144  2.9033327   1.1460513
 -0.33431826 -2.32675081  1.01871653 -1.16081328 -0.27318248 -2.15996484
 -1.90098663  1.82976412 -0.98522935  2.58630025 -0.4297141  -3.11211771
 -2.84911394  2.04114202 -3.06618518 -0.23959358 -1.03537563 -0.18293203
  2.37587219  1.73157474 -0.29078178 -1.71101753 -3.04194322  0.11223975
 -0.83182349  1.46409078 -2.53273367  0.95419761 -0.01624584  0.19939458
  1.99881517  0.72362838  0.78618332 -1.21124894  1.60504783  2.5631737
  1.27957093  0.31506798 -0.98483929  2.57315451  0.82784276 -2.22611928
 -0.01352778  1.71074247  1.07053764 -0.66657507 -2.31904523  2.42825275
  2.02670309  1.63757835  2.24106412  1.89514312 -2.16191401 -2.89055996
  0.51661197  1.36752339 -2.40465191 -1.29941347  2.43354029  1.25079381
  0.03639251 -1.7681309  -1.5618339   1.93046815  1.464082   -0.82562959
 -0.14690872 -0.46427915 -0.1745306   2.38359425 -0.56143538 -0.65329516
  1.08912435 -2.28989908  1.0137107   2.55081213 -0.49302163  2.09766517
 -1.97571603 -0.86659086 -2.41334217 -2.28880787 -1.37414426 -2.91826362
  1.59717224  1.85937444  1.64729063  1.01086451  1.42022774 -2.31072499
 -2.69838646  1.75981999  1.00305721 -0.41872893 -2.62699832  1.55294423
 -1.21308312 -2.49935033  0.06345789]
Fri Jun 14 00:11:33 2024,825,0.08049692037139909,[-2.85396984  2.05342261 -1.59881727  0.02908648  0.45671564 -3.25900152
  3.23980935  2.09481485  1.03374756 -1.02386217  0.55270905  1.3279986
  1.28304266 -1.86810546  0.77918934  2.88228145 -0.38161028 -0.43074244
 -1.91386755  0.84752916  1.63448271  2.90011053 -1.40199546 -0.44047934
 -2.18261762 -2.0942459   3.1142958   2.80561514 -0.70053382 -2.6151404
  1.54476493 -0.1912376  -2.43717245  1.82909652  1.13836514 -0.61449432
  1.09930403 -2.02035613 -0.23106358  2.26333936 -0.34151031  0.46322452
  2.43275229  0.56962549  2.64321659  2.91287712  2.82461195 -2.94564063
  0.27887232 -0.39341176  1.72106798  2.98806179 -0.35204175 -2.3340498
  2.72186293 -3.17672098  0.5457527  -0.69071447 -1.76072577  3.07792173
 -1.95570025 -1.67320719 -2.55211424  2.36331935 -2.12736827  1.95491776
  1.722728    1.45364443  2.52567021  2.88250187  2.00342295  1.49623955
 -1.76561721 -2.38768465  1.15049688  0.57247814  1.58753966 -2.77744303
 -0.09978024  2.49888614 -1.18733204  1.13530506  1.23690402  0.60042453
 -0.94541198  1.09228993  0.79226334 -0.38613505  2.82471772 -2.12193263
  1.57947273 -0.65267444  0.98019644 -3.20107889 -2.25120278  0.33729279
 -1.0770769  -0.41085557  0.26814163  0.06217002 -1.75566764 -0.21038543
 -0.66608655  2.87180796 -1.14830975 -1.20265659 -1.12918076  1.2669362
  1.61223865 -0.83745075  2.12467676 -1.44553301 -0.2475664  -0.88168335
 -2.96980921  3.11465599 -1.78344375  3.04626117 -1.36343175 -2.33206905
  3.82138141 -1.2003523  -0.56728526 -3.11445271 -2.5041897   2.97162461
 -1.94954906 -1.68998143 -0.39783454  2.94592608  0.15129675  0.03252633
 -1.62079458 -0.13296036 -1.5968415  -3.10278115  2.90385241  1.14553159
 -0.33379855 -2.32727051  1.01923624 -1.16133299 -0.27370218 -2.15944513
 -1.90046692  1.82924441 -0.98574905  2.58681996 -0.4291944  -3.11263742
 -2.84859423  2.04166172 -3.06566547 -0.23907387 -1.03485592 -0.18345173
  2.37639189  1.73209445 -0.29026207 -1.71049783 -3.04142352  0.11275946
 -0.83130379  1.46461049 -2.53221396  0.9536779  -0.01676555  0.19887487
  1.99829546  0.72310867  0.78670302 -1.21176865  1.60556753  2.562654
  1.28009064  0.31454828 -0.98431959  2.5726348   0.82732305 -2.22559957
 -0.01404749  1.71022277  1.07105735 -0.66605537 -2.31956494  2.42877246
  2.02722279  1.63705865  2.24054441  1.89462341 -2.16139431 -2.89107967
  0.51609226  1.36700368 -2.4041322  -1.29993318  2.43406     1.2502741
  0.03691222 -1.76761119 -1.56235361  1.92994845  1.46356229 -0.8261493
 -0.14638902 -0.46479886 -0.1750503   2.38307454 -0.56195509 -0.65381487
  1.08860465 -2.29041878  1.01423041  2.55133183 -0.49250193  2.09818488
 -1.97623573 -0.86607116 -2.41386187 -2.28828817 -1.37466397 -2.91878332
  1.59665254  1.85885473  1.64781034  1.01034481  1.42074745 -2.3112447
 -2.69786676  1.7603397   1.00253751 -0.41924864 -2.62751802  1.55242452
 -1.21360282 -2.49883062  0.06293818]
Fri Jun 14 00:12:08 2024,826,0.08049705343267735,[-2.85398333  2.05343611 -1.59880378  0.02907298  0.45672914 -3.25898803
  3.23979585  2.09482834  1.03376105 -1.02384867  0.55272254  1.3280121
  1.28305615 -1.86811896  0.77917584  2.88229494 -0.38162377 -0.43075593
 -1.91388105  0.84751567  1.63446922  2.90009704 -1.40200896 -0.44049284
 -2.18263112 -2.09425939  3.11430929  2.80562863 -0.70052032 -2.61512691
  1.54475143 -0.19125109 -2.43718594  1.82908303  1.13837863 -0.61450782
  1.09929054 -2.02036962 -0.23105009  2.26332586 -0.3415238   0.46323801
  2.43276579  0.569612    2.64323008  2.91289061  2.82459846 -2.94562714
  0.27888581 -0.39342526  1.72108147  2.9880483  -0.35202825 -2.33403631
  2.72184944 -3.17673448  0.54576619 -0.69070098 -1.76071227  3.07790824
 -1.95568676 -1.67319369 -2.55212773  2.36333284 -2.12735477  1.95493126
  1.72271451  1.45365793  2.5256837   2.88248838  2.00343644  1.49625304
 -1.76560372 -2.38767116  1.15048339  0.57249164  1.58752617 -2.77742954
 -0.09976675  2.49887264 -1.18731854  1.13529157  1.23689053  0.60041104
 -0.94542548  1.09230342  0.79224985 -0.38612156  2.82473121 -2.12194612
  1.57948623 -0.65268794  0.98018294 -3.20106539 -2.25121628  0.33730628
 -1.0770904  -0.41084208  0.26815512  0.06215652 -1.75565415 -0.21039893
 -0.66610004  2.87179447 -1.14829626 -1.2026431  -1.12919425  1.2669497
  1.61222515 -0.83743725  2.12469026 -1.44551951 -0.24755291 -0.88166985
 -2.96979572  3.11466948 -1.78345725  3.04624767 -1.36344524 -2.33205556
  3.82136791 -1.2003388  -0.56729876 -3.11443921 -2.5042032   2.9716381
 -1.94953556 -1.68996794 -0.39784803  2.94593958  0.15131025  0.03251284
 -1.62080807 -0.13294686 -1.59682801 -3.10276765  2.90383891  1.14554508
 -0.33378506 -2.32725702  1.01922275 -1.1613195  -0.27368869 -2.15945862
 -1.90045343  1.82925791 -0.98573556  2.58680646 -0.4291809  -3.11262392
 -2.84860772  2.04167522 -3.06565198 -0.23908737 -1.03486942 -0.18346523
  2.3763784   1.73210794 -0.29027557 -1.71051132 -3.04141002  0.11274596
 -0.83131728  1.46459699 -2.53220047  0.95366441 -0.01675206  0.19886137
  1.99828197  0.72309517  0.78668953 -1.21178214  1.60558103  2.5626405
  1.28010413  0.31453478 -0.98430609  2.5726483   0.82730956 -2.22558608
 -0.01406098  1.71020927  1.07107084 -0.66606886 -2.31955144  2.42875896
  2.0272093   1.63704515  2.24053091  1.89460992 -2.16138081 -2.89109316
  0.51607876  1.36701718 -2.40411871 -1.29991969  2.43407349  1.2502876
  0.03689873 -1.76762469 -1.56234012  1.92993495  1.46357579 -0.8261358
 -0.14637552 -0.46481236 -0.17503681  2.38308803 -0.56196858 -0.65380138
  1.08859115 -2.29040529  1.01421691  2.55134533 -0.49248843  2.09819838
 -1.97622224 -0.86605766 -2.41384838 -2.28830166 -1.37467746 -2.91879682
  1.59663904  1.85886822  1.64782383  1.0103583   1.42076094 -2.3112312
 -2.69785326  1.76035319  1.00252401 -0.41923514 -2.62750453  1.55241103
 -1.21361632 -2.49881713  0.06295168]
Fri Jun 14 00:12:25 2024,827,0.08035793100360547,[-2.85549527  2.05192416 -1.59729183  0.02756104  0.45824108 -3.25747608
  3.24130779  2.09634029  1.035273   -1.02536062  0.5512106   1.32650016
  1.28154421 -1.86660701  0.7776639   2.880783   -0.38011183 -0.43226787
 -1.91539299  0.84600372  1.63295728  2.90160898 -1.4035209  -0.43898089
 -2.18111918 -2.09577134  3.11582123  2.80714058 -0.69900838 -2.61361496
  1.54626338 -0.18973915 -2.435674    1.82757109  1.13989058 -0.61299588
  1.09777859 -2.02188156 -0.23256203  2.2648378  -0.34303574  0.46172607
  2.43125384  0.57112394  2.64171814  2.91440255  2.82308651 -2.94411519
  0.27737387 -0.39191332  1.72259342  2.98956024 -0.35354019 -2.33252436
  2.72336138 -3.17824642  0.54425425 -0.69221292 -1.76222422  3.07639629
 -1.95417481 -1.67470563 -2.55061579  2.36484478 -2.12886671  1.9564432
  1.72120256  1.45516987  2.52417176  2.88097644  2.00494839  1.4947411
 -1.76409177 -2.3891831   1.14897145  0.57400358  1.58601423 -2.7759176
 -0.10127869  2.4973607  -1.1858066   1.13680351  1.23537858  0.60192298
 -0.94693742  1.09381536  0.79376179 -0.38460961  2.82321927 -2.12043418
  1.57797429 -0.65117599  0.98169489 -3.20257734 -2.25272822  0.33881823
 -1.07860234 -0.40933013  0.26966707  0.06366847 -1.75716609 -0.21191087
 -0.66761198  2.87028252 -1.14678432 -1.20113115 -1.1307062   1.26543775
  1.61071321 -0.83592531  2.12317831 -1.44400757 -0.24906485 -0.88015791
 -2.97130766  3.11315754 -1.7819453   3.04473573 -1.3619333  -2.33054361
  3.82287985 -1.20185074 -0.5688107  -3.11292727 -2.50571514  2.97315004
 -1.9510475  -1.69147988 -0.39935997  2.94745152  0.15282219  0.03402478
 -1.61929613 -0.13143492 -1.59833995 -3.10427959  2.90535086  1.14403314
 -0.33227312 -2.32574508  1.0177108  -1.15980755 -0.27217674 -2.15794668
 -1.90196537  1.83076985 -0.9872475   2.58529452 -0.43069284 -3.11111198
 -2.84709578  2.04016328 -3.06716392 -0.23757543 -1.03335748 -0.18195329
  2.37486646  1.730596   -0.28876363 -1.71202327 -3.04292196  0.1142579
 -0.83282922  1.46308505 -2.53068852  0.95215246 -0.01524011  0.19734943
  1.99979391  0.72158323  0.78517759 -1.21329409  1.60406908  2.56112856
  1.28161607  0.31604672 -0.98279415  2.57416024  0.82579762 -2.22709802
 -0.01254904  1.70869733  1.0695589  -0.6675808  -2.32106339  2.43027091
  2.02872124  1.63855709  2.24204286  1.89612186 -2.16289275 -2.8926051
  0.51456682  1.36852912 -2.40563065 -1.29840774  2.43558544  1.25179954
  0.03841067 -1.76913663 -1.56385206  1.93144689  1.46508773 -0.82462386
 -0.14486358 -0.4663243  -0.17654875  2.38459998 -0.56045664 -0.65228943
  1.08707921 -2.28889335  1.01270497  2.54983339 -0.49097649  2.09971032
 -1.9747103  -0.86454572 -2.41536032 -2.28678972 -1.37618941 -2.92030876
  1.59815098  1.86038017  1.64631189  1.00884636  1.419249   -2.30971926
 -2.6993652   1.76186513  1.00101207 -0.4177232  -2.62599258  1.55089909
 -1.21210438 -2.49730519  0.06143973]
Fri Jun 14 00:12:42 2024,828,0.08022878046035578,[-2.85700237  2.05041707 -1.59578474  0.02605394  0.45673398 -3.25596899
  3.24281489  2.09483319  1.0337659  -1.02686771  0.5527177   1.32800725
  1.2830513  -1.86811411  0.779171    2.8822901  -0.38161893 -0.43377497
 -1.91690008  0.84449663  1.63145018  2.90311608 -1.405028   -0.44048799
 -2.17961208 -2.09426424  3.11732833  2.80563348 -0.70051548 -2.61512206
  1.54475628 -0.19124625 -2.4371811   1.82606399  1.14139767 -0.61148878
  1.0962715  -2.02037447 -0.23406913  2.26333071 -0.34152865  0.46021897
  2.42974675  0.56961684  2.64021104  2.91590965  2.82157942 -2.94562229
  0.27888097 -0.39040622  1.72108632  2.98805314 -0.3520331  -2.33403146
  2.72185429 -3.17975351  0.54274715 -0.69372002 -1.76071712  3.0748892
 -1.95568191 -1.67621273 -2.54910869  2.36333769 -2.12735962  1.9549361
  1.72270966  1.45667697  2.52266466  2.88248353  2.00645548  1.49624819
 -1.76559887 -2.387676    1.15047854  0.57249648  1.58450713 -2.77742469
 -0.10278579  2.49886779 -1.1873137   1.13831061  1.23688568  0.60041589
 -0.94844452  1.09532246  0.79225469 -0.38611671  2.82171217 -2.11892708
  1.57948138 -0.65268309  0.98320198 -3.20408443 -2.25423532  0.34032532
 -1.07709525 -0.41083723  0.26815997  0.06216137 -1.75565899 -0.21341796
 -0.66610489  2.86877543 -1.14527722 -1.19962406 -1.1291991   1.26694485
  1.60920611 -0.83743241  2.12468541 -1.44250047 -0.24755775 -0.87865081
 -2.96980056  3.11165044 -1.7834524   3.04322863 -1.36344039 -2.32903652
  3.82438695 -1.20034365 -0.5673036  -3.11142017 -2.50722224  2.97164295
 -1.9525546  -1.69298698 -0.39785288  2.94895861  0.15432929  0.03553188
 -1.61778903 -0.13294201 -1.59683285 -3.1027725   2.90384376  1.14252605
 -0.33076602 -2.32725217  1.0192179  -1.15830046 -0.27066965 -2.15643959
 -1.90045828  1.82926275 -0.98574041  2.58378742 -0.42918575 -3.10960488
 -2.84558868  2.03865618 -3.06867102 -0.23606833 -1.03185038 -0.18044619
  2.37335936  1.7290889  -0.29027072 -1.71051617 -3.04442906  0.115765
 -0.83132213  1.46157795 -2.52918143  0.95365956 -0.01373302  0.19885653
  2.00130101  0.72007614  0.78367049 -1.21480118  1.60557618  2.56263565
  1.28312317  0.31755382 -0.98430124  2.57566734  0.82429052 -2.22559092
 -0.01405613  1.71020443  1.07106599 -0.66607371 -2.32257048  2.431778
  2.03022834  1.63705     2.24053576  1.89461477 -2.16138566 -2.89109801
  0.51607392  1.37003622 -2.40713775 -1.29991484  2.43709253  1.25029244
  0.03690357 -1.76762954 -1.56234496  1.93295399  1.46358063 -0.82311676
 -0.14637067 -0.4648172  -0.17504165  2.38309288 -0.55894954 -0.65078234
  1.0885863  -2.29040044  1.01421207  2.54832629 -0.49248358  2.10121741
 -1.97621739 -0.86605281 -2.41385323 -2.28829681 -1.37468231 -2.91880166
  1.59965808  1.85887307  1.64781899  1.01035345  1.42075609 -2.30821216
 -2.69785811  1.76337223  0.99950497 -0.41923029 -2.62749968  1.54939199
 -1.21361147 -2.49579809  0.05993264]
Fri Jun 14 00:12:59 2024,829,0.08019986947278439,[-2.85606173  2.0513577  -1.5948441   0.0251133   0.45579334 -3.25690962
  3.24375553  2.09389255  1.03282526 -1.02592708  0.55177706  1.32894789
  1.28399194 -1.86905475  0.78011163  2.88323074 -0.38255956 -0.43471561
 -1.91784072  0.84355599  1.63050954  2.90217544 -1.40408736 -0.43954735
 -2.17867144 -2.09520488  3.11638769  2.80469284 -0.69957484 -2.6160627
  1.54381564 -0.19030561 -2.43624046  1.82700463  1.14233831 -0.61242942
  1.09721214 -2.0213151  -0.23312849  2.26239007 -0.34058801  0.46115961
  2.43068738  0.57055748  2.64115168  2.91685029  2.82063878 -2.94656293
  0.2798216  -0.39134686  1.72202696  2.98899378 -0.35109246 -2.3349721
  2.72279492 -3.17881288  0.54368779 -0.69277938 -1.75977648  3.07582984
 -1.95474127 -1.67715337 -2.55004933  2.36239705 -2.12830025  1.95399546
  1.72176902  1.4576176   2.5236053   2.88342417  2.00739612  1.49530756
 -1.76465823 -2.38861664  1.15141918  0.57155585  1.58544777 -2.77648406
 -0.10372643  2.49980843 -1.18637306  1.13736997  1.23782632  0.60135652
 -0.94938515  1.09438182  0.79319533 -0.38705735  2.82265281 -2.11986772
  1.57854075 -0.65362373  0.98414262 -3.20502507 -2.25517595  0.33938468
 -1.07803588 -0.41177787  0.26910061  0.06122073 -1.75471836 -0.21247733
 -0.66704552  2.86971606 -1.14433658 -1.19868342 -1.12825846  1.26600421
  1.60826548 -0.83837305  2.12562605 -1.44155983 -0.24849839 -0.87771018
 -2.9707412   3.11259108 -1.78439304  3.042288   -1.36438103 -2.32997716
  3.82532759 -1.20128429 -0.56636297 -3.11047954 -2.5062816   2.97070231
 -1.95161396 -1.69392761 -0.39879351  2.94989925  0.15526992  0.03459124
 -1.61872967 -0.13388265 -1.59589221 -3.10371314  2.90290312  1.14158541
 -0.32982538 -2.32631154  1.02015854 -1.15735982 -0.27161029 -2.15738022
 -1.90139891  1.82832212 -0.98668104  2.58472806 -0.42824511 -3.11054552
 -2.84464805  2.03959682 -3.06961166 -0.23512769 -1.03279102 -0.17950555
  2.3743      1.72814827 -0.29121136 -1.70957553 -3.0453697   0.11670564
 -0.83038149  1.46063732 -2.53012206  0.9546002  -0.01467365  0.19979716
  2.00224165  0.72101677  0.78461113 -1.21574182  1.60651682  2.56169502
  1.28406381  0.31661318 -0.98524188  2.5747267   0.82523116 -2.22465029
 -0.01499677  1.70926379  1.07012536 -0.66513307 -2.32162984  2.43271864
  2.03116897  1.63799063  2.2414764   1.89367413 -2.16044502 -2.89203865
  0.51701456  1.37097686 -2.40807839 -1.30085548  2.43803317  1.25123308
  0.03596294 -1.7666889  -1.56140433  1.93389463  1.46263999 -0.82217613
 -0.14731131 -0.46575784 -0.17598229  2.38215224 -0.55800891 -0.65172298
  1.08952694 -2.2894598   1.0151527   2.54926693 -0.49342422  2.10215805
 -1.97527675 -0.86511218 -2.41291259 -2.28923745 -1.37562295 -2.9197423
  1.60059872  1.85793243  1.64875962  1.01129409  1.41981546 -2.30727153
 -2.69691747  1.76431287  1.00044561 -0.41828966 -2.62655904  1.54845135
 -1.21267083 -2.49673873  0.058992  ]
Fri Jun 14 00:13:28 2024,830,0.08019982201914574,[-2.85611532  2.05141129 -1.59479052  0.02516689  0.45584693 -3.25685604
  3.24380911  2.09394614  1.03277168 -1.02587349  0.55183064  1.3288943
  1.28404553 -1.86910833  0.78005805  2.88317715 -0.38261315 -0.43476919
 -1.91789431  0.84360958  1.63045596  2.90222902 -1.40414095 -0.43949377
 -2.17861786 -2.09525846  3.11644128  2.80463926 -0.69962842 -2.61611628
  1.54376206 -0.19025202 -2.43629405  1.82695104  1.14239189 -0.612483
  1.09715855 -2.02126152 -0.23318208  2.26233649 -0.3406416   0.46121319
  2.43074097  0.5705039   2.6410981   2.91690387  2.8205852  -2.94650934
  0.27976802 -0.39140044  1.72197337  2.98904737 -0.35114605 -2.33502568
  2.72284851 -3.17886646  0.54363421 -0.69272579 -1.75983007  3.07588342
 -1.95479486 -1.67709978 -2.55010291  2.36234347 -2.12835384  1.95404905
  1.72182261  1.45756402  2.52365889  2.88347775  2.00734254  1.49536114
 -1.76471182 -2.38856305  1.15147276  0.57160943  1.58550135 -2.77643047
 -0.10378001  2.49975485 -1.18642664  1.13731639  1.2378799   0.60130294
 -0.94933157  1.09443541  0.79314175 -0.38711093  2.8227064  -2.11981413
  1.57859433 -0.65367731  0.9841962  -3.20507866 -2.25522954  0.3393311
 -1.07808947 -0.41183145  0.26915419  0.06116715 -1.75477194 -0.21242374
 -0.66699194  2.86976965 -1.144283   -1.19862984 -1.12831205  1.26595063
  1.60821189 -0.83842663  2.12557246 -1.44150625 -0.24844481 -0.87765659
 -2.97068762  3.1125375  -1.78433945  3.04223441 -1.36443462 -2.32992357
  3.825274   -1.2012307  -0.56630938 -3.11042595 -2.50633518  2.97064872
 -1.95166755 -1.6939812  -0.39873993  2.94995284  0.15521634  0.03453765
 -1.61878326 -0.13393624 -1.59583863 -3.10365955  2.90284954  1.14163899
 -0.3297718  -2.32625795  1.02021212 -1.15730624 -0.2715567  -2.15743381
 -1.90134533  1.8283757  -0.98673463  2.58478164 -0.42819153 -3.1105991
 -2.84459446  2.0396504  -3.06955807 -0.23507411 -1.0328446  -0.17945197
  2.37424641  1.72809468 -0.29115777 -1.70962912 -3.04542328  0.11665205
 -0.8303279   1.46058373 -2.53006848  0.95454661 -0.01472724  0.19974358
  2.00218806  0.72107036  0.78466471 -1.21568824  1.6065704   2.56164143
  1.28401022  0.3165596  -0.9851883   2.57478028  0.82528474 -2.22470387
 -0.01494319  1.7092102   1.07007177 -0.66518665 -2.32168343  2.43277222
  2.03111539  1.63804422  2.24142281  1.89362054 -2.16039144 -2.89198506
  0.51706814  1.37103044 -2.4080248  -1.30080189  2.43808675  1.25128667
  0.03590935 -1.76674248 -1.56135074  1.93394821  1.46258641 -0.82222971
 -0.14725773 -0.46570425 -0.17592871  2.38220583 -0.55795532 -0.65177656
  1.08958053 -2.28940622  1.01520629  2.54921334 -0.49337064  2.10210447
 -1.97522317 -0.86516576 -2.41296617 -2.28929104 -1.37556936 -2.91968872
  1.60054513  1.85787885  1.64881321  1.01124051  1.41986904 -2.30721794
 -2.69697106  1.76436645  1.00039203 -0.41823607 -2.62650546  1.54850494
 -1.21272442 -2.49668514  0.05893842]
Fri Jun 14 00:13:43 2024,831,0.08019188792776001,[-2.85557357  2.05195304 -1.59424877  0.02462514  0.45530518 -3.25631429
  3.24435086  2.09340439  1.03331343 -1.02533174  0.55128889  1.32943605
  1.28458728 -1.86965008  0.7795163   2.8837189  -0.3820714  -0.43422744
 -1.91735256  0.84415133  1.62991421  2.90168727 -1.4046827  -0.44003552
 -2.17915961 -2.09580021  3.11698303  2.80409751 -0.70017017 -2.61665803
  1.54430381 -0.18971027 -2.4368358   1.82749279  1.14185014 -0.61302475
  1.0966168  -2.02180327 -0.23372383  2.26179474 -0.34009985  0.46067144
  2.43128272  0.57104565  2.64055635  2.91744562  2.82112695 -2.94705109
  0.28030977 -0.39194219  1.72143162  2.98958912 -0.3516878  -2.33556743
  2.72230676 -3.17832471  0.54309246 -0.69326754 -1.76037182  3.07534167
 -1.95533661 -1.67655803 -2.54956116  2.36288522 -2.12781209  1.9545908
  1.72128086  1.45810577  2.52420064  2.882936    2.00680079  1.49590289
 -1.76417007 -2.3891048   1.15201451  0.57215118  1.5860431  -2.77697222
 -0.10323826  2.5002966  -1.18588489  1.13785814  1.23842165  0.60076119
 -0.94987332  1.09389366  0.7926     -0.38765268  2.82324815 -2.11927238
  1.57805258 -0.65421906  0.98365445 -3.20453691 -2.25577129  0.33878935
 -1.07754772 -0.4112897   0.26861244  0.0617089  -1.75423019 -0.21188199
 -0.66645019  2.8692279  -1.14374125 -1.19808809 -1.1288538   1.26540888
  1.60875364 -0.83788488  2.12503071 -1.4409645  -0.24790306 -0.87711484
 -2.97014587  3.11199575 -1.7837977   3.04169266 -1.36389287 -2.33046532
  3.82473225 -1.20177245 -0.56685113 -3.1109677  -2.50579343  2.97010698
 -1.9522093  -1.69343945 -0.39928168  2.95049459  0.15467459  0.0350794
 -1.61824151 -0.13339449 -1.59529688 -3.1031178   2.90339129  1.14218074
 -0.32923005 -2.3267997   1.02075387 -1.15676449 -0.27209845 -2.15689206
 -1.90188708  1.82891745 -0.98727638  2.58532339 -0.42873328 -3.11005735
 -2.84513621  2.03910865 -3.07009982 -0.23453236 -1.03338635 -0.17891022
  2.37370466  1.72863643 -0.29169952 -1.70908737 -3.04488153  0.1171938
 -0.82978615  1.46004198 -2.52952673  0.95400486 -0.01418549  0.20028533
  2.00272981  0.72161211  0.78412296 -1.21514649  1.60711215  2.56218318
  1.28346847  0.31601785 -0.98464655  2.57532203  0.82582649 -2.22524562
 -0.01548494  1.70975195  1.07061352 -0.6657284  -2.32222518  2.43331397
  2.03057364  1.63750247  2.24088106  1.89416229 -2.16093319 -2.89144331
  0.51652639  1.37157219 -2.40856655 -1.30026014  2.437545    1.25074492
  0.0364511  -1.76728423 -1.56080899  1.93340646  1.46312816 -0.82168796
 -0.14671598 -0.466246   -0.17647046  2.38166408 -0.55849707 -0.65123481
  1.09012228 -2.28994797  1.01466454  2.54867159 -0.49391239  2.10264622
 -1.97468142 -0.86570751 -2.41350792 -2.28874929 -1.37502761 -2.92023047
  1.60108688  1.8584206   1.64935496  1.01069876  1.41932729 -2.30775969
 -2.6975128   1.7649082   0.99985028 -0.41877782 -2.62596371  1.54904669
 -1.21326617 -2.49614339  0.05839667]
Fri Jun 14 00:13:57 2024,832,0.08017804285072944,[-2.85510187  2.05148134 -1.59472046  0.02509683  0.45483348 -3.25584259
  3.24482256  2.09387608  1.03378512 -1.02580344  0.55176059  1.32990775
  1.28411558 -1.87012178  0.7790446   2.88324721 -0.3815997  -0.43469914
 -1.91688086  0.84462302  1.62944251  2.90215897 -1.40515439 -0.43956382
 -2.1796313  -2.09532852  3.11651133  2.80362581 -0.69969848 -2.61618634
  1.54383211 -0.18923858 -2.4363641   1.82796449  1.14232184 -0.61349645
  1.09614511 -2.02133157 -0.23419552  2.26226643 -0.34057154  0.46019975
  2.43175441  0.57151734  2.64008465  2.91791732  2.82065525 -2.9465794
  0.27983807 -0.3914705   1.72095993  2.98911742 -0.35215949 -2.33603913
  2.72277845 -3.17879641  0.54356415 -0.69373924 -1.76084351  3.07581337
 -1.95486491 -1.67608634 -2.55003286  2.36241352 -2.12828378  1.9541191
  1.72080916  1.45857746  2.52467233  2.88246431  2.00632909  1.4954312
 -1.76464176 -2.38863311  1.15248621  0.57167949  1.58557141 -2.77744392
 -0.10276657  2.4998249  -1.1854132   1.13832983  1.23889335  0.60028949
 -0.95034501  1.09436535  0.79307169 -0.38812438  2.82371984 -2.11880069
  1.57758089 -0.65374737  0.98318276 -3.2050086  -2.25529959  0.33926104
 -1.07801941 -0.4117614   0.26908414  0.0612372  -1.75470189 -0.21235369
 -0.66692188  2.8687562  -1.14326955 -1.19761639 -1.1283821   1.26588057
  1.60828195 -0.83835658  2.12455902 -1.4404928  -0.24743136 -0.87664315
 -2.96967417  3.11246744 -1.7842694   3.04122097 -1.36342117 -2.32999363
  3.82426056 -1.20130076 -0.56732283 -3.1114394  -2.50532174  2.97057867
 -1.95268099 -1.69391114 -0.39880998  2.95002289  0.1542029   0.03460771
 -1.61776981 -0.13292279 -1.59482519 -3.1035895   2.90386298  1.14265244
 -0.32875835 -2.32632801  1.02122557 -1.15629279 -0.27257015 -2.15736375
 -1.90141538  1.82938915 -0.98774807  2.58579509 -0.42920497 -3.11052905
 -2.84560791  2.03958035 -3.07057152 -0.23406066 -1.03385805 -0.17843852
  2.37323297  1.72910813 -0.29217122 -1.70955906 -3.04535323  0.11672211
 -0.83025785  1.45957029 -2.52999842  0.95447656 -0.01371379  0.19981363
  2.00225812  0.72114041  0.78459466 -1.21561818  1.60664046  2.56265488
  1.28299678  0.31554615 -0.98417485  2.57579373  0.82629819 -2.22571732
 -0.01595663  1.70928026  1.07108522 -0.6662001  -2.32175348  2.43284228
  2.03010194  1.63703077  2.24135276  1.8936906  -2.16046149 -2.89097162
  0.51699809  1.37204389 -2.40809486 -1.29978845  2.43707331  1.25027322
  0.0369228  -1.76775593 -1.56128069  1.93387816  1.46265646 -0.82215966
 -0.14624428 -0.46577431 -0.17694215  2.38119238 -0.55896877 -0.65076312
  1.09059397 -2.28947627  1.01419284  2.5481999  -0.49438408  2.10311791
 -1.97420973 -0.86523582 -2.41397962 -2.28922098 -1.37455592 -2.91975877
  1.60061519  1.85889229  1.64982665  1.01022706  1.41979899 -2.30823139
 -2.69704111  1.76443651  1.00032197 -0.41830613 -2.62549201  1.54857499
 -1.21373786 -2.49661509  0.05886836]
Fri Jun 14 00:14:12 2024,833,0.08017681861184796,[-2.85513688  2.05144634 -1.59475546  0.02506183  0.45486849 -3.25580759
  3.24478755  2.09384108  1.03375012 -1.02583844  0.55172559  1.32987275
  1.28408058 -1.87015678  0.7790096   2.88328221 -0.3815647  -0.43466413
 -1.91684586  0.84458802  1.62940751  2.90219397 -1.40511939 -0.43959883
 -2.1795963  -2.09536352  3.11654633  2.80366082 -0.69973348 -2.61622134
  1.54379711 -0.18920358 -2.4363291   1.82792948  1.14235684 -0.61346144
  1.09618011 -2.02136658 -0.23423052  2.26230143 -0.34053654  0.46023475
  2.43171941  0.57155234  2.64011965  2.91788231  2.82069025 -2.9466144
  0.27987308 -0.3915055   1.72099493  2.98915242 -0.35212449 -2.33600412
  2.72274345 -3.17883141  0.54352915 -0.69377424 -1.76087852  3.07577836
 -1.95482991 -1.67612134 -2.54999786  2.36237852 -2.12824878  1.9540841
  1.72077416  1.45861247  2.52463733  2.88249931  2.00629409  1.4954662
 -1.76460676 -2.38859811  1.15245121  0.57164448  1.58560641 -2.77740891
 -0.10273156  2.49985991 -1.1854482   1.13836483  1.23885834  0.6003245
 -0.95038002  1.09433035  0.79310669 -0.38808937  2.82375484 -2.11876569
  1.57754588 -0.65371236  0.98321776 -3.2049736  -2.2553346   0.33929605
 -1.07805442 -0.4117964   0.26911914  0.06127221 -1.75473689 -0.21238869
 -0.66688688  2.8687212  -1.14330456 -1.19765139 -1.1283471   1.26591558
  1.60824694 -0.83839158  2.12452402 -1.4404578  -0.24746636 -0.87660814
 -2.96963917  3.11243244 -1.7843044   3.04118596 -1.36345617 -2.32995862
  3.82429556 -1.20133576 -0.56728782 -3.1114744  -2.50535674  2.97061367
 -1.95264599 -1.69387614 -0.39884499  2.94998789  0.1542379   0.03464271
 -1.61773481 -0.13288779 -1.59479018 -3.10355449  2.90382798  1.14268744
 -0.32879336 -2.326293    1.02126057 -1.15632779 -0.27253514 -2.15739876
 -1.90145039  1.82942415 -0.98771307  2.58576009 -0.42916997 -3.11049405
 -2.84564291  2.03954534 -3.07053651 -0.23402566 -1.03382304 -0.17840352
  2.37326797  1.72907312 -0.29213622 -1.70959406 -3.04538823  0.1166871
 -0.83029285  1.45953528 -2.52996342  0.95444155 -0.01367879  0.19984864
  2.00229312  0.72117542  0.78462966 -1.21565318  1.60667546  2.56261987
  1.28303178  0.31558116 -0.98413985  2.57575873  0.82633319 -2.22575232
 -0.01592163  1.70931526  1.07112022 -0.6661651  -2.32178849  2.43287728
  2.03006694  1.63706578  2.24131776  1.8936556  -2.16049649 -2.89093661
  0.51696308  1.37200888 -2.40812986 -1.29975344  2.43703831  1.25030823
  0.03688779 -1.76779093 -1.56131569  1.93391316  1.46262146 -0.82212465
 -0.14627929 -0.46580931 -0.17697716  2.38115738 -0.55900377 -0.65072811
  1.09055897 -2.28951128  1.01422785  2.54816489 -0.49434908  2.10308291
 -1.97424473 -0.86520081 -2.41401462 -2.28918598 -1.37459092 -2.91972377
  1.60065019  1.8589273   1.64979165  1.01019206  1.41983399 -2.30819638
 -2.69707611  1.7644015   1.00035697 -0.41827112 -2.62552702  1.54853999
 -1.21377287 -2.49665009  0.05890336]
Fri Jun 14 00:14:30 2024,834,0.08013177316262396,[-2.85445817  2.05212504 -1.59543417  0.02438313  0.45418978 -3.25648629
  3.24410885  2.09316238  1.03442882 -1.02515974  0.55104688  1.32919404
  1.28340188 -1.87083548  0.7783309   2.88260351 -0.380886   -0.43398543
 -1.91616716  0.84526672  1.62872881  2.90287267 -1.40579809 -0.44027753
 -2.180275   -2.09468482  3.11586763  2.80433952 -0.70041218 -2.61554264
  1.54447581 -0.18852487 -2.4370078   1.82725078  1.14167814 -0.61414015
  1.09685881 -2.02204528 -0.23490923  2.26298014 -0.34121524  0.46091346
  2.43239811  0.57223105  2.63944095  2.91856102  2.82001155 -2.9459357
  0.28055178 -0.3921842   1.72167363  2.98847372 -0.35280319 -2.33668283
  2.72342215 -3.17951011  0.54285045 -0.69445294 -1.76155722  3.07509966
 -1.95415121 -1.67680004 -2.54931915  2.36169981 -2.12757008  1.9547628
  1.72009546  1.45929117  2.52395863  2.88317802  2.00697279  1.4961449
 -1.76528546 -2.38927681  1.15312991  0.57232319  1.58628511 -2.77673021
 -0.10205286  2.4991812  -1.1847695   1.13904354  1.23953705  0.59964579
 -0.94970131  1.09365165  0.79242799 -0.38876808  2.82307614 -2.11808698
  1.57822459 -0.65439107  0.98389646 -3.20429489 -2.2560133   0.33861735
 -1.07873312 -0.4124751   0.26979784  0.0605935  -1.75541559 -0.21306739
 -0.66620818  2.8680425  -1.14398326 -1.19697269 -1.1276684   1.26523687
  1.60756824 -0.83907028  2.12520272 -1.4397791  -0.24814507 -0.87592944
 -2.97031787  3.11175374 -1.7836257   3.04186467 -1.36413488 -2.32927992
  3.82361686 -1.20201446 -0.56660912 -3.1107957  -2.50467804  2.97129238
 -1.95332469 -1.69455484 -0.39816628  2.94930919  0.1549166   0.03532141
 -1.6170561  -0.13220909 -1.59546888 -3.10287579  2.90450668  1.14200874
 -0.32811465 -2.3256143   1.02058187 -1.1570065  -0.27321384 -2.15807746
 -1.90077168  1.82874545 -0.98839177  2.58508138 -0.42849126 -3.10981534
 -2.84496421  2.03886664 -3.07121521 -0.23470436 -1.03314434 -0.17908222
  2.37258927  1.72975183 -0.29281492 -1.70891536 -3.04470953  0.1160084
 -0.82961415  1.45885658 -2.52928472  0.95376285 -0.01435749  0.19916994
  2.00161442  0.72185412  0.78530836 -1.21497448  1.60735416  2.56329858
  1.28371048  0.31490245 -0.98346115  2.57643743  0.82701189 -2.22643102
 -0.01524293  1.70999396  1.07179892 -0.6668438  -2.32246719  2.43355599
  2.03074564  1.63774448  2.24063905  1.89297689 -2.15981779 -2.89161532
  0.51628438  1.37268758 -2.40745116 -1.29907474  2.4363596   1.24962952
  0.0375665  -1.76846963 -1.56199439  1.93323446  1.46194276 -0.82280336
 -0.14560058 -0.46648802 -0.17629845  2.38047868 -0.55968247 -0.65004941
  1.09123767 -2.29018998  1.01490655  2.5488436  -0.49367038  2.10376161
 -1.97356603 -0.86587952 -2.41469332 -2.28986468 -1.37526962 -2.92040247
  1.59997149  1.859606    1.64911295  1.00951336  1.42051269 -2.30751768
 -2.69639741  1.7637228   0.99967827 -0.41759242 -2.62620572  1.54921869
 -1.21445157 -2.49732879  0.05958207]
Fri Jun 14 00:14:44 2024,835,0.08013145254561592,[-2.85456843  2.0522353  -1.59554442  0.02427287  0.45407953 -3.25659655
  3.2439986   2.09305212  1.03453908 -1.02504948  0.55115714  1.32908379
  1.28351213 -1.87094574  0.77844115  2.88271376 -0.38077574 -0.43409569
 -1.91627741  0.84515647  1.62883906  2.90276242 -1.40590834 -0.44016727
 -2.18016475 -2.09457456  3.11575738  2.80444977 -0.70030193 -2.61543238
  1.54458607 -0.18863513 -2.43711806  1.82736104  1.14156788 -0.6142504
  1.09696907 -2.02193503 -0.23501948  2.26309039 -0.34110499  0.46102371
  2.43228786  0.57212079  2.63955121  2.91867127  2.8199013  -2.94604595
  0.28044152 -0.39207395  1.72178389  2.98836347 -0.35291345 -2.33679308
  2.7233119  -3.17939986  0.5429607  -0.6945632  -1.76166747  3.0749894
 -1.95404095 -1.6769103  -2.5492089   2.36158956 -2.12768033  1.95465255
  1.7199852   1.45940142  2.52406888  2.88328827  2.00686254  1.49625516
 -1.76517521 -2.38916655  1.15324016  0.57243344  1.58639537 -2.77684047
 -0.1019426   2.49907095 -1.18465924  1.13893328  1.23942679  0.59953554
 -0.94981157  1.09354139  0.79231774 -0.38865782  2.8231864  -2.11819724
  1.57833484 -0.65450132  0.98400672 -3.20418464 -2.25590305  0.3387276
 -1.07884337 -0.41236485  0.26968759  0.06070376 -1.75530534 -0.21295714
 -0.66609792  2.86793224 -1.14409351 -1.19686244 -1.12777865  1.26534713
  1.6076785  -0.83918054  2.12509246 -1.43966884 -0.24825532 -0.8760397
 -2.97042813  3.11186399 -1.78373595  3.04175441 -1.36424513 -2.32939017
  3.8235066  -1.20190421 -0.56649887 -3.11090595 -2.50478829  2.97140263
 -1.95343495 -1.69444459 -0.39805603  2.94919893  0.15480635  0.03543167
 -1.61716636 -0.13231934 -1.59535863 -3.10276553  2.90439643  1.14211899
 -0.32822491 -2.32550404  1.02047161 -1.15689624 -0.27310359 -2.15818771
 -1.90066143  1.8288557  -0.98850203  2.58519164 -0.42838101 -3.10970509
 -2.84485395  2.0389769  -3.07110496 -0.23459411 -1.0332546  -0.17897197
  2.37269952  1.72986208 -0.29292517 -1.70880511 -3.04459927  0.11589815
 -0.82972441  1.45874633 -2.52939497  0.9536526  -0.01424724  0.19905968
  2.00150416  0.72196437  0.78519811 -1.21486423  1.60746442  2.56318832
  1.28360023  0.31501271 -0.98335089  2.57632717  0.82690164 -2.22654128
 -0.01513267  1.70988371  1.07168867 -0.66673354 -2.32235693  2.43366624
  2.03063539  1.63763423  2.2405288   1.89308715 -2.15970754 -2.89172557
  0.51639464  1.37279784 -2.4073409  -1.299185    2.43646986  1.24951927
  0.03767675 -1.76857989 -1.56188414  1.93334471  1.4618325  -0.8226931
 -0.14549033 -0.46637776 -0.17640871  2.38058893 -0.55957222 -0.65015966
  1.09134793 -2.29007972  1.01479629  2.54895385 -0.49356012  2.10387187
 -1.97367628 -0.86598977 -2.41480358 -2.28997494 -1.37515937 -2.92051273
  1.60008174  1.85971625  1.64900269  1.0094031   1.42062295 -2.30740743
 -2.69628716  1.76361254  0.99956802 -0.41748217 -2.62609546  1.54932895
 -1.21434131 -2.49721854  0.05969232]
Fri Jun 14 00:15:32 2024,836,0.08013951841017847,[-2.85419101  2.05261272 -1.59592184  0.02389545  0.45370211 -3.25697397
  3.24437601  2.09342954  1.03416166 -1.02467206  0.55153456  1.32870637
  1.28313471 -1.87132316  0.77806373  2.88233634 -0.38115316 -0.43447311
 -1.91665483  0.84477905  1.62921648  2.902385   -1.40628576 -0.43978985
 -2.17978733 -2.09419714  3.11537996  2.80482719 -0.69992451 -2.6158098
  1.54420865 -0.18901255 -2.43674064  1.82698362  1.14119046 -0.61387298
  1.09659165 -2.02231244 -0.2353969   2.26346781 -0.3414824   0.46140113
  2.43266528  0.57174337  2.63992863  2.91829385  2.82027872 -2.94566853
  0.2800641  -0.39245137  1.72216131  2.98874089 -0.35253603 -2.3371705
  2.72293448 -3.17977728  0.54258328 -0.69418578 -1.76204489  3.07461198
 -1.95441837 -1.67728772 -2.54958632  2.36196698 -2.12805775  1.95427513
  1.71960778  1.459024    2.52369146  2.88366569  2.00648512  1.49663258
 -1.76479779 -2.38878913  1.15286274  0.57281086  1.58677279 -2.77646305
 -0.10156519  2.49944837 -1.18503666  1.13855586  1.23980421  0.59991296
 -0.94943415  1.09391881  0.79269516 -0.38903524  2.82356382 -2.11857466
  1.57795742 -0.6541239   0.9836293  -3.20380722 -2.25628046  0.33835018
 -1.07922079 -0.41198743  0.27006501  0.06108118 -1.75492792 -0.21257972
 -0.66647534  2.86830966 -1.14447093 -1.19648502 -1.12815607  1.26496971
  1.60730108 -0.83880312  2.12546988 -1.44004626 -0.2478779  -0.87641712
 -2.97080555  3.11224141 -1.78335853  3.04213183 -1.36386771 -2.32976759
  3.82312918 -1.20228163 -0.56687629 -3.11128337 -2.50441088  2.97178005
 -1.95381237 -1.69406717 -0.39767861  2.94957635  0.15442893  0.03580909
 -1.61754378 -0.13194192 -1.59573605 -3.10314295  2.90401901  1.14249641
 -0.32860233 -2.32512663  1.02009419 -1.15651882 -0.27272617 -2.15781029
 -1.90028401  1.82923312 -0.98887945  2.58481422 -0.42875843 -3.11008251
 -2.84523137  2.03935432 -3.07072754 -0.23421669 -1.03363202 -0.17859455
  2.3723221   1.72948466 -0.29330259 -1.70918253 -3.04497669  0.11627557
 -0.82934699  1.45836891 -2.52977239  0.95327518 -0.01462466  0.19868226
  2.00188158  0.72234179  0.78557553 -1.21524165  1.607087    2.5628109
  1.28322281  0.31463529 -0.98372831  2.57594975  0.82727906 -2.22616386
 -0.01551009  1.71026113  1.07206609 -0.66635612 -2.32273435  2.43328882
  2.03025797  1.63725681  2.24090622  1.89346457 -2.16008496 -2.89134815
  0.51677205  1.37317526 -2.40771832 -1.29880758  2.43609244  1.24989669
  0.03805417 -1.76820247 -1.56226156  1.93372213  1.46220992 -0.82307052
 -0.14511291 -0.46600034 -0.17603129  2.38096635 -0.55994964 -0.65053708
  1.09172535 -2.28970231  1.01441887  2.54933127 -0.4931827   2.10424929
 -1.97329886 -0.86636719 -2.415181   -2.28959752 -1.37553679 -2.92089015
  1.60045916  1.85933883  1.64938011  1.00978052  1.42024553 -2.30703001
 -2.69590974  1.76323513  0.99994544 -0.41710475 -2.62571805  1.54970637
 -1.21396389 -2.49684112  0.06006974]
Fri Jun 14 00:15:47 2024,837,0.08013248519360916,[-2.85406307  2.05248477 -1.59604978  0.02376751  0.45357417 -3.25710191
  3.24450396  2.09355749  1.0342896  -1.02454412  0.5516625   1.32883431
  1.28326265 -1.8714511   0.77819168  2.88246429 -0.38102522 -0.43434516
 -1.91652689  0.8446511   1.62908854  2.90225706 -1.40641371 -0.4399178
 -2.17965938 -2.0940692   3.11525201  2.80495514 -0.69979657 -2.61593775
  1.54433659 -0.18914049 -2.43686858  1.82685567  1.14106252 -0.61374504
  1.0964637  -2.0221845  -0.23552484  2.26359575 -0.34135446  0.46127319
  2.43253733  0.57161543  2.63980068  2.9184218   2.82040666 -2.94554059
  0.27993616 -0.39232342  1.72203336  2.98861294 -0.35266397 -2.33704256
  2.72306242 -3.17964933  0.54271122 -0.69431372 -1.76217284  3.07448404
 -1.95429043 -1.67741566 -2.54971426  2.36209492 -2.12792981  1.95440307
  1.71973573  1.45889606  2.5238194   2.88379363  2.00635717  1.49676052
 -1.76466984 -2.38891708  1.15299069  0.5729388   1.58664484 -2.7763351
 -0.10169313  2.49957631 -1.18490872  1.1386838   1.23993216  0.59978502
 -0.94956209  1.09379087  0.79256721 -0.38916318  2.82343587 -2.11844672
  1.57808536 -0.65425185  0.98375724 -3.20393516 -2.25615252  0.33822224
 -1.07909285 -0.41211537  0.27019295  0.06120912 -1.75505586 -0.21245178
 -0.66660329  2.86818172 -1.14459888 -1.19635707 -1.12802813  1.26509765
  1.60717313 -0.83867517  2.12534194 -1.44017421 -0.24774996 -0.87654506
 -2.97093349  3.11211347 -1.78348648  3.04225977 -1.36399566 -2.32963965
  3.82325713 -1.20240957 -0.56700423 -3.11141131 -2.50428293  2.97190799
 -1.95394031 -1.69393922 -0.39755067  2.94944841  0.15430098  0.03568115
 -1.61767172 -0.13206986 -1.59560811 -3.1032709   2.90389106  1.14262436
 -0.32873027 -2.32525457  1.01996625 -1.15664677 -0.27285411 -2.15768235
 -1.90015607  1.82936106 -0.98900739  2.58494216 -0.42863049 -3.10995456
 -2.84510343  2.03922637 -3.07085548 -0.23408874 -1.03350407 -0.17872249
  2.37219416  1.72935672 -0.29343054 -1.70931047 -3.04510464  0.11640351
 -0.82921904  1.45849685 -2.52990034  0.95314723 -0.01449671  0.1988102
  2.00175364  0.72221385  0.78544758 -1.21536959  1.60721494  2.56293885
  1.28335075  0.31476323 -0.98360037  2.57582181  0.827407   -2.2262918
 -0.01563803  1.71038907  1.07193814 -0.66648407 -2.3228623   2.43316088
  2.03013002  1.63712886  2.24077827  1.89359251 -2.1602129  -2.89147609
  0.5169      1.3733032  -2.40784626 -1.29893552  2.43622038  1.25002463
  0.03792623 -1.76807453 -1.56213361  1.93359419  1.46233787 -0.82319846
 -0.14498496 -0.4658724  -0.17590335  2.3810943  -0.56007758 -0.65066503
  1.09185329 -2.28983025  1.01429093  2.54920333 -0.49305476  2.10437723
 -1.97317092 -0.86649513 -2.41505306 -2.28946957 -1.37540884 -2.9207622
  1.60058711  1.85921089  1.64950806  1.00990846  1.42011759 -2.30690206
 -2.69578179  1.76336307  0.99981749 -0.41723269 -2.6255901   1.54957842
 -1.21383595 -2.49696906  0.0599418 ]
Fri Jun 14 00:16:02 2024,838,0.08013565304396346,[-2.85414425  2.05240359 -1.59613097  0.02368632  0.45365535 -3.2571831
  3.24442277  2.0934763   1.03437079 -1.02446293  0.55158132  1.3289155
  1.28318147 -1.87153229  0.77811049  2.8823831  -0.3811064  -0.43442635
 -1.91660807  0.84456992  1.62900735  2.90217587 -1.40633252 -0.43983661
 -2.1795782  -2.09398801  3.11517083  2.80487395 -0.69987775 -2.61585656
  1.54441778 -0.18922168 -2.43694977  1.82693686  1.14114371 -0.61366385
  1.09638252 -2.02210331 -0.23560603  2.26367694 -0.34127327  0.461192
  2.43245615  0.57153424  2.63988187  2.91850298  2.82032547 -2.9454594
  0.27985497 -0.39224224  1.72211455  2.98853176 -0.35258278 -2.33696137
  2.72314361 -3.17956815  0.54279241 -0.69439491 -1.76209165  3.07456523
 -1.95420924 -1.67749685 -2.54963307  2.36217611 -2.12784862  1.95432188
  1.71965454  1.45881487  2.52390059  2.88387482  2.00643836  1.49684171
 -1.76475103 -2.38899826  1.1529095   0.57301999  1.58672603 -2.77641629
 -0.10161194  2.49949512 -1.18482753  1.13876499  1.24001334  0.5998662
 -0.94964328  1.09387205  0.79248602 -0.389082    2.82351706 -2.1185279
  1.57816655 -0.65433303  0.98383843 -3.20401635 -2.25607133  0.33814105
 -1.07917404 -0.41203418  0.27011176  0.06112793 -1.75513705 -0.21253296
 -0.6665221   2.86826291 -1.14451769 -1.19627589 -1.12810931  1.26517884
  1.60725432 -0.83875636  2.12542313 -1.44025539 -0.24783115 -0.87662625
 -2.97101468  3.11219465 -1.78356766  3.04217859 -1.36407684 -2.32955846
  3.82317594 -1.20232838 -0.56708542 -3.11133013 -2.50436412  2.97182681
 -1.9540215  -1.69385804 -0.39763185  2.94952959  0.1542198   0.03559996
 -1.61775291 -0.13198868 -1.59568929 -3.10318971  2.90380988  1.14270554
 -0.32864908 -2.32517338  1.01988506 -1.15656558 -0.27277293 -2.15760116
 -1.90023725  1.82927988 -0.98908858  2.58486097 -0.4285493  -3.11003575
 -2.84502224  2.03914519 -3.07093667 -0.23400756 -1.03342289 -0.1786413
  2.37211297  1.72927553 -0.29334935 -1.70922928 -3.04502345  0.1164847
 -0.82913786  1.45857804 -2.52981915  0.95306605 -0.0145779   0.19872902
  2.00167245  0.72229504  0.7853664  -1.2152884   1.60713375  2.56302003
  1.28343194  0.31468205 -0.98351918  2.575903    0.82748819 -2.22621061
 -0.01555685  1.71030789  1.07185696 -0.66640288 -2.32294348  2.43324207
  2.03021121  1.63704768  2.24085946  1.89351132 -2.16029409 -2.89139491
  0.51681881  1.37322202 -2.40776508 -1.29901671  2.4361392   1.25010582
  0.03784504 -1.76815571 -1.56205242  1.93367538  1.46241905 -0.82327965
 -0.14506615 -0.46595358 -0.17598453  2.38101311 -0.55999639 -0.65058384
  1.0917721  -2.28991144  1.01437212  2.54912214 -0.49297357  2.10445842
 -1.97308973 -0.86641395 -2.41497187 -2.28955076 -1.37532766 -2.92068102
  1.60066829  1.85929208  1.64942687  1.00998965  1.42019877 -2.30682088
 -2.69586298  1.76344426  0.99989868 -0.4171515  -2.62550891  1.54965961
 -1.21391714 -2.49688788  0.05986061]
Fri Jun 14 00:16:18 2024,839,0.0801239117118487,[-2.85498916  2.05155868 -1.59697588  0.02284142  0.45281045 -3.2563382
  3.24526767  2.0943212   1.03521569 -1.02530784  0.55073641  1.3280706
  1.28233656 -1.87068738  0.77726559  2.88153819 -0.3802615  -0.43358145
 -1.91745298  0.84541482  1.62816245  2.90133097 -1.40717742 -0.44068151
 -2.17873329 -2.09314311  3.11432592  2.80571885 -0.70072266 -2.61501165
  1.54526268 -0.19006658 -2.43779467  1.82778176  1.1402988  -0.61281895
  1.09553761 -2.02125841 -0.23645094  2.26452184 -0.34211818  0.4603471
  2.43330105  0.57068934  2.63903697  2.91934789  2.81948057 -2.9446145
  0.27901007 -0.39308714  1.72295946  2.98937666 -0.35173788 -2.33780628
  2.72398851 -3.18041305  0.54194751 -0.69523981 -1.76124675  3.07541013
 -1.95505414 -1.67665194 -2.55047798  2.36133121 -2.12869353  1.95516679
  1.71880964  1.45796997  2.5247455   2.88471972  2.00559346  1.4959968
 -1.76559594 -2.38815336  1.1537544   0.5738649   1.58588113 -2.77557139
 -0.10245684  2.50034003 -1.18567244  1.13792009  1.24085825  0.5990213
 -0.94879838  1.09302715  0.79333093 -0.3899269   2.82267216 -2.117683
  1.57732165 -0.65517794  0.98468333 -3.20317145 -2.25522643  0.33898595
 -1.08001894 -0.41118928  0.27095667  0.06197284 -1.75429214 -0.21168806
 -0.667367    2.86910781 -1.14536259 -1.19712079 -1.12895422  1.26602374
  1.60809922 -0.83791146  2.12626803 -1.4411003  -0.24867605 -0.87747115
 -2.97185958  3.11134975 -1.78441257  3.04302349 -1.36492175 -2.33040337
  3.82233104 -1.20317329 -0.56793032 -3.11048522 -2.50520902  2.9709819
 -1.95317659 -1.69301313 -0.39678695  2.9503745   0.1550647   0.03644486
 -1.61690801 -0.13114377 -1.5965342  -3.10234481  2.90465478  1.14186064
 -0.32780418 -2.32432848  1.01904016 -1.15572067 -0.27361783 -2.15675626
 -1.90108216  1.82843497 -0.98824367  2.58570588 -0.42770439 -3.10919085
 -2.84417734  2.03830028 -3.07009177 -0.23485246 -1.03257798 -0.17948621
  2.37126807  1.72843063 -0.29419425 -1.70838438 -3.04586835  0.1173296
 -0.82829295  1.45773313 -2.52897425  0.95391095 -0.01542281  0.19788411
  2.00251735  0.72145013  0.78452149 -1.2144435   1.60797866  2.56386494
  1.28258703  0.31383714 -0.98267428  2.5767479   0.82833309 -2.22705552
 -0.01640175  1.71115279  1.07101205 -0.66555798 -2.32209858  2.43408697
  2.03105612  1.63620277  2.24170436  1.89266642 -2.16113899 -2.89223981
  0.51766371  1.37406692 -2.40692017 -1.29986161  2.43529429  1.24926091
  0.03868994 -1.76900062 -1.56120752  1.93452028  1.46326396 -0.82412455
 -0.14591106 -0.46510868 -0.17513963  2.38185801 -0.55915149 -0.65142874
  1.09261701 -2.29075634  1.01352721  2.54827724 -0.49212867  2.10361351
 -1.97224483 -0.86556904 -2.41581677 -2.28870586 -1.37448275 -2.91983611
  1.59982339  1.85844718  1.64858197  1.01083455  1.41935387 -2.30766578
 -2.69501808  1.76428916  1.00074358 -0.41799641 -2.62635382  1.55050451
 -1.21307224 -2.49773278  0.06070551]
Fri Jun 14 00:16:33 2024,840,0.08012285467116029,[-2.85493598  2.05161186 -1.5969227   0.0228946   0.45275728 -3.25639137
  3.24532085  2.09426803  1.03526887 -1.02525466  0.55078959  1.32801742
  1.28238974 -1.87074056  0.77721241  2.88159137 -0.38020833 -0.43363462
 -1.91750615  0.84546799  1.62821562  2.90138414 -1.40712425 -0.44062834
 -2.17868012 -2.09319628  3.11427275  2.80577203 -0.70066948 -2.61495848
  1.54520951 -0.19001341 -2.43784784  1.82772859  1.14024563 -0.61276577
  1.09548444 -2.02131159 -0.23650411  2.26446867 -0.34217135  0.46029392
  2.43324788  0.57074251  2.63909014  2.91940106  2.81953374 -2.94456132
  0.27906325 -0.39303397  1.72301263  2.98932348 -0.35179105 -2.3377531
  2.72393534 -3.18035988  0.54200068 -0.69518664 -1.76129992  3.07546331
 -1.95500097 -1.67659877 -2.5504248   2.36127803 -2.1287467   1.95511361
  1.71875646  1.4579168   2.52479867  2.88466655  2.00564663  1.49604998
 -1.76554276 -2.38820654  1.15380758  0.57381172  1.5859343  -2.77562456
 -0.10240367  2.5003932  -1.18561926  1.13786691  1.24091142  0.59896812
 -0.94885155  1.09308032  0.7933841  -0.38998007  2.82261898 -2.11773617
  1.57726847 -0.65512476  0.98473651 -3.20322462 -2.25527961  0.33903913
 -1.08007212 -0.41113611  0.27100984  0.06191966 -1.75423897 -0.21174123
 -0.66731383  2.86905464 -1.14541577 -1.19717397 -1.12900739  1.26597057
  1.6081524  -0.83785828  2.1263212  -1.44104712 -0.24872922 -0.87752433
 -2.97180641  3.11129658 -1.78435939  3.04297032 -1.36497492 -2.33045654
  3.82227786 -1.20312011 -0.56798349 -3.1105384  -2.50515585  2.97103508
 -1.95322977 -1.69295996 -0.39684013  2.95032132  0.15501152  0.03639169
 -1.61696118 -0.1310906  -1.59648102 -3.10229163  2.90460161  1.14191382
 -0.32775101 -2.32438165  1.01898698 -1.15577385 -0.27356466 -2.15680944
 -1.90102898  1.8283818  -0.98829685  2.5856527  -0.42765122 -3.10924402
 -2.84423051  2.03824711 -3.07014494 -0.23479929 -1.03252481 -0.17943303
  2.3712149   1.7284838  -0.29424743 -1.7083312  -3.04592153  0.11727643
 -0.82834613  1.45778631 -2.52892107  0.95385778 -0.01536963  0.19783094
  2.00257053  0.72150331  0.78446832 -1.21449667  1.60792548  2.56381176
  1.28264021  0.31389032 -0.9826211   2.57669473  0.82838627 -2.22710869
 -0.01634858  1.71120596  1.07095888 -0.66561115 -2.32204541  2.43414014
  2.03100294  1.63625595  2.24165119  1.8927196  -2.16108581 -2.89218664
  0.51761054  1.37401374 -2.406867   -1.29980844  2.43524112  1.24931409
  0.03874312 -1.76894744 -1.5612607   1.9344671   1.46331713 -0.82417773
 -0.14596423 -0.46516186 -0.17508645  2.38191119 -0.55909832 -0.65137557
  1.09267018 -2.29080951  1.01358039  2.54822406 -0.49218184  2.10366669
 -1.97219165 -0.86562222 -2.41586995 -2.28865268 -1.37453593 -2.91978294
  1.59987656  1.858394    1.64852879  1.01078138  1.41940704 -2.3076126
 -2.69507125  1.76434233  1.00079676 -0.41794323 -2.62640699  1.55055769
 -1.21312541 -2.49778595  0.06065234]
Fri Jun 14 00:16:48 2024,841,0.08009341935508264,[-2.85438959  2.05106547 -1.59746909  0.02344098  0.45330366 -3.25693776
  3.24477446  2.09372164  1.03472248 -1.02470827  0.5502432   1.32856381
  1.28184335 -1.87128695  0.7777588   2.88213776 -0.38075471 -0.43308823
 -1.91695977  0.84601438  1.62766924  2.90193053 -1.40657786 -0.44008195
 -2.17813373 -2.0926499   3.11372636  2.80631842 -0.70121587 -2.61441209
  1.54466312 -0.18946702 -2.43730146  1.8271822   1.14079202 -0.61331216
  1.09603083 -2.0207652  -0.23595772  2.26501506 -0.34271774  0.46084031
  2.43270149  0.57019612  2.63854375  2.91885467  2.81898736 -2.94401494
  0.27851686 -0.39358035  1.72246624  2.98986987 -0.35124467 -2.33829949
  2.72338895 -3.17981349  0.54254707 -0.69464025 -1.76184631  3.07600969
 -1.95554736 -1.67605238 -2.55097119  2.36073164 -2.12820031  1.95566
  1.71821007  1.45846318  2.52425228  2.88521294  2.00619302  1.49550359
 -1.76499637 -2.38875292  1.15326119  0.57326533  1.58538791 -2.77507817
 -0.10185728  2.49984681 -1.18616565  1.1384133   1.24145781  0.59951451
 -0.94830516  1.09253394  0.79393049 -0.38943369  2.82207259 -2.11718979
  1.57781486 -0.65457837  0.9852829  -3.20377101 -2.25582599  0.33958552
 -1.07952573 -0.41058972  0.27155623  0.06137328 -1.75369258 -0.21119485
 -0.66786022  2.86850825 -1.14596216 -1.19662758 -1.12955378  1.26651696
  1.60760601 -0.83840467  2.12686759 -1.44050074 -0.24818284 -0.87697794
 -2.97126002  3.11184296 -1.78381301  3.0435167  -1.36552131 -2.32991015
  3.82173147 -1.2036665  -0.56743711 -3.11108479 -2.50460946  2.97048869
 -1.95268338 -1.69350635 -0.39629374  2.94977494  0.15446514  0.0358453
 -1.61750757 -0.13054421 -1.59702741 -3.10283802  2.90514799  1.1424602
 -0.32720462 -2.32383526  1.01953337 -1.15632024 -0.27301827 -2.15735582
 -1.90048259  1.82892819 -0.98775046  2.58619909 -0.42710483 -3.10979041
 -2.84368412  2.03879349 -3.07069133 -0.23534567 -1.03197842 -0.17997942
  2.37066851  1.72903019 -0.29479382 -1.70887759 -3.04537514  0.11673004
 -0.82889251  1.4583327  -2.52837468  0.95331139 -0.01591602  0.19728455
  2.00311692  0.7220497   0.78501471 -1.21504306  1.60847187  2.56435815
  1.28209382  0.31443671 -0.98207471  2.57724111  0.82893265 -2.22765508
 -0.01689496  1.71065958  1.07041249 -0.66506476 -2.32259179  2.43468653
  2.03045655  1.63680233  2.2411048   1.89326598 -2.16053943 -2.89273302
  0.51706415  1.37456013 -2.40632061 -1.30035482  2.4357875   1.2487677
  0.03928951 -1.76840105 -1.56180708  1.93392072  1.46277074 -0.82363134
 -0.14541784 -0.46570824 -0.17563284  2.3813648  -0.5596447  -0.65082918
  1.09321657 -2.2913559   1.01412678  2.54877045 -0.49163545  2.1031203
 -1.97273804 -0.86507583 -2.41532356 -2.28810629 -1.37398954 -2.91923655
  1.60042295  1.85784761  1.64907518  1.01132777  1.41995343 -2.30815899
 -2.69561764  1.76488872  1.00134315 -0.41848962 -2.62695338  1.55110408
 -1.21257902 -2.49723957  0.06010595]
Fri Jun 14 00:17:03 2024,842,0.08009396675662997,[-2.85465784  2.05079722 -1.59720084  0.02370923  0.45357191 -3.25666951
  3.24450622  2.09398989  1.03445423 -1.02497652  0.54997495  1.32829556
  1.2821116  -1.8710187   0.77749055  2.882406   -0.38102296 -0.43335648
 -1.91669152  0.84574614  1.62793748  2.90166228 -1.40684611 -0.43981371
 -2.17840198 -2.09238165  3.11345812  2.80658666 -0.70148412 -2.61468034
  1.54493136 -0.18973527 -2.4375697   1.82691396  1.14106026 -0.61304391
  1.09629907 -2.02049695 -0.23622597  2.26474681 -0.34298599  0.46110855
  2.43243324  0.57046437  2.63827551  2.91858643  2.81871911 -2.94374669
  0.27824861 -0.3938486   1.72273449  2.99013812 -0.35151291 -2.33803124
  2.7236572  -3.17954524  0.54227882 -0.69437201 -1.76211455  3.07627794
 -1.9558156  -1.67578414 -2.55070294  2.3604634  -2.12846856  1.95592825
  1.71794183  1.45819494  2.52452053  2.88494469  2.00592477  1.49523535
 -1.76526462 -2.38902117  1.15352944  0.57299709  1.58511967 -2.77480993
 -0.10158904  2.50011506 -1.1858974   1.13868155  1.24118956  0.59924627
 -0.94803692  1.09280218  0.79419874 -0.38916544  2.82234084 -2.11692154
  1.57754661 -0.65484662  0.98501465 -3.20350276 -2.25609424  0.33931727
 -1.07979397 -0.41032147  0.27128798  0.06164152 -1.75342434 -0.21146309
 -0.66812846  2.86877649 -1.14569391 -1.19689582 -1.12982203  1.2667852
  1.60733776 -0.83867292  2.12659935 -1.44023249 -0.24791459 -0.87670969
 -2.97099177  3.11211121 -1.78354476  3.04378495 -1.36525306 -2.32964191
  3.82146323 -1.20393474 -0.56716886 -3.11135303 -2.50434121  2.97022044
 -1.95295163 -1.6932381  -0.39656198  2.95004318  0.15473338  0.03557705
 -1.61723932 -0.13081246 -1.59729565 -3.10256977  2.90541624  1.14272845
 -0.32747286 -2.32410351  1.01926512 -1.15605199 -0.27275002 -2.15708758
 -1.90075084  1.82919643 -0.98801871  2.58593085 -0.42683659 -3.10952216
 -2.84395237  2.03852525 -3.07095957 -0.23561392 -1.03171017 -0.17971117
  2.37093675  1.72929844 -0.29452557 -1.70914584 -3.04564338  0.11646179
 -0.82916076  1.45806445 -2.52810644  0.95357963 -0.01618426  0.19701631
  2.00284867  0.72178145  0.78528295 -1.21477482  1.60820363  2.5640899
  1.28236207  0.31470495 -0.98234296  2.57697287  0.8292009  -2.22738684
 -0.01662672  1.71092782  1.07068074 -0.66479652 -2.32286004  2.43495478
  2.0307248   1.63707058  2.24137305  1.89299774 -2.16027118 -2.89246478
  0.5173324   1.37429189 -2.40605236 -1.30008658  2.43605575  1.24903595
  0.03955775 -1.7686693  -1.56153884  1.93365247  1.4625025  -0.82389959
 -0.1451496  -0.46544    -0.17590109  2.38109655 -0.55937646 -0.65056094
  1.09348481 -2.29162415  1.01385853  2.5490387  -0.4919037   2.10338855
 -1.97300629 -0.86480759 -2.41505531 -2.28837454 -1.3737213  -2.9189683
  1.60015471  1.85757937  1.64880693  1.01105952  1.42022168 -2.30842724
 -2.69534939  1.76515697  1.00161139 -0.41822137 -2.62722163  1.55137232
 -1.21284727 -2.49750781  0.0603742 ]
Fri Jun 14 00:17:18 2024,843,0.08003983736549822,[-2.85368962  2.04982901 -1.59816906  0.02274101  0.45454013 -3.25763773
  3.24547444  2.09302167  1.03348601 -1.02594474  0.55094317  1.32732734
  1.28114338 -1.87005048  0.77845877  2.88143778 -0.38199118 -0.4343247
 -1.9157233   0.84477792  1.6289057   2.9026305  -1.40781433 -0.43884549
 -2.17743376 -2.09141343  3.11442633  2.80755488 -0.7005159  -2.61371212
  1.54589958 -0.18876705 -2.43853792  1.82594574  1.14202848 -0.61401213
  1.09533085 -2.02146517 -0.23525775  2.26377859 -0.34201777  0.46207677
  2.43146502  0.56949615  2.63924373  2.91955465  2.81775089 -2.94277847
  0.27728039 -0.39481682  1.72370271  2.99110634 -0.35248113 -2.33899946
  2.72462541 -3.18051346  0.54324704 -0.69534023 -1.76308277  3.07530972
 -1.95678382 -1.67481592 -2.55167116  2.36143162 -2.12750034  1.95689647
  1.71891005  1.45916316  2.52548875  2.88397647  2.00689299  1.49426713
 -1.7642964  -2.38998939  1.15449766  0.57396531  1.58608789 -2.77577815
 -0.10255726  2.50108328 -1.18686562  1.13964977  1.24215778  0.59827805
 -0.94900514  1.09183396  0.79323052 -0.39013366  2.82137262 -2.11788976
  1.57851483 -0.65581484  0.98598287 -3.20447098 -2.25706246  0.34028549
 -1.08076219 -0.41128969  0.2722562   0.06260974 -1.75439255 -0.21243131
 -0.66909668  2.86780827 -1.14472569 -1.1959276  -1.13079025  1.26581698
  1.60636955 -0.8377047   2.12756757 -1.43926427 -0.24694637 -0.87574147
 -2.97195999  3.11114299 -1.78257654  3.04281673 -1.36428484 -2.32867369
  3.82243145 -1.20296653 -0.56813708 -3.11038481 -2.50530943  2.96925223
 -1.95198341 -1.69226988 -0.39559376  2.94907496  0.15376516  0.03460883
 -1.61820754 -0.13178068 -1.59632744 -3.10353799  2.90444802  1.14176023
 -0.32650464 -2.32313529  1.01829691 -1.15702021 -0.27371824 -2.15611936
 -1.89978262  1.83016465 -0.98898693  2.58496263 -0.42780481 -3.10855395
 -2.84492059  2.03949347 -3.07192779 -0.23658214 -1.03074195 -0.17874295
  2.37190497  1.72833022 -0.29549379 -1.71011406 -3.04467517  0.11549357
 -0.82819254  1.45903267 -2.52907466  0.95454785 -0.01521604  0.19604809
  2.00381689  0.72274967  0.78625117 -1.21574303  1.60917184  2.56505812
  1.28139385  0.31373673 -0.98137474  2.57794109  0.82823268 -2.22641862
 -0.01759494  1.71189604  1.06971252 -0.6638283  -2.32189182  2.435923
  2.02975658  1.63610236  2.24234127  1.89396596 -2.1612394  -2.893433
  0.51636418  1.37526011 -2.40702058 -1.29911836  2.43508753  1.25000417
  0.04052597 -1.76770108 -1.56057062  1.93268425  1.46347072 -0.82486781
 -0.14418138 -0.46640822 -0.17493287  2.38206477 -0.55840824 -0.64959272
  1.09251659 -2.29259237  1.01482675  2.54807048 -0.49287192  2.10435676
 -1.97203807 -0.86383937 -2.41602353 -2.28934276 -1.37275308 -2.91993652
  1.59918649  1.85661115  1.64783871  1.01202774  1.4211899  -2.30939546
 -2.69631761  1.76612519  1.00257961 -0.41725315 -2.62818985  1.55234054
 -1.21381549 -2.49847603  0.06134242]
Fri Jun 14 00:17:33 2024,844,0.07978325617088759,[-2.85153791  2.04767729 -1.60032078  0.02058929  0.45669184 -3.25548602
  3.24332272  2.09517338  1.0313343  -1.02809645  0.55309489  1.32517563
  1.27899166 -1.86789877  0.78061049  2.8835895  -0.37983946 -0.43217298
 -1.91357158  0.8426262   1.62675399  2.90047879 -1.40996604 -0.4409972
 -2.17528204 -2.08926172  3.11227462  2.80540317 -0.69836418 -2.61586383
  1.5480513  -0.18661533 -2.43638621  1.82379402  1.1441802  -0.61616385
  1.09317914 -2.02361689 -0.23740946  2.26593031 -0.34416948  0.46422849
  2.42931331  0.57164787  2.63709201  2.91740293  2.81990261 -2.94493019
  0.27512868 -0.39696853  1.72155099  2.98895462 -0.35463285 -2.34115118
  2.7224737  -3.18266518  0.54539876 -0.69749194 -1.76523449  3.07746144
 -1.95893554 -1.67696763 -2.54951945  2.36358333 -2.12965206  1.95474475
  1.72106176  1.46131487  2.52764046  2.88612819  2.00904471  1.49641884
 -1.76644812 -2.38783767  1.15234594  0.57611702  1.58393617 -2.77792986
 -0.10470897  2.49893156 -1.18901734  1.14180148  1.2443095   0.60042976
 -0.95115685  1.09398568  0.7910788  -0.39228538  2.8192209  -2.12004148
  1.57636312 -0.65796655  0.98383115 -3.20231927 -2.25921417  0.34243721
 -1.07861048 -0.41344141  0.27010449  0.06476146 -1.75224084 -0.2102796
 -0.6712484   2.86565656 -1.14687741 -1.19377589 -1.13294196  1.26366527
  1.60421783 -0.83985641  2.12971928 -1.43711255 -0.24909809 -0.87789319
 -2.97411171  3.11329471 -1.78042482  3.04496845 -1.36643656 -2.32652197
  3.82458316 -1.20081481 -0.56598536 -3.1082331  -2.50315772  2.96710051
 -1.94983169 -1.69011816 -0.39774548  2.95122668  0.15161345  0.03676055
 -1.62035926 -0.13393239 -1.59847915 -3.10138628  2.90659974  1.13960851
 -0.32865636 -2.32098358  1.01614519 -1.15917193 -0.27586996 -2.15396764
 -1.8976309   1.83231637 -0.98683521  2.58281091 -0.42995652 -3.10640223
 -2.84707231  2.03734175 -3.07407951 -0.23873386 -1.02859024 -0.17659124
  2.37405669  1.73048193 -0.29764551 -1.70796234 -3.04252345  0.11334186
 -0.82604082  1.46118438 -2.53122637  0.95239614 -0.01736776  0.1981998
  2.00166517  0.72059795  0.78409946 -1.21359132  1.61132356  2.56290641
  1.28354556  0.31588845 -0.98352646  2.5800928   0.82608096 -2.2242669
 -0.01544322  1.70974433  1.07186423 -0.66167658 -2.3197401   2.43807471
  2.0319083   1.63825408  2.24449298  1.89181424 -2.15908768 -2.89558471
  0.51421246  1.37741182 -2.4091723  -1.29696664  2.43723925  1.24785245
  0.04267769 -1.7698528  -1.56272233  1.93483597  1.461319   -0.82271609
 -0.14202966 -0.4642565  -0.17278115  2.38421649 -0.56055995 -0.65174443
  1.09466831 -2.29044065  1.01267503  2.54591876 -0.49502364  2.10220505
 -1.96988635 -0.86599108 -2.41817525 -2.29149447 -1.37060136 -2.91778481
  1.6013382   1.85876286  1.64999043  1.01417946  1.41903818 -2.31154717
 -2.6941659   1.7682769   1.0004279  -0.41510144 -2.63034156  1.55449226
 -1.21166377 -2.50062775  0.06349413]
Fri Jun 14 00:17:54 2024,845,0.07978260282050877,[-2.85156686  2.04770625 -1.60029182  0.02056034  0.45666289 -3.25545706
  3.24329376  2.09514442  1.03136326 -1.02812541  0.55306593  1.32514667
  1.2789627  -1.86786981  0.78063945  2.88361846 -0.37986842 -0.43214402
 -1.91354263  0.84259724  1.62672503  2.90044983 -1.40993708 -0.44102616
 -2.17525308 -2.08929067  3.11224566  2.80543212 -0.69833522 -2.61589279
  1.54802234 -0.18664429 -2.43635725  1.82382298  1.14415124 -0.61613489
  1.09315018 -2.02364584 -0.23743842  2.26595927 -0.34414052  0.46419953
  2.42928435  0.57167683  2.63712097  2.91743189  2.81987365 -2.94490123
  0.27515763 -0.39693958  1.72152203  2.98898358 -0.35460389 -2.34118014
  2.72250266 -3.18263622  0.54542772 -0.6975209  -1.76526345  3.0774904
 -1.95890658 -1.67699659 -2.54954841  2.36355437 -2.12968101  1.95471579
  1.72109072  1.46128591  2.52766942  2.88609923  2.00901575  1.4964478
 -1.76647707 -2.38780871  1.1523749   0.57614598  1.58390721 -2.7779009
 -0.10473793  2.49890261 -1.1890463   1.14177252  1.24433846  0.6004008
 -0.95118581  1.09401464  0.79104984 -0.39225642  2.81924986 -2.12001252
  1.57639208 -0.6579376   0.98386011 -3.20234822 -2.25918522  0.34246616
 -1.07858152 -0.41347037  0.27013345  0.06479041 -1.75221188 -0.21030855
 -0.67121944  2.8656276  -1.14684845 -1.19374693 -1.132913    1.26369422
  1.60418887 -0.83982745  2.12969032 -1.4370836  -0.24906913 -0.87792215
 -2.97414066  3.11332366 -1.78045378  3.0449974  -1.3664076  -2.32655093
  3.82461212 -1.20084377 -0.56595641 -3.10820414 -2.50318668  2.96707155
 -1.94980273 -1.69014712 -0.39771652  2.95119772  0.15158449  0.03678951
 -1.62038822 -0.13390343 -1.59845019 -3.10141524  2.90662869  1.13963747
 -0.32868532 -2.32095462  1.01611623 -1.15920088 -0.27589891 -2.15393868
 -1.89760195  1.83234533 -0.98686417  2.58283987 -0.42992756 -3.10643119
 -2.84704335  2.03737071 -3.07405055 -0.23876281 -1.0286192  -0.1766202
  2.37408565  1.73051089 -0.29767446 -1.7079913  -3.04255241  0.11337082
 -0.82601187  1.46115543 -2.53125533  0.9524251  -0.0173388   0.19817084
  2.00169413  0.72056899  0.78412841 -1.21362028  1.61135252  2.56293536
  1.28351661  0.31591741 -0.98355541  2.58006385  0.82605201 -2.22429586
 -0.01541426  1.70971537  1.07189319 -0.66164762 -2.31971115  2.43810367
  2.03193725  1.63822512  2.24452194  1.8918432  -2.15911664 -2.89561367
  0.5141835   1.37738286 -2.40914334 -1.29693769  2.43726821  1.24782349
  0.04270664 -1.76982384 -1.56269338  1.93486493  1.46134796 -0.82274505
 -0.1420007  -0.46428546 -0.17281011  2.38418753 -0.56058891 -0.65177339
  1.09463935 -2.29046961  1.01264608  2.54594772 -0.49499468  2.10223401
 -1.96985739 -0.86602004 -2.41820421 -2.29146552 -1.37063032 -2.91781376
  1.60136716  1.85879182  1.64996147  1.01420841  1.41900922 -2.31151822
 -2.69419485  1.76830586  1.00039894 -0.41507248 -2.63037052  1.55452121
 -1.21163481 -2.50065671  0.06346517]
Fri Jun 14 00:18:09 2024,846,0.07977776516203436,[-2.85085381  2.04699319 -1.59957876  0.01984728  0.45737594 -3.25617011
  3.24258071  2.09585748  1.03207631 -1.02883847  0.55235287  1.32585973
  1.27967576 -1.86715675  0.77992639  2.88433151 -0.37915537 -0.43143097
 -1.91282957  0.8433103   1.62601197  2.89973677 -1.40922403 -0.44031311
 -2.17454003 -2.08857762  3.11153261  2.80614518 -0.69762217 -2.61660585
  1.5487354  -0.18735734 -2.43564419  1.82453603  1.14343819 -0.61542184
  1.09386323 -2.0243589  -0.23815148  2.26524621 -0.34342747  0.46491259
  2.42857129  0.57238988  2.63783402  2.91814495  2.8205867  -2.94561428
  0.27444458 -0.39765263  1.72223509  2.98827052 -0.35531694 -2.34189319
  2.72321571 -3.18334927  0.54614077 -0.69823395 -1.7659765   3.07820345
 -1.95819352 -1.67770965 -2.54883535  2.36284132 -2.13039407  1.95400274
  1.72037767  1.46199897  2.52695637  2.88538617  2.00830269  1.49716086
 -1.76576402 -2.38852177  1.15166184  0.57543293  1.58319416 -2.77861396
 -0.10402487  2.49818955 -1.18975935  1.14248558  1.24505151  0.60111386
 -0.95047276  1.09472769  0.7917629  -0.39296947  2.81996292 -2.11929946
  1.57710513 -0.65722454  0.98457317 -3.20163517 -2.25847216  0.34317922
 -1.07929457 -0.41275731  0.26942039  0.06407736 -1.75292494 -0.2095955
 -0.67050638  2.86491455 -1.1475615  -1.19445999 -1.13362606  1.26298117
  1.60347582 -0.8391144   2.12897727 -1.43779665 -0.24978219 -0.8786352
 -2.97342761  3.11261061 -1.77974073  3.04428435 -1.36712066 -2.32583788
  3.82532518 -1.20155682 -0.56666946 -3.10891719 -2.50247362  2.96778461
 -1.95051579 -1.69086018 -0.39700347  2.95191077  0.15229754  0.03607645
 -1.61967516 -0.13319038 -1.59773714 -3.10212829  2.90734175  1.13892442
 -0.32797226 -2.32166767  1.01682929 -1.15991394 -0.27518586 -2.15465174
 -1.898315    1.83305838 -0.98757722  2.58212681 -0.43064062 -3.10571813
 -2.8477564   2.03808377 -3.0733375  -0.23804976 -1.02933225 -0.17733325
  2.3747987   1.73122395 -0.29696141 -1.70870435 -3.04326546  0.11265776
 -0.82529881  1.46186848 -2.53054228  0.95171204 -0.01805186  0.1988839
  2.00240719  0.72128205  0.78484147 -1.21290722  1.61063946  2.56364842
  1.28280355  0.31663046 -0.98284236  2.5807769   0.82676506 -2.22500891
 -0.01470121  1.70900231  1.07260625 -0.66093457 -2.31899809  2.43881673
  2.0312242   1.63751206  2.245235    1.89113014 -2.1598297  -2.89632673
  0.51489656  1.37809592 -2.40843029 -1.29765074  2.43655515  1.24711044
  0.0434197  -1.77053689 -1.56340643  1.93557798  1.46206102 -0.82203199
 -0.14271376 -0.46499851 -0.17352317  2.38490059 -0.56130197 -0.65106034
  1.0939263  -2.28975655  1.01335913  2.54523466 -0.49428162  2.10294706
 -1.96914434 -0.8667331  -2.41749115 -2.29075246 -1.37134337 -2.91710071
  1.60065411  1.85950488  1.64924842  1.01349536  1.41829617 -2.31080516
 -2.69490791  1.76759281  1.00111199 -0.41435943 -2.62965746  1.55523427
 -1.21234787 -2.49994365  0.06275212]
Fri Jun 14 00:18:26 2024,847,0.0796557821240712,[-2.85221387  2.04563313 -1.60093882  0.01848722  0.458736   -3.25753017
  3.24394077  2.09449742  1.03343637 -1.03019853  0.55371293  1.32449967
  1.2783157  -1.86851681  0.78128645  2.88297145 -0.38051543 -0.43007091
 -1.91146951  0.84195024  1.62737203  2.90109683 -1.40786397 -0.43895305
 -2.17317997 -2.08721756  3.11289266  2.80478512 -0.69626211 -2.61796591
  1.55009546 -0.18599728 -2.43428413  1.82317597  1.14207813 -0.6167819
  1.09522329 -2.02299884 -0.23679142  2.26388615 -0.34478753  0.46627265
  2.42993135  0.57374994  2.63919408  2.919505    2.81922664 -2.94697434
  0.27580464 -0.39901269  1.72359515  2.98963058 -0.356677   -2.34053313
  2.72185565 -3.18470933  0.54478071 -0.69959401 -1.76733656  3.07956351
 -1.95683346 -1.67906971 -2.54747529  2.36420138 -2.12903401  1.9553628
  1.72173773  1.46063891  2.52559631  2.88402612  2.00694263  1.4958008
 -1.76440396 -2.38716171  1.15030178  0.57407287  1.5818341  -2.7772539
 -0.10538493  2.49954961 -1.18839929  1.14112552  1.24641157  0.60247392
 -0.95183282  1.09336763  0.79312296 -0.39432953  2.81860286 -2.12065952
  1.57574507 -0.6585846   0.98593323 -3.20299523 -2.2571121   0.34453928
 -1.08065463 -0.41139725  0.26806033  0.06543742 -1.75156488 -0.21095556
 -0.66914632  2.86627461 -1.14892156 -1.19309993 -1.132266    1.26162111
  1.60211576 -0.84047446  2.12761721 -1.43643659 -0.25114224 -0.87999526
 -2.97206755  3.11125055 -1.77838067  3.04564441 -1.36848072 -2.32447782
  3.82396512 -1.20291688 -0.5653094  -3.11027725 -2.50383368  2.96914467
 -1.95187585 -1.68950012 -0.39836353  2.95327083  0.1536576   0.03471639
 -1.62103522 -0.13455044 -1.59637708 -3.10348835  2.90870181  1.13756436
 -0.32933232 -2.32302773  1.01818935 -1.161274   -0.2738258  -2.1560118
 -1.89695494  1.83169832 -0.98893728  2.58348687 -0.42928056 -3.10707819
 -2.84911646  2.03672371 -3.07197744 -0.23940982 -1.02797219 -0.17869331
  2.37343864  1.73258401 -0.29560135 -1.70734429 -3.0419054   0.11401782
 -0.82393875  1.46322854 -2.52918222  0.95035198 -0.0166918   0.20024396
  2.00376725  0.71992199  0.78348141 -1.21154716  1.6092794   2.56228836
  1.28416361  0.31799052 -0.98420242  2.58213696  0.825405   -2.22636897
 -0.01334115  1.70764225  1.07124619 -0.66229463 -2.32035815  2.44017678
  2.02986414  1.63887212  2.24659506  1.88977008 -2.15846964 -2.89768679
  0.5135365   1.37673586 -2.40707023 -1.2990108   2.43791521  1.2484705
  0.04477976 -1.76917684 -1.56476649  1.93421792  1.46070096 -0.82339205
 -0.14407382 -0.46363845 -0.17216311  2.38354053 -0.56266203 -0.64970028
  1.09528636 -2.29111661  1.01199907  2.54659472 -0.49292156  2.10430712
 -1.96778428 -0.86537304 -2.41885121 -2.29211252 -1.37270343 -2.91574065
  1.59929405  1.85814482  1.64788836  1.0121353   1.41693611 -2.3094451
 -2.69354785  1.76623275  1.00247205 -0.41299937 -2.62829741  1.55659433
 -1.21370793 -2.50130371  0.06139206]
Fri Jun 14 00:18:45 2024,848,0.07964276834193115,[-2.85265344  2.04519356 -1.60049926  0.01804765  0.45917557 -3.25796974
  3.2435012   2.09405785  1.03387594 -1.02975896  0.5541525   1.3240601
  1.27787613 -1.86807724  0.78172602  2.88253188 -0.38095499 -0.42963134
 -1.91102994  0.84238981  1.62693246  2.9015364  -1.40830354 -0.43851348
 -2.17361954 -2.08765713  3.11333223  2.80522469 -0.69670168 -2.61840548
  1.55053502 -0.18555772 -2.43384457  1.82361554  1.14251769 -0.61722146
  1.09478372 -2.02255927 -0.23635185  2.26344658 -0.34434796  0.46583308
  2.42949179  0.57331037  2.63963365  2.91994457  2.81878708 -2.94741391
  0.27536507 -0.39945226  1.72403472  2.98919102 -0.35711657 -2.3409727
  2.72141608 -3.1851489   0.54522028 -0.70003358 -1.76777613  3.07912394
 -1.95727303 -1.67863014 -2.54791486  2.36376181 -2.12947358  1.95492323
  1.72217729  1.46019934  2.52515674  2.88446568  2.00650307  1.49536123
 -1.76396439 -2.38672214  1.15074135  0.5736333   1.58227367 -2.77769347
 -0.1058245   2.49911004 -1.18883886  1.14156509  1.245972    0.60203435
 -0.95139325  1.0938072   0.79268339 -0.39388996  2.81904243 -2.12021995
  1.5753055  -0.65814503  0.98549366 -3.2034348  -2.25755167  0.34409971
 -1.08021507 -0.41183682  0.2684999   0.06499785 -1.75200444 -0.21139513
 -0.66958589  2.86671417 -1.14848199 -1.19353949 -1.13270557  1.26118154
  1.60167619 -0.84091403  2.12805678 -1.43599702 -0.25158181 -0.87955569
 -2.97162798  3.11081098 -1.7779411   3.04520484 -1.36804115 -2.32403825
  3.82352555 -1.20335645 -0.56486983 -3.11071682 -2.50339411  2.96958423
 -1.95143628 -1.68993969 -0.39792396  2.95283127  0.15321804  0.03515596
 -1.62059565 -0.13499001 -1.59593751 -3.10392792  2.90826224  1.13800393
 -0.32889275 -2.3234673   1.01862891 -1.16171357 -0.27426537 -2.15557223
 -1.89651537  1.83125875 -0.98937685  2.58392644 -0.42884099 -3.10751776
 -2.84955603  2.03628414 -3.07153787 -0.23984939 -1.02753262 -0.17825374
  2.37387821  1.73214444 -0.29604092 -1.70778386 -3.04146583  0.11357825
 -0.82437832  1.46366811 -2.52962178  0.95079155 -0.01625223  0.20068353
  2.00420682  0.72036156  0.78392098 -1.21110759  1.60883984  2.56272793
  1.28372404  0.31755095 -0.98376285  2.58257653  0.82496543 -2.2259294
 -0.01290158  1.70808182  1.07168576 -0.6627342  -2.32079772  2.44061635
  2.03030371  1.63931169  2.24703462  1.89020965 -2.15803007 -2.89724722
  0.51397607  1.37629629 -2.4075098  -1.29945037  2.43747564  1.24803093
  0.04434019 -1.7696164  -1.56520606  1.93377835  1.46026139 -0.82295248
 -0.14363425 -0.46319889 -0.17260267  2.38398009 -0.56222246 -0.65013984
  1.09572593 -2.29067704  1.0115595   2.54615515 -0.49248199  2.10474669
 -1.96734471 -0.8658126  -2.41929078 -2.29167295 -1.373143   -2.91530108
  1.59885448  1.85858439  1.64744879  1.01257487  1.41649654 -2.30988467
 -2.69310828  1.76579318  1.00203248 -0.41343893 -2.62785784  1.55615476
 -1.21326836 -2.50174328  0.06095249]
Fri Jun 14 00:19:16 2024,849,0.07963140939469057,[-2.8521758   2.04471593 -1.60002162  0.01757001  0.45869793 -3.25844738
  3.24302356  2.09358021  1.03435358 -1.0302366   0.55367486  1.32358246
  1.27835377 -1.86855488  0.78124838  2.88300952 -0.38143263 -0.4291537
 -1.91150758  0.84286744  1.6274101   2.90105876 -1.40878118 -0.43899112
 -2.17409718 -2.08813477  3.1128546   2.80570233 -0.69717932 -2.61792784
  1.55005739 -0.18508008 -2.43336693  1.8231379   1.14204006 -0.6176991
  1.09526136 -2.02303691 -0.23587421  2.26392422 -0.34387032  0.46631072
  2.42901415  0.57283273  2.64011129  2.92042221  2.81926471 -2.94789155
  0.27488743 -0.39897462  1.72451236  2.98966865 -0.35759421 -2.34145034
  2.72093845 -3.18467126  0.54569792 -0.69955594 -1.76729849  3.0786463
 -1.9567954  -1.6781525  -2.5483925   2.36423945 -2.12899594  1.95540087
  1.72169966  1.4597217   2.5246791   2.88398805  2.00602543  1.49488359
 -1.76444203 -2.38719978  1.15121899  0.57315566  1.58275131 -2.77817111
 -0.10534686  2.49958768 -1.1893165   1.14108745  1.24644964  0.60251199
 -0.95091561  1.09332956  0.79316103 -0.3943676   2.81856479 -2.12069759
  1.57482786 -0.65766739  0.98501602 -3.20391244 -2.25802931  0.34362207
 -1.07973743 -0.41231446  0.26802226  0.06452021 -1.75152681 -0.21187276
 -0.66910825  2.86719181 -1.14800436 -1.19401713 -1.13318321  1.2607039
  1.60119855 -0.84139167  2.12757914 -1.43551939 -0.25110418 -0.87907805
 -2.97115034  3.11033334 -1.77746346  3.04568248 -1.36756351 -2.32451589
  3.82400319 -1.20383409 -0.56439219 -3.11023918 -2.50291647  2.97006187
 -1.95191392 -1.69041733 -0.3984016   2.9533089   0.15369567  0.03467832
 -1.62011801 -0.13451237 -1.59641515 -3.10345028  2.9077846   1.13752629
 -0.32937039 -2.32298966  1.01815128 -1.16123593 -0.27474301 -2.15509459
 -1.89699301  1.83078111 -0.98985449  2.58440408 -0.42931863 -3.10704012
 -2.84907839  2.0358065  -3.07106023 -0.23937175 -1.02801026 -0.17873138
  2.37340057  1.7316668  -0.29556328 -1.70730623 -3.0409882   0.11310061
 -0.82485596  1.46319047 -2.53009942  0.95031391 -0.01577459  0.20116116
  2.00372918  0.71988392  0.78344334 -1.21158523  1.60931747  2.56225029
  1.2832464   0.31707331 -0.98328521  2.58209889  0.82544307 -2.22545177
 -0.01337922  1.70760418  1.07120812 -0.66321184 -2.32127536  2.44109399
  2.02982607  1.63978933  2.24751226  1.88973201 -2.15755243 -2.89676958
  0.51445371  1.37677393 -2.40703216 -1.29992801  2.43795328  1.24755329
  0.04386255 -1.76913877 -1.56472842  1.93425599  1.45978375 -0.82247485
 -0.14315661 -0.46272125 -0.17212504  2.38350246 -0.5627001  -0.65061748
  1.09620356 -2.29115468  1.01108186  2.54663279 -0.49200436  2.10522433
 -1.96782235 -0.86533497 -2.41881314 -2.29119531 -1.37266536 -2.91482344
  1.59837684  1.85906202  1.64792643  1.01305251  1.4160189  -2.30940703
 -2.69263064  1.76627082  1.00251012 -0.4129613  -2.6273802   1.5566324
 -1.21279072 -2.50222092  0.06047485]
Fri Jun 14 00:19:33 2024,850,0.0795913040384918,[-2.85162473  2.04416486 -1.59947055  0.01701894  0.459249   -3.25789631
  3.24357463  2.09413128  1.03380251 -1.03078767  0.5531238   1.32303139
  1.2778027  -1.86800381  0.78069731  2.88245845 -0.3819837  -0.42970477
 -1.91095651  0.84341851  1.62796117  2.90050769 -1.40933225 -0.43954219
 -2.17354611 -2.08868584  3.11340566  2.80625339 -0.69662825 -2.61737677
  1.54950632 -0.18563115 -2.433918    1.82258684  1.14148899 -0.61714803
  1.09581243 -2.02358798 -0.23532314  2.26337315 -0.34442139  0.46575965
  2.42846308  0.5733838   2.64066236  2.91987114  2.81871364 -2.94734048
  0.27433636 -0.39842355  1.72396129  2.98911758 -0.35704314 -2.34200141
  2.72038738 -3.18522233  0.54624899 -0.69900487 -1.76674742  3.07809523
 -1.95624433 -1.67760143 -2.54784143  2.36368838 -2.12844487  1.9548498
  1.72114859  1.46027277  2.52412803  2.88343698  2.0065765   1.49543466
 -1.7649931  -2.38664871  1.15066792  0.57260459  1.58330238 -2.77762004
 -0.1047958   2.50013875 -1.18876543  1.14163852  1.24700071  0.60306306
 -0.95036454  1.09388063  0.79260996 -0.39491867  2.81801372 -2.12124866
  1.5742768  -0.65711632  0.98556709 -3.20336137 -2.25747824  0.34417314
 -1.07918636 -0.41176339  0.26857333  0.06396914 -1.75207788 -0.2113217
 -0.66965932  2.86774288 -1.14745329 -1.19346606 -1.13263214  1.26015283
  1.60174962 -0.84194273  2.12702807 -1.43496832 -0.25055311 -0.87962912
 -2.97059927  3.11088441 -1.77801453  3.04513141 -1.36701244 -2.32396482
  3.82455426 -1.20438516 -0.56494326 -3.10968811 -2.5023654   2.97061294
 -1.95246499 -1.69096839 -0.39785053  2.95385997  0.15424674  0.03412725
 -1.62066908 -0.1339613  -1.59586408 -3.10400135  2.90723353  1.13697522
 -0.32881932 -2.32354073  1.01760021 -1.161787   -0.27529408 -2.15564566
 -1.89754408  1.83133218 -0.99040556  2.58385301 -0.4298697  -3.10648905
 -2.84852732  2.03525543 -3.07050916 -0.23882068 -1.02856133 -0.17818031
  2.3728495   1.73111573 -0.29611435 -1.70785729 -3.04043713  0.11254954
 -0.82430489  1.46374154 -2.52954835  0.95086498 -0.01632566  0.20171223
  2.00317811  0.72043499  0.78289227 -1.21103416  1.6087664   2.56169922
  1.28269533  0.31652224 -0.98273414  2.58154782  0.82599414 -2.22600284
 -0.01393029  1.70705311  1.07065705 -0.66266077 -2.32182643  2.44054292
  2.029275    1.63923826  2.24806333  1.89028308 -2.1581035  -2.89621851
  0.51500478  1.377325   -2.40758323 -1.30047908  2.43850435  1.24810436
  0.04441362 -1.76968983 -1.56417735  1.93480706  1.46033482 -0.82192378
 -0.14370768 -0.46217018 -0.17267611  2.38295139 -0.56325117 -0.65116855
  1.09675463 -2.29170575  1.0105308   2.54608172 -0.49255543  2.1057754
 -1.96727128 -0.8647839  -2.41826207 -2.29064424 -1.37211429 -2.91537451
  1.59782577  1.85851095  1.64737536  1.01250144  1.41656997 -2.3099581
 -2.69318171  1.76682189  1.00306119 -0.41241023 -2.62793127  1.55608133
 -1.21223965 -2.50166985  0.05992378]
Fri Jun 14 00:19:49 2024,851,0.07958967199218077,[-2.85148744  2.04430214 -1.59933326  0.01688166  0.45938628 -3.25803359
  3.24343734  2.093994    1.03366522 -1.03065038  0.55326108  1.32316867
  1.27793998 -1.8681411   0.7808346   2.88232117 -0.38212099 -0.42956749
 -1.9110938   0.8435558   1.62782389  2.90037041 -1.40946953 -0.43967947
 -2.17368339 -2.08854855  3.11326838  2.80611611 -0.69649096 -2.61723948
  1.54936903 -0.18549386 -2.43405528  1.82244955  1.14162627 -0.61701075
  1.09567515 -2.0234507  -0.23546043  2.26323587 -0.34428411  0.46562236
  2.42832579  0.57324652  2.64079964  2.92000843  2.81885093 -2.94747776
  0.27419908 -0.39828627  1.723824    2.98925487 -0.35690586 -2.34213869
  2.72052466 -3.18535962  0.54611171 -0.69914216 -1.76661014  3.07823252
 -1.95638161 -1.67773871 -2.54770414  2.36355109 -2.12830759  1.95471251
  1.7210113   1.46041006  2.52426532  2.88329969  2.00671378  1.49557194
 -1.76485581 -2.38678599  1.15080521  0.57246731  1.58316509 -2.77748275
 -0.10493308  2.50027603 -1.18862815  1.14150124  1.24713799  0.60320034
 -0.95050182  1.09374335  0.79274724 -0.39505596  2.81787644 -2.12111138
  1.57441408 -0.65697904  0.98542981 -3.20322408 -2.25761552  0.34403586
 -1.07932364 -0.4116261   0.26871062  0.06383186 -1.75194059 -0.21118441
 -0.66979661  2.86788017 -1.147316   -1.19360335 -1.13276942  1.26001555
  1.6018869  -0.84180545  2.12689079 -1.43483103 -0.25041582 -0.87976641
 -2.97073656  3.1110217  -1.77815181  3.04499412 -1.36714972 -2.3241021
  3.82441697 -1.20452244 -0.56480598 -3.10955083 -2.50222812  2.97047566
 -1.95260227 -1.69083111 -0.39771324  2.95372269  0.15410946  0.03398997
 -1.6205318  -0.13382402 -1.59600136 -3.10386407  2.90737082  1.1371125
 -0.32868204 -2.32367802  1.01773749 -1.16164971 -0.27543136 -2.15550838
 -1.8974068   1.8311949  -0.99026827  2.58399029 -0.43000698 -3.10635177
 -2.84866461  2.03511815 -3.07037188 -0.23895796 -1.02869862 -0.17804303
  2.37271222  1.73125301 -0.29597706 -1.70772001 -3.04057441  0.11241226
 -0.82416761  1.46360426 -2.52968564  0.95100226 -0.01646295  0.20157495
  2.00304082  0.72057227  0.78302956 -1.21117145  1.60890369  2.56183651
  1.28283262  0.31638496 -0.98287143  2.5816851   0.82585686 -2.22614012
 -0.01406757  1.70691583  1.07051976 -0.66252348 -2.32168914  2.44040564
  2.02913772  1.63910098  2.24792605  1.8901458  -2.15796622 -2.89608123
  0.51486749  1.37746228 -2.40744594 -1.30061636  2.43836706  1.24824164
  0.04427634 -1.76982712 -1.56404007  1.93466978  1.46019753 -0.82178649
 -0.14384497 -0.46230746 -0.17253882  2.3828141  -0.56338845 -0.65130584
  1.09661735 -2.29184304  1.01039351  2.54594444 -0.49241814  2.10591268
 -1.96713399 -0.86492118 -2.41812479 -2.29078153 -1.37197701 -2.9155118
  1.59796305  1.85837367  1.64723807  1.01236415  1.41670725 -2.30982082
 -2.69304443  1.7666846   1.00319847 -0.41227294 -2.62779398  1.55594404
 -1.21210237 -2.50180713  0.06006107]
Fri Jun 14 00:20:05 2024,852,0.07953847530873168,[-2.85236658  2.043423   -1.59845412  0.01600252  0.45850715 -3.25715445
  3.2425582   2.09311486  1.03278608 -1.02977124  0.55414022  1.32404781
  1.27706084 -1.86902024  0.77995546  2.88144203 -0.38300013 -0.42868835
 -1.91197294  0.84267666  1.62870303  2.90124955 -1.40859039 -0.43880033
 -2.17280425 -2.08942769  3.11238924  2.80523697 -0.69561182 -2.61811862
  1.55024817 -0.18461472 -2.43493442  1.82157041  1.14250541 -0.61613161
  1.09479601 -2.02432983 -0.23633957  2.26411501 -0.34516325  0.46474322
  2.42744665  0.57412566  2.64167878  2.91912929  2.81797179 -2.94659863
  0.27331994 -0.39740713  1.72294486  2.98837573 -0.35602672 -2.34125955
  2.71964552 -3.18448048  0.54523257 -0.7000213  -1.76748928  3.07911166
 -1.95726075 -1.67861785 -2.546825    2.36267196 -2.12918673  1.95383337
  1.72013216  1.4612892   2.52338618  2.88417883  2.00759292  1.49645108
 -1.76397667 -2.38590685  1.14992607  0.57158817  1.58228595 -2.77660361
 -0.10581222  2.50115517 -1.18774901  1.14238037  1.24801713  0.6023212
 -0.95138096  1.09286421  0.7918681  -0.39593509  2.81875557 -2.12199052
  1.57353494 -0.65785818  0.98455067 -3.20410322 -2.25673638  0.34315672
 -1.0784445  -0.41074697  0.26958975  0.064711   -1.75106145 -0.21030527
 -0.67067575  2.86700103 -1.14643686 -1.19272421 -1.13189028  1.26089469
  1.60276604 -0.84092631  2.12776992 -1.43571017 -0.24953668 -0.87888727
 -2.9716157   3.11190084 -1.77727268  3.04587326 -1.36802886 -2.32322296
  3.82529611 -1.2036433  -0.56392684 -3.11042997 -2.50310726  2.9713548
 -1.95348141 -1.68995197 -0.3968341   2.95460183  0.1549886   0.03311083
 -1.62141094 -0.13294488 -1.59512222 -3.10298493  2.90649168  1.13623336
 -0.3278029  -2.32455716  1.01861663 -1.16252885 -0.27455222 -2.15638752
 -1.89828594  1.83207404 -0.98938914  2.58486943 -0.42912784 -3.10723091
 -2.84954375  2.03599728 -3.07125102 -0.2398371  -1.02957775 -0.17716389
  2.37359136  1.73037387 -0.29509792 -1.70684087 -3.03969527  0.1132914
 -0.82504674  1.4644834  -2.53056478  0.95012313 -0.01734208  0.20245409
  2.00216168  0.71969314  0.78215042 -1.21205059  1.60978283  2.56095737
  1.28371176  0.3172641  -0.98375057  2.58080597  0.82497772 -2.22526098
 -0.01318843  1.70603669  1.06964062 -0.66340262 -2.32256828  2.44128478
  2.02825858  1.63822184  2.24704691  1.88926666 -2.15708708 -2.89520209
  0.51398835  1.37658314 -2.40832508 -1.3014955   2.43748792  1.2473625
  0.04515548 -1.77070626 -1.56316093  1.93554892  1.46107667 -0.82266563
 -0.14296583 -0.46142832 -0.17341796  2.38193496 -0.56426759 -0.65218498
  1.09573821 -2.2909639   1.00951437  2.5450653  -0.491539    2.10503354
 -1.96801313 -0.86404204 -2.41900393 -2.29166067 -1.37109787 -2.91463266
  1.59884219  1.85925281  1.64635893  1.01324329  1.41758639 -2.31069996
 -2.69216529  1.76580546  1.00231934 -0.41315208 -2.62867312  1.55682318
 -1.21298151 -2.50268627  0.06094021]
Fri Jun 14 00:20:27 2024,853,0.0794924376508187,[-2.85162922  2.04268563 -1.59919149  0.01526515  0.45776978 -3.25641709
  3.24329557  2.09237749  1.03204872 -1.03050861  0.55340285  1.32478518
  1.27632348 -1.86828287  0.77921809  2.8821794  -0.38373749 -0.42795098
 -1.9127103   0.84341403  1.62944039  2.90198692 -1.40785302 -0.4395377
 -2.17206688 -2.08869032  3.11312661  2.8044996  -0.69634919 -2.61885599
  1.55098554 -0.18535209 -2.43567179  1.82083304  1.14176804 -0.61539424
  1.09405864 -2.02359247 -0.2356022   2.26337764 -0.34442588  0.46400586
  2.42670929  0.57338829  2.64094142  2.91986665  2.81870916 -2.94586126
  0.27258257 -0.3981445   1.72368223  2.9891131  -0.35676408 -2.34052218
  2.72038289 -3.18521785  0.5444952  -0.69928393 -1.76822665  3.07837429
 -1.95799812 -1.67788049 -2.54608764  2.36340932 -2.12992409  1.95457074
  1.72086953  1.46055183  2.52264881  2.88344146  2.00833029  1.49571372
 -1.76323931 -2.38664422  1.15066343  0.57232553  1.58302332 -2.77586625
 -0.10654959  2.5004178  -1.18701164  1.14164301  1.24727977  0.60305857
 -0.9506436   1.09360158  0.79113074 -0.39667246  2.81801821 -2.12272788
  1.57279757 -0.65712081  0.98528803 -3.20336585 -2.25747375  0.34241935
 -1.07770714 -0.4100096   0.26885239  0.06397363 -1.75179882 -0.2095679
 -0.66993838  2.86773839 -1.14717423 -1.19198684 -1.13262765  1.26163206
  1.60350341 -0.84166368  2.12703256 -1.4349728  -0.25027405 -0.8781499
 -2.97235307  3.11116347 -1.77801004  3.0451359  -1.36876623 -2.32396033
  3.82603348 -1.20438067 -0.56466421 -3.1096926  -2.50236989  2.97061743
 -1.95274404 -1.6892146  -0.39609674  2.95386446  0.15425123  0.03237346
 -1.62067357 -0.13368224 -1.59438486 -3.10372229  2.90575431  1.135496
 -0.32854027 -2.32381979  1.019354   -1.16326622 -0.27528959 -2.15712488
 -1.8990233   1.83281141 -0.98865177  2.5856068  -0.42986521 -3.10796828
 -2.85028111  2.03673465 -3.07051365 -0.23909973 -1.02884039 -0.17642652
  2.37285399  1.72963651 -0.29583529 -1.70757824 -3.0389579   0.11402877
 -0.82578411  1.46522076 -2.52982741  0.94938576 -0.01660472  0.20319146
  2.00289905  0.71895577  0.78288778 -1.21278795  1.60904546  2.56169473
  1.28297439  0.31652673 -0.9830132   2.58154333  0.82571508 -2.22452361
 -0.01245106  1.70529932  1.07037799 -0.66413999 -2.32330565  2.44054741
  2.02752121  1.63748447  2.24778428  1.88852929 -2.15782444 -2.89446472
  0.51472572  1.37584578 -2.40758771 -1.30223287  2.43675056  1.24662514
  0.04441811 -1.76996889 -1.5638983   1.93481155  1.46181404 -0.823403
 -0.14370319 -0.46069096 -0.17415533  2.3811976  -0.56500496 -0.65292234
  1.09647558 -2.29022653  1.01025174  2.54432793 -0.49080163  2.10577091
 -1.9687505  -0.86330467 -2.41974129 -2.2909233  -1.37183524 -2.91537003
  1.59810483  1.85851544  1.6470963   1.01250592  1.41832376 -2.30996259
 -2.69290266  1.76654283  1.0030567  -0.41241471 -2.62793576  1.55608582
 -1.21371887 -2.50342364  0.06167758]
Fri Jun 14 00:20:45 2024,854,0.07946233403938681,[-2.85074371  2.04180013 -1.600077    0.01437965  0.45688427 -3.25553158
  3.24241007  2.093263    1.03116321 -1.02962311  0.55251735  1.32389968
  1.27543797 -1.86739736  0.78010359  2.8830649  -0.384623   -0.42706548
 -1.91359581  0.84429953  1.62855489  2.90110141 -1.40696752 -0.4404232
 -2.17295239 -2.08957583  3.1122411   2.8036141  -0.69546369 -2.61797049
  1.55010004 -0.18623759 -2.43478628  1.82171855  1.14265355 -0.61450874
  1.09494415 -2.02270696 -0.23471669  2.26426314 -0.34531138  0.46312035
  2.42582378  0.57427379  2.64182692  2.91898115  2.81782365 -2.94674676
  0.27169707 -0.39903     1.72456773  2.9899986  -0.35764959 -2.34140769
  2.72126839 -3.18433234  0.54360969 -0.70016944 -1.76734114  3.07748879
 -1.95888362 -1.67699498 -2.54520213  2.36252382 -2.1308096   1.95545624
  1.72175503  1.45966632  2.52353431  2.88255596  2.00744478  1.49659922
 -1.7623538  -2.38575872  1.15154894  0.57144003  1.58213782 -2.77675175
 -0.10743509  2.50130331 -1.18789714  1.14252851  1.24816527  0.60394407
 -0.94975809  1.09271607  0.79201624 -0.39755797  2.81890371 -2.12361339
  1.57191207 -0.65623531  0.98617354 -3.20425136 -2.25835925  0.34330485
 -1.07682163 -0.40912409  0.26973789  0.06308813 -1.75091332 -0.2086824
 -0.67082388  2.8686239  -1.14628873 -1.19287235 -1.13174214  1.26074655
  1.60261791 -0.84077817  2.12791806 -1.43585831 -0.24938855 -0.87903541
 -2.97146756  3.11204897 -1.77889555  3.0460214  -1.36788073 -2.32307483
  3.82691898 -1.20349517 -0.5637787  -3.11057811 -2.5032554   2.97150293
 -1.95362955 -1.69010011 -0.39698224  2.95297896  0.15336573  0.03148796
 -1.62155907 -0.13456775 -1.59527036 -3.1046078   2.90663981  1.13461049
 -0.32942577 -2.32470529  1.01846849 -1.16415172 -0.27617509 -2.15801039
 -1.8981378   1.83369691 -0.98953727  2.5847213  -0.42897971 -3.10708277
 -2.84939561  2.03762016 -3.06962814 -0.23821423 -1.02972589 -0.17554102
  2.37196849  1.73052201 -0.2967208  -1.70846374 -3.03984341  0.11314326
 -0.82666962  1.46610627 -2.53071291  0.95027126 -0.01571921  0.20407696
  2.00201355  0.71984127  0.78200228 -1.21190245  1.60993096  2.56258024
  1.28385989  0.31741224 -0.9838987   2.58242884  0.82660059 -2.22540912
 -0.01156556  1.70441382  1.06949249 -0.66502549 -2.32419115  2.44143291
  2.02840671  1.63836997  2.24689877  1.88764379 -2.15870995 -2.89357921
  0.51384022  1.37496027 -2.40847322 -1.30311837  2.43586505  1.24751064
  0.04353261 -1.7708544  -1.56301279  1.93569705  1.46269955 -0.8225175
 -0.1445887  -0.46157646 -0.17326982  2.3820831  -0.56589046 -0.65203684
  1.09736108 -2.29111203  1.01113724  2.54344243 -0.49168714  2.10488541
 -1.967865   -0.86241917 -2.4206268  -2.2918088  -1.37272074 -2.91625553
  1.59721932  1.85762994  1.6479818   1.01162042  1.41743826 -2.31084809
 -2.69201715  1.76565733  1.00394221 -0.41152921 -2.62705025  1.55697132
 -1.21460438 -2.50253813  0.06256308]
Fri Jun 14 00:21:01 2024,855,0.07946037872014121,[-2.85092394  2.04198036 -1.60025723  0.01455988  0.4570645  -3.25535135
  3.24222984  2.09344322  1.03134344 -1.02944288  0.55233712  1.32371945
  1.27525774 -1.86721714  0.78028382  2.88288467 -0.38480323 -0.42688525
 -1.91377604  0.84447976  1.62873512  2.90092118 -1.40678729 -0.44060343
 -2.17313262 -2.0893956   3.11242133  2.80379433 -0.69528346 -2.61815072
  1.55028027 -0.18641782 -2.43460605  1.82153832  1.14283378 -0.61468897
  1.09512437 -2.02252673 -0.23489692  2.26408291 -0.34549161  0.46330058
  2.42600401  0.57409356  2.64164669  2.91880092  2.81800388 -2.94656653
  0.27151684 -0.39884977  1.72474796  2.98981837 -0.35782982 -2.34122746
  2.72108816 -3.18415211  0.54378992 -0.69998921 -1.76752137  3.07730856
 -1.95870339 -1.67681475 -2.54538236  2.36234359 -2.13098983  1.95563647
  1.72193526  1.45984655  2.52371454  2.88273619  2.00726455  1.49641899
 -1.76217357 -2.38557849  1.15172917  0.5712598   1.58195759 -2.77657152
 -0.10761532  2.50112308 -1.18807737  1.14234828  1.2483455   0.6041243
 -0.94957786  1.09253584  0.79183601 -0.3977382   2.81872348 -2.12343316
  1.57173184 -0.65605508  0.98635377 -3.20443159 -2.25853948  0.34312462
 -1.0766414  -0.40894386  0.26955766  0.0629079  -1.75073309 -0.20886263
 -0.67064365  2.86880413 -1.14646896 -1.19305257 -1.13156192  1.26056632
  1.60279814 -0.8409584   2.12809829 -1.43603854 -0.24956878 -0.87921563
 -2.97164779  3.1122292  -1.77871532  3.04584117 -1.3677005  -2.3228946
  3.82709921 -1.2036754  -0.56395893 -3.11039788 -2.50343563  2.97168316
 -1.95380978 -1.68991988 -0.39680201  2.95279873  0.15354596  0.03130773
 -1.62137885 -0.13474798 -1.59509013 -3.10442757  2.90645958  1.13443026
 -0.329606   -2.32452506  1.01828826 -1.1639715  -0.27599486 -2.15783016
 -1.89831803  1.83387714 -0.98935704  2.58454107 -0.42879948 -3.107263
 -2.84921538  2.03743993 -3.06944792 -0.238034   -1.02954566 -0.17572125
  2.37178826  1.73070224 -0.29690103 -1.70828351 -3.03966318  0.11332349
 -0.82684985  1.4662865  -2.53089314  0.95009103 -0.01553898  0.20389673
  2.00219378  0.71966104  0.78218251 -1.21172222  1.61011119  2.56240001
  1.28367967  0.31723201 -0.98407893  2.58260907  0.82642036 -2.22558935
 -0.01174579  1.70423359  1.06967272 -0.66520572 -2.32437138  2.44161314
  2.02858694  1.6385502   2.24671854  1.88746356 -2.15852972 -2.89375944
  0.51365999  1.37478004 -2.40865345 -1.30293814  2.43568482  1.24769087
  0.04335238 -1.77067417 -1.56283256  1.93551682  1.46287977 -0.82233727
 -0.14476893 -0.46139623 -0.17308959  2.38190287 -0.56607069 -0.65221707
  1.09754131 -2.2909318   1.01095701  2.5432622  -0.49150691  2.10470518
 -1.96768477 -0.86223894 -2.42044657 -2.29162858 -1.37290097 -2.91643576
  1.59739955  1.85744971  1.64780158  1.01144019  1.41761849 -2.31066786
 -2.69183692  1.76583755  1.00376198 -0.41170944 -2.62687002  1.55679109
 -1.21478461 -2.5023579   0.06274331]
Fri Jun 14 00:21:17 2024,856,0.07946034892067473,[-2.8509226   2.0419817  -1.60025857  0.01456122  0.45706585 -3.25535001
  3.24223118  2.09344188  1.03134478 -1.02944422  0.55233846  1.32372079
  1.27525909 -1.86721579  0.78028248  2.88288601 -0.38480188 -0.4268839
 -1.91377469  0.84447842  1.62873646  2.90092252 -1.40678595 -0.44060477
 -2.17313396 -2.08939425  3.11241999  2.80379299 -0.69528211 -2.61814937
  1.55028161 -0.18641917 -2.43460471  1.82153966  1.14283243 -0.61469031
  1.09512303 -2.02252539 -0.23489827  2.26408426 -0.34549296  0.46330192
  2.42600267  0.57409222  2.64164535  2.91880226  2.81800254 -2.94656787
  0.2715155  -0.39884843  1.72474662  2.98981703 -0.35782848 -2.34122612
  2.72108951 -3.18415346  0.54378858 -0.69998786 -1.76752271  3.07730721
 -1.95870473 -1.67681609 -2.54538371  2.36234225 -2.13099117  1.95563782
  1.72193661  1.45984521  2.52371588  2.88273485  2.00726321  1.49642033
 -1.76217492 -2.38557715  1.15172782  0.57126114  1.58195893 -2.77657286
 -0.10761398  2.50112442 -1.18807603  1.14234962  1.24834416  0.60412296
 -0.94957652  1.0925345   0.79183735 -0.39773954  2.81872482 -2.1234345
  1.5717305  -0.65605374  0.98635242 -3.20443024 -2.25853814  0.34312597
 -1.07664274 -0.40894252  0.26955632  0.06290924 -1.75073174 -0.20886129
 -0.670645    2.86880278 -1.1464703  -1.19305123 -1.13156326  1.26056498
  1.60279948 -0.84095706  2.12809695 -1.43603719 -0.24956743 -0.87921698
 -2.97164913  3.11222786 -1.77871666  3.04583983 -1.36769916 -2.32289325
  3.82709787 -1.20367674 -0.56396028 -3.11039922 -2.50343428  2.97168182
 -1.95380843 -1.68992122 -0.39680335  2.95280007  0.1535473   0.03130907
 -1.62138019 -0.13474663 -1.59509147 -3.10442891  2.90645824  1.1344316
 -0.32960734 -2.32452641  1.01828961 -1.16397015 -0.27599352 -2.1578315
 -1.89831669  1.83387848 -0.9893557   2.58453972 -0.42880082 -3.10726166
 -2.84921404  2.03743858 -3.06944926 -0.23803266 -1.029547   -0.1757199
  2.3717896   1.73070358 -0.29690237 -1.70828217 -3.03966452  0.11332215
 -0.82685119  1.46628515 -2.5308918   0.95008969 -0.01553764  0.20389539
  2.00219512  0.71966238  0.78218385 -1.21172088  1.61011254  2.56240135
  1.28368101  0.31723335 -0.98407759  2.58260772  0.82641902 -2.225588
 -0.01174445  1.70423225  1.06967406 -0.66520438 -2.32437004  2.4416118
  2.02858829  1.63855155  2.24671988  1.88746222 -2.15853106 -2.89376079
  0.51365864  1.3747787  -2.40865479 -1.3029368   2.43568348  1.24769221
  0.04335372 -1.77067282 -1.56283122  1.93551817  1.46288112 -0.82233861
 -0.14476758 -0.46139757 -0.17309094  2.38190421 -0.56606935 -0.65221841
  1.09753997 -2.29093315  1.01095567  2.54326354 -0.49150557  2.10470652
 -1.96768611 -0.8622376  -2.42044791 -2.29162992 -1.37289963 -2.9164371
  1.59739821  1.85744837  1.64780023  1.01144153  1.41761983 -2.31066652
 -2.69183558  1.76583621  1.00376332 -0.41171078 -2.62686868  1.55679243
 -1.21478327 -2.50235656  0.06274197]
Fri Jun 14 00:21:40 2024,857,0.07944232443600306,[-2.85152099  2.04138331 -1.59966018  0.01396283  0.45766423 -3.2559484
  3.24282957  2.09404027  1.0307464  -1.02884583  0.55174007  1.3231224
  1.2746607  -1.8666174   0.77968409  2.8834844  -0.38540027 -0.42628552
 -1.91317631  0.84507681  1.62813807  2.90152091 -1.40618756 -0.44120316
 -2.17373235 -2.08999264  3.11301838  2.80439138 -0.69468372 -2.61874776
  1.54968322 -0.18701756 -2.43400632  1.82094127  1.14223405 -0.61409192
  1.09452464 -2.02312378 -0.23549666  2.26348587 -0.34489457  0.46270354
  2.42540428  0.57469061  2.64104696  2.91940065  2.81860093 -2.94716626
  0.27211388 -0.39944682  1.72414823  2.98921864 -0.35723009 -2.3418245
  2.7216879  -3.18475184  0.54438697 -0.70058625 -1.76692432  3.0779056
 -1.95810635 -1.67741448 -2.54478532  2.36294064 -2.13039278  1.95623621
  1.722535    1.4604436   2.52431427  2.88213646  2.0078616   1.49582194
 -1.7627733  -2.38497876  1.15112944  0.57066275  1.58136054 -2.77597447
 -0.10701559  2.50052603 -1.18867442  1.14175124  1.24894254  0.60352457
 -0.95017491  1.09313289  0.79123896 -0.39833793  2.81932321 -2.12283611
  1.57113211 -0.65665212  0.98575404 -3.20383186 -2.25793975  0.34372436
 -1.07604436 -0.40834413  0.27015471  0.06350763 -1.75133013 -0.2082629
 -0.67004661  2.86940117 -1.14706869 -1.19364962 -1.13096487  1.25996659
  1.60220109 -0.84155545  2.12749856 -1.43543881 -0.25016582 -0.87861859
 -2.97105074  3.11162947 -1.77931505  3.04643822 -1.36710077 -2.32349164
  3.82649948 -1.20307835 -0.56336189 -3.10980083 -2.50403267  2.97228021
 -1.95440682 -1.69051961 -0.39620496  2.95220168  0.15414569  0.03071068
 -1.6207818  -0.13534502 -1.59449309 -3.10383052  2.90585985  1.13502999
 -0.33020573 -2.32392802  1.018888   -1.16456854 -0.27659191 -2.15723311
 -1.8977183   1.83328009 -0.98995409  2.58394134 -0.42939921 -3.10786005
 -2.84861565  2.03803697 -3.07004765 -0.23743427 -1.03014539 -0.17631829
  2.37119121  1.7301052  -0.29630398 -1.70888056 -3.03906613  0.11392054
 -0.8262528   1.46568677 -2.53029341  0.95068808 -0.01613603  0.20449378
  2.00159673  0.72026077  0.78158546 -1.21231927  1.60951415  2.56299974
  1.28308262  0.31663496 -0.98467598  2.58200934  0.82582063 -2.22618639
 -0.01114606  1.70363386  1.07027245 -0.66580277 -2.32496843  2.44101341
  2.02918667  1.63795316  2.24731827  1.88806061 -2.15793267 -2.8931624
  0.51306026  1.37418031 -2.4080564  -1.30353519  2.43628187  1.2482906
  0.04395211 -1.77007443 -1.56342961  1.93491978  1.46228273 -0.82174022
 -0.14536597 -0.46079918 -0.17368933  2.38130582 -0.56547096 -0.6528168
  1.09813836 -2.29153154  1.01035728  2.54266515 -0.49210395  2.10410813
 -1.9682845  -0.86283599 -2.4210463  -2.29222831 -1.37230124 -2.91583871
  1.5979966   1.85684998  1.64720184  1.01203992  1.41821822 -2.31006813
 -2.69123719  1.76523782  1.00436171 -0.41230917 -2.62746707  1.55739082
 -1.21538165 -2.50295495  0.06214358]
Fri Jun 14 00:21:54 2024,858,0.079322175285376,[-2.85273261  2.04017169 -1.59844856  0.01517445  0.45887586 -3.25473678
  3.24161795  2.09525189  1.02953478 -1.03005745  0.55295169  1.32191078
  1.27344908 -1.86540578  0.78089571  2.88469602 -0.38661189 -0.42749714
 -1.91438793  0.84628843  1.62934969  2.90273253 -1.40497594 -0.43999154
 -2.17252073 -2.09120426  3.11180676  2.80317975 -0.6934721  -2.61753614
  1.55089484 -0.18822918 -2.43521794  1.81972965  1.14102242 -0.6128803
  1.09331302 -2.02191216 -0.23428503  2.26227425 -0.34610619  0.46149191
  2.4266159   0.57590223  2.63983534  2.92061227  2.81738931 -2.94837788
  0.27090226 -0.40065844  1.72293661  2.98800702 -0.35601847 -2.34061288
  2.72289952 -3.18354022  0.54559859 -0.69937463 -1.76813595  3.07911722
 -1.95931797 -1.6786261  -2.5435737   2.36172901 -2.1316044   1.95744783
  1.72132337  1.46165522  2.52552589  2.88334808  2.00664998  1.49461032
 -1.76156168 -2.38619038  1.15234106  0.56945113  1.58257216 -2.7771861
 -0.10580397  2.50173765 -1.1874628   1.14053961  1.24773092  0.60473619
 -0.94896329  1.09192127  0.79245058 -0.39712631  2.82053483 -2.12162449
  1.57234373 -0.6554405   0.98454242 -3.20262024 -2.25915137  0.34493598
 -1.07483273 -0.40955575  0.26894309  0.06229601 -1.75254175 -0.20947452
 -0.66883499  2.86818955 -1.14828031 -1.192438   -1.13217649  1.25875497
  1.60341271 -0.84034383  2.12871018 -1.43422718 -0.25137744 -0.87983021
 -2.97226237  3.11041785 -1.77810343  3.04764984 -1.36831239 -2.32470326
  3.8277111  -1.20186673 -0.56215027 -3.10858921 -2.50282105  2.97349183
 -1.9531952  -1.68930799 -0.39741658  2.9534133   0.15293407  0.02949906
 -1.61957018 -0.1341334  -1.59328146 -3.1026189   2.90464823  1.13381837
 -0.32899411 -2.3227164   1.02009962 -1.16578016 -0.27538029 -2.15602149
 -1.89650668  1.83449171 -0.98874247  2.58272972 -0.42818759 -3.10907167
 -2.84740403  2.03682535 -3.07125927 -0.23622265 -1.03135701 -0.17752991
  2.36997959  1.73131682 -0.2975156  -1.70766894 -3.04027775  0.11270892
 -0.82504118  1.46447514 -2.52908179  0.9518997  -0.01734765  0.2057054
  2.00280835  0.72147239  0.78279708 -1.21110764  1.61072577  2.56178812
  1.28429424  0.31542334 -0.9858876   2.58322096  0.82460901 -2.22739801
 -0.01235768  1.70484548  1.06906083 -0.66459115 -2.32375681  2.44222503
  2.0303983   1.63916478  2.24610665  1.88927223 -2.15672105 -2.89195078
  0.51184863  1.37539193 -2.40684478 -1.30474681  2.43749349  1.24950222
  0.04516373 -1.76886281 -1.56221799  1.9361314   1.46349435 -0.8205286
 -0.14657759 -0.4620108  -0.17490095  2.3800942  -0.56425934 -0.65402842
  1.09934998 -2.29274316  1.00914566  2.54145353 -0.49331558  2.10289651
 -1.96949612 -0.86404761 -2.42225792 -2.29101669 -1.37108962 -2.91462709
  1.59678498  1.8580616   1.64599022  1.0108283   1.4170066  -2.30885651
 -2.69002557  1.7640262   1.00557333 -0.41109755 -2.62867869  1.55860244
 -1.21417003 -2.50416657  0.06093196]
Fri Jun 14 00:22:08 2024,859,0.07925613540661623,[-2.85355096  2.03935335 -1.59763021  0.0159928   0.4596942  -3.25555513
  3.2407996   2.09443354  1.02871643 -1.0292391   0.55377004  1.32109243
  1.27426742 -1.86458744  0.78171406  2.88387768 -0.38743024 -0.42831548
 -1.91520627  0.84547008  1.63016804  2.90191419 -1.40579428 -0.43917319
 -2.17333907 -2.09038592  3.11262511  2.8039981  -0.69265376 -2.61835449
  1.55007649 -0.18741083 -2.43603629  1.820548    1.14020408 -0.61369865
  1.09249468 -2.02109381 -0.23346669  2.26309259 -0.34692453  0.46067357
  2.42579755  0.57508388  2.63901699  2.92143062  2.81657096 -2.94919623
  0.27172061 -0.39984009  1.72375496  2.98718867 -0.35520012 -2.33979454
  2.72208117 -3.18272188  0.54641694 -0.70019298 -1.7673176   3.07829888
 -1.95849962 -1.67780776 -2.54275535  2.36254736 -2.13078606  1.95826617
  1.72214172  1.46083687  2.52634424  2.88252973  2.00583163  1.49542867
 -1.76074334 -2.38537203  1.1531594   0.57026948  1.58175381 -2.77800444
 -0.10662231  2.50091931 -1.18664445  1.13972127  1.24854927  0.60391785
 -0.94814494  1.09273962  0.79326893 -0.39630796  2.81971649 -2.12080614
  1.57152538 -0.65462216  0.98372407 -3.20180189 -2.25833303  0.34575432
 -1.07565108 -0.40873741  0.26812474  0.06147766 -1.7533601  -0.21029287
 -0.66801664  2.86737121 -1.14746196 -1.19325635 -1.13135814  1.25957332
  1.60423106 -0.83952548  2.12789183 -1.43340884 -0.25055909 -0.88064856
 -2.97144402  3.1095995  -1.77728508  3.04683149 -1.36749404 -2.32552161
  3.82689275 -1.20104838 -0.56133192 -3.10940756 -2.5036394   2.97431018
 -1.95401355 -1.68848964 -0.39823493  2.95259495  0.15211572  0.03031741
 -1.62038853 -0.13331506 -1.59246312 -3.10180055  2.90546658  1.13300003
 -0.32817576 -2.32189805  1.01928127 -1.16496181 -0.27456194 -2.15683984
 -1.89732502  1.83531006 -0.98956081  2.58354806 -0.42736924 -3.10989002
 -2.84822238  2.0376437  -3.07207761 -0.237041   -1.03053867 -0.17834826
  2.36916124  1.73049847 -0.29833395 -1.70685059 -3.0410961   0.11189057
 -0.82585953  1.46529349 -2.52990014  0.95271805 -0.018166    0.20488705
  2.0036267   0.72229074  0.78197874 -1.21192599  1.61154412  2.56260647
  1.28511259  0.31460499 -0.98506925  2.5840393   0.82379066 -2.22657967
 -0.01317603  1.70402713  1.06824248 -0.6637728  -2.32293846  2.44304338
  2.03121664  1.63998313  2.24528831  1.89009057 -2.15590271 -2.89113243
  0.51266698  1.37621028 -2.40602643 -1.30556516  2.43831184  1.24868388
  0.04598208 -1.76968116 -1.56139964  1.93531305  1.4643127  -0.81971025
 -0.14575925 -0.46282915 -0.17571929  2.38091255 -0.56507768 -0.65321007
  1.09853163 -2.2935615   1.00832731  2.54227188 -0.49413392  2.10371486
 -1.97031447 -0.86322926 -2.42143957 -2.29019834 -1.37027127 -2.91544544
  1.59596663  1.85887995  1.64680857  1.01164665  1.41618825 -2.30967486
 -2.68920722  1.76320786  1.00639168 -0.4119159  -2.62949704  1.55942079
 -1.21498838 -2.50334822  0.06011361]
Fri Jun 14 00:22:23 2024,860,0.0792593465651592,[-2.85329101  2.0390934  -1.59737027  0.01625275  0.45995415 -3.25529518
  3.24105955  2.09469349  1.02897637 -1.02897916  0.55351009  1.32135238
  1.27400748 -1.86484738  0.78145411  2.88361773 -0.38769019 -0.42805554
 -1.91494633  0.84521013  1.63042799  2.90165424 -1.40553434 -0.43891325
 -2.17359902 -2.09064586  3.11236516  2.80373816 -0.69239381 -2.61809454
  1.54981655 -0.18715088 -2.43629624  1.82080794  1.13994413 -0.6134387
  1.09223473 -2.02135376 -0.23372663  2.26283265 -0.34666459  0.46093351
  2.4260575   0.57482394  2.63927694  2.92117068  2.81631101 -2.94945618
  0.27146067 -0.39958014  1.72349501  2.98744862 -0.35546006 -2.34005448
  2.72234111 -3.18298182  0.54667688 -0.70045292 -1.76757754  3.07803893
 -1.95875956 -1.6780677  -2.5424954   2.36280731 -2.13052611  1.95800623
  1.72188178  1.46109682  2.5260843   2.88226979  2.00557169  1.49568862
 -1.76048339 -2.38563198  1.15289946  0.57052943  1.58149387 -2.77826439
 -0.10636237  2.50117925 -1.18638451  1.13946132  1.24880922  0.60417779
 -0.94840488  1.09247967  0.79300899 -0.39604801  2.81945654 -2.12106609
  1.57178533 -0.65436221  0.98346412 -3.20154194 -2.25859297  0.34549438
 -1.07591103 -0.40847746  0.26786479  0.0617376  -1.75362005 -0.21003292
 -0.66827658  2.86711126 -1.14772191 -1.19351629 -1.1310982   1.25931337
  1.604491   -0.83978543  2.12815178 -1.43314889 -0.25029915 -0.88038861
 -2.97170396  3.10933956 -1.77702514  3.04709143 -1.3672341  -2.32526167
  3.8271527  -1.20078844 -0.56107197 -3.10914761 -2.50337945  2.97405023
 -1.9537536  -1.6882297  -0.39849488  2.9528549   0.15185577  0.03005747
 -1.62064847 -0.133575   -1.59220317 -3.10154061  2.90520663  1.13274008
 -0.32791582 -2.32215799  1.01954121 -1.16470187 -0.27482189 -2.15657989
 -1.89758497  1.83505012 -0.98982076  2.58380801 -0.4271093  -3.10963007
 -2.84796243  2.03790364 -3.07233756 -0.23730094 -1.03079861 -0.17860821
  2.36942119  1.73023852 -0.29859389 -1.70711054 -3.04083616  0.11215051
 -0.82611947  1.46503355 -2.52964019  0.9524581  -0.01842594  0.20462711
  2.00388664  0.7220308   0.78171879 -1.21166605  1.61180406  2.56286641
  1.28537253  0.31486494 -0.9853292   2.58429925  0.8240506  -2.22631972
 -0.01343597  1.70376719  1.06850243 -0.66403274 -2.32267852  2.44278343
  2.0309567   1.63972318  2.24502836  1.88983063 -2.15616265 -2.89139237
  0.51240704  1.37595033 -2.40628638 -1.30530521  2.43857178  1.24894382
  0.04572213 -1.76942122 -1.5611397   1.935573    1.46405275 -0.81945031
 -0.14601919 -0.46256921 -0.17597924  2.38065261 -0.56481774 -0.65295013
  1.09827169 -2.29382145  1.00858726  2.54201193 -0.49387398  2.1039748
 -1.97057441 -0.86296932 -2.42169952 -2.29045828 -1.37053122 -2.91518549
  1.59570668  1.85913989  1.64654863  1.0113867   1.41592831 -2.3099348
 -2.68894728  1.76294791  1.00613173 -0.41165595 -2.62975698  1.55916085
 -1.21472844 -2.50360817  0.05985366]
Fri Jun 14 00:22:40 2024,861,0.07924735850502325,[-2.85301838  2.03882077 -1.5976429   0.01652538  0.46022678 -3.25556782
  3.24078691  2.09496612  1.02870374 -1.02870652  0.55323746  1.32107974
  1.27428011 -1.86512002  0.78118148  2.88389037 -0.38741755 -0.4277829
 -1.91467369  0.84548277  1.63070062  2.90138161 -1.4052617  -0.43864061
 -2.17387166 -2.0909185   3.11209253  2.80401079 -0.69266645 -2.61836718
  1.55008918 -0.18687825 -2.43656887  1.82053531  1.1396715  -0.61316607
  1.09250737 -2.02108112 -0.233454    2.26310529 -0.34693723  0.46066088
  2.42578486  0.57509657  2.63954957  2.92089804  2.81658365 -2.94972881
  0.2717333  -0.39930751  1.72322238  2.98772125 -0.35518743 -2.33978185
  2.72261375 -3.18270919  0.54640425 -0.70018029 -1.76785018  3.07831157
 -1.95848693 -1.67834034 -2.54276804  2.36253467 -2.13025347  1.95773359
  1.72215441  1.46082418  2.52581166  2.88199715  2.00584432  1.49596125
 -1.76021076 -2.38590461  1.15262682  0.57025679  1.5817665  -2.77853702
 -0.10663501  2.50090662 -1.18611187  1.13973396  1.24908185  0.60390516
 -0.94813225  1.09275231  0.79328162 -0.39577538  2.81918391 -2.12133872
  1.57205796 -0.65463485  0.98319149 -3.20126931 -2.25832034  0.34522174
 -1.07563839 -0.4087501   0.26759216  0.06201024 -1.75389268 -0.20976029
 -0.66854922  2.8673839  -1.14744927 -1.19324366 -1.13137083  1.25904074
  1.60476364 -0.83951279  2.12787914 -1.43342153 -0.25057178 -0.88066125
 -2.97143133  3.10906692 -1.77729777  3.04736407 -1.36750673 -2.32498903
  3.82742534 -1.20106107 -0.56134461 -3.10887498 -2.50310682  2.97432287
 -1.95402624 -1.68850233 -0.39822224  2.95312754  0.15158314  0.02978483
 -1.62092111 -0.13384764 -1.59193054 -3.10126797  2.90547927  1.13301272
 -0.32818845 -2.32243063  1.01926858 -1.16442923 -0.27509452 -2.15685253
 -1.8978576   1.83532275 -0.98954812  2.58353537 -0.42738193 -3.10990271
 -2.84823507  2.03817628 -3.0726102  -0.23757358 -1.03107125 -0.17833557
  2.36969382  1.72996589 -0.29886653 -1.7068379  -3.04056352  0.11242315
 -0.82584684  1.46476091 -2.52936756  0.95218547 -0.01815331  0.20489974
  2.00415928  0.72230343  0.78144616 -1.21193868  1.6120767   2.56313905
  1.28564517  0.31513757 -0.98505656  2.58402661  0.82432324 -2.22659236
 -0.01316334  1.70349455  1.06822979 -0.66430538 -2.32295115  2.4425108
  2.03068406  1.63999582  2.24475573  1.88955799 -2.15589002 -2.89166501
  0.51267967  1.37622297 -2.40655901 -1.30503258  2.43829915  1.24921646
  0.0454495  -1.76969385 -1.56086706  1.93530036  1.46432539 -0.81917767
 -0.14574656 -0.46229657 -0.17625187  2.38037997 -0.56509038 -0.65322276
  1.09799905 -2.29354881  1.00885989  2.5417393  -0.49360134  2.10370217
 -1.97084705 -0.86269668 -2.42197215 -2.29018565 -1.37025858 -2.91545813
  1.59597932  1.85941253  1.64682126  1.01111407  1.41620094 -2.31020744
 -2.68921991  1.76322055  1.0058591  -0.41138332 -2.62948435  1.55888821
 -1.2144558  -2.50333553  0.0601263 ]
Fri Jun 14 00:22:57 2024,862,0.07927921059730826,[-2.85273493  2.03910421 -1.59735946  0.01680882  0.45994334 -3.25528437
  3.24050347  2.09524957  1.02898718 -1.02842308  0.55295402  1.32136318
  1.27399667 -1.86540346  0.78089804  2.88360693 -0.38713411 -0.42749946
 -1.91495713  0.84576621  1.63098406  2.90166505 -1.40554515 -0.43835717
 -2.17358821 -2.09120194  3.11237597  2.80429423 -0.69294989 -2.61865062
  1.54980574 -0.18716169 -2.43685231  1.82081875  1.13938806 -0.61344951
  1.09279081 -2.02136456 -0.23373744  2.26338873 -0.34665378  0.46037744
  2.42550142  0.57538002  2.63983301  2.9206146   2.81686709 -2.95001225
  0.27201674 -0.39902407  1.72350582  2.98743781 -0.35490399 -2.34006529
  2.72233031 -3.18242574  0.54668769 -0.70046373 -1.76813362  3.07859501
 -1.95820349 -1.67862378 -2.5424846   2.36225123 -2.13053692  1.95801704
  1.72243785  1.46110762  2.5260951   2.88228059  2.00612776  1.49567781
 -1.75992732 -2.38618805  1.15291026  0.57054023  1.58148306 -2.77825358
 -0.10635156  2.50062318 -1.18582843  1.1400174   1.24936529  0.60362171
 -0.94784881  1.09246887  0.79299818 -0.39605882  2.81890047 -2.12105528
  1.57177452 -0.65435141  0.98290805 -3.20155275 -2.25860378  0.34550519
 -1.07592183 -0.40903354  0.2678756   0.0617268  -1.75417612 -0.21004373
 -0.66883266  2.86710045 -1.14773271 -1.1935271  -1.13108739  1.25932418
  1.60504708 -0.83979623  2.12816258 -1.43370497 -0.25085523 -0.88037781
 -2.97171477  3.10878348 -1.77701433  3.04708063 -1.36779017 -2.32527247
  3.82714189 -1.20077763 -0.56106117 -3.10915842 -2.50282338  2.97460631
 -1.9537428  -1.68878577 -0.39850568  2.95284409  0.15186658  0.03006827
 -1.62063766 -0.13413108 -1.5916471  -3.10098453  2.90519583  1.13272927
 -0.3284719  -2.32271407  1.01898514 -1.16414579 -0.27481108 -2.15713597
 -1.89757416  1.83503931 -0.98926468  2.58381881 -0.42709849 -3.10961926
 -2.84795162  2.03845972 -3.07232675 -0.23785702 -1.03078781 -0.17861901
  2.36941038  1.72968245 -0.29914997 -1.70712134 -3.04028008  0.11213971
 -0.82613028  1.46504435 -2.52908412  0.95246891 -0.01843675  0.20518318
  2.00387584  0.72258687  0.7817296  -1.21165524  1.61236014  2.56342249
  1.28536173  0.31485413 -0.98534     2.58374317  0.82460668 -2.2268758
 -0.01344678  1.70321111  1.06794635 -0.66458882 -2.32266771  2.44222736
  2.03040062  1.64027926  2.24447228  1.88927455 -2.15617346 -2.89194845
  0.51296311  1.37593953 -2.40684246 -1.30531602  2.43858259  1.2494999
  0.04516605 -1.76997729 -1.56058362  1.93501692  1.46460883 -0.81889423
 -0.14603    -0.46201313 -0.17653532  2.38066341 -0.56480693 -0.65350621
  1.09828249 -2.29326537  1.00857645  2.54202274 -0.49388478  2.10398561
 -1.97056361 -0.86241324 -2.42168871 -2.28990221 -1.36997514 -2.91517469
  1.59569588  1.85969597  1.6471047   1.01139751  1.4159175  -2.309924
 -2.68950335  1.7629371   1.00557566 -0.41109988 -2.62976779  1.55917165
 -1.21417236 -2.50305209  0.05984286]
Fri Jun 14 00:23:14 2024,863,0.079276142763438,[-2.85405827  2.04042754 -1.59868279  0.01813215  0.46126667 -3.25660771
  3.2418268   2.0965729   1.02766385 -1.02974641  0.55163069  1.32268652
  1.27532    -1.86408013  0.77957471  2.88228359 -0.38581078 -0.42617613
 -1.91628047  0.84444288  1.63230739  2.90034172 -1.40422181 -0.43703384
 -2.17491155 -2.09252527  3.11105264  2.8029709  -0.69427322 -2.61732729
  1.54848241 -0.18583836 -2.43817564  1.81949542  1.13806472 -0.61212618
  1.09411414 -2.02268789 -0.23241411  2.2620654  -0.34797712  0.4590541
  2.42682475  0.57670335  2.64115634  2.91929127  2.81554376 -2.95133558
  0.27334007 -0.39770074  1.72218249  2.98876114 -0.35622732 -2.33874196
  2.72100698 -3.18110241  0.54801102 -0.70178706 -1.76945695  3.07991834
 -1.95688016 -1.67994711 -2.54380793  2.36357456 -2.13186025  1.95934037
  1.72111452  1.45978429  2.52741843  2.88360392  2.0074511   1.49700114
 -1.76125065 -2.38751138  1.15158693  0.57186356  1.58015973 -2.77693025
 -0.1076749   2.49929984 -1.1845051   1.14134073  1.25068862  0.60494505
 -0.94917214  1.09114553  0.79167485 -0.39738215  2.81757713 -2.11973195
  1.57045119 -0.65567474  0.98423138 -3.20022942 -2.25728045  0.34418185
 -1.07724516 -0.40771021  0.26655227  0.06040347 -1.75549945 -0.2087204
 -0.67015599  2.86842379 -1.14905604 -1.19220377 -1.13241072  1.25800085
  1.60637041 -0.8384729   2.12948592 -1.43238164 -0.24953189 -0.88170114
 -2.97039144  3.11010681 -1.775691    3.04840396 -1.3691135  -2.32394914
  3.82581856 -1.1994543  -0.55973784 -3.11048175 -2.50414671  2.97592964
 -1.95241947 -1.68746244 -0.39982901  2.95152076  0.15054325  0.0313916
 -1.61931433 -0.13545441 -1.59032376 -3.0996612   2.90651916  1.13140594
 -0.32714856 -2.32139074  1.02030847 -1.16546912 -0.27613441 -2.15581264
 -1.89625083  1.83371598 -0.99058801  2.58514214 -0.42577516 -3.10829593
 -2.84662829  2.03713639 -3.07100342 -0.23918035 -1.02946447 -0.17729568
  2.37073371  1.73100578 -0.29782664 -1.70844467 -3.03895675  0.11081638
 -0.82480695  1.46636768 -2.53040745  0.95379224 -0.01976008  0.20650651
  2.00255251  0.7239102   0.78040627 -1.21033191  1.61103681  2.56474582
  1.28668506  0.3135308  -0.98401667  2.5850665   0.82328335 -2.22555247
 -0.01212345  1.70188778  1.06926968 -0.66326549 -2.32399104  2.44090403
  2.03172395  1.64160259  2.24314895  1.88795122 -2.15749679 -2.89062512
  0.51428644  1.37726286 -2.40551912 -1.30663935  2.43990592  1.24817657
  0.04384272 -1.76865396 -1.56190695  1.93369359  1.4632855  -0.82021756
 -0.14470667 -0.4606898  -0.17785865  2.38198674 -0.5634836  -0.65482954
  1.09695916 -2.2945887   1.00989978  2.54069941 -0.49256145  2.10530894
 -1.97188694 -0.86373657 -2.42301204 -2.29122554 -1.37129847 -2.91649802
  1.59437255  1.8610193   1.64842803  1.01007418  1.41459417 -2.31124733
 -2.68818002  1.76161377  1.00689899 -0.41242321 -2.62844446  1.56049498
 -1.21284903 -2.50437542  0.06116619]
Fri Jun 14 00:23:31 2024,864,0.0792199081605183,[-2.8551472   2.0393386  -1.59977173  0.01704322  0.46017774 -3.25769664
  3.24291574  2.09548396  1.02657491 -1.03083535  0.55271962  1.32377545
  1.27640894 -1.86299119  0.77848577  2.88337253 -0.38472184 -0.4250872
 -1.9173694   0.84335394  1.63121846  2.90143065 -1.40313288 -0.43812278
 -2.17600048 -2.09361421  3.11214157  2.80188197 -0.69318428 -2.61623835
  1.54739347 -0.18474942 -2.43708671  1.81840648  1.13697579 -0.61103724
  1.0930252  -2.02377683 -0.23350304  2.26315433 -0.34688818  0.46014304
  2.42573582  0.57779228  2.64006741  2.9203802   2.8166327  -2.95242452
  0.27442901 -0.3966118   1.72327142  2.98767221 -0.35513838 -2.33983089
  2.72209591 -3.18219135  0.54692208 -0.702876   -1.76836802  3.08100727
 -1.95796909 -1.67885817 -2.54489686  2.3646635  -2.13294918  1.95825143
  1.72002559  1.46087323  2.52850737  2.88251499  2.00854003  1.4959122
 -1.76233958 -2.38860032  1.150498    0.5729525   1.5790708  -2.77584131
 -0.10876383  2.50038878 -1.18559403  1.14242967  1.24959969  0.60603398
 -0.9480832   1.0900566   0.79058591 -0.39629322  2.8164882  -2.12082089
  1.56936225 -0.65676367  0.98314244 -3.20131835 -2.25619151  0.34309292
 -1.07615623 -0.40662127  0.26764121  0.05931453 -1.75441052 -0.20763146
 -0.66906706  2.86951272 -1.14796711 -1.1932927  -1.13349966  1.25908978
  1.60528148 -0.83738397  2.12839698 -1.4312927  -0.25062083 -0.88279007
 -2.9693025   3.11119575 -1.77460206  3.0494929  -1.36802457 -2.3228602
  3.82472963 -1.20054324 -0.5586489  -3.11157069 -2.50305777  2.97701858
 -1.95133053 -1.68855138 -0.39874008  2.95043183  0.14945431  0.03248054
 -1.62040327 -0.13654334 -1.58923483 -3.10075014  2.9076081   1.13249488
 -0.32605963 -2.3203018   1.0213974  -1.16655806 -0.27722335 -2.15690157
 -1.8951619   1.83262704 -0.98949908  2.58405321 -0.42468622 -3.10938487
 -2.84553936  2.03822532 -3.06991449 -0.24026928 -1.02837554 -0.17838462
  2.37182265  1.73209471 -0.29891557 -1.70735574 -3.03786781  0.10972744
 -0.82589588  1.46527875 -2.52931851  0.9527033  -0.02084902  0.20759545
  2.00364144  0.72282127  0.77931733 -1.20924297  1.60994787  2.56365688
  1.28777399  0.31461974 -0.98292774  2.58397757  0.82219441 -2.2266414
 -0.01103451  1.70297671  1.06818074 -0.66217655 -2.32290211  2.44199296
  2.03281289  1.64051365  2.24423789  1.88904016 -2.15640785 -2.89171406
  0.51319751  1.37617392 -2.40660806 -1.30555041  2.44099486  1.2492655
  0.04275379 -1.7697429  -1.56081801  1.93260465  1.46219656 -0.8213065
 -0.14361773 -0.46177874 -0.17894758  2.38089781 -0.56457254 -0.65591847
  1.09587022 -2.29567764  1.01098872  2.53961047 -0.49147252  2.10422
 -1.970798   -0.86482551 -2.42410098 -2.29231447 -1.37020954 -2.91758696
  1.59546148  1.86210823  1.64951697  1.00898524  1.41350523 -2.31233626
 -2.68709109  1.76052484  1.00581005 -0.41351214 -2.62735552  1.56158392
 -1.21176009 -2.50328649  0.06225513]
Fri Jun 14 00:23:49 2024,865,0.07910715505899264,[-2.85384701  2.03803841 -1.60107192  0.01574302  0.46147793 -3.25899684
  3.24421593  2.09418377  1.02787511 -1.03213554  0.55401982  1.32247526
  1.27510875 -1.861691    0.77978596  2.88207234 -0.38602204 -0.42638739
 -1.9186696   0.84465414  1.62991826  2.90273085 -1.40443307 -0.43682258
 -2.17730068 -2.09231401  3.11084138  2.80318216 -0.69448448 -2.61753855
  1.54869367 -0.18344923 -2.4383869   1.81970668  1.13827598 -0.60973705
  1.0943254  -2.02507702 -0.23480324  2.26445452 -0.34818837  0.45884285
  2.42703601  0.57909248  2.6413676   2.9216804   2.81793289 -2.95112433
  0.2757292  -0.39791199  1.72197123  2.98637201 -0.35643858 -2.34113109
  2.72079572 -3.18349154  0.54562189 -0.7015758  -1.76966821  3.07970708
 -1.9566689  -1.68015837 -2.54619706  2.36596369 -2.13164899  1.95695124
  1.71872539  1.45957303  2.52720718  2.88121479  2.00723984  1.49461201
 -1.76103939 -2.38990051  1.1491978   0.57425269  1.58037099 -2.77454112
 -0.11006403  2.50168897 -1.18429384  1.14372986  1.24829949  0.60733418
 -0.94678301  1.09135679  0.79188611 -0.39759341  2.81778839 -2.12212108
  1.56806206 -0.65806387  0.98184225 -3.20261855 -2.2574917   0.34439311
 -1.07485603 -0.40532108  0.2689414   0.05801434 -1.75311032 -0.20633127
 -0.66776686  2.86821253 -1.14666691 -1.19199251 -1.13479985  1.26038998
  1.60398128 -0.83608377  2.12969717 -1.42999251 -0.24932064 -0.88409027
 -2.96800231  3.10989555 -1.77330187  3.05079309 -1.36672437 -2.3241604
  3.82342943 -1.20184343 -0.55734871 -3.11287088 -2.50175758  2.97831877
 -1.95263073 -1.68985157 -0.40004027  2.94913163  0.15075451  0.03118034
 -1.61910307 -0.13784354 -1.59053502 -3.09944994  2.90890829  1.13119469
 -0.32475943 -2.321602    1.0226976  -1.16525787 -0.27852354 -2.15820177
 -1.8938617   1.83132685 -0.98819888  2.58275302 -0.42338603 -3.10808467
 -2.84683955  2.03952552 -3.07121468 -0.23896909 -1.02967573 -0.17708442
  2.37312284  1.73339491 -0.30021577 -1.70605554 -3.03916801  0.10842725
 -0.82459569  1.46397855 -2.53061871  0.9540035  -0.01954882  0.20629526
  2.00494164  0.72152107  0.78061752 -1.21054317  1.60864768  2.56495708
  1.28907419  0.31331954 -0.98422793  2.58527776  0.82349461 -2.2279416
 -0.0123347   1.70427691  1.06948094 -0.66087636 -2.32160191  2.44069277
  2.03411308  1.64181385  2.24553808  1.89034035 -2.15770805 -2.89041386
  0.51189731  1.37747412 -2.40790825 -1.30685061  2.44229505  1.24796531
  0.04405398 -1.77104309 -1.55951782  1.93390485  1.46089637 -0.8200063
 -0.14231754 -0.46047854 -0.17764739  2.382198   -0.56327234 -0.65721867
  1.09457003 -2.29697783  1.00968853  2.54091067 -0.49277271  2.10291981
 -1.9720982  -0.8661257  -2.42280079 -2.29101428 -1.37150973 -2.91888715
  1.59416129  1.86340843  1.65081716  1.01028544  1.41480543 -2.31103607
 -2.68839128  1.76182503  1.00450986 -0.41481234 -2.62865571  1.56288411
 -1.2104599  -2.50198629  0.06095493]
Fri Jun 14 00:24:05 2024,866,0.07908576907421766,[-2.85327994  2.03860548 -1.60163899  0.0163101   0.46091086 -3.25842976
  3.24364886  2.09361669  1.02730803 -1.03270262  0.55345274  1.32190818
  1.27454167 -1.86112392  0.78035304  2.88263941 -0.38658911 -0.42695446
 -1.91923667  0.84522121  1.63048534  2.90216377 -1.403866   -0.43738966
 -2.1767336  -2.09288108  3.11027431  2.80261509 -0.69505155 -2.61697147
  1.54926074 -0.1840163  -2.43895397  1.8191396   1.13770891 -0.61030412
  1.09489247 -2.0256441  -0.23537031  2.26388745 -0.34875545  0.45827577
  2.42760309  0.5785254   2.64080053  2.92111332  2.81736582 -2.95055725
  0.27516213 -0.39734492  1.72140416  2.98580494 -0.3558715  -2.34169816
  2.72136279 -3.18292447  0.54618896 -0.70100873 -1.77023528  3.07914001
 -1.95723597 -1.68072544 -2.54562999  2.36539662 -2.13108192  1.95751831
  1.71815832  1.46014011  2.52777425  2.88064772  2.00780691  1.49404494
 -1.76047232 -2.39046759  1.14863073  0.57368562  1.58093806 -2.77510819
 -0.10949695  2.5011219  -1.18372677  1.14316279  1.24773242  0.6067671
 -0.94621594  1.09078972  0.79245318 -0.39816048  2.81722132 -2.12268815
  1.56862913 -0.65749679  0.98127518 -3.20205148 -2.25692463  0.34496018
 -1.07542311 -0.40588815  0.26950847  0.05858141 -1.7536774  -0.20689834
 -0.66833394  2.8687796  -1.14609984 -1.19255958 -1.13423278  1.26095705
  1.60341421 -0.83665084  2.1291301  -1.42942544 -0.24988771 -0.88465734
 -2.96743524  3.11046263 -1.77386894  3.05136016 -1.3661573  -2.32359333
  3.82286236 -1.2024105  -0.55791578 -3.11343795 -2.5011905   2.97888584
 -1.95206365 -1.69041864 -0.40060735  2.94969871  0.15132158  0.03174742
 -1.618536   -0.13727647 -1.58996795 -3.09888287  2.90947536  1.13062761
 -0.32532651 -2.32216907  1.02326467 -1.16469079 -0.27909061 -2.1576347
 -1.89442877  1.83189392 -0.98876596  2.58332009 -0.4239531  -3.1075176
 -2.84627248  2.03895845 -3.07064761 -0.23840202 -1.02910866 -0.17765149
  2.37368992  1.73282784 -0.2996487  -1.70548847 -3.03860093  0.10786017
 -0.82516276  1.46454563 -2.53005163  0.95457057 -0.01898175  0.20572818
  2.00437456  0.720954    0.7811846  -1.2099761   1.6080806   2.56439
  1.28964126  0.31275247 -0.98366086  2.58471069  0.82292754 -2.22850867
 -0.01176763  1.70370984  1.07004801 -0.66144343 -2.32216898  2.44125984
  2.03468015  1.64238092  2.24497101  1.88977328 -2.15827512 -2.88984679
  0.51246439  1.37690704 -2.40847533 -1.30741768  2.44172798  1.24739823
  0.04348691 -1.77047602 -1.55895075  1.93447192  1.46032929 -0.81943923
 -0.14288461 -0.45991147 -0.17821446  2.38276507 -0.56270527 -0.65665159
  1.0951371  -2.29754491  1.00912145  2.54147774 -0.49333978  2.10235274
 -1.97266527 -0.86555863 -2.42336786 -2.29158135 -1.3720768  -2.91945422
  1.59472836  1.86284136  1.65138424  1.00971836  1.41423835 -2.31160314
 -2.68895835  1.76125796  1.00394278 -0.41537941 -2.62808864  1.56345119
 -1.20989282 -2.50255337  0.061522  ]
Fri Jun 14 00:24:27 2024,867,0.07908339871414391,[-2.85308227  2.03840781 -1.60183666  0.01611243  0.46110853 -3.25862743
  3.24345119  2.09381436  1.0275057  -1.03290029  0.55325508  1.32210585
  1.27473934 -1.86092625  0.78055071  2.88283708 -0.38639144 -0.42675679
 -1.919039    0.84541888  1.63028767  2.9019661  -1.40406367 -0.43719199
 -2.17653593 -2.09268342  3.11047197  2.80241742 -0.69485388 -2.61677381
  1.54945841 -0.18421397 -2.43875631  1.81933727  1.13790658 -0.61050179
  1.0946948  -2.02584176 -0.23556798  2.26368978 -0.34895312  0.4580781
  2.42740542  0.57832774  2.64060286  2.92091566  2.81756349 -2.95075492
  0.27496446 -0.39714725  1.72120649  2.98600261 -0.35567383 -2.34150049
  2.72156046 -3.1827268   0.54638663 -0.70081106 -1.77043295  3.07894234
 -1.95743364 -1.68092311 -2.54543232  2.36519895 -2.13127959  1.95771598
  1.71796065  1.46033778  2.52797192  2.88045005  2.00760924  1.49384727
 -1.76027465 -2.39066525  1.1488284   0.57348795  1.58074039 -2.77530586
 -0.10969462  2.50131957 -1.18392444  1.14296512  1.24793009  0.60656943
 -0.94641361  1.09098739  0.79225551 -0.39835815  2.81741899 -2.12249048
  1.56843146 -0.65769446  0.98107751 -3.20185381 -2.25672696  0.34476252
 -1.07522544 -0.40569048  0.2693108   0.05877908 -1.75347973 -0.20670067
 -0.66813627  2.86858193 -1.14629751 -1.19275725 -1.13403511  1.26115472
  1.60361188 -0.83684851  2.12932777 -1.4296231  -0.24969004 -0.88485501
 -2.9676329   3.1106603  -1.77367127  3.05116249 -1.36595963 -2.32339566
  3.82266469 -1.20221283 -0.55811345 -3.11324028 -2.50138817  2.97908351
 -1.95186598 -1.69022097 -0.40040968  2.94989637  0.15151925  0.03154975
 -1.61833833 -0.1370788  -1.59016562 -3.09908054  2.90927769  1.13042994
 -0.32512884 -2.32236674  1.02346234 -1.16488846 -0.27928828 -2.15783237
 -1.8942311   1.83169625 -0.98896363  2.58312242 -0.42415077 -3.10771527
 -2.84647015  2.03915612 -3.07084528 -0.23859969 -1.02930633 -0.17784916
  2.37349225  1.73263017 -0.29945103 -1.7052908  -3.0387986   0.10805784
 -0.82536043  1.46434796 -2.52985396  0.9543729  -0.01878408  0.20553051
  2.00457223  0.72115167  0.78098693 -1.20977843  1.60827827  2.56458767
  1.28983893  0.31295014 -0.98346319  2.58451302  0.8231252  -2.228311
 -0.0119653   1.7039075   1.07024568 -0.66124576 -2.32236665  2.44145751
  2.03448249  1.64218325  2.24477334  1.88997095 -2.15807745 -2.89004446
  0.51266206  1.37670938 -2.408673   -1.30761535  2.44153031  1.2475959
  0.04368458 -1.77027835 -1.55914842  1.93427425  1.46013163 -0.81924156
 -0.14308228 -0.4597138  -0.17801679  2.38296274 -0.56290294 -0.65645393
  1.09493943 -2.29774258  1.00892378  2.54167541 -0.49353745  2.10215507
 -1.9724676  -0.8657563  -2.42317019 -2.29138368 -1.37227447 -2.91965189
  1.59492603  1.86264369  1.6515819   1.0095207   1.41404068 -2.31140547
 -2.68915602  1.76106029  1.00414045 -0.41557708 -2.62828631  1.56325352
 -1.21009049 -2.50275104  0.06132433]
Fri Jun 14 00:24:45 2024,868,0.07907720502972058,[-2.85368957  2.03901511 -1.60122936  0.01671973  0.46171583 -3.25923473
  3.24284389  2.09442166  1.0268984  -1.03350759  0.55386238  1.32149855
  1.27534664 -1.86031895  0.78115801  2.88222978 -0.38578414 -0.42736409
 -1.9196463   0.84481158  1.63089497  2.9013588  -1.40467097 -0.43658469
 -2.17592863 -2.09207612  3.11107927  2.80181012 -0.69546118 -2.61616651
  1.55006571 -0.18360667 -2.438149    1.81994457  1.13729928 -0.61110909
  1.0940875  -2.02644907 -0.23617528  2.26429708 -0.34956042  0.4586854
  2.42801272  0.57893504  2.63999556  2.92030836  2.81695619 -2.95014762
  0.27557176 -0.39653995  1.72059919  2.98539531 -0.35506653 -2.34210779
  2.72216776 -3.1833341   0.54577933 -0.70141836 -1.76982565  3.07833504
 -1.95682634 -1.68031581 -2.54603962  2.36459165 -2.13067229  1.95710868
  1.71856795  1.46094508  2.52736462  2.88105735  2.00700194  1.49445457
 -1.76088195 -2.39127256  1.1494357   0.57409525  1.58134769 -2.77591316
 -0.10908732  2.50192687 -1.18453174  1.14235782  1.24853739  0.60717673
 -0.94702091  1.09038009  0.79286281 -0.39896545  2.81802629 -2.12188318
  1.56903876 -0.65708716  0.98047021 -3.20124651 -2.25733426  0.34415522
 -1.07583274 -0.40508318  0.2699181   0.05938638 -1.75287243 -0.20609337
 -0.66874357  2.86918923 -1.14569021 -1.19336455 -1.13342781  1.26054742
  1.60421918 -0.83624121  2.12993507 -1.4302304  -0.25029734 -0.88546231
 -2.9682402   3.1112676  -1.77306397  3.05176979 -1.36656693 -2.32400296
  3.82327199 -1.20282013 -0.55750615 -3.11384758 -2.50199547  2.97969081
 -1.95247328 -1.68961367 -0.40101698  2.95050367  0.15091195  0.03094245
 -1.61894563 -0.1376861  -1.59077292 -3.09968784  2.90988499  1.13103724
 -0.32452154 -2.32297404  1.02285504 -1.16549576 -0.27989558 -2.15843967
 -1.89483841  1.83230355 -0.98957093  2.58372972 -0.42354347 -3.10832257
 -2.84707745  2.03976342 -3.07023798 -0.23920699 -1.02869903 -0.17724186
  2.37288495  1.73323747 -0.30005833 -1.7046835  -3.0381913   0.10866514
 -0.82475313  1.46495526 -2.52924666  0.9549802  -0.01939138  0.20492321
  2.00396493  0.72175897  0.78037963 -1.21038573  1.60888557  2.56398037
  1.29044623  0.31355744 -0.98285589  2.58390572  0.8225179  -2.2289183
 -0.0125726   1.70451481  1.07085298 -0.66063846 -2.32175935  2.44085021
  2.03508979  1.64157595  2.24416604  1.88936365 -2.15747015 -2.89065176
  0.51326936  1.37731668 -2.4080657  -1.30822265  2.44092301  1.2482032
  0.04307728 -1.77088565 -1.55854112  1.93488155  1.45952433 -0.81863426
 -0.14247498 -0.4603211  -0.17862409  2.38235544 -0.56229564 -0.65584662
  1.09433213 -2.29713527  1.00831648  2.54228271 -0.49414475  2.10154777
 -1.9730749  -0.8663636  -2.42256289 -2.29077638 -1.37166717 -2.91904459
  1.59553333  1.86203639  1.6521892   1.0089134   1.41464798 -2.31201277
 -2.68976332  1.76045299  1.00353315 -0.41496978 -2.62889361  1.56264622
 -1.21069779 -2.50214374  0.06071703]
Fri Jun 14 00:25:16 2024,869,0.07906768643268405,[-2.85407073  2.03863395 -1.60161052  0.01633857  0.46133467 -3.25885357
  3.24322505  2.09480283  1.02651724 -1.03312642  0.55424354  1.32111739
  1.2757278  -1.86070012  0.78077684  2.88261094 -0.3861653  -0.42698293
 -1.91926514  0.84519274  1.63051381  2.90097764 -1.40428981 -0.43696585
 -2.17554747 -2.09169495  3.11146044  2.80219128 -0.69584234 -2.61578534
  1.55044687 -0.18322551 -2.43776784  1.82032574  1.13768044 -0.61072793
  1.09370634 -2.0260679  -0.23579412  2.26467824 -0.34917925  0.45906657
  2.42763155  0.5793162   2.64037672  2.91992719  2.81657502 -2.95052878
  0.2751906  -0.39692111  1.72098035  2.98501415 -0.35468537 -2.34248895
  2.72254892 -3.18371526  0.54616049 -0.7010372  -1.77020681  3.07795388
 -1.95644518 -1.67993465 -2.54642078  2.36421049 -2.13105345  1.95672752
  1.71818679  1.46056392  2.52774578  2.88143851  2.00662078  1.49483573
 -1.76126311 -2.39165372  1.14981686  0.57447641  1.58172885 -2.775532
 -0.10870616  2.50154571 -1.1849129   1.14197666  1.24815623  0.6075579
 -0.94740207  1.08999893  0.79324397 -0.39934661  2.81840745 -2.12150202
  1.56941992 -0.65746832  0.98008904 -3.20162767 -2.2569531   0.34453638
 -1.0762139  -0.40470202  0.26953694  0.05976754 -1.75325359 -0.20647453
 -0.66912473  2.86957039 -1.14607137 -1.19298339 -1.13380897  1.26016626
  1.60383802 -0.83586005  2.13031623 -1.43061157 -0.2506785  -0.88584347
 -2.96785904  3.11164876 -1.77268281  3.05138863 -1.36618577 -2.32362179
  3.82365315 -1.20243897 -0.55712499 -3.11346642 -2.50237664  2.97930965
 -1.95209212 -1.68923251 -0.40139814  2.95012251  0.15053079  0.03132361
 -1.61932679 -0.13806726 -1.59039176 -3.100069    2.90950383  1.1314184
 -0.32414038 -2.32259288  1.0232362  -1.16587692 -0.28027674 -2.15882083
 -1.89521957  1.83192239 -0.98995209  2.58334856 -0.42316231 -3.10870373
 -2.84745861  2.04014458 -3.07061914 -0.23882583 -1.02831787 -0.1768607
  2.37250379  1.73285631 -0.29967717 -1.70430234 -3.03857246  0.10828398
 -0.82513429  1.46533642 -2.5288655   0.95536136 -0.01977254  0.20530438
  2.00434609  0.72214013  0.77999847 -1.21076689  1.60850441  2.56436153
  1.29006507  0.3139386  -0.98323705  2.58428688  0.82289907 -2.22853714
 -0.01295376  1.70489597  1.07123414 -0.6602573  -2.32214051  2.44123137
  2.03547095  1.64119479  2.24378488  1.88898249 -2.15708899 -2.8902706
  0.51365052  1.37769784 -2.40844686 -1.30784149  2.44054185  1.24782204
  0.04269612 -1.77126681 -1.55892228  1.93450039  1.45914316 -0.8182531
 -0.14285614 -0.45993994 -0.17900525  2.3827366  -0.5626768  -0.65546546
  1.09395097 -2.29751644  1.00793532  2.54266387 -0.49376359  2.10192893
 -1.97345606 -0.86674476 -2.42218173 -2.29039522 -1.37204833 -2.91942575
  1.59591449  1.86165522  1.65180804  1.00853223  1.41502915 -2.31239393
 -2.69014448  1.76007183  1.00391431 -0.41535094 -2.62851245  1.56302738
 -1.21031663 -2.5025249   0.06033587]
Fri Jun 14 00:25:33 2024,870,0.07898777734940718,[-2.85318277  2.03774599 -1.60072256  0.01545061  0.46044671 -3.25796561
  3.24411301  2.09569079  1.02562928 -1.03401438  0.55335558  1.32200535
  1.27483984 -1.85981216  0.77988888  2.8834989  -0.38527734 -0.42609497
 -1.9201531   0.8460807   1.63140177  2.90008968 -1.40517777 -0.43607789
 -2.17643543 -2.09258291  3.1123484   2.80130332 -0.6967303  -2.6166733
  1.54955891 -0.18411347 -2.4386558   1.81943778  1.13679248 -0.60983997
  1.0945943  -2.02517994 -0.23490616  2.2655662  -0.35006721  0.45817861
  2.42851951  0.58020416  2.63948876  2.92081515  2.81568706 -2.94964082
  0.27607856 -0.39780907  1.72009239  2.98412619 -0.35557333 -2.34160099
  2.72166096 -3.1828273   0.54704845 -0.70192516 -1.77109477  3.07706592
 -1.95733314 -1.68082261 -2.54730874  2.36509845 -2.13016549  1.95761548
  1.71729883  1.46145188  2.52685782  2.88232647  2.00750874  1.49572369
 -1.76037515 -2.39076576  1.15070482  0.57536437  1.58084089 -2.77641996
 -0.10959412  2.50243367 -1.18402494  1.14286462  1.24726827  0.60666994
 -0.94651411  1.08911097  0.79235601 -0.40023457  2.81929541 -2.12061406
  1.56853196 -0.65835628  0.97920108 -3.20251563 -2.25784106  0.34542434
 -1.07532594 -0.40558998  0.26864898  0.0606555  -1.75414155 -0.20736249
 -0.66823677  2.86868243 -1.14695933 -1.19387135 -1.13292101  1.26105422
  1.60472598 -0.83497209  2.13120419 -1.42972361 -0.25156646 -0.88673143
 -2.968747    3.11253672 -1.77357077  3.05050067 -1.36707373 -2.32273383
  3.82454111 -1.20155101 -0.55801295 -3.11435438 -2.50148868  2.98019761
 -1.95120416 -1.69012047 -0.4022861   2.95101047  0.14964283  0.03043565
 -1.62021476 -0.1371793  -1.5895038  -3.09918104  2.91039179  1.13230637
 -0.32325242 -2.32170492  1.02234824 -1.16498896 -0.2811647  -2.15793287
 -1.89433161  1.83281035 -0.98906413  2.58423652 -0.42227435 -3.10781577
 -2.84657065  2.04103254 -3.06973118 -0.23793787 -1.02920583 -0.17597274
  2.37339175  1.73196835 -0.30056513 -1.7051903  -3.03946042  0.10739602
 -0.82424633  1.46444846 -2.52975346  0.9544734  -0.01888458  0.20619234
  2.00345813  0.72302809  0.78088643 -1.20987893  1.60939237  2.56347357
  1.28917711  0.31482656 -0.98412501  2.58339892  0.82378703 -2.2294251
 -0.0120658   1.70400801  1.07034618 -0.66114526 -2.32302847  2.44211933
  2.03635891  1.64208275  2.24467284  1.88809452 -2.15797695 -2.88938264
  0.51453848  1.3785858  -2.40933482 -1.30872945  2.43965389  1.24871
  0.04180816 -1.77215477 -1.55803432  1.93361243  1.4582552  -0.81736514
 -0.14196818 -0.4608279  -0.17989321  2.38184864 -0.56356476 -0.65635342
  1.09306301 -2.2984044   1.00882328  2.54177591 -0.49287563  2.10104097
 -1.97434402 -0.8658568  -2.42129377 -2.29128318 -1.37116037 -2.92031371
  1.59502653  1.86076726  1.652696    1.00942019  1.41591711 -2.31150597
 -2.69103244  1.75918387  1.00480227 -0.4162389  -2.62940041  1.56213942
 -1.20942867 -2.50163694  0.05944791]
Fri Jun 14 00:25:50 2024,871,0.07891770728331812,[-2.85396624  2.03696252 -1.60150603  0.01623408  0.46123018 -3.25874908
  3.24332954  2.09647426  1.02484581 -1.03323091  0.55257211  1.32122188
  1.27562331 -1.86059563  0.78067235  2.88271543 -0.38606081 -0.4253115
 -1.91936963  0.84686417  1.63218524  2.89930621 -1.40596124 -0.43529442
 -2.17565196 -2.09179944  3.11313187  2.80051985 -0.69594683 -2.61588983
  1.55034238 -0.18489694 -2.43787233  1.82022125  1.13757595 -0.6090565
  1.09537777 -2.02439647 -0.23412269  2.26634968 -0.35085068  0.45739514
  2.42930298  0.58098763  2.63870529  2.92003168  2.81490359 -2.94885735
  0.27529509 -0.39859254  1.72087586  2.98334272 -0.35478986 -2.34081752
  2.72244443 -3.18361077  0.54783192 -0.70270863 -1.7703113   3.07784939
 -1.95811661 -1.68160608 -2.54809221  2.36431498 -2.12938202  1.95683201
  1.71651536  1.46223535  2.52764129  2.88310994  2.00672527  1.49494022
 -1.75959168 -2.39154923  1.14992135  0.5745809   1.58162436 -2.77563649
 -0.10881065  2.5016502  -1.18480841  1.14208115  1.2464848   0.60588647
 -0.94573064  1.08989444  0.79157254 -0.40101804  2.81851194 -2.11983059
  1.56774849 -0.65913975  0.97841761 -3.2032991  -2.25705759  0.34464087
 -1.07454247 -0.40480651  0.26786551  0.05987203 -1.75492502 -0.20814596
 -0.6674533   2.8694659  -1.14617586 -1.19465482 -1.13213754  1.26183769
  1.60394251 -0.83418862  2.13198766 -1.42894014 -0.25234993 -0.8875149
 -2.96796353  3.11332019 -1.7727873   3.05128414 -1.36629026 -2.3235173
  3.82375764 -1.20233448 -0.55722948 -3.11513785 -2.50227215  2.98098108
 -1.95042069 -1.689337   -0.40306957  2.950227    0.1504263   0.03121912
 -1.61943128 -0.13796277 -1.58872033 -3.09996451  2.91117526  1.1315229
 -0.32246895 -2.32092145  1.02313171 -1.16420549 -0.28194817 -2.15871634
 -1.89511508  1.83202688 -0.9898476   2.58501999 -0.42305782 -3.10859924
 -2.84578718  2.04181601 -3.06894771 -0.2371544  -1.0299893  -0.17675621
  2.37260828  1.73118488 -0.29978166 -1.70440683 -3.0402439   0.10661255
 -0.8250298   1.46523193 -2.52896999  0.95525687 -0.01966805  0.20697581
  2.00267466  0.72381156  0.78010296 -1.2106624   1.6086089   2.56425704
  1.28996058  0.31561003 -0.98334154  2.58261545  0.8245705  -2.23020857
 -0.01128233  1.70322454  1.07112965 -0.66192873 -2.32381194  2.44133586
  2.03557544  1.64129928  2.24388937  1.88731105 -2.15719348 -2.88859917
  0.51375501  1.37780233 -2.41011829 -1.30794598  2.44043736  1.24949347
  0.04259163 -1.7713713  -1.55881779  1.93282896  1.45903867 -0.81814861
 -0.14118471 -0.46161137 -0.17910974  2.38263211 -0.56434823 -0.65556995
  1.09227954 -2.29918787  1.00960675  2.54099244 -0.4936591   2.10182444
 -1.97356055 -0.86507333 -2.4205103  -2.29049971 -1.37194384 -2.91953024
  1.59581     1.85998379  1.65347947  1.01020366  1.41670058 -2.31228944
 -2.69024897  1.75996734  1.0040188  -0.41545543 -2.62861694  1.56135595
 -1.21021214 -2.50242041  0.05866444]
Fri Jun 14 00:26:07 2024,872,0.07880351316790832,[-2.8552338   2.03823009 -1.6027736   0.01496651  0.45996261 -3.26001665
  3.24206198  2.09520669  1.02611338 -1.03196335  0.55130454  1.32248945
  1.27689088 -1.85932806  0.78193992  2.88144786 -0.38732838 -0.42404394
 -1.92063719  0.84813174  1.63091767  2.90057378 -1.4072288  -0.43656198
 -2.1743844  -2.09053188  3.1118643   2.80178742 -0.69467927 -2.6171574
  1.55160995 -0.18362937 -2.43660477  1.81895368  1.13630838 -0.61032406
  1.09664533 -2.02566404 -0.23285512  2.26508211 -0.35211825  0.45612757
  2.43057055  0.57972006  2.63997286  2.92129925  2.81363603 -2.94758979
  0.27656266 -0.39986011  1.72214342  2.98207515 -0.35605743 -2.33954996
  2.72117687 -3.18234321  0.54656436 -0.70397619 -1.77157887  3.07658182
 -1.95938417 -1.68287364 -2.54935977  2.36558254 -2.13064958  1.95809957
  1.71524779  1.46350291  2.52637372  2.88437751  2.00799284  1.49367265
 -1.75832411 -2.39281679  1.15118892  0.57584847  1.58289193 -2.77690406
 -0.10754308  2.50038263 -1.18354084  1.14081358  1.24521723  0.6046189
 -0.9469982   1.08862687  0.79284011 -0.39975048  2.81724437 -2.12109816
  1.56648093 -0.65787219  0.97968518 -3.20203153 -2.25832516  0.34590843
 -1.07581003 -0.40353894  0.26913308  0.05860447 -1.75619258 -0.20941353
 -0.66872086  2.86819834 -1.14744343 -1.19338725 -1.13086998  1.26057012
  1.60267494 -0.83292106  2.1307201  -1.42767257 -0.25108237 -0.88624734
 -2.96669597  3.11458775 -1.77405487  3.05001658 -1.36502269 -2.32478487
  3.82502521 -1.20360205 -0.55849704 -3.11387029 -2.50353971  2.97971351
 -1.95168826 -1.68806944 -0.401802    2.95149457  0.14915873  0.02995155
 -1.62069885 -0.1366952  -1.58998789 -3.10123208  2.9099077   1.13025533
 -0.32373651 -2.32218901  1.02439928 -1.16547306 -0.28068061 -2.15744877
 -1.89384751  1.83075932 -0.99111516  2.58628755 -0.42179025 -3.10733168
 -2.84451961  2.04054844 -3.06768014 -0.23588683 -1.02872173 -0.17802378
  2.37134071  1.73245244 -0.29851409 -1.70313926 -3.04151146  0.10788012
 -0.82629737  1.46396436 -2.52770243  0.95398931 -0.02093562  0.20824337
  2.0014071   0.72507913  0.78137052 -1.21192996  1.60987647  2.56552461
  1.29122814  0.3168776  -0.98207397  2.58388302  0.82330293 -2.228941
 -0.01001477  1.70195697  1.07239722 -0.66066117 -2.32254438  2.4400683
  2.036843    1.64003171  2.24515694  1.88604349 -2.15846104 -2.8873316
  0.51248744  1.37653476 -2.41138585 -1.30921354  2.44170492  1.25076104
  0.04132406 -1.77010373 -1.56008535  1.93409652  1.46030624 -0.81941618
 -0.13991714 -0.46287893 -0.18037731  2.38136455 -0.5656158  -0.65430239
  1.09101198 -2.2979203   1.00833919  2.54226001 -0.49492667  2.10055687
 -1.97482812 -0.86634089 -2.41924273 -2.28923215 -1.37321141 -2.91826268
  1.59707757  1.85871623  1.65474704  1.01147123  1.41796814 -2.31102188
 -2.68898141  1.75869977  1.00528637 -0.416723   -2.62734937  1.56262351
 -1.20894458 -2.50368797  0.05739688]
Fri Jun 14 00:26:24 2024,873,0.07881852612276072,[-2.85488947  2.03857442 -1.60242927  0.01462218  0.45961828 -3.26036098
  3.24240631  2.09486236  1.02576905 -1.03230768  0.55096021  1.32283378
  1.27723521 -1.85967239  0.78228425  2.88179219 -0.38698405 -0.42438827
 -1.92029286  0.84778741  1.63057334  2.90091811 -1.40757313 -0.43621765
 -2.17404007 -2.09018755  3.11220863  2.80144309 -0.69433494 -2.61750173
  1.55195428 -0.1839737  -2.4369491   1.81929801  1.13665271 -0.60997973
  1.096301   -2.02600837 -0.23319945  2.26542644 -0.35177392  0.4564719
  2.43022622  0.58006439  2.64031719  2.92095492  2.8132917  -2.94793412
  0.27690699 -0.39951578  1.72248775  2.98241948 -0.3557131  -2.33920563
  2.72083254 -3.18268754  0.54690869 -0.70432052 -1.77123454  3.07692615
 -1.95903984 -1.68321797 -2.54901544  2.36592687 -2.13099391  1.9584439
  1.71559212  1.46315858  2.52671805  2.88472184  2.00833716  1.49332833
 -1.75797978 -2.39247246  1.15084459  0.5761928   1.58323626 -2.77724839
 -0.10788741  2.50072696 -1.18319651  1.14046925  1.2448729   0.60427457
 -0.94734253  1.08828254  0.79249578 -0.40009481  2.8175887  -2.12075383
  1.56682526 -0.65821652  0.97934085 -3.20237586 -2.25798083  0.34625276
 -1.07615436 -0.40319461  0.26878875  0.05826014 -1.75584825 -0.20975786
 -0.66837653  2.86785401 -1.1470991  -1.19304292 -1.13052565  1.26091445
  1.60233061 -0.83326539  2.13106443 -1.42732824 -0.2514267  -0.88659166
 -2.9670403   3.11424342 -1.7743992   3.05036091 -1.36536702 -2.3251292
  3.82468088 -1.20325772 -0.55884137 -3.11421462 -2.50319538  2.98005784
 -1.95203259 -1.68841377 -0.40145767  2.9518389   0.1488144   0.02960722
 -1.62104318 -0.13635087 -1.58964356 -3.10157641  2.91025203  1.13059966
 -0.32408084 -2.32184468  1.02474361 -1.16581739 -0.28102494 -2.1577931
 -1.89419184  1.83110365 -0.99077083  2.58663188 -0.42213458 -3.10698735
 -2.84486394  2.04089277 -3.06802447 -0.2355425  -1.0283774  -0.17836811
  2.37168504  1.73279677 -0.29816976 -1.70279493 -3.04116713  0.10822445
 -0.82595304  1.46362003 -2.5273581   0.95364498 -0.02127995  0.2085877
  2.00106277  0.72542346  0.78171485 -1.21227429  1.60953214  2.56518028
  1.29088381  0.31653327 -0.98172964  2.58422735  0.82364726 -2.22928533
 -0.00967044  1.7023013   1.07274155 -0.66031684 -2.32220005  2.44041263
  2.03718733  1.64037604  2.24481261  1.88638782 -2.15811671 -2.88767593
  0.51214311  1.37687909 -2.41104152 -1.30886921  2.44204925  1.25110537
  0.04166839 -1.77044806 -1.55974102  1.93375219  1.46065057 -0.81976051
 -0.14026147 -0.46322326 -0.18003298  2.38102022 -0.56527147 -0.65395806
  1.09135631 -2.29826463  1.00799486  2.54260434 -0.495271    2.1009012
 -1.97448379 -0.86668522 -2.4188984  -2.28957648 -1.37355574 -2.91860701
  1.59673324  1.8583719   1.65440271  1.01181556  1.41831247 -2.31136621
 -2.68932574  1.75835544  1.0056307  -0.41637867 -2.6276937   1.56227918
 -1.20860025 -2.5040323   0.05774121]
Fri Jun 14 00:26:41 2024,874,0.07881686577438196,[-2.85477415  2.03868974 -1.60231394  0.01473751  0.45973361 -3.2604763
  3.24252163  2.09497769  1.02565372 -1.032423    0.55084488  1.3229491
  1.27711988 -1.85955706  0.78239958  2.88190752 -0.38686872 -0.42427294
 -1.92040819  0.84790273  1.63045801  2.90080278 -1.40768846 -0.43633298
 -2.17392474 -2.09030287  3.11232396  2.80132776 -0.69445026 -2.61761706
  1.55183895 -0.18408903 -2.43706442  1.81941334  1.13653739 -0.61009506
  1.09618568 -2.0261237  -0.23308412  2.26554177 -0.35188925  0.45635657
  2.43011089  0.58017972  2.64043251  2.92107025  2.81317637 -2.94781879
  0.27702231 -0.39940045  1.72237243  2.98253481 -0.35559777 -2.33932095
  2.72071721 -3.18257221  0.54702401 -0.7042052  -1.77111921  3.07704148
 -1.95892452 -1.68310265 -2.54890012  2.36581155 -2.13110924  1.95832858
  1.7154768   1.46327391  2.52660273  2.88460651  2.00822184  1.49344365
 -1.75786446 -2.39235714  1.15072926  0.57630812  1.58312093 -2.77736371
 -0.10800274  2.50061164 -1.18331184  1.14058458  1.24498823  0.60415924
 -0.94745786  1.08839787  0.79238045 -0.40021013  2.81747338 -2.12086915
  1.56694058 -0.65833185  0.97922552 -3.20249119 -2.25809615  0.34636809
 -1.07603904 -0.40307929  0.26867342  0.05837546 -1.75573293 -0.20964253
 -0.66849186  2.86796933 -1.14721442 -1.1929276  -1.13041032  1.26102978
  1.60221528 -0.83338071  2.13117975 -1.42744357 -0.25131137 -0.88670699
 -2.96715562  3.11435875 -1.77451452  3.05024558 -1.3652517  -2.32501387
  3.8247962  -1.20314239 -0.55872605 -3.11432994 -2.50331071  2.97994252
 -1.95214791 -1.68852909 -0.40134235  2.95172357  0.14869908  0.0294919
 -1.62115851 -0.13623555 -1.58975889 -3.10146108  2.9101367   1.13071499
 -0.32396552 -2.32196001  1.02485893 -1.16593272 -0.28114027 -2.15790843
 -1.89407651  1.83098832 -0.99065551  2.58651656 -0.42201926 -3.10710267
 -2.84474862  2.0410081  -3.06790915 -0.23565783 -1.02826208 -0.17848343
  2.37180037  1.7329121  -0.29828509 -1.70291026 -3.04128246  0.10810912
 -0.82606836  1.46350471 -2.52724277  0.9537603  -0.02139527  0.20847237
  2.0011781   0.72530813  0.78159953 -1.21215897  1.60941681  2.56529561
  1.29076849  0.31664859 -0.98184497  2.58411202  0.82376259 -2.22940066
 -0.00955511  1.70218597  1.07285687 -0.66043216 -2.32208472  2.4402973
  2.03730266  1.64026072  2.24469728  1.88627249 -2.15800139 -2.88779126
  0.51202779  1.37676376 -2.41115685 -1.30898454  2.44216458  1.25122069
  0.04155306 -1.77056339 -1.5596257   1.93386752  1.4607659  -0.81964518
 -0.1403768  -0.46333859 -0.18014831  2.38090489 -0.56515614 -0.65384273
  1.09124098 -2.29837996  1.00787953  2.54271966 -0.49515567  2.10078588
 -1.97459911 -0.86680055 -2.41901373 -2.2896918  -1.37367106 -2.91872233
  1.59661791  1.85825657  1.65451804  1.01170023  1.4184278  -2.31148153
 -2.68944107  1.75824012  1.00574603 -0.41626334 -2.62780903  1.56216386
 -1.20848492 -2.50414763  0.05762588]
Fri Jun 14 00:27:05 2024,875,0.0786931803474866,[-2.85330868  2.04015521 -1.60377941  0.01327204  0.45826814 -3.26194177
  3.2439871   2.09644315  1.02418826 -1.03095754  0.55231035  1.32148364
  1.27565442 -1.86102253  0.78386504  2.88337298 -0.38540326 -0.4257384
 -1.91894273  0.84643727  1.63192348  2.90226825 -1.40915392 -0.43779844
 -2.17245928 -2.09176834  3.11085849  2.80279322 -0.69591573 -2.61908252
  1.55037349 -0.18262357 -2.43852989  1.81794787  1.13800285 -0.6086296
  1.09472021 -2.02465823 -0.23454959  2.26700723 -0.35335471  0.45782204
  2.43157636  0.57871425  2.63896705  2.92253571  2.81171091 -2.94928426
  0.27848778 -0.39793499  1.72090696  2.98400027 -0.35413231 -2.34078642
  2.71925175 -3.18110675  0.54848948 -0.70273973 -1.77258468  3.07850694
 -1.96038998 -1.68456811 -2.54743466  2.36434608 -2.1325747   1.95979404
  1.71401133  1.46180844  2.52806819  2.88607198  2.00675638  1.49197819
 -1.75639899 -2.3938226   1.1492638   0.57777359  1.58165547 -2.77882918
 -0.1094682   2.49914617 -1.18184637  1.14205004  1.24352277  0.60562471
 -0.9459924   1.08986333  0.79384592 -0.4016756   2.81893884 -2.12233462
  1.56547512 -0.65979731  0.97776006 -3.20102572 -2.25956162  0.34490263
 -1.07457357 -0.40161382  0.26720796  0.05984093 -1.75719839 -0.21110799
 -0.66995732  2.86650387 -1.14574896 -1.19439306 -1.13187578  1.25956431
  1.60368075 -0.83484618  2.13264522 -1.4259781  -0.24984591 -0.88524153
 -2.96862109  3.11582421 -1.77597999  3.04878012 -1.36671716 -2.32647934
  3.82626167 -1.20167693 -0.55726058 -3.11579541 -2.50477617  2.98140798
 -1.95068245 -1.68999456 -0.40280781  2.95025811  0.15016454  0.03095736
 -1.62262397 -0.13770101 -1.58829343 -3.10292654  2.90867124  1.12924952
 -0.32250005 -2.32049455  1.0263244  -1.16739818 -0.28260573 -2.15644296
 -1.89261105  1.82952286 -0.99212097  2.58798202 -0.42348472 -3.10563721
 -2.84328315  2.04247356 -3.06937461 -0.23419236 -1.02679661 -0.17701797
  2.37326583  1.73437756 -0.29975055 -1.7014448  -3.03981699  0.10957458
 -0.8246029   1.46203924 -2.52870823  0.95522577 -0.02286074  0.20700691
  1.99971263  0.72384267  0.78306499 -1.2106935   1.60795135  2.56676107
  1.28930302  0.31811406 -0.98331043  2.58264656  0.82522805 -2.23086612
 -0.01102057  1.70072051  1.07139141 -0.6589667  -2.32355019  2.43883184
  2.03876812  1.63879525  2.24616274  1.88773796 -2.15653592 -2.88632579
  0.51349325  1.37822923 -2.40969139 -1.30751908  2.44363004  1.25268616
  0.04301853 -1.76909793 -1.56109116  1.93240206  1.46223136 -0.82111064
 -0.13891134 -0.46480405 -0.17868284  2.38237036 -0.56662161 -0.65237727
  1.09270644 -2.29691449  1.00641407  2.54418513 -0.49662113  2.10225134
 -1.97313365 -0.86826601 -2.41754826 -2.28822634 -1.3722056  -2.91725687
  1.59515245  1.85679111  1.65305257  1.01023477  1.41696233 -2.31001607
 -2.6879756   1.75677465  1.00428056 -0.41479788 -2.62634357  1.56069839
 -1.20701946 -2.50268216  0.05616042]
Fri Jun 14 00:27:34 2024,876,0.07865300060963565,[-2.85266118  2.0395077  -1.6031319   0.01391955  0.45762064 -3.26258927
  3.2446346   2.09579564  1.02354075 -1.03160505  0.55295785  1.32083614
  1.27500691 -1.86167003  0.78321753  2.88402049 -0.38605076 -0.42638591
 -1.91829522  0.84708478  1.63127597  2.90291575 -1.40850642 -0.43844595
 -2.17310678 -2.09112083  3.111506    2.80344073 -0.69526822 -2.61843501
  1.54972598 -0.18327107 -2.43917739  1.81730037  1.13865036 -0.6092771
  1.09536772 -2.02530574 -0.23390208  2.26765473 -0.35400222  0.45717453
  2.43222386  0.57806675  2.63831954  2.92318322  2.8110634  -2.94993176
  0.27913528 -0.39728748  1.72155447  2.98335276 -0.3534848  -2.34143392
  2.71989925 -3.18175425  0.54784197 -0.70338724 -1.77323218  3.07785944
 -1.95974248 -1.68521562 -2.54808216  2.36499359 -2.1319272   1.95914653
  1.71336383  1.46116094  2.52742068  2.88671948  2.00610887  1.49133068
 -1.7570465  -2.3944701   1.14861629  0.57712608  1.58100796 -2.77947668
 -0.1088207   2.49849867 -1.18119887  1.14140254  1.24417027  0.6049772
 -0.9466399   1.08921583  0.79319841 -0.4023231   2.81958635 -2.12168711
  1.56612263 -0.6591498   0.97711255 -3.20167323 -2.26020912  0.34555013
 -1.07392607 -0.40226133  0.26785546  0.05919342 -1.7578459  -0.21046049
 -0.66930982  2.86585636 -1.14639647 -1.19504057 -1.13252329  1.26021182
  1.60303324 -0.83419867  2.13199771 -1.42662561 -0.25049341 -0.88459402
 -2.96797358  3.11517671 -1.77533248  3.04813261 -1.36606966 -2.32583183
  3.82690917 -1.20102942 -0.55790809 -3.1151479  -2.50412867  2.98076048
 -1.95132996 -1.68934705 -0.40345532  2.9496106   0.14951703  0.03160487
 -1.62197646 -0.1370535  -1.58764592 -3.10357405  2.90802373  1.12989703
 -0.32314756 -2.31984704  1.0269719  -1.16804569 -0.28325323 -2.15709047
 -1.89325856  1.82887535 -0.99276848  2.58733451 -0.42283721 -3.1049897
 -2.84263565  2.04182606 -3.07002211 -0.23483987 -1.02744412 -0.17766548
  2.37391334  1.73502507 -0.30039806 -1.70079729 -3.03916949  0.11022209
 -0.8252504   1.46139174 -2.52806073  0.95457826 -0.02350824  0.20765442
  2.00036014  0.72319516  0.78371249 -1.210046    1.60859885  2.56611356
  1.28865552  0.31746655 -0.98395794  2.58199905  0.82587556 -2.23021862
 -0.01166808  1.70136802  1.07203892 -0.65831919 -2.32290268  2.43947934
  2.03812062  1.63814775  2.24551524  1.88709045 -2.15718343 -2.88567829
  0.51284574  1.37758172 -2.40904388 -1.30687157  2.44298254  1.25203865
  0.04237102 -1.76974543 -1.56044366  1.93304956  1.46158385 -0.82046314
 -0.13826383 -0.46415655 -0.17803534  2.38301786 -0.5659741  -0.65172976
  1.09335395 -2.29626699  1.00576656  2.54483263 -0.49726864  2.10289885
 -1.97248614 -0.86761851 -2.41819577 -2.28887384 -1.37285311 -2.91660936
  1.59579995  1.85743861  1.65370008  1.01088227  1.41760984 -2.30936857
 -2.6873281   1.75612715  1.00363306 -0.41415037 -2.62699107  1.5613459
 -1.20637195 -2.50203466  0.05680792]
Fri Jun 14 00:27:59 2024,877,0.07864425518470977,[-2.85218083  2.03902735 -1.60265155  0.0143999   0.45714029 -3.26306962
  3.24415425  2.096276    1.0230604  -1.0311247   0.5534382   1.32131649
  1.27548726 -1.86215038  0.78273718  2.88354014 -0.38653111 -0.42590556
 -1.91781487  0.84756513  1.63175632  2.9033961  -1.40898677 -0.4389263
 -2.17358713 -2.09160118  3.11102565  2.80296038 -0.69574857 -2.61891536
  1.54924563 -0.18279072 -2.43965774  1.81682002  1.13817001 -0.60975745
  1.09584807 -2.02578609 -0.23342173  2.26717438 -0.35448257  0.45669418
  2.43174351  0.5775864   2.63783919  2.92366357  2.81058305 -2.95041211
  0.27961563 -0.39776784  1.72107412  2.98287241 -0.35396515 -2.34191427
  2.7194189  -3.1812739   0.54832232 -0.70386759 -1.77275183  3.07737909
 -1.96022283 -1.68473527 -2.54760181  2.36451324 -2.13240755  1.95962688
  1.71288348  1.46164129  2.52790103  2.88623913  2.00658922  1.49085033
 -1.75656615 -2.39495046  1.14909664  0.57664573  1.58148831 -2.77899633
 -0.10834035  2.49897902 -1.18071852  1.14092219  1.24368992  0.60449685
 -0.94615955  1.08873548  0.79271806 -0.40280345  2.819106   -2.12216746
  1.56660298 -0.65963015  0.97759291 -3.20119288 -2.26068947  0.34603048
 -1.07440642 -0.40274168  0.26833581  0.05967377 -1.75736555 -0.21094084
 -0.66979017  2.86633671 -1.14687682 -1.19552092 -1.13204294  1.26069217
  1.60255289 -0.83371832  2.13151736 -1.42710596 -0.25097376 -0.88507437
 -2.96749323  3.11469636 -1.77581283  3.04861296 -1.36558931 -2.32535148
  3.82738952 -1.20054907 -0.55742774 -3.11562825 -2.50364832  2.98124083
 -1.95084961 -1.6898274  -0.40393567  2.94913025  0.14903668  0.03208522
 -1.62149611 -0.13753385 -1.58716557 -3.1030937   2.90850408  1.12941668
 -0.32362791 -2.31936669  1.02649155 -1.16852604 -0.28373358 -2.15661012
 -1.89277821  1.8293557  -0.99228813  2.58781486 -0.42235686 -3.10450935
 -2.8421553   2.04230641 -3.07050247 -0.23435952 -1.02792447 -0.17718512
  2.37343299  1.73550542 -0.2999177  -1.70127764 -3.03964984  0.10974174
 -0.82573075  1.46091139 -2.52758038  0.95505861 -0.02398859  0.20717407
  1.99987979  0.72271481  0.78419284 -1.21052635  1.6081185   2.56563321
  1.28913587  0.3179469  -0.98443829  2.5824794   0.82539521 -2.22973827
 -0.01118773  1.70184837  1.07251927 -0.65783884 -2.32242233  2.43995969
  2.03860097  1.6386281   2.24503489  1.8866101  -2.15670308 -2.88615864
  0.51332609  1.37806207 -2.40856353 -1.30735192  2.44250219  1.2515583
  0.04189067 -1.77022578 -1.56092401  1.93256921  1.4611035  -0.81998279
 -0.13874418 -0.4636762  -0.17851569  2.38253751 -0.56549375 -0.65221011
  1.0928736  -2.29674734  1.00528621  2.54531298 -0.49774899  2.10241849
 -1.97296649 -0.86713816 -2.41867612 -2.28839349 -1.37237276 -2.91708971
  1.5953196   1.85695826  1.65418043  1.01040192  1.41712949 -2.30888822
 -2.68780845  1.7566075   1.00315271 -0.41367002 -2.62747142  1.56182625
 -1.2068523  -2.50155431  0.05632757]
Fri Jun 14 00:28:17 2024,878,0.0786051489600674,[-2.85271723  2.03849095 -1.60318795  0.0149363   0.45767669 -3.26360602
  3.24361785  2.09681239  1.0235968  -1.0305883   0.5529018   1.32185289
  1.27602366 -1.86161398  0.78327358  2.88300374 -0.38706751 -0.42644196
 -1.91727847  0.84702873  1.63121992  2.9039325  -1.40952317 -0.4394627
 -2.17305073 -2.09213758  3.11048925  2.80349678 -0.69521217 -2.61945176
  1.54870923 -0.18225432 -2.44019414  1.81628362  1.13870641 -0.60922105
  1.09531167 -2.02524969 -0.23395813  2.26663798 -0.35394617  0.45615778
  2.43120711  0.57705     2.63730279  2.92312717  2.81111945 -2.95094851
  0.27907923 -0.39723144  1.72161052  2.98233601 -0.35450155 -2.34245067
  2.7188825  -3.1818103   0.54885872 -0.70333119 -1.77328823  3.07791548
 -1.95968643 -1.68419887 -2.54706541  2.36504964 -2.13187115  1.95909048
  1.71341988  1.46110489  2.52843743  2.88570273  2.00605282  1.49031393
 -1.75602975 -2.39548686  1.14963304  0.57610933  1.58095192 -2.77845993
 -0.10780395  2.49844262 -1.18125492  1.14038579  1.24422632  0.60396045
 -0.94669595  1.08927188  0.79218166 -0.40226705  2.8185696  -2.12270386
  1.56713938 -0.66016655  0.97705651 -3.20172928 -2.26122587  0.34656688
 -1.07494282 -0.40220528  0.26887221  0.06021017 -1.75682915 -0.21040444
 -0.66925377  2.86687311 -1.14741322 -1.19605732 -1.13150654  1.26122857
  1.60308929 -0.83425472  2.13205376 -1.42656956 -0.25043736 -0.88561077
 -2.96695683  3.11415996 -1.77527643  3.04807656 -1.36612571 -2.32481508
  3.82792592 -1.20001267 -0.55796414 -3.11616465 -2.50418472  2.98177723
 -1.95031321 -1.689291   -0.40447207  2.94859385  0.14850028  0.03262162
 -1.62203251 -0.13699745 -1.58770197 -3.1036301   2.90904048  1.12888028
 -0.32309151 -2.31990309  1.02702795 -1.16798964 -0.28426998 -2.15714652
 -1.89224181  1.8288193  -0.99282453  2.58835126 -0.42182046 -3.10397295
 -2.8416189   2.04284281 -3.06996607 -0.23382312 -1.02738807 -0.17772152
  2.37396938  1.73604182 -0.3004541  -1.70074124 -3.03911344  0.11027814
 -0.82626715  1.46144779 -2.52811678  0.95452221 -0.02345219  0.20663767
  1.99934339  0.72217841  0.78365645 -1.20998995  1.6086549   2.56616961
  1.28967227  0.3174105  -0.98497469  2.581943    0.82593161 -2.23027467
 -0.01065133  1.70131197  1.07198287 -0.65730244 -2.32188593  2.44049609
  2.03806457  1.6391645   2.24449849  1.8871465  -2.15616668 -2.88669504
  0.5127897   1.37859847 -2.40909993 -1.30788832  2.44196579  1.2510219
  0.04242707 -1.77076218 -1.56146041  1.93203281  1.4616399  -0.81944639
 -0.13820778 -0.4631398  -0.17905209  2.38200111 -0.56603015 -0.65274651
  1.09341    -2.29728374  1.00474981  2.54584938 -0.49828539  2.10295489
 -1.97243009 -0.86767456 -2.41921252 -2.28892989 -1.37183636 -2.91655331
  1.5947832   1.85749466  1.65364403  1.01093832  1.41659309 -2.30835182
 -2.68727205  1.7560711   1.00261631 -0.41313362 -2.62693502  1.56128985
 -1.2063159  -2.50101791  0.05686397]
Fri Jun 14 00:28:34 2024,879,0.078516618605839,[-2.85390455  2.03730363 -1.60437528  0.01612362  0.45648936 -3.26479335
  3.24480518  2.09562507  1.02478412 -1.03177562  0.55171448  1.32304021
  1.27483634 -1.86280131  0.78446091  2.88419106 -0.38825484 -0.42525463
 -1.91609115  0.8458414   1.6300326   2.90511983 -1.41071049 -0.43827538
 -2.17423806 -2.09332491  3.10930192  2.8046841  -0.6963995  -2.61826444
  1.54752191 -0.181067   -2.44138147  1.81509629  1.13989373 -0.60803373
  1.09412435 -2.02406236 -0.23277081  2.26782531 -0.35275884  0.45497046
  2.43239444  0.57823732  2.63611547  2.92431449  2.80993213 -2.94976119
  0.27789191 -0.39841876  1.7204232   2.98114869 -0.35331423 -2.34126335
  2.72006983 -3.18062298  0.55004605 -0.70451852 -1.77210091  3.07672816
 -1.9584991  -1.68301154 -2.54587809  2.36623696 -2.13305847  1.95790316
  1.7146072   1.45991757  2.52725011  2.88451541  2.0048655   1.49150126
 -1.75484242 -2.39667418  1.14844572  0.57492201  1.57976459 -2.77727261
 -0.10661662  2.49725529 -1.18244224  1.14157311  1.24541365  0.60277313
 -0.94550863  1.08808455  0.79099434 -0.40107973  2.81975692 -2.12389119
  1.5683267  -0.65897923  0.97824383 -3.20054196 -2.2624132   0.34775421
 -1.07613014 -0.4033926   0.26768489  0.05902285 -1.75801647 -0.20921711
 -0.66806644  2.86568579 -1.14622589 -1.19486999 -1.13269386  1.26241589
  1.60427662 -0.83544204  2.13086644 -1.42538223 -0.24925004 -0.88442345
 -2.96814416  3.11297263 -1.77408911  3.04688924 -1.36493838 -2.32362776
  3.82911325 -1.2012     -0.55677681 -3.11735197 -2.50299739  2.98296455
 -1.94912588 -1.68810368 -0.40565939  2.94978118  0.14731296  0.03380894
 -1.62084519 -0.13818478 -1.58651465 -3.10481742  2.9102278   1.12769295
 -0.32427883 -2.32109041  1.02584063 -1.16917696 -0.28545731 -2.15595919
 -1.89342913  1.83000663 -0.99401185  2.58716394 -0.42300779 -3.10516028
 -2.84280622  2.04403013 -3.06877874 -0.23263579 -1.02620074 -0.1765342
  2.37515671  1.73485449 -0.29926678 -1.70192857 -3.03792611  0.10909082
 -0.82507983  1.46263511 -2.5293041   0.95570954 -0.02226487  0.20545034
  1.99815606  0.72336574  0.78246912 -1.20880262  1.60746758  2.56498229
  1.29085959  0.31622318 -0.98616201  2.58313033  0.82711893 -2.23146199
 -0.009464    1.70012464  1.07079554 -0.65611512 -2.32307325  2.44168342
  2.03687724  1.64035182  2.24568581  1.88595918 -2.157354   -2.88788236
  0.51160237  1.3797858  -2.40791261 -1.30907564  2.44077846  1.25220923
  0.04361439 -1.76957486 -1.56264773  1.93322014  1.46282723 -0.81825906
 -0.13939511 -0.46195247 -0.18023941  2.38081379 -0.56484282 -0.65155919
  1.09459732 -2.29609641  1.00356249  2.54466206 -0.49709806  2.10414222
 -1.97124277 -0.86648723 -2.4180252  -2.28774257 -1.37064903 -2.91774064
  1.59359588  1.85630734  1.65483135  1.01212565  1.41778041 -2.30716449
 -2.68845937  1.75725842  1.00142898 -0.41432095 -2.62812235  1.56010253
 -1.20512858 -2.50220523  0.05567665]
Fri Jun 14 00:28:53 2024,880,0.07848134396988285,[-2.85317996  2.03657903 -1.60509987  0.01539903  0.45721396 -3.26406875
  3.24552977  2.09634967  1.02405953 -1.03250022  0.55243908  1.32376481
  1.27556094 -1.8635259   0.7851855   2.88491566 -0.38753024 -0.42597923
 -1.91536655  0.84511681  1.63075719  2.90584442 -1.4099859  -0.43899997
 -2.17351346 -2.0940495   3.11002652  2.80395951 -0.6956749  -2.61898904
  1.54679731 -0.1803424  -2.44065687  1.8143717   1.13916914 -0.60875832
  1.09339975 -2.02478696 -0.2334954   2.2685499  -0.35348344  0.45424586
  2.43311903  0.57896192  2.63539087  2.92358989  2.80920753 -2.95048578
  0.27716731 -0.39769416  1.72114779  2.98042409 -0.35258963 -2.34053875
  2.72079442 -3.17989838  0.55077064 -0.70379392 -1.77137631  3.07600356
 -1.95777451 -1.68228695 -2.54660268  2.36551237 -2.13233388  1.95862776
  1.7153318   1.45919297  2.52797471  2.88379081  2.0041409   1.49222585
 -1.75411783 -2.39594958  1.14917031  0.5756466   1.58048919 -2.7779972
 -0.10734122  2.49797989 -1.18316684  1.14229771  1.24613824  0.60204853
 -0.94478403  1.08880915  0.79026974 -0.40035513  2.82048152 -2.12316659
  1.56760211 -0.65825463  0.97751923 -3.20126655 -2.26313779  0.34702961
 -1.07685474 -0.4041172   0.26696029  0.05829825 -1.75874107 -0.20994171
 -0.66734185  2.86496119 -1.14695049 -1.1941454  -1.13341846  1.2616913
  1.60500121 -0.83471745  2.13159103 -1.42610683 -0.24997463 -0.88514804
 -2.96886875  3.11369723 -1.77336451  3.04761383 -1.36421379 -2.32435235
  3.82838865 -1.20192459 -0.55605222 -3.11662738 -2.50372199  2.98223996
 -1.94840129 -1.68882827 -0.40638399  2.95050577  0.14658836  0.03453354
 -1.62156979 -0.13746018 -1.58723924 -3.10409283  2.90950321  1.12696836
 -0.32355424 -2.32036582  1.02511603 -1.16845236 -0.28473271 -2.1552346
 -1.89415373  1.83073122 -0.99473645  2.58788854 -0.42373238 -3.10443568
 -2.84208163  2.04330553 -3.06805415 -0.23336039 -1.02547615 -0.1772588
  2.37443211  1.7341299  -0.29854218 -1.70120397 -3.03865071  0.10981541
 -0.82435523  1.46335971 -2.5300287   0.95643413 -0.02298946  0.20617494
  1.99743147  0.72264114  0.78319372 -1.20952722  1.60674298  2.56570689
  1.29158419  0.31549858 -0.98543742  2.58385492  0.82784353 -2.23073739
 -0.00873941  1.70084924  1.07007095 -0.65539052 -2.32234866  2.44240801
  2.03615265  1.64107642  2.24641041  1.88668377 -2.15662941 -2.88860696
  0.51087778  1.38051039 -2.4086372  -1.30835105  2.44005387  1.25148463
  0.0428898  -1.76885026 -1.56192313  1.93394473  1.46210263 -0.81898366
 -0.1401197  -0.46267707 -0.17951482  2.38153838 -0.56411823 -0.65228378
  1.09532192 -2.29537182  1.00428708  2.54393746 -0.49637347  2.10341762
 -1.97051817 -0.86721183 -2.4173006  -2.28701797 -1.37137363 -2.91846523
  1.59287128  1.85558274  1.65555595  1.01140105  1.41705582 -2.3064399
 -2.68773478  1.75798302  1.00070439 -0.41359635 -2.62739775  1.55937793
 -1.20585317 -2.50292983  0.05640124]
Fri Jun 14 00:29:09 2024,881,0.07848061492820887,[-2.85341931  2.03633968 -1.60486052  0.01563838  0.45745331 -3.2638294
  3.24529042  2.09611032  1.02429888 -1.03226087  0.55219973  1.32400416
  1.27580029 -1.86376525  0.78542485  2.88515501 -0.38729089 -0.42573988
 -1.9151272   0.84535616  1.63051784  2.90608377 -1.41022525 -0.43876062
 -2.17375281 -2.09428885  3.10978717  2.80419886 -0.69543555 -2.61874969
  1.54703666 -0.18058175 -2.44041752  1.81413235  1.13940849 -0.60899767
  1.0931604  -2.02502631 -0.23373475  2.26831055 -0.35324409  0.45448521
  2.43335838  0.57872257  2.63563022  2.92382924  2.80944688 -2.95072513
  0.27692796 -0.39745481  1.72090844  2.98066344 -0.35282898 -2.3402994
  2.72103377 -3.18013773  0.55053129 -0.70403327 -1.77113696  3.07624292
 -1.95753516 -1.6820476  -2.54684203  2.36575172 -2.13209453  1.95886711
  1.71509245  1.45943232  2.52821406  2.88355146  2.00390155  1.4919865
 -1.75435718 -2.39571023  1.14940966  0.57540725  1.58024984 -2.77775785
 -0.10710187  2.49821924 -1.18292749  1.14253706  1.24589889  0.60180918
 -0.94454468  1.0890485   0.79050909 -0.40059448  2.82024217 -2.12340594
  1.56736276 -0.65849398  0.97775858 -3.2015059  -2.26337714  0.34679026
 -1.07709409 -0.40435655  0.26672094  0.0585376  -1.75898042 -0.21018106
 -0.6671025   2.86520054 -1.14671114 -1.19438475 -1.13317911  1.26145195
  1.60476186 -0.8349568   2.13135168 -1.42586748 -0.25021398 -0.88538739
 -2.9686294   3.11393658 -1.77360386  3.04785318 -1.36445314 -2.324113
  3.828628   -1.20168524 -0.55581287 -3.11686673 -2.50348264  2.98247931
 -1.94864064 -1.68906762 -0.40662334  2.95026642  0.14634901  0.03477289
 -1.62133044 -0.13769953 -1.58747859 -3.10433218  2.90926386  1.12672901
 -0.32379359 -2.32012647  1.02487668 -1.16821301 -0.28449336 -2.15499525
 -1.89439308  1.83049187 -0.9949758   2.58812789 -0.42397173 -3.10419633
 -2.84232098  2.04306618 -3.0678148  -0.23312104 -1.0252368  -0.17749815
  2.37419276  1.73389055 -0.29830283 -1.70144332 -3.03889006  0.11005476
 -0.82459458  1.46312036 -2.52978935  0.95667348 -0.02322881  0.20641429
  1.99767082  0.72240179  0.78295437 -1.20928787  1.60698233  2.56546754
  1.29134484  0.31573793 -0.98567677  2.58409427  0.82760418 -2.23097675
 -0.00897876  1.70060989  1.0703103  -0.65562987 -2.32210931  2.44264736
  2.036392    1.64083707  2.24617106  1.88692312 -2.15686876 -2.88884631
  0.51063842  1.38074974 -2.40839785 -1.3085904   2.43981452  1.25124528
  0.04312915 -1.76861091 -1.56216248  1.93418408  1.46234198 -0.81874431
 -0.13988035 -0.46243772 -0.17927547  2.38129903 -0.56435758 -0.65252313
  1.09556127 -2.29561117  1.00452643  2.54417681 -0.49613412  2.10365697
 -1.97027882 -0.86697248 -2.41753995 -2.28725732 -1.37161298 -2.91870459
  1.59311063  1.85534339  1.6553166   1.0111617   1.41729517 -2.30620055
 -2.68749543  1.75822237  1.00094374 -0.413357   -2.6271584   1.55913858
 -1.20561382 -2.50269048  0.05616189]
Fri Jun 14 00:29:25 2024,882,0.07835539287563412,[-2.8550953   2.03801567 -1.60653651  0.01396239  0.4591293  -3.26215341
  3.24361443  2.09443433  1.02597487 -1.03393686  0.55387571  1.32232817
  1.27747628 -1.86208926  0.78710084  2.886831   -0.38896688 -0.42741587
 -1.91345121  0.84368017  1.63219383  2.90440778 -1.40854926 -0.43708463
 -2.17207682 -2.09596484  3.10811118  2.80587485 -0.69711154 -2.6170737
  1.54871265 -0.17890576 -2.44209351  1.81245636  1.1377325  -0.61067366
  1.09483639 -2.0267023  -0.23541074  2.26663457 -0.3515681   0.4561612
  2.43168239  0.58039856  2.63395423  2.92550523  2.80777089 -2.95240112
  0.27525197 -0.39577882  1.72258443  2.97898746 -0.35115299 -2.33862341
  2.72270976 -3.18181372  0.55220728 -0.70235728 -1.76946097  3.07456693
 -1.95921115 -1.68037161 -2.54851802  2.36742771 -2.13377052  1.95719112
  1.71676844  1.45775633  2.52653807  2.88187547  2.00557754  1.49031051
 -1.75268119 -2.39403424  1.15108565  0.57708324  1.58192583 -2.77608186
 -0.10877786  2.49989523 -1.1812515   1.14421305  1.2442229   0.60013319
 -0.94622067  1.08737251  0.7888331  -0.39891849  2.81856618 -2.12172995
  1.56568677 -0.66016997  0.9760826  -3.19982991 -2.26170115  0.34511427
 -1.07877008 -0.40603254  0.26839693  0.05686161 -1.75730443 -0.21185705
 -0.66542651  2.86352455 -1.14503515 -1.19606074 -1.1348551   1.26312794
  1.60308587 -0.83328081  2.13302767 -1.42419149 -0.25188997 -0.88706338
 -2.96695341  3.11561257 -1.77527985  3.04617719 -1.36612912 -2.32578899
  3.83030399 -1.20000925 -0.55413688 -3.11854272 -2.50180665  2.98080332
 -1.94696465 -1.69074361 -0.40494735  2.94859043  0.14467302  0.03644888
 -1.61965445 -0.13602354 -1.5858026  -3.10600817  2.90758787  1.12505302
 -0.3221176  -2.31845048  1.02320069 -1.169889   -0.28281737 -2.15667124
 -1.89606907  1.82881588 -0.99665179  2.58980388 -0.42229574 -3.10587232
 -2.84064499  2.0413902  -3.06613881 -0.23144505 -1.02691279 -0.17582216
  2.37586875  1.73221456 -0.29997882 -1.69976733 -3.04056605  0.10837877
 -0.8229186   1.46144437 -2.53146534  0.95499749 -0.0249048   0.20809028
  1.99934681  0.72407778  0.78127838 -1.21096386  1.60530634  2.56379155
  1.29302083  0.31406194 -0.98735276  2.58241828  0.82592819 -2.22930076
 -0.00730277  1.6989339   1.07198629 -0.65395388 -2.3237853   2.44432335
  2.03806799  1.63916108  2.24784705  1.88524713 -2.15854475 -2.8905223
  0.50896244  1.38242573 -2.41007384 -1.31026639  2.43813853  1.24956929
  0.04480514 -1.7702869  -1.56383847  1.93250809  1.46401797 -0.81706832
 -0.13820436 -0.46076173 -0.17759948  2.37962304 -0.56268159 -0.65084714
  1.09388528 -2.29393518  1.00285044  2.54250082 -0.49781011  2.10198098
 -1.97195481 -0.86529649 -2.41586396 -2.28558133 -1.37328897 -2.9170286
  1.59478662  1.85701938  1.65364061  1.01283769  1.41561918 -2.30787653
 -2.68581944  1.75989836  0.99926775 -0.41503299 -2.62883439  1.56081457
 -1.20393783 -2.50101449  0.05783788]
Fri Jun 14 00:29:43 2024,883,0.07833193918936848,[-2.85471368  2.03763405 -1.60615489  0.01358077  0.45874768 -3.26253503
  3.24323282  2.09481594  1.02635648 -1.03355524  0.55425733  1.32194655
  1.27709466 -1.86170765  0.78748246  2.88721261 -0.38858526 -0.42703425
 -1.91383283  0.84329855  1.63181222  2.90402617 -1.40893087 -0.43746625
 -2.17169521 -2.09634646  3.1084928   2.80625646 -0.69749316 -2.61745531
  1.54833104 -0.17928738 -2.44247513  1.81207474  1.13811411 -0.61029205
  1.09445477 -2.02708391 -0.23502913  2.26625295 -0.35118648  0.45577958
  2.43206401  0.58078017  2.63357262  2.92512362  2.80815251 -2.95201951
  0.27563359 -0.39539721  1.72220281  2.97936907 -0.35153461 -2.33900503
  2.72232814 -3.18219534  0.55182567 -0.70197566 -1.76984259  3.07418531
 -1.95959276 -1.68075322 -2.54813641  2.36704609 -2.13415213  1.95757273
  1.71638682  1.45813795  2.52615645  2.88149386  2.00595916  1.4899289
 -1.7530628  -2.39365263  1.15146727  0.57746486  1.58154421 -2.77570025
 -0.10915948  2.50027685 -1.18086988  1.14383143  1.24460452  0.59975158
 -0.94583905  1.08775412  0.78845148 -0.39930011  2.81818456 -2.12134834
  1.56530515 -0.65978836  0.97646421 -3.1994483  -2.26131954  0.34549589
 -1.07915169 -0.40641416  0.26877855  0.05724323 -1.75768604 -0.21147543
 -0.66504489  2.86314294 -1.14465353 -1.19644235 -1.13447348  1.26274632
  1.60270426 -0.83366242  2.13340929 -1.42380988 -0.25227159 -0.887445
 -2.9665718   3.11523095 -1.77489823  3.04579558 -1.36574751 -2.32617061
  3.82992238 -1.20039087 -0.55451849 -3.11892433 -2.50218826  2.98118493
 -1.94658303 -1.69112523 -0.40456573  2.94820882  0.14429141  0.03683049
 -1.61927283 -0.13640516 -1.58618422 -3.10562655  2.90720625  1.12543463
 -0.32249921 -2.31806886  1.02358231 -1.17027062 -0.28243576 -2.15705285
 -1.89568745  1.8291975  -0.99627017  2.58942226 -0.42267736 -3.10625394
 -2.84026337  2.04177181 -3.06652042 -0.23106343 -1.0272944  -0.17620377
  2.37625037  1.73259617 -0.30036044 -1.69938572 -3.04094767  0.10876039
 -0.82330021  1.46182598 -2.53184695  0.95537911 -0.02452319  0.20770866
  1.99972842  0.72369617  0.78165999 -1.21134547  1.60568796  2.56417316
  1.29263921  0.31444356 -0.98697114  2.58203667  0.82554657 -2.22968237
 -0.00768439  1.69931551  1.0723679  -0.6543355  -2.32340368  2.44394174
  2.0384496   1.63877946  2.24822866  1.88486552 -2.15892636 -2.89014068
  0.50858082  1.38204412 -2.40969222 -1.310648    2.43775691  1.24995091
  0.04442352 -1.76990529 -1.56345686  1.93288971  1.46363636 -0.81744994
 -0.13782275 -0.46038011 -0.17721786  2.38000466 -0.56306321 -0.65122876
  1.09350366 -2.29355356  1.00323206  2.54211921 -0.49819172  2.10159937
 -1.97233643 -0.8656781  -2.41548235 -2.28596295 -1.37290735 -2.91664698
  1.59440501  1.85663777  1.65402223  1.01245608  1.41523756 -2.30749492
 -2.68543782  1.76027997  0.99964936 -0.41465137 -2.62845277  1.56119618
 -1.20431945 -2.50139611  0.0582195 ]
Fri Jun 14 00:30:00 2024,884,0.078324552198356,[-2.85448353  2.0374039  -1.60592474  0.01381092  0.45897783 -3.26276518
  3.24346297  2.09504609  1.02612633 -1.03378539  0.55448748  1.3217164
  1.27686451 -1.8619378   0.78725231  2.88744277 -0.38835511 -0.4272644
 -1.91360268  0.8435287   1.63204237  2.90425632 -1.40916103 -0.4372361
 -2.17192536 -2.09657661  3.10872295  2.80602631 -0.69772331 -2.61768546
  1.54810088 -0.17951753 -2.44224498  1.81230489  1.13788396 -0.6105222
  1.09468493 -2.02685376 -0.23525928  2.2664831  -0.35141663  0.45554943
  2.43183386  0.58101033  2.63334247  2.92535377  2.80838266 -2.95224966
  0.27586374 -0.39516706  1.72197266  2.97913892 -0.35176476 -2.33877488
  2.72209799 -3.18242549  0.55159551 -0.70220582 -1.77007274  3.07395516
 -1.95982291 -1.68052307 -2.54790625  2.36681594 -2.13438228  1.95780288
  1.71615667  1.4583681   2.5263866   2.88126371  2.00618931  1.49015905
 -1.75329296 -2.39342248  1.15169742  0.57723471  1.58177436 -2.7759304
 -0.10938963  2.50004669 -1.18110003  1.14360128  1.24483467  0.59952142
 -0.9456089   1.08798427  0.78822133 -0.39953026  2.81795441 -2.12157849
  1.565075   -0.66001851  0.97669436 -3.19967845 -2.26154969  0.34572604
 -1.07938185 -0.406184    0.2685484   0.05747338 -1.75745589 -0.21124528
 -0.66527505  2.86337309 -1.14488368 -1.1966725  -1.13424333  1.26251617
  1.60293441 -0.83343227  2.13317913 -1.42357972 -0.25250174 -0.88721485
 -2.96680195  3.1154611  -1.77466808  3.04556543 -1.36551736 -2.32640076
  3.82969222 -1.20062102 -0.55428834 -3.11869418 -2.50195811  2.98095478
 -1.94635288 -1.69135538 -0.40479588  2.94797867  0.14452156  0.03706064
 -1.61904268 -0.13663531 -1.58641437 -3.1053964   2.9069761   1.12520448
 -0.32226906 -2.31783871  1.02381246 -1.17004047 -0.28220561 -2.1568227
 -1.8959176   1.82942765 -0.99604002  2.58965241 -0.42290751 -3.10648409
 -2.84049352  2.04154166 -3.06629027 -0.23129359 -1.02706425 -0.17597362
  2.37602022  1.73236602 -0.30059059 -1.69961587 -3.04071751  0.10899054
 -0.82353036  1.46159583 -2.53207711  0.95560926 -0.02429304  0.20793881
  1.99995857  0.72392632  0.78189014 -1.21111532  1.60591811  2.56440331
  1.29286936  0.31467371 -0.98674099  2.58180651  0.82531642 -2.22945222
 -0.00745423  1.69954567  1.07213775 -0.65410535 -2.32317353  2.44417189
  2.03821945  1.63854931  2.24845881  1.88463536 -2.15869621 -2.89037083
  0.50881097  1.38181396 -2.40946207 -1.31041785  2.43798706  1.25018106
  0.04465367 -1.77013544 -1.56368701  1.93311986  1.46386651 -0.81721978
 -0.13759259 -0.46014996 -0.17698771  2.38023481 -0.56283305 -0.65099861
  1.09327351 -2.29378371  1.00300191  2.54234936 -0.49796157  2.10182952
 -1.97256658 -0.86590826 -2.4157125  -2.2857328  -1.3731375  -2.91687713
  1.59417486  1.85640762  1.65379207  1.01222592  1.41546772 -2.30726477
 -2.68566797  1.76004982  0.99941921 -0.41442122 -2.62868293  1.56096603
 -1.2040893  -2.50116595  0.05844965]
Fri Jun 14 00:30:17 2024,885,0.07835140476412947,[-2.85532605  2.03824643 -1.60508222  0.0129684   0.45982036 -3.26360771
  3.24262044  2.09588862  1.02528381 -1.03294286  0.55533001  1.32087387
  1.27602198 -1.86278033  0.78640978  2.88828529 -0.38751258 -0.42642188
 -1.91276015  0.84437123  1.63119984  2.90341379 -1.4083185  -0.43639357
 -2.17108283 -2.09741914  3.10788042  2.80686884 -0.69688078 -2.61684294
  1.54725836 -0.178675   -2.4430875   1.81314742  1.13704143 -0.61136473
  1.0938424  -2.02601124 -0.23441675  2.26564057 -0.35225916  0.45639196
  2.43099133  0.5801678   2.63249994  2.9261963   2.80754013 -2.95140713
  0.27502121 -0.39600958  1.72281519  2.97998145 -0.35260729 -2.3396174
  2.72294052 -3.18158296  0.55243804 -0.70304834 -1.76923021  3.07479768
 -1.95898039 -1.6813656  -2.54874878  2.36765847 -2.13353976  1.95696036
  1.7169992   1.45752557  2.52722913  2.88210623  2.00703183  1.48931652
 -1.75413548 -2.394265    1.15085489  0.57639218  1.58093183 -2.77677293
 -0.11023215  2.49920417 -1.18025751  1.1444438   1.24399214  0.60036395
 -0.94476638  1.08714175  0.78906386 -0.39868774  2.81711188 -2.12073596
  1.56591752 -0.65917598  0.97753689 -3.19883592 -2.26070716  0.34656856
 -1.08022437 -0.40702653  0.26770587  0.05663085 -1.75661337 -0.21040276
 -0.66443252  2.86421562 -1.14404116 -1.19582998 -1.1334008   1.26167364
  1.60209188 -0.83258975  2.13402166 -1.42442225 -0.25334427 -0.88805737
 -2.96764448  3.11630363 -1.77382556  3.04640795 -1.36467483 -2.32724329
  3.8288497  -1.19977849 -0.55344582 -3.11953671 -2.50280064  2.98179731
 -1.94551035 -1.69051285 -0.40563841  2.94713614  0.14536409  0.03790317
 -1.61988521 -0.13747784 -1.5872569  -3.10623893  2.90613358  1.12604701
 -0.32142653 -2.31699618  1.02296993 -1.17088299 -0.28304813 -2.15598018
 -1.89507507  1.82858512 -0.99688254  2.58880988 -0.42206499 -3.10732662
 -2.839651    2.04238419 -3.06544774 -0.23045106 -1.02790678 -0.17681615
  2.37686274  1.73152349 -0.30143312 -1.70045839 -3.04156004  0.10814801
 -0.82268784  1.46243836 -2.53123458  0.95645179 -0.02345051  0.20709629
  1.99911605  0.72308379  0.78273267 -1.21195785  1.60507558  2.56356079
  1.29371189  0.31551624 -0.98589846  2.58096399  0.82447389 -2.22860969
 -0.00661171  1.69870314  1.07298028 -0.65326282 -2.32401606  2.44501441
  2.03737692  1.63770678  2.24930134  1.88547789 -2.15785368 -2.89121336
  0.50796844  1.38265649 -2.40861955 -1.31126038  2.43882959  1.25102359
  0.0454962  -1.77097796 -1.56452954  1.93227733  1.46302398 -0.81637726
 -0.13675007 -0.46099249 -0.17614518  2.37939228 -0.56199053 -0.65184114
  1.09243098 -2.29462624  1.00384444  2.54319188 -0.49711905  2.10098699
 -1.97172405 -0.86506573 -2.41655502 -2.28657533 -1.37229498 -2.91771966
  1.59501738  1.85556509  1.65294955  1.01306845  1.41631024 -2.30642224
 -2.6865105   1.75920729  0.99857669 -0.41357869 -2.6278404   1.56180856
 -1.20324677 -2.50200848  0.05929218]
Fri Jun 14 00:30:34 2024,886,0.0783507228744494,[-2.85523007  2.03815044 -1.60498623  0.01306438  0.45972438 -3.26351172
  3.24271642  2.09598461  1.02518782 -1.03284688  0.55523403  1.32077789
  1.275926   -1.86287631  0.7863138   2.88818931 -0.3874166  -0.42632589
 -1.91266416  0.84427525  1.63110386  2.90350978 -1.40822251 -0.43648955
 -2.17098685 -2.09751512  3.10797641  2.80677285 -0.6967848  -2.61693892
  1.54735434 -0.17877099 -2.44318349  1.8132434   1.13713742 -0.61126874
  1.09393838 -2.02610722 -0.23451274  2.26573656 -0.35235514  0.45629598
  2.43108732  0.58007181  2.63259592  2.92629228  2.80763612 -2.95150311
  0.27492523 -0.39610557  1.72271921  2.97988546 -0.3525113  -2.33952142
  2.72284454 -3.18167895  0.55253402 -0.70295236 -1.76913423  3.0747017
 -1.9588844  -1.68146158 -2.5486528   2.36775445 -2.13363574  1.95686437
  1.71690321  1.45762156  2.52713315  2.88220222  2.00712782  1.48922054
 -1.7540395  -2.39436099  1.15095088  0.5762962   1.58102782 -2.77667694
 -0.11032814  2.49930015 -1.18035349  1.14453979  1.24389616  0.60026797
 -0.94467039  1.08723773  0.78896788 -0.39878372  2.81720787 -2.12063998
  1.56601351 -0.65927197  0.97744091 -3.19873994 -2.26061118  0.34647258
 -1.08012839 -0.40693055  0.26780185  0.05653487 -1.75651738 -0.21049874
 -0.66433653  2.8643116  -1.14413714 -1.19592596 -1.13330482  1.26176963
  1.60218787 -0.83249376  2.13392568 -1.42432627 -0.25344025 -0.88796139
 -2.96774046  3.11639961 -1.77372957  3.04650394 -1.36477081 -2.3271473
  3.82894568 -1.19968251 -0.5535418  -3.11963269 -2.50289662  2.98170132
 -1.94541437 -1.69060884 -0.40573439  2.94704016  0.14546007  0.03799915
 -1.61978922 -0.13757382 -1.58716091 -3.10633491  2.90622956  1.12614299
 -0.32152252 -2.3169002   1.02306592 -1.17078701 -0.28314412 -2.15607616
 -1.89517106  1.82848914 -0.99678656  2.5887139  -0.42216097 -3.10723063
 -2.83974698  2.0422882  -3.06535176 -0.23054704 -1.02781079 -0.17672016
  2.37676676  1.73142751 -0.3015291  -1.70055438 -3.04146406  0.108244
 -0.82278382  1.46234238 -2.53113859  0.9563558  -0.02335453  0.20719227
  1.99902006  0.72317977  0.78263669 -1.21186187  1.60517157  2.56365677
  1.29380787  0.31561222 -0.98599445  2.580868    0.82437791 -2.22851371
 -0.00651572  1.69860716  1.07288429 -0.65335881 -2.32392007  2.44491843
  2.03747291  1.6376108   2.24920536  1.88557387 -2.15794967 -2.89130934
  0.50806443  1.38275247 -2.40871553 -1.31135636  2.43873361  1.2509276
  0.04540022 -1.77107395 -1.56462552  1.93237332  1.46311996 -0.81628127
 -0.13665408 -0.4608965  -0.1760492   2.3792963  -0.56189454 -0.65193712
  1.092335   -2.29453026  1.00374845  2.54328787 -0.49721503  2.10089101
 -1.97182004 -0.86516171 -2.41665101 -2.28667131 -1.37239096 -2.91781564
  1.59511337  1.85566107  1.65285356  1.01297247  1.41621426 -2.30632626
 -2.68641451  1.75911131  0.99867267 -0.41367468 -2.62774442  1.56171258
 -1.20334276 -2.50210446  0.05938816]
Fri Jun 14 00:30:52 2024,887,0.07826837849150967,[-2.85422253  2.0371429  -1.60599377  0.01205684  0.46073192 -3.26250418
  3.24372396  2.09497707  1.02418028 -1.03183934  0.55422649  1.31977035
  1.27693354 -1.86186877  0.78732134  2.88919685 -0.38842414 -0.42733343
 -1.91165662  0.84528279  1.63009632  2.90451732 -1.40923005 -0.43548201
 -2.16997931 -2.09650758  3.10898395  2.80576531 -0.69779234 -2.61794646
  1.5463468  -0.17977853 -2.44217595  1.81425094  1.13814496 -0.6102612
  1.09293084 -2.02711476 -0.2335052   2.2667441  -0.35336268  0.45730352
  2.43007978  0.58107936  2.63360346  2.92528474  2.80662858 -2.95049557
  0.27391769 -0.39509803  1.72171167  2.97887792 -0.35351885 -2.33851388
  2.72385208 -3.18268649  0.55354156 -0.7039599  -1.76812669  3.07570924
 -1.95787686 -1.68246912 -2.54966034  2.36674691 -2.1326282   1.95585683
  1.71791075  1.45661402  2.52612561  2.88320976  2.00612028  1.49022808
 -1.75303196 -2.39536853  1.15195842  0.57730374  1.58002028 -2.77768448
 -0.1093206   2.50030769 -1.18136103  1.14353225  1.24288862  0.59926043
 -0.94567793  1.08824527  0.78796034 -0.39979126  2.81821541 -2.11963244
  1.56500597 -0.65826443  0.97844845 -3.1977324  -2.26161872  0.34748012
 -1.08113593 -0.40592301  0.26679431  0.05754241 -1.75752492 -0.2094912
 -0.66534407  2.86531914 -1.14514468 -1.19491842 -1.13431236  1.26277717
  1.60319541 -0.83148622  2.13291814 -1.42533381 -0.25243271 -0.88896893
 -2.968748    3.11740715 -1.77473711  3.04751148 -1.36376327 -2.32815484
  3.82995322 -1.20069005 -0.55253426 -3.12064023 -2.50188908  2.98270886
 -1.94440683 -1.6896013  -0.40674193  2.9480477   0.14445253  0.03699161
 -1.62079676 -0.13656628 -1.58615337 -3.10734245  2.90522202  1.12715053
 -0.32051498 -2.31790774  1.02205838 -1.17179455 -0.28415166 -2.15506862
 -1.8961786   1.8274816  -0.9977941   2.58770636 -0.42316851 -3.10823817
 -2.84075452  2.04128066 -3.06434422 -0.23155458 -1.02680325 -0.17571262
  2.37575922  1.73041997 -0.30253664 -1.69954684 -3.0424716   0.10925154
 -0.82177628  1.46133484 -2.53013105  0.95736334 -0.02234699  0.20819981
  2.0000276   0.72418731  0.78364423 -1.21085433  1.60617911  2.56466431
  1.29481541  0.31661976 -0.98700199  2.57986046  0.82538545 -2.22952125
 -0.00550818  1.6996147   1.07389183 -0.65235127 -2.32291253  2.44592597
  2.03646537  1.63861834  2.24819782  1.88658142 -2.15694213 -2.89231688
  0.50705689  1.38174493 -2.40770799 -1.3123639   2.43974115  1.24992006
  0.04640776 -1.77006641 -1.56563306  1.93338086  1.4641275  -0.81728881
 -0.13766162 -0.45988896 -0.17504166  2.37828876 -0.560887   -0.65092958
  1.09334254 -2.2955378   1.00475599  2.54429541 -0.49822257  2.10189855
 -1.97282758 -0.86415417 -2.41564347 -2.28566377 -1.3733985  -2.9168081
  1.59612091  1.85465353  1.6538611   1.01398001  1.41520672 -2.3073338
 -2.68540697  1.76011885  0.99766513 -0.41266714 -2.62673688  1.56070504
 -1.2043503  -2.503112    0.0603957 ]
Fri Jun 14 00:31:10 2024,888,0.0782198771358972,[-2.85333748  2.03802795 -1.60687882  0.01294189  0.46161696 -3.26338923
  3.24460901  2.09586211  1.02506533 -1.03272439  0.55511153  1.3188853
  1.27781858 -1.86098372  0.78643629  2.8883118  -0.38930919 -0.42821848
 -1.91077158  0.84616783  1.63098136  2.90540236 -1.40834501 -0.43459697
 -2.17086435 -2.09562253  3.1080989   2.80665036 -0.69867738 -2.61883151
  1.54723185 -0.17889348 -2.44306099  1.8133659   1.13903    -0.61114625
  1.0920458  -2.02622971 -0.23262015  2.26585905 -0.35424773  0.45818856
  2.43096482  0.5819644   2.63271842  2.92439969  2.80751363 -2.95138062
  0.27480274 -0.39421298  1.72082662  2.97799288 -0.3526338  -2.33939892
  2.72473712 -3.18180144  0.55265652 -0.70484495 -1.76724164  3.07482419
 -1.95876191 -1.68158408 -2.54877529  2.36763196 -2.13174315  1.95674188
  1.7170257   1.45572897  2.52701065  2.88232471  2.00700532  1.48934303
 -1.75214691 -2.39625357  1.15284346  0.57818878  1.58090532 -2.77679944
 -0.11020564  2.50119274 -1.18224608  1.1426472   1.24377367  0.59837538
 -0.94656298  1.08913032  0.78884538 -0.39890621  2.81733036 -2.11874739
  1.56589101 -0.65737938  0.97933349 -3.19684735 -2.26073367  0.34659507
 -1.08025088 -0.40680805  0.26590927  0.05665736 -1.75840997 -0.21037625
 -0.66622912  2.8644341  -1.14602973 -1.19580347 -1.13342731  1.26189212
  1.60231036 -0.83060118  2.13380318 -1.42444876 -0.25154767 -0.88808388
 -2.96786295  3.11652211 -1.77562216  3.04662643 -1.36287823 -2.32903989
  3.82906818 -1.2015751  -0.55164921 -3.11975519 -2.50277413  2.98359391
 -1.94352178 -1.68871625 -0.40762698  2.94893274  0.14356748  0.03787666
 -1.62168181 -0.13568124 -1.58703842 -3.1064574   2.90610707  1.12803558
 -0.32140003 -2.31879279  1.02117333 -1.1726796  -0.28326661 -2.15595367
 -1.89706364  1.82659655 -0.99690905  2.58859141 -0.42228346 -3.10912322
 -2.84163957  2.04216571 -3.06345917 -0.23243963 -1.0276883  -0.17482758
  2.37664427  1.73130502 -0.30342169 -1.69866179 -3.04335664  0.11013658
 -0.82266133  1.46221988 -2.52924601  0.95824839 -0.02323203  0.20731476
  1.99914256  0.72330227  0.78275918 -1.21173937  1.60529406  2.56377926
  1.29570046  0.31573471 -0.98788703  2.57897542  0.8245004  -2.2304063
 -0.00462314  1.69872965  1.07300679 -0.65146622 -2.32202749  2.44681102
  2.03558032  1.63950339  2.24908286  1.88746646 -2.15782718 -2.89143184
  0.50617184  1.38085989 -2.40859304 -1.31324895  2.4388561   1.24903502
  0.04552271 -1.77095146 -1.56651811  1.93249581  1.46501255 -0.81640377
 -0.13677658 -0.45900392 -0.1759267   2.37917381 -0.56177205 -0.65004453
  1.09245749 -2.29642284  1.00387095  2.54341036 -0.49733752  2.1010135
 -1.97371263 -0.86503922 -2.41475842 -2.28477872 -1.37428355 -2.91769315
  1.59523586  1.85376849  1.65474615  1.01309496  1.41432167 -2.30821884
 -2.68629202  1.7610039   0.99678008 -0.41355218 -2.62762192  1.55981999
 -1.20523534 -2.50222696  0.05951065]
Fri Jun 14 00:31:27 2024,889,0.07820882060105137,[-2.85379554  2.0375699  -1.60642077  0.01248384  0.46207502 -3.26293118
  3.24415096  2.09540406  1.02552338 -1.03226634  0.55556958  1.31934335
  1.27736053 -1.86144178  0.78597824  2.88785375 -0.38976724 -0.42867653
 -1.91122963  0.84662588  1.63143942  2.90586041 -1.40880306 -0.43505502
 -2.1704063  -2.09516448  3.10764085  2.80710841 -0.69821933 -2.61928956
  1.5467738  -0.17935153 -2.44260294  1.81290785  1.13857195 -0.6106882
  1.09158774 -2.02668777 -0.2330782   2.265401   -0.35470578  0.45773051
  2.43142287  0.58242245  2.63317647  2.92485775  2.80797168 -2.95092257
  0.27434468 -0.39375493  1.72128467  2.97845093 -0.35217575 -2.33894087
  2.72427907 -3.18134339  0.55219847 -0.705303   -1.76769969  3.07436614
 -1.95921996 -1.68204213 -2.54923334  2.3671739  -2.13220121  1.95719993
  1.71656765  1.45527092  2.5274687   2.88186666  2.00654727  1.48980108
 -1.75260496 -2.39671163  1.15238541  0.57864683  1.58136338 -2.77725749
 -0.1106637   2.50073469 -1.18270413  1.14218915  1.24423172  0.59791733
 -0.94610493  1.08958837  0.78838733 -0.39844816  2.81687231 -2.11828934
  1.56634907 -0.65692133  0.97979154 -3.1963893  -2.26027562  0.34705313
 -1.08070893 -0.4072661   0.26636732  0.05711541 -1.75886802 -0.20991819
 -0.66668717  2.86489215 -1.14648778 -1.19626152 -1.13388537  1.26235017
  1.60185231 -0.83014312  2.13334513 -1.42490681 -0.25108961 -0.88762583
 -2.968321    3.11606406 -1.77608021  3.04616838 -1.36333628 -2.32949794
  3.82861012 -1.20111704 -0.55119116 -3.12021324 -2.50231608  2.98405196
 -1.94306373 -1.6882582  -0.40716893  2.94847469  0.14402554  0.03833471
 -1.62122376 -0.13613929 -1.58658037 -3.10691546  2.90656512  1.12757753
 -0.32185808 -2.31925084  1.02071528 -1.17313765 -0.28280856 -2.15549561
 -1.89660559  1.8270546  -0.996451    2.58904946 -0.42274152 -3.10866517
 -2.84118152  2.04262376 -3.06391723 -0.23289768 -1.02814635 -0.17436953
  2.37618621  1.73176307 -0.30387974 -1.69911984 -3.04289859  0.11059463
 -0.82220327  1.46267793 -2.52970406  0.95779034 -0.02277398  0.20777282
  1.99960061  0.72376032  0.78230113 -1.21219742  1.60575211  2.56423732
  1.29524241  0.31527666 -0.98834509  2.57943347  0.82495845 -2.23086435
 -0.00508119  1.6991877   1.07254873 -0.65100817 -2.32156944  2.44635296
  2.03512227  1.63996144  2.24954091  1.88700841 -2.15736912 -2.89188989
  0.50662989  1.38040184 -2.40905109 -1.313707    2.43839805  1.24949307
  0.04598076 -1.77140951 -1.56697616  1.93203776  1.4654706  -0.81686182
 -0.13631852 -0.45946197 -0.17546865  2.37963186 -0.561314   -0.64958648
  1.09291555 -2.29596479  1.004329    2.54386841 -0.49779558  2.10147155
 -1.97325457 -0.86458117 -2.41430037 -2.28523677 -1.37382549 -2.9172351
  1.59569391  1.85331043  1.6542881   1.01263691  1.41477972 -2.30776079
 -2.68675007  1.76054584  0.99632203 -0.41309413 -2.62716387  1.55936194
 -1.20569339 -2.50268501  0.05996871]
Fri Jun 14 00:31:43 2024,890,0.07820639718593414,[-2.85344354  2.03721791 -1.60606878  0.01283583  0.46242701 -3.26257918
  3.24379897  2.09575605  1.02517139 -1.03261833  0.55592157  1.31899136
  1.27771252 -1.86179377  0.78562625  2.88820574 -0.38941525 -0.42902852
 -1.91158162  0.84697788  1.63108742  2.90550842 -1.40845107 -0.43540701
 -2.17005431 -2.09481249  3.10728886  2.80675642 -0.69857132 -2.61893757
  1.5464218  -0.17970352 -2.44295493  1.81255585  1.13821996 -0.6103362
  1.09193974 -2.02633577 -0.23343019  2.26575299 -0.35435379  0.4580825
  2.43107088  0.58207046  2.63352846  2.92450575  2.80761969 -2.95057058
  0.27399269 -0.39410692  1.72163666  2.97809894 -0.35252774 -2.33858888
  2.72463106 -3.18169538  0.55255046 -0.70565499 -1.7673477   3.07401415
 -1.95886797 -1.68169014 -2.54958533  2.36682191 -2.1325532   1.95755192
  1.71691964  1.45491893  2.52782069  2.88151467  2.00619528  1.48944909
 -1.75225297 -2.39635963  1.15203342  0.57829484  1.58101138 -2.77760948
 -0.1103117   2.50038269 -1.18305612  1.14183716  1.24387973  0.59756534
 -0.94575293  1.08923638  0.78873932 -0.39809617  2.8172243  -2.11864133
  1.56599708 -0.65656934  0.97943955 -3.19603731 -2.26062761  0.34740512
 -1.08035694 -0.4076181   0.26671931  0.0574674  -1.75851603 -0.21027018
 -0.66633518  2.86454016 -1.14683977 -1.19661351 -1.13423736  1.26270216
  1.60150032 -0.83049512  2.13299314 -1.42455482 -0.2514416  -0.88797782
 -2.96796901  3.11641605 -1.7764322   3.04581639 -1.36368827 -2.32984993
  3.82896212 -1.20146904 -0.55083917 -3.12056523 -2.50196408  2.98440395
 -1.94271174 -1.68861019 -0.40681694  2.9481227   0.14437753  0.0386867
 -1.62087176 -0.13649128 -1.58622838 -3.10656346  2.90691711  1.12722554
 -0.32221007 -2.31889885  1.02106727 -1.17348964 -0.28245657 -2.15514362
 -1.89695758  1.82670261 -0.99680299  2.58940145 -0.42309351 -3.10901716
 -2.84082952  2.04227177 -3.06426922 -0.23254569 -1.02849834 -0.17472152
  2.37583422  1.73141108 -0.30352775 -1.69947184 -3.0425466   0.11094663
 -0.82185128  1.46302992 -2.52935207  0.95814233 -0.02242199  0.20742082
  1.9999526   0.72411231  0.78194914 -1.21254942  1.60610411  2.56458931
  1.2955944   0.31562865 -0.98799309  2.57978546  0.82460646 -2.23051236
 -0.00543318  1.69883571  1.07219674 -0.65065618 -2.32192143  2.44600097
  2.03477028  1.64031343  2.24989291  1.88665642 -2.15701713 -2.8915379
  0.5062779   1.38004985 -2.4086991  -1.31405899  2.43875004  1.24914108
  0.04562877 -1.7717615  -1.56732815  1.93238975  1.46582259 -0.81721381
 -0.13667052 -0.45910998 -0.17582064  2.37927987 -0.56166599 -0.64923449
  1.09326754 -2.2956128   1.00397701  2.54422041 -0.49814757  2.10182355
 -1.97290258 -0.86493316 -2.41465236 -2.28558877 -1.37417749 -2.91758709
  1.59534192  1.85366243  1.65393611  1.01228492  1.41513172 -2.3074088
 -2.68639808  1.76019385  0.99597004 -0.41344612 -2.62681188  1.55900995
 -1.2053414  -2.50233302  0.0603207 ]
Fri Jun 14 00:31:59 2024,891,0.0781099613627138,[-2.85212388  2.03853757 -1.60474911  0.01151617  0.46110734 -3.26125952
  3.2424793   2.09707571  1.02385173 -1.03129866  0.55460191  1.32031102
  1.27639286 -1.86311343  0.78694591  2.88688608 -0.38809559 -0.43034819
 -1.91026196  0.84565821  1.62976776  2.90682808 -1.40713141 -0.43672667
 -2.16873465 -2.09349283  3.10596919  2.80807608 -0.69989099 -2.62025723
  1.54774147 -0.17838386 -2.44427459  1.81123619  1.1369003  -0.60901654
  1.0932594  -2.02765544 -0.23211053  2.26443333 -0.35567345  0.45676284
  2.43239054  0.5807508   2.6322088   2.92318609  2.80630002 -2.95189024
  0.27531236 -0.39542658  1.72295632  2.9794186  -0.35120808 -2.33990854
  2.7233114  -3.18301504  0.5512308  -0.70697465 -1.76602804  3.07533381
 -1.95754831 -1.6830098  -2.54826567  2.36814157 -2.13123354  1.95623226
  1.71559998  1.45623859  2.52914036  2.88283433  2.00751494  1.49076875
 -1.75357264 -2.39503997  1.15071376  0.57961451  1.57969172 -2.77628982
 -0.10899204  2.50170236 -1.18173646  1.1405175   1.24519939  0.598885
 -0.94443327  1.08791672  0.79005898 -0.39941583  2.81854396 -2.11732167
  1.56731674 -0.65524967  0.97811989 -3.19471764 -2.25930795  0.34872478
 -1.07903728 -0.40629843  0.26539965  0.05878707 -1.75983569 -0.21158985
 -0.66501552  2.86322049 -1.14552011 -1.19529385 -1.13555702  1.2613825
  1.60018065 -0.83181478  2.1343128  -1.42323516 -0.25276127 -0.88929749
 -2.96664935  3.11509639 -1.77775186  3.04713605 -1.36236861 -2.32853027
  3.82764245 -1.2027887  -0.54951951 -3.12188489 -2.50064442  2.98308429
 -1.9440314  -1.68729053 -0.40549727  2.94680304  0.14569719  0.03736704
 -1.6195521  -0.13517162 -1.58490871 -3.1052438   2.90559745  1.12590587
 -0.32089041 -2.31757918  1.01974761 -1.1748093  -0.28377623 -2.15382396
 -1.89563792  1.82802228 -0.99548333  2.59072111 -0.42441317 -3.1076975
 -2.83950986  2.04359143 -3.06558888 -0.23122603 -1.02717868 -0.17340185
  2.37715388  1.73009141 -0.30220809 -1.69815217 -3.04386626  0.11226629
 -0.82053162  1.46434959 -2.52803241  0.95946199 -0.02374165  0.20874049
  2.00127226  0.72543197  0.78062948 -1.21122975  1.60478444  2.56326965
  1.29691406  0.31694832 -0.98667343  2.5784658   0.8232868  -2.23183202
 -0.00411352  1.69751605  1.07351641 -0.65197584 -2.32060176  2.44732063
  2.03608994  1.63899377  2.25121257  1.88533676 -2.15833679 -2.89285756
  0.50759756  1.37873018 -2.41001876 -1.31273933  2.43743038  1.25046074
  0.04430911 -1.77044184 -1.56864781  1.93107009  1.46714226 -0.81853347
 -0.13799018 -0.46042964 -0.17450098  2.38059953 -0.56298565 -0.64791483
  1.0945872  -2.29693246  1.00529667  2.54290074 -0.49946723  2.10050388
 -1.97422224 -0.8636135  -2.4133327  -2.2842691  -1.37549715 -2.91890675
  1.59666158  1.85234276  1.65261644  1.01360458  1.41381205 -2.30608914
 -2.68507842  1.76151352  0.9972897  -0.41476579 -2.62813154  1.56032961
 -1.20666106 -2.50101336  0.06164036]
Fri Jun 14 00:32:16 2024,892,0.07813014897623155,[-2.85168873  2.03897272 -1.60518427  0.01195132  0.46067219 -3.26169468
  3.24204415  2.09751087  1.02428688 -1.03086351  0.55416676  1.32074618
  1.27682802 -1.86267828  0.78738106  2.88732123 -0.38766043 -0.42991303
 -1.91069711  0.84522306  1.62933261  2.90726324 -1.40669625 -0.43629152
 -2.16829949 -2.09392798  3.10640435  2.80851124 -0.70032614 -2.62069238
  1.54817662 -0.17881902 -2.44383944  1.81167135  1.13733545 -0.6094517
  1.09369455 -2.02722028 -0.23254569  2.26486848 -0.35610861  0.45719799
  2.4328257   0.58031564  2.63177364  2.92362125  2.80586487 -2.95145509
  0.2748772  -0.39586174  1.72339148  2.97898344 -0.35077292 -2.3403437
  2.72287624 -3.18257989  0.55166595 -0.7065395  -1.76559289  3.07489866
 -1.95798346 -1.68257464 -2.54783052  2.36770642 -2.13079838  1.95579711
  1.71516483  1.45667374  2.52957551  2.88239917  2.00707979  1.4903336
 -1.75400779 -2.39460482  1.15114891  0.58004966  1.58012688 -2.77672497
 -0.10855689  2.5012672  -1.18217161  1.14095265  1.24476423  0.59932015
 -0.94486843  1.08748156  0.78962383 -0.39985099  2.81810881 -2.11775682
  1.56688158 -0.65481452  0.97855504 -3.19428249 -2.2597431   0.34915993
 -1.07947244 -0.40673359  0.2658348   0.05835191 -1.76027084 -0.21115469
 -0.66458036  2.86278534 -1.14508495 -1.195729   -1.13512187  1.26181766
  1.60061581 -0.83137962  2.13474796 -1.42367031 -0.25232611 -0.88973264
 -2.9662142   3.11553154 -1.77731671  3.0475712  -1.36193345 -2.32896542
  3.82807761 -1.20322385 -0.54995466 -3.12232005 -2.50107958  2.98351944
 -1.94446656 -1.68772568 -0.40506212  2.94723819  0.14526204  0.03693189
 -1.61911695 -0.13473646 -1.58534387 -3.10480865  2.9060326   1.12634103
 -0.32045525 -2.31714403  1.02018276 -1.17524446 -0.28421138 -2.15425911
 -1.89607308  1.82758712 -0.99504818  2.59028596 -0.42484832 -3.10726234
 -2.83994502  2.04402659 -3.06515372 -0.23079087 -1.02761384 -0.1729667
  2.37671873  1.72965626 -0.30264324 -1.69858733 -3.04343111  0.11270144
 -0.82096678  1.46391443 -2.52846756  0.95902684 -0.0241768   0.20917564
  2.00170742  0.72499682  0.78106463 -1.21166491  1.6052196   2.56283449
  1.29647891  0.31738347 -0.98710859  2.57890095  0.82285164 -2.23226717
 -0.00454867  1.69708089  1.07395156 -0.65154068 -2.32016661  2.44775579
  2.0365251   1.63855861  2.25164772  1.88577191 -2.15877195 -2.89242241
  0.50716241  1.37829503 -2.4095836  -1.31230418  2.43786553  1.25002558
  0.04474426 -1.77000668 -1.56821266  1.93063493  1.46757741 -0.81896863
 -0.13842533 -0.45999449 -0.17406583  2.38016437 -0.5625505  -0.64747967
  1.09415205 -2.29649731  1.00573182  2.5433359  -0.49903207  2.10006873
 -1.9746574  -0.86317834 -2.41376785 -2.28470426 -1.3759323  -2.91934191
  1.59622643  1.85190761  1.65218129  1.01316943  1.4133769  -2.30565398
 -2.68464326  1.76194867  0.99772486 -0.41520094 -2.62769639  1.55989445
 -1.20622591 -2.5005782   0.06120521]
Fri Jun 14 00:32:32 2024,893,0.07813085912355074,[-2.85147659  2.03876058 -1.60539641  0.01216346  0.46046005 -3.26148254
  3.24225629  2.09772301  1.02449902 -1.03065137  0.5543789   1.32095832
  1.27661587 -1.86289042  0.7875932   2.88710909 -0.38787257 -0.42970089
 -1.91048497  0.84501092  1.62954475  2.9070511  -1.40690839 -0.43650366
 -2.16808735 -2.09414012  3.10661649  2.80872338 -0.70053828 -2.62090452
  1.54796448 -0.17903116 -2.44405158  1.81145921  1.13712331 -0.60923956
  1.09390669 -2.02743242 -0.23233354  2.26508062 -0.35589647  0.45741013
  2.43303784  0.58052779  2.63198578  2.92340911  2.80607701 -2.95124294
  0.27466506 -0.3956496   1.72360362  2.97919558 -0.35098506 -2.34055584
  2.72308839 -3.18279203  0.55145381 -0.70632736 -1.76538074  3.07468652
 -1.9581956  -1.68278678 -2.54761838  2.36791856 -2.13058624  1.95600925
  1.71537697  1.45688588  2.52936337  2.88218703  2.00686765  1.49054574
 -1.75421993 -2.39481696  1.15136105  0.57983752  1.58033902 -2.77651283
 -0.10876903  2.50147934 -1.18238375  1.14074051  1.24497637  0.59910801
 -0.94465629  1.0876937   0.78983597 -0.39963885  2.81789667 -2.11796896
  1.56709372 -0.65502666  0.97876718 -3.19449463 -2.25995524  0.34937208
 -1.07926029 -0.40694573  0.26562266  0.05813977 -1.7600587  -0.21136683
 -0.6647925   2.86299748 -1.14487281 -1.19551686 -1.13490972  1.2620298
  1.60082795 -0.83116748  2.1349601  -1.42345817 -0.25253825 -0.88994478
 -2.96600206  3.1153194  -1.77710457  3.04735906 -1.3621456  -2.32875328
  3.82786547 -1.20301171 -0.54974252 -3.12210791 -2.50086744  2.9833073
 -1.9446787  -1.68793782 -0.40484998  2.94745033  0.1450499   0.03714403
 -1.61932909 -0.13452432 -1.58513173 -3.10459651  2.90582046  1.12612889
 -0.32024311 -2.31693189  1.0203949  -1.1754566  -0.28399924 -2.15404697
 -1.89586094  1.82779926 -0.99483604  2.59007382 -0.42463618 -3.10747448
 -2.83973288  2.04381444 -3.06494158 -0.23057873 -1.02782598 -0.17275456
  2.37650659  1.7298684  -0.3024311  -1.69837519 -3.04321897  0.1124893
 -0.82075463  1.46370229 -2.5286797   0.95923898 -0.02438895  0.20938778
  2.00191956  0.72520896  0.78085249 -1.21187705  1.60543174  2.56262235
  1.29626677  0.31717133 -0.98732073  2.57868881  0.8226395  -2.23205503
 -0.00433653  1.69729303  1.07373942 -0.65175282 -2.31995447  2.44796793
  2.03631296  1.63834647  2.25143558  1.88598405 -2.15898409 -2.89221027
  0.50695027  1.37808289 -2.40979574 -1.31209204  2.43807767  1.24981344
  0.04453212 -1.76979454 -1.56800052  1.93084707  1.46778955 -0.81918077
 -0.13821319 -0.46020663 -0.17427797  2.37995223 -0.56276264 -0.64726753
  1.09436419 -2.29628517  1.00594396  2.54354804 -0.49924422  2.10028087
 -1.97486954 -0.86339048 -2.41355571 -2.2849164  -1.37572016 -2.91955405
  1.59643857  1.85169547  1.65196915  1.01295728  1.41316476 -2.30586612
 -2.6848554   1.76216081  0.997937   -0.4149888  -2.62748425  1.55968231
 -1.20643805 -2.50079034  0.06099307]
Fri Jun 14 00:32:57 2024,894,0.07805035435051247,[-2.85241459e+00  2.03969859e+00 -1.60445841e+00  1.12254584e-02
  4.61398052e-01 -3.26054453e+00  3.24131829e+00  2.09866101e+00
  1.02356102e+00 -1.03158937e+00  5.55316901e-01  1.32002032e+00
  1.27755388e+00 -1.86195241e+00  7.86655202e-01  2.88804710e+00
 -3.88810574e-01 -4.30638892e-01 -1.91142298e+00  8.45948920e-01
  1.63048275e+00  2.90798910e+00 -1.40784639e+00 -4.37441661e-01
 -2.16902535e+00 -2.09507813e+00  3.10755449e+00  2.80778537e+00
 -6.99600279e-01 -2.62184253e+00  1.54890248e+00 -1.79969160e-01
 -2.44498958e+00  1.81052120e+00  1.13618531e+00 -6.10177558e-01
  1.09484470e+00 -2.02837042e+00 -2.31395542e-01  2.26414262e+00
 -3.56834470e-01  4.56472132e-01  2.43209984e+00  5.79589783e-01
  2.63292379e+00  2.92247110e+00  2.80701501e+00 -2.95218095e+00
  2.73727058e-01 -3.94711595e-01  1.72266562e+00  2.97825758e+00
 -3.51923065e-01 -2.34149384e+00  2.72215038e+00 -3.18185403e+00
  5.52391812e-01 -7.05389354e-01 -1.76631875e+00  3.07562452e+00
 -1.95913360e+00 -1.68184878e+00 -2.54855638e+00  2.36885656e+00
 -2.12964824e+00  1.95694725e+00  1.71631497e+00  1.45594788e+00
  2.53030137e+00  2.88312504e+00  2.00592965e+00  1.49148374e+00
 -1.75515793e+00 -2.39387896e+00  1.15229906e+00  5.80775522e-01
  1.57940102e+00 -2.77745083e+00 -1.09707030e-01  2.50054134e+00
 -1.18144575e+00  1.13980251e+00  1.24403837e+00  5.98170011e-01
 -9.45594288e-01  1.08675570e+00  7.90773973e-01 -4.00576848e-01
  2.81695867e+00 -2.11703096e+00  1.56615572e+00 -6.54088658e-01
  9.79705187e-01 -3.19543263e+00 -2.26089325e+00  3.50310078e-01
 -1.08019830e+00 -4.06007726e-01  2.66560664e-01  5.90777744e-02
 -1.75912070e+00 -2.10428831e-01 -6.65730507e-01  2.86205948e+00
 -1.14393481e+00 -1.19645486e+00 -1.13584773e+00  1.26109180e+00
  1.59988995e+00 -8.32105486e-01  2.13589810e+00 -1.42252017e+00
 -2.51600251e-01 -8.89006779e-01 -2.96506405e+00  3.11438140e+00
 -1.77616657e+00  3.04829706e+00 -1.36120759e+00 -2.32969129e+00
  3.82692746e+00 -1.20207371e+00 -5.48804519e-01 -3.12304591e+00
 -2.49992943e+00  2.98424531e+00 -1.94374069e+00 -1.68887583e+00
 -4.03911976e-01  2.94651233e+00  1.45987897e-01  3.80820302e-02
 -1.61839109e+00 -1.35462324e-01 -1.58419372e+00 -3.10365850e+00
  2.90488246e+00  1.12706689e+00 -3.19305109e-01 -2.31599389e+00
  1.02133291e+00 -1.17639460e+00 -2.84937245e-01 -2.15310897e+00
 -1.89492293e+00  1.82686126e+00 -9.95774038e-01  2.58913582e+00
 -4.23698181e-01 -3.10653648e+00 -2.83879487e+00  2.04287644e+00
 -3.06587959e+00 -2.31516735e-01 -1.02688797e+00 -1.73692562e-01
  2.37556859e+00  1.72893040e+00 -3.03369102e-01 -1.69743719e+00
 -3.04228096e+00  1.11551301e-01 -8.19816632e-01  1.46276429e+00
 -2.52961770e+00  9.58300975e-01 -2.53269476e-02  2.10325784e-01
  2.00098156e+00  7.24270958e-01  7.79914487e-01 -1.21093905e+00
  1.60449374e+00  2.56356035e+00  1.29720477e+00  3.18109333e-01
 -9.88258729e-01  2.57962681e+00  8.23577506e-01 -2.23299303e+00
 -3.39852983e-03  1.69823104e+00  1.07467742e+00 -6.50814823e-01
 -2.32089247e+00  2.44702993e+00  2.03725096e+00  1.63740847e+00
  2.25237358e+00  1.88504605e+00 -2.15992209e+00 -2.89314827e+00
  5.06012268e-01  1.37902089e+00 -2.41073375e+00 -1.31303004e+00
  2.43901567e+00  1.25075145e+00  4.35941205e-02 -1.76885654e+00
 -1.56706252e+00  1.92990907e+00  1.46685155e+00 -8.20118770e-01
 -1.37275191e-01 -4.61144630e-01 -1.73339966e-01  2.37901423e+00
 -5.63700640e-01 -6.48205535e-01  1.09530219e+00 -2.29722317e+00
  1.00500596e+00  2.54448604e+00 -5.00182218e-01  2.09934287e+00
 -1.97393154e+00 -8.64328486e-01 -2.41449371e+00 -2.28585440e+00
 -1.37665816e+00 -2.92049205e+00  1.59737657e+00  1.85263347e+00
  1.65290715e+00  1.01389529e+00  1.41222676e+00 -2.30680413e+00
 -2.68579341e+00  1.76309881e+00  9.96998995e-01 -4.14050798e-01
 -2.62842225e+00  1.56062032e+00 -1.20737605e+00 -2.50172834e+00
  6.00550634e-02]
Fri Jun 14 00:33:13 2024,895,0.07796231424135087,[-2.85367731  2.04096131 -1.60319568  0.00996273  0.46266078 -3.25928181
  3.24258101  2.09992374  1.02482374 -1.0328521   0.55657963  1.31875759
  1.27629115 -1.86321514  0.78539248  2.88930982 -0.38754785 -0.42937617
 -1.9126857   0.84721165  1.62922003  2.90925183 -1.40910912 -0.43617894
 -2.17028808 -2.09634085  3.10629177  2.8090481  -0.700863   -2.6205798
  1.54763976 -0.18123188 -2.44372686  1.80925848  1.13744803 -0.60891483
  1.09610742 -2.02963315 -0.23013282  2.26540535 -0.35809719  0.45773486
  2.43336256  0.57832706  2.63418651  2.92373383  2.80575229 -2.95091822
  0.27498978 -0.39597432  1.72140289  2.97952031 -0.35318579 -2.34023112
  2.72088766 -3.1805913   0.55112909 -0.70665208 -1.76505602  3.0743618
 -1.96039633 -1.68311151 -2.5498191   2.36759384 -2.12838551  1.95820997
  1.71505225  1.45721061  2.5315641   2.88438776  2.00466692  1.49274647
 -1.75389521 -2.39261623  1.15103633  0.5795128   1.57813829 -2.77871356
 -0.11096976  2.49927861 -1.18270848  1.13853978  1.2453011   0.59943274
 -0.94433156  1.08801843  0.78951125 -0.40183957  2.81822139 -2.11829369
  1.564893   -0.65282593  0.97844246 -3.19669536 -2.26215597  0.34904735
 -1.07893557 -0.40727045  0.26529794  0.0603405  -1.75785798 -0.20916611
 -0.66446778  2.8633222  -1.14519754 -1.19771759 -1.134585    1.25982907
  1.60115267 -0.83336821  2.13716082 -1.42125744 -0.25033753 -0.8902695
 -2.96380133  3.11311867 -1.77490384  3.04955979 -1.36247032 -2.32842856
  3.82819019 -1.20081098 -0.54754179 -3.12178318 -2.49866671  2.98550803
 -1.94500342 -1.69013855 -0.40264925  2.9452496   0.14472517  0.03934476
 -1.61965381 -0.13672505 -1.582931   -3.10492123  2.90614518  1.12580416
 -0.31804238 -2.31473116  1.02259563 -1.17765733 -0.28619997 -2.15184625
 -1.89618566  1.82559853 -0.99451131  2.58787309 -0.42496091 -3.10779921
 -2.8400576   2.04413917 -3.06714231 -0.23277946 -1.0281507  -0.17242984
  2.37430586  1.72766767 -0.30210638 -1.69617446 -3.04101824  0.11281403
 -0.81855391  1.46402701 -2.52835498  0.95703825 -0.02406422  0.21158851
  1.99971883  0.72300823  0.77865176 -1.20967632  1.60323101  2.56229763
  1.29846749  0.31684661 -0.986996    2.57836409  0.82484023 -2.23173031
 -0.00466125  1.69949376  1.07594015 -0.65207755 -2.3221552   2.4457672
  2.03598823  1.63867119  2.25363631  1.88378332 -2.15865937 -2.89441099
  0.50474954  1.37775816 -2.41199647 -1.31176731  2.43775295  1.25201417
  0.0423314  -1.76759381 -1.56832524  1.9311718   1.46558882 -0.82138149
 -0.13853792 -0.46240735 -0.17207724  2.37775151 -0.56243792 -0.64694281
  1.09403946 -2.29848589  1.00374324  2.54574877 -0.50144494  2.09808014
 -1.97519426 -0.86306576 -2.41323099 -2.28711713 -1.37539544 -2.92175477
  1.5986393   1.8538962   1.65164443  1.01263256  1.41348948 -2.30806685
 -2.68705613  1.76183609  0.99826172 -0.41278807 -2.62968497  1.55935759
 -1.20863878 -2.50046562  0.06131779]
Fri Jun 14 00:33:30 2024,896,0.07796214963113203,[-2.85367041  2.0409544  -1.60320259  0.00995582  0.46266769 -3.2592749
  3.24258792  2.09993064  1.02483065 -1.03284519  0.55657272  1.3187645
  1.27628424 -1.86320823  0.78539939  2.88931673 -0.38754094 -0.42938308
 -1.91269261  0.84720474  1.62922693  2.90924492 -1.40910221 -0.43617203
 -2.17029499 -2.09633394  3.10629867  2.80904119 -0.70086991 -2.62058671
  1.54764667 -0.18122498 -2.44371995  1.80925157  1.13745494 -0.60892174
  1.09611433 -2.02964006 -0.23013973  2.26539844 -0.35809029  0.45772795
  2.43335565  0.57833397  2.6341796   2.92374074  2.80574538 -2.95092513
  0.27498287 -0.39596741  1.72139598  2.97952722 -0.35317888 -2.34022421
  2.72088075 -3.18058439  0.55112218 -0.70664517 -1.76504911  3.07435489
 -1.96038942 -1.6831046  -2.54981219  2.36758693 -2.1283786   1.95821688
  1.71505915  1.45721751  2.53157101  2.88439467  2.00467383  1.49275338
 -1.7538883  -2.39262314  1.15104324  0.57950589  1.57813138 -2.77872047
 -0.11096285  2.49927171 -1.18271539  1.13854669  1.24529419  0.59942583
 -0.94432465  1.08801152  0.78950434 -0.40183266  2.8182283  -2.11828678
  1.5648999  -0.65283284  0.97843555 -3.19668845 -2.26216288  0.34905426
 -1.07892866 -0.40726354  0.26530485  0.06034741 -1.75786489 -0.20917301
 -0.66447469  2.86331529 -1.14519063 -1.1977245  -1.13457809  1.25982216
  1.60114576 -0.8333613   2.13716773 -1.42125054 -0.25033062 -0.89027641
 -2.96380824  3.11312558 -1.77489693  3.0495667  -1.36246341 -2.32843547
  3.82818328 -1.20080408 -0.54753489 -3.12177628 -2.4986598   2.98550112
 -1.94501033 -1.69013164 -0.40264234  2.94524269  0.14471826  0.03935166
 -1.6196469  -0.13671814 -1.58293791 -3.10492814  2.90613827  1.12579726
 -0.31804929 -2.31473807  1.02258872 -1.17765042 -0.28620688 -2.15185315
 -1.89617875  1.82559163 -0.99451822  2.58788    -0.42496781 -3.1077923
 -2.84005069  2.04414608 -3.06714922 -0.23278637 -1.02814379 -0.17242293
  2.37431277  1.72766076 -0.30211329 -1.69618137 -3.04102515  0.11280712
 -0.81856082  1.46402011 -2.52836189  0.95704516 -0.02407113  0.21159542
  1.99971192  0.72300132  0.77864485 -1.20966941  1.6032241   2.56230454
  1.2984744   0.3168397  -0.98700291  2.578371    0.82483332 -2.2317234
 -0.00465435  1.69950067  1.07593324 -0.65208446 -2.32216211  2.44576029
  2.03598132  1.6386781   2.25364322  1.88377641 -2.15865246 -2.89440408
  0.50475645  1.37775126 -2.41198956 -1.3117604   2.43774604  1.25202108
  0.04232449 -1.76758691 -1.56833215  1.93117871  1.46558192 -0.8213884
 -0.13854482 -0.46240045 -0.17208415  2.3777446  -0.56244482 -0.6469359
  1.09403255 -2.29847899  1.00375014  2.54574186 -0.50145185  2.09807323
 -1.97518735 -0.86305885 -2.41322408 -2.28712403 -1.37540235 -2.92176168
  1.59863239  1.85388929  1.65163752  1.01262565  1.41348257 -2.30807376
 -2.68704922  1.76182918  0.99825481 -0.41278116 -2.62967806  1.5593645
 -1.20863187 -2.50045871  0.0613247 ]
Fri Jun 14 00:33:47 2024,897,0.0778804859483931,[-2.85275679  2.04186802 -1.60228898  0.00904221  0.4635813  -3.26018851
  3.24167431  2.09901703  1.02391704 -1.03193158  0.55748633  1.31967811
  1.27537063 -1.86229462  0.786313    2.88840312 -0.38662733 -0.42846946
 -1.911779    0.84629112  1.62831332  2.91015853 -1.4081886  -0.43525841
 -2.16938138 -2.09724756  3.10538506  2.8099548  -0.6999563  -2.62150032
  1.54673305 -0.18031136 -2.44280634  1.80833796  1.13836856 -0.60800813
  1.09702794 -2.02872645 -0.22922611  2.26448483 -0.3590039   0.45864156
  2.43426927  0.57924758  2.63509322  2.92282712  2.80483176 -2.95183874
  0.27589649 -0.3950538   1.72048237  2.98044083 -0.35409249 -2.34113782
  2.71996714 -3.18149801  0.55203579 -0.70573156 -1.76596273  3.07344127
 -1.95947581 -1.68219099 -2.54889858  2.36667332 -2.12746499  1.95730327
  1.71414554  1.4563039   2.53065739  2.88530828  2.00558744  1.49366699
 -1.75480191 -2.39353675  1.15195685  0.57859227  1.57721777 -2.77963408
 -0.11187646  2.49835809 -1.18180177  1.13763308  1.24438058  0.60033944
 -0.94523827  1.08892513  0.79041795 -0.40091905  2.81731469 -2.11920039
  1.56398629 -0.65191923  0.97752194 -3.19577484 -2.26124927  0.34814065
 -1.07801505 -0.40817716  0.26621846  0.06126102 -1.75695127 -0.21008663
 -0.6653883   2.86240168 -1.14610424 -1.19863811 -1.13549171  1.26073577
  1.60205938 -0.83427492  2.13808135 -1.42033692 -0.25124423 -0.89119003
 -2.96289462  3.11221197 -1.77581055  3.04865309 -1.36337702 -2.32752186
  3.82909689 -1.19989046 -0.5484485  -3.12086266 -2.49957341  2.98641474
 -1.94592394 -1.68921803 -0.40172873  2.94615631  0.14563188  0.03843805
 -1.61873329 -0.13580453 -1.58202429 -3.10401452  2.90705189  1.12671087
 -0.31896291 -2.31565168  1.02350234 -1.17856403 -0.28529327 -2.15276677
 -1.89526514  1.82467801 -0.99360461  2.58696639 -0.42588143 -3.10870591
 -2.83913708  2.04323246 -3.06806283 -0.23187276 -1.0290574  -0.17333654
  2.37339916  1.72857438 -0.3030269  -1.69526776 -3.04193876  0.11372073
 -0.81947443  1.46310649 -2.5292755   0.95795877 -0.02315752  0.21250903
  1.99879831  0.72391494  0.77955847 -1.21058303  1.60231049  2.56321815
  1.29938802  0.31775331 -0.9860893   2.57745738  0.82391971 -2.23263701
 -0.00556796  1.70041428  1.07684685 -0.65117084 -2.32124849  2.44667391
  2.03506771  1.63776449  2.25272961  1.8828628  -2.15956607 -2.8953177
  0.50384284  1.37683764 -2.41107595 -1.31084679  2.43865965  1.25293469
  0.04141087 -1.76850052 -1.56924576  1.93209232  1.4646683  -0.82047479
 -0.13945844 -0.46148683 -0.17299776  2.37865821 -0.56153121 -0.64602229
  1.09311894 -2.29756537  1.00466376  2.54482824 -0.50236546  2.09898685
 -1.97610097 -0.86397247 -2.41231047 -2.28803765 -1.37631596 -2.92267529
  1.59771877  1.8548029   1.6507239   1.01171204  1.41439619 -2.30716015
 -2.68613561  1.76091557  0.99916842 -0.41369478 -2.63059168  1.55845089
 -1.20771826 -2.50137232  0.06223831]
Fri Jun 14 00:34:05 2024,898,0.07787084432777258,[-2.85328904  2.04133577 -1.60175673  0.00850997  0.46411354 -3.26072076
  3.24114206  2.09848479  1.02338479 -1.03246382  0.55801858  1.31914587
  1.27590288 -1.86282686  0.78684524  2.88893536 -0.38609508 -0.42793722
 -1.91124675  0.84682337  1.62778108  2.90962628 -1.40765635 -0.43472617
 -2.16991362 -2.0977798   3.10485281  2.81048705 -0.70048855 -2.62203257
  1.54620081 -0.18084361 -2.44227409  1.8088702   1.1389008  -0.60854037
  1.0964957  -2.02925869 -0.22869387  2.26395258 -0.35953615  0.45810932
  2.43480151  0.57977983  2.63562546  2.92335937  2.80429952 -2.9513065
  0.27642873 -0.39452155  1.72101462  2.98097308 -0.35462474 -2.34167007
  2.71943489 -3.18203025  0.55150354 -0.7062638  -1.76649497  3.07290903
 -1.96000805 -1.68272323 -2.54836634  2.36614107 -2.12799724  1.95783552
  1.71467779  1.45577166  2.53012515  2.88584053  2.0050552   1.49313474
 -1.75533416 -2.39300451  1.15142461  0.57912452  1.57668552 -2.77910183
 -0.11240871  2.49889034 -1.18126953  1.13816532  1.24384833  0.59980719
 -0.94577051  1.08945738  0.7909502  -0.40038681  2.81784693 -2.11866814
  1.56345405 -0.65245147  0.97805419 -3.19524259 -2.26071702  0.34867289
 -1.0774828  -0.4087094   0.26568621  0.06179327 -1.75748352 -0.21061887
 -0.66592055  2.86186943 -1.14557199 -1.19810586 -1.13602395  1.26126802
  1.60152713 -0.83480716  2.1375491  -1.41980468 -0.25177648 -0.89172227
 -2.96342687  3.11167972 -1.7752783   3.04918533 -1.36390927 -2.32698961
  3.82962914 -1.19935822 -0.54898075 -3.12033042 -2.50010566  2.98588249
 -1.94645619 -1.68868578 -0.40119648  2.94668855  0.14616412  0.0389703
 -1.61926553 -0.13633677 -1.58255654 -3.10348228  2.90651964  1.12724311
 -0.31843066 -2.31511944  1.02403458 -1.17909628 -0.28476102 -2.15329901
 -1.89579738  1.82414577 -0.99307236  2.58643414 -0.42534918 -3.10923816
 -2.83966932  2.04376471 -3.06753059 -0.23134051 -1.02852516 -0.17386879
  2.3739314   1.72804213 -0.30355915 -1.6958     -3.04140652  0.11425298
 -0.81894218  1.46363874 -2.52874325  0.95742653 -0.02262527  0.21304128
  1.99933056  0.72338269  0.77902622 -1.21111527  1.60177824  2.5637504
  1.29992026  0.31828556 -0.98555705  2.57798963  0.82338746 -2.23316926
 -0.00503571  1.69988204  1.0773791  -0.6506386  -2.32071625  2.44614166
  2.03453546  1.63829674  2.25219736  1.88339505 -2.15903382 -2.89584994
  0.50437508  1.37736989 -2.4105437  -1.31031455  2.43812741  1.25240245
  0.04087863 -1.76903276 -1.56871352  1.93262457  1.46520055 -0.82100704
 -0.13999068 -0.46201908 -0.17353001  2.37919046 -0.56099896 -0.64655453
  1.09258669 -2.29809762  1.00413151  2.544296   -0.50289771  2.0984546
 -1.97663321 -0.86344022 -2.41177822 -2.28856989 -1.37684821 -2.92320754
  1.59718653  1.85533515  1.65125615  1.01117979  1.41386394 -2.3066279
 -2.68560336  1.76038332  0.99863618 -0.41422702 -2.63005943  1.55898313
 -1.2082505  -2.50190457  0.06170606]
Fri Jun 14 00:34:23 2024,899,0.07785588020335876,[-2.85258201  2.04062874 -1.60104971  0.00780294  0.46340652 -3.26001373
  3.24043504  2.09919181  1.02267777 -1.03317085  0.55731155  1.31985289
  1.27519585 -1.86353389  0.78755227  2.88822834 -0.38680211 -0.42723019
 -1.91195377  0.84753039  1.62707405  2.90891926 -1.40836338 -0.43401914
 -2.17062065 -2.09707278  3.10414579  2.81119407 -0.70119557 -2.62273959
  1.54690783 -0.18013658 -2.44298111  1.80957723  1.13960783 -0.60783335
  1.09720272 -2.02996572 -0.22798684  2.2646596  -0.36024317  0.45740229
  2.43550854  0.5790728   2.63633249  2.92265235  2.80359249 -2.95059947
  0.27713576 -0.39522858  1.72172164  2.9816801  -0.35391772 -2.34237709
  2.71872787 -3.18273728  0.55221057 -0.70555678 -1.767202    3.072202
 -1.95930103 -1.68343026 -2.54765931  2.36684809 -2.12870426  1.95712849
  1.71538481  1.45506463  2.53083217  2.88654755  2.00576222  1.49384177
 -1.75462713 -2.39371153  1.15213163  0.57983155  1.5759785  -2.77980886
 -0.11311573  2.49818331 -1.1805625   1.1374583   1.24455535  0.60051422
 -0.94506349  1.08875035  0.79165722 -0.40109383  2.81855396 -2.11937517
  1.56274702 -0.65174445  0.97734716 -3.19594961 -2.26001     0.34937992
 -1.07677578 -0.40941643  0.26497919  0.06108624 -1.75677649 -0.2113259
 -0.66662757  2.86257646 -1.14486497 -1.19739884 -1.13531693  1.26197505
  1.60082011 -0.83410014  2.13825612 -1.41909765 -0.2524835  -0.89101525
 -2.96271985  3.11238675 -1.77457128  3.04847831 -1.36320224 -2.32628259
  3.82892212 -1.19865119 -0.54968777 -3.11962339 -2.50081268  2.98517547
 -1.94716321 -1.68939281 -0.40190351  2.94598153  0.14687115  0.03826327
 -1.61997256 -0.13562975 -1.58326357 -3.1041893   2.90722667  1.12795014
 -0.31913768 -2.31582646  1.02332756 -1.17838925 -0.28546804 -2.15400604
 -1.89509036  1.82343874 -0.99236534  2.58572711 -0.42464216 -3.10853113
 -2.84037635  2.04447173 -3.06682356 -0.23204753 -1.02923218 -0.17316176
  2.37322438  1.72874916 -0.30426617 -1.69509298 -3.04069949  0.11496
 -0.81823516  1.46293171 -2.52945028  0.95813355 -0.02191825  0.2137483
  1.99862353  0.72408972  0.7783192  -1.2118223   1.60248527  2.56304337
  1.29921324  0.31899258 -0.98626408  2.57869666  0.82268044 -2.23387628
 -0.00432869  1.70058906  1.07808612 -0.64993157 -2.32142327  2.44543464
  2.03382844  1.63758971  2.25149033  1.88410207 -2.1583268  -2.89514292
  0.50508211  1.37666286 -2.40983668 -1.31102157  2.43742038  1.25169542
  0.04158565 -1.76832574 -1.56800649  1.93333159  1.46449352 -0.82030001
 -0.14069771 -0.4627261  -0.17282298  2.37989748 -0.56029194 -0.64726156
  1.09187967 -2.29739059  1.00483854  2.54500302 -0.50360474  2.09774758
 -1.97734024 -0.86414724 -2.4110712  -2.28927692 -1.37755523 -2.92250052
  1.5964795   1.85604217  1.65054912  1.01188682  1.41315691 -2.30733492
 -2.68489634  1.76109034  0.9993432  -0.41493405 -2.62935241  1.55827611
 -1.20754348 -2.50261159  0.06099904]
Fri Jun 14 00:34:41 2024,900,0.07783970009676963,[-2.85292495  2.04097168 -1.60139265  0.00814588  0.46374946 -3.25967079
  3.2400921   2.09884887  1.02302071 -1.03351379  0.55765449  1.32019583
  1.27553879 -1.86319095  0.78789521  2.88857128 -0.38645917 -0.42688725
 -1.91229671  0.84718745  1.62741699  2.9092622  -1.40802044 -0.4336762
 -2.17096359 -2.09672984  3.10448873  2.81153701 -0.70153851 -2.62239665
  1.54656489 -0.17979364 -2.44332405  1.80923429  1.13995077 -0.60817629
  1.09685978 -2.03030866 -0.2276439   2.26500254 -0.35990023  0.45705935
  2.43585148  0.57941574  2.63598955  2.92230941  2.80393543 -2.95025653
  0.2774787  -0.39488564  1.7213787   2.98202304 -0.35426066 -2.34203415
  2.71838493 -3.18308022  0.55255351 -0.70521384 -1.76754494  3.07254494
 -1.95895809 -1.6837732  -2.54731637  2.36719103 -2.12836132  1.95747143
  1.71504187  1.45540757  2.53117511  2.88620461  2.00610516  1.49349883
 -1.75428419 -2.39336859  1.15247457  0.58017449  1.57632144 -2.77946592
 -0.11345867  2.49784037 -1.18090544  1.13780124  1.24489829  0.60017128
 -0.94540643  1.08909329  0.79200016 -0.40143677  2.81821102 -2.11971811
  1.56308996 -0.65140151  0.9776901  -3.19629255 -2.26035294  0.34903698
 -1.07643284 -0.40907349  0.26463625  0.0607433  -1.75643355 -0.21166884
 -0.66628463  2.8629194  -1.14452203 -1.1970559  -1.13497399  1.26163211
  1.60116305 -0.83444308  2.13859906 -1.41875471 -0.25214056 -0.89135819
 -2.96237691  3.11272969 -1.77491422  3.04813537 -1.36354518 -2.32593965
  3.82926506 -1.19899413 -0.55003071 -3.11996633 -2.50115562  2.98551841
 -1.94682027 -1.68904987 -0.40224645  2.94563859  0.14652821  0.03860621
 -1.61962962 -0.13528681 -1.58292063 -3.10384636  2.90756961  1.1276072
 -0.31948062 -2.3161694   1.02298462 -1.17873219 -0.28581098 -2.1536631
 -1.8954333   1.8230958  -0.9920224   2.58607005 -0.42429922 -3.10818819
 -2.84003341  2.04412879 -3.0671665  -0.23170459 -1.02888924 -0.1735047
  2.37288144  1.72840622 -0.30392323 -1.69475004 -3.04035655  0.11530294
 -0.81789222  1.46258877 -2.52910734  0.95779061 -0.02157531  0.21409124
  1.99828059  0.72443266  0.77797626 -1.21216524  1.60214233  2.56338631
  1.29955618  0.31933552 -0.98660702  2.57835372  0.8223375  -2.23353334
 -0.00398575  1.70024612  1.07774318 -0.64958863 -2.32176621  2.44577758
  2.03417138  1.63724677  2.25114739  1.88444501 -2.15866974 -2.89479998
  0.50473917  1.3770058  -2.40949374 -1.31136451  2.43707744  1.25203836
  0.04192859 -1.7679828  -1.56834943  1.93367453  1.46483646 -0.81995707
 -0.14035477 -0.46306904 -0.17316592  2.37955454 -0.56063488 -0.64691862
  1.09153673 -2.29704765  1.00518148  2.54466008 -0.50394768  2.09740464
 -1.9769973  -0.86449018 -2.41141414 -2.28893398 -1.37721229 -2.92215758
  1.59613656  1.85569923  1.65020619  1.01222976  1.41349985 -2.30699198
 -2.68523928  1.76143328  0.99968614 -0.41459111 -2.62969535  1.55793317
 -1.20720054 -2.50295453  0.06134198]
Fri Jun 14 00:34:58 2024,901,0.07783922112467519,[-2.85325494  2.0406417  -1.60106266  0.00847587  0.46341947 -3.26000078
  3.23976211  2.09851888  1.02269072 -1.03384377  0.55798448  1.31986584
  1.27586878 -1.86352094  0.7882252   2.88890127 -0.38678915 -0.42655726
 -1.91196673  0.84685747  1.62774698  2.90959219 -1.40835043 -0.43400619
 -2.17129357 -2.09705983  3.10481872  2.811867   -0.70120852 -2.62272664
  1.5462349  -0.18012363 -2.44365404  1.8089043   1.14028076 -0.60850628
  1.09718977 -2.03063864 -0.22797389  2.26533253 -0.36023022  0.45672936
  2.43552149  0.57908575  2.63631954  2.92263939  2.80360545 -2.95058652
  0.27780869 -0.39521563  1.72170869  2.98169305 -0.35459064 -2.34170416
  2.71871491 -3.18275023  0.55222352 -0.70488385 -1.76721495  3.07221495
 -1.95928808 -1.68410318 -2.54764636  2.36686105 -2.12869131  1.95714144
  1.71537186  1.45507758  2.5315051   2.8865346   2.00577517  1.49316884
 -1.75461418 -2.3930386   1.15214458  0.5798445   1.57665143 -2.77979591
 -0.11378866  2.49817036 -1.18057545  1.13747125  1.24522828  0.59984129
 -0.94507644  1.08942328  0.79233015 -0.40176676  2.81854101 -2.11938812
  1.56275997 -0.6517315   0.97802009 -3.19662254 -2.26002295  0.34936697
 -1.07676283 -0.4087435   0.26430626  0.06107329 -1.75610357 -0.21133885
 -0.66595465  2.86324939 -1.14485202 -1.19738589 -1.134644    1.26196209
  1.60149303 -0.83411309  2.13892905 -1.4190847  -0.25247055 -0.89168818
 -2.96204692  3.11305967 -1.7752442   3.04846536 -1.3632152  -2.32626963
  3.82959504 -1.19932412 -0.54970072 -3.11963634 -2.50082564  2.98518842
 -1.94649028 -1.68871988 -0.40257644  2.9453086   0.1468582   0.03827622
 -1.61929963 -0.1356168  -1.58325061 -3.10351637  2.90723962  1.12793719
 -0.31981061 -2.31583941  1.02331461 -1.1784022  -0.28614097 -2.15399309
 -1.89576329  1.82276581 -0.99235239  2.58640004 -0.42462921 -3.1078582
 -2.83970342  2.04445878 -3.06683651 -0.23137461 -1.02921923 -0.17383469
  2.37321143  1.72807623 -0.30359324 -1.69508003 -3.04068654  0.11497295
 -0.81822221  1.46291876 -2.52943733  0.95746062 -0.02124532  0.21376125
  1.9979506   0.72410267  0.77764627 -1.21183525  1.60181234  2.56305632
  1.29922619  0.31966551 -0.98693701  2.5786837   0.82266749 -2.23320336
 -0.00431574  1.69991613  1.07741319 -0.64991862 -2.32143622  2.44610756
  2.03450137  1.63691678  2.25147738  1.884775   -2.15899973 -2.89512997
  0.50440918  1.37667582 -2.40916375 -1.31103452  2.43674745  1.25236835
  0.0415986  -1.76831279 -1.56801944  1.93334454  1.46450648 -0.82028706
 -0.14002478 -0.46273906 -0.17283594  2.37988453 -0.56096487 -0.64724861
  1.09186672 -2.29737764  1.00485149  2.54433009 -0.50427766  2.09707465
 -1.97666731 -0.86482017 -2.41108415 -2.28860399 -1.3768823  -2.92248756
  1.59646655  1.85536924  1.6498762   1.01189977  1.41382984 -2.30732197
 -2.68490929  1.7611033   0.99935615 -0.4149211  -2.62936536  1.55760318
 -1.20687055 -2.50328452  0.06101199]
Fri Jun 14 00:35:15 2024,902,0.07780635199141447,[-2.85265009  2.04124654 -1.60045781  0.00787102  0.46402432 -3.26060563
  3.23915726  2.09791403  1.02329557 -1.03444862  0.55858933  1.32047069
  1.27526393 -1.86412579  0.78762035  2.88950611 -0.387394   -0.42716211
 -1.91136188  0.84625262  1.62835183  2.91019704 -1.40774558 -0.43340134
 -2.17189842 -2.09766467  3.10542357  2.81247185 -0.70060367 -2.62212179
  1.54683975 -0.18072848 -2.44304919  1.80829945  1.1408856  -0.60911113
  1.09658492 -2.03124349 -0.22857874  2.26472768 -0.36083507  0.45612451
  2.43491664  0.5796906   2.63571469  2.92203455  2.8030006  -2.94998167
  0.27841354 -0.39582047  1.72231354  2.9810882  -0.35398579 -2.34109931
  2.71811007 -3.18214538  0.55161867 -0.704279   -1.7678198   3.07161011
 -1.95989293 -1.68349834 -2.54704151  2.3662562  -2.12808646  1.95653659
  1.71476701  1.45568243  2.53090025  2.88713945  2.00517032  1.49377369
 -1.75400933 -2.39364345  1.15153973  0.58044935  1.57604658 -2.77919106
 -0.11439351  2.49756551 -1.1811803   1.1380761   1.24462343  0.60044614
 -0.94568129  1.08881843  0.7917253  -0.40237161  2.81793616 -2.11878327
  1.56336482 -0.65112665  0.97862494 -3.19722739 -2.2594181   0.34876212
 -1.07615798 -0.40813865  0.26370141  0.06046844 -1.75670841 -0.210734
 -0.6665595   2.86385424 -1.14545687 -1.19678104 -1.13403915  1.26256694
  1.60088818 -0.83350824  2.1383242  -1.41968955 -0.2530754  -0.89229302
 -2.96265177  3.11245483 -1.77584905  3.04786051 -1.36382004 -2.32566479
  3.83019989 -1.19871927 -0.54909587 -3.11903149 -2.50143048  2.98579327
 -1.94709513 -1.68932473 -0.40197159  2.94470375  0.14746304  0.03767137
 -1.61869478 -0.13501195 -1.58264577 -3.10412122  2.90784447  1.12733234
 -0.32041546 -2.31523456  1.02391945 -1.17900705 -0.28553612 -2.15338824
 -1.89636814  1.82337066 -0.99295724  2.58579519 -0.42523405 -3.10725335
 -2.84030827  2.04506363 -3.06744136 -0.23197945 -1.02861438 -0.17322984
  2.37381628  1.72868108 -0.30419809 -1.69447518 -3.04129139  0.1155778
 -0.81761736  1.46352361 -2.53004218  0.95806547 -0.02185017  0.2143661
  1.99855545  0.72470752  0.77825112 -1.2112304   1.60120749  2.56366117
  1.29862134  0.31906066 -0.98754185  2.57807886  0.82206264 -2.23259851
 -0.00492059  1.69931128  1.07680834 -0.64931377 -2.32204107  2.44671241
  2.03510622  1.63631193  2.25208223  1.88537985 -2.15839488 -2.89452512
  0.50380433  1.37728067 -2.4085589  -1.31163937  2.4373523   1.2529732
  0.04099375 -1.76891764 -1.56862429  1.93273969  1.46390163 -0.82089191
 -0.13941993 -0.46213421 -0.17344078  2.38048938 -0.56036002 -0.64785346
  1.09247157 -2.29798249  1.00424664  2.54493494 -0.50367281  2.0976795
 -1.97606246 -0.86542502 -2.4104793  -2.28799914 -1.37748715 -2.92188272
  1.5958617   1.85597409  1.65048105  1.01250462  1.41322499 -2.30671712
 -2.68430444  1.76170815  0.99875131 -0.41552595 -2.62997021  1.55820803
 -1.2074754  -2.50388937  0.06040714]
Fri Jun 14 00:35:33 2024,903,0.07769768374616993,[-2.8541097   2.04270615 -1.5989982   0.00933063  0.46256471 -3.25914603
  3.24061687  2.09645443  1.02183596 -1.03590823  0.56004894  1.31901109
  1.27380432 -1.86266618  0.78907995  2.89096572 -0.3859344  -0.42570251
 -1.90990227  0.84771222  1.62981143  2.91165664 -1.40628597 -0.43486095
 -2.17043882 -2.09912428  3.10396396  2.81393146 -0.69914407 -2.62066219
  1.54538015 -0.17926888 -2.4445088   1.80975906  1.14234521 -0.61057073
  1.09804453 -2.02978389 -0.22711913  2.26326808 -0.36229467  0.45758412
  2.43637625  0.578231    2.63425508  2.92349415  2.80154099 -2.95144128
  0.27695393 -0.39436087  1.72377314  2.9796286  -0.3554454  -2.34255892
  2.71956967 -3.18068577  0.55015907 -0.70573861 -1.7692794   3.0701505
 -1.96135253 -1.68495794 -2.54850112  2.36479659 -2.12954607  1.95507699
  1.71622662  1.45422283  2.53235986  2.88859906  2.00371072  1.49231408
 -1.75254973 -2.39510306  1.15299934  0.57898974  1.57750618 -2.77773145
 -0.11585311  2.49610591 -1.1797207   1.13661649  1.24316383  0.59898653
 -0.94422168  1.09027804  0.79318491 -0.400912    2.81939576 -2.11732367
  1.56190522 -0.65258625  0.97716533 -3.198687   -2.26087771  0.35022172
 -1.07761758 -0.40959826  0.26224181  0.05900884 -1.75816802 -0.2092744
 -0.66509989  2.86531384 -1.14691647 -1.19824065 -1.13257954  1.26110734
  1.60234779 -0.83496785  2.1368646  -1.41822994 -0.25161579 -0.89083342
 -2.96119216  3.11391443 -1.77730866  3.0464009  -1.36527965 -2.32420518
  3.8316595  -1.20017888 -0.54763627 -3.1204911  -2.50289009  2.98433366
 -1.94563553 -1.68786512 -0.40051198  2.94324415  0.14600344  0.03913098
 -1.61723518 -0.13647155 -1.58118616 -3.10266162  2.90638486  1.12879194
 -0.31895586 -2.31669417  1.02245985 -1.17754745 -0.28699573 -2.15484784
 -1.89490853  1.82483027 -0.99149763  2.5872548  -0.42669366 -3.10871296
 -2.84176787  2.04652324 -3.06598176 -0.23343906 -1.02715478 -0.17177024
  2.37527588  1.72722147 -0.30273848 -1.69301557 -3.03983178  0.11703741
 -0.81615775  1.46498322 -2.53150178  0.95660587 -0.02039056  0.21582571
  2.00001506  0.72616712  0.77679151 -1.21269     1.59974788  2.56512078
  1.30008095  0.31760106 -0.98900146  2.57953846  0.82060303 -2.2311389
 -0.00638019  1.69785168  1.07534874 -0.64785417 -2.32058147  2.44817202
  2.03364661  1.63485233  2.25354184  1.88392024 -2.15693527 -2.89598472
  0.50234473  1.37582106 -2.41001851 -1.31309898  2.43881191  1.25443281
  0.04245336 -1.77037724 -1.5700839   1.93128009  1.46244202 -0.8194323
 -0.14087954 -0.4606746  -0.17198118  2.38194899 -0.55890041 -0.64931306
  1.09101196 -2.2994421   1.00278703  2.54347534 -0.50221321  2.09621989
 -1.97460285 -0.86688463 -2.41193891 -2.28653954 -1.37602755 -2.92334232
  1.5944021   1.85451449  1.65194065  1.01396423  1.4146846  -2.30817673
 -2.68576405  1.76316775  1.00021091 -0.41698555 -2.6285106   1.55966763
 -1.208935   -2.50242977  0.06186675]
Fri Jun 14 00:35:50 2024,904,0.0776803419624311,[-2.85481599  2.04341244 -1.59829191  0.01003692  0.46185842 -3.25985232
  3.23991057  2.09574813  1.02254226 -1.03661452  0.55934264  1.31830479
  1.27451062 -1.86337247  0.78978625  2.89167201 -0.3852281  -0.4264088
 -1.91060857  0.84700593  1.62910514  2.91236294 -1.40557968 -0.43556724
 -2.16973252 -2.09841799  3.10325767  2.81463775 -0.69985036 -2.62136848
  1.54467385 -0.17856258 -2.44380251  1.80905276  1.1430515  -0.60986444
  1.09875082 -2.03049018 -0.22782543  2.26397437 -0.36300097  0.45687783
  2.43566995  0.57893729  2.63354879  2.92278786  2.80224728 -2.95214757
  0.27766022 -0.39506716  1.72447944  2.9789223  -0.35615169 -2.34185263
  2.71886338 -3.17997948  0.55086536 -0.7064449  -1.7699857   3.06944421
 -1.96205883 -1.68425165 -2.54779482  2.3640903  -2.12883977  1.95437069
  1.71552032  1.45351653  2.53165356  2.88930535  2.00300442  1.49302038
 -1.75325602 -2.39580935  1.15370563  0.57969603  1.57821248 -2.77843775
 -0.11655941  2.4968122  -1.1790144   1.1359102   1.24245753  0.59828024
 -0.94351539  1.09098433  0.7938912  -0.40020571  2.82010206 -2.11661737
  1.56119892 -0.65187996  0.97645904 -3.1979807  -2.261584    0.35092802
 -1.07832388 -0.41030455  0.26153551  0.05971513 -1.75746173 -0.2085681
 -0.6643936   2.86602014 -1.14762277 -1.19753435 -1.13328584  1.26040104
  1.60305408 -0.83426155  2.13757089 -1.41752365 -0.2509095  -0.89012712
 -2.96189845  3.11320814 -1.77801495  3.04569461 -1.36598594 -2.32349889
  3.8309532  -1.20088517 -0.54692997 -3.11978481 -2.50359638  2.98503995
 -1.94492923 -1.68715883 -0.40121827  2.94395044  0.14670973  0.03842469
 -1.61652888 -0.13717785 -1.58189245 -3.10195532  2.90567857  1.12949824
 -0.31966215 -2.31598788  1.02316614 -1.17825374 -0.28770202 -2.15414155
 -1.89420224  1.82412397 -0.99220392  2.58796109 -0.42598737 -3.10800667
 -2.84247417  2.04581694 -3.06668805 -0.23273277 -1.02644848 -0.17106394
  2.37456959  1.72651518 -0.30344478 -1.69230928 -3.03912549  0.1177437
 -0.81545146  1.46427692 -2.53079549  0.95731216 -0.02109686  0.216532
  2.00072135  0.72546083  0.7774978  -1.2133963   1.59904159  2.56441448
  1.30078724  0.31830735 -0.98970775  2.57883217  0.82130933 -2.23043261
 -0.00708649  1.69714538  1.07464244 -0.64714787 -2.32128776  2.44887831
  2.03435291  1.63414603  2.25424813  1.88321395 -2.15622898 -2.89669102
  0.50163843  1.37511477 -2.4107248  -1.31380527  2.43810562  1.25372651
  0.04315965 -1.77108354 -1.57079019  1.93057379  1.46173573 -0.8201386
 -0.14158583 -0.45996831 -0.17268747  2.38124269 -0.55960671 -0.65001936
  1.09171826 -2.30014839  1.00208074  2.54418163 -0.5029195   2.0955136
 -1.97530915 -0.86617833 -2.41123261 -2.28724583 -1.37673384 -2.92263603
  1.59510839  1.85522078  1.65123436  1.01325793  1.41539089 -2.30747044
 -2.68505775  1.76246146  0.99950462 -0.41769185 -2.62780431  1.56037393
 -1.20822871 -2.50172347  0.06257304]
Fri Jun 14 00:36:07 2024,905,0.0774686897248384,[-2.85309158  2.04513686 -1.5965675   0.00831251  0.46013401 -3.25812791
  3.24163498  2.09747254  1.02081785 -1.03833893  0.55761823  1.31658038
  1.27278621 -1.86509688  0.79151066  2.89339643 -0.38695251 -0.42468439
 -1.91233298  0.84873034  1.62738073  2.91408735 -1.40730409 -0.43384283
 -2.16800811 -2.1001424   3.10498208  2.81291334 -0.70157477 -2.62309289
  1.54639826 -0.17683817 -2.44207809  1.80732835  1.14477592 -0.60814003
  1.09702641 -2.02876577 -0.22954984  2.26224996 -0.36127656  0.45515341
  2.43394554  0.5806617   2.63182438  2.92451227  2.8039717  -2.95042316
  0.27593581 -0.39334275  1.72275503  2.98064671 -0.35442728 -2.34012821
  2.72058779 -3.17825507  0.55258977 -0.70472049 -1.76826129  3.07116862
 -1.96378324 -1.68252724 -2.54951923  2.36236589 -2.12711536  1.95264628
  1.71379591  1.45179212  2.52992915  2.88758094  2.00472883  1.49474479
 -1.75153161 -2.39753376  1.15198122  0.57797162  1.57993689 -2.77671333
 -0.11828382  2.49508779 -1.18073881  1.13418579  1.24073312  0.60000465
 -0.94179098  1.08925992  0.79216679 -0.3984813   2.81837764 -2.11834178
  1.55947451 -0.65360437  0.97473463 -3.19625629 -2.25985959  0.35265243
 -1.07659947 -0.41202896  0.26325992  0.05799072 -1.75918614 -0.21029251
 -0.66266918  2.86774455 -1.14934718 -1.19925876 -1.13156143  1.25867663
  1.6047785  -0.83253714  2.13584648 -1.41579924 -0.24918509 -0.88840271
 -2.96362287  3.11493255 -1.77973936  3.04741902 -1.36426153 -2.32177447
  3.83267762 -1.20260958 -0.54865438 -3.12150922 -2.5053208   2.98331554
 -1.94665364 -1.68888324 -0.40294269  2.94222603  0.14843414  0.0401491
 -1.61825329 -0.13890226 -1.58016804 -3.10367974  2.90740298  1.12777383
 -0.32138656 -2.31771229  1.02489055 -1.17997815 -0.28942644 -2.15586596
 -1.89592665  1.82584839 -0.99392834  2.58623668 -0.42426295 -3.10628225
 -2.84419858  2.04409253 -3.06496364 -0.23445718 -1.02817289 -0.17278835
  2.376294    1.72823959 -0.30172037 -1.69058486 -3.0408499   0.11946811
 -0.81372705  1.46600134 -2.52907108  0.95558775 -0.01937244  0.21480759
  1.99899694  0.72373642  0.77577339 -1.21512071  1.600766    2.56269007
  1.30251165  0.31658294 -0.98798334  2.58055658  0.81958491 -2.23215702
 -0.0088109   1.69542097  1.07291803 -0.64542346 -2.31956335  2.4471539
  2.03262849  1.63242162  2.25252372  1.88493836 -2.15795339 -2.89841543
  0.49991402  1.37683918 -2.41244921 -1.31552968  2.4363812   1.2520021
  0.04143524 -1.76935913 -1.56906578  1.92884938  1.46001132 -0.82186301
 -0.13986142 -0.46169272 -0.17441188  2.3829671  -0.5578823  -0.64829494
  1.08999384 -2.3018728   1.00035633  2.54245722 -0.50119509  2.09723801
 -1.97358474 -0.86790274 -2.41295702 -2.28552142 -1.37500943 -2.92436044
  1.5968328   1.85694519  1.65295877  1.01498234  1.41711531 -2.30919485
 -2.68678217  1.76418587  0.99778021 -0.41941626 -2.62952872  1.56209834
 -1.2065043  -2.50344788  0.06084863]
Fri Jun 14 00:36:25 2024,906,0.07733428589183464,[-2.85430517  2.04392327 -1.59778109  0.00709892  0.45892042 -3.2593415
  3.24042139  2.09625895  1.01960426 -1.03955252  0.55883182  1.31779397
  1.27157262 -1.86388329  0.79272425  2.89218284 -0.3881661  -0.4234708
 -1.91111939  0.84994393  1.62616714  2.91287376 -1.4060905  -0.43505642
 -2.1692217  -2.09892881  3.10619567  2.81412693 -0.70036118 -2.6218793
  1.54518467 -0.17805176 -2.44329168  1.80611476  1.14598951 -0.60692644
  1.09824    -2.02997936 -0.22833625  2.26103637 -0.36249015  0.456367
  2.43273195  0.57944811  2.63061079  2.92572586  2.80518529 -2.95163675
  0.27472222 -0.39212916  1.72396862  2.9818603  -0.35321369 -2.3413418
  2.72180138 -3.17946866  0.55137618 -0.70593408 -1.7670477   3.07238221
 -1.96499683 -1.68131365 -2.55073282  2.3611523  -2.12590177  1.95385987
  1.7150095   1.45057853  2.53114274  2.88879453  2.00594243  1.4935312
 -1.7527452  -2.39632017  1.15319481  0.57675803  1.5787233  -2.77549974
 -0.11949741  2.49630138 -1.17952522  1.1329722   1.23951953  0.60121824
 -0.94057739  1.09047351  0.7909532  -0.39726771  2.81959123 -2.11955537
  1.5606881  -0.65481796  0.97352104 -3.1950427  -2.258646    0.35143884
 -1.07781306 -0.41081537  0.26204633  0.05920431 -1.75797255 -0.20907892
 -0.66388277  2.86653096 -1.14813359 -1.19804517 -1.13034784  1.25989022
  1.60599209 -0.83132355  2.13463289 -1.41458565 -0.2479715  -0.8896163
 -2.96483646  3.11614614 -1.77852577  3.04620543 -1.36547512 -2.32056088
  3.83389121 -1.20382317 -0.54744079 -3.12029563 -2.50410721  2.98210195
 -1.94544005 -1.69009683 -0.40415628  2.94101244  0.14964773  0.04136269
 -1.6170397  -0.14011585 -1.57895445 -3.10489333  2.90618939  1.12656024
 -0.32260015 -2.3164987   1.02610414 -1.17876456 -0.29064003 -2.15707955
 -1.89471306  1.82706198 -0.99514193  2.58745027 -0.42547655 -3.10506866
 -2.84541217  2.04287894 -3.06617723 -0.23324359 -1.02938648 -0.17400194
  2.37750759  1.72945318 -0.30050678 -1.68937127 -3.03963631  0.11825452
 -0.81494064  1.46478775 -2.52785749  0.95437416 -0.01815885  0.21602118
  2.00021053  0.72495001  0.77698698 -1.2163343   1.60197959  2.56147648
  1.30129806  0.31779653 -0.98919693  2.57934299  0.8207985  -2.23094343
 -0.01002449  1.69663456  1.07413162 -0.64663705 -2.31834976  2.44594031
  2.03384208  1.63363521  2.25131013  1.88372477 -2.15916698 -2.89720184
  0.50112761  1.37562559 -2.41123562 -1.31431609  2.43516761  1.25078851
  0.04264883 -1.76814554 -1.56785219  1.92763579  1.45879772 -0.8230766
 -0.13864783 -0.46290631 -0.17562547  2.38418069 -0.55909589 -0.64950853
  1.08878025 -2.30065921  0.99914274  2.54124363 -0.50240868  2.0984516
 -1.97479833 -0.86911634 -2.41174343 -2.28430783 -1.37622302 -2.92314685
  1.59561921  1.85815878  1.65174518  1.01619593  1.41590172 -2.31040844
 -2.68556858  1.76539946  0.99656662 -0.42062985 -2.62831513  1.56331193
 -1.20771789 -2.50466147  0.06206222]
Fri Jun 14 00:36:42 2024,907,0.07721823853310886,[-2.85318281  2.0428009  -1.59665872  0.00597656  0.46004278 -3.26046386
  3.24154376  2.09738132  1.01848189 -1.03843016  0.55770946  1.31891633
  1.27045026 -1.86500566  0.79384661  2.8933052  -0.38704374 -0.42234844
 -1.91224175  0.84882157  1.6272895   2.9117514  -1.40496814 -0.43393406
 -2.17034406 -2.10005117  3.10507331  2.81524929 -0.69923882 -2.62075694
  1.54630703 -0.17917412 -2.44216932  1.8049924   1.14486714 -0.6080488
  1.09936236 -2.03110172 -0.22721389  2.26215873 -0.36361251  0.45524464
  2.43385431  0.57832575  2.62948842  2.92684822  2.80406292 -2.95051439
  0.27359986 -0.3910068   1.72284626  2.98073794 -0.35433605 -2.34021944
  2.72292374 -3.1783463   0.55025382 -0.70705644 -1.76817006  3.07350457
 -1.96611919 -1.68243601 -2.54961046  2.36227466 -2.12477941  1.95498223
  1.71388714  1.44945617  2.5322651   2.88767217  2.00706479  1.49465356
 -1.75162284 -2.39519781  1.15431717  0.57788039  1.57760094 -2.77437738
 -0.11837505  2.49742374 -1.17840286  1.13409456  1.24064189  0.6023406
 -0.93945503  1.08935115  0.79207556 -0.39839007  2.8207136  -2.11843301
  1.55956574 -0.65594032  0.97239868 -3.19616506 -2.25976836  0.35031648
 -1.0766907  -0.41193773  0.26092397  0.05808195 -1.75909491 -0.21020128
 -0.66500514  2.8654086  -1.14701123 -1.19916753 -1.1314702   1.26101258
  1.60486972 -0.83244591  2.13351053 -1.41346329 -0.24684914 -0.88849394
 -2.96371409  3.1172685  -1.77740341  3.04508307 -1.36659748 -2.31943852
  3.83276885 -1.20494553 -0.54631843 -3.12141799 -2.50522957  2.98097959
 -1.94431769 -1.69121919 -0.40527864  2.93989008  0.14852537  0.04024033
 -1.61816206 -0.14123821 -1.58007681 -3.10601569  2.90731175  1.1276826
 -0.32147779 -2.31537634  1.02722651 -1.17988692 -0.29176239 -2.15820191
 -1.8935907   1.82593961 -0.99401956  2.58857263 -0.42659891 -3.10619103
 -2.84653453  2.04175658 -3.06729959 -0.23436595 -1.03050885 -0.17287958
  2.37638523  1.72833082 -0.30162914 -1.68824891 -3.03851395  0.11937688
 -0.81381827  1.46366538 -2.52673512  0.95549652 -0.01703649  0.21714354
  1.99908817  0.72382765  0.77586462 -1.21745666  1.60085723  2.56035412
  1.3001757   0.31891889 -0.98807457  2.58046535  0.82192087 -2.22982107
 -0.00890213  1.6955122   1.07300926 -0.64551469 -2.31947212  2.44481795
  2.03496445  1.63475757  2.25243249  1.88260241 -2.15804462 -2.8983242
  0.50224997  1.37674795 -2.41235799 -1.31319373  2.43628998  1.25191087
  0.04377119 -1.76702317 -1.56897455  1.92651343  1.45767536 -0.82195424
 -0.13752547 -0.46402867 -0.17674784  2.38530305 -0.55797352 -0.64838617
  1.08990262 -2.29953685  0.99802037  2.54012127 -0.50353104  2.09732924
 -1.97592069 -0.8702387  -2.41286579 -2.28318547 -1.37510066 -2.92202449
  1.59674157  1.85703642  1.65062282  1.01507357  1.41477935 -2.3115308
 -2.68444621  1.76652182  0.99544425 -0.42175221 -2.62943749  1.56218957
 -1.20884025 -2.50353911  0.06093986]
Fri Jun 14 00:36:59 2024,908,0.07729481409543178,[-2.85386427  2.04211945 -1.59734018  0.00665801  0.45936132 -3.25978241
  3.24222521  2.09806277  1.01916335 -1.03774871  0.557028    1.31959779
  1.2697688  -1.86568711  0.79316516  2.89398665 -0.38636229 -0.42302989
 -1.91156029  0.84950302  1.62660804  2.91243285 -1.40428668 -0.43461552
 -2.16966261 -2.10073262  3.10575476  2.81593075 -0.69992028 -2.6214384
  1.54562558 -0.17849267 -2.44285078  1.80567385  1.1455486  -0.60736734
  1.10004382 -2.03178318 -0.22653243  2.26284019 -0.36293105  0.45456319
  2.43453577  0.57764429  2.63016988  2.92752968  2.80338147 -2.94983293
  0.27291841 -0.39032534  1.7221648   2.9814194  -0.35501751 -2.3409009
  2.7236052  -3.17902775  0.55093528 -0.7077379  -1.7674886   3.07282311
 -1.96680064 -1.68311746 -2.55029192  2.3615932  -2.12409795  1.95430078
  1.71320568  1.45013762  2.53294656  2.88835362  2.00638333  1.4939721
 -1.75230429 -2.39451636  1.15499863  0.57856185  1.57828239 -2.77369593
 -0.11769359  2.4981052  -1.17772141  1.1334131   1.24132335  0.60302206
 -0.94013648  1.0900326   0.79275702 -0.39907152  2.82003214 -2.11911447
  1.55888428 -0.65525887  0.97308013 -3.19548361 -2.2590869   0.35099793
 -1.07600924 -0.41261919  0.26160543  0.05740049 -1.75977636 -0.21088274
 -0.66568659  2.86472714 -1.14769268 -1.19984899 -1.13078874  1.26169404
  1.60555118 -0.83176446  2.13282907 -1.41414474 -0.24616768 -0.8891754
 -2.96439555  3.11658705 -1.77808487  3.04576452 -1.36591603 -2.31875707
  3.83208739 -1.20426408 -0.54699989 -3.12209944 -2.50454811  2.98029814
 -1.94499915 -1.69053774 -0.40459718  2.94057153  0.14784392  0.03955887
 -1.61884352 -0.14055676 -1.58075827 -3.10533423  2.90663029  1.12700114
 -0.32215925 -2.31469488  1.02790796 -1.17920547 -0.29108093 -2.15888337
 -1.89427215  1.82525816 -0.99333811  2.58789118 -0.42728036 -3.10550957
 -2.84585308  2.04107512 -3.06798105 -0.23368449 -1.0311903  -0.17219813
  2.37706668  1.72901227 -0.30094768 -1.68893037 -3.03783249  0.12005834
 -0.81449973  1.46434684 -2.52741658  0.95617797 -0.01635504  0.21646209
  1.99840671  0.72314619  0.77654608 -1.21813812  1.60153869  2.56103558
  1.29949425  0.31960035 -0.98875603  2.57978389  0.82260232 -2.23050252
 -0.00958358  1.69483075  1.07232781 -0.64483323 -2.32015357  2.4441365
  2.0356459   1.63543903  2.25311395  1.88192095 -2.15872608 -2.89900566
  0.50156852  1.37606649 -2.41303944 -1.31387519  2.43697143  1.25122942
  0.04308974 -1.76770463 -1.5682931   1.92583197  1.45835682 -0.82263569
 -0.13820692 -0.46471012 -0.17606638  2.3846216  -0.55729207 -0.64906763
  1.09058407 -2.2988554   0.99870183  2.53943981 -0.5042125   2.09664778
 -1.97523923 -0.86955724 -2.41354725 -2.28250401 -1.37578211 -2.92270594
  1.59606012  1.85635497  1.64994136  1.01439212  1.4140979  -2.31084934
 -2.68376476  1.76584037  0.99612571 -0.42243366 -2.63011895  1.56287102
 -1.20952171 -2.50285766  0.06162131]
Fri Jun 14 00:37:17 2024,909,0.0772557834798642,[-2.8556617   2.04391689 -1.59554274  0.00845545  0.45756389 -3.26157984
  3.24042777  2.09986021  1.02096079 -1.03954615  0.55523057  1.31780035
  1.26797136 -1.86388967  0.79496259  2.89578409 -0.38815973 -0.42482733
 -1.90976286  0.85130046  1.62840548  2.91063541 -1.40248924 -0.43641295
 -2.16786517 -2.10253006  3.10395733  2.81413331 -0.69812284 -2.61964096
  1.54742302 -0.17669523 -2.44105334  1.80747129  1.14734604 -0.60916478
  1.09824638 -2.03358061 -0.22473499  2.26463762 -0.36472849  0.45276575
  2.43273833  0.57584686  2.63196732  2.92932711  2.80517891 -2.95163037
  0.27112097 -0.38852791  1.72036736  2.98321684 -0.35681495 -2.34269834
  2.72180776 -3.17723031  0.54913784 -0.70953533 -1.76928604  3.07102568
 -1.96859808 -1.6849149  -2.54849448  2.36339064 -2.12589539  1.95609822
  1.71500312  1.44834019  2.53114912  2.88655619  2.00818077  1.49217467
 -1.75410173 -2.39631379  1.15320119  0.58035929  1.57648495 -2.77549336
 -0.11589616  2.49990263 -1.17951884  1.13161567  1.23952591  0.60122462
 -0.93833904  1.09183004  0.79455445 -0.40086896  2.82182958 -2.12091191
  1.55708685 -0.65705631  0.97128269 -3.19728105 -2.25728947  0.35279537
 -1.0742118  -0.41082175  0.26340287  0.05560305 -1.75797893 -0.2090853
 -0.66748403  2.86652458 -1.14949012 -1.20164643 -1.12899131  1.26349148
  1.60375374 -0.83356189  2.13103164 -1.4123473  -0.24437024 -0.89097283
 -2.96259811  3.11478961 -1.77988231  3.04396708 -1.36771347 -2.31695963
  3.83028995 -1.20606152 -0.54520245 -3.12030201 -2.50275067  2.9785007
 -1.94320171 -1.69233517 -0.40639462  2.93877409  0.14604648  0.03776143
 -1.61704608 -0.13875932 -1.58255571 -3.10353679  2.90842773  1.12879858
 -0.32395668 -2.31649232  1.02611052 -1.1810029  -0.29287837 -2.16068081
 -1.89247471  1.8270556  -0.99513555  2.58968862 -0.42548292 -3.10730701
 -2.84765051  2.03927769 -3.06977848 -0.23188706 -1.02939286 -0.17399556
  2.37886412  1.72721484 -0.30274512 -1.68713293 -3.03962993  0.12185578
 -0.81629717  1.46614428 -2.52561914  0.95797541 -0.01815247  0.21466465
  2.00020415  0.72134875  0.77834351 -1.21993555  1.60333612  2.56283301
  1.29769681  0.31780291 -0.98695859  2.58158133  0.82080488 -2.22870509
 -0.01138102  1.69303331  1.07053037 -0.64663067 -2.31835614  2.44233906
  2.03384846  1.63723647  2.25131651  1.88371839 -2.16052351 -2.89720822
  0.50336595  1.37786393 -2.41483688 -1.31567262  2.43876887  1.25302685
  0.0412923  -1.76950207 -1.56649566  1.92762941  1.45655938 -0.82083826
 -0.14000436 -0.46650756 -0.17786382  2.38641904 -0.55549463 -0.65086507
  1.08878663 -2.29705796  0.99690439  2.53764238 -0.50241506  2.09844522
 -1.97703667 -0.8677598  -2.41534469 -2.28430145 -1.37398468 -2.92450338
  1.59426268  1.8581524   1.6517388   1.01618955  1.41230046 -2.30905191
 -2.68196732  1.76404293  0.99792315 -0.4242311  -2.62832151  1.56107359
 -1.20772427 -2.50465509  0.05982388]
Fri Jun 14 00:37:34 2024,910,0.07719529804421728,[-2.85676692  2.04281167 -1.59443752  0.00956067  0.45645867 -3.26047462
  3.23932255  2.10096543  1.01985557 -1.03844092  0.55633579  1.31669513
  1.26686614 -1.86499489  0.79606781  2.89688931 -0.3870545  -0.42593255
 -1.90865763  0.85240568  1.62730026  2.90953019 -1.40359446 -0.43530773
 -2.16675995 -2.10142484  3.10285211  2.81523853 -0.69701762 -2.61853574
  1.5463178  -0.17780045 -2.44215856  1.80857651  1.14845126 -0.60805956
  1.0993516  -2.03247539 -0.22362977  2.26574284 -0.36583371  0.45166053
  2.43384355  0.57474164  2.6308621   2.92822189  2.80628413 -2.95273559
  0.27222619 -0.38963313  1.72147258  2.98432206 -0.35570973 -2.34380356
  2.72070254 -3.17833553  0.54803262 -0.70843011 -1.76818082  3.0721309
 -1.96749286 -1.68380968 -2.5495997   2.36228542 -2.12479017  1.954993
  1.7138979   1.44723497  2.53225434  2.88766141  2.00928599  1.49106945
 -1.75520695 -2.39741901  1.15209597  0.58146451  1.57759018 -2.77438814
 -0.11479093  2.50100786 -1.18062406  1.13272089  1.24063113  0.6001194
 -0.93723382  1.09072482  0.79565968 -0.40197418  2.82072436 -2.11980668
  1.55819207 -0.65595109  0.97238791 -3.19617582 -2.25618425  0.35390059
 -1.07531702 -0.40971653  0.26229764  0.05670828 -1.75908415 -0.21019052
 -0.66858925  2.8676298  -1.15059534 -1.20275165 -1.12788609  1.26238625
  1.60264852 -0.83466711  2.12992642 -1.41124208 -0.24326502 -0.88986761
 -2.96149289  3.11368439 -1.77877708  3.04286186 -1.36881869 -2.31585441
  3.83139517 -1.20716674 -0.54630767 -3.12140723 -2.50164545  2.97739548
 -1.94430693 -1.6934404  -0.4052894   2.93987932  0.1471517   0.03665621
 -1.61594086 -0.13986454 -1.58145048 -3.10464201  2.90732251  1.12769336
 -0.3250619  -2.3153871   1.0250053  -1.18210813 -0.29177315 -2.15957559
 -1.89136949  1.82816082 -0.99403033  2.5885834  -0.4243777  -3.10620179
 -2.84875573  2.03817247 -3.06867326 -0.23078184 -1.03049808 -0.17289034
  2.37996934  1.72832006 -0.30385034 -1.68602771 -3.03852471  0.12075056
 -0.81519195  1.46503906 -2.52451392  0.95908063 -0.01704725  0.21576987
  1.99909893  0.72245397  0.77944874 -1.21883033  1.6022309   2.56393823
  1.29880203  0.31669769 -0.98585337  2.58268655  0.81969966 -2.22981031
 -0.0102758   1.69192809  1.07163559 -0.64552545 -2.31946136  2.44123384
  2.03495368  1.63613125  2.25021129  1.88261317 -2.16162873 -2.896103
  0.50226073  1.37675871 -2.4159421  -1.31677784  2.43987409  1.25413207
  0.04239752 -1.76839685 -1.56760088  1.92652419  1.45545416 -0.82194348
 -0.13889914 -0.46540234 -0.17896904  2.38752426 -0.55438941 -0.65197029
  1.08989185 -2.29816318  0.99579917  2.53653715 -0.50352028  2.09955044
 -1.97593145 -0.86886502 -2.41644991 -2.28540667 -1.3750899  -2.9256086
  1.5953679   1.85704718  1.65284402  1.01729477  1.41119524 -2.30794669
 -2.68307254  1.76293771  0.99681793 -0.42312588 -2.62721629  1.55996837
 -1.20882949 -2.50354987  0.0609291 ]
Fri Jun 14 00:37:51 2024,911,0.07715760217678914,[-2.8575631   2.04201549 -1.59364134  0.00876449  0.45566249 -3.25967844
  3.24011873  2.10016925  1.01905939 -1.03764475  0.55553961  1.31589895
  1.26606996 -1.86419872  0.79686399  2.89768549 -0.38625833 -0.42513637
 -1.90786146  0.8516095   1.62809644  2.91032637 -1.40439064 -0.43610391
 -2.16596377 -2.10222102  3.10205593  2.81603471 -0.69622144 -2.61773956
  1.54711397 -0.17859663 -2.44136238  1.80778033  1.14924744 -0.60726338
  1.09855542 -2.03327157 -0.22442595  2.26494667 -0.36662989  0.45245671
  2.43463973  0.57553781  2.63006592  2.92742571  2.80708031 -2.95193941
  0.27143001 -0.38883695  1.72226876  2.98511823 -0.3565059  -2.34300738
  2.71990636 -3.17913171  0.54723644 -0.70763394 -1.76738464  3.07292707
 -1.96669668 -1.68460586 -2.55039588  2.3630816  -2.12558635  1.95578917
  1.71310172  1.44643879  2.53145816  2.88845759  2.00848981  1.49186562
 -1.75441077 -2.39662284  1.15129979  0.58226069  1.576794   -2.77518432
 -0.11558711  2.50180403 -1.17982789  1.13192471  1.23983495  0.60091558
 -0.93803     1.091521    0.7948635  -0.401178    2.82152054 -2.12060286
  1.55739589 -0.65674726  0.97318409 -3.196972   -2.25698042  0.35469677
 -1.07452085 -0.41051271  0.26150147  0.0559121  -1.75988033 -0.2109867
 -0.66779307  2.86683362 -1.15139152 -1.20354783 -1.12708991  1.26159008
  1.60185234 -0.83387094  2.12913024 -1.41203826 -0.2440612  -0.89066379
 -2.96228907  3.11448057 -1.77798091  3.04206569 -1.36961487 -2.31505823
  3.83219135 -1.20637056 -0.54551149 -3.12220341 -2.50244163  2.9765993
 -1.94351075 -1.69264422 -0.40608558  2.93908314  0.14635552  0.03586004
 -1.61514468 -0.13906836 -1.58224666 -3.10384584  2.90811869  1.12689718
 -0.32426572 -2.31459092  1.02420913 -1.18131195 -0.29256933 -2.15877941
 -1.89057332  1.828957   -0.99323415  2.58937957 -0.42358153 -3.10699797
 -2.84955191  2.03737629 -3.06946944 -0.22998566 -1.02970191 -0.17368652
  2.37917316  1.72752388 -0.30464652 -1.68682389 -3.03772853  0.11995438
 -0.81439577  1.46424288 -2.5253101   0.95828445 -0.01784343  0.21656605
  1.99989511  0.7216578   0.78024491 -1.21962651  1.60302708  2.56473441
  1.29959821  0.31590151 -0.98505719  2.58189037  0.82049584 -2.22901413
 -0.00947962  1.69272427  1.07243177 -0.64632163 -2.32025754  2.44043766
  2.03574986  1.63692742  2.24941511  1.88340935 -2.16083255 -2.89530682
  0.50305691  1.37755489 -2.41673828 -1.31598167  2.43907791  1.2533359
  0.0431937  -1.76760067 -1.56839706  1.92572801  1.45625034 -0.82273965
 -0.13810296 -0.46619852 -0.17817286  2.38832044 -0.55359323 -0.65117411
  1.09068803 -2.29895936  0.99659535  2.53574098 -0.5027241   2.10034662
 -1.97672763 -0.86806885 -2.41724609 -2.28620285 -1.37588608 -2.92481242
  1.59457172  1.856251    1.6536402   1.01809095  1.41039906 -2.30874286
 -2.68227636  1.76373389  0.99602175 -0.42392206 -2.62642011  1.56076454
 -1.20962567 -2.50434605  0.06172528]
Fri Jun 14 00:38:08 2024,912,0.07713667972959244,[-2.85634732  2.04323127 -1.59485713  0.00754871  0.45444671 -3.25846266
  3.23890295  2.10138503  1.01784361 -1.03642896  0.55675539  1.31711473
  1.26485418 -1.86298293  0.79807977  2.89646971 -0.38747411 -0.42635215
 -1.90664567  0.85039372  1.62688066  2.91154215 -1.40560642 -0.43731969
 -2.16717955 -2.10100524  3.10327171  2.81481893 -0.69500566 -2.61652378
  1.54589819 -0.17981241 -2.4401466   1.80656455  1.15046322 -0.6060476
  1.0997712  -2.03448735 -0.22321017  2.26616245 -0.36784567  0.45367249
  2.43585551  0.5767536   2.6312817   2.9286415   2.80586452 -2.9531552
  0.27021423 -0.38762117  1.72348454  2.98390245 -0.35772169 -2.34422316
  2.72112214 -3.17791593  0.54845222 -0.70641815 -1.76860042  3.07414286
 -1.96791246 -1.68339008 -2.55161166  2.36429738 -2.12680213  1.95457339
  1.71431751  1.44765457  2.53267395  2.8872418   2.00970559  1.49064984
 -1.75319499 -2.39783862  1.15008401  0.5810449   1.57800978 -2.77396854
 -0.11680289  2.50301982 -1.18104367  1.13070893  1.23861917  0.60213136
 -0.93924578  1.09273678  0.79607928 -0.39996222  2.82273632 -2.12181864
  1.55618011 -0.65553148  0.97196831 -3.19818778 -2.25819621  0.35591255
 -1.07573663 -0.40929693  0.26271725  0.05712788 -1.75866454 -0.20977092
 -0.66657729  2.8680494  -1.15017574 -1.20233204 -1.12587413  1.2603743
  1.60306813 -0.83265515  2.13034602 -1.41325404 -0.24284542 -0.89187957
 -2.96350485  3.11569635 -1.77676513  3.0408499  -1.37083065 -2.31384245
  3.83340713 -1.20758634 -0.54672727 -3.12098762 -2.50122585  2.97781508
 -1.94472653 -1.69386    -0.40730136  2.94029892  0.1475713   0.03464425
 -1.6139289  -0.14028414 -1.58103088 -3.10263005  2.90690291  1.1256814
 -0.32548151 -2.3158067   1.02542491 -1.18252773 -0.29135354 -2.15756363
 -1.88935753  1.83017278 -0.99201837  2.58816379 -0.42236574 -3.10578218
 -2.84833613  2.03616051 -3.07068522 -0.23120144 -1.03091769 -0.1749023
  2.38038895  1.7263081  -0.30343074 -1.68803967 -3.03894431  0.12117016
 -0.81561155  1.4630271  -2.52652588  0.95706867 -0.01905921  0.21535027
  2.00111089  0.72044201  0.78146069 -1.22084229  1.60424286  2.56351863
  1.30081399  0.31468573 -0.98384141  2.58067459  0.82171162 -2.23022991
 -0.00826384  1.69394005  1.07364755 -0.64753741 -2.31904175  2.44165344
  2.03696564  1.63571164  2.24819933  1.88462513 -2.16204834 -2.89409104
  0.50184113  1.37633911 -2.41795406 -1.31719745  2.44029369  1.25212011
  0.04197792 -1.76638489 -1.56961284  1.92451223  1.45503456 -0.82152387
 -0.13688718 -0.4674143  -0.17695708  2.38710465 -0.55480901 -0.64995833
  1.09190381 -2.29774358  0.99537957  2.5345252  -0.50393988  2.1015624
 -1.97551185 -0.86928463 -2.4160303  -2.28741863 -1.37710186 -2.9260282
  1.59335594  1.85746679  1.65242442  1.01930673  1.40918328 -2.30995865
 -2.68349215  1.7625181   0.99480597 -0.42513784 -2.62763589  1.55954876
 -1.20840989 -2.50556183  0.06050949]
Fri Jun 14 00:38:32 2024,913,0.07706688740999743,[-2.85545924  2.04411935 -1.59574521  0.00666063  0.45533479 -3.25935074
  3.23801487  2.10227311  1.01695553 -1.03731705  0.55586731  1.31800281
  1.2639661  -1.86209485  0.79896785  2.89558163 -0.38836219 -0.42546407
 -1.90753376  0.8512818   1.62776874  2.91243023 -1.4064945  -0.43643161
 -2.16629147 -2.10189332  3.10415979  2.81393085 -0.69589374 -2.61741186
  1.54501011 -0.18070049 -2.44103468  1.80567647  1.14957514 -0.60515952
  1.09888312 -2.03359927 -0.22232209  2.26705053 -0.36873375  0.45278441
  2.43674359  0.57764168  2.63039362  2.92775342  2.8067526  -2.95226712
  0.26932615 -0.38850925  1.72437262  2.98301437 -0.35860977 -2.34333508
  2.72201022 -3.17880401  0.54756414 -0.70730623 -1.76771234  3.07503094
 -1.96702438 -1.68427816 -2.55072358  2.3634093  -2.12769021  1.95368531
  1.71520559  1.44676649  2.53356203  2.88635372  2.00881751  1.49153792
 -1.75408307 -2.3987267   1.14919593  0.58015682  1.57889786 -2.77308046
 -0.11591481  2.50213173 -1.18015559  1.12982085  1.23773109  0.60301944
 -0.94013386  1.09362486  0.79696736 -0.4008503   2.82184824 -2.12270672
  1.55529203 -0.6546434   0.97285639 -3.19907586 -2.25730813  0.35502447
 -1.07484855 -0.41018501  0.26182917  0.0562398  -1.75955262 -0.20888284
 -0.66746537  2.86716132 -1.15106382 -1.20144396 -1.12498605  1.25948621
  1.60218005 -0.83176707  2.12945794 -1.41236596 -0.24195734 -0.89276765
 -2.96439293  3.11480827 -1.77765321  3.03996182 -1.37171873 -2.31473053
  3.83251905 -1.20669826 -0.54761535 -3.1218757  -2.50211393  2.976927
 -1.94383845 -1.69297192 -0.40641328  2.941187    0.14668322  0.03553233
 -1.61481698 -0.13939606 -1.5801428  -3.10174197  2.90601483  1.12656948
 -0.32459343 -2.31491862  1.02453683 -1.18163965 -0.29046546 -2.15667554
 -1.88846945  1.83106086 -0.99113029  2.58727571 -0.42147766 -3.1048941
 -2.84922421  2.03527243 -3.06979714 -0.23031336 -1.03002961 -0.17579038
  2.37950087  1.72542002 -0.30431882 -1.68715159 -3.03983239  0.12028208
 -0.81649963  1.46213902 -2.5256378   0.95795675 -0.01817113  0.21446219
  2.00022281  0.71955393  0.78234878 -1.21995421  1.60335478  2.56263055
  1.29992591  0.31379765 -0.98472949  2.57978651  0.82082354 -2.22934183
 -0.00915192  1.69482813  1.07453563 -0.64842549 -2.31815367  2.44076536
  2.03607756  1.63482356  2.24908741  1.88551321 -2.16116026 -2.89320296
  0.50095305  1.37545103 -2.41706598 -1.31630937  2.43940561  1.25123203
  0.042866   -1.76727297 -1.57050092  1.92362415  1.45414648 -0.82241195
 -0.13777526 -0.46830238 -0.17784516  2.38799273 -0.5556971  -0.65084641
  1.09101573 -2.29863166  0.99449149  2.53363711 -0.5030518   2.10067432
 -1.97639993 -0.86839655 -2.41691838 -2.28653055 -1.37798994 -2.92514012
  1.59424402  1.8565787   1.65153634  1.01841865  1.4082952  -2.31084673
 -2.68438023  1.76163002  0.99569405 -0.42424976 -2.62852397  1.55866068
 -1.20929797 -2.50644991  0.06139757]
Fri Jun 14 00:38:50 2024,914,0.07702229928132287,[-2.85677912  2.04279947 -1.59442532  0.00534075  0.4540149  -3.25803086
  3.23933475  2.10095323  1.01827541 -1.03599716  0.55454743  1.31668293
  1.26264622 -1.86341474  0.79764797  2.89426174 -0.38704231 -0.42414419
 -1.90885364  0.85260169  1.62644885  2.91111035 -1.40781439 -0.43775149
 -2.16761136 -2.1032132   3.10283991  2.81261096 -0.69457386 -2.61873174
  1.54369023 -0.18202037 -2.44235457  1.80435659  1.15089502 -0.60383964
  1.10020301 -2.03227939 -0.22100221  2.26573064 -0.36741387  0.45146453
  2.43806347  0.57632179  2.6317135   2.92643353  2.80807249 -2.95094723
  0.26800627 -0.38982913  1.72569251  2.98169449 -0.35728988 -2.3420152
  2.7233301  -3.17748413  0.54888402 -0.70598635 -1.76903222  3.07371105
 -1.9657045  -1.68559804 -2.5494037   2.36472918 -2.12901009  1.95500519
  1.71652547  1.44808637  2.53224214  2.88503384  2.0101374   1.49285781
 -1.75540296 -2.40004658  1.15051581  0.57883694  1.57757798 -2.77176058
 -0.1172347   2.50081185 -1.18147547  1.12850096  1.23641121  0.60433932
 -0.94145375  1.09230498  0.79564748 -0.40217018  2.82316812 -2.12138684
  1.55661191 -0.65332352  0.97417627 -3.19775598 -2.25598824  0.35634435
 -1.07616843 -0.40886512  0.26314905  0.05491992 -1.75823274 -0.20756296
 -0.66878525  2.86584144 -1.14974393 -1.20012408 -1.12630593  1.2608061
  1.60086016 -0.83308696  2.13077782 -1.41104608 -0.24327722 -0.89144777
 -2.96571282  3.11612815 -1.77897309  3.04128171 -1.37303861 -2.31605041
  3.83383894 -1.20801814 -0.54629547 -3.12055582 -2.50079405  2.97560712
 -1.94251857 -1.69165204 -0.40773316  2.94250688  0.14800311  0.03421245
 -1.61613687 -0.14071595 -1.57882292 -3.10306186  2.90733471  1.1252496
 -0.32591331 -2.3162385   1.02585671 -1.18031977 -0.28914558 -2.15799543
 -1.88714957  1.83238074 -0.99245017  2.58595583 -0.42279755 -3.10621399
 -2.84790433  2.03659231 -3.06847726 -0.23163324 -1.03134949 -0.17711027
  2.37818098  1.72410013 -0.30299893 -1.68847147 -3.04115228  0.1189622
 -0.81517975  1.4634589  -2.52431792  0.95663687 -0.01949102  0.21578207
  1.99890293  0.71823405  0.78366866 -1.2212741   1.6020349   2.56395043
  1.30124579  0.31247776 -0.98604937  2.57846663  0.81950366 -2.22802195
 -0.00783204  1.69350824  1.07321575 -0.64710561 -2.31683379  2.44208524
  2.03739745  1.63350368  2.24776753  1.88419333 -2.15984037 -2.89188308
  0.50227293  1.37677091 -2.41838586 -1.31498948  2.44072549  1.25255192
  0.04418588 -1.76595308 -1.5718208   1.92494403  1.45546636 -0.82373184
 -0.13909514 -0.46962226 -0.17916504  2.38931262 -0.55701698 -0.64952652
  1.08969585 -2.29995154  0.99581137  2.534957   -0.50437169  2.1019942
 -1.97508004 -0.86707666 -2.41823827 -2.28521067 -1.37930982 -2.92382024
  1.59292414  1.85525882  1.65021645  1.01973854  1.40961508 -2.30952684
 -2.68306034  1.76294991  0.99437416 -0.42292988 -2.62984385  1.5573408
 -1.20797808 -2.5077698   0.06007769]
Fri Jun 14 00:39:07 2024,915,0.07701858865905674,[-2.85730217  2.04227642 -1.59494837  0.00586379  0.45349186 -3.2585539
  3.2398578   2.10147627  1.01879845 -1.03547412  0.55402438  1.31615989
  1.26316926 -1.86393778  0.79817102  2.8937387  -0.38756535 -0.42466724
 -1.90833059  0.85312473  1.6269719   2.9116334  -1.40833743 -0.43827454
 -2.1681344  -2.10269016  3.10231686  2.81313401 -0.69405081 -2.61925479
  1.54421327 -0.18254342 -2.44287761  1.80487963  1.15141807 -0.60436268
  1.10072605 -2.03280243 -0.22152525  2.26625369 -0.36793691  0.45198757
  2.43754043  0.57579875  2.63119046  2.92695658  2.80754944 -2.95147028
  0.26748322 -0.39035218  1.72516946  2.98221753 -0.35781293 -2.34149215
  2.72280706 -3.17696108  0.54836098 -0.7065094  -1.76850918  3.07318801
 -1.96518146 -1.68507499 -2.54992674  2.36525223 -2.12848705  1.95552824
  1.71600242  1.44860942  2.53276519  2.8845108   2.01066044  1.49233476
 -1.755926   -2.40056963  1.15103886  0.57935998  1.57705493 -2.77123753
 -0.11671165  2.50028881 -1.18199852  1.12797792  1.23588816  0.60486237
 -0.9409307   1.09178193  0.79617052 -0.40269323  2.82264508 -2.1208638
  1.55713495 -0.65280047  0.97469932 -3.19723294 -2.25651129  0.35582131
 -1.07564539 -0.40938817  0.2636721   0.05439687 -1.7577097  -0.20703991
 -0.66826221  2.86531839 -1.14922089 -1.19960104 -1.12682897  1.26132914
  1.60033712 -0.83361     2.13130087 -1.41156912 -0.24380027 -0.89197082
 -2.96623586  3.11665119 -1.77949613  3.04180475 -1.37356166 -2.31552737
  3.83436198 -1.2074951  -0.54681852 -3.12003278 -2.500271    2.97613016
 -1.94199553 -1.69112899 -0.40721012  2.94198384  0.14748006  0.03368941
 -1.61665991 -0.1401929  -1.57829987 -3.1035849   2.90785776  1.12472655
 -0.32539026 -2.31676155  1.02637975 -1.17979672 -0.28862254 -2.15851847
 -1.88767261  1.8318577  -0.99297321  2.58647887 -0.42332059 -3.10673703
 -2.84738128  2.03711535 -3.0690003  -0.2311102  -1.03082645 -0.17658722
  2.37870403  1.72357709 -0.30247589 -1.68794843 -3.04062923  0.11843915
 -0.81570279  1.46293585 -2.52484096  0.95715991 -0.02001406  0.21630511
  1.99837988  0.71875709  0.78314561 -1.22075105  1.60255794  2.56447348
  1.30072275  0.31195472 -0.98552633  2.57794358  0.81898062 -2.2274989
 -0.00835508  1.6929852   1.07373879 -0.64762865 -2.31735684  2.4415622
  2.0368744   1.63298063  2.24724448  1.88471637 -2.16036342 -2.89240612
  0.50174989  1.37624786 -2.41890891 -1.31446644  2.44020245  1.25202887
  0.04470893 -1.76647613 -1.57234385  1.92442099  1.4559894  -0.82425488
 -0.1385721  -0.47014531 -0.17968809  2.38878957 -0.55649393 -0.65004957
  1.0902189  -2.2994285   0.99528833  2.53443395 -0.50384864  2.10251725
 -1.97560309 -0.86759971 -2.41771522 -2.28573371 -1.37983286 -2.92434329
  1.59344718  1.85473578  1.64969341  1.02026158  1.40909204 -2.3090038
 -2.68358339  1.76242686  0.99489721 -0.42345292 -2.62932081  1.55681775
 -1.20745504 -2.50724675  0.05955465]
Fri Jun 14 00:39:23 2024,916,0.07701459250322058,[-2.85712669  2.04210094 -1.59477289  0.00568831  0.45331638 -3.25837842
  3.24003328  2.10130079  1.01862297 -1.03529864  0.55419986  1.31598441
  1.26334474 -1.86411326  0.79799554  2.89356322 -0.38774083 -0.42449176
 -1.90815511  0.85330021  1.62679642  2.91180888 -1.40851291 -0.43809906
 -2.16795892 -2.10251468  3.10249234  2.81330949 -0.69422629 -2.61907931
  1.54438875 -0.1827189  -2.44305309  1.80505511  1.15159355 -0.60453816
  1.10055057 -2.03262695 -0.22170073  2.26642917 -0.36811239  0.45181209
  2.43771591  0.57562327  2.63136594  2.92713206  2.80737396 -2.9512948
  0.26730774 -0.3901767   1.72499398  2.98239301 -0.35763745 -2.34166763
  2.72298254 -3.17713656  0.54853646 -0.70633392 -1.7683337   3.07336349
 -1.96500598 -1.68489951 -2.54975126  2.36542771 -2.12866253  1.95570372
  1.71582694  1.44843394  2.53294067  2.88468628  2.01083592  1.49215928
 -1.75610148 -2.40039415  1.15121434  0.5791845   1.57723041 -2.77141301
 -0.11688713  2.50011333 -1.182174    1.1281534   1.23606364  0.60503785
 -0.94075522  1.09195741  0.796346   -0.40286871  2.82282056 -2.12103928
  1.55731043 -0.65262499  0.97452384 -3.19740842 -2.25668677  0.35599679
 -1.07582087 -0.40921269  0.26349662  0.05457235 -1.75788518 -0.20721539
 -0.66843769  2.86549387 -1.14939637 -1.19942556 -1.12665349  1.26115366
  1.6005126  -0.83343452  2.13112539 -1.4117446  -0.24397575 -0.89179534
 -2.96606038  3.11682667 -1.77932065  3.04162927 -1.37373714 -2.31535189
  3.8341865  -1.20767058 -0.54664304 -3.1198573  -2.50044648  2.97595468
 -1.94182005 -1.69095351 -0.40703464  2.94215932  0.14730458  0.03351393
 -1.61648443 -0.14036838 -1.57847535 -3.10340942  2.90768228  1.12455107
 -0.32521478 -2.31658607  1.02655523 -1.17962124 -0.28844706 -2.15834299
 -1.88784809  1.83203318 -0.99279773  2.58630339 -0.42314511 -3.10656155
 -2.8472058   2.03693987 -3.06882482 -0.23093472 -1.03065097 -0.17641174
  2.37852855  1.72375257 -0.30230041 -1.68777295 -3.04080471  0.11826367
 -0.81587827  1.46276037 -2.52466548  0.95733539 -0.02018954  0.21612963
  1.9982044   0.71893257  0.78332109 -1.22092653  1.60238246  2.56464896
  1.30054727  0.3121302  -0.98535085  2.5777681   0.8191561  -2.22767438
 -0.0081796   1.69280972  1.07391427 -0.64780413 -2.31718136  2.44173768
  2.03669892  1.63315611  2.247069    1.88489185 -2.1605389  -2.8925816
  0.50192537  1.37642334 -2.41908439 -1.31429096  2.44037793  1.25220435
  0.04453345 -1.76665161 -1.57251933  1.92424551  1.45616488 -0.8240794
 -0.13874758 -0.46996983 -0.17951261  2.38896505 -0.55666941 -0.64987409
  1.09039438 -2.29960398  0.99511285  2.53460943 -0.50402412  2.10234177
 -1.97542761 -0.86742423 -2.41753974 -2.28555823 -1.38000834 -2.92416781
  1.59362266  1.8545603   1.64986889  1.02043706  1.40891656 -2.30882832
 -2.68340791  1.76225138  0.99472173 -0.42327744 -2.62949629  1.55664227
 -1.20727956 -2.50742223  0.05937917]
Fri Jun 14 00:39:52 2024,917,0.07701424609173098,[-2.85700205  2.04222558 -1.59489753  0.00556367  0.45319174 -3.25825378
  3.23990864  2.10117615  1.01874762 -1.03542328  0.55407522  1.31610905
  1.26346939 -1.86398862  0.79787089  2.89343858 -0.38786547 -0.42436711
 -1.90803047  0.85317557  1.62667178  2.91193352 -1.40838827 -0.43797442
 -2.16783428 -2.10239003  3.10261698  2.81343413 -0.69435093 -2.61895467
  1.5445134  -0.18284354 -2.44292845  1.80517975  1.1514689  -0.6046628
  1.10042593 -2.0327516  -0.22157609  2.26655381 -0.36798775  0.45168745
  2.43784055  0.57549863  2.6312413   2.92700742  2.80724932 -2.95117016
  0.2671831  -0.39005205  1.72511862  2.98251766 -0.35751281 -2.34154299
  2.7228579  -3.17701192  0.54841182 -0.70645856 -1.76820906  3.07348813
 -1.96488133 -1.68502416 -2.54962662  2.36555235 -2.12878717  1.95582836
  1.71595159  1.44855858  2.53306531  2.88456163  2.01096056  1.49203464
 -1.75597684 -2.40051879  1.1510897   0.57930915  1.57735505 -2.77153765
 -0.11701177  2.49998869 -1.18229864  1.12802876  1.23618828  0.60516249
 -0.94087986  1.09183277  0.79622136 -0.40274407  2.82269591 -2.12091463
  1.55743508 -0.65274964  0.97464848 -3.19753306 -2.25681141  0.35612143
 -1.07569622 -0.40933733  0.26362126  0.05444771 -1.75776054 -0.20734003
 -0.66856233  2.86536923 -1.14927173 -1.19930091 -1.12677813  1.26102902
  1.60063724 -0.83330988  2.13100074 -1.41161996 -0.2438511  -0.89191998
 -2.96593574  3.11695132 -1.77919601  3.04150463 -1.37386178 -2.31547653
  3.83431114 -1.20754594 -0.54651839 -3.11973265 -2.50032184  2.97607932
 -1.9416954  -1.69107815 -0.40691     2.94203468  0.14717994  0.03363857
 -1.61660907 -0.14049302 -1.57835071 -3.10353406  2.90755763  1.12467571
 -0.32509014 -2.31646143  1.02667988 -1.1794966  -0.28832241 -2.15846763
 -1.88772345  1.83190853 -0.99292237  2.58642804 -0.42302047 -3.10668619
 -2.84708116  2.03681523 -3.06870018 -0.23081008 -1.03077561 -0.17653638
  2.37840391  1.72387721 -0.30217577 -1.68789759 -3.04092935  0.11838831
 -0.81575363  1.46263573 -2.52479012  0.95721075 -0.0200649   0.21600499
  1.99832904  0.71905722  0.78319645 -1.22080189  1.60250711  2.5647736
  1.30042262  0.31225484 -0.98547549  2.57789275  0.81928074 -2.22754974
 -0.00830424  1.69293436  1.07378963 -0.64792877 -2.31705671  2.44186232
  2.03657428  1.63303147  2.24719364  1.88476721 -2.16066354 -2.89270624
  0.50205001  1.37654799 -2.41895974 -1.3144156   2.44050257  1.25232899
  0.04465809 -1.76677625 -1.57239469  1.92437015  1.45628953 -0.82395476
 -0.13862294 -0.46984519 -0.17938797  2.38908969 -0.55654477 -0.64974945
  1.09026973 -2.29947933  0.99523749  2.53473408 -0.50414876  2.10246641
 -1.97555225 -0.86754887 -2.4174151  -2.28543359 -1.38013299 -2.92404316
  1.59374731  1.85443566  1.64999353  1.0205617   1.4090412  -2.30870368
 -2.68328327  1.76212674  0.99459709 -0.42340208 -2.62962093  1.55651763
 -1.20715492 -2.50754687  0.05950381]
Fri Jun 14 00:40:12 2024,918,0.07699084305201967,[-2.8580372   2.04119043 -1.59593268  0.00452852  0.45215658 -3.25928894
  3.23887348  2.10221131  1.01978277 -1.03645843  0.55304007  1.3171442
  1.26450454 -1.86295347  0.79683574  2.89240342 -0.38890063 -0.42540227
 -1.90699532  0.85421072  1.62563662  2.91296867 -1.40942342 -0.43900957
 -2.16679913 -2.10342519  3.10365214  2.81239898 -0.69538609 -2.61791951
  1.54347824 -0.18180839 -2.44189329  1.8041446   1.15250406 -0.60362765
  1.10146108 -2.03378675 -0.22054094  2.26758897 -0.3669526   0.45065229
  2.4368054   0.57653378  2.63020614  2.92804257  2.80828448 -2.950135
  0.26614794 -0.3890169   1.72408347  2.98355281 -0.35854796 -2.34050784
  2.72182274 -3.17804708  0.54944697 -0.70749371 -1.7671739   3.07245298
 -1.96384618 -1.683989   -2.55066177  2.3665875  -2.12775202  1.95686352
  1.71491643  1.44959373  2.53410046  2.88559679  2.00992541  1.49306979
 -1.75494168 -2.39948363  1.15005454  0.5803443   1.5763199  -2.7705025
 -0.11804693  2.49895353 -1.18126348  1.1269936   1.23722344  0.60412734
 -0.94191502  1.09286792  0.7951862  -0.40377922  2.82166076 -2.12194979
  1.55639992 -0.65378479  0.97361333 -3.19856821 -2.25784656  0.35715659
 -1.07466107 -0.40830218  0.26465641  0.05548286 -1.75879569 -0.20630488
 -0.66959748  2.86433408 -1.15030688 -1.19826576 -1.12781329  1.25999387
  1.59960208 -0.83227472  2.1320359  -1.41265512 -0.24281595 -0.89088482
 -2.96490058  3.11798647 -1.78023117  3.04046948 -1.37489693 -2.31651168
  3.83327599 -1.20858109 -0.54548324 -3.12076781 -2.501357    2.97504417
 -1.94066025 -1.690043   -0.40587484  2.94306983  0.14614479  0.03467372
 -1.61557392 -0.14152818 -1.57731556 -3.10249891  2.90859279  1.12571087
 -0.3261253  -2.31749658  1.02564472 -1.18053175 -0.28935757 -2.15950279
 -1.8866883   1.83294369 -0.99188722  2.58539288 -0.42405562 -3.10772135
 -2.84811632  2.03578008 -3.06766503 -0.22977492 -1.02974045 -0.17757154
  2.37943906  1.72284206 -0.30114061 -1.68893274 -3.04196451  0.11735316
 -0.81471848  1.46367089 -2.52582528  0.9561756  -0.02110005  0.21496984
  1.9993642   0.72009237  0.78423161 -1.21976674  1.60147195  2.56580875
  1.30145778  0.31121969 -0.98444034  2.5789279   0.82031589 -2.22858489
 -0.00726909  1.69396952  1.07275448 -0.64896393 -2.31602156  2.44289747
  2.03760943  1.63406663  2.2482288   1.88580236 -2.15962839 -2.8937414
  0.50308516  1.37551283 -2.4199949  -1.31338045  2.43946742  1.25336415
  0.04569324 -1.7678114  -1.57135953  1.923335    1.45732468 -0.8229196
 -0.13965809 -0.47088034 -0.17835281  2.38805454 -0.55757993 -0.64871429
  1.08923458 -2.30051449  0.99420233  2.53369892 -0.50518392  2.10350156
 -1.9765874  -0.86651372 -2.41637995 -2.28439843 -1.38116814 -2.92507832
  1.59271215  1.8534005   1.65102868  1.02159686  1.40800605 -2.30766852
 -2.68224811  1.76109159  0.99356193 -0.42443724 -2.62858578  1.55548248
 -1.20611976 -2.50651172  0.06053896]
Fri Jun 14 00:40:33 2024,919,0.07699639391802449,[-2.85854106  2.04068657 -1.59542882  0.00402465  0.45165272 -3.2597928
  3.23937734  2.10271517  1.02028663 -1.03595457  0.5525362   1.31664034
  1.26400068 -1.8624496   0.7973396   2.89189956 -0.38940449 -0.42489841
 -1.90749918  0.85370686  1.62513276  2.91246481 -1.40992729 -0.43850571
 -2.16730299 -2.10292133  3.10314827  2.81189511 -0.69588995 -2.61741565
  1.5439821  -0.18130452 -2.44239716  1.80464846  1.1520002  -0.60413151
  1.10196495 -2.03328289 -0.2210448   2.26809283 -0.36644873  0.45115616
  2.43730926  0.57703764  2.63071     2.92854643  2.80878834 -2.94963114
  0.26564408 -0.38952076  1.72357961  2.98405667 -0.3580441  -2.34000397
  2.72131888 -3.17855094  0.54894311 -0.70799757 -1.76767777  3.07295684
 -1.96435004 -1.68348514 -2.55116564  2.36608364 -2.12724815  1.95736738
  1.71542029  1.45009759  2.5335966   2.88610065  2.00942154  1.49357366
 -1.75443782 -2.39897977  1.14955068  0.57984044  1.57682376 -2.76999864
 -0.11754307  2.49844967 -1.18176735  1.12648974  1.2377273   0.6046312
 -0.94241888  1.09337179  0.79468234 -0.40428308  2.82216462 -2.12144593
  1.55589606 -0.65328093  0.97411719 -3.19907208 -2.25835043  0.35665272
 -1.07516493 -0.40880604  0.26415255  0.054979   -1.75829183 -0.20580102
 -0.66909362  2.86483794 -1.15081075 -1.1977619  -1.12831715  1.26049773
  1.59909822 -0.83277859  2.13153204 -1.41315898 -0.24231209 -0.89038096
 -2.96439672  3.11849033 -1.7797273   3.04097334 -1.37439307 -2.31701555
  3.83277213 -1.20908495 -0.54497938 -3.12127167 -2.50186086  2.97554803
 -1.94116411 -1.68953914 -0.4063787   2.94357369  0.14564092  0.03517759
 -1.61607778 -0.14203204 -1.57781942 -3.10300277  2.90808893  1.12520701
 -0.32562143 -2.31800044  1.02514086 -1.18103562 -0.28885371 -2.15899893
 -1.88719216  1.83344755 -0.99138336  2.58488902 -0.42355176 -3.10822521
 -2.84862018  2.03628394 -3.06816889 -0.23027878 -1.03024432 -0.17706768
  2.37994292  1.72233819 -0.30063675 -1.68943661 -3.04146064  0.11785702
 -0.81522234  1.46316702 -2.52532142  0.95567174 -0.02059619  0.21446598
  1.99886034  0.72059623  0.78473547 -1.21926287  1.60096809  2.56530489
  1.30196164  0.31172355 -0.9849442   2.57943176  0.82081975 -2.22808103
 -0.00676523  1.69346565  1.07225061 -0.64846007 -2.3155177   2.44239361
  2.0381133   1.63457049  2.24873266  1.8852985  -2.16013225 -2.89424526
  0.50358903  1.37500897 -2.42049876 -1.31287658  2.43896355  1.25286029
  0.04518938 -1.76831527 -1.57085567  1.92283113  1.45682082 -0.82342347
 -0.13915423 -0.4713842  -0.17784895  2.38755068 -0.55808379 -0.64821043
  1.08973844 -2.30101835  0.99369847  2.53319506 -0.50468006  2.1029977
 -1.97608354 -0.86701758 -2.41688381 -2.2849023  -1.381672   -2.92457446
  1.59321601  1.85289664  1.65052482  1.02210072  1.40750218 -2.30817238
 -2.68174425  1.76159545  0.9940658  -0.4249411  -2.62908964  1.55598634
 -1.20662362 -2.50701558  0.06104283]
Fri Jun 14 00:40:49 2024,920,0.0767039027100247,[-2.86063958e+00  2.03858805e+00 -1.59333031e+00  1.92613874e-03
  4.49554207e-01 -3.26189131e+00  3.24147586e+00  2.10061666e+00
  1.02238515e+00 -1.03385606e+00  5.54634717e-01  1.31454183e+00
  1.26190216e+00 -1.86454812e+00  7.99438117e-01  2.88980105e+00
 -3.87305974e-01 -4.26996920e-01 -1.90959769e+00  8.55805375e-01
  1.62723127e+00  2.91036629e+00 -1.41202580e+00 -4.40604224e-01
 -2.16520447e+00 -2.10501984e+00  3.10104976e+00  2.81399363e+00
 -6.97988463e-01 -2.61951416e+00  1.54608062e+00 -1.79206009e-01
 -2.44029864e+00  1.80674698e+00  1.15409871e+00 -6.06230026e-01
  1.09986643e+00 -2.03118437e+00 -2.18946284e-01  2.27019134e+00
 -3.68547247e-01  4.49057643e-01  2.43940777e+00  5.79136158e-01
  2.62861149e+00  2.93064495e+00  2.80668982e+00 -2.94753262e+00
  2.63545568e-01 -3.87422248e-01  1.72567812e+00  2.98195816e+00
 -3.55945584e-01 -2.34210249e+00  2.72341740e+00 -3.18064945e+00
  5.51041623e-01 -7.10096089e-01 -1.76557925e+00  3.07505535e+00
 -1.96225153e+00 -1.68138663e+00 -2.54906712e+00  2.36398512e+00
 -2.12934667e+00  1.95526886e+00  1.71751881e+00  1.44799908e+00
  2.53149809e+00  2.88400214e+00  2.01152006e+00  1.49567217e+00
 -1.75233931e+00 -2.40107828e+00  1.15164919e+00  5.77741924e-01
  1.57472525e+00 -2.77209715e+00 -1.19641580e-01  2.49635115e+00
 -1.18386586e+00  1.12858826e+00  1.23982582e+00  6.02532685e-01
 -9.40320366e-01  1.09547030e+00  7.96780856e-01 -4.06381598e-01
  2.82426314e+00 -2.12354444e+00  1.55379755e+00 -6.55379441e-01
  9.72018675e-01 -3.19697356e+00 -2.26044894e+00  3.54554209e-01
 -1.07306642e+00 -4.06707524e-01  2.62054035e-01  5.28804866e-02
 -1.76039034e+00 -2.07899530e-01 -6.71192135e-01  2.86693645e+00
 -1.15290926e+00 -1.19566338e+00 -1.13041567e+00  1.26259624e+00
  1.59699971e+00 -8.30680073e-01  2.12943352e+00 -1.41525749e+00
 -2.44410602e-01 -8.88282446e-01 -2.96229821e+00  3.12058885e+00
 -1.77762879e+00  3.03887482e+00 -1.37649158e+00 -2.31491703e+00
  3.83487064e+00 -1.21118347e+00 -5.42880863e-01 -3.12337019e+00
 -2.49976234e+00  2.97764655e+00 -1.94326263e+00 -1.69163765e+00
 -4.04280190e-01  2.94567221e+00  1.43542410e-01  3.30790709e-02
 -1.61397927e+00 -1.39933526e-01 -1.57991793e+00 -3.10510129e+00
  2.91018744e+00  1.12310849e+00 -3.27719949e-01 -2.31590193e+00
  1.02723937e+00 -1.17893710e+00 -2.86755192e-01 -2.16109744e+00
 -1.88929068e+00  1.83134904e+00 -9.89284844e-01  2.58698753e+00
 -4.21453248e-01 -3.11032372e+00 -2.84652166e+00  2.03838245e+00
 -3.06607038e+00 -2.28180270e-01 -1.03234283e+00 -1.79166190e-01
  2.37784441e+00  1.72023968e+00 -3.02735265e-01 -1.68733809e+00
 -3.04355916e+00  1.15758507e-01 -8.13123825e-01  1.46106851e+00
 -2.52741993e+00  9.57770250e-01 -2.26947058e-02  2.12367461e-01
  2.00095885e+00  7.18497719e-01  7.86833983e-01 -1.22136139e+00
  1.59886957e+00  2.56740341e+00  1.29986313e+00  3.09625036e-01
 -9.87042713e-01  2.57733325e+00  8.22918268e-01 -2.23017955e+00
 -4.66671141e-03  1.69136714e+00  1.07015210e+00 -6.46361551e-01
 -2.31761621e+00  2.44029510e+00  2.04021181e+00  1.63666900e+00
  2.25083117e+00  1.88739702e+00 -2.16223076e+00 -2.89634377e+00
  5.01490512e-01  1.37710748e+00 -2.41840025e+00 -1.31077807e+00
  2.43686504e+00  1.25076177e+00  4.30908670e-02 -1.76621675e+00
 -1.56875715e+00  1.92073262e+00  1.45472230e+00 -8.25521982e-01
 -1.37055715e-01 -4.69285691e-01 -1.79947462e-01  2.38964919e+00
 -5.55985275e-01 -6.50308944e-01  1.08763993e+00 -2.30311686e+00
  9.95796986e-01  2.53109654e+00 -5.02581542e-01  2.10089919e+00
 -1.97398503e+00 -8.69116093e-01 -2.41898232e+00 -2.28700081e+00
 -1.37957349e+00 -2.92667297e+00  1.59111750e+00  1.85499515e+00
  1.65262334e+00  1.02000221e+00  1.40960070e+00 -2.31027090e+00
 -2.68384276e+00  1.76369396e+00  9.96164309e-01 -4.27039615e-01
 -2.62699113e+00  1.55808485e+00 -1.20452511e+00 -2.50911410e+00
  6.31413397e-02]
Fri Jun 14 00:41:06 2024,921,0.0766390706808283,[-2.85936524e+00  2.03986239e+00 -1.59205597e+00  3.20047696e-03
  4.48279869e-01 -3.26316565e+00  3.24020152e+00  2.10189099e+00
  1.02365949e+00 -1.03513039e+00  5.53360379e-01  1.31326749e+00
  1.26062782e+00 -1.86582246e+00  7.98163779e-01  2.89107538e+00
 -3.86031636e-01 -4.25722582e-01 -1.90832336e+00  8.57079713e-01
  1.62850561e+00  2.91164063e+00 -1.41075146e+00 -4.41878562e-01
 -2.16647881e+00 -2.10374550e+00  3.09977542e+00  2.81526797e+00
 -6.99262802e-01 -2.61823982e+00  1.54735496e+00 -1.77931670e-01
 -2.43902430e+00  1.80547264e+00  1.15537305e+00 -6.07504364e-01
  1.09859209e+00 -2.03245871e+00 -2.20220622e-01  2.27146568e+00
 -3.67272909e-01  4.47783305e-01  2.44068211e+00  5.77861820e-01
  2.62988583e+00  2.93191928e+00  2.80796416e+00 -2.94880696e+00
  2.62271229e-01 -3.86147910e-01  1.72695246e+00  2.98068382e+00
 -3.54671246e-01 -2.34337683e+00  2.72469173e+00 -3.18192379e+00
  5.52315961e-01 -7.08821751e-01 -1.76685359e+00  3.07632969e+00
 -1.96097719e+00 -1.68011229e+00 -2.54779279e+00  2.36271079e+00
 -2.13062101e+00  1.95654320e+00  1.71624447e+00  1.44927342e+00
  2.53277243e+00  2.88527647e+00  2.01279440e+00  1.49439783e+00
 -1.75106497e+00 -2.40235262e+00  1.15292353e+00  5.79016263e-01
  1.57599959e+00 -2.77082281e+00 -1.18367242e-01  2.49507682e+00
 -1.18259152e+00  1.12986259e+00  1.24110015e+00  6.03807023e-01
 -9.39046028e-01  1.09419596e+00  7.98055194e-01 -4.07655936e-01
  2.82553747e+00 -2.12227010e+00  1.55507188e+00 -6.54105103e-01
  9.73293013e-01 -3.19824790e+00 -2.26172328e+00  3.55828547e-01
 -1.07434076e+00 -4.05433185e-01  2.60779697e-01  5.16061484e-02
 -1.76166468e+00 -2.06625192e-01 -6.72466473e-01  2.86821079e+00
 -1.15163492e+00 -1.19438904e+00 -1.12914133e+00  1.26132191e+00
  1.59827405e+00 -8.29405735e-01  2.13070786e+00 -1.41398316e+00
 -2.45684940e-01 -8.89556784e-01 -2.96357255e+00  3.11931451e+00
 -1.77890313e+00  3.04014916e+00 -1.37776592e+00 -2.31619137e+00
  3.83614498e+00 -1.21245781e+00 -5.41606525e-01 -3.12464452e+00
 -2.49848801e+00  2.97892088e+00 -1.94453696e+00 -1.69036331e+00
 -4.05554528e-01  2.94439787e+00  1.44816748e-01  3.18047327e-02
 -1.61525360e+00 -1.41207864e-01 -1.58119227e+00 -3.10382695e+00
  2.91146178e+00  1.12438283e+00 -3.28994287e-01 -2.31462759e+00
  1.02596503e+00 -1.18021144e+00 -2.88029531e-01 -2.15982310e+00
 -1.88801634e+00  1.83262338e+00 -9.90559182e-01  2.58826187e+00
 -4.20178909e-01 -3.10904939e+00 -2.84779600e+00  2.03710812e+00
 -3.06479604e+00 -2.29454608e-01 -1.03106849e+00 -1.80440528e-01
  2.37911875e+00  1.72151402e+00 -3.04009604e-01 -1.68606375e+00
 -3.04483350e+00  1.14484169e-01 -8.11849486e-01  1.46234285e+00
 -2.52614559e+00  9.59044588e-01 -2.14203676e-02  2.11093123e-01
  1.99968451e+00  7.19772058e-01  7.85559645e-01 -1.22008705e+00
  1.60014391e+00  2.56612907e+00  1.29858879e+00  3.08350697e-01
 -9.85768374e-01  2.57605891e+00  8.21643930e-01 -2.22890521e+00
 -3.39237319e-03  1.69009280e+00  1.07142644e+00 -6.45087213e-01
 -2.31889055e+00  2.44156944e+00  2.04148615e+00  1.63539467e+00
  2.25210551e+00  1.88867135e+00 -2.16350510e+00 -2.89506943e+00
  5.00216174e-01  1.37583314e+00 -2.41967459e+00 -1.31205241e+00
  2.43559070e+00  1.24948743e+00  4.18165288e-02 -1.76494241e+00
 -1.56748282e+00  1.91945828e+00  1.45344797e+00 -8.24247643e-01
 -1.38330053e-01 -4.68011352e-01 -1.78673124e-01  2.39092353e+00
 -5.57259613e-01 -6.49034606e-01  1.08891427e+00 -2.30439120e+00
  9.94522648e-01  2.53237088e+00 -5.03855881e-01  2.09962485e+00
 -1.97525937e+00 -8.67841755e-01 -2.42025666e+00 -2.28827515e+00
 -1.37829915e+00 -2.92794731e+00  1.58984316e+00  1.85626949e+00
  1.65389767e+00  1.02127654e+00  1.40832636e+00 -2.30899656e+00
 -2.68256842e+00  1.76496830e+00  9.94889971e-01 -4.28313953e-01
 -2.62826546e+00  1.55935919e+00 -1.20579945e+00 -2.51038843e+00
  6.18670015e-02]
Fri Jun 14 00:41:23 2024,922,0.07659849703913038,[-2.85854998e+00  2.04067765e+00 -1.59287123e+00  2.38521688e-03
  4.47464608e-01 -3.26235039e+00  3.24101678e+00  2.10107573e+00
  1.02284422e+00 -1.03431513e+00  5.54175639e-01  1.31245223e+00
  1.26144308e+00 -1.86500720e+00  7.98979039e-01  2.89189064e+00
 -3.85216376e-01 -4.24907321e-01 -1.90750810e+00  8.56264453e-01
  1.62932087e+00  2.91245589e+00 -1.40993620e+00 -4.41063302e-01
 -2.16729407e+00 -2.10293024e+00  3.09896016e+00  2.81445271e+00
 -6.98447542e-01 -2.61742456e+00  1.54653970e+00 -1.77116410e-01
 -2.43820904e+00  1.80628790e+00  1.15455779e+00 -6.08319624e-01
  1.09940735e+00 -2.03164345e+00 -2.21035882e-01  2.27228094e+00
 -3.68088169e-01  4.46968045e-01  2.44149737e+00  5.78677080e-01
  2.63070109e+00  2.93110402e+00  2.80714890e+00 -2.94962222e+00
  2.61455969e-01 -3.86963170e-01  1.72613720e+00  2.98149908e+00
 -3.55486506e-01 -2.34256157e+00  2.72387647e+00 -3.18110853e+00
  5.53131222e-01 -7.09637011e-01 -1.76603833e+00  3.07551443e+00
 -1.96179245e+00 -1.67929703e+00 -2.54697753e+00  2.36352605e+00
 -2.12980575e+00  1.95735846e+00  1.71705973e+00  1.45008868e+00
  2.53195717e+00  2.88609173e+00  2.01197914e+00  1.49521309e+00
 -1.75188023e+00 -2.40316788e+00  1.15373879e+00  5.78201002e-01
  1.57681485e+00 -2.77000755e+00 -1.17551982e-01  2.49589208e+00
 -1.18340678e+00  1.12904733e+00  1.24028489e+00  6.04622283e-01
 -9.38230768e-01  1.09338070e+00  7.97239934e-01 -4.08471196e-01
  2.82472221e+00 -2.12308536e+00  1.55425662e+00 -6.54920363e-01
  9.72477753e-01 -3.19743264e+00 -2.26253854e+00  3.56643807e-01
 -1.07352550e+00 -4.04617925e-01  2.59964437e-01  5.07908883e-02
 -1.76247994e+00 -2.05809932e-01 -6.73281734e-01  2.86902605e+00
 -1.15081966e+00 -1.19357378e+00 -1.12995659e+00  1.26213717e+00
  1.59745879e+00 -8.30220995e-01  2.13152312e+00 -1.41479842e+00
 -2.44869680e-01 -8.88741524e-01 -2.96275729e+00  3.12012977e+00
 -1.77808787e+00  3.04096442e+00 -1.37695066e+00 -2.31700663e+00
  3.83696024e+00 -1.21164255e+00 -5.40791265e-01 -3.12545978e+00
 -2.49767275e+00  2.97810562e+00 -1.94535222e+00 -1.68954805e+00
 -4.04739268e-01  2.94521313e+00  1.44001488e-01  3.09894726e-02
 -1.61606886e+00 -1.42023124e-01 -1.58200753e+00 -3.10464221e+00
  2.91064652e+00  1.12356757e+00 -3.28179027e-01 -2.31544285e+00
  1.02514977e+00 -1.17939618e+00 -2.88844791e-01 -2.16063836e+00
 -1.88720108e+00  1.83180812e+00 -9.91374442e-01  2.58744661e+00
 -4.20994170e-01 -3.10823413e+00 -2.84861126e+00  2.03792338e+00
 -3.06398078e+00 -2.30269868e-01 -1.03025323e+00 -1.81255788e-01
  2.37993401e+00  1.72069876e+00 -3.04824864e-01 -1.68524849e+00
 -3.04564876e+00  1.15299429e-01 -8.12664746e-01  1.46152759e+00
 -2.52533033e+00  9.59859848e-01 -2.22356277e-02  2.11908383e-01
  1.99886925e+00  7.18956797e-01  7.84744385e-01 -1.22090231e+00
  1.59932865e+00  2.56531381e+00  1.29940405e+00  3.09165957e-01
 -9.86583634e-01  2.57524365e+00  8.22459190e-01 -2.22808995e+00
 -4.20763328e-03  1.69090806e+00  1.07061118e+00 -6.44271953e-01
 -2.31970581e+00  2.44238470e+00  2.04230141e+00  1.63620993e+00
  2.25129025e+00  1.88785609e+00 -2.16432036e+00 -2.89425417e+00
  4.99400914e-01  1.37501788e+00 -2.41885933e+00 -1.31123715e+00
  2.43477544e+00  1.25030269e+00  4.10012687e-02 -1.76412715e+00
 -1.56829808e+00  1.91864302e+00  1.45263271e+00 -8.25062904e-01
 -1.39145313e-01 -4.67196092e-01 -1.79488384e-01  2.39173879e+00
 -5.58074873e-01 -6.49849866e-01  1.08809901e+00 -2.30520646e+00
  9.93707388e-01  2.53155562e+00 -5.03040620e-01  2.09880959e+00
 -1.97607463e+00 -8.68657015e-01 -2.41944140e+00 -2.28745989e+00
 -1.37911441e+00 -2.92713205e+00  1.58902790e+00  1.85708475e+00
  1.65308241e+00  1.02046128e+00  1.40751110e+00 -2.30981182e+00
 -2.68338368e+00  1.76415304e+00  9.95705231e-01 -4.27498693e-01
 -2.62908072e+00  1.55854393e+00 -1.20661471e+00 -2.50957317e+00
  6.26822616e-02]
Fri Jun 14 00:41:53 2024,923,0.07654240126204566,[-2.85770996e+00  2.03983763e+00 -1.59371125e+00  1.54519936e-03
  4.46624591e-01 -3.26151037e+00  3.24017676e+00  2.10191575e+00
  1.02200421e+00 -1.03515515e+00  5.55015656e-01  1.31329224e+00
  1.26060307e+00 -1.86416718e+00  7.99819056e-01  2.89273066e+00
 -3.84376359e-01 -4.25747339e-01 -1.90834811e+00  8.55424436e-01
  1.63016089e+00  2.91329591e+00 -1.41077622e+00 -4.41903319e-01
 -2.16645405e+00 -2.10377026e+00  3.09812014e+00  2.81361269e+00
 -6.99287559e-01 -2.61658455e+00  1.54737971e+00 -1.76276393e-01
 -2.43904906e+00  1.80544788e+00  1.15371777e+00 -6.07479607e-01
  1.09856734e+00 -2.03248347e+00 -2.21875900e-01  2.27144092e+00
 -3.68928187e-01  4.47808062e-01  2.44065735e+00  5.77837062e-01
  2.62986107e+00  2.93026401e+00  2.80798892e+00 -2.94878220e+00
  2.60615952e-01 -3.86123152e-01  1.72697722e+00  2.98233910e+00
 -3.54646489e-01 -2.34340158e+00  2.72471649e+00 -3.18026851e+00
  5.53971239e-01 -7.10477028e-01 -1.76519831e+00  3.07635445e+00
 -1.96095243e+00 -1.67845701e+00 -2.54781754e+00  2.36436606e+00
 -2.12896573e+00  1.95651844e+00  1.71621971e+00  1.45092870e+00
  2.53111715e+00  2.88693175e+00  2.01281915e+00  1.49605311e+00
 -1.75104021e+00 -2.40400790e+00  1.15457881e+00  5.79041020e-01
  1.57597483e+00 -2.76916754e+00 -1.16711964e-01  2.49505206e+00
 -1.18424680e+00  1.12820732e+00  1.23944488e+00  6.03782266e-01
 -9.37390751e-01  1.09254069e+00  7.96399916e-01 -4.07631179e-01
  2.82556223e+00 -2.12224535e+00  1.55341661e+00 -6.54080346e-01
  9.73317771e-01 -3.19659262e+00 -2.26337856e+00  3.57483825e-01
 -1.07268548e+00 -4.05457943e-01  2.60804454e-01  4.99508708e-02
 -1.76163992e+00 -2.04969914e-01 -6.74121751e-01  2.86818604e+00
 -1.14997964e+00 -1.19273377e+00 -1.12911657e+00  1.26129715e+00
  1.59829880e+00 -8.31061013e-01  2.13068310e+00 -1.41395840e+00
 -2.45709697e-01 -8.89581542e-01 -2.96359730e+00  3.11928975e+00
 -1.77724785e+00  3.04012440e+00 -1.37779068e+00 -2.31616661e+00
  3.83780026e+00 -1.21080253e+00 -5.41631282e-01 -3.12629980e+00
 -2.49683273e+00  2.97894564e+00 -1.94619224e+00 -1.68870803e+00
 -4.05579285e-01  2.94437311e+00  1.43161471e-01  3.18294901e-02
 -1.61690888e+00 -1.41183107e-01 -1.58116751e+00 -3.10380219e+00
  2.91148653e+00  1.12272755e+00 -3.27339009e-01 -2.31628287e+00
  1.02598979e+00 -1.18023620e+00 -2.88004773e-01 -2.15979834e+00
 -1.88804109e+00  1.83264813e+00 -9.90534425e-01  2.58660659e+00
 -4.21834187e-01 -3.10907414e+00 -2.84945128e+00  2.03708336e+00
 -3.06314076e+00 -2.29429851e-01 -1.03109325e+00 -1.80415771e-01
  2.38077402e+00  1.71985874e+00 -3.03984846e-01 -1.68608851e+00
 -3.04480874e+00  1.14459412e-01 -8.13504764e-01  1.46068757e+00
 -2.52617035e+00  9.59019831e-01 -2.13956102e-02  2.12748401e-01
  1.99970927e+00  7.19796815e-01  7.83904367e-01 -1.22174233e+00
  1.60016867e+00  2.56615382e+00  1.30024407e+00  3.08325940e-01
 -9.87423652e-01  2.57608367e+00  8.21619172e-01 -2.22892996e+00
 -5.04765079e-03  1.69006804e+00  1.06977116e+00 -6.45111971e-01
 -2.32054583e+00  2.44322471e+00  2.04146139e+00  1.63536991e+00
  2.25213027e+00  1.88701608e+00 -2.16348034e+00 -2.89509419e+00
  5.00240931e-01  1.37417787e+00 -2.41801931e+00 -1.31039713e+00
  2.43393542e+00  1.24946268e+00  4.18412862e-02 -1.76328714e+00
 -1.56745806e+00  1.91780300e+00  1.45179269e+00 -8.24222886e-01
 -1.39985330e-01 -4.68036110e-01 -1.78648367e-01  2.39089877e+00
 -5.58914890e-01 -6.50689884e-01  1.08725899e+00 -2.30436645e+00
  9.92867370e-01  2.53239564e+00 -5.03880638e-01  2.09796957e+00
 -1.97523461e+00 -8.67816997e-01 -2.42028142e+00 -2.28661987e+00
 -1.37995443e+00 -2.92629203e+00  1.58818788e+00  1.85624473e+00
  1.65392243e+00  1.02130130e+00  1.40667108e+00 -2.31065184e+00
 -2.68422370e+00  1.76499306e+00  9.96545249e-01 -4.26658676e-01
 -2.62992074e+00  1.55938395e+00 -1.20577469e+00 -2.50873316e+00
  6.35222791e-02]
Fri Jun 14 00:42:21 2024,924,0.07650144253389235,[-2.85659824e+00  2.04094936e+00 -1.59259952e+00  4.33475761e-04
  4.47736315e-01 -3.26262210e+00  3.23906504e+00  2.10302747e+00
  1.02311593e+00 -1.03626688e+00  5.56127380e-01  1.31218052e+00
  1.26171479e+00 -1.86305545e+00  7.98707333e-01  2.89384239e+00
 -3.83264635e-01 -4.26859063e-01 -1.90945984e+00  8.54312712e-01
  1.63127261e+00  2.91218419e+00 -1.41188794e+00 -4.43015043e-01
 -2.16756578e+00 -2.10488198e+00  3.09700842e+00  2.81472441e+00
 -7.00399283e-01 -2.61547282e+00  1.54626799e+00 -1.75164669e-01
 -2.44016079e+00  1.80433616e+00  1.15260605e+00 -6.08591330e-01
  1.09745561e+00 -2.03137175e+00 -2.20764176e-01  2.27255265e+00
 -3.70039910e-01  4.46696338e-01  2.43954563e+00  5.76725339e-01
  2.62874935e+00  2.92915228e+00  2.80910064e+00 -2.94767048e+00
  2.61727675e-01 -3.85011429e-01  1.72808894e+00  2.98345082e+00
 -3.53534765e-01 -2.34228986e+00  2.72360477e+00 -3.17915679e+00
  5.55082963e-01 -7.09365305e-01 -1.76408659e+00  3.07746617e+00
 -1.95984071e+00 -1.67734529e+00 -2.54670582e+00  2.36325434e+00
 -2.12785401e+00  1.95763017e+00  1.71510799e+00  1.44981697e+00
  2.53000542e+00  2.88804348e+00  2.01393088e+00  1.49494139e+00
 -1.74992849e+00 -2.40511962e+00  1.15569053e+00  5.80152744e-01
  1.57486310e+00 -2.77027926e+00 -1.17823688e-01  2.49394033e+00
 -1.18313508e+00  1.12931904e+00  1.23833315e+00  6.02670542e-01
 -9.36279027e-01  1.09365241e+00  7.97511640e-01 -4.06519455e-01
  2.82445051e+00 -2.12113362e+00  1.55230488e+00 -6.52968622e-01
  9.74429494e-01 -3.19548090e+00 -2.26449028e+00  3.58595548e-01
 -1.07157375e+00 -4.04346219e-01  2.59692731e-01  5.10625944e-02
 -1.76052820e+00 -2.03858190e-01 -6.73010027e-01  2.86707431e+00
 -1.14886792e+00 -1.19384549e+00 -1.12800485e+00  1.26240887e+00
  1.59718708e+00 -8.32172736e-01  2.13179483e+00 -1.41507012e+00
 -2.46821421e-01 -8.88469818e-01 -2.96470903e+00  3.11817803e+00
 -1.77835957e+00  3.03901268e+00 -1.37667896e+00 -2.31505489e+00
  3.83891198e+00 -1.20969081e+00 -5.40519559e-01 -3.12518808e+00
 -2.49794445e+00  2.97783392e+00 -1.94508052e+00 -1.68759631e+00
 -4.06691009e-01  2.94548484e+00  1.42049747e-01  3.07177665e-02
 -1.61802061e+00 -1.42294831e-01 -1.58227924e+00 -3.10269047e+00
  2.91259826e+00  1.12383928e+00 -3.26227286e-01 -2.31739459e+00
  1.02710152e+00 -1.18134792e+00 -2.89116497e-01 -2.15868662e+00
 -1.88692937e+00  1.83153641e+00 -9.89422701e-01  2.58771832e+00
 -4.22945911e-01 -3.10796242e+00 -2.85056300e+00  2.03819508e+00
 -3.06425248e+00 -2.30541574e-01 -1.03220497e+00 -1.79304047e-01
  2.37966230e+00  1.72097046e+00 -3.05096570e-01 -1.68720024e+00
 -3.04592046e+00  1.15571135e-01 -8.12393040e-01  1.45957585e+00
 -2.52505863e+00  9.60131554e-01 -2.25073338e-02  2.13860124e-01
  1.99859754e+00  7.20908539e-01  7.85016091e-01 -1.22285405e+00
  1.60128039e+00  2.56726555e+00  1.30135579e+00  3.09437663e-01
 -9.86311928e-01  2.57497194e+00  8.20507449e-01 -2.23004169e+00
 -6.15937439e-03  1.69117977e+00  1.06865944e+00 -6.46223694e-01
 -2.32165755e+00  2.44211299e+00  2.04257312e+00  1.63648163e+00
  2.25324199e+00  1.88590435e+00 -2.16459207e+00 -2.89398247e+00
  5.01352655e-01  1.37528959e+00 -2.41913103e+00 -1.30928541e+00
  2.43282370e+00  1.25057440e+00  4.07295626e-02 -1.76439886e+00
 -1.56856978e+00  1.91669128e+00  1.45290441e+00 -8.23111162e-01
 -1.41097054e-01 -4.66924386e-01 -1.77536643e-01  2.39201050e+00
 -5.57803167e-01 -6.49578160e-01  1.08614726e+00 -2.30325472e+00
  9.91755646e-01  2.53128392e+00 -5.02768914e-01  2.09685785e+00
 -1.97412288e+00 -8.66705274e-01 -2.41916970e+00 -2.28773159e+00
 -1.38106615e+00 -2.92740375e+00  1.58707616e+00  1.85513301e+00
  1.65281071e+00  1.02241303e+00  1.40778281e+00 -2.31176356e+00
 -2.68311198e+00  1.76388133e+00  9.97656972e-01 -4.25546952e-01
 -2.62880902e+00  1.56049567e+00 -1.20466297e+00 -2.50984488e+00
  6.46340027e-02]
Fri Jun 14 00:42:38 2024,925,0.076467132270623,[-2.85756179e+00  2.03998581e+00 -1.59356307e+00  1.39702377e-03
  4.46772767e-01 -3.26165855e+00  3.24002859e+00  2.10399102e+00
  1.02407948e+00 -1.03723042e+00  5.57090928e-01  1.31121697e+00
  1.26075124e+00 -1.86401900e+00  7.97743784e-01  2.89480593e+00
 -3.84228183e-01 -4.27822611e-01 -1.90849629e+00  8.53349164e-01
  1.63030907e+00  2.91314773e+00 -1.41285149e+00 -4.43978591e-01
 -2.16660223e+00 -2.10391844e+00  3.09797197e+00  2.81568796e+00
 -7.01362831e-01 -2.61450928e+00  1.54723154e+00 -1.74201121e-01
 -2.44112433e+00  1.80337261e+00  1.15356959e+00 -6.07627782e-01
  1.09649206e+00 -2.03233529e+00 -2.21727724e-01  2.27351619e+00
 -3.71003458e-01  4.47659886e-01  2.44050918e+00  5.77688887e-01
  2.62778580e+00  2.93011583e+00  2.80813709e+00 -2.94863403e+00
  2.60764127e-01 -3.84047881e-01  1.72712539e+00  2.98248727e+00
 -3.54498313e-01 -2.34132631e+00  2.72264122e+00 -3.17819324e+00
  5.54119415e-01 -7.08401757e-01 -1.76312304e+00  3.07650262e+00
 -1.96080426e+00 -1.67830883e+00 -2.54574227e+00  2.36421789e+00
 -2.12689046e+00  1.95859372e+00  1.71414444e+00  1.45078052e+00
  2.52904188e+00  2.88900702e+00  2.01296733e+00  1.49397784e+00
 -1.74896494e+00 -2.40608317e+00  1.15472699e+00  5.79189196e-01
  1.57389956e+00 -2.76931571e+00 -1.18787236e-01  2.49490388e+00
 -1.18409862e+00  1.13028259e+00  1.23929670e+00  6.03634090e-01
 -9.37242575e-01  1.09268886e+00  7.96548092e-01 -4.05555907e-01
  2.82541406e+00 -2.12017007e+00  1.55134133e+00 -6.53932170e-01
  9.73465946e-01 -3.19451735e+00 -2.26545383e+00  3.59559096e-01
 -1.07253730e+00 -4.05309767e-01  2.60656279e-01  5.00990464e-02
 -1.76149175e+00 -2.04821738e-01 -6.73973575e-01  2.86611076e+00
 -1.14983147e+00 -1.19480904e+00 -1.12896839e+00  1.26144532e+00
  1.59622353e+00 -8.31209188e-01  2.13083128e+00 -1.41603367e+00
 -2.47784969e-01 -8.89433366e-01 -2.96374548e+00  3.11914158e+00
 -1.77932312e+00  3.03997623e+00 -1.37764250e+00 -2.31409134e+00
  3.83794843e+00 -1.20872726e+00 -5.39556011e-01 -3.12615163e+00
 -2.49698090e+00  2.97879747e+00 -1.94411697e+00 -1.68663276e+00
 -4.05727461e-01  2.94452129e+00  1.41086199e-01  2.97542185e-02
 -1.61705706e+00 -1.43258379e-01 -1.58324279e+00 -3.10365402e+00
  2.91163471e+00  1.12480282e+00 -3.27190834e-01 -2.31643105e+00
  1.02806506e+00 -1.18038437e+00 -2.88152949e-01 -2.15965017e+00
 -1.88789292e+00  1.83057286e+00 -9.90386249e-01  2.58675477e+00
 -4.21982363e-01 -3.10892597e+00 -2.84959946e+00  2.03915863e+00
 -3.06328894e+00 -2.29578026e-01 -1.03124142e+00 -1.78340499e-01
  2.38062585e+00  1.72193401e+00 -3.06060118e-01 -1.68623669e+00
 -3.04495692e+00  1.14607587e-01 -8.11429492e-01  1.45861230e+00
 -2.52409508e+00  9.61095102e-01 -2.15437857e-02  2.14823672e-01
  1.99956109e+00  7.19944991e-01  7.85979639e-01 -1.22381760e+00
  1.60224394e+00  2.56630200e+00  1.30039224e+00  3.08474115e-01
 -9.85348380e-01  2.57400840e+00  8.19543901e-01 -2.22907814e+00
 -5.19582638e-03  1.69021622e+00  1.06962298e+00 -6.45260146e-01
 -2.32262110e+00  2.44307654e+00  2.04353666e+00  1.63744518e+00
  2.25227845e+00  1.88686790e+00 -2.16555561e+00 -2.89494602e+00
  5.02316203e-01  1.37625314e+00 -2.42009458e+00 -1.31024895e+00
  2.43378725e+00  1.25153795e+00  4.16931106e-02 -1.76343531e+00
 -1.56953333e+00  1.91572773e+00  1.45386796e+00 -8.24074710e-01
 -1.40133506e-01 -4.65960838e-01 -1.76573095e-01  2.39104695e+00
 -5.58766715e-01 -6.48614612e-01  1.08518372e+00 -2.30229117e+00
  9.92719194e-01  2.53224746e+00 -5.03732462e-01  2.09782140e+00
 -1.97508643e+00 -8.67668822e-01 -2.42013324e+00 -2.28676805e+00
 -1.38202970e+00 -2.92644021e+00  1.58803971e+00  1.85609656e+00
  1.65184716e+00  1.02144948e+00  1.40681926e+00 -2.31080001e+00
 -2.68407553e+00  1.76484488e+00  9.96693424e-01 -4.26510500e-01
 -2.62784547e+00  1.55953213e+00 -1.20369942e+00 -2.50888133e+00
  6.55975507e-02]
Fri Jun 14 00:42:54 2024,926,0.07645148434384681,[-2.85801671e+00  2.04044074e+00 -1.59401800e+00  9.42095521e-04
  4.47227695e-01 -3.26120362e+00  3.24048352e+00  2.10353609e+00
  1.02453441e+00 -1.03677550e+00  5.57545856e-01  1.31167190e+00
  1.26120617e+00 -1.86447393e+00  7.98198713e-01  2.89526086e+00
 -3.84683111e-01 -4.27367682e-01 -1.90804136e+00  8.53804092e-01
  1.62985414e+00  2.91269281e+00 -1.41330642e+00 -4.44433519e-01
 -2.16614730e+00 -2.10346351e+00  3.09751704e+00  2.81523303e+00
 -7.00907902e-01 -2.61496420e+00  1.54768647e+00 -1.74656049e-01
 -2.44066941e+00  1.80291768e+00  1.15311467e+00 -6.07172854e-01
  1.09603714e+00 -2.03188037e+00 -2.22182653e-01  2.27397112e+00
 -3.71458387e-01  4.47204958e-01  2.44096411e+00  5.78143815e-01
  2.62733087e+00  2.92966090e+00  2.80768217e+00 -2.94817910e+00
  2.60309199e-01 -3.83592953e-01  1.72758032e+00  2.98294220e+00
 -3.54043385e-01 -2.34087138e+00  2.72218629e+00 -3.17773831e+00
  5.53664486e-01 -7.07946828e-01 -1.76266811e+00  3.07695755e+00
 -1.96034933e+00 -1.67785391e+00 -2.54528734e+00  2.36376296e+00
 -2.12643553e+00  1.95904864e+00  1.71368951e+00  1.45123545e+00
  2.52949680e+00  2.88946195e+00  2.01251240e+00  1.49443277e+00
 -1.74941987e+00 -2.40562824e+00  1.15427206e+00  5.79644124e-01
  1.57435448e+00 -2.76977064e+00 -1.19242164e-01  2.49535881e+00
 -1.18364370e+00  1.13073752e+00  1.23975163e+00  6.04089018e-01
 -9.36787647e-01  1.09314379e+00  7.97003020e-01 -4.06010835e-01
  2.82586898e+00 -2.11971515e+00  1.55088641e+00 -6.54387098e-01
  9.73011018e-01 -3.19497228e+00 -2.26590876e+00  3.60014024e-01
 -1.07299223e+00 -4.05764695e-01  2.60201350e-01  5.05539746e-02
 -1.76103682e+00 -2.04366810e-01 -6.74428504e-01  2.86656569e+00
 -1.14937654e+00 -1.19435411e+00 -1.12942332e+00  1.26099039e+00
  1.59667846e+00 -8.31664117e-01  2.13037635e+00 -1.41557874e+00
 -2.47330041e-01 -8.89888294e-01 -2.96329055e+00  3.11868665e+00
 -1.77977805e+00  3.04043116e+00 -1.37718757e+00 -2.31454627e+00
  3.83749350e+00 -1.20918219e+00 -5.39101083e-01 -3.12660655e+00
 -2.49743583e+00  2.97925239e+00 -1.94366204e+00 -1.68708769e+00
 -4.05272533e-01  2.94406636e+00  1.40631271e-01  3.02091468e-02
 -1.61660213e+00 -1.42803450e-01 -1.58278786e+00 -3.10319909e+00
  2.91208964e+00  1.12525775e+00 -3.27645762e-01 -2.31597612e+00
  1.02761014e+00 -1.17992944e+00 -2.87698021e-01 -2.15919524e+00
 -1.88743799e+00  1.83011793e+00 -9.89931321e-01  2.58629984e+00
 -4.21527434e-01 -3.10938090e+00 -2.84914453e+00  2.03870370e+00
 -3.06283401e+00 -2.30032955e-01 -1.03169635e+00 -1.78795427e-01
  2.38108078e+00  1.72238894e+00 -3.05605189e-01 -1.68578176e+00
 -3.04541184e+00  1.14152659e-01 -8.11884421e-01  1.45815737e+00
 -2.52364015e+00  9.60640174e-01 -2.19987140e-02  2.14368744e-01
  2.00001602e+00  7.20399919e-01  7.86434567e-01 -1.22336267e+00
  1.60178901e+00  2.56675693e+00  1.30084717e+00  3.08929044e-01
 -9.84893452e-01  2.57355347e+00  8.19998829e-01 -2.22862321e+00
 -5.65075463e-03  1.68976129e+00  1.07007791e+00 -6.44805218e-01
 -2.32216617e+00  2.44262161e+00  2.04399159e+00  1.63699025e+00
  2.25182352e+00  1.88732283e+00 -2.16510069e+00 -2.89540094e+00
  5.01861275e-01  1.37670807e+00 -2.41963965e+00 -1.30979403e+00
  2.43424218e+00  1.25199288e+00  4.12381824e-02 -1.76298038e+00
 -1.56907840e+00  1.91618266e+00  1.45432289e+00 -8.23619782e-01
 -1.39678578e-01 -4.65505910e-01 -1.77028023e-01  2.39150188e+00
 -5.58311787e-01 -6.49069540e-01  1.08563864e+00 -2.30274610e+00
  9.92264266e-01  2.53270239e+00 -5.03277534e-01  2.09827632e+00
 -1.97463150e+00 -8.68123750e-01 -2.41967832e+00 -2.28722297e+00
 -1.38248463e+00 -2.92689513e+00  1.58758478e+00  1.85655149e+00
  1.65230209e+00  1.02099455e+00  1.40727419e+00 -2.31125494e+00
 -2.68453045e+00  1.76529981e+00  9.97148352e-01 -4.26965428e-01
 -2.62830040e+00  1.55907720e+00 -1.20415435e+00 -2.50933626e+00
  6.60524789e-02]
Fri Jun 14 00:43:10 2024,927,0.0764457782628483,[-2.85773487e+00  2.04072258e+00 -1.59373615e+00  1.22394095e-03
  4.46945849e-01 -3.26148547e+00  3.24020167e+00  2.10381794e+00
  1.02425256e+00 -1.03705734e+00  5.57827702e-01  1.31195375e+00
  1.26148802e+00 -1.86419209e+00  7.98480558e-01  2.89554271e+00
 -3.84964957e-01 -4.27085837e-01 -1.90775952e+00  8.53522247e-01
  1.62957229e+00  2.91241096e+00 -1.41358827e+00 -4.44715364e-01
 -2.16642915e+00 -2.10318166e+00  3.09779889e+00  2.81495119e+00
 -7.01189748e-01 -2.61524605e+00  1.54796831e+00 -1.74937895e-01
 -2.44038756e+00  1.80263584e+00  1.15339651e+00 -6.06891009e-01
  1.09575529e+00 -2.03159852e+00 -2.21900807e-01  2.27368928e+00
 -3.71176541e-01  4.46923113e-01  2.44068226e+00  5.78425660e-01
  2.62761272e+00  2.92937906e+00  2.80796401e+00 -2.94789726e+00
  2.60027354e-01 -3.83874798e-01  1.72786217e+00  2.98266036e+00
 -3.53761539e-01 -2.34115323e+00  2.72246814e+00 -3.17745647e+00
  5.53946332e-01 -7.07664983e-01 -1.76294996e+00  3.07723940e+00
 -1.96063118e+00 -1.67813575e+00 -2.54556919e+00  2.36404481e+00
 -2.12671738e+00  1.95933049e+00  1.71397136e+00  1.45151729e+00
  2.52921496e+00  2.88974380e+00  2.01279425e+00  1.49471461e+00
 -1.74913802e+00 -2.40591009e+00  1.15455390e+00  5.79925969e-01
  1.57463633e+00 -2.77005248e+00 -1.18960319e-01  2.49564066e+00
 -1.18336185e+00  1.13045567e+00  1.24003347e+00  6.04370864e-01
 -9.37069492e-01  1.09342563e+00  7.96721175e-01 -4.05728990e-01
  2.82615083e+00 -2.11943330e+00  1.55060456e+00 -6.54105253e-01
  9.73292863e-01 -3.19525412e+00 -2.26562691e+00  3.60295870e-01
 -1.07271039e+00 -4.06046541e-01  2.60483196e-01  5.08358200e-02
 -1.76075497e+00 -2.04084965e-01 -6.74146658e-01  2.86684754e+00
 -1.14965839e+00 -1.19407227e+00 -1.12970517e+00  1.26127224e+00
  1.59696031e+00 -8.31945962e-01  2.13065820e+00 -1.41529690e+00
 -2.47048195e-01 -8.90170140e-01 -2.96300870e+00  3.11896849e+00
 -1.77949620e+00  3.04071300e+00 -1.37746942e+00 -2.31426442e+00
  3.83777535e+00 -1.20946403e+00 -5.39382928e-01 -3.12632471e+00
 -2.49771768e+00  2.97897055e+00 -1.94394389e+00 -1.68680584e+00
 -4.04990687e-01  2.94434820e+00  1.40349425e-01  2.99273013e-02
 -1.61632028e+00 -1.43085296e-01 -1.58306970e+00 -3.10291724e+00
  2.91180779e+00  1.12497591e+00 -3.27363917e-01 -2.31625796e+00
  1.02789198e+00 -1.18021129e+00 -2.87979866e-01 -2.15891340e+00
 -1.88771984e+00  1.83039978e+00 -9.89649475e-01  2.58601799e+00
 -4.21809280e-01 -3.10966274e+00 -2.84886268e+00  2.03898555e+00
 -3.06311585e+00 -2.30314800e-01 -1.03141451e+00 -1.79077273e-01
  2.38136262e+00  1.72210709e+00 -3.05887035e-01 -1.68549991e+00
 -3.04513000e+00  1.14434505e-01 -8.12166266e-01  1.45787553e+00
 -2.52335830e+00  9.60358329e-01 -2.22805594e-02  2.14650590e-01
  2.00029787e+00  7.20681764e-01  7.86716413e-01 -1.22364452e+00
  1.60207086e+00  2.56703877e+00  1.30056533e+00  3.08647198e-01
 -9.85175298e-01  2.57327162e+00  8.19716984e-01 -2.22834137e+00
 -5.93260006e-03  1.68947945e+00  1.06979607e+00 -6.44523373e-01
 -2.32244802e+00  2.44233976e+00  2.04427344e+00  1.63727210e+00
  2.25154167e+00  1.88760468e+00 -2.16481884e+00 -2.89511910e+00
  5.01579429e-01  1.37642622e+00 -2.41935781e+00 -1.31007587e+00
  2.43396033e+00  1.25171103e+00  4.15200278e-02 -1.76269854e+00
 -1.56936025e+00  1.91646451e+00  1.45460473e+00 -8.23901628e-01
 -1.39960423e-01 -4.65787755e-01 -1.77309869e-01  2.39122003e+00
 -5.58029941e-01 -6.49351386e-01  1.08535680e+00 -2.30246426e+00
  9.92546112e-01  2.53298424e+00 -5.02995689e-01  2.09855817e+00
 -1.97491335e+00 -8.67841905e-01 -2.41939647e+00 -2.28750482e+00
 -1.38276647e+00 -2.92717698e+00  1.58786663e+00  1.85683333e+00
  1.65258393e+00  1.02071270e+00  1.40699234e+00 -2.31097310e+00
 -2.68481230e+00  1.76501797e+00  9.97430198e-01 -4.26683583e-01
 -2.62858224e+00  1.55879535e+00 -1.20443619e+00 -2.50905442e+00
  6.57706335e-02]
Fri Jun 14 00:43:26 2024,928,0.07640049911581703,[-2.85858068e+00  2.03987677e+00 -1.59289034e+00  3.78125968e-04
  4.46100034e-01 -3.26063965e+00  3.24104748e+00  2.10466375e+00
  1.02509838e+00 -1.03790316e+00  5.56981887e-01  1.31110793e+00
  1.26064220e+00 -1.86334627e+00  7.97634743e-01  2.89469689e+00
 -3.85810772e-01 -4.27931652e-01 -1.90860533e+00  8.52676432e-01
  1.62872648e+00  2.91156515e+00 -1.41443408e+00 -4.43869549e-01
 -2.16727496e+00 -2.10233585e+00  3.09864470e+00  2.81410537e+00
 -7.02035563e-01 -2.61440023e+00  1.54881413e+00 -1.74092080e-01
 -2.44123337e+00  1.80179002e+00  1.15255070e+00 -6.07736823e-01
  1.09660111e+00 -2.03075271e+00 -2.22746622e-01  2.27453509e+00
 -3.72022356e-01  4.47768928e-01  2.44152808e+00  5.77579845e-01
  2.62676690e+00  2.92853324e+00  2.80711820e+00 -2.94705144e+00
  2.59181539e-01 -3.83028983e-01  1.72701635e+00  2.98350617e+00
 -3.54607354e-01 -2.34199904e+00  2.72162232e+00 -3.17830228e+00
  5.54792147e-01 -7.08510798e-01 -1.76210414e+00  3.07639358e+00
 -1.96147699e+00 -1.67728994e+00 -2.54472337e+00  2.36319899e+00
 -2.12587156e+00  1.96017631e+00  1.71481717e+00  1.45236311e+00
  2.52836914e+00  2.88889798e+00  2.01194843e+00  1.49556043e+00
 -1.74998384e+00 -2.40675590e+00  1.15370809e+00  5.79080154e-01
  1.57548215e+00 -2.76920667e+00 -1.19806134e-01  2.49479484e+00
 -1.18251603e+00  1.12960986e+00  1.24087929e+00  6.03525049e-01
 -9.36223677e-01  1.09257982e+00  7.97566990e-01 -4.06574805e-01
  2.82530502e+00 -2.12027911e+00  1.55145038e+00 -6.54951068e-01
  9.72447048e-01 -3.19440831e+00 -2.26478109e+00  3.59450055e-01
 -1.07355620e+00 -4.06892356e-01  2.61329011e-01  4.99900051e-02
 -1.76160079e+00 -2.03239150e-01 -6.73300843e-01  2.86769335e+00
 -1.15050420e+00 -1.19491808e+00 -1.13055098e+00  1.26211806e+00
  1.59780612e+00 -8.31100147e-01  2.13150401e+00 -1.41614271e+00
 -2.46202380e-01 -8.91015955e-01 -2.96385452e+00  3.11981431e+00
 -1.78034202e+00  3.03986719e+00 -1.37662361e+00 -2.31511024e+00
  3.83862116e+00 -1.20861822e+00 -5.38537113e-01 -3.12717052e+00
 -2.49856349e+00  2.97812473e+00 -1.94478970e+00 -1.68765166e+00
 -4.04144872e-01  2.94519402e+00  1.39503610e-01  2.90814864e-02
 -1.61547447e+00 -1.43931111e-01 -1.58222389e+00 -3.10376306e+00
  2.91265361e+00  1.12582172e+00 -3.26518102e-01 -2.31541215e+00
  1.02704617e+00 -1.17936548e+00 -2.88825681e-01 -2.15975921e+00
 -1.88687402e+00  1.82955396e+00 -9.90495290e-01  2.58686381e+00
 -4.20963465e-01 -3.10881693e+00 -2.84801687e+00  2.03983136e+00
 -3.06396167e+00 -2.29468985e-01 -1.03056869e+00 -1.78231458e-01
  2.38051681e+00  1.72126128e+00 -3.05041220e-01 -1.68634573e+00
 -3.04597581e+00  1.13588690e-01 -8.11320451e-01  1.45702971e+00
 -2.52251249e+00  9.59512514e-01 -2.31263744e-02  2.15496405e-01
  1.99945205e+00  7.21527579e-01  7.87562228e-01 -1.22449033e+00
  1.60291667e+00  2.56619296e+00  1.29971951e+00  3.07801383e-01
 -9.84329483e-01  2.57411744e+00  8.18871169e-01 -2.22918718e+00
 -6.77841505e-03  1.69032526e+00  1.06895025e+00 -6.43677558e-01
 -2.32160220e+00  2.44318558e+00  2.04342762e+00  1.63642628e+00
  2.25238749e+00  1.88675886e+00 -2.16566466e+00 -2.89427328e+00
  5.02425244e-01  1.37727204e+00 -2.41851199e+00 -1.30923006e+00
  2.43311452e+00  1.25255684e+00  4.06742128e-02 -1.76185272e+00
 -1.56851443e+00  1.91731032e+00  1.45375892e+00 -8.24747443e-01
 -1.39114608e-01 -4.64941940e-01 -1.78155684e-01  2.39206585e+00
 -5.58875756e-01 -6.48505571e-01  1.08620261e+00 -2.30331007e+00
  9.93391927e-01  2.53213842e+00 -5.02149874e-01  2.09771235e+00
 -1.97406753e+00 -8.68687720e-01 -2.42024229e+00 -2.28665901e+00
 -1.38192066e+00 -2.92802279e+00  1.58871244e+00  1.85598752e+00
  1.65342975e+00  1.02155852e+00  1.40783816e+00 -2.31181891e+00
 -2.68396649e+00  1.76586378e+00  9.98276013e-01 -4.27529398e-01
 -2.62773643e+00  1.55964117e+00 -1.20528201e+00 -2.50990023e+00
  6.49248185e-02]
Fri Jun 14 00:43:42 2024,929,0.07640021054817989,[-2.85856704e+00  2.03986312e+00 -1.59287669e+00  3.91772741e-04
  4.46086388e-01 -3.26065330e+00  3.24103384e+00  2.10467740e+00
  1.02508473e+00 -1.03788951e+00  5.56968240e-01  1.31112158e+00
  1.26065585e+00 -1.86335992e+00  7.97621096e-01  2.89471054e+00
 -3.85797125e-01 -4.27918005e-01 -1.90859168e+00  8.52690079e-01
  1.62871283e+00  2.91157879e+00 -1.41442043e+00 -4.43883196e-01
 -2.16728861e+00 -2.10232220e+00  3.09865835e+00  2.81409172e+00
 -7.02049210e-01 -2.61438659e+00  1.54880048e+00 -1.74078433e-01
 -2.44121973e+00  1.80177637e+00  1.15256434e+00 -6.07723177e-01
  1.09658746e+00 -2.03073906e+00 -2.22760269e-01  2.27452145e+00
 -3.72036003e-01  4.47782575e-01  2.44154172e+00  5.77566199e-01
  2.62675325e+00  2.92854689e+00  2.80713184e+00 -2.94706509e+00
  2.59167892e-01 -3.83015336e-01  1.72700270e+00  2.98349252e+00
 -3.54621001e-01 -2.34198540e+00  2.72160868e+00 -3.17831593e+00
  5.54805794e-01 -7.08497151e-01 -1.76211779e+00  3.07640723e+00
 -1.96149064e+00 -1.67727629e+00 -2.54470973e+00  2.36321264e+00
 -2.12585791e+00  1.96016266e+00  1.71480353e+00  1.45237676e+00
  2.52838279e+00  2.88888434e+00  2.01193479e+00  1.49554678e+00
 -1.74999748e+00 -2.40676955e+00  1.15372173e+00  5.79066508e-01
  1.57546850e+00 -2.76922032e+00 -1.19792487e-01  2.49480849e+00
 -1.18250239e+00  1.12962350e+00  1.24086564e+00  6.03538695e-01
 -9.36210030e-01  1.09256617e+00  7.97580637e-01 -4.06588452e-01
  2.82531866e+00 -2.12026547e+00  1.55143673e+00 -6.54937421e-01
  9.72460695e-01 -3.19442196e+00 -2.26476745e+00  3.59436408e-01
 -1.07356985e+00 -4.06906003e-01  2.61342658e-01  4.99763583e-02
 -1.76158714e+00 -2.03225503e-01 -6.73314490e-01  2.86767971e+00
 -1.15051785e+00 -1.19490443e+00 -1.13053734e+00  1.26210441e+00
  1.59779247e+00 -8.31086500e-01  2.13149036e+00 -1.41612906e+00
 -2.46188734e-01 -8.91002308e-01 -2.96384087e+00  3.11980066e+00
 -1.78035567e+00  3.03988083e+00 -1.37660996e+00 -2.31509659e+00
  3.83860752e+00 -1.20860457e+00 -5.38550760e-01 -3.12718417e+00
 -2.49857714e+00  2.97813838e+00 -1.94477606e+00 -1.68763801e+00
 -4.04158519e-01  2.94520767e+00  1.39517257e-01  2.90951331e-02
 -1.61548812e+00 -1.43944757e-01 -1.58223754e+00 -3.10377670e+00
  2.91263996e+00  1.12580808e+00 -3.26531748e-01 -2.31542579e+00
  1.02705981e+00 -1.17937912e+00 -2.88839328e-01 -2.15974556e+00
 -1.88686037e+00  1.82954032e+00 -9.90481644e-01  2.58685016e+00
 -4.20949818e-01 -3.10883057e+00 -2.84803051e+00  2.03984501e+00
 -3.06397532e+00 -2.29455338e-01 -1.03058234e+00 -1.78245105e-01
  2.38053045e+00  1.72124763e+00 -3.05027573e-01 -1.68633208e+00
 -3.04596217e+00  1.13602336e-01 -8.11334098e-01  1.45704336e+00
 -2.52249884e+00  9.59498867e-01 -2.31400212e-02  2.15510051e-01
  1.99943840e+00  7.21541226e-01  7.87548581e-01 -1.22450398e+00
  1.60293032e+00  2.56620661e+00  1.29973316e+00  3.07815030e-01
 -9.84315836e-01  2.57413108e+00  8.18884815e-01 -2.22920083e+00
 -6.79206182e-03  1.69031161e+00  1.06893660e+00 -6.43691204e-01
 -2.32158855e+00  2.44319923e+00  2.04344127e+00  1.63641264e+00
  2.25237384e+00  1.88674521e+00 -2.16567830e+00 -2.89428693e+00
  5.02438891e-01  1.37728568e+00 -2.41852564e+00 -1.30924370e+00
  2.43310087e+00  1.25254320e+00  4.06878596e-02 -1.76186637e+00
 -1.56852808e+00  1.91732397e+00  1.45377257e+00 -8.24733796e-01
 -1.39128255e-01 -4.64928294e-01 -1.78169330e-01  2.39207949e+00
 -5.58862109e-01 -6.48491924e-01  1.08618897e+00 -2.30329642e+00
  9.93378280e-01  2.53212478e+00 -5.02163520e-01  2.09769871e+00
 -1.97408118e+00 -8.68674073e-01 -2.42025593e+00 -2.28664536e+00
 -1.38193431e+00 -2.92800915e+00  1.58872609e+00  1.85597387e+00
  1.65341610e+00  1.02157217e+00  1.40785180e+00 -2.31183256e+00
 -2.68398013e+00  1.76585013e+00  9.98289660e-01 -4.27515751e-01
 -2.62772278e+00  1.55965481e+00 -1.20526836e+00 -2.50991388e+00
  6.49384653e-02]
Fri Jun 14 00:43:57 2024,930,0.0763797871255423,[-2.85811769e+00  2.04031246e+00 -1.59242735e+00 -5.75706157e-05
  4.46535731e-01 -3.26020396e+00  3.24058449e+00  2.10422806e+00
  1.02463539e+00 -1.03744017e+00  5.56518897e-01  1.31067224e+00
  1.26020650e+00 -1.86291057e+00  7.98070440e-01  2.89515988e+00
 -3.86246468e-01 -4.28367348e-01 -1.90904103e+00  8.53139422e-01
  1.62826349e+00  2.91202814e+00 -1.41397109e+00 -4.44332540e-01
 -2.16683927e+00 -2.10277154e+00  3.09820900e+00  2.81364238e+00
 -7.02498553e-01 -2.61393724e+00  1.54835114e+00 -1.73629090e-01
 -2.44077038e+00  1.80132703e+00  1.15301369e+00 -6.07273833e-01
  1.09613812e+00 -2.03118840e+00 -2.22310926e-01  2.27407210e+00
 -3.72485346e-01  4.47333231e-01  2.44109238e+00  5.78015542e-01
  2.62720260e+00  2.92899623e+00  2.80758119e+00 -2.94661574e+00
  2.58718548e-01 -3.82565993e-01  1.72745205e+00  2.98394187e+00
 -3.54171658e-01 -2.34153605e+00  2.72205802e+00 -3.17786659e+00
  5.55255137e-01 -7.08946494e-01 -1.76166845e+00  3.07595789e+00
 -1.96193998e+00 -1.67772563e+00 -2.54515907e+00  2.36276329e+00
 -2.12540857e+00  1.96061200e+00  1.71525287e+00  1.45282610e+00
  2.52883213e+00  2.88843499e+00  2.01238413e+00  1.49509744e+00
 -1.74954814e+00 -2.40721889e+00  1.15417108e+00  5.78617164e-01
  1.57591784e+00 -2.76966966e+00 -1.19343144e-01  2.49435915e+00
 -1.18295173e+00  1.13007285e+00  1.24041630e+00  6.03988039e-01
 -9.35760687e-01  1.09211683e+00  7.98029980e-01 -4.06139108e-01
  2.82576801e+00 -2.12071481e+00  1.55098739e+00 -6.55386765e-01
  9.72910039e-01 -3.19487130e+00 -2.26521679e+00  3.58987065e-01
 -1.07312050e+00 -4.07355346e-01  2.61792001e-01  4.95270149e-02
 -1.76113780e+00 -2.02776160e-01 -6.72865147e-01  2.86812905e+00
 -1.15006850e+00 -1.19445509e+00 -1.13098668e+00  1.26165507e+00
  1.59734313e+00 -8.30637157e-01  2.13104102e+00 -1.41657841e+00
 -2.45739390e-01 -8.91451651e-01 -2.96429022e+00  3.12025000e+00
 -1.77990632e+00  3.04033018e+00 -1.37616062e+00 -2.31464725e+00
  3.83815817e+00 -1.20815523e+00 -5.39000103e-01 -3.12763351e+00
 -2.49812780e+00  2.97858772e+00 -1.94432671e+00 -1.68718867e+00
 -4.03709176e-01  2.94475832e+00  1.39067914e-01  2.86457898e-02
 -1.61503877e+00 -1.43495414e-01 -1.58268688e+00 -3.10422605e+00
  2.91308930e+00  1.12535873e+00 -3.26082405e-01 -2.31497645e+00
  1.02750916e+00 -1.17892978e+00 -2.88389984e-01 -2.16019491e+00
 -1.88641103e+00  1.82909097e+00 -9.90930987e-01  2.58729951e+00
 -4.21399161e-01 -3.10927992e+00 -2.84758117e+00  2.03939567e+00
 -3.06352597e+00 -2.29904682e-01 -1.03103168e+00 -1.78694448e-01
  2.38008111e+00  1.72079829e+00 -3.05476916e-01 -1.68588274e+00
 -3.04641151e+00  1.14051680e-01 -8.10884754e-01  1.45659401e+00
 -2.52204950e+00  9.59948210e-01 -2.26906778e-02  2.15060708e-01
  1.99988775e+00  7.21990569e-01  7.87997924e-01 -1.22495332e+00
  1.60248098e+00  2.56575726e+00  1.29928381e+00  3.08264373e-01
 -9.83866492e-01  2.57458043e+00  8.19334159e-01 -2.22875148e+00
 -7.24140518e-03  1.69076096e+00  1.06938595e+00 -6.44140548e-01
 -2.32203790e+00  2.44274988e+00  2.04299193e+00  1.63686198e+00
  2.25282318e+00  1.88629587e+00 -2.16612765e+00 -2.89383759e+00
  5.01989548e-01  1.37773503e+00 -2.41897498e+00 -1.30879436e+00
  2.43355021e+00  1.25209385e+00  4.11372030e-02 -1.76231571e+00
 -1.56807874e+00  1.91687462e+00  1.45332322e+00 -8.25183139e-01
 -1.39577598e-01 -4.65377637e-01 -1.77719987e-01  2.39163015e+00
 -5.59311453e-01 -6.48941267e-01  1.08663831e+00 -2.30374577e+00
  9.93827623e-01  2.53257412e+00 -5.02612864e-01  2.09724936e+00
 -1.97363184e+00 -8.68224729e-01 -2.42070528e+00 -2.28709470e+00
 -1.38238365e+00 -2.92755980e+00  1.58827674e+00  1.85552453e+00
  1.65296676e+00  1.02112282e+00  1.40830115e+00 -2.31138321e+00
 -2.68442948e+00  1.76629948e+00  9.97840316e-01 -4.27965094e-01
 -2.62727344e+00  1.55920547e+00 -1.20481902e+00 -2.51036322e+00
  6.44891219e-02]
Fri Jun 14 00:44:13 2024,931,0.0763113289096655,[-2.85969740e+00  2.04189217e+00 -1.59400705e+00 -1.63727500e-03
  4.44956027e-01 -3.26178366e+00  3.24216420e+00  2.10580776e+00
  1.02621509e+00 -1.03586046e+00  5.54939192e-01  1.31225194e+00
  1.26178621e+00 -1.86133087e+00  7.96490735e-01  2.89358018e+00
 -3.87826173e-01 -4.26787644e-01 -1.91062073e+00  8.54719126e-01
  1.62668378e+00  2.91360784e+00 -1.41239139e+00 -4.45912244e-01
 -2.16841897e+00 -2.10435125e+00  3.09662930e+00  2.81522209e+00
 -7.04078257e-01 -2.61551695e+00  1.54993084e+00 -1.75208794e-01
 -2.44235009e+00  1.80290674e+00  1.15143398e+00 -6.05694129e-01
  1.09455841e+00 -2.03276811e+00 -2.20731221e-01  2.27565181e+00
 -3.74065051e-01  4.48912936e-01  2.44267208e+00  5.79595246e-01
  2.62562289e+00  2.92741653e+00  2.80600148e+00 -2.94819545e+00
  2.60298253e-01 -3.80986288e-01  1.72587234e+00  2.98236216e+00
 -3.52591953e-01 -2.34311576e+00  2.72363772e+00 -3.17628688e+00
  5.53675433e-01 -7.10526199e-01 -1.76324815e+00  3.07753759e+00
 -1.96351968e+00 -1.67930534e+00 -2.54673877e+00  2.36434300e+00
 -2.12382887e+00  1.95903230e+00  1.71683257e+00  1.45124640e+00
  2.53041184e+00  2.88685529e+00  2.01080442e+00  1.49351773e+00
 -1.75112785e+00 -2.40563919e+00  1.15259137e+00  5.80196869e-01
  1.57749755e+00 -2.77124936e+00 -1.17763439e-01  2.49593885e+00
 -1.18453144e+00  1.12849314e+00  1.24199600e+00  6.05567743e-01
 -9.37340391e-01  1.09369653e+00  7.99609684e-01 -4.07718813e-01
  2.82734771e+00 -2.12229452e+00  1.54940768e+00 -6.56966469e-01
  9.71330334e-01 -3.19329159e+00 -2.26363709e+00  3.57407360e-01
 -1.07154080e+00 -4.08935050e-01  2.60212297e-01  4.79473105e-02
 -1.76271750e+00 -2.01196455e-01 -6.74444851e-01  2.86970875e+00
 -1.15164821e+00 -1.19287539e+00 -1.12940698e+00  1.26323477e+00
  1.59576343e+00 -8.32216861e-01  2.13262073e+00 -1.41499870e+00
 -2.47319095e-01 -8.89871947e-01 -2.96271051e+00  3.12182971e+00
 -1.77832662e+00  3.04190988e+00 -1.37458091e+00 -2.31622695e+00
  3.83973788e+00 -1.20973493e+00 -5.40579808e-01 -3.12921322e+00
 -2.49970750e+00  2.97700802e+00 -1.94274701e+00 -1.68560897e+00
 -4.02129471e-01  2.94317862e+00  1.40647618e-01  3.02254942e-02
 -1.61345907e+00 -1.41915710e-01 -1.58110717e+00 -3.10580575e+00
  2.91466901e+00  1.12693844e+00 -3.24502701e-01 -2.31655616e+00
  1.02908886e+00 -1.17735007e+00 -2.89969689e-01 -2.16177461e+00
 -1.88483133e+00  1.83067068e+00 -9.92510691e-01  2.58571980e+00
 -4.22978866e-01 -3.10770021e+00 -2.84916087e+00  2.04097537e+00
 -3.06194627e+00 -2.31484386e-01 -1.02945198e+00 -1.80274152e-01
  2.38166081e+00  1.72237799e+00 -3.03897212e-01 -1.68430303e+00
 -3.04799121e+00  1.12471975e-01 -8.09305050e-01  1.45817372e+00
 -2.52046979e+00  9.61527915e-01 -2.11109735e-02  2.13481004e-01
  2.00146745e+00  7.20410865e-01  7.86418220e-01 -1.22337362e+00
  1.60090127e+00  2.56733697e+00  1.30086352e+00  3.06684669e-01
 -9.82286788e-01  2.57300072e+00  8.20913863e-01 -2.22717178e+00
 -8.82110956e-03  1.69234066e+00  1.06780624e+00 -6.45720252e-01
 -2.32361760e+00  2.44432959e+00  2.04141222e+00  1.63528227e+00
  2.25124348e+00  1.88787557e+00 -2.16770735e+00 -2.89225788e+00
  5.00409843e-01  1.37615532e+00 -2.42055469e+00 -1.30721466e+00
  2.43197051e+00  1.25051415e+00  3.95574986e-02 -1.76389542e+00
 -1.56965844e+00  1.91529492e+00  1.45490293e+00 -8.26762844e-01
 -1.37997894e-01 -4.63797933e-01 -1.79299691e-01  2.39320985e+00
 -5.57731748e-01 -6.47361563e-01  1.08505861e+00 -2.30532547e+00
  9.95407328e-01  2.53415382e+00 -5.01033159e-01  2.09882907e+00
 -1.97521154e+00 -8.69804434e-01 -2.42228498e+00 -2.28551500e+00
 -1.38396335e+00 -2.92913951e+00  1.58669704e+00  1.85710423e+00
  1.65454646e+00  1.02270253e+00  1.40672144e+00 -2.30980351e+00
 -2.68284977e+00  1.76787918e+00  9.99420021e-01 -4.29544799e-01
 -2.62885314e+00  1.56078518e+00 -1.20639872e+00 -2.51194292e+00
  6.60688263e-02]
Fri Jun 14 00:44:29 2024,932,0.07616194711819076,[-2.86115287e+00  2.04043670e+00 -1.59255158e+00 -3.09274533e-03
  4.43500556e-01 -3.26323913e+00  3.24361967e+00  2.10435229e+00
  1.02475962e+00 -1.03440499e+00  5.56394662e-01  1.31370741e+00
  1.26324168e+00 -1.85987540e+00  7.97946206e-01  2.89503565e+00
 -3.89281643e-01 -4.25332174e-01 -1.91207620e+00  8.56174597e-01
  1.62522831e+00  2.91215237e+00 -1.41093592e+00 -4.44456774e-01
 -2.16696350e+00 -2.10580672e+00  3.09808477e+00  2.81376661e+00
 -7.05533728e-01 -2.61697242e+00  1.54847537e+00 -1.73753324e-01
 -2.44089462e+00  1.80145127e+00  1.15288945e+00 -6.07149599e-01
  1.09601388e+00 -2.03131264e+00 -2.22186691e-01  2.27710728e+00
 -3.75520521e-01  4.47457465e-01  2.44412755e+00  5.78139776e-01
  2.62707836e+00  2.92887200e+00  2.80745695e+00 -2.94673998e+00
  2.61753723e-01 -3.82441759e-01  1.72732781e+00  2.98090669e+00
 -3.51136483e-01 -2.34166029e+00  2.72218225e+00 -3.17483141e+00
  5.52219962e-01 -7.11981669e-01 -1.76179268e+00  3.07608212e+00
 -1.96206421e+00 -1.68076081e+00 -2.54819424e+00  2.36288753e+00
 -2.12237340e+00  1.95757683e+00  1.71537710e+00  1.44979092e+00
  2.53186731e+00  2.88831076e+00  2.01225990e+00  1.49206226e+00
 -1.74967238e+00 -2.40418372e+00  1.15113590e+00  5.81652339e-01
  1.57895302e+00 -2.76979389e+00 -1.19218910e-01  2.49448338e+00
 -1.18307597e+00  1.12994861e+00  1.24345147e+00  6.07023213e-01
 -9.35884921e-01  1.09224106e+00  7.98154214e-01 -4.09174283e-01
  2.82880318e+00 -2.12374999e+00  1.54795221e+00 -6.58421939e-01
  9.69874864e-01 -3.19474707e+00 -2.26509256e+00  3.58862831e-01
 -1.07299627e+00 -4.07479580e-01  2.61667767e-01  4.64918402e-02
 -1.76417297e+00 -2.02651926e-01 -6.75900321e-01  2.87116422e+00
 -1.15310368e+00 -1.19433086e+00 -1.13086245e+00  1.26469024e+00
  1.59430796e+00 -8.33672332e-01  2.13407620e+00 -1.41645417e+00
 -2.48774565e-01 -8.91327417e-01 -2.96125504e+00  3.12037424e+00
 -1.77687115e+00  3.04045441e+00 -1.37312544e+00 -2.31477148e+00
  3.84119335e+00 -1.21119040e+00 -5.39124337e-01 -3.13066869e+00
 -2.49825203e+00  2.97846349e+00 -1.94129154e+00 -1.68706444e+00
 -4.03584941e-01  2.94172315e+00  1.39192148e-01  3.16809645e-02
 -1.61491454e+00 -1.43371180e-01 -1.57965170e+00 -3.10435028e+00
  2.91321354e+00  1.12548297e+00 -3.23047230e-01 -2.31801163e+00
  1.02763339e+00 -1.17589460e+00 -2.91425159e-01 -2.16031914e+00
 -1.88628680e+00  1.83212615e+00 -9.93966162e-01  2.58426433e+00
 -4.21523396e-01 -3.10915568e+00 -2.84770540e+00  2.04243084e+00
 -3.06340174e+00 -2.32939856e-01 -1.03090745e+00 -1.78818682e-01
  2.38311629e+00  1.72092252e+00 -3.05352682e-01 -1.68284756e+00
 -3.04653574e+00  1.11016505e-01 -8.07849580e-01  1.45671825e+00
 -2.51901432e+00  9.62983385e-01 -1.96555031e-02  2.14936474e-01
  2.00292292e+00  7.18955395e-01  7.84962750e-01 -1.22191815e+00
  1.59944580e+00  2.56879244e+00  1.30231899e+00  3.05229199e-01
 -9.83742258e-01  2.57445619e+00  8.19458393e-01 -2.22862725e+00
 -7.36563923e-03  1.69379613e+00  1.06635077e+00 -6.44264782e-01
 -2.32507307e+00  2.44287412e+00  2.04286769e+00  1.63673774e+00
  2.24978801e+00  1.88642010e+00 -2.16625188e+00 -2.89080241e+00
  4.98954373e-01  1.37469985e+00 -2.41909921e+00 -1.30575919e+00
  2.43051504e+00  1.25196962e+00  4.10129689e-02 -1.76243995e+00
 -1.57111391e+00  1.91675039e+00  1.45635840e+00 -8.28218314e-01
 -1.36542424e-01 -4.62342462e-01 -1.77844221e-01  2.39466532e+00
 -5.59187219e-01 -6.45906093e-01  1.08651408e+00 -2.30678094e+00
  9.96862798e-01  2.53560929e+00 -4.99577689e-01  2.09737360e+00
 -1.97666701e+00 -8.71259904e-01 -2.42374045e+00 -2.28697047e+00
 -1.38250788e+00 -2.92768404e+00  1.58524157e+00  1.85855970e+00
  1.65309099e+00  1.02415800e+00  1.40526597e+00 -2.30834804e+00
 -2.68139430e+00  1.76642371e+00  9.97964550e-01 -4.31000269e-01
 -2.63030861e+00  1.56224065e+00 -1.20785419e+00 -2.51339840e+00
  6.46133560e-02]
Fri Jun 14 00:44:54 2024,933,0.07613178195738363,[-2.86035706e+00  2.03964090e+00 -1.59175578e+00 -2.29694214e-03
  4.44296359e-01 -3.26403493e+00  3.24282387e+00  2.10514810e+00
  1.02396382e+00 -1.03520079e+00  5.55598859e-01  1.31291161e+00
  1.26244588e+00 -1.86067120e+00  7.97150403e-01  2.89423985e+00
 -3.90077446e-01 -4.26127977e-01 -1.91287200e+00  8.56970400e-01
  1.62443251e+00  2.91135657e+00 -1.41173172e+00 -4.43660970e-01
 -2.16775930e+00 -2.10501092e+00  3.09728897e+00  2.81297081e+00
 -7.04737924e-01 -2.61776822e+00  1.54927117e+00 -1.74549127e-01
 -2.44009882e+00  1.80065546e+00  1.15209365e+00 -6.06353796e-01
  1.09680969e+00 -2.03210844e+00 -2.22982495e-01  2.27631147e+00
 -3.76316324e-01  4.46661662e-01  2.44333175e+00  5.77343973e-01
  2.62628256e+00  2.92966780e+00  2.80825276e+00 -2.94753578e+00
  2.62549526e-01 -3.81645956e-01  1.72653201e+00  2.98170250e+00
 -3.51932286e-01 -2.34245609e+00  2.72297806e+00 -3.17562722e+00
  5.53015765e-01 -7.12777472e-01 -1.76258848e+00  3.07528632e+00
 -1.96286002e+00 -1.67996500e+00 -2.54899005e+00  2.36209173e+00
 -2.12157759e+00  1.95678102e+00  1.71458130e+00  1.45058673e+00
  2.53107151e+00  2.88910656e+00  2.01305570e+00  1.49285807e+00
 -1.75046818e+00 -2.40338792e+00  1.15193171e+00  5.80856536e-01
  1.57815721e+00 -2.77058970e+00 -1.18423106e-01  2.49527918e+00
 -1.18228016e+00  1.12915281e+00  1.24265567e+00  6.06227410e-01
 -9.35089118e-01  1.09303687e+00  7.97358411e-01 -4.09970086e-01
  2.82800738e+00 -2.12295418e+00  1.54874801e+00 -6.57626136e-01
  9.70670667e-01 -3.19554287e+00 -2.26429675e+00  3.58067027e-01
 -1.07220047e+00 -4.08275383e-01  2.62463570e-01  4.72876434e-02
 -1.76337717e+00 -2.03447729e-01 -6.76696125e-01  2.87036842e+00
 -1.15389948e+00 -1.19512666e+00 -1.13006664e+00  1.26389444e+00
  1.59351215e+00 -8.32876528e-01  2.13487200e+00 -1.41565837e+00
 -2.49570368e-01 -8.92123220e-01 -2.96205084e+00  3.11957844e+00
 -1.77766695e+00  3.04125021e+00 -1.37392124e+00 -2.31397568e+00
  3.84039754e+00 -1.21039460e+00 -5.38328534e-01 -3.12987289e+00
 -2.49745623e+00  2.97766769e+00 -1.94208734e+00 -1.68786024e+00
 -4.02789138e-01  2.94251895e+00  1.38396345e-01  3.08851613e-02
 -1.61411874e+00 -1.44166983e-01 -1.57885590e+00 -3.10355448e+00
  2.91241774e+00  1.12627877e+00 -3.23843034e-01 -2.31721582e+00
  1.02683759e+00 -1.17669041e+00 -2.92220962e-01 -2.16111494e+00
 -1.88549099e+00  1.83292195e+00 -9.94761965e-01  2.58506013e+00
 -4.22319199e-01 -3.10835988e+00 -2.84690960e+00  2.04322664e+00
 -3.06419754e+00 -2.32144053e-01 -1.03011165e+00 -1.79614485e-01
  2.38232048e+00  1.72012672e+00 -3.06148486e-01 -1.68364337e+00
 -3.04733155e+00  1.11812308e-01 -8.08645383e-01  1.45751405e+00
 -2.51821852e+00  9.62187582e-01 -2.04513063e-02  2.14140671e-01
  2.00371873e+00  7.18159592e-01  7.84166946e-01 -1.22271395e+00
  1.60024161e+00  2.56958824e+00  1.30152319e+00  3.06025002e-01
 -9.84538062e-01  2.57525200e+00  8.18662590e-01 -2.22942305e+00
 -8.16144241e-03  1.69300033e+00  1.06714658e+00 -6.43468979e-01
 -2.32427727e+00  2.44366992e+00  2.04207189e+00  1.63594194e+00
  2.25058381e+00  1.88562430e+00 -2.16545608e+00 -2.89159822e+00
  4.98158570e-01  1.37549565e+00 -2.41830341e+00 -1.30655499e+00
  2.42971924e+00  1.25276542e+00  4.02171657e-02 -1.76323575e+00
 -1.57031811e+00  1.91595459e+00  1.45556259e+00 -8.27422511e-01
 -1.37338227e-01 -4.63138266e-01 -1.77048418e-01  2.39386952e+00
 -5.59983022e-01 -6.46701896e-01  1.08730988e+00 -2.30757675e+00
  9.96066995e-01  2.53481349e+00 -5.00373492e-01  2.09657780e+00
 -1.97746282e+00 -8.70464101e-01 -2.42294465e+00 -2.28617466e+00
 -1.38171208e+00 -2.92688824e+00  1.58444577e+00  1.85776390e+00
  1.65388680e+00  1.02336219e+00  1.40606177e+00 -2.30914384e+00
 -2.68059850e+00  1.76721951e+00  9.97168747e-01 -4.30204466e-01
 -2.63110442e+00  1.56303645e+00 -1.20865000e+00 -2.51419420e+00
  6.54091592e-02]
Fri Jun 14 00:45:19 2024,934,0.07611613676317108,[-2.86066308e+00  2.03994691e+00 -1.59144977e+00 -2.60295493e-03
  4.44602372e-01 -3.26434095e+00  3.24251785e+00  2.10484208e+00
  1.02426983e+00 -1.03550681e+00  5.55292847e-01  1.31321762e+00
  1.26275189e+00 -1.86097722e+00  7.97456415e-01  2.89454586e+00
 -3.90383459e-01 -4.25821964e-01 -1.91256599e+00  8.57276413e-01
  1.62473852e+00  2.91166258e+00 -1.41203773e+00 -4.43966983e-01
 -2.16806532e+00 -2.10470490e+00  3.09698295e+00  2.81266480e+00
 -7.04431912e-01 -2.61807424e+00  1.54896516e+00 -1.74243114e-01
 -2.44040483e+00  1.80034945e+00  1.15239966e+00 -6.06659809e-01
  1.09650367e+00 -2.03241445e+00 -2.22676482e-01  2.27661749e+00
 -3.76622337e-01  4.46967675e-01  2.44363776e+00  5.77649986e-01
  2.62597655e+00  2.92997381e+00  2.80855877e+00 -2.94784179e+00
  2.62855539e-01 -3.81951968e-01  1.72683802e+00  2.98139648e+00
 -3.52238299e-01 -2.34215008e+00  2.72328407e+00 -3.17532120e+00
  5.52709753e-01 -7.12471460e-01 -1.76228247e+00  3.07559233e+00
 -1.96316603e+00 -1.67965899e+00 -2.54929606e+00  2.36239774e+00
 -2.12188360e+00  1.95647501e+00  1.71488731e+00  1.45028072e+00
  2.53137752e+00  2.88941257e+00  2.01274969e+00  1.49255205e+00
 -1.75016217e+00 -2.40369393e+00  1.15223772e+00  5.80550523e-01
  1.57846323e+00 -2.77028368e+00 -1.18729119e-01  2.49497317e+00
 -1.18258618e+00  1.12945882e+00  1.24234966e+00  6.05921397e-01
 -9.34783105e-01  1.09273085e+00  7.97664424e-01 -4.10276099e-01
  2.82770136e+00 -2.12326020e+00  1.54905403e+00 -6.57932149e-01
  9.70364654e-01 -3.19523686e+00 -2.26399074e+00  3.57761015e-01
 -1.07189445e+00 -4.07969370e-01  2.62157557e-01  4.75936562e-02
 -1.76307116e+00 -2.03753742e-01 -6.77002137e-01  2.87067443e+00
 -1.15359347e+00 -1.19543267e+00 -1.12976063e+00  1.26420045e+00
  1.59320614e+00 -8.33182541e-01  2.13517801e+00 -1.41535236e+00
 -2.49876381e-01 -8.92429233e-01 -2.96235686e+00  3.11927242e+00
 -1.77797296e+00  3.04094420e+00 -1.37361523e+00 -2.31366967e+00
  3.84009153e+00 -1.21008858e+00 -5.38634547e-01 -3.13017890e+00
 -2.49715021e+00  2.97797370e+00 -1.94239335e+00 -1.68816625e+00
 -4.03095151e-01  2.94282496e+00  1.38702357e-01  3.11911741e-02
 -1.61442475e+00 -1.43860970e-01 -1.57854989e+00 -3.10386049e+00
  2.91272375e+00  1.12597276e+00 -3.23537021e-01 -2.31690981e+00
  1.02714360e+00 -1.17638439e+00 -2.91914950e-01 -2.16142096e+00
 -1.88579701e+00  1.83322796e+00 -9.95067978e-01  2.58475412e+00
 -4.22625211e-01 -3.10805387e+00 -2.84721561e+00  2.04353266e+00
 -3.06389153e+00 -2.32450066e-01 -1.03041766e+00 -1.79920498e-01
  2.38262649e+00  1.71982071e+00 -3.05842473e-01 -1.68333735e+00
 -3.04702553e+00  1.11506295e-01 -8.08951396e-01  1.45782006e+00
 -2.51852453e+00  9.62493595e-01 -2.01452935e-02  2.14446684e-01
  2.00402474e+00  7.18465604e-01  7.84472959e-01 -1.22240794e+00
  1.60054762e+00  2.56928223e+00  1.30121717e+00  3.06331015e-01
 -9.84844074e-01  2.57555801e+00  8.18968602e-01 -2.22911704e+00
 -7.85542962e-03  1.69269432e+00  1.06684056e+00 -6.43774991e-01
 -2.32397126e+00  2.44336391e+00  2.04237790e+00  1.63624795e+00
  2.25027780e+00  1.88531829e+00 -2.16515006e+00 -2.89190423e+00
  4.97852557e-01  1.37580167e+00 -2.41860942e+00 -1.30624898e+00
  2.43002525e+00  1.25307144e+00  4.05231785e-02 -1.76292974e+00
 -1.57001209e+00  1.91564857e+00  1.45586861e+00 -8.27728524e-01
 -1.37032214e-01 -4.62832253e-01 -1.76742405e-01  2.39417553e+00
 -5.59677009e-01 -6.47007908e-01  1.08700387e+00 -2.30727073e+00
  9.96373007e-01  2.53511950e+00 -5.00067480e-01  2.09627178e+00
 -1.97776883e+00 -8.70770114e-01 -2.42263863e+00 -2.28586865e+00
 -1.38140607e+00 -2.92719425e+00  1.58475178e+00  1.85806991e+00
  1.65358078e+00  1.02305618e+00  1.40575576e+00 -2.30944986e+00
 -2.68090451e+00  1.76691350e+00  9.96862734e-01 -4.30510479e-01
 -2.63141043e+00  1.56273044e+00 -1.20834398e+00 -2.51450021e+00
  6.51031464e-02]
Fri Jun 14 00:45:35 2024,935,0.07610953832383135,[-2.86049787e+00  2.04011212e+00 -1.59161498e+00 -2.76816734e-03
  4.44437160e-01 -3.26450616e+00  3.24235264e+00  2.10467687e+00
  1.02410462e+00 -1.03567202e+00  5.55458059e-01  1.31338283e+00
  1.26291710e+00 -1.86114243e+00  7.97621628e-01  2.89438065e+00
 -3.90218246e-01 -4.25656752e-01 -1.91240078e+00  8.57111200e-01
  1.62490373e+00  2.91149737e+00 -1.41187252e+00 -4.44132196e-01
 -2.16790010e+00 -2.10487011e+00  3.09714817e+00  2.81283001e+00
 -7.04597124e-01 -2.61823945e+00  1.54913037e+00 -1.74408327e-01
 -2.44057004e+00  1.80051466e+00  1.15256487e+00 -6.06494597e-01
  1.09666888e+00 -2.03257966e+00 -2.22841694e-01  2.27678270e+00
 -3.76457125e-01  4.47132887e-01  2.44380298e+00  5.77484773e-01
  2.62614176e+00  2.93013903e+00  2.80872398e+00 -2.94767658e+00
  2.62690327e-01 -3.81786756e-01  1.72667281e+00  2.98123127e+00
 -3.52073087e-01 -2.34231529e+00  2.72344928e+00 -3.17548641e+00
  5.52544540e-01 -7.12306247e-01 -1.76211726e+00  3.07542712e+00
 -1.96300082e+00 -1.67982420e+00 -2.54913085e+00  2.36223253e+00
 -2.12204882e+00  1.95664022e+00  1.71505253e+00  1.45011550e+00
  2.53154273e+00  2.88957779e+00  2.01291490e+00  1.49271727e+00
 -1.75032738e+00 -2.40385914e+00  1.15207251e+00  5.80385310e-01
  1.57829801e+00 -2.77044890e+00 -1.18894332e-01  2.49480796e+00
 -1.18242096e+00  1.12929361e+00  1.24251487e+00  6.06086610e-01
 -9.34948318e-01  1.09256564e+00  7.97499211e-01 -4.10441311e-01
  2.82786658e+00 -2.12342541e+00  1.54921924e+00 -6.57766937e-01
  9.70199442e-01 -3.19507164e+00 -2.26382553e+00  3.57595802e-01
 -1.07172924e+00 -4.08134583e-01  2.61992345e-01  4.77588686e-02
 -1.76323637e+00 -2.03588529e-01 -6.77167350e-01  2.87083965e+00
 -1.15342826e+00 -1.19559788e+00 -1.12992584e+00  1.26436566e+00
  1.59337135e+00 -8.33347754e-01  2.13534322e+00 -1.41518715e+00
 -2.50041593e-01 -8.92594446e-01 -2.96252207e+00  3.11910721e+00
 -1.77780775e+00  3.04110941e+00 -1.37345002e+00 -2.31350445e+00
  3.83992632e+00 -1.21025380e+00 -5.38469334e-01 -3.13034411e+00
 -2.49698500e+00  2.97813891e+00 -1.94255857e+00 -1.68833146e+00
 -4.03260364e-01  2.94299018e+00  1.38537145e-01  3.10259617e-02
 -1.61425954e+00 -1.43695758e-01 -1.57838468e+00 -3.10369528e+00
  2.91288896e+00  1.12580754e+00 -3.23371808e-01 -2.31707502e+00
  1.02697839e+00 -1.17654961e+00 -2.91749737e-01 -2.16125574e+00
 -1.88563179e+00  1.83339318e+00 -9.95233190e-01  2.58491933e+00
 -4.22790424e-01 -3.10821908e+00 -2.84738083e+00  2.04369787e+00
 -3.06405674e+00 -2.32615278e-01 -1.03025245e+00 -1.79755286e-01
  2.38246128e+00  1.71965549e+00 -3.06007685e-01 -1.68317214e+00
 -3.04686032e+00  1.11341083e-01 -8.08786183e-01  1.45765485e+00
 -2.51868975e+00  9.62658807e-01 -2.03105059e-02  2.14281471e-01
  2.00418995e+00  7.18630817e-01  7.84307747e-01 -1.22257315e+00
  1.60071283e+00  2.56944744e+00  1.30105196e+00  3.06496227e-01
 -9.84678862e-01  2.57539280e+00  8.19133815e-01 -2.22895183e+00
 -7.69021722e-03  1.69285953e+00  1.06700578e+00 -6.43609779e-01
 -2.32380604e+00  2.44352912e+00  2.04221269e+00  1.63608274e+00
  2.25011259e+00  1.88548350e+00 -2.16531528e+00 -2.89206944e+00
  4.97687345e-01  1.37596688e+00 -2.41844421e+00 -1.30641419e+00
  2.43019046e+00  1.25290622e+00  4.03579661e-02 -1.76276453e+00
 -1.57017731e+00  1.91581379e+00  1.45570339e+00 -8.27893736e-01
 -1.37197426e-01 -4.62997465e-01 -1.76907618e-01  2.39434075e+00
 -5.59842221e-01 -6.47173121e-01  1.08716908e+00 -2.30743595e+00
  9.96207795e-01  2.53528472e+00 -4.99902267e-01  2.09643699e+00
 -1.97793404e+00 -8.70604901e-01 -2.42280385e+00 -2.28570344e+00
 -1.38124085e+00 -2.92735946e+00  1.58491699e+00  1.85823512e+00
  1.65341557e+00  1.02322139e+00  1.40559055e+00 -2.30961507e+00
 -2.68073930e+00  1.76707871e+00  9.97027947e-01 -4.30675691e-01
 -2.63157564e+00  1.56256522e+00 -1.20850920e+00 -2.51433500e+00
  6.49379340e-02]
Fri Jun 14 00:45:51 2024,936,0.07609096894527437,[-2.86094596e+00  2.03966403e+00 -1.59116689e+00 -3.21625915e-03
  4.43989068e-01 -3.26495425e+00  3.24280073e+00  2.10422878e+00
  1.02455271e+00 -1.03522393e+00  5.55906151e-01  1.31293474e+00
  1.26246901e+00 -1.86069434e+00  7.97173536e-01  2.89393255e+00
 -3.90666338e-01 -4.26104844e-01 -1.91284887e+00  8.57559292e-01
  1.62535183e+00  2.91194546e+00 -1.41232061e+00 -4.43684104e-01
 -2.16834819e+00 -2.10442202e+00  3.09670008e+00  2.81327810e+00
 -7.05045216e-01 -2.61868754e+00  1.54868228e+00 -1.74856418e-01
 -2.44101813e+00  1.80006657e+00  1.15301297e+00 -6.06942688e-01
  1.09622079e+00 -2.03302776e+00 -2.23289786e-01  2.27723079e+00
 -3.76009033e-01  4.46684795e-01  2.44335488e+00  5.77036681e-01
  2.62569367e+00  2.92969094e+00  2.80917207e+00 -2.94722849e+00
  2.63138419e-01 -3.81338664e-01  1.72712090e+00  2.98078318e+00
 -3.52521178e-01 -2.34276338e+00  2.72389737e+00 -3.17593451e+00
  5.52992632e-01 -7.11858155e-01 -1.76166917e+00  3.07587521e+00
 -1.96344891e+00 -1.68027230e+00 -2.54957894e+00  2.36178443e+00
 -2.12160073e+00  1.95619213e+00  1.71460443e+00  1.45056359e+00
  2.53109464e+00  2.88912969e+00  2.01246681e+00  1.49226917e+00
 -1.74987929e+00 -2.40341105e+00  1.15252060e+00  5.79937219e-01
  1.57874611e+00 -2.77089699e+00 -1.18446240e-01  2.49435987e+00
 -1.18197287e+00  1.12974170e+00  1.24206678e+00  6.06534702e-01
 -9.35396409e-01  1.09301373e+00  7.97051119e-01 -4.09993220e-01
  2.82831467e+00 -2.12387350e+00  1.54877115e+00 -6.57318845e-01
  9.69751350e-01 -3.19551974e+00 -2.26337744e+00  3.58043894e-01
 -1.07217733e+00 -4.07686491e-01  2.62440437e-01  4.82069604e-02
 -1.76368446e+00 -2.03140437e-01 -6.77615442e-01  2.87039155e+00
 -1.15298016e+00 -1.19514979e+00 -1.12947775e+00  1.26391757e+00
  1.59292326e+00 -8.33795845e-01  2.13579132e+00 -1.41473905e+00
 -2.49593501e-01 -8.93042537e-01 -2.96297016e+00  3.11955530e+00
 -1.77825584e+00  3.04066132e+00 -1.37300193e+00 -2.31395255e+00
  3.84037441e+00 -1.21070189e+00 -5.38021243e-01 -3.13079220e+00
 -2.49743309e+00  2.97858700e+00 -1.94211047e+00 -1.68877956e+00
 -4.03708455e-01  2.94254208e+00  1.38089053e-01  3.05778699e-02
 -1.61470763e+00 -1.43247666e-01 -1.57793658e+00 -3.10414337e+00
  2.91333705e+00  1.12625564e+00 -3.22923717e-01 -2.31662693e+00
  1.02653030e+00 -1.17610152e+00 -2.91301645e-01 -2.16170384e+00
 -1.88518370e+00  1.83384127e+00 -9.95681282e-01  2.58536743e+00
 -4.22342332e-01 -3.10777099e+00 -2.84782892e+00  2.04414596e+00
 -3.06360865e+00 -2.32167187e-01 -1.03070054e+00 -1.79307194e-01
  2.38290937e+00  1.72010359e+00 -3.05559593e-01 -1.68362023e+00
 -3.04641223e+00  1.10892991e-01 -8.09234275e-01  1.45810294e+00
 -2.51913784e+00  9.63106899e-01 -1.98624141e-02  2.14729563e-01
  2.00374186e+00  7.18182725e-01  7.83859655e-01 -1.22212506e+00
  1.60026474e+00  2.56899935e+00  1.30060387e+00  3.06048135e-01
 -9.84230770e-01  2.57494471e+00  8.18685723e-01 -2.22939992e+00
 -8.13830903e-03  1.69241144e+00  1.06655768e+00 -6.44057871e-01
 -2.32425414e+00  2.44397721e+00  2.04176460e+00  1.63563465e+00
  2.25056068e+00  1.88503541e+00 -2.16576337e+00 -2.89162135e+00
  4.97239253e-01  1.37551879e+00 -2.41889230e+00 -1.30686228e+00
  2.42974237e+00  1.25335432e+00  4.08060579e-02 -1.76321262e+00
 -1.57062540e+00  1.91536569e+00  1.45615149e+00 -8.28341828e-01
 -1.37645518e-01 -4.63445557e-01 -1.77355709e-01  2.39478884e+00
 -5.59394130e-01 -6.47621213e-01  1.08672099e+00 -2.30698785e+00
  9.96655887e-01  2.53573281e+00 -4.99454175e-01  2.09598890e+00
 -1.97748595e+00 -8.70156810e-01 -2.42235575e+00 -2.28615153e+00
 -1.38079276e+00 -2.92780755e+00  1.58446890e+00  1.85868321e+00
  1.65296748e+00  1.02277330e+00  1.40603864e+00 -2.31006316e+00
 -2.68029121e+00  1.76663062e+00  9.96579855e-01 -4.31123783e-01
 -2.63202373e+00  1.56301332e+00 -1.20806110e+00 -2.51478309e+00
  6.44898422e-02]
Fri Jun 14 00:46:06 2024,937,0.07605792277562926,[-2.85836487e+00  2.03708294e+00 -1.58858580e+00 -6.35171176e-04
  4.41407980e-01 -3.26753534e+00  3.24021964e+00  2.10164769e+00
  1.02713380e+00 -1.03264284e+00  5.53325063e-01  1.31035365e+00
  1.25988792e+00 -1.86327542e+00  7.99754624e-01  2.89651364e+00
 -3.93247426e-01 -4.23523756e-01 -1.91026778e+00  8.54978204e-01
  1.62277074e+00  2.90936437e+00 -1.41490170e+00 -4.41103016e-01
 -2.16576711e+00 -2.10184093e+00  3.09928116e+00  2.81069701e+00
 -7.07626304e-01 -2.61610645e+00  1.54610119e+00 -1.72275330e-01
 -2.44359922e+00  1.80264766e+00  1.15043188e+00 -6.09523776e-01
  1.09363970e+00 -2.03044667e+00 -2.20708698e-01  2.27464970e+00
 -3.78590121e-01  4.44103707e-01  2.44593597e+00  5.74455593e-01
  2.62311258e+00  2.92710985e+00  2.80659099e+00 -2.94980958e+00
  2.65719507e-01 -3.83919752e-01  1.72453982e+00  2.97820209e+00
 -3.55102266e-01 -2.34018229e+00  2.72131628e+00 -3.17851559e+00
  5.50411544e-01 -7.14439243e-01 -1.75908808e+00  3.07329412e+00
 -1.96086782e+00 -1.68285338e+00 -2.54699785e+00  2.35920335e+00
 -2.12418181e+00  1.95877322e+00  1.71718552e+00  1.44798251e+00
  2.52851355e+00  2.89171078e+00  2.00988572e+00  1.48968809e+00
 -1.75246037e+00 -2.40082996e+00  1.14993951e+00  5.82518307e-01
  1.58132719e+00 -2.77347808e+00 -1.15865152e-01  2.49177878e+00
 -1.18455396e+00  1.12716061e+00  1.23948569e+00  6.09115790e-01
 -9.32815321e-01  1.09559482e+00  7.94470031e-01 -4.12574308e-01
  2.83089576e+00 -2.12645459e+00  1.54619006e+00 -6.54737757e-01
  9.72332438e-01 -3.19293865e+00 -2.26595853e+00  3.55462806e-01
 -1.07475842e+00 -4.05105403e-01  2.65021525e-01  4.56258724e-02
 -1.76110337e+00 -2.05721525e-01 -6.80196530e-01  2.86781047e+00
 -1.15556125e+00 -1.19773088e+00 -1.13205884e+00  1.26133648e+00
  1.59034217e+00 -8.36376933e-01  2.13321023e+00 -1.41215797e+00
 -2.47012414e-01 -8.95623625e-01 -2.96555125e+00  3.11697421e+00
 -1.78083693e+00  3.03808023e+00 -1.37042084e+00 -2.31137146e+00
  3.84295550e+00 -1.21328298e+00 -5.40602331e-01 -3.12821111e+00
 -2.50001418e+00  2.98116809e+00 -1.94469156e+00 -1.69136064e+00
 -4.06289543e-01  2.94512317e+00  1.35507965e-01  3.31589578e-02
 -1.61728872e+00 -1.40666578e-01 -1.58051767e+00 -3.10156228e+00
  2.91591814e+00  1.12367455e+00 -3.25504805e-01 -2.31920802e+00
  1.02394921e+00 -1.17868260e+00 -2.93882733e-01 -2.15912275e+00
 -1.88260261e+00  1.83642236e+00 -9.93100194e-01  2.58794851e+00
 -4.24923420e-01 -3.11035208e+00 -2.85041001e+00  2.04156487e+00
 -3.06102756e+00 -2.34748275e-01 -1.03328163e+00 -1.76726106e-01
  2.38549046e+00  1.71752250e+00 -3.02978505e-01 -1.68103915e+00
 -3.04383114e+00  1.08311903e-01 -8.11815363e-01  1.45552186e+00
 -2.52171893e+00  9.60525811e-01 -1.72813261e-02  2.12148475e-01
  2.00632295e+00  7.20763813e-01  7.86440743e-01 -1.21954397e+00
  1.59768365e+00  2.56641826e+00  1.29802278e+00  3.03467047e-01
 -9.86811858e-01  2.57752579e+00  8.21266811e-01 -2.22681883e+00
 -5.55722105e-03  1.68983035e+00  1.06913877e+00 -6.46638959e-01
 -2.32167305e+00  2.44655830e+00  2.03918351e+00  1.63821574e+00
  2.25314177e+00  1.88245432e+00 -2.16318228e+00 -2.88904026e+00
  4.94658165e-01  1.37809988e+00 -2.42147339e+00 -1.30428119e+00
  2.42716128e+00  1.25593540e+00  4.33871459e-02 -1.76063153e+00
 -1.56804431e+00  1.91278461e+00  1.45873257e+00 -8.25760740e-01
 -1.35064430e-01 -4.60864469e-01 -1.74774621e-01  2.39736993e+00
 -5.56813042e-01 -6.45040125e-01  1.08930208e+00 -2.30440677e+00
  9.94074799e-01  2.53831390e+00 -4.96873087e-01  2.09856999e+00
 -1.97490486e+00 -8.72737898e-01 -2.41977467e+00 -2.28357044e+00
 -1.37821168e+00 -2.93038864e+00  1.58188781e+00  1.86126430e+00
  1.65554857e+00  1.02535439e+00  1.40861973e+00 -2.30748207e+00
 -2.68287229e+00  1.76921171e+00  9.99160943e-01 -4.33704871e-01
 -2.62944264e+00  1.56559440e+00 -1.21064219e+00 -2.51736418e+00
  6.70709301e-02]
Fri Jun 14 00:46:39 2024,938,0.07603927975475441,[-2.85886898e+00  2.03657883e+00 -1.58908991e+00 -1.13928649e-03
  4.40903865e-01 -3.26803945e+00  3.24072376e+00  2.10215181e+00
  1.02763791e+00 -1.03314696e+00  5.53829178e-01  1.30984954e+00
  1.26039204e+00 -1.86377954e+00  8.00258739e-01  2.89600953e+00
 -3.93751542e-01 -4.24027871e-01 -1.91077190e+00  8.55482320e-01
  1.62226662e+00  2.90886026e+00 -1.41540581e+00 -4.41607131e-01
 -2.16627122e+00 -2.10133682e+00  3.09978528e+00  2.81120113e+00
 -7.08130419e-01 -2.61661057e+00  1.54660531e+00 -1.71771215e-01
 -2.44410334e+00  1.80214354e+00  1.15093599e+00 -6.10027892e-01
  1.09313559e+00 -2.02994255e+00 -2.20204583e-01  2.27414559e+00
 -3.78086005e-01  4.44607823e-01  2.44543186e+00  5.74959709e-01
  2.62361670e+00  2.92660573e+00  2.80608687e+00 -2.95031369e+00
  2.65215391e-01 -3.84423867e-01  1.72504393e+00  2.97769798e+00
 -3.55606382e-01 -2.34068641e+00  2.72182040e+00 -3.17901971e+00
  5.50915659e-01 -7.13935128e-01 -1.75959219e+00  3.07279001e+00
 -1.96036371e+00 -1.68234927e+00 -2.54750197e+00  2.35869923e+00
 -2.12367770e+00  1.95826910e+00  1.71668141e+00  1.44747839e+00
  2.52800944e+00  2.89120667e+00  2.01038983e+00  1.48918397e+00
 -1.75195626e+00 -2.40032585e+00  1.15044363e+00  5.83022422e-01
  1.58183131e+00 -2.77297396e+00 -1.16369267e-01  2.49228289e+00
 -1.18505807e+00  1.12665650e+00  1.23998981e+00  6.09619905e-01
 -9.33319437e-01  1.09609894e+00  7.94974147e-01 -4.13078423e-01
  2.83139987e+00 -2.12595047e+00  1.54669417e+00 -6.55241872e-01
  9.72836553e-01 -3.19344276e+00 -2.26646264e+00  3.54958691e-01
 -1.07526254e+00 -4.04601288e-01  2.65525640e-01  4.61299877e-02
 -1.76059926e+00 -2.05217410e-01 -6.80700645e-01  2.86730635e+00
 -1.15606537e+00 -1.19823500e+00 -1.13155472e+00  1.26083237e+00
  1.58983806e+00 -8.36881049e-01  2.13371434e+00 -1.41266208e+00
 -2.47516529e-01 -8.95119510e-01 -2.96605537e+00  3.11647010e+00
 -1.78134105e+00  3.03757612e+00 -1.36991672e+00 -2.31086734e+00
  3.84345961e+00 -1.21277886e+00 -5.41106446e-01 -3.12871523e+00
 -2.49951007e+00  2.98066398e+00 -1.94519568e+00 -1.69186476e+00
 -4.06793659e-01  2.94562729e+00  1.35003850e-01  3.36630732e-02
 -1.61779283e+00 -1.41170694e-01 -1.58001356e+00 -3.10206640e+00
  2.91541403e+00  1.12317043e+00 -3.26008920e-01 -2.31870390e+00
  1.02445332e+00 -1.17817849e+00 -2.94386849e-01 -2.15861863e+00
 -1.88209850e+00  1.83692647e+00 -9.92596078e-01  2.58845263e+00
 -4.25427535e-01 -3.11085619e+00 -2.85091412e+00  2.04106076e+00
 -3.06052345e+00 -2.34244159e-01 -1.03277751e+00 -1.76221991e-01
  2.38599458e+00  1.71701838e+00 -3.02474390e-01 -1.68053503e+00
 -3.04332703e+00  1.08816018e-01 -8.12319478e-01  1.45602597e+00
 -2.52222304e+00  9.60021696e-01 -1.77854414e-02  2.11644360e-01
  2.00581883e+00  7.21267928e-01  7.86944858e-01 -1.21903985e+00
  1.59818777e+00  2.56692238e+00  1.29751866e+00  3.03971163e-01
 -9.86307743e-01  2.57702168e+00  8.20762696e-01 -2.22631472e+00
 -5.05310574e-03  1.69033446e+00  1.06964289e+00 -6.47143074e-01
 -2.32217716e+00  2.44605418e+00  2.03968762e+00  1.63771162e+00
  2.25263765e+00  1.88195021e+00 -2.16267816e+00 -2.88853615e+00
  4.95162280e-01  1.37759576e+00 -2.42096928e+00 -1.30478531e+00
  2.42665717e+00  1.25643952e+00  4.38912612e-02 -1.76113565e+00
 -1.56754020e+00  1.91228049e+00  1.45822846e+00 -8.26264855e-01
 -1.35568546e-01 -4.61368584e-01 -1.75278737e-01  2.39686581e+00
 -5.57317157e-01 -6.45544240e-01  1.08879796e+00 -2.30390265e+00
  9.93570684e-01  2.53780978e+00 -4.96368972e-01  2.09806588e+00
 -1.97440075e+00 -8.72233782e-01 -2.42027878e+00 -2.28407456e+00
 -1.37871579e+00 -2.93089276e+00  1.58138370e+00  1.86076019e+00
  1.65605268e+00  1.02585850e+00  1.40912384e+00 -2.30697796e+00
 -2.68236818e+00  1.76870759e+00  9.99665058e-01 -4.33200756e-01
 -2.62893853e+00  1.56609852e+00 -1.21114631e+00 -2.51686006e+00
  6.65668148e-02]
Fri Jun 14 00:46:55 2024,939,0.07603947593142377,[-2.85890650e+00  2.03661634e+00 -1.58912743e+00 -1.10177492e-03
  4.40866353e-01 -3.26807696e+00  3.24068625e+00  2.10218932e+00
  1.02760040e+00 -1.03310944e+00  5.53791667e-01  1.30988705e+00
  1.26042955e+00 -1.86374203e+00  8.00296251e-01  2.89604704e+00
 -3.93789053e-01 -4.24065382e-01 -1.91073439e+00  8.55519831e-01
  1.62230413e+00  2.90889777e+00 -1.41536830e+00 -4.41644643e-01
 -2.16630873e+00 -2.10137433e+00  3.09982279e+00  2.81123864e+00
 -7.08167931e-01 -2.61664808e+00  1.54664282e+00 -1.71808727e-01
 -2.44414085e+00  1.80210603e+00  1.15097351e+00 -6.09990380e-01
  1.09309808e+00 -2.02998006e+00 -2.20242094e-01  2.27418310e+00
 -3.78048494e-01  4.44645334e-01  2.44539435e+00  5.74922197e-01
  2.62365421e+00  2.92664324e+00  2.80604936e+00 -2.95027618e+00
  2.65177880e-01 -3.84461379e-01  1.72508144e+00  2.97773549e+00
 -3.55643893e-01 -2.34064890e+00  2.72185791e+00 -3.17898220e+00
  5.50878148e-01 -7.13972640e-01 -1.75955468e+00  3.07282752e+00
 -1.96040122e+00 -1.68231176e+00 -2.54753948e+00  2.35866172e+00
 -2.12364019e+00  1.95830662e+00  1.71664389e+00  1.44751590e+00
  2.52797192e+00  2.89124418e+00  2.01042734e+00  1.48922148e+00
 -1.75199377e+00 -2.40036336e+00  1.15040611e+00  5.83059934e-01
  1.58179380e+00 -2.77293645e+00 -1.16406779e-01  2.49224538e+00
 -1.18509559e+00  1.12669401e+00  1.24002732e+00  6.09582393e-01
 -9.33281925e-01  1.09606143e+00  7.94936635e-01 -4.13115934e-01
  2.83136236e+00 -2.12598798e+00  1.54673169e+00 -6.55279384e-01
  9.72874065e-01 -3.19348027e+00 -2.26650015e+00  3.54996202e-01
 -1.07530005e+00 -4.04638799e-01  2.65488128e-01  4.60924762e-02
 -1.76063677e+00 -2.05254922e-01 -6.80663133e-01  2.86726884e+00
 -1.15602786e+00 -1.19827251e+00 -1.13151721e+00  1.26079486e+00
  1.58987557e+00 -8.36918560e-01  2.13367683e+00 -1.41262457e+00
 -2.47479017e-01 -8.95157022e-01 -2.96601785e+00  3.11643259e+00
 -1.78137856e+00  3.03753861e+00 -1.36995423e+00 -2.31082983e+00
  3.84349713e+00 -1.21281637e+00 -5.41068934e-01 -3.12875274e+00
 -2.49954758e+00  2.98062646e+00 -1.94523319e+00 -1.69182725e+00
 -4.06756147e-01  2.94566480e+00  1.35041362e-01  3.36255616e-02
 -1.61775532e+00 -1.41208205e-01 -1.57997604e+00 -3.10210391e+00
  2.91545154e+00  1.12313292e+00 -3.26046431e-01 -2.31866639e+00
  1.02441581e+00 -1.17814098e+00 -2.94349337e-01 -2.15865614e+00
 -1.88213601e+00  1.83696398e+00 -9.92558567e-01  2.58841512e+00
 -4.25465047e-01 -3.11081868e+00 -2.85087661e+00  2.04102325e+00
 -3.06056096e+00 -2.34206648e-01 -1.03281502e+00 -1.76259502e-01
  2.38603209e+00  1.71698087e+00 -3.02436879e-01 -1.68057254e+00
 -3.04336454e+00  1.08853530e-01 -8.12281967e-01  1.45598846e+00
 -2.52218553e+00  9.59984184e-01 -1.78229530e-02  2.11606848e-01
  2.00585634e+00  7.21230417e-01  7.86982370e-01 -1.21907737e+00
  1.59815026e+00  2.56688486e+00  1.29748115e+00  3.03933651e-01
 -9.86345254e-01  2.57698417e+00  8.20800207e-01 -2.22627721e+00
 -5.09061731e-03  1.69037198e+00  1.06968040e+00 -6.47105562e-01
 -2.32221467e+00  2.44601667e+00  2.03965011e+00  1.63767411e+00
  2.25267516e+00  1.88198772e+00 -2.16264065e+00 -2.88849863e+00
  4.95199792e-01  1.37763327e+00 -2.42093176e+00 -1.30474780e+00
  2.42669468e+00  1.25647703e+00  4.38537496e-02 -1.76117316e+00
 -1.56757771e+00  1.91231800e+00  1.45826597e+00 -8.26302367e-01
 -1.35606057e-01 -4.61406096e-01 -1.75316248e-01  2.39690332e+00
 -5.57279645e-01 -6.45581752e-01  1.08883547e+00 -2.30394016e+00
  9.93533172e-01  2.53777227e+00 -4.96331460e-01  2.09802836e+00
 -1.97443826e+00 -8.72196271e-01 -2.42024127e+00 -2.28411207e+00
 -1.37867828e+00 -2.93093027e+00  1.58142121e+00  1.86079770e+00
  1.65609019e+00  1.02589602e+00  1.40916136e+00 -2.30694045e+00
 -2.68233067e+00  1.76874511e+00  9.99702570e-01 -4.33163244e-01
 -2.62890102e+00  1.56606101e+00 -1.21110880e+00 -2.51689757e+00
  6.65293033e-02]
Fri Jun 14 00:47:11 2024,940,0.0760329317765542,[-2.85849694e+00  2.03620678e+00 -1.58871787e+00 -1.51133202e-03
  4.41275910e-01 -3.26766741e+00  3.24027669e+00  2.10259887e+00
  1.02719084e+00 -1.03269989e+00  5.54201224e-01  1.30947749e+00
  1.26083911e+00 -1.86333247e+00  8.00705808e-01  2.89563748e+00
 -3.93379496e-01 -4.24474940e-01 -1.91032483e+00  8.55929388e-01
  1.62189458e+00  2.90930732e+00 -1.41577786e+00 -4.42054200e-01
 -2.16671829e+00 -2.10096477e+00  3.09941323e+00  2.81082908e+00
 -7.08577488e-01 -2.61705764e+00  1.54705238e+00 -1.72218284e-01
 -2.44455040e+00  1.80169647e+00  1.15138306e+00 -6.09580823e-01
  1.09350764e+00 -2.02957051e+00 -2.19832537e-01  2.27377354e+00
 -3.77638937e-01  4.44235777e-01  2.44580390e+00  5.74512640e-01
  2.62324465e+00  2.92623369e+00  2.80645892e+00 -2.95068574e+00
  2.65587437e-01 -3.84870936e-01  1.72549100e+00  2.97732593e+00
 -3.56053450e-01 -2.34023934e+00  2.72144835e+00 -3.17857264e+00
  5.51287705e-01 -7.13563082e-01 -1.75914513e+00  3.07323707e+00
 -1.96081077e+00 -1.68190220e+00 -2.54794904e+00  2.35825216e+00
 -2.12323063e+00  1.95789706e+00  1.71623434e+00  1.44792546e+00
  2.52838148e+00  2.89083462e+00  2.01083690e+00  1.48963104e+00
 -1.75240333e+00 -2.40077291e+00  1.14999656e+00  5.83469491e-01
  1.58220335e+00 -2.77334601e+00 -1.15997222e-01  2.49183582e+00
 -1.18468603e+00  1.12710357e+00  1.23961776e+00  6.09172836e-01
 -9.33691482e-01  1.09565187e+00  7.94527078e-01 -4.13525491e-01
  2.83177192e+00 -2.12639754e+00  1.54632213e+00 -6.54869826e-01
  9.72464508e-01 -3.19388983e+00 -2.26609059e+00  3.55405759e-01
 -1.07489049e+00 -4.05048356e-01  2.65897686e-01  4.65020333e-02
 -1.76104633e+00 -2.04845364e-01 -6.81072690e-01  2.86685928e+00
 -1.15643741e+00 -1.19868206e+00 -1.13192677e+00  1.26120441e+00
  1.58946601e+00 -8.37328117e-01  2.13408639e+00 -1.41303413e+00
 -2.47888574e-01 -8.94747465e-01 -2.96642741e+00  3.11602303e+00
 -1.78178812e+00  3.03794816e+00 -1.36954468e+00 -2.31042027e+00
  3.84308757e+00 -1.21322593e+00 -5.40659377e-01 -3.12916230e+00
 -2.49913802e+00  2.98103602e+00 -1.94482363e+00 -1.69223680e+00
 -4.07165704e-01  2.94525524e+00  1.34631804e-01  3.32160045e-02
 -1.61816488e+00 -1.40798648e-01 -1.58038560e+00 -3.10169435e+00
  2.91504198e+00  1.12354248e+00 -3.26455988e-01 -2.31907595e+00
  1.02482537e+00 -1.17855053e+00 -2.93939780e-01 -2.15906570e+00
 -1.88254557e+00  1.83655443e+00 -9.92968124e-01  2.58882468e+00
 -4.25874604e-01 -3.11040912e+00 -2.85046705e+00  2.04061369e+00
 -3.06015140e+00 -2.33797091e-01 -1.03322458e+00 -1.76669059e-01
  2.38644165e+00  1.71739043e+00 -3.02027321e-01 -1.68016299e+00
 -3.04377410e+00  1.08443973e-01 -8.11872410e-01  1.45639802e+00
 -2.52177597e+00  9.60393741e-01 -1.82325101e-02  2.12016405e-01
  2.00544679e+00  7.20820860e-01  7.87391927e-01 -1.21948692e+00
  1.59774070e+00  2.56647531e+00  1.29789071e+00  3.03524094e-01
 -9.85935697e-01  2.57657461e+00  8.21209764e-01 -2.22586765e+00
 -5.50017440e-03  1.69078153e+00  1.07008996e+00 -6.47515120e-01
 -2.32180512e+00  2.44560712e+00  2.03924056e+00  1.63726455e+00
  2.25308472e+00  1.88157816e+00 -2.16223110e+00 -2.88808908e+00
  4.95609349e-01  1.37804283e+00 -2.42134132e+00 -1.30433824e+00
  2.42628512e+00  1.25688659e+00  4.34441925e-02 -1.76076360e+00
 -1.56716815e+00  1.91272756e+00  1.45785641e+00 -8.25892810e-01
 -1.36015614e-01 -4.61815653e-01 -1.75725805e-01  2.39731288e+00
 -5.56870088e-01 -6.45172195e-01  1.08842592e+00 -2.30434972e+00
  9.93942729e-01  2.53818183e+00 -4.96741018e-01  2.09761881e+00
 -1.97484781e+00 -8.72605828e-01 -2.42065083e+00 -2.28370251e+00
 -1.37826872e+00 -2.93052071e+00  1.58183076e+00  1.86120726e+00
  1.65649975e+00  1.02548646e+00  1.40957091e+00 -2.30653089e+00
 -2.68274022e+00  1.76915466e+00  9.99293013e-01 -4.33572801e-01
 -2.62849146e+00  1.56647056e+00 -1.21069924e+00 -2.51648802e+00
  6.69388604e-02]
Fri Jun 14 00:47:27 2024,941,0.07598622065064821,[-2.85941209e+00  2.03529163e+00 -1.58963302e+00 -2.42648174e-03
  4.42191060e-01 -3.26675226e+00  3.24119184e+00  2.10168372e+00
  1.02810599e+00 -1.03361504e+00  5.55116373e-01  1.30856234e+00
  1.25992396e+00 -1.86241732e+00  8.01620958e-01  2.89472233e+00
 -3.92464346e-01 -4.23559790e-01 -1.90940968e+00  8.55014238e-01
  1.62280973e+00  2.91022247e+00 -1.41669301e+00 -4.41139050e-01
 -2.16763344e+00 -2.10187992e+00  3.10032838e+00  2.81174423e+00
 -7.09492638e-01 -2.61614249e+00  1.54796753e+00 -1.71303134e-01
 -2.44363525e+00  1.80078132e+00  1.15229821e+00 -6.10495973e-01
  1.09442278e+00 -2.02865536e+00 -2.18917388e-01  2.27468869e+00
 -3.78554086e-01  4.43320627e-01  2.44671905e+00  5.75427790e-01
  2.62232950e+00  2.92714884e+00  2.80737407e+00 -2.94977059e+00
  2.66502587e-01 -3.83955786e-01  1.72640615e+00  2.97824108e+00
 -3.55138301e-01 -2.33932419e+00  2.72053320e+00 -3.17948779e+00
  5.52202855e-01 -7.12647933e-01 -1.75822998e+00  3.07415222e+00
 -1.96172592e+00 -1.68281735e+00 -2.54703389e+00  2.35733701e+00
 -2.12231548e+00  1.95698191e+00  1.71531919e+00  1.44884061e+00
  2.52746633e+00  2.89174977e+00  2.00992175e+00  1.48871589e+00
 -1.75148818e+00 -2.39985777e+00  1.15091171e+00  5.84384640e-01
  1.58128820e+00 -2.77243086e+00 -1.15082072e-01  2.49275097e+00
 -1.18377088e+00  1.12801872e+00  1.24053291e+00  6.08257687e-01
 -9.34606632e-01  1.09473672e+00  7.95442228e-01 -4.12610342e-01
  2.83085677e+00 -2.12548239e+00  1.54540698e+00 -6.53954677e-01
  9.71549358e-01 -3.19480498e+00 -2.26700574e+00  3.54490610e-01
 -1.07397534e+00 -4.04133207e-01  2.66812835e-01  4.74171830e-02
 -1.76196148e+00 -2.03930215e-01 -6.80157541e-01  2.86777443e+00
 -1.15735256e+00 -1.19959721e+00 -1.13101162e+00  1.26028926e+00
  1.58855086e+00 -8.38243267e-01  2.13317124e+00 -1.41394928e+00
 -2.48803724e-01 -8.95662614e-01 -2.96551226e+00  3.11693818e+00
 -1.78270327e+00  3.03886331e+00 -1.36862953e+00 -2.30950513e+00
  3.84217242e+00 -1.21414108e+00 -5.41574527e-01 -3.13007745e+00
 -2.50005317e+00  2.98195117e+00 -1.94390848e+00 -1.69315195e+00
 -4.06250554e-01  2.94617039e+00  1.35546954e-01  3.41311542e-02
 -1.61724973e+00 -1.41713798e-01 -1.58130075e+00 -3.10077920e+00
  2.91595713e+00  1.12445763e+00 -3.27371138e-01 -2.31816080e+00
  1.02574052e+00 -1.17763538e+00 -2.93024630e-01 -2.15998085e+00
 -1.88163042e+00  1.83746958e+00 -9.92052974e-01  2.58973982e+00
 -4.26789754e-01 -3.10949397e+00 -2.84955190e+00  2.03969854e+00
 -3.06106655e+00 -2.34712240e-01 -1.03413973e+00 -1.77584209e-01
  2.38735680e+00  1.71647528e+00 -3.01112172e-01 -1.67924784e+00
 -3.04468925e+00  1.07528823e-01 -8.10957260e-01  1.45731317e+00
 -2.52269112e+00  9.59478591e-01 -1.91476598e-02  2.12931555e-01
  2.00636194e+00  7.19905710e-01  7.88307077e-01 -1.21857177e+00
  1.59682555e+00  2.56739046e+00  1.29880586e+00  3.02608944e-01
 -9.86850847e-01  2.57748976e+00  8.20294615e-01 -2.22495250e+00
 -6.41532412e-03  1.68986638e+00  1.07100511e+00 -6.48430269e-01
 -2.32088997e+00  2.44469197e+00  2.04015571e+00  1.63634940e+00
  2.25216957e+00  1.88066301e+00 -2.16131595e+00 -2.88900423e+00
  4.96524499e-01  1.37895798e+00 -2.42225647e+00 -1.30342309e+00
  2.42536997e+00  1.25597144e+00  4.43593423e-02 -1.75984845e+00
 -1.56625300e+00  1.91181241e+00  1.45877156e+00 -8.26807959e-01
 -1.36930764e-01 -4.60900503e-01 -1.76640955e-01  2.39639773e+00
 -5.55954939e-01 -6.46087344e-01  1.08934106e+00 -2.30343457e+00
  9.94857879e-01  2.53909698e+00 -4.95825868e-01  2.09853396e+00
 -1.97576296e+00 -8.71690678e-01 -2.41973568e+00 -2.28278736e+00
 -1.37735357e+00 -2.93143586e+00  1.58274591e+00  1.86029211e+00
  1.65558460e+00  1.02640161e+00  1.40865576e+00 -2.30561574e+00
 -2.68365537e+00  1.77006981e+00  9.98377863e-01 -4.34487951e-01
 -2.62757631e+00  1.56555541e+00 -1.21161439e+00 -2.51557287e+00
  6.78540101e-02]
Fri Jun 14 00:47:49 2024,942,0.0759885691939473,[-2.85892467e+00  2.03577905e+00 -1.58914560e+00 -2.91389803e-03
  4.42678476e-01 -3.26626484e+00  3.24070442e+00  2.10217114e+00
  1.02859341e+00 -1.03410245e+00  5.55603790e-01  1.30904976e+00
  1.25943654e+00 -1.86192990e+00  8.02108374e-01  2.89520975e+00
 -3.91976930e-01 -4.24047206e-01 -1.90989710e+00  8.55501655e-01
  1.62232231e+00  2.90973506e+00 -1.41718043e+00 -4.40651634e-01
 -2.16714602e+00 -2.10236734e+00  3.09984097e+00  2.81125682e+00
 -7.09005221e-01 -2.61565507e+00  1.54748011e+00 -1.70815718e-01
 -2.44412267e+00  1.80029391e+00  1.15278563e+00 -6.10008556e-01
  1.09393537e+00 -2.02914277e+00 -2.18429971e-01  2.27517611e+00
 -3.78066670e-01  4.43808044e-01  2.44623164e+00  5.75915206e-01
  2.62281692e+00  2.92666142e+00  2.80688665e+00 -2.94928317e+00
  2.66990003e-01 -3.83468370e-01  1.72689357e+00  2.97775366e+00
 -3.54650884e-01 -2.33981161e+00  2.72004579e+00 -3.17900037e+00
  5.51715438e-01 -7.13135349e-01 -1.75774256e+00  3.07463964e+00
 -1.96123851e+00 -1.68232993e+00 -2.54752130e+00  2.35684960e+00
 -2.12280290e+00  1.95746933e+00  1.71483177e+00  1.44932803e+00
  2.52795375e+00  2.89223719e+00  2.01040917e+00  1.48920331e+00
 -1.75100076e+00 -2.39937035e+00  1.15042429e+00  5.83897224e-01
  1.58080079e+00 -2.77194344e+00 -1.15569488e-01  2.49226356e+00
 -1.18425830e+00  1.12753130e+00  1.24004549e+00  6.08745103e-01
 -9.34119216e-01  1.09424930e+00  7.95929644e-01 -4.13097758e-01
  2.83134418e+00 -2.12499498e+00  1.54589440e+00 -6.53467260e-01
  9.72036774e-01 -3.19431756e+00 -2.26651833e+00  3.54003193e-01
 -1.07446276e+00 -4.04620623e-01  2.67300252e-01  4.79045993e-02
 -1.76147406e+00 -2.04417631e-01 -6.79670124e-01  2.86728702e+00
 -1.15686515e+00 -1.19910980e+00 -1.13052420e+00  1.25980185e+00
  1.58903828e+00 -8.37755851e-01  2.13268382e+00 -1.41443669e+00
 -2.48316308e-01 -8.95175198e-01 -2.96502484e+00  3.11742560e+00
 -1.78221585e+00  3.03837590e+00 -1.36814211e+00 -2.30901771e+00
  3.84265984e+00 -1.21365366e+00 -5.42061943e-01 -3.12959003e+00
 -2.50054059e+00  2.98146376e+00 -1.94342107e+00 -1.69266454e+00
 -4.06737971e-01  2.94568298e+00  1.36034370e-01  3.46185705e-02
 -1.61773714e+00 -1.42201214e-01 -1.58178817e+00 -3.10126662e+00
  2.91546971e+00  1.12494504e+00 -3.26883722e-01 -2.31767338e+00
  1.02525310e+00 -1.17812280e+00 -2.93512047e-01 -2.15949344e+00
 -1.88114300e+00  1.83795699e+00 -9.91565558e-01  2.58925241e+00
 -4.26302337e-01 -3.10998139e+00 -2.85003932e+00  2.03921112e+00
 -3.06155397e+00 -2.34224824e-01 -1.03365231e+00 -1.77096793e-01
  2.38686938e+00  1.71598786e+00 -3.00624755e-01 -1.67876042e+00
 -3.04420183e+00  1.07041407e-01 -8.11444676e-01  1.45682575e+00
 -2.52317854e+00  9.58991175e-01 -1.96350761e-02  2.12444139e-01
  2.00587452e+00  7.19418294e-01  7.88794493e-01 -1.21905919e+00
  1.59633813e+00  2.56787787e+00  1.29831844e+00  3.02121528e-01
 -9.87338263e-01  2.57797718e+00  8.20782031e-01 -2.22446508e+00
 -5.92790783e-03  1.68937897e+00  1.07051769e+00 -6.47942853e-01
 -2.32040255e+00  2.44517938e+00  2.04064312e+00  1.63586199e+00
  2.25168215e+00  1.88115043e+00 -2.16180336e+00 -2.88851681e+00
  4.96037082e-01  1.37944540e+00 -2.42274389e+00 -1.30293567e+00
  2.42585739e+00  1.25645885e+00  4.38719260e-02 -1.76033587e+00
 -1.56674042e+00  1.91132499e+00  1.45925898e+00 -8.27295376e-01
 -1.36443348e-01 -4.61387920e-01 -1.76153539e-01  2.39591031e+00
 -5.56442355e-01 -6.46574761e-01  1.08885365e+00 -2.30294715e+00
  9.94370463e-01  2.53958439e+00 -4.96313284e-01  2.09902137e+00
 -1.97625038e+00 -8.71203262e-01 -2.41924826e+00 -2.28229995e+00
 -1.37784099e+00 -2.93192328e+00  1.58225850e+00  1.86077952e+00
  1.65607202e+00  1.02688903e+00  1.40816835e+00 -2.30610315e+00
 -2.68316796e+00  1.77055723e+00  9.97890447e-01 -4.34975367e-01
 -2.62806373e+00  1.56506800e+00 -1.21112697e+00 -2.51508545e+00
  6.73665938e-02]
Fri Jun 14 00:48:06 2024,943,0.07598267566811805,[-2.85922935e+00  2.03547437e+00 -1.58945028e+00 -2.60922468e-03
  4.42373803e-01 -3.26596017e+00  3.24100910e+00  2.10186647e+00
  1.02828874e+00 -1.03440713e+00  5.55908463e-01  1.30874508e+00
  1.25974121e+00 -1.86223458e+00  8.02413047e-01  2.89490507e+00
 -3.92281603e-01 -4.23742533e-01 -1.91020177e+00  8.55806328e-01
  1.62201764e+00  2.90943038e+00 -1.41748510e+00 -4.40346960e-01
 -2.16684135e+00 -2.10206267e+00  3.09953629e+00  2.81156149e+00
 -7.09309895e-01 -2.61535040e+00  1.54778478e+00 -1.70511044e-01
 -2.44442734e+00  1.80059858e+00  1.15248096e+00 -6.10313230e-01
  1.09363070e+00 -2.02883810e+00 -2.18125298e-01  2.27548078e+00
 -3.78371344e-01  4.44112717e-01  2.44653631e+00  5.76219879e-01
  2.62312159e+00  2.92635675e+00  2.80658198e+00 -2.94897850e+00
  2.67294676e-01 -3.83773043e-01  1.72719824e+00  2.97744899e+00
 -3.54346211e-01 -2.33950693e+00  2.71974112e+00 -3.17930505e+00
  5.52020112e-01 -7.13440022e-01 -1.75804723e+00  3.07433497e+00
 -1.96093384e+00 -1.68263461e+00 -2.54782598e+00  2.35654492e+00
 -2.12249822e+00  1.95716465e+00  1.71513645e+00  1.44963270e+00
  2.52825842e+00  2.89254186e+00  2.01071384e+00  1.48950798e+00
 -1.75130544e+00 -2.39906568e+00  1.15072896e+00  5.83592551e-01
  1.58110546e+00 -2.77224811e+00 -1.15874162e-01  2.49256823e+00
 -1.18456297e+00  1.12722663e+00  1.24035017e+00  6.08440430e-01
 -9.34423889e-01  1.09394463e+00  7.96234317e-01 -4.13402431e-01
  2.83103951e+00 -2.12529965e+00  1.54619907e+00 -6.53162587e-01
  9.72341448e-01 -3.19462224e+00 -2.26621366e+00  3.54307867e-01
 -1.07476743e+00 -4.04925296e-01  2.67604925e-01  4.82092726e-02
 -1.76177873e+00 -2.04722304e-01 -6.79365451e-01  2.86698234e+00
 -1.15716982e+00 -1.19941447e+00 -1.13082888e+00  1.26010652e+00
  1.58934295e+00 -8.37451177e-01  2.13237915e+00 -1.41474137e+00
 -2.48011634e-01 -8.95479871e-01 -2.96532952e+00  3.11773027e+00
 -1.78191118e+00  3.03807122e+00 -1.36844679e+00 -2.30932238e+00
  3.84296451e+00 -1.21334899e+00 -5.41757270e-01 -3.12989471e+00
 -2.50084526e+00  2.98115908e+00 -1.94311639e+00 -1.69235986e+00
 -4.06433297e-01  2.94537830e+00  1.35729697e-01  3.43138972e-02
 -1.61804182e+00 -1.41896541e-01 -1.58148349e+00 -3.10157129e+00
  2.91516504e+00  1.12464037e+00 -3.27188395e-01 -2.31797806e+00
  1.02555778e+00 -1.17842747e+00 -2.93207373e-01 -2.15979811e+00
 -1.88083833e+00  1.83765232e+00 -9.91260885e-01  2.58894774e+00
 -4.26607011e-01 -3.10967672e+00 -2.85034399e+00  2.03890645e+00
 -3.06185864e+00 -2.33920151e-01 -1.03334764e+00 -1.76792119e-01
  2.38656471e+00  1.71568319e+00 -3.00929429e-01 -1.67845575e+00
 -3.04389716e+00  1.07346080e-01 -8.11140003e-01  1.45652108e+00
 -2.52348321e+00  9.59295848e-01 -1.99397495e-02  2.12748812e-01
  2.00617919e+00  7.19113620e-01  7.89099166e-01 -1.21875452e+00
  1.59603346e+00  2.56818255e+00  1.29801377e+00  3.01816855e-01
 -9.87033590e-01  2.57828185e+00  8.21086704e-01 -2.22476976e+00
 -6.23258118e-03  1.68968364e+00  1.07021302e+00 -6.47638180e-01
 -2.32070722e+00  2.44548406e+00  2.04094780e+00  1.63616666e+00
  2.25198683e+00  1.88145510e+00 -2.16149869e+00 -2.88882148e+00
  4.95732409e-01  1.37914072e+00 -2.42243921e+00 -1.30324035e+00
  2.42555271e+00  1.25676353e+00  4.35672526e-02 -1.76003119e+00
 -1.56704509e+00  1.91162967e+00  1.45956365e+00 -8.26990702e-01
 -1.36138674e-01 -4.61083246e-01 -1.76458212e-01  2.39560564e+00
 -5.56137682e-01 -6.46270087e-01  1.08915832e+00 -2.30264248e+00
  9.94065789e-01  2.53927972e+00 -4.96617957e-01  2.09871670e+00
 -1.97594571e+00 -8.70898588e-01 -2.41955293e+00 -2.28260462e+00
 -1.37753632e+00 -2.93222795e+00  1.58195382e+00  1.86047485e+00
  1.65637669e+00  1.02719370e+00  1.40786367e+00 -2.30640783e+00
 -2.68347263e+00  1.77025256e+00  9.98195120e-01 -4.35280041e-01
 -2.62775905e+00  1.56476332e+00 -1.21143165e+00 -2.51478078e+00
  6.76712671e-02]
Fri Jun 14 00:48:22 2024,944,0.0759712623982784,[-2.85872797e+00  2.03497300e+00 -1.58995165e+00 -3.11059765e-03
  4.42875176e-01 -3.26646154e+00  3.24050773e+00  2.10136509e+00
  1.02879011e+00 -1.03490850e+00  5.55407090e-01  1.30924646e+00
  1.25923984e+00 -1.86173321e+00  8.01911674e-01  2.89540645e+00
 -3.92782976e-01 -4.23241160e-01 -1.90970040e+00  8.55304955e-01
  1.62251901e+00  2.90993176e+00 -1.41798647e+00 -4.39845587e-01
 -2.16734272e+00 -2.10156129e+00  3.10003767e+00  2.81106012e+00
 -7.08808522e-01 -2.61585177e+00  1.54728341e+00 -1.71012417e-01
 -2.44392597e+00  1.80009721e+00  1.15298233e+00 -6.10814603e-01
  1.09312932e+00 -2.02933947e+00 -2.17623925e-01  2.27598215e+00
 -3.77869971e-01  4.44614090e-01  2.44603494e+00  5.75718506e-01
  2.62262022e+00  2.92585537e+00  2.80608060e+00 -2.94847713e+00
  2.66793303e-01 -3.83271671e-01  1.72669687e+00  2.97694762e+00
 -3.53844838e-01 -2.34000831e+00  2.71923974e+00 -3.17880367e+00
  5.52521485e-01 -7.13941395e-01 -1.75754586e+00  3.07383359e+00
 -1.96143521e+00 -1.68213323e+00 -2.54832735e+00  2.35604355e+00
 -2.12299960e+00  1.95666328e+00  1.71563782e+00  1.44913133e+00
  2.52875979e+00  2.89304323e+00  2.01021247e+00  1.48900661e+00
 -1.75180681e+00 -2.39856430e+00  1.15022759e+00  5.83091178e-01
  1.58060409e+00 -2.77274949e+00 -1.16375534e-01  2.49306960e+00
 -1.18506434e+00  1.12672525e+00  1.23984879e+00  6.08941803e-01
 -9.33922516e-01  1.09344326e+00  7.96735690e-01 -4.12901058e-01
  2.83053814e+00 -2.12580102e+00  1.54569770e+00 -6.53663960e-01
  9.71840075e-01 -3.19512361e+00 -2.26571228e+00  3.54809240e-01
 -1.07426606e+00 -4.04423923e-01  2.68106298e-01  4.87106456e-02
 -1.76228011e+00 -2.04220931e-01 -6.78864078e-01  2.86748371e+00
 -1.15666845e+00 -1.19891310e+00 -1.13133025e+00  1.26060789e+00
  1.58884158e+00 -8.37952550e-01  2.13187778e+00 -1.41423999e+00
 -2.48513007e-01 -8.95981244e-01 -2.96583089e+00  3.11722890e+00
 -1.78241255e+00  3.03756985e+00 -1.36794541e+00 -2.30982376e+00
  3.84246314e+00 -1.21284762e+00 -5.41255897e-01 -3.13039608e+00
 -2.50134663e+00  2.98166046e+00 -1.94361777e+00 -1.69185849e+00
 -4.06934670e-01  2.94487693e+00  1.36231070e-01  3.38125242e-02
 -1.61754044e+00 -1.42397914e-01 -1.58198487e+00 -3.10207266e+00
  2.91566641e+00  1.12514174e+00 -3.26687022e-01 -2.31847943e+00
  1.02505640e+00 -1.17792610e+00 -2.92706000e-01 -2.16029948e+00
 -1.88033696e+00  1.83715095e+00 -9.90759512e-01  2.58844636e+00
 -4.26105638e-01 -3.10917534e+00 -2.85084537e+00  2.03840508e+00
 -3.06135727e+00 -2.33418778e-01 -1.03284627e+00 -1.76290746e-01
  2.38706608e+00  1.71618456e+00 -3.01430802e-01 -1.67795437e+00
 -3.04339578e+00  1.06844707e-01 -8.10638630e-01  1.45702245e+00
 -2.52298184e+00  9.58794475e-01 -2.04411224e-02  2.13250185e-01
  2.00668057e+00  7.18612247e-01  7.89600539e-01 -1.21925589e+00
  1.59553209e+00  2.56868392e+00  1.29851514e+00  3.01315482e-01
 -9.87534963e-01  2.57878322e+00  8.21588077e-01 -2.22527113e+00
 -6.73395415e-03  1.69018501e+00  1.07071439e+00 -6.48139553e-01
 -2.32020585e+00  2.44598543e+00  2.04144917e+00  1.63566529e+00
  2.25148545e+00  1.88095373e+00 -2.16099732e+00 -2.88832011e+00
  4.96233782e-01  1.37964210e+00 -2.42193784e+00 -1.30374172e+00
  2.42605409e+00  1.25726490e+00  4.40686256e-02 -1.76053257e+00
 -1.56654372e+00  1.91213104e+00  1.45906228e+00 -8.26489329e-01
 -1.35637301e-01 -4.60581873e-01 -1.75956839e-01  2.39610701e+00
 -5.55636309e-01 -6.45768714e-01  1.08965969e+00 -2.30314385e+00
  9.93564416e-01  2.53877835e+00 -4.96116585e-01  2.09921807e+00
 -1.97644708e+00 -8.70397215e-01 -2.41905156e+00 -2.28210325e+00
 -1.37803769e+00 -2.93272932e+00  1.58145245e+00  1.85997348e+00
  1.65587532e+00  1.02669233e+00  1.40736230e+00 -2.30690920e+00
 -2.68397400e+00  1.77075393e+00  9.98696493e-01 -4.34778668e-01
 -2.62725768e+00  1.56426195e+00 -1.21093027e+00 -2.51427941e+00
  6.71698942e-02]
Fri Jun 14 00:48:39 2024,945,0.07596883497666582,[-2.85898001e+00  2.03472096e+00 -1.59020369e+00 -3.36263818e-03
  4.43127216e-01 -3.26671358e+00  3.24025568e+00  2.10161714e+00
  1.02904215e+00 -1.03516054e+00  5.55155049e-01  1.30949850e+00
  1.25949188e+00 -1.86198525e+00  8.02163715e-01  2.89515441e+00
 -3.93035017e-01 -4.22989119e-01 -1.90995244e+00  8.55556996e-01
  1.62226697e+00  2.91018380e+00 -1.41773443e+00 -4.39593547e-01
 -2.16709068e+00 -2.10181333e+00  3.10028971e+00  2.81131216e+00
 -7.09060562e-01 -2.61610381e+00  1.54753545e+00 -1.71264458e-01
 -2.44417801e+00  1.79984517e+00  1.15323437e+00 -6.11066643e-01
  1.09338136e+00 -2.02959151e+00 -2.17371884e-01  2.27573011e+00
 -3.78122011e-01  4.44866131e-01  2.44628698e+00  5.75970547e-01
  2.62287226e+00  2.92610741e+00  2.80582856e+00 -2.94822509e+00
  2.66541263e-01 -3.83019630e-01  1.72644482e+00  2.97719966e+00
 -3.53592797e-01 -2.34026035e+00  2.71898770e+00 -3.17905572e+00
  5.52773525e-01 -7.13689355e-01 -1.75729382e+00  3.07408564e+00
 -1.96118317e+00 -1.68238527e+00 -2.54857939e+00  2.35629559e+00
 -2.12325164e+00  1.95641124e+00  1.71588986e+00  1.44938337e+00
  2.52850775e+00  2.89329527e+00  2.00996043e+00  1.48925865e+00
 -1.75205885e+00 -2.39881634e+00  1.14997555e+00  5.83343218e-01
  1.58085613e+00 -2.77300153e+00 -1.16123494e-01  2.49332164e+00
 -1.18481230e+00  1.12647321e+00  1.23959675e+00  6.09193843e-01
 -9.34174557e-01  1.09369530e+00  7.96483650e-01 -4.13153099e-01
  2.83028610e+00 -2.12554898e+00  1.54544566e+00 -6.53916001e-01
  9.72092115e-01 -3.19487157e+00 -2.26596432e+00  3.54557199e-01
 -1.07401402e+00 -4.04171883e-01  2.67854257e-01  4.89626861e-02
 -1.76202807e+00 -2.03968891e-01 -6.79116119e-01  2.86723167e+00
 -1.15641641e+00 -1.19916514e+00 -1.13107821e+00  1.26035585e+00
  1.58909362e+00 -8.37700510e-01  2.13162574e+00 -1.41398795e+00
 -2.48260967e-01 -8.96233285e-01 -2.96608293e+00  3.11748094e+00
 -1.78266459e+00  3.03782189e+00 -1.36819745e+00 -2.31007580e+00
  3.84221109e+00 -1.21259558e+00 -5.41507937e-01 -3.13064812e+00
 -2.50159867e+00  2.98191250e+00 -1.94386981e+00 -1.69160645e+00
 -4.07186711e-01  2.94462489e+00  1.36483111e-01  3.35604837e-02
 -1.61728840e+00 -1.42649954e-01 -1.58173283e+00 -3.10232470e+00
  2.91591845e+00  1.12539378e+00 -3.26939063e-01 -2.31873147e+00
  1.02480436e+00 -1.17817814e+00 -2.92958041e-01 -2.16004744e+00
 -1.88008491e+00  1.83740299e+00 -9.90507471e-01  2.58869840e+00
 -4.25853597e-01 -3.10942738e+00 -2.85109741e+00  2.03865712e+00
 -3.06160931e+00 -2.33166737e-01 -1.03309831e+00 -1.76038706e-01
  2.38731812e+00  1.71643660e+00 -3.01178761e-01 -1.67820641e+00
 -3.04314374e+00  1.06592667e-01 -8.10890671e-01  1.45677041e+00
 -2.52272980e+00  9.59046516e-01 -2.06931630e-02  2.13502225e-01
  2.00693261e+00  7.18360207e-01  7.89852580e-01 -1.21900385e+00
  1.59528005e+00  2.56893596e+00  1.29876718e+00  3.01567522e-01
 -9.87787003e-01  2.57853118e+00  8.21336037e-01 -2.22552317e+00
 -6.48191363e-03  1.69043705e+00  1.07096643e+00 -6.47887512e-01
 -2.31995381e+00  2.44623747e+00  2.04119713e+00  1.63591733e+00
  2.25123341e+00  1.88070169e+00 -2.16124936e+00 -2.88857215e+00
  4.96485822e-01  1.37989414e+00 -2.42218988e+00 -1.30348968e+00
  2.42630613e+00  1.25701286e+00  4.38165851e-02 -1.76028053e+00
 -1.56679576e+00  1.91238308e+00  1.45931432e+00 -8.26741370e-01
 -1.35889342e-01 -4.60329833e-01 -1.76208880e-01  2.39585497e+00
 -5.55888349e-01 -6.46020755e-01  1.08991174e+00 -2.30339589e+00
  9.93816457e-01  2.53852631e+00 -4.96368625e-01  2.09896603e+00
 -1.97619504e+00 -8.70145175e-01 -2.41879952e+00 -2.28235529e+00
 -1.37828973e+00 -2.93298136e+00  1.58120041e+00  1.85972144e+00
  1.65562328e+00  1.02694437e+00  1.40761434e+00 -2.30716124e+00
 -2.68422604e+00  1.77050189e+00  9.98444452e-01 -4.35030708e-01
 -2.62700564e+00  1.56451399e+00 -1.21067823e+00 -2.51453145e+00
  6.69178536e-02]
Fri Jun 14 00:48:55 2024,946,0.07594429345310767,[-2.85938027e+00  2.03432070e+00 -1.59060395e+00 -3.76289479e-03
  4.43527473e-01 -3.26631333e+00  3.23985543e+00  2.10201739e+00
  1.02864189e+00 -1.03476028e+00  5.55555306e-01  1.30909824e+00
  1.25909162e+00 -1.86238550e+00  8.01763458e-01  2.89475415e+00
 -3.93435273e-01 -4.22588863e-01 -1.91035269e+00  8.55156739e-01
  1.62266723e+00  2.91058405e+00 -1.41733418e+00 -4.39993804e-01
 -2.16669043e+00 -2.10221359e+00  3.10068996e+00  2.81091190e+00
 -7.08660306e-01 -2.61570355e+00  1.54713520e+00 -1.70864201e-01
 -2.44377776e+00  1.80024542e+00  1.15283411e+00 -6.10666387e-01
  1.09298111e+00 -2.02999177e+00 -2.17772141e-01  2.27532986e+00
 -3.77721754e-01  4.44465874e-01  2.44588672e+00  5.75570290e-01
  2.62327251e+00  2.92650767e+00  2.80622882e+00 -2.94862534e+00
  2.66141006e-01 -3.82619373e-01  1.72604457e+00  2.97679940e+00
 -3.53993054e-01 -2.34066060e+00  2.71938796e+00 -3.17865546e+00
  5.52373269e-01 -7.13289098e-01 -1.75769408e+00  3.07448589e+00
 -1.96078291e+00 -1.68278553e+00 -2.54897965e+00  2.35589533e+00
 -2.12285138e+00  1.95681150e+00  1.71548960e+00  1.44898311e+00
  2.52890801e+00  2.89369553e+00  2.00956017e+00  1.48965890e+00
 -1.75165859e+00 -2.39921660e+00  1.15037581e+00  5.82942962e-01
  1.58125639e+00 -2.77340178e+00 -1.16523751e-01  2.49292139e+00
 -1.18521256e+00  1.12607296e+00  1.23999701e+00  6.08793586e-01
 -9.34574813e-01  1.09329504e+00  7.96083393e-01 -4.13553356e-01
  2.83068635e+00 -2.12594924e+00  1.54584591e+00 -6.54316257e-01
  9.72492372e-01 -3.19447131e+00 -2.26636458e+00  3.54156943e-01
 -1.07361376e+00 -4.03771626e-01  2.67454001e-01  4.93629427e-02
 -1.76242832e+00 -2.04369147e-01 -6.78715862e-01  2.86763193e+00
 -1.15681666e+00 -1.19956540e+00 -1.13147846e+00  1.26075611e+00
  1.58869336e+00 -8.38100767e-01  2.13202599e+00 -1.41438821e+00
 -2.47860710e-01 -8.96633541e-01 -2.96648319e+00  3.11708068e+00
 -1.78306485e+00  3.03822215e+00 -1.36779720e+00 -2.30967554e+00
  3.84261135e+00 -1.21219532e+00 -5.41107681e-01 -3.13104838e+00
 -2.50119842e+00  2.98231275e+00 -1.94427006e+00 -1.69200671e+00
 -4.07586967e-01  2.94502515e+00  1.36883367e-01  3.31602271e-02
 -1.61688815e+00 -1.42249698e-01 -1.58213308e+00 -3.10272496e+00
  2.91551820e+00  1.12579404e+00 -3.26538806e-01 -2.31913173e+00
  1.02440411e+00 -1.17857840e+00 -2.92557784e-01 -2.16044770e+00
 -1.88048517e+00  1.83780324e+00 -9.90907728e-01  2.58829815e+00
 -4.26253854e-01 -3.10982764e+00 -2.85149766e+00  2.03905737e+00
 -3.06120905e+00 -2.32766481e-01 -1.03269805e+00 -1.75638449e-01
  2.38691786e+00  1.71603635e+00 -3.01579018e-01 -1.67860667e+00
 -3.04354400e+00  1.06192410e-01 -8.10490414e-01  1.45717067e+00
 -2.52232954e+00  9.59446773e-01 -2.02929063e-02  2.13101969e-01
  2.00733286e+00  7.18760463e-01  7.89452323e-01 -1.21860359e+00
  1.59487979e+00  2.56933622e+00  1.29916744e+00  3.01967779e-01
 -9.88187260e-01  2.57813092e+00  8.21736293e-01 -2.22592343e+00
 -6.88217024e-03  1.69083731e+00  1.07136669e+00 -6.48287769e-01
 -2.32035407e+00  2.44583721e+00  2.04159738e+00  1.63631759e+00
  2.25163367e+00  1.88110194e+00 -2.16084910e+00 -2.88817190e+00
  4.96886079e-01  1.38029439e+00 -2.42259014e+00 -1.30308942e+00
  2.42590587e+00  1.25741312e+00  4.42168417e-02 -1.75988027e+00
 -1.56719601e+00  1.91198282e+00  1.45971458e+00 -8.26341113e-01
 -1.36289598e-01 -4.59929576e-01 -1.75808623e-01  2.39625523e+00
 -5.55488093e-01 -6.45620498e-01  1.08951148e+00 -2.30379615e+00
  9.93416200e-01  2.53812605e+00 -4.95968368e-01  2.09936629e+00
 -1.97659530e+00 -8.70545432e-01 -2.41839926e+00 -2.28275554e+00
 -1.37868999e+00 -2.93338162e+00  1.58160067e+00  1.86012169e+00
  1.65522302e+00  1.02654411e+00  1.40801460e+00 -2.30756150e+00
 -2.68382579e+00  1.77090214e+00  9.98044196e-01 -4.35430965e-01
 -2.62660538e+00  1.56411374e+00 -1.21027798e+00 -2.51413119e+00
  6.65175970e-02]
Fri Jun 14 00:49:16 2024,947,0.0759270607143093,[-2.85983978  2.03386119 -1.59014443 -0.00422241  0.44398699 -3.26585381
  3.23939591  2.10247691  1.02910141 -1.03430077  0.55601482  1.30863873
  1.25863211 -1.86284502  0.80130394  2.89521366 -0.39389479 -0.42212935
 -1.90989318  0.85561625  1.62312674  2.91104357 -1.41779369 -0.44045332
 -2.16623091 -2.10175408  3.10023045  2.81137142 -0.70820079 -2.61524404
  1.54667568 -0.17132372 -2.44331824  1.79978591  1.15329363 -0.61020687
  1.09252159 -2.02953226 -0.21823166  2.27487034 -0.37726224  0.44400636
  2.44542721  0.57511078  2.62373203  2.92604816  2.80668833 -2.94816583
  0.26660052 -0.38307889  1.72558505  2.97633989 -0.35353354 -2.34112012
  2.71984747 -3.17911497  0.55191375 -0.71374861 -1.75815359  3.07402638
 -1.96124243 -1.68324505 -2.54852013  2.35635485 -2.12239186  1.95727101
  1.71594912  1.44944262  2.5284485   2.89323602  2.01001969  1.48919939
 -1.75211811 -2.39875709  1.15083532  0.58248345  1.5817159  -2.77294227
 -0.11606424  2.49246187 -1.18567207  1.12653247  1.2395375   0.60833407
 -0.9341153   1.09375455  0.79654291 -0.41309384  2.83022684 -2.12548972
  1.54630543 -0.65477577  0.97295189 -3.1940118  -2.26682409  0.35461646
 -1.07407328 -0.40423114  0.26791352  0.04890343 -1.76288784 -0.20482866
 -0.67917538  2.86717242 -1.15727618 -1.20002491 -1.13101895  1.26029659
  1.58915288 -0.83764125  2.13156648 -1.41392869 -0.2474012  -0.89709306
 -2.96602367  3.1175402  -1.78352436  3.03868166 -1.36733768 -2.31013505
  3.84215184 -1.21173581 -0.5415672  -3.13150789 -2.50165793  2.98185324
 -1.94472958 -1.69246622 -0.40804648  2.94548466  0.13642385  0.03270071
 -1.61642863 -0.14179018 -1.58167357 -3.10318448  2.91597771  1.12625356
 -0.32607929 -2.31867221  1.02486362 -1.17903791 -0.29209827 -2.16090721
 -1.88002566  1.83826276 -0.99136724  2.58875766 -0.42579434 -3.11028715
 -2.85195718  2.03951689 -3.06166857 -0.233226   -1.03223854 -0.17609796
  2.38645835  1.71649586 -0.30203853 -1.67814716 -3.04400351  0.10665192
 -0.81094993  1.45671115 -2.52187003  0.95990629 -0.02075242  0.21356148
  2.00687335  0.71830095  0.78899281 -1.21906311  1.59442027  2.5688767
  1.29870793  0.30242729 -0.98864677  2.57767141  0.82219581 -2.22546391
 -0.00642266  1.6903778   1.07090717 -0.64874728 -2.32081358  2.4453777
  2.04113787  1.6367771   2.25117416  1.88064243 -2.16130861 -2.88771238
  0.49642656  1.37983488 -2.42304965 -1.30354894  2.42636539  1.2569536
  0.04375733 -1.75942075 -1.5667365   1.91152331  1.46017409 -0.8258816
 -0.13674911 -0.45947006 -0.17534911  2.39671474 -0.55594761 -0.64516098
  1.08905196 -2.30425566  0.99295669  2.53766653 -0.49550885  2.0998258
 -1.97705481 -0.87008592 -2.41793975 -2.28229603 -1.37823047 -2.9329221
  1.58206018  1.85966218  1.65476351  1.02608459  1.40755508 -2.30802101
 -2.6842853   1.77136166  0.99758468 -0.43589048 -2.6270649   1.56457325
 -1.20981846 -2.5145907   0.06605808]
Fri Jun 14 00:49:33 2024,948,0.07591823134399174,[-2.85999591  2.03401732 -1.5899883  -0.00406628  0.44414311 -3.26600994
  3.23955204  2.10232078  1.02894528 -1.03414464  0.55585869  1.3084826
  1.25878824 -1.86300114  0.80114782  2.89536979 -0.39373866 -0.42197322
 -1.91004931  0.85577238  1.62328287  2.91088744 -1.41794982 -0.44029719
 -2.16638704 -2.1019102   3.10038658  2.81121529 -0.70835692 -2.61508791
  1.54683181 -0.17116759 -2.44316211  1.79962978  1.1531375  -0.61005074
  1.09236546 -2.02937613 -0.21838778  2.27502647 -0.37741837  0.44416249
  2.44527108  0.57495465  2.6235759   2.92620428  2.80684446 -2.9480097
  0.26675665 -0.38292276  1.72542893  2.97649601 -0.35368967 -2.34127625
  2.71969135 -3.17895885  0.55175763 -0.71390474 -1.75799746  3.0741825
 -1.96139855 -1.68308892 -2.54867626  2.35619872 -2.12223574  1.95742714
  1.71579299  1.4492865   2.52860462  2.89307989  2.00986356  1.48904326
 -1.75227423 -2.39891321  1.15099145  0.58263957  1.58155977 -2.7730984
 -0.11622036  2.49230575 -1.1858282   1.12637634  1.23969362  0.6084902
 -0.93427143  1.09391068  0.79638678 -0.41324997  2.83007071 -2.1253336
  1.54646155 -0.6549319   0.97279576 -3.19416793 -2.26666797  0.35477258
 -1.0742294  -0.40407501  0.26806964  0.0487473  -1.76304396 -0.20467253
 -0.6793315   2.86732854 -1.15743231 -1.19986878 -1.13117508  1.26045272
  1.58899675 -0.83748512  2.1317226  -1.41377257 -0.24724507 -0.89724918
 -2.9661798   3.11769632 -1.78336823  3.03852554 -1.36718155 -2.30997893
  3.84230796 -1.21157968 -0.54141107 -3.13166402 -2.5015018   2.98200936
 -1.94457345 -1.69231009 -0.40820261  2.94532853  0.13626773  0.03285684
 -1.6162725  -0.14163406 -1.58151744 -3.1033406   2.91582158  1.12609743
 -0.32592316 -2.31851608  1.02501975 -1.17919404 -0.2922544  -2.16075109
 -1.88018178  1.83841888 -0.99152337  2.58891379 -0.42595047 -3.11013103
 -2.85180105  2.03936076 -3.06151244 -0.23306987 -1.03208241 -0.17594184
  2.38661448  1.71665199 -0.30219466 -1.67830328 -3.04384739  0.1064958
 -0.81110606  1.45686728 -2.52202615  0.96006241 -0.02059629  0.21371761
  2.00671722  0.71814482  0.78914894 -1.21921923  1.59426415  2.56903283
  1.29886405  0.30227117 -0.98849065  2.57782754  0.82235194 -2.22530778
 -0.00626653  1.69053392  1.0710633  -0.64890341 -2.32096971  2.44522157
  2.04098174  1.63662097  2.25101803  1.88079856 -2.16115249 -2.88786851
  0.49658269  1.37967875 -2.42320578 -1.30339281  2.42652151  1.25679748
  0.0436012  -1.75926463 -1.56658037  1.91136718  1.46001796 -0.82572547
 -0.13659299 -0.45962619 -0.17550524  2.39655862 -0.55610373 -0.64500486
  1.08920809 -2.30441179  0.99280056  2.53751041 -0.49566498  2.09998193
 -1.97721094 -0.87024204 -2.41778362 -2.2821399  -1.37807434 -2.93307823
  1.58190406  1.85981831  1.65491963  1.02592847  1.40739896 -2.30817714
 -2.68412918  1.77151779  0.99742855 -0.43573435 -2.62690877  1.56472938
 -1.20966233 -2.51474683  0.06621421]
Fri Jun 14 00:49:50 2024,949,0.0757166210525675,[-2.86163881  2.03237442 -1.58834541 -0.00570918  0.44578601 -3.26765283
  3.24119494  2.10067788  1.03058818 -1.03578754  0.55750159  1.3068397
  1.26043113 -1.86464404  0.80279071  2.8937269  -0.39209577 -0.42361612
 -1.9116922   0.85741528  1.62492576  2.91253034 -1.41630692 -0.4386543
 -2.16802993 -2.1035531   3.10202947  2.81285818 -0.70999981 -2.61673081
  1.5484747  -0.17281048 -2.44151922  1.79798689  1.1514946  -0.61169364
  1.09072257 -2.03101902 -0.22003068  2.27338358 -0.37906126  0.44580538
  2.44362818  0.57331175  2.62193301  2.92456139  2.80520157 -2.94636681
  0.26511375 -0.38456566  1.72378603  2.97485312 -0.35204677 -2.33963335
  2.72133424 -3.17731595  0.55011473 -0.71226185 -1.75635457  3.07253961
 -1.95975566 -1.68144602 -2.54703336  2.35784162 -2.12059284  1.95907003
  1.71415009  1.45092939  2.53024752  2.89472278  2.00822066  1.49068616
 -1.75063134 -2.40055611  1.14934855  0.58099668  1.57991688 -2.7714555
 -0.11457747  2.49394864 -1.1841853   1.12473345  1.23805073  0.61013309
 -0.93262853  1.09226779  0.79474389 -0.41160707  2.83171361 -2.12697649
  1.54810445 -0.653289    0.97443865 -3.19581082 -2.26831086  0.35641548
 -1.07258651 -0.40243212  0.26971254  0.0503902  -1.76468686 -0.20302964
 -0.67768861  2.86897144 -1.1590752  -1.20151168 -1.13281797  1.25880983
  1.58735386 -0.83912802  2.1333655  -1.41212967 -0.24888796 -0.89889208
 -2.96453691  3.11933922 -1.78172534  3.03688264 -1.36553866 -2.30833603
  3.84395086 -1.21322257 -0.53976817 -3.13330691 -2.5031447   2.98365226
 -1.94293056 -1.6906672  -0.4098455   2.94697143  0.13462483  0.03449973
 -1.61462961 -0.13999116 -1.58316034 -3.1049835   2.91417869  1.12445453
 -0.32428027 -2.32015898  1.02337685 -1.18083693 -0.2906115  -2.15910819
 -1.88182468  1.84006178 -0.98988047  2.59055668 -0.42430757 -3.11177392
 -2.85344394  2.03771787 -3.05986954 -0.23471276 -1.03043951 -0.17758473
  2.38497158  1.71500909 -0.30383755 -1.67666039 -3.04220449  0.1048529
 -0.80946316  1.45522438 -2.52038326  0.95841952 -0.02223919  0.21207472
  2.00507433  0.71978772  0.78750604 -1.22086213  1.59262125  2.57067572
  1.30050695  0.30062827 -0.99013354  2.57947043  0.82070904 -2.22366489
 -0.00790942  1.69217682  1.0694204  -0.64726052 -2.31932681  2.44357868
  2.03933885  1.63497808  2.24937513  1.87915566 -2.15950959 -2.8895114
  0.49822559  1.37803586 -2.42156289 -1.3050357   2.42816441  1.25844037
  0.0419583  -1.76090752 -1.56493748  1.91301008  1.45837507 -0.82408258
 -0.13495009 -0.46126908 -0.17386234  2.39820151 -0.55446084 -0.64664775
  1.09085099 -2.30605469  0.99115766  2.5391533  -0.49730788  2.10162483
 -1.97885383 -0.87188494 -2.41614073 -2.28049701 -1.37971724 -2.93143534
  1.58354695  1.85817541  1.65656253  1.02757136  1.40904185 -2.30982004
 -2.68577207  1.76987489  0.99907145 -0.43737725 -2.62526588  1.56308648
 -1.20801944 -2.51310394  0.06457131]
Fri Jun 14 00:50:07 2024,950,0.07570615847910898,[-2.86205998  2.03195324 -1.58876659 -0.00613036  0.44620719 -3.26807401
  3.24161611  2.10109906  1.030167   -1.03536636  0.55708041  1.30726088
  1.26000995 -1.86422286  0.80321189  2.89330572 -0.39167459 -0.42319494
 -1.91211338  0.8569941   1.62450459  2.91210916 -1.41588574 -0.43907547
 -2.16760876 -2.10397428  3.10245065  2.81327936 -0.71042099 -2.61630963
  1.54889588 -0.17323166 -2.4419404   1.79756571  1.15191578 -0.61127246
  1.09114375 -2.0314402  -0.22045186  2.2729624  -0.37864008  0.44622656
  2.44404936  0.57289058  2.62151183  2.92414021  2.80562274 -2.94594563
  0.26553493 -0.38498683  1.72336485  2.9752743  -0.35162559 -2.34005453
  2.72175542 -3.17773713  0.54969355 -0.71184067 -1.75593339  3.07211843
 -1.95933448 -1.68102484 -2.54661219  2.35826279 -2.12101402  1.95864885
  1.71457127  1.45135057  2.52982634  2.89430161  2.00864184  1.49110733
 -1.75021016 -2.40097729  1.14976973  0.5805755   1.58033806 -2.77187668
 -0.11415629  2.49352746 -1.18376413  1.12431227  1.23762955  0.60971192
 -0.93304971  1.09268897  0.79432271 -0.41202825  2.83213478 -2.12655531
  1.54768327 -0.65286783  0.97485983 -3.19538964 -2.26873204  0.35683666
 -1.07216533 -0.4028533   0.26929136  0.05081137 -1.76426568 -0.20345082
 -0.67810979  2.86939262 -1.15949638 -1.20193286 -1.13239679  1.25838865
  1.58693268 -0.83870684  2.13378668 -1.41255085 -0.24930914 -0.8984709
 -2.96411573  3.1197604  -1.78214652  3.03730382 -1.36511748 -2.30791485
  3.84437204 -1.21364375 -0.53934699 -3.13372809 -2.50272352  2.98407344
 -1.94335173 -1.69108838 -0.40942433  2.94739261  0.13504601  0.03407856
 -1.61505079 -0.14041234 -1.58358151 -3.10456232  2.91375751  1.12403335
 -0.32385909 -2.3197378   1.02295567 -1.18041576 -0.29103268 -2.15952937
 -1.88224586  1.8396406  -0.9894593   2.59097786 -0.42472875 -3.11135274
 -2.85302277  2.03729669 -3.05944836 -0.23429158 -1.03086069 -0.17716355
  2.3845504   1.71458791 -0.30341638 -1.67708157 -3.04178331  0.10527408
 -0.80904198  1.45480321 -2.51996208  0.9588407  -0.02266037  0.21249589
  2.00465315  0.72020889  0.78708486 -1.22128331  1.59220007  2.57025455
  1.30008577  0.30020709 -0.98971236  2.57904925  0.82113022 -2.22324371
 -0.00748825  1.692598    1.06899923 -0.64683934 -2.31974799  2.4431575
  2.03891767  1.63539926  2.24979631  1.87873448 -2.15908841 -2.88993258
  0.49864676  1.37845703 -2.42114171 -1.30545688  2.42774323  1.25886155
  0.04237948 -1.7613287  -1.5645163   1.9125889   1.45879625 -0.82450375
 -0.13452891 -0.46084791 -0.17344116  2.39778033 -0.55403966 -0.64706893
  1.09042981 -2.30647587  0.99157884  2.53957448 -0.49772905  2.102046
 -1.97843265 -0.87146376 -2.41571955 -2.28007583 -1.37929606 -2.93185652
  1.58396813  1.85859659  1.65698371  1.02715018  1.40946303 -2.31024121
 -2.68535089  1.76945371  0.99949263 -0.43695607 -2.62568705  1.56350766
 -1.20844062 -2.51352511  0.06415014]
Fri Jun 14 00:50:47 2024,951,0.07566857762564047,[-2.86085812  2.03315511 -1.58756472 -0.00492849  0.44740906 -3.26927588
  3.24281798  2.10230093  1.03136887 -1.03656823  0.55587854  1.30605901
  1.26121182 -1.86302099  0.80441376  2.89210385 -0.39047272 -0.42199307
 -1.91091151  0.85579223  1.62330272  2.91331103 -1.41708761 -0.44027734
 -2.16881062 -2.10277241  3.10365252  2.8120775  -0.71162286 -2.6175115
  1.54769401 -0.17443353 -2.44314226  1.79876758  1.15071392 -0.61007059
  1.09234562 -2.03264207 -0.22165372  2.27416426 -0.37984195  0.44742843
  2.44525123  0.57168871  2.6227137   2.92534208  2.80682461 -2.94474376
  0.2667368  -0.38378497  1.72216299  2.97407243 -0.35282746 -2.3412564
  2.72055355 -3.178939    0.54849169 -0.71304253 -1.75473152  3.07091656
 -1.96053635 -1.68222671 -2.54781405  2.35706093 -2.12221589  1.95985072
  1.7133694   1.45255244  2.53102821  2.89309974  2.00984371  1.4923092
 -1.74900829 -2.39977542  1.14856786  0.58177737  1.58153992 -2.77307855
 -0.11535816  2.49232559 -1.18496599  1.12551414  1.23642768  0.60851005
 -0.93425158  1.0914871   0.79312084 -0.41082638  2.83333665 -2.12535345
  1.54888514 -0.65406969  0.97365796 -3.19418778 -2.26753017  0.35803853
 -1.07096346 -0.40405516  0.27049323  0.04960951 -1.76546755 -0.20224895
 -0.67931165  2.87059448 -1.15829451 -1.20073099 -1.13119493  1.25718678
  1.58813454 -0.83750497  2.13498855 -1.41134898 -0.25051101 -0.89726903
 -2.96291386  3.11855853 -1.78334838  3.03610195 -1.36631935 -2.30911672
  3.84557391 -1.21244188 -0.53814513 -3.13492996 -2.50392539  2.98287157
 -1.94214987 -1.68988651 -0.41062619  2.94859447  0.13624788  0.03528042
 -1.61625266 -0.14161421 -1.58237965 -3.10336045  2.91255564  1.12283149
 -0.32506096 -2.32093967  1.02175381 -1.17921389 -0.29223455 -2.1583275
 -1.88104399  1.83843873 -0.98825743  2.59217973 -0.42352688 -3.11255461
 -2.85422463  2.03849856 -3.06065023 -0.23549345 -1.02965882 -0.17596169
  2.38334854  1.71578978 -0.30461824 -1.6758797  -3.04298518  0.10647595
 -0.81024385  1.45600507 -2.51876021  0.95763883 -0.02386223  0.21369776
  2.00345128  0.71900703  0.78828673 -1.22008144  1.59099821  2.57145641
  1.30128764  0.29900523 -0.9885105   2.58025112  0.82233209 -2.22204184
 -0.00869011  1.69379986  1.07020109 -0.64804121 -2.31854612  2.44195563
  2.0377158   1.63419739  2.24859444  1.87753261 -2.15788655 -2.89113445
  0.4974449   1.3796589  -2.42234358 -1.30425501  2.4289451   1.26006342
  0.04117762 -1.76012683 -1.56571817  1.91138703  1.45759438 -0.82330189
 -0.13332704 -0.46204977 -0.17223929  2.39657847 -0.55524153 -0.6482708
  1.08922794 -2.305274    0.99278071  2.54077635 -0.49893092  2.10084414
 -1.97723079 -0.87266563 -2.41692142 -2.27887396 -1.38049793 -2.93305838
  1.58276626  1.85979846  1.65818557  1.02835205  1.4106649  -2.30903935
 -2.68414902  1.77065558  0.99829076 -0.4357542  -2.62688892  1.56470953
 -1.20723875 -2.51232325  0.06294827]
Fri Jun 14 00:51:03 2024,952,0.07562171484482924,[-2.86004969  2.03234668 -1.58837315 -0.00573692  0.44821749 -3.26846745
  3.24200955  2.1014925   1.0321773  -1.03575979  0.55668697  1.30525058
  1.26202025 -1.86382942  0.80522219  2.89291228 -0.38966429 -0.42118464
 -1.91010308  0.85660066  1.62249429  2.91411946 -1.41627918 -0.43946891
 -2.16800219 -2.10358084  3.10446095  2.81288593 -0.71243129 -2.61831993
  1.54850244 -0.17524196 -2.44233383  1.79957601  1.15152235 -0.61087902
  1.09153718 -2.0334505  -0.22084529  2.27497269 -0.38065038  0.44662
  2.44605966  0.57249714  2.62352213  2.92453365  2.80763304 -2.94555219
  0.26592837 -0.3845934   1.72297142  2.97488086 -0.35201903 -2.34044797
  2.71974512 -3.17974743  0.54768326 -0.7122341  -1.75553995  3.07172499
 -1.96134478 -1.68141828 -2.54700562  2.35786936 -2.12302432  1.96065915
  1.71417784  1.45174401  2.53183664  2.89229131  2.01065214  1.49311763
 -1.74819986 -2.39896699  1.14775943  0.5825858   1.58073149 -2.77388698
 -0.11454973  2.49151716 -1.18577442  1.12470571  1.23561925  0.60931848
 -0.93506001  1.09067867  0.79231241 -0.41001795  2.83414508 -2.12454501
  1.54969357 -0.65326126  0.97284953 -3.19499621 -2.2683386   0.35723009
 -1.07015503 -0.40324673  0.2696848   0.05041794 -1.76627598 -0.20144052
 -0.67850322  2.86978605 -1.15910294 -1.20153942 -1.1303865   1.25637835
  1.58732611 -0.8383134   2.13579698 -1.41054055 -0.24970258 -0.8964606
 -2.96372229  3.1177501  -1.78253995  3.03529352 -1.36712778 -2.30830829
  3.84476547 -1.21325031 -0.53895356 -3.13412153 -2.50473382  2.98206314
 -1.9429583  -1.68907808 -0.40981776  2.94778604  0.13543945  0.03447199
 -1.61544422 -0.14242264 -1.58157122 -3.10255202  2.91336407  1.12202306
 -0.32425253 -2.32013124  1.02256224 -1.18002232 -0.29304298 -2.15913593
 -1.88185242  1.8376303  -0.987449    2.59298816 -0.42271845 -3.11174618
 -2.85503306  2.03930699 -3.0598418  -0.23468502 -1.02885039 -0.17515326
  2.3825401   1.71498135 -0.30380981 -1.67507127 -3.04379361  0.10566752
 -0.80943542  1.4568135  -2.51795178  0.95844726 -0.0230538   0.21288933
  2.00264285  0.71981546  0.78909516 -1.22088987  1.59018978  2.57226484
  1.30209607  0.29981366 -0.98770207  2.58105955  0.82152366 -2.22285027
 -0.00788168  1.69299143  1.07100952 -0.64884964 -2.31935456  2.44276406
  2.03690737  1.63500582  2.24778601  1.87672418 -2.15869498 -2.89194288
  0.49825333  1.38046733 -2.42153514 -1.30506345  2.42813667  1.26087185
  0.04036918 -1.76093526 -1.56490974  1.91219546  1.45678595 -0.82249346
 -0.13251861 -0.46124134 -0.17143086  2.39577003 -0.5544331  -0.64746237
  1.08841951 -2.30446557  0.99358914  2.53996792 -0.49812249  2.10165257
 -1.97803922 -0.8718572  -2.41772985 -2.27806553 -1.3796895  -2.93224995
  1.58357469  1.86060689  1.65737714  1.02916048  1.40985647 -2.30984778
 -2.68495745  1.76984715  0.99909919 -0.43656263 -2.62769735  1.56551796
 -1.20643032 -2.51313168  0.06213984]
Fri Jun 14 00:51:19 2024,953,0.07546595615668776,[-2.8616216   2.03077477 -1.58680124 -0.00730883  0.4497894  -3.26689553
  3.24043764  2.10306441  1.03374921 -1.03733171  0.55825889  1.30367867
  1.26359217 -1.86225751  0.8067941   2.8944842  -0.38809238 -0.42275655
 -1.90853117  0.85817257  1.6240662   2.91254754 -1.41470727 -0.437897
 -2.16957411 -2.10515275  3.10288903  2.81131401 -0.7140032  -2.61674801
  1.55007436 -0.17367005 -2.44076192  1.79800409  1.15309426 -0.60930711
  1.0931091  -2.03187859 -0.22241721  2.27654461 -0.37907847  0.44819191
  2.44448775  0.57092522  2.62195021  2.92610556  2.80606113 -2.94398028
  0.26435645 -0.38616531  1.72454333  2.97645277 -0.35044712 -2.33887605
  2.71817321 -3.18131934  0.54925517 -0.71066219 -1.75396804  3.07329691
 -1.96291669 -1.6829902  -2.54543371  2.35944127 -2.12145241  1.95908724
  1.71260592  1.45331592  2.53026472  2.89071939  2.00908023  1.49154572
 -1.74662795 -2.4005389   1.14618752  0.58415771  1.57915958 -2.77231506
 -0.11297781  2.48994525 -1.18734634  1.12313379  1.23719117  0.60774657
 -0.93348809  1.08910675  0.79388432 -0.40844604  2.83257317 -2.12611693
  1.55126548 -0.65483318  0.97127762 -3.19342429 -2.26676669  0.35565818
 -1.07172695 -0.40167482  0.26811288  0.04884602 -1.76784789 -0.19986861
 -0.67693131  2.87135797 -1.16067485 -1.19996751 -1.13195841  1.25480644
  1.58889803 -0.83988532  2.13422506 -1.40896864 -0.25127449 -0.89488869
 -2.9652942   3.11617818 -1.78096804  3.03372161 -1.36869969 -2.3098802
  3.84633739 -1.2116784  -0.53738164 -3.13254961 -2.50630573  2.98049123
 -1.94453021 -1.69064999 -0.40824585  2.94621413  0.13386753  0.03290008
 -1.61701614 -0.14085072 -1.5799993  -3.10412394  2.91493599  1.12045114
 -0.32582444 -2.31855932  1.02413415 -1.17845041 -0.29461489 -2.15756402
 -1.88342433  1.83605839 -0.98587708  2.59141625 -0.42429037 -3.11017427
 -2.85660498  2.0408789  -3.05826989 -0.23311311 -1.02727848 -0.17358134
  2.38096819  1.71340944 -0.30538173 -1.67349935 -3.04536552  0.1040956
 -0.81100733  1.45524159 -2.5195237   0.96001917 -0.02148189  0.21446124
  2.00421476  0.71824354  0.79066707 -1.22246178  1.58861786  2.57069293
  1.30366798  0.29824174 -0.98927398  2.57948764  0.82309557 -2.22127836
 -0.00630977  1.69456335  1.06943761 -0.64727772 -2.31778264  2.44433597
  2.03533546  1.63657773  2.2462141   1.8782961  -2.16026689 -2.89037097
  0.49982524  1.37889542 -2.41996323 -1.30349153  2.42656475  1.26244376
  0.0419411  -1.76250718 -1.56333782  1.91062355  1.45835786 -0.82406537
 -0.1309467  -0.46281326 -0.16985895  2.39419812 -0.55286118 -0.64589045
  1.0868476  -2.30289365  0.99516105  2.538396   -0.49655058  2.10322448
 -1.9764673  -0.87342911 -2.41930176 -2.27649362 -1.38126141 -2.93067804
  1.5851466   1.8621788   1.65894906  1.0307324   1.40828455 -2.31141969
 -2.68338554  1.77141906  0.99752728 -0.43813455 -2.62926927  1.56394605
 -1.20485841 -2.51470359  0.06371175]
Fri Jun 14 00:51:35 2024,954,0.07544928703917866,[-2.86216854  2.03022782 -1.58625429 -0.00785578  0.45033634 -3.26634859
  3.23989069  2.10361136  1.03429615 -1.03787865  0.55771194  1.30422562
  1.26304522 -1.86171057  0.80624716  2.89393725 -0.38863932 -0.4233035
 -1.90907811  0.85762563  1.62461314  2.91309449 -1.41525421 -0.43844394
 -2.16902716 -2.1056997   3.10234209  2.81076707 -0.71455015 -2.61729496
  1.5506213  -0.17421699 -2.44021498  1.79855104  1.1536412  -0.60985405
  1.09365604 -2.03242553 -0.22296415  2.27599766 -0.37853152  0.44764497
  2.4439408   0.57147217  2.62249716  2.92665251  2.80660807 -2.94452722
  0.26380951 -0.38561837  1.72509027  2.97590583 -0.34990017 -2.339423
  2.71872015 -3.1807724   0.54980211 -0.71011525 -1.7534211   3.07384385
 -1.96346364 -1.68353714 -2.54488677  2.35889433 -2.12090546  1.95854029
  1.71205898  1.45386287  2.52971778  2.89126634  2.00853328  1.49209266
 -1.74717489 -2.39999196  1.14564058  0.58361077  1.57861264 -2.77286201
 -0.11243087  2.48939831 -1.18789328  1.12368074  1.23773811  0.60829351
 -0.93294115  1.08855981  0.79443127 -0.4078991   2.83312011 -2.12666387
  1.55071854 -0.65538012  0.97182456 -3.19397124 -2.26731363  0.35620513
 -1.07227389 -0.40112788  0.26756594  0.04939297 -1.76839484 -0.19932166
 -0.67638437  2.87081102 -1.16012791 -1.19942056 -1.13250535  1.25535338
  1.58835108 -0.83933837  2.13367812 -1.40842169 -0.25072755 -0.89434174
 -2.96584115  3.11672513 -1.7804211   3.03317466 -1.36924664 -2.30933326
  3.84579044 -1.21222534 -0.5368347  -3.13200267 -2.50575879  2.97994428
 -1.94507715 -1.69010305 -0.40769891  2.94566719  0.13441448  0.03344702
 -1.61646919 -0.14030378 -1.57945236 -3.10467088  2.91548293  1.12099809
 -0.3252775  -2.31801238  1.02468109 -1.17899735 -0.29406795 -2.15701707
 -1.88287739  1.83551145 -0.98642403  2.5908693  -0.42374342 -3.11072121
 -2.85605803  2.04033196 -3.05881683 -0.23366005 -1.02782542 -0.1730344
  2.38042125  1.71395638 -0.30483478 -1.67295241 -3.04481858  0.10354866
 -0.81155428  1.45578853 -2.52007064  0.95947223 -0.02202883  0.21500819
  2.00476171  0.71879049  0.79121402 -1.22191484  1.58807092  2.57014599
  1.30421493  0.29878869 -0.98982092  2.57894069  0.82254863 -2.22073142
 -0.00576282  1.69511029  1.06889067 -0.64673078 -2.3172357   2.44378903
  2.03478851  1.63603079  2.24676104  1.87884304 -2.15971995 -2.88982402
  0.50037219  1.37834847 -2.42051018 -1.30294459  2.42601781  1.26189682
  0.04248804 -1.76196023 -1.56388477  1.91117049  1.45890481 -0.82351843
 -0.13149365 -0.4633602  -0.1704059   2.39474507 -0.55340813 -0.6464374
  1.08739454 -2.30234671  0.99461411  2.53894295 -0.49600363  2.10377142
 -1.97592036 -0.87397606 -2.41875482 -2.27594667 -1.38071447 -2.93122498
  1.58569355  1.86272574  1.659496    1.03127934  1.40773761 -2.31196663
 -2.68393249  1.77196601  0.99807422 -0.4375876  -2.62981621  1.56449299
 -1.20540535 -2.51525053  0.0642587 ]
Fri Jun 14 00:52:27 2024,955,0.07540467355075456,[-2.86283679  2.02955957 -1.58692254 -0.00852402  0.44966809 -3.26701684
  3.23922244  2.10294311  1.0349644  -1.0372104   0.55704369  1.30489386
  1.26237697 -1.86237882  0.80691541  2.8946055  -0.38930757 -0.42397175
 -1.90974636  0.85695738  1.6239449   2.91376274 -1.41592246 -0.43911219
 -2.16969541 -2.10636795  3.10167384  2.81009882 -0.7138819  -2.61796321
  1.54995305 -0.17354874 -2.43954673  1.79788279  1.15430945 -0.60918581
  1.09432429 -2.03175728 -0.2236324   2.27666591 -0.37919977  0.44697672
  2.44460905  0.57214042  2.62182891  2.92732075  2.80593982 -2.94519547
  0.26314126 -0.38628662  1.72575852  2.97523758 -0.35056842 -2.33875475
  2.7180519  -3.18144065  0.55047036 -0.7107835  -1.75275285  3.0731756
 -1.96413188 -1.68420539 -2.54555501  2.35956258 -2.12023721  1.95787205
  1.71272723  1.45319462  2.53038603  2.89059809  2.00920153  1.49276091
 -1.74650664 -2.40066021  1.14497233  0.58294252  1.57928089 -2.77219376
 -0.11309912  2.49006656 -1.18856153  1.12301249  1.23840636  0.60896176
 -0.9322729   1.08922806  0.79509952 -0.40856735  2.83378836 -2.12733212
  1.55138679 -0.65604837  0.97249281 -3.19463949 -2.26664538  0.35553688
 -1.07294214 -0.40045963  0.26823419  0.05006122 -1.76906309 -0.19998991
 -0.67571612  2.87014277 -1.15945966 -1.20008881 -1.1318371   1.25602163
  1.58901933 -0.83867012  2.13300987 -1.40775345 -0.2513958  -0.89500999
 -2.9651729   3.11605688 -1.77975285  3.03384291 -1.36857839 -2.31000151
  3.84645869 -1.2115571  -0.53616645 -3.13133442 -2.50509054  2.97927603
 -1.9457454  -1.6907713  -0.40836716  2.94499894  0.13374623  0.03277878
 -1.61580095 -0.14097203 -1.58012061 -3.10533913  2.91615118  1.12166634
 -0.32594575 -2.31734413  1.02534934 -1.1796656  -0.2947362  -2.15768532
 -1.88354564  1.8348432  -0.98575578  2.59153755 -0.42307517 -3.11005296
 -2.85672628  2.03966371 -3.05948508 -0.2343283  -1.02715717 -0.17236615
  2.379753    1.71328813 -0.30416653 -1.67362066 -3.04415033  0.10288041
 -0.81088603  1.45645678 -2.52073889  0.96014048 -0.02269708  0.21567644
  2.00542996  0.71945874  0.79054577 -1.22124659  1.58873917  2.57081424
  1.30488318  0.29945694 -0.98915267  2.57960894  0.82321687 -2.22006317
 -0.00509458  1.69577854  1.06955892 -0.64606253 -2.31656745  2.44312078
  2.03545676  1.63669904  2.24742929  1.87951129 -2.1603882  -2.88915577
  0.50104043  1.37901672 -2.42117842 -1.30361284  2.42534956  1.26122857
  0.04315629 -1.76262848 -1.56455302  1.91050224  1.45957306 -0.82285018
 -0.1308254  -0.46269195 -0.16973765  2.39407682 -0.55407638 -0.64710565
  1.08672629 -2.30301496  0.99528236  2.5382747  -0.49533538  2.10443967
 -1.97658861 -0.8746443  -2.41808657 -2.27527842 -1.38138272 -2.93055673
  1.5863618   1.86205749  1.66016425  1.03061109  1.40840586 -2.31129838
 -2.68326424  1.77129776  0.99874247 -0.43825585 -2.62914796  1.56382474
 -1.2060736  -2.51591878  0.06359045]
Fri Jun 14 00:52:43 2024,956,0.07534401906659968,[-2.86182514  2.03057122 -1.58591089 -0.00751238  0.44865644 -3.26600519
  3.24023409  2.10395476  1.03597605 -1.03619875  0.55603204  1.30590551
  1.26338862 -1.86339046  0.80792706  2.89561715 -0.39031922 -0.4249834
 -1.91075801  0.85594573  1.62293325  2.91477439 -1.41693411 -0.43810054
 -2.17070706 -2.1073796   3.10268549  2.81111047 -0.71489355 -2.61695156
  1.5489414  -0.17253709 -2.44055838  1.79687114  1.1553211  -0.60817416
  1.09331264 -2.03276893 -0.22464405  2.27767756 -0.37818812  0.44596507
  2.4435974   0.57112877  2.62284056  2.9263091   2.80695147 -2.94418382
  0.26212961 -0.38729826  1.72677017  2.97422593 -0.34955677 -2.3377431
  2.71704025 -3.180429    0.54945871 -0.70977185 -1.7537645   3.07216395
 -1.96312023 -1.68319374 -2.54656666  2.36057422 -2.11922556  1.95888369
  1.71171558  1.45420627  2.52937438  2.89160974  2.01021318  1.49174926
 -1.74549499 -2.40167186  1.14396068  0.58193087  1.58029253 -2.77320541
 -0.11411077  2.48905491 -1.18957318  1.12200084  1.23941801  0.60997341
 -0.93126125  1.08821641  0.79408787 -0.4075557   2.83480001 -2.12632047
  1.55037514 -0.65706002  0.97350446 -3.19362784 -2.26563373  0.35452523
 -1.07193049 -0.40147128  0.26924584  0.04904957 -1.77007473 -0.20100156
 -0.67672777  2.87115442 -1.15844801 -1.19907716 -1.13284875  1.25703328
  1.59003098 -0.83765847  2.13199822 -1.4067418  -0.25038415 -0.89602164
 -2.96416125  3.11706853 -1.7807645   3.03485456 -1.36756674 -2.30898986
  3.84747034 -1.21054545 -0.5371781  -3.13234607 -2.50610219  2.97826438
 -1.94473375 -1.69178295 -0.4093788   2.94601059  0.13273458  0.03379042
 -1.6147893  -0.13996038 -1.58113226 -3.10432748  2.91513953  1.12065469
 -0.3269574  -2.31835578  1.02433769 -1.17865395 -0.29372455 -2.15869697
 -1.88253399  1.83383155 -0.98474413  2.5905259  -0.42408682 -3.11106461
 -2.85571463  2.03865206 -3.05847343 -0.23533995 -1.02614552 -0.1733778
  2.37874135  1.71227648 -0.30517818 -1.67260901 -3.04313868  0.10389206
 -0.80987438  1.45544513 -2.52175054  0.95912883 -0.02370873  0.21668809
  2.00644161  0.72047039  0.79155742 -1.22225824  1.58975082  2.56980259
  1.30387153  0.30046859 -0.99016432  2.58062059  0.82220522 -2.22107482
 -0.00408293  1.69679019  1.06854727 -0.64707418 -2.3175791   2.44210913
  2.03646841  1.63771069  2.24641764  1.88052294 -2.16139985 -2.88814412
  0.50205208  1.37800507 -2.42219007 -1.30462449  2.42433791  1.26021692
  0.04416794 -1.76364013 -1.56354137  1.91151389  1.45856141 -0.82183853
 -0.12981375 -0.4616803  -0.168726    2.39508847 -0.55306473 -0.6481173
  1.08571464 -2.30402661  0.99427071  2.53928635 -0.49432374  2.10342802
 -1.97557696 -0.87363266 -2.41707492 -2.27426678 -1.38037107 -2.93156838
  1.58737345  1.86306914  1.6591526   1.03162274  1.40941751 -2.31028673
 -2.68427589  1.77230941  0.99975412 -0.4372442  -2.63015961  1.56483639
 -1.20506195 -2.51693043  0.0646021 ]
Fri Jun 14 00:52:59 2024,957,0.07536800872875815,[-2.86237014e+00  2.03111622e+00 -1.58645589e+00 -6.96737537e-03
  4.48111445e-01 -3.26546019e+00  3.24077909e+00  2.10340976e+00
  1.03543105e+00 -1.03565375e+00  5.56577043e-01  1.30536051e+00
  1.26284362e+00 -1.86393546e+00  8.07382056e-01  2.89616215e+00
 -3.89774219e-01 -4.25528396e-01 -1.91021301e+00  8.55400731e-01
  1.62347825e+00  2.91531939e+00 -1.41747911e+00 -4.37555542e-01
 -2.17125206e+00 -2.10792460e+00  3.10214049e+00  2.81056547e+00
 -7.14348548e-01 -2.61749656e+00  1.54839640e+00 -1.71992092e-01
 -2.44110338e+00  1.79741614e+00  1.15586610e+00 -6.07629156e-01
  1.09276764e+00 -2.03331393e+00 -2.24099050e-01  2.27822256e+00
 -3.77643124e-01  4.45420068e-01  2.44414240e+00  5.70583769e-01
  2.62338556e+00  2.92685410e+00  2.80749647e+00 -2.94363882e+00
  2.61584612e-01 -3.87843265e-01  1.72731517e+00  2.97368093e+00
 -3.50101773e-01 -2.33828810e+00  2.71649525e+00 -3.18097400e+00
  5.50003712e-01 -7.09226846e-01 -1.75430950e+00  3.07161895e+00
 -1.96366523e+00 -1.68373874e+00 -2.54711166e+00  2.36002923e+00
 -2.11868056e+00  1.95942869e+00  1.71117058e+00  1.45366127e+00
  2.52882938e+00  2.89106474e+00  2.01075818e+00  1.49120426e+00
 -1.74494999e+00 -2.40112686e+00  1.14450568e+00  5.82475870e-01
  1.58083753e+00 -2.77375041e+00 -1.13565769e-01  2.48959991e+00
 -1.18902818e+00  1.12145584e+00  1.23887301e+00  6.10518408e-01
 -9.30716251e-01  1.08767141e+00  7.94632866e-01 -4.07010696e-01
  2.83534501e+00 -2.12686547e+00  1.54983014e+00 -6.57605019e-01
  9.74049463e-01 -3.19308284e+00 -2.26508873e+00  3.53980227e-01
 -1.07247549e+00 -4.00926277e-01  2.68700838e-01  4.85045672e-02
 -1.77061973e+00 -2.01546561e-01 -6.77272767e-01  2.87169942e+00
 -1.15790301e+00 -1.19853216e+00 -1.13339375e+00  1.25648828e+00
  1.58948598e+00 -8.38203475e-01  2.13145322e+00 -1.40619680e+00
 -2.49839148e-01 -8.95476643e-01 -2.96361625e+00  3.11652353e+00
 -1.78130950e+00  3.03430956e+00 -1.36702174e+00 -2.30844486e+00
  3.84692534e+00 -1.21000045e+00 -5.36633101e-01 -3.13289107e+00
 -2.50664719e+00  2.97880938e+00 -1.94418875e+00 -1.69232795e+00
 -4.08833805e-01  2.94546559e+00  1.33279577e-01  3.43354244e-02
 -1.61533430e+00 -1.40505379e-01 -1.58058726e+00 -3.10487248e+00
  2.91459453e+00  1.12010969e+00 -3.26412397e-01 -2.31781078e+00
  1.02488269e+00 -1.17810895e+00 -2.94269547e-01 -2.15924197e+00
 -1.88198899e+00  1.83437655e+00 -9.84199130e-01  2.59107090e+00
 -4.24631821e-01 -3.11160961e+00 -2.85625963e+00  2.03919706e+00
 -3.05792843e+00 -2.34794951e-01 -1.02669052e+00 -1.73922798e-01
  2.37819635e+00  1.71282148e+00 -3.04633184e-01 -1.67315401e+00
 -3.04259368e+00  1.03347061e-01 -8.09329379e-01  1.45599013e+00
 -2.52229554e+00  9.59673829e-01 -2.42537332e-02  2.16143088e-01
  2.00589661e+00  7.19925387e-01  7.92102418e-01 -1.22171324e+00
  1.58920582e+00  2.57034759e+00  1.30441653e+00  3.01013585e-01
 -9.89619324e-01  2.58007559e+00  8.21660225e-01 -2.22052982e+00
 -3.53792622e-03  1.69733519e+00  1.06800227e+00 -6.47619178e-01
 -2.31812410e+00  2.44265413e+00  2.03701341e+00  1.63716569e+00
  2.24696264e+00  1.87997794e+00 -2.16085485e+00 -2.88868912e+00
  5.01507084e-01  1.37855007e+00 -2.42273507e+00 -1.30516949e+00
  2.42488291e+00  1.25967192e+00  4.36229414e-02 -1.76309513e+00
 -1.56299637e+00  1.91096889e+00  1.45910641e+00 -8.21293527e-01
 -1.30358746e-01 -4.62225301e-01 -1.68180996e-01  2.39563347e+00
 -5.52519729e-01 -6.47572296e-01  1.08516964e+00 -2.30457161e+00
  9.93725709e-01  2.53983135e+00 -4.93778735e-01  2.10397302e+00
 -1.97503196e+00 -8.74177655e-01 -2.41761992e+00 -2.27481178e+00
 -1.38091607e+00 -2.93102338e+00  1.58791845e+00  1.86361414e+00
  1.65860760e+00  1.03107774e+00  1.40887251e+00 -2.31083173e+00
 -2.68482089e+00  1.77176441e+00  1.00029912e+00 -4.37789201e-01
 -2.62961461e+00  1.56429139e+00 -1.20451695e+00 -2.51747543e+00
  6.51470961e-02]
Fri Jun 14 00:53:19 2024,958,0.07526169813485553,[-2.86362725e+00  2.03237332e+00 -1.58771299e+00 -8.22447771e-03
  4.49368547e-01 -3.26671729e+00  3.24203620e+00  2.10466686e+00
  1.03417395e+00 -1.03439665e+00  5.57834146e-01  1.30410341e+00
  1.26158652e+00 -1.86267836e+00  8.06124954e-01  2.89490505e+00
 -3.91031321e-01 -4.24271293e-01 -1.91147011e+00  8.54143629e-01
  1.62222114e+00  2.91657649e+00 -1.41622201e+00 -4.36298439e-01
 -2.17250916e+00 -2.10666749e+00  3.10339759e+00  2.80930837e+00
 -7.13091445e-01 -2.61623945e+00  1.54965350e+00 -1.73249194e-01
 -2.43984627e+00  1.79615904e+00  1.15460900e+00 -6.08886259e-01
  1.09402474e+00 -2.03205683e+00 -2.22841947e-01  2.27947967e+00
 -3.78900227e-01  4.46677170e-01  2.44539950e+00  5.71840871e-01
  2.62212845e+00  2.92559700e+00  2.80875358e+00 -2.94238172e+00
  2.60327510e-01 -3.89100367e-01  1.72857227e+00  2.97242383e+00
 -3.51358875e-01 -2.33954520e+00  2.71523815e+00 -3.18223110e+00
  5.48746610e-01 -7.07969744e-01 -1.75305239e+00  3.07036185e+00
 -1.96240813e+00 -1.68248164e+00 -2.54585456e+00  2.35877212e+00
 -2.11993767e+00  1.96068580e+00  1.71242768e+00  1.45491837e+00
  2.53008648e+00  2.89232184e+00  2.00950108e+00  1.49246137e+00
 -1.74369289e+00 -2.40238396e+00  1.14324858e+00  5.83732972e-01
  1.58209464e+00 -2.77500751e+00 -1.14822871e-01  2.48834280e+00
 -1.19028528e+00  1.12271294e+00  1.23761591e+00  6.11775510e-01
 -9.31973354e-01  1.08892851e+00  7.95889969e-01 -4.08267798e-01
  2.83408791e+00 -2.12560837e+00  1.54857304e+00 -6.58862122e-01
  9.72792361e-01 -3.19182573e+00 -2.26383163e+00  3.55237329e-01
 -1.07121839e+00 -3.99669175e-01  2.69957940e-01  4.97616696e-02
 -1.77187684e+00 -2.00289459e-01 -6.78529869e-01  2.87044232e+00
 -1.15664591e+00 -1.19978926e+00 -1.13465086e+00  1.25523118e+00
  1.58822888e+00 -8.36946372e-01  2.13271032e+00 -1.40745390e+00
 -2.51096250e-01 -8.96733746e-01 -2.96235915e+00  3.11526643e+00
 -1.78256660e+00  3.03305246e+00 -1.36576464e+00 -2.30718776e+00
  3.84818245e+00 -1.21125755e+00 -5.35375998e-01 -3.13163397e+00
 -2.50790429e+00  2.97755228e+00 -1.94293165e+00 -1.69358505e+00
 -4.10090907e-01  2.94420848e+00  1.32022475e-01  3.55925268e-02
 -1.61659140e+00 -1.41762481e-01 -1.58184436e+00 -3.10612958e+00
  2.91333743e+00  1.12136679e+00 -3.27669499e-01 -2.31906788e+00
  1.02362559e+00 -1.17685185e+00 -2.95526649e-01 -2.16049907e+00
 -1.88324609e+00  1.83311944e+00 -9.82942028e-01  2.58981380e+00
 -4.23374719e-01 -3.11035251e+00 -2.85751674e+00  2.04045416e+00
 -3.05667133e+00 -2.36052054e-01 -1.02543342e+00 -1.75179900e-01
  2.37945345e+00  1.71156438e+00 -3.05890286e-01 -1.67189691e+00
 -3.04385078e+00  1.02089959e-01 -8.08072276e-01  1.45724724e+00
 -2.52355264e+00  9.60930932e-01 -2.29966308e-02  2.17400190e-01
  2.00715371e+00  7.21182489e-01  7.93359521e-01 -1.22045614e+00
  1.58794871e+00  2.57160469e+00  1.30315942e+00  3.02270687e-01
 -9.90876426e-01  2.57881849e+00  8.20403123e-01 -2.21927271e+00
 -2.28082388e-03  1.69859229e+00  1.06925937e+00 -6.48876281e-01
 -2.31686700e+00  2.44139703e+00  2.03575631e+00  1.63842279e+00
  2.24570554e+00  1.88123504e+00 -2.16211195e+00 -2.88743202e+00
  5.02764186e-01  1.37729297e+00 -2.42399218e+00 -1.30642659e+00
  2.42614001e+00  1.26092902e+00  4.23658391e-02 -1.76183803e+00
 -1.56425347e+00  1.91222600e+00  1.45784930e+00 -8.20036425e-01
 -1.31615848e-01 -4.60968199e-01 -1.66923894e-01  2.39437636e+00
 -5.51262626e-01 -6.46315194e-01  1.08391254e+00 -2.30331451e+00
  9.92468607e-01  2.53857425e+00 -4.95035838e-01  2.10271592e+00
 -1.97377486e+00 -8.75434758e-01 -2.41636282e+00 -2.27355467e+00
 -1.37965896e+00 -2.93228049e+00  1.58666134e+00  1.86487125e+00
  1.65735050e+00  1.02982064e+00  1.40761540e+00 -2.30957463e+00
 -2.68356378e+00  1.77050731e+00  1.00155622e+00 -4.36532098e-01
 -2.62835751e+00  1.56554849e+00 -1.20577405e+00 -2.51621833e+00
  6.38899938e-02]
Fri Jun 14 00:53:50 2024,959,0.0752588818043786,[-2.86483494e+00  2.03358102e+00 -1.58650530e+00 -7.01678171e-03
  4.48160851e-01 -3.26550960e+00  3.24082850e+00  2.10345916e+00
  1.03296625e+00 -1.03560435e+00  5.59041842e-01  1.30289572e+00
  1.26037882e+00 -1.86388606e+00  8.04917258e-01  2.89369735e+00
 -3.92239017e-01 -4.25478989e-01 -1.91026242e+00  8.52935933e-01
  1.62101345e+00  2.91536879e+00 -1.41501431e+00 -4.35090743e-01
 -2.17130147e+00 -2.10545980e+00  3.10460529e+00  2.81051606e+00
 -7.14299141e-01 -2.61744715e+00  1.55086120e+00 -1.74456890e-01
 -2.43863858e+00  1.79736673e+00  1.15581670e+00 -6.10093955e-01
  1.09281705e+00 -2.03326452e+00 -2.24049643e-01  2.27827197e+00
 -3.77692531e-01  4.47884866e-01  2.44419181e+00  5.70633175e-01
  2.62333615e+00  2.92680470e+00  2.80996127e+00 -2.94358941e+00
  2.59119814e-01 -3.87892671e-01  1.72977997e+00  2.97121613e+00
 -3.52566571e-01 -2.34075290e+00  2.71644585e+00 -3.18102340e+00
  5.49954306e-01 -7.09177440e-01 -1.75426009e+00  3.07156955e+00
 -1.96120044e+00 -1.68127394e+00 -2.54464687e+00  2.35997982e+00
 -2.11872997e+00  1.95947810e+00  1.71363538e+00  1.45612606e+00
  2.53129418e+00  2.89352954e+00  2.01070878e+00  1.49366906e+00
 -1.74490059e+00 -2.40359165e+00  1.14445627e+00  5.84940668e-01
  1.58330233e+00 -2.77621521e+00 -1.13615175e-01  2.48713511e+00
 -1.18907759e+00  1.12150525e+00  1.23640821e+00  6.12983206e-01
 -9.30765658e-01  1.08772082e+00  7.94682273e-01 -4.09475494e-01
  2.83288021e+00 -2.12681607e+00  1.54736534e+00 -6.57654426e-01
  9.74000057e-01 -3.19061804e+00 -2.26503933e+00  3.54029633e-01
 -1.07242608e+00 -3.98461479e-01  2.68750244e-01  5.09693656e-02
 -1.77066914e+00 -1.99081763e-01 -6.77322173e-01  2.87165002e+00
 -1.15785361e+00 -1.20099696e+00 -1.13344316e+00  1.25643887e+00
  1.58702118e+00 -8.35738676e-01  2.13150263e+00 -1.40624620e+00
 -2.52303946e-01 -8.97941442e-01 -2.96356684e+00  3.11647412e+00
 -1.78377429e+00  3.03426016e+00 -1.36697233e+00 -2.30598006e+00
  3.84939014e+00 -1.21004985e+00 -5.36583694e-01 -3.13042627e+00
 -2.50669660e+00  2.97634459e+00 -1.94413935e+00 -1.69479275e+00
 -4.08883211e-01  2.94541618e+00  1.33230171e-01  3.68002228e-02
 -1.61779909e+00 -1.40554785e-01 -1.58063666e+00 -3.10733728e+00
  2.91212973e+00  1.12257449e+00 -3.28877195e-01 -2.31786019e+00
  1.02241790e+00 -1.17564415e+00 -2.96734345e-01 -2.15929138e+00
 -1.88445379e+00  1.83432714e+00 -9.81734332e-01  2.59102149e+00
 -4.22167023e-01 -3.11156020e+00 -2.85630904e+00  2.04166186e+00
 -3.05546363e+00 -2.34844358e-01 -1.02422573e+00 -1.73972204e-01
  2.37824575e+00  1.71035668e+00 -3.07097982e-01 -1.67068921e+00
 -3.04505848e+00  1.00882263e-01 -8.09279972e-01  1.45845493e+00
 -2.52234495e+00  9.59723236e-01 -2.42043268e-02  2.16192494e-01
  2.00836141e+00  7.19974793e-01  7.92151825e-01 -1.22166383e+00
  1.58674102e+00  2.57039699e+00  1.30195173e+00  3.01062991e-01
 -9.89668730e-01  2.58002619e+00  8.21610819e-01 -2.22048041e+00
 -3.48851988e-03  1.69979999e+00  1.07046706e+00 -6.50083977e-01
 -2.31565930e+00  2.44018933e+00  2.03696401e+00  1.63721509e+00
  2.24449785e+00  1.88002735e+00 -2.16331964e+00 -2.88622432e+00
  5.01556490e-01  1.37850067e+00 -2.42519987e+00 -1.30521889e+00
  2.42734771e+00  1.25972132e+00  4.11581431e-02 -1.76063033e+00
 -1.56546117e+00  1.91101830e+00  1.45664161e+00 -8.18828729e-01
 -1.30408152e-01 -4.62175895e-01 -1.68131590e-01  2.39558406e+00
 -5.50054930e-01 -6.47522890e-01  1.08512024e+00 -2.30210681e+00
  9.93676303e-01  2.53736655e+00 -4.96243534e-01  2.10392362e+00
 -1.97498255e+00 -8.76642454e-01 -2.41757051e+00 -2.27476237e+00
 -1.38086666e+00 -2.93348818e+00  1.58545365e+00  1.86366355e+00
  1.65614280e+00  1.03102833e+00  1.40640771e+00 -2.30836694e+00
 -2.68235609e+00  1.76929961e+00  1.00276392e+00 -4.35324402e-01
 -2.62714981e+00  1.56675619e+00 -1.20456636e+00 -2.51501064e+00
  6.26822978e-02]
Fri Jun 14 00:54:08 2024,960,0.07526802298768065,[-2.86573368e+00  2.03447976e+00 -1.58560656e+00 -6.11804480e-03
  4.47262114e-01 -3.26640833e+00  3.24172724e+00  2.10435790e+00
  1.03386499e+00 -1.03650308e+00  5.59940579e-01  1.30199698e+00
  1.26127756e+00 -1.86298732e+00  8.05815995e-01  2.89459609e+00
 -3.91340280e-01 -4.26377726e-01 -1.91116115e+00  8.53834670e-01
  1.62011471e+00  2.91626753e+00 -1.41411558e+00 -4.34192006e-01
 -2.17220020e+00 -2.10635853e+00  3.10370655e+00  2.80961733e+00
 -7.15197878e-01 -2.61654841e+00  1.54996246e+00 -1.75355627e-01
 -2.43953731e+00  1.79826547e+00  1.15671543e+00 -6.09195218e-01
  1.09371579e+00 -2.03416326e+00 -2.24948380e-01  2.27737323e+00
 -3.78591268e-01  4.48783603e-01  2.44509054e+00  5.69734438e-01
  2.62423489e+00  2.92770344e+00  2.81086001e+00 -2.94448815e+00
  2.58221077e-01 -3.88791408e-01  1.73067871e+00  2.97211487e+00
 -3.53465308e-01 -2.33985416e+00  2.71734458e+00 -3.18012467e+00
  5.50853043e-01 -7.08278703e-01 -1.75515883e+00  3.07067081e+00
 -1.96030170e+00 -1.68217268e+00 -2.54554560e+00  2.36087856e+00
 -2.11962871e+00  1.95857936e+00  1.71273664e+00  1.45522733e+00
  2.53039544e+00  2.89442827e+00  2.00981004e+00  1.49456780e+00
 -1.74400185e+00 -2.40449039e+00  1.14355753e+00  5.84041931e-01
  1.58420107e+00 -2.77531647e+00 -1.14513912e-01  2.48803385e+00
 -1.18997632e+00  1.12240398e+00  1.23550947e+00  6.13881943e-01
 -9.29866921e-01  1.08682208e+00  7.93783536e-01 -4.08576757e-01
  2.83198148e+00 -2.12591733e+00  1.54826408e+00 -6.56755689e-01
  9.73101320e-01 -3.18971930e+00 -2.26593806e+00  3.54928370e-01
 -1.07152735e+00 -3.99360216e-01  2.69648981e-01  5.18681025e-02
 -1.76977040e+00 -1.99980500e-01 -6.78220910e-01  2.87254875e+00
 -1.15695487e+00 -1.20009822e+00 -1.13254442e+00  1.25554014e+00
  1.58612245e+00 -8.34839939e-01  2.13060389e+00 -1.40534747e+00
 -2.53202683e-01 -8.98840179e-01 -2.96266811e+00  3.11557539e+00
 -1.78287556e+00  3.03515889e+00 -1.36607359e+00 -2.30508132e+00
  3.85028888e+00 -1.21094859e+00 -5.35684957e-01 -3.12952754e+00
 -2.50579786e+00  2.97724332e+00 -1.94324061e+00 -1.69569148e+00
 -4.09781948e-01  2.94631492e+00  1.34128908e-01  3.76989597e-02
 -1.61869783e+00 -1.41453522e-01 -1.58153540e+00 -3.10643854e+00
  2.91302847e+00  1.12347322e+00 -3.27978458e-01 -2.31875892e+00
  1.02151916e+00 -1.17654289e+00 -2.97633082e-01 -2.15839264e+00
 -1.88355505e+00  1.83522588e+00 -9.80835595e-01  2.59192023e+00
 -4.23065760e-01 -3.11245894e+00 -2.85720778e+00  2.04076312e+00
 -3.05636237e+00 -2.35743095e-01 -1.02332699e+00 -1.73073467e-01
  2.37914449e+00  1.71125542e+00 -3.06199245e-01 -1.66979047e+00
 -3.04595722e+00  9.99835257e-02 -8.10178709e-01  1.45755619e+00
 -2.52324368e+00  9.58824499e-01 -2.51030637e-02  2.15293757e-01
  2.00746267e+00  7.19076056e-01  7.91253088e-01 -1.22076510e+00
  1.58584228e+00  2.57129573e+00  1.30285046e+00  3.01961728e-01
 -9.90567467e-01  2.57912745e+00  8.22509556e-01 -2.22137915e+00
 -2.58978297e-03  1.70069872e+00  1.06956833e+00 -6.50982713e-01
 -2.31655804e+00  2.43929060e+00  2.03606527e+00  1.63811383e+00
  2.24359911e+00  1.87912861e+00 -2.16242091e+00 -2.88532559e+00
  5.02455227e-01  1.37760193e+00 -2.42609861e+00 -1.30611763e+00
  2.42824645e+00  1.25882259e+00  4.20568800e-02 -1.76152907e+00
 -1.56456243e+00  1.91011956e+00  1.45754034e+00 -8.17929992e-01
 -1.31306889e-01 -4.63074632e-01 -1.67232853e-01  2.39468532e+00
 -5.49156194e-01 -6.48421627e-01  1.08601897e+00 -2.30300555e+00
  9.94575040e-01  2.53826529e+00 -4.97142271e-01  2.10482235e+00
 -1.97588129e+00 -8.77541190e-01 -2.41846925e+00 -2.27566111e+00
 -1.37996792e+00 -2.93258945e+00  1.58635239e+00  1.86456229e+00
  1.65704154e+00  1.03012960e+00  1.40550897e+00 -2.30746820e+00
 -2.68325482e+00  1.77019835e+00  1.00366265e+00 -4.36223139e-01
 -2.62804855e+00  1.56585745e+00 -1.20366762e+00 -2.51590937e+00
  6.17835609e-02]
Fri Jun 14 00:54:24 2024,961,0.0752347764110206,[-2.86484415e+00  2.03359023e+00 -1.58471703e+00 -5.22851452e-03
  4.48151645e-01 -3.26551880e+00  3.24261677e+00  2.10346837e+00
  1.03475452e+00 -1.03739261e+00  5.59051048e-01  1.30110745e+00
  1.26038803e+00 -1.86387685e+00  8.04926464e-01  2.89548562e+00
 -3.92229811e-01 -4.27267256e-01 -1.91027162e+00  8.54724200e-01
  1.62100424e+00  2.91715706e+00 -1.41322604e+00 -4.33302476e-01
 -2.17131067e+00 -2.10724806e+00  3.10281702e+00  2.80872780e+00
 -7.16087408e-01 -2.61565888e+00  1.55085199e+00 -1.76245157e-01
 -2.44042685e+00  1.79737594e+00  1.15760496e+00 -6.08305687e-01
  1.09282626e+00 -2.03505279e+00 -2.25837911e-01  2.27648370e+00
 -3.79480798e-01  4.49673133e-01  2.44420101e+00  5.68844908e-01
  2.62334536e+00  2.92681390e+00  2.80997048e+00 -2.94537768e+00
  2.59110607e-01 -3.87901878e-01  1.72978918e+00  2.97122534e+00
 -3.52575778e-01 -2.33896463e+00  2.71645505e+00 -3.17923514e+00
  5.51742573e-01 -7.09168233e-01 -1.75426930e+00  3.07156034e+00
 -1.95941217e+00 -1.68128315e+00 -2.54643513e+00  2.35998903e+00
 -2.11873918e+00  1.95768983e+00  1.71184711e+00  1.45433780e+00
  2.53128497e+00  2.89353874e+00  2.01069957e+00  1.49367827e+00
 -1.74311232e+00 -2.40537992e+00  1.14266800e+00  5.84931462e-01
  1.58331154e+00 -2.77442694e+00 -1.13624382e-01  2.48714431e+00
 -1.18908679e+00  1.12329351e+00  1.23461994e+00  6.12992413e-01
 -9.28977390e-01  1.08771161e+00  7.92894005e-01 -4.09466287e-01
  2.83287101e+00 -2.12680686e+00  1.54737455e+00 -6.55866158e-01
  9.72211790e-01 -3.19060883e+00 -2.26682760e+00  3.55817900e-01
 -1.07241688e+00 -3.98470685e-01  2.68759451e-01  5.27576328e-02
 -1.76888087e+00 -1.99090969e-01 -6.79110441e-01  2.87343828e+00
 -1.15784440e+00 -1.20098775e+00 -1.13165489e+00  1.25642967e+00
  1.58523292e+00 -8.35729470e-01  2.13149342e+00 -1.40445794e+00
 -2.54092214e-01 -8.97950648e-01 -2.96355764e+00  3.11468586e+00
 -1.78198603e+00  3.03604842e+00 -1.36518406e+00 -2.30419179e+00
  3.84939935e+00 -1.21183812e+00 -5.36574488e-01 -3.13041707e+00
 -2.50668739e+00  2.97635379e+00 -1.94235108e+00 -1.69480195e+00
 -4.10671478e-01  2.94542539e+00  1.33239378e-01  3.68094294e-02
 -1.61958736e+00 -1.42343053e-01 -1.58242493e+00 -3.10554901e+00
  2.91213894e+00  1.12258369e+00 -3.28867988e-01 -2.31964845e+00
  1.02062963e+00 -1.17743242e+00 -2.98522613e-01 -2.15750311e+00
 -1.88266552e+00  1.83611541e+00 -9.81725125e-01  2.59103070e+00
 -4.23955290e-01 -3.11156941e+00 -2.85809731e+00  2.04165265e+00
 -3.05547284e+00 -2.34853564e-01 -1.02243746e+00 -1.73962997e-01
  2.37825496e+00  1.71036589e+00 -3.07088775e-01 -1.66890094e+00
 -3.04684675e+00  9.90939954e-02 -8.09289179e-01  1.45666666e+00
 -2.52235415e+00  9.59714029e-01 -2.42135334e-02  2.14404227e-01
  2.00657314e+00  7.19965587e-01  7.90363558e-01 -1.22165463e+00
  1.58673181e+00  2.57040620e+00  1.30373999e+00  3.02851258e-01
 -9.89677937e-01  2.58001698e+00  8.23399086e-01 -2.22226868e+00
 -3.47931324e-03  1.69980919e+00  1.07045786e+00 -6.50093183e-01
 -2.31566851e+00  2.44018013e+00  2.03517574e+00  1.63722430e+00
  2.24270958e+00  1.87823908e+00 -2.16331044e+00 -2.88443606e+00
  5.03344758e-01  1.37671240e+00 -2.42698814e+00 -1.30700716e+00
  2.42735691e+00  1.25971212e+00  4.29464102e-02 -1.76063954e+00
 -1.56367290e+00  1.91100909e+00  1.45665081e+00 -8.18819522e-01
 -1.30417359e-01 -4.62185102e-01 -1.68122383e-01  2.39379579e+00
 -5.50045724e-01 -6.49311157e-01  1.08512944e+00 -2.30211602e+00
  9.93685509e-01  2.53737576e+00 -4.98031801e-01  2.10393282e+00
 -1.97677082e+00 -8.78430721e-01 -2.41757972e+00 -2.27655064e+00
 -1.37907839e+00 -2.93347898e+00  1.58546286e+00  1.86545182e+00
  1.65793107e+00  1.03101913e+00  1.40461944e+00 -2.30657867e+00
 -2.68236529e+00  1.77108788e+00  1.00277312e+00 -4.37112669e-01
 -2.62893808e+00  1.56496792e+00 -1.20277809e+00 -2.51679890e+00
  6.08940306e-02]
Fri Jun 14 00:54:40 2024,962,0.07518065228295692,[-2.86628132e+00  2.03215306e+00 -1.58327986e+00 -6.66568372e-03
  4.49588814e-01 -3.26695597e+00  3.24117960e+00  2.10203120e+00
  1.03619169e+00 -1.03595545e+00  5.57613879e-01  1.30254462e+00
  1.26182520e+00 -1.86243968e+00  8.06363633e-01  2.89692279e+00
 -3.90792641e-01 -4.28704426e-01 -1.91170879e+00  8.53287031e-01
  1.61956707e+00  2.91859423e+00 -1.41466321e+00 -4.31865307e-01
 -2.17274784e+00 -2.10581090e+00  3.10137985e+00  2.80729063e+00
 -7.14650239e-01 -2.61709605e+00  1.54941483e+00 -1.77682327e-01
 -2.43898968e+00  1.79881311e+00  1.15616779e+00 -6.09742857e-01
  1.09426342e+00 -2.03648996e+00 -2.27275080e-01  2.27792087e+00
 -3.78043629e-01  4.48235964e-01  2.44563818e+00  5.67407738e-01
  2.62478253e+00  2.92537674e+00  2.81140765e+00 -2.94394051e+00
  2.60547776e-01 -3.89339047e-01  1.73122635e+00  2.97266251e+00
 -3.54012947e-01 -2.33752746e+00  2.71789222e+00 -3.17779797e+00
  5.53179742e-01 -7.07731064e-01 -1.75570647e+00  3.07299751e+00
 -1.95797500e+00 -1.67984598e+00 -2.54499796e+00  2.35855186e+00
 -2.11730201e+00  1.95625266e+00  1.71328428e+00  1.45577497e+00
  2.52984780e+00  2.89497591e+00  2.00926240e+00  1.49511544e+00
 -1.74454949e+00 -2.40394275e+00  1.14410517e+00  5.86368631e-01
  1.58187437e+00 -2.77586411e+00 -1.15061551e-01  2.48858148e+00
 -1.18764962e+00  1.12185634e+00  1.23318277e+00  6.11555244e-01
 -9.30414560e-01  1.08914878e+00  7.91456836e-01 -4.08029118e-01
  2.83143384e+00 -2.12824403e+00  1.54881172e+00 -6.57303328e-01
  9.70774621e-01 -3.19204600e+00 -2.26826476e+00  3.54380731e-01
 -1.07097971e+00 -3.99907854e-01  2.67322282e-01  5.41948020e-02
 -1.76744370e+00 -2.00528139e-01 -6.77673271e-01  2.87200112e+00
 -1.15928157e+00 -1.19955058e+00 -1.13021772e+00  1.25786684e+00
  1.58667009e+00 -8.37166639e-01  2.13293059e+00 -1.40589510e+00
 -2.52655044e-01 -8.96513479e-01 -2.96499481e+00  3.11612302e+00
 -1.78342320e+00  3.03461125e+00 -1.36662123e+00 -2.30562896e+00
  3.85083652e+00 -1.21327529e+00 -5.35137319e-01 -3.13185423e+00
 -2.50812456e+00  2.97779096e+00 -1.94091391e+00 -1.69623912e+00
 -4.09234309e-01  2.94686256e+00  1.31802208e-01  3.82465986e-02
 -1.62102453e+00 -1.43780222e-01 -1.58098776e+00 -3.10698618e+00
  2.91357611e+00  1.12402086e+00 -3.27430819e-01 -2.32108562e+00
  1.01919246e+00 -1.17599525e+00 -2.99959782e-01 -2.15894028e+00
 -1.88410269e+00  1.83467824e+00 -9.80287956e-01  2.58959353e+00
 -4.22518121e-01 -3.11300658e+00 -2.85666014e+00  2.04308982e+00
 -3.05403567e+00 -2.33416395e-01 -1.02387463e+00 -1.72525828e-01
  2.37969213e+00  1.70892872e+00 -3.08525945e-01 -1.66746378e+00
 -3.04828392e+00  9.76568262e-02 -8.10726348e-01  1.45522950e+00
 -2.52379132e+00  9.58276860e-01 -2.27763642e-02  2.12967058e-01
  2.00801031e+00  7.18528417e-01  7.91800727e-01 -1.22021746e+00
  1.58529464e+00  2.57184337e+00  1.30230282e+00  3.04288428e-01
 -9.91115106e-01  2.57857981e+00  8.21961917e-01 -2.22083151e+00
 -2.04214405e-03  1.69837202e+00  1.07189503e+00 -6.51530352e-01
 -2.31710568e+00  2.44161730e+00  2.03373857e+00  1.63866147e+00
  2.24127241e+00  1.87967625e+00 -2.16474761e+00 -2.88299889e+00
  5.04781927e-01  1.37527523e+00 -2.42555097e+00 -1.30844433e+00
  2.42591975e+00  1.26114929e+00  4.15092411e-02 -1.75920237e+00
 -1.56511007e+00  1.91244626e+00  1.45521364e+00 -8.20256691e-01
 -1.28980190e-01 -4.60747932e-01 -1.69559553e-01  2.39235862e+00
 -5.48608555e-01 -6.47873988e-01  1.08369227e+00 -2.30355319e+00
  9.92248340e-01  2.53881293e+00 -4.96594632e-01  2.10536999e+00
 -1.97533365e+00 -8.76993552e-01 -2.41901689e+00 -2.27511347e+00
 -1.38051556e+00 -2.93204181e+00  1.58402569e+00  1.86401465e+00
  1.65936824e+00  1.02958196e+00  1.40605661e+00 -2.30514150e+00
 -2.68380246e+00  1.77252505e+00  1.00133595e+00 -4.38549839e-01
 -2.63037525e+00  1.56640509e+00 -1.20421526e+00 -2.51536173e+00
  6.23311998e-02]
Fri Jun 14 00:54:56 2024,963,0.07517927405657061,[-2.86599676e+00  2.03243762e+00 -1.58299530e+00 -6.95024624e-03
  4.49873376e-01 -3.26667141e+00  3.24146416e+00  2.10231576e+00
  1.03590713e+00 -1.03567088e+00  5.57898442e-01  1.30226006e+00
  1.26210976e+00 -1.86215512e+00  8.06079071e-01  2.89720735e+00
 -3.91077204e-01 -4.28988988e-01 -1.91199336e+00  8.53002468e-01
  1.61928251e+00  2.91887879e+00 -1.41437865e+00 -4.32149869e-01
 -2.17246328e+00 -2.10552633e+00  3.10109529e+00  2.80757519e+00
 -7.14365677e-01 -2.61738061e+00  1.54913026e+00 -1.77966889e-01
 -2.43927424e+00  1.79909767e+00  1.15645236e+00 -6.10027419e-01
  1.09397886e+00 -2.03677452e+00 -2.27559642e-01  2.27763631e+00
 -3.78328191e-01  4.47951402e-01  2.44592275e+00  5.67123176e-01
  2.62449796e+00  2.92509217e+00  2.81169221e+00 -2.94422507e+00
  2.60832339e-01 -3.89623609e-01  1.73151091e+00  2.97294707e+00
 -3.53728384e-01 -2.33724290e+00  2.71760766e+00 -3.17751340e+00
  5.53464305e-01 -7.07446502e-01 -1.75542190e+00  3.07328207e+00
 -1.95825956e+00 -1.67956142e+00 -2.54471340e+00  2.35883642e+00
 -2.11758657e+00  1.95653723e+00  1.71299972e+00  1.45549040e+00
  2.52956324e+00  2.89526048e+00  2.00897784e+00  1.49540000e+00
 -1.74426493e+00 -2.40422731e+00  1.14382061e+00  5.86084068e-01
  1.58158981e+00 -2.77557955e+00 -1.15346114e-01  2.48886605e+00
 -1.18736506e+00  1.12214091e+00  1.23289821e+00  6.11270681e-01
 -9.30129997e-01  1.08886422e+00  7.91172274e-01 -4.07744556e-01
  2.83114928e+00 -2.12795947e+00  1.54909628e+00 -6.57587890e-01
  9.70490058e-01 -3.19233056e+00 -2.26854933e+00  3.54665294e-01
 -1.07126427e+00 -3.99623292e-01  2.67606844e-01  5.44793645e-02
 -1.76772827e+00 -2.00812701e-01 -6.77957834e-01  2.87171655e+00
 -1.15899701e+00 -1.19983515e+00 -1.12993316e+00  1.25815140e+00
  1.58638552e+00 -8.37451201e-01  2.13321515e+00 -1.40617967e+00
 -2.52939607e-01 -8.96228917e-01 -2.96527937e+00  3.11583846e+00
 -1.78370776e+00  3.03432669e+00 -1.36633667e+00 -2.30534440e+00
  3.85112108e+00 -1.21299073e+00 -5.34852756e-01 -3.13156967e+00
 -2.50784000e+00  2.97807552e+00 -1.94062935e+00 -1.69652368e+00
 -4.09518872e-01  2.94714712e+00  1.32086771e-01  3.85311611e-02
 -1.62073997e+00 -1.44064784e-01 -1.58127233e+00 -3.10727074e+00
  2.91386067e+00  1.12430542e+00 -3.27146257e-01 -2.32137019e+00
  1.01947702e+00 -1.17627981e+00 -3.00244344e-01 -2.15865572e+00
 -1.88381813e+00  1.83439368e+00 -9.80572519e-01  2.58930897e+00
 -4.22802684e-01 -3.11272202e+00 -2.85637558e+00  2.04280526e+00
 -3.05375111e+00 -2.33700958e-01 -1.02415919e+00 -1.72810391e-01
  2.37997669e+00  1.70921328e+00 -3.08810507e-01 -1.66774834e+00
 -3.04799935e+00  9.73722637e-02 -8.10441786e-01  1.45551406e+00
 -2.52407588e+00  9.58561422e-01 -2.30609268e-02  2.12682495e-01
  2.00772574e+00  7.18812980e-01  7.91516164e-01 -1.22050202e+00
  1.58557921e+00  2.57212793e+00  1.30201826e+00  3.04003865e-01
 -9.90830544e-01  2.57829525e+00  8.22246479e-01 -2.22054695e+00
 -2.32670656e-03  1.69808746e+00  1.07161046e+00 -6.51245790e-01
 -2.31682111e+00  2.44190186e+00  2.03345401e+00  1.63837691e+00
  2.24155697e+00  1.87996081e+00 -2.16503217e+00 -2.88271433e+00
  5.04497364e-01  1.37555979e+00 -2.42583553e+00 -1.30872889e+00
  2.42563518e+00  1.26086472e+00  4.17938036e-02 -1.75891781e+00
 -1.56539463e+00  1.91273082e+00  1.45549821e+00 -8.20541254e-01
 -1.29264752e-01 -4.60463370e-01 -1.69844115e-01  2.39264319e+00
 -5.48893117e-01 -6.47589425e-01  1.08397684e+00 -2.30326862e+00
  9.92532903e-01  2.53852836e+00 -4.96310069e-01  2.10565456e+00
 -1.97504909e+00 -8.76708989e-01 -2.41930145e+00 -2.27539803e+00
 -1.38023100e+00 -2.93232637e+00  1.58431025e+00  1.86373009e+00
  1.65965280e+00  1.02986652e+00  1.40577205e+00 -2.30485694e+00
 -2.68408703e+00  1.77224048e+00  1.00105139e+00 -4.38834401e-01
 -2.63065981e+00  1.56612053e+00 -1.20449982e+00 -2.51507717e+00
  6.20466373e-02]
Fri Jun 14 00:55:14 2024,964,0.07513306570732145,[-2.86530663e+00  2.03174750e+00 -1.58368542e+00 -7.64036782e-03
  4.49183255e-01 -3.26736153e+00  3.24077404e+00  2.10300589e+00
  1.03659725e+00 -1.03636100e+00  5.57208320e-01  1.30295018e+00
  1.26279988e+00 -1.86146500e+00  8.06769193e-01  2.89651723e+00
 -3.91767326e-01 -4.29679110e-01 -1.91130323e+00  8.52312347e-01
  1.61859239e+00  2.91956891e+00 -1.41368853e+00 -4.31459748e-01
 -2.17177316e+00 -2.10483621e+00  3.10040517e+00  2.80826531e+00
 -7.15055798e-01 -2.61669049e+00  1.54844014e+00 -1.78657011e-01
 -2.43858412e+00  1.79840755e+00  1.15714248e+00 -6.10717541e-01
  1.09328874e+00 -2.03608440e+00 -2.26869521e-01  2.27832643e+00
 -3.79018313e-01  4.48641523e-01  2.44523262e+00  5.67813298e-01
  2.62380784e+00  2.92578229e+00  2.81100209e+00 -2.94491520e+00
  2.61522461e-01 -3.90313731e-01  1.73082079e+00  2.97363719e+00
 -3.54418506e-01 -2.33655278e+00  2.71829778e+00 -3.17820353e+00
  5.54154427e-01 -7.08136623e-01 -1.75473178e+00  3.07259195e+00
 -1.95894968e+00 -1.68025154e+00 -2.54540352e+00  2.35952654e+00
 -2.11827669e+00  1.95584711e+00  1.71230959e+00  1.45618053e+00
  2.53025336e+00  2.89595060e+00  2.00828772e+00  1.49470988e+00
 -1.74495505e+00 -2.40353719e+00  1.14451073e+00  5.86774190e-01
  1.58089969e+00 -2.77626967e+00 -1.16036235e-01  2.48955617e+00
 -1.18667494e+00  1.12283103e+00  1.23220809e+00  6.10580560e-01
 -9.30820119e-01  1.08817409e+00  7.90482152e-01 -4.07054434e-01
  2.83045915e+00 -2.12864959e+00  1.54840616e+00 -6.58278012e-01
  9.71180180e-01 -3.19164044e+00 -2.26923945e+00  3.53975172e-01
 -1.07057415e+00 -4.00313414e-01  2.66916723e-01  5.51694861e-02
 -1.76703815e+00 -2.01502823e-01 -6.78647955e-01  2.87102643e+00
 -1.15968713e+00 -1.20052527e+00 -1.12924304e+00  1.25746128e+00
  1.58569540e+00 -8.36761080e-01  2.13390527e+00 -1.40686979e+00
 -2.52249485e-01 -8.96919038e-01 -2.96458925e+00  3.11652858e+00
 -1.78301764e+00  3.03501681e+00 -1.36564655e+00 -2.30465428e+00
  3.85043096e+00 -1.21230060e+00 -5.34162634e-01 -3.13225979e+00
 -2.50853012e+00  2.97876565e+00 -1.93993923e+00 -1.69583356e+00
 -4.10208993e-01  2.94783724e+00  1.31396649e-01  3.78410395e-02
 -1.62143009e+00 -1.44754906e-01 -1.58058220e+00 -3.10658062e+00
  2.91455079e+00  1.12361530e+00 -3.26456135e-01 -2.32068006e+00
  1.02016714e+00 -1.17558969e+00 -3.00934466e-01 -2.15934584e+00
 -1.88450825e+00  1.83508380e+00 -9.81262640e-01  2.58999909e+00
 -4.23492805e-01 -3.11341214e+00 -2.85706570e+00  2.04349538e+00
 -3.05306099e+00 -2.33010836e-01 -1.02484931e+00 -1.72120269e-01
  2.37928657e+00  1.70990341e+00 -3.09500629e-01 -1.66705822e+00
 -3.04868948e+00  9.66821421e-02 -8.09751664e-01  1.45620418e+00
 -2.52338576e+00  9.57871301e-01 -2.23708052e-02  2.13372617e-01
  2.00841587e+00  7.18122858e-01  7.90826043e-01 -1.21981190e+00
  1.58488908e+00  2.57143781e+00  1.30270838e+00  3.03313743e-01
 -9.90140422e-01  2.57898537e+00  8.21556358e-01 -2.22123707e+00
 -1.63658498e-03  1.69877758e+00  1.07230059e+00 -6.50555668e-01
 -2.31613099e+00  2.44121174e+00  2.03276389e+00  1.63768679e+00
  2.24224709e+00  1.88065093e+00 -2.16572229e+00 -2.88202420e+00
  5.05187486e-01  1.37624992e+00 -2.42652565e+00 -1.30941901e+00
  2.42494506e+00  1.26155485e+00  4.24839251e-02 -1.75960793e+00
 -1.56608475e+00  1.91342095e+00  1.45480809e+00 -8.21231376e-01
 -1.28574631e-01 -4.59773248e-01 -1.69153994e-01  2.39333331e+00
 -5.49583239e-01 -6.48279547e-01  1.08466696e+00 -2.30257850e+00
  9.91842781e-01  2.53783824e+00 -4.97000191e-01  2.10634468e+00
 -1.97435897e+00 -8.76018867e-01 -2.41999157e+00 -2.27470791e+00
 -1.37954088e+00 -2.93163625e+00  1.58500037e+00  1.86303996e+00
  1.65896268e+00  1.03055664e+00  1.40508193e+00 -2.30554706e+00
 -2.68339690e+00  1.77293061e+00  1.00036127e+00 -4.38144279e-01
 -2.62996969e+00  1.56543041e+00 -1.20380970e+00 -2.51576729e+00
  6.27367588e-02]
Fri Jun 14 00:55:30 2024,965,0.07512142923156913,[-2.86591265e+00  2.03114148e+00 -1.58307941e+00 -7.03435300e-03
  4.48577240e-01 -3.26675552e+00  3.24138005e+00  2.10239987e+00
  1.03599123e+00 -1.03575499e+00  5.57814335e-01  1.30234416e+00
  1.26340590e+00 -1.86085898e+00  8.07375207e-01  2.89712324e+00
 -3.92373340e-01 -4.30285124e-01 -1.91190925e+00  8.51706332e-01
  1.61919840e+00  2.91896290e+00 -1.41308252e+00 -4.30853733e-01
 -2.17116714e+00 -2.10544223e+00  3.10101118e+00  2.80887132e+00
 -7.15661813e-01 -2.61729651e+00  1.54904616e+00 -1.78050996e-01
 -2.43797810e+00  1.79780153e+00  1.15653646e+00 -6.11323556e-01
  1.09389475e+00 -2.03669042e+00 -2.27475535e-01  2.27893245e+00
 -3.78412298e-01  4.49247538e-01  2.44462661e+00  5.67207283e-01
  2.62320183e+00  2.92517628e+00  2.81039607e+00 -2.94552121e+00
  2.62128475e-01 -3.90919746e-01  1.73142680e+00  2.97424321e+00
 -3.55024521e-01 -2.33715879e+00  2.71769177e+00 -3.17880954e+00
  5.54760441e-01 -7.07530609e-01 -1.75412577e+00  3.07319796e+00
 -1.95834367e+00 -1.68085755e+00 -2.54600954e+00  2.35892053e+00
 -2.11767068e+00  1.95645312e+00  1.71170358e+00  1.45557451e+00
  2.53085938e+00  2.89655661e+00  2.00768170e+00  1.49410386e+00
 -1.74556106e+00 -2.40293118e+00  1.14390472e+00  5.87380205e-01
  1.58029367e+00 -2.77566365e+00 -1.15430220e-01  2.48895015e+00
 -1.18728096e+00  1.12222501e+00  1.23281410e+00  6.09974545e-01
 -9.30214104e-01  1.08756808e+00  7.89876137e-01 -4.06448419e-01
  2.83106517e+00 -2.12804357e+00  1.54780014e+00 -6.57671997e-01
  9.71786194e-01 -3.19224646e+00 -2.26863343e+00  3.53369157e-01
 -1.07118016e+00 -3.99707399e-01  2.67522738e-01  5.45634712e-02
 -1.76643213e+00 -2.02108837e-01 -6.79253970e-01  2.87163245e+00
 -1.16029314e+00 -1.20113128e+00 -1.12863703e+00  1.25685526e+00
  1.58508939e+00 -8.37367095e-01  2.13451129e+00 -1.40747580e+00
 -2.52855500e-01 -8.96313023e-01 -2.96519526e+00  3.11713460e+00
 -1.78241162e+00  3.03562283e+00 -1.36504053e+00 -2.30404826e+00
  3.85103697e+00 -1.21169459e+00 -5.33556620e-01 -3.13286581e+00
 -2.50792410e+00  2.97937166e+00 -1.94054524e+00 -1.69522755e+00
 -4.10815008e-01  2.94844325e+00  1.32002664e-01  3.84470544e-02
 -1.62203610e+00 -1.44148891e-01 -1.57997619e+00 -3.10718664e+00
  2.91394478e+00  1.12300929e+00 -3.25850120e-01 -2.32128608e+00
  1.02077316e+00 -1.17619570e+00 -3.01540481e-01 -2.15995185e+00
 -1.88511426e+00  1.83447778e+00 -9.80656625e-01  2.58939308e+00
 -4.24098820e-01 -3.11401815e+00 -2.85767171e+00  2.04410139e+00
 -3.05245497e+00 -2.32404821e-01 -1.02424330e+00 -1.72726284e-01
  2.37868056e+00  1.70929739e+00 -3.08894614e-01 -1.66645220e+00
 -3.04929549e+00  9.60761273e-02 -8.10357679e-01  1.45559816e+00
 -2.52277975e+00  9.58477316e-01 -2.29768200e-02  2.12766602e-01
  2.00780985e+00  7.18728873e-01  7.90220028e-01 -1.22041791e+00
  1.58428307e+00  2.57204382e+00  1.30210237e+00  3.03919758e-01
 -9.89534407e-01  2.57837936e+00  8.20950343e-01 -2.22184308e+00
 -2.24259980e-03  1.69817157e+00  1.07169457e+00 -6.49949653e-01
 -2.31673701e+00  2.44181775e+00  2.03336990e+00  1.63708077e+00
  2.24164108e+00  1.88004492e+00 -2.16511628e+00 -2.88141819e+00
  5.05793501e-01  1.37685593e+00 -2.42591964e+00 -1.31002503e+00
  2.42555108e+00  1.26216086e+00  4.30899400e-02 -1.75900191e+00
 -1.56547874e+00  1.91402696e+00  1.45541410e+00 -8.20625361e-01
 -1.27968616e-01 -4.60379263e-01 -1.68547979e-01  2.39272729e+00
 -5.48977224e-01 -6.47673532e-01  1.08406094e+00 -2.30318452e+00
  9.92448796e-01  2.53844426e+00 -4.96394176e-01  2.10573866e+00
 -1.97375295e+00 -8.75412853e-01 -2.42059759e+00 -2.27531392e+00
 -1.38014689e+00 -2.93224226e+00  1.58439436e+00  1.86243395e+00
  1.65956869e+00  1.03116266e+00  1.40568794e+00 -2.30494104e+00
 -2.68400292e+00  1.77353662e+00  1.00096729e+00 -4.38750294e-01
 -2.63057570e+00  1.56482439e+00 -1.20320368e+00 -2.51516128e+00
  6.33427737e-02]
Fri Jun 14 00:56:01 2024,966,0.0751173181865646,[-2.86565519e+00  2.03088402e+00 -1.58333687e+00 -6.77689240e-03
  4.48834701e-01 -3.26649806e+00  3.24112259e+00  2.10265733e+00
  1.03573377e+00 -1.03549753e+00  5.57556874e-01  1.30208670e+00
  1.26366336e+00 -1.86060152e+00  8.07632668e-01  2.89738070e+00
 -3.92115880e-01 -4.30027664e-01 -1.91216671e+00  8.51448871e-01
  1.61945586e+00  2.91922036e+00 -1.41333998e+00 -4.31111194e-01
 -2.17142461e+00 -2.10518477e+00  3.10126864e+00  2.80861386e+00
 -7.15404352e-01 -2.61703905e+00  1.54930362e+00 -1.77793535e-01
 -2.43823556e+00  1.79805900e+00  1.15679392e+00 -6.11581016e-01
  1.09363729e+00 -2.03694788e+00 -2.27732996e-01  2.27918991e+00
 -3.78669759e-01  4.49504999e-01  2.44488407e+00  5.67464743e-01
  2.62345929e+00  2.92491882e+00  2.81065353e+00 -2.94577867e+00
  2.61871015e-01 -3.90662285e-01  1.73116934e+00  2.97398575e+00
 -3.54767060e-01 -2.33741625e+00  2.71794923e+00 -3.17855208e+00
  5.54502981e-01 -7.07273148e-01 -1.75386831e+00  3.07345543e+00
 -1.95860113e+00 -1.68060009e+00 -2.54575208e+00  2.35866306e+00
 -2.11792814e+00  1.95619566e+00  1.71144612e+00  1.45531705e+00
  2.53060192e+00  2.89629915e+00  2.00793916e+00  1.49436132e+00
 -1.74581852e+00 -2.40318864e+00  1.14364726e+00  5.87122744e-01
  1.58003621e+00 -2.77592111e+00 -1.15172760e-01  2.48920761e+00
 -1.18702349e+00  1.12248247e+00  1.23307157e+00  6.09717084e-01
 -9.30471564e-01  1.08782554e+00  7.89618677e-01 -4.06705880e-01
  2.83132263e+00 -2.12778611e+00  1.54754268e+00 -6.57929457e-01
  9.72043655e-01 -3.19198900e+00 -2.26837597e+00  3.53626618e-01
 -1.07092270e+00 -3.99964859e-01  2.67265277e-01  5.48209318e-02
 -1.76617467e+00 -2.02366298e-01 -6.78996510e-01  2.87188991e+00
 -1.16003568e+00 -1.20087382e+00 -1.12837956e+00  1.25659780e+00
  1.58483193e+00 -8.37624555e-01  2.13425383e+00 -1.40721834e+00
 -2.53112961e-01 -8.96055563e-01 -2.96545272e+00  3.11687714e+00
 -1.78215416e+00  3.03536537e+00 -1.36529800e+00 -2.30379080e+00
  3.85129443e+00 -1.21195205e+00 -5.33814080e-01 -3.13312327e+00
 -2.50766664e+00  2.97962912e+00 -1.94080270e+00 -1.69548501e+00
 -4.11072469e-01  2.94818579e+00  1.31745204e-01  3.81895938e-02
 -1.62177864e+00 -1.43891430e-01 -1.57971873e+00 -3.10744410e+00
  2.91368732e+00  1.12275183e+00 -3.25592660e-01 -2.32102862e+00
  1.02051570e+00 -1.17593824e+00 -3.01283020e-01 -2.16020932e+00
 -1.88485680e+00  1.83473524e+00 -9.80914086e-01  2.58913562e+00
 -4.24356281e-01 -3.11427562e+00 -2.85741425e+00  2.04384393e+00
 -3.05219751e+00 -2.32662282e-01 -1.02398584e+00 -1.72468823e-01
  2.37842310e+00  1.70955485e+00 -3.09152074e-01 -1.66670966e+00
 -3.04903803e+00  9.58186667e-02 -8.10100218e-01  1.45585563e+00
 -2.52303721e+00  9.58734776e-01 -2.27193594e-02  2.13024062e-01
  2.00806731e+00  7.18986334e-01  7.90477488e-01 -1.22067537e+00
  1.58454053e+00  2.57230128e+00  1.30235983e+00  3.04177219e-01
 -9.89276947e-01  2.57863682e+00  8.21207803e-01 -2.22210054e+00
 -1.98513920e-03  1.69842903e+00  1.07195203e+00 -6.50207114e-01
 -2.31647955e+00  2.44156029e+00  2.03362736e+00  1.63733823e+00
  2.24138362e+00  1.88030238e+00 -2.16485881e+00 -2.88167565e+00
  5.05536040e-01  1.37711339e+00 -2.42617710e+00 -1.30976757e+00
  2.42529362e+00  1.26241832e+00  4.28324794e-02 -1.75925938e+00
 -1.56522128e+00  1.91376950e+00  1.45515664e+00 -8.20882821e-01
 -1.28226077e-01 -4.60121802e-01 -1.68805439e-01  2.39298475e+00
 -5.48719763e-01 -6.47930993e-01  1.08380348e+00 -2.30344198e+00
  9.92191335e-01  2.53818680e+00 -4.96136715e-01  2.10599612e+00
 -1.97401041e+00 -8.75155392e-01 -2.42085505e+00 -2.27505646e+00
 -1.38040435e+00 -2.93198480e+00  1.58465182e+00  1.86269141e+00
  1.65931123e+00  1.03142012e+00  1.40594540e+00 -2.30468358e+00
 -2.68426038e+00  1.77327916e+00  1.00070982e+00 -4.38492834e-01
 -2.63083317e+00  1.56508185e+00 -1.20294622e+00 -2.51541874e+00
  6.36002343e-02]
Fri Jun 14 00:56:22 2024,967,0.07500066269952947,[-2.86450943e+00  2.02973826e+00 -1.58448263e+00 -7.92265288e-03
  4.49980461e-01 -3.26764382e+00  3.24226835e+00  2.10151157e+00
  1.03458801e+00 -1.03435177e+00  5.58702635e-01  1.30323246e+00
  1.26251760e+00 -1.86174728e+00  8.06486907e-01  2.89623494e+00
 -3.90970119e-01 -4.31173424e-01 -1.91331247e+00  8.50303111e-01
  1.61831010e+00  2.92036612e+00 -1.41219422e+00 -4.29965433e-01
 -2.17027884e+00 -2.10403900e+00  3.10012288e+00  2.80746810e+00
 -7.16550113e-01 -2.61818481e+00  1.54815786e+00 -1.78939296e-01
 -2.43708980e+00  1.79920476e+00  1.15564816e+00 -6.12726777e-01
  1.09478305e+00 -2.03809364e+00 -2.26587236e-01  2.27804415e+00
 -3.79815519e-01  4.50650759e-01  2.44373831e+00  5.68610504e-01
  2.62460505e+00  2.92606458e+00  2.81179929e+00 -2.94692443e+00
  2.60725254e-01 -3.91808046e-01  1.73002358e+00  2.97513151e+00
 -3.53621300e-01 -2.33627049e+00  2.71680347e+00 -3.17740632e+00
  5.55648741e-01 -7.06127387e-01 -1.75272255e+00  3.07230967e+00
 -1.95974689e+00 -1.67945433e+00 -2.54460632e+00  2.35751730e+00
 -2.11678238e+00  1.95504990e+00  1.71259188e+00  1.45417129e+00
  2.52945616e+00  2.89515339e+00  2.00679340e+00  1.49550708e+00
 -1.74696429e+00 -2.40204288e+00  1.14479302e+00  5.88268504e-01
  1.57889045e+00 -2.77706687e+00 -1.16318520e-01  2.48806185e+00
 -1.18587773e+00  1.12133671e+00  1.23192580e+00  6.10862845e-01
 -9.31617325e-01  1.08897130e+00  7.90764437e-01 -4.07851640e-01
  2.83246839e+00 -2.12893187e+00  1.54639692e+00 -6.59075218e-01
  9.73189416e-01 -3.19084324e+00 -2.26723021e+00  3.52480857e-01
 -1.07206846e+00 -3.98819099e-01  2.68411037e-01  5.59666923e-02
 -1.76732043e+00 -2.01220538e-01 -6.77850749e-01  2.87303567e+00
 -1.16118144e+00 -1.20201958e+00 -1.12952532e+00  1.25774356e+00
  1.58368617e+00 -8.38770316e-01  2.13310807e+00 -1.40607258e+00
 -2.51967200e-01 -8.94909802e-01 -2.96430696e+00  3.11802290e+00
 -1.78329992e+00  3.03421961e+00 -1.36644376e+00 -2.30264504e+00
  3.85014867e+00 -1.21080629e+00 -5.32668320e-01 -3.13426903e+00
 -2.50652088e+00  2.97848336e+00 -1.94194846e+00 -1.69663077e+00
 -4.12218229e-01  2.94933155e+00  1.32890964e-01  3.70438333e-02
 -1.62063288e+00 -1.45037191e-01 -1.57857297e+00 -3.10858986e+00
  2.91254156e+00  1.12160607e+00 -3.24446899e-01 -2.32217438e+00
  1.02166146e+00 -1.17708400e+00 -3.00137260e-01 -2.16135508e+00
 -1.88600256e+00  1.83588100e+00 -9.82059847e-01  2.58798986e+00
 -4.25502041e-01 -3.11542138e+00 -2.85626849e+00  2.04498969e+00
 -3.05105175e+00 -2.33808042e-01 -1.02513160e+00 -1.73614584e-01
  2.37727734e+00  1.70840909e+00 -3.10297835e-01 -1.66556390e+00
 -3.05018379e+00  9.46729062e-02 -8.08954458e-01  1.45470986e+00
 -2.52189145e+00  9.59880537e-01 -2.38651199e-02  2.11878302e-01
  2.00921307e+00  7.17840573e-01  7.89331728e-01 -1.22182113e+00
  1.58339477e+00  2.57344704e+00  1.30350559e+00  3.05322979e-01
 -9.90422707e-01  2.57749106e+00  8.20062043e-01 -2.22095478e+00
 -3.13089968e-03  1.69728327e+00  1.07080627e+00 -6.49061354e-01
 -2.31762531e+00  2.44041453e+00  2.03248160e+00  1.63619247e+00
  2.24252938e+00  1.87915662e+00 -2.16371305e+00 -2.88282141e+00
  5.04390280e-01  1.37596763e+00 -2.42503134e+00 -1.30862181e+00
  2.42414786e+00  1.26127256e+00  4.16867189e-02 -1.76040514e+00
 -1.56636704e+00  1.91491526e+00  1.45401088e+00 -8.19737061e-01
 -1.29371837e-01 -4.61267563e-01 -1.67659679e-01  2.39413051e+00
 -5.49865524e-01 -6.46785232e-01  1.08494924e+00 -2.30229622e+00
  9.93337096e-01  2.53704103e+00 -4.94990955e-01  2.10714188e+00
 -1.97515617e+00 -8.76301152e-01 -2.42200081e+00 -2.27391070e+00
 -1.37925859e+00 -2.93313056e+00  1.58350606e+00  1.86154565e+00
  1.66045699e+00  1.03256588e+00  1.40479964e+00 -2.30582934e+00
 -2.68311462e+00  1.77442492e+00  9.99564065e-01 -4.37347073e-01
 -2.63197893e+00  1.56622761e+00 -1.20409198e+00 -2.51656450e+00
  6.47459947e-02]
Fri Jun 14 00:56:40 2024,968,0.07500101396486211,[-2.86438542e+00  2.02986227e+00 -1.58460664e+00 -8.04666439e-03
  4.50104473e-01 -3.26751981e+00  3.24214434e+00  2.10163558e+00
  1.03446400e+00 -1.03447578e+00  5.58578623e-01  1.30335647e+00
  1.26264161e+00 -1.86162327e+00  8.06362896e-01  2.89635896e+00
 -3.91094131e-01 -4.31297436e-01 -1.91318846e+00  8.50427122e-01
  1.61843411e+00  2.92024211e+00 -1.41207020e+00 -4.29841422e-01
 -2.17040286e+00 -2.10391499e+00  3.09999887e+00  2.80734409e+00
 -7.16426101e-01 -2.61806080e+00  1.54803384e+00 -1.79063307e-01
 -2.43696579e+00  1.79908074e+00  1.15577217e+00 -6.12602765e-01
  1.09490707e+00 -2.03796963e+00 -2.26711247e-01  2.27816816e+00
 -3.79939531e-01  4.50774771e-01  2.44386232e+00  5.68486492e-01
  2.62448104e+00  2.92618859e+00  2.81192331e+00 -2.94680042e+00
  2.60601243e-01 -3.91932057e-01  1.72989957e+00  2.97500750e+00
 -3.53497288e-01 -2.33614648e+00  2.71692748e+00 -3.17728231e+00
  5.55524730e-01 -7.06003376e-01 -1.75259853e+00  3.07218565e+00
 -1.95987090e+00 -1.67957834e+00 -2.54473033e+00  2.35764132e+00
 -2.11665836e+00  1.95517391e+00  1.71271589e+00  1.45404728e+00
  2.52933214e+00  2.89502938e+00  2.00691741e+00  1.49538307e+00
 -1.74684027e+00 -2.40216689e+00  1.14491703e+00  5.88392516e-01
  1.57901446e+00 -2.77694286e+00 -1.16194509e-01  2.48818586e+00
 -1.18575372e+00  1.12121270e+00  1.23180179e+00  6.10738833e-01
 -9.31493313e-01  1.08909531e+00  7.90640426e-01 -4.07727629e-01
  2.83234438e+00 -2.12905588e+00  1.54652093e+00 -6.59199229e-01
  9.73313427e-01 -3.19071922e+00 -2.26735422e+00  3.52604869e-01
 -1.07194445e+00 -3.98695087e-01  2.68535049e-01  5.60907038e-02
 -1.76719642e+00 -2.01344549e-01 -6.77726738e-01  2.87315968e+00
 -1.16105743e+00 -1.20189557e+00 -1.12940131e+00  1.25761955e+00
  1.58356215e+00 -8.38646304e-01  2.13298406e+00 -1.40594857e+00
 -2.51843189e-01 -8.94785791e-01 -2.96418295e+00  3.11814691e+00
 -1.78317591e+00  3.03409560e+00 -1.36631974e+00 -2.30276905e+00
  3.85002466e+00 -1.21068228e+00 -5.32792331e-01 -3.13414502e+00
 -2.50639687e+00  2.97835935e+00 -1.94182445e+00 -1.69650676e+00
 -4.12342241e-01  2.94945557e+00  1.32766953e-01  3.71678448e-02
 -1.62050887e+00 -1.45161202e-01 -1.57869698e+00 -3.10871387e+00
  2.91266557e+00  1.12173008e+00 -3.24322888e-01 -2.32205037e+00
  1.02153745e+00 -1.17720802e+00 -3.00261271e-01 -2.16123106e+00
 -1.88612657e+00  1.83600502e+00 -9.81935835e-01  2.58811387e+00
 -4.25626053e-01 -3.11529736e+00 -2.85639250e+00  2.04486568e+00
 -3.05117576e+00 -2.33684031e-01 -1.02500759e+00 -1.73490572e-01
  2.37715332e+00  1.70828508e+00 -3.10173823e-01 -1.66543989e+00
 -3.05005978e+00  9.47969177e-02 -8.09078469e-01  1.45483388e+00
 -2.52176744e+00  9.60004548e-01 -2.37411084e-02  2.12002313e-01
  2.00933708e+00  7.17716562e-01  7.89455739e-01 -1.22194515e+00
  1.58351878e+00  2.57332303e+00  1.30338158e+00  3.05446991e-01
 -9.90546719e-01  2.57736704e+00  8.20186054e-01 -2.22107879e+00
 -3.25491118e-03  1.69715926e+00  1.07068226e+00 -6.48937342e-01
 -2.31750129e+00  2.44029052e+00  2.03260561e+00  1.63606846e+00
  2.24240537e+00  1.87928063e+00 -2.16358904e+00 -2.88294542e+00
  5.04514291e-01  1.37584362e+00 -2.42515535e+00 -1.30874582e+00
  2.42402384e+00  1.26114855e+00  4.15627074e-02 -1.76028112e+00
 -1.56624302e+00  1.91479125e+00  1.45388687e+00 -8.19613049e-01
 -1.29247826e-01 -4.61143551e-01 -1.67783690e-01  2.39425452e+00
 -5.49989535e-01 -6.46661221e-01  1.08507325e+00 -2.30242023e+00
  9.93461107e-01  2.53716505e+00 -4.94866943e-01  2.10701787e+00
 -1.97503216e+00 -8.76425164e-01 -2.42212482e+00 -2.27378669e+00
 -1.37913458e+00 -2.93325457e+00  1.58338204e+00  1.86142164e+00
  1.66058101e+00  1.03244187e+00  1.40467563e+00 -2.30570533e+00
 -2.68299061e+00  1.77454893e+00  9.99688076e-01 -4.37471085e-01
 -2.63210294e+00  1.56610360e+00 -1.20421599e+00 -2.51668851e+00
  6.46219832e-02]
Fri Jun 14 00:56:56 2024,969,0.0749907005101466,[-2.86465102e+00  2.02959668e+00 -1.58434104e+00 -8.31226367e-03
  4.50370072e-01 -3.26778540e+00  3.24240994e+00  2.10190118e+00
  1.03419840e+00 -1.03421018e+00  5.58313024e-01  1.30362207e+00
  1.26237601e+00 -1.86135767e+00  8.06097297e-01  2.89662455e+00
 -3.90828532e-01 -4.31563035e-01 -1.91345406e+00  8.50161523e-01
  1.61869971e+00  2.92050771e+00 -1.41233580e+00 -4.30107021e-01
 -2.17013726e+00 -2.10418059e+00  3.10026447e+00  2.80707849e+00
 -7.16160502e-01 -2.61832639e+00  1.54829944e+00 -1.78797708e-01
 -2.43723139e+00  1.79881514e+00  1.15550657e+00 -6.12337166e-01
  1.09464147e+00 -2.03823523e+00 -2.26976846e-01  2.27790256e+00
 -3.80205130e-01  4.51040370e-01  2.44412792e+00  5.68752092e-01
  2.62421544e+00  2.92592299e+00  2.81165771e+00 -2.94653482e+00
  2.60335644e-01 -3.91666458e-01  1.73016517e+00  2.97527310e+00
 -3.53231689e-01 -2.33641208e+00  2.71666188e+00 -3.17754791e+00
  5.55259130e-01 -7.06268975e-01 -1.75286413e+00  3.07192005e+00
 -1.96013650e+00 -1.67931274e+00 -2.54446473e+00  2.35737572e+00
 -2.11692396e+00  1.95543951e+00  1.71245029e+00  1.45431288e+00
  2.52959774e+00  2.89476378e+00  2.00718301e+00  1.49564867e+00
 -1.74657467e+00 -2.40190129e+00  1.14518263e+00  5.88126917e-01
  1.57928006e+00 -2.77667726e+00 -1.15928909e-01  2.48845146e+00
 -1.18548812e+00  1.12094710e+00  1.23153619e+00  6.11004432e-01
 -9.31227714e-01  1.08882971e+00  7.90374826e-01 -4.07462030e-01
  2.83260998e+00 -2.12879028e+00  1.54678653e+00 -6.59464829e-01
  9.73047828e-01 -3.19098482e+00 -2.26761982e+00  3.52339270e-01
 -1.07167885e+00 -3.98960687e-01  2.68800648e-01  5.63563031e-02
 -1.76746202e+00 -2.01610148e-01 -6.77992337e-01  2.87289408e+00
 -1.16079183e+00 -1.20162997e+00 -1.12966691e+00  1.25788515e+00
  1.58382775e+00 -8.38380705e-01  2.13271846e+00 -1.40621417e+00
 -2.51577589e-01 -8.95051390e-01 -2.96391735e+00  3.11788131e+00
 -1.78344151e+00  3.03383000e+00 -1.36658534e+00 -2.30250346e+00
  3.84975906e+00 -1.21041668e+00 -5.33057931e-01 -3.13441062e+00
 -2.50613127e+00  2.97809375e+00 -1.94209005e+00 -1.69624116e+00
 -4.12076641e-01  2.94918997e+00  1.33032552e-01  3.69022455e-02
 -1.62024327e+00 -1.44895603e-01 -1.57896258e+00 -3.10844827e+00
  2.91239997e+00  1.12146448e+00 -3.24588487e-01 -2.32231597e+00
  1.02180305e+00 -1.17694242e+00 -3.00526870e-01 -2.16096546e+00
 -1.88586098e+00  1.83573942e+00 -9.82201434e-01  2.58784827e+00
 -4.25891652e-01 -3.11556296e+00 -2.85665810e+00  2.04513128e+00
 -3.05144136e+00 -2.33949630e-01 -1.02474199e+00 -1.73756172e-01
  2.37741892e+00  1.70801948e+00 -3.10439423e-01 -1.66570549e+00
 -3.04979418e+00  9.50625170e-02 -8.08812870e-01  1.45456828e+00
 -2.52203304e+00  9.59738949e-01 -2.40067077e-02  2.11736714e-01
  2.00907148e+00  7.17982161e-01  7.89721339e-01 -1.22221074e+00
  1.58325318e+00  2.57358863e+00  1.30364718e+00  3.05712590e-01
 -9.90812318e-01  2.57710145e+00  8.20451654e-01 -2.22081319e+00
 -3.52051047e-03  1.69689366e+00  1.07041666e+00 -6.49202941e-01
 -2.31723570e+00  2.44002492e+00  2.03287121e+00  1.63580286e+00
  2.24213977e+00  1.87901503e+00 -2.16385464e+00 -2.88267982e+00
  5.04779890e-01  1.37610922e+00 -2.42488975e+00 -1.30848022e+00
  2.42428944e+00  1.26088295e+00  4.12971081e-02 -1.76054672e+00
 -1.56597743e+00  1.91505685e+00  1.45415247e+00 -8.19878649e-01
 -1.29513425e-01 -4.61409151e-01 -1.68049290e-01  2.39452012e+00
 -5.50255135e-01 -6.46395621e-01  1.08533885e+00 -2.30215463e+00
  9.93726706e-01  2.53689945e+00 -4.94601344e-01  2.10675227e+00
 -1.97529776e+00 -8.76159565e-01 -2.42185922e+00 -2.27352109e+00
 -1.37940018e+00 -2.93298897e+00  1.58364764e+00  1.86168724e+00
  1.66084661e+00  1.03217627e+00  1.40441003e+00 -2.30597093e+00
 -2.68325621e+00  1.77428333e+00  9.99953675e-01 -4.37736684e-01
 -2.63236854e+00  1.56636920e+00 -1.20395040e+00 -2.51695411e+00
  6.43563840e-02]
Fri Jun 14 00:57:12 2024,970,0.07499147011750877,[-2.86472028e+00  2.02952741e+00 -1.58441030e+00 -8.38152668e-03
  4.50300809e-01 -3.26771614e+00  3.24247920e+00  2.10197044e+00
  1.03426767e+00 -1.03414092e+00  5.58243761e-01  1.30355281e+00
  1.26230675e+00 -1.86142694e+00  8.06166560e-01  2.89655529e+00
 -3.90759269e-01 -4.31632298e-01 -1.91338480e+00  8.50230786e-01
  1.61876898e+00  2.92057697e+00 -1.41240507e+00 -4.30037758e-01
 -2.17006799e+00 -2.10424986e+00  3.10019521e+00  2.80714776e+00
 -7.16091239e-01 -2.61825713e+00  1.54823018e+00 -1.78866971e-01
 -2.43716213e+00  1.79888441e+00  1.15543731e+00 -6.12406429e-01
  1.09471073e+00 -2.03816596e+00 -2.26907583e-01  2.27797182e+00
 -3.80135867e-01  4.50971107e-01  2.44405866e+00  5.68821355e-01
  2.62428470e+00  2.92585373e+00  2.81172697e+00 -2.94660408e+00
  2.60404907e-01 -3.91597195e-01  1.73009591e+00  2.97534236e+00
 -3.53300952e-01 -2.33648134e+00  2.71673114e+00 -3.17761717e+00
  5.55328393e-01 -7.06338238e-01 -1.75279487e+00  3.07198932e+00
 -1.96020576e+00 -1.67924348e+00 -2.54439547e+00  2.35730645e+00
 -2.11699323e+00  1.95537025e+00  1.71251955e+00  1.45438214e+00
  2.52966701e+00  2.89469452e+00  2.00725227e+00  1.49571794e+00
 -1.74650541e+00 -2.40183203e+00  1.14525189e+00  5.88057654e-01
  1.57921080e+00 -2.77660800e+00 -1.15998172e-01  2.48838220e+00
 -1.18541886e+00  1.12101636e+00  1.23146693e+00  6.10935169e-01
 -9.31296977e-01  1.08889898e+00  7.90444089e-01 -4.07531293e-01
  2.83267924e+00 -2.12872102e+00  1.54685579e+00 -6.59395566e-01
  9.72978565e-01 -3.19105409e+00 -2.26755056e+00  3.52408533e-01
 -1.07160959e+00 -3.98891424e-01  2.68869911e-01  5.64255661e-02
 -1.76753128e+00 -2.01540885e-01 -6.78061600e-01  2.87282482e+00
 -1.16072257e+00 -1.20156071e+00 -1.12973618e+00  1.25781589e+00
  1.58389702e+00 -8.38311442e-01  2.13264919e+00 -1.40628343e+00
 -2.51646852e-01 -8.95120653e-01 -2.96384809e+00  3.11781205e+00
 -1.78351077e+00  3.03389926e+00 -1.36651608e+00 -2.30243419e+00
  3.84968980e+00 -1.21048594e+00 -5.33127194e-01 -3.13434135e+00
 -2.50606201e+00  2.97816301e+00 -1.94202079e+00 -1.69631042e+00
 -4.12145904e-01  2.94912070e+00  1.33101815e-01  3.68329825e-02
 -1.62031254e+00 -1.44964866e-01 -1.57903184e+00 -3.10851753e+00
  2.91246923e+00  1.12153374e+00 -3.24657750e-01 -2.32224670e+00
  1.02187231e+00 -1.17687315e+00 -3.00457607e-01 -2.16103473e+00
 -1.88593024e+00  1.83567015e+00 -9.82270697e-01  2.58791753e+00
 -4.25822389e-01 -3.11563223e+00 -2.85658884e+00  2.04506202e+00
 -3.05151063e+00 -2.34018893e-01 -1.02467272e+00 -1.73686909e-01
  2.37748819e+00  1.70808874e+00 -3.10508686e-01 -1.66563623e+00
 -3.04986344e+00  9.51317800e-02 -8.08882133e-01  1.45449901e+00
 -2.52210230e+00  9.59669686e-01 -2.39374446e-02  2.11667451e-01
  2.00914075e+00  7.18051424e-01  7.89652076e-01 -1.22228001e+00
  1.58332244e+00  2.57351937e+00  1.30371644e+00  3.05781853e-01
 -9.90881581e-01  2.57703218e+00  8.20520917e-01 -2.22074393e+00
 -3.45124746e-03  1.69682440e+00  1.07048592e+00 -6.49133678e-01
 -2.31716643e+00  2.44009418e+00  2.03294047e+00  1.63587212e+00
  2.24207050e+00  1.87908429e+00 -2.16378538e+00 -2.88261056e+00
  5.04849153e-01  1.37603996e+00 -2.42495901e+00 -1.30841096e+00
  2.42422018e+00  1.26081369e+00  4.13663711e-02 -1.76061599e+00
 -1.56604669e+00  1.91498759e+00  1.45422173e+00 -8.19947912e-01
 -1.29582688e-01 -4.61339888e-01 -1.68118553e-01  2.39458939e+00
 -5.50185872e-01 -6.46464884e-01  1.08526959e+00 -2.30208537e+00
  9.93657443e-01  2.53683018e+00 -4.94532081e-01  2.10668301e+00
 -1.97522850e+00 -8.76228828e-01 -2.42178996e+00 -2.27359035e+00
 -1.37946944e+00 -2.93305824e+00  1.58357838e+00  1.86175650e+00
  1.66077734e+00  1.03210700e+00  1.40434077e+00 -2.30604019e+00
 -2.68318694e+00  1.77421407e+00  9.99884412e-01 -4.37667421e-01
 -2.63243780e+00  1.56629994e+00 -1.20388113e+00 -2.51688485e+00
  6.44256470e-02]
Fri Jun 14 00:57:29 2024,971,0.07496844888351525,[-2.86420099  2.0300467  -1.58389102 -0.00890081  0.44978152 -3.26719686
  3.24299849  2.10145116  1.03478695 -1.03362163  0.55772448  1.30303352
  1.26282603 -1.86194622  0.80564727  2.89707458 -0.39023998 -0.43215158
 -1.91286551  0.8497115   1.61824969  2.92109626 -1.41292435 -0.42951847
 -2.17058728 -2.10373057  3.10071449  2.80766704 -0.71557195 -2.61877642
  1.54771089 -0.17834768 -2.43664284  1.79940369  1.1559566  -0.61188714
  1.09523002 -2.03868525 -0.22742687  2.27745253 -0.38065515  0.45149039
  2.44353937  0.56934064  2.62376541  2.92533444  2.81224626 -2.94712337
  0.26092419 -0.39107791  1.73061519  2.97482307 -0.35278167 -2.33700063
  2.71621186 -3.17813646  0.55480911 -0.70685752 -1.75227558  3.0725086
 -1.96072505 -1.67976277 -2.54491475  2.35678717 -2.11751251  1.95485096
  1.71200027  1.45386285  2.53018629  2.89417523  2.00777156  1.49623722
 -1.7470247  -2.40131274  1.14577118  0.58753837  1.57973008 -2.77608871
 -0.11651746  2.48890149 -1.18489957  1.12153565  1.23198622  0.61041588
 -0.93181626  1.08837969  0.7899248  -0.40701201  2.83319853 -2.12924031
  1.54633651 -0.65887628  0.97245928 -3.19157337 -2.26703127  0.35188925
 -1.0710903  -0.39941071  0.26835063  0.05590628 -1.76805057 -0.20206017
 -0.67858089  2.87230553 -1.16020328 -1.20104142 -1.13025546  1.2572966
  1.58337773 -0.83883073  2.13316848 -1.40576415 -0.25216614 -0.89563994
 -2.96436737  3.11729276 -1.78403006  3.03441855 -1.36703537 -2.30295348
  3.85020909 -1.20996666 -0.53260791 -3.13382207 -2.50554272  2.97764373
 -1.94254007 -1.69579114 -0.41266519  2.94860142  0.13258253  0.0363137
 -1.61979325 -0.14444558 -1.57851256 -3.10903682  2.91194995  1.12205303
 -0.32413846 -2.32276599  1.02135302 -1.17739244 -0.30097689 -2.16051544
 -1.88644952  1.83618944 -0.98278998  2.58843682 -0.4253031  -3.11615151
 -2.85710812  2.0455813  -3.05099134 -0.23453818 -1.02415344 -0.17420619
  2.3769689   1.70756946 -0.31102797 -1.66511694 -3.05038273  0.09565107
 -0.80940142  1.45397973 -2.52262158  0.9591504  -0.02341816  0.21114817
  2.00862146  0.71857071  0.79017136 -1.22279929  1.58384173  2.57300008
  1.30319716  0.30630114 -0.99140087  2.57755147  0.8210402  -2.22022465
 -0.00397053  1.69734368  1.07100521 -0.64861439 -2.31768572  2.4395749
  2.03345976  1.63535284  2.24155122  1.87856501 -2.16430467 -2.88209127
  0.50536844  1.37655924 -2.4254783  -1.30893024  2.42473947  1.26133297
  0.04188566 -1.76113527 -1.5655274   1.9144683   1.45474102 -0.81942863
 -0.1290634  -0.46185917 -0.16759927  2.3940701  -0.54966659 -0.64698417
  1.08578888 -2.30156608  0.99313816  2.5363109  -0.49505137  2.1072023
 -1.97574778 -0.87674811 -2.42127067 -2.27307107 -1.37998873 -2.93357752
  1.58305909  1.86227579  1.66129663  1.03262629  1.40486005 -2.30552091
 -2.68266766  1.77369478  0.99936513 -0.43714814 -2.63191851  1.56578065
 -1.20440042 -2.51636556  0.06494493]
Fri Jun 14 00:57:51 2024,972,0.07491379720330926,[-2.86511936e+00  2.02912833e+00 -1.58480938e+00 -9.81917613e-03
  4.48863160e-01 -3.26627849e+00  3.24391685e+00  2.10053279e+00
  1.03386859e+00 -1.03270327e+00  5.58642838e-01  1.30395189e+00
  1.26190767e+00 -1.86286459e+00  8.06565637e-01  2.89615621e+00
 -3.91158346e-01 -4.31233221e-01 -1.91378387e+00  8.50629864e-01
  1.61916805e+00  2.92201462e+00 -1.41200599e+00 -4.30436835e-01
 -2.17150564e+00 -2.10281221e+00  3.10163286e+00  2.80858541e+00
 -7.16490317e-01 -2.61785805e+00  1.54862926e+00 -1.79266048e-01
 -2.43756120e+00  1.80032206e+00  1.15503823e+00 -6.12805506e-01
  1.09614838e+00 -2.03960361e+00 -2.28345233e-01  2.27653417e+00
 -3.79736789e-01  4.50572029e-01  2.44445774e+00  5.68422277e-01
  2.62284705e+00  2.92625281e+00  2.81132789e+00 -2.94804173e+00
  2.60005829e-01 -3.91996272e-01  1.73153356e+00  2.97390471e+00
 -3.51863303e-01 -2.33608226e+00  2.71713022e+00 -3.17721809e+00
  5.53890744e-01 -7.05939161e-01 -1.75135722e+00  3.07342697e+00
 -1.95980669e+00 -1.68068113e+00 -2.54583311e+00  2.35770553e+00
 -2.11659415e+00  1.95393260e+00  1.71291863e+00  1.45478122e+00
  2.52926793e+00  2.89325687e+00  2.00685320e+00  1.49531886e+00
 -1.74794306e+00 -2.40223111e+00  1.14668954e+00  5.88456731e-01
  1.58064845e+00 -2.77700708e+00 -1.15599095e-01  2.48798312e+00
 -1.18581794e+00  1.12061729e+00  1.23106785e+00  6.11334247e-01
 -9.32734627e-01  1.08929805e+00  7.90843167e-01 -4.06093643e-01
  2.83411689e+00 -2.12832194e+00  1.54725487e+00 -6.59794643e-01
  9.71540915e-01 -3.19065501e+00 -2.26794964e+00  3.50970883e-01
 -1.07017194e+00 -4.00329073e-01  2.69268989e-01  5.49879167e-02
 -1.76713220e+00 -2.01141808e-01 -6.77662522e-01  2.87138717e+00
 -1.15928492e+00 -1.20012306e+00 -1.12933710e+00  1.25821496e+00
  1.58429609e+00 -8.37912364e-01  2.13408684e+00 -1.40668251e+00
 -2.53084502e-01 -8.94721576e-01 -2.96344901e+00  3.11821112e+00
 -1.78311170e+00  3.03350018e+00 -1.36795373e+00 -2.30203511e+00
  3.85112745e+00 -1.20904829e+00 -5.31689544e-01 -3.13474043e+00
 -2.50462436e+00  2.97672536e+00 -1.94162171e+00 -1.69487277e+00
 -4.11746827e-01  2.94768305e+00  1.33500892e-01  3.72320600e-02
 -1.61887489e+00 -1.45363944e-01 -1.57943092e+00 -3.10995518e+00
  2.91286831e+00  1.12297139e+00 -3.23220101e-01 -2.32368435e+00
  1.02043466e+00 -1.17647408e+00 -3.01895257e-01 -2.15959708e+00
 -1.88553116e+00  1.83527108e+00 -9.81871620e-01  2.58751845e+00
 -4.24384739e-01 -3.11523315e+00 -2.85802649e+00  2.04649967e+00
 -3.05190970e+00 -2.35456543e-01 -1.02323507e+00 -1.75124558e-01
  2.37788726e+00  1.70848782e+00 -3.10109608e-01 -1.66419858e+00
 -3.05130109e+00  9.65694294e-02 -8.10319782e-01  1.45306136e+00
 -2.52170322e+00  9.58232037e-01 -2.43365221e-02  2.12066529e-01
  2.00953983e+00  7.17652347e-01  7.89252998e-01 -1.22188093e+00
  1.58292337e+00  2.57208172e+00  1.30227879e+00  3.05382776e-01
 -9.90482503e-01  2.57846983e+00  8.21958566e-01 -2.22114301e+00
 -3.05216996e-03  1.69642532e+00  1.07008685e+00 -6.49532756e-01
 -2.31676735e+00  2.44049326e+00  2.03437812e+00  1.63443447e+00
  2.24246958e+00  1.87764664e+00 -2.16522303e+00 -2.88117291e+00
  5.04450076e-01  1.37747760e+00 -2.42639666e+00 -1.30984861e+00
  2.42382110e+00  1.26041461e+00  4.28040205e-02 -1.76021691e+00
 -1.56644577e+00  1.91538666e+00  1.45382265e+00 -8.18510262e-01
 -1.28145038e-01 -4.60940810e-01 -1.68517630e-01  2.39498846e+00
 -5.48748222e-01 -6.46065807e-01  1.08670724e+00 -2.30248444e+00
  9.92219794e-01  2.53539253e+00 -4.95969731e-01  2.10628393e+00
 -1.97666615e+00 -8.75829750e-01 -2.42218903e+00 -2.27215270e+00
 -1.38090709e+00 -2.93449589e+00  1.58397746e+00  1.86135742e+00
  1.66221499e+00  1.03170793e+00  1.40394169e+00 -2.30643927e+00
 -2.68358602e+00  1.77461315e+00  1.00028349e+00 -4.38066498e-01
 -2.63283688e+00  1.56669901e+00 -1.20531878e+00 -2.51544720e+00
  6.40265695e-02]
Fri Jun 14 00:58:10 2024,973,0.07489046320952511,[-2.86476194e+00  2.02877092e+00 -1.58516679e+00 -1.01765886e-02
  4.48505747e-01 -3.26663590e+00  3.24355944e+00  2.10017538e+00
  1.03422600e+00 -1.03234586e+00  5.58285426e-01  1.30430930e+00
  1.26226508e+00 -1.86322200e+00  8.06923050e-01  2.89651363e+00
 -3.90800934e-01 -4.30875808e-01 -1.91414129e+00  8.50272451e-01
  1.61881064e+00  2.92237203e+00 -1.41236340e+00 -4.30079423e-01
 -2.17114823e+00 -2.10316962e+00  3.10199027e+00  2.80894282e+00
 -7.16132904e-01 -2.61750064e+00  1.54827185e+00 -1.79623461e-01
 -2.43791862e+00  1.80067947e+00  1.15468082e+00 -6.13162919e-01
  1.09650579e+00 -2.03924620e+00 -2.28702645e-01  2.27617676e+00
 -3.80094202e-01  4.50214617e-01  2.44410032e+00  5.68064865e-01
  2.62320446e+00  2.92661022e+00  2.81097048e+00 -2.94768432e+00
  2.59648417e-01 -3.91638860e-01  1.73189097e+00  2.97426212e+00
 -3.51505890e-01 -2.33643968e+00  2.71677281e+00 -3.17686068e+00
  5.53533332e-01 -7.06296573e-01 -1.75171463e+00  3.07306955e+00
 -1.96016410e+00 -1.68103854e+00 -2.54547570e+00  2.35806294e+00
 -2.11695156e+00  1.95357519e+00  1.71327604e+00  1.45513863e+00
  2.52962534e+00  2.89361428e+00  2.00649578e+00  1.49496145e+00
 -1.74830047e+00 -2.40187369e+00  1.14633213e+00  5.88814144e-01
  1.58029104e+00 -2.77664967e+00 -1.15241682e-01  2.48762571e+00
 -1.18617535e+00  1.12097470e+00  1.23142527e+00  6.10976834e-01
 -9.33092039e-01  1.08894064e+00  7.91200579e-01 -4.06451056e-01
  2.83447430e+00 -2.12796453e+00  1.54761228e+00 -6.59437231e-01
  9.71898328e-01 -3.19029760e+00 -2.26759223e+00  3.50613471e-01
 -1.07052935e+00 -4.00686486e-01  2.68911576e-01  5.46305042e-02
 -1.76677479e+00 -2.00784395e-01 -6.78019935e-01  2.87174458e+00
 -1.15892751e+00 -1.20048047e+00 -1.12969451e+00  1.25857238e+00
  1.58393868e+00 -8.37554952e-01  2.13372943e+00 -1.40632510e+00
 -2.52727089e-01 -8.94364163e-01 -2.96380642e+00  3.11785371e+00
 -1.78275428e+00  3.03314277e+00 -1.36759632e+00 -2.30167770e+00
  3.85077004e+00 -1.20940571e+00 -5.31332132e-01 -3.13509784e+00
 -2.50498177e+00  2.97708278e+00 -1.94197912e+00 -1.69523018e+00
 -4.12104239e-01  2.94804047e+00  1.33143480e-01  3.68746475e-02
 -1.61923230e+00 -1.45721356e-01 -1.57907351e+00 -3.10959777e+00
  2.91322572e+00  1.12332880e+00 -3.23577513e-01 -2.32404177e+00
  1.02007725e+00 -1.17683149e+00 -3.01537844e-01 -2.15995449e+00
 -1.88588857e+00  1.83562849e+00 -9.81514207e-01  2.58787587e+00
 -4.24027327e-01 -3.11559056e+00 -2.85838390e+00  2.04614225e+00
 -3.05155229e+00 -2.35813955e-01 -1.02287766e+00 -1.75481971e-01
  2.37824468e+00  1.70813041e+00 -3.09752196e-01 -1.66384116e+00
 -3.05165850e+00  9.69268419e-02 -8.09962370e-01  1.45270395e+00
 -2.52134581e+00  9.58589449e-01 -2.46939346e-02  2.12423941e-01
  2.00989724e+00  7.17294934e-01  7.89610411e-01 -1.22223834e+00
  1.58256595e+00  2.57172431e+00  1.30263620e+00  3.05025363e-01
 -9.90125091e-01  2.57811242e+00  8.21601154e-01 -2.22078560e+00
 -2.69475747e-03  1.69606791e+00  1.06972943e+00 -6.49175343e-01
 -2.31712477e+00  2.44013585e+00  2.03402071e+00  1.63479189e+00
  2.24211217e+00  1.87728923e+00 -2.16486562e+00 -2.88081550e+00
  5.04807488e-01  1.37783502e+00 -2.42675408e+00 -1.31020602e+00
  2.42417851e+00  1.26077202e+00  4.24466081e-02 -1.76057432e+00
 -1.56680318e+00  1.91574408e+00  1.45346524e+00 -8.18152850e-01
 -1.27787626e-01 -4.61298223e-01 -1.68160218e-01  2.39463105e+00
 -5.49105635e-01 -6.46423219e-01  1.08634983e+00 -2.30212703e+00
  9.92577206e-01  2.53574995e+00 -4.96327143e-01  2.10592652e+00
 -1.97630874e+00 -8.75472338e-01 -2.42183162e+00 -2.27179529e+00
 -1.38126451e+00 -2.93413847e+00  1.58362005e+00  1.86171484e+00
  1.66185758e+00  1.03135051e+00  1.40429910e+00 -2.30608186e+00
 -2.68394343e+00  1.77497056e+00  9.99926077e-01 -4.37709086e-01
 -2.63319429e+00  1.56705643e+00 -1.20496137e+00 -2.51580461e+00
  6.43839820e-02]
Fri Jun 14 00:58:28 2024,974,0.07487811769234987,[-2.86364747e+00  2.02765645e+00 -1.58628127e+00 -1.12910659e-02
  4.49620224e-01 -3.26552143e+00  3.24467392e+00  2.09906091e+00
  1.03534048e+00 -1.03123138e+00  5.59399903e-01  1.30319482e+00
  1.26337956e+00 -1.86433647e+00  8.08037527e-01  2.89762810e+00
 -3.91915411e-01 -4.31990285e-01 -1.91302681e+00  8.51386928e-01
  1.61769616e+00  2.92125755e+00 -1.41124892e+00 -4.31193900e-01
 -2.17226271e+00 -2.10205514e+00  3.10087579e+00  2.81005730e+00
 -7.17247381e-01 -2.61638616e+00  1.54938632e+00 -1.78508984e-01
 -2.43903309e+00  1.79956499e+00  1.15356634e+00 -6.12048442e-01
  1.09539131e+00 -2.03813172e+00 -2.29817123e-01  2.27506228e+00
 -3.81208679e-01  4.51329094e-01  2.44298585e+00  5.69179342e-01
  2.62208999e+00  2.92549574e+00  2.80985600e+00 -2.94879880e+00
  2.60762894e-01 -3.92753337e-01  1.73300544e+00  2.97314764e+00
 -3.50391413e-01 -2.33532520e+00  2.71565833e+00 -3.17797516e+00
  5.54647809e-01 -7.07411050e-01 -1.75282911e+00  3.07195508e+00
 -1.95904962e+00 -1.67992406e+00 -2.54436123e+00  2.35694847e+00
 -2.11583708e+00  1.95468966e+00  1.71216157e+00  1.45402415e+00
  2.52851086e+00  2.89249980e+00  2.00538131e+00  1.49607592e+00
 -1.74718600e+00 -2.40075922e+00  1.14521765e+00  5.87699666e-01
  1.57917656e+00 -2.77776414e+00 -1.14127205e-01  2.48874019e+00
 -1.18506087e+00  1.11986022e+00  1.23253974e+00  6.12091312e-01
 -9.31977562e-01  1.09005512e+00  7.90086102e-01 -4.07565533e-01
  2.83558878e+00 -2.12907901e+00  1.54649781e+00 -6.60551708e-01
  9.73012805e-01 -3.18918312e+00 -2.26647775e+00  3.49498993e-01
 -1.06941487e+00 -4.01800963e-01  2.70026053e-01  5.57449814e-02
 -1.76788927e+00 -2.01898873e-01 -6.79134412e-01  2.87285906e+00
 -1.15781303e+00 -1.19936599e+00 -1.13080899e+00  1.25745790e+00
  1.58282420e+00 -8.38669429e-01  2.13484391e+00 -1.40743958e+00
 -2.51612612e-01 -8.93249686e-01 -2.96269195e+00  3.11673924e+00
 -1.78163981e+00  3.03202829e+00 -1.36871079e+00 -2.30279218e+00
  3.85188451e+00 -1.21052018e+00 -5.30217654e-01 -3.13398337e+00
 -2.50609625e+00  2.97596830e+00 -1.94086465e+00 -1.69634466e+00
 -4.10989762e-01  2.94692599e+00  1.34257957e-01  3.57601702e-02
 -1.61811782e+00 -1.46835833e-01 -1.57795903e+00 -3.11071225e+00
  2.91211124e+00  1.12221433e+00 -3.24691990e-01 -2.32515624e+00
  1.02119172e+00 -1.17571701e+00 -3.00423367e-01 -2.16106897e+00
 -1.88477410e+00  1.83451401e+00 -9.80399730e-01  2.58676139e+00
 -4.22912850e-01 -3.11670504e+00 -2.85949838e+00  2.04502778e+00
 -3.05266677e+00 -2.36928432e-01 -1.02176318e+00 -1.76596448e-01
  2.37935915e+00  1.70701593e+00 -3.08637718e-01 -1.66272669e+00
 -3.05054403e+00  9.80413192e-02 -8.11076847e-01  1.45158947e+00
 -2.52246029e+00  9.59703926e-01 -2.35794574e-02  2.13538418e-01
  2.00878276e+00  7.16180457e-01  7.90724888e-01 -1.22335282e+00
  1.58368043e+00  2.57060983e+00  1.30375068e+00  3.03910886e-01
 -9.89010614e-01  2.57922690e+00  8.20486676e-01 -2.21967112e+00
 -1.58028022e-03  1.69718238e+00  1.07084391e+00 -6.48060866e-01
 -2.31601029e+00  2.43902137e+00  2.03290623e+00  1.63590636e+00
  2.24322665e+00  1.87840371e+00 -2.16375114e+00 -2.88192998e+00
  5.03693011e-01  1.37672054e+00 -2.42786855e+00 -1.30909154e+00
  2.42529299e+00  1.25965754e+00  4.35610853e-02 -1.76168880e+00
 -1.56568870e+00  1.91462960e+00  1.45457972e+00 -8.19267327e-01
 -1.26673149e-01 -4.62412700e-01 -1.69274695e-01  2.39574553e+00
 -5.47991157e-01 -6.47537697e-01  1.08523535e+00 -2.30101255e+00
  9.93691684e-01  2.53463547e+00 -4.95212666e-01  2.10481204e+00
 -1.97742321e+00 -8.76586815e-01 -2.42294610e+00 -2.27068081e+00
 -1.38237898e+00 -2.93302400e+00  1.58473452e+00  1.86282931e+00
  1.66074310e+00  1.03246499e+00  1.40541358e+00 -2.30496738e+00
 -2.68282896e+00  1.77608504e+00  1.00104055e+00 -4.38823563e-01
 -2.63207981e+00  1.56594195e+00 -1.20607585e+00 -2.51691909e+00
  6.32695047e-02]
Fri Jun 14 00:58:45 2024,975,0.07490208322182987,[-2.86309570e+00  2.02820821e+00 -1.58572951e+00 -1.18428298e-02
  4.50171988e-01 -3.26607319e+00  3.24412215e+00  2.09850914e+00
  1.03478871e+00 -1.03067961e+00  5.59951667e-01  1.30374659e+00
  1.26393132e+00 -1.86488824e+00  8.08589291e-01  2.89817987e+00
 -3.91363647e-01 -4.31438521e-01 -1.91247504e+00  8.51938692e-01
  1.61714440e+00  2.92180932e+00 -1.41180069e+00 -4.31745664e-01
 -2.17171094e+00 -2.10260691e+00  3.10142756e+00  2.80950553e+00
 -7.17799145e-01 -2.61583440e+00  1.54993809e+00 -1.79060748e-01
 -2.43848133e+00  1.80011676e+00  1.15411811e+00 -6.11496678e-01
  1.09594308e+00 -2.03868349e+00 -2.30368887e-01  2.27561405e+00
 -3.80656915e-01  4.51880858e-01  2.44353761e+00  5.68627578e-01
  2.62264175e+00  2.92604751e+00  2.81040777e+00 -2.94824703e+00
  2.61314658e-01 -3.92201573e-01  1.73355721e+00  2.97369941e+00
 -3.49839649e-01 -2.33477344e+00  2.71621009e+00 -3.17852692e+00
  5.55199573e-01 -7.06859287e-01 -1.75227735e+00  3.07140331e+00
 -1.95849786e+00 -1.68047583e+00 -2.54380946e+00  2.35750023e+00
 -2.11528532e+00  1.95524143e+00  1.71160980e+00  1.45347239e+00
  2.52795910e+00  2.89194804e+00  2.00482954e+00  1.49662769e+00
 -1.74773776e+00 -2.40020745e+00  1.14466589e+00  5.87147902e-01
  1.57972832e+00 -2.77721238e+00 -1.13575441e-01  2.48818842e+00
 -1.18561264e+00  1.11930846e+00  1.23309151e+00  6.11539548e-01
 -9.31425798e-01  1.08950335e+00  7.90637866e-01 -4.07013769e-01
  2.83503702e+00 -2.12963077e+00  1.54704957e+00 -6.61103472e-01
  9.72461041e-01 -3.18973488e+00 -2.26592598e+00  3.50050757e-01
 -1.06996664e+00 -4.02352727e-01  2.70577817e-01  5.51932175e-02
 -1.76733750e+00 -2.01347109e-01 -6.79686176e-01  2.87230729e+00
 -1.15726126e+00 -1.19991776e+00 -1.13025722e+00  1.25690614e+00
  1.58337597e+00 -8.39221193e-01  2.13429214e+00 -1.40688781e+00
 -2.52164376e-01 -8.92697922e-01 -2.96214018e+00  3.11618747e+00
 -1.78219157e+00  3.03258006e+00 -1.36926256e+00 -2.30334394e+00
  3.85243628e+00 -1.21107195e+00 -5.30769418e-01 -3.13343160e+00
 -2.50554448e+00  2.97541653e+00 -1.94031288e+00 -1.69579290e+00
 -4.10437998e-01  2.94747775e+00  1.34809721e-01  3.52084063e-02
 -1.61756606e+00 -1.47387597e-01 -1.57740727e+00 -3.11016048e+00
  2.91266301e+00  1.12276609e+00 -3.24140226e-01 -2.32570801e+00
  1.02174349e+00 -1.17516525e+00 -3.00975131e-01 -2.16051720e+00
 -1.88532586e+00  1.83396225e+00 -9.80951494e-01  2.58731315e+00
 -4.23464614e-01 -3.11615327e+00 -2.86005014e+00  2.04557954e+00
 -3.05211500e+00 -2.37480196e-01 -1.02121142e+00 -1.77148212e-01
  2.37991092e+00  1.70756770e+00 -3.08085955e-01 -1.66327845e+00
 -3.04999226e+00  9.85930831e-02 -8.10525083e-01  1.45103771e+00
 -2.52190852e+00  9.60255690e-01 -2.41312213e-02  2.14090182e-01
  2.00933452e+00  7.15628693e-01  7.91276652e-01 -1.22390458e+00
  1.58423220e+00  2.57005807e+00  1.30319892e+00  3.03359122e-01
 -9.89562378e-01  2.57867513e+00  8.19934912e-01 -2.22022288e+00
 -1.02851629e-03  1.69773415e+00  1.07029215e+00 -6.48612630e-01
 -2.31545853e+00  2.43846961e+00  2.03345800e+00  1.63645813e+00
  2.24267488e+00  1.87785195e+00 -2.16430290e+00 -2.88137821e+00
  5.04244775e-01  1.37727230e+00 -2.42731679e+00 -1.30853978e+00
  2.42584476e+00  1.26020931e+00  4.41128492e-02 -1.76113703e+00
 -1.56624047e+00  1.91407783e+00  1.45513148e+00 -8.19819091e-01
 -1.27224913e-01 -4.62964464e-01 -1.69826459e-01  2.39519377e+00
 -5.48542921e-01 -6.48089461e-01  1.08578711e+00 -2.30046079e+00
  9.94243448e-01  2.53518723e+00 -4.95764430e-01  2.10536381e+00
 -1.97687145e+00 -8.76035051e-01 -2.42349786e+00 -2.27123258e+00
 -1.38182722e+00 -2.93247223e+00  1.58528629e+00  1.86338108e+00
  1.66129487e+00  1.03301676e+00  1.40596534e+00 -2.30441562e+00
 -2.68338072e+00  1.77553327e+00  1.00159232e+00 -4.38271799e-01
 -2.63152805e+00  1.56539019e+00 -1.20552408e+00 -2.51747085e+00
  6.27177408e-02]
Fri Jun 14 00:59:05 2024,976,0.07489912122747294,[-2.86344312e+00  2.02786079e+00 -1.58538209e+00 -1.21902441e-02
  4.50519403e-01 -3.26642061e+00  3.24446957e+00  2.09885656e+00
  1.03513613e+00 -1.03033220e+00  5.59604253e-01  1.30409400e+00
  1.26358391e+00 -1.86523565e+00  8.08241877e-01  2.89783245e+00
 -3.91711061e-01 -4.31091107e-01 -1.91212763e+00  8.52286107e-01
  1.61679699e+00  2.92215673e+00 -1.41145327e+00 -4.31398250e-01
 -2.17136353e+00 -2.10225949e+00  3.10177497e+00  2.80915812e+00
 -7.18146560e-01 -2.61548699e+00  1.54959067e+00 -1.78713333e-01
 -2.43813392e+00  1.79976934e+00  1.15446552e+00 -6.11844092e-01
  1.09559566e+00 -2.03903090e+00 -2.30021472e-01  2.27596146e+00
 -3.80309501e-01  4.52228272e-01  2.44319020e+00  5.68974992e-01
  2.62229434e+00  2.92570009e+00  2.81006035e+00 -2.94859445e+00
  2.61662072e-01 -3.91854159e-01  1.73390462e+00  2.97335199e+00
 -3.49492235e-01 -2.33442602e+00  2.71655751e+00 -3.17887434e+00
  5.54852158e-01 -7.07206701e-01 -1.75192993e+00  3.07175073e+00
 -1.95815044e+00 -1.68012841e+00 -2.54415688e+00  2.35784764e+00
 -2.11493791e+00  1.95489401e+00  1.71126239e+00  1.45381980e+00
  2.52830651e+00  2.89160062e+00  2.00517696e+00  1.49628027e+00
 -1.74739035e+00 -2.39986004e+00  1.14501330e+00  5.87495317e-01
  1.57938091e+00 -2.77686496e+00 -1.13228027e-01  2.48784101e+00
 -1.18596005e+00  1.11965587e+00  1.23343892e+00  6.11886962e-01
 -9.31078384e-01  1.08915594e+00  7.90985280e-01 -4.06666355e-01
  2.83538443e+00 -2.12928336e+00  1.54670216e+00 -6.60756058e-01
  9.72113627e-01 -3.19008230e+00 -2.26557857e+00  3.49703343e-01
 -1.06961922e+00 -4.02700141e-01  2.70925232e-01  5.55406318e-02
 -1.76768492e+00 -2.00999694e-01 -6.79338762e-01  2.87195988e+00
 -1.15760868e+00 -1.20026517e+00 -1.12990981e+00  1.25725355e+00
  1.58302855e+00 -8.39568607e-01  2.13394473e+00 -1.40654040e+00
 -2.52511790e-01 -8.92350508e-01 -2.96179277e+00  3.11584006e+00
 -1.78184416e+00  3.03292747e+00 -1.36960997e+00 -2.30369136e+00
  3.85278369e+00 -1.21141936e+00 -5.31116833e-01 -3.13308419e+00
 -2.50519707e+00  2.97506912e+00 -1.94066030e+00 -1.69614031e+00
 -4.10785412e-01  2.94713034e+00  1.35157135e-01  3.55558206e-02
 -1.61721864e+00 -1.47040183e-01 -1.57705985e+00 -3.10981307e+00
  2.91301042e+00  1.12311350e+00 -3.23792812e-01 -2.32605542e+00
  1.02139607e+00 -1.17551266e+00 -3.00627717e-01 -2.16016979e+00
 -1.88567327e+00  1.83430966e+00 -9.81298908e-01  2.58696574e+00
 -4.23117199e-01 -3.11650069e+00 -2.86039756e+00  2.04592695e+00
 -3.05246242e+00 -2.37827611e-01 -1.02086401e+00 -1.76800797e-01
  2.37956350e+00  1.70722028e+00 -3.07738540e-01 -1.66362587e+00
 -3.04964485e+00  9.82456688e-02 -8.10177669e-01  1.45138513e+00
 -2.52156111e+00  9.60603105e-01 -2.37838070e-02  2.13742768e-01
  2.00898711e+00  7.15976107e-01  7.90929238e-01 -1.22425200e+00
  1.58388478e+00  2.57040548e+00  1.30285150e+00  3.03706536e-01
 -9.89214963e-01  2.57902255e+00  8.19587498e-01 -2.21987547e+00
 -1.37593062e-03  1.69738673e+00  1.07063956e+00 -6.48960044e-01
 -2.31580594e+00  2.43812219e+00  2.03380541e+00  1.63680554e+00
  2.24232747e+00  1.87819936e+00 -2.16465032e+00 -2.88172563e+00
  5.04592189e-01  1.37761972e+00 -2.42766420e+00 -1.30819236e+00
  2.42549734e+00  1.26055672e+00  4.37654349e-02 -1.76078962e+00
 -1.56658788e+00  1.91442525e+00  1.45478407e+00 -8.19471677e-01
 -1.27572327e-01 -4.62617050e-01 -1.69479045e-01  2.39484635e+00
 -5.48890336e-01 -6.47742046e-01  1.08613453e+00 -2.30080820e+00
  9.94590862e-01  2.53483982e+00 -4.95417015e-01  2.10571122e+00
 -1.97652403e+00 -8.75687637e-01 -2.42315045e+00 -2.27088516e+00
 -1.38147980e+00 -2.93212482e+00  1.58493887e+00  1.86303366e+00
  1.66094745e+00  1.03336417e+00  1.40631276e+00 -2.30406820e+00
 -2.68372813e+00  1.77518586e+00  1.00193973e+00 -4.38619214e-01
 -2.63187546e+00  1.56573760e+00 -1.20517667e+00 -2.51712344e+00
  6.23703265e-02]
Fri Jun 14 00:59:23 2024,977,0.07491792226040876,[-2.86257175e+00  2.02873216e+00 -1.58451072e+00 -1.30616118e-02
  4.49648035e-01 -3.26729197e+00  3.24534094e+00  2.09972792e+00
  1.03600750e+00 -1.02946083e+00  5.58732885e-01  1.30496537e+00
  1.26271254e+00 -1.86436429e+00  8.07370509e-01  2.89870382e+00
 -3.92582429e-01 -4.30219739e-01 -1.91299900e+00  8.53157474e-01
  1.61766835e+00  2.92128537e+00 -1.41058191e+00 -4.30526882e-01
 -2.17223490e+00 -2.10313086e+00  3.10264634e+00  2.80828675e+00
 -7.17275192e-01 -2.61461562e+00  1.55046204e+00 -1.77841966e-01
 -2.43726255e+00  1.79889797e+00  1.15533689e+00 -6.12715460e-01
  1.09472430e+00 -2.03990227e+00 -2.30892840e-01  2.27683283e+00
 -3.81180869e-01  4.53099640e-01  2.44406156e+00  5.68103625e-01
  2.62316570e+00  2.92657146e+00  2.81093172e+00 -2.94946582e+00
  2.60790704e-01 -3.92725527e-01  1.73303326e+00  2.97422336e+00
 -3.48620867e-01 -2.33355465e+00  2.71568614e+00 -3.17974570e+00
  5.53980791e-01 -7.08078069e-01 -1.75105856e+00  3.07262210e+00
 -1.95902181e+00 -1.68099978e+00 -2.54502824e+00  2.35871901e+00
 -2.11580927e+00  1.95402264e+00  1.71213376e+00  1.45294844e+00
  2.52917788e+00  2.89247199e+00  2.00604833e+00  1.49540890e+00
 -1.74826171e+00 -2.40073140e+00  1.14588467e+00  5.86623949e-01
  1.57850954e+00 -2.77773633e+00 -1.12356659e-01  2.48871238e+00
 -1.18683142e+00  1.11878451e+00  1.23431029e+00  6.12758330e-01
 -9.30207016e-01  1.08828457e+00  7.91856648e-01 -4.07537722e-01
  2.83451306e+00 -2.13015473e+00  1.54583079e+00 -6.59884690e-01
  9.71242259e-01 -3.18921093e+00 -2.26470720e+00  3.50574711e-01
 -1.06874786e+00 -4.03571509e-01  2.71796599e-01  5.64119995e-02
 -1.76855629e+00 -2.01871062e-01 -6.78467394e-01  2.87283125e+00
 -1.15848005e+00 -1.20113654e+00 -1.13078118e+00  1.25638218e+00
  1.58215719e+00 -8.40439975e-01  2.13481610e+00 -1.40566903e+00
 -2.53383158e-01 -8.93221875e-01 -2.96266413e+00  3.11496869e+00
 -1.78271552e+00  3.03205610e+00 -1.37048134e+00 -2.30456273e+00
  3.85365506e+00 -1.21229073e+00 -5.31988200e-01 -3.13395556e+00
 -2.50432570e+00  2.97594049e+00 -1.93978893e+00 -1.69701168e+00
 -4.11656780e-01  2.94625897e+00  1.36028503e-01  3.46844530e-02
 -1.61634727e+00 -1.46168815e-01 -1.57793122e+00 -3.10894170e+00
  2.91213906e+00  1.12398487e+00 -3.24664180e-01 -2.32518405e+00
  1.02226744e+00 -1.17464129e+00 -2.99756349e-01 -2.15929842e+00
 -1.88654464e+00  1.83518103e+00 -9.80427541e-01  2.58609437e+00
 -4.22245832e-01 -3.11562932e+00 -2.85952619e+00  2.04505559e+00
 -3.05333379e+00 -2.36956243e-01 -1.01999264e+00 -1.75929430e-01
  2.37869214e+00  1.70809165e+00 -3.06867173e-01 -1.66449723e+00
 -3.05051622e+00  9.73743011e-02 -8.09306301e-01  1.45225649e+00
 -2.52068974e+00  9.61474472e-01 -2.29124393e-02  2.12871400e-01
  2.00985848e+00  7.15104740e-01  7.91800605e-01 -1.22338063e+00
  1.58301341e+00  2.56953411e+00  1.30372287e+00  3.02835169e-01
 -9.88343596e-01  2.57815118e+00  8.18716130e-01 -2.21900410e+00
 -5.04562930e-04  1.69651536e+00  1.07151093e+00 -6.49831412e-01
 -2.31667731e+00  2.43725082e+00  2.03293404e+00  1.63593417e+00
  2.24319884e+00  1.87732799e+00 -2.16377895e+00 -2.88259699e+00
  5.05463557e-01  1.37674835e+00 -2.42853557e+00 -1.30906373e+00
  2.42462597e+00  1.25968535e+00  4.28940672e-02 -1.75991825e+00
 -1.56571651e+00  1.91529662e+00  1.45391270e+00 -8.20343044e-01
 -1.28443695e-01 -4.61745682e-01 -1.70350412e-01  2.39571772e+00
 -5.49761703e-01 -6.48613414e-01  1.08700590e+00 -2.29993684e+00
  9.93719494e-01  2.53396845e+00 -4.94545648e-01  2.10658259e+00
 -1.97565267e+00 -8.76559004e-01 -2.42227908e+00 -2.27175653e+00
 -1.38060844e+00 -2.93299619e+00  1.58406750e+00  1.86390503e+00
  1.66007608e+00  1.03249280e+00  1.40718413e+00 -2.30493957e+00
 -2.68459950e+00  1.77605723e+00  1.00106837e+00 -4.37747846e-01
 -2.63274683e+00  1.56486623e+00 -1.20604804e+00 -2.51625207e+00
  6.32416941e-02]
Fri Jun 14 00:59:45 2024,978,0.0749139787058993,[-2.86240539e+00  2.02889852e+00 -1.58467708e+00 -1.32279710e-02
  4.49481676e-01 -3.26745833e+00  3.24550730e+00  2.09989428e+00
  1.03617386e+00 -1.02929447e+00  5.58566526e-01  1.30479901e+00
  1.26254618e+00 -1.86453064e+00  8.07204150e-01  2.89887018e+00
 -3.92748788e-01 -4.30386099e-01 -1.91316536e+00  8.52991115e-01
  1.61783471e+00  2.92111901e+00 -1.41041555e+00 -4.30693241e-01
 -2.17240126e+00 -2.10329722e+00  3.10247998e+00  2.80812039e+00
 -7.17441551e-01 -2.61478198e+00  1.55029568e+00 -1.77675606e-01
 -2.43742891e+00  1.79873162e+00  1.15517053e+00 -6.12881819e-01
  1.09489066e+00 -2.03973591e+00 -2.30726481e-01  2.27699919e+00
 -3.81347228e-01  4.52933281e-01  2.44389520e+00  5.68269984e-01
  2.62333206e+00  2.92673782e+00  2.81109808e+00 -2.94929946e+00
  2.60624345e-01 -3.92559167e-01  1.73319961e+00  2.97405700e+00
 -3.48454508e-01 -2.33338829e+00  2.71551978e+00 -3.17957934e+00
  5.53814432e-01 -7.07911709e-01 -1.75089221e+00  3.07245574e+00
 -1.95885545e+00 -1.68083342e+00 -2.54486188e+00  2.35855265e+00
 -2.11564291e+00  1.95418900e+00  1.71230012e+00  1.45278208e+00
  2.52934424e+00  2.89263835e+00  2.00621468e+00  1.49524255e+00
 -1.74809535e+00 -2.40056505e+00  1.14571831e+00  5.86457590e-01
  1.57867590e+00 -2.77790269e+00 -1.12523018e-01  2.48887874e+00
 -1.18666506e+00  1.11895086e+00  1.23414393e+00  6.12591971e-01
 -9.30373375e-01  1.08811821e+00  7.91690289e-01 -4.07704082e-01
  2.83467942e+00 -2.12998837e+00  1.54566443e+00 -6.59718331e-01
  9.71408618e-01 -3.18937729e+00 -2.26487356e+00  3.50741070e-01
 -1.06891422e+00 -4.03405150e-01  2.71962959e-01  5.65783587e-02
 -1.76872265e+00 -2.02037421e-01 -6.78633753e-01  2.87266489e+00
 -1.15864641e+00 -1.20097018e+00 -1.13094754e+00  1.25621582e+00
  1.58232355e+00 -8.40273616e-01  2.13464974e+00 -1.40583539e+00
 -2.53549517e-01 -8.93388234e-01 -2.96249778e+00  3.11513505e+00
 -1.78288188e+00  3.03188974e+00 -1.37064770e+00 -2.30439637e+00
  3.85382142e+00 -1.21212437e+00 -5.32154559e-01 -3.13378920e+00
 -2.50415934e+00  2.97577413e+00 -1.93995529e+00 -1.69717804e+00
 -4.11490421e-01  2.94609261e+00  1.36194862e-01  3.48508121e-02
 -1.61651363e+00 -1.46335174e-01 -1.57776486e+00 -3.10877534e+00
  2.91197270e+00  1.12381851e+00 -3.24497821e-01 -2.32535041e+00
  1.02243380e+00 -1.17480765e+00 -2.99922708e-01 -2.15913206e+00
 -1.88637828e+00  1.83534739e+00 -9.80593900e-01  2.58592801e+00
 -4.22079472e-01 -3.11546296e+00 -2.85969255e+00  2.04522195e+00
 -3.05350014e+00 -2.36789884e-01 -1.01982628e+00 -1.75763071e-01
  2.37885849e+00  1.70825801e+00 -3.06700813e-01 -1.66466359e+00
 -3.05034986e+00  9.75406602e-02 -8.09472660e-01  1.45242285e+00
 -2.52085610e+00  9.61308113e-01 -2.30787984e-02  2.13037759e-01
  2.00969212e+00  7.14938380e-01  7.91966964e-01 -1.22354699e+00
  1.58317977e+00  2.56970047e+00  1.30388923e+00  3.02668809e-01
 -9.88177236e-01  2.57831754e+00  8.18882490e-01 -2.21917046e+00
 -6.70922079e-04  1.69634901e+00  1.07134457e+00 -6.49997771e-01
 -2.31651095e+00  2.43741718e+00  2.03276769e+00  1.63576781e+00
  2.24303248e+00  1.87749435e+00 -2.16394531e+00 -2.88276335e+00
  5.05297198e-01  1.37658199e+00 -2.42836921e+00 -1.30923009e+00
  2.42445961e+00  1.25951900e+00  4.30604264e-02 -1.75975189e+00
 -1.56555015e+00  1.91546298e+00  1.45374634e+00 -8.20176685e-01
 -1.28610054e-01 -4.61912041e-01 -1.70516771e-01  2.39588408e+00
 -5.49928062e-01 -6.48779773e-01  1.08717225e+00 -2.29977048e+00
  9.93885853e-01  2.53413481e+00 -4.94712007e-01  2.10641623e+00
 -1.97581903e+00 -8.76725364e-01 -2.42211272e+00 -2.27192289e+00
 -1.38077480e+00 -2.93316255e+00  1.58390115e+00  1.86407139e+00
  1.65990972e+00  1.03265916e+00  1.40735049e+00 -2.30477321e+00
 -2.68443314e+00  1.77589087e+00  1.00090201e+00 -4.37914205e-01
 -2.63291319e+00  1.56469987e+00 -1.20588168e+00 -2.51641843e+00
  6.30753350e-02]
Fri Jun 14 01:00:10 2024,979,0.07489103926726991,[-2.86170976e+00  2.02959416e+00 -1.58398145e+00 -1.39236045e-02
  4.50177309e-01 -3.26676270e+00  3.24481166e+00  2.09919865e+00
  1.03547822e+00 -1.02999011e+00  5.59262159e-01  1.30410338e+00
  1.26324182e+00 -1.86522628e+00  8.06508516e-01  2.89817455e+00
 -3.92053155e-01 -4.29690465e-01 -1.91386099e+00  8.52295482e-01
  1.61713908e+00  2.92042337e+00 -1.41111118e+00 -4.29997608e-01
 -2.17170562e+00 -2.10260158e+00  3.10317561e+00  2.80742476e+00
 -7.18137185e-01 -2.61547761e+00  1.54960005e+00 -1.76979973e-01
 -2.43812454e+00  1.79803598e+00  1.15447490e+00 -6.13577452e-01
  1.09558629e+00 -2.03904028e+00 -2.30030847e-01  2.27630355e+00
 -3.80651594e-01  4.53628915e-01  2.44459084e+00  5.67574350e-01
  2.62263643e+00  2.92604218e+00  2.81040245e+00 -2.94860382e+00
  2.59928712e-01 -3.93254801e-01  1.73250398e+00  2.97475264e+00
 -3.47758874e-01 -2.33269266e+00  2.71621541e+00 -3.18027498e+00
  5.54510065e-01 -7.07216076e-01 -1.75019657e+00  3.07176010e+00
 -1.95815982e+00 -1.68013779e+00 -2.54416625e+00  2.35924829e+00
 -2.11494728e+00  1.95349337e+00  1.71299575e+00  1.45208644e+00
  2.53003987e+00  2.89194272e+00  2.00691032e+00  1.49593818e+00
 -1.74739972e+00 -2.40126068e+00  1.14641394e+00  5.87153223e-01
  1.57798027e+00 -2.77859833e+00 -1.11827385e-01  2.48818310e+00
 -1.18736069e+00  1.11825523e+00  1.23483956e+00  6.11896337e-01
 -9.31069008e-01  1.08881385e+00  7.90994655e-01 -4.07008448e-01
  2.83398379e+00 -2.13068400e+00  1.54496880e+00 -6.60413964e-01
  9.70712985e-01 -3.18868166e+00 -2.26556919e+00  3.51436703e-01
 -1.06821858e+00 -4.02709516e-01  2.72658592e-01  5.72739922e-02
 -1.76802701e+00 -2.02733055e-01 -6.79329387e-01  2.87336052e+00
 -1.15934204e+00 -1.20166581e+00 -1.13025190e+00  1.25552019e+00
  1.58162791e+00 -8.40969249e-01  2.13534537e+00 -1.40513975e+00
 -2.52853884e-01 -8.92692601e-01 -2.96319341e+00  3.11443941e+00
 -1.78218625e+00  3.03119411e+00 -1.36995207e+00 -2.30370073e+00
  3.85451705e+00 -1.21282000e+00 -5.32850193e-01 -3.13448483e+00
 -2.50346371e+00  2.97646976e+00 -1.94065092e+00 -1.69648241e+00
 -4.10794788e-01  2.94539698e+00  1.36890496e-01  3.55464456e-02
 -1.61581800e+00 -1.45639541e-01 -1.57706923e+00 -3.10807971e+00
  2.91266833e+00  1.12312288e+00 -3.23802187e-01 -2.32465478e+00
  1.02173817e+00 -1.17411202e+00 -2.99227075e-01 -2.15982770e+00
 -1.88568265e+00  1.83604302e+00 -9.79898266e-01  2.58523238e+00
 -4.22775106e-01 -3.11615860e+00 -2.86038818e+00  2.04452631e+00
 -3.05419578e+00 -2.37485517e-01 -1.01913065e+00 -1.76458704e-01
  2.37955413e+00  1.70756237e+00 -3.06005180e-01 -1.66535923e+00
 -3.04965422e+00  9.82362937e-02 -8.08777027e-01  1.45311849e+00
 -2.52016047e+00  9.62003747e-01 -2.23831649e-02  2.13733393e-01
  2.01038775e+00  7.15634014e-01  7.91271331e-01 -1.22285136e+00
  1.58248414e+00  2.57039611e+00  1.30319360e+00  3.03364443e-01
 -9.88872870e-01  2.57901317e+00  8.19578123e-01 -2.21847483e+00
 -1.36655557e-03  1.69565337e+00  1.07064894e+00 -6.49302138e-01
 -2.31720658e+00  2.43672155e+00  2.03207205e+00  1.63507218e+00
  2.24372811e+00  1.87679872e+00 -2.16464094e+00 -2.88206772e+00
  5.05992831e-01  1.37588636e+00 -2.42767358e+00 -1.30992572e+00
  2.42376398e+00  1.26021463e+00  4.23647929e-02 -1.76044753e+00
 -1.56485452e+00  1.91476734e+00  1.45444197e+00 -8.19481052e-01
 -1.27914420e-01 -4.62607675e-01 -1.71212405e-01  2.39518844e+00
 -5.50623696e-01 -6.48084140e-01  1.08647662e+00 -2.29907484e+00
  9.93190220e-01  2.53483044e+00 -4.94016373e-01  2.10572060e+00
 -1.97651466e+00 -8.76029730e-01 -2.42141709e+00 -2.27261852e+00
 -1.38007916e+00 -2.93385818e+00  1.58320551e+00  1.86476702e+00
  1.65921409e+00  1.03335480e+00  1.40804612e+00 -2.30407758e+00
 -2.68373751e+00  1.77658650e+00  1.00020637e+00 -4.38609839e-01
 -2.63221756e+00  1.56539551e+00 -1.20518604e+00 -2.51572279e+00
  6.37709685e-02]
Fri Jun 14 01:00:27 2024,980,0.0748860255655465,[-2.86134494e+00  2.02995897e+00 -1.58434627e+00 -1.35587874e-02
  4.50542126e-01 -3.26712752e+00  3.24444685e+00  2.09883383e+00
  1.03511340e+00 -1.03035492e+00  5.58897342e-01  1.30446819e+00
  1.26360663e+00 -1.86559110e+00  8.06873333e-01  2.89853936e+00
 -3.91688337e-01 -4.29325648e-01 -1.91349617e+00  8.51930665e-01
  1.61677426e+00  2.92005856e+00 -1.41147600e+00 -4.29632791e-01
 -2.17134081e+00 -2.10223677e+00  3.10281080e+00  2.80778957e+00
 -7.17772368e-01 -2.61511279e+00  1.54923523e+00 -1.77344790e-01
 -2.43775972e+00  1.79767116e+00  1.15411008e+00 -6.13942269e-01
  1.09595111e+00 -2.03867546e+00 -2.29666030e-01  2.27593874e+00
 -3.80286777e-01  4.53993732e-01  2.44495565e+00  5.67939167e-01
  2.62227161e+00  2.92567737e+00  2.81003763e+00 -2.94823901e+00
  2.60293529e-01 -3.93619618e-01  1.73286880e+00  2.97438782e+00
 -3.48123691e-01 -2.33305748e+00  2.71585060e+00 -3.18063979e+00
  5.54874882e-01 -7.06851259e-01 -1.75056139e+00  3.07212492e+00
 -1.95779500e+00 -1.67977297e+00 -2.54380143e+00  2.35888347e+00
 -2.11531210e+00  1.95385819e+00  1.71263093e+00  1.45172163e+00
  2.53040469e+00  2.89230754e+00  2.00654550e+00  1.49557336e+00
 -1.74776454e+00 -2.40162550e+00  1.14604913e+00  5.86788406e-01
  1.57834508e+00 -2.77823351e+00 -1.12192202e-01  2.48854792e+00
 -1.18699588e+00  1.11862005e+00  1.23447475e+00  6.11531520e-01
 -9.30704191e-01  1.08844903e+00  7.90629838e-01 -4.06643631e-01
  2.83361897e+00 -2.13104882e+00  1.54533361e+00 -6.60778781e-01
  9.70348168e-01 -3.18831684e+00 -2.26593401e+00  3.51071886e-01
 -1.06785376e+00 -4.02344699e-01  2.72293775e-01  5.76388092e-02
 -1.76839183e+00 -2.03097872e-01 -6.79694204e-01  2.87372534e+00
 -1.15970686e+00 -1.20203063e+00 -1.13061672e+00  1.25588501e+00
  1.58199273e+00 -8.40604432e-01  2.13498055e+00 -1.40477494e+00
 -2.53218701e-01 -8.93057418e-01 -2.96355823e+00  3.11480423e+00
 -1.78182143e+00  3.03155893e+00 -1.37031688e+00 -2.30406555e+00
  3.85488187e+00 -1.21318482e+00 -5.33215010e-01 -3.13484965e+00
 -2.50309889e+00  2.97683458e+00 -1.94101574e+00 -1.69684722e+00
 -4.10429970e-01  2.94576180e+00  1.36525679e-01  3.51816285e-02
 -1.61545318e+00 -1.46004358e-01 -1.57743404e+00 -3.10844452e+00
  2.91303315e+00  1.12275806e+00 -3.24167004e-01 -2.32428996e+00
  1.02137335e+00 -1.17374720e+00 -2.99591892e-01 -2.15946288e+00
 -1.88604747e+00  1.83640784e+00 -9.80263083e-01  2.58486756e+00
 -4.23139923e-01 -3.11579378e+00 -2.86075300e+00  2.04489113e+00
 -3.05456060e+00 -2.37120700e-01 -1.01876583e+00 -1.76823521e-01
  2.37918931e+00  1.70792719e+00 -3.06369997e-01 -1.66499441e+00
 -3.05001904e+00  9.78714767e-02 -8.09141844e-01  1.45348330e+00
 -2.51979565e+00  9.61638929e-01 -2.20183479e-02  2.14098210e-01
  2.01075257e+00  7.15998831e-01  7.90906514e-01 -1.22321617e+00
  1.58284896e+00  2.57076092e+00  1.30355841e+00  3.03729260e-01
 -9.88508053e-01  2.57864835e+00  8.19213306e-01 -2.21883964e+00
 -1.00173850e-03  1.69601819e+00  1.07028412e+00 -6.49666955e-01
 -2.31757140e+00  2.43708637e+00  2.03170723e+00  1.63543700e+00
  2.24336329e+00  1.87643390e+00 -2.16500576e+00 -2.88170290e+00
  5.06357649e-01  1.37552154e+00 -2.42803840e+00 -1.30956091e+00
  2.42412880e+00  1.25984981e+00  4.19999758e-02 -1.76081234e+00
 -1.56521934e+00  1.91440252e+00  1.45407716e+00 -8.19845869e-01
 -1.27549603e-01 -4.62242857e-01 -1.71577222e-01  2.39482363e+00
 -5.50988513e-01 -6.48448957e-01  1.08611180e+00 -2.29943966e+00
  9.92825403e-01  2.53446563e+00 -4.94381190e-01  2.10608541e+00
 -1.97687948e+00 -8.75664913e-01 -2.42178191e+00 -2.27225371e+00
 -1.37971435e+00 -2.93422300e+00  1.58284069e+00  1.86513184e+00
  1.65957891e+00  1.03298998e+00  1.40768130e+00 -2.30371276e+00
 -2.68337269e+00  1.77695132e+00  9.99841555e-01 -4.38245022e-01
 -2.63185274e+00  1.56503069e+00 -1.20555086e+00 -2.51535798e+00
  6.41357855e-02]
Fri Jun 14 01:01:10 2024,981,0.07487914733640251,[-2.86016936e+00  2.03113455e+00 -1.58552185e+00 -1.47343677e-02
  4.51717707e-01 -3.26830310e+00  3.24562243e+00  2.09765825e+00
  1.03628899e+00 -1.02917934e+00  5.60072923e-01  1.30329261e+00
  1.26478221e+00 -1.86676668e+00  8.05697753e-01  2.89971494e+00
 -3.90512757e-01 -4.28150068e-01 -1.91467175e+00  8.53106245e-01
  1.61794984e+00  2.92123414e+00 -1.41030042e+00 -4.28457210e-01
 -2.17251639e+00 -2.10106119e+00  3.10163522e+00  2.80661399e+00
 -7.18947948e-01 -2.61628837e+00  1.54805965e+00 -1.76169210e-01
 -2.43658414e+00  1.79649558e+00  1.15293450e+00 -6.15117850e-01
  1.09712669e+00 -2.03985104e+00 -2.28490450e-01  2.27476316e+00
 -3.79111197e-01  4.55169312e-01  2.44378007e+00  5.69114748e-01
  2.62344719e+00  2.92450179e+00  2.80886205e+00 -2.94706343e+00
  2.59117948e-01 -3.94795198e-01  1.73169322e+00  2.97556340e+00
 -3.49299272e-01 -2.33188190e+00  2.71702618e+00 -3.17946421e+00
  5.56050462e-01 -7.08026839e-01 -1.74938581e+00  3.07330050e+00
 -1.95661942e+00 -1.68094855e+00 -2.54262585e+00  2.35770789e+00
 -2.11413652e+00  1.95268261e+00  1.71145535e+00  1.45054605e+00
  2.52922911e+00  2.89348312e+00  2.00772108e+00  1.49674894e+00
 -1.74894012e+00 -2.40044992e+00  1.14487355e+00  5.85612826e-01
  1.57952066e+00 -2.77705793e+00 -1.11016622e-01  2.48972350e+00
 -1.18817146e+00  1.11744447e+00  1.23329917e+00  6.10355940e-01
 -9.29528611e-01  1.08962461e+00  7.89454258e-01 -4.05468051e-01
  2.83479455e+00 -2.12987324e+00  1.54415803e+00 -6.59603201e-01
  9.71523748e-01 -3.18714126e+00 -2.26710959e+00  3.52247467e-01
 -1.06667818e+00 -4.01169119e-01  2.73469355e-01  5.64632289e-02
 -1.76721625e+00 -2.04273452e-01 -6.80869784e-01  2.87490092e+00
 -1.16088244e+00 -1.20320621e+00 -1.13179230e+00  1.25706059e+00
  1.58316831e+00 -8.41780013e-01  2.13615613e+00 -1.40359936e+00
 -2.54394281e-01 -8.91881838e-01 -2.96238265e+00  3.11597981e+00
 -1.78299701e+00  3.03038335e+00 -1.36914130e+00 -2.30288997e+00
  3.85370629e+00 -1.21200924e+00 -5.34390590e-01 -3.13367407e+00
 -2.50192331e+00  2.97801016e+00 -1.93984016e+00 -1.69802280e+00
 -4.09254390e-01  2.94458622e+00  1.35350098e-01  3.40060482e-02
 -1.61427760e+00 -1.47179938e-01 -1.57860962e+00 -3.10726894e+00
  2.91420873e+00  1.12393364e+00 -3.25342585e-01 -2.32311438e+00
  1.02254893e+00 -1.17492278e+00 -3.00767472e-01 -2.16063846e+00
 -1.88487189e+00  1.83758342e+00 -9.81438664e-01  2.58369198e+00
 -4.24315503e-01 -3.11461820e+00 -2.85957742e+00  2.04606671e+00
 -3.05573618e+00 -2.35945120e-01 -1.01994141e+00 -1.77999102e-01
  2.38036489e+00  1.70675161e+00 -3.07545577e-01 -1.66616999e+00
 -3.04884346e+00  9.66958963e-02 -8.07966264e-01  1.45465888e+00
 -2.51862007e+00  9.62814510e-01 -2.08427675e-02  2.15273790e-01
  2.01192815e+00  7.17174411e-01  7.89730934e-01 -1.22439175e+00
  1.58402454e+00  2.56958534e+00  1.30238283e+00  3.04904840e-01
 -9.89683633e-01  2.57747277e+00  8.18037726e-01 -2.22001522e+00
 -2.17731886e-03  1.69719377e+00  1.06910854e+00 -6.50842535e-01
 -2.31639582e+00  2.43826195e+00  2.03288282e+00  1.63426142e+00
  2.24218771e+00  1.87760948e+00 -2.16618134e+00 -2.88052732e+00
  5.05182068e-01  1.37669712e+00 -2.42921398e+00 -1.31073649e+00
  2.42530438e+00  1.26102539e+00  4.08243955e-02 -1.75963676e+00
 -1.56404376e+00  1.91322694e+00  1.45525274e+00 -8.18670288e-01
 -1.26374023e-01 -4.61067277e-01 -1.72752802e-01  2.39364805e+00
 -5.49812933e-01 -6.47273376e-01  1.08728738e+00 -2.29826408e+00
  9.94000983e-01  2.53329005e+00 -4.95556771e-01  2.10726099e+00
 -1.97570390e+00 -8.74489333e-01 -2.42060633e+00 -2.27107813e+00
 -1.38088993e+00 -2.93304742e+00  1.58401628e+00  1.86395626e+00
  1.66075449e+00  1.03416556e+00  1.40885688e+00 -2.30488834e+00
 -2.68454827e+00  1.77577574e+00  1.00101714e+00 -4.39420602e-01
 -2.63302832e+00  1.56620627e+00 -1.20437528e+00 -2.51653356e+00
  6.53113659e-02]
Fri Jun 14 01:01:27 2024,982,0.07482776280810863,[-2.86091710e+00  2.03038681e+00 -1.58477410e+00 -1.54821105e-02
  4.50969964e-01 -3.26905084e+00  3.24637017e+00  2.09840599e+00
  1.03703673e+00 -1.02843160e+00  5.59325180e-01  1.30404036e+00
  1.26552996e+00 -1.86751442e+00  8.06445496e-01  2.89896720e+00
 -3.89765014e-01 -4.28897810e-01 -1.91541950e+00  8.53853988e-01
  1.61720210e+00  2.92198188e+00 -1.40955267e+00 -4.27709468e-01
 -2.17326413e+00 -2.10031344e+00  3.10088747e+00  2.80736174e+00
 -7.19695691e-01 -2.61554063e+00  1.54880739e+00 -1.75421467e-01
 -2.43583640e+00  1.79574784e+00  1.15368224e+00 -6.14370107e-01
  1.09787443e+00 -2.03910330e+00 -2.29238193e-01  2.27551090e+00
 -3.78363454e-01  4.55917055e-01  2.44452782e+00  5.69862490e-01
  2.62269945e+00  2.92375404e+00  2.80960979e+00 -2.94781117e+00
  2.59865691e-01 -3.95542941e-01  1.73244096e+00  2.97481566e+00
 -3.50047014e-01 -2.33113415e+00  2.71777392e+00 -3.18021196e+00
  5.56798205e-01 -7.08774582e-01 -1.75013355e+00  3.07255276e+00
 -1.95736716e+00 -1.68169630e+00 -2.54337360e+00  2.35845563e+00
 -2.11338878e+00  1.95193486e+00  1.71220309e+00  1.44979830e+00
  2.52848137e+00  2.89423086e+00  2.00697334e+00  1.49749668e+00
 -1.74819238e+00 -2.40119766e+00  1.14562129e+00  5.84865083e-01
  1.57877292e+00 -2.77631018e+00 -1.11764364e-01  2.48897576e+00
 -1.18742371e+00  1.11669672e+00  1.23404691e+00  6.09608197e-01
 -9.30276354e-01  1.08887687e+00  7.90202001e-01 -4.06215793e-01
  2.83554229e+00 -2.12912549e+00  1.54341029e+00 -6.58855458e-01
  9.72271491e-01 -3.18788900e+00 -2.26785734e+00  3.52995209e-01
 -1.06742593e+00 -4.01916861e-01  2.72721613e-01  5.72109716e-02
 -1.76646851e+00 -2.05021195e-01 -6.80122041e-01  2.87415317e+00
 -1.16013469e+00 -1.20395395e+00 -1.13254004e+00  1.25631284e+00
  1.58242057e+00 -8.41032270e-01  2.13540839e+00 -1.40285161e+00
 -2.55142024e-01 -8.91134095e-01 -2.96313039e+00  3.11523207e+00
 -1.78374475e+00  3.02963560e+00 -1.36988905e+00 -2.30363771e+00
  3.85295855e+00 -1.21275698e+00 -5.35138333e-01 -3.13442181e+00
 -2.50117557e+00  2.97875790e+00 -1.94058790e+00 -1.69877055e+00
 -4.10002133e-01  2.94533396e+00  1.34602356e-01  3.32583054e-02
 -1.61352986e+00 -1.46432196e-01 -1.57935737e+00 -3.10801669e+00
  2.91495647e+00  1.12468139e+00 -3.24594842e-01 -2.32386212e+00
  1.02180119e+00 -1.17417504e+00 -3.00019729e-01 -2.16138620e+00
 -1.88561963e+00  1.83683568e+00 -9.82186406e-01  2.58443972e+00
 -4.25063246e-01 -3.11536594e+00 -2.86032516e+00  2.04681445e+00
 -3.05498843e+00 -2.36692863e-01 -1.02068915e+00 -1.78746844e-01
  2.37961715e+00  1.70600387e+00 -3.08293320e-01 -1.66542225e+00
 -3.04809572e+00  9.74436391e-02 -8.07218521e-01  1.45391114e+00
 -2.51787233e+00  9.62066767e-01 -2.00950248e-02  2.16021533e-01
  2.01267589e+00  7.16426669e-01  7.88983191e-01 -1.22364401e+00
  1.58327679e+00  2.56883760e+00  1.30163509e+00  3.05652583e-01
 -9.90431376e-01  2.57672503e+00  8.18785468e-01 -2.21926748e+00
 -1.42957611e-03  1.69794151e+00  1.06836080e+00 -6.50094792e-01
 -2.31714356e+00  2.43751420e+00  2.03363056e+00  1.63500916e+00
  2.24293546e+00  1.87835722e+00 -2.16692908e+00 -2.87977958e+00
  5.04434325e-01  1.37594938e+00 -2.42846623e+00 -1.31148423e+00
  2.42455664e+00  1.26177313e+00  4.15721382e-02 -1.75888902e+00
 -1.56329601e+00  1.91247920e+00  1.45600048e+00 -8.19418031e-01
 -1.27121766e-01 -4.60319534e-01 -1.72005060e-01  2.39290030e+00
 -5.49065190e-01 -6.46525634e-01  1.08653964e+00 -2.29901182e+00
  9.94748726e-01  2.53254230e+00 -4.94809028e-01  2.10800874e+00
 -1.97645164e+00 -8.73741590e-01 -2.41985858e+00 -2.27182587e+00
 -1.38014218e+00 -2.93229967e+00  1.58476402e+00  1.86470400e+00
  1.66000675e+00  1.03491330e+00  1.40960462e+00 -2.30414060e+00
 -2.68529602e+00  1.77502799e+00  1.00026939e+00 -4.40168345e-01
 -2.63228058e+00  1.56545853e+00 -1.20362754e+00 -2.51728130e+00
  6.60591087e-02]
Fri Jun 14 01:01:42 2024,983,0.07480544026770933,[-2.86035843e+00  2.02982814e+00 -1.58421543e+00 -1.60407822e-02
  4.51528636e-01 -3.26849217e+00  3.24692884e+00  2.09896467e+00
  1.03647806e+00 -1.02787293e+00  5.58766508e-01  1.30459903e+00
  1.26497128e+00 -1.86695575e+00  8.05886824e-01  2.89840853e+00
 -3.89206343e-01 -4.28339139e-01 -1.91597817e+00  8.53295316e-01
  1.61664343e+00  2.92254055e+00 -1.41011135e+00 -4.28268139e-01
 -2.17270546e+00 -2.10087212e+00  3.10032880e+00  2.80792041e+00
 -7.20254362e-01 -2.61609930e+00  1.54936606e+00 -1.75980139e-01
 -2.43639507e+00  1.79518917e+00  1.15424091e+00 -6.14928779e-01
  1.09843310e+00 -2.03854462e+00 -2.29796864e-01  2.27606957e+00
 -3.78922126e-01  4.56475726e-01  2.44508649e+00  5.69303819e-01
  2.62214078e+00  2.92319537e+00  2.81016846e+00 -2.94836984e+00
  2.59307019e-01 -3.94984269e-01  1.73299963e+00  2.97425698e+00
 -3.50605686e-01 -2.33057548e+00  2.71833259e+00 -3.18077063e+00
  5.57356877e-01 -7.09333254e-01 -1.74957488e+00  3.07311143e+00
 -1.95680849e+00 -1.68225497e+00 -2.54393227e+00  2.35789696e+00
 -2.11283010e+00  1.95249354e+00  1.71276177e+00  1.44923963e+00
  2.52792270e+00  2.89478953e+00  2.00753201e+00  1.49805536e+00
 -1.74763370e+00 -2.40063899e+00  1.14506262e+00  5.84306412e-01
  1.57933159e+00 -2.77575151e+00 -1.11205693e-01  2.48953443e+00
 -1.18798239e+00  1.11613805e+00  1.23460558e+00  6.10166869e-01
 -9.29717682e-01  1.08943554e+00  7.90760672e-01 -4.06774465e-01
  2.83610097e+00 -2.12856682e+00  1.54285162e+00 -6.58296786e-01
  9.72830163e-01 -3.18733033e+00 -2.26729866e+00  3.52436538e-01
 -1.06798460e+00 -4.01358190e-01  2.72162941e-01  5.66522999e-02
 -1.76590983e+00 -2.05579867e-01 -6.80680713e-01  2.87471185e+00
 -1.16069337e+00 -1.20339528e+00 -1.13198137e+00  1.25575417e+00
  1.58186190e+00 -8.41590942e-01  2.13484972e+00 -1.40229294e+00
 -2.55700696e-01 -8.91692767e-01 -2.96257172e+00  3.11579074e+00
 -1.78430343e+00  3.03019428e+00 -1.37044772e+00 -2.30307904e+00
  3.85239987e+00 -1.21331565e+00 -5.35697005e-01 -3.13386314e+00
 -2.50061690e+00  2.97819923e+00 -1.94002923e+00 -1.69932922e+00
 -4.09443461e-01  2.94477529e+00  1.34043684e-01  3.38169771e-02
 -1.61297119e+00 -1.46990867e-01 -1.57879869e+00 -3.10857536e+00
  2.91439780e+00  1.12412271e+00 -3.24036170e-01 -2.32330345e+00
  1.02124252e+00 -1.17473371e+00 -2.99461058e-01 -2.16194487e+00
 -1.88506096e+00  1.83739435e+00 -9.81627735e-01  2.58499839e+00
 -4.24504574e-01 -3.11480727e+00 -2.85976649e+00  2.04625578e+00
 -3.05442976e+00 -2.36134191e-01 -1.02124782e+00 -1.79305516e-01
  2.37905848e+00  1.70544520e+00 -3.07734648e-01 -1.66486357e+00
 -3.04753705e+00  9.68849674e-02 -8.07777193e-01  1.45335247e+00
 -2.51731365e+00  9.61508095e-01 -2.06536965e-02  2.15462861e-01
  2.01211722e+00  7.16985340e-01  7.89541862e-01 -1.22420268e+00
  1.58383547e+00  2.56827893e+00  1.30219376e+00  3.06211255e-01
 -9.90990048e-01  2.57728370e+00  8.19344140e-01 -2.21982615e+00
 -1.98824781e-03  1.69850018e+00  1.06891947e+00 -6.50653464e-01
 -2.31658489e+00  2.43695553e+00  2.03307189e+00  1.63556783e+00
  2.24237678e+00  1.87891590e+00 -2.16748775e+00 -2.87922091e+00
  5.04992997e-01  1.37650805e+00 -2.42902491e+00 -1.31092556e+00
  2.42511531e+00  1.26233181e+00  4.21308099e-02 -1.75833035e+00
 -1.56273734e+00  1.91303787e+00  1.45655915e+00 -8.18859359e-01
 -1.26563094e-01 -4.59760863e-01 -1.72563731e-01  2.39234163e+00
 -5.49623862e-01 -6.47084305e-01  1.08709831e+00 -2.29957049e+00
  9.94190054e-01  2.53310098e+00 -4.94250356e-01  2.10745006e+00
 -1.97589297e+00 -8.74300262e-01 -2.42041725e+00 -2.27126720e+00
 -1.37958351e+00 -2.93174100e+00  1.58420535e+00  1.86526267e+00
  1.65944807e+00  1.03435463e+00  1.40904595e+00 -2.30358193e+00
 -2.68585469e+00  1.77446932e+00  1.00082806e+00 -4.40727016e-01
 -2.63283925e+00  1.56601720e+00 -1.20418621e+00 -2.51783997e+00
  6.66177804e-02]
Fri Jun 14 01:01:58 2024,984,0.07480112025250882,[-2.86019607e+00  2.02966578e+00 -1.58405307e+00 -1.58784235e-02
  4.51366277e-01 -3.26832981e+00  3.24676648e+00  2.09912702e+00
  1.03664042e+00 -1.02803529e+00  5.58604150e-01  1.30476139e+00
  1.26480893e+00 -1.86711811e+00  8.06049183e-01  2.89857089e+00
 -3.89043984e-01 -4.28501497e-01 -1.91614053e+00  8.53457675e-01
  1.61680579e+00  2.92237819e+00 -1.40994899e+00 -4.28430498e-01
 -2.17286782e+00 -2.10070976e+00  3.10049116e+00  2.80775805e+00
 -7.20092004e-01 -2.61626166e+00  1.54920371e+00 -1.76142497e-01
 -2.43655743e+00  1.79535153e+00  1.15440327e+00 -6.15091137e-01
  1.09827074e+00 -2.03838227e+00 -2.29634506e-01  2.27623193e+00
 -3.79084484e-01  4.56638085e-01  2.44492413e+00  5.69466177e-01
  2.62230314e+00  2.92335773e+00  2.81000610e+00 -2.94820748e+00
  2.59469378e-01 -3.95146628e-01  1.73316199e+00  2.97409463e+00
 -3.50443327e-01 -2.33041312e+00  2.71849495e+00 -3.18093299e+00
  5.57194518e-01 -7.09495612e-01 -1.74941252e+00  3.07294907e+00
 -1.95664613e+00 -1.68241733e+00 -2.54376991e+00  2.35805932e+00
 -2.11299246e+00  1.95233118e+00  1.71292412e+00  1.44940199e+00
  2.52808506e+00  2.89495189e+00  2.00769437e+00  1.49789300e+00
 -1.74779606e+00 -2.40047663e+00  1.14522498e+00  5.84144053e-01
  1.57916923e+00 -2.77591387e+00 -1.11368051e-01  2.48937207e+00
 -1.18814474e+00  1.11597569e+00  1.23476794e+00  6.10004510e-01
 -9.29555323e-01  1.08959790e+00  7.90598314e-01 -4.06612106e-01
  2.83593861e+00 -2.12872918e+00  1.54268926e+00 -6.58134428e-01
  9.72667804e-01 -3.18749269e+00 -2.26713630e+00  3.52274179e-01
 -1.06782224e+00 -4.01195831e-01  2.72000582e-01  5.64899412e-02
 -1.76607219e+00 -2.05742225e-01 -6.80843072e-01  2.87454949e+00
 -1.16085572e+00 -1.20323292e+00 -1.13214373e+00  1.25559181e+00
  1.58202425e+00 -8.41753300e-01  2.13468736e+00 -1.40213058e+00
 -2.55863054e-01 -8.91855125e-01 -2.96240936e+00  3.11562838e+00
 -1.78414107e+00  3.03035663e+00 -1.37028536e+00 -2.30291668e+00
  3.85223752e+00 -1.21315330e+00 -5.35534646e-01 -3.13370078e+00
 -2.50077926e+00  2.97836159e+00 -1.94019159e+00 -1.69916686e+00
 -4.09281102e-01  2.94461293e+00  1.33881325e-01  3.36546184e-02
 -1.61280883e+00 -1.46828509e-01 -1.57896105e+00 -3.10873772e+00
  2.91423544e+00  1.12428507e+00 -3.23873811e-01 -2.32314109e+00
  1.02140487e+00 -1.17489607e+00 -2.99298699e-01 -2.16210723e+00
 -1.88489860e+00  1.83755671e+00 -9.81465376e-01  2.58516075e+00
 -4.24342216e-01 -3.11496963e+00 -2.85960413e+00  2.04641814e+00
 -3.05459212e+00 -2.35971832e-01 -1.02141018e+00 -1.79143157e-01
  2.37922084e+00  1.70528284e+00 -3.07572290e-01 -1.66470122e+00
 -3.04737469e+00  9.70473261e-02 -8.07614834e-01  1.45351483e+00
 -2.51715130e+00  9.61345737e-01 -2.08160552e-02  2.15625220e-01
  2.01227958e+00  7.16822982e-01  7.89704221e-01 -1.22436504e+00
  1.58399782e+00  2.56844129e+00  1.30203140e+00  3.06048896e-01
 -9.90827689e-01  2.57744606e+00  8.19181781e-01 -2.21966379e+00
 -2.15060652e-03  1.69866254e+00  1.06908183e+00 -6.50815823e-01
 -2.31642253e+00  2.43711789e+00  2.03323424e+00  1.63540547e+00
  2.24253914e+00  1.87907825e+00 -2.16765011e+00 -2.87905855e+00
  5.04830638e-01  1.37634569e+00 -2.42918726e+00 -1.31108792e+00
  2.42527767e+00  1.26249417e+00  4.22931686e-02 -1.75816799e+00
 -1.56289970e+00  1.91287551e+00  1.45672151e+00 -8.19021718e-01
 -1.26725453e-01 -4.59598504e-01 -1.72401373e-01  2.39217927e+00
 -5.49786220e-01 -6.47246664e-01  1.08726067e+00 -2.29973285e+00
  9.94352413e-01  2.53293862e+00 -4.94087998e-01  2.10761242e+00
 -1.97605533e+00 -8.74137903e-01 -2.42057961e+00 -2.27110484e+00
 -1.37974587e+00 -2.93190336e+00  1.58436770e+00  1.86542503e+00
  1.65961043e+00  1.03451699e+00  1.40920831e+00 -2.30341957e+00
 -2.68569233e+00  1.77430696e+00  1.00099042e+00 -4.40889375e-01
 -2.63300161e+00  1.56617956e+00 -1.20434857e+00 -2.51800233e+00
  6.64554216e-02]
Fri Jun 14 01:02:13 2024,985,0.07481378456693602,[-2.85986962e+00  2.02999223e+00 -1.58372662e+00 -1.62048755e-02
  4.51039825e-01 -3.26865626e+00  3.24644003e+00  2.09945348e+00
  1.03631396e+00 -1.02770884e+00  5.58930602e-01  1.30508784e+00
  1.26448247e+00 -1.86744456e+00  8.05722731e-01  2.89824444e+00
 -3.89370436e-01 -4.28175045e-01 -1.91581407e+00  8.53784127e-01
  1.61647933e+00  2.92205174e+00 -1.41027544e+00 -4.28756950e-01
 -2.17254136e+00 -2.10103621e+00  3.10016471e+00  2.80743160e+00
 -7.19765552e-01 -2.61658811e+00  1.54953016e+00 -1.75816045e-01
 -2.43623098e+00  1.79567798e+00  1.15407682e+00 -6.15417589e-01
  1.09859719e+00 -2.03870872e+00 -2.29308054e-01  2.27590548e+00
 -3.78758032e-01  4.56964537e-01  2.44459768e+00  5.69792629e-01
  2.62197669e+00  2.92368418e+00  2.81033256e+00 -2.94853393e+00
  2.59142926e-01 -3.95473080e-01  1.73348844e+00  2.97442108e+00
 -3.50769779e-01 -2.33073958e+00  2.71882140e+00 -3.18060654e+00
  5.57520970e-01 -7.09169160e-01 -1.74973897e+00  3.07327552e+00
 -1.95697259e+00 -1.68274378e+00 -2.54344346e+00  2.35773287e+00
 -2.11266601e+00  1.95265763e+00  1.71325058e+00  1.44907554e+00
  2.52775860e+00  2.89462544e+00  2.00802082e+00  1.49756655e+00
 -1.74812251e+00 -2.40080308e+00  1.14555143e+00  5.83817601e-01
  1.57949569e+00 -2.77558742e+00 -1.11041599e-01  2.48969852e+00
 -1.18781829e+00  1.11630215e+00  1.23509439e+00  6.10330962e-01
 -9.29881775e-01  1.08992435e+00  7.90924766e-01 -4.06285654e-01
  2.83626506e+00 -2.12905563e+00  1.54301571e+00 -6.58460880e-01
  9.72341352e-01 -3.18781914e+00 -2.26680985e+00  3.52600631e-01
 -1.06814869e+00 -4.00869379e-01  2.71674130e-01  5.61634892e-02
 -1.76574574e+00 -2.06068677e-01 -6.81169524e-01  2.87487594e+00
 -1.16052927e+00 -1.20290647e+00 -1.13181728e+00  1.25591827e+00
  1.58169780e+00 -8.41426848e-01  2.13501381e+00 -1.40245704e+00
 -2.55536602e-01 -8.91528673e-01 -2.96208291e+00  3.11530193e+00
 -1.78381462e+00  3.03068309e+00 -1.37061181e+00 -2.30324313e+00
  3.85256397e+00 -1.21347975e+00 -5.35208194e-01 -3.13337433e+00
 -2.50045280e+00  2.97803514e+00 -1.93986514e+00 -1.69884041e+00
 -4.09607554e-01  2.94493938e+00  1.33554873e-01  3.33281664e-02
 -1.61248238e+00 -1.46502057e-01 -1.57863460e+00 -3.10841126e+00
  2.91390899e+00  1.12461152e+00 -3.23547359e-01 -2.32346755e+00
  1.02173133e+00 -1.17456962e+00 -2.98972247e-01 -2.16178078e+00
 -1.88522505e+00  1.83788316e+00 -9.81138924e-01  2.58483430e+00
 -4.24668668e-01 -3.11529608e+00 -2.85927768e+00  2.04609169e+00
 -3.05491857e+00 -2.36298284e-01 -1.02108373e+00 -1.79469609e-01
  2.37889438e+00  1.70495639e+00 -3.07898742e-01 -1.66437476e+00
 -3.04704824e+00  9.73737781e-02 -8.07288382e-01  1.45318838e+00
 -2.51682484e+00  9.61672189e-01 -2.11425072e-02  2.15951672e-01
  2.01260603e+00  7.16496530e-01  7.89377769e-01 -1.22403859e+00
  1.58432428e+00  2.56876774e+00  1.30170495e+00  3.05722444e-01
 -9.91154141e-01  2.57777251e+00  8.19508233e-01 -2.21933734e+00
 -2.47705852e-03  1.69833609e+00  1.06940828e+00 -6.51142275e-01
 -2.31674898e+00  2.43744434e+00  2.03356070e+00  1.63573193e+00
  2.24221269e+00  1.87940471e+00 -2.16732366e+00 -2.87873210e+00
  5.04504186e-01  1.37667214e+00 -2.42886081e+00 -1.31076146e+00
  2.42560412e+00  1.26216771e+00  4.26196206e-02 -1.75784154e+00
 -1.56257325e+00  1.91320197e+00  1.45639506e+00 -8.19348170e-01
 -1.27051905e-01 -4.59272052e-01 -1.72074921e-01  2.39185282e+00
 -5.49459768e-01 -6.47573116e-01  1.08693422e+00 -2.29940640e+00
  9.94678865e-01  2.53261217e+00 -4.94414450e-01  2.10793888e+00
 -1.97572887e+00 -8.73811451e-01 -2.42090606e+00 -2.27077839e+00
 -1.38007232e+00 -2.93157691e+00  1.58404125e+00  1.86575148e+00
  1.65993689e+00  1.03484344e+00  1.40953476e+00 -2.30309312e+00
 -2.68601878e+00  1.77398051e+00  1.00131688e+00 -4.41215827e-01
 -2.63267515e+00  1.56650601e+00 -1.20467502e+00 -2.51832878e+00
  6.67818736e-02]
Fri Jun 14 01:02:30 2024,986,0.07480326345046567,[-2.85956937e+00  2.02969198e+00 -1.58342637e+00 -1.59046239e-02
  4.51340076e-01 -3.26835601e+00  3.24674028e+00  2.09915323e+00
  1.03601371e+00 -1.02800909e+00  5.59230853e-01  1.30538809e+00
  1.26478273e+00 -1.86774481e+00  8.05422479e-01  2.89794418e+00
 -3.89670688e-01 -4.28475297e-01 -1.91611433e+00  8.54084378e-01
  1.61617908e+00  2.92235199e+00 -1.40997519e+00 -4.29057202e-01
 -2.17284162e+00 -2.10133646e+00  3.09986446e+00  2.80773185e+00
 -7.19465300e-01 -2.61628786e+00  1.54922991e+00 -1.76116297e-01
 -2.43653123e+00  1.79537773e+00  1.15437707e+00 -6.15117338e-01
  1.09889745e+00 -2.03900897e+00 -2.29007802e-01  2.27620573e+00
 -3.79058284e-01  4.56664286e-01  2.44429743e+00  5.69492378e-01
  2.62227694e+00  2.92398444e+00  2.81063281e+00 -2.94823368e+00
  2.58842675e-01 -3.95773332e-01  1.73378869e+00  2.97472133e+00
 -3.50469528e-01 -2.33103983e+00  2.71912165e+00 -3.18030628e+00
  5.57821222e-01 -7.09469412e-01 -1.74943872e+00  3.07297527e+00
 -1.95667233e+00 -1.68304403e+00 -2.54374371e+00  2.35803312e+00
 -2.11236576e+00  1.95235738e+00  1.71295033e+00  1.44937579e+00
  2.52805886e+00  2.89432519e+00  2.00832107e+00  1.49726629e+00
 -1.74842277e+00 -2.40050283e+00  1.14525118e+00  5.83517349e-01
  1.57919543e+00 -2.77588767e+00 -1.11341851e-01  2.48939827e+00
 -1.18811854e+00  1.11660240e+00  1.23479414e+00  6.10631214e-01
 -9.29581524e-01  1.09022460e+00  7.90624514e-01 -4.05985403e-01
  2.83656531e+00 -2.12875538e+00  1.54331596e+00 -6.58160628e-01
  9.72041100e-01 -3.18811939e+00 -2.26650960e+00  3.52300379e-01
 -1.06844894e+00 -4.00569128e-01  2.71373879e-01  5.58632377e-02
 -1.76544549e+00 -2.06368929e-01 -6.81469775e-01  2.87457569e+00
 -1.16082952e+00 -1.20320672e+00 -1.13151703e+00  1.25561801e+00
  1.58199805e+00 -8.41126597e-01  2.13531406e+00 -1.40215678e+00
 -2.55836854e-01 -8.91828925e-01 -2.96178265e+00  3.11500168e+00
 -1.78351436e+00  3.03098334e+00 -1.37091206e+00 -2.30354339e+00
  3.85226372e+00 -1.21317950e+00 -5.34907943e-01 -3.13367458e+00
 -2.50075306e+00  2.97833539e+00 -1.94016539e+00 -1.69914066e+00
 -4.09307303e-01  2.94523963e+00  1.33855125e-01  3.30279149e-02
 -1.61218213e+00 -1.46802308e-01 -1.57833435e+00 -3.10871152e+00
  2.91360874e+00  1.12491178e+00 -3.23847611e-01 -2.32316729e+00
  1.02203158e+00 -1.17486987e+00 -2.98671995e-01 -2.16208103e+00
 -1.88552530e+00  1.83818341e+00 -9.80838672e-01  2.58453405e+00
 -4.24368416e-01 -3.11559633e+00 -2.85957793e+00  2.04639194e+00
 -3.05461832e+00 -2.35998033e-01 -1.02078348e+00 -1.79769861e-01
  2.37919464e+00  1.70525664e+00 -3.07598490e-01 -1.66407451e+00
 -3.04674798e+00  9.76740296e-02 -8.06988130e-01  1.45288812e+00
 -2.51652459e+00  9.61972440e-01 -2.14427587e-02  2.15651421e-01
  2.01230578e+00  7.16796781e-01  7.89678021e-01 -1.22433884e+00
  1.58402402e+00  2.56906799e+00  1.30200520e+00  3.06022696e-01
 -9.90853889e-01  2.57807277e+00  8.19207982e-01 -2.21963759e+00
 -2.17680698e-03  1.69803584e+00  1.06970853e+00 -6.50842023e-01
 -2.31704924e+00  2.43774459e+00  2.03386095e+00  1.63543167e+00
  2.24251294e+00  1.87970496e+00 -2.16702341e+00 -2.87903235e+00
  5.04203935e-01  1.37637189e+00 -2.42856056e+00 -1.31106172e+00
  2.42530387e+00  1.26246796e+00  4.23193691e-02 -1.75814179e+00
 -1.56287350e+00  1.91290172e+00  1.45609481e+00 -8.19648422e-01
 -1.26751653e-01 -4.59572303e-01 -1.71774669e-01  2.39215307e+00
 -5.49760020e-01 -6.47873367e-01  1.08723447e+00 -2.29970665e+00
  9.94979117e-01  2.53291242e+00 -4.94714701e-01  2.10823913e+00
 -1.97602913e+00 -8.74111702e-01 -2.42120632e+00 -2.27047814e+00
 -1.38037257e+00 -2.93127666e+00  1.58434150e+00  1.86605174e+00
  1.66023714e+00  1.03454319e+00  1.40983502e+00 -2.30339337e+00
 -2.68631903e+00  1.77428076e+00  1.00101662e+00 -4.40915576e-01
 -2.63297541e+00  1.56620576e+00 -1.20437477e+00 -2.51802853e+00
  6.70821252e-02]
Fri Jun 14 01:02:46 2024,987,0.07477455002839922,[-2.86030841e+00  2.02895294e+00 -1.58268733e+00 -1.51655836e-02
  4.50601036e-01 -3.26909505e+00  3.24600124e+00  2.09989227e+00
  1.03675275e+00 -1.02727005e+00  5.59969894e-01  1.30464905e+00
  1.26552177e+00 -1.86700577e+00  8.06161520e-01  2.89720514e+00
 -3.90409728e-01 -4.29214337e-01 -1.91537529e+00  8.54823419e-01
  1.61691812e+00  2.92309103e+00 -1.41071423e+00 -4.28318161e-01
 -2.17210258e+00 -2.10059742e+00  3.09912542e+00  2.80699281e+00
 -7.18726260e-01 -2.61702690e+00  1.54996895e+00 -1.76855337e-01
 -2.43579219e+00  1.79463869e+00  1.15511611e+00 -6.14378297e-01
  1.09963649e+00 -2.03826993e+00 -2.29746842e-01  2.27546669e+00
 -3.79797324e-01  4.57403326e-01  2.44355839e+00  5.70231418e-01
  2.62153790e+00  2.92324539e+00  2.81137185e+00 -2.94749464e+00
  2.58103634e-01 -3.96512372e-01  1.73452773e+00  2.97546037e+00
 -3.51208568e-01 -2.33030079e+00  2.71838261e+00 -3.17956724e+00
  5.58560262e-01 -7.08730372e-01 -1.75017776e+00  3.07223623e+00
 -1.95593329e+00 -1.68378307e+00 -2.54300467e+00  2.35877216e+00
 -2.11310480e+00  1.95161834e+00  1.71368937e+00  1.45011483e+00
  2.52731981e+00  2.89358614e+00  2.00758203e+00  1.49652725e+00
 -1.74916181e+00 -2.39976379e+00  1.14451214e+00  5.82778309e-01
  1.57845639e+00 -2.77514863e+00 -1.10602810e-01  2.49013731e+00
 -1.18737950e+00  1.11586336e+00  1.23553318e+00  6.11370254e-01
 -9.28842483e-01  1.08948556e+00  7.91363555e-01 -4.05246363e-01
  2.83582627e+00 -2.12801634e+00  1.54257692e+00 -6.58899669e-01
  9.72780141e-01 -3.18738035e+00 -2.26724864e+00  3.53039420e-01
 -1.06770990e+00 -4.01308168e-01  2.72112919e-01  5.51241973e-02
 -1.76470645e+00 -2.07107969e-01 -6.82208816e-01  2.87531473e+00
 -1.16156856e+00 -1.20394576e+00 -1.13225607e+00  1.25635705e+00
  1.58273709e+00 -8.40387557e-01  2.13457502e+00 -1.40141774e+00
 -2.55097814e-01 -8.92567965e-01 -2.96104361e+00  3.11426264e+00
 -1.78425340e+00  3.03024430e+00 -1.37165110e+00 -2.30428243e+00
  3.85300276e+00 -1.21391854e+00 -5.34168902e-01 -3.13441362e+00
 -2.50149210e+00  2.97759635e+00 -1.93942635e+00 -1.69840162e+00
 -4.10046343e-01  2.94450059e+00  1.33116084e-01  3.37669552e-02
 -1.61292117e+00 -1.46063268e-01 -1.57759531e+00 -3.10797248e+00
  2.91286970e+00  1.12565082e+00 -3.24586651e-01 -2.32390634e+00
  1.02129254e+00 -1.17560891e+00 -2.97932955e-01 -2.16282007e+00
 -1.88626434e+00  1.83744437e+00 -9.81577713e-01  2.58379501e+00
 -4.25107456e-01 -3.11485729e+00 -2.85883889e+00  2.04713098e+00
 -3.05387928e+00 -2.36737073e-01 -1.02152252e+00 -1.80508901e-01
  2.37845560e+00  1.70599568e+00 -3.06859450e-01 -1.66333547e+00
 -3.04748702e+00  9.69349892e-02 -8.07727171e-01  1.45214908e+00
 -2.51578555e+00  9.61233400e-01 -2.07037184e-02  2.16390461e-01
  2.01304482e+00  7.16057741e-01  7.90417061e-01 -1.22507788e+00
  1.58328498e+00  2.56832895e+00  1.30274424e+00  3.05283655e-01
 -9.91592930e-01  2.57881181e+00  8.19947022e-01 -2.22037663e+00
 -1.43776661e-03  1.69729680e+00  1.06896949e+00 -6.51581064e-01
 -2.31631019e+00  2.43848363e+00  2.03459999e+00  1.63469263e+00
  2.24325198e+00  1.88044400e+00 -2.16628437e+00 -2.87977139e+00
  5.03464895e-01  1.37711093e+00 -2.42782152e+00 -1.31180076e+00
  2.42456483e+00  1.26172892e+00  4.15803287e-02 -1.75740275e+00
 -1.56361254e+00  1.91216267e+00  1.45683385e+00 -8.18909381e-01
 -1.27490693e-01 -4.60311344e-01 -1.71035629e-01  2.39289211e+00
 -5.50499060e-01 -6.48612408e-01  1.08797351e+00 -2.29896761e+00
  9.95718157e-01  2.53365146e+00 -4.95453742e-01  2.10750009e+00
 -1.97676817e+00 -8.73372662e-01 -2.42046728e+00 -2.27121718e+00
 -1.38111161e+00 -2.93201570e+00  1.58360246e+00  1.86531270e+00
  1.66097618e+00  1.03380415e+00  1.41057406e+00 -2.30413241e+00
 -2.68557999e+00  1.77501980e+00  1.00027758e+00 -4.41654616e-01
 -2.63371445e+00  1.56546672e+00 -1.20363573e+00 -2.51728949e+00
  6.63430848e-02]
Fri Jun 14 01:03:02 2024,988,0.07477251992031901,[-2.86023168e+00  2.02887621e+00 -1.58261060e+00 -1.52423113e-02
  4.50677764e-01 -3.26901832e+00  3.24592451e+00  2.09996899e+00
  1.03682948e+00 -1.02734677e+00  5.59893166e-01  1.30472578e+00
  1.26544504e+00 -1.86692904e+00  8.06084792e-01  2.89728187e+00
 -3.90486456e-01 -4.29137610e-01 -1.91529856e+00  8.54746691e-01
  1.61699485e+00  2.92316776e+00 -1.41063750e+00 -4.28241433e-01
 -2.17202585e+00 -2.10052069e+00  3.09920214e+00  2.80706954e+00
 -7.18802987e-01 -2.61710363e+00  1.55004567e+00 -1.76932065e-01
 -2.43586892e+00  1.79456196e+00  1.15503939e+00 -6.14301570e-01
  1.09955976e+00 -2.03834666e+00 -2.29670115e-01  2.27538996e+00
 -3.79720597e-01  4.57480054e-01  2.44348166e+00  5.70154691e-01
  2.62146117e+00  2.92316867e+00  2.81129512e+00 -2.94741791e+00
  2.58180362e-01 -3.96435644e-01  1.73445101e+00  2.97553710e+00
 -3.51285296e-01 -2.33037751e+00  2.71845934e+00 -3.17964397e+00
  5.58636990e-01 -7.08653644e-01 -1.75010103e+00  3.07231296e+00
 -1.95601002e+00 -1.68370634e+00 -2.54292794e+00  2.35869543e+00
 -2.11318153e+00  1.95169506e+00  1.71376609e+00  1.45003810e+00
  2.52739654e+00  2.89350942e+00  2.00750530e+00  1.49660398e+00
 -1.74908508e+00 -2.39984052e+00  1.14443541e+00  5.82855037e-01
  1.57853312e+00 -2.77522536e+00 -1.10526083e-01  2.49021404e+00
 -1.18745623e+00  1.11594009e+00  1.23545645e+00  6.11293526e-01
 -9.28765756e-01  1.08940883e+00  7.91440282e-01 -4.05323090e-01
  2.83590300e+00 -2.12809307e+00  1.54250020e+00 -6.58822941e-01
  9.72856868e-01 -3.18730362e+00 -2.26717191e+00  3.53116148e-01
 -1.06778663e+00 -4.01384896e-01  2.72189647e-01  5.50474696e-02
 -1.76462972e+00 -2.07184697e-01 -6.82285543e-01  2.87539146e+00
 -1.16164529e+00 -1.20402249e+00 -1.13217934e+00  1.25628033e+00
  1.58281382e+00 -8.40310829e-01  2.13465175e+00 -1.40134102e+00
 -2.55021086e-01 -8.92491238e-01 -2.96112034e+00  3.11418591e+00
 -1.78433013e+00  3.03016757e+00 -1.37157438e+00 -2.30420570e+00
  3.85292603e+00 -1.21384181e+00 -5.34092174e-01 -3.13433689e+00
 -2.50156882e+00  2.97751962e+00 -1.93934962e+00 -1.69832489e+00
 -4.10123071e-01  2.94457732e+00  1.33192812e-01  3.38436830e-02
 -1.61284444e+00 -1.46139996e-01 -1.57751858e+00 -3.10789575e+00
  2.91294642e+00  1.12557409e+00 -3.24663379e-01 -2.32382961e+00
  1.02136927e+00 -1.17553218e+00 -2.98009683e-01 -2.16289680e+00
 -1.88634107e+00  1.83752110e+00 -9.81654441e-01  2.58371828e+00
 -4.25030729e-01 -3.11478056e+00 -2.85891562e+00  2.04720771e+00
 -3.05395601e+00 -2.36813801e-01 -1.02144579e+00 -1.80432173e-01
  2.37837887e+00  1.70591895e+00 -3.06936177e-01 -1.66325874e+00
 -3.04756375e+00  9.70117170e-02 -8.07650443e-01  1.45222581e+00
 -2.51586228e+00  9.61156672e-01 -2.07804461e-02  2.16313733e-01
  2.01296809e+00  7.16134468e-01  7.90340333e-01 -1.22515461e+00
  1.58320826e+00  2.56825222e+00  1.30282097e+00  3.05206928e-01
 -9.91516202e-01  2.57888853e+00  8.19870294e-01 -2.22045336e+00
 -1.51449434e-03  1.69737353e+00  1.06889276e+00 -6.51504336e-01
 -2.31623347e+00  2.43856036e+00  2.03452326e+00  1.63476936e+00
  2.24317526e+00  1.88052073e+00 -2.16620764e+00 -2.87984812e+00
  5.03541622e-01  1.37703420e+00 -2.42789825e+00 -1.31187748e+00
  2.42464155e+00  1.26165220e+00  4.15036010e-02 -1.75747948e+00
 -1.56368927e+00  1.91208595e+00  1.45691057e+00 -8.18986109e-01
 -1.27567421e-01 -4.60388072e-01 -1.70958901e-01  2.39281539e+00
 -5.50422332e-01 -6.48535680e-01  1.08805024e+00 -2.29904434e+00
  9.95641429e-01  2.53372818e+00 -4.95377014e-01  2.10742336e+00
 -1.97684489e+00 -8.73449390e-01 -2.42054400e+00 -2.27129390e+00
 -1.38103489e+00 -2.93209242e+00  1.58352574e+00  1.86538942e+00
  1.66089945e+00  1.03388088e+00  1.41065078e+00 -2.30420914e+00
 -2.68565672e+00  1.77494308e+00  1.00020086e+00 -4.41577888e-01
 -2.63363772e+00  1.56554345e+00 -1.20371246e+00 -2.51721276e+00
  6.62663571e-02]
Fri Jun 14 01:03:20 2024,989,0.07476259641233444,[-2.86001494e+00  2.02865947e+00 -1.58239386e+00 -1.54590542e-02
  4.50894507e-01 -3.26923506e+00  3.24570777e+00  2.10018574e+00
  1.03661274e+00 -1.02756352e+00  5.60109909e-01  1.30494252e+00
  1.26522829e+00 -1.86671230e+00  8.05868049e-01  2.89749861e+00
 -3.90703198e-01 -4.29354352e-01 -1.91508182e+00  8.54963434e-01
  1.61721159e+00  2.92295102e+00 -1.41085424e+00 -4.28024691e-01
 -2.17224259e+00 -2.10073744e+00  3.09898540e+00  2.80685279e+00
 -7.18586245e-01 -2.61688689e+00  1.55026242e+00 -1.77148808e-01
 -2.43608566e+00  1.79434522e+00  1.15525613e+00 -6.14084827e-01
  1.09977650e+00 -2.03812991e+00 -2.29886858e-01  2.27517322e+00
 -3.79937340e-01  4.57696797e-01  2.44369840e+00  5.69937948e-01
  2.62124443e+00  2.92338541e+00  2.81151186e+00 -2.94763466e+00
  2.57963619e-01 -3.96218901e-01  1.73423426e+00  2.97575384e+00
 -3.51502039e-01 -2.33016077e+00  2.71867608e+00 -3.17986071e+00
  5.58853733e-01 -7.08436901e-01 -1.74988429e+00  3.07252970e+00
 -1.95622676e+00 -1.68348960e+00 -2.54271120e+00  2.35847869e+00
 -2.11339827e+00  1.95147832e+00  1.71354935e+00  1.44982136e+00
  2.52717980e+00  2.89372616e+00  2.00728856e+00  1.49682072e+00
 -1.74930182e+00 -2.39962377e+00  1.14465215e+00  5.82638294e-01
  1.57831638e+00 -2.77500862e+00 -1.10742826e-01  2.48999730e+00
 -1.18723949e+00  1.11615683e+00  1.23567319e+00  6.11076783e-01
 -9.28982499e-01  1.08962558e+00  7.91657025e-01 -4.05106347e-01
  2.83568625e+00 -2.12830981e+00  1.54228345e+00 -6.59039684e-01
  9.73073611e-01 -3.18708688e+00 -2.26738866e+00  3.53332890e-01
 -1.06800337e+00 -4.01168153e-01  2.71972904e-01  5.52642124e-02
 -1.76441298e+00 -2.06967954e-01 -6.82068801e-01  2.87560820e+00
 -1.16186204e+00 -1.20380575e+00 -1.13239608e+00  1.25606358e+00
  1.58259708e+00 -8.40094086e-01  2.13443501e+00 -1.40155776e+00
 -2.54804343e-01 -8.92707980e-01 -2.96133708e+00  3.11440265e+00
 -1.78411339e+00  3.03038431e+00 -1.37135763e+00 -2.30398896e+00
  3.85270929e+00 -1.21405855e+00 -5.33875432e-01 -3.13455364e+00
 -2.50178557e+00  2.97730288e+00 -1.93956636e+00 -1.69810815e+00
 -4.10339814e-01  2.94479406e+00  1.33409555e-01  3.36269401e-02
 -1.61306118e+00 -1.45923253e-01 -1.57773532e+00 -3.10767901e+00
  2.91272968e+00  1.12535735e+00 -3.24446636e-01 -2.32361286e+00
  1.02115252e+00 -1.17531544e+00 -2.97792940e-01 -2.16311354e+00
 -1.88612433e+00  1.83730435e+00 -9.81871183e-01  2.58393502e+00
 -4.24813986e-01 -3.11499731e+00 -2.85913236e+00  2.04742445e+00
 -3.05417275e+00 -2.37030544e-01 -1.02122905e+00 -1.80648916e-01
  2.37859561e+00  1.70570221e+00 -3.06719435e-01 -1.66304200e+00
 -3.04778049e+00  9.72284598e-02 -8.07867186e-01  1.45200907e+00
 -2.51607902e+00  9.61373415e-01 -2.09971889e-02  2.16096990e-01
  2.01318484e+00  7.16351211e-01  7.90123591e-01 -1.22493787e+00
  1.58342500e+00  2.56803548e+00  1.30303771e+00  3.04990185e-01
 -9.91732945e-01  2.57910528e+00  8.20087037e-01 -2.22067011e+00
 -1.29775149e-03  1.69759027e+00  1.06867602e+00 -6.51721079e-01
 -2.31645021e+00  2.43834362e+00  2.03474000e+00  1.63498610e+00
  2.24339200e+00  1.88073747e+00 -2.16599090e+00 -2.88006486e+00
  5.03758365e-01  1.37725095e+00 -2.42768151e+00 -1.31209423e+00
  2.42442481e+00  1.26143545e+00  4.12868581e-02 -1.75769622e+00
 -1.56390601e+00  1.91230269e+00  1.45669383e+00 -8.18769366e-01
 -1.27784164e-01 -4.60171329e-01 -1.71175644e-01  2.39303213e+00
 -5.50639075e-01 -6.48752423e-01  1.08826698e+00 -2.29926108e+00
  9.95424686e-01  2.53394493e+00 -4.95593757e-01  2.10720662e+00
 -1.97706164e+00 -8.73232647e-01 -2.42076075e+00 -2.27107716e+00
 -1.38125163e+00 -2.93230917e+00  1.58330899e+00  1.86517268e+00
  1.66068271e+00  1.03409762e+00  1.41086753e+00 -2.30399239e+00
 -2.68587346e+00  1.77515982e+00  1.00041760e+00 -4.41361145e-01
 -2.63342098e+00  1.56576019e+00 -1.20349571e+00 -2.51699602e+00
  6.64830999e-02]
Fri Jun 14 01:03:36 2024,990,0.07474227035125176,[-2.86066230e+00  2.02930683e+00 -1.58304122e+00 -1.61064136e-02
  4.50247147e-01 -3.26858771e+00  3.24635513e+00  2.10083310e+00
  1.03596538e+00 -1.02691616e+00  5.59462549e-01  1.30558988e+00
  1.26458094e+00 -1.86735966e+00  8.05220689e-01  2.89685126e+00
 -3.91350558e-01 -4.30001712e-01 -1.91572917e+00  8.55610793e-01
  1.61785895e+00  2.92359838e+00 -1.41020688e+00 -4.28672050e-01
 -2.17288995e+00 -2.10138480e+00  3.09963276e+00  2.80620543e+00
 -7.19233604e-01 -2.61623953e+00  1.54961506e+00 -1.77796167e-01
 -2.43673302e+00  1.79499258e+00  1.15590349e+00 -6.13437467e-01
  1.10042386e+00 -2.03748255e+00 -2.29239498e-01  2.27452586e+00
 -3.80584699e-01  4.57049437e-01  2.44434576e+00  5.70585307e-01
  2.62059707e+00  2.92273805e+00  2.81215922e+00 -2.94828202e+00
  2.57316260e-01 -3.96866261e-01  1.73358690e+00  2.97640120e+00
 -3.50854679e-01 -2.33080813e+00  2.71932344e+00 -3.17921335e+00
  5.59501092e-01 -7.07789542e-01 -1.74923693e+00  3.07317706e+00
 -1.95687412e+00 -1.68284224e+00 -2.54335856e+00  2.35783133e+00
 -2.11404563e+00  1.95083096e+00  1.71419671e+00  1.45046872e+00
  2.52782716e+00  2.89307880e+00  2.00664120e+00  1.49746808e+00
 -1.74994918e+00 -2.40027113e+00  1.14529951e+00  5.81990934e-01
  1.57896374e+00 -2.77565598e+00 -1.10095466e-01  2.49064466e+00
 -1.18659213e+00  1.11680419e+00  1.23632055e+00  6.11724143e-01
 -9.28335139e-01  1.09027293e+00  7.91009666e-01 -4.04458988e-01
  2.83633361e+00 -2.12766245e+00  1.54163609e+00 -6.59687043e-01
  9.72426252e-01 -3.18773424e+00 -2.26674130e+00  3.52685531e-01
 -1.06735601e+00 -4.00520793e-01  2.72620263e-01  5.59115719e-02
 -1.76506034e+00 -2.07615313e-01 -6.81421441e-01  2.87625556e+00
 -1.16250939e+00 -1.20315839e+00 -1.13304344e+00  1.25541622e+00
  1.58324444e+00 -8.39446726e-01  2.13508237e+00 -1.40091040e+00
 -2.55451702e-01 -8.92060621e-01 -2.96068973e+00  3.11505001e+00
 -1.78346603e+00  3.02973695e+00 -1.37200499e+00 -2.30463631e+00
  3.85206193e+00 -1.21341119e+00 -5.33228072e-01 -3.13520099e+00
 -2.50113821e+00  2.97795024e+00 -1.94021372e+00 -1.69746079e+00
 -4.09692454e-01  2.94544142e+00  1.32762195e-01  3.42742996e-02
 -1.61370854e+00 -1.46570612e-01 -1.57708796e+00 -3.10832637e+00
  2.91208232e+00  1.12470999e+00 -3.23799277e-01 -2.32426022e+00
  1.02050516e+00 -1.17596280e+00 -2.97145580e-01 -2.16246618e+00
 -1.88677169e+00  1.83795171e+00 -9.82518543e-01  2.58328767e+00
 -4.24166626e-01 -3.11564467e+00 -2.85977972e+00  2.04807181e+00
 -3.05352539e+00 -2.37677903e-01 -1.02058169e+00 -1.81296276e-01
  2.37924297e+00  1.70505485e+00 -3.07366794e-01 -1.66368936e+00
 -3.04842785e+00  9.65811004e-02 -8.08514545e-01  1.45136171e+00
 -2.51543166e+00  9.60726056e-01 -2.03498295e-02  2.15449631e-01
  2.01383219e+00  7.15703852e-01  7.90770950e-01 -1.22558523e+00
  1.58277764e+00  2.56738812e+00  1.30368507e+00  3.05637544e-01
 -9.91085585e-01  2.57975264e+00  8.19439678e-01 -2.22131746e+00
 -1.94511095e-03  1.69694291e+00  1.06802866e+00 -6.52368438e-01
 -2.31709757e+00  2.43899098e+00  2.03409264e+00  1.63563346e+00
  2.24274464e+00  1.88138483e+00 -2.16663826e+00 -2.88071222e+00
  5.04405725e-01  1.37660359e+00 -2.42703415e+00 -1.31144687e+00
  2.42377745e+00  1.26208281e+00  4.06394987e-02 -1.75704886e+00
 -1.56455337e+00  1.91295005e+00  1.45734119e+00 -8.18122007e-01
 -1.27136804e-01 -4.59523969e-01 -1.70528284e-01  2.39367949e+00
 -5.49991716e-01 -6.49399782e-01  1.08891434e+00 -2.29990844e+00
  9.94777327e-01  2.53329757e+00 -4.96241116e-01  2.10785398e+00
 -1.97770900e+00 -8.73880006e-01 -2.42140811e+00 -2.27172452e+00
 -1.38189899e+00 -2.93166181e+00  1.58266163e+00  1.86582004e+00
  1.66003535e+00  1.03474498e+00  1.41151489e+00 -2.30334503e+00
 -2.68652082e+00  1.77580718e+00  9.99770239e-01 -4.40713786e-01
 -2.63277362e+00  1.56511283e+00 -1.20284835e+00 -2.51764338e+00
  6.58357405e-02]
Fri Jun 14 01:03:53 2024,991,0.07475867667049378,[-2.86025463e+00  2.02971449e+00 -1.58263355e+00 -1.56987484e-02
  4.49839482e-01 -3.26899537e+00  3.24594746e+00  2.10042543e+00
  1.03555771e+00 -1.02732382e+00  5.59054884e-01  1.30518221e+00
  1.26498860e+00 -1.86695199e+00  8.05628355e-01  2.89725892e+00
 -3.91758223e-01 -4.30409377e-01 -1.91532151e+00  8.55203128e-01
  1.61826662e+00  2.92400604e+00 -1.40979922e+00 -4.29079715e-01
 -2.17248228e+00 -2.10097713e+00  3.09922509e+00  2.80661310e+00
 -7.18825939e-01 -2.61583186e+00  1.54920739e+00 -1.78203833e-01
 -2.43714069e+00  1.79540024e+00  1.15631115e+00 -6.13845133e-01
  1.10083153e+00 -2.03707489e+00 -2.28831833e-01  2.27411819e+00
 -3.80992364e-01  4.56641772e-01  2.44393810e+00  5.70992972e-01
  2.62100473e+00  2.92233039e+00  2.81175156e+00 -2.94787435e+00
  2.57723925e-01 -3.96458596e-01  1.73399457e+00  2.97599353e+00
 -3.51262345e-01 -2.33040047e+00  2.71973111e+00 -3.17962102e+00
  5.59908757e-01 -7.08197207e-01 -1.74882927e+00  3.07358473e+00
 -1.95728179e+00 -1.68324990e+00 -2.54376622e+00  2.35742366e+00
 -2.11363796e+00  1.95042330e+00  1.71378904e+00  1.45087638e+00
  2.52741949e+00  2.89267114e+00  2.00704887e+00  1.49787575e+00
 -1.75035685e+00 -2.39986347e+00  1.14570718e+00  5.82398600e-01
  1.57855607e+00 -2.77524831e+00 -1.10503131e-01  2.49023699e+00
 -1.18699979e+00  1.11639652e+00  1.23672822e+00  6.12131808e-01
 -9.28742804e-01  1.08986527e+00  7.90602000e-01 -4.04866653e-01
  2.83674128e+00 -2.12725479e+00  1.54204376e+00 -6.59279378e-01
  9.72018586e-01 -3.18732657e+00 -2.26633363e+00  3.52277866e-01
 -1.06694835e+00 -4.00113128e-01  2.72212598e-01  5.55039066e-02
 -1.76465267e+00 -2.07207648e-01 -6.81829106e-01  2.87584789e+00
 -1.16291706e+00 -1.20356605e+00 -1.13345111e+00  1.25500856e+00
  1.58283677e+00 -8.39039061e-01  2.13467470e+00 -1.40131807e+00
 -2.55044037e-01 -8.92468286e-01 -2.96028206e+00  3.11464235e+00
 -1.78305836e+00  3.03014462e+00 -1.37241266e+00 -2.30504398e+00
  3.85165426e+00 -1.21381886e+00 -5.33635737e-01 -3.13560866e+00
 -2.50073054e+00  2.97754257e+00 -1.94062139e+00 -1.69786845e+00
 -4.10100120e-01  2.94584909e+00  1.33169861e-01  3.46819649e-02
 -1.61411621e+00 -1.46978277e-01 -1.57668030e+00 -3.10791870e+00
  2.91167466e+00  1.12430232e+00 -3.23391611e-01 -2.32466789e+00
  1.02091283e+00 -1.17637046e+00 -2.96737915e-01 -2.16287385e+00
 -1.88636402e+00  1.83754405e+00 -9.82110878e-01  2.58369533e+00
 -4.23758961e-01 -3.11605233e+00 -2.85937205e+00  2.04847947e+00
 -3.05311773e+00 -2.37270238e-01 -1.02017402e+00 -1.81703941e-01
  2.37965063e+00  1.70546251e+00 -3.07774459e-01 -1.66328170e+00
 -3.04802019e+00  9.61734351e-02 -8.08106880e-01  1.45095404e+00
 -2.51583933e+00  9.60318390e-01 -1.99421642e-02  2.15041966e-01
  2.01342453e+00  7.16111517e-01  7.91178615e-01 -1.22599289e+00
  1.58318530e+00  2.56698045e+00  1.30409274e+00  3.05229879e-01
 -9.90677920e-01  2.58016030e+00  8.19847343e-01 -2.22090980e+00
 -1.53744568e-03  1.69735057e+00  1.06843633e+00 -6.52776103e-01
 -2.31750523e+00  2.43939864e+00  2.03368498e+00  1.63522580e+00
  2.24233697e+00  1.88097716e+00 -2.16623059e+00 -2.88111988e+00
  5.03998059e-01  1.37619592e+00 -2.42744181e+00 -1.31185453e+00
  2.42336979e+00  1.26167515e+00  4.10471639e-02 -1.75664120e+00
 -1.56414570e+00  1.91254238e+00  1.45693353e+00 -8.17714341e-01
 -1.27544470e-01 -4.59116304e-01 -1.70120619e-01  2.39327182e+00
 -5.50399381e-01 -6.49807448e-01  1.08850668e+00 -2.29950078e+00
  9.95184992e-01  2.53370523e+00 -4.95833451e-01  2.10744631e+00
 -1.97811666e+00 -8.73472341e-01 -2.42100044e+00 -2.27131686e+00
 -1.38149132e+00 -2.93125414e+00  1.58306930e+00  1.86541237e+00
  1.66044301e+00  1.03515264e+00  1.41192255e+00 -2.30375270e+00
 -2.68611316e+00  1.77621484e+00  9.99362574e-01 -4.40306121e-01
 -2.63236595e+00  1.56552049e+00 -1.20244069e+00 -2.51723571e+00
  6.62434057e-02]
Fri Jun 14 01:04:10 2024,992,0.07474624146118994,[-2.86068874e+00  2.03014860e+00 -1.58306766e+00 -1.61328582e-02
  4.50273592e-01 -3.26942948e+00  3.24551335e+00  2.09999132e+00
  1.03512360e+00 -1.02688971e+00  5.58620774e-01  1.30474810e+00
  1.26542271e+00 -1.86651788e+00  8.06062465e-01  2.89769303e+00
 -3.91324113e-01 -4.29975267e-01 -1.91488740e+00  8.55637238e-01
  1.61783251e+00  2.92357193e+00 -1.40936511e+00 -4.28645606e-01
 -2.17204818e+00 -2.10054302e+00  3.09965920e+00  2.80704721e+00
 -7.19260049e-01 -2.61626597e+00  1.54964150e+00 -1.78637942e-01
 -2.43757480e+00  1.79583435e+00  1.15674526e+00 -6.13411023e-01
  1.10039742e+00 -2.03664078e+00 -2.29265943e-01  2.27368408e+00
 -3.81426474e-01  4.57075882e-01  2.44350399e+00  5.70558863e-01
  2.62143884e+00  2.92276449e+00  2.81218567e+00 -2.94744024e+00
  2.57289815e-01 -3.96892705e-01  1.73442868e+00  2.97642764e+00
 -3.50828235e-01 -2.33083458e+00  2.71929700e+00 -3.17918691e+00
  5.59474648e-01 -7.07763097e-01 -1.74926338e+00  3.07401884e+00
 -1.95684768e+00 -1.68368401e+00 -2.54333211e+00  2.35698955e+00
 -2.11407207e+00  1.94998919e+00  1.71422315e+00  1.45131049e+00
  2.52698538e+00  2.89223703e+00  2.00661476e+00  1.49744164e+00
 -1.75079096e+00 -2.40029758e+00  1.14614129e+00  5.82832709e-01
  1.57812196e+00 -2.77568242e+00 -1.10937241e-01  2.48980288e+00
 -1.18743390e+00  1.11683063e+00  1.23629411e+00  6.12565918e-01
 -9.29176914e-01  1.09029938e+00  7.91036110e-01 -4.04432543e-01
  2.83717539e+00 -2.12682068e+00  1.54160965e+00 -6.59713488e-01
  9.71584477e-01 -3.18689246e+00 -2.26589952e+00  3.52711975e-01
 -1.06651424e+00 -3.99679018e-01  2.72646708e-01  5.50697968e-02
 -1.76508678e+00 -2.06773538e-01 -6.82263216e-01  2.87628200e+00
 -1.16248295e+00 -1.20400016e+00 -1.13301700e+00  1.25544267e+00
  1.58240266e+00 -8.38604951e-01  2.13510881e+00 -1.40088396e+00
 -2.55478147e-01 -8.92902396e-01 -2.96071617e+00  3.11507646e+00
 -1.78262425e+00  3.02971051e+00 -1.37284677e+00 -2.30460987e+00
  3.85122015e+00 -1.21425297e+00 -5.33201628e-01 -3.13517455e+00
 -2.50029643e+00  2.97797668e+00 -1.94018728e+00 -1.69743434e+00
 -4.09666010e-01  2.94541498e+00  1.32735751e-01  3.42478551e-02
 -1.61455032e+00 -1.46544168e-01 -1.57624619e+00 -3.10835281e+00
  2.91124055e+00  1.12386821e+00 -3.23825721e-01 -2.32423378e+00
  1.02047872e+00 -1.17593635e+00 -2.96303805e-01 -2.16243974e+00
 -1.88592991e+00  1.83710994e+00 -9.81676768e-01  2.58412944e+00
 -4.24193071e-01 -3.11561822e+00 -2.85893794e+00  2.04891358e+00
 -3.05268362e+00 -2.36836128e-01 -1.01973991e+00 -1.82138051e-01
  2.37921653e+00  1.70589662e+00 -3.08208569e-01 -1.66284759e+00
 -3.04845430e+00  9.57393253e-02 -8.07672770e-01  1.45138815e+00
 -2.51540522e+00  9.59884280e-01 -1.95080544e-02  2.15476075e-01
  2.01299042e+00  7.16545627e-01  7.91612725e-01 -1.22642700e+00
  1.58361941e+00  2.56741456e+00  1.30365863e+00  3.05663989e-01
 -9.90243810e-01  2.57972619e+00  8.19413233e-01 -2.22134391e+00
 -1.10333587e-03  1.69691646e+00  1.06887044e+00 -6.53210213e-01
 -2.31707112e+00  2.43896453e+00  2.03411909e+00  1.63479169e+00
  2.24277108e+00  1.88141127e+00 -2.16666470e+00 -2.88068577e+00
  5.04432169e-01  1.37663003e+00 -2.42787592e+00 -1.31228864e+00
  2.42380390e+00  1.26210926e+00  4.06130541e-02 -1.75620709e+00
 -1.56371160e+00  1.91297649e+00  1.45736764e+00 -8.17280232e-01
 -1.27110360e-01 -4.58682194e-01 -1.70554729e-01  2.39283771e+00
 -5.50833491e-01 -6.49373338e-01  1.08894079e+00 -2.29993489e+00
  9.95619102e-01  2.53327112e+00 -4.95399341e-01  2.10701220e+00
 -1.97855077e+00 -8.73906451e-01 -2.42056633e+00 -2.27175096e+00
 -1.38192543e+00 -2.93168825e+00  1.58263519e+00  1.86584648e+00
  1.66087712e+00  1.03558675e+00  1.41235666e+00 -2.30331859e+00
 -2.68567905e+00  1.77664895e+00  9.99796684e-01 -4.39872011e-01
 -2.63193184e+00  1.56508638e+00 -1.20287480e+00 -2.51680160e+00
  6.58092959e-02]
Fri Jun 14 01:04:31 2024,993,0.0747464083686989,[-2.86054498e+00  2.03029237e+00 -1.58292390e+00 -1.59890949e-02
  4.50129828e-01 -3.26957324e+00  3.24565712e+00  2.10013508e+00
  1.03497984e+00 -1.02674595e+00  5.58764537e-01  1.30489187e+00
  1.26556647e+00 -1.86666165e+00  8.06206228e-01  2.89754927e+00
 -3.91467877e-01 -4.29831504e-01 -1.91474364e+00  8.55781001e-01
  1.61797627e+00  2.92371569e+00 -1.40950887e+00 -4.28501842e-01
 -2.17219194e+00 -2.10039926e+00  3.09951544e+00  2.80690345e+00
 -7.19403812e-01 -2.61640974e+00  1.54949774e+00 -1.78781706e-01
 -2.43743103e+00  1.79597812e+00  1.15660150e+00 -6.13554786e-01
  1.10025365e+00 -2.03649702e+00 -2.29122179e-01  2.27354032e+00
 -3.81282711e-01  4.57219645e-01  2.44336022e+00  5.70415099e-01
  2.62158260e+00  2.92290826e+00  2.81232943e+00 -2.94758401e+00
  2.57433578e-01 -3.96748942e-01  1.73428492e+00  2.97657141e+00
 -3.50684472e-01 -2.33097834e+00  2.71915324e+00 -3.17933067e+00
  5.59618411e-01 -7.07906860e-01 -1.74911961e+00  3.07387507e+00
 -1.95670392e+00 -1.68382778e+00 -2.54318835e+00  2.35684579e+00
 -2.11392831e+00  1.94984542e+00  1.71407939e+00  1.45116673e+00
  2.52712915e+00  2.89238079e+00  2.00675852e+00  1.49729788e+00
 -1.75064719e+00 -2.40015381e+00  1.14628505e+00  5.82688946e-01
  1.57826573e+00 -2.77553866e+00 -1.10793478e-01  2.48965912e+00
 -1.18757767e+00  1.11668687e+00  1.23643787e+00  6.12709681e-01
 -9.29320677e-01  1.09044314e+00  7.91179873e-01 -4.04576307e-01
  2.83703163e+00 -2.12667691e+00  1.54175341e+00 -6.59569724e-01
  9.71728240e-01 -3.18674870e+00 -2.26575576e+00  3.52855739e-01
 -1.06637048e+00 -3.99822781e-01  2.72502945e-01  5.52135600e-02
 -1.76494302e+00 -2.06917302e-01 -6.82119453e-01  2.87642577e+00
 -1.16233919e+00 -1.20385640e+00 -1.13287323e+00  1.25558643e+00
  1.58254643e+00 -8.38461188e-01  2.13525258e+00 -1.40074019e+00
 -2.55334384e-01 -8.92758633e-01 -2.96057241e+00  3.11522022e+00
 -1.78248049e+00  3.02956675e+00 -1.37299053e+00 -2.30446611e+00
  3.85136391e+00 -1.21439673e+00 -5.33057864e-01 -3.13503079e+00
 -2.50044019e+00  2.97783292e+00 -1.94033104e+00 -1.69729058e+00
 -4.09809773e-01  2.94555874e+00  1.32879514e-01  3.41040918e-02
 -1.61440655e+00 -1.46687931e-01 -1.57638995e+00 -3.10820905e+00
  2.91138431e+00  1.12401197e+00 -3.23681958e-01 -2.32409002e+00
  1.02062248e+00 -1.17579259e+00 -2.96160042e-01 -2.16229598e+00
 -1.88607368e+00  1.83696618e+00 -9.81533005e-01  2.58427320e+00
 -4.24049308e-01 -3.11547446e+00 -2.85908171e+00  2.04905735e+00
 -3.05282738e+00 -2.36692365e-01 -1.01988368e+00 -1.81994288e-01
  2.37936029e+00  1.70604039e+00 -3.08352332e-01 -1.66299135e+00
 -3.04859806e+00  9.55955621e-02 -8.07529007e-01  1.45153192e+00
 -2.51526145e+00  9.59740517e-01 -1.93642912e-02  2.15619839e-01
  2.01284666e+00  7.16401864e-01  7.91468962e-01 -1.22628324e+00
  1.58347565e+00  2.56727080e+00  1.30380239e+00  3.05520225e-01
 -9.90387574e-01  2.57958243e+00  8.19556997e-01 -2.22148767e+00
 -9.59572643e-04  1.69706023e+00  1.06901420e+00 -6.53066450e-01
 -2.31721489e+00  2.43910830e+00  2.03397533e+00  1.63493545e+00
  2.24291485e+00  1.88126751e+00 -2.16652094e+00 -2.88054201e+00
  5.04575932e-01  1.37677380e+00 -2.42801968e+00 -1.31243241e+00
  2.42366013e+00  1.26225302e+00  4.04692909e-02 -1.75606332e+00
 -1.56385536e+00  1.91283273e+00  1.45722387e+00 -8.17136468e-01
 -1.26966597e-01 -4.58825957e-01 -1.70698492e-01  2.39298148e+00
 -5.50977254e-01 -6.49229575e-01  1.08908455e+00 -2.29979112e+00
  9.95475339e-01  2.53312736e+00 -4.95543104e-01  2.10715596e+00
 -1.97840701e+00 -8.74050214e-01 -2.42042257e+00 -2.27160720e+00
 -1.38206920e+00 -2.93183202e+00  1.58277895e+00  1.86599025e+00
  1.66102089e+00  1.03544299e+00  1.41221290e+00 -2.30346235e+00
 -2.68582281e+00  1.77650519e+00  9.99652920e-01 -4.39728248e-01
 -2.63178808e+00  1.56523015e+00 -1.20273103e+00 -2.51694537e+00
  6.59530592e-02]
Fri Jun 14 01:04:48 2024,994,0.07472715930731003,[-2.86089526e+00  2.03064265e+00 -1.58257362e+00 -1.63393795e-02
  4.50480113e-01 -3.26992353e+00  3.24600740e+00  2.09978480e+00
  1.03462955e+00 -1.02639567e+00  5.59114822e-01  1.30524215e+00
  1.26521619e+00 -1.86631136e+00  8.06556512e-01  2.89789955e+00
 -3.91117592e-01 -4.30181789e-01 -1.91509392e+00  8.55430717e-01
  1.61762599e+00  2.92336541e+00 -1.40985916e+00 -4.28151558e-01
 -2.17254222e+00 -2.10074954e+00  3.09986573e+00  2.80655316e+00
 -7.19754096e-01 -2.61676002e+00  1.54984802e+00 -1.79131990e-01
 -2.43708075e+00  1.79562783e+00  1.15625122e+00 -6.13204502e-01
  1.09990337e+00 -2.03614673e+00 -2.28771895e-01  2.27389060e+00
 -3.80932426e-01  4.56869360e-01  2.44300994e+00  5.70064815e-01
  2.62123232e+00  2.92325854e+00  2.81197915e+00 -2.94793429e+00
  2.57083294e-01 -3.97099227e-01  1.73393463e+00  2.97622112e+00
 -3.51034756e-01 -2.33132862e+00  2.71950352e+00 -3.17898039e+00
  5.59968695e-01 -7.07556576e-01 -1.74876933e+00  3.07352479e+00
 -1.95705420e+00 -1.68347749e+00 -2.54283806e+00  2.35719608e+00
 -2.11357803e+00  1.94949514e+00  1.71372911e+00  1.45151702e+00
  2.52747943e+00  2.89273107e+00  2.00640824e+00  1.49764816e+00
 -1.75029691e+00 -2.40050410e+00  1.14663533e+00  5.82338662e-01
  1.57861601e+00 -2.77588894e+00 -1.11143763e-01  2.48930883e+00
 -1.18792795e+00  1.11703715e+00  1.23678816e+00  6.12359397e-01
 -9.29670962e-01  1.09009286e+00  7.90829589e-01 -4.04926591e-01
  2.83738191e+00 -2.12702720e+00  1.54210370e+00 -6.59920009e-01
  9.71377955e-01 -3.18639842e+00 -2.26610604e+00  3.53206023e-01
 -1.06672076e+00 -4.00173066e-01  2.72853229e-01  5.55638446e-02
 -1.76529330e+00 -2.06567017e-01 -6.81769168e-01  2.87677605e+00
 -1.16198890e+00 -1.20350612e+00 -1.13322352e+00  1.25523615e+00
  1.58219614e+00 -8.38811473e-01  2.13560286e+00 -1.40109048e+00
 -2.54984099e-01 -8.93108917e-01 -2.96092269e+00  3.11486994e+00
 -1.78213021e+00  3.02921646e+00 -1.37264025e+00 -2.30411582e+00
  3.85171420e+00 -1.21474701e+00 -5.33408149e-01 -3.13468050e+00
 -2.50079048e+00  2.97748263e+00 -1.93998076e+00 -1.69694030e+00
 -4.09459489e-01  2.94520846e+00  1.33229799e-01  3.37538073e-02
 -1.61405627e+00 -1.47038215e-01 -1.57674024e+00 -3.10785876e+00
  2.91173459e+00  1.12436226e+00 -3.23331674e-01 -2.32444030e+00
  1.02027220e+00 -1.17614288e+00 -2.95809758e-01 -2.16194569e+00
 -1.88572339e+00  1.83731646e+00 -9.81883289e-01  2.58462349e+00
 -4.24399592e-01 -3.11582474e+00 -2.85943199e+00  2.04870706e+00
 -3.05317766e+00 -2.37042649e-01 -1.01953339e+00 -1.82344572e-01
  2.37971057e+00  1.70569010e+00 -3.08002048e-01 -1.66264106e+00
 -3.04824778e+00  9.59458466e-02 -8.07178722e-01  1.45188220e+00
 -2.51561174e+00  9.60090802e-01 -1.97145757e-02  2.15970123e-01
  2.01249637e+00  7.16752148e-01  7.91118677e-01 -1.22663352e+00
  1.58382594e+00  2.56762109e+00  1.30345211e+00  3.05169941e-01
 -9.90737858e-01  2.57923214e+00  8.19206712e-01 -2.22183796e+00
 -1.30985717e-03  1.69670994e+00  1.06936448e+00 -6.53416735e-01
 -2.31686460e+00  2.43875801e+00  2.03362504e+00  1.63528574e+00
  2.24256456e+00  1.88161779e+00 -2.16687122e+00 -2.88089230e+00
  5.04225648e-01  1.37642351e+00 -2.42766940e+00 -1.31278269e+00
  2.42330985e+00  1.26260331e+00  4.01190064e-02 -1.75641361e+00
 -1.56420564e+00  1.91318302e+00  1.45757416e+00 -8.16786184e-01
 -1.27316881e-01 -4.58475673e-01 -1.71048777e-01  2.39333176e+00
 -5.51327539e-01 -6.49579859e-01  1.08873427e+00 -2.30014141e+00
  9.95125054e-01  2.53277708e+00 -4.95893389e-01  2.10680568e+00
 -1.97805672e+00 -8.73699930e-01 -2.42007228e+00 -2.27125692e+00
 -1.38241948e+00 -2.93218230e+00  1.58312924e+00  1.86563996e+00
  1.66137117e+00  1.03579327e+00  1.41186261e+00 -2.30311207e+00
 -2.68617309e+00  1.77685548e+00  9.99302636e-01 -4.39377963e-01
 -2.63143779e+00  1.56487986e+00 -1.20308132e+00 -2.51729565e+00
  6.63033437e-02]
Fri Jun 14 01:05:03 2024,995,0.07463466293114399,[-2.86215393e+00  2.03190132e+00 -1.58131495e+00 -1.75980438e-02
  4.51738777e-01 -3.26866486e+00  3.24474874e+00  2.10104346e+00
  1.03337089e+00 -1.02513700e+00  5.57856158e-01  1.30650082e+00
  1.26395752e+00 -1.86757003e+00  8.07815177e-01  2.89915822e+00
 -3.92376256e-01 -4.31440453e-01 -1.91635259e+00  8.54172052e-01
  1.61888465e+00  2.92462407e+00 -1.40860049e+00 -4.26892893e-01
 -2.17380089e+00 -2.10200821e+00  3.09860706e+00  2.80781183e+00
 -7.21012761e-01 -2.61550136e+00  1.55110669e+00 -1.80390654e-01
 -2.43833941e+00  1.79436917e+00  1.15499255e+00 -6.14463166e-01
  1.09864470e+00 -2.03740540e+00 -2.27513230e-01  2.27263194e+00
 -3.82191091e-01  4.58128025e-01  2.44175127e+00  5.71323479e-01
  2.61997366e+00  2.92199988e+00  2.81323781e+00 -2.94919295e+00
  2.58341958e-01 -3.98357891e-01  1.73519330e+00  2.97496246e+00
 -3.52293420e-01 -2.33006996e+00  2.71824486e+00 -3.17772172e+00
  5.61227360e-01 -7.06297911e-01 -1.74751066e+00  3.07478345e+00
 -1.95831286e+00 -1.68221883e+00 -2.54157940e+00  2.35845474e+00
 -2.11483669e+00  1.94823648e+00  1.71247044e+00  1.45025835e+00
  2.52873810e+00  2.89398974e+00  2.00766690e+00  1.49638950e+00
 -1.74903824e+00 -2.40176276e+00  1.14537667e+00  5.81079997e-01
  1.57735735e+00 -2.77463028e+00 -1.12402427e-01  2.48805017e+00
 -1.18918662e+00  1.11829582e+00  1.23804682e+00  6.11100732e-01
 -9.28412298e-01  1.09135152e+00  7.92088253e-01 -4.06185255e-01
  2.83864058e+00 -2.12828586e+00  1.54084503e+00 -6.58661345e-01
  9.72636620e-01 -3.18765708e+00 -2.26484738e+00  3.54464688e-01
 -1.06546210e+00 -3.98914402e-01  2.74111894e-01  5.43051802e-02
 -1.76403464e+00 -2.07825681e-01 -6.80510504e-01  2.87803472e+00
 -1.16073024e+00 -1.20224745e+00 -1.13448218e+00  1.25649481e+00
  1.58345481e+00 -8.37552808e-01  2.13686153e+00 -1.40234914e+00
 -2.53725435e-01 -8.91850253e-01 -2.96218136e+00  3.11612860e+00
 -1.78338887e+00  3.02795780e+00 -1.37138158e+00 -2.30285716e+00
  3.85297286e+00 -1.21348835e+00 -5.34666813e-01 -3.13593917e+00
 -2.50204914e+00  2.97622397e+00 -1.94123942e+00 -1.69568163e+00
 -4.10718153e-01  2.94646712e+00  1.31971134e-01  3.24951430e-02
 -1.61279760e+00 -1.45779551e-01 -1.57548157e+00 -3.10911743e+00
  2.91047593e+00  1.12562092e+00 -3.24590338e-01 -2.32318164e+00
  1.01901353e+00 -1.17488421e+00 -2.97068422e-01 -2.16068703e+00
 -1.88698205e+00  1.83605780e+00 -9.80624625e-01  2.58336482e+00
 -4.23140928e-01 -3.11708341e+00 -2.86069066e+00  2.04996573e+00
 -3.05191900e+00 -2.35783985e-01 -1.01827473e+00 -1.83603236e-01
  2.37845191e+00  1.70694877e+00 -3.09260712e-01 -1.66138240e+00
 -3.04950644e+00  9.72045109e-02 -8.08437387e-01  1.45314087e+00
 -2.51687040e+00  9.58832137e-01 -2.09732400e-02  2.14711459e-01
  2.01375504e+00  7.18010813e-01  7.92377342e-01 -1.22789219e+00
  1.58256727e+00  2.56636242e+00  1.30219344e+00  3.06428605e-01
 -9.89479194e-01  2.58049081e+00  8.17948048e-01 -2.22057929e+00
 -2.56852150e-03  1.69545128e+00  1.07062315e+00 -6.54675399e-01
 -2.31812327e+00  2.44001668e+00  2.03488371e+00  1.63402707e+00
  2.24130590e+00  1.88287646e+00 -2.16812989e+00 -2.87963363e+00
  5.05484312e-01  1.37768218e+00 -2.42892806e+00 -1.31152403e+00
  2.42205118e+00  1.26386197e+00  3.88603420e-02 -1.75515494e+00
 -1.56546431e+00  1.91444168e+00  1.45631549e+00 -8.15527519e-01
 -1.26058217e-01 -4.57217009e-01 -1.69790112e-01  2.39459043e+00
 -5.52586203e-01 -6.50838524e-01  1.08999293e+00 -2.30140007e+00
  9.96383719e-01  2.53403574e+00 -4.97152053e-01  2.10806434e+00
 -1.97679806e+00 -8.72441265e-01 -2.42133095e+00 -2.26999825e+00
 -1.38116082e+00 -2.93092364e+00  1.58187057e+00  1.86689863e+00
  1.66262983e+00  1.03453461e+00  1.41060395e+00 -2.30437073e+00
 -2.68491443e+00  1.77811414e+00  9.98043972e-01 -4.38119299e-01
 -2.63269646e+00  1.56613853e+00 -1.20433998e+00 -2.51603699e+00
  6.50446794e-02]
Fri Jun 14 01:05:18 2024,996,0.07459794379613907,[-2.86146634e+00  2.03258890e+00 -1.58200254e+00 -1.82856332e-02
  4.51051188e-01 -3.26797727e+00  3.24543633e+00  2.10173105e+00
  1.03268330e+00 -1.02582459e+00  5.57168568e-01  1.30718841e+00
  1.26464511e+00 -1.86825761e+00  8.07127587e-01  2.89847063e+00
 -3.91688667e-01 -4.32128042e-01 -1.91704017e+00  8.53484463e-01
  1.61819706e+00  2.92393649e+00 -1.40928808e+00 -4.27580483e-01
 -2.17311330e+00 -2.10269579e+00  3.09929465e+00  2.80712424e+00
 -7.20325171e-01 -2.61618895e+00  1.55179428e+00 -1.81078244e-01
 -2.43765182e+00  1.79505676e+00  1.15430496e+00 -6.13775577e-01
  1.09933229e+00 -2.03671781e+00 -2.28200820e-01  2.27331953e+00
 -3.81503501e-01  4.57440435e-01  2.44243886e+00  5.72011069e-01
  2.62066125e+00  2.92268747e+00  2.81392540e+00 -2.94988054e+00
  2.59029548e-01 -3.97670302e-01  1.73450571e+00  2.97427487e+00
 -3.52981010e-01 -2.33075755e+00  2.71755727e+00 -3.17703414e+00
  5.61914949e-01 -7.05610322e-01 -1.74819825e+00  3.07547104e+00
 -1.95900045e+00 -1.68290642e+00 -2.54226699e+00  2.35776715e+00
 -2.11552428e+00  1.94892406e+00  1.71315803e+00  1.44957076e+00
  2.52805051e+00  2.89330215e+00  2.00835449e+00  1.49570191e+00
 -1.74972583e+00 -2.40107517e+00  1.14468908e+00  5.80392408e-01
  1.57804494e+00 -2.77531787e+00 -1.11714837e-01  2.48736258e+00
 -1.18849903e+00  1.11760823e+00  1.23873441e+00  6.11788322e-01
 -9.29099887e-01  1.09066393e+00  7.91400664e-01 -4.05497666e-01
  2.83795299e+00 -2.12897345e+00  1.54015744e+00 -6.57973755e-01
  9.71949030e-01 -3.18834467e+00 -2.26553497e+00  3.55152277e-01
 -1.06614969e+00 -3.99601991e-01  2.73424304e-01  5.49927696e-02
 -1.76472223e+00 -2.07138092e-01 -6.81198094e-01  2.87872230e+00
 -1.16141783e+00 -1.20155986e+00 -1.13516977e+00  1.25580722e+00
  1.58276722e+00 -8.38240398e-01  2.13754911e+00 -1.40166155e+00
 -2.53037845e-01 -8.91162664e-01 -2.96149377e+00  3.11681619e+00
 -1.78270128e+00  3.02864539e+00 -1.37069399e+00 -2.30216957e+00
  3.85366045e+00 -1.21280076e+00 -5.35354403e-01 -3.13662676e+00
 -2.50136155e+00  2.97691156e+00 -1.94192701e+00 -1.69499404e+00
 -4.11405742e-01  2.94577953e+00  1.32658724e-01  3.31827324e-02
 -1.61211002e+00 -1.45091962e-01 -1.57616916e+00 -3.10842984e+00
  2.90978834e+00  1.12630851e+00 -3.23902748e-01 -2.32249405e+00
  1.01832594e+00 -1.17419662e+00 -2.96380833e-01 -2.16137462e+00
 -1.88629447e+00  1.83674539e+00 -9.81312214e-01  2.58405241e+00
 -4.23828517e-01 -3.11777100e+00 -2.86000307e+00  2.05065332e+00
 -3.05123141e+00 -2.35096396e-01 -1.01896232e+00 -1.84290826e-01
  2.37913950e+00  1.70626118e+00 -3.08573123e-01 -1.66206999e+00
 -3.05019403e+00  9.65169215e-02 -8.07749797e-01  1.45245328e+00
 -2.51755799e+00  9.59519727e-01 -2.02856506e-02  2.15399048e-01
  2.01306745e+00  7.18698402e-01  7.93064931e-01 -1.22857978e+00
  1.58187968e+00  2.56705001e+00  1.30150585e+00  3.07116195e-01
 -9.90166783e-01  2.57980322e+00  8.18635637e-01 -2.22126688e+00
 -3.25611088e-03  1.69613887e+00  1.07131074e+00 -6.53987810e-01
 -2.31881086e+00  2.44070427e+00  2.03557130e+00  1.63471466e+00
  2.24061831e+00  1.88218887e+00 -2.16881748e+00 -2.88032122e+00
  5.04796723e-01  1.37836976e+00 -2.42961565e+00 -1.31221161e+00
  2.42136360e+00  1.26317438e+00  3.81727527e-02 -1.75584253e+00
 -1.56615190e+00  1.91512927e+00  1.45700308e+00 -8.14839930e-01
 -1.25370628e-01 -4.57904598e-01 -1.69102523e-01  2.39527801e+00
 -5.53273792e-01 -6.51526113e-01  1.08930534e+00 -2.30071248e+00
  9.95696129e-01  2.53334815e+00 -4.96464464e-01  2.10737675e+00
 -1.97748565e+00 -8.73128855e-01 -2.42201854e+00 -2.26931066e+00
 -1.38184841e+00 -2.93023605e+00  1.58118298e+00  1.86758622e+00
  1.66194224e+00  1.03384702e+00  1.41129154e+00 -2.30368314e+00
 -2.68422684e+00  1.77880173e+00  9.97356382e-01 -4.38806888e-01
 -2.63338405e+00  1.56682612e+00 -1.20502757e+00 -2.51534940e+00
  6.43570900e-02]
Fri Jun 14 01:05:43 2024,997,0.07459883858298474,[-2.86151009e+00  2.03263266e+00 -1.58204630e+00 -1.83293893e-02
  4.51094944e-01 -3.26793352e+00  3.24539257e+00  2.10177481e+00
  1.03263954e+00 -1.02578083e+00  5.57212324e-01  1.30714465e+00
  1.26460136e+00 -1.86830137e+00  8.07171343e-01  2.89851438e+00
 -3.91732423e-01 -4.32084286e-01 -1.91699642e+00  8.53440707e-01
  1.61824082e+00  2.92398024e+00 -1.40933184e+00 -4.27624239e-01
 -2.17315705e+00 -2.10265204e+00  3.09933841e+00  2.80708048e+00
 -7.20368928e-01 -2.61623270e+00  1.55175052e+00 -1.81122000e-01
 -2.43760807e+00  1.79510051e+00  1.15426121e+00 -6.13819333e-01
  1.09928854e+00 -2.03676156e+00 -2.28244576e-01  2.27327577e+00
 -3.81459745e-01  4.57484191e-01  2.44248262e+00  5.71967312e-01
  2.62061749e+00  2.92273122e+00  2.81396916e+00 -2.94983679e+00
  2.59073304e-01 -3.97626545e-01  1.73446195e+00  2.97431863e+00
 -3.52937254e-01 -2.33071379e+00  2.71760102e+00 -3.17707789e+00
  5.61958705e-01 -7.05566566e-01 -1.74824201e+00  3.07542729e+00
 -1.95904421e+00 -1.68286266e+00 -2.54231075e+00  2.35772339e+00
 -2.11556804e+00  1.94896782e+00  1.71320179e+00  1.44952701e+00
  2.52809426e+00  2.89325839e+00  2.00831073e+00  1.49574566e+00
 -1.74976959e+00 -2.40111893e+00  1.14464532e+00  5.80348652e-01
  1.57800118e+00 -2.77536162e+00 -1.11758594e-01  2.48731882e+00
 -1.18854278e+00  1.11765198e+00  1.23877817e+00  6.11832078e-01
 -9.29056131e-01  1.09070769e+00  7.91356908e-01 -4.05541422e-01
  2.83799674e+00 -2.12892970e+00  1.54011369e+00 -6.57929999e-01
  9.71905274e-01 -3.18838843e+00 -2.26557872e+00  3.55196033e-01
 -1.06619344e+00 -3.99558235e-01  2.73468060e-01  5.49490134e-02
 -1.76467847e+00 -2.07181848e-01 -6.81241850e-01  2.87867855e+00
 -1.16146158e+00 -1.20160362e+00 -1.13512602e+00  1.25585098e+00
  1.58281097e+00 -8.38196642e-01  2.13750536e+00 -1.40170531e+00
 -2.53081602e-01 -8.91206420e-01 -2.96145001e+00  3.11685995e+00
 -1.78265753e+00  3.02860163e+00 -1.37065024e+00 -2.30212581e+00
  3.85370421e+00 -1.21284452e+00 -5.35310646e-01 -3.13667051e+00
 -2.50131780e+00  2.97695532e+00 -1.94197077e+00 -1.69503780e+00
 -4.11449498e-01  2.94582329e+00  1.32702480e-01  3.32264885e-02
 -1.61206626e+00 -1.45135718e-01 -1.57621292e+00 -3.10847359e+00
  2.90974458e+00  1.12626476e+00 -3.23858992e-01 -2.32245029e+00
  1.01828219e+00 -1.17415287e+00 -2.96337076e-01 -2.16141837e+00
 -1.88633822e+00  1.83670163e+00 -9.81355970e-01  2.58400866e+00
 -4.23872273e-01 -3.11781475e+00 -2.86004682e+00  2.05069707e+00
 -3.05118765e+00 -2.35052639e-01 -1.01891856e+00 -1.84334582e-01
  2.37918325e+00  1.70630493e+00 -3.08529367e-01 -1.66202623e+00
 -3.05015028e+00  9.65606777e-02 -8.07706041e-01  1.45240952e+00
 -2.51760175e+00  9.59475971e-01 -2.03294068e-02  2.15442804e-01
  2.01311120e+00  7.18742158e-01  7.93021175e-01 -1.22853602e+00
  1.58183593e+00  2.56700625e+00  1.30154961e+00  3.07159951e-01
 -9.90210539e-01  2.57975946e+00  8.18591881e-01 -2.22122313e+00
 -3.29986705e-03  1.69609511e+00  1.07126698e+00 -6.53944053e-01
 -2.31885461e+00  2.44066051e+00  2.03561505e+00  1.63475842e+00
  2.24057455e+00  1.88223262e+00 -2.16877372e+00 -2.88027746e+00
  5.04840479e-01  1.37832601e+00 -2.42957190e+00 -1.31216786e+00
  2.42140735e+00  1.26321814e+00  3.81289965e-02 -1.75579878e+00
 -1.56610814e+00  1.91517303e+00  1.45695933e+00 -8.14796174e-01
 -1.25326871e-01 -4.57948354e-01 -1.69146279e-01  2.39532177e+00
 -5.53317549e-01 -6.51569869e-01  1.08926158e+00 -2.30075624e+00
  9.95739885e-01  2.53330439e+00 -4.96508220e-01  2.10742051e+00
 -1.97752940e+00 -8.73172611e-01 -2.42197478e+00 -2.26935442e+00
 -1.38189216e+00 -2.93019229e+00  1.58122674e+00  1.86754246e+00
  1.66198600e+00  1.03389078e+00  1.41133529e+00 -2.30372690e+00
 -2.68418308e+00  1.77875797e+00  9.97312626e-01 -4.38763132e-01
 -2.63342780e+00  1.56686987e+00 -1.20507133e+00 -2.51530564e+00
  6.44008462e-02]
Fri Jun 14 01:05:58 2024,998,0.07445524242555665,[-2.86496803e+00  2.03609060e+00 -1.57858836e+00 -1.48714497e-02
  4.47637004e-01 -3.27139146e+00  3.24885051e+00  2.09831687e+00
  1.03609748e+00 -1.02923877e+00  5.53754385e-01  1.30368671e+00
  1.26114342e+00 -1.87175931e+00  8.03713404e-01  2.89505644e+00
 -3.95190363e-01 -4.35542226e-01 -1.91353848e+00  8.56898646e-01
  1.62169876e+00  2.92052230e+00 -1.40587390e+00 -4.31082179e-01
 -2.17661499e+00 -2.10610998e+00  3.09588047e+00  2.80362254e+00
 -7.16910988e-01 -2.61277476e+00  1.55520846e+00 -1.77664060e-01
 -2.43415013e+00  1.79855845e+00  1.15771915e+00 -6.10361393e-01
  1.09583060e+00 -2.04021950e+00 -2.24786636e-01  2.27673371e+00
 -3.78001805e-01  4.54026252e-01  2.43902468e+00  5.68509373e-01
  2.62407543e+00  2.91927328e+00  2.81051122e+00 -2.94637885e+00
  2.55615364e-01 -4.01084485e-01  1.73100401e+00  2.97777657e+00
 -3.49479314e-01 -2.32725585e+00  2.72105896e+00 -3.17361995e+00
  5.58500766e-01 -7.09024505e-01 -1.75169995e+00  3.07888522e+00
 -1.96250215e+00 -1.67940472e+00 -2.54576869e+00  2.35426545e+00
 -2.11902598e+00  1.94550988e+00  1.71665973e+00  1.44606907e+00
  2.52463632e+00  2.88980045e+00  2.01176867e+00  1.49228772e+00
 -1.75322753e+00 -2.39766099e+00  1.14810326e+00  5.76890712e-01
  1.57454324e+00 -2.77881956e+00 -1.15216533e-01  2.49077676e+00
 -1.18508484e+00  1.11419405e+00  1.24223611e+00  6.15290017e-01
 -9.32514071e-01  1.08724975e+00  7.87898968e-01 -4.08999362e-01
  2.84145468e+00 -2.13238764e+00  1.54357163e+00 -6.61387939e-01
  9.75363214e-01 -3.18493049e+00 -2.26212078e+00  3.51738093e-01
 -1.06965138e+00 -4.03016175e-01  2.70010121e-01  5.84069531e-02
 -1.76122053e+00 -2.10639788e-01 -6.84699789e-01  2.87522061e+00
 -1.15800364e+00 -1.19814568e+00 -1.13166808e+00  1.25239304e+00
  1.58626891e+00 -8.41654581e-01  2.13404742e+00 -1.39824737e+00
 -2.49623662e-01 -8.87748480e-01 -2.96490795e+00  3.11340201e+00
 -1.78611547e+00  3.03205957e+00 -1.36719230e+00 -2.29866787e+00
  3.85716215e+00 -1.20938658e+00 -5.31852707e-01 -3.14012845e+00
 -2.50477574e+00  2.98041325e+00 -1.94542870e+00 -1.69157986e+00
 -4.07991559e-01  2.94928123e+00  1.29244540e-01  2.97685489e-02
 -1.61552420e+00 -1.41677778e-01 -1.57275498e+00 -3.11193153e+00
  2.91320252e+00  1.12280682e+00 -3.20401053e-01 -2.32590823e+00
  1.01482425e+00 -1.17761081e+00 -2.92879137e-01 -2.15796043e+00
 -1.88979616e+00  1.84015957e+00 -9.77898031e-01  2.58746660e+00
 -4.27330213e-01 -3.12127269e+00 -2.85658888e+00  2.04723913e+00
 -3.04772971e+00 -2.38510579e-01 -1.02237650e+00 -1.87792522e-01
  2.38264119e+00  1.70284699e+00 -3.11987306e-01 -1.65856829e+00
 -3.05360821e+00  9.31027380e-02 -8.11163981e-01  1.45586746e+00
 -2.52105969e+00  9.56018031e-01 -2.37873465e-02  2.18900744e-01
  2.00965326e+00  7.15284218e-01  7.96479114e-01 -1.23199396e+00
  1.58529387e+00  2.56354832e+00  1.29809167e+00  3.10617890e-01
 -9.86752600e-01  2.58321740e+00  8.15133941e-01 -2.22468107e+00
  1.58072608e-04  1.69955305e+00  1.07472492e+00 -6.57401993e-01
 -2.31539667e+00  2.44411845e+00  2.03907299e+00  1.63821636e+00
  2.23711661e+00  1.88569056e+00 -2.17223166e+00 -2.88373540e+00
  5.01382539e-01  1.38178395e+00 -2.43302984e+00 -1.31562580e+00
  2.41794941e+00  1.26667608e+00  3.46710568e-02 -1.75925672e+00
 -1.56956608e+00  1.91863096e+00  1.45350139e+00 -8.18254114e-01
 -1.21868932e-01 -4.61406294e-01 -1.65688339e-01  2.39877971e+00
 -5.49859609e-01 -6.55027809e-01  1.08580364e+00 -2.29729830e+00
  9.99197825e-01  2.52984646e+00 -4.99966160e-01  2.10396257e+00
 -1.98098734e+00 -8.76630551e-01 -2.42543272e+00 -2.27281236e+00
 -1.38535010e+00 -2.93365023e+00  1.57776880e+00  1.87100040e+00
  1.66544394e+00  1.03043284e+00  1.41479323e+00 -2.30718484e+00
 -2.68764102e+00  1.78221591e+00  9.93854686e-01 -4.42221072e-01
 -2.63688574e+00  1.57032781e+00 -1.20852927e+00 -2.51184770e+00
  6.78587858e-02]
Fri Jun 14 01:06:17 2024,999,0.0744464042819308,[-2.86477464e+00  2.03589720e+00 -1.57878176e+00 -1.50648479e-02
  4.47830403e-01 -3.27119806e+00  3.24904391e+00  2.09851027e+00
  1.03629088e+00 -1.02943217e+00  5.53560986e-01  1.30349331e+00
  1.26133682e+00 -1.87156591e+00  8.03906802e-01  2.89524984e+00
 -3.95383761e-01 -4.35735624e-01 -1.91334508e+00  8.56705248e-01
  1.62150536e+00  2.92032890e+00 -1.40568050e+00 -4.30888780e-01
 -2.17680839e+00 -2.10591658e+00  3.09568707e+00  2.80342914e+00
 -7.16717590e-01 -2.61258136e+00  1.55501506e+00 -1.77857459e-01
 -2.43434353e+00  1.79875185e+00  1.15752575e+00 -6.10167995e-01
  1.09602400e+00 -2.04041290e+00 -2.24980035e-01  2.27692711e+00
 -3.77808407e-01  4.54219650e-01  2.43921808e+00  5.68315975e-01
  2.62388203e+00  2.91946668e+00  2.81070461e+00 -2.94618545e+00
  2.55421966e-01 -4.00891087e-01  1.73081061e+00  2.97758317e+00
 -3.49672712e-01 -2.32744925e+00  2.72125236e+00 -3.17381335e+00
  5.58694164e-01 -7.09217904e-01 -1.75150655e+00  3.07869183e+00
 -1.96230875e+00 -1.67921132e+00 -2.54557529e+00  2.35445885e+00
 -2.11883258e+00  1.94531648e+00  1.71646633e+00  1.44626246e+00
  2.52482972e+00  2.88999385e+00  2.01157528e+00  1.49209433e+00
 -1.75303413e+00 -2.39785439e+00  1.14829666e+00  5.76697314e-01
  1.57434984e+00 -2.77901296e+00 -1.15023135e-01  2.49097016e+00
 -1.18527824e+00  1.11400065e+00  1.24242951e+00  6.15483416e-01
 -9.32707469e-01  1.08744315e+00  7.87705570e-01 -4.08805964e-01
  2.84164808e+00 -2.13219424e+00  1.54337823e+00 -6.61194541e-01
  9.75556612e-01 -3.18512389e+00 -2.26231418e+00  3.51544695e-01
 -1.06984478e+00 -4.02822776e-01  2.70203519e-01  5.82135549e-02
 -1.76102714e+00 -2.10833186e-01 -6.84893188e-01  2.87541401e+00
 -1.15781025e+00 -1.19833908e+00 -1.13186147e+00  1.25258644e+00
  1.58646231e+00 -8.41461183e-01  2.13385402e+00 -1.39805397e+00
 -2.49817060e-01 -8.87555082e-01 -2.96471455e+00  3.11359540e+00
 -1.78630886e+00  3.03186617e+00 -1.36738569e+00 -2.29847447e+00
  3.85735555e+00 -1.20919318e+00 -5.31659309e-01 -3.13993505e+00
 -2.50458234e+00  2.98060665e+00 -1.94562210e+00 -1.69177326e+00
 -4.07798161e-01  2.94908783e+00  1.29437938e-01  2.99619471e-02
 -1.61533080e+00 -1.41871176e-01 -1.57256158e+00 -3.11212493e+00
  2.91339592e+00  1.12261342e+00 -3.20594451e-01 -2.32571483e+00
  1.01501765e+00 -1.17780420e+00 -2.93072535e-01 -2.15776703e+00
 -1.88960276e+00  1.83996617e+00 -9.77704632e-01  2.58765999e+00
 -4.27136815e-01 -3.12146609e+00 -2.85639548e+00  2.04704574e+00
 -3.04792311e+00 -2.38317181e-01 -1.02218310e+00 -1.87599123e-01
  2.38283459e+00  1.70304039e+00 -3.11793908e-01 -1.65837490e+00
 -3.05380161e+00  9.32961363e-02 -8.10970583e-01  1.45567406e+00
 -2.52086629e+00  9.56211429e-01 -2.35939482e-02  2.18707346e-01
  2.00945987e+00  7.15477617e-01  7.96672513e-01 -1.23218736e+00
  1.58548726e+00  2.56335492e+00  1.29789827e+00  3.10424492e-01
 -9.86945998e-01  2.58341080e+00  8.15327339e-01 -2.22448767e+00
 -3.53256103e-05  1.69974645e+00  1.07453152e+00 -6.57595391e-01
 -2.31559007e+00  2.44431185e+00  2.03887959e+00  1.63802296e+00
  2.23731001e+00  1.88588396e+00 -2.17242506e+00 -2.88354201e+00
  5.01189141e-01  1.38197735e+00 -2.43283644e+00 -1.31543240e+00
  2.41775601e+00  1.26686947e+00  3.44776586e-02 -1.75906332e+00
 -1.56975948e+00  1.91882436e+00  1.45330799e+00 -8.18060715e-01
 -1.22062330e-01 -4.61212896e-01 -1.65494941e-01  2.39858631e+00
 -5.50053007e-01 -6.55221207e-01  1.08561025e+00 -2.29749170e+00
  9.99004427e-01  2.52965306e+00 -5.00159558e-01  2.10376917e+00
 -1.98118074e+00 -8.76437152e-01 -2.42523932e+00 -2.27300576e+00
 -1.38515670e+00 -2.93345683e+00  1.57796220e+00  1.87080700e+00
  1.66563734e+00  1.03062624e+00  1.41459984e+00 -2.30699144e+00
 -2.68783442e+00  1.78240931e+00  9.93661288e-01 -4.42414470e-01
 -2.63707914e+00  1.57013441e+00 -1.20833587e+00 -2.51204110e+00
  6.80521840e-02]
