Time,Iteration,Cost,Parameters
Mon Oct 14 14:02:50 2024,0,0.12824260884945055,[-2.90324829  2.23736979 -2.12434448 -0.11659587  0.55382224]
Mon Oct 14 14:03:45 2024,1,0.12686635298718305,[-2.90354062  2.23707747 -2.12405215 -0.11688819  0.55352991]
Mon Oct 14 14:04:41 2024,2,0.12144058944180496,[-2.90312008  2.237498   -2.12447269 -0.11646766  0.55310938]
Mon Oct 14 14:05:37 2024,3,0.1229935573382822,[-2.90369597  2.23692211 -2.12504858 -0.11589177  0.55368527]
Mon Oct 14 14:06:32 2024,4,0.12171855677230446,[-2.90388808  2.23711421 -2.12524068 -0.11608387  0.55387737]
Mon Oct 14 14:07:28 2024,5,0.12229087984025751,[-2.90353122  2.23747106 -2.12488383 -0.11572702  0.55423423]
Mon Oct 14 14:08:23 2024,6,0.12795459010276627,[-2.90346568  2.23740552 -2.12494937 -0.11566147  0.55429977]
Mon Oct 14 14:09:18 2024,7,0.12350206955184398,[-2.90417977  2.23669143 -2.12423529 -0.11494739  0.55501386]
Mon Oct 14 14:10:13 2024,8,0.12079271295900632,[-2.90400458  2.23686662 -2.12441048 -0.11512257  0.55518904]
Mon Oct 14 14:11:09 2024,9,0.11975242233295305,[-2.90383708  2.23703412 -2.12424298 -0.11495508  0.55535654]
Mon Oct 14 14:12:08 2024,10,0.11934086537152679,[-2.9034681   2.23666514 -2.123874   -0.11532406  0.55572552]
Mon Oct 14 14:13:04 2024,11,0.12791831340454454,[-2.90313576  2.23699748 -2.12420634 -0.1156564   0.55605786]
Mon Oct 14 14:13:59 2024,12,0.12575966977198988,[-2.9032448   2.23688844 -2.12431538 -0.11554736  0.5561669 ]
Mon Oct 14 14:14:54 2024,13,0.1257056785271361,[-2.90305556  2.2366992  -2.12412614 -0.11535812  0.55635614]
Mon Oct 14 14:15:53 2024,14,0.12444190760112442,[-2.90282069  2.23693407 -2.124361   -0.11559299  0.55612127]
Mon Oct 14 14:16:48 2024,15,0.12428279536538998,[-2.9029437   2.23681105 -2.12423799 -0.11571601  0.55599826]
Mon Oct 14 14:17:43 2024,16,0.1214864601436692,[-2.90269503  2.23656237 -2.12448667 -0.11546733  0.55624693]
Mon Oct 14 14:18:39 2024,17,0.12411762579116706,[-2.90305995  2.23692729 -2.12485159 -0.1151024   0.55588201]
Mon Oct 14 14:19:35 2024,18,0.1241353673268121,[-2.90275457  2.23662191 -2.12515697 -0.11479702  0.55557663]
Mon Oct 14 14:20:31 2024,19,0.12008402910424645,[-2.90282872  2.23654776 -2.12508282 -0.11472287  0.55565078]
Mon Oct 14 14:21:26 2024,20,0.1296982907152102,[-2.90320546  2.23692449 -2.12470608 -0.1150996   0.55602752]
Mon Oct 14 14:22:21 2024,21,0.12400552532318118,[-2.90286004  2.23726991 -2.12436066 -0.11544502  0.55568211]
Mon Oct 14 14:23:17 2024,22,0.11529419494465137,[-2.90386238  2.23626757 -2.125363   -0.11444268  0.55467977]
Mon Oct 14 14:24:12 2024,23,0.12857732726541993,[-2.90478747  2.23534249 -2.12443791 -0.11536777  0.55560486]
Mon Oct 14 14:25:08 2024,24,0.12687238499460607,[-2.90569537  2.23625039 -2.12534582 -0.11627567  0.55469695]
Mon Oct 14 14:26:04 2024,25,0.12254021123793972,[-2.90506981  2.23562483 -2.12597137 -0.11690123  0.5540714 ]
Mon Oct 14 14:26:59 2024,26,0.12042366024391019,[-2.90557969  2.23613471 -2.12648125 -0.11741111  0.55458127]
Mon Oct 14 14:27:55 2024,27,0.12578651698903276,[-2.90691426  2.23746928 -2.12781583 -0.11874569  0.5532467 ]
Mon Oct 14 14:28:51 2024,28,0.12192339051859144,[-2.90704163  2.23734192 -2.1279432  -0.11861832  0.55311933]
Mon Oct 14 14:29:46 2024,29,0.12418627234141676,[-2.90745204  2.23693151 -2.12835361 -0.11820791  0.55352974]
Mon Oct 14 14:30:42 2024,30,0.1262945193736326,[-2.90764369  2.23673986 -2.12816197 -0.11839955  0.55372138]
Mon Oct 14 14:31:38 2024,31,0.1244921397763423,[-2.90756656  2.23666273 -2.12823909 -0.11847668  0.55364426]
Mon Oct 14 14:32:34 2024,32,0.13014381552263804,[-2.90862471  2.23772089 -2.12718094 -0.11741852  0.5525861 ]
Mon Oct 14 14:33:30 2024,33,0.13153189642704957,[-2.91004839  2.23914457 -2.12575726 -0.11599485  0.55116242]
Mon Oct 14 14:34:27 2024,34,0.12183344266153683,[-2.91014474  2.23904822 -2.12566091 -0.1158985   0.55106608]
Mon Oct 14 14:35:23 2024,35,0.12401896104853155,[-2.90990185  2.23929111 -2.12541802 -0.11565561  0.55082318]
Mon Oct 14 14:36:20 2024,36,0.12680147058849522,[-2.90920409  2.23859336 -2.12611578 -0.11495785  0.55152094]
Mon Oct 14 14:37:15 2024,37,0.12630267615597404,[-2.90871911  2.23907833 -2.1256308  -0.11544283  0.55103596]
Mon Oct 14 14:38:10 2024,38,0.1207918394459648,[-2.90802123  2.23838045 -2.12493292 -0.11474495  0.55033809]
Mon Oct 14 14:39:06 2024,39,0.12472444759423182,[-2.90783444  2.23856725 -2.12511971 -0.11493174  0.55052488]
Mon Oct 14 14:40:01 2024,40,0.13057442531663227,[-2.90827426  2.23812743 -2.12555953 -0.11537156  0.5509647 ]
Mon Oct 14 14:40:57 2024,41,0.12645585471215087,[-2.90909396  2.23894712 -2.12637923 -0.11619126  0.5517844 ]
Mon Oct 14 14:41:53 2024,42,0.1229682418590903,[-2.90984487  2.23819622 -2.12562833 -0.11694216  0.55103349]
Mon Oct 14 14:42:49 2024,43,0.12702834357727322,[-2.90942275  2.23861833 -2.12520621 -0.11736428  0.5514556 ]
Mon Oct 14 14:43:50 2024,44,0.12665736110365353,[-2.90970899  2.23890457 -2.12549245 -0.11765051  0.55116937]
Mon Oct 14 14:44:48 2024,45,0.126820933751988,[-2.90982988  2.23878368 -2.12561334 -0.11777141  0.55104848]
Mon Oct 14 14:45:44 2024,46,0.1241881424459544,[-2.90958603  2.23902753 -2.12536949 -0.11801525  0.55129232]
Mon Oct 14 14:46:40 2024,47,0.12153249339155582,[-2.90859115  2.24002241 -2.12636438 -0.11901014  0.55029744]
Mon Oct 14 14:47:36 2024,48,0.12461576547600503,[-2.90848118  2.23991244 -2.12625441 -0.11890017  0.55018747]
Mon Oct 14 14:48:31 2024,49,0.1250914268756296,[-2.90786776  2.24052585 -2.12564099 -0.11828675  0.54957405]
Mon Oct 14 14:49:27 2024,50,0.1268945181868834,[-2.90824891  2.24014471 -2.12602214 -0.11790561  0.5499552 ]
Mon Oct 14 14:50:22 2024,51,0.12779426243407954,[-2.90800444  2.23990024 -2.12626661 -0.11815008  0.54971073]
Mon Oct 14 14:51:18 2024,52,0.12768400781754682,[-2.90785027  2.23974607 -2.12611244 -0.11799591  0.5498649 ]
Mon Oct 14 14:52:14 2024,53,0.125125938617545,[-2.9084902   2.240386   -2.12675236 -0.11863583  0.55050482]
Mon Oct 14 14:53:10 2024,54,0.12143222534273788,[-2.90783     2.23972581 -2.12741255 -0.11929603  0.55116501]
Mon Oct 14 14:54:05 2024,55,0.12503300280459764,[-2.90674865  2.24080716 -2.1263312  -0.11821467  0.55008365]
Mon Oct 14 14:55:01 2024,56,0.12877043816727204,[-2.90734251  2.24140103 -2.12573733 -0.11762081  0.55067752]
Mon Oct 14 14:55:57 2024,57,0.12165131070701943,[-2.90621306  2.24027158 -2.12686678 -0.11649136  0.55180697]
Mon Oct 14 14:56:53 2024,58,0.12197333590800957,[-2.90661506  2.23986959 -2.12726877 -0.11608937  0.55220896]
Mon Oct 14 14:57:48 2024,59,0.12374952894584493,[-2.90650959  2.23997506 -2.1271633  -0.11619484  0.55210349]
Mon Oct 14 14:58:45 2024,60,0.12334257380535116,[-2.90697701  2.24044248 -2.12669588 -0.11572741  0.55257091]
Mon Oct 14 14:59:40 2024,61,0.1181159259999027,[-2.90618367  2.24123582 -2.12590253 -0.11652075  0.55177757]
Mon Oct 14 15:00:36 2024,62,0.12360863613517488,[-2.90682483  2.24187698 -2.12526138 -0.11716191  0.55241873]
Mon Oct 14 15:01:31 2024,63,0.12370264111565642,[-2.90590347  2.24095562 -2.12434002 -0.11624055  0.55149737]
Mon Oct 14 15:02:27 2024,64,0.12657077525021476,[-2.90558678  2.24063893 -2.12465671 -0.11592386  0.55181406]
Mon Oct 14 15:03:22 2024,65,0.12205741302041118,[-2.90529706  2.24092865 -2.12494643 -0.11563414  0.55152434]
Mon Oct 14 15:04:18 2024,66,0.11496698653021709,[-2.90643038  2.24206198 -2.1238131  -0.11450081  0.55265767]
Mon Oct 14 15:05:16 2024,67,0.12207139750487132,[-2.90726414  2.24289574 -2.12464687 -0.11533457  0.55182391]
Mon Oct 14 15:06:12 2024,68,0.12329767838865686,[-2.90744957  2.24271031 -2.12483229 -0.11514915  0.55200933]
Mon Oct 14 15:07:08 2024,69,0.12768087203737163,[-2.90732509  2.24258583 -2.12495677 -0.11502467  0.55188485]
Mon Oct 14 15:08:03 2024,70,0.1251403680266599,[-2.90826145  2.24164947 -2.12402041 -0.11408831  0.55282121]
Mon Oct 14 15:08:58 2024,71,0.12844875520948165,[-2.90834499  2.24156593 -2.12410395 -0.11417185  0.55290475]
Mon Oct 14 15:09:53 2024,72,0.12315222294409249,[-2.90875201  2.24197296 -2.12451097 -0.11457887  0.55331177]
Mon Oct 14 15:10:49 2024,73,0.12272913199158879,[-2.90942844  2.24264939 -2.12383453 -0.11525531  0.55263534]
Mon Oct 14 15:11:44 2024,74,0.12379413294566725,[-2.90930042  2.24252137 -2.12370651 -0.11512729  0.55276336]
Mon Oct 14 15:12:40 2024,75,0.12915544957908054,[-2.90923824  2.24258356 -2.12364433 -0.1150651   0.55282555]
Mon Oct 14 15:13:38 2024,76,0.1236990984170311,[-2.90986357  2.24195822 -2.12301899 -0.11443976  0.55345088]
Mon Oct 14 15:14:40 2024,77,0.12241704333049032,[-2.90971794  2.24210386 -2.12287335 -0.11429413  0.55330525]
Mon Oct 14 15:16:35 2024,78,0.12746812279463593,[-2.90981891  2.24220483 -2.12297432 -0.11419316  0.55320428]
Mon Oct 14 15:18:29 2024,79,0.11761463263176812,[-2.91028074  2.24266666 -2.12343616 -0.11373132  0.55274244]
Mon Oct 14 15:20:24 2024,80,0.12047662414514755,[-2.90981036  2.24313704 -2.12390654 -0.11326094  0.55321282]
Mon Oct 14 15:22:19 2024,81,0.11792398543229654,[-2.90912211  2.24382529 -2.12321829 -0.11394919  0.55252457]
Mon Oct 14 15:24:14 2024,82,0.12377661988081552,[-2.90946128  2.24416446 -2.12355745 -0.11361003  0.55286374]
Mon Oct 14 15:26:09 2024,83,0.11969474272639477,[-2.90923483  2.24393801 -2.1237839  -0.11338358  0.55263729]
Mon Oct 14 15:28:02 2024,84,0.12643047140128688,[-2.90924578  2.24392707 -2.12377295 -0.11337264  0.55264824]
Mon Oct 14 15:29:56 2024,85,0.12207718684794128,[-2.9099617   2.24464299 -2.12448888 -0.11408856  0.55336416]
Mon Oct 14 15:31:50 2024,86,0.13029475517200245,[-2.91126074  2.24594203 -2.12578791 -0.11278953  0.55206512]
Mon Oct 14 15:33:45 2024,87,0.12458379941415537,[-2.91096527  2.2462375  -2.12549244 -0.11308499  0.55176965]
Mon Oct 14 15:35:40 2024,88,0.12370025083500588,[-2.91108778  2.24636001 -2.12561496 -0.11320751  0.55189217]
Mon Oct 14 15:37:38 2024,89,0.12734560991220478,[-2.91114005  2.24641228 -2.12566723 -0.11325978  0.5518399 ]
Mon Oct 14 15:39:36 2024,90,0.12298330683260805,[-2.91099783  2.24627006 -2.12552501 -0.11311756  0.55169768]
Mon Oct 14 15:41:31 2024,91,0.12252179946624797,[-2.91109189  2.24636412 -2.12561907 -0.11321162  0.55179173]
Mon Oct 14 15:43:27 2024,92,0.13082027896341739,[-2.91077566  2.24668035 -2.12530284 -0.11289539  0.5514755 ]
Mon Oct 14 15:45:22 2024,93,0.12499677836014565,[-2.91205938  2.24539663 -2.12658656 -0.11417911  0.55275922]
Mon Oct 14 15:47:16 2024,94,0.12195377198521316,[-2.91185857  2.24559744 -2.12678737 -0.11437992  0.55296004]
Mon Oct 14 15:49:10 2024,95,0.12322202252106629,[-2.91130169  2.24615432 -2.12623049 -0.11382304  0.55351692]
Mon Oct 14 15:51:05 2024,96,0.12190333182476945,[-2.91089813  2.24655788 -2.12582693 -0.1142266   0.55311335]
Mon Oct 14 15:53:00 2024,97,0.1248237297216026,[-2.91034273  2.24600248 -2.12527152 -0.114782    0.55255795]
Mon Oct 14 15:54:54 2024,98,0.12196195330113413,[-2.91020804  2.24613717 -2.12540622 -0.11464731  0.55242326]
Mon Oct 14 15:56:48 2024,99,0.1277197475617398,[-2.91072303  2.24562218 -2.12489122 -0.11516231  0.55293826]
Mon Oct 14 15:58:44 2024,100,0.12602615296722658,[-2.91091651  2.2454287  -2.12469775 -0.11535578  0.55313173]
Mon Oct 14 16:00:40 2024,101,0.12538428272650712,[-2.91094569  2.24539952 -2.12472692 -0.11532661  0.55310255]
Mon Oct 14 16:02:35 2024,102,0.12046507124334314,[-2.91072003  2.24562518 -2.12495258 -0.11510095  0.55332821]
Mon Oct 14 16:04:31 2024,103,0.1266976757194474,[-2.91057836  2.24576685 -2.12481091 -0.11524262  0.55346988]
Mon Oct 14 16:06:26 2024,104,0.12458408897773253,[-2.91070978  2.24563543 -2.12494233 -0.11537403  0.55360129]
Mon Oct 14 16:08:21 2024,105,0.1291240944291355,[-2.91058164  2.2455073  -2.12481419 -0.11550217  0.55347316]
Mon Oct 14 16:10:15 2024,106,0.12439493668431216,[-2.91024945  2.24583949 -2.124482   -0.11583436  0.55314097]
Mon Oct 14 16:12:10 2024,107,0.12120312849340767,[-2.91081768  2.24527125 -2.12391377 -0.11526612  0.5537092 ]
Mon Oct 14 16:14:04 2024,108,0.1256651673571694,[-2.91086992  2.24521902 -2.12396601 -0.11531836  0.55365696]
Mon Oct 14 16:16:00 2024,109,0.12368764069954373,[-2.91175698  2.24433196 -2.12485306 -0.11620542  0.55454402]
Mon Oct 14 16:17:54 2024,110,0.12242208318125895,[-2.91130364  2.24387862 -2.12439973 -0.11665876  0.55409068]
Mon Oct 14 16:19:48 2024,111,0.12040489742938158,[-2.91120104  2.24398122 -2.12450233 -0.11655616  0.55398808]
Mon Oct 14 16:21:43 2024,112,0.1299707278132466,[-2.91063108  2.24341126 -2.12507228 -0.1159862   0.55455804]
Mon Oct 14 16:23:38 2024,113,0.13095270032016004,[-2.91030841  2.24308859 -2.12474961 -0.11630887  0.55423536]
Mon Oct 14 16:25:33 2024,114,0.12536680762557892,[-2.91111634  2.24389653 -2.12555755 -0.11711681  0.5550433 ]
Mon Oct 14 16:27:27 2024,115,0.11967640967309724,[-2.91116752  2.24384535 -2.12550637 -0.11716798  0.55499212]
Mon Oct 14 16:29:21 2024,116,0.12275464475048554,[-2.91115712  2.24383496 -2.12551677 -0.11715759  0.55498173]
Mon Oct 14 16:31:16 2024,117,0.12369199613816707,[-2.91056653  2.24442555 -2.12610736 -0.11774818  0.55557233]
Mon Oct 14 16:33:12 2024,118,0.12488015996442459,[-2.91063014  2.24448916 -2.12604375 -0.11768457  0.55550872]
Mon Oct 14 16:35:06 2024,119,0.1278756775524129,[-2.91098116  2.24484019 -2.12569273 -0.11733355  0.55585975]
Mon Oct 14 16:37:01 2024,120,0.12360630825637291,[-2.91208021  2.24374114 -2.12459368 -0.11843259  0.5569588 ]
Mon Oct 14 16:38:56 2024,121,0.12318811228153304,[-2.91205696  2.2437644  -2.12461693 -0.11845585  0.55693554]
Mon Oct 14 16:40:51 2024,122,0.12309328782627321,[-2.91300945  2.24471689 -2.12366444 -0.11940834  0.55598305]
Mon Oct 14 16:42:46 2024,123,0.12369024986709956,[-2.91268655  2.24503979 -2.12398734 -0.11973125  0.55630595]
Mon Oct 14 16:44:42 2024,124,0.12406614774529935,[-2.91260182  2.24512452 -2.12390262 -0.11964652  0.55622122]
Mon Oct 14 16:46:37 2024,125,0.12121153721660387,[-2.91241286  2.24531348 -2.12409157 -0.11945756  0.55641018]
Mon Oct 14 16:48:33 2024,126,0.12686413811363334,[-2.9136037   2.24412264 -2.12528241 -0.1206484   0.55521934]
Mon Oct 14 16:50:37 2024,127,0.11599544698911812,[-2.91226736  2.24278631 -2.12394608 -0.11931206  0.55388301]
Mon Oct 14 16:52:37 2024,128,0.12131290387373571,[-2.91282525  2.2433442  -2.12338819 -0.11875417  0.5544409 ]
Mon Oct 14 16:54:36 2024,129,0.12366322749495343,[-2.91369178  2.24247767 -2.12252166 -0.1196207   0.55530742]
Mon Oct 14 16:56:32 2024,130,0.12534567560550483,[-2.91454628  2.24333218 -2.12337617 -0.11876619  0.55445292]
Mon Oct 14 16:58:27 2024,131,0.12599261800389724,[-2.91398998  2.24388848 -2.12281986 -0.1193225   0.55389661]
Mon Oct 14 17:00:21 2024,132,0.11988269276018824,[-2.91441519  2.24431369 -2.12324507 -0.1197477   0.55347141]
Mon Oct 14 17:02:15 2024,133,0.12633195867300337,[-2.91494333  2.24484183 -2.12271693 -0.12027584  0.55399955]
Mon Oct 14 17:04:09 2024,134,0.11940472154534458,[-2.91433869  2.24544647 -2.12332157 -0.1196712   0.55339491]
Mon Oct 14 17:06:04 2024,135,0.1224155440073599,[-2.91539186  2.24439329 -2.1222684  -0.11861803  0.55234174]
Mon Oct 14 17:07:59 2024,136,0.12513289345750014,[-2.91532609  2.24432752 -2.12220262 -0.1186838   0.55240751]
Mon Oct 14 17:09:55 2024,137,0.12795281910033315,[-2.91538997  2.24426364 -2.12213875 -0.11861992  0.55234363]
Mon Oct 14 17:11:50 2024,138,0.12847305452207333,[-2.91600969  2.24488337 -2.12151902 -0.1180002   0.5517239 ]
Mon Oct 14 17:13:45 2024,139,0.12938022903359844,[-2.91627269  2.24514636 -2.12125602 -0.1177372   0.5519869 ]
Mon Oct 14 17:15:40 2024,140,0.11674620308740664,[-2.91652132  2.245395   -2.12100739 -0.11798584  0.55223553]
Mon Oct 14 17:17:35 2024,141,0.12386038274337502,[-2.91685074  2.24572441 -2.12133681 -0.11831525  0.55256495]
Mon Oct 14 17:19:30 2024,142,0.1263547227140781,[-2.91745769  2.24633136 -2.12194375 -0.1189222   0.55195801]
Mon Oct 14 17:21:25 2024,143,0.12261481322932381,[-2.91893835  2.2448507  -2.12046309 -0.11744153  0.55343867]
Mon Oct 14 17:23:24 2024,144,0.12478909854587804,[-2.91885261  2.24476496 -2.12037735 -0.11752727  0.55352441]
Mon Oct 14 17:25:18 2024,145,0.12747114989262198,[-2.91953136  2.2440862  -2.1210561  -0.11820603  0.55284566]
Mon Oct 14 17:27:12 2024,146,0.12879046178960113,[-2.92020406  2.24341351 -2.1217288  -0.11887872  0.55351835]
Mon Oct 14 17:29:07 2024,147,0.13099205641687303,[-2.92047166  2.2436811  -2.12146121 -0.11861113  0.55325076]
Mon Oct 14 17:31:02 2024,148,0.12404802933019628,[-2.91959308  2.24280252 -2.12058263 -0.11948971  0.55412934]
Mon Oct 14 17:32:54 2024,149,0.12881049060539335,[-2.91877536  2.24362025 -2.12140035 -0.11867198  0.55494706]
Mon Oct 14 17:34:49 2024,150,0.12523619886891893,[-2.91959819  2.24279741 -2.12057752 -0.11784915  0.55412422]
Mon Oct 14 17:36:43 2024,151,0.12254290009778661,[-2.91936894  2.24256816 -2.12034827 -0.1180784   0.55435347]
Mon Oct 14 17:38:37 2024,152,0.12204395541915249,[-2.91992742  2.24312664 -2.12090675 -0.11863688  0.55379499]
Mon Oct 14 17:40:33 2024,153,0.12205973149037752,[-2.92004872  2.24324793 -2.12078546 -0.11875817  0.5536737 ]
Mon Oct 14 17:42:27 2024,154,0.1250022074881062,[-2.91988465  2.243412   -2.12062139 -0.11892224  0.55383777]
Mon Oct 14 17:44:21 2024,155,0.11806639231861073,[-2.92118358  2.24211307 -2.11932246 -0.12022117  0.5551367 ]
Mon Oct 14 17:46:15 2024,156,0.12531094010906618,[-2.92099345  2.24230321 -2.11913233 -0.1204113   0.55532683]
Mon Oct 14 17:48:09 2024,157,0.11796107694008051,[-2.92160027  2.24169639 -2.11852551 -0.12101812  0.55593365]
Mon Oct 14 17:50:04 2024,158,0.127029627532509,[-2.92133382  2.24196283 -2.11879195 -0.12128457  0.5556672 ]
Mon Oct 14 17:51:59 2024,159,0.12401035377469083,[-2.92107558  2.24170459 -2.11853371 -0.12154281  0.55540897]
Mon Oct 14 17:53:54 2024,160,0.11934577799503407,[-2.92121185  2.24156832 -2.11839744 -0.12140654  0.55554524]
Mon Oct 14 17:55:48 2024,161,0.12816770894903914,[-2.92147123  2.24130895 -2.11813807 -0.12114716  0.55528586]
Mon Oct 14 17:57:43 2024,162,0.12053821350696978,[-2.92176892  2.24160664 -2.11784037 -0.12084947  0.55498817]
Mon Oct 14 17:59:37 2024,163,0.12452888222139456,[-2.92221426  2.24205198 -2.11828571 -0.12040414  0.5554335 ]
Mon Oct 14 18:01:32 2024,164,0.13102738150985424,[-2.92325602  2.24309374 -2.11932747 -0.1214459   0.55647527]
Mon Oct 14 18:03:26 2024,165,0.12606936676932637,[-2.92423583  2.24407355 -2.12030728 -0.12242571  0.55745508]
Mon Oct 14 18:05:21 2024,166,0.12580226142411338,[-2.92442288  2.2442606  -2.12049433 -0.12223867  0.55764212]
Mon Oct 14 18:07:17 2024,167,0.12621114798182462,[-2.92452674  2.24415674 -2.12059819 -0.12234252  0.55753826]
Mon Oct 14 18:09:13 2024,168,0.12212371316509996,[-2.92445036  2.24423312 -2.12052181 -0.1224189   0.55761464]
Mon Oct 14 18:11:08 2024,169,0.12114930935983174,[-2.92507477  2.24485753 -2.12114622 -0.12304331  0.55823905]
Mon Oct 14 18:13:04 2024,170,0.1258240916502082,[-2.92422879  2.24570351 -2.1219922  -0.12388929  0.55739307]
Mon Oct 14 18:14:59 2024,171,0.12380812868380117,[-2.92462119  2.24531111 -2.1215998  -0.12428169  0.55700067]
Mon Oct 14 18:16:53 2024,172,0.12496795496491446,[-2.92420291  2.24572938 -2.12201807 -0.12386342  0.55741895]
Mon Oct 14 18:18:49 2024,173,0.12065527328563956,[-2.92464474  2.24528755 -2.1224599  -0.12430525  0.55786077]
Mon Oct 14 18:20:44 2024,174,0.12367784146004784,[-2.92481294  2.24511936 -2.12229171 -0.12413706  0.55802897]
Mon Oct 14 18:22:38 2024,175,0.12072780350674743,[-2.92476376  2.24507018 -2.12224253 -0.12408788  0.55797979]
Mon Oct 14 18:24:32 2024,176,0.11963027822203251,[-2.92376592  2.24606801 -2.12324036 -0.12309004  0.55698195]
Mon Oct 14 18:26:26 2024,177,0.12502341974602588,[-2.92319506  2.24663888 -2.12381123 -0.12251918  0.55641109]
Mon Oct 14 18:28:25 2024,178,0.12317791673051133,[-2.92299929  2.24644311 -2.12361546 -0.12271494  0.55660685]
Mon Oct 14 18:30:20 2024,179,0.12738443337424502,[-2.92269693  2.24674548 -2.1233131  -0.12301731  0.55630449]
Mon Oct 14 18:32:15 2024,180,0.12354739161990774,[-2.9225848   2.2468576  -2.12342522 -0.12290518  0.55619236]
Mon Oct 14 18:34:09 2024,181,0.12487669795387214,[-2.92261287  2.24688567 -2.12339715 -0.12287711  0.55616429]
Mon Oct 14 18:36:04 2024,182,0.12709079523510422,[-2.92178408  2.24605688 -2.12422595 -0.12204832  0.5553355 ]
Mon Oct 14 18:37:59 2024,183,0.12552710085607613,[-2.92278618  2.24505478 -2.12522805 -0.12104622  0.5563376 ]
Mon Oct 14 18:39:54 2024,184,0.12638249504915966,[-2.92286886  2.2449721  -2.12531073 -0.12096354  0.55625492]
Mon Oct 14 18:41:48 2024,185,0.12517966584552578,[-2.9227768   2.24506415 -2.12540278 -0.12087148  0.55634698]
Mon Oct 14 18:43:50 2024,186,0.1197787727458737,[-2.92211241  2.24439975 -2.12606718 -0.12020708  0.55701138]
Mon Oct 14 18:45:45 2024,187,0.12707861274942397,[-2.92329571  2.24321645 -2.12725049 -0.12139038  0.55582807]
Mon Oct 14 18:47:41 2024,188,0.12539298708828533,[-2.92342211  2.24309005 -2.12737689 -0.12126398  0.55595448]
Mon Oct 14 18:49:36 2024,189,0.1277191038541846,[-2.92388913  2.24355707 -2.12784391 -0.12079696  0.5564215 ]
Mon Oct 14 18:51:31 2024,190,0.12381281607580423,[-2.92426863  2.24393656 -2.12746441 -0.12041747  0.55680099]
Mon Oct 14 18:53:24 2024,191,0.12620588684028508,[-2.9240516   2.24371954 -2.12724738 -0.12063449  0.55658397]
Mon Oct 14 18:55:19 2024,192,0.12303695535122512,[-2.9240827   2.24368844 -2.12721629 -0.12066559  0.55661506]
Mon Oct 14 18:57:13 2024,193,0.12115333277013615,[-2.92419779  2.24357335 -2.12710119 -0.12055049  0.55673016]
Mon Oct 14 18:59:09 2024,194,0.13161888459906104,[-2.92528686  2.24248428 -2.12819026 -0.11946143  0.55781922]
Mon Oct 14 19:01:02 2024,195,0.12435835208679796,[-2.92640795  2.24360538 -2.12706917 -0.12058252  0.55894032]
Mon Oct 14 19:02:58 2024,196,0.12293336618309912,[-2.92686919  2.24314414 -2.12660792 -0.12012128  0.55847908]
Mon Oct 14 19:04:52 2024,197,0.1259281016924027,[-2.92779764  2.24221569 -2.12753637 -0.11919284  0.55755064]
Mon Oct 14 19:06:48 2024,198,0.12544621892109475,[-2.92849226  2.24152108 -2.12823099 -0.11849822  0.55824526]
Mon Oct 14 19:08:44 2024,199,0.1236106426587464,[-2.92851124  2.24154006 -2.128212   -0.1185172   0.55822627]
Mon Oct 14 19:10:40 2024,200,0.12907208080861113,[-2.92884772  2.24120358 -2.12787552 -0.11885369  0.55788979]
Mon Oct 14 19:12:36 2024,201,0.12246086134315201,[-2.92900174  2.24135759 -2.12802953 -0.1190077   0.5580438 ]
Mon Oct 14 19:14:29 2024,202,0.12118482286667852,[-2.92972257  2.24063675 -2.12730869 -0.11828686  0.55876463]
Mon Oct 14 19:16:23 2024,203,0.1258333503307241,[-2.9294566   2.24090272 -2.12704272 -0.11855283  0.55849867]
Mon Oct 14 19:18:18 2024,204,0.12718253172365493,[-2.93038394  2.24183006 -2.12797006 -0.11762549  0.559426  ]
Mon Oct 14 19:20:13 2024,205,0.12310940512441511,[-2.93036333  2.24185067 -2.12794945 -0.1176461   0.55944661]
Mon Oct 14 19:22:08 2024,206,0.12132211316311566,[-2.93103275  2.24252008 -2.12728004 -0.11831551  0.55877719]
Mon Oct 14 19:24:09 2024,207,0.119188382055696,[-2.93099308  2.24248041 -2.12724037 -0.11835518  0.55881686]
Mon Oct 14 19:26:12 2024,208,0.12372077562192119,[-2.9312664   2.24220709 -2.12696705 -0.11808187  0.55909018]
Mon Oct 14 19:28:07 2024,209,0.12621845341421475,[-2.9301981   2.2411388  -2.12803535 -0.11701357  0.55802189]
Mon Oct 14 19:30:02 2024,210,0.1244553350296756,[-2.9300999   2.241237   -2.12813355 -0.11691537  0.55792368]
Mon Oct 14 19:31:57 2024,211,0.1266274008439993,[-2.92999319  2.24113029 -2.12802684 -0.11702208  0.55803039]
Mon Oct 14 19:33:52 2024,212,0.12580996560929855,[-2.93008202  2.24121912 -2.127938   -0.11711091  0.55811923]
Mon Oct 14 19:35:47 2024,213,0.12652883224571962,[-2.92931208  2.24044918 -2.12716806 -0.11788086  0.55888918]
Mon Oct 14 19:37:44 2024,214,0.1201988519736536,[-2.92898381  2.24012091 -2.12749633 -0.11755259  0.55856091]
Mon Oct 14 19:39:43 2024,215,0.11956415282319366,[-2.92922398  2.23988074 -2.12725616 -0.11731242  0.55880108]
Mon Oct 14 19:41:37 2024,216,0.1257955210991404,[-2.92966034  2.23944438 -2.1268198  -0.11687606  0.55923744]
Mon Oct 14 19:43:31 2024,217,0.12787343942776533,[-2.92948449  2.23926853 -2.12664395 -0.11705191  0.55906159]
Mon Oct 14 19:45:27 2024,218,0.1183871672985104,[-2.9292299   2.23952313 -2.12638935 -0.11679732  0.55931618]
Mon Oct 14 19:47:23 2024,219,0.12464686960552464,[-2.9301487   2.23860432 -2.12730816 -0.11587851  0.56023499]
Mon Oct 14 19:49:18 2024,220,0.12403274682444648,[-2.93032984  2.23842318 -2.1274893  -0.11605965  0.56005385]
Mon Oct 14 19:51:13 2024,221,0.12819298107783758,[-2.9300791   2.23867392 -2.12774004 -0.11631039  0.56030459]
Mon Oct 14 19:53:08 2024,222,0.1241431758331762,[-2.93052712  2.23912194 -2.12818806 -0.11675841  0.55985657]
Mon Oct 14 19:55:02 2024,223,0.12645610059818965,[-2.92977544  2.23837026 -2.12743638 -0.11751009  0.56060825]
Mon Oct 14 19:56:57 2024,224,0.12134474170543637,[-2.92927005  2.23786486 -2.12693098 -0.11700469  0.56111365]
Mon Oct 14 19:58:52 2024,225,0.12305805783180246,[-2.92926009  2.23787482 -2.12694094 -0.11701464  0.5611236 ]
Mon Oct 14 20:00:51 2024,226,0.12736312647949066,[-2.92952543  2.23760948 -2.1266756  -0.11674931  0.56085827]
Mon Oct 14 20:02:46 2024,227,0.1232501026366412,[-2.92926474  2.23787017 -2.12693629 -0.11648863  0.56059758]
Mon Oct 14 20:04:41 2024,228,0.12211323697130208,[-2.92981171  2.2373232  -2.12638932 -0.11594166  0.56005061]
Mon Oct 14 20:06:35 2024,229,0.11552519816523338,[-2.9290235   2.23653498 -2.1256011  -0.11672987  0.56083883]
Mon Oct 14 20:08:32 2024,230,0.123036429744567,[-2.92863266  2.23614414 -2.12599194 -0.11633904  0.56122967]
Mon Oct 14 20:10:26 2024,231,0.1236926411907471,[-2.92849115  2.23628566 -2.12585043 -0.11648055  0.56108815]
Mon Oct 14 20:12:22 2024,232,0.12717456297217422,[-2.92945786  2.23725237 -2.12488371 -0.11551383  0.56205487]
Mon Oct 14 20:14:17 2024,233,0.1239324022531716,[-2.92993911  2.23677112 -2.12440246 -0.11599508  0.56157362]
Mon Oct 14 20:16:11 2024,234,0.11740217381389717,[-2.93020035  2.23703235 -2.1246637  -0.11625632  0.56183485]
Mon Oct 14 20:18:07 2024,235,0.12118053047943803,[-2.93076698  2.23646572 -2.12409706 -0.11568968  0.56240149]
Mon Oct 14 20:20:02 2024,236,0.12186321194171533,[-2.93133886  2.2370376  -2.12466894 -0.11626157  0.56297337]
Mon Oct 14 20:21:58 2024,237,0.1223255245909191,[-2.93289626  2.238595   -2.12622634 -0.11470417  0.56141597]
Mon Oct 14 20:23:53 2024,238,0.12462965186506797,[-2.93388562  2.23958436 -2.1272157  -0.11569353  0.56240533]
Mon Oct 14 20:25:49 2024,239,0.12487849634114132,[-2.93328895  2.23898769 -2.12661904 -0.11629019  0.563002  ]
Mon Oct 14 20:27:46 2024,240,0.12645960985449653,[-2.93384727  2.23842938 -2.12717735 -0.11573188  0.56244368]
Mon Oct 14 20:29:42 2024,241,0.12718877658057437,[-2.93440863  2.23786801 -2.12661599 -0.11629324  0.56188231]
Mon Oct 14 20:31:36 2024,242,0.12694897291582274,[-2.93469242  2.23758423 -2.1263322  -0.11657703  0.56159853]
Mon Oct 14 20:33:32 2024,243,0.12332860312108458,[-2.93421454  2.23710635 -2.12585433 -0.11609915  0.5620764 ]
Mon Oct 14 20:35:27 2024,244,0.1209951099878594,[-2.93442832  2.23732013 -2.12564055 -0.11588538  0.56186262]
Mon Oct 14 20:37:22 2024,245,0.12477175838499033,[-2.93424726  2.2375012  -2.12545949 -0.11606644  0.56204369]
Mon Oct 14 20:39:17 2024,246,0.1218471007370108,[-2.93422765  2.23748158 -2.1254791  -0.11604683  0.5620633 ]
Mon Oct 14 20:41:12 2024,247,0.12212895663157244,[-2.93486034  2.23684889 -2.12611179 -0.11541413  0.56143061]
Mon Oct 14 20:43:07 2024,248,0.12328946663010874,[-2.93434921  2.23736002 -2.12662293 -0.11592526  0.56091947]
Mon Oct 14 20:45:01 2024,249,0.1244348835138212,[-2.93499528  2.23671395 -2.127269   -0.11657134  0.56156554]
Mon Oct 14 20:46:55 2024,250,0.11924634683934199,[-2.93481962  2.23688961 -2.12709334 -0.11674699  0.5617412 ]
Mon Oct 14 20:48:50 2024,251,0.12776680719734665,[-2.93557468  2.23613455 -2.1278484  -0.11750206  0.56098614]
Mon Oct 14 20:50:45 2024,252,0.12544389967696873,[-2.9361988   2.23675867 -2.12847252 -0.11812618  0.56036202]
Mon Oct 14 20:52:42 2024,253,0.1327387439295718,[-2.93583834  2.2363982  -2.12883299 -0.11776571  0.56000156]
Mon Oct 14 20:54:36 2024,254,0.12650754236997314,[-2.93627074  2.2359658  -2.12840059 -0.11733331  0.55956916]
Mon Oct 14 20:56:32 2024,255,0.1270536158661643,[-2.93631014  2.2359264  -2.12836119 -0.11729391  0.55952976]
Mon Oct 14 20:58:28 2024,256,0.11548591883728225,[-2.93609124  2.2357075  -2.12814229 -0.11707501  0.55931085]
Mon Oct 14 21:00:23 2024,257,0.12748022795444613,[-2.93587514  2.2359236  -2.12835839 -0.11685891  0.55952695]
Mon Oct 14 21:02:18 2024,258,0.12360815527928988,[-2.9365327   2.23658117 -2.12901595 -0.11620134  0.55886939]
Mon Oct 14 21:04:13 2024,259,0.12685753483202744,[-2.93624605  2.23629452 -2.1293026  -0.11648799  0.55858274]
Mon Oct 14 21:06:08 2024,260,0.12181174605799144,[-2.93570645  2.23683412 -2.12984221 -0.11594839  0.55912234]
Mon Oct 14 21:08:02 2024,261,0.12199128921831827,[-2.93587148  2.23666909 -2.12967718 -0.11578336  0.55928737]
Mon Oct 14 21:09:56 2024,262,0.12558192394442802,[-2.93515867  2.23595629 -2.12896437 -0.11649617  0.56000018]
Mon Oct 14 21:11:51 2024,263,0.12394262575473901,[-2.93518791  2.23598552 -2.1289936  -0.11646694  0.55997094]
Mon Oct 14 21:13:46 2024,264,0.1270982019752885,[-2.93513591  2.23603751 -2.12894161 -0.11651893  0.56002294]
Mon Oct 14 21:15:40 2024,265,0.13079340085187718,[-2.93505685  2.23611658 -2.12902067 -0.11643986  0.560102  ]
Mon Oct 14 21:17:35 2024,266,0.12181620783721547,[-2.93449054  2.23668289 -2.12958698 -0.11700618  0.56066831]
Mon Oct 14 21:19:30 2024,267,0.12417400731377976,[-2.9352032   2.23739555 -2.12887432 -0.11629351  0.56138098]
Mon Oct 14 21:21:26 2024,268,0.11564263936771724,[-2.93452325  2.23807551 -2.12955427 -0.11697346  0.56206093]
Mon Oct 14 21:23:20 2024,269,0.1222572631569258,[-2.93495188  2.23764688 -2.1299829  -0.11740209  0.5616323 ]
Mon Oct 14 21:25:15 2024,270,0.1255943821391606,[-2.93474228  2.23743728 -2.1301925  -0.1171925   0.5618419 ]
Mon Oct 14 21:27:10 2024,271,0.12626076015275675,[-2.93553625  2.23823125 -2.13098647 -0.11639853  0.56104793]
Mon Oct 14 21:29:05 2024,272,0.1256880257362166,[-2.93635092  2.23741658 -2.1301718  -0.11558386  0.5618626 ]
Mon Oct 14 21:31:00 2024,273,0.12573092351500906,[-2.93569075  2.23807675 -2.13083197 -0.11624403  0.56120243]
Mon Oct 14 21:32:58 2024,274,0.12100626784650781,[-2.9353932   2.23777921 -2.13053442 -0.11594648  0.56090488]
Mon Oct 14 21:34:53 2024,275,0.12418567607212201,[-2.93493987  2.23823254 -2.13008109 -0.11639981  0.56135821]
Mon Oct 14 21:36:47 2024,276,0.1256160016985426,[-2.93466772  2.23850469 -2.12980894 -0.11612765  0.56108605]
Mon Oct 14 21:38:41 2024,277,0.12183049269025814,[-2.93414104  2.23903137 -2.12928226 -0.11665433  0.56161272]
Mon Oct 14 21:40:36 2024,278,0.12738545488407474,[-2.93337444  2.23826477 -2.13004886 -0.11742093  0.56237933]
Mon Oct 14 21:42:31 2024,279,0.12327846607197099,[-2.93279224  2.23884696 -2.13063106 -0.11683873  0.56179713]
Mon Oct 14 21:44:27 2024,280,0.12818174005865654,[-2.93283947  2.23879974 -2.13058383 -0.11688596  0.56184435]
Mon Oct 14 21:46:22 2024,281,0.12577217849103783,[-2.93294038  2.23890065 -2.13068474 -0.11698687  0.56174344]
Mon Oct 14 21:48:17 2024,282,0.11890354167284128,[-2.93257205  2.23926897 -2.13105307 -0.11735519  0.56137512]
Mon Oct 14 21:50:11 2024,283,0.12315448642805091,[-2.93250921  2.23933182 -2.13111592 -0.11741804  0.56143797]
Mon Oct 14 21:52:09 2024,284,0.12364487027987825,[-2.93279064  2.23961326 -2.13083448 -0.11769947  0.5617194 ]
Mon Oct 14 21:54:03 2024,285,0.11892783534124998,[-2.93305784  2.23934606 -2.13110168 -0.11796667  0.5619866 ]
Mon Oct 14 21:55:58 2024,286,0.12410336101047344,[-2.93400366  2.23840024 -2.1320475  -0.11891249  0.56104078]
Mon Oct 14 21:57:53 2024,287,0.12494921462940946,[-2.93415107  2.23854765 -2.13219491 -0.1190599   0.56089337]
Mon Oct 14 21:59:48 2024,288,0.12301908615907516,[-2.93403031  2.23842689 -2.13207415 -0.11918066  0.56101413]
Mon Oct 14 22:01:42 2024,289,0.12685391171274787,[-2.93432916  2.23872574 -2.1317753  -0.11888181  0.56131298]
Mon Oct 14 22:03:37 2024,290,0.12536011137135586,[-2.9347594   2.23915598 -2.13220554 -0.11931205  0.56088274]
Mon Oct 14 22:05:33 2024,291,0.12419238605419386,[-2.93534394  2.23857144 -2.131621   -0.11989659  0.56146727]
Mon Oct 14 22:07:27 2024,292,0.12747536705547993,[-2.93560529  2.2388328  -2.13135965 -0.12015794  0.56172863]
Mon Oct 14 22:09:22 2024,293,0.12713432607373876,[-2.93564465  2.23879344 -2.13139901 -0.1201973   0.56176799]
Mon Oct 14 22:11:17 2024,294,0.13021121022608426,[-2.93560687  2.23875565 -2.13136122 -0.12023509  0.56180578]
Mon Oct 14 22:13:11 2024,295,0.12816549031219396,[-2.93595546  2.23840705 -2.13170982 -0.11988649  0.56215438]
Mon Oct 14 22:15:06 2024,296,0.1261785424301754,[-2.93611685  2.23824566 -2.1318712  -0.12004788  0.56199299]
Mon Oct 14 22:17:01 2024,297,0.12429508423480977,[-2.93563094  2.23873157 -2.1313853  -0.12053378  0.56150708]
Mon Oct 14 22:18:57 2024,298,0.12772120881749466,[-2.93540418  2.23895833 -2.13115854 -0.12030702  0.56128032]
Mon Oct 14 22:20:51 2024,299,0.11645358191676015,[-2.93571928  2.23927342 -2.13084345 -0.11999193  0.56096523]
Mon Oct 14 22:22:46 2024,300,0.12618262852307233,[-2.93696718  2.23802552 -2.12959554 -0.12123983  0.55971733]
Mon Oct 14 22:24:41 2024,301,0.12858067419373956,[-2.9376454   2.23870375 -2.13027377 -0.12056161  0.5590391 ]
Mon Oct 14 22:26:35 2024,302,0.11779518194985071,[-2.93700401  2.23806235 -2.13091517 -0.121203    0.55839771]
Mon Oct 14 22:28:30 2024,303,0.1304657634853364,[-2.93667171  2.23839465 -2.13124746 -0.12087071  0.55873   ]
Mon Oct 14 22:30:24 2024,304,0.12646945485044633,[-2.93694757  2.23867051 -2.1309716  -0.12059485  0.55900587]
Mon Oct 14 22:32:20 2024,305,0.12595731388212728,[-2.93780271  2.23781537 -2.13011646 -0.12144998  0.55815073]
Mon Oct 14 22:34:15 2024,306,0.12144244530314965,[-2.93786446  2.23775363 -2.13017821 -0.12151173  0.55808898]
Mon Oct 14 22:36:12 2024,307,0.12067956201326828,[-2.93726452  2.23835356 -2.12957828 -0.12211166  0.55868892]
Mon Oct 14 22:38:07 2024,308,0.12287652324164432,[-2.93696514  2.23805417 -2.12987766 -0.12181228  0.55838953]
Mon Oct 14 22:40:01 2024,309,0.1270650125990694,[-2.93693637  2.2380254  -2.12990643 -0.12184105  0.55836076]
Mon Oct 14 22:41:57 2024,310,0.1274023136105968,[-2.93663246  2.23832931 -2.12960253 -0.12214495  0.55866466]
Mon Oct 14 22:43:52 2024,311,0.12112770557494361,[-2.93623904  2.23793588 -2.12999595 -0.12253837  0.55905809]
Mon Oct 14 22:45:46 2024,312,0.11643218649026668,[-2.93523171  2.23692855 -2.12898862 -0.12354571  0.55805076]
Mon Oct 14 22:47:42 2024,313,0.12951820902696118,[-2.93530148  2.23685878 -2.12891885 -0.12361548  0.55798099]
Mon Oct 14 22:49:37 2024,314,0.12705839299467248,[-2.93497148  2.23652879 -2.12924885 -0.12394547  0.55831098]
Mon Oct 14 22:51:31 2024,315,0.12268365707233835,[-2.93454547  2.23610277 -2.12882283 -0.12351945  0.558737  ]
Mon Oct 14 22:53:27 2024,316,0.1225780524525253,[-2.93491704  2.23647434 -2.1291944  -0.12314788  0.55836543]
Mon Oct 14 22:55:21 2024,317,0.12667369487213426,[-2.9349169   2.2364742  -2.12919453 -0.12314775  0.55836529]
Mon Oct 14 22:57:16 2024,318,0.11887612252723322,[-2.93527292  2.23683023 -2.12883851 -0.12279172  0.55800927]
Mon Oct 14 22:59:10 2024,319,0.12008896325906779,[-2.93580528  2.23629787 -2.12830616 -0.12225937  0.55854162]
Mon Oct 14 23:01:02 2024,320,0.11847335983464075,[-2.93601633  2.23650892 -2.12851721 -0.12247042  0.55875267]
Mon Oct 14 23:02:55 2024,321,0.1250187935225083,[-2.93679023  2.23728283 -2.12774331 -0.12169652  0.55797877]
Mon Oct 14 23:04:50 2024,322,0.12190769397575398,[-2.93700853  2.23750112 -2.12752501 -0.12147822  0.55776047]
Mon Oct 14 23:06:44 2024,323,0.12322695953787725,[-2.93744026  2.23793285 -2.12795673 -0.12104649  0.55732875]
Mon Oct 14 23:08:39 2024,324,0.1259900046405158,[-2.93685689  2.23851622 -2.12737337 -0.12162986  0.55791211]
Mon Oct 14 23:10:35 2024,325,0.12076052087224061,[-2.93649965  2.23887346 -2.12773061 -0.12127262  0.55826936]
Mon Oct 14 23:12:30 2024,326,0.12158800809960074,[-2.9362771   2.23865092 -2.12795315 -0.12149516  0.5584919 ]
Mon Oct 14 23:14:25 2024,327,0.12737356621921556,[-2.9368387   2.23921251 -2.12739156 -0.12205675  0.55905349]
Mon Oct 14 23:16:21 2024,328,0.11899725170803366,[-2.93685015  2.23922396 -2.12740301 -0.1220682   0.55904204]
Mon Oct 14 23:18:16 2024,329,0.12460952845910046,[-2.93665916  2.23941495 -2.127594   -0.12187721  0.55923303]
Mon Oct 14 23:20:11 2024,330,0.12536239907656296,[-2.9366167   2.2394574  -2.12763645 -0.12183476  0.55927549]
Mon Oct 14 23:22:05 2024,331,0.1300543141956781,[-2.93687492  2.23919919 -2.12737824 -0.12209297  0.55901727]
Mon Oct 14 23:23:59 2024,332,0.12088091016661082,[-2.93738617  2.23868794 -2.12686698 -0.12260423  0.55850602]
Mon Oct 14 23:25:54 2024,333,0.12723660361050207,[-2.93717297  2.23890113 -2.12708018 -0.12281742  0.55871922]
Mon Oct 14 23:27:50 2024,334,0.12869679180492968,[-2.93681109  2.23926301 -2.12744206 -0.12245554  0.5590811 ]
Mon Oct 14 23:29:44 2024,335,0.12455901916102177,[-2.93669755  2.23937655 -2.12732852 -0.122342    0.55896755]
Mon Oct 14 23:31:40 2024,336,0.1266183059894718,[-2.93683094  2.23924317 -2.1274619  -0.12220862  0.55883417]
Mon Oct 14 23:33:35 2024,337,0.1213658226791754,[-2.93675977  2.239172   -2.12739073 -0.12227978  0.55890533]
Mon Oct 14 23:35:30 2024,338,0.12354447256240131,[-2.93655102  2.23938074 -2.12718199 -0.12207104  0.55869659]
Mon Oct 14 23:37:26 2024,339,0.12151733093737675,[-2.93604858  2.2388783  -2.12768443 -0.12257348  0.55819414]
Mon Oct 14 23:39:22 2024,340,0.11404112980033333,[-2.93557642  2.23840614 -2.12815659 -0.12304564  0.55772198]
Mon Oct 14 23:41:17 2024,341,0.12332255738174407,[-2.93623389  2.23906361 -2.12749912 -0.12238817  0.55837946]
Mon Oct 14 23:43:12 2024,342,0.126288090218678,[-2.93623791  2.2390596  -2.1274951  -0.12239218  0.55837544]
Mon Oct 14 23:45:08 2024,343,0.12256024617491476,[-2.93647204  2.23929372 -2.12772922 -0.12262631  0.55860957]
Mon Oct 14 23:47:03 2024,344,0.12097983540465605,[-2.93701555  2.23983724 -2.12718571 -0.12208279  0.55915308]
Mon Oct 14 23:48:59 2024,345,0.13295723837733167,[-2.93722329  2.24004498 -2.12697797 -0.12187505  0.55894535]
Mon Oct 14 23:50:55 2024,346,0.12443057597184418,[-2.93794708  2.24076876 -2.12770175 -0.12259884  0.55966913]
Mon Oct 14 23:52:49 2024,347,0.12564499447032568,[-2.93822795  2.24104963 -2.12742088 -0.12231797  0.55938826]
Mon Oct 14 23:54:44 2024,348,0.12568672131222625,[-2.9385319   2.24135359 -2.12772484 -0.12201401  0.55969222]
Mon Oct 14 23:56:39 2024,349,0.12689283638407883,[-2.93833635  2.24115803 -2.12792039 -0.12220957  0.55988777]
Mon Oct 14 23:58:34 2024,350,0.12850836208831531,[-2.93775246  2.24174192 -2.12850428 -0.12279345  0.56047165]
Tue Oct 15 00:00:28 2024,351,0.1252407057190514,[-2.9381478   2.24213726 -2.12889962 -0.12318879  0.56007631]
Tue Oct 15 00:02:25 2024,352,0.1206428420180303,[-2.93865261  2.24264206 -2.12839482 -0.1236936   0.56058111]
Tue Oct 15 00:04:21 2024,353,0.12104783515378285,[-2.9385724   2.24256185 -2.12831461 -0.12377381  0.56066132]
Tue Oct 15 00:06:16 2024,354,0.12944111800170793,[-2.93779483  2.24333942 -2.12753704 -0.12455138  0.56143889]
Tue Oct 15 00:08:10 2024,355,0.11970521440600125,[-2.93741262  2.24295721 -2.12791924 -0.12493358  0.56105669]
Tue Oct 15 00:10:05 2024,356,0.12008706834820337,[-2.93739954  2.24294413 -2.12793232 -0.1249205   0.56104361]
Tue Oct 15 00:12:02 2024,357,0.12029339327917304,[-2.93787639  2.24246728 -2.12840918 -0.12539736  0.56152046]
Tue Oct 15 00:13:57 2024,358,0.12294371802170104,[-2.93798601  2.2425769  -2.12851879 -0.12528774  0.56141084]
Tue Oct 15 00:15:52 2024,359,0.11992850893848662,[-2.93811815  2.24270904 -2.12865093 -0.1251556   0.56154298]
Tue Oct 15 00:17:48 2024,360,0.12543929532031511,[-2.93880746  2.24201972 -2.12796162 -0.12584491  0.56085367]
Tue Oct 15 00:19:43 2024,361,0.12440590252338533,[-2.93900304  2.24182414 -2.12776604 -0.1260405   0.56104925]
Tue Oct 15 00:21:39 2024,362,0.12003312409157825,[-2.93944633  2.24138086 -2.12820932 -0.12559721  0.56149254]
Tue Oct 15 00:23:36 2024,363,0.12044729366831608,[-2.93924689  2.2415803  -2.12840877 -0.12539776  0.56129309]
Tue Oct 15 00:25:31 2024,364,0.12674130827276062,[-2.94006749  2.2424009  -2.12922937 -0.12621837  0.56211369]
Tue Oct 15 00:27:26 2024,365,0.12758236557727862,[-2.9398692   2.2425992  -2.12903108 -0.12641666  0.56231199]
Tue Oct 15 00:29:21 2024,366,0.1230144945060843,[-2.94045887  2.24318887 -2.12962075 -0.12582699  0.56290166]
Tue Oct 15 00:31:17 2024,367,0.11729203340882788,[-2.94109951  2.24254823 -2.12898011 -0.12518635  0.56226102]
Tue Oct 15 00:33:14 2024,368,0.12717903833570915,[-2.94186672  2.24178102 -2.1282129  -0.12595356  0.56149381]
Tue Oct 15 00:35:15 2024,369,0.12818194406008646,[-2.94245877  2.24237307 -2.12880495 -0.12536151  0.56090176]
Tue Oct 15 00:37:10 2024,370,0.1286176903418921,[-2.94227856  2.24219286 -2.12862474 -0.12554173  0.56072154]
Tue Oct 15 00:39:05 2024,371,0.12458070366046142,[-2.94208526  2.24238616 -2.12881804 -0.12534842  0.56091484]
Tue Oct 15 00:41:02 2024,372,0.1291006067973992,[-2.94243682  2.2420346  -2.1291696  -0.12569998  0.5612664 ]
Tue Oct 15 00:43:00 2024,373,0.12920319754272108,[-2.94252644  2.24194498 -2.12925922 -0.12561036  0.56117678]
Tue Oct 15 00:44:55 2024,374,0.12412861507845381,[-2.94252954  2.24194188 -2.12925612 -0.12560726  0.56117988]
Tue Oct 15 00:46:50 2024,375,0.12164488313434069,[-2.9430653   2.24140612 -2.12872037 -0.1250715   0.56171564]
Tue Oct 15 00:48:45 2024,376,0.12381318375740086,[-2.94384285  2.24218367 -2.12794282 -0.12429395  0.56093809]
Tue Oct 15 00:50:40 2024,377,0.12307009049942619,[-2.94287994  2.24314658 -2.12890572 -0.12525686  0.55997518]
Tue Oct 15 00:52:36 2024,378,0.1213246440595881,[-2.94303083  2.24329746 -2.12905661 -0.12540774  0.56012607]
Tue Oct 15 00:54:31 2024,379,0.125416449760706,[-2.94288898  2.24343931 -2.12919845 -0.1252659   0.56026791]
Tue Oct 15 00:56:25 2024,380,0.12753763118201122,[-2.94367851  2.24422884 -2.12840892 -0.12447637  0.56105745]
Tue Oct 15 00:58:22 2024,381,0.12289108031901322,[-2.94427282  2.24482315 -2.12781462 -0.12507067  0.56165175]
Tue Oct 15 01:00:17 2024,382,0.12244714863550477,[-2.94339193  2.24394226 -2.12693373 -0.12595156  0.56077087]
Tue Oct 15 01:02:11 2024,383,0.1252822448178302,[-2.94384338  2.24349082 -2.12648229 -0.12550011  0.56122232]
Tue Oct 15 01:04:07 2024,384,0.12303640613518775,[-2.94297175  2.24436244 -2.12735391 -0.12637173  0.56209394]
Tue Oct 15 01:06:01 2024,385,0.12037627926046693,[-2.94346694  2.24386726 -2.12784909 -0.12587655  0.56159876]
Tue Oct 15 01:07:55 2024,386,0.12421964596414227,[-2.94459099  2.24499131 -2.12897315 -0.1247525   0.56272281]
Tue Oct 15 01:09:50 2024,387,0.12471952046095776,[-2.94425255  2.24465287 -2.12931159 -0.12441406  0.56238437]
Tue Oct 15 01:11:45 2024,388,0.12382058727448421,[-2.94498205  2.24538238 -2.13004109 -0.12368455  0.56165487]
Tue Oct 15 01:13:42 2024,389,0.126325048814391,[-2.94479897  2.24556546 -2.13022418 -0.12350147  0.56183795]
Tue Oct 15 01:15:36 2024,390,0.12123152509005958,[-2.94442172  2.24594271 -2.13060142 -0.12387871  0.56146071]
Tue Oct 15 01:17:37 2024,391,0.11641770312790689,[-2.94499787  2.24651885 -2.13117757 -0.12330257  0.56088456]
Tue Oct 15 01:19:39 2024,392,0.12061008331626272,[-2.94560861  2.2471296  -2.13178832 -0.12391331  0.56149531]
Tue Oct 15 01:21:33 2024,393,0.1266195476324064,[-2.94617056  2.24769154 -2.13122637 -0.12335137  0.56205725]
Tue Oct 15 01:23:28 2024,394,0.12482499369716817,[-2.94601081  2.24785129 -2.13138612 -0.12351111  0.562217  ]
Tue Oct 15 01:25:23 2024,395,0.12504120324241685,[-2.94678707  2.24862754 -2.13060986 -0.12273486  0.56299325]
Tue Oct 15 01:27:18 2024,396,0.11666885408656483,[-2.94743072  2.24798389 -2.13125352 -0.12337851  0.5623496 ]
Tue Oct 15 01:29:08 2024,397,0.12406358027105208,[-2.94731151  2.2481031  -2.13137273 -0.12349773  0.56223038]
Tue Oct 15 01:31:00 2024,398,0.12636754651643745,[-2.94688687  2.24767847 -2.1309481  -0.12307309  0.56265501]
Tue Oct 15 01:32:56 2024,399,0.1172528011939678,[-2.94733155  2.24723379 -2.13050342 -0.12351777  0.5630997 ]
Tue Oct 15 01:34:51 2024,400,0.12264878837577159,[-2.94773719  2.24682815 -2.13009778 -0.12392341  0.56269406]
Tue Oct 15 01:36:47 2024,401,0.12400585078417409,[-2.94770789  2.24679885 -2.13006848 -0.12389411  0.56272336]
Tue Oct 15 01:38:43 2024,402,0.12539142989417404,[-2.94747708  2.24702966 -2.12983767 -0.1236633   0.56249255]
Tue Oct 15 01:40:37 2024,403,0.12729299885940937,[-2.94732273  2.24687531 -2.12968331 -0.12350895  0.5626469 ]
Tue Oct 15 01:42:32 2024,404,0.1214842072392014,[-2.94739634  2.24680169 -2.1296097  -0.12358256  0.56257329]
Tue Oct 15 01:44:27 2024,405,0.12254938749996988,[-2.94777009  2.24642794 -2.12923595 -0.12395631  0.56294704]
Tue Oct 15 01:46:23 2024,406,0.12917585185071548,[-2.94846099  2.24711885 -2.12992686 -0.1232654   0.56225613]
Tue Oct 15 01:48:19 2024,407,0.12278626772080756,[-2.9487981   2.24678174 -2.12958975 -0.1229283   0.56191903]
Tue Oct 15 01:50:14 2024,408,0.1276467560673025,[-2.94993453  2.24791818 -2.12845331 -0.12179186  0.56078259]
Tue Oct 15 01:52:09 2024,409,0.1205141727155924,[-2.95041705  2.24743566 -2.12893583 -0.12227438  0.56030007]
Tue Oct 15 01:54:05 2024,410,0.12428846466713961,[-2.95055482  2.24757343 -2.12879806 -0.12213661  0.5601623 ]
Tue Oct 15 01:56:00 2024,411,0.12887287645689968,[-2.95016007  2.24717868 -2.12840331 -0.12174185  0.56055706]
Tue Oct 15 01:57:54 2024,412,0.1165611660826573,[-2.94966633  2.24668494 -2.12790957 -0.12124812  0.56105079]
Tue Oct 15 01:59:49 2024,413,0.12163045411398224,[-2.94956013  2.24679115 -2.12780337 -0.12135432  0.56094459]
Tue Oct 15 02:01:43 2024,414,0.12221054924872046,[-2.94949229  2.24672331 -2.1278712  -0.12142216  0.56087675]
Tue Oct 15 02:03:39 2024,415,0.12307294864976111,[-2.94977199  2.24644361 -2.12815091 -0.12170186  0.56059704]
Tue Oct 15 02:05:34 2024,416,0.12246763647852689,[-2.95019443  2.24686604 -2.12857334 -0.1221243   0.56101948]
Tue Oct 15 02:07:28 2024,417,0.12950479366800458,[-2.95042154  2.24709316 -2.12880046 -0.12235141  0.56079236]
Tue Oct 15 02:09:23 2024,418,0.12965677468230044,[-2.95025902  2.24693064 -2.12863794 -0.12251393  0.56095488]
Tue Oct 15 02:11:18 2024,419,0.1252485303834434,[-2.95020907  2.24698059 -2.12858799 -0.12246398  0.56100483]
Tue Oct 15 02:13:13 2024,420,0.11973637132551447,[-2.95041667  2.24718819 -2.12838039 -0.12225638  0.56079723]
Tue Oct 15 02:15:09 2024,421,0.12352710924245573,[-2.95107451  2.24653036 -2.12772255 -0.12291421  0.56145506]
Tue Oct 15 02:17:04 2024,422,0.1275862986269528,[-2.95071015  2.246166   -2.12735819 -0.12327857  0.5610907 ]
Tue Oct 15 02:19:00 2024,423,0.12700317695692043,[-2.95138862  2.24548753 -2.12667972 -0.1226001   0.56041223]
Tue Oct 15 02:20:54 2024,424,0.12016392295057296,[-2.95103659  2.24583956 -2.12703176 -0.12295213  0.56006019]
Tue Oct 15 02:22:49 2024,425,0.12757966582054459,[-2.95138231  2.24549384 -2.12737748 -0.12329786  0.55971447]
Tue Oct 15 02:24:43 2024,426,0.13161517945106702,[-2.95152805  2.24563958 -2.12752322 -0.12315212  0.55986021]
Tue Oct 15 02:26:38 2024,427,0.12434583702834505,[-2.95195676  2.24606829 -2.12709451 -0.12358083  0.55943149]
Tue Oct 15 02:28:31 2024,428,0.12404079054915808,[-2.95189149  2.24600302 -2.12715978 -0.12351556  0.55949676]
Tue Oct 15 02:30:25 2024,429,0.12869602725396687,[-2.95191185  2.24602338 -2.12713942 -0.12349521  0.55951712]
Tue Oct 15 02:32:21 2024,430,0.12589913247494386,[-2.95271986  2.24683139 -2.12633141 -0.12430322  0.5587091 ]
Tue Oct 15 02:34:16 2024,431,0.11830359257272789,[-2.95300357  2.2471151  -2.1260477  -0.12401951  0.5584254 ]
Tue Oct 15 02:36:11 2024,432,0.12199285063924035,[-2.9533572   2.24746873 -2.12569407 -0.12437314  0.55807177]
Tue Oct 15 02:38:08 2024,433,0.1243939801705507,[-2.95392972  2.24804125 -2.12626659 -0.12380062  0.55749925]
Tue Oct 15 02:40:03 2024,434,0.12658757993808892,[-2.95335186  2.24861911 -2.12684445 -0.12322276  0.55692139]
Tue Oct 15 02:42:01 2024,435,0.13012525395930083,[-2.95327828  2.24869269 -2.12677088 -0.12329634  0.55684781]
Tue Oct 15 02:44:04 2024,436,0.11974265161802437,[-2.95337007  2.24878448 -2.12686267 -0.12338813  0.5569396 ]
Tue Oct 15 02:45:59 2024,437,0.12310671011536987,[-2.95369266  2.24910706 -2.12718525 -0.12371072  0.55661701]
Tue Oct 15 02:47:54 2024,438,0.12752155278747504,[-2.95312493  2.2496748  -2.12775298 -0.12427845  0.55604928]
Tue Oct 15 02:49:49 2024,439,0.1262921507599233,[-2.95324699  2.24979686 -2.12763092 -0.12440051  0.55617134]
Tue Oct 15 02:51:46 2024,440,0.12683872090137158,[-2.95356412  2.24947973 -2.12731379 -0.12471764  0.55585422]
Tue Oct 15 02:53:43 2024,441,0.12096874675232147,[-2.95285329  2.25019056 -2.12802463 -0.12400681  0.55514338]
Tue Oct 15 02:55:38 2024,442,0.12824648578091272,[-2.95279088  2.25012815 -2.12808704 -0.12406922  0.55520579]
Tue Oct 15 02:57:33 2024,443,0.1158591479415454,[-2.95265928  2.25025976 -2.12795543 -0.12420082  0.5553374 ]
Tue Oct 15 02:59:27 2024,444,0.12919520572226598,[-2.95248675  2.25043228 -2.12812795 -0.1240283   0.55516487]
Tue Oct 15 03:01:22 2024,445,0.12298214916156154,[-2.95235481  2.25056423 -2.1282599  -0.12416024  0.55529682]
Tue Oct 15 03:03:19 2024,446,0.12204283265230456,[-2.95238752  2.25053151 -2.12822718 -0.12419296  0.55532953]
Tue Oct 15 03:05:14 2024,447,0.12477417178915436,[-2.95289813  2.25104212 -2.12873779 -0.12470356  0.55481893]
Tue Oct 15 03:07:09 2024,448,0.12136856965098514,[-2.95307951  2.25086074 -2.12891917 -0.12488494  0.55463755]
Tue Oct 15 03:09:04 2024,449,0.12082691793829758,[-2.95268268  2.25046391 -2.129316   -0.12448812  0.55503437]
Tue Oct 15 03:10:57 2024,450,0.12667612584210006,[-2.9531049   2.2500417  -2.12973821 -0.1240659   0.55545659]
Tue Oct 15 03:12:52 2024,451,0.13062000213538646,[-2.95262759  2.24956439 -2.13021552 -0.12454321  0.55497928]
Tue Oct 15 03:14:47 2024,452,0.12524482013619564,[-2.9528701   2.2498069  -2.12997301 -0.12478571  0.55473678]
Tue Oct 15 03:16:41 2024,453,0.12745068491498032,[-2.95311394  2.25005074 -2.13021685 -0.12502955  0.55498061]
Tue Oct 15 03:18:37 2024,454,0.12376063573120215,[-2.95323637  2.25017317 -2.13033928 -0.12515199  0.55485818]
Tue Oct 15 03:20:30 2024,455,0.1252861924371384,[-2.95252551  2.24946231 -2.13105015 -0.12586285  0.55556904]
Tue Oct 15 03:22:21 2024,456,0.1271786607355556,[-2.95233238  2.24926918 -2.13085701 -0.12566971  0.55576217]
Tue Oct 15 03:24:20 2024,457,0.12584827936142123,[-2.9519769   2.24962465 -2.13050154 -0.12602519  0.5554067 ]
Tue Oct 15 03:26:15 2024,458,0.12192079257048453,[-2.95203507  2.24956648 -2.13055971 -0.12596702  0.55534853]
Tue Oct 15 03:28:10 2024,459,0.12384656038514034,[-2.95233996  2.2492616  -2.13086459 -0.12566214  0.55504365]
Tue Oct 15 03:30:05 2024,460,0.11916995972555289,[-2.9522025   2.24939905 -2.13072714 -0.12579959  0.55490619]
Tue Oct 15 03:32:01 2024,461,0.1280897404212821,[-2.95202994  2.24957162 -2.1308997  -0.12597216  0.55473363]
Tue Oct 15 03:33:56 2024,462,0.1250332559199475,[-2.95240931  2.24995099 -2.13052033 -0.12559278  0.555113  ]
Tue Oct 15 03:35:49 2024,463,0.12655635902721638,[-2.95261133  2.24974897 -2.13072235 -0.1257948   0.55531503]
Tue Oct 15 03:37:44 2024,464,0.12788501347931433,[-2.9520106   2.24914823 -2.13132308 -0.12639554  0.55471429]
Tue Oct 15 03:39:38 2024,465,0.12254448007515215,[-2.95221682  2.24935446 -2.13152931 -0.12618931  0.55450806]
Tue Oct 15 03:41:36 2024,466,0.12467588333064972,[-2.95230363  2.24944127 -2.13161612 -0.1261025   0.55459487]
Tue Oct 15 03:43:32 2024,467,0.1211807148907213,[-2.95269353  2.24983117 -2.13122622 -0.12649241  0.55498477]
Tue Oct 15 03:45:27 2024,468,0.13445567325754593,[-2.95238078  2.25014393 -2.13091346 -0.12617965  0.55467202]
Tue Oct 15 03:47:30 2024,469,0.12552156652311922,[-2.95232783  2.25019687 -2.13086052 -0.12623259  0.55472496]
Tue Oct 15 03:49:27 2024,470,0.12619566211579572,[-2.95294825  2.24957645 -2.1302401  -0.12561217  0.55534538]
Tue Oct 15 03:51:26 2024,471,0.12090986850945636,[-2.95259385  2.24922205 -2.1305945  -0.12596658  0.55569978]
Tue Oct 15 03:53:24 2024,472,0.12071518676971518,[-2.95300304  2.24881286 -2.13100369 -0.12555739  0.5552906 ]
Tue Oct 15 03:55:23 2024,473,0.12625006451334098,[-2.95311231  2.24892213 -2.13089442 -0.12544812  0.55539987]
Tue Oct 15 03:57:24 2024,474,0.12311368574445036,[-2.9535411   2.24935092 -2.13132321 -0.12587691  0.55582866]
Tue Oct 15 03:59:17 2024,475,0.13006997973860693,[-2.95364678  2.2494566  -2.13142889 -0.12577123  0.55593434]
Tue Oct 15 04:01:12 2024,476,0.12773611376418184,[-2.95357838  2.249525   -2.13136049 -0.12583963  0.55586594]
Tue Oct 15 04:03:07 2024,477,0.11492234132485148,[-2.95446598  2.2486374  -2.13224809 -0.12495203  0.55497834]
Tue Oct 15 04:05:01 2024,478,0.12192998453678537,[-2.95507719  2.24802618 -2.13285931 -0.12556324  0.55436712]
Tue Oct 15 04:06:56 2024,479,0.12279356789821355,[-2.95427796  2.24882542 -2.13365854 -0.12636247  0.55516636]
Tue Oct 15 04:08:48 2024,480,0.11674597160977362,[-2.95399608  2.24854354 -2.13394042 -0.1260806   0.55544823]
Tue Oct 15 04:10:46 2024,481,0.1234624009595224,[-2.95389537  2.24864425 -2.13383971 -0.12597989  0.55554894]
Tue Oct 15 04:12:43 2024,482,0.12090705351069371,[-2.95427115  2.24902002 -2.13421548 -0.12560412  0.55517317]
Tue Oct 15 04:14:40 2024,483,0.12149513396755982,[-2.95417636  2.24892524 -2.13431026 -0.12550933  0.55526795]
Tue Oct 15 04:16:34 2024,484,0.1255676877020519,[-2.95421154  2.24896041 -2.13434543 -0.12547416  0.55530312]
Tue Oct 15 04:18:30 2024,485,0.12649675377781547,[-2.95388955  2.24928241 -2.13466742 -0.12579615  0.55498113]
Tue Oct 15 04:20:27 2024,486,0.12279596397338695,[-2.9539545   2.24934736 -2.13460247 -0.1257312   0.55491617]
Tue Oct 15 04:22:22 2024,487,0.12137547423092407,[-2.95367959  2.24907246 -2.13432756 -0.12600611  0.55519108]
Tue Oct 15 04:24:17 2024,488,0.129489380543764,[-2.95364144  2.2490343  -2.13428941 -0.12596795  0.55515293]
Tue Oct 15 04:26:12 2024,489,0.12430857266106692,[-2.9536451   2.24903796 -2.13428575 -0.12597161  0.55515659]
Tue Oct 15 04:28:06 2024,490,0.11693745524254252,[-2.95395197  2.24873109 -2.13397887 -0.12627849  0.55484971]
Tue Oct 15 04:30:00 2024,491,0.12065185720354954,[-2.9540091   2.24878821 -2.134036   -0.12633561  0.55490684]
Tue Oct 15 04:31:57 2024,492,0.1191600899501083,[-2.95396274  2.24883457 -2.13398964 -0.12628925  0.5549532 ]
Tue Oct 15 04:33:53 2024,493,0.12718315149574394,[-2.95389159  2.24890572 -2.13391849 -0.12621811  0.55488205]
Tue Oct 15 04:35:49 2024,494,0.12488183444080254,[-2.95434471  2.24845261 -2.1343716  -0.12667122  0.55533517]
Tue Oct 15 04:37:47 2024,495,0.12430547931482805,[-2.95454243  2.24865033 -2.13417388 -0.12647349  0.55513744]
Tue Oct 15 04:39:43 2024,496,0.12595197388704885,[-2.95501764  2.24817513 -2.13464908 -0.12599829  0.55466224]
Tue Oct 15 04:41:38 2024,497,0.12133058796825102,[-2.9555866   2.24760617 -2.13521804 -0.12542933  0.5552312 ]
Tue Oct 15 04:43:33 2024,498,0.1289266951898411,[-2.95515126  2.24717083 -2.13478271 -0.12586466  0.55566653]
Tue Oct 15 04:45:29 2024,499,0.12681051111759487,[-2.95541437  2.24743394 -2.1345196  -0.12560155  0.55592964]
Tue Oct 15 04:47:23 2024,500,0.12552780926092857,[-2.95576701  2.2470813  -2.13416696 -0.12524891  0.555577  ]
Tue Oct 15 04:49:18 2024,501,0.12757349531211654,[-2.95617226  2.24748655 -2.1345722  -0.12484367  0.55598224]
Tue Oct 15 04:51:13 2024,502,0.12695189213322258,[-2.95636781  2.2476821  -2.13437665 -0.12503922  0.5561778 ]
Tue Oct 15 04:53:09 2024,503,0.12491967123037885,[-2.9557045   2.24701879 -2.13371334 -0.12570253  0.55551449]
Tue Oct 15 04:55:03 2024,504,0.12176283560612115,[-2.95520222  2.24752107 -2.13321106 -0.12620481  0.55601677]
Tue Oct 15 04:56:58 2024,505,0.11795867352595069,[-2.95536195  2.24736134 -2.13337078 -0.12636454  0.55585704]
Tue Oct 15 04:58:52 2024,506,0.126508874935389,[-2.95570198  2.24702131 -2.13371082 -0.12670457  0.555517  ]
Tue Oct 15 05:00:48 2024,507,0.1256719519648212,[-2.95566636  2.24705693 -2.13374645 -0.1267402   0.55548138]
Tue Oct 15 05:02:43 2024,508,0.123246212701954,[-2.9558324   2.24722297 -2.13391249 -0.12657416  0.55531534]
Tue Oct 15 05:04:38 2024,509,0.13203258126341905,[-2.95563817  2.24702874 -2.13410672 -0.12676839  0.5551211 ]
Tue Oct 15 05:06:33 2024,510,0.1264068630730895,[-2.95611043  2.24655647 -2.13363445 -0.12629612  0.55559337]
Tue Oct 15 05:08:28 2024,511,0.12382619392099353,[-2.95617218  2.24661822 -2.13357271 -0.12623438  0.55565512]
Tue Oct 15 05:10:22 2024,512,0.12735454268807941,[-2.95597383  2.24681656 -2.13337436 -0.12643272  0.55545677]
Tue Oct 15 05:12:17 2024,513,0.11955033733337413,[-2.95609731  2.24669309 -2.13325089 -0.12630925  0.55558024]
Tue Oct 15 05:14:13 2024,514,0.12651490456845335,[-2.95631007  2.24648033 -2.13303813 -0.12652201  0.55579301]
Tue Oct 15 05:16:09 2024,515,0.11744485323320654,[-2.95669059  2.2460998  -2.13341866 -0.12690254  0.55617353]
Tue Oct 15 05:18:13 2024,516,0.11755108060495247,[-2.95686704  2.24592336 -2.1335951  -0.12707898  0.55634998]
Tue Oct 15 05:20:09 2024,517,0.1268477427858406,[-2.95648116  2.24553747 -2.13398098 -0.12746487  0.55596409]
Tue Oct 15 05:22:01 2024,518,0.12810532768755278,[-2.9565937   2.24542493 -2.13386844 -0.12757741  0.55607664]
Tue Oct 15 05:23:57 2024,519,0.12031161853072148,[-2.95615327  2.24498449 -2.133428   -0.12713698  0.55651708]
Tue Oct 15 05:25:56 2024,520,0.12850444090065574,[-2.95681943  2.24565065 -2.13409416 -0.12780314  0.55585092]
Tue Oct 15 05:27:51 2024,521,0.12296273529079049,[-2.95705591  2.24588714 -2.13433064 -0.12756666  0.55561443]
Tue Oct 15 05:29:45 2024,522,0.12392561327029714,[-2.95698369  2.24581491 -2.13440287 -0.12749443  0.55568666]
Tue Oct 15 05:31:40 2024,523,0.12711140077020033,[-2.95726464  2.24553396 -2.13468382 -0.12721348  0.55596761]
Tue Oct 15 05:33:35 2024,524,0.12459505096007081,[-2.95747613  2.24574545 -2.13447233 -0.12700199  0.5561791 ]
Tue Oct 15 05:35:29 2024,525,0.1267673943757279,[-2.95740576  2.24581582 -2.13440196 -0.12693162  0.55610873]
Tue Oct 15 05:37:23 2024,526,0.12464930445896173,[-2.9578598   2.24626986 -2.13485601 -0.12738567  0.55565468]
Tue Oct 15 05:39:20 2024,527,0.12455483615533756,[-2.95805021  2.24646027 -2.1346656  -0.12757608  0.55546427]
Tue Oct 15 05:41:17 2024,528,0.11796932697648005,[-2.95826917  2.24667923 -2.13444665 -0.12735713  0.55524531]
Tue Oct 15 05:43:12 2024,529,0.12120249508876214,[-2.95845146  2.24686152 -2.13462894 -0.12753942  0.55506302]
Tue Oct 15 05:45:07 2024,530,0.12297438049749385,[-2.95846638  2.24687644 -2.13464386 -0.1275245   0.55507794]
Tue Oct 15 05:47:02 2024,531,0.12686326365348155,[-2.95860193  2.247012   -2.13477941 -0.12738894  0.5552135 ]
Tue Oct 15 05:48:59 2024,532,0.12429060710893286,[-2.9587964   2.24720646 -2.13497388 -0.12719448  0.55540796]
Tue Oct 15 05:50:57 2024,533,0.12407360328870938,[-2.95891255  2.24709031 -2.13509003 -0.12707833  0.55529181]
Tue Oct 15 05:52:52 2024,534,0.1197072540375254,[-2.95880069  2.24720217 -2.13520188 -0.12719018  0.55540367]
Tue Oct 15 05:54:47 2024,535,0.12125955796060381,[-2.95836641  2.24676788 -2.13563616 -0.12762446  0.55496939]
Tue Oct 15 05:56:41 2024,536,0.12184154727506348,[-2.95898986  2.24739133 -2.13625961 -0.12700102  0.55559283]
Tue Oct 15 05:58:36 2024,537,0.12345982117152544,[-2.95823167  2.24663314 -2.1370178  -0.12624283  0.55483464]
Tue Oct 15 06:00:35 2024,538,0.12279003806355923,[-2.9586271   2.24623771 -2.13741324 -0.12584739  0.55523007]
Tue Oct 15 06:02:28 2024,539,0.1267066798575338,[-2.95875794  2.24636855 -2.13754407 -0.12597823  0.55509923]
Tue Oct 15 06:04:24 2024,540,0.12188165491304852,[-2.95941792  2.24570857 -2.1368841  -0.12663821  0.55443926]
Tue Oct 15 06:06:18 2024,541,0.12314210927399642,[-2.95982465  2.2461153  -2.13729083 -0.12704494  0.55484599]
Tue Oct 15 06:08:14 2024,542,0.1199908744007987,[-2.95939634  2.24654361 -2.13686252 -0.12747325  0.55441768]
Tue Oct 15 06:10:09 2024,543,0.12582807775973054,[-2.95887198  2.24706796 -2.13738687 -0.12694889  0.55494203]
Tue Oct 15 06:12:04 2024,544,0.12845560375331186,[-2.95954243  2.2477384  -2.13671643 -0.12761934  0.55561247]
Tue Oct 15 06:13:58 2024,545,0.12376169575325449,[-2.95941425  2.24761023 -2.13658826 -0.12749116  0.55574064]
Tue Oct 15 06:15:53 2024,546,0.1261996336199863,[-2.95981515  2.24801113 -2.13698916 -0.12789206  0.55614154]
Tue Oct 15 06:17:49 2024,547,0.11940842186442328,[-2.96002583  2.24822181 -2.13677848 -0.12810274  0.55635222]
Tue Oct 15 06:19:44 2024,548,0.11756710255773106,[-2.95938689  2.24758286 -2.13741743 -0.1274638   0.55571328]
Tue Oct 15 06:21:39 2024,549,0.12457200410765036,[-2.96000463  2.24820061 -2.13803517 -0.12808154  0.55509553]
Tue Oct 15 06:23:34 2024,550,0.12279325433722248,[-2.96051424  2.24769101 -2.13854478 -0.12757194  0.55560513]
Tue Oct 15 06:25:30 2024,551,0.12247470678690325,[-2.96002146  2.24719823 -2.13903756 -0.12806472  0.55511235]
Tue Oct 15 06:27:24 2024,552,0.12773931076982445,[-2.96025809  2.24743486 -2.13880093 -0.12782809  0.55487572]
Tue Oct 15 06:29:17 2024,553,0.12342707132258854,[-2.96049327  2.24719968 -2.13903611 -0.12806326  0.55464054]
Tue Oct 15 06:31:10 2024,554,0.1215980945614011,[-2.96088248  2.24758889 -2.1386469  -0.12767406  0.55425134]
Tue Oct 15 06:33:06 2024,555,0.12358566046119758,[-2.96129784  2.24800425 -2.13906226 -0.12808942  0.55383597]
Tue Oct 15 06:35:00 2024,556,0.13357901055692004,[-2.96180743  2.24851384 -2.13855268 -0.12859901  0.55434556]
Tue Oct 15 06:36:53 2024,557,0.11927335799661842,[-2.96220746  2.24811381 -2.13895271 -0.12819898  0.55394553]
Tue Oct 15 06:38:49 2024,558,0.1212993885179038,[-2.96187137  2.2484499  -2.13861662 -0.12853507  0.55360944]
Tue Oct 15 06:40:47 2024,559,0.1249688293219781,[-2.96165886  2.2482374  -2.13882912 -0.12874757  0.55339694]
Tue Oct 15 06:42:45 2024,560,0.12037412603547647,[-2.96169974  2.24819652 -2.13886999 -0.12870669  0.55335606]
Tue Oct 15 06:44:41 2024,561,0.12317623838428321,[-2.96182848  2.24806778 -2.13874126 -0.12857795  0.5534848 ]
Tue Oct 15 06:46:37 2024,562,0.12260688809895497,[-2.96196791  2.24820722 -2.13860182 -0.12871739  0.55334537]
Tue Oct 15 06:48:32 2024,563,0.1288352659960608,[-2.96193929  2.24823584 -2.13863045 -0.12868876  0.55337399]
Tue Oct 15 06:50:28 2024,564,0.12315391600182929,[-2.96210408  2.24807105 -2.13846566 -0.12885355  0.55353879]
Tue Oct 15 06:52:21 2024,565,0.1222280056340311,[-2.96256359  2.24761154 -2.13892517 -0.12931306  0.55307928]
Tue Oct 15 06:54:15 2024,566,0.12682725424954283,[-2.9630307   2.24807865 -2.13939228 -0.12978017  0.55261217]
Tue Oct 15 06:56:11 2024,567,0.11980965571722833,[-2.96320355  2.24825149 -2.13956512 -0.12995302  0.55278502]
Tue Oct 15 06:58:06 2024,568,0.12902501521144435,[-2.96271667  2.24776461 -2.14005201 -0.1304399   0.5532719 ]
Tue Oct 15 07:00:01 2024,569,0.12760867673232493,[-2.96254662  2.24793466 -2.13988196 -0.13060995  0.55344194]
Tue Oct 15 07:01:55 2024,570,0.12370169147010819,[-2.96262953  2.24801757 -2.13996486 -0.13069286  0.55352485]
Tue Oct 15 07:03:50 2024,571,0.12735015840329988,[-2.96281214  2.24820018 -2.14014748 -0.13087547  0.55334224]
Tue Oct 15 07:05:45 2024,572,0.12653615257687117,[-2.96292858  2.24808374 -2.14003104 -0.13099191  0.5532258 ]
Tue Oct 15 07:07:41 2024,573,0.12729405479959333,[-2.96290341  2.24805857 -2.1400562  -0.13096674  0.55325096]
Tue Oct 15 07:09:38 2024,574,0.1193136032840926,[-2.96323353  2.24838869 -2.14038633 -0.13063661  0.55358109]
Tue Oct 15 07:11:35 2024,575,0.12905118912044053,[-2.96297462  2.24864761 -2.14064524 -0.13089553  0.55384   ]
Tue Oct 15 07:13:31 2024,576,0.12034121080890094,[-2.96319482  2.24842741 -2.14086544 -0.13111572  0.5536198 ]
Tue Oct 15 07:15:25 2024,577,0.125345606223573,[-2.96299019  2.24863204 -2.14107006 -0.1309111   0.55341518]
Tue Oct 15 07:17:22 2024,578,0.12885705690014193,[-2.9628548   2.24876743 -2.14093467 -0.1307757   0.55327978]
Tue Oct 15 07:19:19 2024,579,0.12474010460705477,[-2.96290786  2.24871437 -2.14098773 -0.13072264  0.55333284]
Tue Oct 15 07:21:13 2024,580,0.1234220962173626,[-2.9635385   2.24808373 -2.14161837 -0.13135329  0.55270219]
Tue Oct 15 07:23:08 2024,581,0.12641403365231477,[-2.96385175  2.24839698 -2.14193162 -0.13166653  0.55238895]
Tue Oct 15 07:25:03 2024,582,0.1266175440169259,[-2.96384522  2.24839045 -2.1419251  -0.13167306  0.55239547]
Tue Oct 15 07:27:00 2024,583,0.12227859358324794,[-2.96341004  2.24882564 -2.14236028 -0.13123787  0.55196028]
Tue Oct 15 07:28:56 2024,584,0.11911872142913413,[-2.96391171  2.24932731 -2.14185861 -0.13173954  0.55145861]
Tue Oct 15 07:30:52 2024,585,0.13029988813109258,[-2.96379081  2.24944821 -2.14173771 -0.13161865  0.55157951]
Tue Oct 15 07:32:44 2024,586,0.12395459217146494,[-2.96376408  2.24947494 -2.14171098 -0.13164538  0.55160624]
Tue Oct 15 07:34:36 2024,587,0.12137207043109736,[-2.96371077  2.24952825 -2.1417643  -0.13169869  0.55165955]
Tue Oct 15 07:36:32 2024,588,0.1263756120677531,[-2.963885    2.24935402 -2.14159007 -0.13187292  0.55183378]
Tue Oct 15 07:38:28 2024,589,0.12277027322900881,[-2.96368799  2.24915701 -2.14178708 -0.13206994  0.55203079]
Tue Oct 15 07:40:24 2024,590,0.12519597613961742,[-2.96380973  2.24927875 -2.14190883 -0.13194819  0.55190905]
Tue Oct 15 07:42:20 2024,591,0.12353175201115112,[-2.96432714  2.24979616 -2.14242623 -0.13143078  0.55139164]
Tue Oct 15 07:44:16 2024,592,0.11784154311625546,[-2.96493993  2.24918336 -2.14181344 -0.13081799  0.55077885]
Tue Oct 15 07:46:09 2024,593,0.13436093072631827,[-2.96508366  2.24903964 -2.14195717 -0.13096172  0.55092257]
Tue Oct 15 07:48:04 2024,594,0.1252773127992718,[-2.96552129  2.24947727 -2.14151954 -0.13139934  0.5513602 ]
Tue Oct 15 07:50:03 2024,595,0.12219997394866004,[-2.96582357  2.24977955 -2.14121726 -0.13170163  0.55105792]
Tue Oct 15 07:52:05 2024,596,0.13045110205073718,[-2.96681674  2.24878638 -2.14022408 -0.13070846  0.55205109]
Tue Oct 15 07:53:59 2024,597,0.12795830387004,[-2.96778514  2.24975478 -2.14119249 -0.12974006  0.55301949]
Tue Oct 15 07:55:54 2024,598,0.1258476139042853,[-2.96811139  2.24942854 -2.14086624 -0.1300663   0.55269325]
Tue Oct 15 07:57:49 2024,599,0.12410374305447551,[-2.96805013  2.2494898  -2.1409275  -0.13012756  0.55275451]
Tue Oct 15 07:59:46 2024,600,0.12105393308104857,[-2.96791618  2.24935586 -2.14079356 -0.1302615   0.55262057]
Tue Oct 15 08:01:42 2024,601,0.1197538589164029,[-2.96830085  2.24974053 -2.14117823 -0.12987683  0.55300524]
Tue Oct 15 08:03:37 2024,602,0.1298265511434707,[-2.96800549  2.25003589 -2.14088287 -0.1301722   0.5533006 ]
Tue Oct 15 08:05:32 2024,603,0.12775540158110385,[-2.96827701  2.25030742 -2.14115439 -0.13044372  0.55357213]
Tue Oct 15 08:07:26 2024,604,0.12144142164785374,[-2.96847189  2.25011254 -2.14134927 -0.1306386   0.55337725]
Tue Oct 15 08:09:24 2024,605,0.11808362698128282,[-2.96834403  2.24998468 -2.14122141 -0.13051074  0.55350511]
Tue Oct 15 08:11:20 2024,606,0.1306956216287669,[-2.96845194  2.24987677 -2.1411135  -0.13040283  0.5533972 ]
Tue Oct 15 08:13:15 2024,607,0.12630920548185803,[-2.96814459  2.24956941 -2.14080615 -0.13071018  0.55308984]
Tue Oct 15 08:15:10 2024,608,0.12155109712137421,[-2.96777055  2.24994345 -2.14043211 -0.13033614  0.5527158 ]
Tue Oct 15 08:17:06 2024,609,0.12182782078204478,[-2.96769537  2.25001864 -2.14035693 -0.13026096  0.55264062]
Tue Oct 15 08:19:02 2024,610,0.1268948864360963,[-2.96797381  2.25029708 -2.14007848 -0.1305394   0.55291906]
Tue Oct 15 08:21:04 2024,611,0.13006118249983123,[-2.96796786  2.25029113 -2.14008443 -0.13054535  0.55291312]
Tue Oct 15 08:23:03 2024,612,0.13094414085619704,[-2.96777971  2.25047928 -2.13989628 -0.1303572   0.55272497]
Tue Oct 15 08:24:58 2024,613,0.12116853648253129,[-2.96809626  2.25016274 -2.14021282 -0.13067374  0.55304151]
Tue Oct 15 08:26:55 2024,614,0.1227365361586426,[-2.96816173  2.25022822 -2.14014735 -0.13060826  0.55297603]
Tue Oct 15 08:28:52 2024,615,0.12094407390874383,[-2.96790781  2.24997429 -2.13989342 -0.13086219  0.5527221 ]
Tue Oct 15 08:30:46 2024,616,0.12639386281298196,[-2.96755255  2.24961904 -2.13953817 -0.13050694  0.55236685]
Tue Oct 15 08:32:41 2024,617,0.12613221317667034,[-2.96780809  2.2493635  -2.13928263 -0.13025141  0.55211132]
Tue Oct 15 08:34:36 2024,618,0.12373577282047872,[-2.96797498  2.2495304  -2.13944953 -0.13041831  0.55194442]
Tue Oct 15 08:36:32 2024,619,0.1282969258663267,[-2.96777905  2.24933447 -2.1392536  -0.13022237  0.55174849]
Tue Oct 15 08:38:27 2024,620,0.12045236443527502,[-2.96706507  2.24862049 -2.13853962 -0.12950839  0.55246246]
Tue Oct 15 08:40:22 2024,621,0.1282564198941797,[-2.96686902  2.24881654 -2.13834357 -0.12970445  0.55265852]
Tue Oct 15 08:42:17 2024,622,0.12102036569542728,[-2.96693714  2.24888466 -2.13841169 -0.12977256  0.5525904 ]
Tue Oct 15 08:44:12 2024,623,0.129225082170532,[-2.96657322  2.24852074 -2.13804777 -0.13013648  0.55295431]
Tue Oct 15 08:46:07 2024,624,0.12705201832301283,[-2.9662545   2.24883946 -2.13836648 -0.12981777  0.55327303]
Tue Oct 15 08:48:01 2024,625,0.12201956332406037,[-2.96594882  2.24853377 -2.13867217 -0.12951208  0.55296734]
Tue Oct 15 08:49:56 2024,626,0.12651213328882888,[-2.96626007  2.24884503 -2.13898343 -0.12982334  0.5532786 ]
Tue Oct 15 08:51:53 2024,627,0.12624780568463925,[-2.96610295  2.2486879  -2.13914055 -0.12966621  0.55343573]
Tue Oct 15 08:53:47 2024,628,0.11979454932709961,[-2.96622216  2.24880711 -2.13902135 -0.129547    0.55355493]
Tue Oct 15 08:55:47 2024,629,0.12326749138922669,[-2.96634744  2.24893239 -2.13889606 -0.12967229  0.55368022]
Tue Oct 15 08:57:43 2024,630,0.1226626772220727,[-2.96587725  2.24940258 -2.13842587 -0.13014248  0.55415041]
Tue Oct 15 08:59:38 2024,631,0.1133746879002758,[-2.96618179  2.24909804 -2.13812133 -0.13044702  0.55384586]
Tue Oct 15 09:01:35 2024,632,0.12291999923333731,[-2.96651655  2.24876328 -2.13845609 -0.13078178  0.5535111 ]
Tue Oct 15 09:03:30 2024,633,0.12442767418103617,[-2.96716089  2.24940762 -2.13910043 -0.13142612  0.55415544]
Tue Oct 15 09:05:25 2024,634,0.1258830069467032,[-2.96733328  2.24958001 -2.13927282 -0.13159851  0.55432783]
Tue Oct 15 09:07:20 2024,635,0.1206384963382854,[-2.96783655  2.24907674 -2.13876955 -0.13109524  0.55382456]
Tue Oct 15 09:09:14 2024,636,0.12380665448554933,[-2.96832219  2.24956238 -2.1382839  -0.13060959  0.55333892]
Tue Oct 15 09:11:08 2024,637,0.12538076964566658,[-2.96819396  2.24969061 -2.13841213 -0.13073782  0.55346715]
Tue Oct 15 09:13:03 2024,638,0.12480183191752618,[-2.9684048   2.24990145 -2.13862297 -0.13094866  0.55367798]
Tue Oct 15 09:14:57 2024,639,0.12500560645374484,[-2.96864894  2.24965731 -2.13837883 -0.13070452  0.55343385]
Tue Oct 15 09:16:56 2024,640,0.1282240943671138,[-2.96873336  2.24974173 -2.13846325 -0.1306201   0.55351827]
Tue Oct 15 09:18:50 2024,641,0.1176725443229958,[-2.96882538  2.24983375 -2.13837123 -0.13071212  0.55342625]
Tue Oct 15 09:20:45 2024,642,0.12153674271777536,[-2.96941378  2.25042215 -2.13895963 -0.13130052  0.55401465]
Tue Oct 15 09:22:43 2024,643,0.12211370139536466,[-2.96877334  2.24978172 -2.1383192  -0.13194096  0.55465509]
Tue Oct 15 09:24:38 2024,644,0.12900360452938178,[-2.96909171  2.25010008 -2.13863756 -0.13225932  0.55497345]
Tue Oct 15 09:26:34 2024,645,0.12495957291502531,[-2.96888921  2.25030257 -2.13884005 -0.13205683  0.55477096]
Tue Oct 15 09:28:28 2024,646,0.130987297324507,[-2.96929537  2.24989641 -2.13843389 -0.13165067  0.5543648 ]
Tue Oct 15 09:30:27 2024,647,0.12311385770624135,[-2.96978005  2.24941173 -2.13794921 -0.13116599  0.55484948]
Tue Oct 15 09:32:22 2024,648,0.11948899361044842,[-2.96973575  2.24945604 -2.13799352 -0.1312103   0.55480517]
Tue Oct 15 09:34:18 2024,649,0.1233429326260903,[-2.97015301  2.2498733  -2.13757625 -0.13079303  0.55522243]
Tue Oct 15 09:36:13 2024,650,0.12667221347662078,[-2.97016321  2.24986311 -2.13758645 -0.13080322  0.55523263]
Tue Oct 15 09:38:09 2024,651,0.12342431556405162,[-2.97075947  2.24926685 -2.13699019 -0.13139948  0.55582889]
Tue Oct 15 09:40:02 2024,652,0.12212765235021308,[-2.97104641  2.2495538  -2.13727714 -0.13168643  0.55611584]
Tue Oct 15 09:41:56 2024,653,0.12471191500718411,[-2.97091998  2.24968023 -2.1371507  -0.13156     0.5559894 ]
Tue Oct 15 09:43:52 2024,654,0.12300826949067678,[-2.97110691  2.2494933  -2.13733763 -0.13137307  0.55580248]
Tue Oct 15 09:45:47 2024,655,0.12671190132673657,[-2.97196766  2.24863255 -2.13647687 -0.13223383  0.55666323]
Tue Oct 15 09:47:41 2024,656,0.11643246926619685,[-2.97225336  2.24891825 -2.13676257 -0.13194813  0.55694893]
Tue Oct 15 09:49:35 2024,657,0.12288295139013283,[-2.97243297  2.24909786 -2.13694218 -0.13212774  0.55712854]
Tue Oct 15 09:51:30 2024,658,0.12266061125393993,[-2.97247393  2.24913882 -2.13690123 -0.1321687   0.55708758]
Tue Oct 15 09:53:25 2024,659,0.12613869831600627,[-2.97227658  2.24894147 -2.13670388 -0.13236605  0.55728493]
Tue Oct 15 09:55:24 2024,660,0.12540036000056268,[-2.97288733  2.24955222 -2.13609313 -0.1329768   0.55667418]
Tue Oct 15 09:57:20 2024,661,0.12511082845586652,[-2.97254393  2.24920882 -2.13643653 -0.13263339  0.55633078]
Tue Oct 15 09:59:17 2024,662,0.12136320532289369,[-2.9724447   2.24910959 -2.13653576 -0.13273262  0.55643001]
Tue Oct 15 10:01:16 2024,663,0.1250077473413138,[-2.97273619  2.2488181  -2.13682725 -0.13244113  0.55613851]
Tue Oct 15 10:03:11 2024,664,0.12718840696330133,[-2.97270539  2.24878729 -2.13679645 -0.13241033  0.55610771]
Tue Oct 15 10:05:06 2024,665,0.12464766126156256,[-2.97282266  2.24890456 -2.13667918 -0.13229306  0.55622498]
Tue Oct 15 10:07:01 2024,666,0.12017769197666066,[-2.97255479  2.24863669 -2.13694706 -0.13202519  0.55649285]
Tue Oct 15 10:08:57 2024,667,0.12965737855235163,[-2.97250074  2.24858264 -2.13700111 -0.13197114  0.5564388 ]
Tue Oct 15 10:10:53 2024,668,0.12412314107136757,[-2.97326683  2.24781655 -2.13623501 -0.13273724  0.55567271]
Tue Oct 15 10:12:48 2024,669,0.12953357333708734,[-2.97371441  2.24826412 -2.13668259 -0.13228966  0.55522513]
Tue Oct 15 10:14:41 2024,670,0.12112738098894785,[-2.9739495   2.24849921 -2.13691768 -0.13252475  0.55546022]
Tue Oct 15 10:16:35 2024,671,0.12831892391291802,[-2.97430476  2.24814395 -2.13727294 -0.13288001  0.55510496]
Tue Oct 15 10:18:30 2024,672,0.12523035725491666,[-2.97464978  2.24848897 -2.13761796 -0.132535    0.55544997]
Tue Oct 15 10:20:26 2024,673,0.12563314631279537,[-2.97497067  2.24880986 -2.13793886 -0.1322141   0.55577087]
Tue Oct 15 10:22:21 2024,674,0.12484275453095955,[-2.97529552  2.24848502 -2.1382637  -0.13188926  0.55544603]
Tue Oct 15 10:24:17 2024,675,0.1211291422797524,[-2.97575372  2.24894322 -2.13780549 -0.13234746  0.55498782]
Tue Oct 15 10:26:12 2024,676,0.1301145397247562,[-2.97571802  2.24890753 -2.13784119 -0.13238316  0.55502352]
Tue Oct 15 10:28:08 2024,677,0.12016613273776226,[-2.97633363  2.24952314 -2.13845681 -0.13176755  0.55563914]
Tue Oct 15 10:30:03 2024,678,0.12718693523682398,[-2.97665885  2.24919792 -2.13813159 -0.13144233  0.55596435]
Tue Oct 15 10:31:58 2024,679,0.12475944836748327,[-2.9767547   2.24929378 -2.13803574 -0.13153819  0.5560602 ]
Tue Oct 15 10:33:53 2024,680,0.12167757542117533,[-2.97700212  2.24954119 -2.13828316 -0.1317856   0.55581279]
Tue Oct 15 10:35:47 2024,681,0.12376436649865867,[-2.97672847  2.24981485 -2.1380095  -0.13205925  0.55608644]
Tue Oct 15 10:37:42 2024,682,0.1267159740722027,[-2.97691562  2.250002   -2.13819666 -0.1318721   0.55589929]
Tue Oct 15 10:39:37 2024,683,0.1269752475717302,[-2.97677096  2.25014666 -2.13834132 -0.13201676  0.55575463]
Tue Oct 15 10:41:32 2024,684,0.12083308772110594,[-2.9764513   2.25046632 -2.13802166 -0.13233642  0.55607428]
Tue Oct 15 10:43:28 2024,685,0.12437541530173674,[-2.9765418   2.25037582 -2.13793116 -0.13242691  0.55598379]
Tue Oct 15 10:45:23 2024,686,0.1174835398809572,[-2.97682511  2.25065913 -2.13821447 -0.1321436   0.5562671 ]
Tue Oct 15 10:47:18 2024,687,0.12470221585443433,[-2.97652083  2.25096341 -2.13851875 -0.13183932  0.55596282]
Tue Oct 15 10:49:13 2024,688,0.120361075324172,[-2.97681859  2.25066565 -2.13822099 -0.13213709  0.55566506]
Tue Oct 15 10:51:08 2024,689,0.12689540814233183,[-2.97696027  2.25080732 -2.13807932 -0.13199541  0.55552338]
Tue Oct 15 10:53:05 2024,690,0.1200984827692905,[-2.97688572  2.25073277 -2.13815387 -0.13192086  0.55544883]
Tue Oct 15 10:55:00 2024,691,0.12792680119109912,[-2.97691477  2.25076183 -2.13812482 -0.13194991  0.55547789]
Tue Oct 15 10:56:50 2024,692,0.12643687591274205,[-2.97702024  2.25065636 -2.13823028 -0.13184445  0.55558335]
Tue Oct 15 10:58:44 2024,693,0.11883660184626546,[-2.9770383   2.25067442 -2.13824835 -0.13186251  0.55556529]
Tue Oct 15 11:00:39 2024,694,0.11778325554979097,[-2.97767314  2.25130927 -2.13888319 -0.13249735  0.55493045]
Tue Oct 15 11:02:35 2024,695,0.12794998971302227,[-2.97732843  2.25096455 -2.13853848 -0.13284206  0.55527516]
Tue Oct 15 11:04:29 2024,696,0.12242336483690267,[-2.97689001  2.25052614 -2.13810006 -0.13240365  0.55571357]
Tue Oct 15 11:06:24 2024,697,0.124516060461838,[-2.97747146  2.25110759 -2.13751861 -0.1318222   0.55629502]
Tue Oct 15 11:08:19 2024,698,0.12388687433112884,[-2.97716676  2.25141229 -2.13782331 -0.1315175   0.55599032]
Tue Oct 15 11:10:14 2024,699,0.12419101246529907,[-2.97750114  2.25174667 -2.13748894 -0.13118312  0.5563247 ]
Tue Oct 15 11:12:10 2024,700,0.1198252207623252,[-2.97795186  2.25219739 -2.13793966 -0.1307324   0.55587398]
Tue Oct 15 11:14:05 2024,701,0.12591129057702422,[-2.97812703  2.25237255 -2.13776449 -0.13090756  0.55604914]
Tue Oct 15 11:16:02 2024,702,0.13072610228562911,[-2.97823038  2.25247591 -2.13786784 -0.13080421  0.55594579]
Tue Oct 15 11:17:56 2024,703,0.11803359716318794,[-2.97836103  2.25260655 -2.13773719 -0.13093486  0.55581514]
Tue Oct 15 11:19:51 2024,704,0.12752425522607402,[-2.97884506  2.25212252 -2.13822123 -0.1314189   0.55629918]
Tue Oct 15 11:21:46 2024,705,0.12365330240031762,[-2.97876179  2.25220579 -2.13813796 -0.13150217  0.55638245]
Tue Oct 15 11:23:40 2024,706,0.13219775965520109,[-2.97895527  2.25201231 -2.13833144 -0.13169565  0.55657594]
Tue Oct 15 11:25:35 2024,707,0.12481054883712192,[-2.97872572  2.25224186 -2.13856099 -0.1314661   0.55634638]
Tue Oct 15 11:27:29 2024,708,0.12478722063058062,[-2.97852533  2.25204147 -2.13836061 -0.13126571  0.55654677]
Tue Oct 15 11:29:24 2024,709,0.12263330646882535,[-2.9779734   2.25259341 -2.13780867 -0.13071378  0.55599484]
Tue Oct 15 11:31:19 2024,710,0.12274332723746754,[-2.97805245  2.25267247 -2.13788773 -0.13079283  0.55591578]
Tue Oct 15 11:33:14 2024,711,0.12540739299815798,[-2.97833031  2.2523946  -2.13760986 -0.13051497  0.55563792]
Tue Oct 15 11:35:08 2024,712,0.1227802513920716,[-2.97894145  2.25178347 -2.138221   -0.13112611  0.55502678]
Tue Oct 15 11:37:06 2024,713,0.12301103459363902,[-2.97853751  2.25218741 -2.13781706 -0.13072217  0.55462284]
Tue Oct 15 11:39:01 2024,714,0.12883506283866733,[-2.97848783  2.25223709 -2.13776738 -0.13077185  0.55457316]
Tue Oct 15 11:40:56 2024,715,0.12972868156931555,[-2.97837194  2.2521212  -2.13765149 -0.13065596  0.55468905]
Tue Oct 15 11:42:52 2024,716,0.1242976271572362,[-2.97864761  2.25239687 -2.13737582 -0.1303803   0.55496471]
Tue Oct 15 11:44:58 2024,717,0.12712907872506612,[-2.9788553   2.25260456 -2.13716813 -0.13058799  0.55475702]
Tue Oct 15 11:46:53 2024,718,0.12539020344494847,[-2.97940619  2.25315545 -2.13771902 -0.13113887  0.55530791]
Tue Oct 15 11:48:47 2024,719,0.12186184696598289,[-2.97978733  2.25353659 -2.13810016 -0.13075773  0.55492677]
Tue Oct 15 11:50:43 2024,720,0.12117553427224542,[-2.98028385  2.25403311 -2.13859668 -0.13026121  0.55443025]
Tue Oct 15 11:52:37 2024,721,0.12219934536888688,[-2.97960833  2.25470863 -2.1392722  -0.12958569  0.55510577]
Tue Oct 15 11:54:31 2024,722,0.11937664520980346,[-2.97995095  2.25436601 -2.13961483 -0.12924306  0.55476315]
Tue Oct 15 11:56:25 2024,723,0.12094208456010581,[-2.98024538  2.25466043 -2.13990925 -0.12894864  0.55505757]
Tue Oct 15 11:58:20 2024,724,0.1245209441611753,[-2.98014232  2.25476349 -2.14001231 -0.12884558  0.55495451]
Tue Oct 15 12:00:15 2024,725,0.1303023253920448,[-2.98019025  2.25481142 -2.14006024 -0.12879765  0.55500245]
Tue Oct 15 12:02:11 2024,726,0.12715345964562533,[-2.98031616  2.25468552 -2.13993434 -0.12892355  0.55512835]
Tue Oct 15 12:04:06 2024,727,0.12365273288207292,[-2.98017092  2.25483076 -2.14007958 -0.12877831  0.55527359]
Tue Oct 15 12:06:00 2024,728,0.11754027968158766,[-2.97984503  2.25515664 -2.13975369 -0.12845243  0.55559948]
Tue Oct 15 12:07:55 2024,729,0.12349453216815302,[-2.97982365  2.25517803 -2.13973231 -0.12847381  0.55562086]
Tue Oct 15 12:09:50 2024,730,0.12224799977592242,[-2.97985577  2.2551459  -2.13970018 -0.12850593  0.55558874]
Tue Oct 15 12:11:45 2024,731,0.12668968999767688,[-2.98024214  2.25475954 -2.13931382 -0.1288923   0.5559751 ]
Tue Oct 15 12:13:40 2024,732,0.12577174327694363,[-2.98028904  2.25471264 -2.13926692 -0.1289392   0.5559282 ]
Tue Oct 15 12:15:34 2024,733,0.12560146128979618,[-2.9802234   2.254647   -2.13933256 -0.12887356  0.55599383]
Tue Oct 15 12:17:30 2024,734,0.12235454362409663,[-2.98042548  2.25484908 -2.13953464 -0.12907564  0.55619591]
Tue Oct 15 12:19:26 2024,735,0.11992055555731958,[-2.98069153  2.25511513 -2.13980069 -0.12934169  0.55592987]
Tue Oct 15 12:21:21 2024,736,0.12545599206575717,[-2.98067148  2.25509508 -2.13982074 -0.12936174  0.55594992]
Tue Oct 15 12:23:17 2024,737,0.12032716129712982,[-2.98101714  2.25474942 -2.13947508 -0.12901608  0.55629558]
Tue Oct 15 12:25:13 2024,738,0.12307842768797599,[-2.98132013  2.25444642 -2.13977808 -0.12871308  0.55599258]
Tue Oct 15 12:27:08 2024,739,0.12259852390086817,[-2.9813418   2.25446809 -2.13979975 -0.12873475  0.55601425]
Tue Oct 15 12:29:03 2024,740,0.12485845506342774,[-2.98178494  2.25402496 -2.13935662 -0.12917788  0.55645738]
Tue Oct 15 12:30:58 2024,741,0.12508042951507597,[-2.98174152  2.25406837 -2.1393132  -0.12913447  0.55641397]
Tue Oct 15 12:32:54 2024,742,0.12304623450240475,[-2.98131491  2.25364177 -2.1388866  -0.12956108  0.55684057]
Tue Oct 15 12:34:49 2024,743,0.12040404851223865,[-2.98200821  2.25294847 -2.1381933  -0.12886778  0.55753387]
Tue Oct 15 12:36:43 2024,744,0.12042446255912458,[-2.98174793  2.2526882  -2.13793303 -0.12860751  0.55779414]
Tue Oct 15 12:38:38 2024,745,0.12581481446103768,[-2.98148655  2.25294958 -2.13767164 -0.12886889  0.55805553]
Tue Oct 15 12:40:36 2024,746,0.12183316051681502,[-2.98224993  2.2521862  -2.13843502 -0.12810551  0.55881891]
Tue Oct 15 12:42:32 2024,747,0.123717753727711,[-2.9825652   2.25187094 -2.13811976 -0.12779025  0.55913417]
Tue Oct 15 12:44:28 2024,748,0.1271225621918097,[-2.98248403  2.25178977 -2.13820093 -0.12770908  0.55921534]
Tue Oct 15 12:46:23 2024,749,0.12105318649376327,[-2.98254323  2.25184897 -2.13814173 -0.12776828  0.55915614]
Tue Oct 15 12:48:17 2024,750,0.12424352801274391,[-2.98262386  2.2519296  -2.13822235 -0.12768766  0.55907551]
Tue Oct 15 12:50:12 2024,751,0.1261763037158159,[-2.98240537  2.25171111 -2.13800386 -0.12746917  0.55885702]
Tue Oct 15 12:52:07 2024,752,0.1253478358023157,[-2.98274643  2.25137004 -2.13766279 -0.1271281   0.55851596]
Tue Oct 15 12:54:03 2024,753,0.12441317837771505,[-2.98241213  2.25103573 -2.1379971  -0.12746241  0.55885026]
Tue Oct 15 12:55:58 2024,754,0.12365107887878272,[-2.9824101   2.25103776 -2.13799508 -0.12746443  0.55884824]
Tue Oct 15 12:57:52 2024,755,0.13122330471100482,[-2.98266418  2.25078368 -2.13774099 -0.12771851  0.55910232]
Tue Oct 15 12:59:47 2024,756,0.12529782348993537,[-2.98321223  2.25023563 -2.13828904 -0.12826656  0.55965037]
Tue Oct 15 13:01:43 2024,757,0.12699556851154692,[-2.98317957  2.25020296 -2.13825638 -0.1282339   0.5596177 ]
Tue Oct 15 13:03:42 2024,758,0.12706775881273633,[-2.98340133  2.25042473 -2.13847815 -0.12845566  0.55939593]
Tue Oct 15 13:05:37 2024,759,0.12144097735140856,[-2.98346459  2.25036147 -2.13841489 -0.12839241  0.55933268]
Tue Oct 15 13:07:32 2024,760,0.12977775116095722,[-2.98283318  2.25099288 -2.1390463  -0.12902382  0.55996409]
Tue Oct 15 13:09:27 2024,761,0.123632418062929,[-2.98288282  2.25094324 -2.13899666 -0.12897417  0.55991444]
Tue Oct 15 13:11:22 2024,762,0.12178952055881112,[-2.98287144  2.25095463 -2.13900804 -0.12896279  0.55990306]
Tue Oct 15 13:13:17 2024,763,0.11969983907307413,[-2.9830089   2.25109209 -2.1391455  -0.12882532  0.56004052]
Tue Oct 15 13:15:12 2024,764,0.12079853450939275,[-2.98302857  2.25107242 -2.13912583 -0.12880565  0.56006019]
Tue Oct 15 13:17:07 2024,765,0.12229410054459759,[-2.98330912  2.25135296 -2.13884528 -0.1285251   0.56034074]
Tue Oct 15 13:19:02 2024,766,0.12945684468081953,[-2.98329753  2.25134137 -2.13885687 -0.12851351  0.56032915]
Tue Oct 15 13:20:58 2024,767,0.1252433423298712,[-2.98347346  2.2515173  -2.13868094 -0.12833758  0.56050508]
Tue Oct 15 13:22:52 2024,768,0.12491500583434874,[-2.98412197  2.2508688  -2.13932945 -0.12768907  0.55985657]
Tue Oct 15 13:24:47 2024,769,0.12437216235149776,[-2.98469486  2.25144169 -2.13990234 -0.12711618  0.56042947]
Tue Oct 15 13:26:39 2024,770,0.12542558613214108,[-2.98391979  2.25221676 -2.14067742 -0.12789125  0.5596544 ]
Tue Oct 15 13:28:34 2024,771,0.12329488032708638,[-2.98407872  2.25237569 -2.14083635 -0.12773232  0.55981333]
Tue Oct 15 13:30:29 2024,772,0.12605907627639212,[-2.98446279  2.25275976 -2.14045228 -0.12811638  0.55942926]
Tue Oct 15 13:32:24 2024,773,0.11848257553227956,[-2.98411743  2.2524144  -2.14010692 -0.12846174  0.55977463]
Tue Oct 15 13:34:20 2024,774,0.12407519827691646,[-2.98458366  2.25194816 -2.13964069 -0.12799551  0.56024086]
Tue Oct 15 13:36:19 2024,775,0.12734165573143882,[-2.98452162  2.2520102  -2.13970273 -0.12793348  0.56030289]
Tue Oct 15 13:38:14 2024,776,0.12022302816732017,[-2.98429211  2.25223971 -2.13947321 -0.12816299  0.56007338]
Tue Oct 15 13:40:09 2024,777,0.11814404759544751,[-2.98496836  2.25291595 -2.13879697 -0.12748674  0.56074962]
Tue Oct 15 13:42:04 2024,778,0.12242483108222497,[-2.98515881  2.2527255  -2.13860652 -0.12729629  0.56094007]
Tue Oct 15 13:43:59 2024,779,0.1256603133499268,[-2.98513995  2.25270665 -2.13862537 -0.12731515  0.56092122]
Tue Oct 15 13:46:00 2024,780,0.1228206578346071,[-2.98525985  2.25258675 -2.13850548 -0.12743505  0.56080132]
Tue Oct 15 13:47:59 2024,781,0.12413805369623458,[-2.98543063  2.25241598 -2.13867625 -0.12760582  0.56097209]
Tue Oct 15 13:49:54 2024,782,0.1334297140950547,[-2.98614993  2.25313528 -2.13795695 -0.12832513  0.5616914 ]
Tue Oct 15 13:51:49 2024,783,0.11957780681005147,[-2.98576711  2.25275246 -2.13757413 -0.12870794  0.56207421]
Tue Oct 15 13:53:46 2024,784,0.12499629358850614,[-2.98600916  2.25251042 -2.13733209 -0.1284659   0.56183217]
Tue Oct 15 13:55:42 2024,785,0.12267520473478177,[-2.98601602  2.25251728 -2.13733895 -0.12845904  0.56183903]
Tue Oct 15 13:57:39 2024,786,0.12616029064958306,[-2.98565649  2.25215775 -2.13697942 -0.12809951  0.5614795 ]
Tue Oct 15 13:59:35 2024,787,0.12782120841592925,[-2.98558748  2.25222676 -2.13691041 -0.1280305   0.56141049]
