Data,Predicted,Reference
Train,[105.5024587246603],[125.53]
Train,[42.49273484415364],[85.28]
Train,[71.82909951353064],[83.06]
Train,[88.31744396976171],[156.44]
Train,[105.32745646185543],[125.92]
Train,[106.98010884745511],[105.57]
Train,[105.30325677531405],[114.51999999999998]
Train,[87.69525691800256],[85.6]
Train,[104.71475159572368],[37.93000000000001]
Train,[110.07123110245985],[91.14]
Train,[40.7851895332577],[73.07]
Train,[113.48938835527846],[97.18000000000002]
Train,[97.51373215639843],[70.11]
Train,[106.92490540929654],[99.12]
Train,[49.081359407652904],[91.4]
Train,[91.32137744364144],[35.71000000000001]
Train,[90.73176442192826],[68.84]
Train,[75.4172645464702],[105.45]
Train,[111.138910036699],[95.85]
Train,[107.77368814525482],[107.47]
Train,[104.91970740733981],[103.10000000000001]
Train,[45.53166144649553],[130.99]
Train,[102.71903492501711],[69.18]
Train,[105.94062009248405],[103.93000000000002]
Train,[105.10531804143119],[91.48]
Train,[100.3349500064337],[90.96]
Train,[60.48031332874341],[95.84000000000002]
Train,[86.42570628795158],[93.39000000000001]
Train,[88.73605765391972],[157.03]
Train,[106.13461453248341],[90.68]
Train,[102.79490607133184],[81.48]
Train,[111.69813355163316],[93.27]
Train,[105.40439969626617],[27.490000000000002]
Train,[43.99297312303824],[84.68]
Train,[80.09231064888363],[97.37]
Train,[102.67312962749877],[103.85]
Train,[107.74650339616834],[128.18]
Train,[69.17859836225178],[70.08]
Train,[102.61714219270024],[70.36]
Train,[97.25989861602429],[75.46]
Train,[107.65234082282257],[60.36]
Train,[70.03749991789616],[89.34]
Train,[76.09003097977715],[76.98]
Train,[107.0805303416494],[99.05]
Train,[90.75914168605198],[53.46]
Train,[59.3893873574511],[79.12]
Train,[106.93480772352348],[97.83999999999999]
Train,[89.57434279424993],[147.43]
Train,[50.99165668541775],[96.07]
Train,[86.83046963196891],[123.61]
Train,[106.11472724712416],[43.86]
Train,[105.4025163193216],[22.250000000000004]
Train,[105.20338834029938],[105.34000000000002]
Train,[98.88117087436298],[99.53]
Train,[109.2340518645454],[92.22]
Train,[104.54119098366472],[165.98]
Train,[108.72755374093798],[30.17]
Train,[82.97396372602276],[115.81]
Train,[110.79239375672343],[87.71]
Train,[107.59264897362814],[127.13]
Train,[36.64083639474037],[75.11]
Train,[104.34629415377326],[48.70000000000001]
Train,[78.98071472783758],[96.73000000000002]
Train,[70.01392934184565],[96.32]
Train,[43.27666903761125],[86.39]
Train,[40.526211599553996],[95.96]
Train,[104.74723509530041],[122.36]
Train,[57.747839978680155],[115.95000000000002]
Train,[94.57537387666491],[96.49999999999999]
Train,[85.65561137406979],[105.71]
Train,[104.70072225382864],[124.54]
Train,[111.00034381153904],[92.11]
Train,[94.40715323813099],[110.66]
Train,[86.77313055572345],[81.76]
Train,[105.49845564466906],[175.87]
Train,[103.70717448291776],[130.86]
Train,[107.12832596722596],[66.62]
Train,[104.42561301127068],[167.90999999999997]
Train,[76.83217447914238],[79.95]
Train,[73.98838906637604],[62.32]
Train,[96.19457778976734],[84.8]
Train,[33.00523393505525],[75.7]
Train,[60.43678892470018],[117.83]
Train,[107.32279765723908],[114.83000000000001]
Train,[102.82407954747546],[38.26]
Train,[102.06269787086372],[89.38000000000001]
Train,[41.99749593165957],[82.97]
Train,[105.59254535600128],[102.72]
Train,[87.89078744656854],[96.07]
Train,[87.71174329441763],[84.61]
Train,[57.672692360389526],[115.94000000000001]
Train,[97.7842253981184],[97.08999999999999]
Train,[111.32517653590396],[90.42000000000002]
Train,[102.66223394709938],[51.72999999999999]
Train,[108.95517334953232],[116.36]
Train,[93.66107624066495],[41.31000000000001]
Train,[105.37710397268985],[87.81]
Train,[78.25765062062914],[46.37]
Train,[83.55787770930445],[60.940000000000005]
Train,[81.45378729955237],[69.17]
Train,[87.1953419151466],[74.61]
Train,[104.7741257081344],[163.47]
Train,[105.50549330335757],[25.86]
Train,[107.17841998952017],[118.91000000000001]
Train,[34.341583589534245],[78.47]
Train,[104.80554256976704],[28.049999999999997]
Train,[106.50602360181203],[98.71999999999998]
Train,[96.75928436177293],[106.08]
Train,[103.64325149129171],[68.06]
Train,[89.39893558226599],[107.97]
Train,[106.53251275897503],[116.67]
Train,[88.10547465496926],[90.04]
Train,[107.12093129490255],[87.44999999999999]
Train,[104.84713280661421],[36.48]
Train,[89.77183786562034],[42.79]
Train,[96.11046486301387],[110.34]
Train,[112.18082983886117],[109.10999999999999]
Train,[107.4901161935442],[120.28]
Train,[107.86577338763745],[86.31]
Train,[83.1734239775851],[75.03]
Train,[88.15257773035212],[156.97]
Train,[108.53409153120158],[101.87]
Train,[66.1852773828698],[93.5]
Train,[83.43357142908663],[103.54]
Train,[78.74445765211611],[75.79]
Train,[103.32738325242487],[100.88000000000001]
Train,[88.40461177232645],[112.13]
Train,[39.91105001644541],[98.83]
Train,[106.9555133435111],[70.36]
Train,[103.19036016139884],[114.30999999999999]
Train,[106.8088970197067],[78.91]
Train,[32.87396905993982],[87.34]
Train,[78.67753787362678],[98.93999999999998]
Train,[32.66243863727545],[78.51]
Train,[104.86325630506623],[36.52]
Train,[106.98654958125402],[87.02]
Train,[46.73284825458927],[80.2]
Train,[32.811698511245815],[77.7]
Train,[106.20682746731954],[79.87]
Train,[37.03757883633433],[89.87]
Train,[98.9689581191762],[81.5]
Train,[59.765115081546895],[79.89]
Train,[107.44691077208593],[140.62]
Train,[104.6267154555493],[125.52]
Train,[103.12805054853166],[34.74999999999999]
Train,[107.42120079433582],[91.95]
Train,[98.26807329555321],[64.26]
Train,[106.9276189209649],[125.72]
Train,[108.57794909530966],[116.66]
Train,[38.23914521321892],[85.77]
Train,[86.0830814368616],[99.12]
Train,[32.49596759425995],[90.1]
Train,[76.04955833234217],[54.27]
Train,[110.66192636051798],[91.06999999999998]
Train,[100.80547006263653],[89.30000000000001]
Train,[100.39309069566065],[122.3]
Train,[106.21008099058774],[101.58]
Train,[38.27780045441779],[93.1]
Train,[113.28248291641559],[99.79]
Train,[103.31623922079767],[140.91]
Train,[43.52198793978473],[87.30000000000001]
Train,[89.09993926587241],[51.26]
Train,[108.20599436574112],[85.1]
Train,[59.905269468249855],[66.84]
Train,[33.34853518860711],[77.59]
Train,[104.08999547450988],[164.14]
Train,[105.30427722251028],[37.84]
Train,[80.67666365196314],[86.47999999999999]
Train,[105.54338622717248],[118.9]
Train,[35.43216090720763],[94.51000000000002]
Train,[105.92754354212587],[24.310000000000002]
Train,[39.95144470282065],[98.32]
Train,[55.09045444477032],[71.95]
Train,[111.8487523041281],[87.89999999999999]
Train,[107.36934874592272],[89.28]
Train,[105.67241318923263],[90.83]
Train,[111.25757516067095],[85.99]
Train,[59.87988391567066],[77.24]
Train,[79.06535767341376],[99.8]
Train,[92.36764595293045],[60.24000000000001]
Train,[88.11453411007773],[69.17]
Train,[107.73264783568906],[87.88999999999999]
Train,[105.15651647264379],[26.030000000000005]
Train,[84.43143869226074],[92.66]
Train,[106.0233189570586],[78.62]
Train,[107.6277643264792],[82.35]
Train,[98.82839566690058],[90.52]
Train,[83.1025056535594],[106.16]
Train,[103.12969921052046],[115.58]
Train,[46.393401653237454],[91.99]
Train,[105.66206327028274],[177.24]
Train,[85.23614086828405],[40.56999999999999]
Train,[106.11243841540218],[97.62000000000002]
Train,[57.859431464321084],[112.77]
Train,[87.5117349201384],[122.85]
Train,[106.98414482602718],[71.17]
Train,[101.34833447878512],[135.6]
Train,[71.22926134056462],[100.32]
Train,[98.19209187392981],[106.57]
Train,[86.58573624330148],[149.58]
Train,[106.5173359717766],[95.15]
Train,[87.48280505955276],[68.67]
Train,[61.874390559444215],[92.36]
Train,[62.6061982745895],[102.61]
Train,[107.05838140981025],[106.94]
Train,[110.24763752827552],[129.78]
Train,[111.69813355163316],[85.31]
Train,[105.61627538189265],[127.01000000000002]
Train,[43.38290756678749],[80.59]
Train,[107.03428979831206],[69.83]
Train,[60.70473915856097],[77.03]
Train,[76.45232699237282],[68.01]
Train,[76.4663137351424],[94.23]
Train,[40.93241943517931],[76.18]
Train,[107.05065379564525],[111.78999999999999]
Train,[113.14114447521764],[124.83]
Train,[61.94417000187066],[90.38]
Train,[94.93817105526637],[115.01]
Train,[38.957071551351156],[95.34]
Train,[99.5901457609792],[66.26]
Train,[87.96109809454242],[140.38]
Train,[69.49928097838655],[89.13]
Train,[75.54024881637697],[94.02]
Train,[95.43792862914987],[94.54]
Train,[67.58852626973832],[103.54]
Train,[107.67065124407517],[101.03000000000002]
Train,[89.78328629984205],[58.4]
Train,[104.02458976399588],[91.35]
Train,[94.9591195403004],[67.72]
Train,[93.72786594044078],[69.36]
Train,[70.0078059922208],[98.89]
Train,[107.61590253105733],[91.73999999999998]
Train,[79.78165516151181],[75.29]
Train,[78.32891924718211],[94.58]
Train,[52.93657309775068],[96.93999999999998]
Train,[107.45415081009146],[101.36]
Train,[106.42512898165346],[105.89]
Train,[61.39341127500025],[90.71000000000001]
Train,[110.97834146812573],[97.26]
Train,[100.60352048092153],[54.53]
Train,[113.172971368913],[106.04]
Train,[108.15335152999069],[95.57]
Train,[97.51373215639843],[74.01]
Train,[113.51722682250322],[102.49]
Train,[76.71824299504247],[77.12]
Train,[94.88282407847747],[49.31]
Train,[106.92490540929654],[101.71]
Train,[33.53191151642027],[83.99]
Train,[104.93633363538716],[122.03000000000002]
Train,[97.58536314270133],[94.74]
Train,[106.99994189233475],[93.72]
Train,[103.50813659870741],[107.41000000000001]
Train,[98.35256347878092],[80.42]
Train,[107.97974757895518],[99.86]
Train,[78.00936157211908],[61.77]
Train,[112.01356353130268],[28.629999999999995]
Train,[103.94991130890958],[81.25]
Train,[108.33400122971418],[28.95]
Train,[98.4991420159261],[100.55]
Train,[94.27433809299707],[85.57]
Train,[79.96748584277971],[62.349999999999994]
Train,[78.75527840688126],[47.14000000000001]
Train,[106.08898727251533],[68.49]
Train,[88.34271700930445],[93.47]
Train,[90.42436381959811],[85.28]
Train,[107.03893782992327],[95.42]
Train,[108.82291783041755],[91.44]
Train,[100.37042830966169],[53.31]
Train,[89.65087260510963],[123.85]
Train,[37.23754230007018],[81.16]
Train,[101.6895270148521],[37.080000000000005]
Train,[105.0895682823206],[13.069999999999999]
Train,[82.9654433003532],[125.03]
Train,[107.79759316946306],[99.03000000000002]
Train,[107.09856687400234],[88.31]
Train,[107.35383443913298],[86.76999999999998]
Train,[83.31389103064299],[124.34]
Train,[89.27859644957904],[141.03]
Train,[87.80707592763852],[47.97]
Train,[105.44203251267786],[80.63]
Train,[88.10070135495185],[75.63]
Train,[106.55638926342932],[85.82]
Train,[85.39998508491965],[104.95]
Train,[106.03751459724441],[52.87]
Train,[79.41610108524438],[98.05999999999999]
Train,[90.72587045127267],[153.63]
Train,[80.60205421123366],[74.05]
Train,[51.06948755506569],[85.16]
Train,[85.37314565928109],[102.87]
Train,[104.2718609623061],[73.92]
Train,[55.60851294102894],[93.39000000000001]
Train,[103.19015290984342],[145.17]
Train,[110.99141327888272],[90.81]
Train,[88.83304441823122],[47.07]
Train,[101.16850927528873],[109.55999999999999]
Train,[104.73892319592107],[106.65]
Train,[40.53506711397973],[74.5]
Train,[101.24885014998208],[104.57]
Train,[33.09392809436074],[102.76]
Train,[70.66974931931122],[77.58]
Train,[57.66636943522272],[83.51]
Train,[107.05687454055442],[107.81]
Train,[96.1844625987024],[56.18]
Train,[107.21434637493589],[85.4]
Train,[110.96142111583033],[112.22999999999999]
Train,[103.80844337579465],[26.330000000000002]
Train,[101.89977570282407],[84.35]
Train,[33.12661477570549],[91.47]
Train,[108.05662721503202],[92.56]
Train,[77.15956904146466],[97.91000000000001]
Train,[70.33359594249127],[99.36]
Train,[105.64661812745555],[22.300000000000004]
Train,[101.17170240806858],[28.040000000000003]
Train,[101.89326322545831],[113.6]
Train,[103.28233807731942],[74.46]
Train,[106.0836044747881],[101.57]
Train,[107.9099753005105],[92.45]
Train,[80.4803953289484],[38.34000000000001]
Train,[91.64566843166718],[103.01]
Train,[87.1769082348323],[88.0]
Train,[105.47584513969488],[25.980000000000004]
Train,[103.62870456862962],[50.58]
Train,[104.23099474055421],[99.74]
Train,[99.85600110296437],[114.73]
Train,[61.54544539912245],[155.47]
Train,[105.30870691528254],[66.04]
Train,[110.36397018571591],[97.99]
Train,[85.59891383872225],[107.32999999999998]
Train,[90.5984194078175],[91.86]
Train,[106.36793724956662],[85.31]
Train,[105.08023603259545],[90.43000000000002]
Train,[105.30851621690246],[125.85]
Train,[84.83463639945332],[106.31]
Train,[64.29224977125206],[123.18]
Train,[107.0522286109538],[98.93]
Train,[105.43558353392915],[157.66]
Train,[32.580192777744784],[36.82000000000001]
Train,[86.86705105227585],[149.82]
Train,[88.04755285127715],[140.79]
Train,[105.74126879774464],[176.23000000000002]
Train,[108.95517334953232],[117.68]
Train,[100.57256007081715],[94.34]
Train,[101.03191595564223],[31.090000000000003]
Train,[79.99484728920858],[144.04]
Train,[111.83499851960215],[94.01]
Train,[103.60761394583288],[123.04]
Train,[106.24625679615006],[98.92]
Train,[103.74866396557408],[99.69000000000001]
Train,[101.53126284377969],[83.79]
Train,[79.16356911078076],[87.03]
Train,[103.18237182569655],[106.29]
Train,[89.34681941745463],[144.42]
Train,[87.1916879358195],[115.15]
Train,[92.16737022915648],[35.89000000000001]
Train,[84.07882972093088],[84.02]
Train,[108.29220117084384],[85.87]
Train,[67.87522222838504],[98.67]
Train,[99.31747758123866],[81.99]
Train,[112.72969706268238],[125.27]
Train,[88.91362741480275],[141.43]
Train,[57.71961032934092],[64.69]
Train,[57.747839978680155],[115.94000000000001]
Train,[68.67791826996776],[118.2]
Train,[79.36114509746815],[98.27999999999999]
Train,[113.46474387930984],[99.65]
Train,[107.92220117215327],[80.83]
Train,[107.46822179168505],[112.65]
Train,[104.27192287430883],[59.83]
Train,[107.48230989915746],[63.11]
Train,[105.93363971596521],[36.86000000000001]
Train,[87.10478586319364],[118.73]
Train,[83.60537729985924],[98.12]
Train,[106.61456461848552],[67.24]
Train,[84.01086648184693],[82.19]
Train,[32.50040788847921],[77.52]
Train,[70.33359594249127],[99.86]
Train,[104.53659200510383],[120.94]
Train,[61.83249719796703],[116.34]
Train,[108.86275165856757],[102.96]
Train,[108.45066226943993],[64.4]
Train,[102.26349402110768],[109.21]
Train,[105.69915062491391],[31.069999999999997]
Train,[96.08035371954776],[75.16]
Train,[87.67695794598217],[95.15]
Train,[107.09132648495552],[118.81999999999998]
Train,[79.9580286592615],[75.68]
Train,[73.64518695067657],[68.64]
Train,[104.68082999851694],[38.14]
Train,[106.19157277526128],[14.619999999999996]
Train,[85.71369985922085],[74.9]
Train,[102.65584200450553],[73.86]
Train,[44.12651366985368],[87.81]
Train,[32.45754473365443],[81.12]
Train,[42.336929560096905],[95.37]
Train,[34.82799498335443],[75.76]
Train,[103.26084475170022],[15.640000000000004]
Train,[59.37797951202169],[73.63]
Train,[94.55413670332729],[85.84]
Train,[107.04548808806834],[45.67]
Train,[77.05870163063555],[102.1]
Train,[41.878523989416244],[95.68]
Train,[106.55380852696241],[103.14]
Train,[107.89670496326839],[91.71]
Train,[93.56582161622514],[158.5]
Train,[57.36504083017836],[113.45]
Train,[97.33432409888728],[95.67]
Train,[106.71644367741177],[86.86000000000001]
Train,[104.81840154443127],[53.38]
Train,[106.9740201749788],[50.440000000000005]
Train,[107.13138905860416],[83.5]
Train,[43.26317179331588],[90.71000000000001]
Train,[101.78314825746905],[122.95]
Train,[107.18038311889909],[108.90000000000002]
Train,[97.07332446815242],[73.8]
Train,[73.39432890208828],[65.47]
Train,[112.63128826920655],[108.2]
Train,[84.18607167668793],[109.37]
Train,[59.1426331250804],[114.0]
Train,[88.08191866930345],[69.0]
Train,[103.73266142320189],[97.31]
Train,[96.53141147679729],[71.4]
Train,[70.33359594249127],[93.24]
Train,[106.5274427326061],[94.41]
Train,[101.2802321054027],[49.52000000000001]
Train,[98.63996729831305],[54.35]
Train,[106.61923368430328],[79.26]
Train,[86.24561575467828],[92.76]
Train,[96.78328536353692],[94.86999999999999]
Train,[101.51672902401096],[71.98]
Train,[87.88448320034037],[82.74]
Train,[112.31043639167004],[102.19]
Train,[108.31724066625408],[103.23]
Train,[107.148260927288],[70.12]
Train,[104.71829793621372],[44.33]
Train,[107.82209364829697],[91.27]
Train,[37.1071191756052],[94.85999999999999]
Train,[32.64528033487218],[80.05]
Train,[59.67386957774892],[102.67000000000002]
Train,[110.8164087842864],[95.74]
Train,[96.56978995280843],[67.15]
Train,[105.58867890856261],[125.91]
Train,[84.70525479259437],[105.62]
Train,[88.81918446299515],[108.7]
Train,[88.69307730453399],[101.63]
Train,[104.24464400787429],[62.830000000000005]
Train,[95.21561012813632],[115.29000000000002]
Train,[106.11306313902085],[28.849999999999998]
Train,[83.66402948298865],[104.86]
Train,[112.89196087733782],[116.96]
Train,[85.97438494726678],[125.3]
Train,[80.7084621827803],[121.32]
Train,[103.58133967173245],[75.16]
Train,[73.61258659167262],[81.68]
Train,[106.49428773051964],[112.41]
Train,[103.65423495241778],[96.82]
Train,[106.0469853138203],[35.47]
Train,[85.66463870848638],[66.35]
Train,[112.59332393384565],[118.81]
Train,[34.1542409830837],[81.53]
Train,[104.06220582973566],[44.48]
Train,[105.81226331067981],[174.58999999999997]
Train,[95.59924384440465],[96.81]
Train,[69.73836376657677],[94.34]
Train,[105.66283073167519],[34.36]
Train,[86.86364500018733],[102.53]
Train,[105.89462967905098],[116.62000000000002]
Train,[108.95517334953232],[117.03]
Train,[69.34970045088214],[93.19]
Train,[101.91730967975336],[111.38]
Train,[107.02559839819655],[103.22]
Train,[101.88799896795476],[111.94000000000001]
Train,[87.08431797713317],[111.61]
Train,[32.80836921534625],[83.33]
Train,[105.79100709772192],[26.300000000000008]
Train,[87.1953419151466],[71.01]
Train,[93.72493739135923],[135.42]
Train,[107.43308134816772],[81.13]
Train,[105.94005641019311],[115.48999999999998]
Train,[99.70845684485143],[65.14]
Train,[107.18964595322417],[110.24]
Train,[79.88502882367034],[88.32999999999998]
Train,[86.62422683953488],[33.93000000000001]
Train,[78.88374691937085],[108.20999999999998]
Train,[105.24840386045211],[116.43]
Train,[81.12883371790886],[67.33]
Train,[72.01098948172249],[76.62]
Train,[101.48015531440451],[102.12]
Train,[107.9495356751786],[78.54]
Train,[106.5390283522641],[121.72999999999999]
Train,[104.41292057801205],[78.33]
Train,[107.2237427979269],[89.87]
Train,[102.65715431517702],[86.9]
Train,[105.6537310593543],[176.40000000000003]
Train,[102.65891156862504],[90.16]
Train,[74.17197080675912],[97.52]
Train,[99.06859194436379],[98.39]
Train,[90.15854756668612],[111.36]
Train,[107.79759316946306],[99.87]
Train,[104.08707410298773],[95.85]
Train,[89.88985839864424],[45.53999999999999]
Train,[64.98714843458791],[104.64]
Train,[82.91530407855177],[104.84]
Train,[104.7556999829681],[56.410000000000004]
Train,[107.69378507385301],[80.63]
Train,[106.61454632731187],[111.77999999999999]
Train,[110.7937916486856],[94.56]
Train,[106.97514982939221],[110.73]
Train,[107.85298972143994],[98.82]
Train,[79.20169883359385],[59.8]
Train,[108.08377786786747],[97.44]
Train,[43.52056925400741],[79.62]
Train,[44.103454196255164],[81.55]
Train,[78.50862244592446],[95.47]
Train,[96.93662618305501],[86.85000000000001]
Train,[109.59904246055686],[77.88]
Train,[94.71728594423833],[106.4]
Train,[56.668214187296456],[92.92]
Train,[106.49012489293678],[95.81]
Train,[107.40837789899008],[90.69]
Train,[105.57362346997239],[52.68]
Train,[70.03761933714233],[97.44]
Train,[44.41839259745892],[96.95000000000002]
Train,[35.0043075955134],[76.28]
Train,[42.84644401963165],[76.26]
Train,[81.9827090484931],[99.66]
Train,[98.09047492954117],[81.53]
Train,[94.55895210410162],[98.25]
Train,[105.75828332783418],[107.25]
Train,[102.36112683659917],[97.64]
Train,[105.00340335549907],[35.72]
Train,[41.731662087201144],[86.92]
Train,[84.99533112626344],[100.79]
Train,[106.33378237810183],[111.84999999999998]
Train,[107.8381145891477],[96.7]
Train,[44.007856715076144],[92.57]
Train,[87.67097749512304],[119.23]
Train,[95.65864997678992],[92.63999999999999]
Train,[109.35665228884571],[95.1]
Train,[106.8300567766346],[81.95]
Train,[34.03216319065045],[78.64]
Train,[88.16628849203468],[133.24]
Train,[105.14867986073088],[124.17]
Train,[33.46198032165538],[100.27]
Train,[87.68486660188259],[112.69]
Train,[82.01835947279272],[82.6]
Train,[104.75489360174734],[111.0]
Train,[105.94803692680605],[97.0]
Train,[90.08157764126126],[87.71]
Train,[108.21092752029229],[66.1]
Train,[84.20132801148122],[109.68]
Train,[107.67202682087408],[96.24]
Train,[104.98541340862118],[17.839999999999996]
Train,[82.88448962960663],[66.95]
Train,[110.90242796081925],[87.21999999999998]
Train,[105.32995157540748],[120.88]
Train,[83.55097164962719],[103.85]
Train,[86.68451818504296],[60.71]
Train,[79.36656408847519],[96.64999999999999]
Train,[107.35420300112698],[86.98999999999998]
Train,[105.25438978401296],[28.299999999999997]
Train,[104.1834044083666],[112.69]
Train,[39.316002283441286],[95.43]
Train,[101.11526219345127],[124.65]
Train,[105.05431221571568],[109.32]
Train,[95.27218142613438],[107.38]
Train,[86.3154481954381],[93.96]
Train,[84.79241238838146],[155.47]
Train,[105.18849587375294],[33.21]
Train,[106.57535101030507],[119.3]
Train,[107.66106212143515],[86.39]
Train,[95.1753047039823],[103.9]
Train,[85.15364766713161],[104.79999999999998]
Train,[107.00210529709555],[90.06]
Train,[79.27290116687814],[125.63]
Train,[84.63852556457927],[92.91]
Train,[108.00873659866046],[83.24]
Train,[105.40921309625185],[123.02]
Train,[65.47119292883863],[93.72]
Train,[74.8068408869499],[96.51000000000002]
Train,[101.37099190273837],[108.73]
Train,[36.08855773343749],[77.46]
Train,[89.32943460072832],[53.85]
Train,[105.5177434138511],[82.82]
Train,[103.09577879644851],[90.08]
Train,[107.40523364491187],[86.8]
Train,[89.09973411471353],[98.12]
Train,[105.6246656081425],[164.94]
Train,[32.920631697132904],[77.45]
Train,[75.65609801479313],[95.26]
Train,[106.94418123772371],[85.03]
Train,[95.78315610275546],[98.42999999999999]
Train,[57.317659425596894],[76.45]
Train,[105.00906258534799],[117.68]
Train,[104.2637057275069],[50.86]
Train,[98.84265557808051],[82.79]
Train,[78.4224841196747],[93.44]
Train,[86.34431794530305],[90.35]
Train,[32.81484677025841],[75.34]
Train,[33.19573045087139],[78.91]
Train,[59.10935195569439],[80.57]
Train,[65.70710014419649],[81.93]
Train,[104.6210526087474],[117.64]
Train,[98.626321380399],[109.4]
Train,[104.79664610720096],[123.05]
Train,[106.04959404911689],[18.03]
Train,[105.17826655186825],[41.62]
Train,[94.55413670332729],[81.57]
Train,[89.04666428225833],[130.73]
Train,[43.528322169580846],[88.41000000000001]
Train,[51.06505621738443],[78.95]
Train,[103.46096587700272],[30.849999999999998]
Train,[69.41150936544362],[100.33]
Train,[106.09482418819252],[78.4]
Train,[106.90973907607837],[73.32]
Train,[90.31092255974673],[43.51]
Train,[104.50914470778538],[111.5]
Train,[104.72554496700661],[125.45000000000002]
Train,[102.90979448612117],[38.25]
Train,[86.78748903767962],[41.120000000000005]
Train,[69.3764551313874],[90.57]
Train,[113.51072890008741],[91.58]
Train,[45.087229269065986],[94.1]
Train,[104.32709381526071],[61.55]
Train,[105.11919922327978],[38.11999999999999]
Train,[83.94592334100605],[88.19000000000001]
Train,[110.7429011470709],[92.26]
Train,[105.57306591188797],[51.97]
Train,[99.1515585573101],[92.9]
Train,[97.13428235743156],[86.51]
Train,[68.5451613110844],[98.48]
Train,[88.5163402214091],[89.44]
Train,[70.33359594249127],[95.91000000000001]
Train,[84.52304737918264],[92.11999999999999]
Train,[106.98237342590686],[68.99]
Train,[102.37878985527783],[36.38000000000001]
Train,[33.40326710642875],[74.41]
Train,[78.988210526813],[97.18000000000002]
Train,[105.73091041721867],[122.3]
Train,[110.72320158825211],[97.0]
Train,[36.37712628197888],[91.91]
Train,[58.46626501632884],[92.11999999999999]
Train,[85.14066783979354],[108.52000000000001]
Train,[111.69813355163316],[96.68]
Train,[72.19572621172777],[88.75]
Train,[105.37570301044096],[42.33]
Train,[37.10166867934915],[87.92]
Train,[107.57571556563289],[80.83]
Train,[82.475722853589],[80.22]
Train,[33.32589347260429],[78.0]
Train,[89.20463448963655],[125.73]
Train,[105.42624812443259],[176.02]
Train,[44.31742015292344],[93.33]
Train,[36.50069987482335],[89.39]
Train,[85.7962019285117],[79.4]
Train,[106.10876245854048],[85.17]
Train,[105.49536747770898],[83.69]
Train,[105.53174170741815],[172.87]
Train,[112.8108965100051],[110.36]
Train,[107.01016449709681],[104.2]
Train,[98.65092900347581],[106.61]
Train,[107.33812033560349],[86.52]
Train,[111.60308641422074],[93.30999999999999]
Train,[44.05004221043935],[85.78]
Train,[105.27944574416463],[126.07]
Train,[68.29823199440949],[64.07]
Train,[111.71087897657534],[94.47]
Train,[78.65459501853618],[98.17]
Train,[88.79870424574239],[66.91]
Train,[89.64544281169414],[57.25]
Train,[87.88567361985199],[60.77]
Train,[107.48001831107666],[113.7]
Train,[94.97514503844843],[85.86]
Train,[94.87346821210048],[79.46]
Train,[33.42967037762645],[80.34]
Train,[100.55702137495973],[63.41]
Train,[103.28044669169127],[95.02000000000001]
Train,[103.09927589285616],[93.55]
Train,[105.48897802480097],[99.1]
Train,[59.841056883129255],[77.64]
Train,[89.78587044385202],[67.43]
Train,[91.37147610841757],[98.56999999999998]
Train,[83.74603921934144],[66.72]
Train,[99.64544978146256],[108.46]
Train,[36.47840855490223],[78.79]
Train,[79.29841395134413],[97.15]
Train,[48.07831596934356],[76.58]
Train,[85.71099244316817],[68.15]
Train,[102.65556691262296],[108.92]
Train,[75.88301212778647],[31.01000000000001]
Train,[99.6328533750884],[88.91]
Train,[103.22000635919409],[105.75]
Train,[110.44792206821087],[113.77]
Train,[81.51361891937059],[94.26]
Train,[105.54685831651022],[50.2]
Train,[105.87616628295338],[176.85]
Train,[88.13738804728052],[59.8]
Train,[105.3049552469791],[22.44000000000001]
Train,[105.85689037817639],[173.93]
Train,[95.78343227162628],[95.8]
Train,[89.06962413143043],[86.17]
Train,[33.10625875557757],[81.74]
Train,[67.64224390789857],[89.87]
Train,[105.40250797693575],[104.04]
Train,[75.02738283868365],[105.54999999999998]
Train,[103.1817244381977],[58.96]
Train,[112.19359425640225],[111.26]
Train,[96.83298799592893],[94.18999999999998]
Train,[87.58991873070917],[61.22]
Train,[83.65770806143065],[73.14]
Train,[43.49834785166628],[95.17000000000002]
Train,[94.32759297335741],[131.96]
Train,[73.72843367985348],[91.85]
Train,[103.40492819363283],[75.5]
Train,[67.30870267245994],[77.04]
Train,[101.59668142551989],[93.18]
Train,[77.37250156593993],[119.12]
Train,[103.50864297308057],[130.17]
Train,[88.99400078700565],[125.6]
Train,[103.17084054955983],[26.95]
Train,[92.78174149766271],[102.13999999999999]
Train,[91.53235496629611],[113.21]
Train,[110.85590202816654],[93.28]
Train,[104.29525927104677],[36.58]
Train,[83.66895273189505],[103.66]
Train,[88.94869134536997],[86.08]
Train,[86.7342389251714],[111.62999999999998]
Train,[88.11991006075172],[155.37]
Train,[108.05693908973981],[81.59]
Train,[72.7833556792836],[78.08]
Train,[107.08298773572145],[83.47]
Train,[93.58472133292524],[103.54]
Train,[105.09756242412251],[121.7]
Train,[56.39794720172717],[112.83000000000001]
Train,[75.90928583608277],[96.19]
Train,[103.95645242545953],[68.88]
Train,[107.3122285980354],[119.64]
Train,[88.04752454839502],[66.24]
Train,[100.76084648121817],[95.06]
Train,[111.75092027044393],[94.12]
Train,[84.26683631378353],[94.14]
Train,[39.17943471610377],[98.23]
Train,[88.01224704647136],[145.85]
Train,[66.61134959173839],[107.63000000000001]
Train,[83.15926059868839],[85.38]
Train,[73.10640322065196],[79.75]
Train,[102.91546646623613],[123.92]
Train,[66.78157526607808],[110.99]
Train,[90.17211119151465],[85.99]
Train,[80.77873892948256],[79.3]
Train,[54.29439148460762],[34.46]
Train,[106.92342747401968],[83.89000000000001]
Train,[89.6215294823446],[88.59]
Train,[82.53760021801186],[80.05]
Train,[105.49268671518315],[118.77]
Train,[32.978865822992645],[78.67]
Train,[87.43792862805955],[96.34]
Train,[105.4350645156958],[119.09]
Train,[110.90874890107149],[96.04999999999998]
Train,[105.13022528312382],[124.88]
Train,[106.7073297297878],[70.17]
Train,[107.0118144463122],[105.38]
Train,[105.43937379032317],[125.03]
Train,[88.96054155276676],[108.48]
Train,[56.411108834774346],[81.95]
Train,[101.17170240806858],[29.9]
Train,[103.04926490998956],[75.83]
Train,[102.32201250775769],[123.63]
Train,[94.63138777599163],[115.02]
Train,[107.54095108469964],[86.89]
Train,[58.33787471400681],[98.72999999999999]
Train,[106.57439449156655],[78.21]
Train,[107.87720455006121],[80.67]
Train,[85.54205445568199],[109.26]
Train,[102.6698116041058],[30.070000000000004]
Train,[105.41506070533868],[18.899999999999995]
Train,[86.73005671540487],[80.84]
Train,[85.76704151130092],[95.35]
Train,[104.74089956296726],[99.38999999999999]
Train,[107.3127904679432],[64.46]
Train,[104.44737217791048],[145.63]
Train,[106.92166689212051],[61.73]
Train,[58.059072124532015],[111.84]
Train,[102.47482118568428],[84.24999999999999]
Train,[83.94356048005274],[89.81]
Train,[105.32685918013344],[12.190000000000001]
Train,[101.46517944968326],[117.79]
Train,[53.57413395442931],[60.07999999999999]
Train,[89.09371784039269],[87.85]
Train,[109.32613515714043],[95.19]
Train,[104.40410578119933],[124.35]
Train,[80.73591662079387],[144.03]
Train,[105.12037305846923],[77.59]
Train,[58.06717486028182],[78.78]
Train,[106.87036494028543],[80.49]
Train,[91.10367519999551],[42.63]
Train,[98.0288748611158],[89.19]
Train,[107.76625686459347],[87.56]
Train,[72.73559111330407],[57.36]
Train,[106.11165081936328],[92.13]
Train,[104.527794161213],[60.45]
Train,[107.74404239874785],[71.39]
Train,[32.801114137209446],[111.43000000000002]
Train,[40.85050612629592],[94.41]
Train,[65.97162898741712],[113.62]
Train,[105.23608165438044],[39.13000000000001]
Train,[89.39304610374961],[72.61]
Train,[103.49499013260542],[68.3]
Train,[96.08763913352523],[103.28]
Train,[103.73507459809375],[65.2]
Train,[111.84057142165665],[95.28]
Train,[105.01415438687528],[50.809999999999995]
Train,[105.60618781535493],[173.43000000000004]
Train,[98.68782647310717],[110.61]
Train,[56.3019329149827],[66.06]
Train,[86.87557095731891],[91.06]
Train,[97.6529731028459],[90.7]
Train,[83.77797236462462],[81.0]
Train,[52.3090733281781],[78.46]
Train,[81.2891519924107],[95.44]
Train,[32.586946137945766],[88.18]
Train,[82.12365755092004],[90.36]
Train,[88.47765563029479],[134.81]
Train,[68.70652387702637],[89.14]
Train,[78.75572498061898],[125.90000000000002]
Train,[33.269075829879256],[77.26]
Train,[88.20606995892709],[134.22]
Train,[99.55933901991503],[116.27]
Train,[108.19157486027756],[100.33]
Train,[82.11019247466955],[65.25]
Train,[104.94370515829311],[43.86]
Train,[110.27720901351344],[84.42]
Train,[71.55708403147648],[89.47]
Train,[108.20255890672203],[97.78]
Train,[88.6287417445044],[109.88]
Train,[101.21972992527776],[75.64]
Train,[105.43549901472589],[176.86]
Train,[104.41732947883],[85.21999999999998]
Train,[106.98087581957542],[72.84]
Train,[108.48248003116684],[70.0]
Train,[57.9197945607186],[75.13]
Train,[104.22424322413663],[31.199999999999996]
Train,[87.70958634495895],[95.17000000000002]
Train,[107.83935825942612],[74.8]
Train,[104.56455028498009],[68.6]
Train,[87.69785636468579],[156.84]
Train,[98.01875227609155],[65.33]
Train,[96.10288737134168],[97.19]
Train,[93.87416191734764],[99.71]
Train,[32.517279165924705],[79.29]
Train,[111.64253597278064],[79.54]
Train,[106.9279062729316],[116.63]
Train,[104.7755132793772],[62.19]
Train,[108.49128423515224],[78.63]
Train,[97.4310565319402],[88.69]
Train,[36.721040823387895],[95.30999999999999]
Train,[51.9485250844263],[41.29]
Train,[106.09216401259604],[177.17]
Train,[107.95203257456947],[82.05]
Train,[32.71877621825096],[79.08]
Train,[102.15130298533238],[45.52]
Train,[108.64780116503483],[80.53]
Train,[72.9662917174768],[92.57]
Train,[58.65961948620823],[113.40999999999998]
Train,[102.44032062902954],[89.67999999999999]
Train,[104.75843250629651],[126.16]
Train,[88.1754935847518],[155.98]
Train,[81.31762036249799],[101.42]
Train,[97.22571514473992],[107.9]
Train,[106.13021698534288],[56.03999999999999]
Train,[104.57816365047383],[73.44]
Train,[78.53780952120297],[84.51]
Train,[98.29502128141455],[89.06]
Train,[88.74071562620863],[88.52]
Train,[102.86505534692674],[106.63]
Train,[59.55616427390498],[104.85]
Train,[103.69962955864746],[83.2]
Train,[56.779608443651],[113.22]
Train,[110.7937916486856],[92.74]
Train,[103.09671042464191],[74.71]
Train,[89.1253198570352],[48.15]
Train,[107.9192347142758],[99.82999999999998]
Train,[74.26208623736773],[78.03]
Train,[106.71225145962633],[87.55]
Train,[103.2089319196341],[71.45]
Train,[95.21265014941633],[76.78]
Train,[69.42274480543196],[82.24]
Train,[36.46005053494689],[120.65]
Train,[107.03078932286653],[120.29]
Train,[104.2391904178554],[81.14]
Train,[107.14815139732],[111.25]
Train,[94.7345984112211],[106.29]
Train,[110.53085687073968],[75.0]
Train,[96.31067408673584],[106.04]
Train,[70.06997759422849],[97.33]
Train,[111.48679831389026],[90.69]
Train,[110.43215966580455],[113.4]
Train,[105.11090359048558],[105.24999999999999]
Train,[105.5248437188912],[66.55]
Train,[101.92036572938646],[84.46999999999998]
Train,[32.742507442484545],[79.4]
Train,[83.90626066799231],[105.02]
Train,[88.01421844433538],[71.53]
Train,[41.1503430839379],[87.72]
Train,[42.13449501772927],[78.98]
Train,[41.986819198442966],[97.34]
Train,[100.18882188330615],[73.96]
Train,[104.72405044888787],[125.41]
Train,[104.92285628396546],[77.79]
Train,[85.36261379315414],[86.92999999999999]
Train,[50.77559028108538],[98.75]
Train,[99.60081598973919],[63.980000000000004]
Train,[40.286888937791964],[75.96]
Train,[105.32759846029194],[25.57]
Train,[48.357683686008805],[90.71000000000001]
Train,[107.79759316946306],[97.43]
Train,[110.90122594409607],[93.33]
Train,[104.42686985618748],[64.97]
Train,[107.43251140780939],[75.93]
Train,[90.33160780462416],[91.21]
Train,[106.14785582228272],[79.8]
Train,[69.03546188948937],[97.04]
Train,[86.82403259262269],[108.2]
Train,[107.74659198176886],[85.47]
Train,[99.62645666965835],[32.489999999999995]
Train,[57.02668420138271],[93.44]
Train,[105.4048884932049],[121.3]
Train,[84.72472474211506],[98.56]
Train,[88.72420089320528],[46.72]
Train,[56.77041214937954],[113.46]
Train,[40.04232596981601],[88.71000000000001]
Train,[102.43473317317073],[85.54]
Train,[60.59339402785302],[74.43]
Train,[75.71466584406599],[58.31000000000001]
Train,[105.11745410697569],[117.39]
Train,[103.04938689424584],[66.77]
Train,[83.67966620649402],[87.62]
Train,[89.05170383974499],[53.88999999999999]
Train,[85.3545868915234],[108.14]
Train,[104.89232555530492],[92.9]
Train,[70.10506980573163],[98.50999999999999]
Train,[113.0697718572373],[125.98]
Train,[106.5721126533848],[97.8]
Train,[101.08470375128789],[90.24]
Train,[82.89369285032446],[92.7]
Train,[102.64391022564557],[74.12]
Train,[113.4870236607243],[99.57]
Train,[43.863931431045195],[94.09]
Train,[88.97299353679381],[126.44]
Train,[113.517368639141],[118.29]
Train,[78.43184630270159],[95.56]
Train,[106.29657362321268],[96.66]
Train,[65.55032507349853],[99.28]
Train,[33.23692756667108],[80.17]
Train,[87.08431797713317],[111.15]
Train,[87.6473694873553],[68.38]
Train,[38.41121388577869],[80.25]
Train,[50.448031074949164],[77.72]
Train,[56.993170483870976],[90.97]
Train,[104.00306410676609],[34.92]
Train,[69.85529369773879],[95.86]
Train,[73.68339805575039],[68.55]
Train,[86.92682038750296],[84.15]
Train,[42.85503338886238],[95.9]
Train,[103.8569579550119],[82.01]
Train,[106.43471441444294],[99.29]
Train,[101.3298797654792],[109.47]
Train,[105.44806459290841],[98.37000000000002]
Train,[105.05984902527673],[100.21000000000001]
Train,[87.91730198129086],[77.37]
Train,[89.16796300235914],[88.19000000000001]
Train,[40.464907476314444],[83.21]
Train,[92.77425708963321],[82.85]
Train,[43.977929186979914],[85.34]
Train,[106.53572183330594],[87.02]
Train,[57.26285324927245],[93.12]
Train,[90.03757637769363],[112.43]
Train,[97.76874944712192],[93.17000000000002]
Train,[86.62422683953488],[33.94]
Train,[77.39671685134887],[82.48]
Train,[107.35669476423536],[78.86]
Train,[106.41104228497878],[89.51]
Train,[105.34747691017797],[125.66000000000001]
Train,[88.42852807389117],[152.94]
Train,[75.75986003279566],[95.1]
Train,[86.09811654357547],[89.8]
Train,[87.3380453158974],[145.17]
Train,[107.2220197423988],[86.16]
Train,[108.40476301090567],[95.85]
Train,[107.02700927700619],[109.09999999999998]
Train,[32.65258479495415],[78.29]
Train,[33.311055286465646],[78.68]
Train,[89.83527421223346],[70.8]
Train,[39.9586764297933],[74.37]
Train,[69.69621804084845],[79.43]
Train,[104.74225314410383],[105.09]
Train,[96.15738087428471],[94.48]
Train,[111.55457300603142],[85.21999999999998]
Train,[101.62227459705382],[63.4]
Train,[94.98988097328329],[97.57]
Train,[74.57257793647025],[66.29]
Train,[105.61357501562568],[175.59]
Train,[75.72968488881479],[67.47]
Train,[105.43579273156196],[96.66]
Train,[70.28924844673955],[83.05]
Train,[106.96906960245359],[77.22]
Train,[105.7027701887096],[101.42]
Train,[107.5257144937177],[88.77]
Train,[106.75494752208232],[97.98]
Train,[69.04628844825262],[80.54]
Train,[86.11530554302774],[105.88]
Train,[33.42962264499923],[76.42]
Train,[106.88250598628423],[106.46]
Train,[105.47192240396448],[56.89]
Train,[105.57692591465675],[44.03]
Train,[104.77694822666217],[50.64]
Train,[41.55645921370077],[120.54]
Train,[98.08154774882523],[116.42]
Train,[110.75105270666467],[68.65]
Train,[103.17972150329985],[84.31999999999998]
Train,[103.77141634203643],[100.75]
Train,[103.08611659875368],[94.23]
Train,[85.29184580627552],[66.44]
Train,[88.34451633227818],[79.49]
Train,[107.33055890402838],[66.55]
Train,[101.15354232473369],[95.94]
Train,[111.81358956398115],[112.5]
Train,[68.472002359917],[65.26]
Train,[107.38635326223803],[78.88]
Train,[85.31492400908242],[105.52]
Train,[87.91699674352942],[86.83]
Train,[105.37719314295073],[49.71]
Train,[87.01689681873857],[113.62999999999998]
Train,[105.10004324533567],[121.39]
Train,[87.29102630799677],[153.54]
Train,[107.48361313010763],[101.53]
Train,[103.63439968702092],[34.5]
Train,[56.569922432732945],[80.06]
Train,[90.54533466118916],[58.03]
Train,[102.01143731521864],[71.01]
Train,[94.57537387666491],[96.56]
Train,[59.269373608152875],[91.15]
Train,[110.0986406708875],[175.35000000000002]
Train,[104.85155241826558],[36.47]
Train,[42.16934834916019],[87.73]
Train,[39.594389579305904],[80.68]
Train,[77.56220449308624],[100.7]
Train,[81.2891519924107],[94.22]
Train,[85.75004705395591],[110.82000000000001]
Train,[109.79335001575535],[91.44999999999999]
Train,[33.621532579424645],[79.39]
Train,[105.04310347477447],[125.75]
Train,[88.61790509827809],[68.85]
Train,[37.63672327001918],[91.06]
Train,[104.89141933810288],[43.99000000000001]
Train,[59.482675520526854],[78.25]
Train,[107.07807283714251],[111.18999999999998]
Train,[87.25881829123679],[89.87]
Train,[105.41228702346076],[175.41]
Train,[71.45593446507314],[135.44]
Train,[103.97191937566367],[26.520000000000007]
Train,[60.953151750365265],[77.81]
Train,[69.03170344448635],[63.53]
Train,[111.21808411069455],[88.57]
Train,[50.3964265745425],[89.02]
Train,[78.34088094930658],[95.87]
Train,[107.76201438309032],[79.11]
Train,[103.07399351848535],[64.07]
Train,[37.73445868248331],[87.77]
Train,[108.25352673522357],[84.45]
Train,[39.316002283441286],[95.08]
Train,[107.43659770912346],[95.69000000000001]
Train,[104.9911413269257],[101.07]
Train,[104.8770637895522],[159.69]
Train,[106.82770022914606],[84.34000000000002]
Train,[105.99860881336322],[167.03]
Train,[46.01837150185996],[79.23]
Train,[98.54350005225714],[109.63000000000001]
Train,[105.32694417394148],[176.5]
Train,[97.86997805344853],[95.39000000000001]
Train,[104.56034433388871],[80.55]
Train,[93.91857141865293],[98.49999999999999]
Train,[105.39938364967328],[125.83]
Train,[106.78806595217604],[112.0]
Train,[86.65392479017402],[70.4]
Train,[103.94384124871803],[125.94]
Train,[111.43583414893561],[89.37]
Train,[79.74312701445871],[74.26]
Train,[106.98680280027283],[93.33]
Train,[104.83236618988593],[106.90000000000002]
Train,[79.90942598841312],[96.11]
Train,[36.40461480918103],[74.06]
Train,[81.77375203675543],[107.7]
Train,[58.82440116782903],[94.56]
Train,[100.76741566411116],[34.96000000000001]
Train,[107.13437180416945],[107.54999999999998]
Train,[87.92150672940755],[85.74000000000001]
Train,[107.79133340899602],[81.4]
Train,[88.36923808441487],[105.22]
Train,[105.46436156338298],[57.28]
Train,[110.3245988387326],[95.93]
Train,[105.36298973268747],[28.42]
Train,[104.38014491049803],[43.58]
Train,[96.91366814609428],[68.19]
Train,[106.50602360181203],[97.13]
Train,[70.14428309363697],[97.57]
Train,[106.54170008424373],[98.91]
Train,[46.23181855819879],[93.74999999999999]
Train,[88.28369640737296],[119.07]
Train,[107.30146997187981],[99.87]
Train,[89.47103889325756],[40.82]
Train,[90.91071987930081],[126.14]
Train,[107.79759316946306],[99.58]
Train,[103.4541049766165],[96.80000000000001]
Train,[102.0658696355142],[71.63]
Train,[108.16842521459053],[97.55]
Train,[105.0478854844812],[125.87]
Train,[57.4503432509999],[90.85999999999999]
Train,[105.00296178010832],[124.73]
Train,[40.43272485814852],[93.68]
Train,[86.55945574041272],[105.16]
Train,[105.59497650021066],[98.76]
Train,[43.16377759948227],[87.87999999999998]
Train,[101.55701478257194],[89.81]
Train,[86.54472521476171],[96.54]
Train,[98.79598254491628],[90.93]
Train,[106.61600077135634],[112.44]
Train,[107.09870965617043],[94.33]
Train,[105.93973590423604],[56.27000000000001]
Train,[85.83089105590841],[88.81]
Train,[57.680334465909965],[66.5]
Train,[104.35016230845342],[163.55]
Train,[108.41299192024258],[91.48]
Train,[107.49594785354746],[92.85999999999999]
Train,[107.21968714234934],[87.03]
Train,[95.61516633920125],[102.38]
Train,[101.96700311347372],[88.61]
Train,[107.28000604417494],[87.98000000000002]
Train,[107.03662612700865],[100.25]
Train,[84.9639367211567],[99.57]
Train,[107.60339556911906],[86.12000000000002]
Train,[84.09709344755994],[78.5]
Train,[84.21866098372391],[66.59]
Train,[79.36114509746815],[98.26999999999998]
Train,[105.17172455555948],[115.41999999999999]
Train,[90.36785785964848],[107.88]
Train,[94.50207185213605],[54.370000000000005]
Train,[110.68212180831388],[97.97]
Train,[101.935823563211],[138.44]
Train,[56.20494292872873],[123.59000000000002]
Train,[110.61682481907162],[113.14]
Train,[96.74261225376364],[93.48]
Train,[74.36333700231206],[91.76000000000002]
Train,[79.62704631351673],[54.61]
Train,[107.57339480520845],[86.62]
Train,[77.77224795256154],[102.66000000000001]
Train,[110.90242796081925],[91.14]
Train,[109.01503309099391],[70.31]
Train,[107.33022443121617],[86.89]
Train,[106.80163547907847],[76.22]
Train,[102.39265863911494],[74.66]
Train,[33.439344543832895],[78.44]
Train,[105.3341391342346],[121.34999999999998]
Train,[66.65835647852099],[109.13]
Train,[32.78296821599443],[77.76]
Train,[106.59900271985636],[68.84]
Train,[78.72624165385156],[98.0]
Train,[87.7379612367781],[89.71]
Train,[104.16248312253173],[94.34]
Train,[103.37808273807214],[31.44]
Train,[32.730793271453756],[79.01]
Train,[40.47381732654953],[83.05]
Train,[69.2930197297815],[96.47]
Train,[102.48745728617652],[48.81000000000001]
Train,[75.92494833740206],[94.75]
Train,[103.1753064371396],[93.11]
Train,[105.40439969626617],[27.270000000000003]
Train,[87.81971763516952],[135.66]
Train,[105.46007152599977],[16.039999999999996]
Train,[80.42170616695084],[107.14]
Train,[102.64491841030096],[124.85]
Train,[111.8487523041281],[88.7]
Train,[105.6947554700242],[119.08]
Train,[105.52303150367793],[51.35]
Train,[99.94140706943686],[67.48]
Train,[104.93774391889956],[100.45]
Train,[94.6675242783026],[50.34]
Train,[93.39147657984762],[109.66]
Train,[106.99804779615486],[82.66]
Train,[54.73355807544006],[71.87]
Train,[108.41965755390352],[80.74]
Train,[107.10399241638187],[111.47]
Train,[106.61241431319247],[80.0]
Train,[106.28849636097632],[78.01]
Train,[111.69813355163316],[96.3]
Train,[86.01080869038483],[122.68]
Train,[103.5722835133129],[61.830000000000005]
Train,[69.29663772046693],[96.63]
Train,[85.55621689223467],[79.4]
Train,[86.78153719220334],[93.91]
Train,[106.91953715356713],[59.35]
Train,[61.6187099282585],[90.03]
Train,[88.2886974966633],[129.45]
Train,[104.5686677650577],[122.55000000000001]
Train,[109.59904246055686],[77.65]
Train,[105.66294477558256],[36.78000000000001]
Train,[89.48771398061037],[59.91]
Train,[97.17118884941225],[67.91]
Train,[96.41855912637246],[70.73]
Train,[56.26233345593438],[115.3]
Train,[108.41965755390352],[80.79]
Train,[32.73228916937342],[91.57]
Train,[87.08849611914509],[74.61]
Train,[104.80042005638303],[122.97]
Train,[104.93177490538024],[41.21]
Train,[87.88837450208419],[139.39]
Train,[107.13477249841763],[110.21999999999998]
Train,[65.53559205575438],[92.9]
Train,[111.55457300603142],[88.26]
Train,[103.35406711438822],[76.63]
Train,[106.98405706954502],[139.52]
Train,[84.05528925319241],[92.39]
Train,[104.703092850151],[161.69]
Train,[59.21800899887018],[107.19000000000001]
Train,[93.82836762377309],[96.22]
Train,[87.67390032995512],[92.50000000000001]
Train,[89.21904180534047],[85.04]
Train,[53.52534482301049],[93.9]
Train,[83.32716609691248],[39.25]
Train,[81.43799346718285],[87.93]
Train,[81.48326611053191],[37.51]
Train,[97.60005016499642],[99.92000000000002]
Train,[80.11284354723063],[130.79]
Train,[104.10299664741808],[100.37000000000002]
Train,[104.52086997429697],[33.36]
Train,[38.883602771368345],[95.49]
Train,[111.74298002415453],[95.37]
Train,[69.29309850875212],[96.63]
Train,[103.67289999789644],[85.85]
Train,[97.58536314270133],[93.84000000000002]
Train,[95.67949238026247],[117.64999999999999]
Train,[88.32798408500699],[107.02]
Train,[89.16206800117189],[79.65]
Train,[70.81603820823543],[93.5]
Train,[102.02488992115296],[71.22]
Train,[88.05736227842216],[65.88]
Train,[89.31600815575233],[68.76]
Train,[88.4513656759081],[145.04]
Train,[104.37504421909661],[71.49]
Train,[107.10069229052196],[69.34]
Train,[59.660482189763734],[93.7]
Train,[78.69993265344435],[74.31]
Train,[86.78194980760695],[92.11]
Train,[40.55099668183756],[93.68]
Train,[41.11421563117294],[88.76]
Train,[87.45663009817025],[113.34]
Train,[42.90692507231171],[85.73]
Train,[84.8088791907242],[68.86]
Train,[44.98137627763697],[91.89999999999999]
Train,[73.49349513207042],[136.64]
Train,[107.22181398836076],[49.22]
Train,[103.63115986136019],[69.27]
Train,[91.72437715004432],[58.120000000000005]
Train,[107.2159141458626],[112.49]
Train,[88.01198480677326],[100.54]
Train,[105.17689262647544],[116.45]
Train,[58.92927988111375],[96.23]
Train,[76.23287071001492],[97.41]
Train,[108.15518589355479],[96.98]
Train,[73.87522581025918],[97.62000000000002]
Train,[57.29650265199488],[78.96]
Train,[95.84131685306566],[101.08]
Train,[106.18922247940918],[34.32]
Train,[102.43477204740667],[122.67]
Train,[32.565745528011746],[84.66]
Train,[91.63267328706199],[105.47999999999999]
Train,[42.28968689331959],[98.67]
Train,[89.03734756974077],[88.14]
Train,[60.14204655991415],[100.55]
Train,[104.10729503276683],[56.74]
Train,[48.22685450589069],[131.04]
Train,[84.79885782796725],[103.01]
Train,[97.8726508611215],[90.29]
Train,[99.69786405317853],[93.19]
Train,[32.788681594240146],[79.55]
Train,[96.02580405598395],[89.71]
Train,[90.57609132126441],[91.67]
Train,[103.80368900092884],[98.08]
Train,[83.95509170933433],[124.73]
Train,[103.51177255996738],[22.499999999999996]
Train,[107.92916800663954],[119.12]
Train,[87.72483275468943],[120.45]
Train,[96.35926461451457],[102.24]
Train,[105.33428177139221],[94.41999999999999]
Train,[61.44173672920657],[80.42]
Train,[62.83725537880922],[89.36]
Train,[105.72128185204564],[177.01]
Train,[87.67433980251374],[140.9]
Train,[95.70661830199184],[93.74]
Train,[96.39106709581392],[41.26]
Train,[33.98529948501262],[78.24]
Train,[101.30446296834695],[47.28]
Train,[83.13331494872638],[91.00999999999999]
Train,[105.08139958455963],[12.570000000000002]
Train,[102.07645189542592],[49.87]
Train,[97.47606256003131],[116.56]
Train,[103.31088019664254],[104.41]
Train,[108.02188146635697],[79.41]
Train,[97.37120480558787],[105.14]
Train,[80.60205421123366],[75.85]
Train,[38.26164470144166],[80.25]
Train,[107.29184547953915],[114.4]
Train,[49.93975386813741],[92.32]
Train,[88.12644159142388],[65.38]
Train,[84.66634078227398],[95.32]
Train,[107.28368846761599],[112.41]
Train,[107.97263090164947],[92.45]
Train,[33.42692172057112],[77.06]
Train,[110.56795014302136],[77.35]
Train,[50.09743554289212],[90.38]
Train,[105.71746362892141],[176.58]
Train,[96.98121862373688],[98.65]
Train,[63.33610881366185],[111.22]
Train,[109.59904246055686],[77.59]
Train,[59.49295093631883],[82.71]
Train,[107.82103297536709],[90.84999999999998]
Train,[55.3147331077364],[96.18]
Train,[108.02188146635697],[77.76]
Train,[104.36088134900062],[41.21]
Train,[67.71658960692369],[94.93]
Train,[58.50577658852081],[112.92]
Train,[90.65185730820664],[68.36]
Train,[102.02717183778827],[58.7]
Train,[85.90207345046267],[83.65]
Train,[58.352441975379314],[114.42]
Train,[87.03716171923695],[85.97000000000001]
Train,[107.35669476423536],[79.88]
Train,[68.78043565510171],[88.92]
Train,[105.52095415028957],[27.020000000000003]
Train,[94.63866950160279],[76.34]
Train,[104.03519971971845],[97.22]
Train,[82.09488902788247],[94.77]
Train,[106.23053479326715],[112.34]
Train,[95.94584220147377],[110.97000000000001]
Train,[107.55178104729849],[97.95]
Train,[48.21217239496032],[105.98]
Train,[109.0215001458108],[106.53]
Train,[105.55138411687108],[23.450000000000003]
Train,[32.491598743303356],[93.37]
Train,[91.47246872443966],[143.15]
Train,[32.47146025797861],[90.23]
Train,[105.01180289086977],[48.74]
Train,[107.34604259411799],[96.61]
Train,[104.90425065604533],[125.21000000000001]
Train,[105.9449081602544],[43.88]
Train,[79.09674027179146],[45.25]
Train,[95.64719836259086],[114.84000000000002]
Train,[86.85125086811767],[118.58]
Train,[73.76888163960434],[76.17]
Train,[113.43863634171683],[93.45]
Train,[107.75943963283888],[81.26]
Train,[86.43113508266272],[85.25]
Train,[105.6956000566343],[176.52999999999997]
Train,[46.564714758835684],[81.97]
Train,[95.6674496799628],[95.99]
Train,[106.11030039686779],[102.34999999999998]
Train,[107.11995128293711],[108.88999999999999]
Train,[107.90143842648834],[90.97]
Train,[111.69813355163316],[89.35]
Train,[57.13194021863198],[72.88]
Train,[111.79084796231429],[84.28]
Train,[87.62182114770691],[81.23]
Train,[101.88876197906464],[93.02]
Train,[86.91055008969542],[121.71]
Train,[104.60460307735104],[112.99]
Train,[107.09437772370866],[88.23]
Train,[69.18053115377397],[95.30999999999999]
Train,[102.19077791287354],[142.78]
Train,[110.4247261431591],[113.75]
Train,[78.58325474653556],[103.12]
Train,[106.91885611493551],[116.01]
Train,[90.02259321345032],[103.95]
Train,[106.9579302119477],[82.01]
Train,[33.41392007968196],[81.04]
Train,[39.19533261258836],[84.78000000000002]
Train,[106.64459354563571],[80.26]
Train,[79.7587747836895],[75.73]
Train,[87.24220497683744],[56.86000000000001]
Train,[100.73497120587378],[91.71]
Train,[107.41413120616087],[70.24]
Train,[71.66982177898481],[102.24]
Train,[74.32894801771279],[96.96]
Train,[32.74235563266176],[77.31]
Train,[104.91308310212979],[34.89]
Train,[33.445688208530896],[67.27]
Train,[91.10367519999551],[41.42]
Train,[34.174182894700444],[81.75]
Train,[104.69736759312434],[123.01]
Train,[81.98402964564647],[71.82]
Train,[108.03692633183213],[112.86]
Train,[103.83401388563297],[93.74999999999999]
Train,[89.24377861602215],[87.38]
Train,[99.81696309970879],[86.99999999999999]
Train,[106.05198308808122],[94.98]
Train,[110.88455955396458],[83.87999999999998]
Train,[105.21175509642735],[77.69]
Train,[105.28729650660306],[102.5]
Train,[80.90693728938149],[91.28]
Train,[96.3928508482391],[108.65999999999998]
Train,[33.72922271361067],[85.27]
Train,[107.09423000281083],[116.03]
Train,[95.65253383428688],[89.26]
Train,[87.55973954994461],[82.12]
Train,[99.23563788943564],[43.27]
Train,[98.44674309867435],[98.35000000000001]
Train,[99.91074946854754],[86.71]
Train,[101.73905455104554],[90.6]
Train,[61.94417000187066],[89.42]
Train,[107.01965643187931],[67.74]
Train,[104.94481708596395],[38.49]
Train,[105.21085872510862],[66.02]
Train,[69.56594009498602],[90.44]
Train,[105.02267469939221],[101.21]
Train,[33.043985599046295],[81.87]
Train,[104.03159065369975],[87.41]
Train,[107.81121142946152],[101.0]
Train,[106.41694445098085],[79.33]
Train,[58.0898805902201],[106.36999999999999]
Train,[103.16573120659098],[113.0]
Train,[105.18707635149906],[60.309999999999995]
Train,[102.44701795696383],[25.93]
Train,[107.32754350239232],[74.3]
Train,[43.51767217169109],[85.52000000000001]
Train,[105.95322732734878],[90.84]
Train,[87.42607583225667],[89.18]
Train,[106.93472706099358],[127.56]
Train,[83.43296898717885],[88.10999999999999]
Train,[103.67567008931431],[79.68]
Train,[105.40439969626617],[27.389999999999997]
Train,[105.02861262625827],[52.220000000000006]
Train,[99.37531702783767],[44.46]
Train,[82.00071831427539],[78.84]
Train,[103.75975501828482],[102.08]
Train,[82.85122603200304],[114.52999999999999]
Train,[108.14913114113743],[85.58]
Train,[95.4157394717456],[66.77]
Train,[105.50035806458277],[176.78]
Train,[106.03653348016736],[96.52]
Train,[105.22553687752682],[96.79]
Train,[89.71750149421277],[61.419999999999995]
Train,[107.63239281159572],[73.39]
Train,[70.10407571501267],[99.36]
Train,[63.01343583188069],[94.04]
Train,[70.33359594249127],[96.39]
Train,[94.38654528224808],[115.26]
Train,[87.32352364150388],[48.31]
Train,[56.171880729687615],[80.24]
Train,[107.29365420487642],[87.19]
Train,[109.25089328000742],[86.98]
Train,[78.57732782602606],[96.04999999999998]
Train,[108.41965755390352],[81.08]
Train,[95.97664425862466],[99.72]
Train,[105.69050000860666],[177.07]
Train,[87.544510263193],[90.67]
Train,[104.6081576184985],[124.76]
Train,[81.38573485250167],[86.24]
Train,[88.83038111723303],[125.93]
Train,[102.19387502958918],[70.5]
Train,[96.39937901893312],[111.48]
Train,[107.22346273896454],[86.67]
Train,[107.50015361199385],[141.22]
Train,[34.00736103338072],[79.39]
Train,[86.19512669145956],[104.84]
Train,[103.44291428716794],[97.74]
Train,[61.83017220564605],[94.92]
Train,[104.51082491825713],[90.88]
Train,[87.68117101846697],[146.9]
Train,[81.73261796384824],[85.05]
Train,[89.03734756974077],[89.15]
Train,[100.68670262070684],[68.38]
Train,[107.37939334085489],[86.97]
Train,[99.01721923652758],[86.2]
Train,[89.73937335972708],[84.74]
Train,[39.59138630033271],[78.87]
Train,[98.13129152020261],[90.57]
Train,[104.34272799404165],[177.17]
Train,[105.88191114099051],[98.44]
Train,[40.09667226965507],[73.39]
Train,[105.54567760656587],[119.07]
Train,[78.91150962685077],[87.05]
Train,[107.44049936730498],[88.57]
Train,[94.24747065564685],[79.53]
Train,[87.71735182799748],[123.3]
Train,[74.81239802452747],[95.63]
Train,[82.92155951790859],[89.95]
Train,[86.05747785758582],[73.73]
Train,[104.18894480873122],[107.05]
Train,[86.89673350624363],[84.36]
Train,[102.1108287406747],[57.23]
Train,[69.7981108632718],[88.64000000000001]
Train,[107.3714542045498],[71.83]
Train,[35.34059087667876],[122.55000000000001]
Train,[107.63753464009277],[83.51]
Train,[88.29411026651762],[88.10999999999999]
Train,[110.01577207761524],[88.46]
Train,[87.73109689749455],[93.01]
Train,[110.89921744487528],[96.02]
Train,[35.855533978958206],[60.14]
Train,[107.61977731561753],[121.24]
Train,[93.26766401197841],[105.09999999999998]
Train,[69.48564175359196],[70.94]
Train,[86.3215575500114],[108.23000000000002]
Train,[107.93937211005091],[68.72]
Train,[86.56866720624107],[77.46]
Train,[87.21912450937427],[59.74]
Train,[39.82520107564635],[88.43]
Train,[87.42238192522896],[118.58]
Train,[104.5495990115667],[124.91999999999999]
Train,[32.725886514821745],[83.57]
Train,[105.53790932709012],[52.82]
Train,[59.395887416245344],[115.76]
Train,[107.11112683145313],[66.04]
Train,[57.28874810837919],[113.95000000000002]
Train,[107.04106812248996],[66.19]
Train,[86.42045457165155],[67.54]
Train,[100.76017443121312],[51.05]
Train,[39.971112884346354],[90.16]
Train,[101.13772649064475],[46.12]
Train,[107.31255191500429],[99.12]
Train,[78.38715390778658],[107.19000000000001]
Train,[104.51082491825713],[87.94]
Train,[102.77165878154189],[53.82000000000001]
Train,[35.53209155641695],[119.84]
Train,[106.35351782007832],[111.94000000000001]
Train,[102.24688972342187],[44.31]
Train,[102.93567539752226],[85.87]
Train,[102.14824149915623],[115.83]
Train,[104.49815335891144],[111.17]
Train,[66.72885834439364],[79.43]
Train,[87.22137855001505],[133.51]
Train,[105.63207138037717],[36.20000000000001]
Train,[105.76344200052611],[124.27]
Train,[103.61825536855261],[67.92]
Train,[105.0579146193124],[175.28]
Train,[111.71496865119087],[95.95]
Train,[33.450169196466746],[80.35]
Train,[112.68668897155105],[120.63]
Train,[108.01161980519714],[95.73]
Train,[102.61977598153622],[90.27000000000001]
Train,[108.75241747923413],[68.16]
Train,[107.74634244971332],[108.28]
Train,[107.97628727831348],[80.59]
Train,[66.53856461878578],[72.57]
Train,[103.09879932220069],[98.34]
Train,[94.16445925439264],[137.02]
Train,[109.49416774189093],[116.97999999999999]
Train,[107.4772874166011],[92.05000000000001]
Train,[87.47111802660726],[100.38]
Train,[110.93865755313604],[94.25]
Train,[56.50298812237326],[71.57]
Train,[104.46315985629906],[98.92]
Train,[105.33419464646622],[82.39]
Train,[104.98067189067336],[149.42]
Train,[104.39242571953228],[100.50999999999999]
Train,[103.75451238226265],[74.05]
Train,[77.58888490906232],[99.03000000000002]
Train,[86.85690693603944],[66.58]
Train,[107.79759316946306],[100.32]
Train,[108.48248003116684],[70.05]
Train,[106.30816594263275],[76.46]
Train,[88.69275217696298],[106.45000000000002]
Train,[96.72084572534945],[74.02]
Train,[86.87927020221719],[66.37]
Train,[78.28171603901869],[97.68]
Train,[79.00366798089937],[97.94]
Train,[108.6883743201664],[115.78]
Train,[111.37402941280682],[56.29]
Train,[106.48425092454055],[98.65]
Train,[102.24574532848771],[129.43]
Train,[107.87994708802853],[78.63]
Train,[89.50977458854236],[43.980000000000004]
Train,[107.89129382748894],[91.57]
Train,[58.66746275775545],[113.04]
Train,[87.49457419422201],[155.82]
Train,[93.22458061772697],[95.06]
Train,[33.50977142748065],[87.95]
Train,[106.73819690466718],[114.81999999999998]
Train,[57.95457283684164],[115.16]
Train,[108.95517334953232],[116.56]
Train,[106.7455417594538],[82.44]
Train,[72.56496637845659],[37.300000000000004]
Train,[88.11581483815756],[155.53]
Train,[103.96019289110203],[101.52]
Train,[78.43923702112862],[97.22]
Train,[86.78969960062348],[118.98]
Train,[98.35694733793956],[131.11]
Train,[97.67299289663445],[74.05]
Train,[79.2007528659577],[91.52999999999999]
Train,[105.78433395214208],[97.04]
Train,[113.50351686008041],[126.75]
Train,[104.9626943971096],[112.49]
Train,[105.32055166312111],[66.86]
Train,[111.61621294237786],[96.51000000000002]
Train,[82.629340211301],[96.64999999999999]
Train,[78.88729179711986],[124.04000000000002]
Train,[107.43436718370673],[114.05]
Train,[105.51636993005214],[20.15]
Train,[108.08377786786747],[103.42]
Train,[33.45299344318875],[80.14]
Train,[88.79807819489403],[89.58]
Train,[106.73536639224366],[86.91]
Train,[107.35669476423536],[79.06]
Train,[89.03734756974077],[89.19]
Train,[52.99461383359524],[114.7]
Train,[103.18897490970419],[90.40999999999998]
Train,[45.5149358991651],[81.5]
Train,[56.3019329149827],[66.34]
Train,[80.07094040297713],[122.35]
Train,[75.25872817508696],[101.10000000000001]
Train,[59.588300823129515],[60.15]
Train,[97.32373249716508],[78.09]
Train,[106.61556037035265],[82.73]
Train,[107.77404223576434],[89.86]
Train,[102.23383764956975],[80.09]
Train,[98.30475162810978],[92.92]
Train,[79.56904147402204],[103.44]
Train,[105.90703297180956],[177.09999999999997]
Train,[74.28089380712636],[97.53]
Train,[95.88410695041286],[111.15]
Train,[70.2440815160454],[88.59]
Train,[82.47851544541946],[109.11999999999999]
Train,[107.6285684858278],[120.25000000000001]
Train,[51.96373188324673],[96.04999999999998]
Train,[86.13814389258133],[89.53000000000002]
Train,[57.20965804043537],[63.58]
Train,[97.1926790613829],[57.2]
Train,[88.84675258041507],[72.28]
Train,[45.81104773097961],[75.81]
Train,[103.4387272765758],[60.0]
Train,[110.83314247158289],[92.62]
Train,[96.09766747993504],[131.96]
Train,[37.28840580491437],[94.34]
Train,[106.4605947608702],[105.02]
Train,[89.56357386845158],[48.18000000000001]
Train,[54.62482880846856],[108.18]
Train,[33.521477800341756],[80.12]
Train,[69.90603771358533],[73.06]
Train,[85.63722115408247],[103.57]
Train,[85.93257023327132],[74.7]
Train,[103.36549731461703],[103.8]
Train,[93.8070770149632],[145.78]
Train,[71.12083985321974],[78.14]
Train,[102.67117776674965],[113.17]
Train,[62.071193936689205],[112.95999999999998]
Train,[103.54537014575565],[48.33]
Train,[105.78458289318245],[176.72]
Train,[110.20638808356668],[113.03]
Train,[73.7228734680239],[89.5]
Train,[43.221510659439865],[90.32]
Train,[87.57042585076945],[147.94]
Train,[89.6454190530532],[124.21]
Train,[53.350432542320625],[91.82000000000001]
Train,[32.56206158210816],[75.04]
Train,[105.84474461639617],[171.23]
Train,[97.51373215639843],[74.33]
Train,[82.31395527250598],[136.35]
Train,[36.04309904765453],[68.38]
Train,[107.06902029395957],[77.91]
Train,[54.874172859079025],[68.02]
Train,[107.63501732133847],[86.94]
Train,[105.76887534964051],[120.82]
Train,[103.52572236280645],[35.98]
Train,[112.09434979682283],[100.17]
Train,[43.07241205314294],[97.63]
Train,[82.92451752126796],[81.1]
Train,[95.89118521861204],[106.89000000000001]
Train,[56.2973806394163],[88.94]
Train,[33.35840836006124],[72.75]
Train,[32.664989263573446],[76.91]
Train,[70.40735081778617],[72.11]
Train,[37.462582992129384],[89.8]
Train,[88.54107271580754],[74.57]
Train,[38.98848796743436],[95.66]
Train,[105.49799257686875],[125.84]
Train,[113.03268280753996],[132.49]
Train,[87.75560008533216],[66.35]
Train,[64.76903067067252],[82.44]
Train,[70.38537748705856],[79.73]
Train,[105.34629376836122],[122.93000000000002]
Train,[105.40674488618805],[99.83999999999999]
Train,[98.22154987069298],[44.43000000000001]
Train,[86.61630776320649],[106.90000000000002]
Train,[96.97868989563172],[108.57]
Train,[33.43192265496226],[76.73]
Train,[105.42728067099662],[38.67]
Train,[106.48512954788194],[93.19]
Train,[79.83507251175601],[96.86999999999999]
Train,[56.856024260020476],[113.45]
Train,[98.93514197413154],[92.81]
Train,[98.77265118029281],[71.3]
Train,[111.74643726099258],[96.18]
Train,[101.96700311347372],[88.53]
Train,[104.40619376624686],[99.17999999999999]
Train,[107.04329909288379],[79.04]
Train,[59.66499425303474],[71.66]
Train,[40.286239070129966],[88.38]
Train,[107.43488070509116],[100.53]
Train,[40.4156472841164],[91.74999999999999]
Train,[82.82467355974279],[74.85]
Train,[55.31625126054986],[87.02]
Train,[102.13014206667381],[74.06]
Train,[72.89517541319154],[75.62]
Train,[110.79239375672343],[91.29999999999998]
Train,[110.33950422618959],[113.54]
Train,[104.49528328406912],[13.799999999999997]
Train,[105.70909121540302],[173.46]
Train,[105.17700013455075],[44.55]
Train,[33.192330025387406],[76.29]
Train,[109.42748685851656],[91.49]
Train,[103.22672041628802],[138.72]
Train,[107.71776844653328],[78.11]
Train,[87.62197971538828],[81.57]
Train,[105.73424068896578],[87.69]
Train,[77.64290573243505],[74.5]
Train,[76.42232449783225],[117.56]
Train,[82.11829156577251],[93.68]
Train,[106.18642690033182],[57.39]
Train,[107.1380169734692],[140.64]
Train,[86.4793239502599],[92.36]
Train,[95.75826653288526],[51.15]
Train,[103.58687864582836],[33.63000000000001]
Train,[106.45031545387957],[111.52]
Train,[106.12174673858402],[84.31]
Train,[102.18199236524677],[23.71]
Train,[104.18361106744307],[81.22]
Train,[104.1396644292419],[115.61]
Train,[86.12619009457585],[108.98000000000002]
Train,[33.8859565737287],[77.41]
Train,[106.12951830931124],[101.03000000000002]
Train,[103.00226170281105],[105.98999999999998]
Train,[86.89673350624363],[84.18]
Train,[106.95059097709198],[87.35]
Train,[46.735840915508554],[131.29]
Train,[87.1698195312927],[80.78]
Train,[92.827536800992],[67.59]
Train,[104.77850412855686],[41.75999999999999]
Train,[107.4321549278468],[67.83]
Train,[107.93514619143619],[81.41]
Train,[104.24294775465708],[78.72]
Train,[100.37669079832358],[43.01]
Train,[102.70493906220361],[104.1]
Train,[108.30417107269747],[81.14]
Train,[97.5228960055127],[37.93000000000001]
Train,[105.35221110425097],[125.57]
Train,[78.288805411262],[37.13]
Train,[105.20812885657351],[49.71]
Train,[33.42702915722255],[87.41]
Train,[105.52446301512147],[49.21]
Train,[104.37494153048152],[77.28]
Train,[60.493573129356825],[99.6]
Train,[66.71436048399205],[95.19]
Train,[106.69525952990143],[68.1]
Train,[108.57582579359182],[126.35]
Train,[55.359423713265116],[114.69]
Train,[57.36504083017836],[113.56]
Train,[61.20408859812889],[98.92]
Train,[33.299814447756255],[76.42]
Train,[104.16248312253173],[95.73]
Train,[88.06277260329584],[77.12]
Train,[105.01441681075481],[114.97999999999999]
Train,[89.12590772348251],[129.88]
Train,[107.80492436725994],[126.61]
Train,[35.33604652688299],[95.0]
Train,[33.55785304912455],[80.56]
Train,[86.06200420933031],[79.77]
Train,[105.63742482102705],[14.570000000000004]
Train,[106.61467322259027],[43.38]
Train,[82.51029013451503],[77.89]
Train,[106.53111775780889],[78.42]
Train,[43.13780646707447],[79.53]
Train,[88.13349421867778],[79.81]
Train,[106.19074251469344],[101.15]
Train,[36.92110811798649],[87.99]
Train,[102.30387231268276],[132.7]
Train,[94.15691463758401],[99.78]
Train,[103.1768843736352],[121.18]
Train,[102.32201250775769],[126.31999999999998]
Train,[95.09428461409911],[107.28]
Train,[78.81174859333368],[44.83]
Train,[33.711396026358905],[85.32]
Train,[86.7887052998511],[90.87000000000002]
Train,[105.4622344486196],[47.52]
Train,[107.20944522964993],[85.03]
Train,[103.01941164190686],[39.81]
Train,[69.86984024812624],[88.36]
Train,[69.6388115403334],[91.32]
Train,[111.09937755821049],[92.05000000000001]
Train,[32.881549537913536],[96.82]
Train,[87.59306419783367],[101.2]
Train,[107.3274394412039],[93.29]
Train,[69.27354251837839],[74.44]
Train,[84.97004764881419],[78.77]
Train,[33.30986829148764],[87.71]
Train,[34.88610037201322],[94.27000000000001]
Train,[104.12472825150536],[123.02]
Train,[105.4432268758709],[176.26]
Train,[62.165692151479305],[86.16]
Train,[105.76394412208751],[175.13]
Train,[105.81084846403697],[105.02999999999999]
Train,[87.78065179361253],[119.96]
Train,[55.118129674425234],[103.71]
Train,[89.79602940499993],[86.35]
Train,[89.33961889288254],[124.41]
Train,[106.38440500141962],[114.33]
Train,[105.96944137180365],[59.29]
Train,[105.58080863283409],[51.1]
Train,[87.94812892000881],[78.32]
Train,[107.80174906059538],[56.42]
Train,[111.31441054573247],[89.54000000000002]
Train,[104.12073032806946],[109.68]
Train,[98.90574347488887],[92.73000000000002]
Train,[105.32759846029194],[25.490000000000002]
Train,[43.94997626978401],[79.47]
Train,[105.20629231467625],[18.019999999999996]
Train,[86.99741459993076],[103.49]
Train,[105.40849756850159],[16.12]
Train,[88.2097982436733],[78.35]
Train,[56.44781319451196],[96.16]
Train,[106.96803600440668],[88.47]
Train,[60.63707140948642],[104.35999999999999]
Train,[33.56428487098009],[83.06]
Train,[86.03794875455772],[104.43]
Train,[108.29220117084384],[82.02]
Train,[106.50602360181203],[94.18999999999998]
Train,[107.81121142946152],[101.44]
Train,[103.99585735769362],[75.33]
Train,[85.27761958229495],[87.6]
Train,[80.22721952061194],[77.35]
Train,[44.27894990956534],[132.89]
Train,[88.20885930287561],[84.78000000000002]
Train,[107.24779500280401],[50.34]
Train,[104.00032174868481],[114.81999999999998]
Train,[110.39635805528746],[75.69]
Train,[91.16965422483504],[91.28]
Train,[108.25215626609985],[27.99]
Train,[66.95040289047854],[91.2]
Train,[85.42797025840991],[70.81]
Train,[102.09068673889276],[47.25000000000001]
Train,[87.85478310987568],[53.67000000000001]
Train,[111.03963671687471],[96.99]
Train,[56.993170483870976],[94.26]
Train,[104.60247558276275],[49.46999999999999]
Train,[89.35278642773729],[108.49]
Train,[95.45270013485326],[113.63999999999999]
Train,[107.76974864158655],[125.35]
Train,[78.91968261335104],[97.25000000000001]
Train,[98.99967042808984],[46.56]
Train,[107.64716213009388],[89.56]
Train,[93.5890177185819],[41.27000000000001]
Train,[107.36879027760507],[101.70000000000002]
Train,[106.91827603763672],[80.82]
Train,[102.3959870111083],[122.03000000000002]
Train,[102.81627474035055],[105.23]
Train,[53.11475318323923],[86.76999999999998]
Train,[90.57682917233271],[118.97]
Train,[90.37524576850515],[70.68]
Train,[106.59391401097885],[49.72]
Train,[77.12710167218506],[107.14]
Train,[105.51202707992118],[106.63]
Train,[102.64457801548004],[76.8]
Train,[95.82535739197009],[100.81000000000002]
Train,[108.29220117084384],[81.69]
Train,[68.70476148477503],[77.05]
Train,[44.915393375620454],[128.45]
Train,[104.64528119807102],[115.89]
Train,[111.41993257606616],[85.90000000000002]
Train,[87.08193739171804],[91.46]
Train,[89.4296075351082],[75.54]
Train,[107.8006199516033],[80.41]
Train,[69.62008684533374],[101.82]
Train,[89.14614026932432],[90.36]
Train,[72.66599607434601],[92.17]
Train,[105.45085035273421],[40.96]
Train,[87.44830108556059],[122.94]
Train,[79.87247838038898],[125.36999999999999]
Train,[72.12587096454119],[77.83]
Train,[58.20850215456366],[100.21000000000001]
Train,[108.91725937554794],[70.83]
Train,[86.52465060892627],[68.69]
Train,[84.62703658469698],[77.67]
Train,[87.5349392444585],[85.85]
Train,[103.38351090208732],[87.03]
Train,[102.40683767895084],[89.61]
Train,[74.4069487626986],[91.4]
Train,[105.86657678868247],[104.72]
Train,[107.21466816888355],[113.68]
Train,[87.67253772916085],[93.61000000000001]
Train,[36.08005455201985],[87.41]
Train,[78.86988270818767],[125.57]
Train,[107.40641166961646],[38.63]
Train,[87.05847154088785],[86.3]
Train,[107.81121142946152],[100.7]
Train,[79.0936217975147],[94.35000000000001]
Train,[105.48820773169979],[174.96]
Train,[105.80366339002606],[105.4]
Train,[111.69813355163316],[92.14]
Train,[99.42808856266679],[125.08]
Train,[105.28503241731615],[175.81]
Train,[105.0478854844812],[125.94]
Train,[106.8139507004772],[104.89000000000001]
Train,[101.9042676017765],[96.68]
Train,[103.49691625984298],[107.9]
Train,[101.86928550657912],[89.12]
Train,[111.89048475399387],[92.46]
Train,[82.19266848205618],[86.32999999999998]
Train,[58.100946229969985],[84.79000000000002]
Train,[105.11444680577408],[125.29]
Train,[84.93949468394959],[87.75000000000001]
Train,[89.66283132716508],[66.91]
Train,[61.34823284617501],[70.98]
Train,[89.85057292307283],[92.55]
Train,[45.95811424764257],[99.14]
Train,[104.25417471633006],[105.29]
Train,[110.36782370070078],[40.74]
Train,[39.12335536995451],[78.96]
Train,[51.47329786127492],[98.34]
Train,[90.63106598620858],[98.42999999999999]
Train,[106.16501285291353],[88.19000000000001]
Train,[70.46939284777282],[71.39]
Train,[105.80923997523422],[96.95000000000002]
Train,[88.81493214841089],[136.21]
Train,[79.76256303515528],[75.93]
Train,[105.49689499264319],[24.269999999999992]
Train,[106.32759804935547],[86.95]
Train,[103.28540616262525],[72.64]
Train,[98.8411566328109],[87.33]
Train,[88.49209132570394],[138.24]
Train,[100.76448791208907],[133.22]
Train,[42.584245307505206],[71.83]
Train,[83.78239851779914],[90.3]
Train,[106.99524481464687],[80.94]
Train,[106.76502262863055],[85.25]
Train,[94.27433809299707],[90.26]
Train,[93.4828161421877],[109.59]
Train,[87.14343187115706],[40.85]
Train,[52.45469050972481],[93.32]
Train,[54.77281632106417],[91.77]
Train,[110.6640169966351],[91.67999999999999]
Train,[98.31691730960468],[124.05]
Train,[103.52292752330689],[68.89]
Train,[74.59428261108103],[105.96]
Train,[87.56458899872375],[93.02]
Train,[78.79666877759398],[37.95]
Train,[93.06394695699724],[68.29]
Train,[86.46446075663061],[104.77]
Train,[82.1441110570959],[38.38000000000001]
Train,[108.21695987582996],[83.21]
Train,[95.59468316775806],[107.98]
Train,[83.11017998180073],[83.08]
Train,[92.6123875223276],[140.28]
Train,[107.74253901716946],[120.16999999999999]
Train,[94.63138777599163],[115.40999999999998]
Train,[84.37512684886946],[104.29]
Train,[105.95901484041352],[100.87]
Train,[107.8006199516033],[81.8]
Train,[43.696738762242205],[88.24]
Train,[107.75942824590321],[82.15]
Train,[99.17404374435543],[91.81]
Train,[48.07007054770796],[106.57]
Train,[82.07864585330567],[86.95]
Train,[87.32815764904018],[77.36]
Train,[103.94091133457705],[109.46]
Train,[104.96036774330048],[104.46]
Train,[101.26476190290208],[129.05]
Train,[99.85313514548334],[90.65000000000002]
Train,[85.81030527100192],[86.98]
Train,[58.814741319973066],[65.35]
Train,[88.81324058410553],[111.57]
Train,[42.94655614131088],[86.9]
Train,[102.71675614173927],[65.66]
Train,[110.90242796081925],[87.61]
Train,[43.84682311833616],[77.04]
Train,[83.64274266020234],[109.43]
Train,[107.78947513842691],[91.09000000000002]
Train,[80.60205421123366],[75.91]
Train,[105.61807736719618],[113.91]
Train,[107.49753649615944],[123.79999999999998]
Train,[106.83164933686363],[84.58]
Train,[87.02052490805964],[71.64]
Train,[87.46955347778797],[76.84]
Train,[110.38548432782642],[79.93]
Train,[109.1633367654036],[91.77]
Train,[105.947165761685],[81.18]
Train,[85.78973031662805],[129.01]
Train,[106.82641555329748],[109.88]
Train,[97.74491925140546],[93.75999999999999]
Train,[79.00431846965824],[118.24000000000001]
Train,[104.40619376624686],[99.74]
Train,[97.41466655364087],[90.84999999999998]
Train,[111.08724853217129],[96.19999999999999]
Train,[96.78430571753186],[92.09]
Train,[110.8472692710611],[90.84]
Train,[107.85518581842432],[115.15]
Train,[89.56614035241087],[57.11]
Train,[72.29666888029683],[87.69]
Train,[106.15276320959461],[104.48]
Train,[104.14611230221796],[125.90000000000002]
Train,[90.05642978846087],[89.47]
Train,[107.0334719862228],[86.18]
Train,[33.34584956291984],[75.3]
Train,[94.23097525888994],[109.61]
Train,[93.06394695699724],[68.27]
Train,[92.8453792091925],[72.04]
Train,[97.76653031286578],[78.63]
Train,[103.75483704783302],[131.63]
Train,[109.82545084501112],[71.96]
Train,[78.34088466185256],[102.01]
Train,[89.29526793880318],[82.05]
Train,[103.80428586436152],[106.76]
Train,[101.09374255167252],[132.92]
Train,[107.07464769138771],[68.84]
Train,[43.023899723609226],[92.50000000000001]
Train,[102.70706074416289],[39.040000000000006]
Train,[87.38872185353286],[99.16999999999999]
Train,[74.27208206999609],[102.48]
Train,[89.38730263373299],[121.34999999999998]
Train,[103.84081178744812],[85.51]
Train,[32.590837763146695],[76.69]
Train,[106.75641564429415],[112.63]
Train,[88.54801395187127],[114.58]
Train,[41.07060914005747],[95.64]
Train,[96.2334618364354],[106.48]
Train,[36.79859252710083],[90.5]
Train,[106.86514807087369],[65.87]
Train,[90.07471215896031],[66.93]
Train,[88.04752967050105],[86.31999999999998]
Train,[70.52875370230575],[95.88]
Train,[105.987633355945],[39.07]
Train,[94.32759297335741],[132.72]
Train,[42.525496980338445],[95.34]
Train,[57.35477490576783],[97.13]
Train,[104.49453931593892],[112.87]
Train,[88.76886533359759],[108.56]
Train,[106.78046072693247],[108.78]
Train,[39.9129936697676],[109.16]
Train,[69.52427288222205],[72.95]
Train,[87.62036805422198],[104.58999999999999]
Train,[102.97699175499848],[83.29]
Train,[76.8462994619496],[96.02]
Train,[103.2410204731254],[71.54]
Train,[70.16572233940613],[98.55]
Train,[101.65654537866686],[66.83]
Train,[77.81126334766542],[83.03]
Train,[98.60721832713334],[94.51000000000002]
Train,[105.09901779145638],[125.91]
Train,[103.66302006118646],[85.63]
Train,[32.665495242735844],[78.19]
Train,[74.0582691067896],[98.94999999999999]
Train,[97.87683405623548],[131.2]
Train,[106.32527672543235],[112.02]
Train,[33.144548102020984],[80.47]
Train,[108.2844351152123],[65.04]
Train,[43.09595491482123],[89.71]
Train,[107.2702049449792],[91.66]
Train,[89.62709999004106],[84.58]
Train,[107.1128535730724],[110.38]
Train,[37.40400540174095],[90.23]
Train,[68.78288838467189],[106.79]
Train,[105.27896710513566],[52.95]
Train,[103.1446558407776],[76.09]
Train,[87.67695794598217],[96.01]
Train,[87.75901802434237],[92.63999999999999]
Train,[73.17371560638786],[39.99]
Train,[92.68505175747136],[107.35]
Train,[38.80768222164097],[91.00999999999999]
Train,[106.78189918327429],[125.56]
Train,[110.984015580783],[91.41]
Train,[81.65769110176866],[112.39]
Train,[75.0629733940853],[82.48]
Train,[77.89455836300003],[37.09000000000001]
Train,[86.17978130581022],[86.03]
Train,[107.40437638250656],[115.36]
Train,[104.18009293472892],[33.49000000000001]
Train,[106.95108699839338],[43.57]
Train,[103.52093690760937],[101.49]
Train,[33.11996683419783],[90.11]
Train,[77.38157581818727],[83.01]
Train,[67.3786514242242],[107.94]
Train,[33.72676797417678],[75.96]
Train,[58.209788754467695],[155.29]
Train,[103.02961870028342],[52.47]
Train,[107.81841608559138],[91.58]
Train,[92.09952571720025],[88.95]
Train,[108.08293463942789],[84.28]
Train,[88.09482262163066],[156.77]
Train,[105.13275310809884],[82.42]
Train,[43.36544450084699],[94.92]
Train,[61.93046856320382],[93.84000000000002]
Train,[106.95738872511723],[95.44]
Train,[110.61291293126831],[84.73]
Train,[97.51373215639843],[67.24]
Train,[71.24300643083008],[79.45]
Train,[32.83112772893618],[99.75]
Train,[110.61838275737217],[90.27000000000001]
Train,[105.68542388897785],[29.37]
Train,[71.55577814196664],[87.99]
Train,[106.8036857958698],[110.43]
Train,[105.15651647264379],[26.009999999999998]
Train,[87.2604655461049],[120.48000000000002]
Train,[105.36935857145394],[122.11]
Train,[32.87332788245565],[106.04]
Train,[90.18030766044212],[66.9]
Train,[106.61454632731187],[113.08]
Train,[107.67467521863706],[84.51]
Train,[106.65373574556074],[64.13]
Train,[104.40973491202426],[128.1]
Train,[42.43630226024539],[90.28]
Train,[56.4839249638661],[92.7]
Train,[103.7555368415828],[89.60000000000001]
Train,[104.13395904220958],[113.26]
Train,[108.29220117084384],[84.12000000000002]
Train,[32.54699300996089],[83.46]
Train,[87.66036603501978],[95.18000000000002]
Train,[110.38494248225393],[94.29000000000002]
Train,[105.38994803500013],[81.87]
Train,[106.20801688806453],[48.9]
Train,[103.61715916126673],[104.07]
Train,[106.76270205397222],[68.17]
Train,[108.74251324522446],[97.59999999999998]
Train,[107.4700373945065],[86.67]
Train,[111.3705603738015],[87.36]
Train,[32.72610595738123],[67.33]
Train,[105.12596479594444],[119.1]
Train,[97.66855146143776],[69.46]
Train,[105.58427416513544],[172.1]
Train,[75.01508512264205],[88.82]
Train,[109.20929219880733],[104.36999999999999]
Train,[108.33755184127125],[82.31]
Train,[105.95882383743226],[94.74]
Train,[33.60666551916273],[79.72]
Train,[89.43919645638798],[84.46999999999998]
Train,[80.4407369655505],[106.01000000000002]
Train,[85.83528699013709],[100.92]
Train,[85.12142936470563],[110.87]
Train,[90.15362020391375],[88.15]
Train,[104.34525842906541],[125.01]
Train,[39.976542317467676],[90.28]
Train,[106.37988329829821],[97.8]
Train,[88.78870704544676],[90.11999999999999]
Train,[106.55921711202352],[68.6]
Train,[79.20363622292115],[98.38]
Train,[78.10274898648225],[124.14]
Train,[103.81625695812825],[100.47]
Train,[105.54085484220366],[105.14]
Train,[105.19021167981154],[96.42]
Train,[107.27043934726358],[99.68]
Train,[104.33840591318157],[114.46]
Train,[106.3853156827125],[65.82]
Train,[40.693998742192925],[110.38]
Train,[105.68929861650032],[172.06]
Train,[75.91948768126775],[93.25]
Train,[110.0687257289463],[125.78]
Train,[85.94054729365855],[86.08]
Train,[59.304231692198],[36.84]
Train,[104.42386409546563],[100.4]
Train,[106.32872195184184],[98.92]
Train,[109.12639336963876],[62.56]
Train,[108.76759549029032],[90.81]
Train,[43.21506794496707],[60.010000000000005]
Train,[94.4974463981965],[93.05]
Train,[71.48410100122999],[78.88]
Train,[75.6697491613246],[97.11]
Train,[35.98907851565628],[94.89]
Train,[102.13311844341928],[121.66000000000001]
Train,[104.38357066300871],[14.840000000000005]
Train,[82.20186366423418],[93.79]
Train,[107.8006199516033],[80.84]
Train,[32.75160756337487],[79.19]
Train,[110.92518287091256],[73.57]
Train,[107.15499449856426],[114.66]
Train,[89.12114414998948],[117.01]
Train,[107.5334111674138],[74.18]
Train,[106.58622787422735],[68.35]
Train,[73.02868135627686],[37.81]
Train,[32.97953250042924],[80.25]
Train,[100.09179168670268],[80.77]
Train,[85.13043249967465],[103.82]
Train,[107.8363789064707],[108.77]
Train,[87.25345069784196],[148.96]
Train,[109.23966483273199],[115.9]
Train,[103.3443300573477],[78.61]
Train,[104.77717764352144],[106.63]
Train,[79.9348076252381],[104.96000000000001]
Train,[104.74520598706364],[175.54]
Train,[90.41247176874388],[62.050000000000004]
Train,[105.56151387321646],[51.15]
Train,[46.033313488153134],[82.8]
Train,[70.13942237427392],[103.71]
Train,[83.12221282083871],[83.06]
Train,[106.5161517509404],[79.38]
Train,[111.3705603738015],[87.85]
Train,[106.19021898335232],[82.35]
Train,[97.42342722870798],[70.02]
Train,[40.261972294872606],[109.98]
Train,[105.09930652988193],[67.07]
Train,[105.3341391342346],[121.33]
Train,[87.03399222443308],[147.75]
Train,[84.21805894289261],[91.2]
Train,[55.20421194982925],[93.89]
Train,[67.95312547504754],[81.72]
Train,[32.70430395202155],[104.94]
Train,[105.29894366868344],[11.03]
Train,[111.19853576822888],[93.73]
Train,[87.46955347778797],[77.32]
Train,[79.34205215348109],[111.05]
Train,[109.65877158032134],[77.82]
Train,[105.19502420206241],[74.29]
Train,[82.66588705769693],[77.84]
Train,[55.610731192731045],[106.02]
Train,[111.646872566767],[96.23]
Train,[43.04229007506725],[89.36]
Train,[75.12869670566464],[95.1]
Train,[103.35892624980622],[116.79]
Train,[96.95072476202195],[68.74]
Train,[41.267836964461004],[94.6]
Train,[105.65255728777173],[56.88]
Train,[102.03827640977312],[81.87]
Train,[96.04760628029639],[109.6]
Train,[60.422223952368554],[79.9]
Train,[32.553512822933804],[78.82]
Train,[101.34196043439977],[69.45]
Train,[105.78883831992061],[52.93]
Train,[103.93636492741275],[31.119999999999997]
Train,[94.57537387666491],[96.55]
Train,[102.24219364258492],[52.54]
Train,[50.49552235072054],[96.0]
Train,[78.74852085442633],[45.44]
Train,[90.76062230535305],[106.80999999999999]
Train,[106.1702927282231],[36.309999999999995]
Train,[64.80986589907175],[90.46]
Train,[66.90908062396109],[96.75]
Train,[107.22909971499037],[88.59]
Train,[84.96581566888172],[93.97999999999999]
Train,[79.44183226385705],[107.84]
Train,[87.50568569523278],[90.05000000000001]
Train,[103.20004202741022],[39.14]
Train,[91.10367519999551],[43.49999999999999]
Train,[104.95804946018264],[40.15]
Train,[81.57269268291886],[66.86]
Train,[103.87094117450086],[59.96999999999999]
Train,[102.89422445091097],[44.05]
Train,[97.84752814471503],[105.76]
Train,[107.02582299707474],[82.0]
Train,[105.37570301044096],[42.32]
Train,[104.77982664187299],[16.09]
Train,[62.29606924312168],[78.51]
Train,[105.44203251267786],[80.62]
Train,[36.779364156634905],[79.17]
Train,[32.480147502371345],[85.21999999999998]
Train,[78.56879504919903],[93.28]
Train,[110.7937916486856],[92.27000000000001]
Train,[104.82725884167002],[37.49999999999999]
Train,[92.265790454348],[103.88]
Train,[43.9781317737014],[78.78]
Train,[94.03091519501255],[109.76999999999998]
Train,[89.39895559470116],[135.77]
Train,[107.87568372297089],[82.57]
Train,[87.80789998484167],[84.35]
Train,[102.28495151394402],[80.5]
Train,[90.51159986457544],[45.01]
Train,[79.56409662599219],[97.15999999999998]
Train,[102.61598046029657],[59.32]
Train,[104.75994365950416],[77.87]
Train,[95.79182897186578],[35.75000000000001]
Train,[87.91741080928226],[108.32]
Train,[68.89675755853212],[108.2]
Train,[99.98094838249088],[77.85]
Train,[89.72798744169597],[121.56]
Train,[104.74184196162511],[66.15]
Train,[68.72739915884246],[75.25]
Train,[101.75795328374095],[69.7]
Train,[97.51373215639843],[70.9]
Train,[87.67356164864367],[145.57]
Train,[86.27145101907546],[118.33]
Train,[110.34619725678257],[70.4]
Train,[86.42570628795158],[93.46]
Train,[105.71417334263731],[82.92]
Train,[83.69552515425728],[86.55999999999999]
Train,[32.48464635526427],[96.83]
Train,[106.0046369088015],[62.04]
Train,[106.20418578352485],[95.62000000000002]
Train,[77.7264908174903],[98.71999999999998]
Train,[105.23461264495867],[76.08]
Train,[103.32689913228789],[102.94]
Train,[58.14395043425584],[77.15]
Train,[33.034724620708865],[79.41]
Train,[87.29093072051216],[109.77999999999999]
Train,[54.54675437481201],[69.11]
Train,[103.80914767141046],[106.91]
Train,[111.6162495982126],[87.26]
Train,[90.26701266086766],[123.93]
Train,[103.62104011922222],[78.23]
Train,[87.97676358838831],[87.06]
Train,[110.90242796081925],[91.22]
Train,[105.81003821707444],[110.95]
Train,[102.29524669832155],[82.52]
Train,[110.95792711585575],[96.42999999999999]
Train,[78.57367588005818],[61.18]
Train,[105.8632287413896],[106.90000000000002]
Train,[106.49556067251818],[66.26]
Train,[106.07630892559979],[31.270000000000007]
Train,[104.20638499441894],[96.15]
Train,[86.61193930109037],[102.95]
Train,[42.308285913109785],[110.25]
Train,[103.36549731461703],[103.98]
Train,[87.27823014926412],[148.09]
Train,[104.23321099750318],[85.5]
Train,[36.87023860075864],[97.70000000000002]
Train,[102.87323892170774],[78.9]
Train,[67.4433481427793],[109.16]
Train,[105.33225400367753],[122.86]
Train,[107.2660918710521],[53.59]
Train,[57.14961011101765],[86.92999999999999]
Train,[32.8690587327866],[78.35]
Train,[95.2892007710107],[65.51]
Train,[108.53619647053306],[62.92]
Train,[57.51061385825265],[115.91]
Train,[78.5588417473386],[51.42]
Train,[77.28586187141143],[47.87]
Train,[32.606693560633985],[78.49]
Train,[33.4191789400159],[80.47]
Train,[104.70272514715357],[33.75]
Train,[97.88470976422951],[74.56]
Train,[98.53141736750747],[85.08000000000001]
Train,[69.30475450671715],[72.69]
Train,[106.43314754735297],[77.62]
Train,[104.18786287405509],[168.51000000000002]
Train,[103.16085802157878],[47.71]
Train,[78.09116819742407],[94.1]
Train,[66.38640981909738],[98.18]
Train,[104.79373637466148],[119.31]
Train,[41.451050595745535],[120.49]
Train,[107.08845295887801],[59.40999999999999]
Train,[101.62572484912037],[60.89999999999999]
Train,[77.92778957047177],[75.6]
Train,[45.02181933256275],[80.87]
Train,[105.83084648497335],[176.3]
Train,[91.55607910214616],[35.40999999999999]
Train,[89.4397967558788],[132.94]
Train,[88.67152478279134],[103.41]
Train,[104.80579212256839],[163.48]
Train,[106.95321042125718],[122.25000000000001]
Train,[106.41910852602594],[84.71]
Train,[105.70951426470441],[56.92]
Train,[102.66924867702613],[94.15]
Train,[86.57847306165235],[105.59]
Train,[57.04246872277802],[108.07000000000001]
Train,[105.19092888027718],[98.93]
Train,[76.25470015979566],[89.62]
Train,[59.764273921886286],[85.05]
Train,[104.28930396322049],[58.99]
Train,[107.48070491647879],[82.06]
Train,[80.80300157463478],[93.07999999999998]
Train,[88.41557705195744],[76.04]
Train,[102.28174641502117],[88.37]
Train,[91.05793957319105],[90.28]
Train,[99.57234113963484],[53.21999999999999]
Train,[84.6028125442172],[77.37]
Train,[110.3644394206433],[112.59]
Train,[104.25287314938092],[29.400000000000002]
Train,[76.6930626304467],[95.28]
Train,[104.81260093656806],[68.99]
Train,[104.72386522957576],[33.68]
Train,[79.43113505245663],[95.77]
Train,[108.98039732243913],[93.66]
Train,[89.15433769084179],[134.9]
Train,[111.29862155345361],[84.02999999999999]
Train,[89.82388771219998],[87.95]
Train,[32.50425512307954],[86.2]
Train,[64.2936862595683],[88.9]
Train,[106.50590951245665],[110.30000000000001]
Train,[78.9482514261633],[61.0]
Train,[84.24586945650537],[88.67]
Train,[107.20208395494983],[86.54]
Train,[94.93214939999432],[109.48]
Train,[106.00495247482472],[173.92]
Train,[70.96379454067987],[121.4]
Train,[104.43736644524415],[128.07]
Train,[100.37669079832358],[43.37]
Train,[98.99342069416038],[82.29]
Train,[105.15579437444393],[78.42]
Train,[95.56247060223212],[50.029999999999994]
Train,[108.41965755390352],[80.28]
Train,[105.30270609836566],[122.27]
Train,[77.77115282245867],[100.69]
Train,[89.26094150798161],[105.68]
Train,[79.09550361380502],[97.68]
Train,[107.0057666130447],[76.89]
Train,[93.45817375088994],[75.49]
Train,[58.779390531337114],[100.56]
Train,[67.80010934494331],[79.42]
Train,[105.04520418644245],[16.58]
Train,[106.27280737015536],[30.269999999999996]
Train,[88.13188377473777],[85.92]
Train,[90.50577194984623],[85.23000000000002]
Train,[75.87320907804298],[76.04]
Train,[82.00419467997853],[128.28]
Train,[107.39444142764249],[97.25000000000001]
Train,[106.37455544028417],[64.46]
Train,[105.0355864310569],[113.54]
Train,[33.256156115958035],[76.98]
Train,[105.23517301544346],[33.05]
Train,[71.3947067265205],[87.72]
Train,[105.88675349975375],[88.5]
Train,[105.2970811899946],[99.36]
Train,[87.32534820278292],[148.05]
Train,[105.20931690640072],[102.49]
Train,[52.887238751552474],[86.81]
Train,[107.1964193785766],[87.57]
Train,[102.68106327614704],[96.92]
Train,[102.92259129612361],[107.63000000000001]
Train,[108.29220117084384],[86.22]
Train,[105.029445160987],[117.32]
Train,[109.1757660107181],[84.25999999999999]
Train,[104.13057460637224],[105.54]
Train,[90.3326738912838],[72.62]
Train,[32.54895227728215],[78.98]
Train,[103.83427736275945],[80.86]
Train,[88.3583295654347],[77.65]
Train,[89.18995429214314],[73.3]
Train,[109.11123283195978],[90.26]
Train,[86.3152639189865],[109.25]
Train,[104.74817954281725],[69.34]
Train,[75.9606019525943],[68.61]
Train,[102.6893916840012],[104.43]
Train,[103.31321676379149],[82.72]
Train,[87.66054848034005],[98.91]
Train,[102.3765618019097],[42.04999999999999]
Train,[79.34328971382384],[74.32]
Train,[105.20486680490531],[84.31]
Train,[37.061411063292375],[77.36]
Train,[82.7732853477948],[147.35]
Train,[84.86691806308134],[106.48]
Train,[77.22272586956247],[99.27]
Train,[95.45995286511845],[96.3]
Train,[97.48918160317506],[73.14]
Train,[103.10203167814927],[109.06]
Train,[43.84470422254108],[81.37]
Train,[106.89640705870848],[109.95]
Train,[42.386051231951235],[103.29]
Train,[58.11977343091983],[115.96]
Train,[105.2805804276606],[87.64]
Train,[108.68302165885116],[116.77]
Train,[52.50289686413344],[92.54]
Train,[88.03026667134195],[83.1]
Train,[86.05461713805965],[69.48]
Train,[107.10140351132412],[73.21]
Train,[75.99577407550828],[112.44999999999999]
Train,[86.93986718832532],[118.75999999999999]
Train,[36.93123681601137],[120.61999999999999]
Train,[35.31707849906836],[89.15]
Train,[101.14297585473432],[112.19]
Train,[106.8897946630486],[117.64999999999999]
Train,[111.23667799681826],[91.29999999999998]
Train,[82.74622914137636],[39.88]
Train,[109.25276843177554],[100.97]
Train,[109.65459275524626],[110.36]
Train,[85.47448153289842],[36.269999999999996]
Train,[44.45449746726326],[84.73]
Train,[108.9093648932096],[92.06000000000002]
Train,[105.02562928843153],[122.13]
Train,[102.98244348380587],[46.34]
Train,[107.57041877439407],[63.52]
Train,[107.85584575469457],[79.73]
Train,[106.75909762296084],[96.46]
Train,[107.12636405433537],[86.5]
Train,[88.2439162221631],[95.65]
Train,[106.87990202976617],[68.09]
Train,[101.31326600065957],[127.69]
Train,[86.86177064117174],[146.21]
Train,[102.43467260289943],[90.99]
Train,[75.66941397234079],[97.51]
Train,[84.09629496076322],[88.26]
Train,[104.46042298424682],[23.299999999999997]
Train,[85.75257108345635],[127.48]
Train,[106.87787918014367],[51.03]
Train,[85.54187172101221],[90.01]
Train,[103.8801135817369],[97.05]
Train,[108.83653807582431],[96.88]
Train,[75.07896286026119],[69.48]
Train,[103.89834223869505],[125.73]
Train,[83.5730808233866],[104.91]
Train,[107.94346636542981],[107.6]
Train,[112.93559390240833],[95.75999999999999]
Train,[78.05289935535997],[75.91]
Train,[113.16003088826263],[120.31]
Train,[101.08908060570432],[109.54999999999998]
Train,[106.90915316481377],[86.14]
Train,[89.70974226099291],[84.53]
Train,[87.4517054158643],[76.18]
Train,[100.75753729559197],[54.02]
Train,[100.95800256855411],[65.08]
Train,[82.40228978127888],[96.91]
Train,[108.0013459672294],[83.23]
Train,[104.89634298917743],[168.7]
Train,[106.71250660806376],[111.97]
Train,[90.41116371276968],[89.99]
Train,[89.5791929593496],[90.05000000000001]
Train,[39.42082502695309],[83.63]
Train,[109.0716664335122],[104.42]
Train,[36.44033338819867],[120.60999999999999]
Train,[104.8769308859644],[116.57]
Train,[95.05208900361113],[42.25]
Train,[32.44862979863495],[90.61]
Train,[87.1524923691061],[92.17]
Train,[105.01989708393032],[159.05]
Train,[75.83188355760973],[95.03]
Train,[84.63513515750135],[117.9]
Train,[104.66021024500489],[47.25000000000001]
Train,[107.71426311373844],[94.67]
Train,[92.7796691153839],[39.73]
Train,[33.26686046867966],[81.32]
Train,[104.81533144501624],[114.05]
Train,[89.93266913136966],[88.63000000000001]
Train,[104.1584946323732],[173.79]
Train,[74.13432060775143],[100.78]
Train,[105.98809544947697],[28.759999999999994]
Train,[87.41573454140267],[69.7]
Train,[107.62163843849669],[85.74000000000001]
Train,[89.65068629148209],[84.91]
Train,[66.91545926934718],[93.01]
Train,[91.6924441494622],[110.4]
Train,[59.7295693470679],[99.12]
Train,[107.15931354107288],[57.43]
Train,[83.3730801873026],[78.17]
Train,[87.51907259199541],[101.54]
Train,[88.93105512377527],[74.84]
Train,[105.80574767851462],[123.78]
Train,[105.71410686090131],[120.47000000000001]
Train,[92.82126875655608],[108.54]
Train,[32.91900025208886],[86.12000000000002]
Train,[86.09112202166038],[99.06]
Train,[113.16427379043002],[87.02]
Train,[104.38376908679331],[114.88]
Train,[33.553701979652104],[79.06]
Train,[93.50575688601965],[70.8]
Train,[105.029445160987],[118.16999999999999]
Train,[110.91862406267857],[98.17]
Train,[106.93140380785736],[96.80000000000001]
Train,[108.32200536617975],[103.22]
Train,[82.04365352697846],[87.01000000000002]
Train,[94.81554719995866],[110.21]
Train,[87.97640815289645],[79.54]
Train,[107.68087018149025],[43.96]
Train,[32.97616898443387],[34.87]
Train,[105.24644352598631],[26.240000000000002]
Train,[42.94863025146695],[101.01]
Train,[102.93290879867622],[103.38]
Train,[87.52555473466482],[73.85]
Train,[104.03852769487783],[114.29999999999998]
Train,[104.6416051587671],[50.98]
Train,[43.894903186737345],[89.67999999999999]
Train,[106.882175808184],[87.1]
Train,[97.14899844508024],[114.21]
Train,[60.969357285905055],[107.24]
Train,[55.071402072457175],[83.16]
Train,[81.78090022913673],[68.16]
Train,[86.46446075663061],[104.1]
Train,[77.79036552394957],[91.4]
Train,[84.66182562096448],[88.9]
Train,[109.11679022444244],[65.51]
Train,[44.78694759425059],[59.13]
Train,[91.03607838747187],[72.27]
Train,[102.48482333408461],[131.25]
Train,[107.12070352382285],[74.74]
Train,[97.31485205759364],[72.09]
Train,[78.53919951780618],[46.71]
Train,[59.01506767528807],[76.95]
Train,[103.28470657425746],[90.37]
Train,[96.25984312442066],[105.6]
Train,[111.68944161262856],[94.28000000000002]
Train,[32.452729634779864],[86.89]
Train,[84.89036328950405],[92.26]
Train,[40.9177067053858],[98.72999999999999]
Train,[87.00492831003012],[39.89999999999999]
Train,[42.440306194825105],[87.54]
Train,[33.22788593218966],[79.84]
Train,[107.05634664085775],[110.42]
Train,[55.92961204587935],[60.28]
Train,[110.61046703403274],[113.50000000000001]
Train,[94.60860286066324],[76.14]
Train,[56.47998258146267],[82.1]
Train,[66.31143665895931],[92.39]
Train,[107.67486746203652],[116.06]
Train,[95.20562722595916],[95.72]
Train,[33.52746989819765],[87.26]
Train,[104.68677113620087],[121.65]
Train,[102.76470209369839],[52.69]
Train,[79.0401415355589],[89.18]
Train,[87.98458605232378],[62.61000000000001]
Train,[105.10899675437615],[36.089999999999996]
Train,[45.836715867782736],[87.97000000000001]
Train,[102.44427721463288],[86.98999999999998]
Train,[106.56970191124721],[99.90999999999998]
Train,[72.76951952090262],[121.74]
Train,[105.5679312208362],[46.35]
Train,[88.11940223101338],[79.28]
Train,[98.04488701972363],[116.53999999999999]
Train,[88.76189193386335],[108.63]
Train,[101.39191846544247],[44.37]
Train,[42.50122222425008],[89.56]
Train,[104.97513365776148],[46.26]
Train,[96.42106160497308],[106.46]
Train,[103.26847417775126],[75.51]
Train,[107.21721118231511],[107.31999999999998]
Train,[88.17733236119093],[74.87]
Train,[68.85941909289431],[116.92]
Train,[91.10440034373548],[47.12]
Train,[101.12982837278885],[31.17]
Train,[103.98007725138581],[119.4]
Train,[106.40788015126047],[168.36]
Train,[70.0078059922208],[100.72]
Train,[90.79937967886359],[141.33]
Train,[56.52012166397387],[108.37]
Train,[56.62962839844779],[65.29]
Train,[105.33369825643553],[125.1]
Train,[104.85408057070399],[43.64]
Train,[41.42463265944249],[93.68]
Train,[104.20593006561438],[93.52999999999999]
Train,[106.87000998313586],[68.82]
Train,[92.59302155500741],[64.96]
Train,[56.818135417933426],[78.71]
Train,[106.60646838654242],[106.74000000000001]
Train,[87.4688472932876],[83.11]
Train,[87.28769263210697],[109.09999999999998]
Train,[105.47925371216918],[23.93]
Train,[85.49801581603364],[86.12000000000002]
Train,[43.19150565691534],[76.58]
Train,[108.18519667802899],[80.96]
Train,[110.56283027182607],[111.95]
Train,[101.50260037971204],[74.18]
Train,[95.85757180267848],[96.77]
Train,[75.16857989752431],[108.28]
Train,[91.86084743038434],[110.08000000000001]
Train,[105.19223681251643],[124.12]
Train,[99.40420186786936],[116.56]
Train,[83.18957712224088],[72.25]
Train,[108.05036990821883],[86.86000000000001]
Train,[57.37752861141123],[96.71999999999998]
Train,[83.5495970176483],[77.57]
Train,[53.0407346720374],[92.55]
Train,[87.08563067063454],[91.51]
Train,[106.99782456216366],[84.9]
Train,[105.11275362397606],[126.15]
Train,[70.07959581230145],[93.0]
Train,[75.16752955320122],[95.06]
Train,[107.80608543375835],[105.08]
Train,[107.46056322703933],[79.04]
Train,[101.91347356157821],[31.130000000000003]
Train,[111.04898760976279],[95.1]
Train,[43.18526384618788],[90.25]
Train,[102.66376750094415],[46.44]
Train,[110.86433274986591],[93.17000000000002]
Train,[79.43007007896992],[97.18000000000002]
Train,[106.57847359581851],[112.22]
Train,[82.80362254478167],[83.34]
Train,[55.93204539690808],[90.51]
Train,[102.8138117030718],[103.02999999999999]
Train,[96.78181767006883],[90.76]
Train,[89.08227746678757],[48.42]
Train,[42.825233227758176],[128.75]
Train,[45.12988320770928],[85.12]
Train,[104.68608413324036],[133.45]
Train,[89.27041416686245],[55.14]
Train,[102.04958804240633],[34.370000000000005]
Train,[99.640933197334],[66.1]
Train,[87.84017261937143],[134.17]
Train,[102.26142651713533],[101.08]
Train,[43.34058333554776],[76.99]
Train,[81.24554124326617],[92.78]
Train,[82.31917181967312],[94.77]
Train,[39.45386726910828],[94.47]
Train,[105.56195006473781],[112.35]
Train,[102.87686780644263],[67.17]
Train,[106.7919338413863],[95.81]
Train,[87.1416357427417],[78.21]
Train,[98.66862073744579],[123.89000000000001]
Train,[106.7915178150137],[87.37]
Train,[103.55799913177148],[33.92]
Train,[107.4473927085111],[112.13]
Train,[86.26687651967553],[103.31]
Train,[108.80212802505707],[116.17000000000002]
Train,[104.01836060463306],[114.19]
Train,[84.98727498636686],[94.85999999999999]
Train,[63.38901858311389],[89.44]
Train,[105.14137022527113],[15.25]
Train,[84.65515053447557],[116.07999999999998]
Train,[110.90242796081925],[90.92]
Train,[33.041554005866516],[76.25]
Train,[84.68013364503341],[135.13]
Train,[108.95517334953232],[116.29]
Train,[57.36504083017836],[112.74999999999999]
Train,[41.418002391133825],[88.94]
Train,[104.18234769480486],[50.8]
Train,[104.96549679742562],[31.42]
Train,[89.83341698093116],[83.57]
Train,[103.2454368597329],[71.28]
Train,[104.40659040714144],[33.45000000000001]
Train,[101.82956611455211],[64.56]
Train,[44.0459099908365],[90.11]
Train,[98.90506017168579],[98.4]
Train,[79.14475725843397],[143.26]
Train,[107.47288695642332],[111.85999999999999]
Train,[102.67050517058699],[65.32]
Train,[107.65439883736349],[87.12]
Train,[46.357830207533766],[94.47]
Train,[106.28832858959477],[66.65]
Train,[32.59493338231078],[77.54]
Train,[101.27346178737693],[65.0]
Train,[105.9493071932208],[68.86]
Train,[110.3689201541713],[113.67]
Train,[42.632462540806415],[90.20000000000002]
Train,[96.10939613811011],[101.35]
Train,[41.61287571154505],[95.47]
Train,[94.25599115980765],[112.43]
Train,[58.101263971631],[97.28]
Train,[79.98514580971373],[47.55]
Train,[86.18189117852833],[140.16]
Train,[107.35669476423536],[78.61]
Train,[91.09843900512085],[131.66]
Train,[101.15407916895427],[103.79]
Train,[106.53006565029033],[104.57999999999998]
Train,[48.82383136217783],[73.7]
Train,[109.60029041747129],[104.26]
Train,[88.00680936975238],[87.55]
Train,[104.7325907058136],[109.15]
Train,[88.11572168970336],[70.72]
Train,[69.61647444360196],[96.17]
Train,[101.49417702077682],[126.06]
Train,[89.5623937182253],[43.239999999999995]
Train,[52.818556187447406],[82.48]
Train,[57.79626189257172],[75.43]
Train,[70.89077987600223],[102.4]
Train,[106.76567273189698],[114.0]
Train,[82.29011435017004],[77.96]
Train,[113.01039937792069],[118.28]
Train,[95.65126445357295],[108.44999999999999]
Train,[105.05717594459584],[114.24]
Train,[106.19873639728283],[24.51]
Train,[106.78430646876409],[64.03]
Train,[104.7384182669229],[86.7]
Train,[91.10367519999551],[45.10000000000001]
Train,[104.22279374834817],[38.309999999999995]
Train,[89.17488866767957],[59.63]
Train,[92.13231250071338],[102.67000000000002]
Train,[104.59997282457725],[108.6]
Train,[32.631787591940686],[79.14]
Train,[66.40507155272792],[76.71]
Train,[83.37718882529141],[38.77]
Train,[88.74691064835076],[82.03]
Train,[98.51335560485744],[108.29]
Train,[78.52933681902608],[52.23]
Train,[33.1839820242664],[78.87]
Train,[83.27786057976236],[103.44]
Train,[89.88656140355164],[98.14000000000001]
Train,[103.70425485709734],[106.32]
Train,[68.57748992335527],[117.52]
Train,[89.84032478075062],[102.32]
Train,[69.38806587171482],[71.35]
Train,[97.92123689409271],[71.62]
Train,[99.99976174017607],[97.26]
Train,[56.66734995625232],[67.05]
Train,[99.90015472698177],[106.94]
Train,[71.0774125307919],[94.18]
Train,[104.90825329303857],[123.12]
Train,[70.13074632315545],[116.58]
Train,[111.70079191095618],[96.03]
Train,[60.34857438789051],[78.47]
Train,[107.26487358418936],[75.82]
Train,[107.49654177540128],[81.06]
Train,[107.36879027760507],[104.76]
Train,[91.44320213504149],[113.40999999999998]
Train,[104.75201196842197],[174.85]
Train,[105.469491291128],[174.87]
Train,[89.13266616976397],[43.14]
Train,[101.05074406992577],[110.76000000000002]
Train,[104.01544369513097],[120.08]
Train,[108.41965755390352],[81.22]
Train,[106.64576029014343],[91.2]
Train,[94.38578137557407],[133.5]
Train,[97.31251368860784],[109.59]
Train,[102.3765618019097],[42.04]
Train,[107.82103297536709],[90.33999999999999]
Train,[110.8472692710611],[91.73999999999998]
Train,[48.82906272200845],[79.36]
Train,[105.2241472169272],[106.07000000000001]
Train,[79.57615610207502],[82.95]
Train,[88.53292405523547],[106.25]
Train,[107.81121142946152],[101.44]
Train,[107.38588157493244],[86.59]
Train,[105.02582314870412],[123.31]
Train,[93.78935283940312],[90.65000000000002]
Train,[86.02893650316244],[74.19]
Train,[68.02593761885424],[93.95]
Train,[88.34760444386987],[97.99]
Train,[41.08402172104776],[97.02000000000001]
Train,[85.67942769764126],[140.18]
Train,[107.0778502873469],[86.54]
Train,[68.75814614378329],[118.35]
Train,[62.004290984952156],[77.33]
Train,[38.32113003461879],[89.72]
Train,[33.22513984204771],[56.95]
Train,[37.861757885136164],[80.53]
Train,[110.90242796081925],[91.13]
Train,[75.67515772983585],[126.42]
Train,[103.27921688255522],[79.27]
Train,[113.51597341843555],[108.82]
Train,[85.81030527100192],[87.61]
Train,[104.89197430273431],[106.45000000000002]
Train,[89.14178258539931],[132.3]
Train,[84.20546125152178],[105.69]
Train,[88.18302633173295],[145.77]
Train,[66.95077292823973],[62.95000000000001]
Train,[107.64176160697772],[80.89]
Train,[88.16205422470405],[73.29]
Train,[101.40559696148412],[84.44]
Train,[97.18580282111171],[115.25]
Train,[105.32759846029194],[24.53]
Train,[101.6027246091957],[74.53]
Train,[87.43296724058804],[90.3]
Train,[104.78610532992049],[67.42]
Train,[102.44671818013322],[69.47]
Train,[99.2935298936107],[96.93]
Train,[32.74835931492504],[76.98]
Train,[103.99254276290446],[82.67]
Train,[110.3245988387326],[95.81999999999998]
Train,[68.4529924408176],[93.28]
Train,[40.62282226549127],[98.17]
Train,[110.58910691466424],[113.13]
Train,[87.41083357210543],[93.38000000000001]
Train,[87.88936383675718],[79.4]
Train,[32.473296832167335],[95.48]
Train,[104.48181529930774],[105.43]
Train,[79.654066206844],[80.7]
Train,[90.08393578967713],[88.68]
Train,[87.88235763210227],[145.7]
Train,[108.33930417821065],[29.55]
Train,[94.74794114328093],[133.64]
Train,[98.88185737745688],[71.64]
Train,[36.16394896623131],[81.01]
Train,[105.21427944244392],[160.95]
Train,[97.24363182393773],[88.95]
Train,[94.00513053483276],[107.49]
Train,[71.75119381056267],[102.4]
Train,[110.38533845505047],[113.72000000000001]
Train,[89.40694094666745],[90.02]
Train,[104.34335009179041],[67.62]
Train,[107.164444440458],[54.93000000000001]
Train,[104.27527802723513],[114.02]
Train,[32.75294509934509],[79.9]
Train,[105.80648715203999],[173.76]
Train,[93.85916319078598],[94.79]
Train,[98.6685456117475],[104.06]
Train,[108.01277995986858],[89.21]
Train,[105.4538943740715],[115.68]
Train,[36.17657821059844],[120.41]
Train,[106.55126119616615],[65.92]
Train,[104.9343174708664],[95.82999999999998]
Train,[87.74232101048987],[71.38]
Train,[104.7199114161679],[69.02]
Train,[106.8139507004772],[105.34000000000002]
Train,[102.94863443931672],[104.04]
Train,[93.87416191734764],[102.5]
Train,[111.33411321613063],[87.46]
Train,[103.46976164219012],[89.29]
Train,[85.05430281820405],[106.09]
Train,[62.876386966611264],[116.59]
Train,[106.22888047360824],[99.03000000000002]
Train,[92.371978009568],[100.58000000000001]
Train,[75.2046719235216],[44.41]
Train,[107.47230671765098],[108.77]
Train,[82.86225427561074],[103.36]
Train,[107.00516803873502],[88.0]
Train,[99.84617883457062],[61.02000000000001]
Train,[86.73178817854632],[98.18]
Train,[39.71485079895943],[91.05]
Train,[101.41546259265196],[44.31]
Train,[99.87176645075867],[89.93]
Train,[107.30156024659532],[91.96999999999998]
Train,[89.05128213249203],[70.04]
Train,[93.87736192011035],[93.92]
Train,[110.94806079955752],[98.03]
Train,[106.49836251444061],[67.07]
Train,[107.36439517424034],[87.17]
Train,[33.69677096319263],[79.27]
Train,[99.48003257993113],[87.14999999999999]
Train,[103.17627404626761],[97.57]
Train,[111.60608817469185],[97.66]
Train,[39.44734318054685],[98.22]
Train,[105.9535848408562],[116.3]
Train,[103.36296041624598],[112.11]
Train,[105.57969730205774],[50.18000000000001]
Train,[76.51502969222818],[96.84]
Train,[112.22934838672744],[104.7]
Train,[98.90775506860894],[129.11]
Train,[69.6949477795295],[80.9]
Train,[104.6323417783431],[93.95]
Train,[102.2531904234317],[83.32]
Train,[33.458891113568455],[79.29]
Train,[108.21883435593591],[80.91]
Train,[86.19761638720813],[67.99]
Train,[33.33356297335844],[77.02]
Train,[107.825782162236],[80.96]
Train,[57.662739285517496],[77.41]
Train,[81.5120748274054],[86.08]
Train,[99.31058430082932],[45.64999999999999]
Train,[89.51259813988051],[78.37]
Train,[34.78152052217931],[79.76]
Train,[44.386225937150684],[91.94]
Train,[102.73509664876516],[105.38]
Train,[56.832827269589714],[108.21999999999998]
Train,[105.84903347382455],[171.3]
Train,[102.16102807685913],[38.07]
Train,[56.660270152558375],[96.66]
Train,[61.63129733724098],[76.4]
Train,[37.79356764447825],[87.74000000000001]
Train,[87.44494837700641],[126.65]
Train,[85.75100735421668],[98.15]
Train,[87.61402053184054],[93.68]
Train,[106.11610196383235],[22.809999999999995]
Train,[60.95607243958317],[79.65]
Train,[104.40973491202426],[128.74]
Train,[104.29662352424633],[69.91]
Train,[101.26291526576824],[110.83]
Train,[105.07693370796135],[17.47]
Train,[106.41153727857052],[87.69]
Train,[32.52765892297039],[78.89]
Train,[87.61424639860029],[120.33]
Train,[52.43704554119955],[93.93]
Train,[104.72389635369434],[83.49]
Train,[104.06318574570227],[74.62]
Train,[104.78138677150737],[126.86]
Train,[105.11173603567065],[58.66]
Train,[107.37168764137546],[114.73999999999998]
Train,[106.89893457359562],[111.8]
Train,[106.2962704993982],[100.01]
Train,[97.05078118358536],[97.66]
Train,[107.20103848477699],[68.86]
Train,[105.17546953314049],[128.97]
Train,[95.6674496799628],[92.45]
Train,[88.65317466184064],[157.05]
Train,[102.71278368792507],[17.590000000000003]
Train,[57.23274591058232],[109.46]
Train,[72.04090185269808],[91.02]
Train,[105.81512862319822],[174.38]
Train,[83.4250329384395],[73.73]
Train,[87.22616573424965],[92.58]
Train,[102.60149930881808],[57.68]
Train,[86.13768670398777],[82.47]
Train,[41.411831757022824],[98.49999999999999]
Train,[89.42410517664912],[108.65999999999998]
Train,[110.524318895907],[92.16]
Train,[103.17189506260829],[39.49000000000001]
Train,[43.69738379966566],[88.64000000000001]
Train,[94.77030585341113],[50.69]
Train,[87.26072962037789],[120.42]
Train,[92.28512960266629],[58.98]
Train,[37.350345570713],[82.23]
Train,[89.93398402582048],[70.23]
Train,[85.94043355882658],[88.51]
Train,[106.8139507004772],[103.04000000000002]
Train,[92.01707726635185],[96.91]
Train,[105.75009899675018],[115.67]
Train,[87.79856013200025],[64.37]
Train,[40.209914943372034],[131.51]
Train,[89.50349627462549],[141.01]
Train,[95.68048839692548],[133.62]
Train,[113.4129367045356],[53.05]
Train,[88.920135076011],[89.98000000000002]
Train,[108.19844826866226],[103.68]
Train,[86.97259183040906],[107.3]
Train,[105.00140836278105],[86.57]
Train,[104.61523834997425],[42.23]
Train,[42.821179260535345],[93.83000000000001]
Train,[107.38205925152477],[68.89]
Train,[105.33754241324134],[94.63]
Train,[58.03525172901626],[93.52999999999999]
Train,[41.38718371050554],[76.07]
Train,[83.14184016439376],[88.8]
Train,[110.79239375672343],[91.16000000000001]
Train,[86.85348801296101],[148.82]
Train,[105.15978952541153],[114.29999999999998]
Train,[109.23405474052988],[90.9]
Train,[105.32165383873188],[176.47]
Train,[104.0408734208144],[69.03]
Train,[105.7624896333163],[29.429999999999996]
Train,[49.581343901366004],[120.45999999999998]
Train,[98.69104044014612],[110.17]
Train,[95.32657549311263],[114.66]
Train,[89.71824276665154],[74.07]
Train,[107.79759316946306],[94.73000000000002]
Train,[82.86892147797491],[77.67]
Train,[68.93384837544092],[81.78]
Train,[78.04415183073382],[76.71]
Train,[104.93885264726116],[106.80999999999999]
Train,[106.258524889903],[97.64]
Train,[108.56695977536803],[65.6]
Train,[107.59626306825916],[86.5]
Train,[79.79534682272842],[122.61999999999999]
Train,[96.56694242176336],[91.12]
Train,[60.464973870219325],[74.09]
Train,[88.24488782479442],[89.49]
Train,[104.23566148587584],[33.77]
Train,[107.04699935898114],[87.13]
Train,[79.0089000162626],[97.89]
Train,[32.60184318272843],[78.7]
Train,[81.96575391382117],[140.11]
Train,[89.13422437221985],[80.84]
Train,[33.54045769640942],[75.3]
Train,[90.15959740654276],[76.01]
Train,[105.77551519773398],[48.84]
Train,[89.93123506413428],[87.69]
Train,[59.028876979386744],[83.03]
Train,[104.67925027822055],[113.0]
Train,[87.71946809472772],[147.23]
Train,[88.079598926032],[45.22]
Train,[104.90881113018882],[172.1]
Train,[84.83245167917846],[112.07999999999998]
Train,[105.98736910330854],[56.449999999999996]
Train,[107.46841104057152],[85.18]
Train,[94.64409244468344],[73.53]
Train,[69.83101700265046],[94.97]
Train,[104.53313767163844],[118.74]
Train,[107.63789657150261],[67.74]
Train,[109.49416774189093],[116.15]
Train,[106.51137097619376],[10.020000000000003]
Train,[84.96828872325071],[119.80000000000001]
Train,[78.29569641468545],[85.05]
Train,[105.15086392232784],[122.73]
Train,[83.93475065600866],[93.2]
Train,[107.10869002410348],[106.6]
Train,[104.0177313431212],[113.53]
Train,[108.20840772472702],[120.56]
Train,[105.30328303225163],[174.67]
Train,[104.20448502355185],[95.03]
Train,[103.1669201918181],[156.08]
Train,[105.77343816003918],[94.95000000000002]
Train,[90.58627308024376],[66.07]
Train,[50.780281594841746],[91.03]
Train,[107.15534203097067],[87.53000000000002]
Train,[106.78667504214502],[110.62]
Train,[45.45354215310651],[131.08]
Train,[105.1406360323441],[38.33]
Train,[105.62253733202658],[21.500000000000004]
Train,[104.43143641954222],[123.12]
Train,[87.15764105967762],[75.66]
Train,[65.20195659822873],[80.18]
Train,[87.65380354552092],[95.66]
Train,[102.3182130253447],[67.97]
Train,[33.32364453298453],[78.63]
Train,[102.25512810222834],[96.1]
Train,[79.0643014596793],[124.68]
Train,[105.5939026584692],[74.16]
Train,[97.72065472215928],[72.85]
Train,[33.08346487424613],[79.92]
Train,[101.17170240806858],[30.26]
Train,[43.10868108887423],[84.12000000000002]
Train,[98.72392449714812],[103.65]
Train,[97.31262903815714],[96.19]
Train,[105.353352803705],[108.17]
Train,[86.75279730623144],[108.61]
Train,[96.7692146321702],[98.35000000000001]
Train,[43.18526384618788],[91.09000000000002]
Train,[32.80766515896578],[95.96]
Train,[88.65156123528018],[50.89]
Train,[54.23309648202988],[90.66]
Train,[95.70661830199184],[93.23]
Train,[107.22158331576766],[85.46]
Train,[103.91991045988952],[69.17]
Train,[107.16970818825976],[66.13]
Train,[108.2245353012502],[81.5]
Train,[107.62834335285369],[103.22]
Train,[107.46665578874438],[117.83]
Train,[84.05159139992246],[61.84]
Train,[44.50594099192859],[95.23]
Train,[102.24557484093263],[27.069999999999993]
Train,[86.44834167879549],[96.03]
Train,[89.01039996729942],[49.699999999999996]
Train,[108.36794550478015],[97.08]
Train,[103.5183746807808],[62.3]
Train,[78.79967843837619],[136.52]
Train,[106.90483601236629],[61.199999999999996]
Train,[75.78119372643076],[61.43]
Train,[105.58953206129607],[35.89000000000001]
Train,[106.35235125585102],[119.38]
Train,[43.93786993494908],[88.04]
Train,[105.16565622002967],[58.29999999999999]
Train,[36.47787597301331],[72.69]
Train,[107.75801117586454],[87.13]
Train,[87.83830884684888],[84.31999999999998]
Train,[105.6400482861882],[110.54000000000002]
Train,[32.50973197106329],[78.69]
Train,[99.33895166918724],[77.76]
Train,[32.452519236086246],[81.02]
Train,[68.17432674756323],[89.73]
Train,[107.72862801775942],[93.68]
Train,[87.64165668642889],[69.44]
Train,[101.34459320942945],[78.68]
Train,[69.93880302252798],[99.45999999999998]
Train,[104.65822535091723],[83.52]
Train,[88.82383097604175],[124.12]
Train,[33.147273104221625],[82.13]
Train,[79.82940417350949],[86.83]
Train,[105.14096934066112],[101.12]
Train,[83.11149192159765],[38.78]
Train,[103.5044011260092],[71.06]
Train,[41.73935896719107],[121.97]
Train,[79.41003001800426],[96.24]
Train,[85.31851825214213],[100.19]
Train,[88.41673956721606],[87.75000000000001]
Train,[77.7970790664986],[82.94]
Train,[108.08377786786747],[97.28]
Train,[85.4511813585829],[107.98999999999998]
Train,[107.82103297536709],[92.83]
Train,[93.53233640019147],[103.96]
Train,[65.34227554871404],[90.95]
Train,[97.20567513616373],[96.45]
Train,[107.56606017424494],[76.6]
Train,[101.0121873793264],[64.26]
Train,[103.05752837222497],[90.31]
Train,[33.14569298715638],[76.45]
Train,[33.53371501931644],[77.08]
Train,[104.29236016789415],[169.04]
Train,[74.77761010735442],[65.65]
Train,[86.31889611119158],[75.53]
Train,[106.58217466600244],[92.05000000000001]
Train,[47.16257911589413],[81.26]
Train,[104.39642926377164],[47.879999999999995]
Train,[32.54914655023839],[57.01]
Train,[84.65515053447557],[116.0]
Train,[111.44564596499194],[77.2]
Train,[104.16248312253173],[95.55]
Train,[87.49848170447298],[59.02]
Train,[103.90552299425877],[94.97]
Train,[102.48998681717879],[58.05]
Train,[39.68729192018032],[96.18]
Train,[90.2653018998044],[110.47]
Train,[90.0219841306071],[80.06]
Train,[104.50458381086887],[165.38]
Train,[96.79203363571716],[74.95]
Train,[82.42196546674074],[96.01]
Train,[105.60965475187258],[82.01]
Train,[87.94072631579762],[66.91]
Train,[105.0478854844812],[125.77]
Train,[68.97825373200597],[83.99]
Train,[105.68912908126137],[176.89]
Train,[56.65511317724483],[113.43000000000002]
Train,[69.55889513296303],[99.8]
Train,[85.4854739341226],[106.64]
Train,[84.29444240374025],[100.93]
Train,[100.37669079832358],[43.36]
Train,[102.83747996905394],[33.99999999999999]
Train,[103.442475082886],[97.58]
Train,[104.24652929329739],[110.8]
Train,[98.05573454879642],[83.61]
Train,[102.72898732768404],[55.06]
Train,[68.87906261904222],[94.72000000000001]
Train,[89.58089201668048],[37.7]
Train,[78.9050977992712],[96.38]
Train,[107.3027105979584],[86.82]
Train,[70.40969684808493],[91.03]
Train,[104.81969540947951],[49.97]
Train,[108.48248003116684],[70.66]
Train,[69.34445038391343],[75.13]
Train,[103.28044669169127],[89.93]
Train,[85.83780330326672],[105.62]
Train,[65.60657896864222],[101.26000000000002]
Train,[98.5833639976178],[68.14]
Train,[40.57511687207006],[93.66]
Train,[61.67467607845657],[90.85999999999999]
Train,[98.44238044784314],[114.16000000000001]
Train,[56.71934746449402],[91.46]
Train,[75.23607361298875],[93.51999999999998]
Train,[67.40002143689115],[85.69]
Train,[46.51144814527352],[88.45]
Train,[88.799155740343],[89.25]
Train,[94.85888835629495],[97.64]
Train,[88.21716030012027],[84.07]
Train,[79.51800238825336],[98.32]
Train,[71.82105857567913],[35.67000000000001]
Train,[105.33754810051228],[49.15]
Train,[104.94705174965165],[65.12]
Train,[107.79759316946306],[97.08]
Train,[92.4556040521375],[91.22999999999999]
Train,[99.57071658466771],[103.29]
Train,[102.76954196728768],[76.14]
Train,[109.243536225025],[88.28]
Train,[103.32750524530643],[114.24]
Train,[107.11464273892427],[107.37]
Train,[104.22844116894836],[122.99000000000001]
Train,[41.93040184931207],[95.59999999999998]
Train,[104.52235271931502],[113.05000000000001]
Train,[104.92482875603967],[103.96]
Train,[87.26062275335164],[96.73000000000002]
Train,[104.80537859422938],[121.65]
Train,[95.06324242043857],[104.23000000000002]
Train,[88.5328989904151],[85.4]
Train,[106.17048812314603],[104.13999999999999]
Train,[107.79700711935001],[59.120000000000005]
Train,[110.46505708963393],[111.81]
Train,[87.75217835790127],[76.56]
Train,[96.25574105367112],[75.67]
Train,[113.172971368913],[106.06]
Train,[48.18448793091091],[76.18]
Train,[70.2979496222742],[79.23]
Train,[87.6806619008284],[77.46]
Train,[57.66927814932371],[99.48000000000002]
Train,[97.20297711534542],[70.42]
Train,[103.21832638857342],[123.96]
Train,[57.29131101903387],[105.96]
Train,[105.98254177021722],[117.19999999999999]
Train,[105.88533881517917],[126.05]
Train,[79.14714944321129],[75.32]
Train,[90.17396158603016],[83.29]
Train,[105.25188798364447],[114.73]
Train,[111.35298919436018],[85.6]
Train,[85.76400202322115],[68.66]
Train,[105.10460918033827],[125.83]
Train,[108.86088421340882],[86.09999999999998]
Train,[78.85010504008292],[95.32]
Train,[105.1607175117523],[176.89]
Train,[97.71550280395279],[101.6]
Train,[96.77300426004902],[102.86]
Train,[103.18897490970419],[90.4]
Train,[110.46572785011536],[113.0]
Train,[85.28471193538243],[105.62]
Train,[74.68935387141075],[97.94]
Train,[110.67168778824461],[73.61]
Train,[104.1175617628071],[68.78]
Train,[64.44020651461936],[94.4]
Train,[88.73189702793573],[91.04]
Train,[98.55018264305328],[95.52]
Train,[104.29835638145853],[128.55]
Train,[102.11448745233469],[74.89]
Train,[44.62812406948431],[78.45]
Train,[105.56737322546005],[73.81]
Train,[88.81722414409222],[82.8]
Train,[104.08429545389204],[76.85]
Train,[94.19973278234214],[91.7]
Train,[73.17508863563968],[92.16]
Train,[84.21894779852043],[93.16000000000001]
Train,[103.61973064963301],[143.14]
Train,[111.74593303163736],[91.72]
Train,[84.4078318872881],[90.93]
Train,[66.07640850964717],[79.14]
Train,[84.78285019372771],[91.37]
Train,[64.89828286974361],[104.5]
Train,[104.55612507374516],[100.99]
Train,[54.52050774380305],[157.63]
Train,[102.978934180019],[46.23]
Train,[108.3257325092459],[97.03000000000002]
Train,[87.726562664373],[95.75]
Train,[95.52546166648888],[82.13]
Train,[103.13912209660458],[75.7]
Train,[97.67376195166695],[72.87]
Train,[93.16322732291964],[89.95]
Train,[105.00080393129356],[80.35]
Train,[50.11877757006347],[96.07]
Train,[105.6616324467804],[175.92000000000002]
Train,[86.52318241033929],[96.79]
Train,[85.25365289991142],[65.57]
Train,[43.30217254697855],[87.11]
Train,[37.84818087847591],[79.36]
Train,[110.8164087842864],[96.58000000000001]
Train,[55.66337043634591],[96.26]
Train,[78.79359059811364],[97.99]
Train,[100.41297085181617],[89.92]
Train,[105.5384059961848],[176.46]
Train,[59.40673994355486],[79.17]
Train,[87.66289116948279],[91.4]
Train,[105.85373401541925],[171.77]
Train,[105.44336492784291],[25.490000000000002]
Train,[104.16045694667987],[120.43]
Train,[34.42721279282376],[79.68]
Train,[104.11333673082679],[99.32000000000001]
Train,[110.48140070312056],[76.89]
Train,[102.54550617316153],[96.56]
Train,[106.53006565029033],[101.70000000000002]
Train,[98.04619146484947],[74.52]
Train,[107.1511941191118],[84.09]
Train,[76.60111424308616],[75.53]
Train,[111.17062070126151],[91.55]
Train,[77.08731563413828],[100.16]
Train,[73.8985729646642],[76.12]
Train,[108.62944872448124],[117.17]
Train,[105.48656187922974],[52.53]
Train,[102.65715431517702],[86.98]
Train,[88.12934945329225],[107.99999999999999]
Train,[87.30762588015641],[92.91]
Train,[105.0161771123029],[46.099999999999994]
Train,[86.6088284978776],[85.68000000000002]
Train,[105.727609218929],[76.46]
Train,[42.59306224391801],[96.6]
Train,[81.80504127860381],[67.22]
Train,[88.08045939472653],[74.08]
Train,[105.37148289068907],[49.71]
Train,[75.01115449346165],[90.47]
Train,[33.208766404580906],[81.14]
Train,[104.22805608468092],[33.72]
Train,[85.23435636414418],[94.94000000000001]
Train,[108.12638731418652],[80.86]
Train,[101.79922813163351],[38.29999999999999]
Train,[108.61462480381168],[112.09000000000002]
Train,[65.31810691576615],[84.17]
Train,[105.27221321929629],[83.45]
Train,[104.76351406120622],[32.510000000000005]
Train,[71.17619810085787],[69.71]
Train,[108.46726508947063],[65.9]
Train,[87.0835401121864],[148.98]
Train,[81.61388722664472],[107.31]
Train,[33.03616171360073],[73.64]
Train,[87.9387204519439],[153.51]
Train,[80.67964485090467],[124.58]
Train,[87.7701233121374],[147.77]
Train,[102.46307958353319],[46.800000000000004]
Train,[112.23314333003128],[110.81]
Train,[85.92286651513079],[105.81]
Train,[87.72794969359393],[80.34]
Train,[72.08829537580249],[59.68000000000001]
Train,[32.56950961193484],[87.96000000000001]
Train,[85.57321224264373],[106.36]
Train,[105.25228411408655],[176.76]
Train,[104.05172144406318],[79.01]
Train,[97.42638778073804],[90.73]
Train,[112.18397601139473],[113.47]
Train,[106.07167747409446],[115.52]
Train,[106.79680554152986],[68.96]
Train,[91.28109661073105],[117.32]
Train,[108.3964426024401],[86.12000000000002]
Train,[107.15437021727638],[83.21]
Train,[98.53103827611466],[94.26]
Train,[104.13655703043993],[17.280000000000005]
Train,[81.62864508665787],[116.42]
Train,[102.76567005185348],[90.29]
Train,[107.08475057314169],[87.34]
Train,[102.87892366979081],[170.67]
Train,[75.6659360015728],[62.6]
Train,[75.04084122821575],[69.56]
Train,[92.60198338295457],[109.49]
Train,[90.69950012406647],[108.87999999999998]
Train,[110.90242796081925],[90.89]
Train,[88.21250707964305],[105.59]
Train,[61.68989950833227],[163.48]
Train,[86.99759108946103],[146.26]
Train,[88.46862825018908],[71.16]
Train,[76.89867811679044],[47.68]
Train,[36.68518363593828],[90.68]
Train,[105.93881872925098],[102.04]
Train,[75.3243931963847],[98.31]
Train,[85.51101242611473],[75.91]
Train,[104.8224552414168],[113.69]
Train,[100.00112935361747],[108.81]
Train,[107.46953056574412],[87.83]
Train,[52.017404082133474],[96.04999999999998]
Train,[107.13220774852594],[82.88]
Train,[88.70604645460773],[51.31]
Train,[74.92671963144903],[101.23]
Train,[40.61354036754209],[98.23]
Train,[108.21411858280598],[82.21]
Train,[55.9787388621268],[111.85999999999999]
Train,[96.58015039072826],[110.25]
Train,[104.64361158799336],[37.88]
Train,[108.41965755390352],[81.22]
Train,[107.16911741456803],[98.66]
Train,[108.01277995986858],[89.06999999999998]
Train,[87.62125068018479],[112.05]
Train,[56.5620368998942],[106.58]
Train,[84.52168096805877],[86.01]
Train,[88.88128670236989],[109.54]
Train,[72.10829665882778],[87.91]
Train,[33.86651733415733],[89.54000000000002]
Train,[106.3923648196442],[118.40000000000002]
Train,[85.95179621797634],[68.05]
Train,[107.81604099135511],[93.13]
Train,[51.94958622106655],[103.94]
Train,[107.87568372297089],[82.79]
Train,[104.56733621686111],[166.29]
Train,[104.53736404070573],[33.81]
Train,[104.94878987376217],[114.22]
Train,[87.53466568691196],[103.3]
Train,[42.99314313941069],[87.42]
Train,[96.05930880031421],[74.68]
Train,[97.81851648378924],[113.77]
Train,[98.25604054216429],[29.10000000000001]
Train,[82.52238112552914],[70.22]
Train,[87.3869403887861],[148.49]
Train,[104.18359153134392],[62.21]
Train,[104.92146240107306],[11.039999999999994]
Train,[106.8139507004772],[102.42]
Train,[79.40297599047845],[77.31]
Train,[108.41965755390352],[80.89]
Train,[84.8489507896969],[103.2]
Train,[80.74762619197259],[89.15]
Train,[107.82560642572473],[92.16]
Train,[100.94422623157398],[48.78]
Train,[77.51994615910034],[97.93]
Train,[107.70099369528702],[99.19]
Train,[103.42646697407656],[104.5]
Train,[105.43549901472589],[177.09999999999997]
Train,[101.13782560245885],[90.44]
Train,[105.56988576856868],[32.91]
Train,[105.81540787250916],[103.11000000000001]
Train,[56.04449674664733],[92.91]
Train,[61.04731554637236],[90.81]
Train,[109.27000410168334],[109.72]
Train,[93.37900345386453],[110.84]
Train,[60.39366602652906],[93.53999999999999]
Train,[85.35957308914834],[107.8]
Train,[105.36383082108209],[46.61]
Train,[111.6205879916161],[95.24000000000001]
Train,[107.94699501052283],[83.13]
Train,[84.20661968884708],[75.12]
Train,[91.4449659865085],[45.49]
Train,[104.55185628036732],[67.37]
Train,[90.32434390190771],[44.67]
Train,[32.51311060163548],[81.05]
Train,[106.50602360181203],[96.39]
Train,[105.61633972147311],[20.279999999999998]
Train,[89.46578160269262],[64.92]
Train,[82.97979735735218],[87.19]
Train,[86.4408761286591],[92.41999999999999]
Train,[103.21417580958355],[80.93]
Train,[87.05952334404738],[112.04]
Train,[105.6178484964621],[53.81]
Train,[104.32667485203454],[36.44]
Train,[106.8139507004772],[105.82]
Train,[102.95939668972873],[34.9]
Train,[106.03958942568696],[21.529999999999998]
Train,[104.53013166942986],[31.640000000000004]
Train,[103.15674784893524],[88.44]
Train,[105.18180841580262],[28.30999999999999]
Train,[108.08544480647969],[92.65000000000002]
Train,[78.6960192951757],[47.34]
Train,[95.83737766194146],[96.70999999999998]
Train,[72.49626442119612],[92.02]
Train,[104.85539283455705],[82.38]
Train,[106.91071681386637],[61.28]
Train,[105.56953335382042],[174.5]
Train,[111.43583414893561],[89.59]
Train,[92.03500829678455],[68.41]
Train,[43.019083988259425],[80.97]
Train,[113.5166535451343],[105.91]
Train,[105.41604941662312],[100.74]
Train,[32.74281615946333],[79.1]
Train,[104.90580179479466],[37.45000000000001]
Train,[107.17959691640532],[124.85]
Train,[107.14327200805391],[107.27]
Train,[66.32931399790957],[80.24]
Train,[72.46769200686207],[88.24]
Train,[102.88089994593867],[100.43]
Train,[104.1136610251439],[99.43]
Train,[88.37356551099771],[122.94]
Train,[49.85988979214727],[78.73]
Train,[77.30213442598313],[97.65]
Train,[77.66049934704246],[85.06]
Train,[98.7705254816064],[68.81]
Train,[87.40160746476562],[94.35000000000001]
Train,[84.6371906958103],[106.85]
Train,[111.15594043957287],[74.56]
Train,[105.75800868453635],[174.29999999999998]
Train,[106.31013454023123],[84.09999999999998]
Train,[110.70443127099303],[91.19]
Train,[105.44746832688952],[49.17]
Train,[38.733965919968355],[78.43]
Train,[88.1122359633795],[46.90999999999999]
Train,[99.26527536736413],[82.06]
Train,[101.88682933092299],[103.28]
Train,[108.29220117084384],[81.8]
Train,[34.69212327071335],[87.27]
Train,[104.26918576743942],[151.88]
Train,[88.57809911395438],[110.66999999999999]
Train,[78.03154126901156],[56.65]
Train,[86.98995683521888],[76.31]
Train,[92.6134785114591],[77.52]
Train,[110.55647078501899],[68.68]
Train,[35.69507058192153],[84.36]
Train,[107.8006199516033],[80.87]
Train,[101.71425565201807],[97.57]
Train,[44.62932454232135],[90.4]
Train,[89.00767834969403],[48.23]
Train,[43.442832152021076],[78.95]
Train,[106.59395280252332],[84.41000000000001]
Train,[107.83185145891777],[82.46]
Train,[105.7401305746328],[98.66]
Train,[78.4491985556871],[95.97]
Train,[105.65238095528602],[176.57]
Train,[87.44683462796684],[84.18]
Train,[107.52792279345422],[97.08999999999999]
Train,[84.3198616952414],[120.60999999999999]
Train,[102.44211611174094],[92.97]
Train,[88.20221704474827],[109.13]
Train,[76.52048626518662],[103.68]
Train,[102.05431309540724],[77.05]
Train,[103.79583475999878],[69.05]
Train,[87.3335897795943],[85.14999999999999]
Train,[59.60532536068591],[115.52]
Train,[60.364049202436156],[96.6]
Train,[104.79771272821984],[123.61]
Train,[85.13753495886932],[86.29]
Train,[87.48170200928573],[100.05]
Test,[32.6638993043395],[77.89]
Test,[78.83433164308514],[94.33]
Test,[89.19583749957643],[125.41]
Test,[68.94849113153164],[85.83]
Test,[111.05503308703516],[92.78]
Test,[58.21448414210532],[59.02]
Test,[85.88512896696281],[98.09]
Test,[36.30468680835347],[94.44]
Test,[108.060587211707],[81.35]
Test,[102.18595659352721],[84.98999999999998]
Test,[97.62150277919181],[71.41]
Test,[35.140752537397226],[90.57]
Test,[80.94267971879064],[97.37]
Test,[85.63296369418792],[123.61]
Test,[58.80002565826969],[82.73]
Test,[105.27199945522432],[26.110000000000003]
Test,[72.40019985480214],[37.21]
Test,[105.60538845342444],[103.23999999999998]
Test,[33.39810337424907],[78.62]
Test,[106.24064273165756],[85.27]
Test,[107.54823706946615],[78.46]
Test,[88.65223309009622],[89.18]
Test,[43.18545935898112],[89.62]
Test,[104.01828641843952],[50.94]
Test,[108.78962282102974],[115.32]
Test,[87.83719648145369],[96.48]
Test,[88.24075737218718],[90.42000000000002]
Test,[96.62009130464189],[106.58999999999999]
Test,[88.97665842959618],[88.28]
Test,[101.09376888374804],[75.38]
Test,[100.37680663243594],[43.25]
Test,[102.09700762228321],[51.72]
Test,[87.09926690790063],[52.81]
Test,[83.40395533762523],[104.87999999999998]
Test,[107.74436598385738],[83.53]
Test,[106.95677916349399],[69.62]
Test,[111.94079803394476],[114.16000000000001]
Test,[107.4492509552625],[99.41]
Test,[88.21449242968815],[50.61]
Test,[57.164581932528904],[92.31]
Test,[32.44793973504055],[89.30000000000001]
Test,[104.8161579860836],[38.18]
Test,[109.4941406552093],[116.02000000000001]
Test,[82.58297905334592],[83.19]
Test,[87.13242304892267],[106.80999999999999]
Test,[84.63854505584786],[92.49000000000001]
Test,[43.992068065322904],[80.47]
Test,[105.24109472863519],[114.13]
Test,[104.20387034942091],[118.69000000000001]
Test,[105.91679998752414],[66.82]
Test,[54.694001589424744],[113.21]
Test,[106.03383274733164],[176.54]
Test,[101.92612559327286],[63.41]
Test,[82.2750306799947],[113.92]
Test,[106.73843585763814],[85.33]
Test,[78.84122289544005],[75.3]
Test,[101.978443793604],[78.1]
Test,[88.05623975789365],[108.47]
Test,[79.3553591819484],[104.73]
Test,[106.8785000170828],[103.32000000000001]
Test,[88.87709026786138],[77.97]
Test,[70.39594559209561],[95.11]
Test,[104.14138921343304],[84.27]
Test,[106.64676700145392],[87.08000000000001]
Test,[106.06971292129491],[67.67]
Test,[105.62009321343466],[107.68]
Test,[106.02761000796657],[173.65]
Test,[108.0840376839771],[98.42]
Test,[102.6152567429348],[47.620000000000005]
Test,[112.00868361210709],[98.80000000000001]
Test,[92.59818346466109],[81.22]
Test,[102.39228366406877],[108.16]
Test,[99.48198333271884],[101.9]
Test,[88.01230935885776],[144.98]
Test,[105.94909474411779],[90.07]
Test,[83.27495543331923],[95.08]
Test,[79.94958317894354],[100.34999999999998]
Test,[87.27233220699038],[94.14]
Test,[103.15041600337882],[105.46]
Test,[79.65840180794403],[95.07]
Test,[106.73239905911224],[86.83]
Test,[101.78424589788696],[95.3]
Test,[62.6124350867136],[86.09999999999998]
Test,[42.70351440021719],[88.39]
Test,[84.6875184702126],[125.27]
Test,[107.50424523821846],[77.99]
Test,[107.81433587963116],[107.46]
Test,[94.94049812664679],[127.45000000000002]
Test,[82.19650018798461],[75.7]
Test,[74.65765917490191],[95.64]
Test,[60.93601907727131],[115.18999999999998]
Test,[33.40836696933544],[82.49]
Test,[107.06606731567376],[78.54]
Test,[86.75936807874373],[93.02]
Test,[107.79754967333952],[96.84]
Test,[105.80425474970468],[100.14000000000001]
Test,[110.67077858540011],[87.44999999999999]
Test,[105.62619812995739],[49.72]
Test,[67.74047792038374],[94.07]
Test,[106.6481364182533],[65.77]
Test,[46.71154166662291],[95.11]
Test,[106.51069469001658],[42.88]
Test,[105.51793171437586],[23.09]
Test,[83.69029858653602],[106.45000000000002]
Test,[107.06804624825622],[87.19]
Test,[108.01275348605743],[92.62]
Test,[109.42745836025202],[91.34]
Test,[107.31528951279981],[90.37]
Test,[74.07001701211361],[77.48]
Test,[87.94503587815679],[70.29]
Test,[87.56452861663995],[104.55]
Test,[98.38126370109516],[89.38000000000001]
Test,[83.39313217177114],[92.52]
Test,[107.38634829391364],[76.88]
Test,[104.41577742129583],[43.129999999999995]
Test,[85.40065648066793],[97.16999999999999]
Test,[36.405358648102414],[120.04]
Test,[88.586829050081],[67.08]
Test,[105.79665422313815],[175.09]
Test,[88.9649195009184],[110.34]
Test,[86.61624729467428],[108.02]
Test,[42.6698028614602],[87.78]
Test,[67.36938246435498],[96.66]
Test,[86.82363194149016],[96.49999999999999]
Test,[35.417852363039955],[119.80000000000001]
Test,[85.51299372174003],[66.9]
Test,[78.74840698930734],[124.05]
Test,[111.09332765075321],[89.46]
Test,[107.76246456238127],[101.23]
Test,[39.31593792094328],[90.81]
Test,[88.58949900418192],[108.69]
Test,[108.71227853002918],[92.36]
Test,[108.23391305778827],[80.29]
Test,[105.3058276081177],[125.82]
Test,[79.69632795889942],[98.55]
Test,[107.98782113760959],[60.25]
Test,[63.217834683662716],[157.75]
Test,[107.7610570019233],[119.74]
Test,[111.69804505388414],[86.36]
Test,[98.24137858938745],[91.27]
Test,[104.48102312654191],[37.77]
Test,[33.684486226426074],[74.84]
Test,[104.10240445033224],[100.21000000000001]
Test,[107.5791008822291],[73.33]
Test,[102.35118777634437],[65.03]
Test,[106.79208422984979],[93.22]
Test,[81.86203862562452],[104.87]
Test,[37.56745572030509],[90.33]
Test,[67.89822802989693],[117.35000000000001]
Test,[58.04321625116619],[113.24]
Test,[101.5362424471362],[87.74000000000001]
Test,[87.37324109385784],[68.21]
Test,[103.74406415897774],[97.23]
Test,[105.02971844716608],[114.30999999999999]
Test,[80.01908182551709],[95.67]
Test,[87.92462126105042],[86.43]
Test,[103.34713002020581],[129.91]
Test,[95.5147122307586],[115.3]
Test,[110.81261928643853],[113.21]
Test,[109.1540003494489],[88.93]
Test,[50.094370449005645],[62.89]
Test,[80.50214081875001],[76.72]
Test,[104.11843089278018],[161.02]
Test,[100.56689540326887],[116.62000000000002]
Test,[107.19714802631988],[117.32]
Test,[107.12903357999703],[69.7]
Test,[110.61660261861846],[112.26]
Test,[101.14011980768622],[121.21000000000001]
Test,[74.2650686007708],[101.94]
Test,[103.06685287423541],[81.75]
Test,[110.79376590973472],[93.1]
Test,[78.94031132646259],[100.66000000000001]
Test,[105.24420952057618],[89.30000000000001]
Test,[54.581756299196876],[92.55]
Test,[69.86699002204406],[98.69]
Test,[105.0039209876729],[121.82]
Test,[107.28890431682555],[79.1]
Test,[107.23168577387311],[131.3]
Test,[85.09426701008665],[98.84]
Test,[107.16102778694719],[86.44]
Test,[40.54390731879533],[86.94]
Test,[105.27229129130045],[174.17]
Test,[108.48728358284015],[83.67000000000002]
Test,[40.60854023805446],[88.59]
Test,[111.69804505388414],[92.51]
Test,[113.12697149933695],[91.42]
Test,[107.03007952318579],[87.53000000000002]
Test,[104.90832882270759],[18.969999999999995]
Test,[69.44122194612063],[78.48]
Test,[103.480521831566],[48.79999999999999]
Test,[107.92506024028587],[126.91999999999999]
Test,[108.68665393998175],[56.57]
Test,[44.74945906755413],[81.84]
Test,[56.189965423446175],[37.29]
Test,[107.82109684316768],[90.91]
Test,[89.33572550688167],[72.74]
Test,[96.19332237411076],[83.91]
Test,[32.73436961721047],[78.58]
Test,[102.99623692712595],[109.17]
Test,[108.57794193569421],[116.75999999999999]
Test,[79.39973232559942],[75.9]
Test,[106.36015977577351],[101.68999999999998]
Test,[32.471140148648374],[78.69]
Test,[91.17856791083999],[65.37]
Test,[107.80407813832814],[95.26]
Test,[85.57157101640784],[96.11]
Test,[87.49780065759221],[90.87000000000002]
Test,[107.3258625066183],[61.11]
Test,[74.37672513704005],[59.74999999999999]
Test,[88.42614158421453],[92.44]
Test,[85.49977311534424],[127.42]
Test,[110.10513844641925],[114.8]
Test,[87.34275694995917],[81.16]
Test,[99.99209977044775],[46.55]
Test,[107.08240799537069],[96.86]
Test,[107.0134314678562],[89.14]
Test,[97.75723530083535],[77.91]
Test,[105.31124442118004],[103.73]
Test,[105.7930267679701],[174.54]
Test,[73.88768433034288],[136.78]
Test,[102.80468395131524],[107.31999999999998]
Test,[105.50736735837727],[99.60999999999999]
Test,[91.15717307424333],[90.45]
Test,[102.48540853435807],[88.61]
Test,[104.41865340153925],[63.04999999999999]
Test,[109.14699737366922],[87.7]
Test,[89.21361897621487],[35.36]
Test,[111.69804505388414],[92.78]
Test,[107.63879642974449],[60.03]
Test,[107.83638196566282],[98.92]
Test,[109.2375955076002],[88.43]
Test,[91.20856508631732],[95.45]
Test,[105.13629581872296],[174.54]
Test,[110.76742717097949],[70.81]
Test,[55.731073128866],[113.11]
Test,[61.00805869736869],[100.65]
Test,[106.88646631334731],[102.99]
Test,[60.01434596833771],[115.3]
Test,[90.51031963136937],[67.47]
Test,[78.76056386085902],[99.25000000000001]
Test,[106.92690352096375],[56.83]
Test,[106.17234776656653],[95.92]
Test,[106.61619161070494],[109.53]
Test,[50.99976462285513],[93.05]
Test,[106.20535389989494],[59.06]
Test,[89.71835733937667],[44.93]
Test,[106.91128532956547],[93.84000000000002]
Test,[104.4447045534622],[69.88]
Test,[84.99533372474255],[94.35000000000001]
Test,[105.83872764804603],[172.14]
Test,[83.46922545773005],[109.98]
Test,[110.31830596007218],[112.98000000000002]
Test,[97.98064920844047],[33.58]
Test,[33.61450022704427],[81.05]
Test,[107.93039547176951],[120.87]
Test,[105.04753310828299],[84.02999999999999]
Test,[81.6855934115267],[74.3]
Test,[88.4421934244118],[95.97]
Test,[73.3908526447211],[92.49000000000001]
Test,[88.67245888689395],[110.81]
Test,[111.43577525616034],[92.35]
Test,[87.31424632904749],[108.65999999999998]
Test,[105.57299811879096],[90.48]
Test,[108.40731934203129],[51.79]
Test,[100.90152880038043],[67.97]
Test,[91.58794864364248],[102.09]
Test,[105.35508162156214],[123.03]
Test,[87.39344285419686],[112.71]
Test,[61.238310145035896],[93.04]
Test,[105.3330301467785],[172.18]
Test,[33.36974963409153],[80.72]
Test,[89.13956196355046],[116.56]
Test,[86.92731168264832],[63.11]
Test,[40.07953261611757],[90.57]
Test,[106.50615029936486],[112.93]
Test,[88.48036111324008],[91.93]
Test,[43.75343054513097],[86.17]
Test,[107.78018903729148],[84.56000000000002]
Test,[107.33055390583584],[65.97]
Test,[107.86319258618472],[86.9]
Test,[86.40836021686383],[70.61]
Test,[85.78171895414356],[120.49]
Test,[87.81034925454387],[89.44999999999999]
Test,[105.92343576194213],[94.85]
Test,[58.11952854450888],[116.12]
Test,[32.85018161247365],[82.35]
Test,[104.2175042743167],[118.9]
Test,[87.88018514528962],[97.22]
Test,[108.0840376839771],[97.35]
Test,[103.58721547024166],[136.5]
Test,[43.914033777928616],[72.77]
Test,[106.00987973926459],[9.380000000000004]
Test,[111.04795019407507],[91.41]
Test,[32.68694673789711],[77.76]
Test,[96.77284457196329],[72.82]
Test,[105.05437951254818],[176.3]
Test,[105.28946184282671],[64.74]
Test,[81.13534240838104],[91.28]
Test,[86.89691452433289],[84.49]
Test,[35.72708158463993],[91.78]
Test,[106.84201863991784],[66.33]
Test,[110.9023776455993],[91.2]
Test,[104.56578422148971],[69.29]
Test,[109.37507371203432],[99.5]
Test,[107.56342655530325],[82.71]
Test,[84.03134202229512],[84.11000000000001]
Test,[103.14605655242951],[29.28]
Test,[58.11863386075819],[80.29]
Test,[33.181699814],[81.69]
Test,[105.43330658662585],[31.85000000000001]
Test,[97.57186438562194],[90.85999999999999]
Test,[105.40141494622802],[41.830000000000005]
Test,[107.80056806469064],[81.81]
Test,[106.31869061515587],[96.29000000000002]
Test,[79.32711754392821],[90.20000000000002]
Test,[100.64348246251765],[130.98]
Test,[107.25186486481263],[59.379999999999995]
Test,[107.22568028212098],[109.84]
Test,[83.20090549468968],[38.34000000000001]
Test,[106.61683068802037],[84.33000000000001]
Test,[106.14690046102064],[60.0]
Test,[106.35522780602673],[128.05]
Test,[58.87817434376898],[63.11]
Test,[82.67716185976913],[108.06]
Test,[101.79268247023417],[21.2]
Test,[105.18619647886285],[43.27]
Test,[102.6386635315017],[102.45]
Test,[105.57903162513152],[176.01]
Test,[108.56475956795236],[111.84999999999998]
Test,[110.55447625735391],[73.29]
Test,[104.1689660630428],[108.51]
Test,[108.54127177658987],[58.4]
Test,[86.22939421364923],[76.58]
Test,[104.92369065187664],[32.92999999999999]
Test,[96.22580582847931],[108.62]
Test,[105.80416511726266],[176.15]
Test,[32.685321491307164],[79.88]
Test,[78.95414893379181],[92.78]
Test,[89.29563680653233],[132.36]
Test,[56.15884026487124],[87.16]
Test,[104.22417942748717],[69.43]
Test,[86.51115164201214],[92.71000000000001]
Test,[102.56851700440376],[93.59]
Test,[102.62795985359708],[99.28]
Test,[102.29726155644826],[130.97]
Test,[60.177428838003955],[157.97]
Test,[103.09879710934722],[97.64]
Test,[89.57903095204837],[90.02]
Test,[75.93832388626323],[94.34]
Test,[106.12730693308988],[104.12999999999998]
Test,[87.810754890066],[93.60000000000001]
Test,[56.272488768030236],[103.97]
Test,[86.45645285595336],[117.91]
Test,[62.724157351779056],[71.0]
Test,[88.98168441379258],[47.28]
Test,[87.17876635676899],[155.16]
Test,[106.98834573282547],[66.79]
Test,[45.88614298827747],[120.04]
Test,[99.43059646305187],[41.43]
Test,[102.88278887169918],[71.62]
Test,[60.00581290956662],[93.72]
Test,[97.84858041687023],[91.89]
Test,[107.41924947216663],[80.26]
Test,[63.42645215402638],[114.17000000000002]
Test,[105.6382210616008],[176.96]
Test,[57.012295721514676],[83.80999999999999]
Test,[83.79715191083874],[104.87]
Test,[87.83542014127158],[129.75]
Test,[87.6509818806906],[109.02]
Test,[56.70727629212574],[113.15]
Test,[88.07846617468446],[150.57]
Test,[78.9285075757432],[95.15999999999998]
Test,[86.27147004147909],[109.13]
Test,[62.20664235944828],[131.42]
Test,[113.12529640796113],[81.22]
Test,[95.69892991057135],[88.7]
Test,[66.69395397473988],[73.43]
Test,[113.48939109157489],[97.19]
Test,[107.28331883666792],[71.68]
Test,[102.06237323928116],[49.11]
Test,[104.26152318619106],[112.73]
Test,[97.57920323150681],[107.09]
Test,[109.02922500922118],[98.54]
Test,[39.5655506551524],[67.07]
Test,[91.31927394018611],[97.51]
Test,[74.90850998840978],[93.28]
Test,[96.69157099257178],[99.3]
Test,[105.0916014368502],[98.19]
Test,[79.24430286862751],[116.87]
Test,[59.109196948158306],[80.01]
Test,[68.52331563022729],[74.85]
Test,[61.183815968327536],[114.06999999999998]
Test,[88.65378771428863],[125.54]
Test,[110.8708761825664],[93.04]
Test,[107.90040739265478],[81.71]
Test,[55.96717410090445],[113.03]
Test,[96.0378569004824],[99.51]
Test,[44.034097787549676],[78.23]
Test,[104.88068301291953],[117.9]
Test,[90.07675192125761],[77.5]
Test,[83.62798695339076],[147.83]
Test,[104.24405925897237],[145.89]
Test,[102.99543385370833],[39.27000000000001]
Test,[88.01481841398315],[125.21000000000001]
Test,[107.83320442645622],[84.03999999999999]
Test,[103.53022385782315],[60.35000000000001]
Test,[105.82213989687352],[54.73]
Test,[61.830416643682874],[94.78]
Test,[86.9535540469644],[110.95]
Test,[67.58354965236192],[75.49]
Test,[105.03678649461379],[130.1]
Test,[105.37561445608365],[107.94]
Test,[107.14705479756257],[111.88]
Test,[104.35990316610344],[110.60000000000001]
Test,[70.37842467691536],[99.72]
Test,[46.10404257185054],[86.43]
Test,[110.28400557507535],[99.04000000000002]
Test,[107.75386126355987],[96.32]
Test,[55.370004031713115],[79.82]
Test,[87.01452862026679],[95.26]
Test,[32.76918651221047],[79.54]
Test,[107.82109684316768],[90.55999999999999]
Test,[83.72443804491903],[104.5]
Test,[89.83656247029984],[103.57]
Test,[105.64104755267232],[39.38]
Test,[105.34234900160516],[172.07999999999998]
Test,[94.57551906260382],[96.26]
Test,[104.90652225819883],[121.07]
Test,[104.73318265977858],[96.46]
Test,[108.01041123708396],[89.88]
Test,[88.27784696286257],[83.09]
Test,[111.15286386850302],[95.82999999999998]
Test,[58.23822376858795],[130.28]
Test,[97.975836007372],[69.94]
Test,[87.28318264026902],[154.68]
Test,[76.12898763643516],[96.9]
Test,[101.65482989811869],[35.81]
Test,[104.78461927277866],[101.43]
Test,[95.29617828324284],[103.23]
Test,[102.49465075328052],[75.34]
Test,[69.0226707752223],[65.01]
Test,[107.8959162954247],[78.22]
Test,[110.49911345846894],[119.64]
Test,[42.645977355949505],[88.65000000000002]
Test,[41.352188802246914],[91.05]
Test,[93.26234629011478],[109.29]
Test,[107.14088901934186],[112.52999999999999]
Test,[104.59949459062634],[37.91]
Test,[95.08357143347449],[92.27000000000001]
Test,[87.886716088295],[119.61]
Test,[106.85131417250552],[124.5]
Test,[71.92082109183279],[90.15]
Test,[110.60648791173574],[91.33]
Test,[103.65247645638819],[56.38000000000001]
Test,[107.14302724586278],[80.48]
Test,[68.71758450322199],[71.62]
Test,[86.29699287093017],[83.92]
Test,[110.66750354137311],[75.69]
Test,[56.546385000365404],[68.07]
Test,[106.76817308540383],[82.87]
Test,[107.08411771960178],[119.93]
Test,[79.73802310785904],[96.96]
Test,[97.83396923913965],[65.23]
Test,[108.07181361995532],[81.83]
Test,[88.69714773711237],[68.97]
Test,[109.25085111905032],[89.82000000000001]
Test,[82.16386731851864],[87.38]
Test,[107.62027916298985],[87.33]
Test,[88.79417198576154],[89.06]
Test,[110.91985082573386],[98.33]
Test,[108.01901013938405],[83.19]
Test,[96.1387874481006],[73.45]
Test,[103.99819165760303],[96.81]
Test,[79.49307112121303],[75.57]
Test,[66.2288846870832],[73.52]
Test,[85.77119272580941],[106.63]
Test,[107.96309263106374],[82.38]
Test,[85.85792880564871],[89.29]
Test,[101.05943037641973],[98.99]
Test,[87.95542263624311],[77.96]
Test,[103.68168595055376],[69.82]
Test,[103.9317144301649],[27.159999999999997]
Test,[102.22224782600324],[63.7]
Test,[88.370788748456],[118.8]
Test,[107.04551826517881],[107.28]
Test,[77.47744225952712],[92.62]
Test,[105.92067836319278],[113.46]
Test,[106.36473456687932],[152.61]
Test,[104.77406381603176],[163.46]
Test,[107.8946108964041],[68.13]
Test,[107.65975255352],[122.44]
Test,[102.27856962384169],[120.03000000000002]
Test,[42.42892856873393],[76.16]
Test,[107.31842823661503],[81.07]
Test,[77.96147092527302],[99.56]
Test,[105.28924510392282],[47.6]
Test,[87.32616320267017],[93.47]
Test,[64.31284639618289],[89.24]
Test,[84.05262068326594],[145.23]
Test,[105.08638774124792],[104.19]
Test,[97.33332685335303],[117.73000000000002]
Test,[100.98968197916167],[29.75]
Test,[47.22442983120529],[82.45]
Test,[85.81044749567305],[86.81]
Test,[91.21696323854684],[134.5]
Test,[105.39274085785219],[176.05]
Test,[85.01728429772085],[85.92]
Test,[88.81169837845127],[93.45]
Test,[104.75349835658892],[21.460000000000008]
Test,[105.68920640880316],[154.7]
Test,[86.2029158112323],[63.77]
Test,[77.07388607275425],[98.7]
Test,[99.95736283509628],[91.39000000000001]
Test,[106.01817519832586],[96.84]
Test,[107.21766148147115],[105.44]
Test,[62.83948797331476],[112.24]
Test,[87.6977313373488],[132.11]
Test,[104.20510266233919],[100.01]
Test,[87.33567118780503],[66.97]
Test,[88.83297642132294],[69.5]
Test,[104.22115639351233],[33.73]
Test,[106.65627936632204],[87.02]
Test,[79.56446664930759],[75.55]
Test,[100.94998900562307],[74.64]
Test,[94.13607327958638],[64.83]
Test,[112.92806274286397],[80.5]
Test,[62.25382826948044],[91.60000000000001]
Test,[66.31140953628986],[94.92]
Test,[86.87438850883727],[79.49]
Test,[106.63989301783411],[87.38]
Test,[109.25085111905032],[90.11999999999999]
Test,[88.04788010877098],[108.87999999999998]
Test,[43.11626646324894],[90.46]
Test,[42.353929901014325],[88.37]
Test,[106.64323428779939],[60.68000000000001]
Test,[75.72779648845847],[89.66999999999999]
Test,[104.0941752690421],[108.5]
Test,[86.98546027433565],[140.19]
Test,[32.66854667592168],[78.16]
Test,[97.15877441527887],[98.82]
Test,[88.47315894195832],[125.51]
Test,[78.47198305349876],[122.90999999999998]
Test,[103.3656152353022],[103.86]
Test,[80.26518983845064],[75.56]
Test,[108.62942866439009],[116.55]
Test,[61.29991263736539],[100.17]
Test,[105.46304197703992],[60.32]
Test,[102.59892457184127],[37.67999999999999]
Test,[32.93929742968109],[111.67]
Test,[33.56013490709335],[79.71]
Test,[80.98405001667959],[81.97]
Test,[84.85897986551929],[77.78]
Test,[109.97975335132435],[89.60000000000001]
Test,[102.65722349190015],[87.06]
Test,[104.30931184854019],[123.48]
Test,[79.47160151289317],[104.36999999999999]
Test,[111.68659296392664],[113.0]
Test,[81.68470495378499],[84.87]
Test,[107.2020776277124],[83.15]
Test,[85.25503624974081],[77.63]
Test,[105.5506888071271],[53.64]
Test,[103.98285153720039],[59.529999999999994]
Test,[105.05896156768391],[102.55]
Test,[101.12631202426736],[116.94]
Test,[44.64575280186287],[92.25]
Test,[69.6705107218431],[65.21]
Test,[102.81135894272708],[113.04]
Test,[105.55668485183368],[174.83]
Test,[40.60062342293002],[94.05000000000001]
Test,[106.80564412392215],[109.58]
Test,[102.48820730917988],[53.480000000000004]
Test,[55.58771410423498],[96.19999999999999]
Test,[87.31702425752862],[96.74]
Test,[73.37688300068214],[40.18]
Test,[43.67750030749965],[89.2]
Test,[102.67049407151424],[147.6]
Test,[88.17395090849602],[109.17]
Test,[106.87223437421882],[123.67]
Test,[101.0856512826463],[32.12]
Test,[102.60682841815799],[76.45]
Test,[107.19689362877665],[87.54]
Test,[104.4198585680471],[124.34]
Test,[109.13422211491068],[90.26]
Test,[107.93928790316465],[88.54999999999998]
Test,[79.34414051531611],[88.76]
Test,[105.43737258661072],[49.37]
Test,[102.50985392782312],[96.48999999999998]
Test,[111.73021305471899],[93.26]
Test,[102.08162396523888],[128.09]
Test,[33.33050999253013],[72.84]
Test,[103.04747830202356],[31.01000000000001]
Test,[106.57153553188814],[103.61]
Test,[104.53797534962862],[84.65]
Test,[105.10443458397523],[110.87]
Test,[33.52612474000526],[78.73]
Test,[105.21000336826869],[77.77]
Test,[83.51151524455479],[124.55000000000001]
Test,[82.94335323125513],[90.9]
Test,[107.17347197233921],[84.84]
Test,[107.67605224384997],[52.82]
Test,[107.32703738350662],[71.51]
Test,[104.63159948862163],[113.35]
Test,[96.82344396427419],[62.31]
Test,[101.2546801079478],[65.14]
Test,[107.28564848563212],[77.41]
Test,[90.42136878653905],[84.76]
Test,[95.48970109352248],[69.53]
Test,[107.53853094191797],[92.36]
Test,[83.80003550606227],[124.23999999999998]
Test,[105.85004144610008],[174.34]
Test,[86.4259731133194],[93.63]
Test,[107.06183694906446],[98.16]
Test,[108.29224544734126],[83.11]
Test,[69.85681483206385],[63.06000000000001]
Test,[105.38732975789932],[122.89]
Test,[105.16364380617148],[59.7]
Test,[85.61276909873807],[102.31]
Test,[60.07125200618595],[113.57]
Test,[112.93983057089785],[115.14]
Test,[103.20317676795563],[130.29]
Test,[37.400581264693606],[71.6]
Test,[106.57570619406827],[114.35]
Test,[101.17175385151967],[30.669999999999995]
Test,[40.47205626481094],[72.35]
Test,[52.24454531749944],[92.82]
Test,[107.13625550114972],[58.15]
Test,[108.0399310194725],[97.86]
Test,[82.23125512558063],[119.02]
Test,[34.78630548281512],[82.16]
Test,[90.37872289608805],[86.98999999999998]
Test,[107.03972695252642],[106.80999999999999]
Test,[85.33308624556945],[115.53]
Test,[112.59597031733975],[122.61999999999999]
Test,[105.6674112246855],[171.96]
Test,[73.65691471990397],[104.19]
Test,[87.65898370471483],[124.98]
Test,[89.0509267616895],[89.43]
Test,[106.18901194959426],[76.25]
Test,[87.56658613385194],[76.19]
Test,[105.75436489368222],[25.99]
Test,[85.25048225864825],[40.07]
Test,[48.12706792191007],[83.92]
Test,[104.78050742748302],[106.25]
Test,[107.15406024687294],[107.63000000000001]
Test,[82.06523648950795],[120.99000000000001]
Test,[98.26880837192907],[103.89]
Test,[98.71277969118938],[84.97]
Test,[74.30935166867498],[75.09]
Test,[32.68225067996601],[93.69]
Test,[111.79076311244236],[84.5]
Test,[102.84476243963873],[46.11]
Test,[106.83859970242004],[82.17]
Test,[93.78294858647561],[109.73]
Test,[104.84205131272205],[26.049999999999994]
Test,[86.84791052445118],[129.06]
Test,[104.79783978056238],[80.08]
Test,[110.35797948081364],[76.04]
Test,[108.66024582838577],[115.88]
Test,[60.07125200618595],[112.65]
Test,[105.85751023834332],[33.85000000000001]
Test,[107.4756950464393],[81.39]
Test,[87.06452614986306],[41.31999999999999]
Test,[93.75443254057762],[102.09]
Test,[83.18944012904294],[73.0]
Test,[105.89095370276372],[40.52]
Test,[33.26558815727755],[78.55]
Test,[105.16285910775241],[170.92]
Test,[75.22281381122787],[81.95]
Test,[87.00094366276225],[92.49000000000001]
Test,[105.24878409148637],[173.14]
Test,[81.47376361965426],[83.84]
Test,[108.10994945388056],[101.55000000000001]
Test,[56.84947242522914],[103.76]
Test,[87.28950880904978],[108.55]
Test,[32.79862813233596],[77.58]
Test,[87.83519270466965],[90.29]
Test,[103.83085270032845],[45.81]
Test,[98.4797462851646],[97.26]
Test,[107.06008434558684],[85.5]
Test,[32.502438410870234],[87.99]
Test,[106.32218311198872],[104.34]
Test,[73.41498565908029],[87.43999999999998]
Test,[105.3157872327948],[25.069999999999993]
Test,[57.95253429755812],[96.26999999999998]
Test,[86.72733095870166],[89.54000000000002]
Test,[105.55020430241133],[113.17]
Test,[101.205184672908],[72.05]
Test,[107.24755995706946],[80.78]
Test,[106.39126876826403],[126.91999999999999]
Test,[90.89625812671622],[101.82]
Test,[108.01275348605743],[90.43000000000002]
Test,[104.00743619625237],[66.87]
Test,[105.00333518946523],[35.69]
Test,[85.39637957510398],[110.1]
Test,[82.68864120509818],[92.05000000000001]
Test,[86.85362029514984],[147.94]
Test,[78.54426255628896],[81.76]
Test,[98.85748011932155],[29.379999999999995]
Test,[87.24469253483822],[78.69]
Test,[87.52994422834084],[103.82]
Test,[56.3083450919258],[94.55]
Test,[80.5229046968946],[123.74]
Test,[87.60062884814987],[124.10000000000001]
Test,[87.15506194359209],[86.59]
Test,[93.38443298054567],[27.649999999999995]
Test,[113.15001281951908],[87.83]
Test,[100.57755123982002],[109.68]
Test,[112.38016953924232],[113.18]
Test,[101.2443702011477],[110.76000000000002]
Test,[107.64702558439546],[84.91999999999999]
Test,[69.73448609302581],[98.26999999999998]
Test,[103.82439653263738],[100.59000000000002]
Test,[73.95135943869343],[108.35]
Test,[107.04608214695624],[86.46]
Test,[62.74058715503969],[118.28]
Test,[106.50599042625727],[100.12999999999998]
Test,[88.65911134604447],[108.18]
Test,[96.93253942400993],[65.12]
Test,[106.3820351982363],[97.40000000000002]
Test,[104.35672340855155],[125.27]
Test,[44.60345728394073],[90.33]
Test,[104.83089832623344],[116.11]
Test,[100.31113661657739],[55.66]
Test,[88.35623644982768],[101.31]
Test,[108.83960528346311],[75.28]
Test,[103.21371810168907],[47.769999999999996]
Test,[97.05059444432905],[109.87000000000002]
Test,[33.42178864020179],[87.7]
Test,[99.60918490062512],[90.38]
Test,[109.46203657817108],[94.05000000000001]
Test,[85.19911473871288],[141.55]
Test,[101.36822431139733],[115.56]
Test,[108.19617074543005],[81.52]
Test,[104.30111471206139],[122.06]
Test,[100.04026300928528],[100.61]
Test,[68.4463129716176],[91.06999999999998]
Test,[79.34870913984794],[95.91000000000001]
Test,[106.98569445940151],[94.69]
Test,[105.13369736538989],[126.07]
Test,[102.69818368543723],[49.86]
Test,[97.10971109488493],[114.13]
Test,[106.11762619207535],[111.9]
Test,[104.86945509533925],[68.82]
Test,[110.75346327719512],[93.53999999999999]
Test,[85.01205848197628],[106.12]
Test,[107.12344317864182],[60.32]
Test,[107.79348665529588],[120.98]
Test,[66.47325960213566],[113.71000000000001]
Test,[106.81390917977383],[100.26]
Test,[81.59397969742244],[124.36]
Test,[103.36406203644404],[117.46]
Test,[90.72604369959315],[66.18]
Test,[106.89678068402003],[108.37]
Test,[61.22273063383945],[93.93]
Test,[101.43630688711937],[50.589999999999996]
Test,[91.60580076742167],[50.72999999999999]
Test,[102.84097856844589],[104.19]
Test,[65.25468351257904],[93.51999999999998]
Test,[107.17747595980454],[94.85999999999999]
Test,[62.551826050896345],[155.86]
Test,[83.09230460685633],[79.81]
Test,[90.61809142923506],[62.56]
Test,[72.27559943142529],[117.6]
Test,[39.159498900349995],[98.48]
Test,[82.27173367670234],[94.13]
Test,[101.20019526880071],[64.54]
Test,[99.44613371780304],[41.58]
Test,[60.37369300430377],[51.25]
Test,[99.38487684620988],[40.38000000000001]
Test,[104.88240657993744],[122.19]
Test,[107.35766809243313],[115.57000000000001]
Test,[83.88220777967605],[103.15]
Test,[107.09758142566389],[111.08]
Test,[86.72794061302005],[124.35]
Test,[88.41953563177631],[48.17]
Test,[102.39347068065712],[46.15]
Test,[39.44676728281629],[96.18]
Test,[101.39082041031865],[111.22]
Test,[113.51611476036715],[83.87]
Test,[108.91533852553896],[117.99]
Test,[104.21426933255847],[115.27000000000001]
Test,[67.51598842436998],[95.44]
Test,[99.33752233123366],[91.43]
Test,[33.18371137273833],[80.7]
Test,[81.94786501877175],[89.51]
Test,[104.67004661053596],[115.37]
Test,[107.55634380310131],[106.79]
Test,[107.09388546926988],[114.44]
Test,[96.49064769002592],[104.19]
Test,[106.00532262244072],[95.06]
Test,[102.70888320825021],[61.99]
Test,[86.86377898481025],[101.92000000000002]
Test,[76.03963797476581],[95.74]
Test,[44.378796775528976],[80.46]
Test,[102.42135320389531],[77.43]
Test,[78.31847786347332],[93.79]
Test,[108.39005168850076],[78.79]
Test,[49.7655635434804],[102.47]
Test,[106.98153900588729],[104.99]
Test,[107.28940993653634],[98.67]
Test,[103.90309093306699],[72.56]
Test,[104.15957161859447],[69.62]
Test,[57.529880398839616],[113.26]
Test,[111.61173667031049],[94.69]
Test,[96.01785403679531],[110.09000000000002]
Test,[108.04331824975932],[97.33]
Test,[102.64779017886457],[60.940000000000005]
Test,[103.4951357573594],[99.16999999999999]
Test,[105.66456275900711],[158.61]
Test,[102.38730965942719],[78.01]
Test,[106.56799296904724],[144.88]
Test,[109.57398209277217],[77.74]
Test,[102.74406846612588],[112.52999999999999]
Test,[32.4592125781428],[83.7]
Test,[105.35761072375203],[100.52]
Test,[113.29560230501937],[113.26]
Test,[107.42827918024753],[85.82]
Test,[101.15004891789162],[50.49]
Test,[80.60213806564472],[75.91]
Test,[48.223887780699904],[91.83000000000001]
Test,[90.02033976356738],[154.54]
Test,[84.8080471427141],[116.89]
Test,[89.14199144191335],[124.38]
Test,[56.74072535102629],[105.67]
Test,[101.84364716566033],[54.73]
Test,[38.09912026672203],[97.2]
Test,[103.36444819026985],[133.66]
Test,[106.81390917977383],[104.46]
Test,[76.02395300366099],[64.88]
Test,[104.08178293740497],[49.44]
Test,[105.44417572389506],[128.57]
Test,[110.66416846986715],[75.53]
Test,[76.62433485437025],[128.25]
Test,[97.30842157719954],[71.65]
Test,[83.0953901306233],[70.08]
Test,[106.71848568824146],[21.529999999999998]
Test,[86.99009593243163],[79.78]
Test,[104.39566629566635],[98.94999999999999]
Test,[104.06898951718019],[117.28000000000002]
Test,[105.8043353948498],[19.650000000000002]
Test,[106.08054779522982],[102.31]
Test,[105.08187898876172],[69.71]
Test,[40.035940295670194],[72.48]
Test,[107.57519927527231],[105.86]
Test,[77.4662493515757],[93.62000000000002]
Test,[102.82764274781097],[117.88]
Test,[103.33311480483896],[76.92]
Test,[102.04341587458782],[95.93]
Test,[104.90972126378139],[36.82000000000001]
Test,[104.7860578256515],[101.52]
Test,[104.88996068034008],[98.68]
Test,[85.96333013406321],[65.56]
Test,[108.98542381108385],[116.40000000000002]
Test,[91.06318803421561],[70.14]
Test,[110.12184762383015],[71.34]
Test,[111.09717432736568],[91.81]
Test,[103.26165802562895],[31.670000000000005]
Test,[99.8273523963966],[42.79]
Test,[90.52070041169543],[104.57999999999998]
Test,[82.40193194579868],[90.85999999999999]
Test,[68.57515332832297],[80.0]
Test,[107.53670228226747],[109.92]
Test,[42.5405883240439],[95.40000000000002]
Test,[36.27607615381745],[77.93]
Test,[105.66298904339652],[62.13000000000001]
Test,[77.10102352024822],[70.48]
Test,[44.678134846391586],[77.68]
Test,[104.97008651965591],[100.77]
Test,[105.37767033275651],[122.34]
Test,[106.15749360161777],[102.21000000000001]
Test,[108.88616077124607],[116.15]
Test,[33.57088406292523],[76.33]
Test,[87.5036293471367],[143.47]
Test,[102.5604280671637],[123.26]
Test,[107.44581567698448],[65.94]
Test,[110.01572891631247],[89.35]
Test,[104.97242174794131],[126.02999999999999]
Test,[86.7817816380834],[89.89999999999999]
